IBR/IBR_outputs/SS_Optim/CoarseFrags_Total/Results/CoarseFrags_Total.asc
NCOLS 160 
NROWS 95 
XLLCORNER 210004.651214014 
YLLCORNER 7350008.22228844 
CELLSIZE 4999.99999999997 
NODATA_value -9999 
[rows 63 to 83 of 95, columns 0 to 45 of 160]
-9999 732.813656600124 726.234861048518 13.6838083438512 27.4445475674671 108.598311581443 171.438684666698 222.30185246527 249.43896683006 272.799625421503 321.21189479731 338.827761625002 336.195560838363 358.540114841805 303.242408181221 208.919102798649 165.923612174356 160.865172618781 186.420044290166 173.39269878931 226.667350220152 499.445746203364 766.822569301743 1067.01076054326 882.828112056776 738.367569367147 698.11833834325 880.735097742727 823.495838451061 1066.5137947532 1124.79742910475 1118.88873983344 1121.27047447814 1065.04868985094 1092.08017667306 1078.99709874089 1024.5675821702 1000.33117465561 1120.97358216827 1121.94977824325 1125.2866400797 1126.33644136989 1123.93758843067 1103.62976207978 1118.01307437841 1125.53547232296
-9999 931.238267525186 780.143677247885 103.145384950774 132.944022570077 148.984282252447 260.575753415884 273.028312691457 377.368622595618 357.843234183016 379.118999998523 431.142982835659 406.015064495814 382.443205488421 391.434340599752 318.57335671888 683.067408048135 493.481944886456 349.550685028693 393.424434917944 987.368247345279 837.372071498144 640.012372744992 748.057108685708 737.632537042669 861.082928346619 1110.94494706015 1105.1319865042 977.88586832615 1036.49968248008 1120.61390557752 1108.39007788041 971.052955091306 868.629811163766 961.167226254875 1076.41098766958 957.26007407986 890.097598523354 1110.38349255846 1123.29728069435 1125.55675468501 1125.01214784608 1124.16230256509 1126.21290610485 1124.03572247498 1126.0432390083
-9999 959.389710854044 737.926061969512 365.983766959965 278.979264609648 220.491813128818 281.283733583633 335.631283820121 451.310655814821 471.29943244868 559.446731125706 604.860864708465 523.769357742731 406.599043246204 502.337252615515 461.130383922183 703.538014647845 523.500642196302 1004.48090254282 974.652335290477 1075.70176070689 1118.17352259225 1005.76190675121 972.998308684418 1067.03626734236 1107.92195291964 1114.57354926583 1120.01418943543 1100.59056339719 1016.8315285947 1097.07703595346 1117.64584785392 1027.70729528969 962.432895524939 1099.2350800003 1118.8325727485 1111.66993893406 979.013084212554 1049.5903555781 1122.46337116547 1125.34884383265 1122.53227855458 1124.13517211294 1126.29216404349 1121.43954950945 1124.74609065982
-9999 902.37077333553 615.116442756624 272.461055916257 244.954605110758 245.140398303802 310.521895537637 406.644219526887 473.101763112679 540.168411560223 759.842518128807 793.921894647418 598.293871397806 504.948821797555 510.518215652792 538.577673223039 501.344669371841 679.229782942573 1074.23161314281 983.410674522393 1009.00760159331 1112.20568773203 1072.45545679112 1101.15031728196 1092.83401232663 968.092400339391 1104.74501736961 1125.91398317698 1118.84647474956 1088.34300726588 1018.74992583023 1076.76402131663 1108.23791813185 1012.5340758867 1112.54292556845 1123.93526084569 1113.60014074364 1092.06787509126 1086.25891843892 1121.22502891792 1123.03625866878 1125.19066325847 1088.31514627148 1112.9388844948 1110.29786313568 1123.10433889146
-9999 838.068629351439 578.827116998309 405.777577675862 309.326005968687 285.337621612547 437.885034596674 475.752006244767 551.681859318056 688.408175073654 902.306142866757 753.410007351597 613.170927586131 595.820274783048 545.414520771737 484.994662917844 466.805407799828 803.905203981023 1030.84589163157 1053.12970397975 1095.29500242236 1060.65239412621 1113.22417996881 1107.19869192571 969.425737375951 973.95286359987 1093.81385363572 1121.91913957217 1115.80540136088 1108.04180437446 973.059105634773 1089.08642943487 1119.49682341066 1123.36880395157 1122.41159766228 1120.88001735191 1091.52075393752 1050.75261503948 1121.53159025027 1113.56056955249 1118.27355961758 1115.60302264169 1110.89785691674 1122.61003582674 1115.88158364543 1109.05240643257
-9999 781.369400377804 824.386100842132 640.091217207581 427.110363913555 345.806261361862 446.70356827915 494.922692424281 724.550708687778 872.491376468548 896.027648615368 603.117517631942 551.824189220962 547.141800388821 517.191609926834 484.435865316873 457.722868901383 798.343595515384 1001.55296895414 1105.84460823025 1095.3288017375 1115.68330926567 1117.25264653615 1123.6142471747 1075.71835101202 1051.2688266818 1101.31692309186 1121.24832630365 1124.7859627583 1091.54025777323 1063.09403408849 1080.28546028492 1122.67970062557 1119.21982260952 1115.02010125784 1121.28448881802 1123.26664647338 1118.59453894976 1125.92344503402 1098.31340734301 1087.93810497122 1082.10050906247 1078.28589243524 1103.43200433418 1120.62525313445 1125.05998667824
-9999 863.574850116796 910.582169809394 705.861680946807 421.540133909139 413.473426005565 386.487640132447 516.435568880779 882.32554238407 905.322570838871 595.442667027037 547.454938887241 526.601694645177 537.535270626131 443.101287615731 426.681388340147 535.545660481142 558.14029444172 922.929192976945 1065.25463364136 1119.81151373647 1122.0573898819 1119.01433884203 1064.17786629759 1114.26193326235 943.066159867432 1103.02003884858 1076.00030570088 1124.97301860615 1114.02969144138 1109.05166435032 1095.42881702594 1122.29219007547 1111.97374525894 1114.35680164105 1121.7962012098 1120.13180247459 1123.40401059219 1124.82535434373 1123.16872688148 1110.70315569529 1082.81399786469 1010.63442636106 991.840023713382 1106.0156294717 1123.92456432434
-9999 852.237408197511 907.781700647235 577.70850155852 400.388529573213 371.310338367271 613.536334670801 816.484368008713 838.465288582438 586.784644657872 622.054323657065 686.04593033753 497.046113622093 473.735048270275 446.991733735082 514.499848058343 788.796592827862 896.004185987106 1079.79016195907 1052.14403660298 1116.54823333479 1121.70877781294 1119.32740927054 1108.77068771428 1122.9263010147 1124.72980619405 1097.13305005008 1082.43423800091 1121.51131828668 1109.32427536594 1115.08929973377 1088.75528255625 1112.14833841804 1118.86377244895 1097.04229559909 1083.05890923907 1104.23774940484 1121.61188055845 1125.21072473002 1123.71321209787 1108.80336695865 1113.47302122472 1060.93340013069 924.572756937767 1005.04859113921 1108.18839935391
-9999 -9999 845.510244406936 854.743921519755 462.98072722773 553.796874717719 816.705024363342 716.9060151576 610.539043170674 618.017858604049 657.768557944108 643.137688482812 531.195525785588 433.30115784538 436.416645593349 549.976137545495 943.678653468244 929.978426957918 1032.00838760061 1093.26505702717 1114.50554802727 1106.84425353854 1117.32901076008 1118.52663943154 1118.43542136768 1123.1902296305 1123.28588764892 1094.04903701182 1094.64237361878 1051.51620610229 1094.02567978685 1111.11251822043 1088.28116491319 1061.17403858255 1106.96900108512 1074.43578133097 1110.05145548555 1122.38409684346 1122.80537480605 1124.8231741119 1123.19616074868 1103.10180885942 1110.93590144189 1000.81994627816 873.004101855526 1010.99305919774
-9999 -9999 692.920570430842 824.907279531335 662.687963293547 664.188747917121 540.697848373111 607.602295196928 632.241642410954 544.752136559004 496.783866511018 578.864844816257 540.739988206056 506.123980099072 417.973882881992 415.99156038617 918.46904477474 799.211725396178 1006.1111966242 1044.8306047526 1057.61894904081 1097.89401567346 1118.1750250699 1083.03487991848 1100.35499399287 1046.71324439334 1124.74056854809 1125.19236625906 1119.75752053005 1110.92317166369 1109.56529345396 1105.83327852707 1050.19169138353 1054.27167615776 1119.68183590155 1116.06528508912 1096.58441338527 1084.62009187611 1091.54832351528 1122.05687410664 1123.61109845106 1121.19360788208 1109.3398782146 1053.0295494713 831.646924863436 821.172024580228
-9999 -9999 537.915751600958 558.922435778193 636.924305770553 593.803162145675 493.055258353742 515.320852269024 495.600094597262 455.024103722802 481.39298624897 501.40808278374 535.546409880996 535.041440025522 535.502091467515 423.283452792211 664.21673932035 928.157871512285 896.083965190216 898.06823580618 1056.52643456959 1098.75934503855 1121.85263165528 1121.73351638719 1125.9686599011 1114.16631835441 1122.16426230441 1123.85722312824 1112.50149940741 1120.80841014964 1122.92218000925 1124.46253592587 1119.94983576089 1050.57595474663 1105.28252273655 1119.82586955041 1117.04862671645 1024.28579352093 877.48661550451 1107.42989993081 1107.90142155942 1076.26947609023 1022.75788651815 913.615418429095 985.439591170158 1108.60049128351
-9999 -9999 -9999 520.829311379641 497.644007696754 465.93835971754 447.479734535385 467.931934076237 509.950953436728 427.939589408609 608.050337241319 496.768404787449 467.110449161733 534.059917869462 578.237879248309 487.628361772176 508.37284668268 839.223012606852 889.105649364268 862.539977746176 861.293370780512 1012.18127937309 1107.5542896415 1125.33438201933 1125.00321260665 1121.21842296271 1125.45229426687 1123.87889975857 1122.5701898808 1121.42133135525 1122.91274561208 1124.56139745767 1123.45715254854 1101.98616862243 1078.10549034957 1117.19556717356 1120.49018623404 1109.92184922416 942.59878191764 1032.20414882395 1105.65543900532 1111.43136999807 1100.29408171173 952.977564061 901.757215449467 929.543157986593
-9999 -9999 -9999 646.111738568452 481.618744212123 652.281769177701 476.326670224063 476.988054650315 433.267120818272 444.250703372908 598.658408754587 554.170758874067 477.259170579667 516.780039642125 601.186702368421 498.380911755028 728.935575143678 598.428269563146 692.995805629923 592.471615978912 791.520832696105 969.443917581474 1119.2989325096 1110.65055472695 1114.78140780203 1125.54973057272 1125.7982429853 1125.58764781899 1124.69435714459 1115.40463235562 1120.26007308825 1119.71984755563 1122.20663063497 1106.43988620858 1088.76563719351 1117.45819918448 1119.67584700193 1109.84053467743 1067.72225061076 1020.65922925321 1021.39299323094 1114.07676906326 1118.98820621862 1116.95507822937 972.178041968506 1002.45861335924
-9999 -9999 -9999 648.573468673063 513.499974924138 484.050597725532 693.368963535074 710.665277804966 350.784949819392 565.237329276562 665.186754527108 809.342417908427 550.689144490086 548.043664655517 605.271154113501 685.513860266316 803.555936230649 624.959704873121 580.951577518388 745.295129485914 731.597513958151 826.665653553191 907.869168294706 1027.33492573268 1111.99880722575 1125.01483297261 1124.44026202415 1123.6783276284 1121.06241965304 1117.9434898418 1118.87104312078 1121.8567325015 1114.4623424517 1120.28329503511 1101.04756578177 1115.90398826528 1120.46275571321 1111.94083155997 1106.94364597729 988.510235701203 873.241663237887 1057.85091883967 1103.89418179297 1110.15866406272 955.046753962907 1074.2627494214
-9999 -9999 -9999 -9999 419.524001480352 488.141927979263 609.280693533897 701.68894357095 616.057553864319 672.149007270563 736.937691327882 684.790673475986 528.809575981911 554.024521281586 604.728070924705 725.197884544813 584.709600001712 624.232229002153 510.968031376959 698.781833817259 638.419265291905 691.566790274385 939.300816343931 1092.80317545564 1112.21819184992 1123.36276636607 1119.1483412575 1112.22812777376 1100.10681695705 1110.57305457447 1110.98036301547 1119.90928775897 1099.45093291342 1120.45941739916 1112.61422168108 1113.55891669716 1120.35762961939 1120.26940170537 1116.92908783826 1092.5026884613 1001.48812665701 1114.82712514604 1117.26031321926 1114.28847921815 1085.52172519982 1006.18359019779
-9999 -9999 -9999 -9999 492.398079518121 551.867086699838 440.286255103191 499.573565570858 538.905188379946 466.993504785743 773.024489492824 636.677582608174 779.333251740203 624.426217429119 613.995276930178 605.597760194399 684.73228438378 746.835520887821 659.510488627755 872.51663681785 682.392877470303 755.179209299787 1050.81820267973 1022.52536376139 1071.34898941585 1105.30806129953 1117.76468686816 1125.15242569932 1095.66795822524 1103.63399141556 1111.89262220098 1115.09080329634 1110.01848949576 1110.73849596453 1123.37929734325 1121.96773167796 1121.166957446 1121.83416041557 1119.22346391793 1115.34191826111 1049.85054447896 1100.05377228932 1119.31006823143 1120.19222233748 1119.13117132115 1087.18350268179
-9999 -9999 -9999 -9999 -9999 497.85618743202 528.503673090434 523.92619507781 453.875720520568 412.881220073039 488.608575585129 611.80852091026 857.598113981433 809.370715578899 541.128052308771 557.898680384679 751.587626430729 574.304539531288 781.584212921396 968.924377075657 815.225412967254 954.865035341449 1007.24233711534 848.674916801907 1023.20647120569 997.927382427005 1082.46266626847 1102.31813066404 1111.08863426454 1097.59570737462 1103.52691198177 1113.91982559033 1114.03864777768 1092.78470947867 1124.2518196459 1123.71187812772 1121.71235312177 1122.7075369399 1120.48599957724 1122.06567452264 1115.16531453896 1061.83581289966 1116.22958466692 1111.01144839513 1119.90772538567 1118.07109677229
-9999 -9999 -9999 -9999 -9999 -9999 567.61337106559 655.447444037654 594.128962449098 543.94445339535 568.921273437416 552.054042614584 572.93770413253 600.071833473536 497.494224830324 519.666824980629 603.905411915296 626.314266094543 697.787367615878 988.784447713583 1011.19029877619 917.996658775559 789.876560915025 731.787357564661 986.051947482646 906.312665780273 872.83612093035 784.422825486066 1086.02914501526 1115.65057336017 1119.87355657359 1093.26296859497 1094.39867537205 1063.23889868174 1115.92761328435 1123.42359097031 1123.53396898373 1122.87527255273 1121.92243655763 1122.6145250739 1121.47418286284 1078.63667372473 950.449436420686 1058.52637825096 1106.47580555136 1116.10413464881
-9999 -9999 -9999 -9999 -9999 -9999 -9999 589.025115476709 604.684270150195 730.354224051613 882.98125598404 708.500374632071 630.274111847447 941.637998189716 842.156943030746 482.449981268058 535.031723534053 622.112052961276 740.50829616734 863.579283554017 1088.65366891381 1070.1003755524 801.740590002621 840.019437909894 1073.75678138378 823.737978105968 617.314915033179 820.261641891082 980.414844001847 1112.15576405815 1103.68195849625 1103.47774544192 1109.53448928071 1092.00679126739 1106.40014044353 1122.92410702966 1122.97794789337 1122.47154056635 1120.41803189748 1121.77912318405 1122.09608100289 1119.33116897203 1102.52161456768 1051.81960817795 1038.74147797351 1086.03062962978
-9999 -9999 -9999 -9999 -9999 -9999 -9999 -9999 444.263678306842 1075.35094507214 901.183621291118 678.809098971305 616.180643033642 803.051954683087 970.219674022038 865.891734121037 642.084305298105 575.139328610434 656.433873974976 749.433299246365 1068.58796677403 1111.96120959196 1112.38377028259 1074.71078640506 1111.13502940816 1008.4634611904 890.983643074636 1039.40753895641 991.941174255179 1020.82426563796 1074.98199888553 1115.60567632364 1092.74295755514 1102.35359969839 1117.63059182935 1121.91369455216 1121.01508659972 1122.50793789196 1118.75445828617 1115.88137741071 1121.79268149361 1120.06497961499 1120.12432058327 1117.89897948843 1109.15975776187 1114.89824345154
-9999 -9999 -9999 -9999 -9999 -9999 -9999 -9999 -9999 1100.63431376635 914.246658006772 843.318850542494 592.051483703824 604.285321685687 817.970299464962 761.592277399989 792.752850570589 577.521495874854 582.404371900643 638.804103303696 670.82884008203 1067.82090002213 1120.23220739663 1120.83211793379 1069.98765845172 1080.36866499918 983.942888917608 1004.81322009298 969.971321308594 1065.96412663791 1104.96923760224 1114.46499804029 1115.44648860641 1101.56677909972 1122.18934780914 1123.69545895296 1114.52652308561 1114.49847565582 1121.69461847045 1108.35137477301 1119.16410461835 1121.14762930593 1121.35356377234 1120.90859125542 1122.99313541714 1123.00217044617
