IBR/IBR_outputs/SS_Optim/CoarseFrags_Total/Results/CoarseFrags_Total.asc
NCOLS 160 
NROWS 95 
XLLCORNER 210004.651214014 
YLLCORNER 7350008.22228844 
CELLSIZE 4999.99999999997 
NODATA_value -9999 
[rows 21 to 41 of 95, columns 92 to 137 of 160]
783.333959799435 1044.13000632664 1082.4099940995 949.621553807677 1070.0329646076 1108.04542548988 1086.4306903245 1085.78308814257 907.605876547579 798.044888611296 682.329279566924 671.472411438597 648.636131601224 525.136897868346 703.303909741312 770.597986374916 520.850152701466 539.038520586382 545.206676807623 592.693945266489 718.068559148965 563.00314634416 534.706828241361 513.86110859021 698.425674515615 702.972222956026 773.514404991955 911.203456427461 853.228200672322 779.311135861593 810.120326167007 674.948285824521 881.635965594606 1118.13485216042 1108.70193407165 1123.93641062377 1061.97527896291 1008.21699662528 1062.84589431062 676.801703388288 468.19255972532 492.110754202461 318.228751818755 510.128185637346 703.704986098237 757.936935129238
918.865829784109 1004.92912993317 934.981419455348 1050.99601119599 1104.15089951702 1102.13948947709 1071.04203446514 1063.22498955774 787.328020272018 1035.05236407949 832.96510031074 850.584506400567 781.769055890739 548.458319257654 758.235394876166 566.752007372208 500.456639770456 738.31508427154 1009.58166158159 702.81615454313 667.047230321652 601.59107061591 512.224383225293 486.262479546431 504.975116591642 717.760633228946 900.378483567414 903.829621947154 613.624991995713 585.444223394054 746.870212626198 727.755644975739 761.088174465666 1097.26641714191 1125.44175384612 895.544120648106 757.283742708136 1010.1666183172 967.53180317697 1016.52631392377 810.315682770457 691.582316668745 705.613323828219 798.622012983851 690.899234668699 530.579751481545
1061.90069992243 1087.79372797495 1017.74188672107 1089.70668828577 1040.18900101671 1105.10954421718 1080.14466448418 1030.43239484349 837.768352312975 1074.00064147822 1056.8823367862 973.379749389214 767.36150914954 569.199752068089 884.432355122604 536.308398719734 563.423875153901 792.490549465573 1082.42807220513 708.994988252602 679.789978189095 694.398728985077 570.394513029605 494.313579098579 650.597534181449 902.142761352829 1024.35478333258 1007.97057094858 862.182875188673 677.867363694667 751.746867380436 738.332102399108 977.710973676652 1095.27048670725 1025.82675989303 848.45221456551 869.529992941867 909.549750552821 937.936698775023 958.858277088271 912.606394391103 730.174071847757 668.654768210008 714.400811751514 762.702439617328 797.600400529221
1091.82198831099 1103.20669881452 1034.80428158523 1085.85276366211 1001.19403437448 1066.8677871207 984.867860687174 907.667138884901 966.168338240055 1037.8885337596 1049.71364953795 889.046289318076 737.439304353282 610.117591234137 866.014270790341 582.441445941693 602.033953535432 832.30564481736 1114.05227024315 1073.90027913593 703.458871689971 707.196908319287 839.101055641048 586.895214162939 808.163066989239 967.088982788336 1067.82996098847 1098.65561137735 1037.90093429978 1001.77216520515 964.885740525529 942.782713446076 1121.53108518085 1113.31292759185 984.819461749873 797.781424336964 761.681531174786 673.507390670785 818.468308894359 741.816775170854 874.619177263559 766.909841418703 759.763648677724 612.525216982113 712.234050922997 511.341965378883
1063.10137311808 930.242736528188 890.85977289711 824.395308354696 996.81349909488 1003.92359631552 986.308835091697 998.579351004156 1095.55970814378 1073.77608141277 1018.83339081018 1016.75609961481 784.260533179092 667.111661063283 894.367810745823 658.774950035467 829.102972235866 947.569405473436 1102.39711950754 1035.80298034106 716.792599423966 805.648751609369 893.083097563592 822.394005932803 1050.20007731937 1042.67545807606 1093.37052107232 1087.68659660937 995.214277671042 1079.5471351987 1064.26125708824 1076.43085664509 1124.66271766577 1126.65832092767 1113.44523660074 878.077894678392 885.144395603927 848.475940706041 953.557818801523 927.306019488648 929.957453230822 906.186822451186 737.865939886091 745.633772811435 736.897913787219 628.506918212685
827.910596097024 957.187292914292 1018.40192771989 1046.71250164509 1104.02135648278 1058.32510486083 1091.80420985638 1107.04407297217 1101.49144295384 1094.45203549239 1080.64920213635 1010.55804940302 763.811157502664 642.321860914917 854.053473643216 796.929519265798 1104.29916877987 1121.58396199788 1119.86738564727 1117.42914656492 900.305256568939 852.463765338681 992.99265973965 970.911530799701 915.186750887499 1087.38270289332 1099.41229376696 1101.25757898127 1067.53304383013 1084.13791286507 1055.87172298794 1113.53194723657 1125.72643872786 1126.52225759121 1125.8412314574 1096.24203112788 973.355852770782 925.118795299513 930.70825283353 975.314104993248 932.477302210371 856.629722535962 757.78163730029 661.675260037883 815.869690656354 781.603955442074
992.196599073369 1085.37584768692 1106.15086569481 1089.69046275216 1096.15405652044 1066.19973875612 1118.69686661228 1109.53764187326 1103.21463469423 1078.64205849796 1000.18462044264 998.678612172052 732.631348761921 657.135522244927 902.379786450945 1063.1152794639 1126.17776932773 1126.47027346358 1125.31824166152 1125.87189155672 1091.80914647906 1112.93550944787 1122.19383171176 1105.7102518403 992.860402187217 1090.96261297296 1080.45886159689 1088.00998708624 1095.28235172755 1118.97135495172 1121.93436171768 1126.15492055206 1124.72989722555 1126.19893518727 1123.59816137714 1121.70174559957 1117.07701071747 1015.75993187805 927.303509218379 969.626984598925 973.274455905761 899.851517796938 776.291297253751 674.084757783477 763.353065989302 900.951930208932
1076.85260048371 1105.61749822378 1111.17690230134 1096.93826260397 1100.65095619856 1111.71900060538 1114.2913030354 1106.82469352403 1105.46497004517 1091.93100981913 965.433288222024 802.396989933 780.622751813362 922.106096796724 965.696841433651 1119.83921042485 1124.64402691878 1122.71758374816 1126.70595001387 1125.75957822492 1125.6305383284 1126.03954214371 1126.4988005706 1125.11337490261 1122.72907802017 1109.22363403479 1110.11717581654 1112.22262721517 1109.59585621907 1112.31707122841 1070.0329250084 1120.91863315579 1126.13124300237 1121.88961877097 1123.32799648401 1122.98231389826 1125.38251956831 1113.04518442545 1050.8580743564 1097.73205536506 1118.95883749206 1120.01299438926 1002.34373245074 684.707520191381 918.883758095937 958.326543590882
975.606585420337 1048.05706119059 1103.08191908601 1096.48201644462 1105.0810464896 1114.86047497448 1124.90611444855 1095.23049309259 1076.49000714059 892.811222976048 922.754215710816 871.629237442196 949.070094382634 956.951990672779 1086.51017454193 1122.92506613691 1125.08845520966 1126.51282561175 1126.34452924614 1125.94675693739 1126.62688246452 1126.47757283242 1126.00855324456 1113.1484951221 1124.12826385747 1115.87229941533 1119.81026487015 1115.27179946986 1112.30785238898 1059.66788092185 1059.64368700684 1087.75928376697 1124.4865606117 1123.98559096524 1125.01578865318 1126.03686093365 1126.55232905201 1126.25421944719 1125.95704087907 1125.93808517835 1125.8831209094 1124.46355709308 957.052126489392 706.217532126728 896.915080044032 963.290449896136
826.242949136107 992.494927762862 999.489473122067 1045.59346744904 1025.31157730352 1117.35660495063 1124.73591531252 1097.12505836139 1078.47001312221 1067.5651040973 926.964956286698 865.95162537678 1073.50088248874 1114.92897052947 1124.28518778256 1126.01321805853 1126.29066950714 1122.48601212156 1126.57590886591 1126.58738511943 1126.60995992801 1126.64363764961 1123.15586128993 1114.28205261107 1125.39033686263 1080.81271164772 1076.08219362158 1089.46811076724 1096.05604571248 1092.58477529459 1099.32627685569 1100.58687063166 1090.55127519513 1089.48846986313 1123.60136428453 1125.53307721192 1126.37141172394 1126.12952730765 1126.60400881156 1126.64140791003 1122.29003564384 1097.38230188747 1043.01395168527 846.429617503289 883.436349880651 964.822022643218
965.341586604632 919.525017417172 916.20185895875 865.698845255134 944.413031852035 1121.35531867997 1124.64693671349 1083.15268751633 1101.94996204158 1113.10540636756 1056.09841299268 1110.82733011054 1125.35883445886 1126.00195640372 1126.5953593051 1125.55730687839 1120.51915046204 1119.20861096712 1126.57418805935 1126.28350948201 1126.69387503182 1126.56208251082 1121.88924052307 1110.1955070363 1123.81180413104 1062.12925900846 988.575915809559 960.609227237879 1040.60789040804 1092.51393181415 1103.58356193955 1091.96513521652 1094.35058794498 1096.03868297697 1105.56097475218 1123.23852865046 1123.95503588767 1124.10746233354 1124.46124424982 1123.49993858216 903.053089523225 1099.31270403648 1097.20512331432 967.952334722324 913.489177761335 915.656849593643
1092.32449517008 1063.83424868803 995.756738145612 991.402176973503 966.851019525382 1106.24348439456 1125.57079342247 1125.26446764558 1126.20606744877 1126.14394502989 1125.12652484828 1126.49241915924 1126.14131307314 1126.01831116955 1125.46153486379 1120.27450061169 1124.58464120009 1125.33255063296 1126.6196036599 1126.35301863351 1126.73490910434 1126.82404481729 1122.94153692267 1105.43137316438 1118.40758449984 1057.67569028125 1100.49668710687 1100.58927499427 1059.2034980107 1002.57241185 1038.58202058667 1084.39298248185 1035.45161288695 1077.33576599725 1109.83070304954 1117.97277749119 1122.88994582343 1121.71841790045 1125.52869382252 1124.2424639717 1111.09459168432 1110.30898013948 1102.66095883856 1058.54330278008 1014.10760568096 889.371052445432
1126.31456144344 1121.01846321303 1053.38225971884 1074.49760168129 1070.1872857501 1121.19692650443 1125.90293839199 1126.56880826735 1126.44577175529 1126.3402512937 1119.1604821029 1124.63478970296 1126.79255909464 1126.10702885706 1125.86405872466 1125.42604058812 1126.30289820459 1126.08347870732 1125.32061149035 1126.71839047793 1126.88255492862 1126.95990593097 1123.77995718361 1112.19393478916 1093.17107680704 1076.26584091682 1101.59679870926 1103.92130433386 1103.98327336771 1090.37819208286 1014.28324368172 1081.36753545862 1056.32639596082 1038.0199702455 1085.50378330482 1108.78436524012 1125.24955969002 1124.97456501211 1123.83462648831 1115.58209175169 1124.40637228347 1117.44216885571 1105.69008006067 1106.29528939543 1080.89207434486 1003.67361638301
1126.44113691887 1071.50825654489 1059.58191592634 1085.88659311577 1116.78962099194 1125.7546523074 1126.68445458396 1126.65702969625 1126.24982530804 1124.70882803481 1100.7736783968 1117.85161317363 1126.5553500054 1126.3824055884 1126.20542645278 1126.84278828431 1126.34693413991 1126.06621052467 1126.20828256406 1126.30715600746 1126.19304283659 1126.82565146153 1126.26505373038 1115.84038497328 1094.21382795646 1095.37054408878 1099.30276239728 1108.10323566057 1092.82407308682 1084.83436969849 1077.7257601188 1092.59748908603 1084.31940003658 1093.4801529013 1060.66673827624 1118.43304426707 1126.50391386463 1124.87377548283 1124.37200863027 1122.55838806386 1125.32341498783 1121.02923880946 1109.35413234142 1105.21663469896 1097.29492659089 1077.29351017093
1115.02617102499 1065.01762030001 1118.22361479075 1115.2645467141 1093.26925705801 1110.86748246653 1125.28253271954 1126.35393459817 1126.71501063865 1123.90786232214 1108.14984234407 1120.02626440358 1126.06456444242 1126.47539962303 1127.00514014919 1126.82196631261 1126.88846689144 1126.72165429792 1125.88456415839 1125.60644908953 1116.22582023881 1122.54914838242 1125.19864210495 1126.53728118191 1119.03524377514 1098.36903767438 1091.25720031704 1106.39347823359 1075.07013378382 1086.19488230648 1090.25593565742 1097.57932875101 1095.68515444794 1073.95047772959 1073.63090185966 1121.34747575508 1123.95515367498 1121.11626979827 1122.83350401168 1126.20012040576 1125.2416587633 1124.52283810894 1114.96700600542 1109.45514665324 1099.29041280714 1091.09001689129
1114.3982231465 1097.48674289105 1105.72995654281 1117.93393574681 1097.84846482049 1083.10120182396 1122.62824009584 1123.59928712714 1126.82719630164 1124.63309403236 1118.35409043915 1126.35901301694 1126.33586057589 1126.06086469721 1126.30971164033 1125.34952169346 1124.75199474885 1125.14083085516 1126.30194779803 1125.39861616925 1125.1487076868 1106.4308461184 1118.73615939168 1124.57741812178 1125.35306606883 1117.12327306069 1075.70417525462 1090.17688981275 1079.58165884823 1104.03102873745 1080.19561444059 1092.78363464614 1044.05853465741 1039.92559748782 1121.9226120066 1126.22683352776 1125.65149459571 1123.30272674997 1125.05547518616 1126.69851970809 1124.52048996883 1123.25985718193 1120.65499887156 1112.36199621593 1103.06671273852 1097.88060490111
1116.2220442757 1111.98576791907 1112.62268272141 1110.19387827559 1112.54325318111 1062.15256494606 1114.37615330022 1119.74980232827 1125.54903134794 1125.61932873132 1126.06803799241 1126.81513565692 1126.90293998492 1126.61670528492 1116.57262294107 1119.03660540467 1103.6556071721 1124.6660537991 1126.0658077295 1124.68396356917 1125.98607546348 1122.19848304614 1123.44660242529 1122.72185600507 1120.30251332896 1121.90069236187 1117.57434723134 1098.48577752147 1082.84253437887 1050.38346908745 1031.47722677471 1048.11519553373 1049.84535102565 1114.06899557624 1126.24206164553 1123.30587423231 1125.42408888753 1123.74297039827 1124.20249954657 1126.57455758736 1125.35108083657 1122.87760639278 1120.87327941842 1120.4683445686 1110.938586907 1117.03135317439
1113.89040319084 1113.64903788763 1116.1486731584 1112.17289224389 1114.56248246201 1109.3549948603 1092.32133254629 1112.87911337704 1118.11028999995 1126.03588516156 1126.45065140641 1126.44876372072 1126.29063980314 1124.10213778777 1116.2761856011 1009.83250136848 1095.75937690671 1116.70855910437 1125.91130399898 1124.82989603736 1124.64640208584 1126.53731208325 1124.69420952886 1116.03974904043 1068.38127557501 928.084040378879 1022.44712944138 1105.83032369609 1112.82126467274 1092.71458436598 1090.52123317851 1069.69040232324 1081.78721453029 1126.05608742404 1125.76502651616 1125.43324234685 1126.67989427032 1125.99106506355 1126.26813413149 1125.94926188778 1124.88210487507 1123.2933127851 1121.22040408024 1120.49265839453 1115.29209741173 1121.47963047239
1113.91754079453 1113.63316919117 1108.95313985551 1114.01497010013 1116.72128577076 1112.55704728947 1106.52127311747 1117.0784697876 1123.60628904853 1126.42972612244 1125.5152301451 1126.26573675888 1125.77311408658 1123.3283181216 1050.37084883163 1091.25695091787 1113.30213017744 1109.44845697668 1103.01025594669 1120.04504760565 1124.62822382722 1126.7771732567 1120.21441811364 972.88457437316 990.175709719569 1006.46822347337 1009.56010126317 1082.3305174494 1112.15217778639 1119.5371923358 1114.67899663688 1113.31330936295 1125.53621046483 1120.15154478572 1125.19960585651 1126.20043060837 1125.56927691939 1122.58973658291 1126.48990444395 1124.76848181679 1098.8898718366 1117.94504726978 1121.17110053612 1121.59490702322 1121.45415786546 1122.42672634867
1035.55907101042 1036.57841247812 1055.0733801445 1097.41258427421 1108.77923092851 1110.48527991132 1101.77255482633 1107.78714633864 1122.92895565646 1125.56647538418 1125.67983077081 1125.66161673488 1126.26127270251 1125.37926032858 1097.19416386844 1092.247211649 1108.50319655378 1111.69759515355 1105.07899414864 1114.480647179 1125.13733759636 1126.51197484927 1112.27042702246 1067.1362732246 939.37916968125 1010.76695251144 1007.15903603673 1092.34536778027 1098.24936586718 1124.103611692 1125.45685467261 1125.30390794677 1125.76153772412 1125.52484255226 1125.00950522256 1125.25372233396 1125.17504306887 1126.2824599323 1122.65748356483 1116.16723642466 1100.87070471963 1097.4092049827 1116.73627830703 1123.80651109965 1108.84177272361 1120.72853194659
1037.83953275887 1004.44601384849 1004.18983221897 1048.93335643964 1079.94044476288 1074.85183934085 1087.61173508298 1105.96867471569 1122.39081337543 1124.61025650507 1126.4866221384 1126.65127876904 1122.02804329266 1126.58044229135 1114.13067853792 1109.49449992662 1107.81734192295 1110.01913649061 1103.15107459389 1103.59164222986 1124.01103459634 1126.14166034472 1123.82241390821 1061.29533892855 917.633447748612 992.093864136836 1078.06201172663 1092.34934248959 1117.62845784222 1126.36315730776 1126.02583931949 1126.38074142986 1126.48436067892 1123.09894521834 1125.85698747707 1124.61752866205 1126.28406450917 1125.949629065 1121.2884274282 1113.53697856988 1073.59230168341 1102.71013199055 1099.40596028962 1077.56029573209 1111.72553392502 1122.14691685082
