IBR/IBR_outputs/SS_Optim/CoarseFrags_Total/Results/CoarseFrags_Total.asc
NCOLS 160 
NROWS 95 
XLLCORNER 210004.651214014 
YLLCORNER 7350008.22228844 
CELLSIZE 4999.99999999997 
NODATA_value -9999 
[rows 21 to 41 of 95, columns 46 to 91 of 160]
-9999 -9999 -9999 -9999 -9999 1113.79980658504 1118.68244859542 1113.82731365692 -9999 -9999 -9999 1088.67658555946 1114.35842486303 1070.23651181253 1115.19808422742 1111.36885978675 1123.8189957076 -9999 -9999 -9999 -9999 -9999 -9999 -9999 -9999 -9999 -9999 -9999 280.89532408466 545.193608701663 748.640317542138 949.166020555584 922.751342122365 542.568158385357 506.367473893153 509.087587509128 564.925440783271 612.331944538455 651.4224539295 649.584717034123 604.89187012966 600.299498036014 618.075286904832 842.266842661723 831.732731393229 779.685153724429
-9999 -9999 -9999 -9999 1109.3755172517 1112.66658030499 1064.03227957737 823.335133042071 709.518023418589 -9999 702.082441556877 1069.10164562145 1115.76410568259 1117.72256940165 1115.27524050068 972.311503228031 833.291719310859 702.053947953225 -9999 -9999 -9999 -9999 -9999 454.076838768768 561.538234456663 415.459200698119 417.86381497247 631.481386051589 488.589089716242 688.307784651446 949.057984522752 905.646824144498 510.972324233479 495.522382480992 505.876169825843 484.88883679709 542.841308363773 605.102243376344 715.785892390675 735.173166283863 761.80893266118 658.65674869361 651.39949713683 789.916263313111 666.509364184137 1032.04791876738
-9999 -9999 598.638232587972 645.407816781969 417.441985138521 515.8207058047 802.888019861656 889.527053109146 1079.99761350769 1113.72784927178 863.490023506899 1031.16263081477 1091.19644571586 1119.2453000474 1044.02241123858 1030.03530150406 991.296112791763 689.448778629768 372.286655468257 377.727262203206 331.368238306808 459.524788984418 534.15580098124 393.237017563549 596.180004322773 579.719701793191 738.843910308495 648.980328258555 678.577996190516 949.726753627992 1075.143117576 909.179621945374 457.097179162855 484.527225157986 494.516973429934 506.153192952925 610.270088052384 586.465627279684 695.590924891962 801.747749426481 968.900992995838 899.946856623362 671.946008202388 1020.54040612184 878.304180553232 839.797995709245
-9999 1012.13525988024 709.367682329424 519.799130822923 662.807634737036 778.260216848983 924.174623087409 1059.05288313213 1071.70875728392 1005.46430075715 519.994966119039 1038.73629521655 1114.74027433102 1025.18925477697 1105.01111958291 843.469581153584 835.470433358049 620.663923372544 587.295396107599 360.696432397735 571.421371709882 628.818127873596 716.931860109241 672.112350438056 649.879259657915 558.315714139082 713.193333096253 585.947484665247 840.774405374818 1110.7087249839 1099.64948106441 696.277631459686 442.542863181213 473.164121394596 497.451770206409 566.696827242168 575.847165746631 616.144481491941 660.710445362827 834.717967599138 566.351618467477 812.766255903001 1082.01536946708 1031.41258735981 836.470477858265 894.558085450053
951.573337552101 771.942314383545 509.901342047078 535.665348047443 732.553548144089 992.217976804916 1117.35069929168 1049.96478374603 1046.75350967691 1049.42311094829 1091.07243216022 1122.05509172965 1075.73459126658 1114.97603458928 1105.19553353677 1116.50204528722 1115.56368893251 476.040507527612 442.347249812178 692.415189508561 608.800941724171 520.852910544671 370.331059544273 318.200761649432 518.103312256025 538.891741722996 695.050083429237 680.856820468647 803.379202938517 981.300033082929 1113.52699691173 964.660015166394 535.940905241181 580.228058759615 656.164393991271 480.430334730774 554.763246205884 620.480328994503 669.550775801892 908.495206773007 565.777651337419 752.985357420456 1005.8060777354 978.159593066207 1064.08818861196 969.197142857813
971.083145998239 751.254481386624 472.970926967423 769.38870996337 1062.12524870663 1027.47503468228 910.143016313578 1009.90681076698 1109.65287730694 1119.77362219904 1117.39144228065 1117.24908353051 1036.9429612657 1111.65002228523 1106.01734980895 754.55092617238 783.027532392127 562.317950942716 428.785303768327 409.327365962677 275.417476726481 385.643018577487 352.619532146513 270.86474764946 419.764213695015 584.195215119791 592.960661494525 930.112260910489 1112.66025725869 1112.46214678021 1125.35759666425 1103.44988951025 604.646844052998 713.993301686905 763.185036963873 674.535493925053 632.417130968655 953.997575075847 807.901813533998 883.283659723596 603.824298257984 695.958178455538 598.764602429189 670.596912076416 1039.92402722929 784.204996576095
1071.48299365401 499.306405379081 346.398393689559 504.468513580503 632.9245549341 681.019959408209 723.17558267077 775.383480140268 1076.23692678892 1086.1611714748 1100.63094710505 1095.80945938275 1111.78042247882 1091.47302216393 1099.6580751059 1121.98465934293 1123.0670254641 1116.65867354877 1118.06565550322 793.403764331875 301.108516190201 850.280379339145 975.501241255492 754.126712518626 564.946353111139 659.365509766194 882.494279615563 1080.61360921318 1124.80568008808 1104.28130753799 1120.06186261869 929.441271125231 697.957370780397 684.557300265702 873.128602688466 938.780216140117 903.675148822366 1068.63828578345 835.194199208766 1016.61480243255 736.332140004667 628.646271838956 751.346993577698 980.358535962227 751.401961965652 876.597816678057
1119.98173930922 1109.51603872896 1026.09489365148 803.892543789966 708.946294946481 632.233691383254 629.562267900661 861.882782649756 1013.93234777796 1117.04579969464 1118.85904200042 1121.40200828162 1125.53516720478 1124.04939958739 1116.78671325724 1122.89528875036 1124.91721477168 1124.34574067408 1112.31938544866 1109.29725611282 884.99567627545 877.077129659337 1085.70317737161 1046.07754366495 946.217141477959 1070.3012660974 1112.02363764671 1113.205153165 1099.04842510491 1064.12130846371 949.840740096419 619.808712894682 687.770547401846 679.716578176172 825.449145389116 797.065743768747 872.222511173172 810.357761233261 1084.90115742031 856.872052396451 835.727942404542 953.347588957351 889.079043408736 670.24151106887 621.499611922177 744.622713141417
1120.00088741564 1120.90755052041 1120.51578579995 1119.45074493466 1092.72654891535 969.110159610827 941.219247845064 1038.23021602036 846.247096325565 1110.37947277208 1122.56020289321 1122.74875739855 1123.34422849659 1118.70366978752 1123.8918823514 1120.31980121537 1101.4140764978 1098.61265430619 1106.36912869443 1080.74665322365 702.212352107803 1073.5016389633 1104.37834150747 1106.47199607917 1044.2114682028 1112.86770894039 1116.74923585421 1048.71200300177 790.27558662529 1099.25794581155 1023.56782976485 985.500681462358 908.868508607122 970.219058965662 1085.06165929269 949.333762065007 753.81555656186 1011.14538178253 957.70833416072 1021.42036435887 931.294905534749 712.199212125378 763.37422653146 702.016394188673 677.542242374331 734.504146759839
1124.19311256933 1125.17413196853 1123.53429185695 1015.39851313864 1004.33582168683 1102.3860913808 1057.63298214864 1029.96130332911 478.977957088127 1045.2808043761 1114.02939668242 1119.27790724913 1122.62082824616 1113.12633105776 1086.41640031466 996.244123174698 1060.29224560265 1121.18816579991 1115.74442467829 1066.86646390393 628.732752561212 536.39823805111 1072.02606993665 1124.18033471151 1113.70232343065 1081.64841531301 1046.65008636718 657.561417495681 921.345603973543 1123.83218994761 1051.18312420447 1096.885733402 1053.64356362304 982.442982345189 939.670953953215 1059.91624038046 1008.76775333175 1027.8568489932 837.67466025979 734.194691271353 917.913781406344 944.432490798968 1059.98586705564 1002.28906005976 930.958087759677 766.562412110061
1123.28207034583 1121.6608159797 1122.62861529216 1120.29558565233 1118.88503474601 1080.21713401651 1121.85226862401 1117.908856397 1054.92501445711 1105.83252498453 1122.3861677851 1122.36100607318 1121.57196118721 1123.69346077099 1085.02592882515 1106.78609559849 1101.41770895949 1124.18240513687 1123.36755592443 1124.21019691848 809.182285473777 1036.04348741222 1120.77555535019 1122.98935858544 1113.98619947788 1093.13028794078 1057.14237050066 681.659451799399 1053.78271302519 1106.27781833547 1089.04720007515 1064.51641319882 1044.98671087871 1102.03203091407 948.794196198128 1072.0166026716 931.891869603568 1076.85946150778 1041.51088823573 730.167213386937 759.343587088797 769.239669048887 1055.02519673858 1097.32309778529 1048.60489110517 920.840713212878
1125.26143207825 1124.49095751157 1122.82694626596 1123.82688327995 1121.6998596485 1124.22490934958 1125.07584313568 1123.34665729388 1119.58271379149 1036.29600671187 1114.73476188343 1124.03102551483 1119.21196819466 1120.00486427761 1066.89013814552 1081.4048083442 1066.03944206277 1123.26898253257 1124.82862410739 1114.51001808167 631.949736074033 1013.29138661491 1097.00400652541 1118.91599594257 1122.61112405402 1121.27674693231 1123.5228246826 932.057458845147 842.925810123802 824.025253073124 989.686595197145 1054.7754752365 1003.19732475527 1012.94737088192 1097.63709023502 1103.99402683987 1092.75947793347 1119.545669749 1060.7855807125 1024.99787201584 1103.34124929412 1110.43737045821 933.330433199158 817.023211758253 817.671194059873 904.0765673774
1123.12395325657 1107.92527423973 1116.03701073281 1121.01687598992 1123.73728080443 1123.04354705226 1112.65042202514 1117.72974673164 1114.23520040649 1116.94563990947 1123.1511014924 1123.44767242932 1125.43788100465 1123.8369362335 1117.70381302133 1110.368057338 1024.55409097482 1123.34805614808 1121.95878855419 1080.80304309011 808.055716843714 568.337225816243 1038.15111096015 1124.56017431128 1123.69787999475 1124.77776740027 1121.58195426906 877.809722918093 586.840461129232 976.128381063084 1100.29304082784 1097.24259701009 1057.88555972421 1086.54436111349 1111.62445672138 1121.05515061448 1114.62289717685 1124.94299101724 1122.55812020785 1113.92448685557 1105.12392791405 915.124848995498 774.663908646541 985.114292394127 981.439626277033 1087.36257504
1120.53774134233 1113.94938761485 1111.64028619835 1103.13176083306 1113.60026117527 1088.70680550417 1069.28105130878 1109.56958785899 1110.29550524297 1122.68912919106 1122.16973223741 1098.73486076794 1121.85247426004 1121.87316610563 1115.228178519 1118.12391769629 1110.18826340178 1109.55771015228 1083.40634489156 452.1231556451 405.823158450761 1063.54401991045 1109.21456796399 1120.33835096175 1121.53215437186 1122.84622691752 1122.38171522855 686.58933448555 424.549879194593 820.720595143456 1047.41652904961 970.092993983024 984.627673327087 1088.44866204171 1117.78611327487 1121.80957480297 1117.08916489216 1125.30494540575 1111.12481723415 1109.2509385458 1046.03782077961 870.746783278587 901.924354196419 1084.08081837945 1095.72243314445 1113.46310223036
1122.81004887973 1123.94000435201 1114.23030213979 1110.11939951683 1112.93544300201 1120.68956454581 1121.3260579233 1101.36587440293 1094.43494327322 1109.54446237244 1111.42369347442 1117.75855308029 1112.7116765284 1119.43683233863 1117.74206931927 1121.5264004602 1123.06222665911 1052.37545059124 466.974005707653 394.10646056398 355.52846125097 1108.66945505048 1119.65680874548 1058.16957000143 914.486163475076 1114.87641502512 1122.96369082335 1086.14238385515 257.521068617873 510.241540658872 853.006641939091 1049.19576125308 1116.02918856828 1120.91855003263 1112.33528435169 1105.59845286105 1116.54540870664 1117.59860032053 1083.20975583544 1052.32168534347 1008.92293412501 952.068348403083 985.301371309692 1087.75902844531 1113.19593030282 1115.33926043952
1124.48505413277 1125.0926165651 1124.65072492303 1121.44881473591 1116.30481039148 1105.7344192536 1106.62859977861 1109.33297111459 1110.99091484198 1102.09464209604 1089.4145701886 1114.89845585973 1106.47950853899 1122.66999359037 1102.92753037164 1110.40655273572 1122.39058887336 1054.74552033796 434.994984867198 696.698441568616 650.882868432835 1119.09212671959 1112.41488521413 1109.125219994 1118.71680613025 1104.68680069567 1111.32750554987 1117.62048712219 987.514856556412 939.502996577575 895.635182502982 1116.72203075347 1124.90537928685 1118.83265133237 1119.02770668038 1104.97305298205 1121.74718537967 1047.57130825572 972.276372303881 1065.87317581926 1059.6632672856 977.692814792151 1068.07636620257 1114.65440236522 1118.03780003485 1108.52164415249
1122.58822110086 1121.89464446513 1121.98775075301 1121.72341884799 1118.31327476831 1101.49927528847 1090.81268568964 1034.24308213107 977.234634898125 991.00860084519 898.094814596348 939.65336546251 1021.4615297076 1095.49115970693 1048.20797606447 1059.90206100628 1118.90315044453 1121.48093671544 1105.15220715008 1100.7652895223 1112.37280435819 1124.68176457648 1124.31436353023 1121.46208739898 1115.18184224113 1121.52285014837 1122.84124413343 1118.70644538469 1118.23343895226 1102.10849137511 1107.22661457982 1090.43625725805 1123.06423357927 1122.28288582368 1114.50177539504 1114.99255662729 1106.83873437793 1040.96399762172 979.706857024925 1067.70905296565 1116.17997086758 1073.27253819503 1074.87648563415 1107.3195680969 1115.12765073342 1108.44575040563
1123.68896680889 1122.38335127719 1119.84218686865 1114.11835633971 1081.93403414953 1021.80277007121 946.236158330476 742.062974628576 681.853864553031 726.749025783922 781.759507760298 784.460524749968 928.828389923905 939.397151710027 952.997115704535 1066.63024592681 1106.31173777196 1120.25863657662 1122.46904067005 1119.85845850381 1119.26913956843 1115.04104296568 1122.75888713267 1117.85995513573 1111.34507220086 1108.2408156196 1122.52074263717 1117.72486921469 1114.71177908672 1115.45393947771 1118.88836510368 1079.17149498523 1115.78115052657 1121.76304804865 1124.43982822655 1110.90556684612 1119.66796087805 1117.53774602279 1103.9705221047 1094.02612498552 1087.11940581139 1056.43282244138 1055.14203676778 1105.80742489361 1114.24911118978 1114.8509760943
1116.74364682386 1103.35735066088 1112.26265401211 1121.62042663905 1115.738895596 1100.42259352716 1023.81186928321 1105.25764684996 1018.20313497754 942.398911371225 940.758507162348 945.074966180563 970.584448055491 1049.9127674586 1069.09539429474 1077.0756515865 1081.05727132759 1090.27844173693 1104.32353168575 1088.66495073151 1081.76955046495 1052.98645999437 1095.42153687825 1104.42272301238 1118.29816031538 1120.58950896857 1118.20505684981 1101.06422342732 1099.06288167569 1117.70516541038 1114.00542573554 1116.2729272877 1121.84078400594 1121.86750550162 1123.0740091083 1116.06201165429 1116.83900308952 1117.24869688056 1116.36727392632 1093.16065183562 1067.99827666083 1007.13598040436 991.0987645097 987.547436985504 1077.06667761025 1109.20727840042
1122.74187477042 1115.94665280283 1067.05673722193 1116.28309230603 1120.39727030628 1111.48549950326 1119.33474941398 1092.1927550877 1063.38856281879 1117.59235142583 1121.96069285126 1118.48816694089 1104.99877435184 1115.97217840603 1110.79484945776 1121.38318163888 1115.93794739582 1116.45868889018 1111.28350460611 1118.3033904407 1118.80675421212 1098.59134379205 1096.52693549735 1098.70891728532 1117.4374337906 1103.22106712733 1113.5716385804 1099.42293000736 1103.65608208248 1114.18263939183 1123.10636343808 1122.00527225197 1122.68762801408 1123.63710046555 1118.87288523628 1088.49382947484 1078.12363291446 1115.07846977673 1109.53550736633 1117.35392224931 1096.84987435573 1073.88689719113 1010.58251912566 982.181461066419 1002.06046725943 1058.72567422157
1107.73423698901 1114.42051777257 1107.52563371095 1107.58792273125 1107.99248263516 1106.51686713946 1115.80699285859 1115.26832960773 1116.83763125117 1116.35674003559 1117.15547222898 1121.02813289114 1125.41357738873 1125.85049079066 1124.11741534962 1114.80326344964 1119.61126719336 1120.25024731308 1120.52294830421 1117.62489716724 1086.23505269411 1110.3566107362 1118.81424690246 1110.78869832888 1103.37088912465 1103.08115871514 1117.55740741055 1113.09938376276 1119.00756799155 1108.06483625905 1121.48339936012 1122.79069394554 1123.56718386969 1121.80070791811 1120.52631889609 1110.96828682998 1082.39378281598 1115.64299178546 1109.44533812336 1113.53109363897 1099.87936594907 1092.51114739581 1010.96256537253 1000.33734565497 996.186481399602 958.9904013529
