IBR/IBR_outputs/all.combrep_1/FireFreq_2000_2008_Total.Spinifex_Total.WeatheringIndex_Total/FireFreq_2000_2008_Total.Spinifex_Total.WeatheringIndex_Total.asc
NCOLS 160 
NROWS 95 
XLLCORNER 210004.651214014 
YLLCORNER 7350008.22228844 
CELLSIZE 4999.99999999997 
NODATA_value -9999 
[rows 42 to 62 of 95, columns 0 to 45 of 160]
-9999 -9999 -9999 -9999 -9999 -9999 -9999 -9999 -9999 -9999 -9999 -9999 -9999 -9999 -9999 -9999 -9999 -9999 -9999 -9999 -9999 16.3324395713552 9.26438270282554 13.0532235853171 15.857412463543 13.3610650518721 13.8329468247591 10.0510812256451 9.70473164127402 11.08581373748 10.2065131482165 12.4981230438452 16.9381541954059 10.4011585134291 7.1414942761126 5.87105818068971 8.78030962244996 9.11414699161826 8.25931251102436 8.28144017064364 9.61335074761315 9.18774865452237 8.56525744164836 6.9302172492275 7.43671571973762 6.75427175520675
-9999 -9999 -9999 -9999 -9999 -9999 -9999 -9999 -9999 -9999 -9999 -9999 -9999 -9999 -9999 -9999 -9999 -9999 16.118254319323 17.2068243361911 17.2739854338335 17.2008860661427 13.219787914059 13.6743069074735 11.0512079856907 5.77013576623145 9.26628367553228 10.5869728554859 11.6301307407672 12.1101945983476 10.4619328319036 11.8975768341349 16.0839269426824 10.23498439361 8.02493785428425 8.06650459663498 8.00572034506167 8.22421470670672 6.7608304308076 8.91602206832964 9.61383945163018 8.71533016812349 9.13767322039697 6.97375287292423 6.86992113229481 6.35536751542095
-9999 -9999 -9999 -9999 -9999 -9999 -9999 -9999 -9999 -9999 -9999 -9999 -9999 -9999 -9999 15.0649814354717 16.4508949772573 15.7177593112343 16.995641405953 17.4267418826115 17.3732504597893 16.0668870303763 6.77462412793195 7.35368141587014 7.34393562325405 6.57148482110338 10.5422738489794 10.3497309519378 10.4288003871573 14.2385287024476 10.508875037817 11.8606836662024 16.7483720349541 9.94801972471566 10.9631609861867 12.1016476034457 12.3631897287639 16.1383670151664 9.00181285665805 7.59632657738648 8.18922433306432 7.95398408364232 6.69096173067976 7.18755571461783 7.19407219646664 8.00405614062631
-9999 -9999 -9999 -9999 -9999 -9999 -9999 -9999 -9999 -9999 -9999 -9999 -9999 10.3265481538324 12.7804395282001 14.0692376169314 13.2102315261428 15.937584409509 15.6164366208171 17.0456517976871 16.693259760311 11.2727978059644 5.97366368365738 7.52011722169484 6.84202762747436 6.35439191589365 10.343554381687 10.228620819253 9.63978562463908 9.32776762508388 8.46712544780872 10.3028563878138 10.5495013048892 8.59551479213272 10.2836910011614 9.87363463448404 11.1041061846259 9.80636461688697 7.36266788855085 11.1618057658844 8.23411828558697 12.8664146179605 7.37704490670416 6.47343784557458 6.17290823181247 6.96339595184759
-9999 -9999 -9999 -9999 -9999 -9999 -9999 -9999 -9999 -9999 -9999 -9999 11.7819668888201 13.8604640537752 16.9143495663606 17.3002090637399 15.4469903550072 5.47043335378819 5.42015331264766 7.72224332913322 7.45282878823837 7.2529788052972 15.7981219224201 16.0596292297543 8.2835310353404 6.15147140620818 12.8051914059456 13.2573913879866 9.61352058946238 7.8819635054747 8.16289817469473 9.05889637822682 9.94186562846077 6.73569780024842 8.0478793053467 8.01088297515199 14.1597895429291 14.3986709008356 12.4538247747577 8.65632391110753 8.09355992271015 8.76595564568153 9.10658820956357 7.57373923083702 7.14512568214127 6.72281846304081
-9999 -9999 -9999 -9999 -9999 -9999 -9999 -9999 -9999 -9999 15.8742785868927 16.1946094149466 15.0508403521095 16.1479596188149 16.7652604473357 17.7278012313512 16.5938728922688 7.58949581851778 4.96132502340652 5.17443448170273 6.26515430610657 6.17287163965497 14.2669300470107 16.3799402513025 13.9470008319557 6.9485357161484 16.1733068266846 19.9885495201947 14.0355563547459 7.73670121694463 7.99525937089892 8.61010917248787 8.5893175115207 6.97402143924634 7.31657463878176 7.21393623858267 8.14491873440594 14.0014484925756 13.5028480298391 6.68370801990274 7.74990270294239 7.11222748183829 8.43623726658883 11.1814483624958 9.72012454261218 8.55462275308266
-9999 -9999 -9999 -9999 -9999 -9999 -9999 -9999 -9999 8.74078388297471 17.0351595918115 16.8473590826369 16.2023109017535 16.1299069198276 16.4754429717981 17.0322822767948 16.3449285847965 14.2635002874125 5.17457189976456 5.26438888300097 6.06465604180341 5.69470461528397 10.7797266209835 16.9489225856395 16.6678490816289 13.1679886439044 12.2042004630096 21.8728045528168 20.0685172395075 10.2795453251199 9.55571694738839 8.43126991008836 6.99818575046236 6.98473538218148 6.9771750999115 7.07679161815419 6.56520624714483 7.62322347631502 12.0374366835741 5.68518767773372 7.11372674830151 7.16242435315228 8.23109144057472 8.15934830231859 9.48928675954325 9.5551549484636
-9999 -9999 -9999 -9999 -9999 -9999 -9999 -9999 -9999 12.0149075912945 16.5414835306626 16.3572448487433 16.1347335488679 16.0857898870301 16.1878166504156 16.3146512818443 16.2488738303857 16.1547128589418 7.59679483341057 5.07026393267688 5.51253196884887 5.83306453451692 8.27684462371534 16.4659014274364 16.909091312489 16.5761337089725 12.054890788201 14.6323337886707 21.2325057333232 10.782917454332 10.1209018963313 8.4266570746076 6.64321011558107 7.49044722257111 6.28433905097636 5.86565734346289 5.71141269419043 5.79701037401025 11.2092357985007 9.80154238480925 10.1962231362978 8.72691548405066 8.89432705463662 8.23262231227204 8.07537347638377 9.27297120730724
-9999 -9999 -9999 -9999 -9999 -9999 -9999 -9999 17.1319208836644 16.6583356177876 16.4468892619014 16.2288808018049 16.1213179576445 16.1013136766913 16.1849197270026 16.2593209174145 16.1070335330978 16.0585424051779 14.6683817778382 6.78818451381169 7.02317258940991 9.42561818986574 9.27407945332532 13.5309863116138 17.5637493281781 17.2947399115405 17.1634726407944 9.71934508953031 11.3768954708577 11.6218777330318 8.37476593473729 6.48444532655505 5.72655665526024 5.77627534796821 5.93569530148662 7.13214912997131 5.33264939368232 6.69773698885862 6.96086553316549 9.67031949074599 7.11140769092634 6.75106330130831 7.96873146620526 7.92959247941543 8.62340193608131 8.54645169821416
-9999 -9999 -9999 -9999 -9999 -9999 -9999 -9999 16.6816423920173 16.5320932544592 16.1463253714696 13.6841862059431 9.44802043494148 14.1503239768017 16.2283125288029 16.2419030426434 16.1136520426328 16.1146029071618 16.2130692092907 16.2065180347625 12.479970725401 8.21508843018262 9.24647107192368 9.13362191951829 19.4201282415593 20.6677787225233 20.2011747178167 15.0638854544833 8.61626218533389 8.12325899180933 7.25650464780176 6.59604379540688 6.13188126287186 6.23810178779301 6.01701636554524 7.8974136417688 5.94121540088722 6.22736444798624 7.6467086685354 8.68333019678047 8.72067380996133 7.18380113839764 8.17528530433173 8.55048967995442 9.18106415763984 8.60250180669233
-9999 -9999 -9999 -9999 -9999 -9999 -9999 16.8420034161864 16.7107482089635 12.9527767571494 12.1489543675949 5.0958688077747 5.76809412848815 5.90874695292082 7.69905954873305 14.3166240983677 16.1796982374771 16.1643149835172 16.4548613484238 16.2942536884581 11.1821043359745 6.82534092275886 7.80684443562596 7.43950925568785 19.4355226024489 19.1988212352584 20.0627278387531 19.9281145566628 8.97098533509069 5.96014594950289 5.02344361902285 6.14697754309672 7.70525495992776 6.07201008803027 5.33949174087357 4.8219651977477 7.90440443179537 5.79167755796797 8.7274571630778 8.85245893377568 7.72244428548007 6.23029973966787 5.86735729640705 8.64224382457937 7.78993444370166 8.84045381113291
-9999 -9999 -9999 -9999 -9999 -9999 17.6172246798616 16.9137233123627 16.5155943727139 10.946119429168 6.99530248555969 5.29239777905704 6.21196857928411 5.96111367774298 5.57238421852732 9.77688836305762 16.1835987598081 16.1489319605772 16.3367864949295 16.2788033956918 11.6673312493541 5.88059716022674 7.32998328053071 6.58623373130481 14.9489516412046 18.174544831451 18.0943635377918 11.6957348329244 6.38228740904782 5.68336390740362 5.53394174703204 6.1496657870326 5.88196110071523 6.74408604375893 4.96085102820806 6.42165050541679 6.5434387730715 8.02908595902493 7.49881028411594 8.86073067181264 6.62785718761884 10.2138145266678 7.74951844641495 8.74837741335235 7.55350578947774 7.4424423232178
-9999 -9999 -9999 -9999 -9999 -9999 17.2744383066677 15.354191800313 16.4715143391363 13.2736506070014 4.76809822105374 4.97921973607252 6.75812315713677 9.63655724556097 9.51783118536594 12.2381085389612 16.6136261867243 16.1881452325794 16.2878061777189 16.1623263505354 8.76679150259083 7.03043892086024 7.98128910305106 10.538669052111 16.8026337373075 17.5399476510977 17.6338523635559 12.762271118073 5.59864180069251 6.54110229055679 5.98767183897539 6.34668934066109 5.11550490588038 4.82649084591253 5.27522164865262 5.68703242097586 5.5252867144783 5.00564837724203 7.12694052418017 7.05860325472589 7.98571591192025 6.76485978698786 7.34980509867523 7.07000421870679 7.20902428388568 7.47426278555603
-9999 -9999 -9999 -9999 -9999 16.3985756631851 16.7803557507386 14.9457314027032 11.3780326484127 7.34255910050348 4.85824024506939 5.02550960723599 11.7110656537031 16.2345608102164 16.3583408545657 16.8243497924417 17.2407501012564 16.208024816106 16.1268397571992 16.1566631658776 12.4314471356639 11.0410944024287 10.9478568439763 15.6897226459798 18.2475585293077 16.9050491583289 17.0266520127797 10.456603372431 6.15886855198814 6.6941115767241 7.5281952926701 6.55585463608726 5.5411666283049 7.20920694987179 5.10463006731312 5.2269878897803 6.01714726575903 6.74745610875375 7.21629280292267 6.90247544865295 7.94967308161885 7.66303540834625 7.54006670014469 6.08775153246793 6.92298078291134 7.45156005727633
-9999 -9999 -9999 -9999 -9999 17.3407566095062 16.6919921052316 15.0999467461577 9.41999287939773 5.94799674700309 5.11929473890403 5.11248665253429 7.3759904846926 14.8683246237263 16.4223833978968 16.7576971101546 17.8661950413945 16.3638002317164 16.2614884054813 16.2257127712198 16.7846393303745 18.0157587592816 17.5505323254452 17.4887955871091 17.9551868864241 17.6140024426307 16.5830329656974 7.95449425210585 5.91275178342796 5.99697731881571 5.73192628209792 7.19044128668776 7.27367504124955 6.20627679620311 5.46201702680437 6.11452645957319 6.96764257637982 6.70770114211697 5.68366601760631 7.45886488678683 8.46620650068037 9.18228541257881 6.81217924406364 4.41190592459818 3.48493305786794 5.94490533309012
-9999 -9999 -9999 -9999 -9999 17.0891934127711 14.4193481521988 14.1159401875665 6.01425466331854 6.34338415907401 6.09648189869847 4.93292178141678 5.98305271984542 10.5212432139427 16.3721757360469 16.362785216425 16.6024539340508 16.4486332220293 16.4065831313784 16.2918060432431 16.4846184212494 17.3523004969088 17.1183992685156 16.8057877353344 16.8936823265671 17.0565292971358 10.3106044749199 5.76256229950084 5.62129574789602 5.84995896797638 4.35798080152996 5.04683639691894 5.79622233777455 6.11411583977122 5.84725606148136 5.29773001987646 4.91561017961253 5.29145259984244 5.13226826076321 6.74491622757103 6.92414607265098 7.10248206777645 6.55089935712666 6.56644643886812 5.94505098563253 5.9049713916919
-9999 -9999 -9999 -9999 -9999 16.913693423381 15.4534207437622 5.78681707361083 6.43034545008154 6.45474369343652 5.93010899025923 5.3185583594169 6.12659608625385 10.3178485735066 16.1996775146051 16.2344717838358 16.3211716269021 16.3348384646499 16.3345693297392 16.2126802454582 16.1465956613692 16.3069983572447 12.5943275198995 9.7590147070735 6.1598408689597 7.14407905352062 5.26538569562761 5.12462969646603 6.55230347803535 6.24555218570064 6.00143047885721 5.4317325470403 5.40834122058213 5.4616583494967 5.17551777681507 6.40344351591987 4.85291833378009 4.68980737376098 5.82742601168281 6.39577905137343 7.1655641741347 6.71024949209661 6.32920151744749 5.26751312414363 5.97733107714806 7.53468465209742
-9999 -9999 -9999 -9999 -9999 16.7793331579827 14.0270561540503 5.92610807241287 7.3876938389328 8.23888037714384 12.3174500584229 14.946589629779 15.1061517173235 16.1332945951955 16.2218018490294 17.3122061535766 17.3638233062654 17.2617140871545 16.2999988312542 16.128440230892 15.9943078422872 15.2687592214994 6.46758686368566 7.95436910804007 6.08326384334988 5.52968399239212 7.95906106828483 5.8576725676973 6.45166700427648 7.16846521650104 7.46086314117512 5.6442676230085 5.49308887714104 5.72703662748842 4.80523265239398 5.93990632278271 6.29183306920808 5.56421883854788 6.99067537850873 5.10020665901125 5.67968226900553 10.1192492739576 5.90737701172802 6.47266686048741 6.58799343548574 6.79833917447684
-9999 -9999 -9999 -9999 -9999 16.7725277947361 11.9221043896732 4.85921462928832 11.8002135753817 16.1929426347843 16.3294622060048 16.3789812153016 16.4961470734981 16.3124082916203 16.3051149675573 16.7071853431199 16.9594293000639 16.7927250451935 16.4058379978514 16.2346727866522 15.9974902269534 12.2298740358903 7.28983773886532 8.20167879900163 5.08584207432042 9.88168035210962 6.21180289590087 6.71770897350813 5.92360752899437 7.98338728960834 8.12005772179569 7.00756206497598 5.38443323272822 3.87381293890625 4.2775244592103 5.79759116689082 6.99757494154446 7.30632024784105 6.51717075277333 7.40649598765014 8.05068384317031 8.04118234605424 8.94931158599614 7.44424931144356 6.11712500196601 5.55664899648292
-9999 -9999 -9999 -9999 -9999 12.4861625699388 5.0895809362694 6.02118134465909 10.547402850209 14.0743770249072 16.3750283445639 16.2594876405117 16.4789450376752 16.1960866286021 16.2972136308565 16.7597865022935 16.4456001256755 16.4969651435211 16.425212882351 16.4513430955826 16.0796928123128 16.4103638001593 8.03759389541943 7.28151497496246 7.63577692431578 7.0046693888389 5.1167697733307 7.79567353659523 6.09240102947764 7.0783723190637 7.47154613272574 4.83133179462603 3.02846218850843 2.47112507046764 4.05013875065245 4.4351749412356 6.99398274968936 7.66742396981894 6.67154593851541 9.43057567093964 8.2985222947691 6.80195119974824 7.57137916355283 9.64760971929068 5.89602928053633 5.41133620985392
-9999 -9999 -9999 -9999 -9999 11.1976066130936 5.47138450636888 7.34569784662557 9.42182000426798 11.0526386913669 11.4846805736485 14.451024293841 15.7657003119779 15.8334378728483 16.0665042780281 16.2944207831516 16.3050193913872 16.2446476547701 16.1905890297826 16.1961840156242 16.0446625090481 16.4030948261275 12.9841616009057 8.55373423398971 12.0877291754402 8.41788004419174 11.61548974221 7.34354979993058 3.52096569571891 6.12080801599933 6.48554893725011 3.4575218804673 2.43371774229644 3.48858431504124 3.45290138872484 4.81887324788163 7.31017171103329 7.53155868019751 7.20839365623549 7.98716134044091 7.81581449494407 7.29069945526903 6.8706734214025 7.75856508827081 6.67853340664792 5.58048275209712
