IBR/IBR_outputs/all.combrep_1/FireFreq_2000_2008_Total.Spinifex_Total.WeatheringIndex_Total/FireFreq_2000_2008_Total.Spinifex_Total.WeatheringIndex_Total.asc
NCOLS 160 
NROWS 95 
XLLCORNER 210004.651214014 
YLLCORNER 7350008.22228844 
CELLSIZE 4999.99999999997 
NODATA_value -9999 
[rows 63 to 83 of 95, columns 0 to 45 of 160]
-9999 -9999 -9999 -9999 -9999 6.37684494644534 5.2876188342413 5.55715670158245 6.70771011135072 6.91363984777318 8.5429380429513 7.11112383334266 7.78308504580867 14.5131105204369 15.8217233056232 16.1089705518439 16.1543377646847 16.1906114922571 16.0483075572554 16.0727178239411 16.0121175713109 16.1866681269986 16.5629807949126 17.0524783049816 16.4312631306185 16.2419097736419 16.3468818702302 12.9978341318961 8.1591313081299 5.62112685345663 6.54231391396334 5.19259425932177 3.03879183505249 5.36424356139316 3.89383977060784 5.55216893072074 7.60850680595209 6.57955503917775 5.62772073051019 5.93215178987117 6.97871874195509 5.61941816124645 7.37890079155912 7.00486125883321 7.85564278672033 5.56373720394248
-9999 -9999 -9999 -9999 -9999 9.41918749773695 6.43232780985386 7.88349737887173 6.80781255577864 7.41622803252318 6.36417066686326 6.69900188474111 6.03239868614554 9.86871106655651 15.8194942394958 16.0522215125267 8.97951304015139 8.85811909517957 9.64924937477981 10.5461504271853 6.84873029944514 8.35176447317692 13.7236040003033 15.4749415744633 14.0143609346346 10.7196123224173 6.04759438732649 6.27530747336594 5.95914062121906 6.39474391088674 5.99166659600915 5.34347293058708 5.34962142737871 5.55727038225469 6.59189120879769 10.1070413101756 10.1618577864764 6.66207530245964 5.27831866707073 7.31103020085777 8.11413924064099 8.18140708626306 6.95535303843135 7.02947794445809 8.09048416733857 6.30475443114811
-9999 -9999 -9999 -9999 -9999 8.75849937483427 8.64349594614731 7.48701116945701 7.04734987167803 6.55144157066543 6.73442663049177 6.78962056832068 6.34208433155476 5.49868415266834 14.3730388378719 13.3929108803313 4.52408689497432 4.18079167040504 4.24434015009399 6.78478791403687 5.01409417217798 3.91042062808895 8.9681198478709 12.8752346247394 6.90673851509855 5.42520009266938 4.12512193233756 3.26923219731179 3.71612461927805 6.05828972921581 6.5212782479599 5.52212300480482 5.78656507759395 6.45128688343455 5.65254851733038 2.76408931715718 5.58671848578518 15.7138798064709 7.99701934001341 7.35140836795471 9.28665786630873 7.64220104411505 6.94498515227293 10.5377087178755 8.26016530069625 7.3556323849904
-9999 -9999 -9999 -9999 -9999 7.65868282980826 9.21219975828915 6.48399754866373 7.28637525839136 8.69633640552227 8.24672449984062 6.64084628351265 5.95042324362726 4.69691255957268 7.61478724434072 12.3493476887162 5.0603090242912 4.94643644662046 4.77316169997454 6.19490339922752 5.86897252505375 5.08418051204744 7.30557465471076 7.55631633874317 6.39091717665686 7.40191362091522 4.90148722193624 4.90574321610313 3.50447773689502 4.77614847692742 6.29965560577875 6.39689604153357 5.73407423111788 6.49244215859549 4.49408768457979 2.12526167843787 4.1455794452766 7.51494411768505 6.11579465047121 7.19472162349678 7.86474439579056 7.29477767369439 6.41612973628882 6.86303781476264 7.95598077588175 5.28740695495845
-9999 -9999 -9999 -9999 -9999 7.59019983204203 9.09873032523437 7.9531769884192 8.01913779951901 9.83427407293514 5.21249130941324 5.20384536320934 5.07086828121453 3.98809001666271 5.3999720411345 5.38431042180578 5.2833981395807 5.36339999459759 6.34906715895647 6.60035446752469 5.67913732290655 9.04080657374982 6.15481503184335 5.67878993322263 5.50569817297363 6.50828897218173 6.6431878481867 5.85003555382884 4.40887124772582 4.70055641574916 5.80559694344932 5.53845470878451 5.82188742096977 5.47256265513078 4.70394895989681 3.55734072600363 4.68809224747163 5.94081853374091 3.65393831547136 5.99880121056777 7.23784639382588 7.10741975686038 6.08812445681912 7.26667973974076 7.2273275751816 6.86114376890708
-9999 -9999 -9999 -9999 -9999 7.6306786483891 7.26124266270099 6.94253306418647 8.37016247810845 8.23399837574504 6.16961107504047 7.08343961077008 5.88950618493782 5.30024193071168 4.57033999734444 5.2619433503728 6.14138657337557 5.80564219739735 7.70211777913366 6.7226583048683 6.31634814864782 5.51391988868132 5.61972946590781 7.33479685967188 5.05008586913702 5.40792978999518 6.47585514244209 6.57224146644032 3.99893440129579 5.65773851954606 5.95701127756363 4.91585206190969 3.03779930580316 2.51989208376278 5.14565026990958 4.47680698508196 2.91643354130457 3.518034128916 1.5628534208965 4.76178937495606 9.83244841181801 11.3399636994448 12.5942910036515 12.0368276072418 12.6478539832546 10.7826572641162
-9999 -9999 -9999 -9999 -9999 7.07983831195776 7.82849578853527 5.0963787784598 6.2759313445065 6.09385685589203 5.18435660786309 7.37625992633155 6.14102806856039 5.71608114050318 4.76137007429507 4.0148289002498 5.87298932373896 6.09448092629336 5.09194852104944 6.3688539210565 6.01078158521204 5.32926481407927 6.19107430634153 13.088123551067 7.56496935776245 6.96747372619584 5.04364273828326 5.16368410836693 3.90932399886463 4.65008737946511 5.17275452414914 4.87318329370385 5.20491682835596 3.21122151992174 2.69443086088306 3.80193933732899 4.5118350099523 2.6528765275459 2.36534568480748 3.79290053671089 7.96581968507654 14.7152806759518 16.4025498010387 16.1855109453987 17.0719142903687 15.1739775537941
-9999 -9999 -9999 -9999 -9999 6.34673739224581 7.23643612187547 6.95689768254089 5.1141139738103 4.35386370127953 5.55018192729615 8.74017037150015 8.85371160478917 5.76416336204242 5.56870630892995 4.10124541534334 5.19988911035005 5.98378808385639 6.31703621659084 7.16835238046692 6.64637680771631 5.35238615070802 6.97392949016028 6.82660324439503 6.0446906072647 8.71491815755692 10.962192934638 5.09160809637193 4.36270304670384 5.26213508001331 9.06970525477793 4.99502125918579 5.85466354499198 5.58124830060442 5.04710209175521 6.02487119570979 6.34043677747917 4.65443745056379 3.37572666994614 7.19962964832516 14.0499888336959 10.0427849296455 16.1869140856223 16.2568105003839 16.2650227495181 16.6092963618359
-9999 -9999 -9999 -9999 -9999 5.37734756286894 5.09610385529553 4.86346456888074 4.8789109989621 7.31218712966963 6.1976193890173 5.14002631486218 5.27402882313864 5.5110665975968 5.715693194475 4.94611196272777 8.49642960872059 7.09721462931068 9.23825920192343 11.9963029865719 8.22431474956363 4.61048271423505 4.42794786881458 5.876905338877 7.65897307776261 16.1973201295908 16.7319050059376 7.57640229519565 6.38293048808163 5.5746968036698 14.151016134355 4.8994480854078 4.51458371305986 6.51190441812461 6.4948437823554 6.48823022492275 7.67936226589279 4.59973426452985 4.42665559304491 4.28832849844746 5.86044930813619 11.4276251912135 15.4472292057361 16.2444650815786 16.3199744384365 16.1900385166476
-9999 -9999 -9999 -9999 -9999 5.75583786139169 5.32800922041559 4.80006717260255 5.03380364502577 8.37511259563511 5.49165757760363 4.84100598775239 5.00046603365089 5.63199887074697 5.82465283797057 4.22596487887346 9.05927526173996 7.38151234983015 9.26256877907739 17.2791031010604 11.2149031790136 4.78340824949192 3.62552734302631 6.38863505626125 14.0163314964013 16.0029440811036 17.1832082624035 13.6359152663317 12.5767347077261 9.63529699697305 15.078252636921 7.38608054526269 2.65365194992031 9.29511858399235 7.06248766997494 7.02302286950386 16.23311621845 13.9786100425681 11.6581374605753 7.32226815928999 5.49509889309884 7.86814766890175 15.2396771851448 15.7879074635703 16.3452403405057 16.2278170442486
-9999 -9999 -9999 -9999 -9999 7.90420580468813 5.01308873171614 4.82641129748227 4.92994653813717 12.8098537811144 6.28329821846722 5.58990591994159 5.06259259732709 5.74004971960406 5.16166322956161 4.21989568627582 5.66150495991814 16.2827504827667 16.259085914197 15.5667386476294 10.3798540439335 7.53740475384115 5.33322619564155 12.5177395359628 16.6025666159351 15.8093105308593 15.5506942344763 15.9220782298049 15.0938412440075 13.7815879450016 11.4101143377081 10.7155839857586 6.63904657009273 8.27676535255484 13.924315993482 6.96082764279323 6.59101364585533 14.566481903589 16.1806521726608 7.83560026377563 8.32589426823735 14.3254991523562 16.2508648869929 16.0362770777482 15.9196484312444 15.3721651307965
-9999 -9999 -9999 -9999 -9999 5.66841939879435 6.53189930965291 6.51533317669438 9.10920069909275 8.23836326018944 12.8096569505236 5.5487281939929 4.95859960383628 5.47842873952764 4.6794825522901 5.46810541359854 4.33028922558791 9.72165494721907 16.6438006452356 16.5046267964935 15.5991384022107 16.1713595450951 16.1952269133217 15.3617625711085 15.9521844872046 15.2575802063671 14.6816510865625 14.1140904682715 14.9003090990618 13.0446657340746 11.4613062384856 13.011709196446 8.51075679146149 12.0170141895013 18.5996444524322 8.57535378656867 7.32077017291178 9.00525557840167 16.3404716952157 14.0980902359515 10.5500325390233 7.20627540381247 15.7024887011711 16.1087049879902 16.2047436834516 15.9144512973577
-9999 -9999 -9999 -9999 -9999 15.6967073835253 13.5210274904698 15.0138984819405 16.9238426688295 14.9239466738993 16.0873268387783 7.99837442358419 5.08190689701825 5.39999063638335 5.14202435580941 5.4508451412742 5.63207015541458 5.9221882144025 13.19259084904 15.9287916761522 16.3390151348772 16.6745409111929 17.3217489934033 16.3589300320435 14.7449501103725 14.3393162138037 13.662285565067 13.5050207296939 13.955895229946 13.9626490105428 13.4358747477255 14.1251172227699 10.8991772486192 12.3378780247331 14.4148855296228 7.55335101864761 6.2820292758048 7.27425633416071 12.2852311227828 17.845231755088 15.3441198067445 7.71219633063032 7.38201989697803 14.7902198080068 16.2207482668904 15.954534839465
-9999 -9999 -9999 -9999 -9999 16.3399500833608 17.5469857769399 16.5906123312271 16.9393075769301 16.2538142992962 16.173297665058 10.4836310464678 5.57646960978358 6.6145200260825 5.51175806579673 14.7518749586461 8.87797203917744 5.25696758694723 5.77229862635941 13.1189750272697 16.4008735017886 16.4201111551655 16.2598333021289 16.375760716743 15.5012753876843 14.1755125996343 13.8656117784319 13.983721961494 14.0711802969669 14.1146644810234 13.5630298579584 10.9664093670308 10.6350968683093 8.77329705439665 11.4529749298401 8.05980934166663 6.08282402552041 7.56912180427543 7.88647259722689 15.5244108503267 16.9854980846919 19.0690360020859 10.8633168898789 12.459318709192 16.4405297377967 15.8803712643205
-9999 -9999 -9999 -9999 -9999 16.4207880303477 16.5346303577524 16.3955691888281 16.15875409676 16.2953879932036 16.8948620910057 14.19995430927 7.5606037791117 6.66024385891451 5.54974042120295 16.4111057036784 8.06240065407149 6.99032966823314 7.95731376923393 8.10871315265822 13.5830024955655 16.2271188587908 15.6194242812881 15.2279504979738 16.33590788178 15.1439324262294 14.7967947234476 14.885627759817 15.6390497968382 14.4392228661307 13.4004272623933 9.73431428988569 13.1764772096373 9.12479625214748 7.48428038596819 6.67527419465599 6.13882866148634 6.25232178128695 12.9381913682317 11.0859081729374 17.4299014891729 14.1804984342998 13.2454270721285 13.7955833190708 16.8344216697069 16.0858086201756
-9999 -9999 -9999 -9999 -9999 14.1595540608345 12.7491232934081 15.2486472118205 17.3799826409223 16.4138606936671 16.5308128467279 16.6575273521556 15.8324652108054 5.89089316439334 7.02066371941276 11.3442293580153 8.92595470258544 7.54521836937115 15.6110155466517 15.1821111182255 9.34436189143808 14.2445583005941 15.934861848733 15.9755621112529 16.3011476638613 16.2803376820903 15.6174800619849 14.0293990393319 15.6316435460957 14.5937166118973 13.4566752898623 9.50196517252068 11.1820062589221 11.065547971976 6.70119620337508 4.54202348134043 7.0592902806469 7.38656523622285 13.2301533034633 12.4523498402479 13.1050158279747 16.8686652320549 14.0977441533768 12.9370302812966 16.5246535605824 16.5353695227193
-9999 -9999 -9999 -9999 -9999 6.70619128217797 7.72060678286084 8.46156665707508 12.8399861315759 16.6098607714875 15.221676782949 12.4058317735182 16.4658467821929 6.85848247010707 6.21693985989489 5.61298937759123 7.68383563075699 11.2252827368273 15.0040763142174 15.6416015471338 15.6853904041224 14.5547053488939 15.2125470239846 15.6477939428348 15.9440532220382 16.2286684374435 16.1662544391222 15.1461553348507 14.8950329072117 15.7557534433405 13.5081333652893 13.3096977330953 15.0588334875091 12.4173721561577 5.48526067920618 4.39850146162511 6.66801102329793 8.01095536341266 14.5054759817403 17.7562323791092 11.6847929221463 15.3830283237407 14.8558888133062 16.4499499350729 14.847739130068 16.7394497081888
-9999 -9999 -9999 -9999 -9999 -9999 16.9969211502206 15.9003478393192 12.0903229126964 13.828922992874 8.50236023391785 7.9371812223147 13.0864575274805 10.1911767167711 7.69360591258091 5.31872429608316 5.07125260617878 8.48340788303775 14.7678792896951 15.3224705074441 16.2005610036686 16.2444745505424 15.8081959461329 15.9229161454583 16.2608719481081 15.9509820031557 16.0189681681957 16.1618845690334 15.5196793863531 16.5697599592135 14.6235708718896 14.2977445464462 16.576995389089 16.7334423948859 8.34483500138294 6.37715387966122 6.64855332790175 10.89443440343 17.7454201636309 17.9512322222497 15.7571013445503 14.7354507323065 14.1220478541604 16.9073293239491 13.0142547911606 14.474031555545
-9999 -9999 -9999 -9999 -9999 -9999 -9999 16.338270312349 9.5567494078097 7.56507206111226 13.9349041421181 16.3242342244198 16.4440711846057 16.0357255221154 11.686530509012 6.93767807861604 8.5677652461811 11.3541594926624 15.8067123121461 15.1485495410598 15.5625629408574 16.0706092292886 15.9589512596721 15.8413850124886 15.4229276246523 15.949335026417 15.6606103591781 15.575765018089 14.7580508845576 15.2407731746932 16.8086025247874 16.611296274466 16.366700732659 16.277090734425 13.6997300940121 6.04752367990225 7.1283448468898 12.6425815896343 17.0619498496059 17.5673409575402 15.4440774658267 15.3267142007054 16.7347336912279 15.5566908695238 14.5591161702274 14.9555122716707
-9999 -9999 -9999 -9999 -9999 -9999 -9999 -9999 5.93151187079047 8.76595643135781 16.2964499934577 16.2239792853983 16.2073419873955 16.5202434413398 16.605171667881 13.3453532748733 13.2590547247094 6.49685678286828 15.308083803701 15.7138044100969 15.156605917492 14.3343655436505 14.3260450982953 15.0078497783995 15.8103553058096 15.1209146352829 16.1583428356409 15.6484800377475 15.770923220058 15.7714374970192 16.9155265848286 17.5290134389724 16.8213378422032 16.598630698381 16.3551716142944 10.3587797452322 11.5770539459168 11.1658958790793 16.7193159713387 16.9635539948736 16.1980755714776 15.7977967388191 14.9606760714334 16.0969966905368 16.7282016664464 14.8020472495225
-9999 -9999 -9999 -9999 -9999 -9999 -9999 -9999 -9999 15.0722508781053 16.3250117254228 16.0814283022629 16.0733253873349 16.3670940027325 16.5984462898671 16.2532772265671 14.7951957375707 5.19908846922719 4.74329106056564 8.39288571728169 15.5094494370118 14.8216832286135 14.044440257184 14.2828248453455 15.8085620857043 14.9413126568139 16.0069996926668 16.0332172448294 15.7043513861687 14.8482740103643 16.0835245879285 17.2354986769062 16.9789647019042 16.4088883792164 16.2489760489243 16.2194865631337 16.7495026398947 15.5272161615764 16.6112375139122 16.7246445906414 16.6524660183443 15.9105507635814 15.3837969823382 15.3592078365671 16.7632461444984 15.8484571564536
