0,19.3251492106067,19.1593643853456,21.3082885015928,24.6564300943924,24.9129428132611,27.9065378041459,23.4390245929047,52.0330995072232,56.0024782198009,79.165248110081,54.357253118642,51.5167606297183,52.848575967491,44.9511251513829,45.8235983646966,47.6642892483485,51.9326034727068,50.286686795606,46.1561286312111,31.5876158295623,33.9792243114383,31.9562405480026,59.4456359629722,86.9822481511994,99.5337728973872,52.8334647440372,51.9389951310545,46.6739685646583,46.733504540325,44.1160246073499,48.8468643012339,56.7324197610503,37.8018681457967,48.0659253298074,46.5922289997174,57.7340729315437,61.8050443411788,62.0391236874457,64.080621389715,63.0036809033654,63.2421435097758,63.1906196879017,62.8328540029967,68.5882276980396,69.2447781399374,77.4122771687674,68.1409842074741,76.8499763801817,69.15046532693,69.6968210856191,35.9410234687873,34.1864075314286,36.1266144372324,36.9593724323149,37.4936880123005,35.3632310170899,34.2410105621324,26.5300368764058,29.4415921034094,28.9194120125907,28.7779416058207,29.7513335033901,87.972782877898,34.9796122750169,41.3905180176191,71.7453650136998,72.2198529625777,70.9674686796185,67.4010621513503,65.5262387301983,63.6492320252834,70.1792366233988,68.0724461347405,63.9001194123,39.7830349797139,41.6734492377982,47.4922110285527,33.4176047065923,33.9890077479269,45.3234923957971
19.3251492106067,0,20.8560290719873,18.8208052376624,19.6695475017386,25.0947555281347,27.4734069183872,21.6934736061536,50.9004300187514,54.8732184639809,78.8780886847252,53.2444973954053,50.3984207419934,51.7265740484061,44.797440896792,45.6335536862735,47.0734856451722,51.3543609476249,49.6864154462964,45.5899168760873,31.5100744129991,33.9399757995015,31.9205951476633,58.9620298392313,86.7657956188595,99.3071929052686,52.1990000955871,51.3506439119616,46.5681103044282,45.6401534048689,43.0192396708239,47.7511790869324,56.5136712122844,37.8048450545759,47.8627011683081,46.3926836085069,56.6379411961746,61.5392134055122,61.775041570288,63.8149234211925,62.7244768109514,62.9625024642697,62.9094064963964,62.5513201591439,68.3100335758598,68.9705187370911,77.1353376296725,67.8650580396288,76.5734833532521,68.873789441904,69.4244138121345,35.5419120306431,33.7997651183666,35.7537536222547,36.5038091183308,37.2365438504263,35.0960169718593,33.949518004752,26.605255987624,29.4552988475616,28.9968906090153,28.8646891958376,29.9331677394488,87.2802991814739,34.0105141524728,40.6323347562304,71.4918907038919,71.9678125201249,70.7147663569716,67.1475532700742,65.2383031694275,63.3612825146609,69.8977135958418,67.7915681863751,63.6064471925744,39.2856457350175,41.1954649381634,47.2030532725809,33.1674253182268,34.2752047591,44.154892018717
19.1593643853456,20.8560290719873,0,25.1642983257889,25.8998838474843,19.3985451866694,24.61097740554,19.2534896535225,51.6909211757505,55.6510795976179,78.5140734551929,54.0965840298159,51.2492452326643,52.5473362428331,44.3332957366638,45.1733733156197,47.9151460987523,52.1719939021131,50.524500722431,46.4062964631579,31.7805263627814,34.0512165888833,32.0829362709503,58.6469297195494,86.4039665197003,98.9419398730824,52.0222054144422,51.1207451980594,46.1562829059926,46.1016800977758,43.4740086466187,48.3169382215215,56.1354227040402,37.679872330225,47.3985676635352,45.9191255477736,57.5167862592244,61.1686279612573,61.4043872855859,63.4450692733766,62.3550121576306,62.5935961322567,62.5403771922566,62.1828126725222,67.9432071786959,68.6028973427226,76.7686433377477,67.4976884069236,76.2068560412966,68.5067020072111,69.056536030296,36.2162525964569,34.4693292202497,36.3913352099253,37.2472544009572,37.6834856436811,35.5763842046889,34.4786848363349,25.1375263530345,29.659648730596,29.1048857589739,29.0481539887734,29.9770084681325,88.1420239985166,33.5070789952754,40.4813789504136,71.1225126189765,71.5983915288804,70.3453117069225,66.7780714135591,64.8729132866244,62.9956653323405,69.531525656649,67.4250503920682,63.2423471954325,38.8347153581087,40.750655808021,46.7865712809298,32.3282979349402,33.5568031258026,44.9764469947546
21.3082885015928,18.8208052376624,25.1642983257889,0,18.2300936547875,28.0144934985425,29.7363252469242,24.9469007552184,51.1407739163699,55.1237275427922,79.4056475493837,53.3896271653452,50.5518522503118,51.918941432994,45.2861470833369,46.1551987784396,46.6273218333914,50.9233486748197,49.2557978722082,45.1464021081388,31.1863613246732,33.7459598455381,31.6732390871604,59.6447865523481,87.2175983521223,99.7729332562432,52.9060659412112,52.0605587113145,46.9571783723444,46.2056569168387,43.5969680124008,48.2008371707824,56.9842204417938,37.8103352630684,48.401542338594,46.9368777786531,56.7321699977349,62.0510563602214,62.2851351589543,64.3259095161069,63.2491099461431,63.4870422010912,63.4356989702414,63.0774344453639,68.8310322897006,69.4882088912732,77.6549033191554,68.3842330680982,77.0925193704332,69.3934666933494,69.94043096793,35.0795940525286,33.3296209210675,35.3056691859496,36.0220859680534,36.8819334614678,34.7154934353067,33.5396737345446,27.7009671809578,29.1303755049635,28.7228608367963,28.511279081601,29.6550800254506,86.9281821058951,35.3841335825924,41.4478481237559,71.9896996707039,72.4641724441664,71.2118480007413,67.6455006940103,65.7680124073478,63.8912285356562,70.4215448465843,68.3150524604479,64.140849856581,40.1080960343679,41.9928620660027,47.7834545495364,34.0831411370478,34.6307113739728,44.4051822881149
24.6564300943924,19.6695475017386,25.8998838474843,18.2300936547875,0,27.8148111950171,29.1356327763023,23.9852337176418,49.8037631626242,53.7901518286126,78.7684641771837,52.0718540094472,49.2284677817326,50.592102838421,44.7501675338293,45.5891413460813,45.8471000068706,50.1528003670295,48.4645091262044,44.3889002211777,30.8412035279893,33.4030990683505,31.3446719609378,58.8482268179604,86.6421241000766,99.1882037696127,51.9924498061916,51.1830194336353,46.4689684002633,44.9160742540308,42.3055174219628,46.9017570229075,56.4044661208386,37.4609638464489,47.8239646352208,46.361287915776,55.4311340878271,61.4315678162597,61.6671530564881,63.7066253378243,62.6181799707881,62.8557998465459,62.8030826460707,62.4446016862576,68.201285653693,68.8617761946721,77.0262586913852,67.7563865499462,76.4642694234311,68.7650041470306,69.3155722088536,34.4796706560316,32.7430820090185,34.7267358928347,35.3741221621376,36.3879170127939,34.2179711914746,33.0267322153194,27.2622967155736,28.8600953078635,28.4890594771485,28.3069728430407,29.5008926863995,86.0407731455027,34.3338985301685,40.4443690918264,71.3810744756407,71.8567861014835,70.6038828956019,67.0368321675834,65.1300028911002,63.2531812648845,69.7889906932882,67.6830184585836,63.4980290508109,39.3013049595689,41.200217215632,47.1392641860232,33.4483704617501,34.4048057709109,43.0330741214545
24.9129428132611,25.0947555281347,19.3985451866694,28.0144934985425,27.8148111950171,0,19.7999622978253,17.7378651139133,51.845237625744,55.7963572262412,78.3624006973758,54.3259514132933,51.4726679227303,52.7392849741762,44.2220446856483,45.0281547160508,48.5914586763882,52.8384987696523,51.1897588216035,47.0819291567038,32.4202053008133,34.5884947198965,32.6691117280849,58.3406698366636,86.3253836339922,98.8499358766411,51.7019583865147,50.7929946577723,46.1441219184796,45.9755839341966,43.3382708628937,48.2896596775382,56.0390476291796,38.0477798140194,47.2357933331439,45.750982490368,57.785564484997,61.0320862955791,61.2695404148863,63.309365455279,62.2060767654227,62.4447603083315,62.3898369431997,62.0324543108054,67.7978421984399,68.4607265583756,76.6246696646905,67.3540823726481,76.0633967145878,68.3626137268479,68.9159825801161,36.9132542877221,35.1728375507435,37.0796680767961,37.9546015198394,38.3091876643019,36.2222336949923,35.1451066000483,24.1776262986398,30.330786306876,29.757134713743,29.7725183948347,30.680030134928,88.7488099527875,32.404312641092,40.056627052123,70.9995623998049,71.4768416711668,70.2230643978054,66.6549873060099,64.7191219492496,62.8416390739283,69.3834250761111,67.27728023093,63.0840206841825,38.3650505881392,40.3097240823866,46.5811201253443,31.7060183886672,33.7020922184855,45.1297835238384
27.9065378041459,27.4734069183872,24.61097740554,29.7363252469242,29.1356327763023,19.7999622978253,0,19.3056420686322,51.6382250644941,55.5804901859673,77.8186057822008,54.1864462520958,51.3282760416348,52.5660148918876,43.7199120327991,44.4921423901773,48.8215201113279,53.059650722989,51.4107774124837,47.3103789821749,32.6071353848065,34.6869241349155,32.8106819979467,57.6437056411712,85.8517178354936,98.3634332834776,50.9966286247693,50.0773926912582,45.7375515281337,45.5000828189466,42.8540979344569,47.907984043298,55.5486249273409,37.9974984193746,46.682405936864,45.1924678912801,57.6808741388498,60.5028474355995,60.741933154892,62.7809315827903,61.6648987833519,61.9036792346176,61.8471123234459,61.4899062864838,67.2601101857318,67.9260681045273,76.0882775253621,66.8180426498058,75.5274998131848,67.8261103206899,68.3828805532114,37.153400905081,35.4180471848003,37.3115266458062,38.2055595667143,38.4834914515316,36.4144237224283,35.3557086810854,22.812619558492,30.5474188395548,29.9608621238834,30.0366835014655,30.9323879007864,88.9234180221532,30.7943665211813,39.2462097396194,70.483389981987,70.9620150290749,69.7075679641452,66.1386870678431,64.1732758473348,62.295565103915,68.8430604715717,66.7372326397658,62.5338060435722,37.4896753946309,39.4658656666947,45.984336075284,30.6543793394788,33.4896081823492,44.9265467458624
23.4390245929047,21.6934736061536,19.2534896535225,24.9469007552184,23.9852337176418,17.7378651139133,19.3056420686322,0,48.9209771348983,52.874895749221,76.3219834231992,51.4228777604822,48.5643970619641,49.826465320576,42.324116668185,43.0973430020906,46.13627273743,50.3941886792609,48.7268908381463,44.64749017453,30.4041619572115,32.6359034733148,30.7038083012665,56.110251091279,84.3472195541955,96.8635878113184,49.3038271245171,48.4473977809517,44.2743421423116,43.0700780941047,40.4275066741872,45.3928745350892,54.062716715122,36.1846980352284,45.294350883804,43.815208859685,54.8985750017314,59.0121517860524,59.2511748894624,61.2893764085243,60.1740020397306,60.4121661301477,60.355875087921,59.9980850076554,65.7660448763201,66.43260998561,74.5939555255332,65.3244265699217,74.0330633808522,66.3322259247588,66.8895708925784,34.6201780905858,32.8890957061907,34.8105628717591,35.6119098131956,36.152264185857,34.0517230917507,32.9492559795224,22.9689909416876,28.3758417664221,27.8589224808347,27.8536583197519,28.8425396597189,86.2089023448934,29.4605877899785,37.5206151486848,68.9903129022286,69.4688751791904,68.2145182861947,64.6457316153467,62.6783350272362,60.8008927496927,67.3485216277194,65.2430269417023,61.0378343101239,36.1452939818316,38.1081121276342,44.5512273883733,29.8414884208032,32.184727849513,42.1716744418085
52.0330995072232,50.9004300187514,51.6909211757505,51.1407739163699,49.8037631626242,51.845237625744,51.6382250644941,48.9209771348983,0,26.2717555835859,94.1433579724935,39.8040437181035,36.0389625880773,32.5484586551546,61.4187592962905,61.9442370742221,59.6410619494627,63.7793522664987,61.842838860144,58.3998521732059,49.3881121399007,51.8623505721384,49.9314577145952,72.5828335759193,102.7660018549,115.204146451936,63.9494594985903,63.8252344431222,63.5906004746497,48.471766949227,46.4087349195852,44.6850345884355,72.4938548392993,55.7930146922694,64.0714805057259,62.6488367512707,47.1175725295086,77.0346525562763,77.2884726255653,79.3105685952737,78.0818639003593,78.3143852025844,78.2456343115953,77.8832624913055,83.6725247512681,84.3747072553261,92.5103798659236,83.2517454463442,91.9529637607718,84.2522820760546,84.8480154595018,50.9278696612471,49.4050179595324,51.3710338521277,51.3378821394108,53.7773030214953,51.6115589318421,50.3196944001592,46.406158826834,47.8551773454316,47.6307804333899,47.6566021721553,49.0115337200434,96.6288517682478,52.306598395657,52.870503293283,87.1127796975752,87.6035937951987,86.3437279523205,82.7681957199874,80.4989335059624,78.6222952182847,85.2250102226975,83.1261112772462,78.8064444071937,54.261696653276,56.1194679622383,62.6141346146974,50.6531988529609,53.4550100208416,34.8772816582211
56.0024782198009,54.8732184639809,55.6510795976179,55.1237275427922,53.7901518286126,55.7963572262412,55.5804901859673,52.874895749221,26.2717555835859,0,98.0164343771116,44.1713820859943,40.6516531940193,37.0898279217159,65.3231016247819,65.8400817281438,63.7039606657587,67.840751875065,65.9084435997531,62.4584094913907,53.3781916957571,55.84269398216,53.9153029712518,76.4141240112627,106.661033986043,119.095830424517,67.7384559391011,67.6313226065684,67.5106077849365,52.1703230791614,50.1296083982974,48.1014872293033,76.386868999135,59.757655177079,67.9641367943297,66.5421244191548,51.3004375818244,80.9140133663501,81.1683591073474,83.1899933552565,81.9572408110388,82.1896429431258,82.1204214888037,81.7579634298415,87.5482550568546,88.2516067208028,96.3864907132519,87.1281478700258,95.8292107881481,88.1284644464164,88.7254680953789,54.9561685199545,53.4312001107143,55.3952675480061,55.3748780796435,57.7824968337333,55.6193264244541,54.3316011860263,50.3298176444618,51.8417601606445,51.6132781837905,51.6424088892711,52.9924418638749,100.713389673791,56.2137928068973,56.6904349222857,90.9959449231484,91.4871961599106,90.2271257469041,86.651345135811,84.3717708039893,82.4951267816839,89.0997512942721,87.0010409065834,82.6775944197111,58.1253065891146,59.9815398426656,66.4877660903566,54.5536116635155,57.402483581164,39.4387410496604
79.165248110081,78.8780886847252,78.5140734551929,79.4056475493837,78.7684641771837,78.3624006973758,77.8186057822008,76.3219834231992,94.1433579724935,98.0164343771116,0,96.9074602698565,94.0560204870188,95.1659785329789,67.8053919306281,66.3101467288366,91.4736933479828,95.602729100228,94.0417905493225,89.853865337581,73.7801597723233,74.8392773830051,73.5733022339898,84.4065251505932,91.3068636100629,100.662204522113,82.4029427488563,80.6345277851446,73.1637369411625,87.0798870322742,84.5189370921649,89.3512732974086,63.2871633735625,76.5740477655025,68.7375257717546,68.3199612371111,100.497281612072,51.3604270162257,51.9119729734635,52.0202664907419,51.8010705914921,50.859577713342,51.7843157684479,50.257705134779,46.392382090681,49.6378615747,52.8867628924112,47.9268154678833,51.3151049863066,47.5699764766307,50.7889352114581,79.0953287284768,77.3773542610224,79.0569894658333,80.4763679592691,79.025384374034,77.3045640628579,76.5851353720113,69.6771336976518,72.359997034011,71.8807133663186,72.4414002430519,73.5053361829302,131.636868394849,78.8486527418815,78.287784855904,62.1670381146722,63.4268890012428,61.9024218305128,57.9971413574404,46.4410232303064,45.8453293661311,46.7982418194903,46.5079150545202,47.326008326006,74.6550148702141,75.3202199114871,64.2381888125835,72.6776033213072,75.1284676507738,87.711538316615
54.357253118642,53.2444973954053,54.0965840298159,53.3896271653452,52.0718540094472,54.3259514132933,54.1864462520958,51.4228777604822,39.8040437181035,44.1713820859943,96.9074602698565,0,20.9705092759151,31.4624553831303,64.004245702212,64.5882842744918,60.3095274317981,64.3818401814174,62.3939349866819,59.1086136317709,51.2629885632439,53.82456103641,51.8684181534833,75.6483331080813,105.384991130698,117.846326800873,67.2551499888301,67.0449545802576,66.0542523141491,52.9084369474719,50.7621085821562,50.0730368388278,75.1312780107656,57.9011707427991,66.7397122097058,65.3159637336998,36.1750579634567,79.7599542329602,80.0103223001512,82.0351500923921,80.8331230547207,81.0661949364028,81.0006276151935,80.6386008273743,86.4202886755899,87.1150699091051,95.2555646476874,85.9952919122046,94.6972177542399,86.9971640974553,87.5848253096841,52.2506129453934,50.7752365986779,52.7509758659954,52.5331741161296,55.4121745335621,53.2229327812354,51.8831016364124,49.0052822700685,49.7923031821344,49.6147708405883,49.6210224285193,51.0296621439268,96.3750090751903,55.1509357826692,56.1771246406676,89.8124800758181,90.3004298428009,89.0419242065933,85.468038823863,83.2652720628743,81.3887777985402,87.9790527985243,85.8790499916286,81.5834392028603,57.2469790048321,59.0972791304014,65.4015595418837,53.4079402728355,55.778648929084,40.7017101391665
51.5167606297183,50.3984207419934,51.2492452326643,50.5518522503118,49.2284677817326,51.4726679227303,51.3282760416348,48.5643970619641,36.0389625880773,40.6516531940193,94.0560204870188,20.9705092759151,0,27.0434614928576,61.1631460127816,61.7428747949399,57.6917498825446,61.7793389383958,59.7966987504943,56.4878949485205,48.4835846249933,51.0371991719372,49.0828396937966,72.7738662404314,102.543873672555,115.003473008082,64.3669920002742,64.1607559745966,63.2232609314574,49.914693239446,47.7692560657641,47.0732094110942,72.288427711015,55.1000095566621,63.8923517309247,62.4684319865441,36.5576121245397,76.9110543778494,77.1616659462941,79.1863251636268,77.982408950966,78.2154605242782,78.1496613014843,77.7876278220045,83.5699146987503,84.2651959529463,92.4053789868739,83.1451997726648,91.8471006658277,84.146986484718,84.7351956045186,49.5406718670786,48.0582154613958,50.0339150288624,49.839336712011,52.6640313556648,50.4769684366009,49.1425005751753,46.1509435429371,47.0045883025563,46.821967287961,46.8291092675742,48.2321208323908,93.9204531042654,52.2690253456055,53.2743979259384,86.9654365254242,87.4535879528947,86.1949849406178,82.620982038711,80.413621905865,78.5371090649219,85.1282533014627,83.0283176622183,78.7310715095814,54.3681012750841,56.2202432840188,62.5463610305207,50.5434257547539,52.953218180458,37.2568576104627
52.848575967491,51.7265740484061,52.5473362428331,51.918941432994,50.592102838421,52.7392849741762,52.5660148918876,49.826465320576,32.5484586551546,37.0898279217159,95.1659785329789,31.4624553831303,27.0434614928576,0,62.3568927446855,62.910731159875,59.6282464711635,63.7334572148717,61.7714983439675,58.4069832124967,49.9763034712824,52.493854902878,50.5505163411506,73.7525238976958,103.718844951171,116.168198439088,65.2330380987812,65.0689046554756,64.469098796263,50.3672153466217,48.2643056205949,47.0412652443336,73.4558294152327,56.496914463334,65.0498044016152,63.6267945107673,42.1952150333184,78.0387686819607,78.2909297271122,80.3143214476637,79.0984440423085,79.3312165224666,79.2640012630057,78.9017824122365,84.6873567142677,85.3859982162027,93.5239676212845,84.2645618926549,92.9661020631601,85.2657340308044,85.8576035858491,51.2408649786725,49.7416826602351,51.7125087139157,51.5874023742832,54.2456423315524,52.0682555779906,50.7525432757775,47.3571244131763,48.4745803723916,48.2735873963277,48.289776584902,49.6715415668401,96.1550098672499,53.3834595412855,54.1691239991839,88.1045576657277,88.5939957127924,87.3347844286259,83.7600444443065,81.5226683037788,79.646105517919,86.2428471010543,84.143425477442,79.8352765068054,55.4009625370489,57.2540336305851,63.6495816333967,51.680654517102,54.2671035392531,37.6497947520332
44.9511251513829,44.797440896792,44.3332957366638,45.2861470833369,44.7501675338293,44.2220446856483,43.7199120327991,42.324116668185,61.4187592962905,65.3231016247819,67.8053919306281,64.004245702212,61.1631460127816,62.3568927446855,0,26.6055062123153,57.2894593763223,61.4120117435859,59.8791433829532,55.6401873346336,38.9216230439241,39.7960410141975,38.6077975863025,56.9424237654569,74.2480495929244,86.8035311463743,53.8203568372311,52.142183915085,34.1063639832594,54.8731245921826,52.2852790198775,57.1572729902531,42.8337780101658,41.1342167828175,31.7456052995656,30.8978625768789,67.4971867273901,49.6689254486402,49.8548982208114,51.9700945038369,51.2685988266499,51.5365907244644,51.5258572253273,51.1926074651986,56.9080254533558,57.4359401042653,65.7037236302586,56.3838316512351,65.132214124744,57.422143250554,57.8315270626649,44.6475084204577,42.9136630288755,44.5739837263917,46.1014713713469,44.3758655424534,42.6718830715722,41.9907277565473,35.2226966527002,37.4905943449821,36.969511309219,37.6103792795421,38.6364930811015,97.6488074085106,45.291132137796,46.5038002553521,59.3618007863909,59.8013877160097,58.5622265021399,55.0128090448621,54.1532596572272,52.2709264151729,58.6070151635203,56.4731547454053,52.7251320130891,42.3014689976958,43.2475083267061,36.821303282619,38.5971391781399,39.7984135040556,54.920705532524
45.8235983646966,45.6335536862735,45.1733733156197,46.1551987784396,45.5891413460813,45.0281547160508,44.4921423901773,43.0973430020906,61.9442370742221,65.8400817281438,66.3101467288366,64.5882842744918,61.7428747949399,62.910731159875,26.6055062123153,0,58.340517507143,62.4699035183635,60.923435235865,56.7061593108383,40.2268941322615,41.1979563623832,39.9545215663783,55.8371062514109,74.1921665379888,86.4665919228806,53.2606320854694,51.4770158408072,37.9960220443666,55.215666664664,52.6304530509183,57.5269924204507,42.516064379396,42.7020538689654,23.1468561936537,24.2378689474432,68.1134149870042,48.3430667634861,48.5661904276364,50.6819459452267,49.6871558121355,49.9733789234632,49.9199749099159,49.605808414993,55.4806581564114,56.0594372934331,64.3108328658015,54.9817077343894,63.7524435505909,56.0165580004434,56.4845889219068,45.821203611544,44.0910571751008,45.7692984887019,47.2350060989999,45.6913329932692,43.9594904647009,43.2470327906278,36.0203130006417,38.7507820093789,38.2239085167895,38.8273149036425,39.8433368605897,98.6274652720258,45.8630640705044,46.5857728842459,58.3620132558939,58.8301201475897,57.5759379180981,54.0085809822538,52.5752590011579,50.6815881143035,57.1350878886828,54.9999253425389,51.0817164076256,42.2439907531027,43.0544394513384,33.4441805628893,39.1482911203388,41.0108168350347,55.4564549009389
47.6642892483485,47.0734856451722,47.9151460987523,46.6273218333914,45.8471000068706,48.5914586763882,48.8215201113279,46.13627273743,59.6410619494627,63.7039606657587,91.4736933479828,60.3095274317981,57.6917498825446,59.6282464711635,57.2894593763223,58.340517507143,0,31.4289493849766,23.6080155030829,22.8104674707088,38.3900856090961,41.6995586790837,39.6093618545949,72.6175221768436,98.7777071295536,111.431777834174,65.920493674354,65.1283267519577,58.284967030879,58.0871443873659,55.5939057344486,58.9760666452822,68.699911972974,47.1338401975438,60.6944494055406,59.2763527967185,62.6349218868463,74.0246657265378,74.2473052408449,76.2927883883448,75.3053405016003,75.5418784741942,75.5022249495746,75.1420665640458,80.8596661711402,81.4961293081308,89.6739003533621,80.4015964716037,89.1079264487326,81.4137484285283,81.9376715077529,30.9329820111943,30.4158726701409,32.3696868303815,28.8661419991306,38.782550186361,36.3733731185037,34.4250949385369,43.2823131699392,37.8850735200328,38.2243597753497,38.214423862177,40.1694903358508,73.6570097801222,51.6480514518094,55.1123218091325,83.8686423935752,84.3335701309312,83.086089029615,79.5255286941878,77.8520223840908,75.9770971879051,82.4679676598859,80.359640540905,76.2539415062873,53.9473047955779,55.6965794224542,60.2522311062813,48.6182151946672,47.448128190425,53.5273179230065
51.9326034727068,51.3543609476249,52.1719939021131,50.9233486748197,50.1528003670295,52.8384987696523,53.059650722989,50.3941886792609,63.7793522664987,67.840751875065,95.602729100228,64.3818401814174,61.7793389383958,63.7334572148717,61.4120117435859,62.4699035183635,31.4289493849766,0,26.6104030760847,21.5950732399596,42.4505097785771,45.7478786361741,43.6761543198157,76.7840578153263,102.885435811799,115.543514776432,70.0983724978964,69.3039255871166,62.3840221849697,62.289125292718,59.7979419479966,63.1591838384941,72.8135450080342,51.2010037346713,64.8277300951627,63.4110133019712,66.652411814167,78.1493785383498,78.3715360621621,80.4172595449613,79.433563966145,79.6700757249794,79.6309019849307,79.2706947731866,84.9868901286465,85.6224417948667,93.8007291464134,84.5283181267557,93.2346089505061,85.5406082801632,86.0635227595354,34.1429557814377,33.9399138708532,35.5944878574198,32.4103903177504,42.4163404640957,40.0374900456712,38.0700582726457,47.4819620040494,42.0144367062855,42.3663692631726,42.379289186979,44.3409138603076,70.3187491982758,55.8708775604979,59.3088827876934,87.9894512481538,88.4539757016248,87.2066965144865,83.6463780033685,81.9816402566198,80.1067788044342,86.595971701869,84.4875486465194,80.3848455956615,58.1321451907553,59.8778675494795,64.3942354674219,52.8074768695173,51.6104415320435,57.7121963680745
50.286686795606,49.6864154462964,50.524500722431,49.2557978722082,48.4645091262044,51.1897588216035,51.4107774124837,48.7268908381463,61.842838860144,65.9084435997531,94.0417905493225,62.3939349866819,59.7966987504943,61.7714983439675,59.8791433829532,60.923435235865,23.6080155030829,26.6104030760847,0,21.3685262614233,41.0865037250853,44.375171443222,42.2942637517031,75.1515598164688,101.361301187183,114.012964123303,68.42720545234,67.6446416810503,60.8877353378504,60.4830782380386,57.9953973821835,61.3133129622514,71.2819280021081,49.7868997121758,63.274681107945,61.8568359479857,64.6346390487405,76.5970474107162,76.8200594170907,78.8652344214676,77.8749089255501,78.1113783071115,78.0713838293508,77.7111796975957,83.42956700395,84.0668395632094,92.2440763674088,82.9719600563804,91.6782014109122,83.9839636156117,84.5087681632806,33.5078168336107,33.0928439744194,34.9265443567484,31.6330739035602,41.4071561868746,39.0152446328829,37.0746401035425,45.8719860820414,40.5833575116862,40.9153379754704,40.9130241969733,42.8581064311696,71.758384033196,54.1989444705398,57.6162526335434,86.4437515211806,86.9089873900765,85.6613610652185,82.1006246014098,80.4199001958261,78.5449630401674,85.0371824015209,82.9289794628348,78.8206503988086,56.4890766754929,58.2395550851135,62.8184190185867,51.188187190929,50.0807254781726,55.7881407281692
46.1561286312111,45.5899168760873,46.4062964631579,45.1464021081388,44.3889002211777,47.0819291567038,47.3103789821749,44.64749017453,58.3998521732059,62.4584094913907,89.853865337581,59.1086136317709,56.4878949485205,58.4069832124967,55.6401873346336,56.7061593108383,22.8104674707088,21.5950732399596,21.3685262614233,0,36.5568124006581,39.8739088345433,37.7959757149826,71.0763679365305,97.1170864962644,109.778318941293,64.4202467210247,63.6157301991512,56.5946859619876,56.7265290263815,54.2301479328165,57.6520446440916,67.0478528331509,45.3541365035165,59.0674080492382,57.6506905687039,61.4549923803879,72.3954115910282,72.6171061379888,74.6631838494654,73.6830702005571,73.9196463000427,73.8809033850418,73.5207333777004,79.2358796075917,79.8704499509567,88.0493694906327,78.7767499946599,87.4831229927685,79.7892148037207,80.3110577050157,28.172312334291,27.9215119332056,29.6763519314357,26.1572047997981,36.5209817587354,34.1251293467823,32.1418683841156,41.7246699474584,36.1326739591462,36.4947502320948,36.5044342927318,38.4776759117949,69.607225794186,50.1570312809569,53.6370495751374,82.232026467617,82.6961671434171,81.4490709764662,77.8889738813247,76.2331035129563,74.3582657184123,80.8457943453024,78.7372287259273,74.6377206002093,52.4201208785761,54.1639644964858,58.6496676893791,47.0679631200523,45.8025281372825,52.2811147446225
31.5876158295623,31.5100744129991,31.7805263627814,31.1863613246732,30.8412035279893,32.4202053008133,32.6071353848065,30.4041619572115,49.3881121399007,53.3781916957571,73.7801597723233,51.2629885632439,48.4835846249933,49.9763034712824,38.9216230439241,40.2268941322615,38.3900856090961,42.4505097785771,41.0865037250853,36.5568124006581,0,16.1144466473517,11.9593926082225,56.131438976985,80.5464349151705,93.2866905019622,50.1994629865069,49.1658723128737,39.3471290284879,45.0820368802254,42.5148103704952,46.812139619844,50.5353369116977,24.7509219501455,42.6878749234549,41.2732663366632,54.3591914684558,56.1898641281381,56.3996055348632,58.4549024943994,57.567367373678,57.8056096950903,57.7780308967733,57.4188168204448,63.1068088676239,63.7160437273795,71.9112903296208,62.6332816531672,71.3417881637748,63.6502578609184,64.1444388411022,24.148904829295,22.2462844406509,23.9002619909895,26.0446800507105,23.3945082337079,21.2558291199248,20.5519625715927,26.0758342163109,13.7272818889148,15.340259292943,16.4144902135817,19.0090005561983,79.769651275583,35.8716205377678,39.772239092784,65.9377141055194,66.3920024410161,65.1495889474346,61.5951628639514,60.16797388795,58.2937663438152,64.7382370801305,62.6259953343529,58.6091250661862,37.5698712972856,39.2328400430698,42.7072615799268,31.6495703029867,28.0335695323205,42.8790386813885
33.9792243114383,33.9399757995015,34.0512165888833,33.7459598455381,33.4030990683505,34.5884947198965,34.6869241349155,32.6359034733148,51.8623505721384,55.84269398216,74.8392773830051,53.82456103641,51.0371991719372,52.493854902878,39.7960410141975,41.1979563623832,41.6995586790837,45.7478786361741,44.375171443222,39.8739088345433,16.1144466473517,0,12.2535514481173,57.6146557464673,81.403366382622,94.1780077663374,51.8714973274504,50.7869922573981,39.9458933368522,47.2792889659824,44.7068247360019,49.0889159605586,51.427415642672,22.6004002839675,43.7034137125569,42.2976066001329,56.9696012423938,57.200766847924,57.4057220361278,59.4641285912946,58.6137849694797,58.852261724487,58.8293045862306,58.4700652687976,64.1457295832232,64.7453324051452,72.946459927812,63.6668006491147,72.3755872831814,64.6853813743099,65.1689849840747,27.567867436982,25.7206918285346,27.2822653977638,29.4767537935126,26.2696043617893,24.3928244903648,23.8900058791033,27.796768647558,17.4188388939537,17.9930563860652,19.5792714647806,21.666922021246,82.9394515721934,37.8360055477057,41.6121859514332,66.9117756065075,67.3621146308556,66.1216188994481,62.5695054053027,61.2316591944833,59.35788781228,65.7853658613406,63.6718960382493,59.6865934780625,39.1991864936192,40.8244013059461,43.8624203783466,33.2678540452335,29.3352265881391,45.3491666564827
31.9562405480026,31.9205951476633,32.0829362709503,31.6732390871604,31.3446719609378,32.6691117280849,32.8106819979467,30.7038083012665,49.9314577145952,53.9153029712518,73.5733022339898,51.8684181534833,49.0828396937966,50.5505163411506,38.6077975863025,39.9545215663783,39.6093618545949,43.6761543198157,42.2942637517031,37.7959757149826,11.9593926082225,12.2535514481173,0,56.0946407865757,80.2722410995677,93.0226887342601,50.2593893672953,49.1977673835518,38.9395395317747,45.4383396651153,42.8669647479561,47.2242117549148,50.2657508615074,23.063905553595,42.4320922938991,41.0180664630483,55.0001861317942,55.9643340005866,56.1724133703272,58.2290504181101,57.3544020130334,57.5929071089659,57.5668794703406,57.2078254758957,62.8921287979508,63.4978054944382,71.6953695488818,62.4165741494426,71.125420809309,63.4341922955042,63.9244935358202,25.5452828576208,23.6758930311204,25.3043578299435,27.3980816018081,24.659867539203,22.6563974671965,22.0260984845426,26.0647224724067,13.9555249820142,14.9836540164792,16.706787671743,19.0386263029649,80.8807794454816,36.038341469395,39.9044199067721,65.7000571285121,66.1529897212107,64.9112137861486,61.3575620276231,59.9622578852458,58.0881294063956,64.5265769897469,62.4138080214937,58.4085656632795,37.5781399107807,39.2248457633438,42.5206172690252,31.6143186297055,27.6549173215938,43.4154689384185
59.4456359629722,58.9620298392313,58.6469297195494,59.6447865523481,58.8482268179604,58.3406698366636,57.6437056411712,56.110251091279,72.5828335759193,76.4141240112627,84.4065251505932,75.6483331080813,72.7738662404314,73.7525238976958,56.9424237654569,55.8371062514109,72.6175221768436,76.7840578153263,75.1515598164688,71.0763679365305,56.131438976985,57.6146557464673,56.0946407865757,0,96.3359912392983,108.250645681514,51.7582239307868,46.7599260976604,61.5913130965264,64.512029279494,61.9554862854836,66.9962797469657,65.741383566602,59.9460473771727,57.3276342668475,56.0779250709611,79.4032569322282,68.1535777240065,68.4894103544094,70.4519407596104,68.5808259178358,68.8061025897304,68.6568964621765,68.2923989942428,74.2894415426633,75.1601254594696,83.1912764217548,73.9635692584666,82.657065551659,74.9354285774557,75.7156952633385,60.8808272136331,59.1784352173438,60.9592391442937,62.0483222833919,61.5914729736151,59.6999735897777,58.8062975065827,49.7784652970809,54.4678883702494,53.9499067267644,54.3442843346353,55.3572473253539,112.408933435362,57.6081060466732,53.6434453287759,78.8403463878879,79.3973335843683,78.1059474780464,74.4922171034633,70.679737809972,68.7953486646313,75.6982018412743,73.6213558306938,68.7384543097458,50.1665658365564,50.0642371513644,51.3664473846295,51.8659641979001,57.0101780548268,66.1911045718137
86.9822481511994,86.7657956188595,86.4039665197003,87.2175983521223,86.6421241000766,86.3253836339922,85.8517178354936,84.3472195541955,102.7660018549,106.661033986043,91.3068636100629,105.384991130698,102.543873672555,103.718844951171,74.2480495929244,74.1921665379888,98.7777071295536,102.885435811799,101.361301187183,97.1170864962644,80.5464349151705,81.403366382622,80.2722410995677,96.3359912392983,0,69.9026880440221,93.6666621481307,91.9721695832514,77.7250398584563,96.1321473141158,93.5597424175322,98.3662351221344,63.2998196861141,82.9125702949628,77.3165762398035,76.8649079421916,108.894724390041,70.3803177928981,70.0186710174861,72.0188224380111,75.5858248375988,75.6370598715724,76.2002632292145,75.644793291016,79.1213594476037,78.805544518178,87.3550371238819,78.1738964300507,86.5608404868012,79.2746480094602,78.7123988124019,86.0720310755718,84.349482402484,85.9700068074495,87.5664489033443,85.5635919336367,83.9494751274478,83.3303012702998,77.6754350945281,79.2903875307576,78.8537575053844,79.4894562705583,80.6019448376223,139.120442848767,87.2742685214275,87.7759823315324,73.6423623193973,73.4271446517873,72.5963131062161,69.5033842649234,78.7615138651204,77.0187575031548,81.5582294344752,79.4214977300241,78.4133431334855,84.0244575754752,84.8750726079998,75.8703951773372,81.0489592157283,82.4073510064062,96.3025879861103
99.5337728973872,99.3071929052686,98.9419398730824,99.7729332562432,99.1882037696127,98.8499358766411,98.3634332834776,96.8635878113184,115.204146451936,119.095830424517,100.662204522113,117.846326800873,115.003473008082,116.168198439088,86.8035311463743,86.4665919228806,111.431777834174,115.543514776432,114.012964123303,109.778318941293,93.2866905019622,94.1780077663374,93.0226887342601,108.250645681514,69.9026880440221,0,105.705759483454,103.992758658926,90.7496168586204,108.500720220776,105.929615987584,110.743392674367,75.5836845606696,95.7203354503467,89.5052714548653,89.0834094313607,121.368909186381,79.504268694276,79.0369176283263,80.9030195495881,85.3454520964869,85.3312177832595,86.0107010477096,85.3925979020644,88.2817273403252,87.796917049613,96.3472650554803,87.2597465829329,95.479604923362,88.3557140352933,87.5894300906084,98.7827378049009,97.0606249080826,98.6922057889251,100.256994378152,98.3545940639917,96.7199987211985,96.0822418569106,90.1834665953613,91.9982099542399,91.552073979416,92.1752779623554,93.277194804493,151.745000369116,99.7232197368847,100.06589742122,80.1999917119637,79.653714571431,79.0890820288503,76.2648366304735,88.4352162979083,86.730300091696,90.8722721609791,88.7518940686373,88.2874837570776,96.3108697511615,97.1297273659268,87.6311834290211,93.4912819782157,95.0343859965229,108.744739684937
52.8334647440372,52.1990000955871,52.0222054144422,52.9060659412112,51.9924498061916,51.7019583865147,50.9966286247693,49.3038271245171,63.9494594985903,67.7384559391011,82.4029427488563,67.2551499888301,64.3669920002742,65.2330380987812,53.8203568372311,53.2606320854694,65.920493674354,70.0983724978964,68.42720545234,64.4202467210247,50.1994629865069,51.8714973274504,50.2593893672953,51.7582239307868,93.6666621481307,105.705759483454,0,30.0671734162565,57.7362580037578,55.1232087526725,52.6058528174218,57.6248695732207,63.1899287333934,54.5060839568248,54.9947711894571,53.6959921488129,71.1394564587795,66.0481762298004,66.3662479417997,68.332787814898,66.6068164789651,66.8259423852072,66.6984029837279,66.326767162773,72.2485014435678,73.092052393895,81.1335496977519,71.9087487994067,80.5930428450213,72.8830586248613,73.6325320597991,54.5427865454658,52.8567188940319,54.6748050561976,55.6053443396581,55.5869345532395,53.6397786715187,52.6775114144197,43.6257021055255,48.5034039625884,48.0112132866393,48.327730001053,49.368052711585,105.455406862715,50.4869783684414,43.6438023925401,76.5900612965711,77.1337700798324,75.849166625966,72.243579095337,68.7215449013066,66.8430990703562,73.6811647054348,71.6043492645437,66.8227513176448,44.7387982129399,45.491344193392,50.7831762626358,45.8677109515929,51.3893275093497,57.649045333106
51.9389951310545,51.3506439119616,51.1207451980594,52.0605587113145,51.1830194336353,50.7929946577723,50.0773926912582,48.4473977809517,63.8252344431222,67.6313226065684,80.6345277851446,67.0449545802576,64.1607559745966,65.0689046554756,52.142183915085,51.4770158408072,65.1283267519577,69.3039255871166,67.6446416810503,63.6157301991512,49.1658723128737,50.7869922573981,49.1977673835518,46.7599260976604,91.9721695832514,103.992758658926,30.0671734162565,0,56.2162652822065,55.2405769431183,52.7003400944743,57.7833425602788,61.4660298690528,53.3388340939222,53.156826139866,51.8581193434366,70.8830321257238,64.2755096706448,64.5957220699332,66.5635914125467,64.8190511303192,65.0404467265866,64.909503324205,64.5402219428509,70.4769169168363,71.3218895230092,79.3645626043676,70.137519610621,78.8250659734513,71.1122758152637,71.8636515006744,53.6385281927567,51.9466729467958,53.7550282960532,54.7322225299245,54.5886525667809,52.6554932250582,51.7118536132968,42.5332099582397,47.4711240247083,46.9676789681713,47.3050177492896,48.3325870449694,104.749822387785,49.6560468214301,43.434646182025,74.8377927542263,75.3829313874559,74.0974915858596,70.4909184953278,66.9423902114855,65.0624102410148,71.9081305748579,69.830370715319,65.0408232861683,42.9338190738759,43.3734929371206,48.638397921687,44.6483588985767,50.2230512123251,57.4791807317392
46.6739685646583,46.5681103044282,46.1562829059926,46.9571783723444,46.4689684002633,46.1441219184796,45.7375515281337,44.2743421423116,63.5906004746497,67.5106077849365,73.1637369411625,66.0542523141491,63.2232609314574,64.469098796263,34.1063639832594,37.9960220443666,58.284967030879,62.3840221849697,60.8877353378504,56.5946859619876,39.3471290284879,39.9458933368522,38.9395395317747,61.5913130965264,77.7250398584563,90.7496168586204,57.7362580037578,56.2162652822065,0,57.426480682208,54.8388797789514,59.6296235589127,47.4960189690084,40.8773249531757,41.4841020606955,40.3747169919576,69.4793171123107,54.9181785837701,55.0677563505202,57.1709943835985,56.7529991308052,56.9985010184165,57.028950513068,56.6731563160544,62.2188856503232,62.7021896776525,70.9782049151844,61.6738891091646,70.3924930032454,62.7131580263089,63.069849047035,45.3198111621147,43.5819483588348,45.1812061410934,46.8890908980835,44.5995348374597,42.9999047479736,42.422646300139,37.3798089048364,38.1250769538457,37.6662451630725,38.4015197389619,39.5040218297282,98.8080836335246,47.6752152747937,49.6048520717203,64.2394267532742,64.6468062358182,63.4260176020001,59.8980538325943,59.6010234595466,57.7310370523286,63.9573748844605,61.8273712706208,58.225674947691,45.7963869186606,46.9425997551082,43.6538063404592,41.2824076765139,41.0646357290056,57.0841398951246
