IBR/IBR_outputs/all.combrep_1/FireFreq_2000_2008_Total.Spinifex_Total.WeatheringIndex_Total/FireFreq_2000_2008_Total.Spinifex_Total.WeatheringIndex_Total.asc
NCOLS 160 
NROWS 95 
XLLCORNER 210004.651214014 
YLLCORNER 7350008.22228844 
CELLSIZE 4999.99999999997 
NODATA_value -9999 
[rows 63 to 83 of 95, columns 92 to 137 of 160]
8.68182459303292 8.03765119700568 6.37213894106258 7.26654153700479 6.6415187598265 6.95178166561289 8.2264662728245 9.58329940724067 8.48374244280871 10.970780673545 13.0894687664295 12.8941490978304 16.2401883571187 16.2468356024556 16.1944946520437 16.2012154203761 16.439073276151 17.0500625391151 16.4064283934833 16.2980648766708 16.3725724067848 16.3419389761165 16.1171205597078 16.3373999682567 16.3787767493332 16.4191345478262 17.0078583237341 13.4989822665134 11.4569438707787 13.3079906026766 16.4406298252391 7.54058573398943 7.18241673946441 7.23297645688314 8.27784476262768 14.615354029703 15.0536130925175 14.4522324509649 13.880058012212 12.527106229544 8.31127717083241 9.94366770320308 8.16079330701579 10.6895588568487 11.6286838230808 11.0497326485607
7.22989184181404 8.70037997889764 17.701379387269 13.7767929910521 13.2715487292661 7.50987527163786 6.89033765426269 6.30856825325874 7.29754446939888 8.95583949612294 10.4218373619865 9.18294524768808 15.4539112640238 16.3918492752611 16.7089331099886 16.4617940563443 16.5243577033274 16.3064678527553 16.4727621116595 16.9538314097711 18.2881850161261 17.6929938293341 18.1352986178154 16.652015116604 16.3622227679557 16.4462091795328 16.3811627675537 16.0968670494032 13.9385633872767 13.6580406520738 9.36667327288617 7.93075443746927 5.90258960757452 7.20551999117312 9.40965559507138 12.096074881727 12.5749756836166 11.4781173094763 15.2016097161524 19.5549744653437 11.4231358364289 7.74472567944035 7.55068329085436 12.0722981941923 10.9837550884517 8.53077704139426
7.78421519407589 14.039173396322 20.6653764706207 19.6239426351048 17.6741217096768 11.9946389707434 9.63480479726519 7.15082882667599 6.95729153533828 5.36255676058601 6.09462870049088 7.38339231545407 10.4484220884638 16.2109617602788 16.5159554756705 17.485409373417 18.2754244783229 16.731999463581 16.2136256294492 16.2036013997694 17.7933542239086 15.6968245706304 17.5164650929647 17.1052614492334 16.7475485525299 16.8358310720885 16.4985998424236 16.2554232974168 16.2334548407982 15.1163392855194 12.3238920748137 12.3280776501791 7.44449386840036 7.20570960541076 8.3987313030552 11.5992302757411 12.6882674587892 15.1074843583509 15.5046200074527 14.4333922661388 11.5936744244493 7.67210194042295 9.07158522032982 13.1794935274323 12.9731338553971 11.4325781715961
9.02916388175651 14.3510554686269 14.8162235736468 21.4183124565513 17.7907685805476 20.4893900760296 13.0828623347827 10.1837500937402 13.8447907924685 8.39036876783627 7.95278275996134 6.09644455134895 8.47117500372129 12.6256484982003 15.3173507403832 18.0179489147562 16.8157734329426 14.1041350602508 16.1816730342877 16.1707574538448 16.4913888069913 17.7003432467573 16.5621474195676 15.6746693396222 17.2103958107132 16.1974874555922 16.3986967496798 16.2818393188816 16.1613461230734 16.2727087043062 16.859707051139 17.7566755892589 13.126380723619 13.3666939065009 12.3503007507449 10.5354285153669 6.28262779798375 12.676213368452 6.97907562481293 6.47814081274896 3.90649463834916 3.09585220965716 7.33679332845209 11.5002655221109 12.3829415546903 9.6653683779947
8.3216482143189 12.1795005047583 7.5024282670208 18.1873895851902 19.133499515994 19.0466290828969 16.4204961443977 7.52024557512486 7.54270789026268 6.41972832573124 7.01571412280262 6.02578918156363 4.49973272838742 9.75763102021535 11.2325372409532 8.95249544495142 8.87188065832951 9.9804571492185 15.8879250022528 16.1650843550129 16.1681808710806 16.1324160529242 7.64460173806349 13.4518377737471 15.7369640474685 9.44335216648461 8.32487784386743 16.0821133587038 16.2711622675985 16.313050693303 16.1700242590832 16.1957712174577 9.69599126942694 6.1067980106183 5.15159364055776 4.87372536836223 4.79543339909213 5.11552253584279 8.53299291893982 6.14479119038919 5.13712418564144 3.16631371498669 5.80678871133692 9.3160971130575 13.080524914845 10.4094191450413
17.1180441283176 12.9742239608157 20.9037298187333 21.491712233303 16.3040483949677 13.4955003799601 17.1582214420848 13.7372867864152 7.44974241791649 8.58030692829346 5.88730535519015 6.38438482013276 5.03438235482508 8.23176895935587 7.97330265373508 8.24011978405898 8.26437059466822 6.88952169062447 7.06330880218107 15.1335170065493 17.1533091462008 17.4813467761925 15.4606723518295 15.95996082988 16.1319620007345 9.3614261763843 6.81004830720309 14.2282837010334 16.805111505004 16.3498047293703 15.6777309813511 14.5795283503865 4.18546658940019 5.52450542542953 6.98092208930674 7.47262577804969 6.90543660683845 5.19574552957068 7.85747822138901 5.22156558164393 3.48227963530721 3.29833627828071 3.69694504751647 5.8430224438054 6.73346618220527 13.4867158719388
11.5725963476405 15.5523775438528 20.2458536157268 12.0993388360907 10.7770409786509 6.45275647802673 9.31143808304472 7.32303697403929 6.93173342219589 7.69048610351182 6.38724468105993 7.23983593539669 9.17149534003853 7.94904695477366 6.57777325184443 6.31749857220589 7.04032297570095 8.35446382175054 5.01305105687801 10.5689818170828 16.8447807526368 16.5851780466991 11.8525974116792 12.550487048028 16.1906221323928 13.858918295932 11.8119796757272 11.3556617675971 14.7784424321993 16.3974300028496 8.73768442714284 7.17697833745564 7.11011661598447 5.90297377075911 6.22382025295252 7.99877944674108 7.21221258078687 8.52815742169085 8.5335100312012 3.58732077216245 8.92689032668451 11.7351088528366 5.52810243801358 8.7785892437719 10.9727278572022 10.818449294743
12.9029396675024 10.6239025688575 11.3346557546615 7.01820337714187 11.4178945720385 7.07287014277637 6.1183078995484 6.68217365334843 9.29734255030562 6.71800840093189 5.45014849824913 6.59130554373225 11.384889404121 6.32067731460665 6.36852776051343 6.49755518850255 6.45184182933866 8.96850335925601 8.05021470656081 6.49286755064227 16.0177855422446 16.3207466939315 14.0952131681252 15.303360926926 16.3082563135969 17.4945864341451 16.9938967953668 7.07717949212702 9.4312608570384 13.7158193088977 14.73364699302 6.19112858226994 11.0719592945875 10.0194803058259 7.78452813193523 7.70271738840709 7.46983928094911 12.006984033486 7.7952375350176 8.86946056760322 11.4828498716875 6.38486400826013 5.97357536184813 8.75831746191984 15.1748378133766 18.0019744530733
14.6524957111506 16.5174758606422 16.5798987907961 9.6190626779161 6.7853797348721 5.48131364498633 7.9775917461537 12.7814314204741 12.6115429283016 6.49674841438725 5.24027595914772 6.20846032669512 5.7753455472901 5.51443675502737 6.63434854257194 5.562540619937 4.68944016791529 5.8740435989187 12.4019893025525 14.0480117129592 16.1496821876074 14.8927716920039 12.8215748918488 17.2940265139614 16.4419062158144 17.4626822033548 16.0685734753482 8.37194929052037 6.69989699420208 10.5845607018344 13.5860241067353 6.54824306740225 9.12831355122636 17.8889034048085 13.4738978019226 6.06714265282568 6.92226298421636 6.64016113854696 12.9213109721221 13.9654299790294 8.12408029418188 5.80948122247322 7.9083921151171 18.4119115101045 20.3027785449428 20.9155980006791
10.0390906639436 13.5179686238264 15.2277818968778 13.607181412703 8.89012618551115 7.88818552015581 8.67896331173089 11.6622373574316 17.6245875313676 14.7641165035054 14.6568343846763 11.2306925485571 6.45094897358338 8.76707298327964 8.75622449982013 6.1735467327854 5.63377060928184 5.52165839224164 8.83944289250305 16.2086862392206 15.3469072849451 9.4395669348901 8.57562540568034 16.8669508065655 16.9190251608255 17.9177501387619 16.0294178328533 12.5610441960358 5.10520352779012 6.8640800273267 7.40788232441874 6.65626117877175 5.48637545068614 14.8688769607432 16.5712568438328 9.62268653020171 7.39736783552856 9.14134005883278 17.3790656171289 17.9630506101731 10.0834899933388 7.56347283632837 9.3385181222468 18.676687230715 19.5349429594694 14.8330492972429
12.4212188697919 13.55116662975 18.704375058476 10.754093543108 7.53116157376248 6.35680297823994 8.31274949496153 8.12396240830364 7.32551450848381 16.9433777940043 14.7011609067691 10.9817451211317 10.7524987004007 7.64375507499439 6.22567006729123 8.48356139493952 6.97064832106601 4.98808740801455 6.46762009127444 11.0429578333557 7.51327712906216 5.93096815500739 6.5895987977978 16.0534186473777 17.0662130723029 17.9283927662362 17.8528337808284 8.09622433966561 4.05962617839381 5.37196656525033 9.4827407975075 6.12317702512104 5.52178313479773 10.4561937281406 14.6471338596882 16.5452333575812 16.6084990341822 17.3972750553197 20.3642671409468 19.2711371651691 10.5106123760782 10.1699759707695 12.638247485486 18.4464734129271 20.5846524273111 16.5785467315416
14.3400752934361 11.8493094107556 15.9891197302281 16.8898898816714 10.3062187587245 13.26205470878 19.1312781424546 13.02903286071 11.0508935477951 14.659163551508 13.2628861012219 7.99927794899395 6.56598367711104 6.84147072298155 10.5082991913978 8.32396138029748 7.15524875474649 6.14494166382328 5.91814193157492 7.17535604106917 5.81050399144939 5.31244275162479 6.00186692511991 8.16697002678448 17.0263216057783 18.6080664091672 16.369461470678 5.26064286785997 5.0172093098432 8.46417880418152 14.7882841699978 12.3053864557795 9.58202255430517 9.83703286897208 7.0620801277634 8.82552387850389 16.2036893127448 16.7094012078028 18.7968072153678 16.8520344221875 13.2579006807903 17.5148760324929 18.7268930067322 18.9707248334304 16.5677005787609 8.07023643979811
14.3706601774247 12.1574710843994 14.110364568892 12.9537588631561 16.0541403735145 18.0166280471247 15.2934667140846 14.2818958207868 16.2059637542946 14.1804421153112 11.2962743222849 14.4579896104453 15.4551114228491 14.0218847512698 11.4413002626381 10.1335393697408 9.13662919452793 6.96278598064268 6.76633800569165 8.25086311539437 8.57920916681469 7.30340055072249 6.5035760543996 6.51284760944702 13.4755111169821 18.9480491068483 13.9900895610485 5.10698766895747 5.18644140705659 12.9443977489578 17.3997065271733 12.9279767928677 9.66916695110857 10.353637744 8.03157881104056 5.73906184932212 8.06673899915563 16.6574294209767 17.5997968569941 15.7608031907602 9.53780310898766 14.4228840679168 16.5813295803599 16.5613354456237 16.6109440969026 13.2631341425973
11.1389440267449 13.7770515443416 12.6253901532888 8.58253855315947 9.71975568633278 10.7777391251926 9.40540395261354 9.99120644039866 10.4929804575333 11.317755041132 10.8727556616596 16.0515708291188 13.0035981528584 17.0789411168093 15.9336348144954 12.3238748646719 16.6044941665933 15.5452321441229 11.746442753717 11.3805766725127 8.51985227857715 7.95716495460289 7.47556065728461 6.90097286287596 8.24051289250546 19.9806923069209 10.4139638462817 5.86269391322778 8.85079249861477 17.9157513023966 16.5659337800004 11.3624779161225 8.67677175919436 8.10645146126163 8.06959539573359 6.30022013037822 6.37453490603855 10.449575223311 18.2691931375687 16.6573281901684 19.0351780789348 10.2040270693298 16.5673794882012 16.4530389183247 16.6490162611183 16.2084276493801
16.2444111418266 12.999913473764 8.89841844685172 8.17544904492125 9.12902489778586 12.3222680338419 18.0258894556983 19.3279024969545 13.9296418614424 12.7911534384087 14.7591083951903 21.1889307418038 18.3202233187741 15.8928257954051 12.5794395720618 10.5487625477729 16.9182626901771 16.1282521881093 14.4179801066872 13.0710774644366 8.27948547546127 7.5689480923347 7.34275478146007 6.18152982784147 7.05868227683614 17.758812931594 12.7875496410025 7.08947158254649 17.1029345009283 16.8195798619211 10.9709871755988 9.63870576715798 9.58219070571956 7.98782889747907 7.5354993974842 5.86740031507761 6.78216104428501 10.2383979589896 15.411839290956 17.0175016645684 18.3642221310383 18.6336575301386 18.1119041533406 11.88439890549 14.9492812475182 16.2692039025889
8.27505165852918 10.425844072393 10.0004055847743 9.88180738705007 10.7077871230232 8.21820854452833 9.44407228626473 14.0313790884776 18.9194040135082 21.4904384287549 21.9677908246833 21.7731411862225 18.7509790913944 15.8628652660851 16.6903518313315 19.9026347485317 19.5745420504791 11.5651085174849 8.79895892376626 8.21728629609542 8.73788308108437 8.5011801177573 8.13218886027109 9.56899124254709 10.6125014072091 14.381567192233 11.6911842029959 18.0786614664718 18.5703947151837 13.2907827155476 11.0473620881689 7.74692673698183 8.94984938735553 10.2892902305788 10.0221991630703 5.93262086088468 6.45153407717312 10.010583646535 9.91045555316646 11.6133240292368 15.3324403249988 16.9647847851696 20.727890529612 16.6316537134085 9.08589535930539 8.36702077076666
4.85655165038625 10.671164010524 12.0328378921874 18.1262319508446 15.7326060419566 14.25328768099 17.8275438716469 12.6924211713204 15.8531182727275 19.4846054798359 9.64174637628296 8.03776972555893 7.49299348427287 6.49351453111538 7.41859028715939 12.4231985225457 10.238728549283 7.44695809731529 6.8651879936234 6.51073705650045 8.15376689597841 7.44992586315693 6.11316610445488 6.26209796678787 11.6457714321195 15.3355852475306 13.2617699183484 18.3677516902331 12.1252435617451 14.2440567940922 9.99723695863831 6.32897141128669 6.17913851382869 9.17520606888999 12.1666261612244 6.9577303295902 9.43680520950544 9.83672666998787 12.5396688885866 10.1875632531091 11.0553997597653 16.4910031273539 19.4701557779042 18.4092963519894 12.1245887765369 8.07692525348939
12.9197729939182 19.9592243395197 19.1174689761637 15.2021578826182 16.5811751133084 18.8959966447997 18.1971782629889 15.8894881225126 20.5115494641512 18.7931233353612 15.3092980247228 18.1241315818324 17.4152732421877 14.8481375879877 14.6343133990664 15.3560968607915 10.93506737442 7.8241117890558 7.73326691301082 10.639971077428 10.232110238474 8.44939995179781 6.61398834098678 6.51686511894801 8.78967618579255 7.07224196404242 4.7798097705397 9.06415299394234 12.9741439630081 15.3904491914274 7.54133710449416 6.22215622533916 5.62376266456192 10.1807554789284 11.6177000601139 7.94877432717261 15.0281308271785 9.08516578228182 12.7793325819455 10.4714069932852 17.9895112660632 18.4741144590181 20.1673772734585 20.0977356184136 10.5430128861076 8.57916268485101
9.7232692371176 15.1429140717797 10.6070700082695 9.16674532542737 9.16008571537058 10.6825402851067 19.3285517696519 19.7344609451836 21.4433261527041 20.0625389664347 20.5237314084404 20.0064806406625 20.4762222997005 18.5288425926593 15.3165163320651 17.0722970667872 12.1700504771615 8.61948636547905 6.9322862362849 7.95257236064012 6.98423982302047 8.35914803720941 11.078509944217 8.98068858863699 12.7973418600528 13.1170379557981 10.0979376124013 8.13873528251294 10.4328971667843 9.93896092704526 9.49759639935092 5.88202198586423 8.53848326605429 11.9860411338001 11.2172051086408 10.2596783627483 19.8743082819469 15.729675229507 14.0779341036864 10.1518293933121 17.5346360722905 19.660953375876 19.4590463119627 17.595464574194 17.1611534797523 10.8556467741942
11.073924187297 15.01773886568 10.5910652480496 9.27324837863423 10.1625380592342 6.87393426006239 7.71486588289991 13.4879749995707 20.6552223976769 19.2258359276375 18.630122737337 18.9365792780299 20.6616784190985 16.1601528958748 14.4106196615648 12.963524737828 15.0227191547586 11.6025714628618 9.23406019785615 8.53215758890236 4.98645370885626 6.93877014924804 10.6721218355856 15.8229356627859 16.7431644522966 16.0598156504743 16.2890719728803 13.7538074270023 11.6762934843663 8.55560946722587 8.36594876847428 9.67531031438684 10.0478028043489 13.7654483224833 13.1432703869156 10.289252149435 15.6339554422721 14.6703176361762 11.0129702981965 10.6546239478037 17.9653496833203 12.6038373757235 16.2491621721002 17.253066295517 17.989257159866 17.5458210263231
9.9300937068095 10.146041877575 10.8284332043379 7.80128077598772 7.74076801511816 5.52457054255874 11.5840767807692 9.15090944022813 9.39349043437065 10.024199079205 9.64969641842143 14.7508090801762 13.8305122287952 13.6758076425383 11.3488292275458 9.28611971288565 16.4665681466008 10.183078904247 11.1083746888343 10.3207862602799 12.125656771367 17.936042573516 18.6411820313218 17.2054710667793 15.2258470055491 15.8489368054454 16.0134488093768 15.5639747095922 13.9402809065249 13.7374057279674 15.3621884823824 14.6296357059648 14.8494982817217 14.3771533765035 15.4165635049398 16.1282136658337 14.4855958285012 13.1271425259139 12.370654149301 12.4190144713483 13.6976944194262 10.7848291113239 18.676210833328 14.6693239858139 18.0294941147774 16.492004943306
