IBR/IBR_outputs/all.combrep_1/FireFreq_2000_2008_Total.Spinifex_Total.WeatheringIndex_Total/FireFreq_2000_2008_Total.Spinifex_Total.WeatheringIndex_Total.asc
NCOLS 160 
NROWS 95 
XLLCORNER 210004.651214014 
YLLCORNER 7350008.22228844 
CELLSIZE 4999.99999999997 
NODATA_value -9999 
[rows 63 to 83 of 95, columns 46 to 91 of 160]
5.67409114080299 5.33682126133112 4.30031545675167 7.00651140875767 7.77864128234095 11.8546060806276 6.08920004624892 8.70473473747011 5.76529910255849 6.94500392613612 7.33568524699146 8.16313817363374 6.9065913532901 6.50480470686786 10.7656099035055 10.4629856634525 17.5255065247604 20.9090551144188 20.4549692257974 15.140747017142 8.92524700215456 11.730646100658 7.23029935449151 5.00513710764099 7.24185589632481 10.6571434922937 11.5413917611255 12.6801318885846 6.24231854988438 7.49709840046414 9.73152343500594 11.6433302656297 15.4842028348617 9.83850659514323 9.16174771859283 6.42189574353098 5.96425871953392 6.64454042282093 7.10918833398771 9.21549096124216 7.83218032323374 11.2670022586517 14.5692409479042 12.0601141268834 13.4918541708643 9.45961944197032
7.63681113803027 7.12478392459847 5.73966479075797 4.62066918751424 5.54995276299074 6.78484377370582 6.54833147081357 6.12175715787527 3.59825389014912 8.52992954722978 9.32979948436847 16.2311730238066 12.5442315607121 10.8333185661082 11.7520910061975 14.1464362481074 12.1663416798637 11.2242887173705 7.5799298658475 8.74324971221953 12.8707023413714 13.7931262224015 8.36748730484786 4.71232125524183 6.95849826736673 7.4243392242565 8.08430472163112 12.3766115026266 7.66938090796377 6.08295020613788 7.2897137531655 11.5870188599938 16.6825105623365 19.5729409159263 17.7288610961183 11.1086370469295 15.5911943586654 12.5367326616021 8.75646987066951 7.38079498846256 12.8570346642694 11.2307064882765 10.3481164826964 10.4492448922013 12.132987240848 7.20337157534328
8.65036893300544 7.53480424407799 8.5407494487048 8.81322297613732 5.61551266035188 5.87120886652956 6.56262503700112 5.69016099632654 4.57296869913544 6.90664073667125 5.65655755513133 7.11909947774256 6.06283545295221 6.54350880690206 7.42397763589877 9.62326031001079 11.0090858913928 11.4269165966137 13.0157703047953 11.4070406522811 12.3565201353449 10.8119563242641 10.8549674575358 7.50104173496541 8.66999369067477 6.97458017037696 5.82774421294407 5.9725660239718 9.33699182687577 6.30820694089379 6.7712283343855 7.89459778574214 14.5759502942747 12.9673628315925 15.8955442902389 14.6626704054254 19.1521712493238 12.6693095049332 10.8481540354941 12.1357557263998 13.5352561712004 14.6765572042227 11.3477622763506 12.8995489967933 14.1636642632068 6.9721111230614
5.75971513976181 7.31896847215312 6.34867012947324 9.73671567850702 9.91210773082548 7.70698471016887 6.24862675315726 4.63790227925937 5.37435576115191 2.30595570220031 2.26507925933674 7.27003052548519 5.28252553870587 7.99272279919644 6.60421794194277 6.75552201518179 7.05940211667702 7.39707644744373 7.21369990093558 8.66226256014514 8.71920677612436 8.89673311488478 9.1047595655637 8.72066258160777 8.32120120982581 6.6003174948925 6.93605377051281 7.21348171141054 5.57554105621741 5.72346770437542 6.12546873740676 5.73620680283758 8.5787950493603 9.47599075829974 9.82550231871588 7.94982774501593 13.0230373742858 10.6299785371337 8.93278222794808 14.6308842491339 18.7568555053537 16.1986080132977 11.1055743243589 8.1776760434374 8.65627698920113 7.99601633759394
8.59494229195641 7.56370667083011 5.55060811199408 10.0342935469359 8.12573013604518 8.76071137045389 7.30762564232485 6.42713014993245 6.37061607126773 4.34939816895127 3.62824474733181 6.18670652542349 7.91165392415242 7.98305238749579 5.22083307400045 5.19078263298823 5.53233724106807 7.01606872847483 7.94370445804053 7.82268756711064 8.56343457295943 9.3658809477923 12.3823971792648 12.4707224551761 9.79836744797449 8.70944987179209 7.66424264545753 5.03991277530052 6.69009514299579 6.22649891800707 6.63425714757403 5.63325782220414 5.80460625464802 7.25653749151548 7.17338143886653 7.08662002636839 11.7970274375664 12.45042586405 11.0385291477983 10.0707365036422 12.5866923308073 9.99472642646136 7.1762986417867 6.35765976277794 7.61641465890805 7.0224534291391
8.95244565965736 7.38896934778832 6.74425774731955 7.73307658995806 6.83929717550119 6.70727984256627 10.7193724497351 7.56130737790822 5.15330543009028 6.75303451966558 5.55252869238851 6.7746072326534 7.61548268969014 7.9489147091209 6.58866635743435 5.78361256288641 7.76884878395257 10.0887173158688 8.62882258941547 7.15745792163307 9.01023239641062 8.06757058016925 10.2513909967943 7.69069200805349 6.65046610929137 6.35364552746489 6.15241402009817 3.92742713332543 6.86659443129737 9.19750905806525 10.4175206817946 10.845859465123 9.41304687503819 9.1663135490836 8.50830024993051 7.75530171695033 10.2731446200638 11.2750436595794 9.87572680643214 10.3384005130126 13.2563072398223 8.55070319391784 6.53775012179256 6.27501707576497 7.77922238210235 10.5404635718004
13.3996751035191 9.30418420680953 9.91990135549803 6.42292278169012 7.79599791043257 11.3810128142633 7.11908504662943 6.78639640352508 7.84978009524998 8.7289991357564 9.41463685381188 6.40785009530811 7.54041653175255 8.63868184470918 7.28133272232094 6.81573637684069 8.37716500568663 4.90192291160302 5.26447591227038 6.41838232697302 6.50628015944813 12.0958295053295 9.30437799696025 8.51715323628079 7.09377670383909 8.65425183505423 7.21602595428738 12.9541806090086 12.9165646637146 7.60297463003841 6.6197001749925 6.0736644370355 9.96170738193424 9.95769506822687 6.63507142241434 5.61269097151993 7.36319555528203 8.59178873843347 8.86043641182304 12.3741357365957 12.4430025022154 12.0953560732654 7.28140917883289 6.70709077402907 6.09783521052157 13.7018036608134
16.6364051376404 15.8065948546071 15.1872275333951 16.5537389613887 12.5181200492412 16.5242433002651 16.5857574233584 11.1727138592882 6.46968927046679 7.45248525622854 11.690850944813 11.612437067762 10.5336887738512 8.51219234994334 8.06595748836513 7.72163472626405 7.9212786414835 3.44280771465668 5.36154891419746 5.5098506181591 7.03477112352374 10.0185327828613 9.21304404252784 14.2885388009281 7.77286369115811 7.99288816015276 7.92980651640925 9.01304308064983 11.6387858962908 7.53668992694857 6.09761348800804 4.7682176204478 5.43820193312933 10.1435017302553 6.60196228932443 5.29452123558314 6.47793420514541 6.48690280586776 7.84349403277892 9.96148376373497 9.13756649473487 15.3620695948923 14.9187733512269 9.68034411692605 11.1190675173722 12.4986930226066
16.1711815022152 15.614311841897 15.7202549706562 16.3031076446875 16.454017302132 16.7326070093861 16.7844223240583 16.7140226401567 14.1925278859086 9.73917019789951 5.43285575101376 6.61206176648184 7.20433821709412 11.448447953453 12.7222726612052 8.77874739167712 8.54498244150849 7.56555328374391 5.72980231581751 8.11106889845093 10.9899694762526 8.12890251724894 8.20375207029939 12.02716049547 9.79787359702734 9.35343851649789 10.2173887734169 7.49085745113938 6.49306654163482 7.8535813668727 6.94430424206615 4.9683629203961 4.98582449675397 6.20168586088939 6.89254557286599 8.12470148276606 9.80916813948228 8.52361020335199 7.69221017510617 8.2782296598979 7.99787225474545 8.75070919634646 10.6038213271903 8.04608567425683 10.0239019684624 12.6411201117103
16.1417637306699 15.3818656080174 15.186497130167 15.3563578914551 15.2150591389351 14.9637975237269 15.0769915179387 16.0792469919217 16.5645623834007 16.6742238759942 14.2116369516176 13.8791845929824 10.0855697899017 11.0167841778034 10.7556860587183 8.54964001974774 7.76619761508605 7.39394083371305 9.68615026872325 10.1828304204893 8.71576155041272 5.38035084457552 4.8636625960209 7.40283589951551 6.56263293300802 7.55989882153679 7.71258703639605 5.72734739456714 6.18724910158081 7.3560874586615 5.92921577526084 4.75008547137196 4.75338252540096 6.24484374418252 6.12405783056322 7.53983841629293 8.60838944250058 11.4177766668822 12.581221808067 13.8135685724686 15.0410265218807 13.0305759269568 10.7482457309561 8.89393136927008 11.9464786183303 13.9522661255731
15.3900973962746 15.7843426713535 14.2074082213197 13.8483243034351 14.2707646293045 13.8299158318953 13.6752686885664 13.7978804562294 14.2482452700617 15.0751548294657 16.1123284067071 16.7926734611817 15.6625591529729 16.7213425820583 15.8833554857245 11.3083695226895 7.71331390304979 7.58739784208732 5.58854621128816 5.44133328824074 5.65296730774523 6.73492491523764 6.07498045641484 5.59824659006252 4.3978549021608 6.06844527901634 7.33970150347555 7.38204218651545 6.39428829896067 6.28334392583189 5.82630939582816 5.29051401785013 4.93490405220715 7.00256788156003 7.03033627642678 7.67745774412798 6.87504740220486 7.49200335048404 11.5549963087389 16.3716018540322 16.3591206014025 20.9892073505073 18.0537280373327 5.97619473275803 6.04066292313792 9.34039329813342
15.4495175464479 15.9802993177389 15.1192135137008 15.4432268643474 15.512013134538 15.1747311108215 14.428602249719 14.2538357796834 14.0590432093869 13.6187636994553 14.5868367238952 15.5663872802774 16.3332389257083 16.5544949766451 15.7694602643491 8.84802387329916 7.85508861881198 7.05836887603631 6.40108410651003 5.78880631494976 4.89466502210952 7.14086501872073 6.85624815192967 11.0903230231912 8.53819073486007 4.9360190427056 4.62227888358678 5.35629233265905 6.03767278133692 6.88604971497621 12.121980846594 6.45621553900844 7.07951902223274 15.8565398036752 12.1351677338767 10.8571619002489 7.4370467982614 6.44736059995306 8.14458785816705 9.03825881615559 12.6426926967921 13.5732911365735 18.4035681326189 11.8564889667153 10.8699590627942 11.5282759423645
15.6650359658105 14.6928691015163 14.2214827543047 15.2753059510036 16.0637448949679 15.1623209218513 15.7180380506067 15.5639002994006 14.4898515763829 14.1628395819167 13.8350503335816 14.2148639170216 15.0483857732477 17.8741343212091 17.3708209140501 16.2703583841961 12.0438008599997 8.11033660543932 6.23803802187083 5.84780580977913 5.39761859127645 6.01643392663368 9.26139644514599 10.3556539071764 5.68390134830069 9.78869522021155 5.81185185201509 5.24845733948309 5.43886699880886 9.56222837779201 11.4825712054132 14.2346506680053 12.520071044388 13.9642062983209 13.2633854756732 7.49013408645793 8.75548044884158 11.1886945766844 6.73463396282266 7.00675791683644 9.73746193365883 11.2871838223665 10.7955394120485 12.2219084297075 10.4909303444058 11.1150835237899
14.7722664807672 14.8713196334007 15.0771007966123 15.798925936905 15.626707758057 15.4734672866317 15.3766128447233 14.4355032159706 13.8681045492828 13.8609078976061 14.5481070003565 14.6456539293705 14.9253718063159 16.0471782140544 17.3086905965501 16.4152261751264 15.8088640404086 13.9925837234924 14.4045774468478 9.346875751927 6.91769678832352 6.34500142642067 10.2659056465025 5.99738287181056 6.93726908770263 6.64161438826615 7.15162446217804 7.67175502219534 8.11529862059955 10.6744509976726 11.0690392033102 13.3325870640094 10.644183499066 8.67914073429764 9.73616018341749 12.1660590293502 19.3234390450381 19.7525772754419 15.0201698587721 5.68002585670267 6.55419004546325 6.80849194535949 9.91026172321333 20.0555102202264 16.8344912839854 13.8181031033849
15.7212586020744 16.0125415268713 15.6677771950685 15.7923905987988 16.1186193763469 15.8991992545601 14.7617812342553 13.7518254354088 14.0038901370319 13.667833110126 13.8147704344067 14.9653518726946 15.1681770248775 14.9490333696181 16.1660203116285 13.1617923420712 15.2058939252609 17.5981842087989 17.5180864019501 11.2232375868887 9.08373912696514 6.62550578177573 8.45053525382889 8.40879401468208 6.28641066749331 7.6815723223571 10.5024649322757 14.2148123137956 15.0613129106045 8.99206806820832 9.5392368244888 7.88282540104548 8.00535687358257 14.2052885988974 18.5786748740683 14.5715560359989 13.3479445647526 10.6710976137404 17.0708855180369 17.53474392383 11.594683415422 13.4269958661162 9.24343522889787 9.01481666533471 17.5646265602706 11.7538342501853
15.3839060513676 15.7034613776138 14.6784546118344 13.977819778237 13.9282294695473 15.3364789052803 15.8864188128377 14.6892736676841 14.2005088529395 13.600015707417 14.7020922380599 14.69613897945 14.4499501504104 14.7102384813018 16.1612616248612 15.8055873712268 16.0881977540169 15.7890098511685 15.9950113449871 16.572009032258 17.3027477534842 18.7403754794961 14.0922335303032 7.56932117884973 5.74750381423511 8.9160394518595 6.62868965366751 7.72271052604115 8.167913191888 7.73373817593784 9.50494331165744 17.8008461911064 18.4038971142072 19.0599152717083 13.6482465403319 18.0981815266537 16.9050058806701 15.0795518304517 11.308154951116 18.8140736803372 20.1511708802327 19.8698241756107 14.4693055455853 10.1415151074633 11.345616283599 8.65975323594712
16.0457165447398 15.3379309314648 15.3990344390274 13.937706328653 13.4067716400243 13.9493019964921 15.4855566411877 11.3286089499527 14.6475856876559 13.852303580368 13.7184440613019 15.0392633983536 15.7612185483227 16.2370641340301 16.1468390023167 16.4241601444534 16.0137366088118 15.3627539512379 14.0232985202316 14.2792566005223 15.6414878037886 16.8911055539522 16.9005324136621 16.0826128673094 9.70569438360871 7.03301329308036 5.12458185433933 8.07861773981311 7.83011666739538 10.3037791767169 9.21094939235686 7.56676375859574 15.2400547352411 17.4831410554421 14.414440563533 10.8635310202103 10.0075253832044 15.8882156884856 19.517843889843 19.5474462135337 20.1507463611442 19.0037917423532 15.1342273213478 7.94324255401779 10.6510120573901 11.586574013841
14.7448619359932 15.9654790385303 14.3969741255197 14.1768544767489 12.7003815869989 12.2464081373985 12.4473696998218 13.33470768599 10.6040520745207 8.7762135734789 13.8706614782101 15.1441913004355 16.1478728699227 15.8703971165598 14.4207707476459 14.72629455489 15.792059193937 16.2395985137818 15.4056748920562 15.6535025739711 15.9546418201974 16.0230650127148 15.7989221383119 16.3101729311744 17.5034446306708 13.66337580903 13.7062688613663 13.0108409783012 7.52645293610142 8.02737861374326 8.21352145374713 8.30917931569637 9.20602460113784 11.1834100921337 14.1904232551939 14.7116949463514 14.9376504004346 17.3940766315661 18.2806894243303 17.6508467512027 17.5306802931624 13.7893504670223 11.8154866312171 11.7592865480927 6.71886947492348 10.2074662583026
15.2824027789713 14.8020595073917 15.5650482063074 12.7756557076227 13.4913176808351 13.521211991772 13.7490278448162 12.5762316146574 13.1156063912429 11.7569057060594 9.96506846233489 15.9530234036901 16.3901162915628 15.605960245688 14.4216920028831 13.9422174575281 14.2204322930169 14.9294796886061 15.5646414952283 15.2541347163794 14.023685364504 14.196436851729 15.2206063431416 16.8944684097812 17.1923842799843 17.0363865954707 16.7172491383866 7.24436824096369 14.209584456797 19.0238375672763 17.9375338618678 15.6149576189332 10.7461284659232 8.53064498420676 11.0615352921878 10.4654189254097 11.0992845802615 5.58329803992463 10.3109205306189 10.328086984531 11.8982671654617 8.38727368188719 5.56403155197552 9.00408027239695 11.0098282852984 7.87331867787216
14.6277812206008 14.4964463201492 13.4854375109941 15.0107750090301 14.4760053475958 13.4070571899431 14.3181860631152 13.7697241262365 12.9484450523601 13.2369287229118 11.8843073632708 14.1270398981129 14.7746813507481 15.6522474327008 16.1448476923979 15.4235827944538 14.5330708172101 13.7621641618508 14.0387099041371 14.0130084508877 13.8882146980427 13.5502536515091 14.8002991972779 16.2085651889905 16.5898217173954 16.6909728676184 17.9537898502278 13.5588754076697 6.62570490904138 11.4727782237137 14.8989780232244 14.5889766189553 17.0017629540218 7.84595297559451 7.99366861548332 7.05128576329537 4.45925722305923 3.32841438778522 5.55523330329959 6.9384218673541 7.60548935845984 6.46388459948389 6.54853677984754 5.29827573849465 5.78299065968414 8.31896737734729
15.0083063003566 15.8996138258096 14.8975378588243 14.3554901048485 13.7565481115877 14.5489579758994 11.3912432744244 13.2477836957581 13.476281961327 13.4965975279496 13.4198777390093 13.2987283670736 13.4217232791094 13.6745537436006 14.1824201352323 15.5675250944324 14.0872511958339 13.5814084864631 13.4745836733748 13.6400204436463 13.9205437351581 13.9658861875275 14.9059064524705 15.7833617701327 16.9288524252907 16.4374891801146 16.0584423595675 16.8837153261852 15.5292530222969 8.31701899527517 5.08546707079539 4.63116602619316 8.66984458235226 11.2632227729072 7.36047609851522 8.95566826317354 6.60545884494502 9.48206624951188 5.72054805912313 8.63605414104063 8.54222070402503 7.70963468290775 17.1055629452816 9.22829153127255 7.74888445606363 6.48974954133997
