0.0371574 0.747028 0.0466245 0.16919
0.0540353 0.790167 0.00780168 0.147996
0.165843 0.561198 0.0040169 0.268941
0.199831 0.799969 9.9982E-05 9.9982E-05
9.9982E-05 0.917183 0.0826175 9.9982E-05
0.123725 0.835735 0.0404402 9.9991E-05
0.156348 0.747102 0.0516058 0.0449446
0.245557 0.754243 9.9982E-05 9.9982E-05
0.0115556 0.640955 0.0926838 0.254806
0.250519 0.46765 0.0165764 0.265255
0.501183 0.30913 0.0472568 0.142431
0.202883 0.53873 0.00178008 0.256607
0.898546 9.9991E-05 0.0375646 0.063789
0.206194 0.497197 0.0769552 0.219654
9.999E-05 0.688189 0.099992 0.21172
0.16768 0.721756 9.9991E-05 0.110464
0.114519 0.636986 0.0221796 0.226316
0.0251779 0.867489 9.9991E-05 0.107233
0.18416 0.0613273 0.155082 0.599431
0.205587 0.116837 9.9991E-05 0.677475
0.0587716 0.22122 0.0076834 0.712325
0.065084 0.0199676 0.0321642 0.882784
0.051233 9.9982E-05 9.9982E-05 0.948567
9.9991E-05 0.158994 0.0189745 0.821931
0.0753701 0.226397 9.9991E-05 0.698133
9.9982E-05 0.0784276 9.9982E-05 0.921372
0.0495292 9.9991E-05 0.070474 0.879897
9.9982E-05 9.9982E-05 0.0479505 0.95185
9.9991E-05 0.0971357 0.00148354 0.901281
9.9991E-05 0.0680748 0.0763476 0.855478
0.0186108 9.9991E-05 0.0424592 0.93883
9.9991E-05 0.0724746 0.0602572 0.867168
0.105493 0.0265873 9.9991E-05 0.86782
0.340578 0.481366 9.9991E-05 0.177956
0.00232935 0.731264 0.0369449 0.229462
0.10578 0.71523 0.0738696 0.10512
0.239756 0.682209 9.9991E-05 0.0779348
0.348138 0.394656 0.08184 0.175366
0.0189369 9.9991E-05 0.35089 0.630073
0.134649 0.053988 0.0182157 0.793147
9.9991E-05 0.698954 0.129756 0.171191
0.239333 0.601838 9.9991E-05 0.158728
0.353839 0.250963 0.082461 0.312738
0.65874 0.0606529 0.146516 0.134092
0.998944 9.9982E-05 9.9982E-05 0.000856366
0.0175264 9.9991E-05 0.342494 0.63988
0.354857 0.382316 0.0106571 0.252169
0.688188 0.150591 0.0571704 0.10405
0.288606 0.304961 0.0285451 0.377889
0.279948 0.00418861 0.708746 0.00711731
0.148171 9.9991E-05 0.80399 0.0477393
9.9991E-05 0.201513 0.795642 0.00274418
0.22807 0.00243567 0.707584 0.0619103
9.9991E-05 0.044905 0.863143 0.0918522
9.9991E-05 0.0557964 0.847356 0.096748
9.9982E-05 0.282518 0.717282 9.9982E-05
0.119202 0.0674368 0.813262 9.9991E-05
9.9982E-05 9.9982E-05 0.856499 0.143302
0.0114415 0.155473 0.832986 9.9991E-05
0.181997 0.16738 0.650523 9.9991E-05
0.0799709 9.9991E-05 0.817994 0.101935
0.138883 0.0824744 0.721402 0.0572406
0.603168 9.9991E-05 0.371303 0.0254286
0.0235415 0.139239 0.0479618 0.789258
0.0656825 0.115091 0.0181372 0.80109
9.9982E-05 0.210331 9.9982E-05 0.789469
0.18255 0.0856499 0.71063 0.0211705
0.371921 9.9991E-05 0.565389 0.0625905
0.145198 0.0607726 0.747578 0.0464514
0.277923 9.9982E-05 0.721877 9.9982E-05
9.9991E-05 0.0612873 0.848549 0.0900632
0.578415 0.274394 0.147091 9.9991E-05
0.880199 0.0799875 0.015589 0.024225
0.852928 0.0735264 0.0734459 9.9991E-05
0.99425 0.00555024 9.9982E-05 9.9982E-05
0.897994 9.9982E-05 9.9982E-05 0.101806
0.9997 9.998E-05 9.998E-05 9.998E-05
0.879299 0.00886961 0.0330567 0.0787751
0.280229 0.0822882 0.637382 9.9991E-05
0.382008 0.0722593 0.479403 0.0663295
0.135903 9.9991E-05 0.745367 0.11863
0.0960478 9.9991E-05 0.777557 0.126295
9.9982E-05 0.235995 0.763805 9.9982E-05
0.106522 0.167449 0.0191471 0.706882
0.553838 0.0626092 0.264561 0.118992
0.908294 9.9982E-05 0.0915058 9.9982E-05
0.000801524 0.00010876 0.381974 0.617116
0.221723 0.556491 9.9991E-05 0.221687
0.103224 0.714137 9.9991E-05 0.182538
0.316646 0.502161 0.00591617 0.175277
0.32985 0.306596 0.0507994 0.312755
9.9991E-05 0.866058 0.0780361 0.0558059
0.786415 9.9991E-05 0.185223 0.0282615
0.125317 0.187311 0.0382136 0.649157
0.619921 0.0893456 0.261126 0.0296064
0.440611 0.222687 0.0572887 0.279413
9.9991E-05 0.768937 0.009023 0.22194
0.298185 0.662004 9.9991E-05 0.0397112
0.341499 0.563312 9.9991E-05 0.0950887
0.428099 0.500661 0.0241051 0.0471353
0.403671 0.577023 9.9991E-05 0.0192052
0.321956 0.624417 9.9991E-05 0.0535275
0.719713 0.0143829 0.21707 0.0488337
0.55769 0.143675 0.222428 0.0762063
0.769819 9.9991E-05 0.184511 0.0455707
0.687916 0.0852184 9.9991E-05 0.226766
0.560447 0.260618 0.0645237 0.114411
0.107711 0.426685 0.0378496 0.427754
9.9982E-05 0.234772 0.765028 9.9982E-05
0.19522 0.0153331 0.741685 0.0477624
0.707151 0.0242957 0.144084 0.124469
0.640036 0.109107 0.104297 0.146559
0.504716 0.0865236 0.171989 0.236771
0.267158 9.9982E-05 9.9982E-05 0.732642
0.233513 9.9991E-05 0.670658 0.0957288
0.338543 9.9991E-05 0.653199 0.00815788
0.475359 0.0651876 0.459354 9.9991E-05
0.11931 0.237926 0.0296139 0.613149
9.9991E-05 0.647094 0.0503317 0.302474
0.230745 0.695871 0.0158113 0.0575722
0.0346874 0.807964 0.0945648 0.0627842
0.033292 0.549555 9.9991E-05 0.417053
0.154203 0.740076 9.9991E-05 0.105621
0.0787551 0.781007 0.0515965 0.0886417
9.9991E-05 0.912966 0.0701769 0.0167575
0.0340931 0.509295 0.0499618 0.40665
0.0887806 0.756831 9.9991E-05 0.154289
0.136171 0.618894 9.9991E-05 0.244835
0.194571 0.698514 9.9991E-05 0.106815
0.225628 0.486472 0.069457 0.218443
0.127956 0.754338 0.0778565 0.0398492
0.351728 0.434885 9.9991E-05 0.213286
9.9991E-05 0.877205 0.0469577 0.0757378
0.155696 9.9982E-05 9.9982E-05 0.844104
0.0363982 0.100622 9.9991E-05 0.86288
9.9982E-05 0.0430952 9.9982E-05 0.956705
0.0124704 0.15564 0.087677 0.744213
0.10899 0.0300308 0.0180387 0.84294
0.299727 0.645749 0.0544242 9.9991E-05
0.291315 0.570382 9.9991E-05 0.138204
0.092205 9.9982E-05 0.907595 9.9982E-05
9.9991E-05 0.0430889 0.827203 0.129608
9.9991E-05 0.109232 0.888072 0.00259627
0.241227 0.063326 0.631362 0.064085
9.9982E-05 0.116413 0.883387 9.9982E-05
0.0454739 9.9991E-05 0.798685 0.155741
9.9982E-05 0.103962 0.895838 9.9982E-05
0.0362295 0.0049403 0.848035 0.110795
0.0174577 0.0493589 0.853675 0.0795083
0.0175693 0.0200736 0.842075 0.120282
0.178184 0.0489025 0.760398 0.0125159
0.113278 0.0629313 0.731172 0.0926189
9.9991E-05 0.133981 0.79588 0.0700389
9.9991E-05 0.0313626 0.877572 0.0909655
0.0484795 0.111061 0.838673 0.0017868
9.9982E-05 0.105937 0.893863 9.9982E-05
0.0512149 0.0349873 0.834037 0.0797608
0.70364 0.071915 0.178989 0.0454568
0.892174 0.107626 9.9982E-05 9.9982E-05
0.0710762 0.0895581 0.839266 9.9991E-05
9.9982E-05 0.285301 0.714499 9.9982E-05
0.162709 9.9991E-05 0.833886 0.00330495
0.623505 0.248079 0.128316 9.9991E-05
0.108393 0.862549 0.0161975 0.012861
9.9991E-05 0.739287 0.0308467 0.229767
0.249214 0.33037 9.9991E-05 0.420316
0.179262 0.247744 9.9991E-05 0.572894
0.227241 9.9982E-05 9.9982E-05 0.772559
0.149848 9.9991E-05 0.00257608 0.847476
0.0849514 0.182972 9.9991E-05 0.731977
0.0808325 0.158791 0.0402283 0.720149
0.101736 0.0684279 0.0791778 0.750658
9.9991E-05 0.126391 0.106661 0.766848
0.14538 0.80096 9.9991E-05 0.0535601
0.0874355 0.734726 0.0626994 0.115139
0.328668 0.669228 0.00200357 9.9991E-05
0.369132 0.630668 9.9982E-05 9.9982E-05
0.296278 0.703522 9.9982E-05 9.9982E-05
0.502287 0.497513 9.9982E-05 9.9982E-05
0.210258 0.632662 9.9991E-05 0.156979
0.25184 0.521475 0.0360597 0.190625
0.236926 0.622826 0.0111048 0.129142
0.327144 0.419556 9.9991E-05 0.2532
0.215579 0.5923 0.0296639 0.162457
0.14404 0.0424964 0.0678579 0.745606
0.247384 0.0295201 0.701166 0.0219301
0.101153 9.9991E-05 0.793131 0.105617
0.119515 9.9991E-05 0.871303 0.00908282
0.0839188 0.17068 0.745302 9.9991E-05
9.9991E-05 0.10568 0.802349 0.0918713
0.171202 0.396241 0.131178 0.30138
0.223221 0.512718 9.9991E-05 0.263961
0.0259371 0.707539 0.0181602 0.248364
0.251806 0.465749 9.9991E-05 0.282345
