0.851803 0.0245055 0.123691
0.869504 9.9991E-05 0.130396
0.704812 9.9991E-05 0.295088
0.931275 0.0278496 0.0408753
0.944537 0.0386357 0.0168273
0.951744 0.0481558 9.9991E-05
0.888132 0.0366484 0.0752195
0.939386 0.00109123 0.0595227
0.729588 0.0794773 0.190935
0.700922 0.0598998 0.239178
0.65092 0.238745 0.110335
0.613374 0.0710312 0.315595
0.551736 0.324373 0.123891
0.693025 0.132983 0.173991
0.634961 0.092043 0.272996
0.814777 9.9991E-05 0.185123
0.720099 0.03005 0.249851
0.945383 9.9991E-05 0.0545168
0.201594 0.197925 0.600481
0.251784 0.0171296 0.731087
0.292823 9.9991E-05 0.707077
0.111561 0.0437604 0.844678
9.999E-05 9.999E-05 0.9998
0.0757203 0.0334739 0.890806
0.293338 9.9991E-05 0.706562
0.0542399 9.9991E-05 0.94566
9.9991E-05 0.0434198 0.95648
0.0168455 0.0646768 0.918478
9.9991E-05 0.0370955 0.962804
0.0843332 0.0682406 0.847426
9.9991E-05 0.0469809 0.952919
0.0550303 0.0522936 0.892676
0.119178 9.9991E-05 0.880722
0.706925 0.0567101 0.236364
0.68467 9.9991E-05 0.31523
0.825772 0.0513849 0.122843
0.866976 0.0304863 0.102538
0.66816 0.137129 0.194711
9.9991E-05 0.335594 0.664306
9.9991E-05 0.0736112 0.926289
0.657153 0.117746 0.225102
0.806704 9.9991E-05 0.193196
0.474665 0.189747 0.335588
0.496881 0.34558 0.157539
0.583739 0.316801 0.0994594
9.9991E-05 0.373978 0.625922
0.627863 0.0918456 0.280291
0.635854 0.239301 0.124845
0.437214 0.152109 0.410677
0.0358624 0.887054 0.0770839
9.9991E-05 0.924825 0.0750748
0.142105 0.857795 9.9991E-05
0.170248 0.79316 0.0365923
9.9991E-05 0.89384 0.10606
0.00596955 0.907597 0.0864339
0.216571 0.783329 9.9991E-05
0.0473838 0.899009 0.0536069
9.9991E-05 0.886149 0.113751
0.115287 0.884613 9.9991E-05
0.269259 0.730641 9.9991E-05
9.9991E-05 0.935704 0.064196
0.102966 0.781694 0.115339
0.362364 0.578939 0.0586974
0.0990697 0.0515734 0.849357
0.166122 0.0121053 0.821773
0.0741635 9.9991E-05 0.925736
0.160444 0.814862 0.0246936
0.249357 0.710173 0.0404705
0.0511223 0.853879 0.0949987
0.0604114 0.872744 0.0668444
0.0378069 0.896848 0.0653455
0.644839 0.355061 9.9991E-05
0.656376 0.308365 0.0352587
0.648848 0.345139 0.00601351
0.598379 0.316509 0.0851113
0.530517 0.302208 0.167275
0.520718 0.344897 0.134384
0.559323 0.27364 0.167036
0.212872 0.787028 9.9991E-05
0.268234 0.647319 0.0844468
0.0848323 0.854246 0.0609216
9.9991E-05 0.870637 0.129263
0.204866 0.795034 9.9991E-05
0.185435 0.084479 0.730086
0.398708 0.493181 0.10811
0.591755 0.408145 9.9991E-05
9.9991E-05 0.39224 0.60766
0.767126 9.9991E-05 0.232774
0.820025 9.9991E-05 0.179875
0.709156 0.0579828 0.232861
0.521002 0.161835 0.317164
0.85417 0.0231964 0.122633
0.469022 0.459819 0.0711596
0.280347 0.0821083 0.637545
0.489139 0.444731 0.0661302
0.534794 0.145447 0.31976
0.748884 9.9991E-05 0.251016
0.921377 0.0266014 0.0520217
0.780587 0.0304891 0.188924
0.861412 0.0830255 0.0555629
0.87733 0.0579071 0.0647633
0.911608 9.9991E-05 0.088292
0.471216 0.465584 0.0631996
0.563237 0.372576 0.0641872
0.427974 0.450272 0.121754
0.57064 0.140526 0.288835
0.575296 0.232471 0.192233
0.54138 0.0136837 0.444936
0.178958 0.820942 9.9991E-05
0.116885 0.831854 0.0512614
0.411436 0.38442 0.204144
0.530771 0.337761 0.131468
0.314774 0.333174 0.352051
0.161994 0.0085548 0.829451
0.0628668 0.822089 0.115044
0.178275 0.803096 0.0186286
0.353393 0.646507 9.9991E-05
0.373292 0.057075 0.569633
0.703656 0.0213477 0.274996
0.868409 0.0595229 0.0720685
0.757219 0.102061 0.14072
0.548445 9.9991E-05 0.451455
0.742223 0.00071733 0.25706
0.86268 9.9991E-05 0.13722
0.90504 0.0099057 0.0850548
0.61498 0.0176451 0.367375
0.870021 9.9991E-05 0.129879
0.807813 9.9991E-05 0.192087
0.854939 9.9991E-05 0.144961
0.552211 0.12689 0.320899
0.825087 0.054544 0.120369
0.64922 0.084256 0.266524
0.844057 9.9991E-05 0.155843
0.0981864 9.9991E-05 0.901714
0.120044 9.9991E-05 0.879856
9.999E-05 9.999E-05 0.9998
0.130481 0.0503395 0.81918
0.0927732 0.0477181 0.859509
0.817608 0.11728 0.0651128
0.802889 9.9991E-05 0.197011
9.999E-05 0.9998 9.999E-05
0.0365744 0.883647 0.0797782
0.0504834 0.934452 0.0150642
0.208229 0.77768 0.0140912
0.0649704 0.93493 9.9991E-05
9.9991E-05 0.888157 0.111743
0.022836 0.977064 9.9991E-05
0.0364827 0.883855 0.0796621
0.0195166 0.897073 0.0834102
9.9991E-05 0.90354 0.0963596
0.0910435 0.908856 9.9991E-05
0.10858 0.850704 0.0407161
0.0336267 0.84977 0.116604
9.9991E-05 0.933024 0.0668761
0.087872 0.911728 0.000399966
0.0271833 0.972717 9.9991E-05
0.00615446 0.932708 0.0611372
0.573763 0.413775 0.0124625
0.753147 0.214362 0.0324901
0.0376616 0.962238 9.9991E-05
0.267794 0.709208 0.0229981
9.9991E-05 0.958182 0.0417181
0.654336 0.345564 9.9991E-05
0.966512 0.0333881 9.9991E-05
0.739361 9.9991E-05 0.260539
0.463364 0.0362203 0.500415
0.341934 9.9991E-05 0.657966
0.120263 0.0124375 0.867299
0.0870623 0.0247882 0.88815
0.149758 9.9991E-05 0.850142
0.137946 0.027328 0.834726
0.0639973 0.113835 0.822168
9.9991E-05 0.0725909 0.927309
0.860386 9.9991E-05 0.139514
0.76919 0.0978457 0.132964
0.953661 0.0462386 9.9991E-05
0.996519 0.00338142 9.9991E-05
0.998503 0.00139681 9.9991E-05
0.851828 0.102823 0.0453492
0.712262 0.0277834 0.259954
0.678476 0.0847183 0.236805
0.859119 0.0437492 0.0971317
0.750549 0.0479996 0.201451
0.849388 0.0551754 0.0954365
0.0191017 0.145671 0.835228
0.0281131 0.86876 0.103127
9.9991E-05 0.847093 0.152807
0.0313864 0.968514 9.9991E-05
0.141239 0.78446 0.0743012
0.0315702 0.867745 0.100685
0.526337 0.140416 0.333247
0.666046 0.0215024 0.312452
0.831395 9.9991E-05 0.168505
0.598446 0.0259272 0.375627
