9.9991E-05 0.839115 0.160785
9.999E-05 0.892822 0.107078
0.0208344 0.723798 0.255368
0.0366902 0.890258 0.0730513
0.0471572 0.928568 0.024275
0.041804 0.89582 0.0623757
0.0442831 0.869015 0.086702
0.0172007 0.9218 0.0609995
0.0460687 0.7073 0.246632
0.062554 0.751442 0.186004
0.191741 0.662156 0.146103
0.0891015 0.555961 0.354938
0.354363 0.466534 0.179103
0.0981389 0.644997 0.256864
0.0395248 0.703542 0.256933
0.0149962 0.848279 0.136724
9.9991E-05 0.739835 0.260065
9.9991E-05 0.933849 0.0660509
0.178876 0.155438 0.665687
0.0132522 0.235611 0.751137
9.9991E-05 0.220122 0.779778
0.064434 0.0262759 0.90929
9.999E-05 9.999E-05 0.9998
0.0144639 0.114515 0.871021
9.9991E-05 0.247706 0.752194
9.999E-05 9.999E-05 0.9998
0.0454054 9.9991E-05 0.954495
0.0412712 9.9991E-05 0.958629
9.9991E-05 0.00920077 0.990699
0.0650596 0.0822051 0.852735
0.0133067 0.00734916 0.979344
0.0404719 0.0692031 0.890325
0.0285126 0.0660411 0.905446
0.062469 0.674566 0.262965
0.039798 0.66857 0.291632
0.0921048 0.789242 0.118653
0.0105615 0.893147 0.0962917
0.077387 0.716449 0.206164
0.379248 9.9991E-05 0.620652
0.0429575 0.0720766 0.884966
0.0933322 0.751063 0.155604
9.9991E-05 0.72986 0.27004
0.161953 0.485976 0.352072
0.352517 0.419696 0.227786
0.286767 0.614234 0.0989992
0.381236 9.9991E-05 0.618664
0.063507 0.613183 0.32331
0.211581 0.518795 0.269624
0.156252 0.425284 0.418464
0.864276 0.135624 9.9991E-05
0.90255 0.0223834 0.0750665
0.861275 0.138625 9.9991E-05
0.850961 0.128592 0.0204467
0.892253 9.9991E-05 0.107647
0.893512 9.9991E-05 0.106388
0.784536 0.215364 9.9991E-05
0.860613 0.0756531 0.0637337
0.903546 9.9991E-05 0.0963537
0.873507 0.126393 9.9991E-05
0.75741 0.24249 9.9991E-05
0.923802 9.9991E-05 0.0760984
0.749837 0.183874 0.0662894
0.557294 0.33887 0.103836
0.0367595 0.102995 0.860246
0.00431826 0.150852 0.844829
9.9991E-05 0.0734455 0.926454
0.808628 0.191272 9.9991E-05
0.731107 0.237652 0.0312409
0.818315 0.0884555 0.0932298
0.874978 0.0376984 0.0873241
0.936479 0.0426656 0.0208554
0.373495 0.626405 9.9991E-05
0.31309 0.636667 0.0502433
0.333803 0.600176 0.066021
0.355453 0.571601 0.0729455
0.291539 0.482961 0.2255
0.346393 0.533998 0.119609
0.291706 0.593066 0.115228
0.727528 0.272372 9.9991E-05
0.646114 0.218397 0.135489
0.851198 0.0444828 0.104319
0.870645 9.9991E-05 0.129255
0.812108 0.185593 0.0022985
0.0659107 0.169783 0.764307
0.461278 0.44354 0.0951816
0.419167 0.580733 9.9991E-05
0.4121 9.9991E-05 0.5878
9.9991E-05 0.768127 0.231773
9.9991E-05 0.910204 0.0896961
0.0245789 0.773803 0.201618
0.155415 0.553847 0.290738
0.0647429 0.853111 0.0821464
0.432203 0.547592 0.0202043
0.0611244 0.232568 0.706307
0.44894 0.474112 0.0769487
0.122841 0.514127 0.363032
9.9991E-05 0.796823 0.203077
0.0441525 0.911316 0.0445311
9.9991E-05 0.815432 0.184468
0.0971237 0.797832 0.105045
0.0419384 0.867959 0.0901029
9.9991E-05 0.880291 0.119609
0.455561 0.471149 0.0732894
0.369001 0.461651 0.169348
0.443079 0.448095 0.108826
0.102819 0.615131 0.28205
0.2232 0.620111 0.156689
0.0326024 0.44371 0.523687
0.846494 0.113504 0.0400018
0.878076 0.0513478 0.0705757
0.391947 0.414809 0.193244
0.33928 0.493262 0.167458
0.31429 0.333871 0.351839
0.00448811 0.131296 0.864215
0.826311 0.00907477 0.164615
0.80311 0.19679 9.9991E-05
0.64972 0.35018 9.9991E-05
0.0524252 0.392753 0.554822
0.0314553 0.695205 0.273339
0.0548888 0.86568 0.0794307
0.0921058 0.815459 0.0924347
9.9991E-05 0.622071 0.377829
0.0111363 0.75492 0.233944
9.9991E-05 0.879128 0.120772
0.0607368 0.939163 9.9991E-05
0.00871494 0.617553 0.373732
9.9991E-05 0.876087 0.123813
9.9991E-05 0.803509 0.196391
9.9991E-05 0.857719 0.142181
0.137094 0.556445 0.306462
0.0750849 0.845665 0.07925
0.0408909 0.660037 0.299072
0.0156668 0.929445 0.0548879
0.0334113 0.0411127 0.925476
9.9991E-05 0.0143457 0.985554
9.999E-05 9.999E-05 0.9998
0.0373992 0.0756542 0.886947
0.0861342 0.0601995 0.853666
0.101789 0.892559 0.00565203
0.0259046 0.756343 0.217752
0.9998 9.999E-05 9.999E-05
0.906181 0.0937195 9.9991E-05
0.94775 0.0521498 9.9991E-05
0.724523 0.232941 0.0425355
0.962229 0.0376713 9.9991E-05
0.86931 9.9991E-05 0.13059
0.979284 0.0206165 9.9991E-05
0.935798 9.9991E-05 0.0641016
0.951748 9.9991E-05 0.048152
0.916493 9.9991E-05 0.0834067
0.962105 9.9991E-05 0.0377953
0.863539 0.0903439 0.046117
0.844699 0.081865 0.0734365
0.944592 9.9991E-05 0.0553079
0.929457 9.9991E-05 0.0704425
0.952176 0.047724 9.9991E-05
0.940845 9.9991E-05 0.0590546
0.379622 0.557916 0.0624623
0.239434 0.689859 0.0707073
0.905034 0.0948664 9.9991E-05
0.735948 0.263952 9.9991E-05
0.990394 9.9991E-05 0.00950563
0.326918 0.672982 9.9991E-05
0.0347572 0.9501 0.015143
0.0105991 0.647694 0.341707
0.0316592 0.513183 0.455158
0.0131033 0.347668 0.639229
0.0275714 0.124996 0.847432
0.0256307 0.0419972 0.932372
9.9991E-05 0.183345 0.816555
0.0048635 0.17016 0.824976
0.112305 0.0130178 0.874677
0.0790921 0.0728947 0.848013
9.9991E-05 0.840513 0.159387
0.0811057 0.800753 0.118141
0.113886 0.886014 9.9991E-05
0.0395993 0.960301 9.9991E-05
0.00861834 0.991282 9.9991E-05
0.0803373 0.919563 9.9991E-05
0.0294435 0.772189 0.198368
0.0819017 0.663028 0.25507
0.0500698 0.793768 0.156162
0.0708912 0.72535 0.203759
0.0297809 0.787617 0.182602
0.132775 0.0874459 0.779779
0.840087 0.0789879 0.080925
0.893943 9.9991E-05 0.105957
0.938254 0.0197992 0.0419468
0.799735 0.187874 0.0123911
0.854535 0.0759823 0.0694829
0.183962 0.51046 0.305578
0.0246761 0.660554 0.31477
9.9991E-05 0.716384 0.283516
0.0287805 0.644351 0.326868
