0.0988915 0.0214374 0.0188439 0.121702 0.739126
0.0838863 0.029027 9.9991E-05 0.136215 0.750772
0.165975 0.0232512 0.0211929 0.0252803 0.7643
0.0265798 0.00172116 9.9991E-05 0.22123 0.750369
0.0233107 0.00557117 0.0861128 9.9991E-05 0.884905
9.999E-05 0.00217055 0.0481255 0.130433 0.819171
0.113415 9.9991E-05 0.0436755 0.182651 0.660158
0.0125536 0.0382921 9.9991E-05 0.167396 0.781659
0.199784 0.0255887 0.0812453 9.9991E-05 0.693282
0.217789 0.0278616 0.015003 0.202507 0.53684
0.0848659 0.053007 0.0713425 0.486998 0.303787
0.233727 0.0333614 0.0340661 0.235161 0.463685
0.0307724 0.0368545 0.0359681 0.876818 0.0195868
0.255033 9.9991E-05 0.107332 0.108202 0.529333
0.137136 0.0520286 0.0995589 9.9991E-05 0.711176
0.148155 0.0206886 9.9991E-05 0.191506 0.639551
0.238195 9.9991E-05 0.0183029 0.0246979 0.718704
0.119036 0.0445203 9.9982E-05 9.9982E-05 0.836244
0.523753 0.0643018 0.146713 0.155679 0.109553
0.743288 9.9973E-05 9.9973E-05 0.256412 9.9973E-05
0.748988 9.9991E-05 0.0200996 0.00272261 0.22809
0.814433 0.0270665 0.00737356 0.151027 9.9991E-05
0.925435 0.0338651 0.0265056 0.0140947 9.9991E-05
0.805156 0.044132 0.0039402 9.9991E-05 0.146672
0.721144 9.9982E-05 9.9982E-05 0.100868 0.177788
0.939645 0.019311 9.9982E-05 9.9982E-05 0.0408439
0.890453 0.0385756 0.0707714 9.9982E-05 9.9982E-05
0.860958 0.0288322 0.0916551 9.9991E-05 0.0184552
0.924105 9.9982E-05 0.0170444 9.9982E-05 0.058651
0.871373 9.9982E-05 0.107606 9.9982E-05 0.0208216
0.910324 0.00609015 0.0561345 0.001458 0.0259934
0.851981 0.0138097 0.0688088 9.9991E-05 0.0653007
0.820053 0.0671775 9.9991E-05 0.00753239 0.105137
0.15917 0.071786 9.9991E-05 0.276072 0.492871
0.224744 0.0012441 0.0661648 9.9991E-05 0.707747
0.16244 9.9991E-05 0.0760193 0.0486391 0.712801
0.0663065 0.0236947 0.028711 0.207742 0.673546
0.127915 0.0243661 0.123004 0.184366 0.540349
9.997E-05 0.9996 9.997E-05 9.997E-05 9.997E-05
0.748181 0.0340765 0.0090417 0.208601 9.9991E-05
0.127517 0.0220762 0.106907 9.9991E-05 0.7434
0.136816 9.9982E-05 9.9982E-05 0.239939 0.623045
0.301068 0.00357621 0.129837 0.2831 0.28242
0.0749009 0.0468701 0.112611 0.673219 0.0923993
0.0589558 9.9973E-05 9.9973E-05 0.940744 9.9973E-05
9.997E-05 0.9996 9.997E-05 9.997E-05 9.997E-05
0.246126 0.0594049 9.9991E-05 0.353575 0.340794
0.162192 9.9991E-05 0.0864439 0.547287 0.203978
0.34616 0.0498016 0.104856 0.165987 0.333196
9.9991E-05 0.0462523 0.78945 0.0915375 0.0726606
0.0169875 0.0328071 0.781594 0.153349 0.0152626
9.9973E-05 9.9973E-05 0.80372 9.9973E-05 0.19598
0.0152049 0.0404484 0.732442 0.140451 0.0714539
0.074888 0.0677096 0.843171 9.9991E-05 0.0141311
0.105836 9.9982E-05 0.862321 9.9982E-05 0.031643
9.9973E-05 9.9973E-05 0.753626 9.9973E-05 0.246074
0.0228033 0.0176269 0.818721 0.0624769 0.0783724
0.12355 0.0350136 0.841236 9.9982E-05 9.9982E-05
9.9991E-05 0.0567837 0.807908 0.0213644 0.113843
9.9991E-05 0.022184 0.641644 0.184235 0.151837
0.0941922 9.9982E-05 0.856915 0.0486929 9.9982E-05
0.0684161 9.99912E-05 0.7036 0.178662 0.0492213
0.0667564 0.06673 0.328029 0.532393 0.00609185
0.768928 0.0212028 0.0550567 0.0024103 0.152402
0.768565 0.0185476 0.0316655 9.9991E-05 0.181122
0.846942 0.027416 9.9982E-05 9.9982E-05 0.125442
0.0471905 0.0168913 0.716433 0.111821 0.107664
9.9982E-05 0.0594844 0.454805 0.48551 9.9982E-05
0.0923104 0.0277113 0.706403 0.137347 0.0362284
9.9982E-05 0.0397641 0.718936 0.2411 9.9982E-05
9.9982E-05 0.0592535 0.844095 9.9982E-05 0.0964518
9.9982E-05 9.9982E-05 0.128273 0.636391 0.235136
0.00822614 0.010879 0.0750029 0.810107 0.0957847
0.039767 0.0215277 0.0700298 0.797735 0.0709405
9.9973E-05 0.0200152 9.9973E-05 0.979685 9.9973E-05
0.0757858 0.032162 9.9982E-05 0.891852 9.9982E-05
9.9973E-05 0.0194834 9.9973E-05 0.980217 9.9973E-05
0.114413 0.0316045 0.0359624 0.731659 0.0863603
9.9982E-05 9.9982E-05 0.711771 0.170813 0.117217
9.9991E-05 0.121006 0.445664 0.331006 0.102224
0.136591 0.0264346 0.738401 0.0984733 9.9991E-05
0.0708591 0.0531384 0.78992 0.0859821 9.9991E-05
9.9991E-05 0.0258203 0.743626 0.0208387 0.209615
0.730467 0.0297861 0.000929912 0.238717 9.9991E-05
0.140608 9.9982E-05 0.312476 0.546716 9.9982E-05
9.9973E-05 9.9973E-05 0.114793 0.884907 9.9973E-05
9.997E-05 0.9996 9.997E-05 9.997E-05 9.997E-05
0.192767 0.00438097 9.9991E-05 0.137815 0.664937
0.124643 0.0400264 9.9991E-05 0.121346 0.713885
0.155294 0.0492025 9.9991E-05 0.250341 0.545062
0.274677 0.0338818 0.0863291 0.257087 0.348026
0.10026 9.9991E-05 0.0612742 0.0441193 0.794247
0.00734607 9.9982E-05 0.176821 0.815633 9.9982E-05
0.593649 0.0520917 0.0411379 0.0983852 0.214736
9.9991E-05 0.0735059 0.161425 0.692723 0.0722454
0.299775 0.0305145 0.0365148 0.438397 0.194798
0.15567 0.00601651 0.0249604 9.9991E-05 0.813253
0.0889778 9.9982E-05 9.9982E-05 0.263267 0.647556
0.146445 9.9982E-05 9.9982E-05 0.336148 0.517207
9.9982E-05 0.0157759 9.9982E-05 0.370781 0.613243
0.0157906 0.0228919 9.9991E-05 0.389227 0.571991
0.119919 0.0141728 9.9991E-05 0.306545 0.559263
0.0405567 0.0245101 0.200051 0.691692 0.0431906
0.0143504 0.0645176 0.108084 0.681324 0.131724
0.0251033 0.103006 0.196733 0.596716 0.078442
0.206976 0.0158368 9.9991E-05 0.6683 0.108787
0.177279 9.9991E-05 0.128616 0.471353 0.222652
0.471972 9.9991E-05 0.0614671 0.0223841 0.444077
0.0248163 0.0237883 0.80272 9.9991E-05 0.148575
0.0146325 0.0465458 0.731312 0.20741 9.9991E-05
0.247445 9.9982E-05 0.154903 0.597452 9.9982E-05
0.131699 0.0274669 0.148533 0.569272 0.123029
0.311162 0.0615021 0.147425 0.469044 0.0108667
0.704425 9.9973E-05 9.9973E-05 0.295275 9.9973E-05
0.0377174 0.0420223 0.636774 0.283386 9.9991E-05
0.0430797 9.9991E-05 0.65563 0.288905 0.0122847
9.9982E-05 9.9982E-05 0.447299 0.455351 0.0971499
0.457812 0.0641207 0.0303134 0.138678 0.309076
0.204162 0.012838 0.0771406 9.9991E-05 0.705759
0.0311176 0.0520348 0.052908 0.0950633 0.768876
0.0280964 9.9991E-05 0.104948 0.0726683 0.794187
0.424833 9.9991E-05 0.00752461 0.0123737 0.555168
0.157864 0.0293608 0.0318557 0.0866444 0.694275
0.131448 9.9991E-05 0.0596767 0.0280926 0.780683
9.9982E-05 0.00518466 0.0794151 9.9982E-05 0.9152
0.40362 0.0165251 0.0491102 0.071558 0.459187
0.107929 0.0113454 9.9991E-05 0.158065 0.72256
0.1584 0.0421013 9.9991E-05 0.120763 0.678636
0.111396 0.0269989 9.9991E-05 0.16663 0.694875
0.23785 9.9991E-05 0.0946608 0.181115 0.486274
0.0358809 0.0392823 0.0807115 0.0946782 0.749447
0.21731 0.0142483 9.9991E-05 0.362444 0.405898
0.00213403 9.9991E-05 0.0547628 0.0895828 0.85342
0.791123 9.9973E-05 9.9973E-05 0.208577 9.9973E-05
0.884213 9.9982E-05 9.9982E-05 0.0459943 0.0695924
0.895686 0.0408242 9.9982E-05 9.9982E-05 0.0632898
0.788084 9.9991E-05 0.0643644 0.00468425 0.142767
0.783692 0.00913989 0.0561815 0.14461 0.00637687
0.0351013 9.9991E-05 0.066677 0.244849 0.653272
0.182268 0.0382452 9.9991E-05 0.104391 0.674996
9.9982E-05 0.00688659 0.93365 0.0592632 9.9982E-05
0.0816398 0.034222 0.808736 0.0301381 0.0452638
9.9991E-05 0.0180299 0.869385 0.0170884 0.0953962
0.0427548 9.9991E-05 0.619649 0.299446 0.0380498
9.9991E-05 0.0304833 0.874338 0.0649257 0.0301533
0.170369 0.013389 0.787535 0.0286072 9.9991E-05
9.9991E-05 0.0216706 0.909848 0.0109739 0.0574071
0.0527599 9.9982E-05 0.903019 0.0440208 9.9982E-05
0.0938106 9.9991E-05 0.87045 0.0276083 0.00803108
0.0996576 0.00182803 0.841914 0.0565008 9.9991E-05
9.9991E-05 0.0435824 0.813379 0.0746681 0.0682706
0.10252 0.0439825 0.770735 0.00873058 0.0740318
0.0507354 0.0230905 0.799004 9.9991E-05 0.12707
0.0696671 0.0379852 0.892148 9.9982E-05 9.9982E-05
9.9991E-05 0.00644188 0.864606 0.113875 0.0149773
9.9982E-05 0.0157517 0.898414 9.9982E-05 0.085634
0.0577792 0.0244949 0.890429 9.9991E-05 0.0271974
0.0216406 9.9991E-05 0.128942 0.765102 0.0842154
9.9973E-05 9.9973E-05 9.9973E-05 0.902038 0.0976622
9.9982E-05 9.9982E-05 0.852319 0.0955669 0.0519146
9.9982E-05 0.0309593 0.714827 9.9982E-05 0.254014
0.0143598 9.9982E-05 0.862828 0.122612 9.9982E-05
9.9982E-05 9.9982E-05 0.160917 0.698448 0.140435
9.9991E-05 0.0274834 0.0191449 0.0435236 0.909748
0.169615 0.0246794 0.00314138 9.9991E-05 0.802464
0.444236 9.9991E-05 0.0215768 0.121402 0.412686
0.66351 9.9991E-05 0.00428798 0.0946851 0.237417
0.768538 0.00703077 9.9982E-05 0.224231 9.9982E-05
0.920146 0.00326583 0.0606064 0.0158815 9.9991E-05
0.744353 0.0124671 9.9991E-05 0.103535 0.139545
0.790139 0.0194057 0.0306696 0.0548081 0.104978
0.717829 0.0451159 0.0726145 0.164341 9.9991E-05
0.81328 0.0426337 0.0985672 9.9991E-05 0.0454195
0.120391 0.0180248 0.00969029 0.125641 0.726253
0.0343593 0.0425286 0.0582958 0.091604 0.773212
9.9991E-05 0.0366782 0.0255993 0.192128 0.745494
9.9973E-05 9.9973E-05 9.9973E-05 0.341851 0.657849
9.9973E-05 9.9973E-05 9.9973E-05 0.249739 0.749961
9.9982E-05 9.9982E-05 0.00489558 0.463081 0.531824
0.225478 0.0164647 9.9991E-05 0.18684 0.571117
0.147487 0.0198759 0.0544632 0.184843 0.59333
0.0696475 0.0453285 9.9991E-05 0.282224 0.6027
0.133253 0.0237857 0.0560268 0.140499 0.646436
0.106394 0.00981078 0.0132944 0.198358 0.672142
0.670495 0.130271 0.0390344 0.0674391 0.0927602
9.9982E-05 0.0311051 0.728541 0.240154 9.9982E-05
0.0742195 0.0320089 0.82375 0.0699216 9.9991E-05
0.0409299 0.0175537 0.869739 0.0716777 9.9991E-05
9.9991E-05 0.0141664 0.70469 0.104494 0.17655
0.0765128 0.0331144 0.76859 0.00229356 0.119489
0.283396 0.0270182 0.125859 0.157215 0.406511
0.269581 0.0402108 9.9991E-05 0.248119 0.441989
0.110796 0.0759151 9.9982E-05 9.9982E-05 0.813089
0.259622 0.0815149 9.9991E-05 0.209015 0.449748
