9.9973E-05 9.9973E-05 0.0680085 0.748605 0.106691 9.9973E-05 0.0763956
9.999E-05 0.0194258 0.0422758 0.613649 0.0325725 0.218648 0.0733284
0.010404 0.0323144 0.0290523 0.791251 0.0175586 9.9991E-05 0.119319
9.9982E-05 0.00329573 0.238494 0.704195 9.9982E-05 0.0384341 0.0153811
9.99639E-05 9.99639E-05 9.99639E-05 0.839537 0.0965859 0.0634775 9.99639E-05
9.9973E-05 9.9973E-05 0.15246 0.734995 0.0998101 0.0124344 9.9973E-05
9.9982E-05 9.9982E-05 0.205535 0.530047 0.091987 0.132223 0.0400079
9.9973E-05 0.0371181 0.195452 0.636757 9.9973E-05 0.130373 9.9973E-05
0.101531 0.00490894 9.9982E-05 0.13291 9.9982E-05 0.676875 0.0835757
9.999E-05 0.0317319 0.157103 0.26171 0.0471983 0.370236 0.13192
0.0952993 0.0558562 0.408492 0.0244461 9.9991E-05 0.352895 0.0629121
0.0852457 0.0321122 0.0845746 0.281361 9.9991E-05 0.326192 0.190414
0.0793109 0.0418448 0.662115 9.9973E-05 9.9973E-05 0.216429 9.9973E-05
0.122945 9.9973E-05 0.0552505 9.9973E-05 9.9973E-05 0.676117 0.145387
0.08172 0.045033 9.9982E-05 0.4658 9.9982E-05 0.312411 0.0948353
9.9973E-05 9.9973E-05 0.219085 0.227382 9.9973E-05 0.50708 0.0461529
9.9973E-05 9.9973E-05 9.9973E-05 0.279387 0.0252313 0.531704 0.163378
9.9982E-05 0.0331063 0.0434883 0.560396 9.9982E-05 0.33476 0.0280498
0.107729 0.0708957 0.115826 0.110076 0.0800041 9.9991E-05 0.515369
9.9964E-05 9.9964E-05 0.17714 9.9964E-05 9.9964E-05 0.134448 0.688012
0.0568699 9.9973E-05 9.9973E-05 0.129773 9.9973E-05 0.111933 0.701125
9.9982E-05 0.0150287 0.103434 0.0536737 0.0461233 9.9982E-05 0.78154
9.9973E-05 0.0364726 0.0228252 9.9973E-05 0.0587111 9.9973E-05 0.881691
0.0446059 0.0401921 9.9982E-05 0.114326 9.9982E-05 0.0620281 0.738648
9.9982E-05 9.9982E-05 0.0350873 0.167548 0.0712031 0.120044 0.605918
9.9973E-05 0.0165709 9.9973E-05 0.101764 0.0315892 9.9973E-05 0.849776
0.0493433 0.0510625 9.9982E-05 9.9982E-05 0.0461286 0.0309261 0.82234
0.0168011 0.0367269 9.9982E-05 9.9982E-05 0.0848909 0.068872 0.792509
0.00803411 9.9973E-05 9.9973E-05 0.128942 0.0250813 9.9973E-05 0.837643
0.0292136 9.9973E-05 9.9973E-05 0.0731264 0.114522 9.9973E-05 0.782838
9.9973E-05 0.000613371 9.9973E-05 9.9973E-05 0.0821351 0.13557 0.781382
0.0669769 0.0294712 9.9973E-05 9.9973E-05 9.9973E-05 0.131756 0.771496
9.9991E-05 0.0660867 0.0323852 0.0199011 0.0425671 0.0563817 0.782578
9.9982E-05 0.0622968 0.224145 0.435488 9.9982E-05 0.144948 0.132923
0.0825567 9.9973E-05 9.9973E-05 0.487625 9.9973E-05 0.241091 0.188427
0.0826839 9.9982E-05 0.0981597 0.697788 9.9982E-05 0.00784463 0.113324
0.0111382 0.0172698 0.199213 0.679433 0.0106561 0.00974698 0.0725429
0.0609241 0.00874474 0.179145 0.315149 0.0321525 0.29204 0.111845
9.995E-05 0.9994 9.995E-05 9.995E-05 9.995E-05 9.995E-05 9.995E-05
0.0343488 0.0408762 0.195526 9.9973E-05 9.9973E-05 9.9973E-05 0.728949
9.9973E-05 0.0172628 9.9973E-05 0.740122 0.169812 9.9973E-05 0.072503
9.9982E-05 0.00342966 0.178965 0.469846 9.9982E-05 0.206927 0.140631
9.999E-05 0.00203822 0.197773 0.239048 0.208765 0.103357 0.248919
0.0438827 0.0328166 0.606467 9.9991E-05 0.0632886 0.165778 0.0876667
9.9973E-05 0.00164929 0.929492 9.9973E-05 0.0305394 9.9973E-05 0.0380194
9.995E-05 0.9994 9.995E-05 9.995E-05 9.995E-05 9.995E-05 9.995E-05
0.0594553 0.0358918 0.233203 0.1991 9.9991E-05 0.25322 0.219029
0.0314816 9.9991E-05 0.358101 0.0909438 0.089556 0.344014 0.0858038
0.112331 0.0487584 0.173258 0.191511 0.0107154 0.177737 0.28569
0.32087 0.0281934 9.9973E-05 9.9973E-05 0.524915 0.125721 9.9973E-05
0.650585 0.0121093 0.120459 9.9982E-05 0.156702 0.0599434 9.9982E-05
0.563454 9.9982E-05 9.9982E-05 0.136422 0.2752 0.022616 0.00210818
0.709333 0.0436116 0.0627058 9.9991E-05 0.0736888 0.102079 0.00848117
0.729869 0.0630659 9.9982E-05 9.9982E-05 0.108451 0.0198231 0.0785911
0.777694 9.9973E-05 9.9973E-05 9.9973E-05 0.0950096 0.0629437 0.0640527
0.744965 9.9955E-05 9.9955E-05 9.9955E-05 9.9955E-05 0.254535 9.9955E-05
0.469903 0.0101199 9.9973E-05 9.9973E-05 0.345357 0.17432 9.9973E-05
9.99549E-05 0.00766497 9.99549E-05 9.99549E-05 0.991835 9.99549E-05 9.99549E-05
0.77621 0.0512876 9.9982E-05 0.00151536 0.0911132 0.0796738 9.9982E-05
0.40542 0.0357489 0.156429 0.0694784 0.249946 0.0828776 9.9991E-05
9.995E-05 9.995E-05 9.995E-05 9.995E-05 0.9994 9.995E-05 9.995E-05
0.616071 9.9982E-05 0.124276 0.067696 0.139368 9.9982E-05 0.0523896
0.242334 0.0561048 0.509444 9.9991E-05 0.131251 0.0348553 0.0259101
0.0614455 0.022283 9.9982E-05 0.162973 9.9982E-05 0.0279578 0.725141
0.0291197 0.00943613 9.9991E-05 0.194695 0.037752 0.0110831 0.717814
9.9973E-05 0.0253583 9.9973E-05 0.21812 0.0138813 9.9973E-05 0.74234
0.69894 0.0177297 0.105778 0.0342676 9.9991E-05 0.0837034 0.059481
0.438011 0.0616404 0.321665 0.0728935 0.10559 9.9982E-05 9.9982E-05
0.669201 0.00269582 0.0690917 0.0368563 0.10292 0.0339644 0.0852715
0.708346 0.0179576 0.219945 9.9982E-05 0.0143657 9.9982E-05 0.0391858
0.769303 0.0620629 9.9982E-05 9.9982E-05 0.0887051 0.060658 0.0190709
0.00529747 9.9982E-05 0.448921 0.067184 0.188165 0.290232 9.9982E-05
0.00535714 9.9973E-05 0.71877 9.9973E-05 0.0597428 0.21583 9.9973E-05
9.9982E-05 9.9982E-05 0.633084 0.0292355 0.189892 0.105111 0.0424785
0.0131772 0.0179082 0.968515 9.9964E-05 9.9964E-05 9.9964E-05 9.9964E-05
9.9973E-05 0.0263299 0.880829 9.9973E-05 0.0133407 9.9973E-05 0.0792008
9.9964E-05 0.0122775 0.90988 9.9964E-05 0.0774422 9.9964E-05 9.9964E-05
0.0424969 0.0263447 0.606321 0.173532 0.0582735 9.9991E-05 0.0929325
0.649753 9.9973E-05 0.0560543 9.9973E-05 0.0531278 0.240765 9.9973E-05
0.301732 0.0999176 0.373861 0.109366 0.114924 9.9982E-05 9.9982E-05
0.59971 0.0099002 0.0846629 0.0188362 0.182425 9.9991E-05 0.104365
0.676183 0.0371839 9.9982E-05 9.9982E-05 0.136631 0.118149 0.0316535
0.7487 0.0169339 9.9964E-05 9.9964E-05 9.9964E-05 0.233966 9.9964E-05
0.0396803 0.0364508 0.104646 9.9991E-05 0.0230921 0.170543 0.625487
0.27899 9.9982E-05 0.518512 0.0341423 0.080453 9.9982E-05 0.0877025
0.097188 9.9973E-05 0.829142 0.0322981 0.0410723 9.9973E-05 9.9973E-05
9.995E-05 0.9994 9.995E-05 9.995E-05 9.995E-05 9.995E-05 9.995E-05
9.9982E-05 9.9982E-05 0.214653 0.554931 0.0262904 0.0275737 0.176352
9.9991E-05 0.0330439 0.0272763 0.599862 0.065686 0.191023 0.0830086
9.9991E-05 0.0233951 0.0360257 0.144472 0.126016 0.632057 0.0379341
0.0802901 0.0270429 0.119936 9.9991E-05 0.0161675 0.567202 0.189262
0.0612011 9.9991E-05 0.0974682 0.651528 0.00775195 0.134472 0.047478
9.9964E-05 9.9964E-05 0.692659 9.9964E-05 0.26602 0.040921 9.9964E-05
0.0339768 0.051162 0.162192 0.231213 9.9982E-05 9.9982E-05 0.521256
0.182306 0.0756244 0.597405 0.144365 9.9973E-05 9.9973E-05 9.9973E-05
0.0740426 0.0105112 0.330825 0.210249 0.00832224 0.0417709 0.32428
9.9973E-05 9.9973E-05 9.9973E-05 0.316824 0.0441669 0.533607 0.105103
0.0114552 9.9982E-05 0.26018 0.533701 9.9982E-05 0.163485 0.0309778
9.9973E-05 9.9973E-05 0.18876 0.218115 9.9973E-05 0.467358 0.125467
9.9973E-05 0.000435282 0.0928429 9.9973E-05 0.0620139 0.844408 9.9973E-05
9.9982E-05 0.00905113 0.362256 0.533365 9.9982E-05 0.0935592 0.00156921
9.9964E-05 9.9964E-05 0.0415696 9.9964E-05 9.9964E-05 0.950483 0.00754739
0.182413 0.0257639 0.566768 0.153241 0.0716136 9.9982E-05 9.9982E-05
0.0954499 0.072591 0.607092 0.0185614 0.0624251 0.0769767 0.0669035
0.122798 0.121111 0.686522 0.0195624 0.0258894 0.0240169 9.9991E-05
9.9973E-05 0.0223707 0.547451 9.9973E-05 9.9973E-05 0.26257 0.167308
0.128119 9.9982E-05 0.392078 9.9982E-05 0.0144521 0.31809 0.147061
0.0802412 9.9973E-05 9.9973E-05 0.171668 9.9973E-05 0.320081 0.42771
0.651447 0.0335014 9.9982E-05 0.107803 0.15153 0.0555186 9.9982E-05
0.664422 0.0510605 0.194012 0.00210401 0.0561561 9.9991E-05 0.0321456
0.0701965 9.9982E-05 0.4894 0.155658 0.134962 9.9982E-05 0.149584
0.107719 0.0371386 0.329919 9.9991E-05 0.120913 0.352392 0.0518179
0.0485046 0.0483075 0.347181 0.17308 0.173296 9.9991E-05 0.209531
9.9955E-05 9.9955E-05 0.29762 9.9955E-05 9.9955E-05 9.9955E-05 0.70188
0.644689 0.0403083 0.235636 9.9982E-05 0.0374107 9.9982E-05 0.041756
0.539131 9.9982E-05 0.145092 9.9982E-05 0.169994 0.108382 0.0372007
0.408482 9.9982E-05 0.331132 0.0984344 0.108762 0.0529897 9.9982E-05
9.9982E-05 0.0659625 0.145451 0.379481 0.0496777 9.9982E-05 0.359228
0.0254464 0.010107 9.9982E-05 0.745884 0.0517676 9.9982E-05 0.166595
0.023928 0.02616 0.0153947 0.579383 0.0564403 0.256663 0.0420308
0.0836567 9.9991E-05 0.0402784 0.789474 0.0285872 0.0445884 0.0133147
9.9982E-05 9.9982E-05 0.0176872 0.459798 0.0164589 0.111481 0.394375
0.0037516 9.9982E-05 0.192887 0.610704 9.9982E-05 0.037698 0.15476
0.0769286 9.9973E-05 0.00316348 0.840452 9.9973E-05 9.9973E-05 0.0791565
0.0346429 9.9973E-05 9.9973E-05 0.768082 0.0431031 0.153873 9.9973E-05
0.100033 9.9982E-05 0.048658 0.358414 9.9982E-05 0.187767 0.304928
0.0397018 9.9973E-05 9.9973E-05 0.139736 9.9973E-05 0.748295 0.0719672
9.9991E-05 0.0152853 0.0489274 0.0119797 0.0033763 0.848125 0.0722063
9.9991E-05 0.0135528 0.0453129 0.193662 0.00411573 0.699606 0.0436506
0.123773 0.0014076 0.123061 0.262845 9.9991E-05 0.273925 0.214888
0.0429572 0.0333812 9.9982E-05 0.105217 0.0236367 0.794608 9.9982E-05
9.9973E-05 9.9973E-05 0.204794 9.9973E-05 0.0316733 0.631025 0.132208
0.0280113 9.9982E-05 0.0351591 0.628951 0.0426534 0.265025 9.9982E-05
9.9973E-05 9.9973E-05 0.137481 9.9973E-05 0.00908174 0.110266 0.742871
9.9964E-05 9.9964E-05 0.0226481 0.169906 9.9964E-05 9.9964E-05 0.807046
9.9964E-05 0.0359624 9.9964E-05 9.9964E-05 9.9964E-05 0.145995 0.817643
0.0928678 9.9973E-05 9.9973E-05 0.0287575 9.9973E-05 0.119858 0.758216
0.0438541 0.0254659 0.0156405 0.151461 0.0266631 9.9991E-05 0.736815
0.0934732 9.9973E-05 0.208656 0.464101 9.9973E-05 0.23347 9.9973E-05
0.0177814 0.0258141 0.173856 0.67558 0.00177361 9.9991E-05 0.105095
0.400718 9.9964E-05 9.9964E-05 9.9964E-05 0.597548 0.00133466 9.9964E-05
0.806834 0.0405119 0.00845594 9.9991E-05 0.00527976 0.0757903 0.0630281
0.775162 0.00495949 0.00467324 0.106031 0.0996521 0.00942192 9.9991E-05
0.548078 9.9982E-05 0.183626 0.129223 0.136249 9.9982E-05 0.00262424
0.815902 0.0292564 9.9973E-05 9.9973E-05 0.0981842 0.0563571 9.9973E-05
0.641401 0.0097554 0.0237837 9.9991E-05 0.182368 0.0368906 0.105701
0.873812 0.0495745 0.0399422 0.0363717 9.9973E-05 9.9973E-05 9.9973E-05
0.612572 9.9973E-05 9.9973E-05 0.0725211 0.287985 9.9973E-05 0.0266212
0.778787 9.9982E-05 0.0259555 9.9982E-05 0.0893789 0.0225288 0.0831499
0.663538 0.00745736 9.9982E-05 0.00528689 0.220908 9.9982E-05 0.102609
0.776539 0.0423083 0.169284 9.9973E-05 0.0115695 9.9973E-05 9.9973E-05
0.683108 0.048941 0.0544142 0.0111121 0.076967 0.0598652 0.0655921
0.703379 0.0006315 0.0268606 0.0844709 0.10391 0.0352906 0.045457
0.749968 0.0312623 9.9973E-05 9.9973E-05 0.148733 9.9973E-05 0.069737
0.735596 0.0092785 0.0544883 0.0845477 0.115889 9.9982E-05 9.9982E-05
0.855918 0.0179888 9.9973E-05 0.086121 0.0396722 9.9973E-05 9.9973E-05
0.864838 0.00827046 9.9982E-05 0.0464374 0.0117246 9.9982E-05 0.0685296
0.176822 9.9982E-05 0.748261 0.0306589 9.9982E-05 0.0234411 0.0206171
9.9955E-05 9.9955E-05 0.909816 0.0896846 9.9955E-05 9.9955E-05 9.9955E-05
0.832131 9.9973E-05 0.0263105 0.0913304 0.0499285 9.9973E-05 9.9973E-05
0.454506 0.0148655 9.9982E-05 0.241784 0.262771 0.0258744 9.9982E-05
9.995E-05 9.995E-05 9.995E-05 9.995E-05 0.9994 9.995E-05 9.995E-05
9.9973E-05 9.9973E-05 0.594877 0.0598711 0.219119 0.125833 9.9973E-05
0.0144065 0.029123 0.0717913 0.868872 9.9991E-05 0.0111913 0.00451567
9.9982E-05 0.018033 9.9982E-05 0.617635 0.0229766 0.18074 0.160415
9.9973E-05 9.9973E-05 0.0945551 0.441759 0.0792322 9.9973E-05 0.384154
0.00210233 9.9982E-05 0.0849278 0.199493 9.9982E-05 0.108872 0.604405
9.9964E-05 9.9964E-05 0.252315 9.9964E-05 9.9964E-05 0.0239622 0.723323
9.9973E-05 0.00691361 9.9973E-05 9.9973E-05 0.0974069 0.0831931 0.812187
9.9991E-05 0.0100283 0.0815263 0.0149122 0.00917177 0.149197 0.735065
9.9982E-05 0.0209599 0.00286468 9.9982E-05 0.0347569 0.220439 0.720779
0.0501205 0.0342041 0.188045 9.9982E-05 9.9982E-05 0.0354491 0.691981
0.0721879 0.0640352 0.0062044 0.061314 9.9982E-05 9.9982E-05 0.796059
9.9982E-05 0.0229688 0.0801834 0.772662 0.0214747 9.9982E-05 0.102511
0.113784 0.0359325 9.9982E-05 0.795334 0.0295603 9.9982E-05 0.0251897
9.9982E-05 0.0384398 0.0619648 0.630857 0.0958299 0.172708 9.9982E-05
0.0167375 9.99641E-05 0.336169 0.646694 9.99641E-05 9.99641E-05 9.99641E-05
9.9982E-05 0.00452633 0.19542 0.518463 0.0271774 0.254213 9.9982E-05
9.9964E-05 9.9964E-05 0.46028 0.375486 9.9964E-05 0.163835 9.9964E-05
9.9991E-05 0.021489 0.0307155 0.0909989 0.030013 0.698899 0.127785
9.9964E-05 9.9964E-05 9.9964E-05 9.9964E-05 0.111445 0.820915 0.0672402
0.0122745 0.0540892 0.125763 9.9973E-05 9.9973E-05 0.807574 9.9973E-05
0.0573756 0.0167527 0.0539184 0.0284521 9.9991E-05 0.763638 0.0797631
0.0260302 0.0200665 0.0449089 0.0188304 0.0159257 0.797027 0.077211
0.084242 0.125762 9.9973E-05 9.9973E-05 9.9973E-05 0.227994 0.561703
0.335825 0.0210328 0.0796675 0.00695451 0.482045 0.0743748 9.9991E-05
0.744655 0.0256861 9.9982E-05 9.9982E-05 0.0772387 0.0372615 0.114959
0.838939 9.9982E-05 0.0831608 9.9982E-05 0.0213604 0.0170536 0.0392863
0.720678 0.00168979 0.0702722 0.106421 0.0243739 0.0764657 9.9991E-05
0.687436 0.0147241 0.0112458 0.132253 0.0882274 9.9991E-05 0.0660143
0.0162454 0.0212598 0.0294445 0.0701401 0.130351 0.516151 0.216409
0.0043448 0.0297169 0.0881125 0.178188 0.0309214 0.480621 0.188096
9.9982E-05 0.0622771 9.9982E-05 0.0372831 0.00655108 0.887091 0.0065977
9.9991E-05 0.0626053 0.20177 0.217528 0.0151395 0.247562 0.255294
