0.0910917 0.0380765 0.00306236 0.709027 0.0409243 0.117818
0.118479 0.0816248 0.00795888 0.753252 0.0313339 0.00735103
0.183627 9.9991E-05 0.0262334 0.596556 0.0911947 0.102289
0.0358144 9.9991E-05 0.0161628 0.666707 0.0869126 0.194303
9.9964E-05 9.9964E-05 9.9964E-05 0.853448 0.146152 9.9964E-05
9.9982E-05 0.145873 0.00381627 0.834848 9.9982E-05 0.0152624
0.0466439 0.088272 9.9991E-05 0.711036 0.0283719 0.125576
0.00688737 9.9991E-05 0.047449 0.726352 0.0447814 0.174431
0.116595 0.159144 0.00839828 0.709915 0.0058476 9.9991E-05
0.197109 0.0104774 0.0256092 0.559753 0.0603378 0.146713
0.0713579 0.0399101 0.0496783 0.306869 0.0674579 0.464727
0.174158 9.9991E-05 0.0247093 0.506942 0.0893201 0.20477
0.0427363 0.164172 0.0391788 0.123389 9.9991E-05 0.630424
0.239586 9.9991E-05 0.00956387 0.57266 0.176769 0.00132125
0.0942495 0.010306 0.0386981 0.699924 0.156723 9.9991E-05
0.106157 0.0515672 0.0121744 0.591709 9.9991E-05 0.238293
0.214462 0.0794539 9.9982E-05 0.690289 0.0155953 9.9982E-05
0.0928921 0.0258204 0.0407717 0.812737 9.9991E-05 0.0276784
0.51937 0.19639 0.0625615 0.160456 0.0159819 0.0452404
0.645306 0.0363401 9.9982E-05 0.198204 9.9982E-05 0.11995
0.665516 9.9991E-05 0.00784268 0.227957 0.0792745 0.0193095
0.816408 0.0165495 0.00676141 9.9991E-05 0.0114499 0.148731
0.884702 0.0782666 0.0367317 9.9973E-05 9.9973E-05 9.9973E-05
0.74078 0.105311 0.0421724 0.111536 9.9982E-05 9.9982E-05
0.661951 9.9982E-05 9.9982E-05 0.185506 0.0111994 0.141143
0.941163 0.0155753 0.00377663 0.0392853 9.9982E-05 9.9982E-05
0.851929 0.0466459 0.0220548 9.9982E-05 0.0791704 9.9982E-05
0.822328 0.143719 0.0336527 9.9973E-05 9.9973E-05 9.9973E-05
0.908215 9.9964E-05 9.9964E-05 9.9964E-05 0.0913849 9.9964E-05
0.787218 0.160014 9.9982E-05 0.0344936 9.9982E-05 0.0180751
0.876795 0.106448 0.0164566 9.9973E-05 9.9973E-05 9.9973E-05
0.792341 9.9982E-05 0.0291472 0.0760751 0.102236 9.9982E-05
0.846784 0.0878878 0.0505985 0.0145298 9.9982E-05 9.9982E-05
0.139307 9.9991E-05 0.0861152 0.521285 0.0419193 0.211273
0.335134 9.9982E-05 9.9982E-05 0.557357 0.0886087 0.0187003
0.0994919 0.0196219 9.9991E-05 0.637862 0.136768 0.106157
0.0278145 0.0142162 0.0363178 0.655998 0.0810611 0.184592
0.141654 0.121356 0.00621928 0.521082 0.0321644 0.177524
9.996E-05 9.996E-05 0.9995 9.996E-05 9.996E-05 9.996E-05
0.773406 9.9982E-05 0.0126378 9.9982E-05 0.0426155 0.171141
0.118663 0.0995916 0.000544845 0.672821 0.108279 9.9991E-05
0.133758 9.9973E-05 9.9973E-05 0.666208 9.9973E-05 0.199734
0.274803 0.21815 0.0162566 0.302652 9.9991E-05 0.188038
0.0767232 0.190428 0.0502028 0.14609 9.9991E-05 0.536456
0.0188076 0.0205068 0.00683708 9.9982E-05 9.9982E-05 0.953649
9.996E-05 9.996E-05 0.9995 9.996E-05 9.996E-05 9.996E-05
0.209264 9.9991E-05 0.0622034 0.428034 0.0729261 0.227473
0.101809 0.245334 9.9982E-05 0.392417 9.9982E-05 0.26024
0.382456 0.0352025 0.0125429 0.270556 0.114373 0.18487
9.9991E-05 0.696491 0.0205795 0.0738786 0.170058 0.0388929
0.00863872 0.476921 0.0337481 9.9991E-05 0.388964 0.0916282
9.9982E-05 0.508662 0.00769019 0.100448 0.383 9.9982E-05
0.0173677 0.320218 0.0567661 0.00511228 0.44975 0.150785
0.0349018 0.244869 0.0324547 9.9982E-05 0.687574 9.9982E-05
0.0670932 0.498977 9.9973E-05 9.9973E-05 0.43363 9.9973E-05
9.9982E-05 0.249413 9.9982E-05 0.187347 0.553704 0.0093361
9.9982E-05 0.853604 0.00423262 0.054035 0.087928 9.9982E-05
9.9964E-05 0.983675 0.0159248 9.9964E-05 9.9964E-05 9.9964E-05
9.9991E-05 0.216681 0.0330577 0.0504441 0.656896 0.0428207
9.9991E-05 0.485945 0.0460625 0.109285 0.205731 0.152876
9.996E-05 0.9995 9.996E-05 9.996E-05 9.996E-05 9.996E-05
0.0708266 0.356325 9.9991E-05 0.000129883 0.394888 0.177731
9.9991E-05 0.332263 0.0771484 0.0363599 0.0329661 0.521162
0.803458 9.9991E-05 0.0210468 0.0234468 0.0970035 0.0549449
0.731447 0.0080681 0.0228119 0.140954 0.0234897 0.0732295
0.877233 9.9973E-05 0.0260233 0.0964435 9.9973E-05 9.9973E-05
0.0396871 0.316877 0.027998 0.0452489 0.439339 0.13085
0.0291872 0.0259999 0.0741213 9.9991E-05 0.543 0.327592
0.0188045 0.31121 0.00244924 0.0785296 0.588906 9.9991E-05
9.9982E-05 0.254521 0.0371449 9.9982E-05 0.47763 0.230504
0.0130082 0.0575208 0.0375877 0.00978566 0.881998 9.9991E-05
9.9982E-05 0.180138 0.000952862 0.235573 9.9982E-05 0.583137
0.0370119 0.109236 0.00975575 0.18546 0.0191133 0.639423
9.9982E-05 0.132287 0.00303575 0.108868 9.9982E-05 0.755609
9.9973E-05 9.9973E-05 0.0259934 9.9973E-05 0.00976934 0.963937
0.089683 9.9973E-05 0.0433054 9.9973E-05 9.9973E-05 0.866712
9.9973E-05 0.0186328 0.0316633 9.9973E-05 9.9973E-05 0.949404
0.17344 0.0408006 0.0200063 0.0708062 0.0483435 0.646603
9.9973E-05 0.246441 9.9973E-05 9.9973E-05 0.4368 0.316459
0.0523173 0.13977 0.113454 0.0335242 0.414034 0.246901
0.0408748 0.441393 0.0117644 9.9991E-05 0.391745 0.114122
0.0426891 0.477584 0.0321583 9.9991E-05 0.330977 0.116492
9.9991E-05 0.211837 0.03321 0.10339 0.586565 0.064898
0.681978 9.9991E-05 0.0165813 0.0930655 0.0999719 0.108304
0.137866 0.149979 9.9982E-05 9.9982E-05 0.145222 0.566734
9.9973E-05 0.146201 9.9973E-05 0.0072789 9.9973E-05 0.84622
9.996E-05 9.996E-05 0.9995 9.996E-05 9.996E-05 9.996E-05
0.164415 0.0424475 9.9982E-05 0.656015 9.9982E-05 0.136922
0.14971 0.0480186 0.038703 0.727338 9.9991E-05 0.0361305
0.070869 0.15379 0.0320048 0.69579 9.9991E-05 0.0474461
0.241979 0.102277 0.0339477 0.389157 0.0515621 0.181077
0.094678 9.9982E-05 9.9982E-05 0.671958 0.117621 0.115543
9.9964E-05 0.256291 9.9964E-05 9.9964E-05 9.9964E-05 0.743309
0.560333 0.0615688 0.0409427 0.222281 0.0217414 0.0931335
9.9982E-05 9.9982E-05 0.0949857 0.0144172 0.222279 0.668118
0.314505 0.0289483 0.0296951 0.295805 0.0865742 0.244473
0.183092 0.0860118 9.9973E-05 0.730596 9.9973E-05 9.9973E-05
0.0376969 9.9982E-05 9.9982E-05 0.58466 0.00516671 0.372276
0.120623 9.9973E-05 9.9973E-05 0.567259 9.9973E-05 0.311818
9.9991E-05 0.150426 0.00317656 0.723971 0.0129325 0.109394
0.0621437 9.9982E-05 0.00466072 0.509788 9.9982E-05 0.423207
0.0815373 0.0296171 0.00093002 0.694959 9.9991E-05 0.192857
0.00781725 0.114288 0.0358944 0.0702614 0.131766 0.639973
0.0252292 0.00895974 0.0995719 0.104339 0.178105 0.583794
0.0169805 0.140392 0.097165 0.0499362 0.0734608 0.622066
0.244844 9.9982E-05 0.00883133 0.213346 9.9982E-05 0.532778
0.152924 0.152015 9.9982E-05 0.285808 9.9982E-05 0.409053
0.399449 0.107107 9.9982E-05 0.473344 0.0199005 9.9982E-05
9.9982E-05 0.260505 0.0327281 0.12891 0.577657 9.9982E-05
0.0046718 0.149682 0.0239213 9.9991E-05 0.670177 0.151448
0.185811 0.198414 0.000573169 0.0580109 0.016689 0.540502
0.0363033 0.309586 0.023583 0.26624 9.9991E-05 0.364188
0.215757 0.298692 0.0602829 0.143582 9.9991E-05 0.281586
0.663572 9.9964E-05 9.9964E-05 9.9964E-05 9.9964E-05 0.336028
9.9982E-05 0.105945 0.0445342 9.9982E-05 0.577546 0.271775
0.00250542 0.436007 9.9991E-05 0.0211985 0.308343 0.231846
9.9982E-05 0.232438 9.9982E-05 0.147082 0.343545 0.276735
0.468298 9.9991E-05 0.0607753 0.263989 0.100152 0.106686
0.231106 9.9973E-05 9.9973E-05 0.62475 0.143844 9.9973E-05
9.9982E-05 9.9982E-05 0.0172162 0.724647 0.0929905 0.164947
0.103143 0.0176702 9.9991E-05 0.68694 0.135853 0.0562937
0.364522 9.9982E-05 9.9982E-05 0.525193 0.0725219 0.0375632
0.160598 9.9991E-05 0.0287338 0.659087 0.0908267 0.0606545
0.202127 9.9973E-05 9.9973E-05 0.679309 0.118264 9.9973E-05
9.9982E-05 0.0103219 0.00528955 0.849597 0.134592 9.9982E-05
0.354277 9.9991E-05 0.00020281 0.450033 0.0722133 0.123173
0.0442056 9.9982E-05 9.9982E-05 0.706623 0.0937586 0.155212
0.144173 0.0979938 0.0412904 0.704489 9.9991E-05 0.011954
0.0695554 0.0955517 0.0176176 0.767282 9.9991E-05 0.0498933
0.305776 0.0595024 9.9991E-05 0.401458 0.057548 0.175616
0.0227688 0.113337 0.0486003 0.760967 0.0542271 9.9991E-05
0.197812 0.0863507 0.0125858 0.551669 9.9991E-05 0.151482
0.0607835 0.0329735 9.9991E-05 0.771629 0.046576 0.0879383
0.846442 0.0256357 9.9973E-05 9.9973E-05 9.9973E-05 0.127622
0.95526 9.9964E-05 9.9964E-05 9.9964E-05 9.9964E-05 0.04434
0.88674 0.0216073 0.0201794 0.0712739 9.9982E-05 9.9982E-05
0.819636 0.0366361 0.00108518 0.0340511 0.0461128 0.062479
0.861476 0.0029976 0.0121051 0.0232575 0.100064 9.9991E-05
9.9982E-05 0.0424691 9.9982E-05 0.702939 0.116396 0.137997
0.119274 9.9991E-05 0.0241947 0.657571 0.0244998 0.174361
9.9973E-05 0.664575 9.9973E-05 9.9973E-05 0.302281 0.0328433
0.0779798 0.118689 0.0237693 0.0154164 0.764046 9.9991E-05
0.00678985 0.199762 9.9991E-05 0.00947208 0.781186 0.0026901
0.0292061 0.0473335 9.9982E-05 9.9982E-05 0.63611 0.28715
9.9973E-05 0.26934 0.0251592 9.9973E-05 0.705201 9.9973E-05
0.107905 0.255452 9.9973E-05 9.9973E-05 0.636344 9.9973E-05
9.9973E-05 9.9973E-05 0.0127479 9.9973E-05 0.90906 0.0778921
0.0717899 0.372829 9.9982E-05 9.9982E-05 0.487483 0.0676983
0.0672446 0.259897 9.9982E-05 9.9982E-05 0.651228 0.0214306
0.090823 0.444556 0.00919305 9.9982E-05 0.455228 9.9982E-05
9.9982E-05 0.0657596 0.0396815 9.9982E-05 0.821482 0.0728766
0.0825883 0.117675 0.0260368 0.0283266 0.745274 9.9991E-05
9.9982E-05 0.385546 0.0289268 0.0672431 0.518084 9.9982E-05
0.0483808 0.312623 0.0144115 9.9982E-05 0.624385 9.9982E-05
9.9982E-05 0.30162 0.0116578 9.9982E-05 0.538981 0.147541
9.9964E-05 9.9964E-05 0.00879585 9.9964E-05 0.990804 9.9964E-05
0.0339008 0.264238 0.00869726 9.9982E-05 0.692964 9.9982E-05
0.0149644 9.9982E-05 9.9982E-05 0.00399272 0.158336 0.822507
0.0144529 9.9973E-05 9.9973E-05 0.0343109 9.9973E-05 0.950936
9.9973E-05 0.324971 9.9973E-05 9.9973E-05 0.625533 0.0491952
9.9982E-05 0.54713 0.0203033 0.214395 0.217972 9.9982E-05
9.996E-05 0.9995 9.996E-05 9.996E-05 9.996E-05 9.996E-05
9.9973E-05 0.210344 9.9973E-05 0.104633 9.9973E-05 0.684722
0.00086768 9.9991E-05 0.0162395 0.838581 0.0906329 0.0535785
0.208045 0.0522171 0.0272612 0.712277 9.9982E-05 9.9982E-05
0.429606 0.0760955 9.9991E-05 0.343968 0.0170188 0.133212
0.587621 0.0222289 9.9982E-05 0.235925 9.9982E-05 0.154025
0.761658 0.000540298 9.9982E-05 9.9982E-05 0.0462293 0.191373
0.825008 0.0934017 9.9973E-05 9.9973E-05 9.9973E-05 0.0812906
0.786336 9.9991E-05 0.00474319 0.075994 0.0435148 0.0893122
0.758277 0.0491559 0.00948891 0.0275278 9.9991E-05 0.15545
0.739881 0.0430206 0.0288256 0.0310839 0.0553486 0.10184
0.819615 9.9982E-05 0.0450393 0.00770318 0.127442 9.9982E-05
0.140629 9.9991E-05 0.00422664 0.726735 0.124902 0.00340776
0.0340679 0.0695136 0.0524328 0.648496 0.0515544 0.143936
9.9991E-05 0.0923838 0.0163449 0.691348 0.00638992 0.193434
9.9973E-05 9.9973E-05 9.9973E-05 0.523558 0.0028261 0.473316
9.9973E-05 0.0752879 9.9973E-05 0.742828 9.9973E-05 0.181584
9.9973E-05 0.0408947 9.9973E-05 0.569498 9.9973E-05 0.389308
0.151268 0.0471691 0.0171861 0.60235 9.9991E-05 0.181927
0.157118 0.143168 0.0282801 0.516406 9.9991E-05 0.154928
0.0515276 9.9991E-05 0.0531426 0.647576 0.0710606 0.176594
0.149473 0.0289246 0.00963216 0.591002 0.0422879 0.178681
0.0930216 0.119986 0.0327472 0.732348 0.00155631 0.0203414
0.657466 9.9991E-05 0.152602 0.0399317 0.136077 0.0138224
9.9991E-05 0.811108 0.0194436 0.0971752 0.0604639 0.0117092
0.0702231 0.398941 0.0315262 9.9982E-05 0.49911 9.9982E-05
9.9973E-05 0.266147 9.9973E-05 9.9973E-05 0.653478 0.0800747
0.0414013 0.159983 0.00412654 0.0778793 0.646167 0.0704428
0.0707216 0.0530354 0.0116381 9.9991E-05 0.841891 0.0226136
0.206236 0.178415 0.0250166 0.461722 0.0211542 0.107456
0.298977 0.0323436 0.0388068 0.54106 9.9991E-05 0.0887126
0.087312 0.0938537 0.0528386 0.765796 9.9982E-05 9.9982E-05
0.294333 0.0797232 0.0467047 0.472904 9.9991E-05 0.106235
