0.836755 0.126164 0.0370811
0.869437 0.130463 9.9991E-05
0.771138 0.202652 0.0262104
0.956738 0.0275666 0.0156949
0.929295 0.00698736 0.0637177
0.964222 9.9991E-05 0.0356777
0.924838 0.0500822 0.0250797
0.9998 9.999E-05 9.999E-05
0.727826 0.204041 0.0681331
0.662794 0.288423 0.0487838
0.631717 0.132248 0.236034
0.62626 0.292027 0.0817125
0.54169 0.101602 0.356708
0.725159 0.160618 0.114224
0.696731 0.2342 0.0690694
0.810132 0.189768 9.9991E-05
0.696663 0.302787 0.00054983
0.880621 0.119279 9.9991E-05
0.198188 0.62552 0.176292
0.241295 0.744163 0.0145417
0.224288 0.775612 9.9991E-05
0.111594 0.82412 0.0642863
9.9991E-05 0.985532 0.014368
0.100343 0.853738 0.0459187
0.26087 0.73903 9.9991E-05
0.0266297 0.97327 9.9991E-05
9.9991E-05 0.95611 0.0437896
9.9991E-05 0.941112 0.0587883
9.9991E-05 0.998924 0.000976403
0.0603988 0.87968 0.0599213
9.9991E-05 0.970406 0.0294942
0.0812899 0.884156 0.0345544
0.049916 0.949984 9.9991E-05
0.664991 0.280688 0.0543211
0.748373 0.251527 9.9991E-05
0.738466 0.182035 0.0794985
0.86204 0.104095 0.033865
0.712174 0.176617 0.111208
9.9991E-05 0.649211 0.350689
0.0787078 0.8659 0.0553921
0.712036 0.175493 0.112472
0.834678 0.165222 9.9991E-05
0.493346 0.330574 0.176081
0.415938 0.214363 0.3697
0.592594 0.0818477 0.325559
0.0492373 0.592374 0.358388
0.595401 0.319599 0.0850002
0.589785 0.176901 0.233314
0.44377 0.39401 0.162219
0.087418 0.0161236 0.896458
0.0182332 0.0887063 0.89306
0.12471 9.9991E-05 0.87519
0.0982646 0.0588673 0.842868
9.9991E-05 0.144101 0.855799
9.9991E-05 0.0715637 0.928336
0.232696 0.00823286 0.759071
0.11334 0.00380041 0.882859
9.9991E-05 0.0687841 0.931116
0.0926105 0.0156917 0.891698
0.253783 9.9991E-05 0.746117
9.9991E-05 0.0771308 0.922769
0.126171 0.0745413 0.799287
0.33559 0.0574445 0.606965
0.0628916 0.886839 0.0502696
0.107041 0.892859 9.9991E-05
0.107755 0.892145 9.9991E-05
0.14896 0.0658424 0.785198
0.202105 0.0851461 0.712749
0.0451413 0.0940312 0.860828
0.0562717 0.0795994 0.864129
0.0356474 0.0563655 0.907987
0.652784 9.9991E-05 0.347116
0.670467 0.0480294 0.281503
0.608726 0.0822641 0.30901
0.630893 0.0157429 0.353364
0.507357 0.216776 0.275866
0.527774 0.124417 0.347809
0.617501 0.112282 0.270218
0.243643 9.9991E-05 0.756257
0.264648 0.125206 0.610146
0.0635081 0.0890519 0.84744
9.9991E-05 0.112438 0.887462
0.203054 9.9991E-05 0.796846
0.118379 0.824212 0.0574092
0.39453 0.131085 0.474386
0.582267 9.9991E-05 0.417633
9.9991E-05 0.586016 0.413884
0.7817 0.2182 9.9991E-05
0.793127 0.206773 9.9991E-05
0.74796 0.232043 0.0199964
0.495264 0.341808 0.162928
0.847834 0.115598 0.0365683
0.526546 0.00449893 0.468955
0.263428 0.666902 0.0696704
0.56512 0.00979282 0.425087
0.464926 0.398933 0.136142
0.781366 0.218534 9.9991E-05
0.895318 0.0875543 0.0171275
0.835742 0.153791 0.0104673
0.828896 0.0745951 0.096509
0.890968 0.0547821 0.0542496
0.859575 0.140325 9.9991E-05
0.468605 0.0625668 0.468828
0.384827 0.195519 0.419654
0.490091 0.0941216 0.415788
0.577423 0.288087 0.13449
0.594333 0.145915 0.259752
0.461024 0.506116 0.0328597
0.123344 0.0414776 0.835178
0.147678 0.00408492 0.848237
0.443447 0.167951 0.388602
0.515343 0.164651 0.320006
0.371587 0.325249 0.303164
0.174775 0.79891 0.0263145
0.0615653 0.129568 0.808867
0.170718 0.0375683 0.791714
0.34582 9.9991E-05 0.65408
0.385243 0.535728 0.0790289
0.656192 0.286282 0.0575263
0.859157 0.0944572 0.0463862
0.820461 0.0764569 0.103083
0.548559 0.451341 9.9991E-05
0.780097 0.201876 0.0180264
0.864257 0.135643 9.9991E-05
0.946887 0.017774 0.0353392
0.617201 0.366811 0.0159881
0.854086 0.135101 0.0108126
0.79116 0.20874 9.9991E-05
0.896111 0.103789 9.9991E-05
0.56364 0.316754 0.119606
0.833695 0.101606 0.0646996
0.597526 0.331499 0.0709756
0.810703 0.157999 0.0312982
9.9991E-05 0.972732 0.0271684
0.0340803 0.96582 9.9991E-05
9.999E-05 0.9998 9.999E-05
0.116783 0.834659 0.0485583
0.035791 0.88964 0.0745686
0.876202 0.00469227 0.119106
0.803912 0.165697 0.0303905
9.999E-05 9.999E-05 0.9998
0.0557333 0.081634 0.862633
0.0118016 0.0363302 0.951868
0.184253 0.0230592 0.792688
0.0429033 9.9991E-05 0.956997
9.9991E-05 0.141776 0.858124
0.0299653 9.9991E-05 0.969935
0.0239495 0.0524809 0.92357
0.0500531 0.0258588 0.924088
9.9991E-05 0.0355913 0.964309
0.114284 9.9991E-05 0.885616
0.0652273 0.0740106 0.860762
0.038729 0.0810364 0.880235
0.00437328 0.0715439 0.924083
0.0729243 9.9991E-05 0.926976
0.0143784 9.9991E-05 0.985522
9.9991E-05 0.0588586 0.941041
0.549924 0.0526081 0.397467
0.707746 0.0525469 0.239707
0.0744668 9.9991E-05 0.925433
0.246577 9.9991E-05 0.753323
9.9991E-05 0.0306727 0.969227
0.658937 0.00329851 0.337765
0.917401 0.0799316 0.00266755
0.714256 0.285644 9.9991E-05
0.456169 0.465928 0.0779028
0.364944 0.634956 9.9991E-05
0.152444 0.847456 9.9991E-05
9.9991E-05 0.976562 0.0233384
0.12956 0.87034 9.9991E-05
0.0958785 0.847859 0.0562629
0.0110541 0.854544 0.134402
0.0620874 0.870767 0.0671456
0.786301 0.213599 9.9991E-05
0.799126 0.149011 0.051863
0.945472 9.9991E-05 0.0544284
0.97745 9.9991E-05 0.0224496
0.9998 9.999E-05 9.999E-05
0.903899 9.9991E-05 0.0960006
0.757142 0.242758 9.9991E-05
0.709227 0.19036 0.100413
0.806906 0.151608 0.041486
0.739208 0.191127 0.0696657
0.785613 0.185292 0.0290958
0.0204803 0.804567 0.174953
0.102293 0.0323155 0.865392
9.9991E-05 0.123995 0.875905
9.9991E-05 0.031282 0.968618
0.196479 0.00575344 0.797768
0.0338005 0.0929628 0.873237
0.520639 0.325531 0.15383
0.668878 0.331022 9.9991E-05
0.730309 0.269591 9.9991E-05
0.613792 0.386108 9.9991E-05
