9.9991E-05 0.125341 0.778305 0.0624197 0.0215305 0.012304
0.318224 0.0733355 0.541951 0.0279634 0.0384261 9.9991E-05
9.9982E-05 0.161583 0.696094 0.126303 0.0158201 9.9982E-05
0.129924 9.9982E-05 0.68951 0.165949 0.0144173 9.9982E-05
0.189657 9.9982E-05 0.733371 9.9982E-05 0.00192251 0.0748486
0.0930025 9.9991E-05 0.785018 0.0585642 0.00137709 0.0619378
0.347397 0.015012 0.510953 0.107482 9.9991E-05 0.0190546
0.21893 9.9982E-05 0.644602 0.0980703 0.0381982 9.9982E-05
0.639638 0.142036 0.170835 9.9991E-05 0.003861 0.0435294
0.306869 0.199961 0.337021 0.130518 0.0167255 0.0089052
0.371285 0.0518769 0.0970451 0.380317 0.0686226 0.0308537
0.504752 0.108384 0.211373 0.151475 0.0120938 0.0119215
0.161426 9.9982E-05 9.9982E-05 0.778711 0.054464 0.00519888
0.736253 0.0985147 9.9982E-05 0.147184 9.9982E-05 0.0178485
0.408204 0.121839 0.37818 9.9991E-05 0.0301504 0.0615268
0.671647 0.054982 0.131949 0.121764 0.0195572 9.9991E-05
0.697161 0.129445 0.157989 9.9982E-05 9.9982E-05 0.0152054
0.498438 0.00220819 0.461386 9.9982E-05 0.0377675 9.9982E-05
0.158209 0.529961 9.9991E-05 0.172972 0.0629924 0.0757659
0.266032 0.646401 9.9982E-05 0.0816603 9.9982E-05 0.00570658
0.192708 0.624426 0.151667 9.9991E-05 0.0153131 0.015785
9.9991E-05 0.795049 0.067449 0.0918916 0.0144805 0.0310302
9.9982E-05 0.849781 9.9982E-05 0.0922325 0.0515949 0.00619191
0.101689 0.766354 0.0216395 9.9991E-05 0.060695 0.0495226
0.0925368 0.605491 0.202977 0.098795 9.9982E-05 9.9982E-05
9.9982E-05 0.85014 0.0912756 0.0425447 0.0158397 9.9982E-05
9.9973E-05 0.873126 9.9973E-05 9.9973E-05 0.0488513 0.0777232
0.0846397 0.821195 9.9982E-05 9.9982E-05 0.029686 0.0642797
9.9973E-05 0.879334 0.119381 9.9973E-05 9.9973E-05 0.00098483
9.9973E-05 0.800709 0.097552 9.9973E-05 9.9973E-05 0.10144
0.101295 0.836472 9.9982E-05 9.9982E-05 0.00560373 0.0564295
0.145825 0.775517 9.9982E-05 9.9982E-05 0.0409917 0.0374659
0.0117745 0.802551 0.0833934 0.030366 0.0500949 0.0218207
0.227699 0.130382 0.356825 0.23126 0.053734 9.9991E-05
0.228042 0.230986 0.519894 9.9982E-05 9.9982E-05 0.0208782
9.9973E-05 0.0853078 0.814692 9.9973E-05 9.9973E-05 0.0997002
9.9982E-05 0.0408588 0.755557 0.190146 0.0132379 9.9982E-05
0.31303 0.111494 0.325362 0.190123 0.00579643 0.0541946
9.996E-05 9.996E-05 9.996E-05 9.996E-05 0.9995 9.996E-05
9.9973E-05 0.731114 9.9973E-05 0.243147 0.0254396 9.9973E-05
9.9982E-05 0.157393 0.744978 9.9982E-05 0.0052403 0.0921887
0.573058 0.117235 0.192468 0.117039 9.9982E-05 9.9982E-05
0.110467 0.275987 0.291209 0.190657 9.9991E-05 0.131581
0.143077 0.0626167 9.9991E-05 0.659869 0.0411743 0.093163
9.9982E-05 0.0511089 0.034315 0.910287 0.00408873 9.9982E-05
9.996E-05 9.996E-05 9.996E-05 9.996E-05 0.9995 9.996E-05
0.359669 0.163081 0.211999 0.181035 0.0726382 0.0115784
0.213024 0.141467 0.170102 0.388657 9.9991E-05 0.0866498
0.196309 0.307531 0.208632 0.169434 0.0367179 0.0813771
0.120928 9.9982E-05 9.9982E-05 0.188708 0.0127839 0.677381
0.0468791 9.9982E-05 9.9982E-05 0.221217 0.030911 0.700793
0.0649567 9.9982E-05 0.163562 9.9982E-05 0.00463647 0.766645
0.0831431 9.9982E-05 9.9982E-05 0.223448 0.0391166 0.654092
0.123668 0.0472778 9.9982E-05 9.9982E-05 0.052989 0.775865
0.13868 0.0427273 9.9973E-05 9.9973E-05 9.9973E-05 0.818292
0.35125 9.9964E-05 9.9964E-05 9.9964E-05 9.9964E-05 0.64835
0.243012 9.9973E-05 9.9973E-05 0.00689941 9.9973E-05 0.749789
9.9973E-05 0.143513 9.9973E-05 9.9973E-05 0.0124108 0.843776
0.146737 9.9982E-05 9.9982E-05 0.108143 0.0394988 0.705421
0.0380456 9.9991E-05 0.0928634 0.276299 0.0168434 0.575849
9.9982E-05 0.130103 9.9982E-05 0.107763 0.00515161 0.756783
0.0680825 0.0287826 0.0856343 0.184678 0.00268803 0.630134
0.0274029 9.9982E-05 9.9982E-05 0.632374 0.0685977 0.271426
9.9982E-05 0.783313 0.148556 9.9982E-05 0.0230309 0.0449006
0.0151021 0.758635 0.127525 0.0367831 0.0400463 0.0219083
9.9973E-05 0.805081 0.182451 9.9973E-05 0.0121683 9.9973E-05
0.159109 0.0163172 9.9991E-05 0.164498 0.0141743 0.645802
9.9973E-05 9.9973E-05 9.9973E-05 0.482631 0.0821684 0.4349
0.0355252 0.0793828 0.0625606 0.141668 0.00798552 0.672878
9.9982E-05 0.0258793 9.9982E-05 0.317213 0.0322501 0.624458
9.9982E-05 0.00498866 0.164299 9.9982E-05 0.0417 0.788812
0.291578 9.9982E-05 0.0543018 0.533293 9.9982E-05 0.120627
0.300836 9.9982E-05 9.9982E-05 0.642169 0.0045736 0.0522212
0.0689679 9.9982E-05 0.0156093 0.842176 9.9982E-05 0.073047
9.9973E-05 0.0165328 9.9973E-05 0.968544 0.0146236 9.9973E-05
9.9982E-05 0.0293987 0.0802651 0.858888 0.0312487 9.9982E-05
0.0211975 9.9973E-05 9.9973E-05 0.952518 0.0259841 9.9973E-05
9.9991E-05 0.0858249 0.158582 0.702157 0.0224678 0.0308676
0.139303 9.9973E-05 9.9973E-05 0.247601 9.9973E-05 0.612796
9.9982E-05 9.9982E-05 0.208564 0.253857 0.133587 0.403793
9.9991E-05 0.0622691 0.0842153 0.123319 0.0102049 0.719891
0.0286811 0.0752644 9.9991E-05 0.130069 0.0428263 0.723059
0.310045 9.9973E-05 9.9973E-05 9.9973E-05 0.0254522 0.664203
0.230166 0.609596 9.9982E-05 0.148453 0.011585 9.9982E-05
9.9982E-05 0.144404 0.123177 0.460615 9.9982E-05 0.271604
0.0206936 9.9973E-05 9.9973E-05 0.922843 9.9973E-05 0.0561635
9.996E-05 9.996E-05 9.996E-05 9.996E-05 0.9995 9.996E-05
0.109736 0.156004 0.573913 0.160147 9.9982E-05 9.9982E-05
0.148099 0.145521 0.62792 0.0720075 0.0063525 9.9991E-05
0.574873 0.0696043 0.157949 0.148309 0.0491649 9.9991E-05
0.540603 0.194366 9.9991E-05 0.172578 0.0496926 0.0426607
0.194603 0.0586067 0.695565 9.9982E-05 9.9982E-05 0.0510251
0.003997 0.051149 9.9982E-05 0.810559 9.9982E-05 0.134095
9.9991E-05 0.578038 0.236367 0.140397 0.0265123 0.0185867
9.9982E-05 9.9982E-05 0.0984244 0.656569 0.0753158 0.169491
9.9991E-05 0.274812 0.300373 0.384313 0.0260004 0.0144018
0.611357 0.128996 0.259348 9.9973E-05 9.9973E-05 9.9973E-05
0.25095 0.0108785 0.502353 0.235618 9.9982E-05 9.9982E-05
0.283302 0.151381 0.321415 0.243702 9.9982E-05 9.9982E-05
0.671206 9.9982E-05 0.114949 0.20071 0.0129355 9.9982E-05
9.9973E-05 0.0229688 0.637283 0.339448 9.9973E-05 9.9973E-05
0.842658 0.0238028 9.9973E-05 0.133239 9.9973E-05 9.9973E-05
9.9991E-05 0.0195235 0.149203 0.595497 0.0299337 0.205743
0.0860806 0.0538467 0.0235823 0.581521 0.0956086 0.159361
0.0485959 9.9991E-05 0.114025 0.615222 0.0792316 0.142826
0.237206 0.1749 0.0203252 0.561227 0.00624219 9.9991E-05
0.327248 0.117149 9.9982E-05 0.474083 9.9982E-05 0.081321
0.292785 0.404688 0.246325 9.9982E-05 9.9982E-05 0.056002
0.0866993 9.9982E-05 0.14476 9.9982E-05 0.00709252 0.761248
9.9991E-05 0.029734 0.00999112 0.273931 0.0308908 0.655353
9.9982E-05 0.144341 0.130854 0.577205 9.9982E-05 0.1474
0.327746 0.0887875 0.00703015 0.403513 0.0167014 0.156222
9.9991E-05 0.22734 0.177406 0.441759 0.0550685 0.0983271
0.00580698 0.702164 9.9973E-05 0.291729 9.9973E-05 9.9973E-05
9.9982E-05 0.0611732 9.9982E-05 0.327684 0.0383089 0.572634
0.107286 0.0125062 0.0231696 0.217862 9.9991E-05 0.639077
9.9973E-05 9.9973E-05 0.136271 0.404109 9.9973E-05 0.45932
9.9991E-05 0.348974 0.474364 0.109234 0.059865 0.00746351
0.104125 0.264056 0.585822 9.9982E-05 9.9982E-05 0.0457965
0.269442 0.00937813 0.613297 0.0354449 0.0212596 0.0511782
0.0483493 0.0739846 0.764839 0.0230707 9.9991E-05 0.0896562
0.283568 0.357446 0.358686 9.9973E-05 9.9973E-05 9.9973E-05
0.214534 0.171667 0.570505 0.0396196 0.00357521 9.9991E-05
0.0346164 0.139174 0.733952 0.0739793 9.9991E-05 0.0181784
0.365701 9.9982E-05 0.581253 9.9982E-05 0.00567754 0.0471681
0.268807 0.326118 0.344263 0.028066 9.9991E-05 0.0326453
0.935375 0.0496821 0.0123789 0.00236384 9.9982E-05 9.9982E-05
0.899963 0.0687395 9.9982E-05 0.00877168 0.0223254 9.9982E-05
0.811028 9.9973E-05 0.131822 0.0568501 9.9973E-05 9.9973E-05
0.367594 0.192382 0.223113 0.126586 0.00802656 0.0822986
0.919725 9.9982E-05 0.0484579 9.9982E-05 0.0259052 0.0057122
0.579667 0.21645 0.0373312 0.160244 0.00620785 9.9991E-05
0.363998 0.0700425 0.520901 0.0448582 9.9982E-05 9.9982E-05
0.00691381 0.77864 9.9973E-05 0.214147 9.9973E-05 9.9973E-05
9.9973E-05 0.877718 0.0592863 0.0626961 9.9973E-05 9.9973E-05
0.153996 0.817985 9.9973E-05 9.9973E-05 0.0277188 9.9973E-05
0.0475529 0.733877 0.102314 0.015026 0.0264147 0.0748157
9.9982E-05 0.760125 0.0712318 0.141704 0.0267393 9.9982E-05
0.364255 9.9982E-05 0.425129 0.145965 9.9982E-05 0.0644523
9.9982E-05 0.145406 0.774877 0.0729268 0.00659056 9.9982E-05
9.9973E-05 9.9973E-05 0.0274815 0.0945586 9.9973E-05 0.87766
0.127865 0.0610272 9.9991E-05 0.00929301 0.0260517 0.775663
9.9973E-05 0.0106768 0.125946 9.9973E-05 9.9973E-05 0.863077
9.9982E-05 0.0446088 0.0367618 0.326355 9.9982E-05 0.592074
0.0600049 9.9991E-05 0.0828246 0.0194245 0.0414327 0.796213
0.0233447 0.171247 0.0175727 0.00210724 0.0213187 0.76441
9.9982E-05 9.9982E-05 0.0570379 0.115733 0.0231054 0.803923
9.9973E-05 0.133105 9.9973E-05 0.0499819 9.9973E-05 0.816614
9.9982E-05 0.0991681 0.0164598 0.0793752 9.9982E-05 0.804797
0.00953968 0.111447 9.9982E-05 0.0882847 9.9982E-05 0.790528
9.9982E-05 9.9982E-05 0.0457178 0.199631 0.0289668 0.725485
0.0597583 0.0152305 0.059796 0.108865 0.0265837 0.729766
0.0389095 0.0373926 0.0888773 0.105904 9.9991E-05 0.728817
9.9982E-05 0.0576164 0.0996575 9.9982E-05 0.0166615 0.825865
9.9973E-05 9.9973E-05 0.07966 0.162585 9.9973E-05 0.757455
9.9973E-05 9.9973E-05 0.161181 9.9973E-05 0.00953344 0.828986
9.9991E-05 0.0732133 0.0753714 0.0155796 0.0207226 0.815013
0.102045 9.9982E-05 0.0463989 0.744354 9.9982E-05 0.107002
0.106163 0.00882967 0.0719722 0.812835 9.9982E-05 9.9982E-05
9.9973E-05 9.9973E-05 0.0805706 0.140552 9.9973E-05 0.778578
0.0890937 9.9991E-05 0.196734 0.0152181 0.0373084 0.661546
9.9973E-05 0.0301383 9.9973E-05 0.170471 9.9973E-05 0.79909
0.191547 9.9982E-05 0.1033 0.624659 9.9982E-05 0.0802945
0.125369 0.000936814 0.818699 0.0207278 0.0188878 0.0153799
0.191256 0.223343 0.563339 9.9991E-05 0.00714327 0.0148187
0.180399 0.442632 0.247886 0.116173 9.9991E-05 0.0128096
0.349275 0.53609 0.0582089 0.0558844 9.9991E-05 0.000441118
0.114428 0.739745 9.9973E-05 0.145527 9.9973E-05 9.9973E-05
0.0257146 0.804958 0.0156349 0.130887 9.9991E-05 0.022706
9.9982E-05 0.756401 0.181623 0.047899 0.0138775 9.9982E-05
0.244588 0.70013 9.9991E-05 0.0243667 0.0138351 0.0169793
0.0661934 0.699882 0.0143407 0.130194 0.0214599 0.0679305
0.139672 0.719396 9.9982E-05 9.9982E-05 0.0520992 0.0886327
9.9982E-05 0.0991018 0.741975 0.153616 0.00510729 9.9982E-05
0.0444517 0.0720995 0.668844 0.133945 0.0455538 0.0351062
0.0824781 9.9982E-05 0.691751 0.200724 0.0248477 9.9982E-05
9.99641E-05 9.99641E-05 0.839459 0.160141 9.99641E-05 9.99641E-05
0.118328 9.9973E-05 0.75085 0.130522 9.9973E-05 9.9973E-05
0.0322959 9.9973E-05 0.575091 0.392313 9.9973E-05 9.9973E-05
0.651223 0.161556 0.0561228 0.123542 0.00745636 9.9991E-05
0.876804 0.0764616 9.9991E-05 0.0147923 0.01341 0.0184324
0.901419 9.9982E-05 9.9982E-05 0.0424069 0.0423452 0.0136287
0.756179 0.0696396 0.00188633 0.145022 0.0168093 0.0104642
0.706555 0.0306657 0.208745 0.022941 0.0309931 9.9991E-05
0.145502 0.543966 9.9991E-05 0.0487838 0.157224 0.104425
0.0332705 0.041231 0.0652885 0.177346 0.000791807 0.682072
0.0301847 0.0632703 0.0452106 0.038337 0.0454642 0.777533
0.0756154 0.000377667 9.9991E-05 0.133461 0.0176949 0.772751
0.159994 0.0459563 0.0273414 0.0680497 0.0134309 0.685228
9.9982E-05 0.0746296 0.138283 9.9982E-05 0.0220085 0.764879
0.45502 0.198706 0.182584 0.0234095 0.0190324 0.121248
0.482403 0.215938 0.200366 0.0658397 0.0232398 0.0122139
0.873584 0.0110474 0.0469486 9.9982E-05 0.0682201 9.9982E-05
0.236466 0.262752 0.260531 0.193365 0.046785 9.9991E-05
