9.9982E-05 9.9982E-05 0.746296 0.130078 0.0213273 0.102098
9.999E-05 0.304157 0.54297 0.0834246 0.0333116 0.0360361
9.9982E-05 9.9982E-05 0.642511 0.144007 0.0281082 0.185173
9.9982E-05 0.0523415 0.757811 0.18189 0.00775699 9.9982E-05
0.0712279 0.0443235 0.883163 9.9982E-05 0.00108522 9.9982E-05
0.0184951 0.0998781 0.733252 0.148175 9.99883E-05 9.99883E-05
9.9973E-05 0.261874 0.527071 0.210754 9.9973E-05 9.9973E-05
9.9982E-05 0.224412 0.642865 0.109513 0.0230094 9.9982E-05
0.0684649 0.71296 0.122137 9.9991E-05 0.00216749 0.0941706
9.999E-05 0.273792 0.353897 0.191907 0.0251439 0.155161
0.0251884 0.351419 0.0791385 0.459064 0.0561457 0.0290449
0.0362311 0.455024 0.225468 0.0740763 0.0185882 0.190612
0.00263393 0.078673 0.022601 0.821016 0.0520574 0.0230192
0.0640426 0.724397 0.0480297 0.0261095 9.9991E-05 0.137321
0.0701182 0.449336 0.318233 9.9991E-05 0.0435036 0.118708
9.9982E-05 0.639213 0.235429 0.102269 9.9982E-05 0.0228881
0.0368239 0.530199 0.268653 9.9982E-05 9.9982E-05 0.164124
9.9982E-05 0.461499 0.497265 9.9982E-05 0.0328299 0.00820594
0.107938 0.190711 0.0172236 0.179785 0.0442713 0.460071
9.9973E-05 0.270343 9.9973E-05 0.135154 9.9973E-05 0.594203
9.999E-05 0.0990206 0.123566 0.0520855 0.0201329 0.705095
0.0330716 9.9973E-05 9.9973E-05 0.0914734 9.9973E-05 0.875155
0.00768397 9.9991E-05 0.0225155 0.03642 0.0422168 0.891064
0.0411487 0.17452 0.0553995 9.9991E-05 0.0307749 0.698057
9.9973E-05 0.122816 0.209329 9.9973E-05 9.9973E-05 0.667555
9.9973E-05 9.9973E-05 0.132283 9.9973E-05 0.0159761 0.851441
0.0942523 9.9973E-05 9.9973E-05 9.9973E-05 0.0313912 0.874057
0.0647708 0.0201451 9.9982E-05 9.9982E-05 0.0304882 0.884396
0.00403259 9.9973E-05 0.110165 9.9973E-05 9.9973E-05 0.885502
0.0660951 9.9982E-05 0.121973 9.9982E-05 0.00692271 0.80481
0.0719931 0.056341 9.9982E-05 9.9982E-05 0.00930815 0.862158
0.00938519 0.133847 0.0261453 0.043398 0.0331091 0.754116
0.00406875 0.0293679 0.00919538 0.0360559 0.0736476 0.847664
9.999E-05 0.249441 0.297561 0.236759 0.0584538 0.157685
0.0103041 0.168818 0.570905 9.9982E-05 9.9982E-05 0.249773
0.107519 9.9973E-05 0.706748 9.9973E-05 9.9973E-05 0.185433
9.9982E-05 9.9982E-05 0.752302 0.193467 0.0281367 0.0258934
0.0884968 0.380063 0.286259 0.180025 9.9991E-05 0.065055
9.996E-05 9.996E-05 9.996E-05 9.996E-05 0.9995 9.996E-05
9.9982E-05 0.00866879 9.9982E-05 0.241411 0.0107676 0.738952
0.0896072 0.135963 0.639943 9.9991E-05 0.0196778 0.114709
9.9982E-05 0.246939 0.42585 0.15112 9.9982E-05 0.175891
0.0536818 0.26856 0.0356211 0.371611 0.0115217 0.259004
0.0974775 0.18766 0.0210208 0.527157 0.0528922 0.113793
9.9982E-05 9.9982E-05 0.026882 0.934577 0.0167267 0.021614
9.996E-05 9.996E-05 9.996E-05 9.996E-05 0.9995 9.996E-05
0.0300064 0.398198 0.163736 0.157204 0.0708991 0.179956
0.0694495 0.234508 0.144193 0.471352 9.9991E-05 0.0803971
0.0746553 0.224761 0.186664 0.139688 0.0458424 0.32839
0.701357 0.117291 9.9982E-05 0.165325 0.0158273 9.9982E-05
0.752246 0.097607 9.9991E-05 0.128626 0.0210519 0.00036942
0.772129 0.0784758 0.149096 9.9973E-05 9.9973E-05 9.9973E-05
0.651251 0.113551 9.9991E-05 0.170326 0.0626297 0.00214233
0.804144 0.090235 9.9982E-05 9.9982E-05 0.0519155 0.0535058
0.825434 0.0777639 9.9973E-05 9.9973E-05 9.9973E-05 0.0965017
0.703701 0.295899 9.9964E-05 9.9964E-05 9.9964E-05 9.9964E-05
0.74916 0.243509 9.9973E-05 9.9973E-05 0.00703162 9.9973E-05
0.821194 9.9982E-05 9.9982E-05 0.00816449 0.0532814 0.11716
0.75271 0.0801126 0.0570723 0.0672321 0.0427733 9.9991E-05
0.590987 0.0114057 0.109657 0.258066 0.029784 9.9991E-05
0.7935 9.9982E-05 9.9982E-05 0.112206 0.0126093 0.0814849
0.669921 0.00662021 0.0405641 0.167053 0.00737897 0.108463
0.298056 0.106397 9.9991E-05 0.494122 0.0555501 0.045775
0.0562709 0.00019828 0.111345 0.0546429 9.9991E-05 0.777443
0.0183029 0.00218158 0.147652 0.0337698 0.0347709 0.763323
9.9982E-05 0.0161775 0.164608 9.9982E-05 0.0100737 0.808941
0.646451 0.124539 9.9991E-05 0.169659 0.0198792 0.0393715
0.435625 9.9982E-05 0.0454188 0.448427 0.0703286 9.9982E-05
0.708238 0.0343725 0.0434851 0.0706778 0.0155721 0.127654
0.643818 0.0138358 9.9982E-05 0.291176 0.050971 9.9982E-05
0.796811 0.144928 0.0080064 9.9991E-05 0.0361438 0.0140109
0.0854808 0.201318 0.0926323 0.620369 9.9982E-05 9.9982E-05
0.00123965 0.22504 9.9982E-05 0.765054 0.00846619 9.9982E-05
0.0436593 0.179318 9.9982E-05 0.765133 0.0116889 9.9982E-05
9.9964E-05 9.9964E-05 9.9964E-05 0.975341 0.0242594 9.9964E-05
9.9973E-05 9.9973E-05 9.9973E-05 0.895555 0.037964 0.0661811
9.9973E-05 0.0397628 9.9973E-05 0.923787 0.03615 9.9973E-05
0.035282 9.9991E-05 0.161711 0.722084 0.0224919 0.058331
0.665135 0.231934 9.9973E-05 0.102631 9.9973E-05 9.9973E-05
0.402198 0.0431732 0.103722 0.340032 0.108953 0.00192116
0.699034 9.9991E-05 0.0719898 0.138935 0.0115544 0.0783863
0.697487 0.0136431 9.9991E-05 0.148718 0.0566453 0.0834067
0.664654 0.30538 9.9973E-05 9.9973E-05 0.0296661 9.9973E-05
9.9982E-05 0.295015 9.9982E-05 0.0682592 0.0564775 0.580048
0.290939 0.0563355 0.0357162 0.491727 9.9991E-05 0.125182
0.097816 9.9973E-05 0.0872445 0.81464 9.9973E-05 9.9973E-05
9.996E-05 9.996E-05 9.996E-05 9.996E-05 0.9995 9.996E-05
9.9982E-05 0.113329 0.52999 0.184523 9.9982E-05 0.171957
9.9991E-05 0.143927 0.672988 0.0607209 0.03576 0.0865041
0.00512442 0.550851 0.185936 0.127567 0.0389584 0.0915624
0.110467 0.626499 9.9991E-05 0.0816285 0.0339347 0.14737
0.0578705 0.293229 0.600101 0.0310998 9.9991E-05 0.0175996
0.122247 9.9973E-05 9.9973E-05 0.858728 9.9973E-05 0.0187252
9.9991E-05 0.115577 0.102752 0.187178 0.0555651 0.538828
0.147676 9.9982E-05 0.0536501 0.718821 0.0796533 9.9982E-05
0.0521437 0.00314057 0.269486 0.298535 0.0452371 0.331458
9.9973E-05 0.673306 0.225918 9.9973E-05 9.9973E-05 0.100477
9.9982E-05 0.208136 0.586026 0.187523 9.9982E-05 0.018115
9.9982E-05 0.375241 0.293174 0.185263 9.9982E-05 0.146123
0.0546783 0.815079 0.0274998 0.102007 0.00063566 9.9991E-05
9.9964E-05 9.9964E-05 0.723775 0.275825 9.9964E-05 9.9964E-05
9.9964E-05 0.993512 9.9964E-05 9.9964E-05 0.00608782 9.9964E-05
0.153028 9.9991E-05 0.14785 0.678838 0.0193024 0.000881804
0.188592 0.119573 0.0758108 0.528654 0.0841946 0.0031755
0.186516 0.0429741 0.0849197 0.594507 0.0825427 0.00854072
9.9973E-05 0.311211 9.9973E-05 0.587133 9.9973E-05 0.101357
0.0868289 0.368966 9.9982E-05 0.455253 9.9982E-05 0.0887522
0.0575264 0.189266 0.330336 9.9982E-05 9.9982E-05 0.422671
0.738912 0.0614138 0.155578 9.9982E-05 0.0438969 9.9982E-05
0.649422 9.9991E-05 0.0534639 0.261772 0.0131096 0.0221322
0.12335 9.9982E-05 0.107188 0.655147 9.9982E-05 0.114116
0.143177 0.375109 9.9991E-05 0.37669 0.0136373 0.0912863
0.108952 9.9991E-05 0.123632 0.488861 0.0496236 0.228832
9.9982E-05 0.0243992 0.00121341 0.304702 9.9982E-05 0.669485
0.594722 9.9982E-05 9.9982E-05 0.270564 0.0470113 0.0875033
0.636902 0.070866 9.9982E-05 0.266819 9.9982E-05 0.0252127
0.445603 9.9973E-05 0.154879 0.399218 9.9973E-05 9.9973E-05
9.9982E-05 9.9982E-05 0.394541 0.064127 0.0804351 0.460696
0.0439969 0.16132 0.570063 9.9991E-05 0.000428056 0.224091
0.0347281 0.210124 0.596839 0.127926 0.0302838 9.9991E-05
0.100696 0.067361 0.727106 0.0338624 9.9991E-05 0.0708746
9.9973E-05 0.308527 0.354778 9.9973E-05 9.9973E-05 0.336395
9.9991E-05 0.111593 0.59746 0.108387 0.0275634 0.154897
0.0455724 9.9973E-05 0.846761 9.9973E-05 9.9973E-05 0.107366
0.0564244 0.173362 0.751868 9.9991E-05 0.012268 0.00597809
0.0115827 0.202951 0.400391 0.061358 0.00613634 0.317581
9.9973E-05 0.903722 0.0671365 9.9973E-05 9.9973E-05 0.0288415
9.9991E-05 0.906143 0.0205732 0.0292757 0.0204963 0.0234121
9.9964E-05 0.954874 0.0447261 9.9964E-05 9.9964E-05 9.9964E-05
0.10918 0.367369 0.287691 0.0712192 0.0159357 0.148605
0.0423053 0.913691 9.9982E-05 0.0289318 0.0148714 9.9982E-05
9.9982E-05 0.565296 0.0474935 0.24421 9.9982E-05 0.142801
0.0350345 0.15502 0.718447 0.0348793 9.9991E-05 0.0565188
9.9973E-05 0.0328265 9.9973E-05 0.160628 9.9973E-05 0.806246
9.9973E-05 9.9973E-05 0.0648904 0.106416 9.9973E-05 0.828393
9.9973E-05 0.191215 9.9973E-05 9.9973E-05 0.0113762 0.797109
0.0802528 0.143734 0.0450034 0.00480424 9.9991E-05 0.726105
0.0630716 9.9991E-05 0.117174 0.0586728 0.00401366 0.756968
0.0668636 0.157269 0.550455 0.210789 0.00552643 0.00909728
9.9982E-05 9.9982E-05 0.713888 0.104017 0.0334471 0.148448
0.876612 9.9973E-05 0.0177264 0.105362 9.9973E-05 9.9973E-05
0.758742 0.076141 9.9991E-05 0.0758857 0.0265426 0.0625887
0.844188 0.0366372 0.0923902 0.00987218 0.0167988 0.00011326
0.555202 9.9982E-05 0.0835472 0.355136 9.9982E-05 0.00591476
0.786832 0.156561 0.0166135 9.9982E-05 0.0397932 9.9982E-05
0.775225 0.133565 9.9982E-05 9.9982E-05 0.00802168 0.0829882
0.805999 9.9982E-05 0.0368732 0.121055 0.0358727 9.9982E-05
0.776422 9.9991E-05 0.0881455 0.0827837 0.00645451 0.0460939
0.797716 9.9982E-05 0.0567658 0.0837977 9.9982E-05 0.0615204
0.794015 9.9991E-05 0.022639 0.0618656 0.0087227 0.112658
0.745774 0.0576362 0.0450037 0.138099 0.0133879 9.9991E-05
0.751509 0.154823 0.0180501 0.0310182 0.0444999 9.9991E-05
0.764638 0.108569 0.087988 9.9991E-05 0.0278999 0.0108053
0.850544 0.00341017 0.0656876 9.9991E-05 0.0200155 0.0602431
0.832587 9.9991E-05 0.133456 0.0214287 0.00509171 0.00733721
0.849279 9.9973E-05 0.123536 9.9973E-05 0.0268852 9.9973E-05
0.799193 0.0485052 0.0775262 9.9991E-05 0.0282621 0.0464136
0.107344 9.9982E-05 0.0474785 0.753263 9.9982E-05 0.0917142
9.9982E-05 0.133426 0.0226005 0.840256 9.9982E-05 0.00351742
0.769595 9.9973E-05 0.0434965 0.186609 9.9973E-05 9.9973E-05
0.655187 0.0932638 0.122873 0.0465112 0.0333123 0.048853
0.80654 9.9973E-05 9.9973E-05 0.171008 9.9973E-05 0.0221515
0.127203 0.107133 0.107249 0.658215 9.9982E-05 9.9982E-05
9.9973E-05 9.9973E-05 0.876808 0.0909579 0.0319337 9.9973E-05
9.9982E-05 0.238524 0.560267 9.9982E-05 0.0225534 0.178456
9.9973E-05 9.9973E-05 0.346043 0.221033 9.9973E-05 0.432624
9.9982E-05 0.294982 0.0679383 0.00718195 9.9982E-05 0.629698
9.9991E-05 0.0920139 0.0212352 0.096367 0.0157566 0.774527
0.0195937 0.0486745 9.9982E-05 0.112927 9.9982E-05 0.818605
9.9991E-05 0.0780715 0.171602 0.0391935 0.0184502 0.692582
0.0173116 0.275397 9.9991E-05 0.0124738 0.0237543 0.670963
0.0609919 0.0517388 9.9991E-05 0.137098 0.0296207 0.720451
0.0711329 0.070245 0.0534742 9.9991E-05 0.0476701 0.757378
0.012675 0.0844898 0.750606 0.0458217 9.9991E-05 0.106308
0.0987028 9.9991E-05 0.807145 0.00211478 0.0483099 0.0436278
0.0393003 0.053134 0.711085 0.154244 0.0421367 9.9991E-05
9.99641E-05 9.99641E-05 0.712446 0.287154 9.99641E-05 9.99641E-05
9.9982E-05 0.0603244 0.780153 0.147489 0.0118329 9.9982E-05
0.0279207 0.0783243 0.581059 0.312496 9.9982E-05 9.9982E-05
9.9982E-05 0.704003 0.168128 0.101435 9.9982E-05 0.0262342
0.0557066 0.932597 9.9973E-05 9.9973E-05 9.9973E-05 0.0113961
9.9982E-05 0.90751 0.0559253 0.0173411 0.019024 9.9982E-05
9.9982E-05 0.637476 0.136553 0.164107 9.9982E-05 0.0616648
0.0543219 0.770696 0.126368 0.000537271 0.0163363 0.0317403
0.0504195 0.158501 0.0198292 9.9991E-05 0.152582 0.618568
0.729106 0.0730798 9.9991E-05 0.106112 0.0282192 0.0633831
0.784376 9.9991E-05 0.0113725 0.0536113 0.0439486 0.106592
0.777523 0.0320535 9.9991E-05 0.161335 0.00925657 0.0197327
0.731175 0.11232 0.142671 0.0045519 0.00918284 9.9991E-05
0.780066 9.9982E-05 0.141566 9.9982E-05 0.0287136 0.0494554
0.126627 0.447995 0.101686 0.139775 0.0152428 0.168673
0.00754215 0.411075 0.279035 0.0278732 0.0395682 0.234907
9.9982E-05 0.831924 0.100135 9.9982E-05 0.0298992 0.0378418
9.9991E-05 0.404734 0.221052 0.15382 0.0608724 0.159421
