0.00884541 0.00220688 0.121904 0.867044
0.0233155 9.9991E-05 0.122343 0.854241
0.0306152 9.9991E-05 0.23632 0.732965
0.022566 0.0146874 0.0174121 0.945334
0.00347745 0.0382631 0.06563 0.892629
9.9991E-05 0.0472258 0.0555616 0.897113
9.999E-05 0.0502206 0.104668 0.845011
0.0457348 9.9991E-05 0.0187262 0.935439
0.0386305 0.0677369 0.200661 0.692971
0.022836 0.0511627 0.266992 0.659009
0.065534 0.185696 0.12842 0.62035
0.0398226 0.0607948 0.258918 0.640465
0.0421463 0.315892 0.129727 0.512236
9.999E-05 0.12039 0.245682 0.633828
0.0570791 0.0485391 0.184729 0.709653
9.9991E-05 0.00325081 0.13845 0.858199
9.9982E-05 9.9982E-05 0.335388 0.664412
0.0418366 9.9991E-05 0.0838056 0.874258
0.0706168 0.193378 0.582375 0.15363
9.9991E-05 0.0169392 0.78068 0.202281
0.0310413 9.9991E-05 0.771608 0.19725
0.0245505 0.0281721 0.857325 0.0899521
0.0565512 0.0127315 0.930617 9.9991E-05
0.0352075 0.0105923 0.866397 0.0878035
9.9982E-05 9.9982E-05 0.709506 0.290294
0.0247058 9.9982E-05 0.975094 9.9982E-05
0.0345947 0.037905 0.9274 9.9991E-05
0.0532258 0.0769136 0.869761 9.9991E-05
9.9982E-05 0.00525211 0.994548 9.9982E-05
9.9991E-05 0.0770495 0.909114 0.0137363
0.0154508 0.0273688 0.95708 9.9991E-05
0.0321268 0.041865 0.88455 0.0414585
0.0637404 0.0136641 0.87737 0.0452251
0.072677 0.0205086 0.22522 0.681595
9.9982E-05 9.9982E-05 0.306841 0.692959
9.9991E-05 0.072883 0.199998 0.727019
0.0462842 0.0585708 0.120011 0.775133
0.00775979 0.138931 0.187672 0.665638
0.9997 9.998E-05 9.998E-05 9.998E-05
0.0418277 0.0674986 0.890574 9.9991E-05
0.0172174 0.0854195 0.272847 0.624516
0.00903817 9.9991E-05 0.198293 0.792568
0.024991 0.194674 0.357738 0.422596
0.0684387 0.310402 0.124277 0.496882
0.0163203 0.291575 0.103877 0.588228
0.9997 9.998E-05 9.998E-05 9.998E-05
0.0763872 0.0506049 0.263666 0.609341
9.9991E-05 0.222171 0.20606 0.571669
0.022441 0.137592 0.41001 0.429957
0.0528307 0.868232 0.0476872 0.0312498
0.0189367 0.903347 0.0333811 0.0443348
0.0124879 0.86162 0.0185751 0.107317
0.0755566 0.790967 0.00296275 0.130513
0.0463238 0.865103 0.0884737 9.9991E-05
9.9991E-05 0.908524 0.0861831 0.00519343
9.9982E-05 0.766929 9.9982E-05 0.232871
0.0288287 0.904801 0.0503726 0.0159975
0.0205014 0.916892 0.0625062 9.9991E-05
0.0434518 0.840432 0.00580845 0.110307
0.0347634 0.730287 9.9991E-05 0.234849
9.9982E-05 0.875978 0.123822 9.9982E-05
9.9991E-05 0.79002 0.100198 0.109683
0.0844911 0.51818 9.9991E-05 0.397229
0.0343283 0.0329884 0.879827 0.0528559
0.0361444 0.027497 0.889608 0.0467508
0.0189968 9.9991E-05 0.871858 0.109045
0.0284932 0.802046 0.0771999 0.0922609
0.082266 0.630815 9.9991E-05 0.286819
0.0168628 0.822381 0.013745 0.147011
0.0571622 0.853203 0.00403874 0.0855961
0.0459303 0.898781 9.9991E-05 0.0551888
0.000776903 0.343573 9.9991E-05 0.65555
0.0111463 0.342101 0.0216519 0.6251
0.0152751 0.318857 0.0411946 0.624673
0.0452647 0.342242 0.0602819 0.552211
0.0456105 0.263717 0.154118 0.536555
0.0422136 0.348617 0.0486915 0.560478
0.0451744 0.272076 0.0849686 0.597781
9.9982E-05 0.754415 9.9982E-05 0.245385
0.132442 0.53714 9.9991E-05 0.330318
0.0118417 0.82634 0.11659 0.0452281
0.0344587 0.850323 0.115118 9.9991E-05
0.0463008 0.781563 9.9991E-05 0.172036
0.0488468 0.0755352 0.78194 0.0936779
0.00203285 0.479118 0.182779 0.33607
9.9982E-05 0.393005 9.9982E-05 0.606795
0.9997 9.998E-05 9.998E-05 9.998E-05
0.00954742 9.9991E-05 0.18928 0.801073
0.0209734 9.9991E-05 0.169388 0.809538
0.0461906 0.0844881 0.236068 0.633254
0.0603891 0.120945 0.306984 0.511682
9.9991E-05 0.0425406 0.101972 0.855388
0.0170512 0.445483 0.0979838 0.439482
0.0396567 0.0560205 0.659113 0.24521
0.0900199 0.418751 9.9991E-05 0.491129
0.0492468 0.140829 0.331573 0.478351
0.00092814 9.9991E-05 0.200188 0.798784
9.9991E-05 0.0326471 0.0863016 0.880951
9.9991E-05 0.0450971 0.249353 0.70545
0.00263779 0.101763 0.0560593 0.83954
0.0228433 0.0308106 0.0905371 0.855809
0.00617645 9.9991E-05 0.128855 0.864869
0.0414423 0.422637 0.0745259 0.461395
0.115786 0.340735 0.0878535 0.455625
0.0883187 0.408051 0.0364814 0.467149
0.00792167 0.122195 0.275968 0.593915
9.9991E-05 0.245389 0.174445 0.580067
9.9991E-05 0.0506792 0.509763 0.439458
0.0427418 0.789823 0.023783 0.143652
0.0465956 0.827009 0.0132895 0.113106
0.00775971 0.388087 0.213896 0.390257
0.0491764 0.287933 0.170841 0.49205
0.0685078 0.290477 0.298932 0.342083
9.9991E-05 0.0453816 0.843472 0.111046
0.0468545 0.762553 0.157728 0.0328647
9.9982E-05 0.783628 9.9982E-05 0.216172
9.9982E-05 0.655617 9.9982E-05 0.344183
0.0579921 0.0467742 0.55281 0.342424
0.0186979 0.0202431 0.234617 0.726442
0.0420563 0.0570566 0.0295301 0.871357
0.000355645 0.0576127 0.103932 0.8381
9.9982E-05 9.9982E-05 0.477691 0.522109
9.9982E-05 9.9982E-05 0.238147 0.761653
9.9991E-05 0.0121686 0.12937 0.858361
0.0121375 0.0249942 0.0297046 0.933164
0.00950682 0.0108268 0.371952 0.607714
0.00901494 9.9991E-05 0.152375 0.83851
0.0607216 9.9991E-05 0.250193 0.688985
0.0331946 9.9991E-05 0.15 0.816706
0.00113196 0.133671 0.314506 0.550691
0.0424818 0.0420027 0.0262797 0.889236
0.0243458 0.0562551 0.309441 0.609958
0.0143503 0.0162969 0.128524 0.840829
9.9982E-05 9.9982E-05 0.978573 0.0212269
9.9982E-05 9.9982E-05 0.947277 0.0525234
0.030008 9.9982E-05 0.969792 9.9982E-05
0.0132708 0.0755801 0.803939 0.10721
9.9991E-05 0.0625684 0.877963 0.0593685
9.9991E-05 0.100918 0.0279822 0.871
0.0325584 9.9991E-05 0.193963 0.773378
9.998E-05 0.9997 9.998E-05 9.998E-05
0.0429581 0.858976 0.0979663 9.9991E-05
0.00472711 0.942218 0.0374513 0.0156037
9.9991E-05 0.742528 0.111888 0.145484
0.0474321 0.925109 9.9991E-05 0.0273586
0.00743114 0.874407 0.118062 9.9991E-05
0.0337349 0.940597 9.9991E-05 0.0255685
0.0170716 0.905372 0.0696945 0.00786161
9.9982E-05 0.905674 0.0941261 9.9982E-05
0.0104952 0.888559 0.100846 9.9991E-05
0.0535363 0.855094 9.9991E-05 0.0912694
0.0456468 0.826591 0.0781931 0.0495687
0.0260597 0.840647 0.105061 0.0282315
0.00835437 0.925936 0.06561 9.9991E-05
0.00445436 0.908014 9.9991E-05 0.0874319
0.0330206 0.966779 9.9982E-05 9.9982E-05
9.9982E-05 0.908438 0.0913617 9.9982E-05
0.00284356 0.374231 0.109894 0.513031
9.9991E-05 0.250089 0.15348 0.596331
9.9982E-05 0.935456 9.9982E-05 0.0643444
0.022846 0.721574 0.0162647 0.239315
9.9982E-05 0.964732 0.0350682 9.9982E-05
0.00797058 0.37307 9.9991E-05 0.618859
0.0221052 9.9991E-05 0.0160622 0.961733
0.030925 9.9991E-05 0.284337 0.684638
9.9991E-05 0.0529786 0.490989 0.455932
0.00575171 9.9991E-05 0.694009 0.300139
9.9991E-05 0.0486465 0.925239 0.0260149
0.0110127 0.0298259 0.919729 0.0394329
9.9982E-05 9.9982E-05 0.87023 0.12957
0.0324945 0.0317499 0.840642 0.0951132
0.0301469 0.112828 0.819266 0.037759
0.0546535 0.0571966 0.837922 0.050228
0.00972607 0.0323092 0.14812 0.809845
0.0509235 0.02765 0.0614863 0.85994
0.0461729 0.054405 9.9991E-05 0.899322
0.00432546 0.0406395 9.9991E-05 0.954935
0.0193544 0.0188917 9.9991E-05 0.961654
9.9991E-05 0.101083 0.0465461 0.852271
0.00104729 0.0295587 0.224705 0.744689
0.0433795 0.0893989 0.229865 0.637357
0.0845355 9.9991E-05 0.0755159 0.839849
0.0128231 0.0536166 0.238404 0.695157
0.0409964 0.0145947 0.170124 0.774285
0.136103 0.0682809 0.793412 0.00220371
0.0093377 0.865274 0.0798196 0.0455684
0.0375615 0.828269 0.13407 9.9991E-05
0.00334219 0.948799 0.0305595 0.0172996
0.018733 0.77497 0.0439934 0.162304
0.0149406 0.840924 0.144013 0.00012226
0.0349356 0.138262 0.335195 0.491607
0.0265598 0.00479212 0.30643 0.662218
0.0746693 9.9991E-05 0.0997196 0.825511
0.0610606 0.00494326 0.327095 0.606901
