0.154776 0.0199843 0.000949299 0.121106 0.674144 0.0290403
0.0717351 9.9982E-05 0.0207421 9.9982E-05 0.505173 0.40215
0.152697 9.9982E-05 0.0188853 0.0723237 0.755894 9.9982E-05
0.00485775 9.9991E-05 0.0165488 0.120217 0.747674 0.110603
9.9982E-05 0.054976 0.00622978 9.9982E-05 0.84297 0.0956243
9.9982E-05 0.0448855 9.9982E-05 0.0516387 0.822248 0.0810282
9.9982E-05 0.0259027 9.9982E-05 0.101437 0.518447 0.354014
9.9982E-05 9.9982E-05 0.0368239 0.0826725 0.62499 0.255314
0.0536571 0.0471005 9.9982E-05 9.9982E-05 0.198961 0.700082
0.177014 9.9991E-05 0.0464523 0.169594 0.219618 0.387222
0.0263683 0.0606493 0.0564601 0.417806 0.132331 0.306385
0.162995 0.0270611 0.0256525 0.102156 0.16496 0.517176
9.9982E-05 0.02249 0.0324839 0.818502 9.9982E-05 0.126325
0.0413068 0.0791335 9.9982E-05 0.0938136 9.9982E-05 0.785546
0.114469 0.0886327 0.0401301 9.9991E-05 0.387048 0.36962
0.0745531 9.9982E-05 9.9982E-05 0.167287 0.188423 0.569538
0.143163 0.043491 9.9982E-05 9.9982E-05 0.169861 0.643285
0.0134462 9.9982E-05 0.0146204 9.9982E-05 0.526909 0.444825
0.487672 0.107545 0.0588749 0.141515 0.0580409 0.146352
0.588427 9.9973E-05 9.9973E-05 0.125269 9.9973E-05 0.286004
0.71705 0.00327374 0.0150465 0.0445484 0.165845 0.0542357
0.776328 0.0343594 9.9982E-05 0.138038 0.0510745 9.9982E-05
0.872917 9.9982E-05 0.0423215 0.0642978 9.9982E-05 0.0202633
0.703063 0.0276312 0.0372639 9.9991E-05 0.106305 0.125637
0.705098 9.9991E-05 0.00194094 0.0725014 0.134631 0.0857288
0.878289 9.9973E-05 0.00826695 9.9973E-05 0.113144 9.9973E-05
0.908555 0.0622638 0.0288814 9.9973E-05 9.9973E-05 9.9973E-05
0.80847 0.0518577 0.0161551 0.00564621 9.9991E-05 0.117771
0.897345 0.0240396 9.9973E-05 9.9973E-05 0.0783156 9.9973E-05
0.763964 0.0762354 0.00712428 9.9982E-05 0.152477 9.9982E-05
0.845034 0.0310626 0.00678204 9.9982E-05 9.9982E-05 0.116921
0.729555 0.0235361 0.0199955 0.0342339 0.0165084 0.176171
0.756171 9.9982E-05 0.0671416 0.0516828 9.9982E-05 0.124804
0.14474 9.9991E-05 0.0679838 0.243424 0.428019 0.115733
0.230704 0.0313302 9.9982E-05 9.9982E-05 0.41114 0.326626
0.110098 0.0843681 9.9991E-05 0.00708538 0.795066 0.00328197
0.0630742 9.9982E-05 0.0275544 0.183059 0.726112 9.9982E-05
0.113759 0.0654325 9.9991E-05 0.18597 0.375934 0.258804
9.996E-05 9.996E-05 0.9995 9.996E-05 9.996E-05 9.996E-05
0.700662 9.9982E-05 0.0311002 0.263236 0.00480253 9.9982E-05
0.164764 0.121751 9.9982E-05 9.9982E-05 0.677355 0.0359299
0.106912 9.9982E-05 9.9982E-05 0.173506 0.401141 0.318241
0.236213 0.053935 0.0109309 0.326159 0.164167 0.208595
0.0892483 0.0815597 0.0417677 0.633668 9.9991E-05 0.153656
0.0237199 0.0150221 0.0200875 0.898085 0.0429856 9.9991E-05
9.996E-05 9.996E-05 0.9995 9.996E-05 9.996E-05 9.996E-05
0.187814 9.9991E-05 0.0926174 0.252513 0.177383 0.289572
0.100413 0.052356 9.9991E-05 0.521236 0.0717713 0.254124
0.216952 0.09683 0.0365294 0.0873197 0.0990681 0.4633
9.9982E-05 0.699171 0.04571 0.133306 9.9982E-05 0.121614
9.9982E-05 0.728046 0.0257379 0.161724 9.9982E-05 0.0842915
0.000881056 0.77783 9.9973E-05 9.9973E-05 0.220989 9.9973E-05
9.9982E-05 0.679186 0.0402459 0.154555 9.9982E-05 0.125814
0.0445023 0.786576 0.048497 9.9991E-05 0.0491696 0.0711554
0.0530065 0.77806 9.9973E-05 9.9973E-05 9.9973E-05 0.168634
9.9964E-05 0.679917 9.9964E-05 9.9964E-05 9.9964E-05 0.319683
9.9964E-05 0.735066 9.9964E-05 9.9964E-05 9.9964E-05 0.264534
0.121159 0.793272 0.0503804 0.0349887 9.9982E-05 9.9982E-05
9.9991E-05 0.749172 0.0501303 0.0818502 0.0645519 0.0541954
9.9982E-05 0.545879 0.0441101 0.240613 0.169198 9.9982E-05
0.109148 0.80651 9.9973E-05 0.0840413 9.9973E-05 9.9973E-05
0.0832187 0.627046 0.0013779 0.19058 0.0668879 0.0308895
9.9982E-05 0.276174 0.0903096 0.610303 9.9982E-05 0.0230139
0.75272 0.0460099 0.0151662 0.0366725 0.0764802 0.0729511
0.760633 0.0118225 0.0426695 0.0526 0.132175 9.9991E-05
0.806447 9.9973E-05 0.0119704 9.9973E-05 0.181283 9.9973E-05
9.9991E-05 0.647048 0.00464836 0.16391 0.027097 0.157197
9.9982E-05 0.429211 0.0963188 0.395938 0.0783326 9.9982E-05
0.0725958 0.698235 0.0172748 0.135623 0.030331 0.0459408
0.00641601 0.64958 0.0512538 0.29255 9.9982E-05 9.9982E-05
9.9973E-05 0.770878 0.0360147 9.9973E-05 0.192807 9.9973E-05
9.9991E-05 0.106489 0.00866623 0.547549 0.0334213 0.303774
9.9982E-05 0.0374214 0.000725478 0.625604 9.9982E-05 0.336049
9.9991E-05 0.0793538 0.00405418 0.740961 0.0953484 0.0801823
9.9964E-05 9.9964E-05 0.0420514 0.957549 9.9964E-05 9.9964E-05
0.0840431 9.9982E-05 0.0357239 0.875522 9.9982E-05 0.00451136
0.00358585 9.9982E-05 0.0294254 0.908741 9.9982E-05 0.0580476
0.069685 0.0142551 0.00790969 0.697045 0.131872 0.079234
9.9973E-05 0.615132 9.9973E-05 0.139906 9.9973E-05 0.244662
9.9991E-05 0.368459 0.175424 0.314433 0.126934 0.0146503
0.0588439 0.697266 0.00491016 0.180433 0.0584467 9.9991E-05
0.0872013 0.751548 0.052825 0.0415032 9.9991E-05 0.0668229
9.9973E-05 0.654358 0.0201646 9.9973E-05 9.9973E-05 0.325178
0.573736 0.023176 0.0128402 0.0880788 9.9991E-05 0.302069
0.11713 0.264054 9.9991E-05 0.571513 0.0397258 0.00747789
9.9973E-05 0.0796968 9.9973E-05 0.881462 9.9973E-05 0.0385411
9.996E-05 9.996E-05 0.9995 9.996E-05 9.996E-05 9.996E-05
0.179971 9.9982E-05 9.9982E-05 0.0845059 0.600894 0.134429
0.145778 9.9991E-05 0.0263498 0.117404 0.437626 0.272742
0.0543618 9.9991E-05 0.0385638 0.204668 0.0848215 0.617484
0.130471 0.0646888 0.0439606 0.156544 9.9991E-05 0.604236
0.03863 0.0596672 9.9982E-05 9.9982E-05 0.673081 0.228422
0.00881743 0.127392 9.9982E-05 0.785189 0.0784019 9.9982E-05
0.519504 0.00288378 0.0444777 0.157961 0.221856 0.0533182
9.9991E-05 0.133483 0.077401 0.639347 0.0917502 0.0579187
0.267541 0.038536 0.0279014 0.395774 0.209612 0.0606357
0.135026 9.9982E-05 0.00904479 9.9982E-05 0.336681 0.519048
0.024875 9.9982E-05 9.9982E-05 0.22951 0.59636 0.149055
0.108951 9.9982E-05 9.9982E-05 0.23911 0.305829 0.34591
9.9991E-05 0.0245363 0.00253054 0.197322 0.118683 0.656828
9.9964E-05 9.9964E-05 9.9964E-05 0.348342 0.651258 9.9964E-05
9.9973E-05 9.9973E-05 0.00576509 0.0729025 9.9973E-05 0.921033
0.0118742 0.167873 0.0252443 0.704907 0.0900019 9.9991E-05
0.0729977 0.122556 0.0853671 0.53671 0.148116 0.0342542
0.0177488 0.141929 0.073512 0.673343 0.0675975 0.0258694
0.183143 9.9973E-05 9.9973E-05 0.619071 9.9973E-05 0.197486
0.0714526 0.113927 9.9991E-05 0.432143 0.0147634 0.367614
0.316894 0.0779381 9.9982E-05 9.9982E-05 0.161086 0.443882
0.0329752 0.735706 9.9982E-05 9.9982E-05 0.157027 0.0740917
0.0397827 0.688679 0.0357024 0.214285 0.000749771 0.0208012
0.119268 0.122437 9.9982E-05 0.674215 0.0838803 9.9982E-05
0.132426 0.145928 0.0232579 0.406932 9.9991E-05 0.291357
0.246168 0.0717817 0.0444451 0.480452 0.157053 9.9991E-05
0.675227 9.9973E-05 9.9973E-05 0.250813 9.9973E-05 0.0736593
0.0565285 0.539349 0.0216966 0.382226 9.9982E-05 9.9982E-05
0.0580556 0.633674 9.9982E-05 0.24324 9.9982E-05 0.0648307
9.9982E-05 0.462911 9.9982E-05 0.40666 0.114087 0.0161421
0.435923 0.0440816 0.0733985 0.0869474 0.359549 9.9991E-05
0.242477 0.0414595 0.0112103 9.9991E-05 0.545175 0.159578
0.0552171 0.0365956 0.0152359 0.144364 0.58065 0.167938
0.0633013 0.109936 9.9991E-05 0.0383965 0.71435 0.0739165
0.334666 9.9973E-05 9.9973E-05 9.9973E-05 0.437086 0.227948
0.147455 0.000659726 9.9991E-05 0.0919028 0.547638 0.212244
0.132084 0.0151884 9.9991E-05 0.0143234 0.705625 0.13268
9.9973E-05 0.0686055 9.9973E-05 9.9973E-05 0.651693 0.279402
0.350053 0.00494803 9.9991E-05 0.106624 0.395688 0.142587
9.996E-05 9.996E-05 9.996E-05 9.996E-05 9.996E-05 0.9995
0.0671805 9.9982E-05 0.0144946 0.0109542 9.9982E-05 0.907171
9.9973E-05 9.9973E-05 9.9973E-05 0.00880084 0.0751874 0.915712
0.216456 0.108811 9.9991E-05 0.0574815 0.283326 0.333825
9.9982E-05 0.0561872 0.0228252 9.9982E-05 0.270271 0.650517
0.153599 0.0291199 9.9991E-05 0.173583 0.022575 0.621023
0.116706 0.00592721 9.9991E-05 0.105022 0.571535 0.20071
0.83731 9.9982E-05 0.00980722 0.0920846 0.060598 9.9982E-05
0.826723 9.9964E-05 9.9964E-05 9.9964E-05 0.172877 9.9964E-05
0.810375 9.9973E-05 0.0241932 9.9973E-05 9.9973E-05 0.165131
0.715509 0.0518956 0.00122566 0.0554655 0.0626658 0.113239
0.75887 0.00974715 0.017555 0.188887 0.0248405 9.9991E-05
9.9982E-05 0.0618406 9.9982E-05 0.26015 0.503618 0.174192
0.112658 9.9982E-05 0.0264385 0.101523 0.759181 9.9982E-05
9.9982E-05 0.877955 0.00479866 0.0669969 0.0500495 9.9982E-05
0.0779299 0.718891 0.0121803 0.121985 9.9991E-05 0.0689137
9.9982E-05 0.830345 0.000538342 9.9982E-05 0.0703226 0.0985937
0.0576621 0.57471 9.9982E-05 0.316178 0.0512498 9.9982E-05
9.9982E-05 0.811064 0.0254429 9.9982E-05 0.0635233 0.0997698
0.128176 0.77042 0.00210959 0.0172082 9.9991E-05 0.0819867
9.9973E-05 0.821359 9.9973E-05 0.0181779 0.160164 9.9973E-05
0.0776043 0.763861 9.9982E-05 0.0721107 0.0862242 9.9982E-05
0.0902091 0.780508 9.9982E-05 0.0714859 0.0575969 9.9982E-05
0.0834463 0.805629 9.9973E-05 0.110625 9.9973E-05 9.9973E-05
9.9991E-05 0.758316 0.0251888 0.124376 0.0865437 0.0054754
0.00211879 0.743445 0.061038 0.0158066 0.0576657 0.119925
0.0809726 0.740242 0.0146902 9.9991E-05 0.122027 0.0419683
0.0222049 0.832946 0.0142339 9.9991E-05 0.0172953 0.11322
9.9973E-05 0.767571 9.9973E-05 0.16139 0.0707393 9.9973E-05
9.9973E-05 0.812631 0.0401951 9.9973E-05 0.146874 9.9973E-05
0.091035 0.800228 9.9982E-05 0.0246873 0.0838503 9.9982E-05
0.0582164 0.094591 9.9982E-05 0.799051 0.0479414 9.9982E-05
9.9973E-05 9.9973E-05 9.9973E-05 0.820144 0.0164578 0.163098
9.9973E-05 0.766906 9.9973E-05 0.176558 0.0562365 9.9973E-05
9.9991E-05 0.670411 0.0149974 0.0521571 0.231777 0.0305575
0.00812474 0.776933 0.00489461 0.209848 9.9982E-05 9.9982E-05
9.9991E-05 0.0589334 0.000917237 0.726062 0.0583951 0.155592
0.0420323 0.0153511 0.00130966 0.0312323 0.895878 0.0141971
0.213759 9.9982E-05 0.0449049 9.9982E-05 0.634662 0.106475
0.407583 9.9982E-05 9.9982E-05 0.240896 0.225976 0.125345
0.56007 9.9982E-05 9.9982E-05 0.0734469 0.0899869 0.276296
0.719963 9.9982E-05 0.00487265 0.145775 9.9982E-05 0.129189
0.829834 0.0639561 0.00756801 9.9982E-05 9.9982E-05 0.0984415
0.697678 0.0112174 0.00966917 0.0166912 0.079758 0.184986
0.668794 0.0200976 0.0132569 0.0505561 9.9991E-05 0.247195
0.685796 0.0564947 0.00896933 0.132062 9.9991E-05 0.116579
0.759553 0.0836046 0.0516921 9.9991E-05 0.0831566 0.0218934
0.138826 9.9973E-05 9.9973E-05 0.0762229 0.784651 9.9973E-05
0.0705388 0.0424725 0.0591819 0.0520426 0.775664 9.9991E-05
9.9982E-05 9.9982E-05 0.0405182 0.149618 0.77169 0.0379735
9.99641E-05 9.99641E-05 9.99641E-05 0.188552 0.811048 9.99641E-05
9.9982E-05 9.9982E-05 0.0134717 0.112479 0.759576 0.114273
9.9973E-05 9.9973E-05 9.9973E-05 0.40391 0.473953 0.121836
0.115639 9.9991E-05 0.0216315 0.112827 0.217405 0.532397
0.0109595 0.0817027 0.000145843 0.0227436 9.9991E-05 0.884348
9.9982E-05 0.0117495 0.0384324 0.0465064 9.9982E-05 0.903112
0.0681332 0.0198682 0.0153784 0.148946 0.196887 0.550788
9.9982E-05 0.0270437 0.034551 9.9982E-05 0.0707683 0.867437
0.579189 0.123839 0.136948 9.9982E-05 9.9982E-05 0.159825
0.0250133 0.691174 0.018741 0.20334 9.9991E-05 0.0616317
0.123818 0.736854 0.0510264 0.0881019 9.9982E-05 9.9982E-05
9.9982E-05 0.774203 0.00683989 0.18138 9.9982E-05 0.0373778
0.0326794 0.663067 0.00147522 0.0669921 0.153693 0.0820941
0.0584896 0.765234 0.0229404 9.9982E-05 0.153136 9.9982E-05
0.226246 0.115385 0.0280139 0.08206 0.198228 0.350067
0.231808 9.9991E-05 0.0269349 0.0637023 0.272025 0.405429
0.0368394 9.9982E-05 0.0560678 9.9982E-05 0.207011 0.699882
0.237076 9.9991E-05 0.0163529 0.125211 0.263291 0.35797
