0.00901961 9.9982E-05 0.0944426 9.9982E-05 0.101202 0.731424 0.0637124
0.0330589 9.9991E-05 0.0677192 0.233632 0.0269372 0.512578 0.125975
0.0305347 9.9973E-05 0.119383 9.9973E-05 9.9973E-05 0.726087 0.123695
0.0067351 0.015626 0.236773 9.9973E-05 9.9973E-05 0.740566 9.9973E-05
0.000133077 0.0557913 9.9982E-05 0.039009 0.0333717 0.871495 9.9982E-05
9.9973E-05 9.9973E-05 0.0321182 0.100311 0.116038 0.751233 9.9973E-05
9.9982E-05 9.9982E-05 0.137107 0.23324 0.0925585 0.496199 0.040695
0.0497284 0.000648379 0.122882 0.260911 9.9991E-05 0.563081 0.0026498
0.0144497 9.9982E-05 9.9982E-05 0.71833 0.113397 0.102473 0.0511497
0.0228881 9.9991E-05 0.225169 0.32354 0.0224468 0.289746 0.116111
0.0540516 0.0877569 0.431704 0.320182 9.9982E-05 0.106106 9.9982E-05
0.0230606 0.0400812 0.0671757 0.408032 0.0590005 0.271313 0.131338
0.0214592 9.9982E-05 0.743304 0.155968 0.0660042 9.9982E-05 0.0130652
9.9973E-05 0.0916061 0.0654032 0.776188 9.9973E-05 9.9973E-05 0.0665025
0.0449027 0.0924232 9.9982E-05 0.331879 9.9982E-05 0.412164 0.118431
0.00423699 9.9982E-05 0.205629 0.543918 9.9982E-05 0.208912 0.0371036
0.00866751 9.9982E-05 9.9982E-05 0.646815 0.0443953 0.146359 0.153564
0.023658 9.9973E-05 9.9973E-05 0.40351 9.9973E-05 0.507352 0.0651792
0.0642595 0.00676778 0.160241 0.0985661 0.14676 0.104992 0.418414
0.000236663 0.00414396 0.0911904 0.261158 9.9982E-05 9.9982E-05 0.643071
0.0167248 0.0180232 0.0939022 0.125911 9.9991E-05 0.139027 0.606312
9.9973E-05 0.038147 0.128269 9.9973E-05 9.9973E-05 0.0367552 0.796529
0.0350314 9.9964E-05 0.11279 9.9964E-05 9.9964E-05 9.9964E-05 0.851779
0.0322209 9.9982E-05 9.9982E-05 0.0832333 0.05154 0.113958 0.718848
9.9982E-05 9.9982E-05 0.0895782 0.139135 0.00836443 0.139558 0.623164
9.9964E-05 9.9964E-05 9.9964E-05 9.9964E-05 0.0134334 0.162725 0.823442
0.0263088 0.0549232 9.9973E-05 9.9973E-05 0.0645912 9.9973E-05 0.853877
0.0323182 9.9973E-05 9.9973E-05 0.121737 0.0932678 9.9973E-05 0.752377
9.9964E-05 0.0413411 9.9964E-05 9.9964E-05 9.9964E-05 0.114965 0.843294
9.9964E-05 9.9964E-05 9.9964E-05 9.9964E-05 0.0968477 0.102278 0.800474
9.9964E-05 9.9964E-05 9.9964E-05 0.0671581 0.0807094 9.9964E-05 0.851733
0.0189244 0.0933872 0.000852123 0.129787 9.9982E-05 9.9982E-05 0.756849
0.0504611 9.9991E-05 0.0401158 0.100113 0.0140306 0.0366452 0.758534
0.0546769 9.9982E-05 0.258699 0.182556 9.9982E-05 0.357794 0.146074
9.9973E-05 0.0391771 9.9973E-05 0.207431 9.9973E-05 0.504013 0.249078
9.9973E-05 0.116188 9.9973E-05 0.0247579 9.9973E-05 0.762415 0.0963394
0.0210673 9.9973E-05 0.173609 9.9973E-05 0.0469635 0.75806 9.9973E-05
0.0124345 0.0115319 0.183021 0.259875 0.0787734 0.39547 0.0588938
0.9994 9.995E-05 9.995E-05 9.995E-05 9.995E-05 9.995E-05 9.995E-05
0.0206185 0.0316358 0.252532 9.9973E-05 9.9973E-05 9.9973E-05 0.694914
0.00242696 9.9973E-05 9.9973E-05 9.9973E-05 0.159491 0.766431 0.0713516
9.9973E-05 9.9973E-05 0.198944 0.228277 9.9973E-05 0.452872 0.119607
9.9982E-05 9.9982E-05 0.25846 0.255856 0.162086 0.0996405 0.223758
0.0653781 0.0467003 0.578913 0.109206 0.0937373 9.9991E-05 0.105965
9.9973E-05 9.9973E-05 0.86353 9.9973E-05 0.0293962 0.0726406 0.0341334
0.9994 9.995E-05 9.995E-05 9.995E-05 9.995E-05 9.995E-05 9.995E-05
0.0786896 0.0438435 0.195075 0.302905 9.9991E-05 0.249448 0.129939
9.9982E-05 9.9982E-05 0.316648 0.343722 0.183621 0.109766 0.0460432
0.01517 0.107642 0.149863 0.222027 9.9991E-05 0.161542 0.343657
0.0109217 0.122757 0.0133495 0.0917059 0.750155 0.0110114 9.9991E-05
0.0338184 0.420184 0.0284398 0.0957506 0.421607 9.9982E-05 9.9982E-05
9.9973E-05 0.296254 9.9973E-05 0.0271947 0.587325 0.0889258 9.9973E-05
0.0416327 0.617728 0.119962 0.039423 0.133416 9.9991E-05 0.0477385
0.0489477 0.62121 9.9982E-05 9.9982E-05 0.248954 0.00848259 0.0722052
9.9973E-05 0.486067 9.9973E-05 0.0908745 0.405162 9.9973E-05 0.0175966
9.9955E-05 0.699037 9.9955E-05 0.300464 9.9955E-05 9.9955E-05 9.9955E-05
9.9964E-05 0.175001 9.9964E-05 0.136712 0.687886 9.9964E-05 9.9964E-05
0.014416 9.99549E-05 9.99549E-05 9.99549E-05 0.985084 9.99549E-05 9.99549E-05
0.0311074 0.75441 0.0624245 0.0199917 0.0772057 0.0547606 9.9991E-05
0.0204621 0.297068 0.224241 9.9982E-05 0.359186 0.0988432 9.9982E-05
9.995E-05 9.995E-05 9.995E-05 9.995E-05 0.9994 9.995E-05 9.995E-05
9.9982E-05 0.503709 0.115529 9.9982E-05 0.235888 0.0415678 0.103107
0.0593199 0.206278 0.549138 0.0730855 0.111978 9.9982E-05 9.9982E-05
0.0253738 0.0744709 9.9982E-05 0.103915 9.9982E-05 0.135442 0.660598
0.0115999 0.0595871 0.042948 0.0458447 9.9991E-05 0.112557 0.727364
0.0242019 9.9964E-05 9.9964E-05 9.9964E-05 9.9964E-05 0.24982 0.725579
0.00787559 0.605279 0.096111 0.131608 0.124213 9.9991E-05 0.0348125
0.055373 0.437673 0.365144 9.9991E-05 0.109036 0.0241557 0.0085178
0.0271797 0.674033 0.0585792 0.0363215 0.121616 0.0157072 0.0665638
0.0319276 0.612406 0.207181 9.9982E-05 0.134166 9.9982E-05 0.0141185
0.0556363 0.850996 9.9964E-05 9.9964E-05 9.9964E-05 0.0929675 9.9964E-05
9.9964E-05 9.9964E-05 0.556752 0.257173 0.185675 9.9964E-05 9.9964E-05
0.0135062 9.9973E-05 0.681936 0.251931 0.0523272 9.9973E-05 9.9973E-05
0.000554362 9.9973E-05 0.755387 0.101376 0.142383 9.9973E-05 9.9973E-05
0.0277345 0.0074914 0.964374 9.9964E-05 9.9964E-05 9.9964E-05 9.9964E-05
0.0240751 9.9964E-05 0.910397 9.9964E-05 9.9964E-05 9.9964E-05 0.0651279
0.00879367 9.9964E-05 0.912727 9.9964E-05 0.0780793 9.9964E-05 9.9964E-05
0.00365092 9.9991E-05 0.700555 0.0335259 0.0572557 0.115821 0.0890911
9.9973E-05 0.407986 0.110029 0.199563 0.282122 9.9973E-05 9.9973E-05
0.100002 0.311025 0.352392 0.0204623 0.142381 0.0239072 0.0498308
0.0117535 0.521163 0.0700746 9.9991E-05 0.343035 0.0371794 0.016695
0.0477861 0.514541 0.0124007 0.0319012 0.286668 9.9991E-05 0.106603
0.00576966 0.693247 9.9973E-05 0.215858 0.0848249 9.9973E-05 9.9973E-05
0.0171015 0.071933 0.0915523 0.152081 9.9982E-05 9.9982E-05 0.667133
9.9991E-05 0.256963 0.42671 0.0692237 0.103217 0.0249139 0.118873
9.9982E-05 0.136516 0.831007 0.00772646 0.00630794 0.0182422 9.9982E-05
0.9994 9.995E-05 9.995E-05 9.995E-05 9.995E-05 9.995E-05 9.995E-05
9.9982E-05 9.9982E-05 0.152406 0.0135721 0.0273603 0.628281 0.178181
0.0373308 9.9991E-05 0.0510085 0.210805 0.0149862 0.61186 0.07391
0.0357926 9.9991E-05 0.124581 0.482224 0.112734 0.182937 0.061632
0.0403889 0.0360824 0.140702 0.614469 0.0352305 9.9991E-05 0.133028
9.9964E-05 0.106415 9.9964E-05 0.170711 9.9964E-05 0.722474 9.9964E-05
9.9964E-05 9.9964E-05 0.782064 9.9964E-05 0.171091 9.9964E-05 0.0464453
0.0287682 9.9982E-05 0.200143 9.9982E-05 0.0494784 0.238076 0.483334
0.0667371 0.227417 0.543867 9.9973E-05 9.9973E-05 0.161678 9.9973E-05
0.00966784 0.0899422 0.393557 0.0340068 9.9991E-05 0.146886 0.32584
0.00491655 9.9973E-05 9.9973E-05 0.482984 9.9973E-05 0.458897 0.0529034
9.9973E-05 9.9973E-05 0.326942 0.143328 9.9973E-05 0.484315 0.045115
9.9973E-05 9.9973E-05 0.247383 0.404891 9.9973E-05 0.290498 0.0569276
0.00977959 9.9973E-05 0.054655 0.886336 0.0489299 9.9973E-05 9.9973E-05
0.00431473 9.9964E-05 0.403603 9.9964E-05 9.9964E-05 0.591682 9.9964E-05
0.00255271 9.9964E-05 0.0379025 0.959145 9.9964E-05 9.9964E-05 9.9964E-05
0.0243593 0.1274 0.651434 9.9991E-05 0.119125 0.0631688 0.0144132
0.0686595 0.131281 0.492267 0.0733739 0.0799441 0.0554465 0.0990285
0.0712604 0.186537 0.588294 0.115851 0.0378585 9.9982E-05 9.9982E-05
0.00260579 9.9973E-05 0.519023 0.310923 9.9973E-05 9.9973E-05 0.167149
9.9982E-05 0.0840893 0.370576 0.370923 0.0441147 9.9982E-05 0.130098
9.9982E-05 0.0712545 9.9982E-05 0.336229 0.0108001 0.212305 0.369211
0.00418281 0.582081 9.9982E-05 0.0460473 0.253604 0.113884 9.9982E-05
0.035106 0.68941 0.136852 0.0108764 0.0658457 9.9991E-05 0.0618096
9.9973E-05 9.9973E-05 0.508241 9.9973E-05 0.248037 0.103079 0.140344
0.0279062 9.9982E-05 0.378839 0.286899 0.222272 9.9982E-05 0.0838839
0.0546154 9.9982E-05 0.37109 9.9982E-05 0.249123 0.123541 0.201431
9.9964E-05 9.9964E-05 0.311778 0.0164564 9.9964E-05 9.9964E-05 0.671365
0.0396099 0.658438 0.208303 9.9982E-05 0.0383771 9.9982E-05 0.0550713
9.9973E-05 0.527574 0.153768 0.126035 0.192324 9.9973E-05 9.9973E-05
9.9982E-05 0.325674 0.313869 0.0899088 0.225587 0.0447608 9.9982E-05
0.056669 0.0702226 0.0795621 0.0286913 9.9991E-05 0.356047 0.408708
0.00405879 0.0285411 9.9991E-05 0.0547992 0.0726181 0.607792 0.232091
0.0351957 0.0797657 0.0455716 0.246907 9.9982E-05 0.59236 9.9982E-05
9.9982E-05 0.034384 9.9982E-05 0.148186 0.115366 0.696207 0.00565756
9.9973E-05 9.9973E-05 0.0120516 0.208269 9.9973E-05 0.446329 0.33305
0.00909975 0.0203614 0.0803515 0.0857629 9.9991E-05 0.655791 0.148534
9.9973E-05 9.9973E-05 0.0887449 9.9973E-05 0.0468665 0.763925 0.100164
0.0113278 0.00877662 9.9982E-05 0.106005 0.0996617 0.774029 9.9982E-05
9.9982E-05 0.0356187 0.129753 0.187081 9.9982E-05 0.322817 0.324531
9.9973E-05 0.0247044 9.9973E-05 0.723214 9.9973E-05 0.168509 0.083273
0.0246967 9.9982E-05 0.0357748 0.820664 9.9982E-05 0.0233108 0.0953541
0.0255537 9.9973E-05 9.9973E-05 0.784558 0.012572 0.177016 9.9973E-05
9.9991E-05 0.0262153 0.128916 0.264613 0.0979208 0.305576 0.176659
0.0359096 0.0834235 0.0070512 0.713018 9.9982E-05 0.160398 9.9982E-05
0.0213508 0.000271337 0.180608 0.646297 9.9982E-05 9.9982E-05 0.151273
9.9982E-05 9.9982E-05 0.0981641 0.130399 0.0462829 0.646495 0.078459
9.9973E-05 9.9973E-05 0.160858 9.9973E-05 0.00409522 0.0374557 0.797292
9.9964E-05 9.9964E-05 0.0705256 9.9964E-05 9.9964E-05 0.109215 0.819859
0.0234811 9.9964E-05 9.9964E-05 0.148216 9.9964E-05 9.9964E-05 0.827903
0.0155515 0.0146508 9.9991E-05 0.12808 0.0604154 0.0682766 0.712926
0.0201375 9.9982E-05 0.0886041 9.9982E-05 0.0761951 0.171256 0.643607
0.0043712 0.0404177 0.249155 0.153357 0.0404715 0.512127 9.9991E-05
0.002939 0.0423422 0.120318 9.9982E-05 9.9982E-05 0.686974 0.147226
9.9955E-05 0.373893 9.9955E-05 9.9955E-05 0.625607 9.9955E-05 9.9955E-05
0.0279741 0.814356 0.0234867 0.0851257 9.9982E-05 9.9982E-05 0.0488575
9.9991E-05 0.766673 0.00531136 0.0109223 0.184318 0.0194342 0.0132412
9.9982E-05 0.581983 0.278713 9.9982E-05 0.0502434 0.0121446 0.0767162
0.03049 0.746407 0.0357286 9.9982E-05 0.145437 0.0417379 9.9982E-05
0.00267431 0.667499 9.9982E-05 0.027136 0.193126 9.9982E-05 0.109366
0.00893694 0.972953 0.0177098 9.9964E-05 9.9964E-05 9.9964E-05 9.9964E-05
0.0058994 0.292903 0.00321941 9.9982E-05 0.620776 0.0770022 9.9982E-05
9.9973E-05 0.596597 9.9973E-05 9.9973E-05 0.332819 0.0410155 0.0292685
9.9982E-05 0.527997 0.0167755 9.9982E-05 0.359708 0.0115465 0.0837731
0.0423396 0.853115 0.104146 9.9964E-05 9.9964E-05 9.9964E-05 9.9964E-05
0.0357056 0.736511 9.9991E-05 0.104638 0.0717408 0.00986693 0.0414372
0.0132205 0.496285 9.9991E-05 0.0540029 0.388599 0.0348504 0.012943
0.00021899 0.609668 9.9991E-05 0.0161575 0.300963 0.0180535 0.0548394
0.0134601 0.669807 0.132124 9.9982E-05 0.166226 0.0181834 9.9982E-05
0.00306058 0.942586 9.9964E-05 9.9964E-05 9.9964E-05 0.0539537 9.9964E-05
0.00490419 0.830253 9.9982E-05 9.9982E-05 0.0266659 0.0561181 0.0818585
9.9982E-05 0.163115 0.739189 0.0338174 9.9982E-05 0.00825744 0.0554212
9.9973E-05 9.9973E-05 0.860711 0.0298469 9.9973E-05 0.0911339 0.0180087
9.9973E-05 0.774031 0.0264585 9.9973E-05 0.0870025 0.112208 9.9973E-05
0.00519637 0.362107 0.00735655 0.023173 0.389978 0.212089 9.9991E-05
9.995E-05 9.995E-05 9.995E-05 9.995E-05 0.9994 9.995E-05 9.995E-05
9.9973E-05 9.9973E-05 0.566559 0.129964 0.218413 0.0847642 9.9973E-05
0.00559934 0.0426964 0.025168 0.0810737 9.9982E-05 0.845262 9.9982E-05
0.0241165 9.9982E-05 9.9982E-05 0.0703115 0.0375763 0.679528 0.188268
9.9973E-05 9.9973E-05 0.182493 9.9973E-05 0.11877 0.330788 0.367649
9.9973E-05 9.9973E-05 0.095015 0.245564 9.9973E-05 0.0710097 0.588111
0.013154 0.0118022 0.0611125 0.146483 0.0150846 9.9991E-05 0.752263
9.9973E-05 9.9973E-05 0.101835 0.0422066 0.0632754 9.9973E-05 0.792383
0.0154646 9.9991E-05 0.0559067 0.0682421 0.01581 0.135234 0.709243
0.0282159 9.9991E-05 0.0812927 0.136131 0.0327466 0.017488 0.704026
0.0318672 0.0118608 0.166209 0.0495307 0.0622762 9.9991E-05 0.678157
0.0584735 0.101242 9.9973E-05 9.9973E-05 9.9973E-05 0.121905 0.718079
0.0228702 0.0149869 0.0424088 9.9991E-05 0.0342976 0.808837 0.0764998
0.0513907 0.0399932 0.0756051 9.9991E-05 0.048298 0.782973 0.00164037
0.0351682 9.9982E-05 0.105531 0.201127 0.0721465 0.585828 9.9982E-05
9.9973E-05 0.0530427 0.291301 0.0428368 9.9973E-05 0.612519 9.9973E-05
0.0159996 9.9982E-05 0.131566 0.227575 0.0570976 0.567562 9.9982E-05
9.9973E-05 0.0134129 0.358727 0.269972 9.9973E-05 0.357588 9.9973E-05
0.00834252 9.9991E-05 0.0306392 0.565362 0.0729932 0.202169 0.120394
9.9964E-05 9.9964E-05 9.9964E-05 0.824245 0.0850815 9.9964E-05 0.0902735
0.0296156 0.0580625 0.01071 0.901312 9.9973E-05 9.9973E-05 9.9973E-05
0.0104143 0.0487004 0.137338 0.614898 9.9991E-05 0.104468 0.0840812
0.0273849 0.0670399 9.9982E-05 0.792679 9.9982E-05 0.0776918 0.0350047
0.124778 0.0815053 0.0838183 0.105516 9.9991E-05 0.0190446 0.585237
0.00992286 0.190108 0.100661 0.0594839 0.639625 9.9982E-05 9.9982E-05
0.0419902 0.590747 0.0656966 9.9982E-05 0.216916 9.9982E-05 0.0844499
9.9982E-05 0.816514 0.082831 0.0567007 0.0269961 9.9982E-05 0.0167581
0.0142634 0.70854 0.142646 0.070182 0.00272133 0.0175896 0.044057
0.00949974 0.779458 9.9982E-05 9.9982E-05 0.0548029 0.0628334 0.0932062
0.0190478 0.0756715 0.0656121 0.479127 0.0690679 0.0482532 0.24322
9.9991E-05 0.0359623 0.0329162 0.417845 0.00660595 0.282147 0.224424
0.0489378 9.9982E-05 9.9982E-05 0.790473 0.0147808 0.121007 0.0246021
0.0388156 9.9991E-05 0.205153 0.234443 0.0141856 0.263406 0.243897
