0.756014 9.9973E-05 9.9973E-05 0.17878 0.064906 9.9973E-05
0.634795 0.0107058 0.208821 0.072219 0.0733593 9.9991E-05
0.703092 0.0109917 9.9982E-05 0.124771 0.160945 9.9982E-05
0.758055 0.00776108 9.9991E-05 0.0591275 0.173196 0.00176061
0.82339 0.00953161 0.127166 9.9982E-05 9.9982E-05 0.0397129
0.814333 0.0143484 0.0716015 9.9991E-05 0.0481904 0.0514266
0.494795 9.9991E-05 0.271239 0.0219249 0.20629 0.00565061
0.737583 0.0262567 0.0521414 9.9982E-05 0.183819 9.9982E-05
0.271517 0.0085981 0.533627 0.10843 9.9991E-05 0.0777278
0.224683 0.0338708 0.35849 0.124093 0.258763 9.9991E-05
0.173289 0.0494474 0.354336 9.9991E-05 0.391473 0.0313545
0.116027 0.00719766 0.491446 0.128045 0.257185 9.9991E-05
9.999E-05 0.0382086 0.122201 0.0237086 0.786164 0.0296174
9.9982E-05 9.9982E-05 0.764974 0.119159 0.0601683 0.0554982
0.366483 0.0216304 0.382531 0.175429 9.9991E-05 0.0538271
0.238682 9.9982E-05 0.533111 0.0728623 0.155145 9.9982E-05
0.372745 0.00832222 0.413882 0.17802 0.0197225 0.0073087
0.643674 0.0254707 0.330555 9.9973E-05 9.9973E-05 9.9973E-05
0.0593779 0.0518921 0.116142 0.4874 0.13795 0.147238
9.999E-05 0.0091162 0.277462 0.61522 0.0874193 0.0106826
0.251083 0.0118545 0.0719039 0.661182 9.9991E-05 0.00387634
0.0321683 0.00367769 9.9991E-05 0.862104 0.0726046 0.0293459
9.9982E-05 0.0302021 0.0775962 0.857739 0.0342629 9.9982E-05
0.120775 0.0391287 0.0634687 0.770962 9.9991E-05 0.00556618
0.181793 9.9982E-05 0.0937388 0.677892 0.046376 9.9982E-05
0.127396 0.00336556 9.9973E-05 0.868938 9.9973E-05 9.9973E-05
0.0336209 0.0404418 9.9982E-05 0.860408 9.9982E-05 0.0653291
9.9982E-05 0.00551258 0.160575 0.802947 9.9982E-05 0.0307649
0.117757 9.9973E-05 0.0578994 0.824044 9.9973E-05 9.9973E-05
0.0799655 0.00601791 9.9982E-05 0.844734 9.9982E-05 0.0690824
0.00189876 0.0323162 9.9982E-05 0.91456 9.9982E-05 0.0510249
0.00843732 0.0291907 0.154503 0.76531 9.9991E-05 0.0424586
9.9982E-05 0.0457864 0.172549 0.764085 0.0173799 9.9982E-05
0.364571 0.0660274 0.18043 0.146961 0.24191 9.9991E-05
0.56186 9.9982E-05 0.286718 0.128259 9.9982E-05 0.0229637
0.673344 9.9991E-05 0.0837205 0.101899 0.0739129 0.0670237
0.69776 0.0409114 9.9991E-05 0.0663857 0.194358 0.00048529
0.355337 0.0048407 0.262843 0.108872 0.192317 0.0757907
9.996E-05 0.9995 9.996E-05 9.996E-05 9.996E-05 9.996E-05
9.9973E-05 0.0242017 9.9973E-05 0.717856 0.257643 9.9973E-05
0.736179 9.9982E-05 0.00222764 0.153803 9.9982E-05 0.107591
0.420662 9.9982E-05 0.297943 0.145277 0.135918 9.9982E-05
0.0473861 0.00320336 0.338183 0.234724 0.271504 0.104999
9.9991E-05 0.0579195 0.226925 0.105891 0.472944 0.13622
0.0578383 0.000584132 9.9982E-05 0.00766544 0.933712 9.9982E-05
9.996E-05 0.9995 9.996E-05 9.996E-05 9.996E-05 9.996E-05
0.273217 0.0607814 0.26629 0.180724 0.187748 0.0312396
0.216264 9.9991E-05 0.180494 0.0839931 0.424139 0.0950097
0.136062 0.0318853 0.299312 0.304278 0.163542 0.0649198
0.0265914 0.0332096 0.0630176 0.00315094 0.138188 0.735842
9.9982E-05 0.00315635 0.08716 9.9982E-05 0.12261 0.786874
0.19229 9.9973E-05 9.9973E-05 0.00901274 9.9973E-05 0.798397
0.0223283 0.0364678 0.124163 9.9991E-05 0.086392 0.730549
9.9982E-05 0.0502455 0.0393517 0.0965121 9.9982E-05 0.813691
9.9973E-05 9.9973E-05 0.106369 0.0586961 9.9973E-05 0.834635
9.9964E-05 9.9964E-05 0.315979 9.9964E-05 9.9964E-05 0.683621
9.9991E-05 0.0277124 0.159861 0.0075083 0.0373605 0.767458
9.9982E-05 0.0268671 9.9982E-05 0.135707 0.0297149 0.807511
0.0870148 0.0315939 0.0942685 9.9991E-05 0.031202 0.755821
0.164751 0.0310041 9.9982E-05 9.9982E-05 0.201366 0.602679
9.9973E-05 9.9973E-05 9.9973E-05 0.091504 0.14896 0.759236
0.162584 0.0123781 9.9991E-05 0.0531578 0.119575 0.652205
9.9991E-05 0.0848022 0.0638215 0.0107911 0.542037 0.298448
0.123138 0.0370922 0.0925293 0.704716 0.0205085 0.0220163
0.123638 0.0282684 9.9982E-05 0.746836 0.101057 9.9982E-05
0.201198 0.0167521 9.9973E-05 0.78175 9.9973E-05 9.9973E-05
0.0316542 0.0198077 0.0950906 9.9991E-05 0.199461 0.653886
0.0400594 0.0873247 9.9982E-05 9.9982E-05 0.414255 0.458161
0.0435131 0.0236511 0.00802529 0.0598451 0.133287 0.731678
9.9982E-05 0.0645154 0.0192741 9.9982E-05 0.26568 0.65033
0.12527 0.0475184 9.9973E-05 9.9973E-05 9.9973E-05 0.826912
0.0171701 0.0131344 0.219758 9.9991E-05 0.647127 0.102711
9.9973E-05 9.9973E-05 0.28303 9.9973E-05 0.676967 0.0397028
0.00558721 0.0011271 0.203633 9.9991E-05 0.69872 0.0908326
9.9964E-05 0.0252701 9.9964E-05 9.9964E-05 0.97433 9.9964E-05
9.9973E-05 0.0223604 9.9973E-05 0.119009 0.858331 9.9973E-05
9.9973E-05 0.0317017 0.126231 9.9973E-05 0.841768 9.9973E-05
0.102196 0.0220351 9.9982E-05 0.0699418 0.805627 9.9982E-05
9.9973E-05 9.9973E-05 0.156428 9.9973E-05 0.261203 0.582069
0.0376534 0.131552 0.0790911 9.9991E-05 0.322527 0.429077
0.0469603 0.0176952 9.9991E-05 0.0941158 0.133378 0.707751
9.9991E-05 0.0534749 0.0668638 0.104901 0.0631701 0.71149
9.9973E-05 0.0177818 0.304591 9.9973E-05 9.9973E-05 0.677328
9.9991E-05 0.0372865 0.171849 0.647099 0.142056 0.0016083
0.0657753 9.9991E-05 0.115196 0.0708719 0.468683 0.279373
9.9973E-05 9.9973E-05 0.000637842 9.9973E-05 0.899234 0.0998279
9.996E-05 0.9995 9.996E-05 9.996E-05 9.996E-05 9.996E-05
0.592005 9.9982E-05 0.111396 0.136658 0.159741 9.9982E-05
0.711213 0.0400817 0.107337 0.131149 0.0101204 9.9991E-05
0.149104 0.0350416 0.558906 0.113945 0.142903 9.9991E-05
0.0164804 0.0253433 0.536501 0.169977 0.204774 0.0469244
0.67148 9.9982E-05 0.246745 0.00119696 9.9982E-05 0.0803777
0.0177895 9.9991E-05 0.061654 0.0179627 0.760907 0.141587
0.248106 0.0337393 9.9982E-05 0.489362 0.228592 9.9982E-05
0.0343056 0.09017 0.00243243 9.9991E-05 0.69571 0.177281
0.168501 0.0384577 0.136213 0.240676 0.358935 0.0572165
0.318208 9.9973E-05 0.568404 0.113089 9.9973E-05 9.9973E-05
0.59806 9.9982E-05 0.109205 0.0417315 0.250804 9.9982E-05
0.293146 9.9982E-05 0.309599 0.101621 0.295433 9.9982E-05
9.9964E-05 9.9964E-05 0.854022 9.9964E-05 0.145578 9.9964E-05
0.6689 0.00442223 9.9973E-05 9.9973E-05 0.326378 9.9973E-05
9.9964E-05 9.9964E-05 0.900302 9.9964E-05 0.0992977 9.9964E-05
0.089012 0.020792 9.9982E-05 9.9982E-05 0.724955 0.165041
0.0782798 0.0705948 0.0553977 0.0825843 0.585435 0.127708
0.0231277 0.0890936 0.0468083 9.9991E-05 0.690748 0.150122
0.0960393 0.0118307 0.128417 0.171465 0.592148 9.9991E-05
0.0728376 9.9991E-05 0.258861 0.086554 0.460343 0.121305
0.221794 9.9991E-05 0.310235 0.417779 0.0196122 0.03048
0.228448 0.02357 0.00247335 9.9982E-05 9.9982E-05 0.745309
9.9991E-05 0.0143591 0.0951408 0.00107043 0.17749 0.711839
0.117295 9.9982E-05 9.9982E-05 0.118226 0.623853 0.140425
9.9991E-05 0.0314687 0.300549 0.0741703 0.431384 0.162328
0.162123 0.0427106 9.9991E-05 0.144875 0.526189 0.124003
0.00691283 9.9982E-05 0.0536796 0.706109 0.233098 9.9982E-05
9.9982E-05 0.0541257 9.9982E-05 0.0731405 0.326756 0.545777
9.9973E-05 9.9973E-05 0.109478 9.9973E-05 0.267433 0.622789
0.0796544 9.9982E-05 0.125665 9.9982E-05 0.330082 0.464399
0.430271 0.0525992 9.9991E-05 0.462096 0.0298029 0.0251314
0.64915 9.9991E-05 0.0856784 0.19314 0.00757891 0.0643526
0.612698 0.0281441 0.146215 9.9982E-05 0.212744 9.9982E-05
0.814226 9.9982E-05 9.9982E-05 0.0260333 0.0755884 0.0839523
0.449696 9.9973E-05 0.272519 0.277485 9.9973E-05 9.9973E-05
0.64488 0.00839328 0.0856158 0.178862 0.0523423 0.0299069
0.835603 9.9973E-05 9.9973E-05 0.125969 9.9973E-05 0.0381282
0.718368 0.0109132 0.204673 9.9982E-05 9.9982E-05 0.0658457
0.340006 9.9991E-05 0.119692 0.390126 0.144835 0.00524059
0.0261953 9.9982E-05 0.94964 0.0116174 0.0123472 9.9982E-05
0.101306 0.0238406 0.809007 0.0656468 9.9982E-05 9.9982E-05
0.177052 0.00684109 0.72894 0.0712303 0.0158362 9.9991E-05
0.309517 9.9991E-05 0.306472 0.170651 0.112714 0.100545
0.0838286 0.0289091 0.881928 9.9982E-05 0.00513428 9.9982E-05
0.0313994 0.0144515 0.630939 0.154193 0.168917 9.9991E-05
0.598493 9.9991E-05 0.19405 0.0928725 0.109463 0.00502094
9.9973E-05 9.9973E-05 0.0363998 0.828308 0.134992 9.9973E-05
0.140243 9.9973E-05 9.9973E-05 0.766365 0.0930924 9.9973E-05
9.9973E-05 0.0271885 0.141389 0.831123 9.9973E-05 9.9973E-05
0.0837892 0.0303956 0.0493958 0.728263 0.0287651 0.0793913
0.0703227 0.0100197 9.9991E-05 0.747846 0.14177 0.029942
0.583011 0.00995936 0.17319 9.9991E-05 0.140797 0.092942
0.676562 0.0262549 9.9982E-05 0.191986 0.104997 9.9982E-05
9.9973E-05 0.00728788 9.9973E-05 9.9973E-05 0.0813236 0.911089
9.9982E-05 0.0321996 0.175884 9.9982E-05 0.0401825 0.751534
0.107319 0.00976433 0.0230666 0.0206738 9.9991E-05 0.839076
9.9982E-05 9.9982E-05 0.0708814 0.0727164 0.233076 0.623127
0.0481323 0.0437755 0.0532095 9.9991E-05 0.048572 0.806211
9.9982E-05 0.0147311 0.110844 0.110348 9.9982E-05 0.763877
0.0722532 0.0242234 9.9982E-05 9.9982E-05 0.0571653 0.846158
0.0477012 0.00224413 9.9991E-05 0.100735 0.0381609 0.811059
0.0246136 9.9982E-05 9.9982E-05 0.101785 0.0672089 0.806192
0.0168152 0.00731689 9.9982E-05 0.151292 9.9982E-05 0.824376
0.050327 0.0475457 0.0666374 9.9991E-05 0.071193 0.764197
0.0178039 0.0330047 0.101889 0.0779261 0.0512993 0.718077
0.156261 0.03298 0.0320444 0.0249813 9.9991E-05 0.753633
0.00929762 0.0378025 0.0804045 9.9991E-05 0.00921394 0.863181
0.0780251 0.010152 9.9982E-05 9.9982E-05 0.151743 0.75988
0.121209 0.0313906 9.9973E-05 9.9973E-05 9.9973E-05 0.847101
0.11378 0.0268793 9.9991E-05 0.0318175 0.0169063 0.810516
0.155498 9.9982E-05 0.014323 9.9982E-05 0.752808 0.0771706
0.0757586 9.9973E-05 0.0504529 9.9973E-05 0.873489 9.9973E-05
0.100887 9.9973E-05 9.9973E-05 9.9973E-05 0.112755 0.786057
0.272693 0.0122591 9.9982E-05 9.9982E-05 0.0815902 0.633257
9.9973E-05 9.9973E-05 9.9973E-05 0.00467518 0.261809 0.733216
0.142943 9.9982E-05 0.103665 9.9982E-05 0.624739 0.128453
0.885782 0.0178336 9.9973E-05 9.9973E-05 0.0960846 9.9973E-05
0.660285 0.0135726 0.162991 0.162951 9.9982E-05 9.9982E-05
0.294305 9.9973E-05 9.9973E-05 0.473267 0.232127 9.9973E-05
0.131179 0.00418273 0.209639 0.539758 0.111797 0.00344411
9.9973E-05 9.9973E-05 0.157434 0.687856 0.15441 9.9973E-05
9.9982E-05 9.9982E-05 0.143438 0.776791 0.0486395 0.030931
0.126485 9.9982E-05 0.119383 0.659852 0.0940804 9.9982E-05
9.9982E-05 0.0237588 0.188353 0.725251 0.0624372 9.9982E-05
9.9991E-05 0.0193232 0.134202 0.65985 0.131455 0.0550699
0.132721 0.0183131 9.9982E-05 0.758024 9.9982E-05 0.0907416
0.826978 0.0286095 0.0213009 0.0701801 0.0199019 0.0330297
0.763103 0.0706876 0.0799855 9.9991E-05 0.0427314 0.0433923
0.705183 0.0445041 0.0906865 9.9991E-05 0.120356 0.0391708
0.765887 9.99641E-05 9.99641E-05 9.99641E-05 0.233713 9.99641E-05
0.775322 0.000500344 0.100355 9.9982E-05 0.123623 9.9982E-05
0.597624 0.0035 0.0802123 9.9982E-05 0.318464 9.9982E-05
0.11782 9.9982E-05 0.650721 0.109958 0.121301 9.9982E-05
9.9982E-05 9.9982E-05 0.857763 0.0381412 0.0795769 0.0243191
9.9973E-05 0.0401872 0.908726 9.9973E-05 0.0507865 9.9973E-05
0.178264 0.0116636 0.590417 0.0850211 0.0961908 0.0384433
0.116053 0.0209303 0.83776 0.00314582 9.9991E-05 0.0220109
9.9991E-05 0.111083 0.229453 0.571371 0.0299305 0.0580622
0.0289553 0.0234162 0.00589258 0.0431743 0.197174 0.701388
9.9991E-05 0.0392405 0.0263436 0.11584 0.0517292 0.766747
9.9982E-05 9.9982E-05 0.0902327 0.0158045 0.0785716 0.815191
0.0410376 0.0172825 0.140105 9.9991E-05 0.121101 0.680374
0.218269 0.00709049 9.9982E-05 0.0520162 9.9982E-05 0.722424
0.0543032 0.0464331 0.45146 0.213416 0.138095 0.0962921
0.228337 0.0242013 0.491661 0.198993 0.0360764 0.0207317
0.123336 0.0568282 0.819535 9.9973E-05 9.9973E-05 9.9973E-05
0.418865 0.0271668 0.0726649 0.265582 0.215622 9.9991E-05
