0.0923154 0.0785197 9.9991E-05 0.00313339 0.768798 0.0571336
0.1022 0.0402669 9.9991E-05 0.0141313 0.752431 0.0908705
0.189365 0.0833319 0.0727609 0.0300707 0.624372 9.9991E-05
0.00287646 0.143451 0.0875613 0.00312896 0.762883 9.9991E-05
9.9973E-05 9.9973E-05 0.0730692 9.9973E-05 0.891203 0.0354281
9.9973E-05 9.9973E-05 0.0993633 9.9973E-05 0.86797 0.0323672
0.0157175 0.186693 0.0044562 9.9991E-05 0.720237 0.0727967
9.9982E-05 0.212026 0.013789 0.0502101 0.723775 9.9982E-05
0.185931 9.9991E-05 0.0460109 0.0066663 0.640224 0.121067
0.193438 0.371842 0.0125982 0.00657996 0.415442 9.9991E-05
0.0961641 0.483746 0.0141213 0.0480753 0.275736 0.0821568
0.25144 0.201993 0.0761099 0.0141589 0.432754 0.0235437
0.0258164 0.840803 0.067757 0.0299432 9.9991E-05 0.0355804
0.247485 0.292112 0.114024 9.9982E-05 0.346178 9.9982E-05
0.144915 9.9991E-05 0.0210947 0.0451419 0.666157 0.122592
0.0996027 0.196341 9.9991E-05 0.0206837 0.655552 0.0277204
0.210029 0.0332723 9.9982E-05 9.9982E-05 0.637955 0.118544
0.0140454 9.9991E-05 0.0280623 0.0205745 0.922134 0.0150837
0.504546 0.181683 0.0990631 0.0680093 0.0879882 0.0587102
0.686628 0.167825 0.0121124 9.9991E-05 0.110123 0.0232114
0.701006 9.9982E-05 0.0537127 0.0133494 0.231732 9.9982E-05
0.809829 0.0577547 9.9982E-05 9.9982E-05 0.0499288 0.0822877
0.920316 9.9982E-05 0.0203012 0.0500201 9.9982E-05 0.00916271
0.820227 9.9982E-05 9.9982E-05 0.029578 0.0848879 0.0651068
0.690525 0.149771 9.9982E-05 9.9982E-05 0.14986 0.00964451
0.908786 9.9982E-05 9.9982E-05 0.00431978 0.06782 0.0188739
0.858706 9.9973E-05 0.107263 0.0337306 9.9973E-05 9.9973E-05
0.818357 0.0333282 9.9982E-05 0.0437381 9.9982E-05 0.104377
0.877536 9.9973E-05 0.0514138 9.9973E-05 0.0707504 9.9973E-05
0.801797 9.9982E-05 0.0372022 9.9982E-05 0.0437296 0.117071
0.872017 9.9973E-05 9.9973E-05 0.00222508 9.9973E-05 0.125458
0.839327 0.0183767 0.093653 0.0484429 9.9982E-05 9.9982E-05
0.800518 0.096195 9.9982E-05 0.0665163 9.9982E-05 0.0365711
0.108271 0.317834 9.9982E-05 0.0748801 0.498815 9.9982E-05
0.242515 9.9973E-05 9.9973E-05 9.9973E-05 0.659899 0.0972861
0.117206 0.0448104 0.150695 9.9982E-05 0.687089 9.9982E-05
0.00183146 0.247847 9.9991E-05 0.0285495 0.674963 0.0467096
0.109718 0.27061 0.0294275 0.015672 0.480503 0.0940695
9.996E-05 9.996E-05 9.996E-05 0.9995 9.996E-05 9.996E-05
0.711371 0.220196 0.0396435 0.0285894 9.9982E-05 9.9982E-05
0.151489 9.9991E-05 0.0691319 0.0100968 0.686867 0.0823159
0.192174 0.132913 0.0180088 9.9982E-05 0.656705 9.9982E-05
0.262772 0.216726 9.9991E-05 0.0040882 0.320399 0.195915
0.0949446 0.627831 0.0647953 0.070361 0.0283938 0.113674
0.0378605 0.874462 9.9982E-05 0.0133449 9.9982E-05 0.0741327
9.996E-05 9.996E-05 9.996E-05 0.9995 9.996E-05 9.996E-05
0.200195 0.256431 0.10905 0.073872 0.360352 9.9991E-05
0.13624 0.510159 9.9982E-05 9.9982E-05 0.215063 0.138339
0.329427 0.203462 0.132342 0.0320838 0.302585 9.9991E-05
9.9991E-05 0.0706218 0.0665346 0.0278507 0.0277272 0.807166
9.9982E-05 0.0903428 0.391467 0.0184177 9.9982E-05 0.499572
9.9973E-05 9.9973E-05 0.344757 9.9973E-05 0.120749 0.534194
9.9991E-05 0.0863622 0.329261 0.0540729 0.0569165 0.473287
0.0522868 9.9982E-05 0.698866 0.0509896 9.9982E-05 0.197657
0.0776988 9.9973E-05 0.636038 9.9973E-05 9.9973E-05 0.285963
9.9973E-05 9.9973E-05 0.552172 9.9973E-05 0.201643 0.245885
9.9991E-05 0.0102501 0.129332 0.0250379 0.041136 0.794144
9.9964E-05 9.9964E-05 9.9964E-05 0.0118213 9.9964E-05 0.987779
9.9991E-05 0.0090945 0.541132 0.0371534 0.0585857 0.353934
9.9991E-05 0.12694 0.281745 0.0322881 0.107412 0.451515
9.996E-05 9.996E-05 9.996E-05 9.996E-05 9.996E-05 0.9995
0.0857044 0.0695848 0.310828 9.9991E-05 0.0643484 0.469434
0.00123282 0.534921 0.132924 0.0626251 9.9991E-05 0.268197
0.85531 0.00928088 0.0697138 0.0167954 0.0488001 9.9991E-05
0.735685 9.9991E-05 0.0204736 0.0222597 0.174187 0.0472954
0.882098 9.9982E-05 9.9982E-05 0.0204677 0.0761903 0.0210437
0.0360975 0.106856 0.47713 0.0135399 0.0835804 0.282797
9.9991E-05 0.34341 0.381697 0.0638346 0.00279751 0.208162
0.059751 0.100179 0.692358 0.0288919 9.9991E-05 0.118721
9.9982E-05 0.252512 0.529009 0.0408378 9.9982E-05 0.177441
9.9973E-05 9.9973E-05 0.907077 0.0414794 0.051144 9.9973E-05
9.9991E-05 0.629062 0.00185967 0.0137854 0.191883 0.16331
9.9973E-05 0.738349 9.9973E-05 9.9973E-05 0.144051 0.1173
9.9973E-05 0.717265 9.9973E-05 9.9973E-05 0.0713104 0.211125
9.9973E-05 0.979101 0.000291635 0.0203076 9.9973E-05 9.9973E-05
0.091802 0.870551 9.9982E-05 0.0257032 9.9982E-05 0.0117437
9.9973E-05 0.895331 9.9973E-05 0.0142273 9.9973E-05 0.0901421
0.102021 0.714704 9.9991E-05 0.0214922 0.0806269 0.0810557
9.9973E-05 0.30479 0.309121 9.9973E-05 9.9973E-05 0.385789
9.9991E-05 0.209966 0.431083 0.110194 0.141052 0.107606
0.064735 0.0451199 0.375693 0.035757 9.9991E-05 0.478595
0.0796245 9.9982E-05 0.338801 0.0443715 9.9982E-05 0.537003
9.9991E-05 0.072166 0.55314 0.02859 0.0976476 0.248356
0.680801 0.186336 0.11129 0.0213727 9.9982E-05 9.9982E-05
0.148974 0.50522 0.11153 9.9991E-05 0.0496472 0.184529
9.9973E-05 0.86542 0.0714792 9.9973E-05 9.9973E-05 0.0628006
9.996E-05 9.996E-05 9.996E-05 0.9995 9.996E-05 9.996E-05
0.155277 0.0416498 9.9982E-05 9.9982E-05 0.739764 0.0631097
0.165081 9.9982E-05 9.9982E-05 0.0112949 0.722147 0.101277
0.179577 0.211151 9.9991E-05 0.0362605 0.496466 0.0764448
0.249947 0.335828 0.0468307 0.0539401 0.283649 0.029805
0.0911867 0.0596469 0.107081 9.9982E-05 0.741886 9.9982E-05
9.9964E-05 0.730206 9.9964E-05 9.9964E-05 9.9964E-05 0.269394
0.557985 0.192811 0.0535582 0.0313468 0.164199 9.9991E-05
9.9973E-05 0.708248 0.23336 0.0580914 9.9973E-05 9.9973E-05
0.347651 0.378658 0.108834 0.00922472 0.155533 9.9991E-05
0.171548 9.9982E-05 9.9982E-05 0.0133286 0.732203 0.0827204
0.0513068 0.358595 9.9973E-05 9.9973E-05 0.589799 9.9973E-05
0.171761 0.304349 9.9973E-05 9.9973E-05 0.52359 9.9973E-05
0.00831878 0.342656 0.0131685 0.0094674 0.567658 0.0587317
0.0248728 0.413714 9.9982E-05 0.00356919 0.557644 9.9982E-05
0.0310844 0.368262 9.9973E-05 9.9973E-05 0.600354 9.9973E-05
0.0485809 0.67836 0.156079 0.0335698 9.9991E-05 0.0833106
0.128949 0.459534 0.125607 0.0848428 0.0796325 0.121435
0.0042367 0.664569 0.221273 0.0542456 0.031875 0.0238011
0.243058 0.601973 9.9982E-05 0.00379043 0.150978 9.9982E-05
0.166913 0.448641 0.0793044 9.9991E-05 0.22048 0.0845612
0.404944 0.115179 0.0874114 9.9982E-05 0.392265 9.9982E-05
0.000867987 9.9991E-05 0.518144 0.00564077 0.142769 0.332479
0.0352571 0.143813 0.640507 0.018456 9.9991E-05 0.161866
0.175492 0.503791 0.100257 0.00263206 0.0546891 0.163139
0.0676054 0.477463 0.0112855 9.9991E-05 0.212909 0.230637
0.244138 0.352672 9.9991E-05 0.0477853 0.106059 0.249246
0.742663 0.256937 9.9964E-05 9.9964E-05 9.9964E-05 9.9964E-05
0.011206 0.245867 0.702983 0.0380316 9.9991E-05 0.00181294
0.0310248 0.200693 0.345376 9.9982E-05 9.9982E-05 0.422706
9.9982E-05 0.350954 0.313614 9.9982E-05 0.0741443 0.261088
0.456587 0.0258186 0.104132 0.06016 0.353202 9.9991E-05
0.222241 9.9982E-05 0.10428 0.00265558 0.670623 9.9982E-05
0.0320076 0.0682562 0.0168688 0.0238878 0.74739 0.11159
0.0872136 9.9982E-05 0.0652163 9.9982E-05 0.743982 0.103388
0.37398 0.0480665 0.038472 9.9982E-05 0.539281 9.9982E-05
0.163705 0.00305952 9.9991E-05 0.0108017 0.703761 0.118572
0.156385 9.9982E-05 0.126641 9.9982E-05 0.70455 0.0122244
9.9964E-05 9.9964E-05 9.9964E-05 9.9964E-05 0.84168 0.157921
0.34988 0.0687868 0.0839039 9.9982E-05 0.49723 9.9982E-05
0.0583552 0.234746 0.0184728 0.00965649 0.67867 9.9991E-05
0.185743 0.0884127 9.9991E-05 0.0398411 0.619806 0.0660973
0.0734007 0.287642 9.9991E-05 0.0049013 0.624729 0.00922641
0.268847 0.19774 0.0710734 0.00168873 0.431513 0.0291382
0.0362104 0.20506 0.0153412 0.0202029 0.679572 0.0436138
0.248101 0.192895 9.9991E-05 0.00487682 0.468777 0.0852501
0.0467673 9.9982E-05 0.016544 9.9982E-05 0.865142 0.0713468
0.838713 0.121332 9.9973E-05 9.9973E-05 9.9973E-05 0.0396553
0.890614 0.0581519 9.9973E-05 9.9973E-05 0.0509342 9.9973E-05
0.868681 9.9982E-05 9.9982E-05 0.0493211 0.0695744 0.0122236
0.715342 0.102295 0.0883571 0.015417 0.0676633 0.0109255
0.828168 0.102463 0.0340075 0.00901601 0.0164561 0.00988952
9.9982E-05 0.252336 0.0793839 9.9982E-05 0.596978 0.0711023
0.14616 0.149286 9.9991E-05 0.0279114 0.663698 0.0128449
9.9964E-05 9.9964E-05 0.257511 9.9964E-05 9.9964E-05 0.742089
0.0753609 0.0201984 0.892961 0.0112793 9.9982E-05 9.9982E-05
9.9982E-05 9.9982E-05 0.897937 0.00690122 0.037848 0.0571143
0.00604268 0.296076 0.69019 9.9982E-05 9.9982E-05 0.00749179
9.9982E-05 9.9982E-05 0.798025 0.0264133 0.0291648 0.146197
0.13317 9.9982E-05 0.57611 0.00815087 9.9982E-05 0.282369
9.9964E-05 9.9964E-05 0.9117 9.9964E-05 9.9964E-05 0.0879006
0.0476831 9.9973E-05 0.398338 9.9973E-05 9.9973E-05 0.553679
0.0766368 9.9973E-05 0.664081 9.9973E-05 9.9973E-05 0.258982
0.0596777 0.0154669 0.615736 0.00641277 0.00444187 0.298264
9.9982E-05 0.0635856 0.810661 0.0488707 9.9982E-05 0.0766832
0.0479265 0.0587649 0.710412 0.010974 0.0184036 0.153519
0.0902053 0.0318928 0.642193 0.0197283 9.9991E-05 0.21588
0.0567871 9.9991E-05 0.590383 0.00291365 0.00746107 0.342355
9.9991E-05 0.0172458 0.687039 0.00145998 0.00273622 0.291419
9.9973E-05 9.9973E-05 0.95903 0.00357842 0.0370912 9.9973E-05
0.0568131 9.9982E-05 0.808981 0.00112918 9.9982E-05 0.132876
0.0753018 0.755282 0.146912 9.9991E-05 0.01361 0.00879426
9.9973E-05 0.929347 0.009542 9.9973E-05 0.0608108 9.9973E-05
9.9973E-05 0.0852494 0.634524 9.9973E-05 9.9973E-05 0.279927
9.9991E-05 0.00287829 0.42148 0.0154132 0.239825 0.320303
9.996E-05 9.996E-05 9.996E-05 9.996E-05 9.996E-05 0.9995
9.9973E-05 0.55946 9.9973E-05 9.9973E-05 0.152228 0.288013
9.9982E-05 0.0441343 0.0676315 0.0174468 0.870587 9.9982E-05
0.157213 9.9982E-05 0.0887129 0.00739914 0.746475 9.9982E-05
0.451134 0.105206 9.9982E-05 9.9982E-05 0.300853 0.142606
0.581939 0.196627 9.9982E-05 0.00555866 0.215676 9.9982E-05
0.79735 0.114447 0.02245 0.00245698 0.0552845 0.00801187
0.85131 0.0511882 9.9982E-05 9.9982E-05 0.00843254 0.0888691
0.776489 0.10658 9.9982E-05 0.0118959 0.104835 9.9982E-05
0.77365 0.0816111 9.9991E-05 0.0200051 0.0959436 0.0286899
0.76236 0.101413 0.0271051 0.0278837 9.9991E-05 0.0811382
0.734439 9.9982E-05 0.0792735 0.0443845 0.141703 9.9982E-05
0.102736 0.132001 0.00642458 0.00379858 0.73268 0.0223588
0.0139282 0.0556991 0.00323231 0.0693192 0.736761 0.12106
9.9982E-05 0.214369 9.9982E-05 0.033642 0.625503 0.126286
9.9982E-05 0.359127 0.0709045 0.00441624 0.565353 9.9982E-05
9.9982E-05 0.230062 9.9982E-05 0.0126988 0.703841 0.0531981
0.00104688 0.471626 0.0288923 9.9982E-05 0.498235 9.9982E-05
0.192934 0.227621 9.9991E-05 0.00198031 0.522542 0.0548228
0.124862 0.149702 0.0430623 0.0407653 0.555393 0.0862147
0.0334117 0.222847 0.048217 0.0609726 0.634451 9.9991E-05
0.151755 0.199393 0.0192982 0.0150601 0.541872 0.0726224
0.109336 0.183272 0.074105 0.0156501 0.610664 0.00697273
0.687246 0.00408249 0.122883 0.123204 0.0624848 9.9991E-05
9.9982E-05 0.130997 0.138691 9.9982E-05 0.0252591 0.704852
0.0910242 9.9982E-05 0.605035 0.0279568 9.9982E-05 0.275784
9.9973E-05 0.0548583 0.862366 9.9973E-05 9.9973E-05 0.0824758
0.0947784 0.0670568 0.802094 0.00387033 0.0321008 9.9991E-05
0.0630221 9.9991E-05 0.802201 0.00512935 0.0594717 0.070076
0.321083 0.0798746 9.9991E-05 0.0204229 0.380697 0.197823
0.272481 0.10741 9.9991E-05 0.030845 0.543737 0.0454271
0.107175 9.9982E-05 9.9982E-05 0.0413855 0.736725 0.114514
0.232916 0.255443 0.0421537 0.0615359 0.407851 9.9991E-05
