0.216329 0.768145 0.0154267 9.9991E-05
0.117836 0.843077 0.0389864 9.9991E-05
0.245224 0.73723 0.0174458 9.9991E-05
0.120089 0.845142 0.0274828 0.00728622
0.0686756 0.906968 0.0124671 0.0118897
0.0506767 0.888107 0.00182615 0.0593903
0.147981 0.820999 9.9991E-05 0.0309193
9.999E-05 0.92654 0.0654152 0.00794453
0.257067 0.659179 0.0293437 0.05441
0.251974 0.666438 0.0363876 0.0452004
0.106456 0.619806 0.0674978 0.20624
0.293577 0.581668 0.036092 0.0886629
0.0920115 0.532125 0.0410399 0.334824
0.299837 0.566425 9.9991E-05 0.133638
0.274966 0.599338 0.0705395 0.0551559
0.193289 0.784678 0.00955294 0.0124798
0.291212 0.684071 0.0246171 9.9991E-05
0.156766 0.798381 0.0447525 9.9991E-05
0.625548 0.112019 0.0657172 0.196716
0.779937 0.209221 9.9991E-05 0.0107414
0.762158 0.201509 0.0362338 9.9991E-05
0.888743 0.0757404 0.0153111 0.020206
0.956452 9.9982E-05 0.0433481 9.9982E-05
0.870039 0.064243 0.0656086 0.000109437
0.721997 0.273773 9.9991E-05 0.00413026
0.98557 9.9982E-05 0.0142301 9.9982E-05
0.932582 9.9991E-05 0.0238737 0.0434445
0.901359 9.9991E-05 0.00495251 0.0935889
0.99376 9.9982E-05 9.9982E-05 0.00604028
0.928372 9.9982E-05 9.9982E-05 0.0714283
0.965219 0.0207127 0.00319978 0.0108686
0.929021 0.0168393 0.0228107 0.0313288
0.839172 0.0936213 0.0671067 9.9991E-05
0.25006 0.651462 0.0694157 0.0290624
0.345434 0.654366 9.9982E-05 9.9982E-05
0.173226 0.750329 9.9991E-05 0.0763456
0.155159 0.758174 0.0418825 0.0447845
0.223989 0.592799 0.0160384 0.167174
9.998E-05 9.998E-05 0.9997 9.998E-05
0.920555 9.9991E-05 0.0268839 0.0524607
0.298431 0.608405 9.9991E-05 0.0930639
0.237783 0.762018 9.9982E-05 9.9982E-05
0.372357 0.426311 0.0126458 0.188686
0.137176 0.478255 0.0574571 0.327111
0.148254 0.562354 0.0158567 0.273536
9.998E-05 9.998E-05 0.9997 9.998E-05
0.269738 0.581925 0.0750399 0.0732971
0.170801 0.590303 9.9991E-05 0.238796
0.414067 0.412276 0.0501839 0.123472
0.0812872 9.9991E-05 0.0285353 0.890078
0.00419757 0.0356397 0.0357288 0.924434
9.9982E-05 0.123703 9.9982E-05 0.876097
9.9991E-05 0.131983 0.0571603 0.810757
0.0769699 9.9991E-05 0.0283511 0.894579
0.0928924 9.9982E-05 9.9982E-05 0.906908
9.9982E-05 0.206076 9.9982E-05 0.793724
0.122781 9.9991E-05 0.0195212 0.857598
0.0493073 9.9991E-05 0.0437231 0.90687
9.9991E-05 0.0921103 0.0596505 0.848139
9.9991E-05 0.21101 0.0348412 0.754049
0.0746542 9.9991E-05 0.00308477 0.922161
0.0348784 0.170883 9.9991E-05 0.794139
0.0491653 0.298251 0.0777859 0.574798
0.879496 0.083036 0.0207301 0.016738
0.791454 0.136589 0.0346196 0.0373377
0.912952 0.062096 0.0248523 9.9991E-05
0.0343902 0.145877 0.0310266 0.788706
9.9991E-05 0.224997 0.0956597 0.679243
0.112125 0.0626868 0.0254184 0.79977
0.0513542 0.0241063 0.0667763 0.857763
0.0259244 0.0512767 0.0495063 0.873293
9.9991E-05 0.64302 0.00519138 0.351688
0.00113378 0.665718 0.00410017 0.329049
0.0275477 0.614003 9.9991E-05 0.358349
0.106601 0.534232 0.0254258 0.33374
0.209611 0.46967 0.0473958 0.273323
0.0447225 0.59656 0.0432902 0.315427
0.169327 0.519769 0.0240726 0.286831
9.9982E-05 0.253244 9.9982E-05 0.746556
0.0304503 0.262919 0.123967 0.582663
0.087651 0.059921 0.0208557 0.831572
0.132215 9.9991E-05 0.0584147 0.80927
9.9991E-05 0.198238 0.0450023 0.75666
0.791128 0.134731 0.0106648 0.0634758
0.171551 0.392269 0.0033062 0.432874
9.9982E-05 0.59161 9.9982E-05 0.40819
9.998E-05 9.998E-05 0.9997 9.998E-05
0.218412 0.781388 9.9982E-05 9.9982E-05
0.234338 0.717525 0.0480372 9.9991E-05
0.245074 0.653128 0.054105 0.0476939
0.279908 0.496106 0.0767692 0.147217
0.178242 0.777298 9.9991E-05 0.0443599
0.0901807 0.457128 9.9991E-05 0.452591
0.669458 0.271327 0.0425187 0.0166959
9.9991E-05 0.528717 0.0776551 0.393528
0.441199 0.390809 0.0310261 0.136966
0.241626 0.740882 0.0173917 9.9991E-05
0.125921 0.870485 9.9991E-05 0.00349388
0.219105 0.746416 9.9991E-05 0.0343791
0.0831625 0.794295 0.0400145 0.082528
0.0492781 0.897611 0.0282745 0.0248365
0.106576 0.876526 0.0167983 9.9991E-05
0.0586285 0.468038 0.0269999 0.446333
0.113129 0.468996 0.0905651 0.327311
0.0360914 0.452715 0.0886311 0.422562
0.315441 0.552976 0.00636435 0.125219
0.211859 0.532788 9.9991E-05 0.255252
0.564094 0.401321 9.9991E-05 0.0344847
0.0385087 0.0847104 0.0361409 0.84064
0.0578334 0.104539 0.0244173 0.81321
0.24132 0.349153 0.00624297 0.403284
0.136978 0.505343 0.031825 0.325854
0.373439 0.269899 0.0483656 0.308296
0.801002 0.172525 9.9991E-05 0.0263729
0.0969553 0.0484815 0.0258361 0.828727
9.9982E-05 0.19848 9.9982E-05 0.80132
9.9982E-05 0.353637 9.9982E-05 0.646163
0.611722 0.270878 0.0528452 0.0645545
0.32192 0.657865 0.00065976 0.0195553
0.0715646 0.842995 0.0244649 0.0609757
0.14352 0.756485 0.00667751 0.093318
0.389246 0.608862 9.9991E-05 0.00179215
0.262829 0.715401 0.0216705 9.9991E-05
0.168809 0.792832 9.9991E-05 0.0382589
0.0441171 0.915925 0.0225079 0.0174501
0.450036 0.506267 0.00472127 0.0389757
0.212874 0.763592 0.023434 9.9991E-05
0.20519 0.757427 0.037283 9.9991E-05
0.204965 0.749753 0.0451827 9.9991E-05
0.363814 0.539541 9.9991E-05 0.0965448
0.111124 0.792636 0.0670515 0.0291879
0.275269 0.623991 0.0477964 0.0529433
0.153802 0.801608 9.9991E-05 0.0444902
0.920264 0.0375554 9.9991E-05 0.0420806
0.984843 0.0149571 9.9982E-05 9.9982E-05
0.952348 9.9982E-05 0.0474516 9.9982E-05
0.868886 0.0558497 0.018513 0.0567511
0.93542 9.9991E-05 0.0331734 0.0313064
9.9991E-05 0.860703 0.022892 0.116305
0.20224 0.775004 0.0226565 9.9991E-05
9.998E-05 9.998E-05 9.998E-05 0.9997
0.061896 0.0456041 0.0241863 0.868314
0.0437282 0.0251416 9.9991E-05 0.93103
0.00704069 0.231805 9.9991E-05 0.761054
9.9991E-05 0.0755804 0.0271511 0.897169
0.142587 9.9991E-05 0.0152797 0.842033
9.9991E-05 0.0196048 0.031507 0.948788
0.0865382 9.9982E-05 9.9982E-05 0.913262
0.104921 0.000331315 0.00198944 0.892758
0.0701809 9.9991E-05 0.0214729 0.908246
9.9991E-05 0.111176 0.011848 0.876876
0.0510256 0.0878519 0.0448056 0.816317
0.0314469 0.118133 0.0185754 0.831844
0.0313836 9.9991E-05 0.0337303 0.934786
9.9991E-05 0.049996 0.0243663 0.925538
9.9991E-05 0.0358554 0.0238038 0.940241
0.0800857 9.9991E-05 0.0326387 0.887176
0.046391 0.578395 9.9991E-05 0.375114
0.136265 0.635136 9.9991E-05 0.2285
9.9982E-05 0.0753209 9.9982E-05 0.924479
0.0309757 0.205062 0.00190629 0.762056
0.0380179 9.9991E-05 0.00122439 0.960658
9.9991E-05 0.640231 0.00653014 0.353139
9.9982E-05 0.973235 0.0265649 9.9982E-05
0.333486 0.65042 0.0159944 9.9991E-05
0.503009 0.420821 9.9991E-05 0.0760697
0.657764 0.338794 0.00334251 9.9991E-05
0.834563 0.109467 0.0230953 0.0328745
0.937105 0.0217095 0.000873347 0.0403125
0.854628 0.118437 0.026835 9.9991E-05
0.852586 0.122253 0.00772805 0.0174331
0.809951 0.0395926 0.0501753 0.100281
0.835103 0.0193009 0.0424293 0.103167
0.196175 0.792627 0.0110975 9.9991E-05
0.0990948 0.762759 0.0590292 0.0791171
9.9991E-05 0.906336 0.0525967 0.0409675
9.9991E-05 0.971929 0.00800699 0.0199643
9.9982E-05 0.970623 0.029177 9.9982E-05
9.9991E-05 0.886185 0.0190629 0.0946519
0.263057 0.72279 0.0140523 9.9991E-05
0.234123 0.635464 0.0342989 0.0961142
0.163073 0.743945 0.0604105 0.0325711
0.239879 0.665856 0.0336609 0.0606043
0.116996 0.823489 0.0350885 0.0244265
0.630967 0.121634 0.134299 0.1131
0.0157657 0.112684 0.0123035 0.859247
0.108248 9.9991E-05 0.0368248 0.854827
0.0542179 0.00548921 9.9991E-05 0.940193
9.9991E-05 0.183161 0.0315928 0.785146
0.0585008 0.0912008 0.0322815 0.818017
0.317794 0.5023 0.0427142 0.137192
0.370315 0.575018 0.0445141 0.0101537
0.172574 0.756327 0.0709986 9.9991E-05
0.3498 0.585228 0.0641513 0.000820702
