0.795496 0.0172215 0.187283
0.876961 9.9991E-05 0.122939
0.747055 0.00992202 0.243023
0.952344 0.0475558 9.9991E-05
0.898993 0.019709 0.0812982
0.931784 0.0681159 9.9991E-05
0.945396 0.0234575 0.0311464
0.9998 9.999E-05 9.999E-05
0.731205 0.0444548 0.22434
0.688679 0.062265 0.249056
0.633225 0.219978 0.146797
0.651793 0.0729958 0.275212
0.567313 0.323733 0.108954
0.672724 0.105881 0.221395
0.71466 0.0575558 0.227784
0.838636 9.9991E-05 0.161264
0.71114 0.0300164 0.258844
0.948973 9.9991E-05 0.0509269
0.218251 0.192989 0.58876
0.193987 0.0242075 0.781805
0.28688 0.00350001 0.70962
0.0347093 0.0921839 0.873107
9.9991E-05 0.031285 0.968615
0.116609 0.019389 0.864002
0.259195 0.00691977 0.733885
9.999E-05 9.999E-05 0.9998
9.9991E-05 0.0890677 0.910832
9.9991E-05 0.0981358 0.901764
0.0509963 9.9991E-05 0.948904
9.9991E-05 0.0975883 0.902312
9.9991E-05 0.0367307 0.963169
0.051471 0.0316342 0.916895
0.123595 0.0127192 0.863686
0.744838 0.0436166 0.211546
0.760991 9.9991E-05 0.238909
0.774276 0.0657636 0.15996
0.80944 0.033934 0.156626
0.706084 0.112459 0.181457
9.9991E-05 0.330388 0.669512
0.0400037 0.1055 0.854496
0.752564 0.115735 0.131701
0.819434 9.9991E-05 0.180466
0.490919 0.18289 0.326191
0.448384 0.356755 0.194861
0.574109 0.29399 0.131902
9.9991E-05 0.334682 0.665218
0.633405 0.0621462 0.304449
0.727357 0.203988 0.068655
0.462829 0.148065 0.389106
0.0909024 0.908998 9.9991E-05
0.0812481 0.918652 9.9991E-05
0.0760382 0.876608 0.047354
0.14734 0.85256 9.9991E-05
9.9991E-05 0.882257 0.117643
0.0789336 0.88332 0.0377459
0.252813 0.747087 9.9991E-05
0.0590783 0.869923 0.0709986
9.9991E-05 0.906869 0.0930314
0.118159 0.881741 9.9991E-05
0.251894 0.748006 9.9991E-05
9.9991E-05 0.933696 0.0662042
0.0908772 0.80428 0.104843
0.380986 0.557159 0.0618545
0.122203 0.0242716 0.853525
0.129466 0.0292593 0.841275
0.0497496 9.9991E-05 0.95015
0.186273 0.779189 0.0345382
0.220825 0.716996 0.0621792
0.129862 0.836035 0.0341028
0.113664 0.853836 0.0324995
0.0448116 0.897155 0.0580338
0.644928 0.354972 9.9991E-05
0.646005 0.33305 0.0209445
0.534042 0.340301 0.125657
0.566671 0.370351 0.0629781
0.540777 0.294733 0.16449
0.533705 0.344799 0.121496
0.536081 0.282491 0.181428
0.189346 0.810554 9.9991E-05
0.284412 0.597886 0.117701
0.111053 0.826572 0.0623751
9.9991E-05 0.874856 0.125044
0.116799 0.837786 0.0454149
0.0573704 0.0946288 0.848001
0.364144 0.480154 0.155702
0.563485 0.436415 9.9991E-05
9.9991E-05 0.351552 0.648348
0.848529 9.9991E-05 0.151371
0.867503 9.9991E-05 0.132397
0.675723 0.0467561 0.277521
0.527247 0.152455 0.320297
0.852481 0.0336438 0.113875
0.492729 0.451956 0.0553147
0.24912 0.080715 0.670165
0.503143 0.462854 0.0340038
0.512686 0.141454 0.34586
0.77705 9.9991E-05 0.22285
0.851199 0.0170641 0.131737
0.803074 0.041207 0.155719
0.855721 0.0634046 0.0808741
0.926275 0.00775381 0.0659713
0.897804 9.9991E-05 0.102096
0.435015 0.459682 0.105303
0.477347 0.347771 0.174882
0.38623 0.468606 0.145164
0.692797 0.0953676 0.211835
0.605002 0.234199 0.160798
0.508854 0.034381 0.456765
0.177794 0.822106 9.9991E-05
0.0863644 0.856219 0.0574165
0.417288 0.375 0.207712
0.512612 0.336213 0.151175
0.325859 0.295806 0.378335
0.122524 0.0349108 0.842565
9.9991E-05 0.846989 0.152911
0.185012 0.78179 0.0331977
0.39486 0.60504 9.9991E-05
0.413204 0.0635611 0.523235
0.72705 9.9991E-05 0.27285
0.894584 0.045203 0.0602126
0.865397 0.0871676 0.0474352
0.576947 9.9991E-05 0.422953
0.775226 0.0028719 0.221902
0.938635 9.9991E-05 0.0612653
0.951076 0.0488235 9.9991E-05
0.598322 0.0120387 0.389639
0.849548 9.9991E-05 0.150352
0.734637 9.9991E-05 0.265263
0.818883 9.9991E-05 0.181017
0.619979 0.113174 0.266847
0.8157 0.0477468 0.136554
0.633209 0.0867246 0.280067
0.904237 0.0133895 0.0823739
0.0220136 0.0463006 0.931686
0.086152 9.9991E-05 0.913748
9.999E-05 9.999E-05 0.9998
0.196771 0.036225 0.767004
0.136851 0.0566206 0.806528
0.88833 0.11157 9.9991E-05
0.744287 9.9991E-05 0.255613
9.999E-05 0.9998 9.999E-05
0.0542787 0.862914 0.0828076
0.0693806 0.905788 0.0248316
0.167336 0.772906 0.0597587
0.0580257 0.941874 9.9991E-05
9.9991E-05 0.86312 0.13678
0.0350563 0.964844 9.9991E-05
9.9991E-05 0.907412 0.0924877
0.0711576 0.881184 0.0476581
9.9991E-05 0.90537 0.0945296
0.0643439 0.898834 0.0368222
0.108007 0.830141 0.0618523
0.110537 0.834773 0.0546899
9.9991E-05 0.918856 0.0810442
0.0338017 0.932179 0.0340197
0.0483609 0.951539 9.9991E-05
9.9991E-05 0.937523 0.0623767
0.586916 0.360371 0.0527134
0.786405 0.213495 9.9991E-05
0.0821618 0.917738 9.9991E-05
0.27517 0.72473 9.9991E-05
9.9991E-05 0.943927 0.0559731
0.60625 0.39365 9.9991E-05
0.983967 9.9991E-05 0.0159329
0.730449 9.9991E-05 0.269451
0.438944 0.0494998 0.511557
0.367213 9.9991E-05 0.632687
0.147711 0.0269109 0.825378
0.019924 0.0537411 0.926335
0.126665 9.9991E-05 0.873235
0.0593481 0.0299668 0.910685
0.0100284 0.109933 0.880039
0.0484452 0.0957736 0.855781
0.911269 0.0220203 0.0667104
0.79081 0.0766781 0.132512
0.899165 0.100735 9.9991E-05
0.979037 0.0208626 9.9991E-05
0.971912 0.0279879 9.9991E-05
0.897552 0.0638837 0.038564
0.751003 9.9991E-05 0.248898
0.69108 0.118049 0.190871
0.778888 0.0479902 0.173122
0.675391 0.0806357 0.243974
0.758983 0.0254235 0.215594
0.0246955 0.136658 0.838647
0.116875 0.883025 9.9991E-05
9.9991E-05 0.856898 0.143002
0.0458633 0.951511 0.00262534
0.194823 0.799057 0.00611946
0.0565015 0.841969 0.101529
0.479028 0.154876 0.366096
0.714098 9.9991E-05 0.285802
0.767429 9.9991E-05 0.232471
0.635591 9.9991E-05 0.364309
