0.879416 0.00952664 0.111057
0.845009 0.00215273 0.152839
0.743891 9.9991E-05 0.256009
0.936982 0.0074734 0.0555449
0.954759 0.0381542 0.00708675
0.872173 0.0548886 0.0729385
0.910613 0.0336679 0.055719
0.932251 9.9991E-05 0.0676491
0.690897 0.0559735 0.25313
0.675292 0.0579884 0.266719
0.661171 0.221138 0.117691
0.633195 0.114562 0.252243
0.575865 0.33807 0.0860651
0.65164 0.102097 0.246263
0.667178 0.0931225 0.239699
0.850894 9.9991E-05 0.149006
0.718979 9.9991E-05 0.280921
0.826623 9.9991E-05 0.173277
0.168896 0.201683 0.629421
0.241732 0.00792042 0.750348
0.291808 9.9991E-05 0.708092
0.0488232 0.0573878 0.893789
9.9991E-05 0.0247109 0.975189
0.157664 9.9991E-05 0.842236
0.231492 0.0135686 0.75494
9.999E-05 9.999E-05 0.9998
9.9991E-05 0.0979134 0.901987
9.9991E-05 0.0541161 0.945784
9.999E-05 9.999E-05 0.9998
0.0333365 0.0563526 0.910311
9.9991E-05 0.0499866 0.949913
0.0336442 0.0674247 0.898931
0.0581693 0.0321672 0.909664
0.672554 0.0558771 0.271569
0.72101 9.9991E-05 0.27889
0.768511 0.0559696 0.175519
0.845447 0.0160997 0.138454
0.668835 0.114533 0.216632
9.9991E-05 0.409883 0.590017
0.0590391 0.0908059 0.850155
0.712295 0.0870277 0.200677
0.828053 9.9991E-05 0.171847
0.559869 0.194275 0.245856
0.424179 0.358016 0.217805
0.625864 0.348356 0.0257807
9.9991E-05 0.423336 0.576564
0.593747 0.127335 0.278918
0.589809 0.244414 0.165778
0.471341 0.157194 0.371466
0.108753 0.891147 9.9991E-05
0.0359089 0.906512 0.0575795
0.157794 0.834722 0.00748426
0.0868784 0.844866 0.0682561
9.9991E-05 0.915618 0.0842821
0.000416354 0.946385 0.0531986
0.217726 0.782174 9.9991E-05
0.0453246 0.909384 0.0452912
9.9991E-05 0.926947 0.0729528
0.0998631 0.900037 9.9991E-05
0.275994 0.723906 9.9991E-05
9.9991E-05 0.917673 0.082227
0.150792 0.798781 0.0504276
0.386663 0.549127 0.0642094
0.0887697 0.0251373 0.886093
0.156266 0.0339017 0.809832
0.127701 9.9991E-05 0.872199
0.185533 0.790378 0.0240894
0.249401 0.699681 0.0509179
0.106797 0.856 0.0372031
0.0371873 0.861141 0.101672
0.0506467 0.903084 0.0462689
0.639667 0.360233 9.9991E-05
0.645304 0.33056 0.0241365
0.550852 0.370125 0.0790223
0.59493 0.336102 0.068968
0.530573 0.292996 0.176432
0.582226 0.356217 0.0615567
0.559781 0.280924 0.159295
0.21623 0.78367 9.9991E-05
0.234586 0.645645 0.119769
0.0706258 0.833744 0.0956298
9.9991E-05 0.848327 0.151573
0.178466 0.821434 9.9991E-05
0.117016 0.109191 0.773793
0.378084 0.470848 0.151068
0.590437 0.409463 9.9991E-05
9.9991E-05 0.445008 0.554892
0.818593 0.00354889 0.177858
0.794824 9.9991E-05 0.205076
0.676116 0.0643633 0.259521
0.524125 0.1595 0.316374
0.844724 0.0495605 0.105715
0.508528 0.435591 0.0558813
0.316725 0.101493 0.581781
0.513997 0.445955 0.0400482
0.481967 0.170711 0.347322
0.786592 9.9991E-05 0.213308
0.932316 9.9991E-05 0.0675842
0.78334 0.00484674 0.211813
0.88445 0.0924573 0.0230925
0.909874 0.0509426 0.0391838
0.869786 9.9991E-05 0.130114
0.454293 0.473196 0.0725116
0.501533 0.38094 0.117527
0.492671 0.481987 0.0253428
0.59887 0.136045 0.265086
0.601684 0.215121 0.183195
0.44323 0.0443022 0.512468
0.143334 0.810125 0.0465404
0.0745052 0.890678 0.0348172
0.46089 0.379302 0.159808
0.551625 0.327948 0.120426
0.39691 0.346098 0.256992
0.148344 0.00572879 0.845927
0.06827 0.794681 0.137049
0.172904 0.799414 0.0276823
0.379124 0.620776 9.9991E-05
0.343086 0.0752922 0.581621
0.719445 0.00153584 0.279019
0.82523 0.0590223 0.115748
0.826871 0.109098 0.0640311
0.549012 9.9991E-05 0.450888
0.772807 9.9991E-05 0.227093
0.82732 9.9991E-05 0.17258
0.950507 0.0100096 0.0394833
0.534922 0.0141126 0.450965
0.804592 9.9991E-05 0.195308
0.782266 9.9991E-05 0.217634
0.875486 9.9991E-05 0.124414
0.589232 0.106293 0.304475
0.864427 0.0448214 0.090752
0.633947 0.112169 0.253885
0.889427 0.00642223 0.104151
0.0351882 0.0214338 0.943378
0.0570424 9.9991E-05 0.942858
9.999E-05 9.999E-05 0.9998
0.0628171 0.0584754 0.878707
0.0921282 0.0728883 0.834984
0.90608 0.0938197 9.9991E-05
0.802045 0.0153375 0.182618
9.999E-05 0.9998 9.999E-05
0.0870375 0.858321 0.0546419
9.9991E-05 0.967321 0.0325794
0.194395 0.777509 0.0280961
0.0590407 0.936764 0.00419487
9.9991E-05 0.843965 0.155935
0.0241991 0.971005 0.00479548
0.00704125 0.953993 0.0389653
9.9991E-05 0.922619 0.0772811
9.9991E-05 0.932883 0.0670168
0.0867487 0.913151 9.9991E-05
0.142616 0.857284 9.9991E-05
0.0688371 0.852083 0.0790799
9.9991E-05 0.906098 0.0938025
0.0690835 0.930817 9.9991E-05
0.0428703 0.95703 9.9991E-05
9.9991E-05 0.927064 0.0728362
0.557898 0.374948 0.0671549
0.75263 0.226236 0.0211336
0.0802483 0.919652 9.9991E-05
0.249566 0.750334 9.9991E-05
9.9991E-05 0.9768 0.0231002
0.640148 0.359752 9.9991E-05
0.994202 0.00569765 9.9991E-05
0.769767 9.9991E-05 0.230133
0.515133 0.0338578 0.451009
0.33982 9.9991E-05 0.66008
0.0863955 0.00600689 0.907598
0.0561014 0.0701038 0.873795
0.136848 9.9991E-05 0.863052
0.170018 0.0295359 0.800446
0.0443427 0.148672 0.806985
0.0512259 0.065699 0.883075
0.829356 0.00858011 0.162064
0.840733 0.0925611 0.0667061
0.926222 0.0736778 9.9991E-05
0.975214 0.0246863 9.9991E-05
0.960344 0.0209398 0.0187158
0.885336 0.0555515 0.0591123
0.740921 9.9991E-05 0.258979
0.643441 0.103215 0.253344
0.823951 0.0472474 0.128802
0.733298 0.0626598 0.204043
0.743828 0.00397152 0.2522
0.0363881 0.159674 0.803938
0.106059 0.878855 0.0150858
0.0119758 0.908501 0.0795232
9.9991E-05 0.946562 0.0533384
0.206601 0.791109 0.00228939
0.0251502 0.859314 0.115536
0.506284 0.182391 0.311325
0.649208 0.0262627 0.324529
0.778013 9.9991E-05 0.221887
0.708181 0.0339778 0.257841
