0.139574 0.69818 9.9973E-05 9.9973E-05 0.0841513 9.9973E-05 0.0777946
0.0459991 0.482194 0.0264165 9.9982E-05 9.9982E-05 0.300966 0.144224
0.0829825 0.596866 0.000672891 9.9973E-05 0.319179 9.9973E-05 9.9973E-05
0.185398 0.705955 0.00435553 9.9982E-05 0.0728084 9.9982E-05 0.0312826
9.99639E-05 0.815364 9.99639E-05 0.0685935 9.99639E-05 0.115642 9.99639E-05
0.102223 0.714182 9.9982E-05 0.0148864 0.0122087 0.1563 9.9982E-05
0.200333 0.458494 9.9973E-05 9.9973E-05 0.0390102 0.301863 9.9973E-05
0.142439 0.662095 0.0376636 9.9982E-05 9.9982E-05 0.103855 0.053748
9.9982E-05 0.0905362 0.00519239 0.0526326 9.9982E-05 0.708539 0.1429
0.20101 0.206191 0.0223433 9.9991E-05 0.0777453 0.337136 0.155475
0.346465 0.159126 0.0365219 0.0478114 9.9991E-05 0.315699 0.0942768
0.0133998 0.194783 0.0322406 0.0340091 0.403294 0.322174 9.9991E-05
0.717876 9.9982E-05 0.0131878 0.0353879 9.9982E-05 0.175432 0.0579167
0.0710587 9.9973E-05 9.9973E-05 0.0482679 0.204144 0.676229 9.9973E-05
9.999E-05 0.307558 0.0510291 0.0602193 0.144825 0.32137 0.114898
0.113418 0.199528 0.0123761 9.9982E-05 9.9982E-05 0.56615 0.108328
9.9973E-05 0.280333 9.9973E-05 0.00668425 9.9973E-05 0.494951 0.217732
9.9964E-05 0.395129 0.00836322 9.9964E-05 9.9964E-05 0.596108 9.9964E-05
0.116647 9.9991E-05 0.0452373 0.0820809 0.32551 0.138918 0.291508
0.0682606 9.9973E-05 9.9973E-05 9.9973E-05 0.44272 0.30468 0.184039
0.0563519 0.154256 0.0107479 9.9982E-05 9.9982E-05 0.0603825 0.718062
0.0903969 0.106374 0.00119618 9.9982E-05 0.0420694 9.9982E-05 0.759764
0.0564445 9.9964E-05 0.0265467 9.9964E-05 9.9964E-05 9.9964E-05 0.916609
9.999E-05 0.0830001 0.0393135 0.00247293 0.0296599 0.0797905 0.765663
0.0761303 0.139904 9.9982E-05 9.9982E-05 0.107033 0.0462787 0.630453
9.9964E-05 0.0648619 9.9964E-05 9.9964E-05 0.220619 9.9964E-05 0.714119
9.9973E-05 9.9973E-05 0.0412314 0.0231648 0.301361 9.9973E-05 0.633943
9.9982E-05 9.9982E-05 0.0301182 0.0419289 0.0835326 0.0615982 0.782622
9.9964E-05 0.0148325 9.9964E-05 9.9964E-05 0.312944 9.9964E-05 0.671823
9.9982E-05 0.0415272 9.9982E-05 0.0696609 0.0256995 0.0523508 0.810562
9.9964E-05 9.9964E-05 9.9964E-05 0.0239103 9.9964E-05 0.123116 0.852574
9.9982E-05 9.9982E-05 0.0320113 0.0109084 0.063737 0.190422 0.702722
0.0481383 9.9964E-05 0.0626289 9.9964E-05 9.9964E-05 9.9964E-05 0.888833
0.183964 0.308142 0.0427845 9.9982E-05 0.247413 0.217496 9.9982E-05
9.9982E-05 0.45974 9.9982E-05 0.0288491 0.128607 0.205557 0.177047
9.9964E-05 0.629079 9.9964E-05 0.0455983 0.324923 9.9964E-05 9.9964E-05
0.0860747 0.638316 0.0267205 9.9973E-05 0.248589 9.9973E-05 9.9973E-05
0.144886 0.192997 9.9991E-05 0.0712661 0.0774077 0.455093 0.0582491
9.995E-05 9.995E-05 0.9994 9.995E-05 9.995E-05 9.995E-05 9.995E-05
0.124287 9.9973E-05 0.0133247 9.9973E-05 0.476258 9.9973E-05 0.38583
9.9982E-05 0.671459 0.00209083 0.103625 0.126562 9.9982E-05 0.0960629
0.103372 0.352956 9.9982E-05 9.9982E-05 0.108699 0.34865 0.0861223
0.30188 0.107459 0.0127964 0.0764691 9.9991E-05 0.167139 0.334156
0.537574 0.0623242 0.0501401 0.100994 0.00663117 0.0833114 0.159025
0.784162 0.0994491 0.0161383 9.9973E-05 0.0999505 9.9973E-05 9.9973E-05
9.995E-05 9.995E-05 0.9994 9.995E-05 9.995E-05 9.995E-05 9.995E-05
0.177519 0.198235 0.0688335 0.046608 0.0948663 0.315903 0.0980354
0.333432 0.103852 9.9982E-05 0.102137 9.9982E-05 0.323709 0.136671
0.0920263 0.0782403 0.0429407 0.0862647 0.34527 0.246548 0.10871
0.172658 9.9982E-05 0.0100505 0.647288 0.0685595 0.101244 9.9982E-05
0.0998737 9.9991E-05 0.0295966 0.742362 0.0148765 0.108718 0.00447334
9.9964E-05 0.109035 9.9964E-05 0.755211 9.9964E-05 0.135354 9.9964E-05
0.226069 9.9973E-05 0.0556594 0.616939 9.9973E-05 0.101033 9.9973E-05
9.9973E-05 9.9973E-05 0.0335365 0.756797 0.134328 0.0750377 9.9973E-05
9.9973E-05 9.9973E-05 9.9973E-05 0.796366 0.0369384 0.143726 0.0226688
9.9955E-05 9.9955E-05 9.9955E-05 0.667412 9.9955E-05 0.332088 9.9955E-05
9.9973E-05 9.9973E-05 0.0204593 0.767002 9.9973E-05 0.203705 0.00853327
0.051504 9.9973E-05 0.0224305 0.783722 9.9973E-05 9.9973E-05 0.142044
0.117539 9.9973E-05 0.0489236 0.723901 9.9973E-05 0.109337 9.9973E-05
0.225219 0.0183376 0.0215607 0.569515 0.055462 0.109805 9.9991E-05
0.0754905 9.9973E-05 0.00126428 0.749861 9.9973E-05 9.9973E-05 0.173084
0.107074 0.0805198 9.9973E-05 0.630304 0.181802 9.9973E-05 9.9973E-05
0.497804 9.9991E-05 0.0578516 0.290451 0.0365413 0.0959672 0.0212849
9.9991E-05 0.13866 0.021834 0.0706186 0.000942918 0.0243526 0.743492
0.0431197 0.138528 0.0190126 9.9991E-05 0.0644287 0.00291614 0.731895
9.9973E-05 0.125538 0.00497327 9.9973E-05 0.214747 9.9973E-05 0.654442
0.130696 0.0712659 9.9991E-05 0.637715 0.0246213 0.102221 0.033381
0.42413 9.9973E-05 0.0586418 0.434099 0.0828291 9.9973E-05 9.9973E-05
0.136649 0.0773571 0.0244315 0.665542 9.9991E-05 0.00903543 0.0868854
0.18116 9.9973E-05 0.0352341 0.683201 0.100104 9.9973E-05 9.9973E-05
9.9973E-05 0.092244 0.0318046 0.777156 0.0984955 9.9973E-05 9.9973E-05
0.657387 0.0731205 0.0110534 0.0941512 9.9982E-05 0.164088 9.9982E-05
0.637086 9.9973E-05 9.9973E-05 0.0358039 0.00868436 0.318125 9.9973E-05
0.775173 9.9973E-05 9.9973E-05 0.0280929 0.128661 0.0677737 9.9973E-05
0.957268 9.9964E-05 0.00599275 9.9964E-05 9.9964E-05 9.9964E-05 0.0363393
0.804172 0.0401594 0.0269315 9.9982E-05 0.040083 9.9982E-05 0.0884538
0.87924 9.9964E-05 0.00242621 9.9964E-05 0.117934 9.9964E-05 9.9964E-05
0.597582 0.145701 0.00352264 0.070408 9.9991E-05 0.0289332 0.153753
0.0709635 9.9964E-05 9.9964E-05 0.635866 9.9964E-05 0.292771 9.9964E-05
0.232122 0.0976595 0.0991424 0.378636 0.19224 9.9982E-05 9.9982E-05
0.179258 9.9982E-05 0.0226779 0.644345 0.136218 9.9982E-05 0.0173021
0.10647 9.9982E-05 0.0345803 0.714577 0.0648126 9.9982E-05 0.0793606
9.9964E-05 9.9964E-05 0.02019 0.645161 9.9964E-05 0.334249 9.9964E-05
9.9973E-05 9.9973E-05 0.00596135 9.9973E-05 0.818922 0.130286 0.0445309
0.48291 0.0738959 9.9973E-05 0.231361 9.9973E-05 9.9973E-05 0.211534
0.843752 9.9964E-05 9.9964E-05 0.0941031 9.9964E-05 9.9964E-05 0.0617446
9.995E-05 9.995E-05 0.9994 9.995E-05 9.995E-05 9.995E-05 9.995E-05
0.155493 0.583083 9.9973E-05 9.9973E-05 0.0495425 9.9973E-05 0.211582
0.0357795 0.516155 0.0476015 9.9991E-05 0.0740581 0.13535 0.190956
0.127406 0.177916 0.0571834 9.9991E-05 0.125895 0.472917 0.0385839
0.107501 9.9991E-05 0.0412677 0.0685522 0.10278 0.550447 0.129352
9.9973E-05 0.495185 9.9973E-05 0.0390975 0.251219 0.214199 9.9973E-05
0.713801 0.0335079 9.9982E-05 0.143158 0.0877619 9.9982E-05 0.0215718
0.0808414 0.0315614 0.0161067 0.00876292 0.539592 0.164502 0.158634
0.668573 0.057187 0.0694463 0.114088 0.0637623 0.0268438 9.9991E-05
0.2843 0.214744 0.0285259 0.0268313 0.0874041 0.0714835 0.286711
9.9973E-05 0.221991 0.0102229 9.9973E-05 9.9973E-05 0.642256 0.12523
0.258289 0.520302 9.9973E-05 9.9973E-05 9.9973E-05 0.119012 0.102096
0.196399 0.255239 9.9982E-05 9.9982E-05 0.0817736 0.315244 0.151145
0.102628 0.0217592 0.011278 0.0538733 9.9982E-05 0.810261 9.9982E-05
0.287949 0.623382 0.00840543 9.9982E-05 0.0636951 9.9982E-05 0.0163693
0.028535 9.9973E-05 0.0020305 9.9973E-05 0.122281 0.846853 9.9973E-05
0.60201 0.0733685 0.0211929 0.18849 0.072205 9.9991E-05 0.0426335
0.549155 0.0461634 0.0643512 0.0910478 0.249082 9.9982E-05 9.9982E-05
0.532573 0.0699954 0.064325 0.187873 9.9991E-05 0.00251548 0.142619
0.50177 9.9973E-05 0.000923782 9.9973E-05 9.9973E-05 0.327094 0.169913
0.359994 9.9982E-05 9.9982E-05 0.0886967 0.0690024 0.365823 0.116285
9.9982E-05 0.226868 9.9982E-05 0.0591786 0.139651 0.258975 0.315126
9.9982E-05 0.204422 0.0245248 0.714311 0.0100267 9.9982E-05 0.0465159
0.219146 9.9982E-05 0.0122396 0.660488 0.0533545 9.9982E-05 0.0545713
0.567294 0.0998872 9.9982E-05 0.134505 0.0855008 9.9982E-05 0.112613
0.475095 9.9991E-05 0.0151203 0.128232 0.0502808 0.305143 0.0260286
0.417437 0.105876 0.0251064 0.113312 9.9982E-05 9.9982E-05 0.338069
0.247469 9.9964E-05 9.9964E-05 9.9964E-05 0.269864 9.9964E-05 0.482268
0.251157 0.0150601 0.0549102 0.616865 9.9982E-05 9.9982E-05 0.0618069
0.207022 9.9973E-05 9.9973E-05 0.599351 9.9973E-05 0.0830701 0.110257
0.31049 0.187482 9.9973E-05 0.463598 0.0381295 9.9973E-05 9.9973E-05
0.0210672 0.306861 0.053344 0.0166434 0.459317 9.9991E-05 0.142668
9.9982E-05 0.509336 9.9982E-05 0.018655 0.333781 0.0769882 0.0610403
0.199084 0.615451 0.0191163 9.9982E-05 9.9982E-05 0.0143783 0.151771
9.9982E-05 0.749448 9.9982E-05 0.0715856 0.0747065 0.0302705 0.073789
9.9973E-05 0.196083 9.9973E-05 9.9973E-05 0.422424 0.293356 0.0878362
0.0553005 0.596074 0.0279996 0.00667953 0.0723718 0.0997885 0.141786
9.9964E-05 0.761389 9.9964E-05 0.0108204 9.9964E-05 9.9964E-05 0.22739
9.9982E-05 0.63201 0.0277919 0.0285798 9.9982E-05 0.24222 0.0691985
0.0650481 0.24305 9.9991E-05 0.0391884 0.0263348 0.219126 0.407153
0.0774235 0.014545 9.9973E-05 9.9973E-05 0.0952242 0.812507 9.9973E-05
0.0203481 9.9973E-05 0.0130243 9.9973E-05 9.9973E-05 0.796864 0.169464
9.9973E-05 9.9973E-05 0.0364922 0.00542519 9.9973E-05 0.889104 0.0686789
0.0602768 0.254299 9.9982E-05 0.0855776 0.507269 0.0923779 9.9982E-05
9.9973E-05 0.0418909 0.0410363 0.0600546 9.9973E-05 0.856718 9.9973E-05
0.159202 9.9982E-05 0.000264892 9.9982E-05 0.172017 0.555573 0.112744
0.0440326 0.613628 9.9991E-05 0.00873422 0.0331473 0.208477 0.0918804
0.149708 9.9973E-05 9.9973E-05 9.9973E-05 0.178066 0.0308556 0.64107
9.9964E-05 0.058694 9.9964E-05 9.9964E-05 0.243963 9.9964E-05 0.696943
9.9973E-05 9.9973E-05 0.0318411 9.9973E-05 0.0970803 0.0939461 0.776833
9.9973E-05 0.0728197 9.9973E-05 0.0364586 9.9973E-05 0.167035 0.723387
0.0806574 0.0357319 0.00597011 0.00881243 0.334609 9.9991E-05 0.534119
0.180144 0.453468 9.9973E-05 0.0718083 9.9973E-05 0.29428 9.9973E-05
0.145678 0.696819 0.0172755 9.9973E-05 9.9973E-05 9.9973E-05 0.139927
0.127575 0.0123223 9.9973E-05 0.827312 0.0324906 9.9973E-05 9.9973E-05
9.9973E-05 9.9973E-05 0.0274194 0.751282 9.9973E-05 0.0884439 0.132555
9.9982E-05 0.102665 9.9982E-05 0.80822 0.05631 0.0162276 0.0163768
0.254888 0.0344917 9.9982E-05 0.605494 9.9982E-05 0.0643075 0.0406181
9.9973E-05 0.0781054 0.0155613 0.809085 0.0969485 9.9973E-05 9.9973E-05
0.0360861 9.9982E-05 0.013649 0.74639 9.9982E-05 0.0354132 0.168262
0.125647 0.046548 0.026025 0.80148 9.9973E-05 9.9973E-05 9.9973E-05
0.0536889 0.00110187 9.9973E-05 0.753629 0.19128 9.9973E-05 9.9973E-05
0.00923527 9.9964E-05 9.9964E-05 0.75549 0.234875 9.9964E-05 9.9964E-05
0.000437177 0.0404065 0.0104395 0.806982 9.9982E-05 9.9982E-05 0.141535
0.182035 0.0309758 0.0315722 0.730226 9.9982E-05 9.9982E-05 0.0249906
9.9973E-05 9.9973E-05 0.0437543 0.720943 9.9973E-05 0.17001 0.0649931
9.9991E-05 0.0417216 0.0221607 0.752278 0.110801 0.0648806 0.00805745
9.9973E-05 0.0535718 0.0169055 0.801726 0.127497 9.9973E-05 9.9973E-05
0.0901999 0.0817297 9.9973E-05 0.764256 9.9973E-05 9.9973E-05 0.063515
9.9973E-05 0.140332 0.0151891 0.808621 0.0355576 9.9973E-05 9.9973E-05
9.9973E-05 0.0313133 0.00909779 0.818836 0.140453 9.9973E-05 9.9973E-05
0.792991 0.0858303 0.000423959 0.073889 9.9991E-05 0.0165431 0.0302229
0.807632 9.9964E-05 9.9964E-05 9.9964E-05 0.14947 0.0424985 9.9964E-05
0.12497 0.118477 9.9964E-05 0.756153 9.9964E-05 9.9964E-05 9.9964E-05
9.9982E-05 0.24459 0.0157633 0.641457 9.9982E-05 0.047078 0.050911
0.155775 9.9964E-05 9.9964E-05 0.758721 9.9964E-05 9.9964E-05 0.0851045
0.597817 0.100801 9.9973E-05 0.145001 9.9973E-05 0.156081 9.9973E-05
0.030401 0.81377 0.0239348 9.9982E-05 0.107849 0.0238453 9.9982E-05
9.9982E-05 0.516048 0.0288435 9.9982E-05 0.294958 0.149909 0.0100424
0.142547 0.232969 9.9982E-05 9.9982E-05 0.126427 0.099169 0.398688
0.0505515 0.046314 9.9982E-05 9.9982E-05 0.159176 0.320727 0.423031
9.995E-05 9.995E-05 9.995E-05 9.995E-05 0.9994 9.995E-05 9.995E-05
9.9991E-05 0.0191724 0.00913908 0.034218 0.319521 0.0467641 0.571086
9.995E-05 9.995E-05 9.995E-05 9.995E-05 0.9994 9.995E-05 9.995E-05
0.0340825 9.9982E-05 0.0068294 9.9982E-05 0.365742 0.182082 0.411065
0.072351 9.9991E-05 0.0197165 0.0478424 0.518271 0.0180218 0.323697
9.9982E-05 0.117864 0.0594444 0.0191032 0.255913 9.9982E-05 0.547475
0.0731269 0.625805 9.9973E-05 9.9973E-05 0.272278 0.0284905 9.9973E-05
0.09884 0.602382 0.0459413 0.0064928 0.246144 9.9982E-05 9.9982E-05
0.199301 0.755065 0.0250798 9.9982E-05 9.9982E-05 0.0115981 0.0087554
0.192787 0.806714 9.99551E-05 9.99551E-05 9.99551E-05 9.99551E-05 9.99551E-05
0.15738 0.830744 9.9964E-05 9.9964E-05 9.9964E-05 9.9964E-05 0.0114757
0.279747 0.582571 9.9982E-05 0.00384123 0.0667419 0.0668983 9.9982E-05
0.0193357 0.0209876 0.00200981 9.9982E-05 0.255724 0.701743 9.9982E-05
0.0610443 9.9982E-05 9.9982E-05 0.0443756 0.0969298 0.782278 0.0151723
9.9973E-05 9.9973E-05 0.0578615 0.0031205 0.0424803 0.896238 9.9973E-05
0.0613589 0.0930323 9.9982E-05 0.0540091 0.215822 0.575578 9.9982E-05
9.9982E-05 0.199419 0.022693 0.021187 0.244747 0.511754 9.9982E-05
9.9982E-05 9.9982E-05 0.108592 0.0165678 0.786776 0.0482561 0.0396087
0.205463 9.9973E-05 9.9973E-05 0.686652 0.0400667 9.9973E-05 0.067518
0.0177028 0.0703623 0.0255662 0.758713 9.9982E-05 9.9982E-05 0.127455
0.107586 9.9964E-05 9.9964E-05 0.734927 0.157087 9.9964E-05 9.9964E-05
0.109849 0.0964261 9.9982E-05 0.656883 9.9982E-05 0.0305621 0.10608
9.9973E-05 0.0831078 0.0142364 0.734249 0.168106 9.9973E-05 9.9973E-05
0.0712821 0.102987 0.0286161 0.0947787 9.9991E-05 0.395992 0.306244
0.0533793 0.156473 0.0272958 9.9991E-05 0.160283 0.458898 0.143571
9.9973E-05 0.218394 0.0548301 9.9973E-05 0.131927 0.594549 9.9973E-05
0.114831 0.294806 0.0487317 9.9982E-05 9.9982E-05 0.355345 0.186087
