0.0746327 0.124926 0.0688686 0.637035 0.080344 9.9991E-05 0.0140935
0.053582 0.423434 0.0126 0.458439 0.0331835 9.9991E-05 0.0186611
0.0470473 9.9982E-05 9.9982E-05 0.778163 0.136305 0.0208907 0.0173945
0.176623 0.0706666 9.9982E-05 0.714573 9.9982E-05 0.026094 0.0118438
9.9973E-05 0.0840257 0.0885275 0.821805 9.9973E-05 9.9973E-05 0.00534139
9.9964E-05 0.227374 0.0767374 0.695489 9.9964E-05 9.9964E-05 9.9964E-05
0.110241 0.412516 0.0630463 0.375647 0.0383487 9.9982E-05 9.9982E-05
0.202002 0.148771 9.9982E-05 0.596961 0.0111213 9.9982E-05 0.0409442
9.9991E-05 0.731328 0.0404723 0.0979329 0.0689083 0.0537183 0.0075401
0.235211 0.326309 9.9982E-05 0.223204 0.199484 9.9982E-05 0.015592
0.428903 0.352577 9.9982E-05 9.9982E-05 0.0425404 0.118764 0.0570162
0.113866 0.369321 9.9991E-05 0.296125 0.153964 0.0499471 0.0166767
0.711714 0.109713 0.0121593 9.9991E-05 0.0202572 0.091164 0.054893
0.0210451 0.71751 9.9973E-05 9.9973E-05 0.116452 0.144694 9.9973E-05
9.999E-05 0.434427 0.00569468 0.272242 0.117769 0.129854 0.0399131
0.177467 0.592561 9.9982E-05 0.178213 0.0382039 9.9982E-05 0.0133551
0.000259722 0.651475 0.0544674 0.181257 0.112341 9.9982E-05 9.9982E-05
9.9964E-05 0.559194 9.9964E-05 0.422096 9.9964E-05 9.9964E-05 0.0183101
0.0729641 0.255592 0.11914 9.9991E-05 0.436427 0.0615565 0.0542209
0.0795325 0.310561 0.0608062 9.9973E-05 0.5488 9.9973E-05 9.9973E-05
0.0108168 0.172745 9.9982E-05 0.0900493 0.707885 0.0183039 9.9982E-05
0.101059 9.9991E-05 0.0371562 0.0536322 0.795707 0.00906417 0.00328167
0.0459637 0.0694347 0.0610803 9.9982E-05 0.788969 9.9982E-05 0.0343523
9.9982E-05 0.112132 0.035661 0.0892241 0.70996 9.9982E-05 0.0528225
0.116672 0.105374 0.00703795 0.125309 0.645407 9.9982E-05 9.9982E-05
9.9973E-05 9.9973E-05 0.0315175 0.119321 0.832196 9.9973E-05 0.0166656
9.9973E-05 9.9973E-05 0.0158672 9.9973E-05 0.871364 0.0521588 0.0603105
9.9973E-05 0.140374 0.0690343 9.9973E-05 0.763638 9.9973E-05 0.0266535
9.9973E-05 9.9973E-05 0.0155122 0.0619746 0.888463 0.0337499 9.9973E-05
9.9964E-05 9.9964E-05 0.139332 0.0755848 0.784683 9.9964E-05 9.9964E-05
9.9973E-05 0.0524719 0.0804911 9.9973E-05 0.863177 9.9973E-05 0.00356019
9.9973E-05 0.132277 9.9973E-05 9.9973E-05 0.742538 0.0934208 0.0314638
9.9973E-05 0.1349 0.0225561 9.9973E-05 0.788386 9.9973E-05 0.0538587
0.285065 0.252751 9.9982E-05 0.301497 0.101732 9.9982E-05 0.0587553
0.0323112 0.194134 9.9982E-05 0.482946 0.215473 0.0749366 9.9982E-05
9.9973E-05 9.9973E-05 0.0539018 0.835125 0.0770758 0.033598 9.9973E-05
0.17421 9.9973E-05 9.9973E-05 0.788294 0.022813 9.9973E-05 0.0143836
0.175064 0.360423 9.9982E-05 0.212573 0.137809 0.113931 9.9982E-05
9.995E-05 9.995E-05 9.995E-05 9.995E-05 9.995E-05 9.995E-05 0.9994
0.248436 9.9964E-05 9.9964E-05 9.9964E-05 0.715869 9.9964E-05 0.0352949
9.9973E-05 0.174754 0.168283 0.547957 0.108706 9.9973E-05 9.9973E-05
0.129727 0.423815 9.9982E-05 0.379889 0.0630989 0.0032707 9.9982E-05
0.248743 0.26662 0.133271 0.117004 0.231325 0.00159856 0.00143932
0.610338 0.148915 0.0535404 9.9991E-05 0.0582734 0.0614473 0.0673859
0.801366 9.9982E-05 0.0969747 0.0559085 0.0361772 9.9982E-05 0.00937327
9.995E-05 9.995E-05 9.995E-05 9.995E-05 9.995E-05 9.995E-05 0.9994
0.174349 0.240757 9.9991E-05 0.246106 0.205289 0.0542805 0.079119
0.407558 0.278792 0.118469 0.104313 0.0906674 9.9982E-05 9.9982E-05
0.0666437 0.368499 9.9991E-05 0.073465 0.325299 0.134829 0.0311634
0.0290091 0.135709 0.561489 9.9982E-05 9.9982E-05 0.254008 0.0195846
0.139622 0.0687224 0.255772 9.9982E-05 9.9982E-05 0.519968 0.015716
9.9973E-05 0.0375043 0.388983 0.108135 9.9973E-05 0.465078 9.9973E-05
0.0845867 0.112911 0.168949 9.9982E-05 9.9982E-05 0.591539 0.0418145
9.9982E-05 0.0774084 0.135373 9.9982E-05 0.0307909 0.713183 0.0430451
9.9973E-05 0.10377 0.170787 9.9973E-05 0.0230855 0.702058 9.9973E-05
9.9955E-05 0.280203 9.9955E-05 9.9955E-05 9.9955E-05 0.719298 9.9955E-05
9.9973E-05 0.1544 0.461149 9.9973E-05 9.9973E-05 0.382571 0.00157992
9.995E-05 9.995E-05 0.9994 9.995E-05 9.995E-05 9.995E-05 9.995E-05
0.0165526 0.134529 0.0957719 9.9982E-05 9.9982E-05 0.698226 0.0547203
0.180979 0.0154697 0.323335 0.124308 9.9991E-05 0.329034 0.0267742
9.995E-05 9.995E-05 0.9994 9.995E-05 9.995E-05 9.995E-05 9.995E-05
0.201894 0.0633902 0.211101 0.0233008 9.9982E-05 0.500114 9.9982E-05
0.495411 0.0695437 0.149774 0.00285851 9.9991E-05 0.231654 0.0506596
0.00134966 0.0167331 9.9991E-05 0.158678 0.697123 0.0977338 0.028283
0.0698889 0.00151729 9.9991E-05 0.147388 0.72733 0.00461099 0.0491651
9.9973E-05 9.9973E-05 0.0353888 0.193078 0.76106 9.9973E-05 0.0101734
0.102122 0.11341 0.0474489 9.9982E-05 0.027478 0.709341 9.9982E-05
0.296988 9.9982E-05 0.0958726 0.0762333 9.9982E-05 0.455998 0.0747076
0.148948 0.0315673 0.200031 9.9991E-05 0.0411702 0.54826 0.0299233
0.22314 9.9982E-05 0.0677589 9.9982E-05 0.0194718 0.654389 0.0350397
0.0143395 9.9982E-05 9.9982E-05 0.0735271 0.00119512 0.882056 0.0286828
0.559664 0.255954 0.1234 9.9982E-05 9.9982E-05 0.0497454 0.0110364
0.590731 0.291518 0.0577439 9.9973E-05 9.9973E-05 0.0597074 9.9973E-05
0.719321 0.14244 0.11912 9.9973E-05 9.9973E-05 0.0188199 9.9973E-05
0.987403 9.9955E-05 9.9955E-05 9.9955E-05 9.9955E-05 9.9955E-05 0.0120968
0.828383 0.0414046 0.00548822 9.9982E-05 0.0696761 9.9982E-05 0.0548483
0.853947 0.0141304 0.10851 9.9973E-05 9.9973E-05 9.9973E-05 0.0231134
0.715539 9.9991E-05 0.00621326 0.131545 0.0760035 0.0514272 0.0191714
0.217813 0.129081 0.0510473 9.9973E-05 9.9973E-05 0.601759 9.9973E-05
0.186415 9.9982E-05 0.105611 0.193442 9.9982E-05 0.398842 0.11549
0.150167 9.9991E-05 0.265704 0.0119323 0.00808097 0.534124 0.0298918
0.0443491 0.027674 0.250767 9.9991E-05 0.0631684 0.558609 0.0553327
9.9973E-05 0.230446 9.9973E-05 0.000328739 9.9973E-05 0.75724 0.0116848
0.0968328 0.229465 9.9982E-05 9.9982E-05 0.595352 0.0571134 0.0210373
0.490874 9.9982E-05 0.123679 0.0799207 0.110347 0.19498 9.9982E-05
0.737755 0.0364768 0.0818956 0.0391357 9.9982E-05 0.104537 9.9982E-05
9.995E-05 9.995E-05 9.995E-05 9.995E-05 9.995E-05 9.995E-05 0.9994
0.059414 0.261039 0.0524044 0.500258 0.126684 9.9982E-05 9.9982E-05
9.9982E-05 0.391573 0.0322292 0.514056 0.0313583 9.9982E-05 0.0305839
0.0655646 0.597955 0.188488 0.103824 0.0261463 9.9991E-05 0.0179218
0.0847466 0.595791 0.0456981 9.9991E-05 0.146353 0.0869562 0.0403551
0.0677714 0.245161 0.0253371 0.597401 0.0469329 0.0172966 9.9991E-05
0.657263 9.9973E-05 0.297519 0.0338853 0.0110327 9.9973E-05 9.9973E-05
0.0816546 9.9982E-05 0.0468364 0.26477 0.559545 9.9982E-05 0.0469939
0.633345 0.0596286 9.9982E-05 0.0281218 9.9982E-05 0.226101 0.0526041
0.403067 0.0863869 9.9991E-05 0.173157 0.241238 0.0703881 0.0256629
9.9982E-05 0.587437 0.0131662 0.291291 0.106302 9.9982E-05 0.00160369
0.279389 0.0903437 9.9982E-05 0.576566 0.0369953 0.0165065 9.9982E-05
0.287701 0.293569 9.9973E-05 0.255408 0.163022 9.9973E-05 9.9973E-05
0.151487 0.719115 0.00511016 0.0646615 9.9982E-05 0.0594271 9.9982E-05
0.396712 9.9973E-05 9.9973E-05 0.596422 0.00275841 9.9973E-05 0.00380799
0.160043 0.788072 9.9982E-05 0.0307104 0.00496623 9.9982E-05 0.0160081
0.655686 9.9991E-05 0.0638348 0.0375271 0.0300844 0.201267 0.0115005
0.469646 0.0442442 0.115485 0.179388 0.0323363 0.108142 0.0507593
0.698236 0.016167 0.0238752 0.00221974 9.9991E-05 0.17453 0.0848727
0.564356 0.237741 9.9973E-05 9.9973E-05 0.196579 0.00102488 9.9973E-05
0.349378 0.362477 0.0541448 0.00180817 0.134671 0.0974214 9.9991E-05
9.9991E-05 0.303516 0.00856737 0.220077 0.39569 0.0688013 0.00324864
9.9982E-05 9.9982E-05 0.180586 0.163043 0.00974843 0.632649 0.0137734
0.238808 9.9982E-05 0.081267 9.9982E-05 0.0424785 0.61242 0.0248261
0.592796 9.9982E-05 0.119571 0.0913994 0.100093 0.0959404 9.9982E-05
0.333462 0.407084 0.223108 9.9982E-05 0.0339991 9.9982E-05 0.00214693
0.333157 9.9982E-05 0.221975 0.21375 0.178863 9.9982E-05 0.0520551
0.26821 9.9955E-05 9.9955E-05 9.9955E-05 0.731291 9.9955E-05 9.9955E-05
0.289481 9.9982E-05 0.0109167 9.9982E-05 0.0568952 0.60737 0.0351377
0.146448 0.0843076 0.239751 9.9982E-05 0.0257177 0.503576 9.9982E-05
0.27516 0.00487407 0.203137 0.135446 9.9982E-05 0.381183 9.9982E-05
0.0345943 0.0333926 0.0640791 0.406792 0.401683 9.9991E-05 0.0593591
9.9991E-05 0.0879195 0.0402209 0.634623 0.21775 0.0131815 0.00620569
0.205288 0.234285 0.0364288 0.450141 0.0278772 0.0192096 0.0267702
0.0468337 0.0648532 0.0259599 0.742244 0.0384887 0.0815207 9.9991E-05
9.9982E-05 0.177076 0.00459099 0.450427 0.362695 0.00501108 9.9982E-05
0.0122027 0.236297 0.0962836 0.506641 0.148376 9.9982E-05 9.9982E-05
0.0398416 0.190183 9.9982E-05 0.628003 0.105739 0.0360338 9.9982E-05
9.9973E-05 0.311341 0.00947075 0.602557 9.9973E-05 0.0763317 9.9973E-05
0.0934824 0.186455 9.9982E-05 0.343176 0.327837 0.0488506 9.9982E-05
9.9973E-05 0.927128 9.9973E-05 0.0268772 0.000559183 0.0451358 9.9973E-05
9.9973E-05 0.897459 0.0311397 9.9973E-05 0.0650398 9.9973E-05 0.00606183
0.0165537 0.954036 9.9973E-05 0.00565185 9.9973E-05 9.9973E-05 0.0234587
0.14938 0.293797 9.9991E-05 0.24363 0.200388 0.110846 0.00185917
9.9982E-05 0.792157 0.0251629 0.0954884 9.9982E-05 0.0352334 0.0517582
0.203537 0.617795 0.0259646 0.0110479 0.135491 9.9991E-05 0.00606538
0.0427383 0.312842 0.0741988 0.554321 0.0156999 9.9982E-05 9.9982E-05
0.120872 9.9964E-05 0.0380473 9.9964E-05 0.840681 9.9964E-05 9.9964E-05
0.0755938 9.9964E-05 9.9964E-05 0.120565 0.803441 9.9964E-05 9.9964E-05
9.9964E-05 0.155676 9.9964E-05 9.9964E-05 0.823733 9.9964E-05 0.0201912
9.9991E-05 0.114643 0.00159039 0.075916 0.69906 0.102307 0.00638333
0.0457465 9.9991E-05 0.0330083 0.109443 0.760181 0.0405914 0.0109291
0.133598 0.279279 0.0018418 0.506019 9.9982E-05 0.0790623 9.9982E-05
0.176638 9.9973E-05 9.9973E-05 0.716637 0.0832407 9.9973E-05 0.0231848
9.9964E-05 9.9964E-05 0.651006 0.00558446 9.9964E-05 0.34301 9.9964E-05
0.0504684 0.0597541 0.00636342 9.9991E-05 0.0588462 0.796706 0.0277618
9.9982E-05 0.0732032 0.138616 9.9982E-05 0.00566169 0.771792 0.0105266
0.301379 9.9982E-05 0.0823884 0.0165572 0.0225148 0.57696 9.9982E-05
9.9982E-05 0.0800597 0.102791 0.00532136 9.9982E-05 0.800784 0.010844
0.00263847 0.0205866 0.239834 9.9982E-05 0.125521 0.611221 9.9982E-05
0.097623 9.9973E-05 9.9973E-05 0.01844 9.9973E-05 0.879111 0.00452581
0.000776838 9.9982E-05 0.371009 0.0998043 0.0557352 0.472475 9.9982E-05
9.9973E-05 9.9973E-05 0.135892 0.00187254 0.0826433 0.779292 9.9973E-05
0.050679 9.9982E-05 0.298457 9.9982E-05 0.0618536 0.588484 0.000326894
0.16178 0.00937936 0.0319749 0.00230658 9.9991E-05 0.755677 0.0387814
9.9991E-05 0.0724997 0.0735073 0.0224295 0.058094 0.743391 0.0299783
9.9991E-05 0.0696557 0.0979648 0.0670849 0.0339587 0.720761 0.0104752
9.9982E-05 0.0188793 0.169979 9.9982E-05 0.050419 0.740918 0.0196045
0.117995 9.9991E-05 0.146537 0.0394 0.0010021 0.681304 0.0136619
9.9964E-05 9.9964E-05 9.9964E-05 0.066918 9.9964E-05 0.915573 0.0171091
0.0310284 9.9991E-05 0.0946022 0.016005 0.0598705 0.794302 0.00409206
0.705587 9.99728E-05 9.99728E-05 0.129111 9.99728E-05 0.164903 9.99728E-05
0.884943 0.114558 9.9955E-05 9.9955E-05 9.9955E-05 9.9955E-05 9.9955E-05
0.116813 9.9973E-05 0.0121042 0.0463535 9.9973E-05 0.82443 9.9973E-05
0.0716708 9.9982E-05 0.340015 0.219954 9.9982E-05 0.338981 0.0291783
9.995E-05 9.995E-05 0.9994 9.995E-05 9.995E-05 9.995E-05 9.995E-05
0.582471 0.0461045 0.24651 0.124615 9.9973E-05 9.9973E-05 9.9973E-05
0.115904 0.0135794 9.9973E-05 0.848132 9.9973E-05 9.9973E-05 0.0220846
9.9982E-05 0.020162 9.9982E-05 0.747303 0.223334 0.00321892 0.00578139
0.110004 0.0767253 0.0637628 0.362193 0.387115 9.9982E-05 9.9982E-05
0.15132 0.218736 9.9982E-05 0.0171125 0.594943 0.0176886 9.9982E-05
0.162718 0.0210941 9.9991E-05 0.0892754 0.696771 0.029553 0.000489359
0.0524217 0.0598077 0.0768653 0.0337274 0.776978 9.9982E-05 9.9982E-05
0.025633 0.0766764 9.9982E-05 0.19656 0.671151 9.9982E-05 0.0297794
0.062061 0.228142 0.0571577 9.9982E-05 0.650145 9.9982E-05 0.00229521
0.113261 0.0595543 0.0305281 9.9991E-05 0.701852 0.0671118 0.0275934
9.9982E-05 0.147978 9.9982E-05 0.00508502 0.704095 0.114632 0.0280098
0.0260506 0.0215757 9.9991E-05 0.880412 0.0200185 0.0448394 0.00700341
0.113178 9.9982E-05 0.021889 0.791769 9.9982E-05 0.0126988 0.0602649
0.129423 9.9973E-05 0.107078 0.722007 9.9973E-05 9.9973E-05 0.0411914
0.275556 9.99641E-05 9.99641E-05 0.713469 9.99641E-05 0.0105744 9.99641E-05
0.168923 0.0962177 0.0445405 0.66597 9.9982E-05 9.9982E-05 0.0241483
0.306525 0.0160834 0.0214566 0.603071 0.052664 9.9982E-05 9.9982E-05
0.119113 0.631374 0.0509784 0.0870383 0.10686 9.9991E-05 0.00453576
9.9973E-05 0.842152 0.132757 9.9973E-05 0.0162067 0.00858377 9.9973E-05
0.0611227 0.850418 9.9973E-05 9.9973E-05 9.9973E-05 0.060265 0.0278946
0.136243 0.615456 9.9991E-05 0.109397 0.0511942 0.0651856 0.0224243
9.9982E-05 0.786536 9.9982E-05 0.0476728 0.0161688 0.127699 0.0217237
9.9982E-05 0.177554 0.0114503 9.9982E-05 0.579467 0.102463 0.128865
0.15719 0.00941499 0.535124 9.9982E-05 0.0221273 0.275944 9.9982E-05
0.0456311 0.0136521 0.0744587 0.0343326 0.0744534 0.710733 0.0467392
0.0650233 0.0292619 0.0721829 9.9982E-05 0.024102 0.80923 9.9982E-05
0.143487 0.11828 9.9973E-05 9.9973E-05 9.9973E-05 0.730656 0.0072771
0.00935121 9.9991E-05 0.065852 0.0656491 0.0809163 0.766016 0.012115
0.0677855 0.456562 0.152986 0.0910308 0.171624 0.0313559 0.0286557
0.0419567 0.437817 9.9991E-05 0.275826 0.208824 0.0129166 0.0225591
9.9982E-05 0.727761 0.0196336 0.18676 0.0076107 9.9982E-05 0.058034
0.161703 0.247564 9.9982E-05 0.274614 0.261103 9.9982E-05 0.0548166
