0.83359 0.160905 0.00550525
0.916162 0.0837377 9.9991E-05
0.769906 0.194811 0.0352828
0.947657 0.0164224 0.0359208
0.99288 9.9991E-05 0.00701984
0.939384 9.9991E-05 0.060516
0.890045 0.0532991 0.0566556
0.976128 0.0237722 9.9991E-05
0.727975 0.204023 0.068002
0.669764 0.283817 0.0464196
0.514947 0.240452 0.244601
0.660999 0.297989 0.0410119
0.586888 0.0696132 0.343499
0.627713 0.277147 0.0951407
0.705219 0.244791 0.0499909
0.877074 0.122826 9.9991E-05
0.696734 0.299147 0.00411911
0.882702 0.117198 9.9991E-05
0.143598 0.662947 0.193455
0.22033 0.77957 9.9991E-05
0.208497 0.791403 9.9991E-05
0.0684664 0.875709 0.0558247
9.999E-05 0.9998 9.999E-05
0.16695 0.812569 0.0204811
0.316228 0.683672 9.9991E-05
9.999E-05 0.9998 9.999E-05
9.9991E-05 0.913068 0.0868323
9.9991E-05 0.938507 0.0613929
9.9991E-05 0.998996 0.000903904
0.0407424 0.880521 0.0787362
9.9991E-05 0.917962 0.0819385
0.0608509 0.875121 0.0640283
0.0551757 0.92881 0.0160142
0.681336 0.262209 0.0564544
0.730127 0.269773 9.9991E-05
0.794701 0.136759 0.0685396
0.884616 0.0841735 0.0312107
0.724854 0.15289 0.122256
9.9991E-05 0.622323 0.377577
0.0146925 0.896818 0.0884898
0.732548 0.20757 0.0598819
0.798216 0.201684 9.9991E-05
0.463754 0.338817 0.19743
0.471217 0.183629 0.345154
0.605149 0.086832 0.308019
9.9991E-05 0.600165 0.399735
0.553885 0.322124 0.123991
0.619314 0.151125 0.229561
0.516819 0.344903 0.138279
0.0462359 0.0899922 0.863772
0.0125473 0.0754079 0.912045
0.137797 9.9991E-05 0.862103
0.150938 9.9991E-05 0.848962
9.9991E-05 0.0896172 0.910283
9.9991E-05 0.0766751 0.923225
0.176138 0.00957532 0.814286
9.9991E-05 0.0998183 0.900082
9.9991E-05 0.0794023 0.920498
0.0837325 9.9991E-05 0.916168
0.209652 9.9991E-05 0.790248
9.9991E-05 0.0979032 0.901997
0.125089 0.0654982 0.809413
0.359917 0.0667622 0.573321
0.119262 0.843058 0.0376801
0.161722 0.837243 0.00103468
0.089327 0.910573 9.9991E-05
0.145189 0.0572577 0.797553
0.230113 0.0476478 0.72224
0.0853019 0.10376 0.810938
0.0425914 0.0926765 0.864732
0.0844996 0.0282709 0.887229
0.66947 9.9991E-05 0.33043
0.670142 0.0168542 0.313003
0.573512 0.0452737 0.381214
0.581425 0.0682326 0.350343
0.59305 0.120409 0.286541
0.53385 0.127768 0.338383
0.539099 0.171408 0.289493
0.212837 9.9991E-05 0.787063
0.281074 0.0671933 0.651732
0.0552071 0.0988521 0.845941
9.9991E-05 0.111705 0.888195
0.190137 9.9991E-05 0.809763
0.129019 0.799403 0.0715786
0.431166 0.113247 0.455587
0.577791 9.9991E-05 0.422109
9.9991E-05 0.612075 0.387825
0.810373 0.189527 9.9991E-05
0.783456 0.216444 9.9991E-05
0.718884 0.246883 0.0342331
0.55036 0.323494 0.126146
0.864018 0.0740203 0.061962
0.539382 9.9991E-05 0.460518
0.172953 0.752599 0.0744478
0.549286 9.9991E-05 0.450614
0.486259 0.360406 0.153334
0.757214 0.242686 9.9991E-05
0.894097 0.097578 0.00832516
0.841747 0.156322 0.00193115
0.795436 0.0935145 0.111049
0.902683 0.076564 0.0207528
0.832355 0.167545 9.9991E-05
0.501815 0.0412615 0.456924
0.438064 0.165221 0.396715
0.453279 0.0787474 0.467973
0.564237 0.297579 0.138184
0.589035 0.141571 0.269394
0.519793 0.437258 0.0429493
0.122721 0.0152228 0.862056
0.0971458 0.0606821 0.842172
0.403131 0.193112 0.403757
0.518093 0.13888 0.343027
0.351168 0.330944 0.317888
0.116969 0.856165 0.0268666
0.0452041 0.161828 0.792968
0.186119 0.00651404 0.807367
0.37372 9.9991E-05 0.62618
0.35483 0.571721 0.0734497
0.677053 0.322847 9.9991E-05
0.862969 0.0672889 0.069742
0.845089 0.0967901 0.0581213
0.595173 0.404727 9.9991E-05
0.787065 0.212835 9.9991E-05
0.880965 0.118935 9.9991E-05
0.980146 9.9991E-05 0.0197537
0.579777 0.412935 0.00728778
0.867907 0.131994 9.9991E-05
0.738396 0.261504 9.9991E-05
0.840392 0.159508 9.9991E-05
0.648445 0.24703 0.104525
0.914109 0.0271023 0.058789
0.677656 0.283685 0.0386585
0.843525 0.117689 0.0387861
0.0606029 0.908593 0.0308038
0.0304739 0.969426 9.9991E-05
9.999E-05 0.9998 9.999E-05
0.0803866 0.841988 0.0776258
0.0302972 0.899124 0.0705793
0.859113 0.00691695 0.13397
0.797829 0.202071 9.9991E-05
9.999E-05 9.999E-05 0.9998
9.9991E-05 0.159915 0.839985
0.0507715 0.00528702 0.943941
0.141076 0.0916032 0.76732
0.0452069 9.9991E-05 0.954693
9.9991E-05 0.128684 0.871216
0.057712 9.9991E-05 0.942188
9.9991E-05 0.062086 0.937814
9.9991E-05 0.0989995 0.900901
9.9991E-05 0.0773419 0.922558
0.0684282 9.9991E-05 0.931472
0.141945 0.0122022 0.845852
0.0664327 0.0774286 0.856139
9.9991E-05 0.0797229 0.920177
0.0450235 0.0221762 0.9328
0.0369665 9.9991E-05 0.962934
9.9991E-05 0.0690546 0.930845
0.496869 0.0981311 0.405
0.727207 0.028485 0.244308
0.0567431 9.9991E-05 0.943157
0.183997 0.0516121 0.76439
9.9991E-05 0.0190209 0.980879
0.643936 9.9991E-05 0.355964
0.9998 9.999E-05 9.999E-05
0.717074 0.282826 9.9991E-05
0.473843 0.453085 0.0730719
0.344383 0.655517 9.9991E-05
0.102873 0.87192 0.0252065
0.0687858 0.886396 0.0448185
0.140872 0.859028 9.9991E-05
0.108699 0.875013 0.0162879
0.0562915 0.81638 0.127329
0.0323591 0.916956 0.0506845
0.844771 0.114426 0.0408033
0.817555 0.0694758 0.112969
0.96903 9.9991E-05 0.0308699
0.972917 9.9991E-05 0.0269826
0.998499 9.9991E-05 0.00140104
0.912082 9.9991E-05 0.087818
0.712619 0.266411 0.02097
0.686478 0.190363 0.123159
0.838511 0.137614 0.0238746
0.669521 0.236346 0.0941323
0.68771 0.241374 0.0709163
9.9991E-05 0.850548 0.149352
0.126758 0.0375627 0.835679
9.9991E-05 0.0819225 0.917978
0.0258333 0.0361477 0.938019
0.208605 9.9991E-05 0.791295
0.0407622 0.105969 0.853269
0.520026 0.333237 0.146736
0.716843 0.271781 0.0113759
0.790431 0.194327 0.0152417
0.617844 0.369548 0.0126077
