0.000847824 9.9991E-05 0.114398 0.129658 0.00789869 0.747097
9.999E-05 0.272382 0.0762125 0.0564428 0.0240895 0.570773
9.9982E-05 9.9982E-05 0.181225 0.0947343 0.03198 0.691861
9.999E-05 0.0630759 0.0382972 0.111896 0.00893695 0.777694
0.025963 0.165167 9.9982E-05 9.9982E-05 0.000693872 0.807976
0.0602025 0.222576 9.9991E-05 0.05375 0.00379382 0.659578
9.9982E-05 0.290236 0.0155229 0.174831 9.9982E-05 0.51921
9.9991E-05 0.167375 0.0318722 0.0500081 0.0371705 0.713474
0.0734186 0.694995 0.0427265 9.9991E-05 0.0133131 0.175447
9.999E-05 0.272459 0.189115 0.171495 0.0356725 0.331158
0.0717859 0.433707 0.0213377 0.413522 0.0527608 0.00688622
0.0381592 0.354044 0.163969 0.147781 0.0323413 0.263706
0.011524 0.181032 0.0164334 0.749528 0.0413821 9.9991E-05
0.0529654 0.76032 0.101146 0.0853679 9.9982E-05 9.9982E-05
0.0513483 0.390031 0.138598 9.9991E-05 0.0294107 0.390511
9.9982E-05 0.521962 0.0370179 0.173798 9.9982E-05 0.267021
9.9973E-05 0.531432 0.126363 9.9973E-05 9.9973E-05 0.341905
9.9982E-05 0.505622 0.0403978 9.9982E-05 0.0420742 0.411706
0.137052 0.179717 0.507869 0.109544 0.0657177 9.9991E-05
9.9973E-05 0.325515 0.574918 0.0992663 9.9973E-05 9.9973E-05
0.00056283 0.135171 0.677725 0.0386346 0.00689743 0.141009
0.0287319 0.035146 0.760282 0.122832 9.9991E-05 0.0529081
9.9973E-05 9.9973E-05 0.922304 0.0229832 0.054413 9.9973E-05
0.0075944 0.228571 0.721612 9.9991E-05 0.0337847 0.00833868
9.9982E-05 0.0893157 0.605503 0.130584 9.9982E-05 0.174398
9.9982E-05 9.9982E-05 0.883576 0.0256132 0.0162172 0.0743938
0.117161 9.9982E-05 0.83914 0.00137813 0.0421202 9.9982E-05
0.0404299 0.136095 0.803703 9.9982E-05 0.0195723 9.9982E-05
0.0159504 9.9982E-05 0.88076 9.9982E-05 0.000208982 0.102881
0.0492066 9.9982E-05 0.848046 0.0506722 9.9982E-05 0.0518756
0.0284624 0.155386 0.802919 9.9982E-05 0.013032 9.9982E-05
0.0277317 0.208203 0.728192 9.9982E-05 0.0356731 9.9982E-05
0.0118524 0.0460494 0.801451 0.0185335 0.0670791 0.0550343
9.999E-05 0.221142 0.17749 0.231614 0.0729572 0.296697
0.053546 0.148456 0.28411 9.9991E-05 0.0124552 0.501333
0.0933265 0.0167022 0.140906 0.0361335 9.9991E-05 0.712832
9.9982E-05 9.9982E-05 0.0459035 0.198776 0.0302271 0.724894
0.0915422 0.338015 0.127685 0.197928 0.00669865 0.238132
9.996E-05 9.996E-05 9.996E-05 9.996E-05 0.9995 9.996E-05
9.9973E-05 9.9973E-05 0.712084 0.25409 0.0335258 9.9973E-05
0.104078 9.9982E-05 0.194439 9.9982E-05 0.0119546 0.689329
9.9982E-05 0.459489 0.0948015 0.112627 9.9982E-05 0.332882
0.0788811 0.254516 0.24214 0.262156 0.0282239 0.134083
0.120028 0.231226 0.0812418 0.535357 0.0320471 9.9991E-05
9.9982E-05 9.9982E-05 0.0417061 0.85525 0.018203 0.0846413
9.996E-05 9.996E-05 9.996E-05 9.996E-05 0.9995 9.996E-05
9.9991E-05 0.295627 0.170046 0.237448 0.0635505 0.233228
0.122964 0.315032 0.0995189 0.307672 9.9991E-05 0.154713
0.117185 0.285879 0.282747 0.0715625 0.032417 0.210208
0.655449 0.0559481 9.9982E-05 0.26526 0.0231437 9.9982E-05
0.707794 0.111312 0.000682488 0.137031 0.0430799 9.9991E-05
0.739826 0.146654 0.0212716 9.9982E-05 9.9982E-05 0.0920491
0.628613 0.123715 9.9982E-05 0.187055 0.0604162 9.9982E-05
0.783028 0.093648 0.0643402 9.9982E-05 0.0587835 9.9982E-05
0.830961 0.0989831 0.0697557 9.9973E-05 9.9973E-05 9.9973E-05
0.675325 0.324275 9.9964E-05 9.9964E-05 9.9964E-05 9.9964E-05
0.747235 0.159761 9.9982E-05 0.0759961 0.0168081 9.9982E-05
0.774931 9.9982E-05 0.0966283 0.082439 0.0458014 9.9982E-05
0.756729 0.171127 9.9982E-05 0.0363031 0.0356413 9.9982E-05
0.551889 0.0777698 9.9991E-05 0.316441 0.00693432 0.0468666
0.760068 9.9982E-05 0.143156 0.0911493 0.00542623 9.9982E-05
0.643507 0.106276 0.0775993 0.143862 0.00588026 0.0228765
0.269377 0.118368 9.9982E-05 0.552613 0.0594421 9.9982E-05
0.0311422 0.183069 0.706851 9.9991E-05 0.0190139 0.0598237
9.9991E-05 0.0260804 0.723283 0.0833266 0.0219039 0.145306
9.9973E-05 9.9973E-05 0.781371 9.9973E-05 0.0186786 0.199651
0.681787 0.0956825 9.9982E-05 0.131449 9.9982E-05 0.0908814
0.442065 9.9982E-05 9.9982E-05 0.326386 0.0826323 0.148717
0.707701 0.110158 0.0378667 0.105289 0.0143437 0.0246412
0.649654 9.9982E-05 0.028793 0.293091 0.0282618 9.9982E-05
0.831255 9.9982E-05 0.0319374 9.9982E-05 0.0345382 0.10207
0.0838796 0.110945 9.9991E-05 0.65903 0.00149662 0.144549
9.9964E-05 0.285664 9.9964E-05 0.713936 9.9964E-05 9.9964E-05
0.0827717 0.17393 9.9982E-05 0.737255 9.9982E-05 0.00584331
9.9973E-05 9.9973E-05 9.9973E-05 0.962042 0.0247448 0.0129133
9.9991E-05 0.0572757 0.0919092 0.824279 0.00930005 0.0171357
9.9973E-05 0.0458259 9.9973E-05 0.937942 0.0159327 9.9973E-05
0.0512532 0.104193 0.0464527 0.571619 0.0137246 0.212758
0.653903 0.269995 9.9973E-05 0.0758015 9.9973E-05 9.9973E-05
0.39899 9.9991E-05 0.0182905 0.339801 0.115656 0.127162
0.686532 9.9982E-05 0.0767809 0.212702 0.0237848 9.9982E-05
0.722333 0.0618308 0.0892072 0.0885066 0.038022 9.9991E-05
0.690285 0.268316 9.9982E-05 0.0138757 0.0273234 9.9982E-05
0.0104454 0.140948 0.628309 0.193908 0.0262897 9.9991E-05
0.257629 0.090609 0.159965 0.437707 9.9991E-05 0.0539905
0.0869148 0.0662413 9.9973E-05 0.846544 9.9973E-05 9.9973E-05
9.996E-05 9.996E-05 9.996E-05 9.996E-05 0.9995 9.996E-05
9.9982E-05 0.288227 0.149893 0.0608119 9.9982E-05 0.500868
9.9991E-05 0.205231 0.0704387 0.022182 0.0363403 0.665708
9.9991E-05 0.475407 0.0907732 0.22331 0.0170704 0.193339
0.0823384 0.627057 0.145921 0.0833783 0.061205 9.9991E-05
0.0658689 0.259323 0.0344552 0.000874341 9.9991E-05 0.639378
0.152224 0.0327077 0.0391915 0.763053 9.9991E-05 0.0127241
9.9991E-05 0.0629255 0.518209 0.236841 0.0435266 0.138398
0.125728 9.9982E-05 9.9982E-05 0.691286 0.0642128 0.118573
9.9991E-05 0.0911054 0.278745 0.414164 0.0402684 0.175617
9.9973E-05 0.651976 0.103632 9.9973E-05 9.9973E-05 0.244092
9.9982E-05 0.207032 0.0339508 0.195838 9.9982E-05 0.562979
9.9982E-05 0.323072 0.117939 0.153141 9.9982E-05 0.405649
0.0545579 0.865376 9.9982E-05 0.0700617 0.00980449 9.9982E-05
9.9973E-05 9.9973E-05 0.0418773 0.363119 9.9973E-05 0.594704
9.9973E-05 0.768269 9.9973E-05 0.0681772 9.9973E-05 0.163254
0.200757 9.9991E-05 0.00474869 0.653578 0.033887 0.10693
0.117616 0.0958093 0.0583238 0.614818 0.0400659 0.073367
0.147273 0.144157 0.000427128 0.626464 0.0815784 9.9991E-05
9.9982E-05 0.327486 0.153527 0.497651 0.0211357 9.9982E-05
0.0733798 0.378545 0.169056 0.360957 9.9991E-05 0.0179622
0.078326 0.21962 0.42077 9.9982E-05 9.9982E-05 0.281084
0.731699 0.0208264 9.9982E-05 9.9982E-05 0.0128962 0.234378
0.652313 9.9982E-05 9.9982E-05 0.235375 0.0419789 0.0701324
0.145839 9.9982E-05 0.142361 0.551648 9.9982E-05 0.159952
0.158224 0.264166 0.0738067 0.469353 0.0343499 9.9991E-05
0.117743 9.9991E-05 0.246775 0.438863 0.0478267 0.148692
9.9982E-05 0.0189661 0.719314 0.257311 9.9982E-05 0.00420855
0.583242 9.9982E-05 0.0509126 0.340808 0.0248371 9.9982E-05
0.67205 0.152518 0.010055 0.165177 9.9982E-05 9.9982E-05
0.412901 9.9973E-05 9.9973E-05 0.349384 9.9973E-05 0.237415
0.0202926 0.0543875 0.413917 0.107205 0.0724855 0.331712
0.0526838 0.03895 0.190707 9.9982E-05 9.9982E-05 0.717459
9.9991E-05 0.158879 0.0174724 0.151078 0.00858606 0.663884
0.125874 0.0758998 0.0113962 9.9982E-05 9.9982E-05 0.78663
9.9982E-05 0.308602 0.392457 0.0112814 9.9982E-05 0.28746
9.9991E-05 0.292806 0.124891 0.061715 0.0223591 0.498128
0.021966 9.9982E-05 0.0676022 0.0143129 9.9982E-05 0.895919
0.0572089 0.17861 9.9982E-05 9.9982E-05 0.0111104 0.752871
0.0159249 0.325381 0.312547 0.0792802 9.9991E-05 0.266767
0.00278001 0.901853 0.0399668 9.9982E-05 9.9982E-05 0.0552
9.9973E-05 0.925711 0.0437038 9.9973E-05 0.0302851 9.9973E-05
9.9991E-05 0.805376 0.0746844 0.0607589 0.0365381 0.0225426
0.0759564 0.237461 0.186835 0.134072 9.9991E-05 0.365576
0.0358257 0.93634 9.9973E-05 9.9973E-05 0.0275348 9.9973E-05
9.9982E-05 0.67035 0.123813 0.202368 0.0032687 9.9982E-05
9.9991E-05 0.236835 0.0291114 0.0612612 0.00207838 0.670614
9.9973E-05 9.9973E-05 0.842127 0.147372 9.9973E-05 0.0102012
9.9973E-05 9.9973E-05 0.824942 0.0385549 9.9973E-05 0.136203
9.9973E-05 0.171435 0.783626 9.9973E-05 0.0446389 9.9973E-05
0.0642265 0.271328 0.664146 9.9973E-05 9.9973E-05 9.9973E-05
0.0438615 9.9991E-05 0.76263 0.0477345 0.0112653 0.134409
0.0533521 0.197581 9.9982E-05 0.238478 9.9982E-05 0.510389
9.9982E-05 9.9982E-05 0.142048 0.182416 0.0285846 0.646751
0.862076 9.9964E-05 9.9964E-05 0.137524 9.9964E-05 9.9964E-05
0.785733 0.148166 0.0135856 9.9982E-05 0.0523155 9.9982E-05
0.820034 0.0646912 0.00576513 9.9991E-05 0.00984325 0.0995666
0.568988 9.9982E-05 0.0679035 0.286385 9.9982E-05 0.0765232
0.805632 0.104966 9.9991E-05 0.043146 0.0258051 0.0203509
0.765885 0.0364696 0.163771 0.0211021 0.0126722 9.9991E-05
0.834365 0.00932664 9.9991E-05 0.0117932 0.034112 0.110303
0.750551 9.9991E-05 0.0367995 0.155722 0.0141971 0.0426299
0.81836 0.00950795 0.0797841 0.021535 9.9991E-05 0.0707134
0.800213 9.9982E-05 0.150902 0.0161808 9.9982E-05 0.0325043
0.720425 0.0531357 9.9991E-05 0.194111 0.0291879 0.00304017
0.79411 0.0694432 0.0151064 9.9991E-05 0.0290692 0.0921709
0.770552 0.0330863 0.0288968 9.9991E-05 0.0137198 0.153645
0.794973 9.9982E-05 0.126173 9.9982E-05 0.0403984 0.0382552
0.706154 9.9982E-05 9.9982E-05 0.253084 0.00430822 0.0362542
0.848383 9.9973E-05 9.9973E-05 9.9973E-05 0.0195711 0.131746
0.799226 9.9991E-05 0.0662047 0.0122824 0.038051 0.0841358
0.12394 0.0535235 0.0502332 0.693095 9.9991E-05 0.0791085
9.9973E-05 0.108474 9.9973E-05 0.786268 9.9973E-05 0.104958
0.841913 9.9973E-05 9.9973E-05 0.0319015 9.9973E-05 0.125885
0.665153 0.101562 0.0653898 9.9991E-05 0.0162394 0.151556
0.75683 9.9973E-05 0.0572221 0.185648 9.9973E-05 9.9973E-05
0.0720528 0.148413 9.9982E-05 0.70784 9.9982E-05 0.0714945
0.00595419 0.0871323 9.9991E-05 0.00991776 0.0145116 0.882384
9.9982E-05 0.0225782 0.162374 9.9982E-05 0.039989 0.774859
9.9982E-05 0.00719624 0.412109 0.184028 9.9982E-05 0.396467
9.9982E-05 0.281153 0.525504 0.073876 9.9982E-05 0.119267
0.00707622 0.153568 0.689521 0.140793 0.00894258 9.9991E-05
0.0267545 0.092973 0.795993 0.0599549 9.9991E-05 0.0242251
9.9991E-05 0.171387 0.648686 0.0864032 0.000208234 0.093215
0.0137224 0.189916 0.717867 0.0553621 0.0230321 9.9991E-05
0.0491219 0.048081 0.648624 0.167603 0.0290691 0.0575009
0.108895 0.0505131 0.769107 9.9991E-05 0.0421591 0.0292259
0.0243668 0.074814 0.0915693 0.00834441 0.0262976 0.774608
9.9982E-05 9.9982E-05 0.0361938 0.220764 0.0687001 0.674142
0.00457593 0.0318375 9.9991E-05 0.18105 0.05924 0.723196
9.99641E-05 9.99641E-05 9.99641E-05 0.185179 9.99641E-05 0.814422
9.9973E-05 9.9973E-05 9.9973E-05 0.10724 0.0373927 0.855067
0.0126812 0.0657632 9.9991E-05 0.22837 0.0147533 0.678333
9.9982E-05 0.564698 0.14507 0.190026 9.9982E-05 0.100007
0.0360112 0.792012 0.0812193 0.0870027 0.00365505 9.9991E-05
9.9982E-05 0.89224 0.0246089 0.0383292 0.0446216 9.9982E-05
0.0393574 0.755624 0.0665079 0.0905959 9.9991E-05 0.0478149
0.0416864 0.821733 0.0164036 9.9991E-05 0.0437452 0.0763319
0.124357 0.182505 0.554103 9.9991E-05 0.132848 0.00608654
0.692189 0.0506187 0.0252473 0.20996 0.0218857 9.9991E-05
0.751372 9.9982E-05 0.110946 0.0903291 0.047152 9.9982E-05
0.806315 0.133904 9.9973E-05 0.0594804 9.9973E-05 9.9973E-05
0.667128 0.136104 9.9991E-05 0.0982145 0.00641247 0.0920402
0.754725 9.9982E-05 0.0344355 9.9982E-05 0.00874314 0.201897
0.114732 0.515949 0.220102 0.040811 0.0388299 0.0695761
0.0280061 0.438154 0.242871 0.00685789 0.0341214 0.24999
9.9973E-05 0.830987 9.9973E-05 9.9973E-05 0.0640681 0.104645
9.9991E-05 0.361266 0.226045 0.0922226 0.0424672 0.277899
