0.149028 0.67457 9.9991E-05 0.163105 0.0131978
0.153894 0.699081 9.9991E-05 0.0990354 0.0478897
0.124732 0.601891 0.0224862 0.224409 0.0264819
0.244802 0.717503 9.9991E-05 0.0215553 0.0160403
9.9982E-05 0.893188 0.106158 9.9982E-05 0.000453572
0.106273 0.833819 0.0597085 9.9982E-05 9.9982E-05
0.1668 0.71439 0.0272192 0.0914913 9.9991E-05
0.178287 0.774383 9.9982E-05 9.9982E-05 0.04713
0.0308111 0.655055 0.0917078 0.212818 0.00960837
0.245085 0.516875 0.0144898 0.212356 0.0111935
0.489563 0.31705 0.0425117 0.0989571 0.051918
0.120501 0.519023 0.0477591 0.277682 0.0350351
0.821063 0.0487456 0.035779 0.0519151 0.0424977
0.141014 0.541218 0.0972787 0.22039 9.9991E-05
9.999E-05 0.747191 0.076018 0.123851 0.0528401
0.200634 0.718095 9.9991E-05 0.0709327 0.0102389
0.0209508 0.675201 0.0439564 0.259792 9.9991E-05
9.9982E-05 0.866699 9.9982E-05 0.0911843 0.0419171
0.291629 9.9991E-05 0.0978399 0.560124 0.0503065
0.228266 0.043879 9.9982E-05 0.727655 9.9982E-05
0.00805905 0.21955 0.0114551 0.749054 0.0118819
0.173135 9.9991E-05 0.000622875 0.825825 0.000317679
0.0271858 9.9991E-05 0.00696764 0.905282 0.0604645
9.999E-05 0.142449 0.0224134 0.795148 0.0398894
0.10607 0.21113 9.9982E-05 0.6826 9.9982E-05
0.0718306 0.0147105 9.9991E-05 0.903172 0.0101869
9.9982E-05 9.9982E-05 0.0682508 0.907213 0.0243359
0.0107757 9.9991E-05 0.0670029 0.891491 0.0306304
9.9973E-05 0.0660734 9.9973E-05 0.933627 9.9973E-05
9.9982E-05 0.0693091 0.0746707 0.85582 9.9982E-05
0.00382864 9.9982E-05 0.0691877 0.926784 9.9982E-05
9.9991E-05 0.0618462 0.0518117 0.873998 0.0122444
0.0485785 0.0556491 9.9991E-05 0.828644 0.0670282
0.262129 0.485828 9.9991E-05 0.178947 0.0729958
9.9982E-05 0.718761 0.0521185 0.228921 9.9982E-05
0.111855 0.693493 0.0531033 0.141449 9.9991E-05
0.25321 0.650516 0.00834946 0.0573004 0.0306234
0.258258 0.493049 0.0810375 0.167556 9.9991E-05
9.997E-05 9.997E-05 9.997E-05 9.997E-05 0.9996
0.288806 9.9982E-05 9.9982E-05 0.670998 0.0399962
9.9982E-05 0.681751 0.152183 0.165866 9.9982E-05
0.1652 0.642343 9.9991E-05 0.191414 0.000942383
0.307527 0.291341 0.0950425 0.300064 0.00602558
0.709284 0.102849 0.076771 0.0746502 0.0364463
0.915568 0.0339321 0.00211496 0.0371348 0.0112499
9.997E-05 9.997E-05 9.997E-05 9.997E-05 0.9996
0.254301 0.385967 0.0272021 0.252779 0.079751
0.464009 0.297331 0.12177 0.11679 9.9991E-05
0.129765 0.381954 0.111199 0.338183 0.0388996
0.184359 9.9991E-05 0.737223 0.0251884 0.0531289
0.144505 9.9991E-05 0.784049 0.0209291 0.0504172
9.9982E-05 0.165564 0.799567 0.0346688 9.9982E-05
0.188306 0.0536732 0.701426 0.00749537 0.0490991
9.9991E-05 0.0286244 0.84472 0.0788045 0.0477506
9.9982E-05 0.0598987 0.859599 0.080302 9.9982E-05
9.9973E-05 0.254168 0.745533 9.9973E-05 9.9973E-05
0.0823222 0.0159074 0.837617 0.0478055 0.0163474
0.0595216 9.9991E-05 0.812532 0.108709 0.0191377
0.0313187 0.163844 0.762107 9.9991E-05 0.04263
0.225511 0.155806 0.593672 9.9991E-05 0.0249113
0.1439 9.9982E-05 0.802123 0.0537766 9.9982E-05
0.155269 0.062568 0.692632 0.0894305 9.9991E-05
0.549451 0.0259336 0.348792 0.00222589 0.0735975
0.0746208 0.121872 0.0180987 0.760763 0.0246454
0.102276 0.102445 0.0152535 0.74786 0.0321652
9.9982E-05 0.159941 9.9982E-05 0.818458 0.0214009
0.136383 0.0640736 0.719448 0.0756732 0.00442232
0.45118 9.9982E-05 0.485575 9.9982E-05 0.063045
0.154434 0.032797 0.725511 0.0777331 0.00952405
0.278656 9.9982E-05 0.658396 9.9982E-05 0.0627478
9.9982E-05 0.141583 0.818477 9.9982E-05 0.0397401
0.614872 0.216563 0.149621 9.9991E-05 0.0188444
0.788528 0.140853 0.0533842 0.0171351 9.9991E-05
0.779455 0.100261 0.111301 9.9991E-05 0.00888319
0.979005 9.9973E-05 9.9973E-05 9.9973E-05 0.0206953
0.858817 9.9991E-05 0.00134063 0.110165 0.0295779
0.974745 9.9973E-05 9.9973E-05 9.9973E-05 0.024955
0.730674 0.168208 0.0227595 0.0614423 0.0169154
0.202544 0.102179 0.695076 9.9982E-05 9.9982E-05
0.34125 0.078615 0.467651 0.00261139 0.109872
0.186528 9.9991E-05 0.728238 0.0781134 0.00702044
0.122959 9.9991E-05 0.800522 0.022923 0.0534967
9.9982E-05 0.23098 0.72305 9.9982E-05 0.0457703
0.12617 0.0825304 0.0305722 0.746228 0.0144994
0.424691 0.193217 0.290705 0.0912865 9.9991E-05
0.895129 0.0132733 0.0913977 9.9982E-05 9.9982E-05
9.997E-05 9.997E-05 9.997E-05 9.997E-05 0.9996
0.245283 0.635956 9.9982E-05 0.118562 9.9982E-05
0.162019 0.705203 9.9991E-05 0.115683 0.0169943
0.236583 0.563267 9.9991E-05 0.168299 0.0317515
0.219435 0.37775 0.08755 0.265515 0.0497501
0.0746735 0.767342 0.0614498 0.0849636 0.0115707
0.856599 9.9982E-05 0.133806 0.00939545 9.9982E-05
0.276563 0.0915078 0.00397308 0.595623 0.0323327
0.698845 0.0454972 0.151252 9.9991E-05 0.104306
0.370312 0.227495 0.0671199 0.298273 0.0367996
0.111557 0.665995 9.9982E-05 0.222248 9.9982E-05
0.276424 0.648071 9.9982E-05 0.0753043 9.9982E-05
0.332591 0.530862 9.9982E-05 0.136347 9.9982E-05
0.322018 0.603488 0.0273016 0.0384237 0.0087685
0.405355 0.520536 9.9991E-05 0.0570124 0.0169965
0.247512 0.64873 9.9991E-05 0.0979657 0.00569238
0.762036 9.9982E-05 0.186212 9.9982E-05 0.0515521
0.591395 0.159524 0.157393 0.00283116 0.0888567
0.686975 0.0250188 0.18707 9.9991E-05 0.100836
0.645754 0.160982 9.9982E-05 0.193064 9.9982E-05
0.437593 0.252071 0.111684 0.198552 9.9991E-05
9.9982E-05 0.382119 0.0902893 0.527392 9.9982E-05
9.9982E-05 0.203901 0.770841 9.9982E-05 0.0250577
0.13375 0.100268 0.742304 9.9991E-05 0.0235784
0.707306 9.9991E-05 0.151687 0.138094 0.0028133
0.499382 0.188973 0.16693 0.106729 0.0379871
0.497816 0.0446879 0.138466 0.275683 0.0433467
0.289513 9.9973E-05 9.9973E-05 0.710187 9.9973E-05
0.287755 9.9991E-05 0.653388 0.0048504 0.0539066
0.272875 0.0461821 0.680743 9.9982E-05 9.9982E-05
0.390755 0.119528 0.489517 9.9982E-05 9.9982E-05
0.154393 0.26532 0.0290034 0.492117 0.0591672
9.9991E-05 0.650378 0.0518293 0.295177 0.00251613
0.152347 0.730509 0.0715827 0.0309622 0.0145992
0.0472177 0.746155 0.105776 0.0986089 0.00224247
0.0621454 0.506818 9.9982E-05 0.430837 9.9982E-05
0.127535 0.695717 0.0132804 0.161082 0.00238478
0.101518 0.763789 0.0344342 0.10016 9.9991E-05
9.9991E-05 0.898259 0.0807063 0.00153045 0.0194041
0.149303 0.481522 0.00877346 0.360302 9.9991E-05
0.0797003 0.760482 0.0123096 0.147408 9.9991E-05
0.141485 0.641097 9.9991E-05 0.180614 0.0367042
0.0989907 0.705847 9.9991E-05 0.171537 0.023525
0.0759788 0.520886 0.10224 0.293395 0.00750037
0.19367 0.718977 0.00949327 0.0326709 0.0451884
0.296474 0.41477 0.0171057 0.263084 0.00856604
0.0973496 0.817313 0.0335338 0.0517032 9.9991E-05
0.161468 9.9973E-05 9.9973E-05 0.838232 9.9973E-05
0.0317582 0.0169404 9.9982E-05 0.951101 9.9982E-05
9.9982E-05 0.0155219 9.9982E-05 0.939078 0.0452006
9.9982E-05 0.111319 0.0973324 0.791148 9.9982E-05
0.134466 9.9991E-05 0.045461 0.812682 0.00729091
0.135608 0.695238 0.150877 9.9991E-05 0.0181764
0.177741 0.66643 9.9991E-05 0.137509 0.0182195
0.0391763 9.9973E-05 0.960524 9.9973E-05 9.9973E-05
0.0206466 0.0683499 0.814407 0.0553524 0.0412446
9.9991E-05 0.0673526 0.861722 0.0492086 0.0216167
0.264961 0.0925749 0.623852 0.0185122 9.9991E-05
0.0384267 0.040486 0.881405 9.9991E-05 0.0395823
0.0629182 9.9991E-05 0.830498 0.0843401 0.0221436
0.0458907 0.083998 0.869911 9.9982E-05 9.9982E-05
0.0836449 9.9982E-05 0.83192 0.0842353 9.9982E-05
0.0427734 0.0198993 0.857794 0.0794329 9.9991E-05
0.0441405 9.9991E-05 0.834326 0.0965319 0.0249014
0.155555 0.0281738 0.774442 9.9991E-05 0.0417294
0.0195673 0.128006 0.77844 0.0482853 0.0257013
9.9991E-05 0.0894776 0.823697 0.0816732 0.00505239
9.9991E-05 0.037241 0.862491 0.0670588 0.0331088
0.149508 0.0326337 0.794812 9.9991E-05 0.022947
9.9982E-05 0.115924 0.870813 9.9982E-05 0.0130628
0.0438803 0.0328192 0.839861 0.0614942 0.0219448
0.779705 0.108758 0.104327 0.0071092 9.9991E-05
0.899259 0.0566007 9.9982E-05 0.0439405 9.9982E-05
0.111646 0.0517941 0.836359 9.9982E-05 9.9982E-05
0.0410169 0.226909 0.689047 9.9991E-05 0.0429267
0.196794 9.9973E-05 0.802906 9.9973E-05 9.9973E-05
0.747918 0.137204 0.114677 9.9982E-05 9.9982E-05
0.0721131 0.901155 0.011561 9.9991E-05 0.0150705
9.9982E-05 0.728195 9.9982E-05 0.237195 0.0344103
0.19246 0.32194 9.9982E-05 0.4854 9.9982E-05
0.116455 0.29422 9.9982E-05 0.589125 9.9982E-05
0.19728 9.9973E-05 9.9973E-05 0.80242 9.9973E-05
0.0179419 0.0324812 0.084948 0.864093 0.00053609
0.0799196 0.136613 9.9991E-05 0.766755 0.0166127
0.0815146 0.0985258 0.0235358 0.753552 0.0428716
0.22801 0.0068591 0.0419722 0.700308 0.0228508
9.9991E-05 0.0483567 0.0802385 0.793695 0.0776103
0.15569 0.750924 0.0110641 0.0754183 0.00690379
0.134918 0.684421 0.0822642 0.044247 0.0541499
0.132474 0.772688 0.038405 9.9991E-05 0.0563331
0.355352 0.637596 9.9982E-05 9.9982E-05 0.00685243
0.218486 0.781214 9.9973E-05 9.9973E-05 9.9973E-05
0.362376 0.592169 0.0206857 0.0246687 9.9991E-05
0.193166 0.626171 0.00488573 0.153177 0.0226005
0.13292 0.556834 0.101197 0.200281 0.00876695
0.207573 0.620625 9.9991E-05 0.117108 0.0545943
0.182113 0.536019 0.0230436 0.242565 0.0162589
0.14599 0.667169 0.03686 0.121579 0.0284015
0.0444743 0.0937574 0.0793806 0.647289 0.135098
0.199493 0.0696276 0.717123 9.9991E-05 0.0136568
0.0310821 9.9991E-05 0.799165 0.107701 0.0619512
0.167527 9.9991E-05 0.808933 0.00387854 0.0195613
0.0995716 0.117446 0.714504 0.0371651 0.0313139
9.9991E-05 0.0541053 0.810698 0.114613 0.0204831
0.284002 0.364861 0.0760376 0.254955 0.0201439
0.131208 0.506267 0.0305836 0.292328 0.0396139
0.00720176 0.821892 9.9991E-05 0.0676428 0.103164
0.290718 0.365822 9.9991E-05 0.270671 0.072689
