0.801099 0.171592 0.0273088
0.870226 0.129674 9.9991E-05
0.773167 0.213905 0.0129279
0.954105 0.0408485 0.00504623
0.950294 9.9991E-05 0.0496062
0.946165 0.0122844 0.041551
0.869476 0.0945601 0.0359635
0.98268 0.01722 9.9991E-05
0.716097 0.202233 0.0816707
0.684404 0.265866 0.0497303
0.617144 0.173699 0.209157
0.583313 0.323617 0.0930705
0.558004 0.0963734 0.345623
0.710523 0.187495 0.101981
0.679503 0.268245 0.0522519
0.821569 0.159539 0.0188927
0.789757 0.210143 9.9991E-05
0.872637 0.127263 9.9991E-05
0.168015 0.624568 0.207418
0.269613 0.728534 0.00185212
0.228513 0.771228 0.000259114
0.0852413 0.842537 0.0722217
9.9991E-05 0.979178 0.0207215
0.0472339 0.911033 0.0417332
0.289977 0.709923 9.9991E-05
0.0302489 0.969651 9.9991E-05
9.9991E-05 0.945474 0.0544259
9.9991E-05 0.93875 0.0611503
0.0191771 0.97456 0.00626323
0.0168838 0.909161 0.0739556
0.0250084 0.95312 0.0218718
0.0482635 0.907459 0.0442771
0.0487585 0.951142 9.9991E-05
0.726194 0.252836 0.0209701
0.745965 0.253935 9.9991E-05
0.787347 0.17017 0.0424826
0.842478 0.0975967 0.0599256
0.64869 0.184583 0.166727
9.9991E-05 0.644004 0.355896
0.0974784 0.842362 0.0601593
0.718021 0.200582 0.0813978
0.852548 0.147352 9.9991E-05
0.461569 0.353229 0.185203
0.490966 0.159676 0.349358
0.645107 0.0639356 0.290957
9.9991E-05 0.627052 0.372848
0.573368 0.321921 0.104711
0.623088 0.114818 0.262093
0.399083 0.458612 0.142306
0.0387288 0.0840159 0.877255
0.0764267 0.0261901 0.897383
0.132516 9.9991E-05 0.867384
0.122747 0.0188132 0.85844
9.9991E-05 0.104575 0.895325
9.9991E-05 0.0832047 0.916695
0.245852 9.9991E-05 0.754048
0.0207228 0.0522982 0.926979
9.9991E-05 0.101776 0.898124
0.110557 0.00665115 0.882792
0.262037 9.9991E-05 0.737863
9.9991E-05 0.0811155 0.918785
0.184907 0.0450055 0.770087
0.278407 0.161766 0.559827
0.142809 0.798784 0.0584063
0.135383 0.836075 0.0285417
0.0145325 0.985368 9.9991E-05
0.151399 0.051302 0.797298
0.230928 0.0225242 0.746547
0.0805175 0.103943 0.81554
0.0811746 0.0339139 0.884912
0.0145017 0.0478489 0.937649
0.659175 9.9991E-05 0.340725
0.640545 0.0343694 0.325086
0.615151 0.0345421 0.350307
0.573505 0.0649526 0.361542
0.553505 0.185807 0.260688
0.608766 0.0433146 0.347919
0.603258 0.10987 0.286872
0.250041 9.9991E-05 0.749859
0.231016 0.14697 0.622014
0.0230962 0.11302 0.863884
9.9991E-05 0.152665 0.847235
0.193535 9.9991E-05 0.806365
0.125179 0.779166 0.0956547
0.406954 0.117328 0.475717
0.575726 9.9991E-05 0.424174
9.9991E-05 0.630158 0.369742
0.763983 0.235917 9.9991E-05
0.83155 0.16835 9.9991E-05
0.766626 0.198243 0.0351311
0.591891 0.242013 0.166096
0.894877 0.0546977 0.0504256
0.552457 0.0198809 0.427662
0.281228 0.638512 0.0802599
0.482916 0.0577897 0.459294
0.495609 0.313364 0.191026
0.794277 0.205623 9.9991E-05
0.90962 0.0811943 0.00918589
0.882989 0.116911 9.9991E-05
0.834629 0.0301721 0.135199
0.888768 0.0717656 0.0394664
0.887599 0.112301 9.9991E-05
0.453316 0.102477 0.444207
0.481033 0.0794961 0.439471
0.4648 0.0501672 0.485032
0.64244 0.249216 0.108344
0.616657 0.158076 0.225267
0.472857 0.47776 0.0493822
0.155172 9.9991E-05 0.844728
0.111923 0.0420615 0.846016
0.44114 0.161211 0.397649
0.46265 0.200298 0.337052
0.363196 0.301979 0.334824
0.128272 0.833664 0.0380643
0.031146 0.147029 0.821825
0.199637 9.9991E-05 0.800263
0.359635 9.9991E-05 0.640265
0.379268 0.558346 0.0623866
0.667146 0.282197 0.0506572
0.940728 0.0277924 0.0314794
0.845238 0.0991406 0.0556211
0.651473 0.348427 9.9991E-05
0.834244 0.165656 9.9991E-05
0.894911 0.0717294 0.0333592
0.955335 0.0124489 0.0322158
0.567996 0.387886 0.0441177
0.844255 0.155645 9.9991E-05
0.808969 0.190931 9.9991E-05
0.826811 0.173089 9.9991E-05
0.628217 0.258239 0.113544
0.841521 0.0906296 0.0678497
0.687964 0.244233 0.067803
0.902538 0.0789979 0.0184637
0.0723409 0.927559 9.9991E-05
0.0676658 0.932234 9.9991E-05
9.999E-05 0.9998 9.999E-05
0.0767804 0.817054 0.106165
0.0923833 0.849827 0.05779
0.891529 9.9991E-05 0.108371
0.737899 0.262001 9.9991E-05
9.999E-05 9.999E-05 0.9998
0.0429498 0.0686599 0.88839
0.0637041 0.00863863 0.927657
0.20377 0.0334357 0.762794
0.0746543 9.9991E-05 0.925246
9.9991E-05 0.130323 0.869578
0.032363 9.9991E-05 0.967537
9.9991E-05 0.0868083 0.913092
9.9991E-05 0.0535398 0.94636
0.00354411 0.110001 0.886455
0.0875554 9.9991E-05 0.912345
0.0952674 0.0460076 0.858725
0.108848 0.0446433 0.846509
9.9991E-05 0.0709697 0.92893
0.0327597 0.0100328 0.957207
0.0433994 9.9991E-05 0.956501
9.9991E-05 0.115704 0.884196
0.592623 9.9991E-05 0.407277
0.70369 0.0568224 0.239488
0.0883315 9.9991E-05 0.911569
0.194281 0.0497863 0.755933
9.9991E-05 0.0241164 0.975784
0.625154 9.9991E-05 0.374746
0.9998 9.999E-05 9.999E-05
0.709382 0.290518 9.9991E-05
0.618304 0.373173 0.00852294
0.390667 0.609233 9.9991E-05
0.109796 0.86697 0.0232343
0.0504294 0.912904 0.0366662
0.183103 0.816797 9.9991E-05
0.204408 0.765416 0.0301756
0.109999 0.789669 0.100332
0.0306999 0.898917 0.070383
0.837587 0.162313 9.9991E-05
0.781627 0.0894878 0.128885
0.907087 9.9991E-05 0.0928129
0.956556 9.9991E-05 0.0433441
0.911858 0.0453021 0.0428397
0.89718 0.0215422 0.0812775
0.694387 0.289851 0.0157623
0.663097 0.23783 0.0990737
0.806706 0.171304 0.0219891
0.652997 0.248265 0.0987382
0.762949 0.186006 0.0510448
0.0384985 0.807999 0.153503
0.163344 0.0042913 0.832365
9.9991E-05 0.138654 0.861246
0.0238388 0.0154734 0.960688
0.16044 0.0378095 0.80175
0.0118528 0.0939437 0.894203
0.529897 0.314641 0.155463
0.679525 0.270489 0.049986
0.712869 0.256425 0.030706
0.691283 0.302916 0.0058009
