0.148471 0.59419 0.138324 9.9991E-05 0.0101055 0.10881
0.0916004 0.712573 9.9982E-05 9.9982E-05 0.038486 0.157141
0.12448 0.476774 0.245535 9.9991E-05 0.0116684 0.141443
0.206149 0.655595 0.0612278 9.9991E-05 0.00468719 0.0722413
9.9982E-05 0.826961 0.103054 0.0564108 0.0133736 9.9982E-05
0.0398402 0.728998 0.18505 0.0459123 9.9982E-05 9.9982E-05
0.260556 0.568649 0.155769 0.0148266 9.9982E-05 9.9982E-05
0.178516 0.690489 9.9982E-05 9.9982E-05 0.0472537 0.0835413
9.9982E-05 0.599382 9.9982E-05 0.102335 0.0186571 0.279425
0.23934 0.493891 0.104065 9.9991E-05 0.0208336 0.14177
0.453689 0.287712 0.00746507 0.0612621 0.0617498 0.128122
0.104273 0.433793 0.419625 0.0230683 0.0191397 9.9991E-05
0.786599 0.0537652 0.0376541 0.0331305 0.0441377 0.0447134
0.242801 0.287864 0.454296 9.9982E-05 9.9982E-05 0.0148387
9.9991E-05 0.568844 0.277432 0.0605159 0.0523687 0.0407395
0.181607 0.617038 0.0438953 9.9991E-05 0.0123923 0.144967
0.0223937 0.602225 0.192871 9.9982E-05 9.9982E-05 0.18231
9.9982E-05 0.788047 0.150837 9.9982E-05 0.0212742 0.0396411
0.0647384 0.124379 0.278897 0.136982 0.0419628 0.353041
0.0565951 0.0460488 0.655905 9.9982E-05 9.9982E-05 0.241251
9.9982E-05 0.179447 0.0717774 9.9982E-05 0.0193587 0.729217
0.0613877 9.9991E-05 0.146301 0.0100835 0.0208903 0.761237
9.9964E-05 9.9964E-05 9.9964E-05 9.9964E-05 0.0414588 0.958141
9.9982E-05 0.0691172 0.0186171 9.9982E-05 0.0501157 0.86195
0.0857005 0.176635 0.0636826 9.9982E-05 9.9982E-05 0.673782
9.9973E-05 9.9973E-05 0.271597 9.9973E-05 0.000148663 0.727954
9.9982E-05 9.9982E-05 0.309242 0.0360666 0.0330421 0.62145
0.0492824 9.9991E-05 0.0589607 0.0346481 0.0330653 0.823943
9.9982E-05 0.0235031 0.347454 0.00249706 9.9982E-05 0.626346
9.9982E-05 0.017019 0.0526275 0.100193 9.9982E-05 0.82996
0.0402478 9.9991E-05 0.0241607 0.031263 0.0131983 0.89103
9.9982E-05 9.9982E-05 0.131972 0.0250493 0.0453978 0.797381
0.0329651 0.0486776 9.9982E-05 9.9982E-05 0.049431 0.868726
0.264147 0.404812 0.190664 9.9991E-05 0.074137 0.0661403
9.9982E-05 0.55163 0.313388 0.0369496 9.9982E-05 0.0978328
9.9973E-05 0.45558 0.486365 0.0577551 9.9973E-05 9.9973E-05
0.197659 0.423213 0.346001 9.9982E-05 0.032927 9.9982E-05
0.297006 0.377781 0.206415 0.0414469 0.00665519 0.070695
9.996E-05 9.996E-05 9.996E-05 9.996E-05 0.9995 9.996E-05
0.0266425 9.9982E-05 0.536515 9.9982E-05 0.0256196 0.411023
9.9982E-05 0.605571 0.0894414 0.122237 9.9982E-05 0.182551
0.125837 0.578657 0.131793 9.9982E-05 9.9982E-05 0.163513
0.316508 0.263923 9.9991E-05 0.0776096 0.0113818 0.330478
0.70235 0.0235734 0.0410855 0.0555433 0.0741253 0.103323
0.883428 9.9973E-05 9.9973E-05 9.9973E-05 0.0180893 0.0981826
9.996E-05 9.996E-05 9.996E-05 9.996E-05 0.9995 9.996E-05
0.153968 0.347099 0.232468 0.0505794 0.0713228 0.144563
0.439967 0.295165 0.0831555 0.092928 9.9991E-05 0.0886847
0.10125 0.311597 0.246812 0.0871435 0.0388823 0.214316
0.124883 9.9982E-05 0.165475 0.679048 0.0303941 9.9982E-05
0.191968 9.9982E-05 9.9982E-05 0.700854 0.0282838 0.078694
9.9991E-05 0.0798691 0.0660177 0.780522 0.0116692 0.0618215
0.185541 0.0556394 0.0538331 0.659205 0.0456814 9.9991E-05
9.9973E-05 9.9973E-05 0.187406 0.760148 0.0521461 9.9973E-05
9.9973E-05 0.0124418 0.181542 0.805716 9.9973E-05 9.9973E-05
9.9973E-05 0.253653 0.048746 0.697301 9.9973E-05 9.9973E-05
0.0971813 0.0488106 9.9991E-05 0.73347 0.0152198 0.105218
0.0706858 9.9982E-05 9.9982E-05 0.784273 0.0228863 0.121955
0.083874 0.138413 9.9982E-05 0.743082 0.034431 9.9982E-05
0.349214 0.0334956 0.0260913 0.542538 0.0485605 9.9991E-05
0.0173033 9.9973E-05 9.9973E-05 0.787229 9.9973E-05 0.195167
0.184503 0.0264995 0.116875 0.626513 9.9991E-05 0.0455094
0.579335 9.9991E-05 0.0322428 0.28404 0.0611249 0.043158
0.0658781 0.0812788 9.9991E-05 0.0258535 0.0164918 0.810398
0.0117804 0.0814346 9.9991E-05 0.00800067 0.033789 0.864895
9.9982E-05 0.0770321 0.188077 9.9982E-05 0.0168085 0.717882
0.15707 0.0322936 0.180518 0.625344 0.00467529 9.9991E-05
0.407 9.9982E-05 0.0502432 0.474524 0.0680325 9.9982E-05
0.149226 0.0347153 9.9991E-05 0.654189 0.0286561 0.133113
0.242951 9.9982E-05 0.0810218 0.642922 0.0329049 9.9982E-05
9.9982E-05 0.0535876 0.102676 0.785926 0.0576103 9.9982E-05
0.620867 0.249496 9.9982E-05 0.124834 0.00460245 9.9982E-05
0.794832 0.105371 0.0921451 9.9982E-05 0.00745224 9.9982E-05
0.896461 9.9973E-05 0.0967141 0.00652541 9.9973E-05 9.9973E-05
0.920139 9.9973E-05 9.9973E-05 9.9973E-05 0.034585 0.044976
0.831505 9.9973E-05 9.9973E-05 9.9973E-05 0.0127178 0.155477
0.744362 9.9964E-05 0.255238 9.9964E-05 9.9964E-05 9.9964E-05
0.762864 0.0815332 9.9982E-05 9.9982E-05 0.0372719 0.118131
0.314959 0.0525597 9.9973E-05 0.632181 9.9973E-05 9.9973E-05
0.326941 0.0549805 0.0804924 0.37715 0.123762 0.0366734
0.239403 9.9991E-05 0.0464221 0.644071 0.0354034 0.0346004
0.0707813 9.9991E-05 0.104619 0.714273 0.0498524 0.0603739
9.9982E-05 0.14782 0.137345 0.688468 0.0261662 9.9982E-05
9.9973E-05 9.9973E-05 0.927788 9.9973E-05 0.0251619 0.0467499
0.538529 9.9973E-05 9.9973E-05 0.227202 9.9973E-05 0.233969
0.7586 0.121165 9.9982E-05 0.0888381 9.9982E-05 0.0311963
9.996E-05 9.996E-05 9.996E-05 9.996E-05 0.9995 9.996E-05
0.154537 0.593181 9.9973E-05 9.9973E-05 9.9973E-05 0.251981
0.0479061 0.649886 0.107447 9.9991E-05 0.0393591 0.155301
0.21141 0.468784 0.156742 9.9991E-05 0.0359897 0.126974
0.225251 0.273834 0.294681 0.066189 0.0581684 0.0818762
9.9973E-05 0.638298 0.308684 0.0527177 9.9973E-05 9.9973E-05
0.766416 0.00202203 9.9982E-05 0.117567 9.9982E-05 0.113795
0.143696 0.0956842 0.395684 0.00992554 0.0227506 0.33226
0.626084 0.0327829 0.141291 0.1418 0.0579421 9.9991E-05
0.392027 0.230933 0.0626893 0.0123736 0.02602 0.275957
9.9982E-05 0.713272 0.0345074 0.0277478 9.9982E-05 0.224272
0.232303 0.654863 9.9973E-05 9.9973E-05 9.9973E-05 0.112534
0.236106 0.508415 0.1096 9.9982E-05 9.9982E-05 0.145679
0.252837 0.536471 0.210393 9.9973E-05 9.9973E-05 9.9973E-05
0.385965 0.52306 0.0696252 9.9991E-05 0.00854668 0.0127036
0.066872 0.556494 0.376334 9.9973E-05 9.9973E-05 9.9973E-05
0.666835 0.0279064 0.115755 0.184314 0.00508963 9.9991E-05
0.570773 9.9982E-05 0.237088 0.0833811 0.108558 9.9982E-05
0.72996 9.9991E-05 0.0459761 0.145608 0.0747924 0.00356376
0.471214 0.237005 0.124597 9.9991E-05 0.0128181 0.154266
0.513127 0.213343 9.9982E-05 0.0602074 9.9982E-05 0.213122
9.9982E-05 0.388195 0.183862 0.0839427 9.9982E-05 0.3438
9.9982E-05 0.218365 9.9982E-05 0.730058 0.0221389 0.0292385
0.243883 0.00881386 0.0289282 0.683187 0.0103956 0.0247929
0.624529 9.9982E-05 0.247035 0.12257 9.9982E-05 0.005666
0.482596 0.0898199 0.273454 0.124135 0.0298954 9.9991E-05
0.474257 0.0574808 9.9991E-05 0.101879 0.0555433 0.31074
0.115217 9.9973E-05 0.600856 9.9973E-05 9.9973E-05 0.283626
0.275977 9.9982E-05 9.9982E-05 0.592579 0.0582072 0.0730374
0.286713 9.9973E-05 9.9973E-05 0.607348 9.9973E-05 0.105639
0.437767 0.0197383 0.0911347 0.440581 9.9991E-05 0.0106788
9.9991E-05 0.225215 0.450789 0.066358 0.0262786 0.23126
9.9991E-05 0.612389 0.055986 0.0641654 0.0170745 0.250285
0.162537 0.654591 9.9991E-05 0.0238204 0.0191149 0.139837
0.0017824 0.692904 0.201421 0.0975464 9.9991E-05 0.0062467
9.9973E-05 0.426717 0.293368 9.9973E-05 9.9973E-05 0.279615
0.0386406 0.555382 0.165047 0.0486591 0.00660565 0.185666
9.9982E-05 0.745613 0.0279808 0.0633959 9.9982E-05 0.16281
9.9982E-05 0.815025 9.9982E-05 0.0697289 0.0132279 0.101818
0.0594508 0.420948 0.206307 0.0191727 9.9991E-05 0.294022
0.066571 0.618627 0.314502 9.9973E-05 9.9973E-05 9.9973E-05
0.1236 0.582798 0.0359612 9.9991E-05 0.0300208 0.22752
0.156339 0.60064 0.192889 9.9991E-05 0.0179721 0.0320596
0.0689811 0.33378 0.501617 0.0954223 9.9982E-05 9.9982E-05
0.128767 0.655681 9.9991E-05 0.0647789 0.0481162 0.102556
0.198105 0.461672 0.290769 9.9991E-05 0.00948539 0.0398694
0.0740917 0.698811 9.9982E-05 0.0371079 9.9982E-05 0.18979
0.113022 9.9973E-05 0.269082 9.9973E-05 9.9973E-05 0.617596
0.00660168 9.9973E-05 0.217227 9.9973E-05 9.9973E-05 0.775872
9.9973E-05 9.9973E-05 0.209912 9.9973E-05 0.0459018 0.743887
0.0520674 9.9991E-05 0.187921 0.0484363 0.00686629 0.704609
0.0274111 0.0404778 0.104548 0.0562292 0.0152279 0.756106
0.260541 0.582305 0.0802856 0.0703942 9.9991E-05 0.00637434
0.224477 0.48225 0.16511 9.9991E-05 0.0215349 0.106528
0.0999988 9.9973E-05 0.0191668 0.880534 9.9973E-05 9.9973E-05
0.0407667 0.0510875 9.9991E-05 0.778108 0.0261645 0.103774
0.00713668 0.119923 0.0306829 0.825081 9.9991E-05 0.0170757
0.192842 0.0562397 9.9982E-05 0.638009 9.9982E-05 0.11271
9.9982E-05 0.081159 0.0142322 0.850543 0.0538663 9.9982E-05
0.0539045 9.9982E-05 9.9982E-05 0.760015 0.00306056 0.18282
0.052846 0.0529063 9.9982E-05 0.873036 0.0210113 9.9982E-05
0.0580223 9.9982E-05 0.174096 0.763142 0.00454047 9.9982E-05
9.9973E-05 0.0179918 0.189309 0.792399 9.9973E-05 9.9973E-05
9.9982E-05 0.0272052 9.9982E-05 0.823673 0.00259812 0.146324
0.245113 9.9982E-05 9.9982E-05 0.699848 0.0297695 0.0250693
0.128967 0.01822 9.9991E-05 0.717896 0.0474436 0.0873735
9.9982E-05 0.0893556 0.139916 0.751416 0.0191124 9.9982E-05
9.9964E-05 9.9964E-05 0.150348 0.849252 9.9964E-05 9.9964E-05
0.13355 9.9982E-05 9.9982E-05 0.765648 0.0146197 0.0859832
9.9973E-05 0.147388 9.9973E-05 0.825472 0.0268397 9.9973E-05
0.0284535 0.0467841 9.9991E-05 0.806067 0.00440747 0.114188
0.654196 0.133277 9.9982E-05 0.116978 9.9982E-05 0.0953502
0.808228 0.0524682 0.139004 9.9973E-05 9.9973E-05 9.9973E-05
0.167839 0.0477575 9.9973E-05 0.784104 9.9973E-05 9.9973E-05
0.00445634 0.286269 9.9991E-05 0.646963 0.0345118 0.0276997
0.135429 9.9982E-05 9.9982E-05 0.784943 0.00745076 0.0719773
0.595484 0.18112 9.9982E-05 0.142662 9.9982E-05 0.0805347
0.0169656 0.830692 9.9991E-05 0.0374972 0.0200218 0.0947237
9.9982E-05 0.581859 0.303682 9.9982E-05 0.0226282 0.0916307
0.153648 0.284843 0.0674586 0.0111323 9.9991E-05 0.482818
0.0990436 0.246633 0.171949 9.9982E-05 9.9982E-05 0.482174
9.996E-05 9.996E-05 0.9995 9.996E-05 9.996E-05 9.996E-05
9.9982E-05 9.9982E-05 0.592909 0.00111179 0.0120505 0.393729
9.996E-05 9.996E-05 0.9995 9.996E-05 9.996E-05 9.996E-05
0.00455957 0.046746 0.507209 9.9991E-05 0.0227869 0.418598
0.0772567 9.9991E-05 0.470984 0.0210169 0.0275903 0.403052
9.9991E-05 0.0448603 0.311999 0.0526596 0.0498805 0.540501
0.047012 0.605272 0.286709 0.024811 9.9991E-05 0.0360962
0.0240657 0.535542 0.317347 0.0720639 0.0508814 9.9991E-05
0.229043 0.676229 0.00428883 0.0272354 0.0631042 9.9991E-05
0.307266 0.682591 9.9973E-05 0.00984301 9.9973E-05 9.9973E-05
0.223214 0.729901 9.9982E-05 9.9982E-05 0.037348 0.00933694
0.425105 0.557996 9.9973E-05 9.9973E-05 9.9973E-05 0.0165994
0.0617691 0.429648 0.501823 9.9982E-05 0.00655984 9.9982E-05
0.0551368 0.473099 0.413849 0.0564801 0.00133443 9.9991E-05
0.127594 0.531261 0.280801 9.9982E-05 0.060145 9.9982E-05
0.252369 0.373481 0.361238 9.9982E-05 0.0127115 9.9982E-05
0.0762161 0.432822 0.421146 0.0229755 0.0467409 9.9991E-05
9.9982E-05 9.9982E-05 0.749058 0.0179625 0.134152 0.0986275
0.221563 9.9991E-05 0.0648181 0.678329 0.0106901 0.024499
0.0472972 9.9991E-05 0.0414107 0.759679 0.0402337 0.11128
0.121973 9.9973E-05 0.0808763 0.79685 9.9973E-05 9.9973E-05
0.128528 0.148483 9.9991E-05 0.680128 0.0103317 0.0324288
9.9982E-05 0.0342587 0.202917 0.715032 0.0475929 9.9982E-05
0.0630788 0.416991 9.9991E-05 0.149276 0.0305981 0.339956
0.0157316 0.488077 0.316721 0.045943 0.0292575 0.10427
9.9973E-05 0.550502 0.396663 9.9973E-05 0.0525347 9.9973E-05
0.175493 0.43941 0.167925 9.9991E-05 0.033967 0.183105
