0.198702 9.9991E-05 0.787434 0.0137641
0.116781 9.9991E-05 0.869934 0.0131847
0.295884 0.0324161 0.657394 0.0143066
0.0418621 0.0199351 0.92304 0.0151628
0.0743793 0.0337243 0.884525 0.00737121
0.0420474 0.0595561 0.898296 9.9991E-05
0.121074 0.0381886 0.840637 9.9991E-05
0.0592015 0.0225198 0.868488 0.0497908
0.203371 0.0570484 0.706959 0.0326219
0.219854 0.0210538 0.734534 0.0245577
0.104237 0.203391 0.627885 0.0644871
0.318286 0.0749634 0.593312 0.0134387
0.0196636 0.285399 0.641479 0.0534589
0.227259 0.105393 0.667248 9.9991E-05
0.274291 0.066322 0.614087 0.0452999
0.168171 9.9991E-05 0.808409 0.0233203
0.269196 0.0268527 0.703852 9.9991E-05
0.158958 9.9991E-05 0.823274 0.0176681
0.546528 0.208819 0.179863 0.0647904
0.783022 0.0183934 0.198484 9.9991E-05
0.770449 9.9991E-05 0.209883 0.0195679
0.87354 0.0805498 0.0305779 0.0153319
0.963186 9.9982E-05 9.9982E-05 0.0366138
0.864676 0.0105735 0.0771815 0.0475692
0.748548 9.9982E-05 0.251252 9.9982E-05
0.922027 9.9991E-05 0.0569772 0.0208961
0.898164 0.0564269 9.9991E-05 0.0453092
0.898488 0.0511352 9.9991E-05 0.0502771
0.9997 9.998E-05 9.998E-05 9.998E-05
0.914365 0.0854346 9.9982E-05 9.9982E-05
0.963619 0.0313765 9.9991E-05 0.00490427
0.938951 0.0261626 9.9991E-05 0.0347866
0.877987 0.00899629 0.0461662 0.0668506
0.2169 0.0201159 0.689054 0.0739297
0.323219 9.9991E-05 0.665069 0.0116121
0.14696 0.055593 0.797347 9.9991E-05
0.0857177 0.0454112 0.8423 0.0265707
0.184556 0.153387 0.651977 0.0100799
9.998E-05 9.998E-05 9.998E-05 0.9997
0.924617 0.0459791 0.00501904 0.024385
0.224121 0.0843786 0.68653 0.00497069
0.135762 9.9982E-05 0.864038 9.9982E-05
0.324012 0.165545 0.510344 9.9991E-05
0.120333 0.313451 0.513702 0.0525142
0.0872962 0.270167 0.612973 0.0295638
9.998E-05 9.998E-05 9.998E-05 0.9997
0.257177 0.0835665 0.587132 0.072125
0.165721 0.252417 0.581762 9.9991E-05
0.413906 0.105966 0.44479 0.0353387
9.9991E-05 0.861085 0.114087 0.0247281
0.013919 0.907243 0.0515989 0.0272388
9.9991E-05 0.832994 0.162486 0.00441998
9.9991E-05 0.843072 0.0925476 0.0642805
0.0570962 0.885435 9.9991E-05 0.0573687
0.0612622 0.918646 0.0104453 0.0096461
0.0339114 0.796439 0.16955 9.9991E-05
0.0621348 0.917026 9.9991E-05 0.0207392
0.0629878 0.903191 9.9991E-05 0.0337215
9.9991E-05 0.875277 0.0804742 0.0441488
9.9991E-05 0.699954 0.249442 0.0505046
0.0686103 0.93119 9.9982E-05 9.9982E-05
0.0734574 0.810572 0.114384 0.00158627
0.0220251 0.520319 0.37905 0.0786064
0.819939 0.0336523 0.107922 0.038487
0.795375 9.9991E-05 0.160197 0.0443287
0.927199 9.9991E-05 0.0494718 0.0232289
0.0504016 0.76734 0.182159 9.9991E-05
9.9991E-05 0.706387 0.224285 0.069228
0.131313 0.83476 0.0251459 0.00878062
0.00729544 0.839016 0.0833547 0.0703338
0.0486396 0.874026 0.0146655 0.0626693
9.9991E-05 0.319288 0.662935 0.0176774
0.0127484 0.292153 0.663157 0.031942
0.0288563 0.345461 0.614204 0.0114788
0.0177991 0.322232 0.59798 0.0619893
0.139437 0.256657 0.547348 0.0565584
0.0267052 0.353112 0.563899 0.0562837
0.186177 0.280242 0.525193 0.00838794
9.9982E-05 0.789783 0.210017 9.9982E-05
0.0220906 0.588468 0.226901 0.16254
0.0741352 0.87946 0.0206999 0.025705
0.0979854 0.83802 9.9991E-05 0.0638942
9.9991E-05 0.76296 0.202034 0.0349061
0.782702 0.0804517 0.10936 0.0274864
0.167334 0.484298 0.34658 0.00178796
9.9982E-05 0.430625 0.569175 9.9982E-05
9.998E-05 9.998E-05 9.998E-05 0.9997
0.248355 9.9991E-05 0.743827 0.0077184
0.154132 9.9991E-05 0.809687 0.0360812
0.218319 0.0491165 0.692917 0.0396476
0.314404 0.136007 0.503751 0.0458381
0.122942 0.0528115 0.824146 9.9991E-05
0.0411851 0.45397 0.504745 9.9991E-05
0.653252 0.0307127 0.26861 0.0474251
9.9991E-05 0.418654 0.497789 0.0834567
0.340508 0.172249 0.456231 0.0310127
0.222626 9.9982E-05 0.777174 9.9982E-05
0.113547 0.0248377 0.852712 0.00890303
0.216674 0.00665116 0.776575 9.9991E-05
0.0181795 0.093399 0.863321 0.0251002
0.140809 0.00136179 0.818964 0.0388654
0.13174 9.9991E-05 0.862764 0.00539616
0.0577194 0.456052 0.452286 0.0339428
0.0821243 0.330418 0.482715 0.104742
0.0493756 0.412976 0.465811 0.0718371
0.28894 0.132756 0.559865 0.018439
0.156845 0.229855 0.613201 9.9991E-05
0.519284 0.0576714 0.422945 9.9991E-05
0.0424749 0.819794 0.116891 0.0208408
9.9991E-05 0.83483 0.114494 0.0505758
0.246986 0.354786 0.396177 0.00205004
0.151892 0.32246 0.492257 0.0333914
0.30014 0.287749 0.349892 0.0622195
0.83655 0.0590347 0.104315 9.9991E-05
0.140361 0.76782 0.0378533 0.053966
0.00677908 0.801855 0.191266 9.9991E-05
9.9991E-05 0.654631 0.343887 0.00138256
0.517264 0.0704295 0.35093 0.0613761
0.29464 0.0224591 0.674103 0.00879786
0.114411 0.0316829 0.815186 0.0387198
0.136634 0.0970006 0.766266 9.9991E-05
0.451314 9.9982E-05 0.548486 9.9982E-05
0.208901 9.9991E-05 0.772432 0.0185676
0.112834 0.00859337 0.876872 0.00170102
0.0332699 0.0242205 0.921481 0.021029
0.419017 9.9982E-05 0.580783 9.9982E-05
0.210712 9.9982E-05 0.789088 9.9982E-05
0.143197 9.9991E-05 0.828212 0.0284914
0.165664 9.9991E-05 0.815353 0.0188829
0.272693 0.0972186 0.621021 0.00906782
0.0352485 0.0361724 0.87662 0.0519592
0.307048 0.0706291 0.603972 0.0183512
0.0934932 0.0319348 0.857086 0.0174862
0.935355 0.0310994 0.0303433 0.00320217
0.973033 9.9982E-05 0.0267672 9.9982E-05
0.969193 9.9982E-05 9.9982E-05 0.0306068
0.808576 0.0843001 0.0986597 0.00846393
0.840979 0.077261 0.0366251 0.0451346
0.0040738 0.0995771 0.869077 0.0272726
0.223698 9.9991E-05 0.729436 0.0467659
9.998E-05 0.9997 9.998E-05 9.998E-05
0.0524905 0.872461 0.0259816 0.0490665
9.9991E-05 0.906398 0.0655932 0.0279086
0.106085 0.755714 0.137525 0.000675711
9.9991E-05 0.898696 0.0615095 0.0396944
0.128034 0.853529 9.9991E-05 0.0183373
9.9982E-05 0.97127 9.9982E-05 0.0285297
0.0989051 0.900895 9.9982E-05 9.9982E-05
0.094155 0.905645 9.9982E-05 9.9982E-05
0.0950297 0.902669 9.9991E-05 0.00220172
9.9991E-05 0.87681 0.074034 0.0490565
0.0432675 0.846377 0.0728832 0.0374727
0.0321799 0.868523 0.0856777 0.0136189
0.0826172 0.910667 9.9991E-05 0.00661549
0.019976 0.930508 0.0366229 0.0128931
9.9991E-05 0.96423 0.0121221 0.0235474
0.0853995 0.902186 9.9991E-05 0.0123142
0.0604363 0.368548 0.570916 9.9991E-05
0.012703 0.216521 0.751323 0.0194531
9.9982E-05 0.926907 0.0728934 9.9982E-05
9.9991E-05 0.715252 0.256281 0.0283675
0.0336662 0.966134 9.9982E-05 9.9982E-05
9.9991E-05 0.375628 0.613454 0.0108185
0.0690897 0.00565015 0.903972 0.0212878
0.223306 9.9991E-05 0.743976 0.032618
0.508299 0.0373656 0.454235 9.9991E-05
0.725005 9.9991E-05 0.267589 0.00730626
0.86243 0.049627 0.0710135 0.0169295
0.928861 0.0592124 0.0118271 9.9991E-05
0.819653 9.9991E-05 0.162962 0.0172842
0.786939 0.0194325 0.151804 0.0418246
0.722982 0.108601 0.1349 0.0335166
0.870019 0.0596475 0.0414453 0.0288882
0.137303 0.00569722 0.849987 0.00701344
0.108365 0.0642395 0.771564 0.0558319
9.9991E-05 0.053043 0.888672 0.0581855
9.9991E-05 0.00489404 0.988392 0.00661445
9.9982E-05 9.9982E-05 0.981762 0.0180384
9.9991E-05 0.089509 0.905808 0.00458338
0.285595 9.9982E-05 0.714206 9.9982E-05
0.199793 0.125443 0.663505 0.0112592
0.162566 0.0495512 0.741063 0.0468202
0.202708 0.0834469 0.676254 0.0375915
0.148951 0.0337081 0.783096 0.0342447
0.76351 0.066775 0.0106096 0.159106
0.0238275 0.857772 0.0989645 0.0194364
0.0958202 0.867472 9.9991E-05 0.0366074
0.0401015 0.959699 9.9982E-05 9.9982E-05
0.0572042 0.788497 0.144071 0.0102271
0.111354 0.850202 0.0254734 0.0129707
0.305002 0.143378 0.506812 0.0448082
0.281094 9.9991E-05 0.674317 0.0444891
0.163571 0.000667181 0.768046 0.0677161
0.314749 9.9991E-05 0.632625 0.0525257
