0.160659 0.0889347 9.9991E-05 0.699983 0.00991059 0.0404126
0.030529 0.112265 9.9991E-05 0.814393 0.029962 0.0127507
0.11921 9.9991E-05 0.0631109 0.639387 0.0488766 0.129316
0.0343571 0.0430474 0.019263 0.749287 9.9991E-05 0.153945
9.9982E-05 0.0531096 0.0557659 0.885784 0.00514047 9.9982E-05
9.9973E-05 0.160048 9.9973E-05 0.824939 9.9973E-05 0.0147131
9.9973E-05 0.15372 9.9973E-05 0.705501 9.9973E-05 0.140479
9.9982E-05 9.9982E-05 0.016402 0.745727 0.0257626 0.211908
0.158515 0.105777 0.0532 0.676245 0.00616388 9.9991E-05
0.168501 9.9991E-05 0.0189669 0.493042 0.0247063 0.294684
0.140155 9.9991E-05 0.155714 0.249424 0.0591446 0.395462
0.224528 9.9991E-05 0.0349502 0.415915 0.0213534 0.303153
0.00937635 0.115651 9.9991E-05 0.053084 0.033665 0.788124
0.224057 9.9982E-05 0.135271 0.47594 9.9982E-05 0.164532
0.222314 0.0671866 0.0840855 0.590031 0.0362829 9.9991E-05
0.084975 0.0756206 9.9982E-05 0.676105 9.9982E-05 0.1631
0.273283 0.0582373 0.0284394 0.610831 9.9991E-05 0.0291091
0.07943 0.0499809 9.9991E-05 0.820327 0.0285781 0.0215837
0.527148 0.0827027 0.0678614 0.0366131 0.0504092 0.235265
0.711831 9.9973E-05 9.9973E-05 0.0701921 9.9973E-05 0.217677
0.718869 9.9982E-05 0.0495097 0.204415 0.0270059 9.9982E-05
0.839242 0.0611319 0.0335645 0.00152118 9.9991E-05 0.0644408
0.889295 0.0707107 9.9973E-05 9.9973E-05 0.0396947 9.9973E-05
0.757901 0.0238828 0.028964 0.14493 0.0442218 9.9991E-05
0.648399 0.0713697 9.9982E-05 0.259948 9.9982E-05 0.0200842
0.906216 0.0247658 9.9991E-05 0.0429109 0.00513452 0.0208733
0.854763 0.00260357 0.104835 9.9991E-05 0.00325761 0.0344406
0.857882 0.0797294 0.0158991 0.0156822 0.0307078 9.9991E-05
0.875726 0.0394684 0.0148443 0.068574 0.00128786 9.9991E-05
0.83134 0.0981009 0.0333804 0.0369788 9.9982E-05 9.9982E-05
0.881808 0.117792 9.9964E-05 9.9964E-05 9.9964E-05 9.9964E-05
0.828367 9.9973E-05 0.130623 0.0407101 9.9973E-05 9.9973E-05
0.801576 0.047 9.9991E-05 0.0555547 0.0655255 0.0302442
0.134636 0.000584811 0.00746807 0.47727 0.0791019 0.300939
0.245099 9.9973E-05 0.114337 0.640264 9.9973E-05 9.9973E-05
0.147023 0.0462049 0.0660297 0.637615 9.9991E-05 0.103028
0.0633022 0.0116262 0.0164341 0.657357 0.0411538 0.210127
0.172681 9.9991E-05 0.112426 0.444507 0.021271 0.249015
9.996E-05 9.996E-05 9.996E-05 9.996E-05 0.9995 9.996E-05
0.758289 9.9982E-05 0.0674911 9.9982E-05 0.0205856 0.153434
0.145613 0.120843 0.0462187 0.685837 0.00138838 9.9991E-05
0.173351 9.9991E-05 0.0251354 0.619457 0.0104687 0.171488
0.235647 0.227494 9.9991E-05 0.368315 0.0103409 0.158103
0.0796419 0.0709387 0.092769 0.0972138 0.0453621 0.614074
0.03577 0.0698646 9.9973E-05 9.9973E-05 9.9973E-05 0.894066
9.996E-05 9.996E-05 9.996E-05 9.996E-05 0.9995 9.996E-05
0.200545 9.9991E-05 0.0673389 0.393371 0.0773254 0.26132
0.035498 0.177607 9.9982E-05 0.276435 9.9982E-05 0.510261
0.314902 0.0447623 0.0737267 0.327921 0.0477207 0.190968
9.9982E-05 0.735078 0.163462 9.9982E-05 0.0313217 0.0699388
9.9982E-05 0.362509 0.484058 9.9982E-05 0.029369 0.123863
9.9973E-05 0.495909 0.409888 0.0939034 9.9973E-05 9.9973E-05
0.0108074 0.361277 0.483378 0.116218 0.0282203 9.9991E-05
0.0425127 0.181604 0.701847 0.019738 0.0541986 9.9991E-05
0.0740412 0.251941 0.660805 0.0130136 9.9982E-05 9.9982E-05
0.00107123 0.0760134 0.729895 0.19282 9.9982E-05 9.9982E-05
0.00951099 0.532226 0.393111 0.063805 0.00124765 9.9991E-05
9.996E-05 0.9995 9.996E-05 9.996E-05 9.996E-05 9.996E-05
9.9982E-05 0.243059 0.661516 0.0515785 0.0436466 9.9982E-05
9.9991E-05 0.52862 0.242745 0.0958275 0.0289992 0.103708
9.996E-05 0.9995 9.996E-05 9.996E-05 9.996E-05 9.996E-05
0.0728792 0.381055 0.407864 0.05533 0.00475295 0.0781185
9.9991E-05 0.208321 0.159609 0.0156901 0.065366 0.550914
0.701968 9.9982E-05 0.118555 0.173352 0.00592601 9.9982E-05
0.73331 0.0762937 9.9982E-05 0.171238 0.0189581 9.9982E-05
0.839578 0.0320689 9.9982E-05 0.115818 0.0123348 9.9982E-05
0.020015 0.0959743 0.614948 0.0664299 0.00269037 0.199943
9.9982E-05 0.181206 0.39037 9.9982E-05 0.0713019 0.356923
0.0678309 0.239507 0.566419 0.0787884 0.0243468 0.0231082
0.017141 0.104787 0.649673 9.9991E-05 0.0512844 0.177015
9.9982E-05 0.156993 0.736984 0.0604205 0.0454028 9.9982E-05
9.9982E-05 0.204582 0.0169988 0.206164 9.9982E-05 0.572056
9.9982E-05 0.15534 9.9982E-05 0.166137 0.012809 0.665514
9.9964E-05 0.184763 9.9964E-05 9.9964E-05 9.9964E-05 0.814837
9.9964E-05 9.9964E-05 9.9964E-05 9.9964E-05 0.0375023 0.962098
0.0427586 0.0337036 9.9991E-05 0.00263807 0.0337197 0.88708
9.9973E-05 0.0545326 9.9973E-05 9.9973E-05 0.0297703 0.915397
0.0681754 0.0136447 0.0717121 0.0582242 0.0257027 0.762541
9.9973E-05 0.0699279 0.618668 9.9973E-05 9.9973E-05 0.311104
0.0137218 0.214812 0.338044 0.107281 0.119184 0.206956
0.0599702 0.375812 0.451648 9.9991E-05 0.0158221 0.0966477
0.0780046 0.379907 0.475586 9.9991E-05 0.0362882 0.0301146
0.00948451 0.0881041 0.737622 0.0967723 0.0319448 0.0360723
0.686159 9.9982E-05 0.0428596 9.9982E-05 0.0305256 0.240256
0.0922485 0.124802 0.267237 0.176559 9.9991E-05 0.339054
9.9964E-05 9.9964E-05 0.192591 9.9964E-05 9.9964E-05 0.807009
9.996E-05 9.996E-05 9.996E-05 9.996E-05 0.9995 9.996E-05
0.184151 0.0488153 9.9982E-05 0.644424 9.9982E-05 0.12241
0.142145 0.106667 9.9982E-05 0.722673 0.0283147 9.9982E-05
0.106617 0.0874082 9.9991E-05 0.56212 0.0502641 0.193491
0.310611 0.0245206 0.113685 0.312077 0.0230818 0.216025
0.0776596 0.0250425 0.0753048 0.651954 9.9991E-05 0.169939
9.9964E-05 0.277254 9.9964E-05 9.9964E-05 9.9964E-05 0.722346
0.578405 0.0681965 9.9991E-05 0.0916116 0.0610263 0.20066
9.9982E-05 9.9982E-05 0.263462 0.055497 0.0650035 0.615837
0.27301 9.9991E-05 0.0963158 0.235783 0.0345718 0.360219
0.184114 0.0854691 9.9982E-05 0.707531 0.0226859 9.9982E-05
0.0937211 9.9982E-05 0.0469644 0.628904 9.9982E-05 0.230211
0.201004 9.9973E-05 9.9973E-05 0.471903 9.9973E-05 0.326793
0.0935085 0.00991134 0.0121682 0.484522 0.0245128 0.375377
0.0254487 9.9982E-05 0.00962833 0.579484 9.9982E-05 0.385239
0.1195 9.9982E-05 9.9982E-05 0.605639 0.00827919 0.266382
0.022907 0.0999652 0.167879 0.0294892 0.0365541 0.643205
0.0725225 0.106138 0.084799 0.0328121 0.082401 0.621328
0.0233113 9.9991E-05 0.216778 0.041527 0.0889485 0.629335
0.217868 9.9982E-05 9.9982E-05 0.0943834 0.00839913 0.679149
0.11781 0.110067 0.0432842 0.289278 9.9991E-05 0.439461
0.415184 9.9991E-05 0.0835795 0.431202 0.00228553 0.0676492
0.0013004 0.188907 0.666016 0.12875 0.0149264 9.9991E-05
0.0464173 0.133133 0.609198 9.9991E-05 0.0151676 0.195984
0.139579 0.169403 0.105131 0.0335096 0.0172695 0.535108
0.0736844 0.250144 9.9991E-05 0.247541 0.0527668 0.375764
0.209729 0.293879 9.9991E-05 0.133308 0.0587365 0.304247
0.705653 9.9964E-05 9.9964E-05 9.9964E-05 9.9964E-05 0.293947
0.00387553 0.020586 0.677527 9.9991E-05 0.0497703 0.248141
9.9982E-05 0.370823 0.413992 0.0559219 9.9982E-05 0.159063
9.9982E-05 0.162837 0.375758 0.112981 9.9982E-05 0.348224
0.503251 0.0509123 0.00744081 0.251683 0.0662028 0.12051
0.216287 0.0213021 0.0740463 0.688164 9.9982E-05 9.9982E-05
0.0223902 9.9991E-05 0.137942 0.715043 0.0142651 0.110259
0.0607503 0.00230307 0.129396 0.702411 9.9991E-05 0.105039
0.391918 0.0651769 9.9973E-05 0.542605 9.9973E-05 9.9973E-05
0.13541 0.0264986 9.9991E-05 0.64865 0.012145 0.177197
0.106151 0.0109541 0.0827147 0.781314 9.9991E-05 0.0187671
9.9982E-05 0.0391312 0.0845946 0.840724 0.0353506 9.9982E-05
0.362804 9.9982E-05 0.0937362 0.464027 9.9982E-05 0.0792331
0.130964 9.9991E-05 0.05773 0.735484 0.0178294 0.0578923
0.223921 0.0153923 9.9991E-05 0.626247 0.0408241 0.0935151
0.125197 9.9982E-05 9.9982E-05 0.671913 0.0252062 0.177483
0.20356 0.123847 0.0605642 0.505277 0.000203211 0.106548
0.0273818 9.9991E-05 0.137838 0.713813 0.0355039 0.085363
0.236995 0.0288541 9.9982E-05 0.389537 9.9982E-05 0.344414
0.0244382 0.0532738 0.0452492 0.791365 9.9991E-05 0.0855733
0.790081 0.0188026 9.9973E-05 9.9973E-05 9.9973E-05 0.190817
0.89884 0.0306023 9.9982E-05 0.0187497 9.9982E-05 0.0516081
0.925436 0.010489 9.9982E-05 0.0259137 0.0379609 9.9982E-05
0.744785 9.9991E-05 0.0603628 0.102308 0.0137505 0.0786933
0.818129 0.0426553 0.0169751 9.9991E-05 0.0312498 0.0908912
9.9982E-05 9.9982E-05 0.135946 0.639682 0.00746471 0.216707
0.185797 9.9991E-05 0.0196113 0.620129 0.0303128 0.14405
9.99639E-05 0.718563 0.281037 9.99639E-05 9.99639E-05 9.99639E-05
0.0717809 9.9982E-05 0.820528 9.9982E-05 0.02698 0.0805114
0.0121344 0.189484 0.738804 0.0533139 0.00616362 9.9991E-05
0.029403 0.003845 0.708393 9.9982E-05 9.9982E-05 0.258159
9.9982E-05 0.188513 0.737664 0.0414262 0.0321972 9.9982E-05
0.0990456 0.236848 0.630307 9.9991E-05 0.00585656 0.0278422
9.9982E-05 0.0414912 0.852242 9.9982E-05 0.0194266 0.0866405
0.077808 0.410478 0.508877 9.9982E-05 9.9982E-05 0.00263679
0.0672529 0.220252 0.672604 9.9982E-05 9.9982E-05 0.0396907
0.05378 0.255546 0.666089 0.0119635 0.0125215 9.9991E-05
9.9982E-05 0.028635 0.778801 9.9982E-05 0.0328806 0.159484
0.0344403 0.166464 0.65247 0.0190695 0.0163415 0.111215
0.0400288 0.214023 0.658112 0.0667332 0.0210031 9.9991E-05
0.0595184 0.189165 0.726429 9.9982E-05 0.0246868 9.9982E-05
9.9991E-05 0.221515 0.693312 0.0191531 0.00551923 0.0604003
9.9982E-05 0.0533009 0.899647 0.0219111 0.0249411 9.9982E-05
0.106657 0.076829 0.805615 9.9982E-05 0.0106993 9.9982E-05
0.0564325 0.00386261 0.232344 0.101679 9.9991E-05 0.605582
0.00784169 9.9982E-05 0.00723073 0.0728024 9.9982E-05 0.911925
9.9973E-05 0.141115 0.761955 9.9973E-05 9.9973E-05 0.0966305
0.0221776 0.354176 0.430558 0.18393 0.00905804 9.9991E-05
9.996E-05 0.9995 9.996E-05 9.996E-05 9.996E-05 9.996E-05
9.9973E-05 0.198645 9.9973E-05 0.171469 9.9973E-05 0.629586
9.9982E-05 9.9982E-05 0.0941515 0.797386 0.00829232 0.0999705
0.241276 9.9982E-05 0.0599901 0.667925 0.0306091 9.9982E-05
0.388961 0.117771 9.9982E-05 0.345457 9.9982E-05 0.147611
0.607869 9.9991E-05 0.0316742 0.28853 0.00321021 0.0686167
0.771817 9.9964E-05 9.9964E-05 9.9964E-05 9.9964E-05 0.227783
0.748791 0.101072 9.9982E-05 0.0730124 9.9982E-05 0.0769248
0.756 0.000549317 9.9991E-05 0.050228 0.0257132 0.16741
0.749816 0.0309038 9.9991E-05 0.070141 0.0282373 0.120802
0.745148 0.0388841 0.0942542 0.00387164 0.0315169 0.0863248
0.809497 9.9982E-05 0.111386 0.0310118 0.0479059 9.9982E-05
0.111031 0.0643103 0.0153231 0.623958 0.0201739 0.165204
0.00108355 0.228459 9.9982E-05 0.716968 0.0532897 9.9982E-05
9.9982E-05 0.128138 9.9982E-05 0.700575 0.0130698 0.158017
9.9973E-05 9.9973E-05 0.0531194 0.568807 9.9973E-05 0.377774
9.9982E-05 0.0676998 9.9982E-05 0.690049 0.0193689 0.222682
9.9982E-05 0.0189806 9.9982E-05 0.518261 0.019692 0.442867
0.185069 0.0440264 9.9991E-05 0.504747 0.012298 0.25376
0.181563 0.135579 9.9991E-05 0.458672 0.0171219 0.206964
0.0526774 9.9991E-05 0.0398028 0.613085 0.042795 0.25154
0.192757 9.9991E-05 0.109323 0.553866 0.0122819 0.131671
0.179279 0.0193568 0.059988 0.592729 0.0448684 0.103779
0.684354 0.0293524 0.0469162 9.9991E-05 0.167384 0.0718936
9.9991E-05 0.52915 0.304834 0.0611311 0.0290845 0.0757011
0.0441594 0.20107 0.704673 9.9991E-05 0.0256459 0.0243514
9.9973E-05 0.0171473 0.864649 9.9973E-05 9.9973E-05 0.117904
9.9991E-05 0.00510323 0.770917 0.0820477 0.00966852 0.132164
0.0781115 0.122813 0.733713 0.0296991 0.0355634 9.9991E-05
0.28276 9.9991E-05 0.139288 0.364282 0.0214649 0.192106
0.22264 0.100154 9.9991E-05 0.547855 0.0199972 0.109254
0.0991447 0.048628 0.0487062 0.74493 0.0584911 9.9991E-05
0.262733 9.9982E-05 9.9982E-05 0.400508 0.0542335 0.282325
