0.156799 9.9991E-05 0.843101
0.146525 9.9991E-05 0.853375
0.249315 0.00669348 0.743991
0.0672474 0.00840563 0.924347
0.0598943 0.0551765 0.884929
0.0303479 0.040525 0.929127
0.0702958 0.0552799 0.874424
0.0485417 9.9991E-05 0.951358
0.269892 0.0629769 0.667131
0.323447 0.068566 0.607987
0.102193 0.208926 0.688881
0.292254 0.0448554 0.662891
0.0844728 0.324871 0.590656
0.237776 0.0982795 0.663944
0.306446 0.061554 0.632
0.0911294 0.0303524 0.878518
0.258286 9.9991E-05 0.741614
0.138839 9.9991E-05 0.861061
0.676485 0.189445 0.13407
0.732782 9.9991E-05 0.267118
0.847207 9.9991E-05 0.152693
0.861648 0.0601348 0.0782173
0.950971 0.0489288 9.9991E-05
0.86897 0.0534585 0.0775711
0.70794 9.9991E-05 0.29196
0.968355 9.9991E-05 0.0315455
0.940182 0.0597179 9.9991E-05
0.933338 0.0665624 9.9991E-05
0.9998 9.999E-05 9.999E-05
0.936501 0.0567182 0.00678105
0.94611 0.0537897 9.9991E-05
0.942525 0.0347759 0.0226987
0.946644 0.0229151 0.0304408
0.269038 0.0441252 0.686837
0.344177 0.00180999 0.654013
0.139389 0.0307243 0.829887
0.144074 0.0355786 0.820348
0.200921 0.120663 0.678417
0.640464 0.359436 9.9991E-05
0.914487 0.0493784 0.0361346
0.23491 0.102889 0.6622
0.199398 9.9991E-05 0.800502
0.358544 0.174183 0.467273
0.197665 0.349958 0.452377
0.086981 0.286274 0.626745
0.618402 0.381498 9.9991E-05
0.302703 0.0788453 0.618452
0.149854 0.211145 0.639001
0.418003 0.157302 0.424695
0.0299858 0.850613 0.119401
0.063773 0.881902 0.0543247
0.0236173 0.850025 0.126357
0.0156701 0.838741 0.145589
0.078542 0.907272 0.0141861
0.0684831 0.880909 0.0506081
9.9991E-05 0.781878 0.218022
0.0590205 0.880421 0.0605582
0.0655368 0.934363 9.9991E-05
9.9991E-05 0.8595 0.1404
9.9991E-05 0.743387 0.256513
0.10457 0.89533 9.9991E-05
0.0447173 0.824439 0.130843
0.040504 0.556744 0.402752
0.826773 0.0319479 0.141279
0.893115 0.0189129 0.0879717
0.914809 9.9991E-05 0.0850909
0.0742545 0.801348 0.124397
0.012424 0.661715 0.325861
0.0679006 0.80277 0.129329
0.0918805 0.864346 0.0437733
0.0534438 0.901135 0.0454212
9.9991E-05 0.344096 0.655804
0.0222655 0.324427 0.653308
9.9991E-05 0.34515 0.65475
0.0455954 0.3177 0.636704
0.209808 0.268641 0.52155
0.0417977 0.328704 0.629498
0.141971 0.284577 0.573453
9.9991E-05 0.736616 0.263284
0.135144 0.610653 0.254202
0.116171 0.876679 0.00715019
0.144932 0.854968 9.9991E-05
9.9991E-05 0.780203 0.219697
0.758907 0.0724532 0.16864
0.156347 0.49143 0.352223
9.9991E-05 0.399233 0.600667
0.566493 0.433407 9.9991E-05
0.220879 9.9991E-05 0.779021
0.260481 9.9991E-05 0.739419
0.234435 0.0167479 0.748818
0.311499 0.146781 0.54172
0.140028 0.00564572 0.854327
0.00468038 0.440316 0.555003
0.67879 0.058356 0.262854
0.0470294 0.439728 0.513242
0.341415 0.140249 0.518336
0.232786 9.9991E-05 0.767114
0.119505 0.0295758 0.850919
0.195606 0.000689155 0.803705
0.0273305 0.0929939 0.879676
0.0382116 0.0107562 0.951032
0.1471 9.9991E-05 0.8528
0.104508 0.407797 0.487695
0.0843029 0.37142 0.544277
0.0733649 0.499648 0.426987
0.251733 0.097489 0.650778
0.107187 0.251433 0.64138
0.523538 0.0157767 0.460685
0.0646979 0.813529 0.121773
0.0365611 0.842535 0.120904
0.229071 0.39699 0.373938
0.235059 0.328325 0.436616
0.358543 0.314336 0.327121
0.816804 0.0470274 0.136169
0.0958015 0.825919 0.0782793
9.9991E-05 0.805838 0.194062
9.9991E-05 0.645019 0.354881
0.522434 0.0666126 0.410954
0.328865 0.00462198 0.666513
0.0874493 0.0822693 0.830281
0.106596 0.0756062 0.817798
0.410194 9.9991E-05 0.589706
0.275371 0.000574629 0.724054
0.108138 0.00713862 0.884723
0.0724869 0.0291329 0.89838
0.465547 0.0275083 0.506944
0.233175 0.00145698 0.765368
0.219848 9.9991E-05 0.780052
0.184204 9.9991E-05 0.815696
0.281722 0.125043 0.593236
0.121899 0.0474226 0.830679
0.31006 0.0595841 0.630356
0.140075 9.9991E-05 0.859825
0.960155 9.9991E-05 0.0397445
0.973338 9.9991E-05 0.0265622
0.9998 9.999E-05 9.999E-05
0.848398 0.0539116 0.0976908
0.914881 0.0603691 0.02475
0.062227 0.119379 0.818394
0.231832 0.0343598 0.733808
9.999E-05 0.9998 9.999E-05
0.0766254 0.917686 0.00568839
0.0436694 0.915306 0.0410247
0.0972024 0.752116 0.150681
9.9991E-05 0.923756 0.0761443
0.114876 0.879033 0.00609071
0.00129714 0.98926 0.0094429
0.0955356 0.904364 9.9991E-05
0.0791855 0.920714 9.9991E-05
0.106755 0.893145 9.9991E-05
9.9991E-05 0.931982 0.0679181
0.0331571 0.850517 0.116326
0.0683729 0.860111 0.071516
0.0945099 0.90539 9.9991E-05
0.0153908 0.916318 0.0682908
9.9991E-05 0.891285 0.108615
0.0862033 0.913697 9.9991E-05
0.0233389 0.36269 0.613971
0.0475518 0.234701 0.717747
9.9991E-05 0.927213 0.0726874
0.013789 0.742496 0.243715
0.0579033 0.941997 9.9991E-05
9.9991E-05 0.340676 0.659224
9.999E-05 9.999E-05 0.9998
0.28512 9.9991E-05 0.71478
0.513735 0.0470477 0.439217
0.709394 9.9991E-05 0.290506
0.847824 0.0468051 0.105371
0.942833 0.0313963 0.0257711
0.853931 9.9991E-05 0.145969
0.851168 0.0131996 0.135632
0.824826 0.0823463 0.0928274
0.875197 0.079875 0.044928
0.115733 9.9991E-05 0.884167
0.167735 0.0833148 0.74895
9.9991E-05 0.0689426 0.930957
9.999E-05 9.999E-05 0.9998
0.0678594 0.0203375 0.911803
9.9991E-05 0.0895912 0.910309
0.253062 0.00074063 0.746197
0.215732 0.0967598 0.687508
0.161707 0.0306043 0.807689
0.179381 0.0702532 0.750366
0.189651 0.0132171 0.797132
0.822468 0.133428 0.0441031
0.0464812 0.875351 0.0781675
0.10879 0.89111 9.9991E-05
0.0627901 0.93711 9.9991E-05
0.0142234 0.777345 0.208431
0.121008 0.850965 0.028027
0.31435 0.161674 0.523977
0.352824 0.0182791 0.628897
0.152665 0.000987703 0.846347
0.360042 9.9991E-05 0.639858
