IBR/IBR_outputs/all.combrep_1/EucDistWater_Total.FireFreq_2000_2008_Total.PersistForestCover_Total/EucDistWater_Total.FireFreq_2000_2008_Total.PersistForestCover_Total.asc
NCOLS 160 
NROWS 95 
XLLCORNER 210004.651214014 
YLLCORNER 7350008.22228844 
CELLSIZE 4999.99999999997 
NODATA_value -9999 
[rows 21 to 41 of 95, columns 46 to 91 of 160]
-9999 -9999 -9999 -9999 -9999 4.34877195875443 6.65465204992377 6.99796760597237 -9999 -9999 -9999 13.2983031707024 8.03306949630386 12.4320638054639 10.8008926284656 3.66539713900717 3.10692041223526 -9999 -9999 -9999 -9999 -9999 -9999 -9999 -9999 -9999 -9999 -9999 2.25993520047784 4.42824376912809 3.18124554994542 6.71955229335104 13.9050526443971 19.0919598408659 26.4816415607899 25.381556687232 16.9634194922033 7.32858832909684 8.6181215726053 16.6880246707009 26.3026896763907 30.3779744443848 17.672979305009 5.59006618315249 7.08319152658919 18.5856021077852
-9999 -9999 -9999 -9999 11.798937947814 4.99455571568852 6.32808591276576 5.26833640236532 9.6534158707715 -9999 6.02066628880249 11.2322182012197 7.3684581671424 9.70954676741572 10.5770950656524 3.09971527306209 5.68692009836982 8.25791221138542 -9999 -9999 -9999 -9999 -9999 5.33112876264818 6.97813246000857 4.51144949141445 8.38667983397272 5.01833600975609 2.43789724150506 4.38403778759899 5.57282872495167 12.8934752262502 21.0092389651733 20.2253175678192 23.1800139913413 26.7014404999106 20.4382025524763 14.4234515037777 6.28697149427304 8.74882114870462 20.961870942625 30.1641909782013 20.156804001154 8.74861828734051 5.15661634722687 10.6401446441672
-9999 -9999 5.50501574048633 12.2405632665947 12.8431791551542 10.8866545140668 3.90272787903075 6.89310218670725 15.3829083702647 10.9359916420445 2.65871701856891 4.42112733925349 10.4336944797299 15.9367858468135 7.47739831687998 2.56611002076884 7.10575801211752 3.31218209205201 2.86296670515859 4.83518009825898 5.38207902011948 3.51464694156203 8.61681446954765 3.1440620773717 2.74102814293546 3.3317429742606 10.3910048575439 13.030044027139 6.2249130022052 9.46228224275759 12.4672770414574 21.0043861175459 17.0333633933895 8.33348849561984 13.4744575666488 17.351421834526 10.2919851122388 13.3816894875205 8.20532450997822 10.4914132224501 21.2824937507966 32.2442938606878 26.5061683356962 17.1093797527564 8.6316606523016 4.33799071996318
-9999 4.88174586430267 2.20339190081684 7.07163534935366 4.41149392333989 7.6826089071234 5.41644328227545 5.33852527140535 15.112011803281 15.2386266160836 7.67249107175525 4.75739900120711 10.8791482567858 15.4277667257634 6.78952773864997 5.40609649749477 11.1693194485714 4.54869469250481 7.41500330466785 10.6681888042125 5.33588686835848 3.59045506883374 11.0642275588796 8.05486186680885 3.46567732516583 10.5158924327698 18.6650335990846 22.3501783623665 16.8112830849191 19.3903719286272 21.4934479998486 22.5191444611251 16.3426118337498 8.3586270136142 13.233220480616 13.3206133381965 4.41763552926335 12.4058441068509 16.8842892231399 12.8346786526796 16.9587346814741 27.5375680574441 31.1007319969939 21.8989427635169 11.9151549998852 4.98270713244921
2.87937681375475 6.91536084332106 3.33224856056605 4.22428716173014 5.022927455237 11.4523540014264 13.684399163357 13.2737459365262 21.4945608895597 22.9713965683721 15.7411078698509 10.2437544945281 6.50245994522074 10.2549654234028 10.6708220156395 6.41406746016397 14.4001867428488 11.7453545459974 15.1382939041269 13.070004602718 6.4758917883252 3.76806971844384 11.5532678589264 11.9503927070745 5.25806472264723 14.6021425164983 27.039516530981 33.5867869527121 29.7082511745944 23.3271395234451 13.6502196979222 10.9804602162834 10.7421759103268 12.3073619970197 9.63005762639896 14.5495527616551 11.2244143069032 17.2030204263749 14.7145426975504 4.94845081175947 11.5368489216828 24.2789709309709 25.0498138501308 13.6725029331117 9.78180053794665 13.1053730658125
4.43911938945032 5.49811049817403 7.99394930823316 7.55367683097385 5.97407049738115 9.0409177310173 17.9912792575253 24.379281647911 22.2865253956586 14.241313046917 14.9309965642203 18.8301814465961 12.9670635070551 14.8172741683758 15.970693184582 15.8021018809619 22.5736431286096 23.4592054448021 15.1015156760656 6.72987030180951 7.44585539019418 10.5026396608692 15.3026737201266 12.5091125679333 4.53433253661886 13.8725388775304 27.0645995272625 40.1756108731176 35.2935463601103 21.6142545876124 9.51379396897067 5.50818991933221 4.80088897421012 9.34934806147195 7.89164915121836 17.7652682209707 23.9166177474647 24.6653853623468 14.3925423213519 5.35910605986209 11.7324555238492 24.0450279417564 24.1361933830105 12.0151899830698 4.59200729303575 8.91733667118257
6.26130200694956 8.88066331055254 14.6282441938903 16.6546868107402 10.7855284691572 6.59640496261492 14.9106548161119 19.1616766283385 17.9891741606532 7.37163525286509 8.72805190439952 17.2125017018209 21.015664272004 14.7224551696241 7.0800571852461 13.5363308401587 25.9935412287477 28.4526139314808 16.5165056343278 9.52583071535995 13.3589743603331 16.1470719402657 21.2106949587708 13.3426130192336 5.5216924033452 12.5798744034133 24.632703455298 38.1052227276599 39.13366024335 27.0647689817554 18.3951322676785 13.8581193341393 9.08441797143498 6.08850595990121 11.8498089137207 18.9201442343029 30.139924398601 28.3489747279294 15.5087744152086 5.10576364200127 8.96094150131247 20.957547737756 28.4247932230904 19.296860186301 9.20231343841416 4.87924340768707
9.66658477091211 5.86729905776159 12.4644431148086 11.1215364076753 13.7373281510668 13.4624723895194 9.09790619419598 7.22654128709975 11.4821782822516 7.50158188518717 6.77767600335776 8.58227583251187 16.2275695712138 7.17783375903459 4.35945281148378 14.2105576794971 26.5678568026104 26.1664909647654 14.6443913431117 9.09687063700636 8.71165190929258 7.85145865088198 18.4712394467997 13.572304640908 4.06791032102421 10.7250888937913 23.2294571167809 35.3426358945814 42.0819964545107 37.1031174930576 31.1541637124186 25.5096848348447 17.9360967618344 11.4964267777471 5.66572403181859 14.7931090778529 27.9479968253843 32.6160283544011 20.239691223779 8.7563794499203 7.55325941461901 19.0699623811066 30.6201414645493 23.0572345376363 11.1331896358225 4.21552070347813
14.7122441997279 14.9107479340972 8.38084120834831 5.4449317695927 9.13689371706105 6.3426408529121 7.06635830974079 4.43861746290514 6.72175803581678 4.83466762747611 7.69918159970791 12.3943456849541 18.3026808789047 10.6852500682285 9.64240200239377 19.2825322464708 24.840071621241 18.3789259068786 10.7491004348474 6.729053653122 6.00597286838107 8.48153832961581 17.3800598953432 11.9688604978615 4.09559350356415 12.8060515229829 18.8311575357979 25.5403494620522 30.1476339954546 35.1538286183334 40.8998003740035 37.2562333558792 28.6456021213025 18.9567976348907 14.664567563331 20.3934235263201 31.5672495078553 37.3694010742439 26.2225850702424 17.6167525229579 16.7521912801591 23.7110975601283 29.2441378534112 23.7094851265257 12.6036008473063 7.62609826319694
23.5794891751212 20.5913914574524 10.501134267576 11.4840381800347 14.6884252317262 10.5435017331946 14.3505251290049 9.1154944123859 9.47221160251714 9.99931889016983 7.38608836152792 9.543295409645 16.9109940488235 21.5343870735454 20.3928428933543 20.867549280873 13.8657714024535 10.5818955559342 5.23521925988429 10.5239757140201 7.73033370362138 4.37430159395433 10.6880944045311 14.055445456071 5.79443181339288 8.09229633494666 8.16960507446519 13.8182773717676 16.9588844282085 23.9060727948473 33.8461622734461 40.254853155441 36.9017263038136 30.673987422406 28.0045201525303 31.667583549242 40.3253000901985 45.7413521917249 36.6773696639286 30.2470230716584 25.56386569014 18.938175527955 17.3685766691373 23.3590731190921 23.0721673264629 16.9552040526082
23.4739226690049 21.0681800697864 14.3925855595014 14.0511962720763 14.4011303968359 6.31889510908815 11.6472823658369 10.8594993332301 4.48834906562115 8.89528971097305 5.26063175374323 5.70046653097506 12.9506632246777 20.6823976555446 16.2470130481778 10.7569859958308 6.72727100528723 4.14987633328631 7.20314387505558 9.71173195154184 8.68230834606377 4.52926243887849 12.5048442885635 13.7268937962058 4.37879353710199 4.29021121402608 4.36408703682616 4.20500158870527 6.41999418300613 14.8791277365761 25.8061146512196 26.8609661133731 29.3235296247174 36.2203134773474 40.0716644874046 43.9409705596951 51.4730702117289 53.4912581495096 45.990497906642 35.8480134450407 22.4234643180476 10.1728352782987 6.76233617605326 17.1434957548644 27.1875308792948 23.9146542872709
12.3106153309916 10.7967579952093 8.35771630815958 5.39462460282281 6.83844466375803 6.34109383621832 6.28518764927073 4.88969587999962 5.56392013222937 4.53276746745382 3.88649807084994 11.0511666388289 8.42978193794435 11.3443048333329 11.3665191102076 5.29032962473497 7.10138175681938 8.18966042013553 15.7209372939485 12.4002097942943 7.23688606196311 7.96015353665388 7.11182203766348 12.5472401301157 5.41829493942354 10.2082203902072 10.7615527360997 6.96142260858509 5.32978945155694 12.8402317784504 17.9745443781162 13.6734843341153 17.6803370677096 26.1267851112301 31.5430123556621 37.8225081232107 46.8014648627721 43.5479410769678 35.80124542294 29.9231418752272 18.8121717547015 8.25060544717663 7.89579900286323 18.1329703187574 20.6492436729819 13.2812983237711
10.0770312337536 8.39996794489485 10.4306054658898 4.49760715960885 4.97097713997109 3.68636616551692 3.16203737551238 3.7527282962876 6.23441868228222 8.87849219500566 4.88960463626717 6.79991640870592 6.2606348338103 6.62956378967825 7.6302059585233 7.57623354933412 8.67425697480714 17.178396621825 14.8713380616304 8.5882082273013 4.49050081660012 8.07815340422824 6.90134944730083 6.77827849984305 5.11448338571021 9.60584930915489 18.5646065621206 12.3475607975961 8.35286420388631 6.22160696756022 9.51043058131514 5.35631018816182 9.81768373600405 14.2309429054425 18.6982131184956 27.2261309400235 36.128936375188 30.983684980349 23.5752908416857 18.5878460563417 13.090130414177 4.55902947359052 11.1125217112036 22.2403658960307 17.0395897221554 6.48455375823033
9.8669068874377 7.26488938084202 11.559969189677 7.68269563239339 6.05666347221076 5.89627902960706 5.84778550715034 3.03062195160921 4.86229387861257 4.73432723588093 6.45596155941953 3.46077286389918 6.41265065405238 5.68609784110148 8.141158241691 8.94162866972067 6.67290540669728 16.9312351238582 11.5977475152051 6.32081559566257 7.44441064996996 12.2939322990764 9.1601328979505 3.96656785140143 4.42340178512073 12.7850942243675 16.4196596278649 18.8894117688373 13.3783408051356 4.05521290233052 7.00321323197973 12.0983187854569 7.36168969386824 5.61499418782053 9.5237202530746 21.546041010817 28.2820769259894 19.1390193776148 13.5299842101219 7.07288146880016 8.14174558942087 5.05353473978442 15.4501958406448 19.5661967626321 11.938732461206 11.9810355874461
5.47401602615745 5.30650437658102 7.02085376585616 6.70733169995992 13.1975309737006 9.34688818282571 5.54706640833535 4.00785880749949 3.62478354035009 2.94192928820775 3.55787972029479 3.41031213828599 7.373482892039 4.31808399672781 5.28590384041485 5.99343915034918 6.96187560045132 14.390357537419 9.3322777414459 7.74819614311379 5.20743132223161 6.7515715903037 8.37479793775558 6.45577850219572 9.17233305538554 11.7448187360642 6.07490817114109 13.9715272953874 10.6855753637919 6.72462317795472 8.21743798952232 16.2845422903666 14.5357819717985 10.4448319264416 13.1584251569373 21.8642959273149 21.9046475132275 12.3116641992117 5.42252501252303 7.32022735418656 4.58463073601013 5.59054971707606 16.1471785823338 17.3342040158215 6.66905124337933 6.62339335945673
5.1244921984575 2.76010286684838 3.43661479263901 5.24749138134689 8.17738604609102 8.55682116997675 5.80357411339476 5.50058585444287 5.23204204067501 3.40699048945546 2.85391758562484 3.55442461820244 8.65123258873967 3.96560038835404 5.37027979716826 3.78103698928082 5.80496928940234 6.56101111797913 6.32751415990026 3.53517826338621 3.82827961681352 6.75623842360013 7.46518467290521 6.26792121585718 9.59048866662562 12.1316789766736 9.70271377062104 12.6053260112977 10.3550325955768 6.98571083461508 6.18508287017572 8.98380617753558 11.3775873852554 5.98198702588322 15.7027541536027 16.6380486488122 10.6585257609234 12.6715663178039 8.04524000857409 13.8474303437152 9.53608632810394 4.91824270939351 14.1945799963546 21.0642031759646 14.1231904065284 10.1531333733212
4.08184896467007 3.42229444083273 2.7991862676947 2.94249738111822 3.12067581784235 3.79435647041275 6.53798655165315 5.06439519265971 6.71556224032429 4.85106150358638 5.44034210717532 9.37553906790307 9.26629949448104 4.13529514812996 7.72105104122742 6.69916228323369 7.34087645060057 6.56517994348597 10.344906715974 7.79289104649611 4.20955153786408 9.70600997150664 8.76928069673968 13.1641089017888 8.70902700498209 5.64615072248766 6.1988448592531 6.71508079351353 10.809958932609 5.7720280044788 9.12766723248899 5.16861126631672 6.95941121834663 7.65326970670865 16.5198199723942 13.8821821726252 6.0674025125986 13.9637055437314 19.2472871901895 15.9709883952404 10.3204949201362 4.03303157138106 7.78719396886529 18.7511128908061 23.9917073455684 22.650453630163
6.96701851480195 5.2923730067436 4.65932962210549 4.97061228068329 4.76101789147138 5.42825974422273 5.88918515989341 5.26926934876284 3.92746010489604 5.02247236007639 4.5379649576228 5.40096535814401 7.63989437495441 4.93656029734907 12.3052065409878 12.5263075128771 5.43554868650707 5.91175204412082 8.42285708432227 8.3081692964408 3.85507968046102 7.70812461444458 4.65528354993438 12.670112378202 8.63083934424287 9.12904618135561 5.86467855366148 6.44295713137744 12.0801879499919 12.8191190317042 14.0169109799947 5.44670092830675 9.67895784253545 8.01432828711463 8.23144282816708 13.301218134433 14.418606747709 20.0779919469096 17.7658570404211 8.3249281512337 5.07316467458493 9.94657444279566 6.21348561905065 12.922044105464 22.5676449527042 31.2609164743009
9.64528967998865 8.29742108638097 6.93229210784011 3.33526398086144 4.30773217661203 4.26681235739524 6.24039391527761 2.54730194178721 3.37392647334334 3.4031152211218 3.63186810568019 3.15547266488306 7.841215415017 5.6430455935282 9.66425862568455 8.99790612714355 11.5418640849865 4.3187739624658 4.20993618546231 3.78473428258017 4.15623645107847 3.46574991006812 3.59970586208779 10.1965096804856 7.48874482176253 6.03041327289018 4.23054981004801 5.90401776778043 4.11043868435502 7.62728880039441 11.6877898330436 12.8857876810001 8.95142698015208 3.90566493770435 7.14055802815958 4.41586720856691 8.53380404508636 13.3967081776411 11.2938135156609 4.23787119072796 9.29529533650424 12.8193332203019 5.87799531095652 5.70992117237256 13.7950067627864 24.6033843247206
3.94155923542572 4.55485384816204 6.88232710237277 3.76352072355941 2.33470298478075 3.85670253538524 2.62035537159312 5.11801415697496 3.56063570021437 5.17488839099735 5.81795387957525 6.25058095255489 7.46226558650341 4.92394686093098 7.1641272535133 8.66768123362508 12.7107380414937 6.07821362571817 5.89278883573525 10.3018787794533 11.9851050126449 8.85537150107317 5.35133926755763 4.13602614739847 4.11568607999654 6.21194831027248 7.7843522269304 4.8231332676347 6.23424616591732 4.82221941121674 5.85607871937121 6.7468520614521 8.5735809014793 3.31903488818116 4.23309325905272 4.18364988055957 6.44389113635517 5.32296154611803 4.7466723672391 7.92459585882597 5.35583969902547 10.2844492195979 7.17534174726491 4.43594623453527 8.76544187818486 18.7733349853488
7.84017186983529 2.89280866730938 5.78056480760303 2.90443432373824 2.91926208644626 7.20237599515707 3.36085500210442 4.13554190108454 5.88930717374988 3.59875432030033 3.53734963422863 3.29310352528235 5.26526743501686 6.79243781123737 10.470270812293 18.3240898197695 20.9856643339814 17.1177769719611 16.900236257991 20.7164429574792 16.7027689505975 5.68625438939235 3.99992086421272 6.43962603224835 6.05210201475683 9.39908719114804 15.3284800988497 9.01793859268137 4.01530610007219 6.56215991500225 4.91345733458481 7.77092031832022 5.9325548153372 3.13448035920087 4.57638190519445 3.33701797419093 5.27462223712503 5.49842292845737 4.17848242407894 10.2057228877368 6.20921326830523 11.8357331824269 12.6179966312963 6.27933791404229 7.35234205606122 8.69039452491421
