IBR/IBR_outputs/all.combrep_1/EucDistWater_Total.FireFreq_2000_2008_Total.PersistForestCover_Total/EucDistWater_Total.FireFreq_2000_2008_Total.PersistForestCover_Total.asc
NCOLS 160 
NROWS 95 
XLLCORNER 210004.651214014 
YLLCORNER 7350008.22228844 
CELLSIZE 4999.99999999997 
NODATA_value -9999 
[rows 63 to 83 of 95, columns 92 to 137 of 160]
6.18599057709542 5.66423234392713 15.0642334023977 16.5484953968762 6.49597907629861 10.8902545739378 21.0965773511929 13.2329135641394 7.06212609321229 15.5060478968642 26.5752599513249 26.7629632204647 27.6131588362451 34.4423897523956 43.950537275288 52.7475422714117 53.0362610481847 39.3665702935089 26.112630051484 15.3746991522946 11.8445740614493 14.6920368473478 5.66622649186761 6.24347998468736 10.6874413162285 12.5013080119572 18.9233573500729 25.7520485348108 36.5209362287665 49.3356981199282 50.7739545220121 42.98079456334 37.8034623697213 33.3790624059694 29.9781245717192 27.8531730110445 23.7289265159949 26.0677223662069 34.2378695304353 45.1667361681428 44.2518786153287 36.7454066775593 24.6810811498824 12.9631757669008 8.91389252331944 17.1552328461168
12.7920629041996 9.24761364557878 9.42529844554976 13.8682410304384 16.0325945749836 18.4351281304906 20.4948596235209 13.720586878264 5.41684950674674 11.1134608232593 19.7661356013832 13.9581077455854 15.3900984752009 25.1286794669988 37.9250447693963 52.3518102133884 52.6590263673494 37.6322564404056 23.6846646016638 11.1712956308308 5.99912078856858 15.159472728059 13.6590830039303 10.5946094760435 4.63239639479013 3.81245807243838 7.78858857945043 17.4791081698007 29.2175275701619 40.0829751633468 38.3984058774687 29.9905787341443 24.9925199359539 26.5598870334789 33.7631786780834 39.3704620246701 37.9440706462544 39.6136012343044 45.9206604367047 55.5964671944666 52.8829479391779 38.1861115236119 24.4622538983021 12.557074656268 8.31755769807645 17.6731102279347
17.4659132148298 10.4997438256432 4.96322638577827 12.2198647007882 22.5026190364444 21.3875700103732 11.5672335407754 8.9507000879535 13.0488756542529 16.7905582812598 15.2112978421727 5.53902896053023 9.3060035520715 21.6928927845798 35.5184722208721 50.5073713376947 55.0905303776066 41.1843446126589 28.5397464294877 18.9475770865071 16.1264784145738 22.1719324522464 25.3395749719934 19.0305207802217 12.8527978665985 8.81373120635593 4.04207134389418 11.2760605868381 22.5911856202993 29.0938353975449 25.5466781603267 19.7972640137593 12.1800629866835 14.9667478454411 25.5275382520531 38.6745440158312 50.278048101499 54.7131860222781 59.2201920667106 58.4123836858898 50.5217622572695 41.5039848922361 31.0601878597496 22.4198337967236 20.1739690088986 25.799861024022
7.81382196567377 10.1302028505809 14.6656285973776 20.2037901956317 17.14663737109 11.6982311187868 10.5324384469933 9.21256990534476 16.3796151669497 18.7576503482815 12.8840798054129 5.51393101835923 10.5288268659198 22.855408942178 36.6785233644812 51.6960820177908 60.602141766983 49.2091189828124 38.4688496959477 31.3997594881475 29.5842442453786 33.6323396967596 37.4459528558718 30.0254659479302 25.1554904268405 16.3310213075514 5.7635471806074 8.65760922283342 13.1968023600075 18.2314954395201 12.7423852429859 11.8655006723868 6.39719203255085 10.686104670171 23.0718652365472 36.9453780922681 52.0140345052833 65.6057103777027 59.8977722630241 47.5271425133834 37.7186460402438 31.9432669082829 31.2793846997302 32.5745862117663 31.6208400225038 32.7510933374444
10.1757452528234 12.9561369534884 23.220499033545 25.4702823861785 13.6496815835835 5.0319464157775 5.24097047815129 9.21909780907064 8.75297064067625 8.32930116147128 8.28207122674977 7.4346978641049 17.125687451176 27.3582539690943 39.9116956849553 54.3019398304944 66.6426394788733 60.4654835094354 51.3377198543687 45.7209147438346 44.3263247689217 47.423534717735 49.8879375146218 43.2310982611508 34.024855862741 22.6647175888661 15.3590415910787 8.21755441072037 6.01970449896068 12.8922223051183 5.26725183265891 7.12603175568406 14.8315854040681 18.7247190310303 28.047887198217 40.5569182098214 54.9183300815711 65.0776594525085 52.7079083771046 38.7631302671324 26.886292159679 18.7930119134676 18.4318094374866 25.6527133612379 23.8434255670128 21.1350010501612
18.3166539634747 18.2879609160296 18.163191192111 23.6403277985511 20.2717550133794 10.8395501672708 5.28184976159362 5.34873557064598 9.91077222562304 5.44998329028219 8.98371876075618 10.253225917938 13.6848386079383 24.4662952070263 37.6936812840897 50.2711043927103 57.991573677451 64.6785033834608 65.147750629804 61.4839709540827 60.3132218217247 62.8840347555031 64.1901050785286 54.7396985891149 42.8566696481881 33.6330928672703 25.3842646461025 16.5026785546681 14.4281170492157 17.8812692527906 10.2397608773525 8.36549027725852 15.9691170249719 24.0721189359729 34.5771867536772 46.7914524941065 60.785482440951 64.6806261849654 49.295947093213 34.4753924793797 20.8932524047055 9.17513362320712 8.46699967725598 18.8567217962967 13.8574461816533 8.86310202889875
21.3712965903006 10.7971942959294 7.39146356993001 17.8103913367695 25.4374138358485 15.0790646371597 8.21108458137093 14.4380145859392 18.0951983741098 9.88041157901512 11.2256897624992 7.46711693437076 10.5268769430721 21.2481406297068 31.2756293925806 37.5389694641594 43.7808440063021 52.3428984533732 60.9470076717165 66.7005601616017 67.5003906375279 71.4580186231758 74.9363002597254 65.4763283507499 54.8015679530676 45.6780281582515 35.7255866738118 28.8958638811134 27.4777095951357 23.1034564503803 11.591043418259 5.66379503408117 6.97627775196988 17.4806140460413 30.0685799653746 44.1573101058001 59.5805936712985 65.309479243764 50.3205225752852 35.7756235259737 22.7828899009861 12.6603455028736 12.1135006194323 20.1585501425563 13.2281267497835 7.89440714579572
24.4068001458917 13.5275587368208 10.9006311034227 19.6753365216846 29.6247336759984 24.1063984761099 20.4429502768413 24.5406391435419 27.594036189182 21.4993768679598 19.1489259253317 14.6993698730864 10.0638426201065 13.1207597230307 19.6315028214248 24.3288043098913 31.4972321706089 39.1660063732536 48.281182405861 51.1776353620744 52.3408572660369 57.5333421282818 66.1570850523312 73.7271991590598 68.3353547035138 57.4528278167934 48.4545277804123 43.1108189194556 40.016001953757 30.0604930668579 20.8867338499546 11.2900854935523 6.25020380038653 15.8835512549005 28.9644791191538 43.3317557954099 56.9793889713166 60.8031689926642 54.8768405475064 42.283749692225 31.3807114153883 24.5120248964868 24.1983268190645 28.596369406903 22.6596631946226 19.7856464667187
32.489787397958 24.7981616011294 23.3496319403204 28.5056564901782 28.2024889853441 21.6341382590608 21.7267711934671 28.7376638242068 34.5702094511483 24.0870882079851 13.0853198882254 7.03579890016027 7.31902991734571 8.70028233853839 7.81501937409786 12.8756377346387 20.0416338308973 27.7550099929367 36.9151725227701 35.9160634571981 37.375805457322 43.7221065864032 53.7229720772373 66.3714641132752 76.250923504551 70.0263824078207 63.1130646933 58.5943921809798 51.0811208618333 40.6603648491587 29.8897476517516 20.3763200148469 17.1612063781936 22.7216781208864 33.2624683069547 44.6588022649306 45.7639189431531 45.5024746691706 49.4667189185629 50.691444846914 43.5639915223906 38.4131498405743 38.1848820811189 40.6796891565701 35.5871402395716 33.6391664759275
44.3214066984262 38.4835264134302 37.3163493146364 33.3760142016699 20.9228193257652 10.266356409464 10.7016686484442 21.6044852664315 32.023010105848 22.6640134324695 10.6307418901274 6.41015945660503 14.7352114606349 12.9477580973971 5.94584756653535 6.86920032181848 9.59796767942604 20.7056336890078 26.5625826516397 21.9016782584086 24.0066914130757 32.3531915687963 44.1704114696193 58.1097232266225 65.7986367003946 62.6851696280236 62.628145436893 64.7026003606988 56.2060936995304 44.5762555846359 33.7718718141508 23.8241059882744 18.6499374976286 20.9195693762048 29.3912936932822 36.0699449059484 31.2278404071179 30.8192334400469 36.1556471315671 45.6883046838788 54.1674828665717 53.6833654860321 53.5153198037489 54.8465380736127 50.2529668303241 48.7300970326575
58.4527063139877 53.624154372148 47.6058682470539 33.9985498825605 20.7098953238532 9.8626172324831 10.3025862017577 21.3849483672814 32.7967294642679 27.9049554100947 19.9300781098312 17.8576802876544 23.3405339645012 22.9027751354171 16.7295629729351 11.0445031714783 10.9848368182596 19.7237311342861 16.5971726592841 9.60099052264654 13.4754820883058 24.9860241701529 37.8726391706691 50.2712029707872 50.9273723936388 46.6190425444339 46.6966291109884 51.1312780281751 48.5852293616559 35.54163719583 24.8021564680394 15.5299812995462 6.98636822753576 11.1000705585042 22.8990867595974 26.3642656128605 18.2368507624796 17.5870128385144 25.23973528868 36.9634316766607 50.7923912576636 64.4191614907634 70.0254100286839 70.6372491623199 66.2967737841658 63.085437264953
74.3646765876842 66.9159709863675 52.9963474650442 39.4212250184176 28.1588846958586 21.0178576237919 21.230385159208 28.0901403574118 27.1724453738 21.6593377911355 22.0285798604291 25.6870857741894 33.193872965734 34.7121819337091 28.8480269627839 22.5879995834293 22.1293474495223 18.8276825265546 8.06312344188061 4.42981589670486 10.0348447500204 19.5709773055042 29.8202638723227 41.1524756587496 37.3647668358828 31.8694061000983 31.9683024677777 37.638065241609 42.3895295185433 30.1942013195629 17.2031238462607 7.50394040824161 6.5404093658521 12.4542117048397 23.4335677321311 21.1148058845835 9.19395918653375 7.94554855423697 19.3512675968589 32.8342675566231 47.5387840703097 63.4549228253685 79.2979724264049 79.3730887124607 70.5318163857105 58.0042563717993
89.8396704387909 75.4604556372308 61.1741877646092 49.0579764951862 39.8132637335805 34.6475033461715 34.4835039799215 30.3583098554183 18.5522981188819 9.50872729803605 9.84005242245759 17.8301736154751 30.1873571115383 42.6282964359234 41.4889292392145 35.8593605954452 27.6165142772929 14.8924990567876 4.96225197511768 4.33654093317866 5.68909038302352 12.1863175079025 24.4662197684321 34.3291036511195 26.3558718738515 18.5872648682837 18.7367501285811 26.7004094326815 37.3685695017793 30.9088460189857 18.3147127564171 9.72014833395563 13.5737663807615 22.4295002570093 30.1618395020709 23.4798254384875 13.4735228541611 12.5933672516408 21.8459860540119 34.5053259767182 48.8320715461904 64.5375806576941 74.2230567860941 65.6967315073421 58.0295281193507 48.3313554880507
101.009510165056 85.6665295123565 72.425049588206 61.618822846931 53.8033608638084 49.4760351617941 42.1161934735971 28.2436801674739 15.1010559504944 5.35807596452698 6.47753102816836 15.9468700765482 28.9839768982075 43.3131851934929 50.4956274144867 43.2558234374349 30.0274685098059 17.1095399666872 5.94615210420591 7.10963959535532 5.63948187062905 9.50348477902634 18.5328437723262 28.684612289184 20.1394171665942 8.60322932213927 8.91068658308939 20.5799031670005 34.1016668378806 37.1841731771947 27.3073238040721 22.0767021178905 24.2058219401846 30.0909839871539 32.9263754127711 31.0680781225944 25.4339872681148 24.9319216880847 31.0403645231754 41.4518037610461 54.4614896202928 68.1948374866741 64.0930959642269 52.4500329091157 43.7220946563314 38.3214761986907
109.201325477431 96.5196579183258 85.4875092110953 76.316610681253 69.4064920470666 60.0750481539722 45.4975697783053 32.0431512519707 20.9293920398094 15.1128597969771 17.2778505566013 23.1752418926454 33.8688777955346 43.8652263784613 39.6080806055681 35.4383059182649 31.7482382529527 20.6841872672147 10.94488714751 10.6580052486704 10.671878670313 6.50476459960968 16.554325586651 27.666908115255 19.7050507666996 8.23184053283018 9.11523010391016 20.9225750162201 34.5172136481099 45.2340252934593 39.8645047487355 35.0695843366049 28.9097085685104 21.4358615341954 20.1436559034825 26.5645096751332 35.0675558788509 38.9349370085682 43.5934644159407 52.1534584216251 63.6908846470866 68.5011837195616 54.9612078355158 41.8492265765727 31.2761494827372 24.9055733374679
96.640202594194 86.2724266390115 78.6607371373934 74.1281764022663 72.3294042538286 65.867326459158 52.7269731030324 40.9293934284091 32.2900236004494 28.525957068091 30.5351906168973 35.0373170156177 42.3662925011869 37.7067634437281 27.3042887518031 21.5594650603151 22.2787137643251 20.0827667511998 8.57998522401376 5.6144560089662 9.65553417301427 6.30599555349532 15.542626544504 22.6723514629779 24.7468597231544 18.2707369552907 18.7106922767756 26.8799330146588 38.6271839471831 44.6084037872875 42.6192617721291 36.1555725313598 22.833125519338 11.1957777811716 8.67314973476145 18.9381938082716 31.6870279685921 42.7123094643808 52.3266006293478 63.1520540408931 73.7665713382246 65.1625035934372 49.4051552122697 35.0106936726094 22.2426037365297 12.6791395952167
82.276345882628 71.0044437954736 62.5164395299156 57.3627452755912 56.0250199338797 58.6148678083533 60.1671373919625 53.0628743485451 46.0656041171408 43.2176569109565 44.9851936920762 48.9418770380186 45.4790406021293 31.6085060939963 18.7805764314276 9.44744982364951 10.3785865178815 18.9283187990979 16.7073591532791 13.6206031646058 6.77949260993938 9.13661951529334 7.74826090771207 13.0888369093149 21.3708901380673 24.2790489825044 29.8041952950354 37.3795852403634 38.9773672547534 31.6191648239282 28.3382545815055 30.2031531015364 23.2842936888513 12.0673922960201 9.71859747614313 16.9985499453657 23.2456325710285 32.5534335984203 44.935781271767 59.2772127615749 73.2500683474542 64.0328247195772 48.0336040796014 33.2192761592091 19.5366069540943 7.34045957902877
69.7560672464365 57.8986626844089 48.17070117566 41.9947676192793 40.3436707576824 43.5755220600169 51.0452054703709 60.0432224700749 61.17045743127 58.8925011845955 60.0759453565379 59.573091346419 45.6759319560546 31.244546849034 18.2111134302094 8.23800783633332 8.5631941364523 19.2086477205827 27.7423849698742 21.144257884377 12.9849472584839 10.6268894142749 6.23980067996537 11.5210779584087 9.73706463635485 14.9741041924829 26.7119097086807 38.5006932511951 30.9452457327896 20.0828232663138 14.9263924780038 19.5752114973095 27.0981983228924 22.5355115001639 15.2306198609807 7.91895229049125 13.9558625895848 26.1972859045913 40.100772575793 55.2878440983095 70.85154249508 64.7179235859075 48.7906688444872 34.1246997351285 20.7986586200492 9.777908983664
56.0515269321724 47.3881215884951 36.0655942657349 28.1675706300061 25.8979353425062 30.2616505520158 39.5232724237256 51.7728185633672 59.7645371896048 55.6972919091463 54.7226903804156 56.7390926272409 49.8525677425548 36.7888358828014 26.039637261235 19.8755155318516 19.6934970322947 26.4647891523266 35.9747466850046 31.1075819350941 22.4938572662496 11.4118286150153 7.97898153766342 13.7432898425534 6.99453082444971 13.2257434973387 25.6824718487904 36.7980767924448 27.1196176385342 14.0996811146595 5.61053142794617 13.3701507817471 26.2736620321637 28.6702413373835 16.44676354701 8.61526721204361 14.3847367439733 26.4451081907151 40.2753978039733 55.4235184671327 71.4919647539726 68.3321712694371 53.0344752936882 39.42623550999 28.084467563231 20.7890266583147
41.0705363361001 37.6048368628491 27.3952280773136 16.6498750828285 12.8240227589709 19.7647279012134 31.5604695097376 45.1386854152865 46.268301794176 40.3834788055593 39.1696259773088 42.9183986162331 49.6604709722647 46.4793976380615 38.0263030640832 33.6100092708244 33.3098706727781 38.1018750737362 46.3201425931945 41.4131847672258 29.7309694158278 21.1318820518859 19.3485858266641 22.2542963126183 18.5659329605542 21.9213352248649 31.4427926718126 40.2579947937136 29.9653269513791 18.638034922701 12.958162063864 18.0611229554864 29.1882418841666 34.5806811923127 25.4751808070773 20.9247777761286 24.0976895086156 33.1755713386427 45.4176940813068 59.6663834873649 72.4402140631 69.190687370089 57.8829770010511 44.6761110367452 33.7835435722651 26.6608050476301
27.4609210703253 24.7612186754038 23.2558791206249 11.829226203074 5.94979572445989 15.807983715409 29.0106971734995 40.8344080125589 34.2300411969469 26.571484743988 24.8737686716947 29.9536574242881 39.7433429900785 51.0810342665018 52.0472721927389 48.6291696598132 48.2843430309024 52.0671216510306 58.2278677698979 50.7434649510803 40.6107852710939 34.2355090664043 32.3395101686394 29.4302458883332 24.7422616461014 26.279632650261 33.7859834262016 43.3725642302145 38.3089530202093 29.639633665582 26.1340207685861 29.2423456457714 37.6546945877027 44.4131677930503 38.112581972982 34.9202266460806 37.1035096391263 44.0804589142009 54.5504323862871 65.6590630478888 62.5820340239969 54.8622524886833 49.7214907770805 38.9505892710307 25.9762042371611 15.7313843738306
