IBR/IBR_outputs/all.combrep_1/EucDistWater_Total.FireFreq_2000_2008_Total.PersistForestCover_Total/EucDistWater_Total.FireFreq_2000_2008_Total.PersistForestCover_Total.asc
NCOLS 160 
NROWS 95 
XLLCORNER 210004.651214014 
YLLCORNER 7350008.22228844 
CELLSIZE 4999.99999999997 
NODATA_value -9999 
[rows 63 to 83 of 95, columns 0 to 45 of 160]
-9999 -9999 -9999 -9999 -9999 28.9638881421669 38.1346266010451 50.3500805656555 56.8061208774955 43.0136819898327 28.8326967129252 16.1763431775312 7.83712074580584 13.3211680973074 25.388494558979 31.9465754178745 28.3018217658453 28.3370353592577 34.2528993590086 37.113858547106 24.2668598967156 11.8539427964845 5.18992207476854 13.1940584063521 15.9170079521853 18.3820652750827 19.7822298420114 11.1832942050443 7.95823928834473 13.2693066347613 9.27150795979759 12.8143237983411 21.8855766266657 19.7313583541608 14.5699939844501 9.32462261424863 6.92182931175747 9.03321209270054 14.2524945022771 15.2211719895335 15.1311450477467 11.3157725824989 7.55874205611133 9.70507508286323 13.5956623515607 8.95633497142846
-9999 -9999 -9999 -9999 -9999 18.5674352688262 30.3691978871046 44.1705788665513 56.5864672282618 47.6542144522863 34.8295917255664 24.7886741469644 19.94452742419 22.4053950170608 24.1354081108619 23.3729332225072 28.6578344721084 36.9725772441962 45.7941063058394 42.5785752983915 29.9312616524399 19.8532854625938 15.3208156461498 11.1249625692341 5.01527842323372 8.7164562504697 15.5627633093519 6.6991525702685 4.40481362738187 11.0548319711964 11.5269140664736 14.303712438665 14.7031091244151 10.7585316668708 7.90535580388748 4.16516398859104 3.10301343267944 3.87301609769946 11.3538566349183 22.8303623126376 27.1765639541709 22.7822706862834 19.5330825073508 20.6771964113375 17.2272107317103 9.1130910075734
-9999 -9999 -9999 -9999 -9999 15.0121542700582 28.1892583879536 42.5517610191489 57.6516592989657 56.2625295365348 45.1298156088699 37.2441570112204 32.7138705006994 24.7067896981822 13.92952672088 10.8371564530253 18.9424061665984 30.9696399182323 44.8829071197933 50.0918382428221 39.6571057485012 31.7552325054307 24.9989159537476 14.9643987301991 10.6412272199765 12.6107205661124 20.2693051608298 15.7183855399923 11.2080426666039 4.64504774347138 5.19465465209085 7.12994973457736 4.45154773674663 3.84900381307231 6.21220493087911 8.44816333052584 5.67101170310267 2.83221674163768 7.7759269055778 16.2639425568385 25.2755963111965 26.4590957556653 18.8924507008855 15.8227821602921 9.07244791476628 13.3124273780948
-9999 -9999 -9999 -9999 -9999 20.3176296104878 31.945798095275 45.5721731609705 60.6777623634422 67.2784770807361 57.7019818675392 46.8806363533834 33.7334640888305 20.7165062718043 9.01176838750801 4.72549620322074 15.7481540964487 28.9699664585001 43.2883219361651 56.2115641854714 49.5529379560218 36.4475129768349 23.1782244393941 12.11399997094 10.1734212375227 18.7500263818387 25.6514441505587 26.2780243195239 16.484655706454 5.54934752537578 2.88308133369016 2.69036147887124 6.52054881632711 11.611247831066 17.4095879961947 19.4787639069522 12.5282922387311 8.08830557810527 3.08684813499491 7.01667747639338 16.8722673368525 19.7712561569185 9.0328567786756 7.97928991057442 6.35476127737633 11.3293687502519
-9999 -9999 -9999 -9999 -9999 30.953505175707 40.172124890978 52.3877536263926 66.6554436586951 76.3919882201305 62.8290112412432 46.9335618451929 32.196389091907 18.5792444106175 6.41002856526685 5.88742804978352 16.0272866554119 27.2680444341591 39.7021921731545 53.6445804690155 50.9659069633145 36.0706733682188 22.472783351238 10.8213980197343 8.31651540137583 11.1177099661428 16.7152418002735 26.7569166991393 21.6842995227285 12.5119887501603 7.12661911173736 4.14117131786249 8.48648507933075 8.00557410848342 19.1599050969496 28.4958968114247 24.6281622236133 17.5595685455569 9.58101495418792 3.63340351857742 8.18466932659224 12.20279652067 11.803333562679 9.67091014053722 4.7620954470568 10.2757137213831
-9999 -9999 -9999 -9999 -9999 44.3190942898428 51.7832450621158 62.4666969770741 75.6238610469041 80.8563590029942 64.9976673974109 49.3399790824842 35.1011608785055 22.3412164269375 11.216850381822 3.84126162995879 9.6961920497832 21.8062875235881 35.2930322209262 49.7499610153825 54.3324025916843 40.9474737323687 29.0110811295773 20.4904398371748 14.066329081757 6.12136066568632 13.1942351898721 20.3249931363418 17.9585784680416 9.65338372866489 9.61503029102964 4.00606815398942 8.19082627623578 11.7096856201082 21.2381414649042 33.3865728483781 36.0158026767265 28.0087921097989 19.2257239966661 9.21337994563305 2.95757185981427 6.06039303100541 11.9688166230067 13.5328158708753 12.2815711945782 12.0231738453448
-9999 -9999 -9999 -9999 -9999 59.4469691286307 65.7867101158102 75.2618974295231 87.3025806595089 86.5506908456704 70.2324457450176 55.2827256627219 41.7127089429855 29.7450653875892 19.1259879856275 9.57380175373506 8.15772299125515 18.50172759261 31.4333361632639 45.7908938996645 55.5731455348354 43.1119488018786 29.6670365909005 18.3541890958738 12.3149050550157 11.0839068985241 9.6181547962592 9.66235470977889 10.5852260824888 8.37916859912502 8.47262105481786 3.41266082678538 4.47960523660837 14.747855288661 23.3481271813573 27.2158154569718 31.7882001170554 34.6238746845329 26.1131330456504 14.4562313254925 6.18160216394582 8.24561433383913 6.643880043728 8.81649677099468 10.9117045991713 4.11198229922464
-9999 -9999 -9999 -9999 -9999 76.1065881827107 81.7099936631254 90.1779545832625 99.9364116334647 94.312083520631 77.9075271460409 62.1945574420114 47.2301774192631 32.8701859555087 19.3683172355226 7.30346343047093 6.12279306990327 17.6604552348468 30.9622507028199 45.2976995614038 53.4011876569249 41.0845946943791 26.8283308428945 13.8360524823485 5.56710119921691 9.61466383295726 8.03376846218282 9.3245343994469 11.0296861714375 18.1269761624626 11.1071078895443 3.59285554322065 4.29211210862551 9.77443876695628 11.5861018205035 14.3339037163617 19.043458817152 24.9527924206778 30.1122486389446 23.9136685362879 16.4846801665011 13.3065364619428 4.90483225291511 8.16272735150119 15.3089219762242 12.2692097449117
-9999 -9999 -9999 -9999 -9999 89.1901475027254 88.5719980195711 88.9502358667584 91.3542179318396 94.0232827805483 81.4321015000867 64.2246483243005 48.2760754763342 33.5026805301277 19.8396967763012 7.31263703333906 5.75795832549303 17.3221184111444 30.0635155421309 39.3382044303289 43.3697388068473 40.3520768069202 29.1428390351164 19.6134037905141 14.8976188003803 18.5880350080342 19.5121862233888 20.6383304126419 20.6819743233868 22.362951098926 11.2790105382553 3.8512000446587 5.64067147828422 6.45507173353154 5.06809343076342 4.63836518236959 7.45997475631945 15.0400996526313 22.3007415822829 27.3160980979175 27.4205406922011 17.9460402340157 8.42030857623936 4.88605907708707 14.9394689692036 17.3118135845113
-9999 -9999 -9999 -9999 -9999 76.2723036259321 71.8992379690498 70.9376787262781 73.4477591895407 79.2569333526468 81.4755501272547 66.8015832934235 50.9373360490829 36.3808482096309 23.0845908827376 10.8681105513309 3.71521634647362 12.6983714113141 22.7756943318148 25.5931378489557 30.2578183745121 31.6957826799218 21.4570338698992 16.3848529323236 19.9600089335643 28.1973187361595 30.5396245402001 22.3854047950697 15.0678070298241 16.6656097003076 11.6487775090169 3.7941337942544 10.9309161843092 13.3044566208746 14.0633031733183 10.4844037621927 6.93304229876657 10.2167842504339 10.2642339949532 18.4268985650429 22.4328566046834 20.358083455657 11.9307877152763 4.04045794623583 10.1345874755337 11.763540552368
-9999 -9999 -9999 -9999 -9999 60.287382579514 55.2629031534721 54.1447333718132 57.0552374272573 63.5913538958064 72.2679907986366 70.7898498670916 55.5100319732459 40.7640717481186 27.1946392205761 15.3407971369091 5.48519292553728 7.06362341886821 12.3622173695896 12.6014352945202 20.0020633341618 26.0193718262245 14.583133521821 6.01493069662117 13.3603306090857 26.1787163825861 30.4190466703267 17.5535333022686 6.61328477392105 10.1683553939967 10.8244127613303 3.6642140721043 11.5928557492809 7.17992578764089 12.0566608059909 12.771262274998 5.9285508906536 5.95189371359385 3.87878806671472 9.12733081508126 10.8718415949262 9.46194514154329 10.5346040662336 3.47715448082867 10.4186964708842 16.0117156514117
-9999 -9999 -9999 -9999 -9999 46.1010459614721 40.0277484913242 38.6365190180219 42.2217149612196 49.4780236638017 59.2722675392824 69.3774296077085 60.7858969023623 46.7453826027142 34.2903328118132 22.7275774254634 12.8646843438845 4.8299609539846 4.94961369931222 6.12370042711537 16.0966106950198 23.5615598152948 17.8141496402973 11.585950485597 16.8833150023592 28.3158144812973 33.056621561159 21.7087302008638 13.9486478489825 15.7407848553165 11.9124143495278 3.83049703040526 12.0713546924051 10.3322193581058 13.794977616333 9.74124899061044 3.06224557652879 4.35691303417345 3.24125275843664 4.10581927904409 9.39249784573741 7.54685062106099 8.61399759957296 3.38325714350958 8.03146102925429 11.9738911395771
-9999 -9999 -9999 -9999 -9999 34.1965443500797 26.3214651327413 24.3749945490705 29.0049876475464 37.3078686222575 48.6994693597328 59.4405783996305 59.464114983809 54.304138479348 42.7094548459565 31.33461852544 19.5467339099221 8.57802625712829 3.84222207677463 10.165456709884 11.5440359937554 13.4654622802487 17.5728289435804 21.7192308963963 27.5574822947856 36.309686730342 39.5660997287115 28.3486637110255 19.2788179809468 15.5623100236065 12.4265480273851 7.46442592498333 15.4734597676467 15.8826814704416 15.6158611113238 11.6715603911331 5.69752958414241 4.76213623416258 3.67761940198631 5.92693351933101 11.0526252818426 10.9523801732468 13.6907617230815 8.68183703840011 3.57213667963263 6.97889928155126
-9999 -9999 -9999 -9999 -9999 25.9040294069846 15.008312505034 11.5254512695941 17.7295277745614 28.4249446656197 41.4314717549952 45.6913347327307 44.2183315816307 47.1158797728834 47.2639723482532 38.2666802126514 26.7608812953969 15.8356914490855 5.82188200401712 3.80299726117535 5.1277911344799 5.61805415319031 7.72528208596939 18.9204092716816 32.2599977965632 44.6711663768467 39.2431284047827 25.1866333471273 12.4819151470639 5.62581000413489 12.7432176805041 11.8899532339087 15.3888679109662 7.43167077902223 6.42929072722031 4.3091233858655 4.10820184324613 3.52376209034892 7.84997485499789 8.50204621926565 6.04144561218584 3.8193873141938 8.18234322390509 7.22759674680814 5.81355613594544 3.97055623651962
-9999 -9999 -9999 -9999 -9999 23.7811249767523 11.3375334767975 4.62940399369595 12.2570425874962 25.0912362414659 35.7293198024903 31.5654543667149 29.4675752762815 32.9517651632924 34.7045219660895 38.2580271884226 34.5535582943735 22.8763732802178 11.3934072620386 3.69174886771856 9.70361587571288 11.3839393902715 11.942191720637 21.1353038299508 31.472130762377 37.8721383458885 36.3564785270748 23.603128755633 12.45408095603 9.24735344114871 12.2076145026375 4.5056764676818 10.461763420099 9.68282790184069 10.3307713690437 10.4808149685097 6.83364119434263 2.69036192291342 4.24648073632712 13.446925557663 13.9774287326265 12.876494778357 11.5820458422633 5.30985008392679 11.6572093660036 8.22679667977189
-9999 -9999 -9999 -9999 -9999 26.0925821103026 17.1773406003792 13.0356603677961 18.0068455599029 28.5767803171757 29.0300561846727 19.2990400306076 16.0024402263391 20.2166323821884 20.8658396569382 26.9587758640359 35.8953774299758 28.9812067623595 16.9395643006196 6.93965251817908 6.77793352174306 13.1362298343119 18.9717322746968 20.4638733979573 20.7335993335369 24.9383992988404 27.1562673075188 19.9848573264986 9.21862187798549 7.62269215373974 15.5075353160367 7.29043359853767 5.28806511479801 15.0731286688085 12.5658127470206 6.57310118937697 4.20061225390214 2.53351996041946 4.21206984579948 12.9000815772501 21.4216059066533 22.1401762424731 14.645822870312 5.59198736485208 12.6590968338451 14.7977019148491
-9999 -9999 -9999 -9999 -9999 18.9837229627822 10.5145857481876 8.40248362464257 18.8101963083525 28.2923205350635 22.5434250407584 11.7821555256858 5.95832743494157 10.0495298594469 9.03701344656973 18.8605497761166 31.8366233187137 35.5738039906173 25.2482128070444 16.1665242926672 6.82597999730096 4.48092639055892 8.37170861412075 7.83427324448324 8.2627896977872 13.1431928573281 15.6390848126282 10.712536680116 9.27129396916797 8.71910155601798 17.8700343434291 12.0315995086171 3.86260364000975 9.84082965722738 9.71603747954578 6.06692601301499 10.5615464825134 6.90367254081309 3.10030737855616 11.5936637375627 11.9336464769462 13.1933525368588 17.7213354846571 14.3110096658044 11.8141039334141 10.9453680665339
-9999 -9999 -9999 -9999 -9999 -9999 7.26580619592077 9.81395220352173 16.8325070211635 17.1703053616294 12.5002856243775 6.24752017319003 4.16176680453536 6.8903118641602 8.89061118852531 18.8300352946727 31.8243761248588 41.8414505414963 35.1821590641229 24.3605640419703 14.7696318387998 6.94744067817756 4.54359898205174 5.84470638395444 3.95601709165997 5.07472180724511 9.80793713316323 4.23969613290586 4.20109789303058 7.29914156608966 15.0968712277455 12.110747939584 4.89908945988613 4.76471154104318 5.45817292166904 4.63924202973224 9.90973650680968 4.23264010428467 6.83677686071036 13.2940173683298 4.60121296281341 6.38003360659546 17.7803978841987 20.7193765451004 9.77358143052366 4.66508301303795
-9999 -9999 -9999 -9999 -9999 -9999 -9999 13.7177546051768 7.44553765601944 5.83960201676714 5.37295007344426 4.07521200336477 4.43217995315877 5.04234064302896 13.6801377498925 24.8506363730595 30.6156749729248 33.4906214950841 38.697899857737 34.1164531027001 24.9528167343549 18.0517198063035 16.5901378715439 15.1525759092683 5.49633143468401 5.11362978449046 10.4455585911658 10.3314646395545 4.76452049845712 4.68838671972071 8.76621775003768 15.5655086588561 6.70680717425627 4.52814811701501 10.0304020516965 8.01017909683507 13.0422432802483 8.13002046992034 7.00135398029306 14.2385622676684 8.5700045624262 6.89243301546152 16.4110171303339 14.2939282148234 9.07120125074781 11.4017337865936
-9999 -9999 -9999 -9999 -9999 -9999 -9999 -9999 4.4733441990082 8.65996788451972 11.395057542449 9.93861772489267 5.4457196662708 7.50754231582281 15.3280146468025 22.1625220220447 17.9250906689031 20.807831840623 30.001895114059 40.0241890373633 36.5385647480464 31.4459468134572 29.9139176845397 22.5603061260986 13.0321406715009 5.26418228432539 3.41141005216459 7.19015738842016 3.20163166024931 7.82948065362082 14.7882716274532 16.327332466 5.33532494165536 5.8032456963921 10.7156010821502 6.78569631376898 14.6261875450316 11.4319301361678 6.5184937674591 8.21741102883563 16.060259018658 15.8870163250108 12.9866612019164 4.99113908221095 5.05240474924453 5.8395102326291
-9999 -9999 -9999 -9999 -9999 -9999 -9999 -9999 -9999 18.6604342337123 22.6158306745674 17.2280045921026 9.66099231070027 5.93762103710619 15.1874882512165 16.2365113689364 6.73122552268105 11.5138306162193 22.7921196578319 35.3974994768479 46.1309216606259 45.7335131728354 42.153198592771 31.9593441746477 21.5824920145249 10.7378025767881 5.40359067682404 3.2926334250505 3.98873606107344 8.87291780722539 19.66090019999 20.6560409045125 9.99414130509685 4.78683023360533 11.9827794356133 12.3039994474607 11.3473758877176 6.56576406073231 6.1151170317289 7.78397210950146 14.7708337275214 15.8587666929868 5.75288778398804 4.06541339672062 6.12716778840204 4.07648203808954
