IBR/IBR_outputs/all.combrep_1/EucDistWater_Total.FireFreq_2000_2008_Total.PersistForestCover_Total/EucDistWater_Total.FireFreq_2000_2008_Total.PersistForestCover_Total.asc
NCOLS 160 
NROWS 95 
XLLCORNER 210004.651214014 
YLLCORNER 7350008.22228844 
CELLSIZE 4999.99999999997 
NODATA_value -9999 
[rows 42 to 62 of 95, columns 0 to 45 of 160]
-9999 -9999 -9999 -9999 -9999 -9999 -9999 -9999 -9999 -9999 -9999 -9999 -9999 -9999 -9999 -9999 -9999 -9999 -9999 -9999 -9999 2.41183818051195 7.65873250635711 14.0812042884804 5.51656149476867 6.50936006069975 13.6677897549765 9.30866575662518 13.2849407216557 24.918056925091 38.5667348275056 44.4403418522527 34.7395382244077 24.0253157511692 13.1248770373482 9.88704084945139 18.0242602787623 19.924006154741 16.4940808063814 20.8365396749386 24.68052817314 23.9842211549113 16.6703561412088 13.3693076578862 14.1131778962692 5.49295322648855
-9999 -9999 -9999 -9999 -9999 -9999 -9999 -9999 -9999 -9999 -9999 -9999 -9999 -9999 -9999 -9999 -9999 -9999 4.48448335167465 5.01902148905653 12.1652328088386 7.16761876246646 11.4211756211933 18.8740390826726 10.9483370870296 9.44238148587194 19.4501566458102 21.5496285211872 23.6937613058572 32.1168923640093 41.1171973564516 42.4404774292486 36.782203428896 23.6831409287474 11.6552524466157 7.49272766216664 9.02568046174575 12.2577344932085 6.34510193617795 13.8743658125282 24.1175898101226 24.9245151304068 21.9681106157987 16.6847174026626 13.8674930386945 10.4492292282787
-9999 -9999 -9999 -9999 -9999 -9999 -9999 -9999 -9999 -9999 -9999 -9999 -9999 -9999 -9999 1.35591217093791 2.70683171251568 3.62077700407699 8.38388531507305 4.11494710913081 11.8214745227356 18.3932565686766 21.7659397340764 27.290074759258 21.6516359330528 20.8672746837879 27.4799531123421 32.0124939968115 32.6515840173839 36.2878010595894 31.4888562619932 28.0605909792611 30.6405164903208 29.3237509812126 21.1894013223293 13.7952044519074 4.28327255757472 7.69310666411485 8.96788847117976 15.1638761585995 14.0256221906333 11.8091306911836 12.209891731448 5.89880581277019 5.42535004175721 3.82330582916605
-9999 -9999 -9999 -9999 -9999 -9999 -9999 -9999 -9999 -9999 -9999 -9999 -9999 14.5978045099321 5.94283907942575 3.63922607230595 7.3952257726567 7.07088451832209 13.9688037220148 14.2369639138758 19.1563294038281 28.4488741516919 34.4816808530273 38.1203531063707 32.4345553121551 29.8109865402968 29.411990956199 22.9065303595973 21.8473958683235 24.7991036259591 19.5991141267259 14.7075046015456 19.300597078899 29.6200056189479 30.9045539893792 19.2173471665065 8.32225118097557 3.39162586769775 7.66138397806681 8.63994890648538 4.87523019467352 3.92122992521288 3.79495683311887 6.77476315875596 11.9122288841834 11.4777961050033
-9999 -9999 -9999 -9999 -9999 -9999 -9999 -9999 -9999 -9999 -9999 -9999 32.2710534581683 22.6867718954341 12.1772238649967 4.18293479955795 8.66907169029543 15.9613211521455 17.1165016640152 10.5262661210908 15.3858375883801 26.9143990142958 39.7998371958719 36.145894835309 25.2028209141126 18.9457293790913 19.3281826849988 11.9949480145648 10.0061598192135 14.7975183519599 9.07563606689325 5.43258163185787 12.7152873065747 25.3236972954339 31.7169060875167 25.0662216358253 17.0372210819108 8.08413675551518 3.31300590982888 3.46688598709913 6.74915897817891 7.59948805620409 10.2808976340031 14.8562622008789 23.1687714085846 23.3006213291625
-9999 -9999 -9999 -9999 -9999 -9999 -9999 -9999 -9999 -9999 6.52323272878342 15.167023908207 25.8928163779351 24.5521136102321 18.3928491502634 7.61221663029833 4.79625198523271 15.8443883899911 15.4816186963392 6.58712551611082 12.8163799615495 25.4012228063814 38.090241339602 31.0483181814547 17.8899376444831 7.71458067496259 10.1060842196382 10.6251683887299 8.81611117580083 12.49835781823 4.1484112236818 4.81627317133564 11.5865733359257 23.1042532543267 20.9494392074245 17.2492048587117 19.0288563987694 11.920066227235 5.31456843801944 5.09928425211649 12.1550070759022 7.28306155799267 14.0294633866844 23.9885311849073 23.2190301433914 19.5487203242409
-9999 -9999 -9999 -9999 -9999 -9999 -9999 -9999 -9999 6.35262776485393 4.03802086298341 14.4352822434241 16.4279332059349 12.3342597941647 15.4155547223001 9.96320738641784 3.79571578543846 10.2578222471304 10.824600134024 13.4885775400223 20.6930248128924 30.7604488603077 40.8279240551281 31.7164492339281 19.1709660224874 8.6281659750447 5.09564870728121 14.6070969176162 19.443644278843 15.983896015553 8.87745740307074 13.9292045871657 20.0156173071828 23.9332825072809 13.0791403557674 6.41009885875015 12.8958260541329 5.92294060886487 7.15320025845758 9.44808630923001 17.6261152577916 18.786327014052 20.3842679181138 18.9766271864807 13.7158989600082 7.6261495476971
-9999 -9999 -9999 -9999 -9999 -9999 -9999 -9999 -9999 4.48685659915909 7.55958546189152 17.5763268732566 11.1665011837269 4.41741617144514 11.6275552353386 16.8481267423836 7.48380926041347 7.61526111106175 5.14934935797385 11.6695745232061 24.415540263878 37.8461464519869 40.6013758158101 28.4092338561603 18.5733912083153 13.4023809883148 8.38845863508938 9.37072099749154 17.5932060253051 19.8174069438271 14.1110868468119 17.7703718216866 27.3029504985963 25.97840489185 13.0936740373581 5.32039953870823 13.0147123196173 7.62658912978869 6.59849982748439 17.7088312548455 24.862238603722 19.5140975729045 12.1897354393684 10.0829928839365 6.55261071143542 8.70670205453947
-9999 -9999 -9999 -9999 -9999 -9999 -9999 -9999 8.75950184601997 5.30080708425794 11.9247043927933 21.9037790408886 17.2128055145902 13.3032764551398 17.5526822449714 17.4581839324736 7.20878769038323 5.40025686968702 12.8954617681995 18.4185470153077 28.6499937643034 41.2703022908127 37.6463204587685 23.675959989804 11.1424985850076 5.96654112023519 9.04555126388023 5.07931456512569 8.59883855897552 14.0193663159826 6.01067447240242 11.6759626701848 22.8927357741496 26.1731516076343 17.586122748082 12.2239248634542 15.6707576441176 7.49970656037876 4.99070930514368 12.5261553263744 18.9171792376841 13.1304384743589 6.16434436571704 9.11578582991511 6.09328617047273 14.3633908682828
-9999 -9999 -9999 -9999 -9999 -9999 -9999 -9999 21.3839844597932 16.0919905327917 20.666915701868 24.6774666009093 14.3177237476688 8.85119543261002 14.6344563158357 8.67113374140223 8.13815784024719 3.4664492851483 12.3545025635062 24.9211820085408 36.9669815113836 47.6214856899305 39.479794825419 26.2383348996095 14.9169321026945 7.25091605255119 12.6812960778458 8.50399752701145 4.56633086479841 13.0114957898637 13.084383542628 13.5505686052016 12.9687823127665 19.1632141491124 26.2178405282526 24.9781263472217 18.5531306409468 7.40282421175654 5.17499272617586 5.49293936793689 12.2359979624012 5.90363055022162 10.0565897331535 9.37995616753519 4.91022884073404 13.0661737906299
-9999 -9999 -9999 -9999 -9999 -9999 -9999 40.1255475833043 32.7062036628026 29.6050850397045 32.060292863372 25.8878604888628 13.6543170199478 7.8416445726152 14.4169380162487 9.30895628247725 9.86099200777598 4.02668382498346 12.2813639698421 24.1768547319357 36.1020228139981 47.2494326143545 45.9239352235049 34.0662231028507 23.92149560204 18.915111211757 21.5808974078097 17.8571534430843 13.8772057783689 19.1495351349153 21.9894117429345 10.818668427827 5.08355285604485 14.7345768727703 27.8270732194 34.5068961649091 24.4474203790243 16.9378437047126 15.1429037150374 11.2166869019966 16.2603631534431 12.3280788988382 9.65636555380214 5.99649633041327 5.29930041845427 7.57367989407085
-9999 -9999 -9999 -9999 -9999 -9999 59.507938383348 53.5202138263964 46.7276224251137 44.3693061975902 43.0022137123773 32.1787040080004 22.9075693367198 19.4198427429108 20.5263770374928 18.3263343008358 15.0332740364842 5.35559768211707 7.63619429421268 16.975250206232 26.9734339576808 38.8234078283061 49.2148806341065 42.3817173814747 34.4415736438643 31.2951589328906 33.2354967795953 30.1374592850443 27.1080806943122 27.4619756149721 23.1922524390992 15.9861770276005 12.5050417286762 17.2127719012362 26.7477217872071 30.0572678511258 29.6123983011347 29.0359460584961 27.0746604770497 24.1312774207405 22.4416633226776 11.0265075319728 5.49109950515899 7.70499716063072 5.30343738887268 6.94383351596535
-9999 -9999 -9999 -9999 -9999 -9999 75.0639724600301 67.8991507771693 62.3211700928311 60.167989775549 53.36322416546 42.177026135631 31.382356501361 20.1877006447001 11.706413898173 9.83643857629509 15.8277451832475 9.99250425812935 3.29030552823036 8.69235114630662 19.5724686309539 31.801931091103 42.9392525208546 35.5735923116305 27.1092944996316 24.2865232466858 28.4491825842616 36.4815682627687 34.3111920395053 22.3254263080865 12.9712426440487 13.0824338909233 9.03869954416581 9.46981966006501 18.8297181976173 16.7127280797082 18.4134529621685 24.2288042638899 32.9828017267959 36.2181694443829 25.607857042775 12.991360447518 4.58185821149361 4.10795005497611 5.37570107634976 3.35101821632179
-9999 -9999 -9999 -9999 -9999 101.677832847383 93.1316712601163 84.3319771402286 79.378412382598 74.6619399754749 60.9553032416124 45.5059653392519 30.9353231616952 17.6133768790949 6.96595501632324 7.08010038775433 16.5481283603929 16.740127035147 7.89901083779394 4.14457941616932 14.9715431523827 27.7038541258851 37.2884521857813 27.576798461779 16.226111881221 11.3946927553667 18.2463601837298 30.1832429243005 32.8591570545668 19.6733237569562 8.08036537588422 8.80520295811963 8.57975677902177 8.68359692164125 12.1580102241394 5.49294268193825 6.80761768330655 15.3148124486476 27.8027553674797 38.3306340675429 29.072109915378 16.6686975139428 8.11543031534526 4.15080577663108 4.81922136270452 6.15250924714288
-9999 -9999 -9999 -9999 -9999 90.836774645941 101.591226019604 101.77382041428 95.0704592061119 80.2398586727525 63.7013593621624 48.6066666452461 35.1222319357819 23.8812894933343 17.1747464600605 18.2674929383503 24.2643086095469 24.4880174490888 12.3926427940208 3.50887000929898 10.3609496281753 21.1476151106724 32.4248179363458 25.5401814225436 12.8116654382877 6.1774698302853 15.2476881853245 28.3058832584811 35.4304337719143 25.335302887143 17.445811326313 16.7499967804992 10.1226030263052 9.81645926928545 12.653228717087 8.13174871627698 8.11230669100809 15.4953521723792 27.8685261120775 32.3770471147143 24.0430603883592 19.3113502498551 16.2178994304827 8.8040923751557 7.2516695424639 15.2318339497333
-9999 -9999 -9999 -9999 -9999 79.4288068618903 88.4481086254849 100.858482069807 94.7518196511077 76.9689179784739 60.6615164267669 45.8835137286842 32.8814693219591 22.5678155646937 17.8236476010888 21.6531635477042 30.7613328064098 29.5279600595894 17.8536900638375 7.65872762114272 5.48798350584593 16.390831976762 26.4587525230913 29.3464718685908 20.4115900114645 16.7177181731804 22.0604516889819 28.4379499137877 28.9031960526781 30.7483724017263 27.4991158972471 21.3566860797946 14.553651502143 8.27142096148617 14.4812252741748 20.385527872153 20.5913057801855 24.6600584381583 31.1503187109267 22.9520052933201 13.7453877592949 8.32274782125948 15.7726841995763 19.5541529418501 18.2048032163495 24.1493633387781
-9999 -9999 -9999 -9999 -9999 64.2890786517007 75.0912359327394 88.9401281614101 90.9656997637351 74.0828646854752 57.3724714108891 41.9126251013364 27.6776302472142 14.8208642949983 6.57724302871204 13.7685717241646 26.4664835851568 34.8527159033556 25.6107988560075 15.6679209174581 9.98859225839542 8.91201633305231 17.8385462160319 29.8460702817943 32.5086417216662 30.1104896905677 27.1140103738931 18.4689344945358 15.577923464295 20.1054741485826 21.2951170211212 12.2413681089581 7.61006165821033 5.25331884646871 13.9280581004901 26.6882634635307 34.2050784693404 36.8613587269928 31.5914533889843 18.1711534803361 6.80269363645103 6.82961978024667 15.838891348728 27.5855281304247 31.6564345333004 28.1341159546117
-9999 -9999 -9999 -9999 -9999 52.1962267244036 64.2849590724558 79.067022514086 80.9623667562102 68.5239014108753 56.268020502879 42.7600963018613 28.9539633255881 16.9167539241238 10.2254347691576 15.9928174227972 24.8493619822334 27.6098281283686 30.7392047426963 23.3298702695048 10.7623243465163 4.31579190826627 14.9865551982214 28.3653052306392 41.320487645434 37.5027357915413 23.9148073880457 11.2698063131332 6.10159502581138 8.70991262124971 13.4997688649701 12.490292207758 6.68635685089064 8.86654326725367 18.7394903353562 29.2584955023357 33.1726732965818 33.2851109763401 29.3855696219158 22.0753782092122 14.1365214462193 15.7722893313159 24.3215517295097 32.7924841698311 35.6681245832553 29.2627026071802
-9999 -9999 -9999 -9999 -9999 42.4597577967384 56.5733988677944 72.022563793831 70.3770631570492 56.9087380969113 45.8309773096759 37.9147825771799 32.201514537303 26.4802766374236 22.9404190904122 21.9734695335699 15.1771165163759 14.9241204602338 23.7308959932659 26.7695938873533 16.1364029289908 11.6192574749234 18.6183038074326 30.5053785691402 43.3962499425725 39.9896018957913 26.7972488248992 16.1883422292148 12.1650897346353 7.70652606269296 13.0562400777963 19.6557160020698 10.4524645491894 6.44092185560771 14.4484698906515 19.3439631744073 19.538982392622 20.7361295324726 17.107945586289 20.9768055046258 21.1272188621557 23.6890505986717 27.6207004406864 24.5462239934636 22.2018108126105 21.1733775658461
-9999 -9999 -9999 -9999 -9999 37.6009341395463 52.6184060601045 67.8646585087414 62.7057359600138 48.0740792366073 35.3373332508301 25.4305363872259 20.772708025171 23.7104107313957 29.5544987072984 20.3398369413977 8.29103147122964 7.87772841021524 19.7647410204545 31.1009973855086 26.3133482797318 20.9574024439844 21.1982179177153 27.2432426316682 37.32026071949 40.7827891835246 28.8012536824737 18.6092171412876 14.8352089829799 16.980096850473 17.8682772107848 20.8651624128118 14.7663257326795 5.03612457450477 7.62069394410035 7.68424814467268 8.0867749362317 11.8688794912006 6.11551624931294 10.1051142171075 9.83449431023615 13.3081096272821 15.8772614528859 12.6738234108519 9.15866802772863 8.3278295802163
-9999 -9999 -9999 -9999 -9999 37.1641865603672 48.7909257502755 60.0490631733663 58.459900490389 43.163537753635 29.0282522412267 16.4885925314382 8.47894349377858 13.817069533003 25.4821466549514 24.5770273376426 15.7681099373603 15.531553422472 24.1500948818816 33.907987874771 25.0677976186025 13.5346353454899 9.59581489514536 17.8366830081961 27.7365500999343 31.113811909538 24.6881836801001 12.0682289195523 5.90056365083067 13.4652472694205 8.3561776260673 12.1276850396648 18.3410379950456 10.6409604616982 8.50313204949337 4.800992466567 4.80432465619036 5.15641942588394 5.33783120407672 4.69702534442642 4.6260460744355 3.93499792449618 5.83711963653159 4.05885534931328 4.47648306955565 6.35939791746317
