0,8.02368750978617,10.4548562505142,10.3326793456602,11.8048078504791,13.9133887223167,17.4664083978809,14.3136956957135,32.0661837515373,32.8133549464344,68.936736538961,40.1649111909838,36.6467852758629,35.178365165965,35.7175458218622,40.4444857506917,39.9497204228211,33.0855986031642,35.4654675716738,39.997369951604,33.1138952851682,30.7377570375199,31.4750078850721,40.6188070373453,54.8081972323774,63.9521092566172,48.5811392144623,51.2553044119191,40.4241338828852,31.0266841742284,29.1642780680662,34.2069622179317,42.9108291409737,50.8804846266508,39.6144819194229,36.1680771573993,52.5266101406716,51.692439212822,49.6112331612514,51.403621284037,55.6182294941331,59.2335818127555,55.094554433659,55.3315503862444,58.8284812790568,54.9123605464124,57.7503980917463,58.4459586317364,59.8388466799505,55.1762395858558,54.7483839791007,40.1946652723428,43.8475134173659,37.6807415709002,43.041435378734,35.2438799887462,38.2437570857651,36.2970852785024,24.5798394023416,37.5397444518203,31.2212070488469,32.3152043043834,25.7319950799762,36.5330240713227,23.4290036547295,37.4364734101707,54.8050531578784,57.4797902114796,55.6352421470954,54.6841412184744,57.7932686088195,54.4893093783423,61.3167180300659,64.5325488965921,81.0195327099058,29.3175344884156,31.7641472581352,70.9675428271959,30.8477993922004,27.0351397357107,33.8224232990285
8.02368750978617,0,10.9971129469561,8.51728034204166,8.57884924170332,13.7283853575867,17.0624250427929,13.291010873722,30.7609195091878,31.5093516271073,68.3621574386159,38.8686187759516,35.3478235255348,33.876908816981,35.2149647024528,39.9284625638911,38.914057517483,32.0975600640437,34.4417831349182,39.0051463298995,32.7117553083087,30.4029549952965,31.1455786148315,39.8861083102922,54.2728784695752,63.4119667701171,47.739245485583,50.4550671551319,39.9390976325478,29.7617319791223,27.8983976811635,32.928388975705,42.3770688360632,50.5587030713555,39.0927566930686,35.6485007022608,51.2400008835905,51.1343706719985,49.0540376457041,50.8452302419889,55.0504327323556,58.6654314743499,54.525606178443,54.7621579755939,58.2621622992332,54.3483061724551,57.1852024101126,57.881101648234,59.2741111454579,54.6109416291682,54.1849528125079,39.4126972646501,43.088144672015,36.9286413017492,42.1598484233846,34.5983613523508,37.61123228431,35.6542791039549,24.4856705082964,37.280623833618,31.0459786543619,32.1382520939818,25.6572502691178,35.5144550758681,22.4018446940037,36.4882588378951,54.252032689698,56.9276303830341,55.0826868307522,54.1311859525789,57.220027254968,53.9163490904257,60.7479456808067,63.9639104554785,80.4384981918718,28.5940741677331,31.0581644503606,70.3992649266709,30.3041152797594,27.0458636502155,32.4983179311788
10.4548562505142,10.9971129469561,0,14.3959233727245,14.5737805143949,12.0196160709222,16.821378096858,13.1961417140715,33.6011255599239,34.3447282869296,70.2322319258664,41.7328526530817,38.2112992598276,36.7279442910365,37.0007914818014,41.717619753206,41.6834990768254,34.8089691173638,37.1933824132872,41.7239957992712,34.8321704864313,32.3962975514467,33.1505492424689,41.8335882653677,56.1361515122896,65.2727719946211,49.8115291042679,52.4761013384276,41.7520553748052,32.4191180307794,30.5517862228625,35.6487772298894,44.2245287626847,52.4360353331771,40.8774540791388,37.4264974981953,54.113705878706,52.994738275763,50.9141088662127,52.706192445037,56.9144874602244,60.5299669079166,56.3902121537107,56.6273180124928,60.1273954863788,56.2124201225562,59.0500634973481,59.7455704333652,61.1388501136062,56.4757150266154,56.0487913617402,41.9153958154174,45.5745789407142,39.3946853296017,44.7784810733427,36.929002490453,39.9430334110502,38.007628024834,25.1325258815466,39.2838236760655,32.9347909351506,34.1086802792172,27.4738701864451,38.2515824740924,24.2912730961201,38.6263582010634,56.1122858304346,58.7876835630848,56.9427718305495,55.9913026403079,59.0880391967549,55.784111796559,62.6142795174635,65.8300104071836,82.3106963406772,30.4608404021835,32.9145082727588,72.2226653653785,31.8519318801566,28.4048846476202,35.3553485584983
10.3326793456602,8.51728034204166,14.3959233727245,0,8.79267616722033,16.4743036168481,19.4537256105576,16.1463923987218,31.9749150361516,32.7267847749358,69.768251539664,40.0485704062609,36.5314353486827,35.0758091191812,36.6306340055677,41.3518671459415,39.9169929315183,33.1138917515077,35.4518420185482,40.0176580755872,33.7765889338479,31.5299336240886,32.258795761609,41.3582580085374,55.6521457356806,64.7972305910854,49.2032922219317,51.924924422454,41.3196459211984,31.1124105126019,29.2541078196528,34.232010529924,43.7680213983681,51.7715829348761,40.5240620557069,37.0833492332861,52.3998576677554,52.5347502118103,50.4539412697555,52.2453951067217,56.4558039914585,60.0707067439031,55.9314761471269,56.1679473292992,59.6653821570821,55.7505718580129,58.587801855312,59.2837390700453,60.6764319724664,56.0136952570676,55.5869297204411,40.4404109173786,44.1109456250547,37.9647856488802,43.165099496979,35.6680767416378,38.6691834521775,36.7010893483058,26.3371287640503,38.344469317809,32.1530176657479,33.1751744821516,26.763900876226,36.5353944751744,24.1534162961228,37.9893085487075,55.6483607971988,58.3234127022314,56.47876887456,55.5275714588677,58.6266779419609,55.3229695043526,62.1522890623691,65.3683317135324,81.8481628391254,30.1183566588361,32.5767329977145,71.8369429755993,31.9131863740709,28.4448967862386,33.7166395478072
11.8048078504791,8.57884924170332,14.5737805143949,8.79267616722033,0,16.1336777172191,18.8812411954937,15.4647302382972,30.4537884633291,31.2070082720182,68.8698912423058,38.5344834848874,35.0149495735326,33.5576185709405,35.7883626368066,40.4986444139245,38.6435991193762,31.8822914338592,34.1885222842578,38.7827405613463,33.0651392312573,30.8588234911138,31.595476597166,40.3315728435984,54.7871539772019,63.9279176675913,48.0879245769032,50.843641456419,40.4938452681009,29.6379762735524,27.7795873065824,32.7404375896107,42.9032782626746,51.0948583040439,39.665903916679,36.2266569850452,50.8941994065806,51.6499859560054,49.5699076550865,51.3603888825764,55.5629225994276,59.1775488445586,55.0376404137916,55.2737614707658,58.7738278793597,54.8608941505241,57.6971886284043,58.3933939906917,59.786206035085,55.1229895592796,54.6977702543367,39.3953653912249,43.0877709815487,36.9454378838674,42.032819025408,34.7391960360507,37.7546040171503,35.7796739131828,25.7902944556291,37.7557833608113,31.6193357722179,32.6640935668421,26.3107521473455,35.2757942042156,22.9593761994083,36.7940288190381,54.7679232824276,57.4437027279447,55.5987206716948,54.6471812128234,57.7293537929874,54.4258725560403,61.2586956467127,64.4748403220765,80.9444013626056,29.1025357979718,31.574115794258,70.9418947039312,31.0377182781024,27.9830666185519,32.1777762933002
13.9133887223167,13.7283853575867,12.0196160709222,16.4743036168481,16.1336777172191,0,12.7204051382838,11.5557109020523,33.6519142605032,34.391209616054,70.0226469346901,41.8226889823272,38.2971205141427,36.7960593057138,36.7840228471692,41.4864270565276,41.9693335222011,35.0855698108501,37.4734504069396,42.0038912373005,35.1386063879722,32.6481289473093,33.4216156825212,41.5064850134828,55.9701132811005,65.0973604709336,49.4974526382074,52.1520268421821,41.5926704511639,32.2964234444112,30.4230387077543,35.5868853864048,44.0413473522116,52.5732470433651,40.6327932760266,37.1763670979761,54.2260835963359,52.7950923924666,50.7152571843799,52.5068514800031,56.7064626270149,60.3220673808809,56.1813374386947,56.418539156175,59.9227967553848,56.0094470165039,58.846497319953,59.5419694055101,60.9357441988322,56.2719046178232,55.8463059169234,42.1976394895416,45.8646086454322,39.6710094469827,45.0736687073156,37.179209261191,40.2095888180199,38.2858065723093,23.9417065608159,39.6351003455141,33.2691841386427,34.5221530247555,27.8557809038323,38.5217441759902,23.4188917993816,38.2489377326085,55.9191888471266,58.5954801248299,56.7500844235472,55.7981251513138,58.8776741243864,55.5738114589681,62.4077812704968,65.6234004049379,82.095148385443,30.0360200624418,32.5012515775842,71.9628488582644,31.2495845888314,28.4055854585916,35.4045713039071
17.4664083978809,17.0624250427929,16.821378096858,19.4537256105576,18.8812411954937,12.7204051382838,0,14.1122093786164,35.1618302234244,35.8968698625052,71.2347009823083,43.368825943537,39.8396939207853,38.3220570375914,37.9893370997445,42.6762561855037,43.6826651375568,36.7893350640217,39.1814047626468,43.7106530871643,36.8615621955195,34.3251055789299,35.1164791201514,42.5957785471197,57.2264570045056,66.3441786994452,50.605735603949,53.2473274089007,42.8575747046287,33.6349233619575,31.7558813835012,36.9856758153461,45.2803533279313,54.1426352275292,41.8083715888424,38.3462339777951,55.7927114126897,54.0172312970177,51.9382070235961,53.7293064397605,57.9200462639321,61.5357847882104,57.3940547582205,57.6313610333676,61.1399053519554,57.2282095606975,60.0646595145205,60.7600923037563,62.1543762569015,57.4898160151653,57.0655651714096,43.9001645519019,47.5735519102342,41.3674482117368,46.7902597048085,38.8492458491787,41.8946178965312,39.9816421567007,24.0534569610524,41.403519935262,35.0294263904712,36.3485212721666,29.6650209998941,40.2208732050763,23.8760357850664,39.2917119202146,57.148012925574,59.825214075024,57.9793255603271,57.0268671907617,60.0889016324353,56.7851022219626,63.6229552323266,66.8384571490462,83.3011061407508,31.0131191189341,33.4913959003846,73.1220309759894,32.0131024118846,29.8921958303731,36.9153211950612
14.3136956957135,13.291010873722,13.1961417140715,16.1463923987218,15.4647302382972,11.5557109020523,14.1122093786164,0,33.1799106486801,33.9195335654816,70.3161840973118,41.368525021068,37.8394336826599,36.3318395612515,37.1607118127325,41.8495722348339,41.8060719513237,34.9648900295253,37.3202439741571,41.8798415324206,35.54614230949,33.126003608796,33.9009152863292,41.6279762341358,56.3042301039007,65.4268804770012,49.4918475874042,52.1949052258054,41.9820448189093,31.8247383872883,29.9481513930138,35.1173516708219,44.3788844010544,53.0845330301046,40.9910377964281,37.5377632866315,53.7865264575403,53.1065167941502,51.0276002841462,52.8178762722604,57.0076017077872,60.6227890907283,56.4812445980255,56.7179282642743,60.2252813512273,56.3143587800544,59.1501632268256,59.8460261383082,61.2398903025487,56.5754779905824,56.151881581082,42.2672263954104,45.9543359617021,39.7679653305466,45.0530416156069,37.3753783235407,40.4156522520697,38.4813250043061,25.2025995110597,40.1611568878224,33.8727447280056,35.1053201339395,28.5337092310128,38.3711708740454,23.0506738618913,38.1094074752142,56.2357319695913,58.9129184340235,57.0671185634366,56.1147506421714,59.1728189002571,55.8692712445035,62.7076502045224,65.9234337046056,82.3818974751029,30.1728857309991,32.6588873703338,72.2690319720164,31.6496362087771,29.2925918295065,34.9127816979796
32.0661837515373,30.7609195091878,33.6011255599239,31.9749150361516,30.4537884633291,33.6519142605032,35.1618302234244,33.1799106486801,0,7.64164386978801,78.6018029701965,23.2560767462178,19.1207083714342,14.3669979717839,46.2595747232838,50.8704888370612,43.8129023748324,37.2902064011054,39.2833631436386,44.2586938101682,44.7855705777598,42.8371863465964,43.6683584385181,48.7700265823257,64.9169878889402,74.0104671572161,55.1624113081205,58.4919880588334,51.0735197352886,29.421745859086,28.0801576865223,27.6049950480464,53.0528783990511,62.9739468598898,50.0080239698839,46.5993123054312,38.7908740484641,61.5549040399003,59.4835706359868,61.261357350562,65.3700793953578,68.9804853450098,64.8330398687732,65.0639420810622,68.5926109142036,64.7030380166205,67.5272530249325,68.2273336341139,69.6208522365622,64.9522303765626,64.5462882094661,47.4707538242727,51.498785087316,45.2799513345481,49.2447980078085,44.0601988518791,47.2854590027829,45.2730167299404,40.0647234496063,50.6300860210666,44.8629663173172,46.2658588812353,40.1931017599097,39.914135789728,34.7406793217236,44.0290579469092,64.7220777730583,67.4065479929289,65.5576144520257,64.6020827750873,67.4780488269203,64.1777002211382,71.0523689176371,74.2702213125743,90.6123578499229,38.4500551724429,40.9779573065209,80.859276700295,42.2265164299585,41.5819382921439,20.9296059005069
32.8133549464344,31.5093516271073,34.3447282869296,32.7267847749358,31.2070082720182,34.391209616054,35.8968698625052,33.9195335654816,7.64164386978801,0,79.3007062923506,24.3775195007426,20.3319911074863,15.5075803644976,46.9702657071255,51.5782701485058,44.6630340973617,38.1346230426452,40.1330783837828,45.1030721687835,45.5554762193943,43.5997379892175,44.4318453527763,49.4343481798963,65.6293688263635,74.7206296553079,55.7998221416474,59.1406884662976,51.7923461281976,29.9611359255522,28.634667459264,27.9843994969814,53.7630070569997,63.725937435733,50.7139839531157,47.3052218670489,39.8342628976664,62.2584026962977,60.1873375410421,61.9648203025802,66.0706482655967,69.6809872038565,65.5332762836103,65.7640881601429,69.2938278618663,65.4049110311806,68.2288180947057,68.9289691436626,70.3225640932015,65.6537486876498,65.2483458011142,48.2818880420239,52.3065948299988,46.0870391739888,50.0687523090806,44.8516466808476,48.0763146680023,46.0657092268985,40.7918669033334,51.3921728307507,45.6208349398551,47.0253778083945,40.9486594946633,40.7648379691144,35.451659485782,44.6771270992864,65.4273770668662,68.1121318065992,66.2630578291151,65.3073841906131,68.1771897407641,64.8769107303452,71.7528616492556,74.9707337842023,91.3092895768213,39.1300942427579,41.6590139524899,81.5565217003522,42.9287824916515,42.3217080236931,21.9717703878232
68.936736538961,68.3621574386159,70.2322319258664,69.768251539664,68.8698912423058,70.0226469346901,71.2347009823083,70.3161840973118,78.6018029701965,79.3007062923506,0,86.890102223177,83.3699404710352,81.7978584627377,57.4301202059507,61.3586474010299,85.6742566635542,78.2353927174296,81.0048610594984,85.2337868837001,76.3717232031799,73.0687766057593,74.3682955377594,68.4535639984076,61.1692944031615,67.1772312920966,80.1077028004054,81.6859786940715,63.1806682858072,76.1947849780419,74.3756055495231,79.6161079324293,50.9728657497869,90.2781471626119,61.4591220054521,59.147471143465,99.3191346260254,45.7746194803933,43.9436520550471,43.7767043719525,48.0546284593423,50.6370994642453,47.2713830428301,46.3796740884812,41.5078530432528,39.8245666496553,39.5888053292254,42.9215459631126,41.0919434499784,38.3920152719384,40.0819371767807,83.6358108338358,87.3514470862448,80.7234003010724,87.5566609529787,76.6467358508678,80.2079366181182,78.7148930100834,73.372538223684,82.5404714602883,76.5713185117002,78.8711728353626,72.5563641219306,81.9208740933543,71.5100372448987,77.1101910146633,47.9662972643598,51.4359285198862,49.3113278136873,48.0945722014451,44.5928574997782,41.9334180389782,43.2782396487827,48.2911367952076,68.9917244742067,65.0797792847423,66.6660093764858,89.3226524698125,70.7409184988515,71.3300687418888,80.5779240128266
40.1649111909838,38.8686187759516,41.7328526530817,40.0485704062609,38.5344834848874,41.8226889823272,43.368825943537,41.368525021068,23.2560767462178,24.3775195007426,86.890102223177,0,13.3344590901848,20.1858425080904,54.4709581446003,59.1094459358686,50.2268041987432,43.7121197539192,45.6610462328527,50.7064645511836,52.3929139679635,50.5352886363757,51.3607406811748,57.3798345649295,73.0832873859153,82.1983176228259,63.9696017818536,67.2194630102884,59.197083059847,39.1741675788051,37.7491239824128,38.1788156849282,61.2462635551592,70.7849610336186,58.2669607793568,54.8615747704495,34.2772563817511,69.8047906956752,67.7310825673681,69.5113028009152,73.6457161222304,77.2565157865333,73.1115362686747,73.343014418057,76.8615766636065,72.9663906724665,75.7931339949577,76.4927428435684,77.8854167093174,73.2185917256566,72.808042764739,54.4420019707103,58.5305729681715,52.3051784874739,56.0503635657176,51.3059448004561,54.5514774474835,52.5190766097095,48.290401188496,58.3747595293637,52.6685723180696,54.0699872710282,48.0502022818482,46.1093579119022,43.1856434714722,52.8557697208471,72.9552326584029,75.637146605664,73.789502903977,72.8352755165853,75.7651630753295,72.4642854696989,79.3275964516294,82.5453796126756,98.9181949267088,46.9966710153468,49.5092595388618,89.1882169276145,50.6173641769303,49.6043809315425,31.7242921081162
36.6467852758629,35.3478235255348,38.2112992598276,36.5314353486827,35.0149495735326,38.2971205141427,39.8396939207853,37.8394336826599,19.1207083714342,20.3319911074863,83.3699404710352,13.3344590901848,0,15.8475259162589,50.9577606890234,55.5929895235068,46.9602979481685,40.4536132984247,42.404681406406,47.4412291051195,48.9532863667144,47.0835437162479,47.9093567965122,53.8221696935978,69.5773678217213,78.6897843174697,60.392080170703,63.6497524344889,55.6950093612686,35.4985530553641,34.0796973795789,34.4440972700285,57.7367308930789,67.3191862574591,54.7479675609718,51.3420074864182,33.7970064919728,66.2889043837268,64.2154696683534,65.9954266501343,70.1268777123555,73.7376449848664,69.592374127959,69.823800464361,73.3435668214615,69.4490144785324,72.2754795661924,72.9751328405516,74.3679150049602,69.7008776456449,69.2908482536791,51.0973455413398,55.1760360412299,48.9531306053289,52.7275519399203,47.9221898167745,51.1639259123461,49.1339423397427,44.7633865353863,54.9139054031389,49.1990264022221,50.5992732471295,44.5722485168153,42.9004535816732,39.6301423326567,49.2706615968583,69.4413261985428,72.1235372034238,70.2757417425555,69.3213608717475,72.2450787284034,68.9442564191075,75.8088753169933,79.0266596265264,95.3960093679653,43.441788513075,45.9564364141013,85.6617278312291,47.0767020089987,46.1065295652873,27.8041256797159
35.178365165965,33.876908816981,36.7279442910365,35.0758091191812,33.5576185709405,36.7960593057138,38.3220570375914,36.3318395612515,14.3669979717839,15.5075803644976,81.7978584627377,20.1858425080904,15.8475259162589,0,49.4221253664484,54.0451290808059,46.1889246451547,39.6697309161199,41.6436309784879,46.6495013728196,47.6830324167926,45.774442806726,46.6030809585375,52.1071211094052,68.0596807420902,77.1625941505554,58.5857196139711,61.8805212453543,54.1975488296037,33.27160413881,31.8932002346371,31.8165233504367,56.2074510446776,65.9607673117937,53.1914364803881,49.7841968201423,37.5302676718333,64.7341765465185,62.6618045785663,64.4406538476467,68.5606124261872,72.1711891175939,68.0248230090603,68.2559754721838,71.7802196523271,67.8881933454563,70.7135126726376,71.4133880378601,72.8065360279726,68.1387005763622,67.7307448920145,50.0901348957106,54.1445832864081,47.9229566980023,51.7916626492795,46.7996736327724,50.0337506146621,48.0125486256124,43.2334397029407,53.587559054196,47.8471301914901,49.2492646943889,43.1997461008342,42.194408924171,38.0064300242811,47.4629871191135,67.8940282803186,70.5773804434175,68.7290112067854,67.7740501613373,70.6735930471485,67.373013742937,74.2427150861084,77.460537980107,93.8160844812509,41.760264389478,44.2813613087042,84.0733119890109,45.4681802425256,44.6613119721543,25.275049974176
35.7175458218622,35.2149647024528,37.0007914818014,36.6306340055677,35.7883626368066,36.7840228471692,37.9893370997445,37.1607118127325,46.2595747232838,46.9702657071255,57.4301202059507,54.4709581446003,50.9577606890234,49.4221253664484,0,22.4542976432009,52.8755488926208,45.430574705008,48.2085946613421,52.4263077614272,43.0198251845045,39.5589324000986,40.8704792754171,39.9603762483631,42.2571193872315,51.2545099183975,51.2994514083248,52.8699910765709,26.7214111499848,44.124977444138,42.2888379105488,47.5470265159727,28.8942372149832,56.428007565959,24.4596536925177,21.5929331461524,66.8571449358273,39.240556057496,37.1186703559032,38.9930181620381,43.6475252606159,47.2941787674264,43.1863084488012,43.46024124625,46.8593719410606,42.8236951240287,45.731030856264,46.3977654812142,47.8007220380162,43.1554499364534,42.6284085515146,50.7341640933223,54.4221998022766,47.8178148816103,54.6837010170026,43.7338826512433,47.2386755098862,45.7302594141047,39.8486342031358,49.0183282204737,42.9563788253092,45.3281823795711,38.9370457483851,49.1351704966361,38.5610105034665,45.2017896264778,42.2373973535599,44.8834502768287,43.0473798309085,42.104914030772,46.164434459097,42.8416729628075,49.4718891528921,52.6737368127096,69.8215211636788,32.3665116951451,33.9768583395998,60.0431478534936,37.0152637070539,37.1287523698724,48.2100469813257
40.4444857506917,39.9284625638911,41.717619753206,41.3518671459415,40.4986444139245,41.4864270565276,42.6762561855037,41.8495722348339,50.8704888370612,51.5782701485058,61.3586474010299,59.1094459358686,55.5929895235068,54.0451290808059,22.4542976432009,0,57.7327918980495,50.3153557744565,53.0728528106289,57.3082525826205,48.0810454114956,44.6623657638815,45.951103760574,43.7066550712185,47.0538491014774,55.8807123215656,55.2700340676423,56.7767702004465,33.7806394322846,48.636840221553,46.800451824815,52.0827790226009,33.5738453428473,61.6616812742292,22.8784942025224,21.4571610259838,71.5127258503849,43.3243626491827,41.2234827306745,43.0945475682546,47.5180308623616,51.178206783856,47.0387175891621,47.3266940275147,50.8620795630644,46.8588952878615,49.7592349936791,50.4191725988561,51.840714229682,47.1750992544254,46.674278435186,55.7257502264276,59.4167745982353,52.8290173194267,59.6192642330144,48.8243488960224,52.3117168193811,50.785142703335,44.527314753111,54.0258499190092,47.9519908788359,50.286099323499,43.8843443675449,54.0012604968235,43.1312148189822,49.4917240466545,46.4970035689132,49.1629440974427,47.3160449083834,46.3625028847667,50.032742222877,46.7074742731942,53.4336007562476,56.627938555542,73.6003682087224,36.5108018178635,38.0775906970556,61.9345254769418,41.4453843937061,42.0905922343574,52.8194166014316
39.9497204228211,38.914057517483,41.6834990768254,39.9169929315183,38.6435991193762,41.9693335222011,43.6826651375568,41.8060719513237,43.8129023748324,44.6630340973617,85.6742566635542,50.2268041987432,46.9602979481685,46.1889246451547,52.8755488926208,57.7327918980495,0,22.3220441831967,19.8527075094879,25.5135613298935,45.7914845108222,44.8223725185523,45.6466540921022,58.6566152861306,70.9055408931514,80.201409687683,66.4457829972047,69.2310303134677,56.8174840263348,47.0025279674362,45.2796370448384,48.9201808153245,59.3327489480462,66.0385004669671,57.0685382652319,53.7096740995165,61.4106178886399,68.3091496510324,66.2171605896162,68.0142670807435,72.3468998198528,75.9593322942131,71.8341305774958,72.0684768927481,75.5048706580497,71.5678355365585,74.4126498791514,75.1096991447998,76.4946704225119,71.8422775119148,71.3974341934574,39.8944245346131,44.8014296518834,38.4827033828251,38.8902924048685,40.1306233417798,43.6954156088388,41.4736844172582,48.2341538311882,53.5216961580795,48.4808979455979,50.0666021361682,44.5729353374647,27.9639078413664,44.9857733283073,55.918599609347,71.3248576890923,73.9867742225808,72.1494284256463,71.2056166388747,74.5465376272141,71.2421911564333,78.0180539854237,81.2360400919675,97.8377962028695,48.235752527811,50.6070276371595,88.4604993067718,51.1244780985627,47.4068910816998,46.2779818848256
33.0855986031642,32.0975600640437,34.8089691173638,33.1138917515077,31.8822914338592,35.0855698108501,36.7893350640217,34.9648900295253,37.2902064011054,38.1346230426452,78.2353927174296,43.7121197539192,40.4536132984247,39.6697309161199,45.430574705008,50.3153557744565,22.3220441831967,0,13.8578809206543,16.457623838847,37.8510330791725,36.9706540222029,37.8176416703803,51.5283636276438,63.3388495518788,72.6608681826458,59.4156677825702,62.1661142544188,49.2554033469395,40.3455618834662,38.6193680859713,42.3064737739182,51.8111710266664,58.2704465707941,49.6775194877943,46.3283711790083,54.8850165776767,60.83745968478,58.7431352579047,60.5420523957024,64.9000810928373,68.5124663097623,64.3899335521589,64.6243602379988,68.0494594240061,64.1073264012503,66.9541929566016,67.6511134891679,69.0348773850673,64.3844411554419,63.935430249937,30.6114231696243,35.9015054401992,29.0501009235445,30.8778553680284,30.9935495211299,34.752703844232,32.5837845892465,41.2280049641733,45.9192149629845,40.971408621681,42.6419109347354,37.2042861239853,16.7798389322672,38.1478284452089,49.00308824438,63.8347943035913,66.4940867467572,64.6581323003721,63.7157280334462,67.1084674232901,63.8037872208361,70.5684790816705,73.7866255627221,90.416296621103,41.164094457699,43.5165114506576,81.1142845605939,44.0472032178469,40.112045137997,39.7765411554953
35.4654675716738,34.4417831349182,37.1933824132872,35.4518420185482,34.1885222842578,37.4734504069396,39.1814047626468,37.3202439741571,39.2833631436386,40.1330783837828,81.0048610594984,45.6610462328527,42.404681406406,41.6436309784879,48.2085946613421,53.0728528106289,19.8527075094879,13.8578809206543,0,19.1071203009403,41.0283953173683,40.0736878906864,40.9072005935682,54.0666558144843,66.2023905809733,75.5053582772991,61.8766744743832,64.6548856984217,52.118792047642,42.5047890587777,40.7829251937027,44.4160586869095,54.6424366852488,61.3023787851736,52.4157399445532,49.0597352861234,56.8107151472011,63.631476420602,61.538879786597,63.3364256358711,67.6756715566209,71.2880687614249,67.163573991739,67.3979155606702,70.8312993300825,66.8929601667887,69.7382852854714,70.4353190110372,71.819955839715,67.1680823646401,66.7221739339187,34.8075460526075,39.8615544494838,33.2929703609965,34.5348781643693,34.9778390395636,38.6207949189203,36.4300327418764,43.7003633471461,48.8524980180043,43.8334462438565,45.4477249982758,39.9646761712607,20.972874148274,40.484440313178,51.3805883689566,66.6422948500685,69.3035216908065,67.4665452578076,66.5231071399523,69.8774509706576,66.5730274354291,73.3459842172242,76.5640241116954,93.1729224772882,43.6647138089041,46.0312172404817,83.8178020664047,46.5596124052315,42.8033800703661,41.7756889057748
39.997369951604,39.0051463298995,41.7239957992712,40.0176580755872,38.7827405613463,42.0038912373005,43.7106530871643,41.8798415324206,44.2586938101682,45.1030721687835,85.2337868837001,50.7064645511836,47.4412291051195,46.6495013728196,52.4263077614272,57.3082525826205,25.5135613298935,16.457623838847,19.1071203009403,0,44.8612233857675,43.982961286102,44.8241332913389,58.4941592230147,70.351620332383,79.6705371270722,66.3743821308982,69.1270825908251,56.2647871944485,47.2827952309436,45.5556712700291,49.251143392101,58.8180953366003,65.2849546657009,56.6673446758877,53.3168744258575,61.9026003226837,67.8392247149172,65.7451551686511,67.5439004846613,71.8991527073539,75.5115615987402,71.3887274813268,71.6231660612283,75.0495556484344,71.1079611112873,73.9546223836677,74.6515424294702,76.0354546114708,71.3847963579262,70.9362248943655,37.6175286230425,42.8263425402929,36.1941616120671,37.0396921809268,38.2077145139636,41.9100827925416,39.7097993653289,48.162745407273,52.893523368765,47.9398651786583,49.5965124120915,44.1575215105876,25.5417868622799,45.0739838190438,55.9487933884633,70.8386551092156,73.4982399154685,71.6621274169658,70.7195632555845,74.106692605571,70.8020409829806,77.5679518401955,80.786071091595,97.4127924907945,48.1207853933475,50.4750945858832,88.1005306189121,50.9987983797193,47.0710478611358,46.7273974914606
33.1138952851682,32.7117553083087,34.8321704864313,33.7765889338479,33.0651392312573,35.1386063879722,36.8615621955195,35.54614230949,44.7855705777598,45.5554762193943,76.3717232031799,52.3929139679635,48.9532863667144,47.6830324167926,43.0198251845045,48.0810454114956,45.7914845108222,37.8510330791725,41.0283953173683,44.8612233857675,0,21.8956440222849,20.073609943936,51.3664090744692,60.9665777706914,70.3671636971523,60.1418562585784,62.5569779799908,46.3544246920394,44.7836800293124,42.9731552730761,47.628931858693,49.4936942492733,48.9077329050219,47.5515443414384,44.2124363327154,64.3993934147896,58.7939607670315,56.6890061971689,58.4999812703384,62.9730132353406,66.5878319612166,62.4760460030737,62.7137883265398,66.0957458544426,62.1278613215394,64.9867706170867,65.6809896827397,67.061685338433,62.4188881734001,61.9487112509455,40.152302016758,43.187572668777,36.933880648129,45.4164504536146,32.0800219467917,34.2778210050095,32.4758501956427,40.2613847297565,32.9500256557128,30.6597217019585,33.7912528174509,29.5956327751039,41.9793132158044,39.4733723061977,50.4453512974953,61.7217799552092,64.3701537634627,62.5395155436468,61.6024908502318,65.2367434574882,61.9294341702445,68.6432343350047,71.8607180755649,88.6313938042475,41.0805745502142,43.2943050865901,79.4105709483958,43.3905285972739,35.2907700887431,46.8089747248205
30.7377570375199,30.4029549952965,32.3962975514467,31.5299336240886,30.8588234911138,32.6481289473093,34.3251055789299,33.126003608796,42.8371863465964,43.5997379892175,73.0687766057593,50.5352886363757,47.0835437162479,45.774442806726,39.5589324000986,44.6623657638815,44.8223725185523,36.9706540222029,40.0736878906864,43.982961286102,21.8956440222849,0,13.454515487624,48.3745065635557,57.60116054855,67.0067176916577,57.3107005576093,59.6671713957593,42.7879709541601,42.5523596620444,40.7352665104185,45.4804385532571,46.1113907606497,41.2044739935287,44.1531067514045,40.8128902683266,62.6014687887972,55.4604192570471,53.3538807455884,55.1671659040054,59.6572846053987,63.2727926856476,59.1624467310711,59.4010450530564,62.7776061293756,58.8055748796685,61.6666219186615,62.3601642211132,63.7407258083755,59.0988906803149,58.6252916507307,39.9597710592856,43.2144658287528,36.7778507821091,44.9482969892777,31.8087939305221,34.4834403275505,32.9233025772824,37.4581028442696,31.4138226909591,26.9026302265314,31.5043388181333,26.3523921732838,41.0169194527766,36.9665019431481,47.781133198717,58.3800215334803,61.0269537515525,59.1969375715587,58.2605434074322,61.931182133647,58.6233474796999,65.3295606091392,68.5467723009486,85.3401888870961,38.1370862194528,40.3190506645254,76.1094080129166,40.4120543855085,31.5157519465006,44.8368923034379
31.4750078850721,31.1455786148315,33.1505492424689,32.258795761609,31.595476597166,33.4216156825212,35.1164791201514,33.9009152863292,43.6683584385181,44.4318453527763,74.3682955377594,51.3607406811748,47.9093567965122,46.6030809585375,40.8704792754171,45.951103760574,45.6466540921022,37.8176416703803,40.9072005935682,44.8241332913389,20.073609943936,13.454515487624,0,49.4676044574872,58.9788283851293,68.3691330072104,58.3497317315379,60.724211660468,44.2027353925183,43.4143767601066,41.5973154126951,46.3343121005602,47.4654940544266,44.1207214478853,45.4220783949659,42.0747911211294,63.4241359193824,56.7810771176892,54.6760243992321,56.4881047282282,60.9620608760937,64.5775795851505,60.4655401596966,60.7040667488316,64.0877407512576,60.1189686073514,62.9786837382541,63.6723320081349,65.0536288743689,60.4105707788091,59.9396376663481,40.810505692467,44.0233212902732,37.651580615267,45.7697060254751,32.8385402132188,35.4043704967694,33.7588672979889,38.3024886657443,30.7319889892453,26.9152368000374,31.6508449802634,26.7518110452351,41.8595224915918,37.8188911645824,48.7407486721629,59.7120247859588,62.3605833183933,60.5297165629681,59.5924613932057,63.230275964716,59.9226602995889,66.6359752228877,69.8530966470213,86.6286545485609,39.1756883782334,41.3706255577126,77.3463925716423,41.4091155380375,32.4222252250251,45.6658897403181
40.6188070373453,39.8861083102922,41.8335882653677,41.3582580085374,40.3315728435984,41.5064850134828,42.5957785471197,41.6279762341358,48.7700265823257,49.4343481798963,68.4535639984076,57.3798345649295,53.8221696935978,52.1071211094052,39.9603762483631,43.7066550712185,58.6566152861306,51.5283636276438,54.0666558144843,58.4941592230147,51.3664090744692,48.3745065635557,49.4676044574872,0,58.1432185264547,66.697485107247,36.9383067024645,34.79099596952,46.5510099777428,45.156561198638,43.3347540596786,48.8846352239816,45.8528337625163,66.5186126908341,42.3810817716343,39.0840658504398,70.0068466751286,52.5502287735467,50.5502009079276,52.2522282018266,55.5834822343015,59.1828116313014,54.9589621390053,55.1736506015668,59.0121873397814,55.2900671519564,58.0388890701585,58.7529079455448,60.1715504530702,55.4495052292316,55.1809831917748,58.1117973830536,61.8478821976492,55.4214633935523,61.40775763973,52.2408081502207,55.5676479151689,53.8631455015172,44.9215303061253,56.9258396280985,50.8102992428437,52.7726668857343,46.3439514885511,55.0032893471561,41.6427475583025,43.0312369798764,56.1924126322555,58.949381713799,57.0648077567283,56.0731862605683,57.3501680948102,54.064588257632,61.284838717476,64.5037778581307,79.9181477333588,31.2364490020158,32.422775579005,69.5083581053836,40.9801855580196,45.2224798703243,50.7339979586812
54.8081972323774,54.2728784695752,56.1361515122896,55.6521457356806,54.7871539772019,55.9701132811005,57.2264570045056,56.3042301039007,64.9169878889402,65.6293688263635,61.1692944031615,73.0832873859153,69.5773678217213,68.0596807420902,42.2571193872315,47.0538491014774,70.9055408931514,63.3388495518788,66.2023905809733,70.351620332383,60.9665777706914,57.60116054855,58.9788283851293,58.1432185264547,0,31.0496957529584,69.4186638262483,71.066753101004,46.2313799600082,62.9198274722268,61.0955160395398,66.2695756859163,33.5188922704968,74.5758432462102,47.6914082551078,45.305889388557,85.4369637358891,41.3324545223857,38.9580828427695,40.7000384506408,48.1644196898055,51.6512794130729,47.9042640033137,48.0180193543375,49.5875194563511,45.1264721410899,48.0639376602528,48.8888393502244,49.9333719376455,45.6465332026433,44.7829801340488,68.2753439171327,71.9924653361916,65.2710306025799,72.448109829235,60.8207399530472,64.502156727956,63.103364667328,59.3719541890073,67.4482580603927,61.5737441175448,63.9815021222516,57.7409279454471,67.1074123908708,57.8411827895578,64.4196452445643,40.2578684143196,42.3574836572636,40.8908575376603,40.3166673621909,50.7317197198866,47.4349814632889,52.7695243942941,56.0840900649979,75.587038325039,52.3333237459446,53.9935202986928,78.4773889649531,57.2310737172498,56.697382678238,66.8949411283956
63.9521092566172,63.4119667701171,65.2727719946211,64.7972305910854,63.9279176675913,65.0973604709336,66.3441786994452,65.4268804770012,74.0104671572161,74.7206296553079,67.1772312920966,82.1983176228259,78.6897843174697,77.1625941505554,51.2545099183975,55.8807123215656,80.201409687683,72.6608681826458,75.5053582772991,79.6705371270722,70.3671636971523,67.0067176916577,68.3691330072104,66.697485107247,31.0496957529584,0,78.0541566925818,79.6823619416542,55.6801310823814,71.9412741815424,70.1171598545416,75.3061906375721,41.7946446559125,84.0121632041239,56.4701576090701,54.1242454406571,94.5655306261988,47.3741527784993,44.9550547803957,46.5683836057436,54.6022014347309,58.037599708045,54.3686629574035,54.4303194112195,55.4693013871635,50.9298844471122,53.8205571472563,54.7351970689931,55.6169126538353,51.4717245281728,50.5515744368232,77.6886496603435,81.404117160238,74.7031542012375,81.8107030723106,70.3297133209255,73.983476845253,72.5644843440603,68.475291451165,76.7766928216229,70.8784997825392,73.267453203454,67.0081714028641,76.4131582112758,66.9017657689025,73.3238927861861,44.3225866741142,46.115102635176,44.8896337283474,44.5489888884305,57.0693117496912,53.7857932501163,58.7861779727346,62.1466595093727,82.1385459073028,61.2070717734345,62.8518605643921,86.869135730488,66.2216755327148,65.9015751510495,75.9867750164004
48.5811392144623,47.739245485583,49.8115291042679,49.2032922219317,48.0879245769032,49.4974526382074,50.605735603949,49.4918475874042,55.1624113081205,55.7998221416474,80.1077028004054,63.9696017818536,60.392080170703,58.5857196139711,51.2994514083248,55.2700340676423,66.4457829972047,59.4156677825702,61.8766744743832,66.3743821308982,60.1418562585784,57.3107005576093,58.3497317315379,36.9383067024645,69.4186638262483,78.0541566925818,0,32.7431576488714,57.4902691089249,50.8117713572323,49.0197853458735,54.6223512024021,57.236416099171,75.817078019697,54.093322868939,50.7813635768292,76.7109923109954,64.1433452558898,62.13421468763,63.8381381021842,67.2739899263585,70.8672540781178,66.6584255247736,66.8666740303921,70.6405378313935,66.9045037883,69.65571765459,70.3733976205797,71.7830495146728,67.0704547099915,66.7907755259165,66.4391101455836,70.2015548111097,63.8196405479342,69.5237119404561,60.9176842262002,64.2096161369087,62.4523277703288,53.3832721922532,65.659656364347,59.5699213337571,61.4144603956643,55.0157240555408,62.8071337121527,49.2736983673798,48.4924226890199,67.7107811115306,70.4593298079239,68.579382715434,67.5924871842335,69.0411188165378,65.7572704172233,72.9312679139809,76.1542548153685,91.6532243615916,41.2321244835906,43.0439169924161,82.340486548541,50.3717402622391,54.2912521986501,57.1657291864922
51.2553044119191,50.4550671551319,52.4761013384276,51.924924422454,50.843641456419,52.1520268421821,53.2473274089007,52.1949052258054,58.4919880588334,59.1406884662976,81.6859786940715,67.2194630102884,63.6497524344889,61.8805212453543,52.8699910765709,56.7767702004465,69.2310303134677,62.1661142544188,64.6548856984217,69.1270825908251,62.5569779799908,59.6671713957593,60.724211660468,34.79099596952,71.066753101004,79.6823619416542,32.7431576488714,0,59.1947944254906,54.4335302384281,52.6264024916951,58.2231098341874,58.8463081651439,78.0471708617042,55.5508949055848,52.2343430740674,79.9151075597802,65.719498500977,63.7120916018957,65.4169822785349,68.8322736048301,72.4278799917931,68.21540180468,68.4262225635429,72.216316485189,68.4817272983508,71.2336605980189,71.9497584233072,73.3620717180609,68.6472381867079,68.368652017412,69.0284753844923,72.7803439494969,66.3837346860662,72.1890864059505,63.3827806002315,66.6850344342698,64.9457061991797,55.8401782844482,68.0805910300751,61.9778504701895,63.8630588585567,57.4499577654584,65.5886817587571,52.0246226855919,51.8712102204996,69.3040208314944,72.0541255759438,70.173218593765,69.1853379212926,70.6062261333706,67.3214820280607,74.5045411613638,77.726094573374,93.2145396964005,42.7247354761381,44.3015348925996,83.5411391109211,52.3947090710441,56.5715282192917,60.4759446288116
40.4241338828852,39.9390976325478,41.7520553748052,41.3196459211984,40.4938452681009,41.5926704511639,42.8575747046287,41.9820448189093,51.0735197352886,51.7923461281976,63.1806682858072,59.197083059847,55.6950093612686,54.1975488296037,26.7214111499848,33.7806394322846,56.8174840263348,49.2554033469395,52.118792047642,56.2647871944485,46.3544246920394,42.7879709541601,44.2027353925183,46.5510099777428,46.2313799600082,55.6801310823814,57.4902691089249,59.1947944254906,0,49.2397145155998,47.4079792813989,52.5780022973754,33.8676251204612,59.2414030825525,34.5273245069996,31.5968714619833,71.5270630289324,44.7791592084168,42.6268373294811,44.4997031084479,49.4868482716884,53.1136872611021,49.0505070889033,49.3040758148939,52.5013981693019,48.4184082416383,51.3339441968332,52.0128504483503,53.3850350113011,48.7723133510657,48.2072776770787,54.1399368022654,57.8287423619615,51.1395922592304,58.3203050871659,46.709245482836,50.3182828244612,48.8986617866977,44.8696926760139,52.70332930492,46.7558447622632,49.2485680768587,42.9542760442796,53.0325502179727,43.7162629493633,50.9728846550182,47.4665200827258,50.0760365348273,48.2615134873124,47.3409382449218,52.0046858874137,48.6854765506755,55.1746514612367,58.3880546914778,75.7909307346182,38.6864842289942,40.3955954137133,68.1950877211883,42.8952690338029,41.5064081913547,53.0381345278606
