9.9991E-05 0.6701 0.1965 0.116743 0.0165577
9.999E-05 0.797135 0.0534425 0.0971325 0.0521896
9.999E-05 0.5976 0.190541 0.174442 0.0373167
9.999E-05 0.690679 0.253695 0.03878 0.0167455
0.0625989 0.930779 9.9982E-05 9.9982E-05 0.00642206
0.0307033 0.796662 0.172435 9.9982E-05 9.9982E-05
0.0343679 0.720068 0.195664 0.0497994 9.9991E-05
9.9982E-05 0.787758 0.165297 9.9982E-05 0.0467442
0.1182 0.666222 9.9991E-05 0.193041 0.0224368
0.00320583 0.553592 0.224668 0.178784 0.0397504
0.0612408 0.307436 0.447718 0.118236 0.0653693
0.0621196 0.491965 0.221689 0.224126 9.9991E-05
0.0427052 0.101607 0.824284 9.9991E-05 0.0313036
0.0691681 0.499578 0.260294 0.17086 9.9991E-05
0.1322 0.662146 9.9991E-05 0.162213 0.0433404
9.999E-05 0.692575 0.189938 0.0897576 0.0276286
0.0369171 0.702677 0.00120058 0.259105 9.9991E-05
9.999E-05 0.8544 0.0117823 0.107903 0.0258155
0.159452 0.070648 0.171923 0.55071 0.0472669
9.9982E-05 0.153659 0.136973 0.709168 9.9982E-05
9.999E-05 0.159925 0.0675864 0.74787 0.0245181
0.00974497 9.9991E-05 0.128335 0.849838 0.0119826
9.9982E-05 9.9982E-05 0.0263514 0.93512 0.0383287
0.0427217 0.0922946 9.9991E-05 0.831279 0.0336051
9.9982E-05 0.190003 0.123357 0.68644 9.9982E-05
9.9982E-05 0.0527681 9.9982E-05 0.923934 0.0230976
0.0678427 9.9982E-05 9.9982E-05 0.896033 0.0359245
0.0852196 9.9982E-05 9.9982E-05 0.887622 0.0269589
0.047651 0.0620991 9.9991E-05 0.881487 0.00866271
0.0814223 0.0540024 9.9982E-05 0.864375 9.9982E-05
0.0638446 9.9982E-05 9.9982E-05 0.931856 0.00409982
0.0401625 0.0216756 9.9991E-05 0.908554 0.0295082
0.00248192 0.0684771 0.0367765 0.839926 0.0523386
9.9991E-05 0.481531 0.261659 0.168323 0.088387
0.0522457 0.678843 9.9991E-05 0.259663 0.00914862
0.0368371 0.714835 0.15428 0.0939472 9.9991E-05
9.9991E-05 0.619106 0.31211 0.0295995 0.0390846
0.0486227 0.512066 0.302023 0.137187 9.9991E-05
9.997E-05 9.997E-05 9.997E-05 9.997E-05 0.9996
9.9982E-05 9.9982E-05 0.219982 0.756512 0.0233056
0.152587 0.696986 9.9991E-05 0.14157 0.00875688
9.9991E-05 0.54522 0.2615 0.186998 0.00618183
0.149947 0.343611 0.242268 0.257087 0.00708752
0.12975 0.179772 0.543155 0.100785 0.0465374
9.9982E-05 0.00488448 0.950833 0.0440822 9.9982E-05
9.997E-05 9.997E-05 9.997E-05 9.997E-05 0.9996
0.0172781 0.397898 0.32816 0.187765 0.0688985
0.123452 0.334495 0.405707 0.136246 9.9991E-05
0.084207 0.380473 0.172152 0.334032 0.0291362
0.813172 0.00917961 0.0982088 0.0405059 0.0389332
0.832683 0.0181821 0.0805498 0.0461832 0.0224021
0.824988 0.171947 9.9982E-05 0.00286502 9.9982E-05
0.682731 9.9991E-05 0.216772 0.0402061 0.0601913
0.841275 0.0546802 9.9991E-05 0.0600486 0.0438966
0.892914 0.0371779 9.9982E-05 0.069708 9.9982E-05
0.760792 0.238909 9.9973E-05 9.9973E-05 9.9973E-05
0.805059 0.0733206 0.074692 0.0151426 0.0317862
0.897325 9.9982E-05 9.9982E-05 0.071081 0.0313937
0.771757 0.144513 0.04002 9.9991E-05 0.04361
0.612813 0.120081 0.240934 9.9991E-05 0.0260716
0.873879 9.99753E-05 9.99753E-05 0.125821 9.99753E-05
0.707603 0.0432401 0.112588 0.136469 9.9991E-05
0.294391 9.9991E-05 0.61853 0.0259095 0.06107
0.0553641 0.138448 9.9991E-05 0.790016 0.0160721
0.0194765 0.132972 9.9991E-05 0.794542 0.0529101
9.9982E-05 0.130886 9.9982E-05 0.853661 0.0152535
0.703056 0.0914171 0.155981 0.0261549 0.0233903
0.493617 9.9982E-05 0.449201 9.9982E-05 0.0569824
0.741986 0.00946174 0.158992 0.0616435 0.0279174
0.659265 9.9982E-05 0.299622 9.9982E-05 0.0409128
0.858778 0.105954 9.9982E-05 9.9982E-05 0.0350678
0.129453 0.237969 0.625281 9.9991E-05 0.00719601
0.0902062 0.143889 0.736694 9.9991E-05 0.0291103
0.095533 0.0514487 0.804678 0.0436764 0.00466336
9.9973E-05 9.9973E-05 0.977686 9.9973E-05 0.0220142
9.9991E-05 0.00616477 0.852389 0.100989 0.0403574
9.9973E-05 9.9973E-05 0.964901 9.9973E-05 0.0347986
0.0298711 0.082509 0.777286 0.0936904 0.0166436
0.619765 0.106967 0.273067 9.9982E-05 9.9982E-05
0.462532 0.0906323 0.324177 9.9991E-05 0.122559
0.745373 0.0149286 0.151931 0.0675607 0.0202066
0.73881 9.9991E-05 0.0931116 0.109787 0.0581916
0.704084 0.161497 0.103787 9.9991E-05 0.0305325
0.00387357 0.0499058 0.210334 0.691802 0.0440848
0.324976 0.0997693 0.439724 0.135431 9.9991E-05
0.104306 9.9973E-05 0.895395 9.9973E-05 9.9973E-05
9.997E-05 9.997E-05 9.997E-05 9.997E-05 0.9996
9.9982E-05 0.591783 0.187359 0.220657 9.9982E-05
9.9991E-05 0.704546 0.0945941 0.163729 0.0370305
0.0220329 0.569016 0.21998 0.143076 0.0458942
0.093803 0.395784 0.234036 0.237914 0.0384626
0.0870923 0.670957 0.121864 0.119986 9.9991E-05
0.0920117 9.9982E-05 0.900966 9.9982E-05 0.00682277
0.00491905 0.114317 0.286619 0.573716 0.0204293
0.186497 0.0612603 0.66841 9.9991E-05 0.0837322
0.0471511 0.206785 0.380479 0.336941 0.028644
9.99731E-05 0.832144 9.99731E-05 0.167556 9.99731E-05
9.9982E-05 0.595989 0.331041 0.07277 9.9982E-05
9.9982E-05 0.534664 0.323433 0.141703 9.9982E-05
0.0614263 0.626157 0.228394 0.0651862 0.0188365
9.9991E-05 0.573053 0.415996 0.00174902 0.0091021
9.9982E-05 0.652211 0.219428 0.128161 9.9982E-05
0.227322 0.00613336 0.691905 0.0534207 0.0212191
0.162352 0.0337227 0.675366 0.048085 0.0804744
0.203103 0.0436357 0.674223 0.0108698 0.0681685
9.9982E-05 0.106275 0.640753 0.252773 9.9982E-05
0.0876958 0.273659 0.469485 0.16906 9.9991E-05
0.0879241 0.454139 9.9982E-05 0.457737 9.9982E-05
0.78492 0.193385 9.9991E-05 0.00190162 0.0196929
0.732406 0.0306005 0.175313 0.0376716 0.0240088
0.169721 9.9991E-05 0.630774 0.189138 0.0102667
0.241778 0.13353 0.469064 0.150451 0.0051778
0.137657 0.0580311 0.493944 0.249562 0.0608059
9.9973E-05 9.9973E-05 0.281534 0.718166 9.9973E-05
0.647413 9.9991E-05 0.248189 0.0512089 0.0530895
0.672694 9.9982E-05 0.313746 0.0133601 9.9982E-05
0.484861 0.132436 0.382503 9.9982E-05 9.9982E-05
0.0461596 0.248302 0.148778 0.496697 0.0600635
0.0649549 0.6311 9.9991E-05 0.294484 0.00936049
0.0513756 0.707249 0.158353 0.0551483 0.0278743
0.132467 0.803385 9.9982E-05 0.0639484 9.9982E-05
0.00890968 0.517611 0.0715105 0.401869 9.9991E-05
9.9982E-05 0.678029 0.117977 0.203794 9.9982E-05
0.0799214 0.779768 0.00540795 0.134803 9.9991E-05
0.0599876 0.844873 9.9982E-05 0.0949398 9.9982E-05
0.0123636 0.478783 0.113435 0.395318 9.9991E-05
9.9982E-05 0.702919 0.180505 0.116376 9.9982E-05
9.9991E-05 0.646327 0.117534 0.206199 0.0298404
0.0107683 0.753704 0.0735945 0.155988 0.00594539
0.114815 0.465847 0.127679 0.287849 0.00381075
0.0741684 0.790034 0.0555281 0.0379486 0.0423211
9.9991E-05 0.386033 0.322803 0.27477 0.0162944
0.0338393 0.791627 0.0341211 0.140312 9.9991E-05
9.9982E-05 0.000225287 0.173747 0.825828 9.9982E-05
9.9982E-05 0.0399006 0.0565411 0.903358 9.9982E-05
9.9982E-05 0.0670058 9.9982E-05 0.92258 0.0102145
0.0816449 0.0814369 9.9982E-05 0.836718 9.9982E-05
0.0138629 9.9982E-05 0.130296 0.855641 9.9982E-05
0.0541738 0.654613 0.269061 9.9991E-05 0.0220523
9.9991E-05 0.643359 0.18899 0.138788 0.0287634
0.915503 9.9973E-05 0.0841968 9.9973E-05 9.9973E-05
0.825576 0.0267135 0.015024 0.0750964 0.05759
0.892808 0.0798694 9.9991E-05 0.0139356 0.0132874
0.6287 0.0474156 0.263907 0.0587964 0.00118098
0.873604 0.0956032 0.00145075 9.9991E-05 0.0292421
0.823201 0.00391463 9.9991E-05 0.168376 0.00440886
0.875041 0.0154003 0.101736 9.9991E-05 0.00772341
0.821113 9.9991E-05 0.088963 0.0865868 0.00323715
0.847895 0.023603 0.0594185 0.0689832 9.9991E-05
0.83845 9.9991E-05 0.0443826 0.107584 0.00948363
0.774516 0.0145677 0.174035 9.9991E-05 0.0367811
0.781167 0.127617 0.0323621 9.9991E-05 0.0587543
0.803196 0.129098 9.9991E-05 0.0520005 0.0156056
0.876021 0.0130714 0.0214496 0.0757504 0.0137071
0.781178 0.0119262 0.184311 9.9991E-05 0.0224844
0.879789 0.114588 9.9982E-05 9.9982E-05 0.00542354
0.894503 9.9982E-05 9.9982E-05 0.0952385 0.0100582
0.15163 0.0550647 0.765921 0.0272847 9.9991E-05
9.9982E-05 0.0654083 0.919893 0.0144987 9.9982E-05
0.834503 0.117189 0.0481078 9.9982E-05 9.9982E-05
0.701439 0.211831 0.0565634 0.00228338 0.0278829
0.816459 9.9991E-05 0.160848 0.0171041 0.00548934
0.126539 0.130027 0.743234 9.9982E-05 9.9982E-05
9.9982E-05 0.897373 0.0644801 9.9982E-05 0.037947
0.0107585 0.745114 9.9991E-05 0.213169 0.0308584
9.9982E-05 0.278646 0.209975 0.511178 9.9982E-05
9.9991E-05 0.23708 0.083966 0.676341 0.002513
0.0129926 9.9982E-05 0.172969 0.813839 9.9982E-05
0.0139735 0.028669 0.0885065 0.862582 0.00626941
9.9991E-05 0.0285073 0.139183 0.81039 0.0218197
0.00933763 0.0318392 0.180216 0.74954 0.0290668
0.0683023 0.0162855 0.130483 0.765499 0.0194299
0.0327364 0.0845972 0.036329 0.771788 0.0745493
0.0322101 0.736682 0.0728115 0.158197 9.9991E-05
0.0659567 0.695581 0.112122 0.0838224 0.0425179
0.0229296 0.732078 0.197397 9.9991E-05 0.0474954
9.9973E-05 0.668388 0.331312 9.9973E-05 9.9973E-05
0.0136476 0.786337 0.169215 9.9991E-05 0.0307009
9.9982E-05 0.589116 0.401018 0.00966559 9.9982E-05
0.00535317 0.54088 0.268819 0.164238 0.0207107
0.0902223 0.534504 0.144973 0.217796 0.0125045
9.9991E-05 0.674645 0.191929 0.0857198 0.0476058
0.0389397 0.607769 0.194321 0.141479 0.0174916
0.028066 0.663033 0.159104 0.111469 0.0383275
0.0752659 0.0953235 9.9991E-05 0.685362 0.143949
0.739915 9.9991E-05 0.153029 0.0790694 0.0278861
0.826738 9.9991E-05 0.0349553 0.0946888 0.0435179
0.831662 9.9982E-05 0.143652 0.0244861 9.9982E-05
0.73477 0.128302 0.134752 9.9991E-05 0.002076
0.825263 0.084816 0.00534828 0.0831241 0.00144903
0.117868 0.384277 0.163547 0.286928 0.0473794
9.9991E-05 0.573418 0.130251 0.26397 0.0322616
0.0158834 0.760037 9.9991E-05 0.152825 0.0711542
9.9991E-05 0.468673 0.217186 0.27476 0.0392804
