0.121521 0.00159005 0.0130339 0.652221 0.10695 0.0766171 0.0280672
0.082265 9.9982E-05 0.02005 0.543393 0.28134 9.9982E-05 0.072752
0.230081 0.0590257 0.0185772 0.686 9.9982E-05 0.00611658 9.9982E-05
0.0182202 0.0292569 0.00910432 0.769305 9.9982E-05 0.173914 9.9982E-05
9.9964E-05 0.10625 9.9964E-05 0.752698 0.140653 9.9964E-05 9.9964E-05
9.9973E-05 9.9973E-05 9.9973E-05 0.695599 0.177208 0.00538568 0.121508
0.00526456 9.9982E-05 9.9982E-05 0.5505 0.26206 0.0689751 0.113001
9.9973E-05 9.9973E-05 0.0332605 0.67231 0.0981962 0.195934 9.9973E-05
0.120412 0.079505 0.00204457 0.0583787 0.729941 9.9991E-05 0.00961802
0.18218 9.9982E-05 0.0185696 0.253185 0.392132 0.153734 9.9982E-05
0.0102362 0.0599613 0.0410729 0.0863587 0.349031 0.421123 0.0322167
0.20619 0.107723 0.0173761 0.196016 0.460272 0.0123218 9.9991E-05
9.9973E-05 0.0641039 0.0492541 9.9973E-05 0.196889 0.689453 9.9973E-05
0.181281 0.111616 9.9982E-05 0.0185053 0.588181 0.100216 9.9982E-05
0.109001 0.0160596 0.0384406 0.288737 0.48594 9.9991E-05 0.0617218
0.0515118 9.9982E-05 9.9982E-05 0.184241 0.615097 0.135129 0.0138216
0.174587 9.9973E-05 9.9973E-05 0.304391 0.455783 9.9973E-05 0.0649383
0.0288621 0.00659707 0.0161439 0.536746 0.38708 0.0109309 0.0136395
0.465711 0.0968447 0.0736079 0.0319106 0.176191 0.0472148 0.108521
0.634125 9.9973E-05 9.9973E-05 9.9973E-05 0.226454 0.126289 0.0128311
0.648941 0.0524555 0.0219867 0.0914984 0.183388 0.0016309 9.9991E-05
0.806939 0.00646538 0.014182 0.0369315 9.9991E-05 0.0906651 0.0447172
0.861581 9.9973E-05 0.0484311 9.9973E-05 9.9973E-05 0.0313151 0.0583724
0.713188 9.9982E-05 0.0380799 0.0799803 0.152971 9.9982E-05 0.0155813
0.654648 9.9973E-05 9.9973E-05 0.131864 0.209401 9.9973E-05 0.00378681
0.820601 9.9973E-05 0.00907672 0.125081 9.9973E-05 9.9973E-05 0.0449412
0.85805 0.0919262 0.0367758 9.9973E-05 9.9973E-05 0.0129483 9.9973E-05
0.866149 0.0479543 0.0246155 9.9982E-05 0.0138365 9.9982E-05 0.0472451
0.909426 0.0461378 9.9964E-05 0.0440367 9.9964E-05 9.9964E-05 9.9964E-05
0.774521 9.9964E-05 9.9964E-05 0.0766919 9.9964E-05 9.9964E-05 0.148387
0.834911 0.0299601 0.0168124 9.9991E-05 0.00839036 0.0844881 0.0253378
0.777153 0.100876 0.0274164 9.9973E-05 0.0942547 9.9973E-05 9.9973E-05
0.789737 9.9991E-05 0.0479744 0.0115528 0.0422395 0.0172757 0.0911208
0.0897677 9.9991E-05 0.0616171 0.340034 0.297183 0.191718 0.0195801
0.247896 0.0368462 9.9982E-05 0.500856 0.173319 9.9982E-05 0.0408834
0.122504 0.0883345 9.9982E-05 0.774942 9.9982E-05 0.013485 0.00053423
0.0652921 9.9982E-05 0.0176008 0.761854 9.9982E-05 0.0904297 0.0646239
0.0939714 0.0659699 0.00442687 0.169853 0.4461 0.186341 0.0333387
9.995E-05 9.995E-05 0.9994 9.995E-05 9.995E-05 9.995E-05 9.995E-05
0.764445 0.0120561 0.0408936 9.9991E-05 0.00427035 0.160071 0.0181644
0.158952 9.9973E-05 9.9973E-05 0.611312 0.0838568 9.9973E-05 0.145579
0.107074 9.9973E-05 9.9973E-05 0.407644 0.381212 0.10377 9.9973E-05
0.268179 0.067848 0.0162721 0.0650609 0.31414 0.158173 0.110326
0.0410402 0.019816 0.0390176 9.9991E-05 0.202173 0.601797 0.0960567
9.9973E-05 9.9973E-05 0.0148467 0.0911621 9.9973E-05 0.811572 0.0821196
9.995E-05 9.995E-05 0.9994 9.995E-05 9.995E-05 9.995E-05 9.995E-05
0.242207 9.9982E-05 0.0428985 0.154643 0.243807 0.316244 9.9982E-05
0.0783093 9.9982E-05 9.9982E-05 0.167827 0.260758 0.308037 0.184869
0.255745 0.114451 0.036967 0.219466 0.265687 0.107583 9.9991E-05
9.9991E-05 0.0780643 0.0116491 0.0059362 0.0589058 0.0906025 0.754742
9.9982E-05 0.40647 0.0194516 9.9982E-05 0.0614831 0.0546327 0.457763
9.9973E-05 0.484773 9.9973E-05 0.0911874 0.0626244 9.9973E-05 0.361115
9.9982E-05 0.39126 0.0355704 9.9982E-05 0.108606 0.0910453 0.373319
0.0136366 0.703502 0.0565554 9.9982E-05 0.0737697 9.9982E-05 0.152337
0.0584159 0.661529 9.9973E-05 9.9973E-05 0.0608149 9.9973E-05 0.21894
9.9964E-05 0.741956 9.9964E-05 9.9964E-05 0.250807 9.9964E-05 0.00683767
9.9964E-05 0.201307 9.9964E-05 9.9964E-05 0.162364 9.9964E-05 0.635929
9.9955E-05 9.9955E-05 0.00474744 9.9955E-05 9.9955E-05 9.9955E-05 0.994753
9.9991E-05 0.641407 0.025754 0.0263924 0.069673 0.0322267 0.204447
9.9991E-05 0.353732 0.0263378 0.139527 0.0449755 0.087332 0.347995
9.995E-05 9.995E-05 9.995E-05 9.995E-05 9.995E-05 9.995E-05 0.9994
0.0364223 0.450435 9.9991E-05 0.0626863 0.0266833 0.121427 0.302246
9.9982E-05 0.209266 0.0620383 9.9982E-05 0.00940232 0.568678 0.150415
0.694477 0.105996 0.0284184 0.151222 0.0196869 9.9982E-05 9.9982E-05
0.723572 0.0606423 0.0331306 9.9982E-05 0.164422 0.0180327 9.9982E-05
0.815031 9.9964E-05 0.0247264 0.159843 9.9964E-05 9.9964E-05 9.9964E-05
9.9982E-05 0.628343 9.9982E-05 0.0260345 0.126507 0.0766908 0.142225
9.9982E-05 0.417404 0.065619 0.0468394 9.9982E-05 0.363159 0.106779
0.050228 0.697315 0.0305418 9.9991E-05 0.0545565 0.102708 0.0645504
9.9973E-05 0.524743 0.0526557 9.9973E-05 9.9973E-05 0.268178 0.154123
9.9982E-05 0.815263 0.0523805 0.0664112 9.9982E-05 0.0348642 0.0308812
9.9982E-05 0.0714975 9.9982E-05 0.00677318 0.284697 0.557994 0.0788384
9.9973E-05 9.9973E-05 0.0125337 9.9973E-05 0.318223 0.5449 0.124043
9.9964E-05 9.9964E-05 9.9964E-05 9.9964E-05 0.208234 0.635542 0.155824
9.9955E-05 9.9955E-05 0.0156633 9.9955E-05 9.9955E-05 0.983837 9.9955E-05
0.104175 9.9982E-05 0.0283476 9.9982E-05 0.0291656 0.815435 0.0226763
9.9964E-05 9.9964E-05 0.0207516 9.9964E-05 9.9964E-05 0.938626 0.0402225
0.0881121 9.9973E-05 0.0177239 0.098567 9.9973E-05 0.795297 9.9973E-05
9.9973E-05 0.538756 9.9973E-05 9.9973E-05 0.109214 0.243555 0.108175
0.00051909 0.390437 0.126364 0.149455 9.9991E-05 0.272189 0.0609359
0.0488197 0.426934 9.9982E-05 0.0556358 9.9982E-05 0.114371 0.35404
0.0921153 0.515705 0.0559883 9.9991E-05 0.0120843 0.0142986 0.309708
9.9973E-05 0.670141 0.00723082 9.9973E-05 0.281988 9.9973E-05 0.040341
0.637833 0.0365323 0.0202892 9.9982E-05 0.162513 0.142633 9.9982E-05
0.091535 0.152119 9.9982E-05 0.0983626 9.9982E-05 0.554175 0.103608
9.9955E-05 0.129584 9.9955E-05 9.9955E-05 9.9955E-05 0.869916 9.9955E-05
9.995E-05 9.995E-05 0.9994 9.995E-05 9.995E-05 9.995E-05 9.995E-05
0.128804 9.9982E-05 9.9982E-05 0.488998 0.228271 0.124731 0.0289955
0.0732965 9.9991E-05 0.0339176 0.600931 0.189025 0.0601448 0.0425855
0.0904773 9.9991E-05 0.0403912 0.0555564 0.68823 0.0432017 0.0820435
0.118462 0.101195 0.0487094 9.9982E-05 0.572327 0.159107 9.9982E-05
0.0305728 0.0195986 9.9982E-05 0.578032 0.305016 9.9982E-05 0.0665803
9.9964E-05 9.9964E-05 9.9964E-05 0.0512578 9.9964E-05 0.772229 0.176114
0.478933 9.9991E-05 0.0433918 0.271049 0.0596671 0.0773563 0.0695036
9.9973E-05 0.189791 0.086477 0.130749 9.9973E-05 0.592683 9.9973E-05
0.340267 0.103875 0.029021 0.225664 0.0280472 0.273026 9.9991E-05
0.166779 9.9973E-05 9.9973E-05 0.189153 0.625789 9.9973E-05 0.0179789
0.0549892 9.9973E-05 9.9973E-05 0.562056 0.0631984 0.319456 9.9973E-05
0.170952 9.9973E-05 9.9973E-05 0.255417 0.368725 0.204606 9.9973E-05
9.9982E-05 0.0537904 0.0114864 9.9982E-05 0.895694 0.0191283 0.0197014
0.0265914 9.9973E-05 0.0169931 0.667801 9.9973E-05 0.288314 9.9973E-05
9.9955E-05 9.9955E-05 9.9955E-05 9.9955E-05 0.865569 0.133931 9.9955E-05
0.0138045 0.111848 0.0435286 0.10239 9.9991E-05 0.597898 0.130432
0.0208242 0.164339 0.106556 0.0124587 0.14126 0.554462 9.9991E-05
9.9991E-05 0.14255 0.0662088 0.115024 0.0311582 0.565482 0.0794767
0.132139 9.9973E-05 9.9973E-05 0.00571808 0.272289 0.589554 9.9973E-05
0.0999799 0.0266525 9.9982E-05 9.9982E-05 0.32514 0.507469 0.0405592
0.412846 0.0925821 9.9973E-05 0.292701 0.201571 9.9973E-05 9.9973E-05
0.023847 0.635467 0.00974031 0.1258 0.0516738 9.9991E-05 0.153372
0.0446711 0.739941 0.0205861 9.9982E-05 9.9982E-05 0.148972 0.04563
0.16546 0.0261285 0.00670399 0.164013 9.9991E-05 0.380255 0.257339
0.018923 9.9982E-05 0.0154487 9.9982E-05 0.409144 0.265637 0.290647
0.217813 9.9982E-05 0.0480239 0.249786 9.9982E-05 0.258461 0.225717
0.720629 9.9955E-05 9.9955E-05 9.9955E-05 9.9955E-05 0.278871 9.9955E-05
0.0247838 0.642033 0.0393592 9.9973E-05 9.9973E-05 0.293524 9.9973E-05
9.9973E-05 0.392598 9.9973E-05 9.9973E-05 0.0803605 0.206936 0.319806
9.9982E-05 0.318899 9.9982E-05 0.130093 0.0754031 0.189215 0.28619
0.53445 0.0529105 0.0494832 0.321308 9.9991E-05 0.0351052 0.00664305
0.20175 0.0610101 0.0159835 0.442396 0.27866 9.9982E-05 9.9982E-05
0.0107407 0.0234067 0.0103494 0.494013 0.323111 0.080429 0.0579496
0.121462 0.0921978 9.9982E-05 0.710179 0.0310299 9.9982E-05 0.0449311
0.37204 0.0216756 9.9973E-05 0.376784 0.229201 9.9973E-05 9.9973E-05
0.145647 9.9982E-05 0.0174711 0.690709 0.103795 9.9982E-05 0.0421771
0.118502 0.0388972 9.9982E-05 0.817954 9.9982E-05 0.0142197 0.0102279
9.9973E-05 9.9973E-05 0.0267866 0.693523 0.180638 9.9973E-05 0.0987525
0.322698 0.025029 9.9982E-05 0.351498 0.139589 0.160987 9.9982E-05
9.9973E-05 0.0697927 9.9973E-05 0.11834 0.800126 0.0114421 9.9973E-05
0.0939298 9.9982E-05 0.0252653 0.0354759 0.815917 0.0292115 9.9982E-05
0.0744941 9.9991E-05 0.00965081 0.172253 0.625064 0.0868305 0.0316079
0.175195 9.9982E-05 0.00659533 0.258924 0.366866 9.9982E-05 0.192219
9.9982E-05 0.0595207 0.0288712 0.0651238 0.842004 9.9982E-05 0.00428072
0.0844571 9.9982E-05 0.014144 9.9982E-05 0.697475 0.16835 0.0353741
0.0310109 0.0361265 9.9991E-05 0.39604 0.461234 0.0177623 0.0577272
0.811495 9.9973E-05 9.9973E-05 9.9973E-05 0.0235431 0.124308 0.0403543
0.87117 9.9964E-05 9.9964E-05 0.0543586 9.9964E-05 0.0740716 9.9964E-05
0.8207 9.9964E-05 0.0348422 9.9964E-05 0.144058 9.9964E-05 9.9964E-05
0.776394 0.0753367 0.012955 0.0729947 9.9991E-05 0.0252407 0.0369789
0.803093 0.0127653 0.011886 0.082843 9.9991E-05 0.0251271 0.0641857
9.9982E-05 0.10222 9.9982E-05 0.551854 0.216928 0.108188 0.0206104
0.112975 9.9982E-05 0.0151763 0.753728 9.9982E-05 0.0809129 0.0370072
9.9964E-05 0.248672 9.9964E-05 0.00711153 9.9964E-05 9.9964E-05 0.743816
0.0389136 0.871307 0.0193641 9.9973E-05 9.9973E-05 0.0701154 9.9973E-05
0.0423138 0.818766 0.0130723 0.006872 0.00863294 9.9991E-05 0.110243
0.03401 0.694581 9.9973E-05 0.024024 9.9973E-05 0.247085 9.9973E-05
9.9982E-05 0.772768 0.0240883 9.9982E-05 0.098985 0.00340121 0.100558
0.113083 0.594502 9.9982E-05 9.9982E-05 0.0201371 0.0339974 0.23808
9.9964E-05 0.88711 0.0188537 9.9964E-05 9.9964E-05 0.0936365 9.9964E-05
0.0452562 0.518496 9.9982E-05 0.056736 9.9982E-05 0.0352072 0.344104
0.0405353 0.644424 9.9973E-05 9.9973E-05 9.9973E-05 0.0818197 0.232921
0.0479789 0.526978 0.00862931 9.9982E-05 9.9982E-05 0.0687126 0.347501
9.9973E-05 0.862439 0.0355005 0.0445318 9.9973E-05 0.0572293 9.9973E-05
0.0699564 0.777576 0.0317204 0.000791728 0.0099188 0.109936 9.9991E-05
0.0407026 0.689666 0.0114247 0.0309696 0.121097 9.9991E-05 0.10604
0.0506434 0.655739 0.0157472 0.00646171 9.9982E-05 9.9982E-05 0.271209
9.9982E-05 0.602289 0.00721675 0.0225787 9.9982E-05 0.204613 0.163103
9.9964E-05 0.903426 0.021583 0.0745908 9.9964E-05 9.9964E-05 9.9964E-05
0.0515165 0.741856 0.0183854 0.0271243 9.9982E-05 9.9982E-05 0.160918
0.0756791 0.217422 9.9973E-05 0.095298 9.9973E-05 0.611301 9.9973E-05
0.0419574 9.9973E-05 9.9973E-05 0.0962864 0.00614132 0.855315 9.9973E-05
9.9964E-05 0.67245 9.9964E-05 9.9964E-05 9.9964E-05 0.140517 0.186634
9.9982E-05 0.372334 0.0230957 0.212448 9.9982E-05 0.0334821 0.35844
9.995E-05 9.995E-05 9.995E-05 9.995E-05 9.995E-05 9.995E-05 0.9994
9.9973E-05 0.0103711 9.9973E-05 9.9973E-05 0.286974 0.532351 0.170004
9.9982E-05 0.0112912 0.0210447 0.865828 0.00633989 0.0952959 9.9982E-05
0.173962 0.0145651 9.9973E-05 0.586029 0.225144 9.9973E-05 9.9973E-05
0.421066 9.9982E-05 9.9982E-05 0.365154 0.0586107 0.0887529 0.0662161
0.552249 9.9982E-05 9.9982E-05 0.150103 0.205734 0.061873 0.0298413
0.739288 9.9964E-05 9.9964E-05 9.9964E-05 0.0875462 0.172766 9.9964E-05
0.732024 9.9964E-05 9.9964E-05 9.9964E-05 0.152175 9.9964E-05 0.115402
0.677027 0.0495785 0.0190143 0.0306829 0.206153 0.00889639 0.00864875
0.644174 9.9982E-05 0.01245 9.9982E-05 0.268367 0.0324842 0.0423255
0.681704 9.9982E-05 0.0241289 9.9982E-05 0.117683 0.0667009 0.109583
0.730115 0.0527889 0.0578971 0.130614 9.9982E-05 0.0283843 9.9982E-05
0.12844 0.013044 0.0195534 0.792209 9.9982E-05 9.9982E-05 0.0465533
9.9973E-05 9.9973E-05 0.0566637 0.800105 9.9973E-05 0.00798657 0.134945
9.9982E-05 9.9982E-05 0.0385285 0.785003 0.00278753 0.0722776 0.101203
9.99551E-05 9.99551E-05 9.99551E-05 0.793738 9.99551E-05 0.205762 9.99551E-05
9.9973E-05 9.9973E-05 0.0310648 0.702312 0.106985 0.159338 9.9973E-05
0.0181151 0.0109942 9.9973E-05 0.602471 9.9973E-05 0.36812 9.9973E-05
0.101339 9.9982E-05 9.9982E-05 0.082144 0.730932 0.018287 0.0670982
0.0748646 9.9982E-05 0.00197983 9.9982E-05 0.806279 0.00758366 0.109093
9.9964E-05 0.0605957 0.0390265 9.9964E-05 0.899978 9.9964E-05 9.9964E-05
0.0359162 0.0743609 0.00705998 0.0924694 0.72127 0.0688239 9.9991E-05
0.0219 0.0423533 0.00744866 0.0627984 0.85985 9.9991E-05 0.00554987
0.606221 0.132219 0.129524 9.9973E-05 0.131737 9.9973E-05 9.9973E-05
9.9973E-05 0.106857 9.9973E-05 9.9973E-05 0.0708982 0.0812193 0.740726
0.097647 0.587172 0.040446 0.00425655 9.9991E-05 0.0295815 0.240797
9.9964E-05 0.880202 9.9964E-05 9.9964E-05 0.0417206 0.0776778 9.9964E-05
0.0420564 0.710176 9.9991E-05 0.124654 0.0122645 0.0918814 0.0188678
0.0680138 0.727258 0.0186149 0.064721 9.9991E-05 0.0238369 0.0974553
0.2259 0.0551561 0.0308418 0.146387 0.442576 0.0153679 0.0837712
0.229123 0.0145771 0.0283955 0.23908 0.446061 9.9991E-05 0.0426638
9.9973E-05 9.9973E-05 0.0644819 0.0306591 0.902014 9.9973E-05 0.00254462
0.189443 9.9982E-05 0.0516382 0.278712 0.226622 0.253385 9.9982E-05
