0.713386 0.12882 0.000576013 0.0576448 0.0994727 9.9991E-05
0.767638 0.0630628 9.9991E-05 0.0730501 0.0814434 0.0147062
0.597637 0.181385 0.0280719 0.0188609 0.154348 0.0196961
0.667155 0.0484936 0.0306 9.9991E-05 0.244293 0.00935882
0.884192 9.9982E-05 0.0395207 0.0695142 9.9982E-05 0.00657318
0.848376 9.9982E-05 0.0220106 0.0913862 0.0380269 9.9982E-05
0.766381 0.0426321 9.9982E-05 0.180353 0.0104345 9.9982E-05
0.719727 0.0733411 0.00155778 9.9991E-05 0.165359 0.0399157
0.632718 0.161647 0.046847 0.10876 0.0245362 0.0254914
0.536857 0.210621 0.0120687 9.9991E-05 0.217541 0.0228123
0.227144 0.073702 0.127758 9.9991E-05 0.509959 0.061337
0.463905 0.252279 0.0355265 0.0535138 0.194675 9.9991E-05
0.0420351 0.0150186 9.9991E-05 0.0193803 0.876559 0.046907
0.467914 0.175656 0.112 9.9982E-05 0.24423 9.9982E-05
0.623117 0.192315 0.0202014 0.12102 9.9991E-05 0.043246
0.622344 0.0992579 9.9991E-05 0.0477854 0.221986 0.00852682
0.691629 0.199749 0.0185991 0.0898225 9.9982E-05 9.9982E-05
0.837163 0.110011 0.00750844 0.0287506 9.9991E-05 0.0164661
0.120779 0.518929 0.0865701 0.100761 0.108509 0.0644533
0.101617 0.708747 9.9982E-05 0.0322362 0.1572 9.9982E-05
0.199726 0.702509 0.0644737 9.9991E-05 0.018714 0.014477
0.0326333 0.835837 0.0978672 9.9991E-05 0.0200584 0.0135046
9.9973E-05 0.900322 9.9973E-05 0.071004 9.9973E-05 0.0283737
0.136181 0.772363 0.0232988 0.0223098 9.9991E-05 0.0457482
0.223926 0.692992 9.9982E-05 0.0262917 0.0565906 9.9982E-05
0.0131446 0.93008 9.9982E-05 9.9982E-05 0.0471402 0.00943564
9.9982E-05 0.876785 0.0437968 0.0385876 9.9982E-05 0.0406302
9.9973E-05 0.817435 9.9973E-05 0.135698 9.9973E-05 0.0465672
0.033084 0.928914 0.0377021 9.9973E-05 9.9973E-05 9.9973E-05
9.9973E-05 0.862912 0.00583426 0.130954 9.9973E-05 9.9973E-05
0.0136338 0.885076 0.0163853 0.0827544 9.9991E-05 0.00205096
0.0306243 0.826276 0.0965804 9.9982E-05 9.9982E-05 0.0463199
0.0274118 0.826556 9.9991E-05 0.0596242 0.0208673 0.065441
0.480783 0.16653 0.0199096 9.9991E-05 0.266246 0.0664321
0.649784 0.272092 9.9973E-05 0.0778244 9.9973E-05 9.9973E-05
0.70789 0.14226 0.14955 9.9973E-05 9.9973E-05 9.9973E-05
0.651035 0.0317863 0.00351137 0.0542508 0.233067 0.0263499
0.468402 0.143249 0.045945 0.0797508 0.257045 0.00560849
9.996E-05 9.996E-05 9.996E-05 9.996E-05 9.996E-05 0.9995
9.9982E-05 0.782968 0.0573711 9.9982E-05 0.147622 0.0118389
0.69068 0.113026 0.034459 0.161635 9.9982E-05 9.9982E-05
0.628548 0.131526 9.9982E-05 9.9982E-05 0.220249 0.0194771
0.242485 0.280532 9.9982E-05 0.128467 0.348316 9.9982E-05
0.107194 0.109004 0.135571 0.0235793 0.57724 0.0474115
0.0143597 0.043724 9.9991E-05 0.0539776 0.883639 0.00419951
9.996E-05 9.996E-05 9.996E-05 9.996E-05 9.996E-05 0.9995
0.447671 0.191902 0.0785288 9.9991E-05 0.206875 0.0749231
0.28296 0.0668061 9.9982E-05 0.178151 0.471882 9.9982E-05
0.309632 0.344388 0.120159 9.9991E-05 0.194521 0.0312004
0.0621393 9.9991E-05 0.164126 0.753847 0.0101155 0.00967213
9.9982E-05 9.9982E-05 0.429143 0.422141 0.115466 0.0330502
0.124498 9.9973E-05 0.412073 0.46313 9.9973E-05 9.9973E-05
9.9991E-05 0.020665 0.449371 0.323907 0.159632 0.0463248
0.0147563 0.0432022 0.691463 0.206322 9.9991E-05 0.0441565
9.9982E-05 0.0820145 0.526353 0.385437 9.9982E-05 0.00599479
0.195624 9.9982E-05 0.584751 0.214525 0.00489957 9.9982E-05
0.0218242 9.9991E-05 0.213056 0.707953 0.0256108 0.0314558
9.99639E-05 9.99639E-05 9.99639E-05 0.990745 9.99639E-05 0.00885467
0.0495393 9.9991E-05 0.751079 0.106489 0.0616689 0.0311237
0.133722 9.9991E-05 0.251607 0.43403 0.142306 0.0382359
9.996E-05 9.996E-05 9.996E-05 0.9995 9.996E-05 9.996E-05
9.9991E-05 0.0717275 0.511576 0.195162 0.220151 0.00128302
0.066011 9.9991E-05 0.219267 0.144045 0.496657 0.0739202
0.162963 0.718876 0.113779 9.9982E-05 9.9982E-05 0.00418146
0.12944 0.768098 0.0267973 0.0449862 9.9991E-05 0.0305778
0.0899861 0.824066 9.9982E-05 0.0442936 9.9982E-05 0.0414543
0.127117 9.9982E-05 0.571298 0.201144 0.10024 9.9982E-05
9.9982E-05 9.9982E-05 0.439692 0.120334 0.369878 0.0698953
9.9991E-05 0.0484921 0.691394 0.0733608 0.181991 0.00466262
9.9982E-05 9.9982E-05 0.54158 0.185268 0.23418 0.0387723
0.0300303 9.9973E-05 0.925302 9.9973E-05 9.9973E-05 0.0443675
0.167029 9.9973E-05 9.9973E-05 0.192289 0.640382 9.9973E-05
0.117983 0.0146874 9.9991E-05 0.0968251 0.753122 0.017282
0.0414552 0.0254221 9.9982E-05 0.153913 0.77901 9.9982E-05
9.9964E-05 9.9964E-05 9.9964E-05 9.9964E-05 0.988071 0.0115287
9.9982E-05 0.123089 0.00422086 9.9982E-05 0.840646 0.0318441
9.9973E-05 9.9973E-05 9.9973E-05 0.0399904 0.927865 0.0318443
0.0350915 0.126439 0.0600041 9.9991E-05 0.766244 0.0121214
0.0871854 9.9982E-05 0.518607 0.206977 0.187031 9.9982E-05
9.9991E-05 0.0873757 0.420645 0.0803904 0.287009 0.12448
9.9991E-05 0.0458515 0.529688 0.322534 0.0921465 0.00968022
9.9991E-05 0.0600475 0.472497 0.368832 0.048406 0.0501178
0.112433 9.9991E-05 0.778926 0.0256946 0.060657 0.0221894
0.00919003 0.70845 0.106761 9.9991E-05 0.152447 0.0230515
0.00647905 0.122289 0.192628 0.0744033 0.6041 9.9991E-05
9.9973E-05 9.9973E-05 0.104035 0.0108911 0.884774 9.9973E-05
9.996E-05 9.996E-05 9.996E-05 9.996E-05 9.996E-05 0.9995
0.700613 0.19734 9.9982E-05 0.0546218 0.0472251 9.9982E-05
0.694498 0.142992 9.9991E-05 0.0286707 0.107132 0.0266065
0.49383 0.152844 9.9991E-05 0.104129 0.192093 0.0570043
0.404868 0.202426 0.0854196 0.0283818 0.230822 0.0480826
0.763687 0.103348 0.129184 9.9982E-05 0.0035804 9.9982E-05
9.9964E-05 9.9964E-05 9.9964E-05 0.148593 0.851008 9.9964E-05
0.151283 0.584105 0.0400278 9.9991E-05 0.179328 0.0451565
0.00371816 9.9982E-05 0.226378 9.9982E-05 0.673879 0.0958247
0.284305 0.317493 0.0756328 0.0179702 0.283455 0.0211435
0.785602 0.116737 9.9973E-05 0.0973608 9.9973E-05 9.9973E-05
0.662635 0.0647394 0.0379891 9.9982E-05 0.234437 9.9982E-05
0.512584 0.157931 9.9973E-05 9.9973E-05 0.329185 9.9973E-05
0.653973 9.9991E-05 0.0571338 0.0726862 0.197445 0.0186615
0.630338 0.0666939 9.9982E-05 9.9982E-05 0.290804 0.0119645
0.672929 0.0870766 9.9973E-05 9.9973E-05 0.239695 9.9973E-05
0.0873168 0.00671407 0.105448 0.150734 0.612948 0.0368394
0.0322942 0.0913896 0.124017 0.0613835 0.601782 0.0891343
0.0107565 0.00135874 0.154799 0.0332542 0.720602 0.0792299
0.121717 0.237709 9.9973E-05 9.9973E-05 0.640274 9.9973E-05
0.281956 0.117756 0.0647008 0.0448642 0.490623 9.9991E-05
0.397347 0.455174 0.120412 9.9982E-05 0.0268678 9.9982E-05
0.14211 9.9982E-05 0.684115 0.165641 9.9982E-05 0.00793371
9.9982E-05 9.9982E-05 0.55546 0.221663 0.202817 0.0198606
0.0997849 0.186098 0.00659003 0.232439 0.474988 9.9991E-05
0.177573 0.130251 9.9991E-05 0.291002 0.368003 0.0330707
0.151135 0.199063 9.9991E-05 0.273997 0.34337 0.0323351
9.9964E-05 0.709137 9.9964E-05 9.9964E-05 0.290463 9.9964E-05
9.9982E-05 0.0255082 0.661481 9.9982E-05 0.285753 0.0270578
0.0655005 0.0134857 0.35744 0.385328 0.178146 9.9991E-05
0.0480349 9.9982E-05 0.35561 0.176476 0.41968 9.9982E-05
0.29455 0.494238 0.0749262 9.9991E-05 0.08961 0.0465754
0.670668 0.194842 0.0883142 0.0399541 9.9991E-05 0.00612179
0.71146 0.00568808 0.0289847 0.0663747 0.160291 0.0272015
0.771911 0.0504905 0.11415 0.0632486 9.9982E-05 9.9982E-05
0.501428 0.392179 9.9982E-05 0.0164354 0.0897579 9.9982E-05
0.674566 0.149257 9.9991E-05 0.0597169 0.113219 0.00314126
0.735156 0.0554009 0.0642148 9.9982E-05 0.145028 9.9982E-05
0.853852 9.9973E-05 9.9973E-05 0.108486 9.9973E-05 0.0373618
0.434559 0.363522 0.0671537 9.9982E-05 0.134566 9.9982E-05
0.695082 0.165033 0.0794874 9.9982E-05 0.0601979 9.9982E-05
0.648583 0.142039 9.9991E-05 0.0174491 0.157628 0.0342005
0.774797 0.0631887 9.9991E-05 0.0410757 0.104354 0.0164849
0.507177 0.250915 0.0887021 0.0700233 0.0799218 0.00326073
0.763836 9.9991E-05 0.0921849 0.00409759 0.0711861 0.0685952
0.48301 0.237312 9.9991E-05 0.0813671 0.188098 0.0101125
0.803933 0.0538626 9.9991E-05 0.115165 0.0263626 0.000576813
9.9991E-05 0.830931 0.000483646 0.0104813 0.155248 0.0027557
0.0382307 0.90117 9.9973E-05 9.9973E-05 0.0602992 9.9973E-05
0.00959367 0.952864 0.0110604 9.9982E-05 9.9982E-05 0.0262823
0.0903736 0.753881 0.00375915 0.151786 9.9982E-05 9.9982E-05
0.0397098 0.766385 0.0197439 0.0803 0.0485983 0.0452631
0.626517 9.9991E-05 0.0444756 0.0553386 0.253251 0.0203181
0.655843 0.145658 0.0251812 9.9991E-05 0.13217 0.0410471
9.99639E-05 9.99639E-05 0.275688 0.723912 9.99639E-05 9.99639E-05
0.0277214 0.0506931 0.808402 0.0369959 0.0461924 0.0299948
0.0319261 0.0440305 0.840271 0.0724177 9.9991E-05 0.0112549
9.9982E-05 0.0644052 0.635272 0.0709394 0.229183 9.9982E-05
9.9982E-05 9.9982E-05 0.766662 0.13081 0.0795963 0.0227324
9.9991E-05 0.135197 0.653328 0.194867 0.00677942 0.00972784
9.9982E-05 9.9982E-05 0.882335 0.0398503 0.0702229 0.00739148
9.9973E-05 0.0949053 0.427378 0.477416 9.9973E-05 9.9973E-05
9.9982E-05 0.0790628 0.665075 0.234101 0.0215618 9.9982E-05
9.9982E-05 0.047684 0.623683 0.287409 0.0410248 9.9982E-05
0.0171317 9.9991E-05 0.840856 0.0400146 0.0682822 0.0336153
0.0420988 0.00499849 0.64497 0.161103 0.130275 0.0165546
0.100438 0.0260189 0.648687 0.190475 0.0216379 0.0127431
9.9982E-05 0.0776976 0.532792 0.375005 9.9982E-05 0.0143047
9.9973E-05 9.9973E-05 0.646555 0.210947 0.142198 9.9973E-05
0.00518704 9.9973E-05 0.93828 0.0562326 9.9973E-05 9.9973E-05
9.9982E-05 0.0580041 0.886755 0.0282587 9.9982E-05 0.0267826
9.9973E-05 0.0627252 0.155169 9.9973E-05 0.781806 9.9973E-05
0.15384 9.9964E-05 9.9964E-05 9.9964E-05 0.84576 9.9964E-05
0.00205757 9.9982E-05 0.814447 0.0967492 0.0865459 9.9982E-05
0.202988 9.9991E-05 0.339865 0.420148 0.0233438 0.0135554
9.996E-05 9.996E-05 9.996E-05 0.9995 9.996E-05 9.996E-05
0.116822 9.9973E-05 9.9973E-05 0.234101 0.648777 9.9973E-05
0.824554 9.9982E-05 0.0671497 9.9982E-05 0.0974234 0.0106726
0.71014 0.229742 0.0358932 9.9982E-05 9.9982E-05 0.0240246
0.342199 0.416364 9.9982E-05 0.141519 0.0997184 9.9982E-05
0.219326 0.629026 0.0119138 0.0360848 0.10355 9.9991E-05
9.9982E-05 0.773963 9.9982E-05 0.0183785 0.194834 0.0126247
9.9964E-05 0.860265 9.9964E-05 0.139335 9.9964E-05 9.9964E-05
0.103237 0.7587 9.9991E-05 0.0172786 0.107036 0.0136473
0.0403342 0.770459 9.9991E-05 0.0166229 0.145607 0.0268761
9.9991E-05 0.713107 0.0235085 0.0317307 0.19477 0.0367842
0.0839434 0.771058 0.121806 9.9982E-05 9.9982E-05 0.022992
0.794167 0.067945 0.116642 0.0112002 0.00553646 0.00450995
0.760868 0.0169919 0.0305187 0.11526 0.00530811 0.0710528
0.727324 9.9982E-05 9.9982E-05 0.147737 0.0723182 0.0524204
0.721181 9.99731E-05 0.0732536 9.99731E-05 0.205266 9.99731E-05
0.747938 9.9982E-05 0.00966576 9.9982E-05 0.22015 0.0220459
0.508696 9.9964E-05 9.9964E-05 9.9964E-05 0.490905 9.9964E-05
0.532684 0.202344 9.9982E-05 0.0472098 0.217562 9.9982E-05
0.568643 0.167244 9.9991E-05 0.157659 0.0955138 0.0108401
0.592636 0.128513 0.06238 9.9991E-05 0.155349 0.0610228
0.562664 0.126853 0.0546997 0.0514702 0.173114 0.0311991
0.72564 0.0987107 0.112762 9.9991E-05 0.0350092 0.0277773
0.0224106 0.643137 0.120184 9.9991E-05 0.0498046 0.164364
0.050375 9.9991E-05 0.110822 0.715171 0.107494 0.0160375
9.9991E-05 0.0622981 0.583854 0.278285 0.0312964 0.0441657
9.9973E-05 0.00213518 0.900238 9.9973E-05 0.0973273 9.9973E-05
0.0851137 0.0540532 0.710319 0.0756115 0.0646469 0.0102558
0.0265439 0.0723368 0.862509 0.0384099 9.9982E-05 9.9982E-05
0.367331 0.288884 9.9991E-05 0.164277 0.160756 0.0186509
0.495859 0.287745 0.0222386 9.9991E-05 0.157982 0.0360761
0.719607 0.104162 0.0289467 0.0838485 9.9991E-05 0.0633357
0.48491 0.219062 0.00399037 9.9991E-05 0.241006 0.0509321
