IBR/IBR_outputs/all.combrep_1/EucDistWater_Total.PersistForestCover_Total.WeatheringIndex_Total/EucDistWater_Total.PersistForestCover_Total.WeatheringIndex_Total.asc
NCOLS 160 
NROWS 95 
XLLCORNER 210004.651214014 
YLLCORNER 7350008.22228844 
CELLSIZE 4999.99999999997 
NODATA_value -9999 
[rows 21 to 41 of 95, columns 92 to 137 of 160]
8.93341953656818 5.24361340721823 4.02157624614274 3.59749043028933 8.32429398325174 13.5661506116658 17.8240255014432 14.0456254790871 8.80861852727826 3.98053834312545 4.47344620970961 8.71642357750227 6.54335050938842 2.59813206984724 1.991790032433 5.08103461532931 9.45669622124625 6.81410554478832 4.22030661718131 1.60958373389923 1 4.10453449517881 7.69029930191966 5.5155809491115 3.01708434820978 2.74325720615912 2.56466599889381 2.26214484285387 2.16213107956235 2.31222195101154 2.1863446723038 4.92588010302385 4.74185026729587 1.80214997314391 3.25161874622885 2.18490900778969 3.93094615405021 8.21558140853917 10.9774542373652 10.0082193483782 10.8899471164726 13.9553654151971 15.4314397723302 17.0035978125804 19.7005568291873 23.0073191688335
7.42789708408576 3.6273509118974 2.83698388356319 3.52742218253058 7.83808464143145 12.9295307262039 17.6781774104003 15.695594731335 11.4171475617395 8.58362747479898 8.77162529017268 7.92689562906251 3.42662491294422 2.59373688674556 2.28721061640201 5.71645828364037 11.0632423931915 11.5339216102531 8.03407958261317 3.32566028541837 1.27092185022734 2.55981776889869 6.78951518509917 9.42114657335964 7.95311834161799 7.23125324766892 7.01940386012603 7.0562173636519 5.86347412110141 4.90049416616671 3.70158034265578 2.10361167426458 2.8846398024725 2.31444976902557 2.38132315278625 3.88315904821914 3.62128374593223 5.36339239330815 6.23980497488623 4.61034049405633 6.225707073426 8.6537022222856 9.91058713516115 12.2837558749888 15.6806147277615 19.1587679778849
5.30050597681683 6.29707037749933 4.31030021010051 3.71762603007974 7.9933275528681 12.9051358399134 17.9163888198865 18.6991099517078 15.1968590367919 12.4881450749041 10.8710410611575 8.50604804923112 5.0937590730497 5.28219561691464 2.49939165407163 6.01311881064915 11.5635263734052 13.8131881681174 10.7617112472233 6.69912811684256 2.38400614530969 1.33571152526066 3.69050968618401 7.5229507816051 9.09458255181714 4.82157612642859 4.52884080214203 6.92118101221546 8.08710249632465 8.72727939361338 7.83389641867121 3.99434601551075 3.08127501123007 2.45510154184953 2.04003832297726 2.05696863504302 2.41965616743125 2.11985714385355 2.11339813085179 1.82789128753048 2.44333322487753 3.01773669833907 4.33802788279371 7.59734444330416 11.80105064037 14.3369413318601
2.00409273640221 2.88404695710842 5.74954790878251 8.60258671626484 10.8058978665602 14.6767595037966 18.7616462564681 18.9032570876544 14.3078248385343 9.85589066784545 6.3406780407461 6.38736700292378 4.61885284769925 4.35860804617373 1.85083725683263 6.0789358150838 11.0410702384643 9.88745119150159 8.84465425466151 7.84591969715497 3.21917191813617 2.12948412916802 1.90532470777731 4.13251497870159 7.06200106648669 4.95899459722877 3.906173797023 2.48277834144808 3.54562555244493 6.19693529786758 8.68740523410487 3.89125436803501 2.54259427221257 4.07334674913613 3.36071982471692 3.77813695669766 6.69816083317299 6.28831464989377 5.01947773674502 2.71925162833685 2.23059765996599 1.98607989093971 2.20265850118142 4.32588598690381 7.14073308280531 9.08922538082976
5.88208446457709 4.47585813523083 5.83761564247749 7.07057009330532 9.33122675145923 13.3506638434925 15.1564011505257 16.1729497651609 12.8867866381108 7.62800502904094 2.77643864020743 3.88105468025439 2.66480319129536 3.13753063469042 1.93534649927657 5.79741421964014 9.86897021570995 6.12734481059092 3.77169937228598 6.11305992608694 2.42740774749927 3.0201794018413 3.46875330852894 2.33941668545418 2.80423073120877 6.34400615668931 7.17841565917123 4.58541549804874 1.82622408326448 4.94811658507991 7.89248742120491 4.32183057467174 2.27686819299801 4.63325389076294 2.54044552056563 3.43370055549752 7.52171193914129 6.1650434604145 5.25881120515525 7.12889346059208 5.93033102436026 3.20112328292154 2.3939803049912 2.10368866823323 2.75653841903627 4.32196099069991
8.44943180351676 9.28052440512841 6.08822806798646 2.56029401705008 6.03526477246587 8.96340125888201 9.86883946079548 11.3458799368015 11.7135191274151 9.05683440906291 6.06727138982836 5.60077702908169 2.58086621169101 3.03420520048571 2.35417045487382 5.87744982098838 9.68422632896308 5.79129399005222 2.06325420924391 4.15435700702669 2.58167809156412 5.78794697265416 5.41143305501018 1.74043557555898 2.68472545899874 5.71469298845224 9.83397296540328 6.34068905631922 3.27393021133646 2.66408134971624 5.20676358505974 3.41272690627835 2.02584334659333 2.45360247522847 2.85909760044912 2.41745266453984 5.49898302649098 4.39371585282763 3.62943240845603 8.14450391218472 10.1283584868596 6.1033356635485 2.25106263459822 2.33735084490961 4.50089508215122 2.43737942285156
6.18677425313876 10.0290118000379 7.43376200450046 3.07551933401943 3.36276965517604 3.56438126506728 4.82261295840572 5.94829179096866 7.59041203272008 7.96785636140499 7.84903397421714 8.37317767776898 6.8590874103848 5.17194856331343 1.79972807329659 5.55878621112637 7.34781612353082 5.63667993588049 3.98198339036746 5.10848060678962 2.00214208395137 2.99028149518185 3.63797846808982 2.56657990629388 1.86169953748628 5.6970498558075 9.96467787293512 10.1569880777093 8.31871521070027 6.15154905303189 3.54011735797279 3.25623982224416 1.7867977232288 2.04141954983824 3.6447846539375 2.24977844581108 2.56962879453468 4.38430846415708 2.43796589623848 6.36523540658246 10.823668960395 7.87374184571029 2.80229126617947 2.40115683332237 4.87282341112915 5.921620162358
3.01386941768394 6.94284981295979 8.41496843092346 5.6474377604138 2.47333966483439 2.14818843545099 2.06484221030486 2.63713334754861 4.05024434319844 3.48301897403805 4.26847843677616 9.11411203456121 9.88782927189341 4.9022814731532 1.70281684507462 2.37251228947376 3.03251075470488 2.83683604771916 3.42102674018496 3.83762536872489 1.88187735447107 2.13623501009315 2.9073201819802 2.38805701773706 2.28033358372296 2.8751820736105 7.60157112397125 12.5276375726702 12.4875667070428 9.85180142823606 6.75780535323733 5.98663849982317 2.45019759309023 1.75229681740008 2.30501976842747 2.68474092521307 5.08972931126325 6.79186587473401 4.87500875202916 7.52930447754921 9.83948243645653 6.8360148559697 2.64099225912961 3.45161280187729 6.82472744975049 8.65388609849802
1.52700949040407 2.67238881377541 4.31129131212425 5.78091726357408 2.86791115605607 4.04526147119434 3.89573946153788 3.12502409314756 2.95871369554391 2.99833794580915 4.8374697861112 6.27878196742046 8.87432442405041 5.07860905327937 2.22724908800695 3.28357225733233 1.92437508271433 2.7569285345147 3.34471833003744 2.42727094779247 2.71257343644755 1.72467051962083 2.9339050565011 2.31460230604002 3.4436170157062 2.6535100744078 6.5513933455368 10.3689906545006 9.80067146873971 6.38368464018768 5.41875519268957 5.19119292797202 3.9119632557195 4.64265983680936 1.9649716073134 1.94224616737637 4.30340009037983 7.4592414238525 8.12492092257006 8.63351026911973 5.58461325819578 4.02351738212509 2.80739524324468 4.60395696303539 7.07758424271012 9.24973222014877
5.33064364935133 2.32178083973254 2.1280374700246 2.41522251986767 5.89185808354243 7.54691045147001 8.26313880388524 6.07799128030972 6.99103005026545 6.66965978729403 3.60535939726493 3.40631425784267 6.2506334549926 3.78969326942688 4.46741247982758 7.09899067253661 3.90066417624843 2.00145828846228 1.93830180715454 4.29803977373273 2.94493601400467 2.10882965939932 2.40709968663164 2.66084971923147 5.58848481683804 3.06175002737592 4.05044848456017 5.43819583683234 6.71752485815746 2.86473956391025 1.93159625454071 2.85338582038547 2.4488501200332 3.0309226991895 2.13010293781899 2.19931400887821 2.0358163588939 3.33483428971143 3.78181067626172 4.92356581872126 2.84010427605355 1.96094439370807 4.99246878740334 5.62657205798959 5.28367443655115 9.10654406092008
9.20879989142138 4.59407134841208 3.15619273200503 4.85630176098168 5.36232696260865 4.41589848994678 8.28122583340957 9.25167607813929 8.38972948814184 5.54699462836774 2.29404018421 4.7240170997995 2.98719984562825 1.522959330942 3.59846819400465 6.01593891962254 4.07821488306171 1.97554951083373 1.72485332067532 1.9826187947219 3.01716999242963 2.12781166441353 2.43502308282048 2.687452432663 6.08908888413615 2.81413246979436 2.74308122381364 2.60145124636344 3.28143727784295 3.94146364852996 2.64751451189897 2.56782560104417 2.5477469285332 3.52922886498741 2.12973916592139 3.64397969181398 3.17116167952091 2.24134129885817 3.04531926917281 2.30325084006663 1.73424059063374 3.43811572671698 7.85402074945592 7.41296951967798 7.03412273766901 8.87090725301415
6.6111307724294 6.49423599179499 4.04519446809715 2.78076426054105 5.01398181905948 3.72171445951649 3.65347243825454 5.61792158265247 4.03208745026456 3.20954703750097 1.92560529237294 3.06827428187742 3.46623852131492 1.93986857851918 1.69704077771078 2.6625471313667 4.52433959348527 2.21278856290466 2.80164114979495 2.19898783852662 3.09006111216301 1.72135967396868 2.58534382429862 3.57129783070887 5.80558549404423 2.30413390336596 2.26911760576059 2.07233586303743 1.67663938189449 1.88074626398048 1.74181334380623 2.94372580185964 3.6439780888347 3.45010125204921 2.33276389381066 5.20683148463318 4.02170481106524 3.17896858539484 6.35125056030817 3.47713812204183 2.57899734394472 4.69934008852688 9.83808750081996 11.5151847050478 12.207769427947 8.83451086433238
2.78454533472355 5.54425443035231 6.43929358736223 2.29405019938247 3.86572537043507 3.36098331290284 3.32069311926588 4.44705548823323 2.07460774190527 2.01419363315788 1.44461007645364 3.04652262251317 3.47316841892398 2.39026288944946 2.83293768727257 3.00723773688419 3.59674346521 4.20442432661377 2.06689855106995 2.36005003880983 3.42764560374175 2.14736309259186 1.89180939593536 3.98982969141619 3.03108882070719 2.03580542556002 2.50111998483056 2.80784748473636 2.72227401500286 3.37658992273491 3.55627881990771 2.65286923084901 2.0511723368986 2.63455040744946 4.25160132494333 5.79541901534125 6.90957744450992 6.16410790435563 3.66971926455624 2.41170869963154 3.39754351666648 3.66844694816413 7.84019908895922 8.5000718313034 11.3827805251458 8.6470947075116
6.18335233335185 5.53793922843538 5.98966981794937 3.0533556037992 2.16345761071124 3.68877052982363 2.50054580423884 4.36511900833625 3.97623215987745 3.08253615706899 4.09341516727059 2.51519956121657 2.50953205915328 1.91226803226036 2.24170476912443 3.78340410483236 3.67807045523308 2.87216024325609 2.16318321686316 4.56315816165322 4.5021977598374 2.08268936875869 2.3315322740236 6.15809314342537 5.40883339885846 5.1902927278279 4.67052725197792 5.84287384623969 2.89795111516929 3.2891078479182 5.26707307213115 2.93930649923512 3.40812890307061 2.44116310684124 3.85153296706983 2.92452909427702 5.91530980034668 6.40136273112906 2.38225772995103 2.65439162316038 6.01201528389436 5.59006545344553 5.47436260785257 3.5951347081417 6.15157781582692 9.02228003830866
6.48756249360354 3.11654471921847 3.26826222573266 3.2435066605543 1.58178840557637 3.91832909474577 2.88722817101518 5.39545709206426 3.18389877819373 3.25831522149435 4.57920061157808 2.99298014126845 1.67043772008265 2.6451566994689 2.84925713928954 5.17778896206166 5.52894950841175 4.40021251818385 4.5187373148667 4.11718141466741 2.42577272386878 1.74888384139186 2.6978026656407 6.34640824064893 4.20870141447782 3.31430168703099 2.38456094539365 3.66091368195624 3.37862023104749 2.42878966022157 3.13981135060776 3.9627785118908 7.02464678625936 5.42593328034452 6.04862666513791 4.88166876616731 2.50054210362963 3.91947423389202 2.07536714182083 4.42192769950539 4.84131170764696 7.97159939134056 6.00655989557081 3.02953799212483 5.20177097269518 5.1005372266788
7.41267845368432 4.62455195789939 3.31490105219496 4.83389676936857 2.37380035997333 2.24366461008127 3.13022351285877 4.45470116157846 4.15154114866689 3.08724934425211 3.01397907548218 2.57468058931609 2.82374558325835 2.91125102414317 2.11381470036468 2.98340198782716 3.84046292411857 1.91108426442719 3.10567902372233 1.980398219535 3.28719523723335 2.18701941984785 1.86970445658747 3.51752657468159 5.80590500751635 5.2282812672754 2.71065320369167 3.26947359580331 3.96071035444845 1.64963368604023 3.19647453715611 6.39309154977369 7.41480664683474 6.80370667019388 3.76112182985296 2.97360069141253 3.37988533475549 1.86212557389725 2.98062398950748 5.20595146690548 3.55740259019856 7.43823511565958 6.29956702792158 3.34250287949139 5.48944264851941 2.5924852770375
10.9416719220729 8.56261234865491 7.43412896464872 4.4538278940776 3.02858636081128 2.78524585806654 2.32576414076884 2.72224174568116 6.5218174646898 5.24426258906435 4.74253160128797 5.5647437527366 3.80443720040696 2.84165305581658 2.3695529585656 2.13202667017591 2.38055842224064 2.51921693256992 3.30147098583415 4.06476781980008 1.99004674841829 3.13041954996465 2.8650441538572 3.13635224487825 3.71024960187323 6.12314809860179 5.83656169946149 4.64043698556405 4.04668336972748 3.7728655481925 6.66956033698952 8.08016255380437 3.50469189002696 4.40941434879695 2.24031971159364 1.250618392252 1.72152153078621 2.33773333652072 2.08416035952207 6.16566729369853 5.51856151577022 4.77391245944927 5.18625549512472 3.57464760057458 3.51473076737122 3.23120424147865
15.0845481743084 12.9952058875777 9.97142265778593 5.824431235505 5.08712235241954 5.92229424228034 2.83450559525864 2.88963395539571 7.41731156177191 8.76251548790824 4.96216867197309 2.39909172156989 1.57163533566384 3.02775920751629 3.82746619001472 2.41157041619117 2.65688637201471 2.39130624750213 3.33969074410176 4.92553528363912 2.04060994896688 3.4947253265939 2.34310538846479 4.25648337398107 2.64838037092499 2.93731254232246 7.19232514009924 5.49946054919128 2.9345982186425 4.74626479008375 5.52502470312053 8.58307939603868 6.31691565819324 5.34790462982932 2.09912560410967 2.44951586655713 4.62707255306875 4.01386753028395 3.83955874401495 7.03181098126047 4.42178839513612 1.99753020983088 2.29940698937038 2.72663194754992 2.16141648021088 2.77315205300546
14.4304961172723 11.3972520414653 7.53860828134441 6.61767753700185 8.89602872011654 7.440595970866 2.96193552345603 4.52437908650113 4.68214815258584 7.72240128955934 5.77107935123882 3.26282695258771 2.50846829291959 3.09369199575845 3.20277276790628 2.52418040700617 5.14250082992205 4.17445599454943 2.51808636974946 5.36198835539138 4.02379758270464 2.31106691758306 1.81639995550264 1.97827769152252 3.81197421722459 4.8268222511289 7.89957880750772 4.75827905599026 3.08648791346803 3.97734452559803 4.69494141111015 6.85361580235081 6.63542460534545 3.66418465405389 2.37213107031851 2.33133273172301 2.86611192093822 2.74203672298291 3.56646948251678 3.55633608076426 7.05222049347544 6.30016266958891 5.2127514592876 3.07365941509752 3.55228778105172 3.65882459755672
11.6832108181826 9.98541422131262 4.48560116305895 2.82348339495055 7.79421358632754 10.0051929967306 7.62718741217605 5.06666650190801 2.54225017932669 5.43061578335456 4.66760904284868 2.80399616114018 2.4888948515499 4.42364401795963 3.86483467132839 3.19553947105211 3.04584779138169 6.17394745786197 3.86639494431337 5.03224344783725 7.61078484667368 5.74872175468529 2.50970796335253 3.12049982487748 1.68597258881958 4.57675393074785 7.86441049117236 6.01314956433525 3.54797099276015 2.03487660558571 3.56000153401908 2.50045355245564 2.39825695180717 2.28731087458881 2.93514347332675 2.1903066330015 2.90013565547357 3.7426992194873 1.89455679460285 3.33270407013595 6.41860232721328 7.19532668851573 4.7753195910651 3.35511573174662 2.81800332260607 4.32454830967718
7.50191851981016 10.0485319934263 5.82861605281406 3.47317851642188 7.63920911571785 11.7037442198713 11.4311767471362 7.58090637439681 3.78314533688721 2.84745036171307 1.82988388470667 2.48985717 2.40839823404809 2.42751953262953 2.32328052487384 1.55093829949479 1.34544566660292 3.55204839134185 5.34233550141513 3.60571309698282 5.26593185202143 3.27511120627602 3.74887396298961 5.67834302532808 4.29235698264478 1.8720021579575 3.65129927754654 4.37814874124257 5.45056359993534 5.51573988080371 4.41140242027254 2.388683248428 4.14757155529927 4.68575045539808 2.35515493482058 1.79600775471186 5.08265963155655 3.81896163267442 2.13796286220183 3.08800529706783 5.93113373310933 4.73748916332375 1.57169218411845 2.19618167366023 3.93238804275683 4.94926239746863
