IBR/IBR_outputs/all.combrep_1/EucDistWater_Total.PersistForestCover_Total.WeatheringIndex_Total/EucDistWater_Total.PersistForestCover_Total.WeatheringIndex_Total.asc
NCOLS 160 
NROWS 95 
XLLCORNER 210004.651214014 
YLLCORNER 7350008.22228844 
CELLSIZE 4999.99999999997 
NODATA_value -9999 
[rows 0 to 20 of 95, columns 92 to 137 of 160]
-9999 -9999 -9999 -9999 -9999 -9999 -9999 -9999 -9999 -9999 -9999 -9999 -9999 -9999 -9999 -9999 -9999 -9999 -9999 -9999 -9999 -9999 -9999 -9999 -9999 -9999 -9999 -9999 -9999 -9999 -9999 -9999 -9999 -9999 -9999 -9999 -9999 -9999 -9999 -9999 -9999 -9999 -9999 -9999 -9999 -9999
-9999 -9999 -9999 -9999 -9999 -9999 -9999 -9999 -9999 -9999 -9999 -9999 -9999 -9999 -9999 -9999 -9999 -9999 -9999 -9999 -9999 -9999 -9999 -9999 -9999 -9999 -9999 -9999 -9999 -9999 -9999 -9999 -9999 -9999 -9999 -9999 -9999 -9999 -9999 -9999 -9999 -9999 -9999 -9999 -9999 -9999
-9999 -9999 -9999 -9999 -9999 -9999 -9999 -9999 -9999 -9999 -9999 -9999 -9999 -9999 -9999 -9999 -9999 -9999 -9999 -9999 -9999 -9999 -9999 -9999 -9999 -9999 -9999 -9999 -9999 -9999 -9999 -9999 -9999 -9999 -9999 -9999 -9999 -9999 -9999 -9999 -9999 -9999 -9999 -9999 -9999 -9999
-9999 -9999 -9999 -9999 -9999 -9999 -9999 -9999 -9999 -9999 -9999 -9999 -9999 -9999 -9999 -9999 -9999 -9999 -9999 -9999 -9999 -9999 -9999 -9999 -9999 -9999 -9999 -9999 -9999 -9999 -9999 -9999 -9999 -9999 -9999 -9999 -9999 -9999 -9999 -9999 -9999 -9999 -9999 -9999 -9999 -9999
-9999 -9999 -9999 -9999 -9999 -9999 -9999 -9999 -9999 -9999 -9999 -9999 -9999 -9999 -9999 -9999 -9999 -9999 -9999 -9999 -9999 -9999 -9999 -9999 -9999 -9999 -9999 -9999 -9999 -9999 -9999 -9999 -9999 -9999 -9999 -9999 -9999 -9999 -9999 -9999 -9999 -9999 -9999 -9999 -9999 -9999
-9999 -9999 -9999 -9999 -9999 -9999 -9999 -9999 -9999 -9999 -9999 -9999 -9999 -9999 -9999 -9999 -9999 -9999 -9999 -9999 -9999 -9999 -9999 -9999 -9999 -9999 -9999 -9999 -9999 -9999 -9999 -9999 -9999 -9999 -9999 -9999 -9999 -9999 -9999 -9999 -9999 -9999 -9999 -9999 -9999 -9999
-9999 -9999 -9999 -9999 -9999 -9999 -9999 -9999 -9999 1.29399924435592 1.83388924104487 2.06588158555909 3.2472182068962 -9999 -9999 -9999 -9999 -9999 -9999 -9999 -9999 -9999 -9999 -9999 -9999 -9999 12.7371984163137 9.3394727718041 4.38658020811005 -9999 -9999 -9999 -9999 -9999 -9999 -9999 -9999 -9999 -9999 -9999 -9999 -9999 -9999 -9999 -9999 -9999
-9999 -9999 -9999 -9999 -9999 -9999 -9999 -9999 -9999 1.39527999960811 1.75538295466574 1.2213936428966 2.146579502645 2.75476044124678 2.63724686222811 1.64983094790379 4.59607885154644 3.09528916286594 -9999 -9999 -9999 -9999 3.80719996842286 4.04176014346395 4.26653416319417 8.09136282478784 12.8254899202287 11.4510090590006 8.12140584870972 7.03854961192569 7.56358867871668 10.9024715851833 15.6323960245592 16.2606002439893 11.2860270941912 6.46519500258765 5.41796875642465 9.72487808158293 14.8240973781532 19.8760815919737 24.7503674657548 29.2562442120343 -9999 -9999 -9999 -9999
-9999 -9999 -9999 -9999 -9999 -9999 -9999 1.36056280057913 1.69314001998537 2.60441374182634 4.18957807073478 1.9031966134828 2.00129568464289 6.01139850436916 5.87632935252782 4.14960836190474 6.13196588966001 3.41600076029263 2.40364739164467 -9999 -9999 4.42880929015183 2.305364508814 3.04978555954949 6.27471590813945 10.7182422967713 15.1934987318103 15.516535037128 13.3495813975673 12.4529490147894 12.6618904082158 13.9718540429294 16.5124289797897 16.1705309668272 11.2311573113488 6.32884408796493 5.30540885969575 9.74805095881752 14.8637017223297 19.9358462794049 24.7692213147676 29.4472483139842 33.2934345724555 33.3266985929 33.0762863316989 33.5893801929293
-9999 -9999 -9999 -9999 -9999 -9999 -9999 3.06506659185444 3.72272890135051 5.7969060788274 4.51263764323083 2.04914084264549 2.00676017636681 4.50226817900108 8.89157249385937 9.45528739168273 9.92188434748011 7.53461043468716 5.10957532927229 2.43219638205657 4.33893502842923 7.28372659849762 6.24983444019478 4.63001672772621 4.71842991548522 9.94177207494489 15.2771189409716 19.0701334728995 17.6247464544547 14.6915032585677 11.5988045606756 10.4558996867825 12.4735381931679 15.752639686216 13.9003134860945 10.8110377213719 10.2870247939064 12.8908692914914 16.8478130389694 21.3750963725348 25.9061239982357 30.3651325128967 34.6817958008163 37.4647916180007 37.4654505132339 37.8955719749562
-9999 -9999 -9999 -9999 -9999 -9999 5.35762543880791 6.12102244871801 5.72210410912016 5.66531071706812 4.06330727201475 2.08193629293905 1.90162951538349 4.59428202774459 9.79037790056869 14.0726907458485 14.055348149734 9.87802965839989 4.58979852208648 3.14041090690677 5.18323111449643 9.41525143557804 11.1072452482425 8.10044534904803 7.97379784056883 12.0162637557854 16.3996023320477 20.3757486679901 17.3157746651486 12.3439695814274 7.45320100623153 5.25331411666267 8.9369645882612 14.0498926479123 17.3359333421142 15.8509734553904 15.5558241574691 17.2088762109572 20.159516671981 23.8931140815208 27.9422386211976 31.9448732922526 36.0529365193693 40.0345473111418 41.7081879533025 41.9831924084984
-9999 -9999 -9999 -9999 -9999 2.78442690094272 2.39160665986634 2.58830729448767 2.18707844031486 3.25066783084869 4.04279407144787 2.28278605240533 3.47837540679336 7.71802039851039 11.5601847754532 15.683938207259 14.9239586187697 9.42449364133394 4.71478498352057 6.03468805993994 9.80249583463695 12.7220749945605 15.0733145185218 13.2353127814517 13.2106297955776 15.6779690946788 19.1008802584664 21.5137070579802 17.3099476809233 12.3823667888501 7.48841438996151 4.84951550649678 8.68622245620457 13.6008685927873 17.967950422493 19.2323651467095 18.567336677962 19.3589022382783 21.5037139732523 24.4962605353829 28.0951430728812 31.8580673641757 35.6735573867401 39.6383184205764 43.4872138194534 45.9710017845147
-9999 -9999 -9999 -9999 2.04419855303686 1.75800325191498 2.99756283366922 1.87063078242552 1.22044165212268 1.53948367107675 2.24669786312682 1.90008383335578 3.87646125262825 7.27730015420629 9.00032445672269 13.0126256222624 15.6263086850458 12.7654069817845 9.98015713819334 10.4123686663684 13.5110088857691 16.9371945940253 19.3091795782358 18.4403103136901 18.5014716515563 20.5501947507456 23.062062644971 23.5667654783733 19.0228849525351 14.5594652962776 11.3108292484262 9.22068547803183 9.074807267421 10.9667246934388 14.7786020327293 15.2814301623294 13.9281941007253 14.9618368747421 17.629866288206 21.2482190877781 25.3328165902751 29.6218493392414 33.8167642265117 38.0542482109755 42.2220288323866 46.4338088151086
-9999 -9999 1.69802564631151 1.53911559123235 1.55526924450719 3.08538120627323 4.11328793396568 1.24555998663353 2.76081273901321 2.6794972001222 3.04991983683514 1.86704861767584 2.99194672458966 3.21179183611563 5.55378772830048 10.1287832968805 12.3456534718788 11.0549440724198 10.8877722995604 12.6606360743275 16.1490331206263 19.5233821296296 19.6575177783983 19.1242923376855 20.112494559454 22.3565027677683 25.3454974680144 24.6991532152744 21.6987762452981 17.7854340767903 13.5862167349707 8.01007126610683 4.48205233007032 7.47011191218512 12.6723505477852 11.2166597720108 8.84538466385602 10.3696685589565 14.2836771688842 18.8323478136305 23.4176346854655 28.2539180839269 32.5845105061454 36.8730774414337 41.1122256333053 45.6671017342113
1.62827022808737 1.5532647572539 1.43940487804647 1.90401066474881 1.32874691875785 2.17067403275898 4.22999865781092 4.27359089750879 7.51321795377146 7.12350618645213 5.21511336169263 2.87145842815096 1.62865119372363 1.63841676430148 3.35255273113607 5.77209622304425 7.309539720667 6.77632819988841 5.21085711773233 8.9872430991251 14.0872181859931 16.7639957438402 14.5927931708918 13.9789290338241 15.4472818521237 18.9950144688812 21.9079582519233 20.2107269185303 19.2696061883203 18.0172792895269 13.8091923623701 8.44680210324367 4.55786653894596 7.4272814571211 11.9108273778113 8.21052610594148 4.13433735466654 7.31026597526391 12.3566681521972 17.6553120856982 22.627975440278 27.5603038334865 32.139215606196 36.4936415123111 40.6592302930727 44.8972230277887
2.17434813499314 2.13805276098771 4.56899910449161 5.57084326100434 4.06905451495195 4.7187687329126 7.29632975674255 6.93266207002419 9.42122360019113 11.125998078873 7.72271233150623 3.04786716848294 3.37815370007607 3.07856905273034 1.57311551952676 1.85874744031225 3.99227956737511 5.45352326644718 4.77809562155274 8.76352436829585 13.4441114798825 12.9416739750648 9.45951694953854 8.53522012957716 11.2154743968075 15.3995589050487 18.2496812783897 16.2945865964672 14.4258505846745 14.8307972961479 15.246019315771 10.6194937370502 7.14121450672118 7.42424136969787 11.0042155973114 9.35177152934413 6.64222485027398 8.67972730026202 13.3142127984089 18.2914202452902 23.0928878514831 27.7439945666976 32.2788327954445 36.766151713051 40.9385484576829 44.9314940397562
3.73616239663667 3.55612923605602 3.44218212489233 6.59039547123574 6.96917665093199 8.69036730754304 6.05707729069764 2.78912672453721 6.58445558591485 10.5456187232383 6.64359921445317 2.13241011394914 3.83415161127855 3.56966107686868 3.73024087854041 2.66232916222999 1.37577225468346 3.36701097854537 5.86778756627252 9.04734001356614 10.9777506040204 9.93163232122302 5.27151118009002 2.96216127558378 7.87097063671633 13.7835280473585 15.1648285504897 11.2547776042193 8.88058638604473 10.3342188992015 13.3785776499534 10.4496248010471 5.93650281621194 5.41193177607005 10.5199798321634 13.3503271323994 12.0235196181881 13.1959159209357 16.2686803132017 20.6409859833714 24.8405244843072 28.9308870441395 33.6573140461251 37.7251300115137 41.091512634817 42.6309057375872
2.7679449974478 3.21459102358127 5.85739043730183 3.36596045442461 4.31073678498174 9.12652802359784 6.66095841929441 2.72272810889239 6.02109523082984 10.7859151371056 8.75833621628842 4.96815407579536 2.82864666563807 4.24119907929387 4.34808065985661 6.27999338812642 3.00297947193933 1.51675935442117 2.20489706011916 5.1198385846836 5.89155823756292 6.66422456343368 6.5951629880709 5.64814775564097 9.59642806670607 13.9661708873573 13.120297235186 7.85361803206012 3.72036958562216 6.45662071895912 8.55571553379997 9.64987523482349 9.65348923703353 9.44343217251497 12.3121955983941 13.3173637871933 13.5302214248514 15.6913916808082 19.3044548192631 23.2462888285251 26.8946625418131 30.650618361684 33.3984347010417 36.2273465510808 37.7397410223616 39.1577858001652
3.05290403103599 6.10026032124529 7.88489001261178 6.24836759829887 6.79994471005148 10.6993596269881 9.67063909505324 7.52459481258793 9.18359130954286 12.7791737545011 11.9765937625433 7.19811090019514 2.49751132484471 2.53894048879859 2.52792565997088 7.31100119008017 6.81257310565012 2.89788116733711 1.89457930690214 1.64992983077078 2.62743114967191 2.57949741844011 4.46360686573973 8.17257551164192 11.1546048766015 13.2876924919685 13.3362296176344 9.42666183876643 6.18414775001837 4.97583808851578 3.29603116190386 5.57679908669389 7.41960293895665 7.76007424079658 9.86687093541915 7.442004057132 8.459002025593 12.7601403903459 17.2428184220535 21.9066870273576 25.6609202640641 27.6145697768563 29.9724721492521 32.2651781760081 33.3756017454407 35.5568166543581
5.88635808727273 3.39926459586488 5.21753288800266 9.27015697015056 11.0889562297013 14.1877763558913 14.1898851165345 12.9184929980391 12.0274516621717 10.3594369131662 10.5120402246188 9.44325773714402 4.54744177847218 2.27775939100196 1.90132229504849 5.82730698064866 8.8440019874758 5.81059576979703 3.10454854728203 1.52049263230708 1.40055837128725 1.84186187170312 1.93178692784896 4.09744832365427 6.54839276973879 8.54395196096561 10.1817988171898 10.2595406876602 10.0275568151949 7.70956166791005 4.69260480095424 2.97578517932793 3.83188493313531 3.41503932075222 4.97752121960506 3.787030227717 5.98190819098787 10.6054763983004 14.8093140297725 19.1516848682706 21.3888020556097 23.1783685558661 25.719743201053 27.3108970460779 28.8401322049202 31.3021876118628
8.68231663347217 4.91450517344324 4.96591350723701 5.57693106173835 9.37778331711156 14.2233560544826 17.5837917506628 14.5176413710802 9.46466751751021 5.3274811929578 5.73745441231213 9.38600338134996 6.51641682103777 1.96637463232023 2.22940201969543 5.22714486167119 8.82312942796072 4.86424475766029 2.12192037101106 2.40797800279338 1.03061723738057 3.97798321743013 4.37055246105664 1.73056910214356 2.03206029955739 3.40384243094129 4.76072599693114 5.11191132077887 6.300382479634 7.27479279479514 6.44499003255554 5.8779103451657 3.00333158272065 3.23834465854042 4.23216774844575 2.98795119118502 3.40223114459356 7.66163263231898 12.6405919071787 15.2995118854136 16.1126983109933 18.4136062814046 20.6730783328504 21.9641783075524 24.0617389075423 26.8973302133478
