IBR/IBR_outputs/all.combrep_1/EucDistWater_Total.PersistForestCover_Total.WeatheringIndex_Total/EucDistWater_Total.PersistForestCover_Total.WeatheringIndex_Total.asc
NCOLS 160 
NROWS 95 
XLLCORNER 210004.651214014 
YLLCORNER 7350008.22228844 
CELLSIZE 4999.99999999997 
NODATA_value -9999 
[rows 63 to 83 of 95, columns 0 to 45 of 160]
-9999 7.98054043118103 9.71108156926579 10.313160091685 11.1997578653967 12.8856377887686 16.2054719221582 20.3214126913469 22.3481016325733 17.915254064377 12.8182726006209 7.71576301852452 3.97294592197553 6.38195409944524 11.4115938936236 13.9865654267435 12.6287803969296 12.6524399460816 14.8156189544311 15.8495711507777 11.0271461932213 5.88327444108762 2.94964456477325 6.55690183731755 7.71492691685235 8.69821477681119 9.3182717736995 5.58332952423413 4.02083104893512 6.50311238100193 4.90252502529384 6.04901087309576 9.60303660674646 8.78017324200164 6.64515059887712 4.53330409725781 3.63182650827907 4.58469872187984 6.68896431250878 7.29492522408524 7.62687775421693 5.63536082250391 4.05961784673769 4.9627364616841 6.70703625279475 4.33171277812997
-9999 13.2890439964698 12.1678093026671 8.05142109846042 5.9306697482384 8.74242557681536 13.3929060250414 18.2885536348571 22.2734892082468 19.4397208240602 15.0238927522041 11.2515613101485 9.27916860187989 10.250254220358 10.9177480886608 10.6779327506248 12.8336394176184 15.8416025079094 18.7935173879885 17.7165929072659 13.0614871471038 9.21329253923595 7.36327801391373 5.55473355733311 2.70831423913261 4.27553520862109 7.13543866968119 3.21930491020204 2.44744713964619 5.60679963238534 5.90702644695615 6.90143875723039 6.80817690718515 5.12390479138304 4.02098235545074 2.2899212267276 1.82958717252285 2.27479500044319 5.57968632307583 10.5571738195023 12.5292231512291 10.8649959520028 9.26660820412054 9.62402218252346 8.22677951764226 4.36330753977793
-9999 14.2296287398115 11.1854579493796 5.82799665423196 2.74910770276257 7.24812028304949 12.5922536056188 17.7678437011555 22.6017903944332 22.1586491690206 18.5862277669712 15.872721700509 14.2390406239082 11.1756350388049 6.71709903830922 5.42452867622914 8.90774137731107 13.6627403947601 18.4803733655671 20.2822877716153 16.6848905044435 13.6619326805829 11.2722858653615 7.11497366034404 5.14380695845327 5.79229426247885 8.94251729986171 7.04635107042086 5.13824551014313 2.56695661139561 2.93338674984302 3.89616377377504 2.51840481467878 2.28042249475122 3.14806936959195 3.92704448221097 2.83302642855792 1.755513895506 4.14478335749908 8.1135725255912 11.7057837628716 12.2468111002598 8.91549297331777 7.82047444801 4.71932585819799 6.4507994481784
-9999 15.3256477544383 12.3699849438443 8.25429853150226 6.63605341237154 9.48794881839793 14.0518673010529 18.7776033373072 23.5088925754291 25.412347574783 22.5876681069804 19.140749097514 14.5789216510911 9.56923672895628 4.53287934004346 2.57898476368218 7.50801974691705 12.917497970538 17.9439740089944 22.1780042426994 20.084886380348 15.3961381126315 10.5241835331035 5.80045537060452 4.92034641354279 8.52450229585851 11.1902181603615 11.4464886950517 7.44505146981533 2.83214156264695 1.83899701909681 1.80248348104861 3.50131668100974 5.75417863370384 7.91240616843103 8.63920987049667 6.05427611446609 4.23338933768569 1.80711770393907 3.9992536979626 8.34903072455878 9.50115711007429 4.68403128866718 4.28065677816714 3.41781201203448 5.45589261189204
-9999 17.6570038008091 15.6547473748725 12.8439701997322 12.063437044893 13.6310839676937 16.9503680986755 20.9792190474126 25.2291952069178 27.9010883380186 24.0948649637249 19.1567742844656 13.9967033778452 8.67063996299132 3.34192936730065 3.12863754992335 7.64733167464803 12.2036658929682 16.7673066402876 21.352184823711 20.4803809109176 15.4632723231588 10.3225927114828 5.44463040350975 4.20170069694285 5.51676260702696 8.00932059689656 11.8574863748153 9.62501871491287 5.92379293139555 3.79949338005297 2.39409093828319 4.17744833528956 3.87327060627492 8.65919983781048 12.4197120367934 11.1119518582338 8.30913343729334 4.48345228899666 2.18566955672121 4.4678057112367 6.29422311846263 6.03815983613836 4.76949138301847 2.67846743686975 5.31951800094723
-9999 20.8112149868234 19.9121415265149 17.9821492474359 17.3358464027773 18.3187149305555 20.7911625274291 24.0313866716478 27.6928838760512 29.0741199772128 24.7282181948524 19.948055800141 15.0803144719292 10.2025157775197 5.52342119727805 2.14324576497052 4.87499438546352 10.0445273761934 15.2517167900977 20.2245766270941 21.6451658350595 17.2612989467237 13.0127275641279 9.62905377356376 6.8005749049813 3.26095394123139 6.53052290522178 9.51884819550395 8.09396341438987 4.6179240635907 4.83110536944659 2.33246424311481 3.97820171257667 5.33219835871504 9.60176660821532 14.2437510232374 15.0290117174448 12.1007076581512 8.43189208000454 4.47819782005262 1.72636994240992 3.34718109891917 6.13820424208251 6.88686602938988 6.23693421204561 5.99685718989612
-9999 24.9814954605849 24.2566158106289 23.0593015401513 22.4178727517142 23.1199911465132 24.9428632493688 27.6063692777598 30.6874490920506 30.5134393440871 26.208768946439 21.8078763362027 17.4040873480434 13.1095339204024 8.92344483889415 4.80447301741482 4.184678457078 8.70666082676188 13.7177289165868 18.9398294972454 22.3149633545165 18.0912747603609 13.2418518574777 8.71669114666638 6.03247769876628 5.62078003486794 4.9630142916865 4.83430015799003 4.85315044884229 4.06206333038867 4.13608964444334 2.01550696112454 2.6155622932193 6.87279461432662 10.2780171329694 11.9718736450506 13.779938285252 14.4841999547745 11.2797333329462 6.60948279209503 3.13659602334675 4.21658861943192 3.5823007090859 4.51877275160707 5.75138893515555 2.58898930381954
-9999 27.423479274278 28.632661883309 27.7453742863251 27.3611447757688 27.8175270398449 29.3205428435929 31.438932731519 33.7150319529535 32.3655144560227 28.2815794624602 23.9278312857318 19.2486667932116 14.2727618496277 9.03936470623944 3.76738993547886 3.34304944771391 8.53605431220856 13.7215859909659 18.9460449781048 21.7275194058377 17.5340080123311 12.205906465895 6.8717781391435 3.07279582584029 4.861725327453 4.16504180347628 4.57150950288377 5.03497080977743 8.27830220761823 5.52729722317805 1.87609941979027 2.53164864342393 5.08042723752541 5.69925616834695 6.94385251951246 8.95684809629201 11.1723980580459 12.7758904170219 10.484926957235 7.8177670100728 6.31234029150208 2.70558544378627 4.24063160848484 7.40703852171596 6.18826849544435
-9999 -9999 32.8594268529774 32.4361641817152 31.8073956997445 31.3546444943683 31.1268550224884 31.1918123796186 31.7350205415515 32.3168542429687 29.2109986857313 24.5293352896915 19.6134096126819 14.5167527109738 9.22743722290319 3.76838713799014 3.09241085179498 8.28683846403177 13.7723735455381 17.4493851265594 18.5779212584253 17.0407107179316 13.0285471623463 9.3326713696177 7.29097568682473 8.79195294544311 9.04239077470651 9.39202967828278 9.29028583077733 10.1841844658671 5.96567992722532 1.91267196122366 2.79005809652794 3.56312344891159 2.96331995208758 2.65192475847987 3.9024822192441 6.92760430857734 9.82013307714196 11.717780351256 11.8454369055282 8.33357358344084 4.14246811136397 2.71304105731351 7.26434938881827 8.23563510022985
-9999 -9999 34.7450129694519 32.7378740550873 30.2104451483372 28.2897486027673 26.8997625365141 26.500466465295 27.176635486907 28.6983377381554 29.2654780329261 25.2703777308523 20.4867072641757 15.5633429110352 10.5447593623139 5.37829255327998 2.08060655064935 6.30112504189688 10.8672447099305 11.7347573289852 13.4195035227769 13.8984131576957 9.6403340868081 7.81008474036647 9.22641855884695 12.5065892370527 13.3554239999972 9.9088177990634 6.89397572414319 7.63756523091407 6.13385228016052 2.1564599387455 4.90958581904199 6.64969846583412 7.38500746749733 5.34190770224815 3.71181389957449 5.07544187149823 4.97802814838808 8.28744030972921 9.83890580419361 9.12631695412944 5.66880138598215 2.18656300093804 5.16044158806696 5.85310154919433
-9999 -9999 31.3812516724668 29.2401547649532 26.2900212924054 23.7660173654803 21.9862096227307 21.6301150629547 22.4997309604507 24.4777326111028 26.9133524646594 26.4446732843721 21.9665698067566 17.156869095102 12.1704281225917 7.3314809034459 2.9055830301881 3.68286213172601 6.1048985517489 6.22352306017125 9.25221377311001 11.5770173466493 6.61461197370909 3.04247950231751 6.23019224239922 11.4792502590703 13.0292678386397 8.08213130228437 3.20771470398516 4.99121574860333 5.73056167699187 2.45270257962071 5.78613678739852 3.49440053020041 6.45671034378431 6.00135189014174 3.05528522433587 3.42404057840794 2.21661390307562 4.79191087233798 5.58436856760212 4.83071152040904 5.31270240792198 1.98434054591094 5.16886605866198 7.47022720702338
-9999 -9999 -9999 25.9731004947863 22.3873213478563 19.1260552415442 16.9132746028127 16.4511692257209 17.8179825326333 20.2286973099299 23.1484698086495 26.066777523364 23.575129039922 19.2060177799109 14.8481129607027 10.3550402123934 6.23734119288123 2.59664713891432 2.63772284755489 3.13509736718145 7.54406789422556 10.7051966848262 8.16346647997796 5.27742991017827 7.63840225702468 12.1868814181727 13.8766989868473 9.54459984921741 6.47340330367472 7.05698726168793 6.36812726378544 2.54319717451251 6.44819739799727 5.51625762392552 7.14284415391582 4.88022694891721 2.1843514841078 2.65521424490097 2.12981191811168 2.62270078075338 5.20521984908381 3.79069858548707 4.35083030467619 1.95938849548677 4.16568810492023 5.85933284943448
-9999 -9999 -9999 22.2829648723545 18.8084647768621 14.8660028366893 11.8922047426484 11.1331784786887 13.1660946744714 16.0424933395322 19.788148127975 23.2011869140018 23.1704042593961 21.5799618078963 17.8390095768409 13.7276496031327 9.11968089733293 4.34793391681455 1.93708465084468 4.7206665287791 5.39851069136028 6.56356199846443 8.30061745850464 9.88860521309164 11.9612074457756 15.041340784624 16.1717337018187 12.0574805339643 8.53597720579671 6.97588589934394 6.02136508308326 4.21444488205715 7.80520069388305 7.87395314504204 7.78058536052936 5.79466252456391 3.16412044702526 2.8226838979925 2.19689691370734 3.59425861948875 6.25111973964835 5.41769443008604 6.48958821546227 4.12411982534108 2.08139676941049 3.57140142271216
-9999 -9999 -9999 19.4614307175394 16.451515192658 11.7567042012118 7.49172306605983 5.85391072271079 8.6361477760594 12.7039331852707 17.3834874838725 18.9870134659265 18.4104932069268 19.319514615316 19.4588880588702 16.5363016350864 12.28044077103 7.55803333818048 3.01395838897352 1.98202703317865 2.71132931748329 3.10851895460219 4.04079837446206 8.93871817742014 13.9417134486945 18.0068443520611 16.0954468451769 10.9190500204929 5.66140658247354 2.55640040548247 5.80142657384687 6.21668319945957 7.73450628848491 4.1032331192598 3.72190142068672 2.29333139430049 2.32481466246143 2.1455277546066 4.11001715090544 4.64581877505007 3.48235171849564 3.34096428373598 4.40764087836455 3.78654760947434 3.2061625770676 2.17782393680273
-9999 -9999 -9999 -9999 14.6417465717065 10.9452015585429 5.75368047094501 2.63522457390411 6.0514610096988 11.4259381148014 15.4654150647564 13.9198584640238 13.2030837533918 14.472159901942 15.102287550349 16.4996523169592 15.0717286282984 10.487188951005 5.55418462009375 2.01371408726041 4.89486728849164 5.49363832739697 5.55254063151111 9.45016899411734 13.8749881271243 15.8804158766765 15.2636341753067 10.4785866535196 5.99844880368698 4.29057502409846 5.42186167501988 2.22730552185211 5.78379183226368 4.84471997090262 5.18849725289693 5.13681424900536 3.65968207356434 1.52307651654846 2.1088206306521 6.895062756514 7.20452139417374 6.18763293189754 5.7926622264915 2.87767629699299 5.98733651903632 4.22180527125927
-9999 -9999 -9999 -9999 13.9231434826686 11.8278823163003 8.24147609317286 6.43075005785894 8.56925730049516 12.7862643882026 12.9927984244977 9.11321695373289 7.8251265393351 9.5037501406096 9.76733171819746 12.2545773289888 15.6553429270513 13.056901037016 8.01317475575416 3.56687293773147 3.39482231933986 6.05396379318112 8.5204497604179 9.10659127983615 9.68423640089533 11.361587681563 12.0452098513513 8.8404833070496 4.55222549574555 3.58083461944269 6.86337025098012 3.18943381132198 3.06112470011375 7.29357264587263 6.03273344297531 3.16124675761523 2.80322657178852 1.53859040784235 2.19156051297485 6.2105683677775 10.0827476180069 10.4109048611247 7.1212853935182 2.97625600016764 6.33423136474044 7.26668568940596
-9999 -9999 -9999 -9999 -9999 8.965046933785 5.32856182433062 4.41117607858652 8.88675036111582 12.670815074995 10.4225122387226 5.89879913985233 3.2858747931668 5.20882963076755 4.6650760034056 8.95728455141052 14.2093477625418 15.1938208357694 11.0892295572162 7.40183651725402 3.31842868163958 2.19330437242643 4.06323328565917 3.79986538041456 4.1993993149286 6.45994511447616 7.52019229167953 5.10530793788395 4.3991895437862 4.35746981066011 7.87105912849212 5.32947306532744 1.93375099435126 5.07097380144578 4.74783277264852 2.95781681644392 5.30124296467211 3.45163028717615 1.73652449463192 5.77782975642142 5.74639550346178 6.48925242510666 8.38107970901868 7.41202925616755 5.90627289597907 5.6843536284284
-9999 -9999 -9999 -9999 -9999 -9999 3.84793641780928 5.01169663236286 8.05810202465584 8.2057080549283 6.19910551968857 3.29884055045009 2.33954621738634 3.61842952815695 4.5449888948601 8.9192464819336 13.9422862425164 17.3968088909812 14.8359713782756 10.6904962290063 6.84380793867071 3.40558367824274 2.39210137858103 3.07472552408653 2.17456432556754 2.70027838452896 4.92139677280349 2.38326026756873 2.1939564048192 3.93535476143489 6.90821542341751 5.54208533309674 2.81663889721533 2.79971711681305 2.94416922872024 2.43543272232837 4.99612322983265 2.33965245060819 3.65109667846218 6.63423828684052 2.52390364664114 3.46095929891288 8.62400360513705 10.1950169696729 4.82943763045897 2.56589369377221
-9999 -9999 -9999 -9999 -9999 -9999 -9999 6.74172840398563 3.9214027587029 3.16201919337428 2.92724903398657 2.35486747861135 2.55593585618177 2.84248949391484 6.73404263322267 11.2420892590552 13.4646556390054 14.5604529593921 16.2600211787351 14.5018580926659 10.8947124165541 8.16643032560737 7.56710130310247 7.06064683948178 2.78212388215618 2.73839178559662 5.02101176100815 4.84032853727501 2.2824902150766 2.35681324034171 4.68110101364549 7.61871428943193 3.6010660992779 2.5529404618242 5.09340235599266 4.0722525217594 6.35558910122518 4.01708488187011 3.85791913148105 7.10211423950362 4.38385466989766 3.64747986459949 8.01812421845036 7.13189100768302 4.83875129308141 5.55140153099052
-9999 -9999 -9999 -9999 -9999 -9999 -9999 -9999 2.52202345669212 4.46390730175552 5.7093835103106 5.0375060092153 2.96623885711551 4.01663330681962 7.51529360589694 10.265519591603 8.38206348865956 9.71451196495316 13.2151924056816 16.7547229050973 15.2533752141832 13.3334941499651 12.7447709472811 9.95065149212494 6.29659727594852 2.6003242065162 1.83233784496396 3.42611958848429 1.67002073328389 3.95472127422119 7.33300910682155 8.1904492568014 3.09734816052334 3.24849276300161 5.43557753825145 3.59771222267331 7.11296822895613 5.47430226958945 3.62329175960793 4.45576815334908 7.76936470370111 7.76425123842051 6.2595197127394 2.81833945594724 2.97415325045811 3.12833767711146
-9999 -9999 -9999 -9999 -9999 -9999 -9999 -9999 -9999 8.79395321869927 10.4523231714107 8.20796463736802 4.8720789730285 3.24273477465727 7.45304841231686 7.79922437683806 3.58036016383347 5.72856630054819 10.554601420899 15.2713756465786 18.8548329786249 18.4944399967769 17.132005403318 13.5573625040675 9.89309598201714 5.06938240423485 2.8906294319691 1.8745130055446 2.10178268707103 4.20794121380728 9.18320939791164 9.82371727022821 5.2907682707651 2.7136425242989 5.95604317477994 6.08316940009472 5.82912352602608 3.51684080861718 3.35486418693046 4.20581552719937 7.29047626540456 7.64971830815869 3.24923474584379 2.22883948690514 3.45036479367183 2.29817667141097
