0,8.6210058238089,10.7686712221398,10.9279016290869,12.2031944079666,14.2832649314437,17.5810710998902,14.3971136442142,32.541043813649,33.3425720379984,70.3474245010893,41.8707020309826,37.5062104003321,35.7816025102138,35.3009146595172,39.5626267750773,38.69575193122,33.3481295738996,35.693005249161,39.0113586437789,31.9044592147745,29.5741606266385,30.2388898840299,40.7766235657115,55.7866455494915,64.3000261418639,47.2986469023228,49.4761422968772,38.7164963781335,31.379283104872,29.2913409049604,34.0324283860732,42.3884782989211,47.1967506772591,39.285100039084,35.8331298331094,54.0553759931587,52.0677311727509,50.1311573350577,51.7710668069897,55.7403023767359,58.7903939124087,54.9875511985857,55.1637436294376,59.0382776605166,55.6646664804386,58.9033328023863,58.6414599706414,61.1684914179274,55.7986564133407,55.7938578161156,38.29853100996,41.2839814448154,36.1552196124483,40.6800096650052,33.9941258612966,36.5918789070962,34.7979098145216,23.506921865482,35.16535442896,29.7807646209566,30.623643236128,25.0070918518391,37.9680442032638,23.543511146891,36.3207117930594,55.00605841495,57.4606062917008,55.6259047841598,54.4514352882621,58.2159435207638,54.7366639404035,61.8921428848791,64.1568681893886,76.6640942841661,29.0370160907054,31.7255154784789,65.1013211729933,30.2089406503127,26.4587144442677,33.4380307571584
8.6210058238089,0,11.2954232924092,8.96422828563307,8.75148780515176,14.0033320875019,17.0510556591773,13.2119797075073,31.1021482160431,31.904999741655,69.6583249442753,40.4417201655767,36.0741206070802,34.3469051131991,34.6928453573409,38.9395199383439,37.542069341445,32.2444166210875,34.5511416215014,37.9036806405678,31.396780293297,29.1312586963742,29.8015182292703,39.9242273217659,55.1433753012097,63.6511823112387,46.3273039145795,48.549461916787,38.1280853302192,29.9814645338731,27.8924599875271,32.6207455681595,41.746793010226,46.7682703194679,38.6553497541598,35.205807196248,52.6379061048632,51.3979937908152,49.4624541620694,51.1009742265993,55.0592325792452,58.1089323117363,54.3051421703788,54.4808468054626,58.3586822192141,54.9877431435726,58.225006025034,57.9635756941473,60.4907256419397,55.1202202388125,55.1177423955846,37.4113918035189,40.4183892475855,35.2996565592824,39.6902510145737,33.2490826577208,35.8568113181762,34.0506186840036,23.3050855054684,34.7964240767227,29.4928845324279,30.3348578792416,24.8173489208873,36.8270990979386,22.3815482464932,35.2412168592645,54.3423819368887,56.7979532622834,54.96277661517,53.7878290939801,57.5283284009621,54.0493145812848,61.209773866957,63.4747123799242,75.9682724136759,28.1894825976959,30.8966356116075,64.4198243302399,29.5527871245315,26.3591995415974,31.9796600322852
10.7686712221398,11.2954232924092,0,14.7577453533507,14.6646402545961,12.1385529143631,16.7174035652984,13.0501295340657,33.8034736858501,34.6012389558159,71.3849729425668,43.1686495192475,38.8002631609989,37.0597326969057,36.3304406951955,40.5806324225918,40.1734412789341,34.8162166032337,37.1651587303206,40.4827265843683,33.3728506850358,30.983215635897,31.665494482046,41.727803370786,56.8598176976175,65.3656433407117,48.2623098989786,50.4311081556296,39.7936287146256,32.4941002865552,30.4007922679502,35.1992940189336,43.4478784287464,48.5031668088388,40.2926193496941,36.836247299382,55.3753388989344,53.113604852489,51.1777030875463,52.8172024390335,56.779205793112,59.8294050397518,56.0257512166171,56.2020238445098,60.0799027090674,56.7076555990448,59.9457981160156,59.6839132709713,62.2113538783802,56.8409171972133,56.837298976005,39.7667874931087,42.7589775691739,37.6168003036992,42.1633125009849,35.4266230404113,38.0388978455861,36.2564421565973,23.8275230348333,36.6621271388113,31.2488741232091,32.1712661528478,26.5061440674818,39.4297105565148,24.1415719744766,37.2409870507329,56.0574120205631,58.512706019615,56.6775999876631,55.5027242013143,59.2528357602022,55.7735722952494,62.9322449346327,65.1969105157013,77.6970758112994,29.9150857720582,32.6118558577338,66.0982806023438,30.9522979437981,27.5776191945461,34.6980603193827
10.9279016290869,8.96422828563307,14.7577453533507,0,9.02767668087635,16.7871109292082,19.478631310897,16.1099977748888,32.3794788243558,33.1860175383764,71.110011905609,41.6816215788616,37.3182911446221,35.6076960545693,36.1495144982354,40.4055154490319,38.5847021635329,33.299420989029,35.6005234739385,38.9548160955001,32.4894376281526,30.2854050579184,30.9411309528559,41.4506553083295,56.5642236192127,65.0784768180778,47.850029531468,50.0766513856827,39.5460359965556,31.4028918076693,29.3194785875231,33.9916512887256,43.1791727171336,48.0097593075441,40.1298214589072,36.6837494244438,53.8541709021771,52.8422457990236,50.9061226727324,52.545020862175,56.5095516144932,59.5591756064925,55.7560793613343,55.9317339688436,59.8067244641679,56.4345826340759,59.6723189230476,59.4108848669319,61.9376948767432,56.5677045629154,56.5641856839596,38.4732539566412,41.4745268144346,36.3697228202403,40.7316068630599,34.352560195564,36.9476090410012,35.1298334070324,25.1899047906824,35.8833224532933,30.6202457911121,31.3917244180904,25.9400236737343,37.8886964711765,24.1987530773852,36.8058281150523,55.7819333329019,58.2368580966208,56.4020300480095,55.2274326192924,58.9805031637746,55.5014674270403,62.6591524800566,64.9241330950356,77.4239108915243,29.7705507411531,32.4706251253161,65.9038760008363,31.2139988232824,27.7861861032711,33.2619713124507
12.2031944079666,8.75148780515176,14.6646402545961,9.02767668087635,0,16.1591094756765,18.6206321916258,15.1203955681765,30.6432331529543,31.4510563911389,69.9796287483567,39.953671505108,35.5875611862732,33.8749214768121,35.0792435997529,39.3232280188682,37.1053765281594,31.861876691318,34.1305570140889,37.5143990028964,31.557445875668,29.3879606685548,30.0518681189514,40.1917256403764,55.4718173066473,63.9811474065936,46.4993238655504,48.7605932822646,38.4946398882281,29.7095789715789,27.625935962857,32.2823686838773,42.0866241772885,47.1048155046331,39.0418107299727,35.597214785411,52.1363859880038,51.7272961586693,49.7920157560213,51.4298233831395,55.3854037084274,58.434737634041,54.6308544570148,54.8061434696464,58.6839195803562,55.3139252754021,58.550549492117,58.2894515392101,60.81638554118,55.4458349801992,55.4441808960943,37.2233437713109,40.2449055956352,35.1455799561514,39.3961820245265,33.2170221163425,35.8236798595269,33.998169451996,24.3827981552562,35.0660349223018,29.8524484761912,30.6484169411224,25.2482697368197,36.4182447792835,22.7631656632038,35.3766972901628,54.6720623991253,57.1278299776737,55.2926052944623,54.117608923551,57.8512029051614,54.3723714305334,61.5341098171189,63.7992483394684,76.2880402360514,28.5171075630262,31.2307799168396,64.7764836836145,30.0996208490039,27.0759097326003,31.5080385165114
14.2832649314437,14.0033320875019,12.1385529143631,16.7871109292082,16.1591094756765,0,12.7110917283515,11.4824807288204,33.8303091853078,34.6236275032531,71.1569289332224,43.2360399154844,38.8633075249533,37.1045065509359,36.0992079469697,40.3339403559933,40.4399947890882,35.0735477008146,37.4261642654075,40.7433863296395,33.651036199003,31.2067347621009,31.9081862193479,41.382618509767,56.6771802497139,65.1736776519111,47.9286679596507,50.0877308841943,39.6212361198444,32.3452683278311,30.2455840197116,35.113088397626,43.2491506298609,48.6156182203614,40.0325466495364,36.5710146367185,55.4675852127356,52.8967618874882,50.9617319289004,52.6006500926127,56.5532780497378,59.6035829832437,55.7988941975132,55.9752337182079,59.8573399968207,56.4868970683905,59.7243231993226,59.4624515104004,61.9903905165461,56.6191899553318,56.6171334879241,40.0278139425228,43.0274097110504,37.8715285758785,42.4378915251385,35.6532965311666,38.2814280153489,36.5107023006297,22.6592898657994,36.982765366451,31.5524842673872,32.5517782985244,26.8559581176791,39.679721741325,23.2723674965445,36.8452222932286,55.8475081866776,58.3037588025892,56.4681397627322,55.2927486111052,59.0240879018235,55.5448596202476,62.7076807908223,64.9722873740225,77.463118586263,29.4718920895679,32.181112172856,65.8210614709955,30.3365618565369,27.5467068343055,34.7234649147696
17.5810710998902,17.0510556591773,16.7174035652984,19.478631310897,18.6206321916258,12.7110917283515,0,13.8120068362466,35.0914416583207,35.8804165912062,72.1199139178104,44.5340642386193,40.157587021696,38.381968262404,37.0584899796292,41.2770878163859,41.9017239300851,36.5251825680578,38.8826399990124,42.1980451410845,35.1058670741098,32.6149695849909,33.3339606423117,42.2269192374373,57.685080380806,66.1723058345565,48.7921708193518,50.9379194120033,40.6404763731303,33.4349764400278,31.3294460618045,36.2640680572173,44.2409928820142,49.9208860548513,40.961812695617,37.4949350790232,56.787672137737,53.8706900691201,51.9365237698543,53.5748809683031,57.518214178297,60.5686370169106,56.7629145618971,56.9393350142591,60.825674164873,57.4570047071492,60.6937347990802,60.4318658925487,62.9603094616412,57.5883472285812,57.5878257520251,41.4735831464602,44.4789216786687,39.3105362905,43.8994136667912,37.0631219898298,39.705515208725,37.9457238040709,22.5658720823709,38.4782843281298,33.0382719156926,34.1013582628693,28.387379840093,41.1266845414792,23.5199869111521,37.64699674293,56.8283398769797,59.2855371430367,57.4494094048402,56.2735071618148,59.9863113308263,56.507111733673,63.6740428920079,65.9385836476521,78.4202301687668,30.2046611917103,32.9275500834649,66.7327734946601,30.8597421107987,28.7577357681239,35.9858075580367
14.3971136442142,13.2119797075073,13.0501295340657,16.1099977748888,15.1203955681765,11.4824807288204,13.8120068362466,0,33.0428246493176,33.8365341400243,71.1372307613544,42.4666366148769,38.0900548199126,36.3248872320952,36.1704961484724,40.3907383449009,39.963643317212,34.6408375521692,36.959592367955,40.3075358446804,33.7399987827676,31.3638061947637,32.066122479159,41.1921607679282,56.7029626113994,65.1943947448967,47.6031771760913,49.8130309819843,39.7054836843009,31.5598661463394,29.4568543123506,34.3296026046382,43.2786556582259,48.8095215159005,40.0838464687236,36.6258132950989,54.7142721066805,52.897266113042,50.9632808205769,52.6007212634219,56.5422753805244,59.5921295121491,55.7865133143252,55.9622997684242,59.8475601030688,56.4798729172012,59.7158227683308,59.454443156791,61.9824520486027,56.6105990188933,56.610936580933,39.7891246408989,42.8071220309085,37.6611370375621,42.1084537620157,35.5436653869915,38.1782873230463,36.3952420916677,23.5992327773051,37.1820039887985,31.8254388519414,32.8029527540484,27.1979088656284,39.2119030784815,22.5954996570763,36.3883831841651,55.8539067640524,58.311179824384,56.4750946357675,55.2992344239017,59.0061331096441,55.5271969510141,62.6950565708347,64.9599084265777,77.4366566628901,29.2936062512959,32.0240900677503,65.8163354211437,30.432183924675,28.1096703863101,33.9162845129515
32.541043813649,31.1021482160431,33.8034736858501,32.3794788243558,30.6432331529543,33.8303091853078,35.0914416583207,33.0428246493176,0,8.39841337355602,80.1454526047931,25.655597308749,20.6122147221426,15.4584299930394,46.0150012238611,50.154992305078,42.9509328973718,37.9510025751933,39.9045197855035,43.6766261041548,43.6597992524275,41.713726157902,42.466693651624,49.145629578303,66.0688390054139,74.5273081109216,54.0813234131121,56.917127998017,49.5477946091761,30.230635989108,28.6687331951194,27.9020900560935,52.7021772249282,59.3490078436815,49.8386318982729,46.4248018390679,41.3043583621167,62.08104741507,60.1553785390621,61.7795334601503,65.6335215262723,68.6785308518652,64.8662963580755,65.0362908540371,68.9423555189411,65.5979148369739,68.8207853646859,68.5643343332745,71.0918068361455,65.7152814906121,65.7358287160908,45.9509254359573,49.277730012235,44.1327856946134,47.2732607789198,43.1571292409106,45.9306858933061,44.0534821354173,38.8654044722652,48.2045780578208,43.3205946368957,44.4413770575709,39.2942883881629,41.6430413276039,34.9420779043112,43.158627978577,65.0808174045955,67.5461775613162,65.7065419756506,64.5271112030122,68.034304892845,64.5582731233423,71.7662183117984,74.0337297760719,86.3924334401898,38.3352942049318,41.0975905709505,75.1384515764587,41.7136502693978,40.8801170820895,21.2341138212411
33.3425720379984,31.904999741655,34.6012389558159,33.1860175383764,31.4510563911389,34.6236275032531,35.8804165912062,33.8365341400243,8.39841337355602,0,80.8980033537057,26.842697807984,21.9037600259984,16.6754050353876,46.780821968128,50.9176791909867,43.8541562413207,38.8481215195799,40.8072063312767,44.573724980081,44.483482058632,42.5303070665981,43.2842267601145,49.8653149236621,66.8356399554695,75.2918697945047,54.7734509474342,57.6207850314894,50.3219751213863,30.8274097562431,29.2811554196723,28.3337290576624,53.4669704049015,60.1553788671788,50.5994358418402,47.1856231424492,42.3943997717318,62.8386586057775,60.9132835974846,62.5371016342319,66.3879688005595,69.4329041415153,65.6203833491506,65.7902797389449,69.6974019565377,66.353682845684,69.5761955101201,69.3198380660968,71.8473810529248,66.4706458014233,66.4918192457079,46.8144006857379,50.1381483216681,44.9920793727194,48.149762296511,44.00071039627,46.7740984007903,44.8989363217659,39.6465895257345,49.0211011876763,44.1330854368934,45.2556532516404,40.1046903342935,42.5471708053656,35.7066501174922,43.862215881952,65.8403698825555,68.3060381223156,66.4662509417089,65.2866679027194,68.7871249759509,65.311153794516,72.5205044518995,74.7880566171171,87.1430765518181,39.0701987054813,41.8334148503119,75.8900115950821,42.4708057810931,41.6742925437946,22.3326220327267
70.3474245010893,69.6583249442753,71.3849729425668,71.110011905609,69.9796287483567,71.1569289332224,72.1199139178104,71.1372307613544,80.1454526047931,80.8980033537057,0,89.6784432079303,85.3105987353875,83.4753361408475,59.5975419962954,63.0485573142815,85.6873272176958,79.797644944613,82.5175992541269,85.5397368336276,76.4565300123617,73.2325025996507,74.4318068200284,70.5073860327695,64.8481988687154,70.2628376613975,80.786043859856,81.877726132007,64.1697314151623,77.627565192329,75.5835310539134,80.5176159201487,53.287879092392,88.1977107572942,63.5664471044449,61.1847255368362,101.942784623614,48.6419549094196,46.9826905999216,46.7005845449834,50.5357560412519,52.5783355944075,49.5264221643592,48.6200651395685,43.9828874290377,42.929316242538,42.9517684122314,45.4412996628489,44.6366477575243,41.297573435486,43.5262264380616,83.0895192461154,86.1382585887747,80.5587721674421,86.4935901929601,76.810025463467,79.9436093998606,78.5876204308882,73.2390000118624,81.3202558432219,76.2394782745803,78.2042725577637,72.8179362934681,84.6740001827199,72.6379671932034,77.5495669797098,50.9609815573028,54.2351418239354,52.1055078139345,50.6503261776107,47.0892964482326,44.325154700349,46.0620899138022,50.1337566382455,66.9005758402534,66.7334327694941,68.5444180780438,85.9558240217266,71.9062147746287,71.9240449198091,81.2502471012437
41.8707020309826,40.4417201655767,43.1686495192475,41.6816215788616,39.953671505108,43.2360399154844,44.5340642386193,42.4666366148769,25.655597308749,26.842697807984,89.6784432079303,0,15.6165985651563,22.4928039923153,55.4582122215013,59.6278623405329,50.6170991651715,45.6269751758034,47.5346312317356,51.3805979133773,52.5135139796023,50.6540143500201,51.4009838420381,58.9863212936089,75.4743946792847,83.9543049232868,64.1245632882091,66.8791771446214,58.9014729317723,41.2059901928557,39.5585931581385,39.7115369012314,62.1320527293259,68.3987221829023,59.3317569679904,55.9205406028509,38.0248255089314,71.5718864918244,69.643635829616,71.2704949290368,75.151972501675,78.1974356798541,74.3878281180289,74.5584687291937,78.4545807426905,75.104003371526,78.3298084226701,78.0726962596292,80.5993724699524,75.224778473873,75.2400024477848,54.1914034811259,57.575037887497,52.4295781522266,55.342984482937,51.6757913391861,54.4630169816489,52.5627626710536,48.3255253696924,57.1843655002323,52.3578728147124,53.4746551144891,48.3786521747666,49.0610576879827,44.6257650915899,53.2162841781937,74.5538582653935,77.0164813571276,75.1782193934636,74.0001682752745,77.565840594356,74.0893638615922,81.2849708762614,83.5522337671633,95.9423444447242,48.1178189432936,50.8650475291494,84.7063280779549,51.3379142783109,50.1355230298903,33.2602444380377
37.5062104003321,36.0741206070802,38.8002631609989,37.3182911446221,35.5875611862732,38.8633075249533,40.157587021696,38.0900548199126,20.6122147221426,21.9037600259984,85.3105987353875,15.6165985651563,0,17.2129070392528,51.0990245226291,55.2650276651737,46.5149014586804,41.5335552167993,43.4433687935178,47.2794209605269,48.2291450328409,46.3576138346125,47.1049837713979,54.5810386164679,71.1219076597475,79.5991297532152,59.6982398291096,62.4610288428318,54.5540845803794,36.6786437796795,35.0375834000224,35.1245135216543,57.776160694109,64.0881095100397,54.966260969314,51.5545307700585,36.9612236187364,67.2088972430251,65.2809540306659,66.9075095672016,70.7857088843621,73.8311319876403,70.0212037689491,70.1917827932051,74.0891269174624,70.7392659164008,73.9647364595545,73.7076915160723,76.2344752443507,70.8596449686922,70.8754901711732,50.0035762143174,53.3773127729905,48.2335753863612,51.1791340247168,47.4461479993871,50.2303889639868,48.3331462550231,43.9516406581074,52.8794079124513,48.0443421401479,49.160245350159,44.056966235406,45.0273993672867,40.2215381847746,48.7821808868165,70.1930435988938,72.6559951187241,70.8175663607043,69.6393477251337,73.1981051165625,69.7216752023403,76.9187505639002,79.186035320334,91.5724745980917,43.7145541817739,46.4639527006693,80.3325049626458,46.9497072545214,45.7923043190899,28.4624771393021
35.7816025102138,34.3469051131991,37.0597326969057,35.6076960545693,33.8749214768121,37.1045065509359,38.381968262404,36.3248872320952,15.4584299930394,16.6754050353876,83.4753361408475,22.4928039923153,17.2129070392528,0,49.3059898692769,53.4589279601921,45.4675525163809,40.4719980759243,42.4055807928504,46.2097506783134,46.6931310432681,44.7848773096048,45.5351984756119,52.6099591721414,69.3432549013725,77.8110666229828,57.6336584686342,60.434248458068,52.7996701983931,34.2033991448566,32.603939843548,32.2405906327507,55.9872206919524,62.4680058789082,53.1514248741018,49.7387542155804,40.2135219346967,65.3926082917066,63.4658158211208,65.0911453529526,68.9570977452204,72.0023027435593,68.1912126161164,68.361486262593,72.2632131703381,68.9161037201048,72.1402493963434,71.8835121355429,74.4106364709571,69.034952428206,69.0531846634376,48.7172803349321,52.0687652457737,46.9236869134832,49.9651772851357,46.0446892434046,48.8241461978932,46.9368689513138,42.1638535437702,51.2927790153028,46.4338870401792,47.5528099064613,42.4280543899718,44.0518198166175,38.3391949855175,46.7196600786367,68.3846267816689,70.848795670119,69.0097581363562,67.8309280450338,71.3635642402935,67.8873396759231,75.0899152156633,77.3573195449047,89.7296829089423,41.7752423492778,44.5308473756171,78.4837848933395,45.0842813011896,44.0888466888521,25.7090575792293
35.3009146595172,34.6928453573409,36.3304406951955,36.1495144982354,35.0792435997529,36.0992079469697,37.0584899796292,36.1704961484724,46.0150012238611,46.780821968128,59.5975419962954,55.4582122215013,51.0990245226291,49.3059898692769,0,22.1423727990313,50.9960296199372,45.0884782312654,47.8258768484898,50.8289083063138,41.1661584416947,37.7849411149366,39.0020446777233,40.3196368189871,43.8104945678037,52.2088811323905,50.2316102947122,51.3266162901433,25.7030497544615,43.8079861839929,41.7460988580657,46.6909299711527,29.0048832104566,52.400851269135,24.6541088039575,21.7456792243931,67.6686408054642,40.3151581032043,38.3345105189952,40.0596010591558,44.4990621051059,47.5804425111665,43.8124619609125,44.0250795359292,47.8054549491607,44.3033308329983,47.618564196231,47.3243587895622,49.8622994332204,44.5121556012913,44.3955246900481,48.2426530052858,51.2654986711022,45.6999421200094,51.6964973902772,41.9143329485635,45.0042278257549,43.6417842796928,37.8958153232946,45.8910149075938,40.7278362889653,42.7711351080572,37.3159267140438,49.9958104656395,37.9106032177545,43.947146228151,43.1074536184609,45.5289023492702,43.7051255970674,42.5418084702831,47.3454322557296,43.8492829494884,50.7879614696807,53.0357681860103,66.2055354828299,32.3494396659538,34.2017136805395,54.8271819579324,36.4478079508106,35.8607304263392,47.0937970195671
39.5626267750773,38.9395199383439,40.5806324225918,40.4055154490319,39.3232280188682,40.3339403559933,41.2770878163859,40.3907383449009,50.154992305078,50.9176791909867,63.0485573142815,59.6278623405329,55.2650276651737,53.4589279601921,22.1423727990313,0,55.3961307655144,49.5178573959233,52.2330231938215,55.2555198503547,45.7807331376441,42.442526094268,43.6355847753811,43.5601662946582,48.1835150523067,56.4078960764241,53.7214631319444,54.7466532827616,32.3278276423732,47.8434070075865,45.781223650383,50.7520093207458,33.2697950098372,57.1863605795615,22.5411524355169,21.0509765272804,71.8578927953224,43.9469281539456,41.9892343908912,43.7093340779633,47.900362880356,50.9949481708279,47.1939474437491,47.4198377710332,51.3406716172532,47.8748331889888,51.1809530134441,50.8803514431579,53.4378163109955,48.0653784661225,47.9801014203367,52.7875101585406,55.8128195487249,50.2661687490032,56.1817177407989,46.5660801477701,49.6361538166974,48.2536985476218,42.1079929217402,50.4480427414726,45.2720065429817,47.2771071805454,41.8105542316239,54.4022805608843,42.0074807821176,47.7593541982062,46.9270602606975,49.3700723278391,47.5346198891721,46.3594583183427,50.736878496605,47.2373339105151,54.2799371815979,56.5211923598521,69.5042031212206,36.0141281935905,37.8173943180357,56.1952993531746,40.4111924216847,40.3613188260179,51.2324813773898
38.69575193122,37.542069341445,40.1734412789341,38.5847021635329,37.1053765281594,40.4399947890882,41.9017239300851,39.963643317212,42.9509328973718,43.8541562413207,85.6873272176958,50.6170991651715,46.5149014586804,45.4675525163809,50.9960296199372,55.3961307655144,0,21.8025553320107,19.2576006039266,23.9502069426037,43.284599253957,42.2441927020083,42.9892668306595,57.338750835672,70.5075845240657,79.1619530643637,63.6912873997811,65.9799882248578,53.6605353872064,45.9077213028677,43.9611484887016,47.3002016477538,57.3987192877638,60.9044457578442,55.2743614278501,51.9023499383934,61.5527819991996,67.2799302285415,65.3322983799329,66.9776861610144,71.0659423253452,74.1134877035484,70.3243332523977,70.4983695078698,74.3153359300686,70.9200556149625,74.1664703976486,73.9054897420281,76.4249781311078,71.0654847494302,71.0419488165319,37.3801017580477,41.5450328941052,36.3523194515013,35.958265620379,38.2236867134959,41.2558024698438,39.1371290142362,45.3195579875327,49.5471826063067,45.3311156079671,46.604219397111,41.9980157351231,28.7260417169685,43.4507008315557,53.3056882271949,70.1228946096886,72.5647092670753,70.737083386098,69.5697136855851,73.5698461296863,70.0906101351011,77.1937031472542,79.4598313687861,92.0791578058282,46.455965840319,49.0646214372496,81.1465690929371,48.9253115435756,45.0477799026684,44.5066623179261
33.3481295738996,32.2444166210875,34.8162166032337,33.299420989029,31.861876691318,35.0735477008146,36.5251825680578,34.6408375521692,37.9510025751933,38.8481215195799,79.797644944613,45.6269751758034,41.5335552167993,40.4719980759243,45.0884782312654,49.5178573959233,21.8025553320107,0,14.6328526442898,15.8378457645841,36.9033346204012,35.9426661903364,36.7109032003745,51.7433708274091,64.4889696254923,73.1684854289387,58.1960846852618,60.4497698520152,47.6360181517026,40.7682792587062,38.8180561737172,42.2063936396158,51.4207488620436,54.6833944815142,49.4217588693426,46.0584494224898,56.5487483891275,61.3548192192002,59.4047134890866,61.0521207600211,65.166841663126,68.2144006114496,64.4279931165719,64.6021863636146,68.4082099866013,65.0074825667815,68.2562565749448,67.9949922392362,70.5133293834504,65.1558811192288,65.1276257334433,29.617070977007,34.1726304374459,28.4697627620822,29.3200986820134,30.6895528699912,33.8982239995009,31.8212571784346,39.8303597818768,43.4858470439837,39.3556224414755,40.7104832800938,36.1554593521985,18.859406903123,38.1274712445563,47.916867469431,64.1789402808764,66.6180383261183,64.7918399606833,63.6259033999757,67.6806771696581,64.2011983239885,71.2925077697523,73.5586299343158,86.2059554273943,40.9181025453682,43.5078654989081,75.3423719047983,43.3774797381069,39.2786596002263,39.5286569664429
35.693005249161,34.5511416215014,37.1651587303206,35.6005234739385,34.1305570140889,37.4261642654075,38.8826399990124,36.959592367955,39.9045197855035,40.8072063312767,82.5175992541269,47.5346312317356,43.4433687935178,42.4055807928504,47.8258768484898,52.2330231938215,19.2576006039266,14.6328526442898,0,18.7013632031789,40.0277178879725,38.9989920812417,39.7529669053782,54.2399577275055,67.3058775012293,75.9666720559589,60.6123964978884,62.8945137570172,50.460436969305,42.8914729935337,40.9458896222407,44.277756137989,54.207986658624,57.6708800501543,52.1177810583125,48.7482201017373,58.4320737302343,64.1017974201174,62.1535603535587,63.7994111635818,67.894147471855,70.9416739126838,67.1532033095795,67.3272536064515,71.1414689550163,67.7448788409824,70.9918467499388,70.730815352339,73.2500012433142,67.8910187618454,67.8663483254113,33.7901927944368,38.0980458825562,32.6788185987784,32.989088899063,34.6087802102739,37.7090303132791,35.6156294814848,42.2697874452073,46.3754826659905,42.1784037768813,43.4779753493824,38.8806994272391,23.1812798742066,40.4309953939566,50.2542487395713,66.9400502415072,69.3811942688189,67.5539243063053,66.3869118747135,70.4003431629258,66.9210573317566,74.0212700671947,76.2874090311439,88.9134735165978,43.3752550572393,45.979382713375,78.0003214086156,45.8495459509441,41.934362791737,41.4870081407066
39.0113586437789,37.9036806405678,40.4827265843683,38.9548160955001,37.5143990028964,40.7433863296395,42.1980451410845,40.3075358446804,43.6766261041548,44.573724980081,85.5397368336276,51.3805979133773,47.2794209605269,46.2097506783134,50.8289083063138,55.2555198503547,23.9502069426037,15.8378457645841,18.7013632031789,0,42.6545024260531,41.6967925537872,42.4593730833753,57.4572664017848,70.2442850012885,78.9210563087939,63.9038079908893,66.1593638518077,53.3890837133408,46.4600295036113,44.5087777603392,47.9065241754125,57.1711088455859,60.4397658113385,55.1566811416465,51.7922363543178,62.3303224848856,67.1002127586683,65.1503532117673,66.7975861790419,70.9096687917487,73.9572453613885,70.1705545026695,70.3447528843413,74.151928506537,70.7517237343047,74.0002835026439,73.7390314373608,76.2575010239875,70.8998401400837,70.8720373042377,35.385525384004,39.8598833216696,34.3604249215605,34.3341556963474,36.6299116441226,39.7876248734126,37.6830146843294,45.5157413433603,49.2042964177932,45.069255653737,46.4110326837739,41.8553269466394,26.518377478382,43.8059263553113,53.613268999886,69.9262975646799,72.3656713759916,70.5393250357311,69.3732399670937,73.4226334901118,69.9431706748765,77.0356505501999,79.301762900678,91.9463975361813,46.6232730615433,49.2147798642263,81.0738194748214,49.0777389804073,44.9851872474277,45.2357688581922
31.9044592147745,31.396780293297,33.3728506850358,32.4894376281526,31.557445875668,33.651036199003,35.1058670741098,33.7399987827676,43.6597992524275,44.483482058632,76.4565300123617,52.5135139796023,48.2291450328409,46.6931310432681,41.1661584416947,45.7807331376441,43.284599253957,36.9033346204012,40.0277178879725,42.6545024260531,0,20.3819929419924,18.6570485488221,50.0458144226172,60.5990717007975,69.3613608151608,57.3981846631759,59.3171222672974,43.2097287206443,43.4956224635534,41.4598037585694,45.8160627234418,47.5860605574706,44.3218502164775,45.7967988611846,42.4422800323874,64.328857076308,57.8159275332322,55.8540737320816,57.5146980057977,61.7545783747831,64.8046948532424,61.030058743043,61.2077187127444,64.9700493137325,61.5409164558954,64.8036155817956,64.5388754007162,67.0541534776741,61.7051702703782,61.6522660850906,37.2782265220478,39.7368768003114,34.4522108629776,41.9281400565862,29.9981398511325,31.9383319916004,30.3299378290649,37.374836257916,29.8776144414506,28.1604717142,30.9018174469405,27.4513079290449,42.2751458021413,37.8523147937334,47.7852409799989,60.5633015858311,62.9903760049932,61.1700545425949,60.0100278414301,64.3310425663024,60.8493557057974,67.8843825481516,70.149108712085,82.9420361834192,39.3344118717661,41.7862033233373,72.1556336261074,41.22413555259,33.1915927330066,44.8016347987052
29.5741606266385,29.1312586963742,30.983215635897,30.2854050579184,29.3879606685548,31.2067347621009,32.6149695849909,31.3638061947637,41.713726157902,42.5303070665981,73.2325025996507,50.6540143500201,46.3576138346125,44.7848773096048,37.7849411149366,42.442526094268,42.2441927020083,35.9426661903364,38.9989920812417,41.6967925537872,20.3819929419924,0,12.4756355459951,47.120662176725,57.3032405361546,66.0722023361551,54.6324138724876,56.4942722033196,39.7206319342163,41.2816830212804,39.2393836616598,43.6822971421287,44.2765440467432,37.0442239385148,42.4798755869893,39.124496995238,62.530031261699,54.5585261783884,52.5948923772245,54.2579739575516,58.5167866275674,61.567574862408,57.7945894320331,57.9730828750328,61.7297402463715,58.2960185482236,61.5611465937076,61.295625265124,63.8107358904973,58.4628747432795,58.405984177878,36.9223535198779,39.5726944711502,34.1247001144331,41.3388949488766,29.5282746719494,31.8979974481117,30.5107847637104,34.6273951016631,28.3651951568802,24.6125348430118,28.6868882005891,24.361358787438,41.2282561025309,35.3808198101949,45.1733699372089,57.2960981629602,59.7215069927484,57.9019303470349,56.7426551410394,61.1045092861154,57.6223715884687,64.6488288004075,66.9131870506872,79.7296362009007,36.4647328426329,38.8853135926947,68.9363782661272,38.3198328818422,29.5600400713167,42.8351478380474
30.2388898840299,29.8015182292703,31.665494482046,30.9411309528559,30.0518681189514,31.9081862193479,33.3339606423117,32.066122479159,42.466693651624,43.2842267601145,74.4318068200284,51.4009838420381,47.1049837713979,45.5351984756119,39.0020446777233,43.6355847753811,42.9892668306595,36.7109032003745,39.7529669053782,42.4593730833753,18.6570485488221,12.4756355459951,0,48.1228963346377,58.5828248561405,67.3367682634588,55.580096764524,57.4597455882519,41.041107236548,42.0654951027128,40.0232728959441,44.4578055742925,45.5343474146582,39.7501004577881,43.6534847744299,40.2915281644027,63.273895792377,55.7807713171633,53.8187302914069,55.4804751174332,59.7222387260763,62.7730095241592,58.9982538496259,59.1766378038455,62.940304298651,59.5100957665111,62.7736896759414,62.5083660800536,65.0241957974605,59.6750339173101,59.6211876815737,37.7065499115321,40.3184952512455,34.9334202678316,42.0884244293254,30.4966610291119,32.7636781158007,31.2945882139014,35.3974603937669,27.6991627219026,24.5853284449282,28.7847010113974,24.6929268439711,41.9909330430499,36.1569308581382,46.0470651169065,58.5302078492367,60.9573289322106,59.1368621339865,57.9766925200261,62.3035101916299,58.821530770184,65.8555739118522,68.1199417927632,80.918317660771,37.4115124636526,39.845114993815,70.076120402471,39.2276959146173,30.3869243227863,43.5860837931637
40.7766235657115,39.9242273217659,41.727803370786,41.4506553083295,40.1917256403764,41.382618509767,42.2269192374373,41.1921607679282,49.145629578303,49.8653149236621,70.5073860327695,58.9863212936089,54.5810386164679,52.6099591721414,40.3196368189871,43.5601662946582,57.338750835672,51.7433708274091,54.2399577275055,57.4572664017848,50.0458144226172,47.120662176725,48.1228963346377,0,59.8214051869981,67.7564837287014,37.7408376470798,35.0597001903049,45.6385254636398,45.4866699062993,43.4376339173097,48.6808519841589,46.0843383725541,62.9297857977237,42.7572912939947,39.4616023465103,71.4528135068798,53.6245381990245,51.7727080869321,53.318494521056,56.3795739608565,59.4134316336337,55.5230331455773,55.6768167237206,59.8786111344099,56.707412494593,59.8482909120649,59.609372703825,62.1607111977424,56.7287468160133,56.8995268113659,56.1822044834677,59.2461985871956,53.8671647755705,58.9911631907903,50.9811640217691,53.8863290471995,52.3246015527735,43.5373660394488,54.3411013458801,49.1277774330846,50.7782848760308,45.2887376733503,56.3892242150418,41.5516913367343,42.5128184019244,57.1129195962146,59.652797710288,57.7764877130958,56.5601522244753,58.4165231905007,54.9514706567572,62.5174400299296,64.7903538816705,76.2488069219673,31.7919080398923,33.1511023983132,64.3126418617737,40.9159066604023,44.465015570008,50.2400920892012
55.7866455494915,55.1433753012097,56.8598176976175,56.5642236192127,55.4718173066473,56.6771802497139,57.685080380806,56.7029626113994,66.0688390054139,66.8356399554695,64.8481988687154,75.4743946792847,71.1219076597475,69.3432549013725,43.8104945678037,48.1835150523067,70.5075845240657,64.4889696254923,67.3058775012293,70.2442850012885,60.5990717007975,57.3032405361546,58.5828248561405,59.8214051869981,0,32.6269267303132,69.6900508209428,70.8559057204585,46.5918271581407,63.9735192456342,61.9236723179595,66.7894941475335,34.82065157601,72.0364195034234,49.2828181108597,46.8314975828696,87.6550330091262,43.6081798129642,41.351362216361,42.9634115508103,50.4134355586665,53.3379059382645,49.9465019138298,50.0073292244283,51.9258266087069,47.9534935571466,51.3257627841027,51.1837163692672,53.3530160611066,48.3850393742489,47.8662032965877,67.2973590489392,70.3480123941199,64.6712988894762,70.9583398258264,60.5377854749557,63.793016666665,62.5338864079305,58.79772171865,65.7679482508156,60.7764007922397,62.8505103327753,57.5343054810316,69.4628501916378,58.5594152731201,64.4704970868776,42.2213019470117,44.0739074073443,42.6326889123812,41.8456941732212,53.3962840578994,49.9372995032146,55.4981336226478,57.8445165943675,73.469655495705,53.5740908191618,55.4689423242843,74.6639395888157,57.9477422058564,56.8202698248723,67.1729332930665
64.3000261418639,63.6511823112387,65.3656433407117,65.0784768180778,63.9811474065936,65.1736776519111,66.1723058345565,65.1943947448967,74.5273081109216,75.2918697945047,70.2628376613975,83.9543049232868,79.5991297532152,77.8110666229828,52.2088811323905,56.4078960764241,79.1619530643637,73.1684854289387,75.9666720559589,78.9210563087939,69.3613608151608,66.0722023361551,67.3367682634588,67.7564837287014,32.6269267303132,0,77.7095846283077,78.8553012820495,55.4352351567573,72.3612059675131,70.3116282959474,75.1921249862985,42.5019684502981,80.8342655983582,57.4539587537031,55.0403697465556,96.1492680560814,48.9810407604481,46.6744515886182,48.1643481273993,56.2236530806396,59.0980112591766,55.7872063496135,55.7988512923166,57.1870009113182,53.1272773741223,56.458983928077,56.404798585701,58.4101870700801,53.5884457007345,52.9980397649645,76.0678000997981,79.1168232158354,73.4603849570249,79.6793630742944,69.4026169642983,72.6311825427253,71.3522526566658,67.2734867871566,74.4628577988393,69.4497528231072,71.5056016634643,66.1722959295387,78.1241673566688,66.9894265377114,72.7484331280238,45.6368565870215,47.1774104362668,45.9810961032087,45.427162055835,59.1217759302008,55.6783624566828,60.8956076202068,63.2837279226436,79.4140412649103,61.8273525049676,63.7057912294928,82.450492541906,66.3190429844102,65.3980720985011,75.6302703461595
47.2986469023228,46.3273039145795,48.2623098989786,47.850029531468,46.4993238655504,47.9286679596507,48.7921708193518,47.6031771760913,54.0813234131121,54.7734509474342,80.786043859856,64.1245632882091,59.6982398291096,57.6336584686342,50.2316102947122,53.7214631319444,63.6912873997811,58.1960846852618,60.6123964978884,63.9038079908893,57.3981846631759,54.6324138724876,55.580096764524,37.7408376470798,69.6900508209428,77.7095846283077,0,31.6466874357897,55.1221873623525,49.6740013983742,47.6552268530611,52.9587947884583,56.0575231670878,70.7909519679962,53.0819991983865,49.7667717205858,76.7159809645025,63.8299962650256,61.968008634026,63.5165096034313,66.6922642192103,69.7201033775977,65.8457197765762,65.9932952041773,70.1268394613778,66.9397806228784,70.0839583574234,69.8486842872405,72.3903180809585,66.9689495472615,67.1260830056168,63.0897437691203,66.1779142845627,60.8483110213096,65.6836720701836,58.2475596761434,61.1131441707857,59.4955047911955,50.559412881443,61.6488230001602,56.4610196610038,57.9947625486244,52.5353954300443,62.7438075234892,47.7163519632338,46.4035324219435,67.2367772202408,69.7673252468618,67.8961108298789,66.6849371941252,68.7330964267802,65.2703204308009,72.7851208785262,75.0617733339727,86.6120411025791,40.2757841775053,42.3115496559611,75.8360792662385,48.7864836542007,52.1041327924332,55.216378025499
49.4761422968772,48.549461916787,50.4311081556296,50.0766513856827,48.7605932822646,50.0877308841943,50.9379194120033,49.8130309819843,56.917127998017,57.6207850314894,81.877726132007,66.8791771446214,62.4610288428318,60.434248458068,51.3266162901433,54.7466532827616,65.9799882248578,60.4497698520152,62.8945137570172,66.1593638518077,59.3171222672974,56.4942722033196,57.4597455882519,35.0597001903049,70.8559057204585,78.8553012820495,31.6466874357897,0,56.3567367498456,52.8031422768111,50.7686042919841,56.0660127920711,57.1869107122288,72.5330858641477,54.0553282016973,50.7369273977368,79.4210610794849,64.9214145942257,63.061339798372,64.6106679038562,67.7640540445675,70.7942066257352,66.9160204072135,67.0660778614847,71.216741440807,68.0314253377068,71.1762425550632,70.9393198253844,73.4838137930385,68.059961439695,68.2185688333088,65.1792791755557,68.2577926355603,62.9119938734345,67.8493959700841,60.2115720520534,63.0889575776466,61.4900855015436,52.5210343229305,63.5743684377775,58.3738173074993,59.9471385847665,54.4734739903442,65.0336149843753,49.9752545258547,49.3105078993088,68.3464107723778,70.8786571719515,69.0064109591932,67.7941887857104,69.8113906717645,66.3476054671783,73.8722913117562,76.1475426805597,87.6856306195375,41.2994376192578,43.0819881987882,76.5340043375722,50.3486376781063,53.8915183399384,58.0320471036328
38.7164963781335,38.1280853302192,39.7936287146256,39.5460359965556,38.4946398882281,39.6212361198444,40.6404763731303,39.7054836843009,49.5477946091761,50.3219751213863,64.1697314151623,58.9014729317723,54.5540845803794,52.7996701983931,25.7030497544615,32.3278276423732,53.6605353872064,47.6360181517026,50.460436969305,53.3890837133408,43.2097287206443,39.7206319342163,41.041107236548,45.6385254636398,46.5918271581407,55.4352351567573,55.1221873623525,56.3567367498456,0,47.6428840441076,45.585521047454,50.4405637215862,32.7638665805714,53.9448048912909,33.5726493284006,30.5996461299145,71.05082039353,44.6534799438622,42.6406706327504,44.3658952397789,49.1508945271463,52.2129501635993,48.4903280894189,48.6836894353641,52.2619679610993,48.7094626401222,52.0350217391422,51.7524224589539,54.2588961796519,48.9431302029464,48.7830629341424,50.3603772411726,53.3853932042011,47.7313990937398,54.0466086252783,43.5928088413008,46.7893306690699,45.5177127407959,41.6228127650941,48.2777940550837,43.2248309426654,45.3865322630054,40.0250565367417,52.6272022645681,41.7791419081202,48.4096117162544,47.1291988557676,49.5130246365705,47.7113051816856,46.5701813962715,52.0049125028511,48.5136450232771,55.3056387658249,57.5634953932397,70.9914884733454,37.3383567872126,39.2953077205029,61.7628519206771,40.9885534401101,38.9437052303621,50.6392206095592
