IBR/IBR_outputs/all.combrep_1/EucDistWater_Total.PersistForestCover_Total.WeatheringIndex_Total/EucDistWater_Total.PersistForestCover_Total.WeatheringIndex_Total.asc
NCOLS 160 
NROWS 95 
XLLCORNER 210004.651214014 
YLLCORNER 7350008.22228844 
CELLSIZE 4999.99999999997 
NODATA_value -9999 
[rows 42 to 62 of 95, columns 92 to 137 of 160]
5.22907548354252 9.40042005444702 5.88492710931417 4.13306966970052 6.71570993722768 7.67562012145476 8.74130503969051 5.56740254612221 6.10507343261963 5.31931950024607 2.11955830694658 4.39842836543774 4.87299930276354 3.19125765966337 1.49852889685629 3.14136443140338 1.50167014505854 2.30401361994089 3.89878799363577 2.4363204466795 3.85841825468832 4.15191537468486 1.99187891161897 4.43713545064666 7.12207358927038 4.13361320000764 1.54438805184534 1.55551008904022 2.25418100124252 5.21805348953512 4.67232050681318 5.44812371710702 6.40138450043939 5.38402373296628 3.20854471812819 3.38299337840198 2.68171029186336 1.98678637474263 4.38252526915606 8.12792392782156 8.51846001833601 4.39566842090616 1.95473283295986 4.05314887561597 2.53747000080866 2.20171211913567
3.99472937400245 8.52328575927059 5.84090903468737 4.41597749997486 3.19679135508897 3.7274900505528 6.08644326943897 3.00712755762995 4.75133621028224 8.37913123302045 7.16322874385352 7.68930845901467 4.96737939665503 1.94684720640031 2.26878480457974 6.12203813660148 3.54165603024139 2.34970907161104 4.0295634887964 6.42302693898664 7.69213462239837 7.58783044097485 2.99297656243513 2.7243682509856 5.59435690984292 5.19242258812692 4.40584510740955 1.68867901072457 3.34230635104234 2.21837172696655 3.23254037273968 5.72657660288375 4.08688641341384 3.68269597917234 6.5982675526784 4.86526019264944 3.1125759029186 1.63069744377869 6.08406026869021 10.0384198696862 9.47152556563035 3.71718252248176 1.47417440317979 2.45061342416182 1.70791301383194 2.35525600540018
3.24601200502607 7.71076599334987 5.11799048947857 2.94502643049549 5.46250678103698 5.49440423700452 2.77273137698837 4.79564315628361 8.08191704865424 11.7460918763888 12.3130731435876 12.1302905701083 8.45677578923335 4.67082308251512 1.79329075009893 5.44531703640798 4.70069502607877 2.22590886492777 5.51673129340094 10.3053189206088 9.71799760450432 4.72412687810051 3.36213571475474 3.57114047600863 4.00850902251147 1.90745108005202 2.4570039364761 2.16038040255382 2.83245524209274 3.97880560451771 5.36539239791481 4.24954681602544 2.30618346266967 2.99053448259952 4.62726883890995 2.64315420747877 2.20094558599597 1.33033715349067 3.97832918310896 5.58526489656198 8.21201810228045 3.74430882410488 2.57959437785784 5.80866373711972 5.19056635765994 3.33343709032479
3.61902777519302 7.75497702268363 6.45077104816409 5.46382240523786 7.7517009787031 6.82968482126314 5.39573719802323 7.07266711616634 7.90995793502773 9.43393792598632 10.6752428150934 13.254755587395 9.74296317575273 4.35640725478572 2.54446297824127 2.78882164673945 3.62541321055654 2.85751309068373 7.02062805343303 10.9985936733657 9.35458776622439 6.09581513024148 4.54777530132621 3.46323273682346 1.56246650843083 2.65729266892814 2.28412108583998 2.05696886212935 2.83881712206822 4.10422716504615 3.32640071487698 4.22763181175631 2.37157458216794 2.44045601364016 2.52640350177035 2.3740903301961 4.28315591763455 4.04592078900373 3.46020673353377 4.41056467733032 7.72286275635256 4.39572767369556 4.47333964524584 4.89856451601874 4.07863012094607 1.90925093740682
3.56543461012258 5.79422266150026 3.54841025191234 7.63394057857225 7.63525607819413 3.23023386803217 4.09080922675376 5.9167457571513 2.90962900484695 4.44626496612827 5.77391107135972 9.12116224405219 9.03178825339567 7.22462406877665 6.14215932864791 2.82699567534278 2.75126285151993 4.99300467784152 6.83259339097212 7.71092724430955 5.14605149635793 5.6263049908905 2.39384833484424 2.58010106179589 1.94858192335843 2.16079293798871 2.66638672282461 2.34583827914426 2.45950861824992 4.56917858102172 3.9083050088899 2.73460718249519 4.59521586086528 5.38331512397412 2.33439938613944 4.88199807667885 8.38935488616127 8.91563311965157 8.14929792331816 7.09446769025961 8.40449947481591 8.80556071771086 8.06051893545159 4.50785918362052 3.40059051718315 2.33745803291621
2.94687450367114 5.51249426719133 4.76628727114178 7.83612802535847 5.16749924376175 2.35620484237818 3.51071966745165 3.53819477333262 2.40980026364437 1.72227198564582 4.11594968263985 4.49858544856727 5.18246210163491 9.3874832033844 8.05974725230293 3.22795017026095 2.23024018847952 5.70118964300994 3.55914582667806 4.18677330751865 4.15678266921846 4.0855382547801 3.74378106471716 2.00976562731805 1.74391617042209 2.52353701592264 1.86119688699367 4.34839875868502 3.80467849531691 1.70361372573628 1.66814070094917 3.02915378689019 5.28405686469422 5.79035873049844 4.57949919856637 7.53889598462561 11.8195226408369 12.711142422159 8.29298747553021 3.54476149115288 5.26634131543475 10.1539720847799 8.52929841010571 5.6048602248266 6.28859562238125 6.6506418397669
4.79602075446142 3.77120207781474 6.51977257878878 8.22451499099271 5.60459894818665 4.2751088019523 5.22732417070554 5.41654629038347 3.99442438219381 2.97294466813584 4.72835362393311 3.60621513671722 4.43508207997086 7.99612107183744 5.82324924417485 1.91247097845172 2.88325543559287 3.48985948165256 5.31105863171441 5.95198705405409 5.88634121778824 3.51780273134515 4.58383117180376 2.57772382802817 3.08551502888238 1.37677498037777 1.61244876542421 4.48069002659689 2.63655944337953 2.92235200398089 3.82812939717216 2.82250481384719 5.61070582424476 3.32032821832294 4.75454156879942 9.02660847180941 9.73575059583992 10.8965333171042 8.38065820651826 4.31839168940474 6.18299840255317 10.2772653168277 7.24462736330949 2.89534814291467 5.63934146553617 9.9594592688426
5.29097783097574 2.25440187899645 2.98037940766039 3.77585932354379 5.02648046369492 6.97355496824268 3.26454294801495 4.5246187243696 7.3671264252805 7.216910145145 4.76924276590893 4.07203724030596 2.63130003427801 5.90280117987268 3.50491326238356 2.86025253862652 5.33115505802528 2.84988432999817 5.51604572815991 8.3837550577444 7.50213737659754 3.43995998388638 3.1670591314158 2.74830486037547 3.428963999759 1.3265594394195 2.04223963795179 2.56802158322402 3.46385621135576 3.45609969432475 2.18168293046163 2.42205805624848 5.94264574811662 7.33292514185129 7.56566119783178 6.30822048009731 4.44769868886887 5.94933999078023 8.37419242071049 9.36857582322548 10.3333785531556 12.4285855500954 8.77546482445475 4.84150747605021 4.65443791551291 7.12171138990043
4.57998903593438 2.15025011340699 3.72800650017954 2.71921318681121 2.75683506198088 3.48931156969427 2.01724184479685 3.70955043466453 7.54009147228333 7.73941095940423 3.82004274612458 5.19592312554533 6.59055571092263 5.93813190814148 1.98990285527326 4.90366304736699 6.62543429526027 3.40358680389125 2.44620961591279 5.99065799063487 8.41425961226421 6.14929193380938 5.96456917656469 2.27587294245313 3.41928703203556 1.96300317234884 4.0552851893341 3.54222685534649 3.29906988375521 1.76772533682971 3.09046846934676 6.23379521101631 6.65355406873932 8.18332257752247 6.68905969234536 2.54349125692294 1.49490899816576 1.56165059831038 5.91962546736597 8.60410653981886 9.91706685612441 12.3429268169414 8.47928088373525 3.60527637228334 3.33178465356053 4.32630285162695
2.62779210472362 1.97453382473412 4.11935140137972 2.02371729138642 2.05762091697296 2.50265997107994 3.54109806775546 2.74936902782636 4.19618507185677 3.51043632769843 3.17332440416644 5.69412626033484 7.86929703100016 4.36115367606416 2.1330494466562 6.24146554805024 4.7582439789945 2.75353752560628 4.17545339113279 7.15046307243329 11.0924909936391 10.2631591090815 6.57342892237203 2.53649486972072 2.72435896498016 3.90446861314623 2.71061404699445 2.10137043731688 1.79833245972912 2.82899626035931 2.57840364368533 5.2695969482545 2.26418516501478 3.78301972652585 4.7479422304877 1.78943376195958 2.40710537428409 2.28209095981552 4.15888376849 3.41633858115961 5.48351034604039 9.7169762128849 9.14327703368298 7.41079369673358 3.81317470914341 2.46033157325258
3.44730161434229 2.25529282102639 3.67025027297167 3.1701848487075 2.40675749703968 2.30538465089535 3.81580727210788 2.89620908187619 1.84807647891519 2.64051068843296 2.5784521738479 4.2958289780402 2.90690234047426 1.60359501470574 3.40564180374049 4.11301002062057 3.95275832729559 3.32689523798205 2.09098000441125 5.88514254305376 10.3937508575683 9.47349624026971 6.08975901233183 3.19929797363013 2.70521792255776 4.19985315929844 2.92215353639124 2.48590362028417 2.39291268305724 3.8203990134873 1.51040848887111 4.2520411070645 1.74312499641978 2.33553606992531 5.77818878193536 4.75162380819209 3.40171662655039 4.14185625077874 2.72486285217694 3.32695863427569 5.95742945022342 6.361479377246 5.04962230600826 7.87857345079233 5.2215637380706 4.65700863457332
6.59539910340092 5.11244326481917 5.39542170806888 6.5675370430403 3.72447525791479 3.60009436493749 2.74737305290225 3.53570304626041 2.74281739526829 2.15758842723533 3.3417075189323 4.82877582930809 3.17288607601761 3.68951214034135 4.18655231037268 4.49897862171104 3.97677650745966 3.38923817022206 2.0345081717851 3.19920216446253 6.67470486103841 6.43955007496968 3.06102225377005 5.25228278209804 5.8375916467355 5.50339362226551 5.62040061438014 2.95404079366902 1.83223894876374 3.59389588889461 2.00529656417021 4.03864608718398 2.25852532993408 2.58618342490011 5.94187747916158 2.92366918441551 2.33989908318058 4.09258562499959 3.54445637376521 7.66558481570689 9.67344875289116 5.8535793990971 4.53496862353867 8.63048100262082 9.44660296355606 8.97835845625729
11.4086143612853 10.676769110276 10.409691038212 10.3861759263892 8.23033746532824 7.33219768196893 5.57527227952141 4.2663806861176 7.06040039801389 4.40446176252235 3.40439575914119 3.60743959642645 6.98458065525253 4.82154329857594 2.46178115303692 6.64557726355828 6.02317440057505 4.05490247206121 3.84724110861252 2.3500554058614 3.35535577641447 3.50786906284242 6.29595205594131 8.44024200795585 11.0873551355787 8.73781825100578 5.01248313977253 3.71834526270983 4.51856764656734 4.63225141469565 2.82756485254456 5.29890205709414 6.45068853186588 7.33610057069532 9.02687622883275 4.41569156113113 5.35842178282252 5.03655856740104 5.87261585779866 9.57009115276384 12.5173136257742 10.279759758142 8.67640550642979 8.18988019472534 6.08138581695833 6.94627191327424
8.05774199752639 10.0485623788615 13.5826752873359 13.8841616000253 13.1435171203854 12.6501411843736 10.3576012658133 9.34495101498071 9.74676082229474 5.83741396666732 3.04778032384352 4.70658536106659 8.37966105318483 6.57059150219272 3.08371138295376 5.18023929404988 8.11918808869963 4.39575850250133 2.64508292983484 3.4597388709351 4.23864584577679 3.39597905225316 7.06021184065013 8.64156951162523 11.6681205363651 8.07770348509874 3.74993078147908 4.17801923785695 3.4596065608858 2.61722048796379 5.05551776145697 8.52020253736596 11.9975400019415 13.2751296895463 12.6722294892157 9.65045560792531 8.32372695085884 4.09259153031957 4.7567809175355 9.92997512704014 15.1970304715775 12.9684977198055 7.94079313489464 3.86690384807854 4.1802114075978 7.41832457290725
2.90385153938925 6.67450521121563 9.6694008218413 8.86079255927196 11.547721750265 15.181584840775 16.1228365270601 15.6033315665414 13.3243396652458 8.94318868149966 7.43033402179747 9.58331231964701 11.9156013990763 9.39406276853222 5.41534694589636 6.11823352440513 5.10761254006775 3.38070868277694 3.92305875356578 6.01321675055476 5.9570393153117 2.35745276826118 3.25532855849814 5.16260666172077 10.3993428467484 10.6763619336104 8.629137652178 6.30848622030137 3.84030608709246 3.88669028981787 3.72190808634258 8.92902227264011 14.3866312259936 14.1602257004304 10.0320437943294 7.95510775568164 9.04334223335212 9.00243878642081 9.78678634192719 12.3700469573783 16.4268087739862 14.0228297445827 8.60799757908319 5.50296095786409 4.80109073021041 5.91378249869043
5.51666707653306 5.87278727350237 5.35218392087694 3.88212422181234 7.83585254648305 11.8397590785074 15.4088358484594 18.3418055958345 16.1682588053567 13.6325900035347 13.4603335729269 15.3492513669738 16.0936244895994 13.4377865059237 10.4836049979742 8.396890882937 4.37345847072193 4.17660443489074 7.85106361186509 10.4155319867604 7.5247883997181 5.55558519904044 6.45927278229919 7.38023421285214 10.7166020032279 8.45030334602803 6.43560871880421 8.16983381177891 8.96013645064059 9.59196986190876 9.06292449301447 12.1515437410406 15.2878183270302 11.6326875692609 6.39618748727018 3.1789052778743 6.68727116958759 8.64741462640451 10.0244587924735 13.9287526056451 16.609974644492 14.760677424602 12.1851484064434 9.34185772737317 5.4657208156458 4.60187748353807
9.37025984403379 4.50571834602177 4.10462411861052 4.82461716574444 5.0838804233184 7.81524937281784 12.5834198297046 17.6145141835184 20.146958443501 18.5966290782465 18.1026230145729 17.0918886171399 13.3790206094033 10.506212234272 9.88508250162616 10.9630493207692 9.37536935765476 9.10970245901042 11.4713999236747 14.0461114403869 11.8261008607302 10.791784554032 11.5905471113532 12.0464687128013 11.6594371173231 6.60868819763799 3.21930414350808 4.29001268835716 9.19248488771314 14.3222470141558 14.9712013820182 16.0070376243788 16.1992569639731 11.6026564068436 7.03986259323077 5.53151775746193 7.55750603140408 4.6862465779202 6.43331174548661 12.1075256242542 14.140839497332 10.5535176100914 10.0264359588798 10.7852462593364 9.31987323325767 5.28327361025572
8.7395522845029 6.70884988463455 8.00427622184973 7.16895671997037 3.65677043222699 6.94432615435804 12.0098333435422 17.2218363208949 21.9097083015128 22.8193952170321 20.6298663951138 15.921267499078 10.6961545642562 5.79644282178547 4.66713758771867 9.39387036469705 13.8443237529775 15.2090100580457 16.3811004974968 18.3530866886452 17.0531554901952 16.3534325000052 17.107387650485 17.0221864299832 13.4105679782348 9.32439538288101 6.43153409744605 4.78715531151124 9.03168082436252 15.1452938850709 19.2273163253721 19.4289424056239 15.4594298402401 10.6290914978256 6.49672099893887 4.4359410514335 7.52709503749632 6.14866254141688 8.44493213547574 13.1012398491115 11.5105706259528 7.23214589073536 5.03732000261918 9.53167637695456 7.47201992038588 3.45963219150735
4.58222929326763 3.2722637696292 7.44563820735898 10.2702442664562 9.3950680150428 10.9014430428554 14.4698087405055 18.0580481769042 19.3921347878396 20.2835217908356 20.4084806637115 16.0503108936056 10.9119790099354 6.21487517609862 4.98939120095903 9.10040632526898 14.2126426505453 18.7309690254331 20.575304745408 21.2044595567939 19.9700425034576 17.75077082723 16.3083932773752 17.004121232108 16.7124460024049 14.4878510329567 11.5001526259957 9.95159309959111 12.0318773643676 16.4750475580081 21.299654103569 20.293827540173 14.4528199106029 10.0131439526996 4.99792682396246 5.49277824888557 8.26896145908938 9.3129601662787 12.567383193563 13.1045218969449 8.88784642656129 3.34926028182019 5.16713247528157 10.2234618386261 9.51556268599989 7.37120751844697
4.8483825405303 5.53630171212637 8.53035715523066 11.9016736371934 11.5679308521159 12.542518731879 15.7116777147262 15.8498035504533 14.6129700428224 15.547665588887 18.2639778682885 17.8199760612044 13.7445371628829 10.6313128740493 10.080500485287 12.4570508516753 16.4609816643467 20.2697828474601 19.1738189979749 17.2498504104569 16.2006380467278 13.3938671535161 10.8145191584996 10.8439817229686 13.4944943257956 16.1782462654474 16.2915406475011 15.3439290044705 16.5077198821997 19.7954904995311 23.5584421284655 20.1537962901949 15.4287770075798 10.2759954866699 4.25124105585653 4.92146918223056 4.9258675205245 7.49021307399092 11.6201128558091 14.1016532944967 9.91399880197862 7.2144994115644 8.25128675552341 12.1811197716857 13.7614053854358 12.5210609061323
2.55632986830546 4.78251517300057 9.62436451679899 9.07077455711637 5.77883949973411 7.4750555519507 11.7756276557024 10.8840048022352 9.87545663189523 11.3358917289179 14.839268750169 17.0965780595095 16.3484455424476 15.4997690455604 15.3123095825088 16.86785845581 19.6312617347446 18.8831974406784 14.9877122606744 12.2047634179603 11.1728962208641 9.36121408565337 5.7228718204207 5.80456976616571 9.49343230671955 11.0768124115923 14.1534090053755 16.3750229583666 18.8449499658357 22.6424613477219 25.0799369297158 21.1799180467894 16.823209723312 12.4229892845263 8.73531037810132 8.24047660196495 7.28954799447249 9.04665264695244 13.0009475427288 16.0825822021196 13.9393185266934 12.4370817044844 12.475452544147 10.7367544847095 10.6820483297057 11.9937053035265
