0.0703241 0.758448 0.01685 0.142838 0.0115396
0.0722009 0.808486 0.0308256 0.0883871 9.9991E-05
0.16351 0.64179 0.0304078 0.164193 9.9991E-05
0.194091 0.753212 0.0101699 0.0424269 9.9991E-05
9.9973E-05 0.927663 9.9973E-05 9.9973E-05 0.0720369
0.132668 0.813395 9.9982E-05 9.9982E-05 0.0537361
0.250235 0.673 9.9991E-05 0.0703505 0.00631442
0.194801 0.692558 0.0586475 0.0538941 9.9991E-05
9.9982E-05 0.670325 9.9982E-05 0.237889 0.0915861
0.271735 0.490242 0.0210796 0.19764 0.0193034
0.444886 0.358707 0.05728 0.101268 0.0378587
0.214218 0.502754 0.0296653 0.240688 0.0126744
0.885602 9.9991E-05 0.0423894 0.044352 0.0275564
0.231779 0.466935 9.9991E-05 0.265749 0.0354367
9.999E-05 0.639592 0.0498206 0.211902 0.098586
0.141266 0.713591 0.0103183 0.110952 0.0238728
9.9982E-05 0.752277 9.9982E-05 0.216684 0.0308393
9.9982E-05 0.874546 0.0418188 0.0834355 9.9982E-05
0.23484 9.9991E-05 0.0450491 0.588808 0.131203
0.244916 0.122184 9.9982E-05 0.6327 9.9982E-05
9.9982E-05 0.236922 0.024813 0.738065 9.9982E-05
0.136929 9.9991E-05 0.0256472 0.813206 0.0241182
0.0080456 9.9982E-05 0.0599302 0.931824 9.9982E-05
9.999E-05 0.14783 0.0437018 0.780698 0.0276703
0.0791492 0.182423 9.9982E-05 0.738227 9.9982E-05
9.9982E-05 0.000956159 0.0205169 0.978327 9.9982E-05
9.9982E-05 9.9982E-05 0.0372753 0.886187 0.0763375
0.0342345 9.9991E-05 0.0440743 0.864332 0.0572589
9.9982E-05 0.0587309 9.9982E-05 0.894052 0.0470175
0.0279567 0.0197141 9.9991E-05 0.862561 0.0896682
9.9973E-05 9.9973E-05 9.9973E-05 0.933467 0.0662331
9.9991E-05 0.0430974 0.0402118 0.87959 0.0370004
0.042328 0.0589384 0.0754683 0.823165 9.9991E-05
0.342554 0.440396 0.0855945 0.130756 0.000699885
9.9982E-05 0.613059 9.9982E-05 0.332799 0.0539424
0.0921247 0.726297 9.9991E-05 0.114272 0.0672056
0.216281 0.693119 0.0456598 0.0448405 9.9991E-05
0.294469 0.422973 0.0291409 0.199982 0.0534352
9.997E-05 9.997E-05 0.9996 9.997E-05 9.997E-05
0.201189 9.9982E-05 0.039017 0.759595 9.9982E-05
9.9991E-05 0.716453 0.0148626 0.133375 0.135209
0.242826 0.586589 9.9982E-05 0.170385 9.9982E-05
0.361254 0.198715 0.0103369 0.322403 0.10729
0.641261 0.132601 0.0554804 0.0309907 0.139668
0.988476 9.9982E-05 0.00307246 0.00825141 9.9982E-05
9.997E-05 9.997E-05 0.9996 9.997E-05 9.997E-05
0.390237 0.360937 0.0719353 0.176791 9.9991E-05
0.463164 0.249142 9.9991E-05 0.189305 0.0982883
0.185882 0.336638 0.0386265 0.323874 0.114979
0.160454 9.9991E-05 0.0251904 0.0479459 0.76631
0.163227 9.9991E-05 0.0508994 0.0124668 0.773307
9.9982E-05 0.137681 9.9982E-05 0.0263969 0.835722
0.207243 0.0313366 0.0477737 9.9991E-05 0.713547
9.9991E-05 0.0758483 0.0460872 0.0195504 0.858414
9.9982E-05 0.062461 9.9982E-05 0.0672673 0.870072
9.9973E-05 0.273212 9.9973E-05 9.9973E-05 0.726488
9.9982E-05 0.0972929 9.9982E-05 0.0323298 0.870177
9.9982E-05 9.9982E-05 0.0293746 0.0996924 0.870733
0.0559713 0.108374 0.0461411 9.9991E-05 0.789413
0.225503 0.0742257 0.0310598 9.9991E-05 0.669112
0.0149136 9.9982E-05 9.9982E-05 0.129522 0.855365
0.156775 0.0561628 9.9991E-05 0.0864227 0.70054
0.626 9.9982E-05 0.0674535 9.9982E-05 0.306346
9.9982E-05 0.15376 9.9982E-05 0.767705 0.078335
0.0190195 0.126875 0.0363397 0.753825 0.0639401
9.9982E-05 0.102929 0.0119259 0.884945 9.9982E-05
0.229451 0.0678688 0.00606836 9.9991E-05 0.696512
0.340149 9.9982E-05 0.089207 9.9982E-05 0.570444
0.222637 0.00257169 0.0250353 0.0194623 0.730293
0.268741 9.9982E-05 0.0556644 9.9982E-05 0.675395
9.9982E-05 0.10299 0.063346 9.9982E-05 0.833464
0.590118 0.251347 0.0119314 9.9991E-05 0.146504
0.848077 0.0610713 0.0103211 9.9991E-05 0.0804307
0.80751 0.0935343 0.00629358 9.9991E-05 0.0925617
0.953504 9.9982E-05 0.0397537 9.9982E-05 0.0065427
0.903589 9.9982E-05 0.0361972 0.0600143 9.9982E-05
0.968147 9.9973E-05 0.0315528 9.9973E-05 9.9973E-05
0.725731 0.0712406 0.0385358 0.124353 0.0401396
0.177267 0.141772 9.9982E-05 9.9982E-05 0.680761
0.351949 0.0591165 0.12751 0.0365304 0.424894
0.200703 9.9991E-05 0.0338771 0.0472346 0.718085
0.102812 9.9991E-05 0.0633257 0.105585 0.728178
9.9982E-05 0.211754 0.0245122 9.9982E-05 0.763533
0.135262 0.0885783 0.0181129 0.731747 0.0263004
0.476334 0.104013 9.9991E-05 0.132584 0.28697
0.859165 0.019542 9.9982E-05 9.9982E-05 0.121093
9.997E-05 9.997E-05 0.9996 9.997E-05 9.997E-05
0.262037 0.588101 9.9982E-05 0.149662 9.9982E-05
0.0483965 0.747309 0.0191336 0.185061 9.9991E-05
0.248739 0.528052 0.0374915 0.185617 9.9991E-05
0.277239 0.365555 0.0307842 0.234173 0.0922492
0.0848062 0.745311 9.9991E-05 0.0817254 0.0880577
0.822365 9.9982E-05 9.9982E-05 0.0158833 0.161552
0.259386 0.159905 0.03591 0.535222 0.00957754
0.722522 0.0211866 0.115416 9.9991E-05 0.140775
0.419917 0.163703 0.0422986 0.347106 0.0269748
9.99731E-05 0.795241 9.99731E-05 0.204459 9.99731E-05
0.238268 0.649418 9.9982E-05 0.112114 9.9982E-05
0.301093 0.546971 9.9982E-05 0.151736 9.9982E-05
0.323536 0.571962 0.0210558 0.0559311 0.0275148
0.386199 0.54823 0.00941732 0.0560531 9.9991E-05
0.223434 0.629319 0.0266364 0.120511 9.9991E-05
0.702915 0.00120389 0.0272973 0.0505559 0.218028
0.514761 0.148861 0.0525235 0.0615643 0.22229
0.723889 0.0052537 0.0813537 9.9991E-05 0.189404
0.659165 0.159079 9.9982E-05 0.181556 9.9982E-05
0.404532 0.327917 9.9991E-05 0.139473 0.127978
0.0370731 0.412276 0.0102943 0.4768 0.0635559
9.9991E-05 0.181713 0.0160115 0.0142544 0.787922
0.183601 0.0155994 0.0294562 0.0267143 0.744629
0.634164 9.9982E-05 9.9982E-05 0.182388 0.183248
0.50976 0.129168 0.0195694 0.161765 0.179738
0.52132 0.0795026 0.0336362 0.255507 0.110034
0.249702 9.9973E-05 9.9973E-05 0.749998 9.9973E-05
0.317914 9.9991E-05 0.035368 0.0279195 0.618699
0.175979 0.1054 9.9991E-05 0.00492609 0.713595
0.415131 0.108431 9.9982E-05 9.9982E-05 0.476239
0.0655058 0.3114 0.0520193 0.504604 0.0664711
9.9991E-05 0.687055 0.0204652 0.265234 0.027145
0.116138 0.722323 0.0477082 0.0739057 0.0399252
0.048509 0.774424 9.9991E-05 0.0769643 0.100002
0.0489858 0.547604 9.9991E-05 0.399324 0.00398578
0.115488 0.678768 0.00743796 0.198206 9.9991E-05
0.0903926 0.776278 9.9991E-05 0.125373 0.0078569
9.9982E-05 0.899998 0.0178738 9.9982E-05 0.0819285
0.135286 0.487982 9.9991E-05 0.359166 0.0174656
0.172503 0.649253 0.00862673 0.169517 9.9991E-05
0.108331 0.653847 0.0186018 0.21912 9.9991E-05
0.0899854 0.784214 0.0150087 0.110692 9.9991E-05
0.119058 0.513724 0.00712925 0.286734 0.0733556
0.0303044 0.769291 0.0480184 0.0687635 0.0836223
0.358586 0.396086 9.9982E-05 0.245129 9.9982E-05
0.145357 0.740457 9.9991E-05 0.100736 0.0133501
0.180002 9.9973E-05 9.9973E-05 0.819698 9.9973E-05
0.032586 0.00862485 9.9982E-05 0.958589 9.9982E-05
9.9982E-05 0.0333238 0.0360768 0.930399 9.9982E-05
0.0667487 0.0848536 0.00169793 0.768199 0.0785011
0.081497 0.0199271 0.00543222 0.843734 0.0494093
0.262622 0.632327 0.0211568 9.9991E-05 0.0837938
0.273571 0.557294 0.0296172 0.139418 9.9991E-05
0.0907018 9.9973E-05 9.9973E-05 9.9973E-05 0.908998
0.0394935 0.0670242 0.0332183 0.0488423 0.811422
9.9982E-05 0.115968 0.0173901 9.9982E-05 0.866442
0.319474 0.0300658 0.0234 0.03019 0.59687
9.9982E-05 0.108862 0.0216666 9.9982E-05 0.869272
0.0742041 9.9991E-05 0.0158469 0.135793 0.774056
0.0676992 9.9982E-05 0.028138 9.9982E-05 0.903963
0.0130936 0.0127674 0.0231291 0.0835308 0.867479
0.0402236 0.00894038 9.9991E-05 0.0721441 0.878592
9.9991E-05 0.00567961 0.00841888 0.0746081 0.911193
0.085309 0.0387155 0.0377831 9.9991E-05 0.838092
0.0260062 0.113447 0.0364799 0.0275168 0.79655
9.9991E-05 0.135567 0.0345058 0.0313805 0.798446
0.0129044 9.9991E-05 0.0243697 0.0786194 0.884006
0.1362 0.0318317 0.0101893 9.9991E-05 0.821679
9.9982E-05 0.076368 0.0216321 9.9982E-05 0.9018
9.9991E-05 0.0406089 0.014878 0.0706889 0.873724
0.793854 0.0789819 9.9982E-05 9.9982E-05 0.126964
0.957667 0.0161537 9.9982E-05 0.0259793 9.9982E-05
0.143546 0.034552 9.9982E-05 9.9982E-05 0.821702
0.0786865 0.217526 0.0338557 9.9991E-05 0.669831
0.0651841 9.9982E-05 9.9982E-05 0.0259642 0.908652
0.799748 0.0815981 9.9982E-05 9.9982E-05 0.118454
0.0885076 0.893738 0.0019914 9.9991E-05 0.0156626
9.9982E-05 0.748853 0.0397308 0.211216 9.9982E-05
0.268583 0.319268 9.9982E-05 0.411949 9.9982E-05
0.16432 0.235952 9.99908E-05 0.594244 0.00538381
0.252556 9.9973E-05 9.9973E-05 0.747144 9.9973E-05
9.9982E-05 0.0965133 9.9982E-05 0.851754 0.0515326
0.128249 0.144027 0.0161821 0.711442 9.9991E-05
0.0932088 0.0801671 0.0237832 0.798532 0.00430898
0.180012 9.9991E-05 0.0282472 0.744941 0.046699
9.9991E-05 0.19989 0.0536695 0.679859 0.0664811
0.135159 0.771124 9.9991E-05 0.073896 0.0197211
0.0999114 0.704737 0.0593579 0.0698362 0.0661578
0.123383 0.780718 0.0564352 9.9991E-05 0.039364
0.328273 0.671427 9.99731E-05 9.99731E-05 9.99731E-05
0.16351 0.786206 0.050084 9.9982E-05 9.9982E-05
0.448341 0.527684 9.9982E-05 9.9982E-05 0.0237749
0.204249 0.599063 0.0225465 0.174042 9.9991E-05
0.137949 0.562576 9.9991E-05 0.223841 0.0755335
0.196573 0.690086 0.0597289 0.0535118 9.9991E-05
0.178336 0.554237 0.022512 0.227183 0.0177319
0.172652 0.657626 0.0267661 0.102569 0.0403858
0.0484046 0.132022 0.148289 0.588034 0.0832496
0.162893 0.0234503 0.024349 0.0490994 0.740208
0.0924458 9.9991E-05 0.046447 0.0691149 0.791892
0.142017 9.9991E-05 0.0104785 0.0139658 0.833438
0.0459264 0.146721 0.00223585 0.0241616 0.780955
0.0297322 0.0481303 0.0503913 0.056027 0.815719
0.127917 0.443653 0.0240074 0.292246 0.112177
0.166624 0.507017 0.0332198 0.293039 9.9991E-05
9.9982E-05 0.769455 0.0753855 0.15496 9.9982E-05
0.230801 0.483833 0.0466758 0.23859 9.9991E-05
