0.0878196 0.769135 0.0236114 0.112675 0.00675899
0.102796 0.765324 0.0360119 0.0957679 9.9991E-05
0.14185 0.571892 0.0152754 0.270884 9.9991E-05
0.152162 0.846736 0.00090188 9.9982E-05 9.9982E-05
9.9973E-05 0.888588 9.9973E-05 9.9973E-05 0.111112
0.0618146 0.87498 9.9982E-05 9.9982E-05 0.0630059
0.0865649 0.762912 9.9991E-05 0.0983345 0.0520881
0.156408 0.795544 0.0478482 9.9982E-05 9.9982E-05
0.0507651 0.625529 0.00514054 0.230899 0.0876665
0.297054 0.46893 0.0284937 0.205423 9.9991E-05
0.437968 0.344888 0.0712211 0.07843 0.067493
0.201795 0.517769 0.0438992 0.202431 0.0341051
0.907478 0.0433462 0.0376324 0.0114435 9.9991E-05
0.234656 0.442816 0.00070047 0.262073 0.059754
9.999E-05 0.680117 0.0481413 0.18944 0.0822015
0.247599 0.676463 0.0276113 0.0482268 9.9991E-05
9.9982E-05 0.676073 9.9982E-05 0.27303 0.0506974
9.9982E-05 0.825826 0.0226943 0.15128 9.9982E-05
0.149942 0.0652778 0.0724462 0.58344 0.128894
0.193871 0.136859 9.9982E-05 0.66907 9.9982E-05
0.0247935 0.164743 0.0319208 0.758074 0.0204693
0.101047 0.0178128 9.9991E-05 0.855401 0.0256385
0.0700146 9.9982E-05 0.0434322 0.886353 9.9982E-05
0.0628348 0.0920764 0.0611041 0.773936 0.0100488
0.140202 0.164608 9.9982E-05 0.69499 9.9982E-05
9.9982E-05 0.0320974 0.0273257 0.940377 9.9982E-05
9.9982E-05 9.9982E-05 0.0296105 0.893077 0.0771129
0.0118097 9.9991E-05 0.025644 0.851205 0.111241
9.9982E-05 0.0646415 9.9982E-05 0.918164 0.0169945
9.9982E-05 0.0321317 9.9982E-05 0.881683 0.0859851
9.9973E-05 9.9973E-05 9.9973E-05 0.950764 0.0489363
9.9991E-05 0.0520284 0.0295986 0.851794 0.0664793
0.0810094 0.0410678 0.044729 0.833094 9.9991E-05
0.277805 0.46919 0.0827548 0.170149 9.9991E-05
9.9982E-05 0.690694 9.9982E-05 0.276006 0.0330993
9.9982E-05 0.760196 9.9982E-05 0.145395 0.0942091
0.123728 0.748599 0.033556 0.0628673 0.0312497
0.312808 0.497173 0.00410164 0.125143 0.0607744
9.997E-05 9.997E-05 0.9996 9.997E-05 9.997E-05
0.137539 9.9991E-05 0.0356485 0.812624 0.0140884
9.9982E-05 0.710913 9.9982E-05 0.145606 0.143281
0.16388 0.668839 9.9982E-05 0.167081 9.9982E-05
0.347437 0.237409 0.0382708 0.303263 0.0736212
0.639695 0.144869 0.0728496 0.0477821 0.0948034
0.883401 0.0300993 0.0140066 0.0723929 9.9991E-05
9.997E-05 9.997E-05 0.9996 9.997E-05 9.997E-05
0.255423 0.428621 0.0703968 0.191659 0.0538995
0.491655 0.272047 9.9991E-05 0.151879 0.0843193
0.170022 0.362193 0.0317253 0.338163 0.0978974
0.196691 0.0180991 0.0192935 9.9991E-05 0.765816
0.140199 0.0364071 0.0331503 9.9991E-05 0.790144
9.9991E-05 0.159073 0.000812742 0.00172042 0.838294
0.173519 0.0816876 0.0412631 9.9991E-05 0.70343
9.9991E-05 0.0355826 0.0621969 0.0564391 0.845681
9.9982E-05 0.0663562 9.9982E-05 0.0575329 0.875911
9.9973E-05 0.233197 9.9973E-05 9.9973E-05 0.766503
0.0504682 0.0361728 0.0100536 0.0850522 0.818253
9.9982E-05 9.9982E-05 0.0243584 0.0951823 0.880259
0.0316809 0.148239 0.0314521 9.9991E-05 0.788528
0.262626 0.10775 0.0184159 9.9991E-05 0.611108
0.0996645 9.9982E-05 9.9982E-05 0.0911523 0.808983
0.189671 0.0546051 9.9991E-05 0.0906731 0.664951
0.629111 9.9982E-05 0.0471214 9.9982E-05 0.323568
0.0703843 0.12824 0.00509587 0.76025 0.0360297
0.0550877 0.0805937 0.0410059 0.823213 9.9991E-05
9.9982E-05 0.114068 0.0166353 0.869097 9.9982E-05
0.161639 0.13107 0.00885648 9.9991E-05 0.698334
0.402637 9.9991E-05 0.0556368 0.0216783 0.519948
0.154303 9.9991E-05 0.0249938 0.0925117 0.728092
0.255361 9.9982E-05 0.0695791 9.9982E-05 0.67486
9.9991E-05 0.0851089 0.0597176 0.00323506 0.851838
0.651211 0.207574 0.0272972 9.9991E-05 0.113818
0.790371 0.140858 0.0161226 9.9991E-05 0.0525479
0.851413 0.0429371 0.00286628 0.0357467 0.0670372
0.96762 9.9973E-05 0.0320802 9.9973E-05 9.9973E-05
0.853338 0.0169917 0.0423942 0.0871765 9.9991E-05
0.950312 9.9982E-05 0.0353351 0.0141526 9.9982E-05
0.874927 0.0589732 0.00829881 0.0577013 9.9991E-05
0.308101 0.0529096 9.9982E-05 9.9982E-05 0.63879
0.289275 0.100171 0.127011 0.0370446 0.4465
0.174792 9.9991E-05 0.00556338 0.0794404 0.740105
0.0752099 9.9991E-05 0.0581869 0.0861631 0.78034
0.0274905 0.17868 0.0251561 9.9991E-05 0.768573
0.147776 0.0705886 0.0107457 0.716811 0.0540789
0.626375 0.0527704 9.9991E-05 0.0730802 0.247674
0.908382 9.9973E-05 9.9973E-05 9.9973E-05 0.0913185
9.997E-05 9.997E-05 0.9996 9.997E-05 9.997E-05
0.180325 0.652243 0.00174736 0.165585 9.9991E-05
0.0571757 0.748249 0.0386288 0.155846 9.9991E-05
0.284336 0.471797 0.0379327 0.205835 9.9991E-05
0.349329 0.339315 0.0406635 0.233643 0.0370504
0.0309294 0.814124 9.9991E-05 0.0875548 0.0672914
0.872732 9.9973E-05 9.9973E-05 9.9973E-05 0.126968
0.258027 0.159121 0.0317373 0.551015 9.9991E-05
0.721368 0.0511518 0.0940636 9.9991E-05 0.133316
0.365711 0.288153 0.0237037 0.282262 0.0401705
9.9991E-05 0.712359 0.0131089 0.267385 0.00704701
0.214138 0.690039 9.9982E-05 0.095623 9.9982E-05
0.28918 0.526048 9.9982E-05 0.184572 9.9982E-05
0.343496 0.616724 0.0114131 0.00621972 0.0221467
0.409284 0.573593 9.9982E-05 0.0169233 9.9982E-05
0.156118 0.709459 0.0016706 0.132653 9.9991E-05
0.657007 0.0478208 0.0452136 0.0406364 0.209322
0.596289 0.0717755 0.0825402 0.078621 0.170774
0.674347 0.0435046 0.0813577 0.0134325 0.187359
0.608483 0.103879 0.0226138 0.264924 9.9991E-05
0.477637 0.257622 9.9991E-05 0.17585 0.0887903
0.0103857 0.489668 9.9991E-05 0.407159 0.0926869
9.9982E-05 0.21411 0.0204636 9.9982E-05 0.765226
0.3091 9.9982E-05 0.0226933 9.9982E-05 0.668006
0.580234 0.0427028 9.9991E-05 0.208504 0.168459
0.525479 0.160612 0.0366164 0.161461 0.115832
0.46839 0.0452368 0.0634543 0.271691 0.151227
0.289414 9.9973E-05 9.9973E-05 0.710286 9.9973E-05
0.310827 9.9991E-05 0.0452817 0.0137525 0.630039
0.313238 0.0214692 9.9982E-05 9.9982E-05 0.665093
0.476419 0.0755557 9.9982E-05 9.9982E-05 0.447825
0.0940636 0.424249 0.0594319 0.422155 9.9991E-05
9.9982E-05 0.73344 9.9982E-05 0.208681 0.0576792
0.154658 0.690987 0.0292114 0.0974666 0.0276768
0.0371078 0.759689 9.9991E-05 0.102867 0.100236
0.0639888 0.554642 9.9982E-05 0.38117 9.9982E-05
0.0668461 0.711233 0.0153191 0.206502 9.9991E-05
9.9991E-05 0.800039 0.0066399 0.140448 0.0527727
9.9982E-05 0.908386 0.00534406 9.9982E-05 0.0860697
0.143225 0.484371 9.9991E-05 0.365389 0.00691432
0.033855 0.836341 9.9991E-05 0.128264 0.00144019
0.154381 0.609041 0.0335107 0.202967 9.9991E-05
0.135066 0.707514 0.0231042 0.121171 0.0131453
0.130013 0.548452 9.9991E-05 0.175551 0.145885
0.0978759 0.730708 0.0493374 0.0416843 0.0803943
0.275899 0.392746 0.0332148 0.279044 0.0190959
0.133107 0.764608 0.00835051 0.0785503 0.0153844
0.122008 9.9973E-05 9.9973E-05 0.877692 9.9973E-05
0.00799273 0.11766 9.9982E-05 0.874147 9.9982E-05
9.9982E-05 0.0513523 0.0496182 0.898829 9.9982E-05
0.0807552 0.144014 0.00340632 0.700876 0.0709481
0.136811 0.0212556 9.9991E-05 0.829722 0.0121118
0.278105 0.639141 0.0150477 9.9991E-05 0.0676063
0.176941 0.646013 0.0395225 0.137424 9.9991E-05
0.0415768 9.9973E-05 9.9973E-05 9.9973E-05 0.958123
0.142384 9.9991E-05 0.0335345 0.054192 0.769789
0.0325052 0.115448 0.00394742 9.9991E-05 0.847999
0.342804 9.9991E-05 0.00645974 0.0557566 0.59488
0.029211 0.0875381 0.0279879 9.9991E-05 0.855163
0.0088528 9.9991E-05 0.00609245 0.161694 0.823261
0.100556 0.0383566 0.0188247 9.9991E-05 0.842162
0.121793 9.9991E-05 0.0110624 0.0640242 0.803021
0.040238 9.9982E-05 9.9982E-05 0.115906 0.843656
0.0328889 0.0285686 0.00988496 0.0835267 0.845131
0.166474 0.0162404 0.0470157 9.9991E-05 0.77017
0.0746484 0.0629882 0.0293721 0.0635513 0.76944
9.9991E-05 0.146306 0.0111416 0.0548465 0.787606
9.9982E-05 0.0146413 9.9982E-05 0.0699444 0.915214
0.191513 0.0219543 0.00988476 9.9991E-05 0.776548
9.9982E-05 0.109919 0.0354057 9.9982E-05 0.854475
0.000908358 0.0666328 0.0253758 0.067607 0.839476
0.922292 9.99749E-05 9.99749E-05 9.99749E-05 0.0774079
0.913728 0.0859725 9.9973E-05 9.9973E-05 9.9973E-05
0.0652144 0.0470626 9.9982E-05 9.9982E-05 0.887523
9.9991E-05 0.249881 0.0223937 0.00656201 0.721064
0.140278 9.9991E-05 0.00073373 0.0101596 0.848728
0.746595 0.172834 9.9982E-05 9.9982E-05 0.0803707
0.0972604 0.891633 9.9982E-05 9.9982E-05 0.0109063
9.9982E-05 0.718878 0.039856 0.241066 9.9982E-05
0.233433 0.288513 9.9982E-05 0.477854 9.9982E-05
0.117594 0.267901 9.9982E-05 0.614305 9.9982E-05
0.174292 0.0446037 0.00440874 0.776596 9.9991E-05
0.0504232 0.0657401 0.000374347 0.810228 0.0732342
0.0613833 0.158991 0.0102013 0.769324 9.9991E-05
0.0772841 0.0404994 0.0132307 0.843834 0.0251517
0.181874 9.9991E-05 0.0266397 0.77499 0.0163956
9.9991E-05 0.091972 0.0675916 0.764341 0.0759956
0.101338 0.746849 0.00846169 0.101249 0.042102
9.9991E-05 0.743443 0.0508978 0.079257 0.126302
0.171179 0.764746 0.0509262 9.9991E-05 0.0130494
0.197463 0.775905 0.00706109 9.9991E-05 0.0194702
0.176561 0.790165 0.0330739 9.9982E-05 9.9982E-05
0.443153 0.556547 9.9973E-05 9.9973E-05 9.9973E-05
0.195701 0.598122 0.0157981 0.190279 9.9991E-05
0.163371 0.568707 0.0127341 0.186452 0.0687354
0.224348 0.681615 0.0281448 0.053937 0.0119552
0.198275 0.598164 0.04009 0.163371 9.9991E-05
0.127566 0.708581 0.0371695 0.102261 0.0244226
0.0606129 0.100188 0.131718 0.61914 0.088342
0.210552 9.9991E-05 0.0408159 0.0212976 0.727235
9.9991E-05 0.00939814 0.0350738 0.115219 0.840209
0.161398 9.9973E-05 9.9973E-05 9.9973E-05 0.838303
0.145041 0.158494 0.0092577 9.9991E-05 0.687107
0.00212091 0.0573248 0.0166566 0.0978172 0.826081
0.226224 0.369953 0.00355516 0.277746 0.122523
0.0231137 0.654769 0.0494552 0.248382 0.0242797
0.0323943 0.733588 0.0848787 0.117706 0.0314326
0.30232 0.417499 0.0507018 0.229379 9.9991E-05
