0.202504 0.129678 0.635153 9.9991E-05 0.0325655
0.0681475 0.0435434 0.843806 0.0444027 9.9991E-05
0.22117 0.246529 0.528062 0.0041386 9.9991E-05
0.0340388 0.191738 0.736194 0.0202169 0.0178125
0.011365 9.9991E-05 0.908459 0.0184762 0.0616002
9.9982E-05 0.0205796 0.887203 9.9982E-05 0.0920172
0.0434021 0.244951 0.70822 9.9991E-05 0.00332676
9.9982E-05 0.0966978 0.852761 0.0503415 9.9982E-05
0.186333 0.080819 0.621804 0.00560993 0.105434
0.228053 0.195649 0.536332 0.0336469 0.00631959
0.0225552 0.660647 0.257418 0.0592799 9.9991E-05
0.272991 0.319001 0.381563 0.0209688 0.00547645
9.9991E-05 0.845605 0.0376908 0.0639146 0.0526899
0.19187 0.20694 0.508457 9.9991E-05 0.0926326
0.170604 9.9991E-05 0.681534 0.0426427 0.105119
0.0636054 0.227598 0.684674 0.0240234 9.9991E-05
0.208394 9.9991E-05 0.748805 0.00148479 0.0412157
0.0651237 0.0080461 0.886566 0.0401638 9.9991E-05
0.524173 0.247422 0.0720357 0.0581974 0.0981722
0.695702 0.151409 0.152689 9.9982E-05 9.9982E-05
0.706526 0.0189363 0.257322 0.00583262 0.0113829
0.843654 0.0844837 0.0016466 0.0153815 0.054834
0.937989 0.0115952 9.9982E-05 0.0502153 9.9982E-05
0.700438 9.9991E-05 0.217422 0.0383225 0.043717
0.686167 0.0818101 0.231823 9.9982E-05 9.9982E-05
0.948233 0.0388673 0.0127002 9.9982E-05 9.9982E-05
0.885379 9.9982E-05 9.9982E-05 0.0311473 0.0832734
0.884104 9.9982E-05 9.9982E-05 0.0175523 0.098144
0.971248 9.9982E-05 0.00625938 9.9982E-05 0.0222931
0.857568 0.0418882 9.9991E-05 0.00619943 0.0942449
0.933063 0.0310014 0.00670288 0.0168479 0.0123849
0.826637 9.9991E-05 0.0620597 0.0460715 0.065132
0.881279 0.0542318 9.9982E-05 0.0642895 9.9982E-05
0.161443 0.291752 0.459118 0.0875871 9.9991E-05
0.241828 9.9982E-05 0.700225 9.9982E-05 0.0577461
0.155186 9.9982E-05 0.735563 9.9982E-05 0.109051
0.0212001 0.237951 0.731914 0.00883478 9.9991E-05
0.141485 0.399577 0.411577 0.0147616 0.0325995
9.997E-05 9.997E-05 9.997E-05 0.9996 9.997E-05
0.753441 0.215456 9.9982E-05 0.0309033 9.9982E-05
0.156311 9.9982E-05 0.704201 9.9982E-05 0.139288
0.192956 0.234213 0.572052 0.000679444 9.9991E-05
0.296361 0.304573 0.256677 9.9991E-05 0.142289
0.140002 0.637714 0.0715495 0.0645417 0.0861924
0.0540934 0.933438 9.9982E-05 0.0122687 9.9982E-05
9.997E-05 9.997E-05 9.997E-05 0.9996 9.997E-05
0.233214 0.1972 0.452768 0.067754 0.0490639
0.0936697 0.57415 0.251924 9.9991E-05 0.0801559
0.315153 0.20318 0.362816 0.0268283 0.0920224
0.0131145 0.133221 0.0334277 0.0330591 0.787178
0.0110905 0.149896 9.9991E-05 0.0476006 0.791313
9.9973E-05 9.9973E-05 0.159118 9.9973E-05 0.840582
0.022558 0.207148 0.0142326 0.0477491 0.708312
0.048496 9.9991E-05 0.0590936 0.060243 0.832067
0.0843267 9.9982E-05 0.0522467 9.9982E-05 0.863227
9.9973E-05 9.9973E-05 0.266445 9.9973E-05 0.733255
9.9982E-05 0.25604 9.9982E-05 0.0134631 0.730297
0.087741 9.9982E-05 9.9982E-05 0.0304304 0.881629
9.9991E-05 0.00823859 0.135147 0.0507805 0.805734
9.9991E-05 0.238291 0.0866244 0.0578211 0.617164
0.0935372 0.0738476 9.9982E-05 9.9982E-05 0.832415
0.0657503 0.0934493 0.0878607 9.9991E-05 0.75284
0.0379233 0.560432 9.9991E-05 0.0653455 0.336199
0.742378 0.0244962 0.142458 0.0119901 0.0786779
0.787333 0.135413 0.0384627 0.0325419 0.00624933
0.827815 9.9982E-05 0.145235 0.02675 9.9982E-05
9.9991E-05 0.229471 0.0453851 0.024766 0.700278
9.9982E-05 0.41322 9.9982E-05 0.0745924 0.511988
0.020963 0.144399 0.0843783 0.0209483 0.729311
9.9982E-05 0.27931 9.9982E-05 0.0522058 0.668284
0.00418797 9.9991E-05 0.101251 0.0615981 0.832863
9.9991E-05 0.775057 0.108685 0.0176213 0.0985364
0.000293151 0.710474 0.169199 0.0149663 0.105068
0.00984042 0.956074 9.9982E-05 9.9982E-05 0.0338856
9.9973E-05 0.972454 9.9973E-05 0.0272461 9.9973E-05
0.119431 0.75804 0.0727679 0.0415775 0.00818418
9.9973E-05 0.978448 9.9973E-05 0.0212525 9.9973E-05
0.112516 0.755863 0.0805782 0.0264992 0.0245442
9.9973E-05 0.449716 9.9973E-05 9.9973E-05 0.549984
0.0391361 0.275959 0.12178 0.118092 0.445033
0.0582252 0.167038 9.9991E-05 0.0191596 0.755477
0.0526981 0.114994 9.9991E-05 0.0569575 0.775251
0.00383869 0.0533833 0.16816 0.0384948 0.736123
0.687761 0.274748 9.9982E-05 0.0372908 9.9982E-05
0.180987 0.516991 9.9982E-05 9.9982E-05 0.301822
9.9973E-05 0.870112 9.9973E-05 9.9973E-05 0.129589
9.997E-05 9.997E-05 9.997E-05 0.9996 9.997E-05
0.181096 0.150712 0.667993 9.9982E-05 9.9982E-05
0.175575 0.0440235 0.734566 0.0457355 9.9991E-05
0.172488 0.263065 0.526746 0.0376014 9.9991E-05
0.249508 0.29926 0.340992 0.0401476 0.0700926
0.0753998 9.9982E-05 0.821554 9.9982E-05 0.102846
0.0234482 0.79974 9.9982E-05 9.9982E-05 0.176612
0.573806 0.198325 0.16793 0.0265257 0.0334133
9.9991E-05 0.581784 0.130672 0.0756627 0.211782
0.234977 0.375081 0.300314 0.0382428 0.0513845
0.178052 0.00982516 0.774433 9.9991E-05 0.0375892
0.0325197 0.23579 0.731491 9.9982E-05 9.9982E-05
0.169918 0.310872 0.519011 9.9982E-05 9.9982E-05
9.9991E-05 0.368942 0.587744 0.0229742 0.02024
9.9973E-05 0.42733 0.57237 9.9973E-05 9.9973E-05
0.0661461 0.321248 0.612406 9.9982E-05 9.9982E-05
9.9991E-05 0.618866 0.105197 0.0341717 0.241665
0.0435821 0.623288 0.0777178 0.0938915 0.161521
0.021009 0.644691 0.0445259 0.0688132 0.220961
0.169009 0.670692 0.159921 0.000278219 9.9991E-05
0.136666 0.566669 0.20605 9.9991E-05 0.090515
0.393302 0.0691763 0.471103 9.9991E-05 0.0663188
9.9982E-05 9.9982E-05 0.197483 0.025936 0.776381
0.0724347 0.118636 0.0344563 0.0306486 0.743824
0.145508 0.680304 0.0255313 9.9991E-05 0.148556
0.0884234 0.577248 0.162975 0.038503 0.132851
0.241837 0.482141 0.0632128 0.0493841 0.163426
0.735752 0.263948 9.9973E-05 9.9973E-05 9.9973E-05
0.0531628 0.256779 9.9991E-05 0.0518975 0.638061
0.0440814 0.328444 9.9982E-05 9.9982E-05 0.627274
9.9982E-05 0.423919 0.101038 9.9982E-05 0.474844
0.510861 0.124366 0.287748 0.0554006 0.0216246
0.195187 0.0273217 0.702701 0.00561315 0.0691775
0.00352293 0.189333 0.771607 0.0118971 0.0236404
0.0535502 9.9982E-05 0.823229 9.9982E-05 0.123021
0.349375 0.059565 0.59086 9.9982E-05 9.9982E-05
0.174392 0.023227 0.774565 0.00255013 0.0252663
0.161702 0.0994783 0.705789 9.9991E-05 0.0329309
0.0479296 9.9982E-05 0.861546 9.9982E-05 0.0903241
0.305574 0.188098 0.505255 9.9991E-05 0.000972456
0.134047 0.10407 0.751815 0.00620644 0.00386175
0.176385 0.150084 0.631484 0.0419471 9.9991E-05
0.11056 0.164346 0.724893 9.9982E-05 9.9982E-05
0.292902 0.124295 0.50022 0.0141981 0.0683853
0.00795708 0.123014 0.746495 0.0400346 0.0824992
0.189968 0.405135 0.387597 0.0171998 9.9991E-05
0.0810479 0.0683292 0.830745 9.9991E-05 0.0197777
0.84663 0.15307 9.9973E-05 9.9973E-05 9.9973E-05
0.924586 0.0751139 9.9973E-05 9.9973E-05 9.9973E-05
0.943145 9.9982E-05 0.0305766 0.0260781 9.9982E-05
0.757992 9.9991E-05 0.160292 0.00782704 0.0737886
0.85248 0.0400126 0.0425798 0.0195425 0.0453852
9.9991E-05 0.290674 0.652593 0.0060305 0.0506024
0.119232 0.194662 0.668289 0.0177167 9.9991E-05
9.9973E-05 0.0702387 9.9973E-05 9.9973E-05 0.929461
9.9991E-05 0.00939495 0.135094 0.0494583 0.805952
0.000138153 9.9991E-05 0.136754 0.000894471 0.862113
0.0584863 0.208085 0.0525756 0.00711472 0.673739
9.9991E-05 0.053913 0.0756215 0.0132982 0.857067
0.183221 0.0185248 9.9991E-05 0.0144062 0.783748
9.9991E-05 0.00828767 0.0660659 0.0284874 0.897059
0.0867132 0.0646977 9.9982E-05 9.9982E-05 0.848389
0.0355193 0.0615034 0.0466603 9.9991E-05 0.856217
0.103128 0.0574423 9.9982E-05 9.9982E-05 0.839229
9.9991E-05 0.00452013 0.10596 0.0454621 0.843957
0.00254227 0.0646036 0.121037 0.0433105 0.768506
9.9982E-05 9.9982E-05 0.163275 0.0123449 0.82418
0.0498764 9.9991E-05 0.05076 0.0251226 0.874141
0.0423916 0.0555414 0.0230184 0.0125918 0.866457
9.9982E-05 9.9982E-05 0.0634996 0.0267729 0.909528
0.0365407 9.9991E-05 0.0832799 0.0129983 0.867081
0.0107484 0.800888 0.0960251 0.00397332 0.0883654
9.9973E-05 0.864376 0.135325 9.9973E-05 9.9973E-05
9.9982E-05 0.052443 0.0757394 9.9982E-05 0.871618
9.9991E-05 0.0498428 0.247009 0.0182383 0.68481
0.0403191 0.109219 9.9991E-05 0.00170362 0.848658
9.9982E-05 0.790049 0.0854318 9.9982E-05 0.124319
9.9982E-05 0.0476258 0.927267 0.0249075 9.9982E-05
0.287294 0.0427789 0.648522 0.0213057 9.9991E-05
0.451486 0.235482 0.312833 9.9982E-05 9.9982E-05
0.637156 0.136824 0.22582 9.9982E-05 9.9982E-05
0.796108 0.203592 9.9973E-05 9.9973E-05 9.9973E-05
0.850966 0.0168653 0.0862003 9.9991E-05 0.0458689
0.734069 0.119616 0.10843 0.0377843 9.9991E-05
0.747012 0.201776 0.00932668 0.0258338 0.0160511
0.771871 0.114676 9.9991E-05 0.020366 0.0929872
0.776766 9.9991E-05 0.114136 0.0212583 0.0877395
0.120757 0.0606715 0.760217 9.9991E-05 0.0582552
0.0742654 0.0642468 0.733535 0.0595497 0.068403
9.9991E-05 0.195308 0.72966 0.0534329 0.0214984
9.99731E-05 0.232683 0.767017 9.99731E-05 9.99731E-05
9.9982E-05 0.213363 0.782098 0.00433935 9.9982E-05
9.9982E-05 0.338706 0.624799 9.9982E-05 0.0362949
0.218232 0.270039 0.496359 0.0152694 9.9991E-05
0.226695 0.174728 0.524055 0.0235165 0.0510067
0.0811247 0.275992 0.592439 0.050344 9.9991E-05
0.16321 0.26018 0.546426 0.00974609 0.0204374
0.0982187 0.187676 0.654663 0.0528696 0.00657229
0.685553 9.9991E-05 0.0691961 0.132363 0.112788
0.0122326 0.212414 9.9991E-05 0.0295996 0.745654
0.108476 0.0616799 9.9991E-05 0.0382815 0.791463
9.9982E-05 0.158904 9.9982E-05 0.00577123 0.835125
0.0278441 0.0222403 0.154915 0.0127592 0.782241
0.0433759 9.9991E-05 0.107278 0.0344122 0.814834
0.272519 0.204941 0.399313 0.0314907 0.0917353
0.228927 0.185459 0.539965 0.0399906 0.00565751
0.133982 9.9991E-05 0.735074 0.105953 0.0248916
0.24987 0.296716 0.404414 0.0489001 9.9991E-05
