0.0570789 0.0227373 0.385261 9.9982E-05 0.0136739 0.521049 9.9982E-05
0.00663149 0.0510082 0.0812669 9.9991E-05 0.0236333 0.65068 0.18668
0.0717472 0.103271 0.0629275 9.9982E-05 0.0410484 0.720806 9.9982E-05
0.0646963 9.9973E-05 0.433977 9.9973E-05 0.0224579 0.478569 9.9973E-05
9.9982E-05 9.9982E-05 0.256798 0.0238841 0.0189201 0.69017 0.0100277
9.9973E-05 9.9973E-05 0.41834 0.058452 9.9973E-05 0.298687 0.224221
0.0924411 0.0472405 0.398823 9.9982E-05 9.9982E-05 0.198012 0.263284
9.9973E-05 9.9973E-05 0.25802 9.9973E-05 0.0384754 0.490475 0.212729
9.9982E-05 0.0678765 0.0335068 0.0581842 9.9982E-05 0.186032 0.6542
0.125368 0.142167 0.158803 9.9991E-05 0.0340957 0.26279 0.276676
0.34216 9.9991E-05 0.145857 0.0326178 0.0489076 0.0591818 0.371176
0.289018 0.118913 0.102644 9.9991E-05 0.00591091 0.217863 0.26555
0.655425 9.9973E-05 9.9973E-05 0.0409295 0.0283499 9.9973E-05 0.274996
0.0639867 0.0855879 9.9982E-05 0.0826799 9.9982E-05 0.134981 0.632564
9.999E-05 0.10264 0.129086 0.066985 0.0166467 0.281599 0.402944
0.152813 0.0291049 0.0503723 9.9991E-05 0.00220121 0.201322 0.564087
0.0259522 0.15033 0.0647719 9.9982E-05 9.9982E-05 0.301351 0.457395
9.9982E-05 0.0169933 0.0514602 9.9982E-05 0.0225266 0.546558 0.362262
0.0611802 0.497399 9.9982E-05 0.143711 0.0383482 9.9982E-05 0.259161
0.10968 0.595796 9.9973E-05 9.9973E-05 9.9973E-05 0.0714681 0.222755
0.0283045 0.63585 0.0138321 9.9991E-05 0.00435895 0.138557 0.178997
0.0484334 0.714118 0.0487159 0.0457727 9.9982E-05 0.14276 9.9982E-05
0.106525 0.858364 9.9964E-05 9.9964E-05 0.034711 9.9964E-05 9.9964E-05
9.9982E-05 0.720415 9.9982E-05 0.00839345 0.0301377 0.0466691 0.194185
0.0229024 0.620252 0.204742 9.9982E-05 9.9982E-05 0.0798444 0.0720598
9.9964E-05 0.84763 9.9964E-05 9.9964E-05 0.013318 0.138652 9.9964E-05
0.0075679 0.852529 9.9991E-05 0.0528961 0.0323104 0.0108458 0.0437512
9.9973E-05 0.791533 9.9973E-05 0.0686443 0.0266592 9.9973E-05 0.112864
9.99564E-05 0.759479 9.99564E-05 9.99564E-05 9.99564E-05 0.240021 9.99564E-05
9.9982E-05 0.740674 0.184492 0.0721952 9.9982E-05 0.00210394 0.000335776
9.9973E-05 0.783598 9.9973E-05 0.0571633 9.9973E-05 0.0303821 0.128556
9.9973E-05 0.751018 9.9973E-05 0.0209959 0.0290704 9.9973E-05 0.198616
9.9982E-05 0.76058 0.0294678 9.9982E-05 0.0426252 0.0343553 0.132772
0.159298 0.121253 0.0860273 9.9991E-05 0.0534062 0.215823 0.364093
9.9982E-05 0.167112 0.106781 0.029546 9.9982E-05 0.562349 0.134011
9.9973E-05 0.158774 0.760854 0.0240973 9.9973E-05 0.0559739 9.9973E-05
0.117348 0.0504315 0.56534 9.9982E-05 0.0547882 0.211893 9.9982E-05
0.222401 0.0894718 0.139553 0.0804532 9.9991E-05 0.130112 0.33791
9.995E-05 9.995E-05 9.995E-05 9.995E-05 0.9994 9.995E-05 9.995E-05
0.150977 0.736935 0.0695663 9.9982E-05 0.0380402 0.00428165 9.9982E-05
9.9973E-05 0.161666 0.425153 0.055322 9.9973E-05 0.357559 9.9973E-05
0.119615 0.0837792 9.9973E-05 9.9973E-05 9.9973E-05 0.455703 0.340603
0.237156 0.241521 0.159006 0.120298 0.00573194 0.019947 0.216341
0.49457 0.0442427 9.9991E-05 0.122908 0.0344575 0.174545 0.129177
0.835857 9.9955E-05 0.163643 9.9955E-05 9.9955E-05 9.9955E-05 9.9955E-05
9.995E-05 9.995E-05 9.995E-05 9.995E-05 0.9994 9.995E-05 9.995E-05
0.155732 0.200477 0.203916 0.0304352 0.0450707 0.0862744 0.278096
0.279014 0.0808632 0.249739 0.115489 9.9991E-05 0.0402892 0.234506
0.130203 0.323666 0.058529 0.0772585 0.0242422 0.128964 0.257137
0.194237 0.0221621 9.9973E-05 0.693349 9.9973E-05 9.9973E-05 0.0899522
0.17452 9.9973E-05 9.9973E-05 0.700427 0.0198826 9.9973E-05 0.10487
9.9982E-05 0.0214625 0.0979161 0.76896 9.9982E-05 0.0161723 0.0952894
0.164466 9.9982E-05 0.0130384 0.642337 0.0584027 9.9982E-05 0.121556
9.9982E-05 0.0472356 0.0310194 0.763579 0.041792 9.9982E-05 0.116174
9.9964E-05 0.0554824 9.9964E-05 0.821477 9.9964E-05 9.9964E-05 0.122641
9.9964E-05 9.9964E-05 9.9964E-05 0.653861 9.9964E-05 0.0474979 0.298242
0.15708 9.9973E-05 9.9973E-05 0.707027 0.0189942 9.9973E-05 0.116599
9.9973E-05 0.101651 0.0441629 0.816298 0.0375876 9.9973E-05 9.9973E-05
0.0236655 9.9982E-05 9.9982E-05 0.751267 0.0457883 0.103121 0.0759577
0.260504 9.9991E-05 0.033509 0.544964 0.0237044 0.0803962 0.0568225
0.135619 0.0891641 9.9964E-05 0.774817 9.9964E-05 9.9964E-05 9.9964E-05
0.247436 0.0132459 9.9973E-05 0.595347 9.9973E-05 0.143672 9.9973E-05
0.501694 0.0252192 0.0403225 0.278673 0.0619413 9.9991E-05 0.0920498
9.9991E-05 0.651041 0.205096 0.0548457 0.0332835 0.0137874 0.0418469
9.9973E-05 0.655864 9.9973E-05 0.0271733 0.0103548 0.306308 9.9973E-05
9.9973E-05 0.758343 0.10085 9.9973E-05 0.0131532 0.127354 9.9973E-05
0.173743 0.0174639 0.123256 0.65858 0.00599763 9.9991E-05 0.0208597
0.430972 9.9982E-05 0.0280384 0.446481 0.0875734 0.00673555 9.9982E-05
0.0393425 9.9982E-05 9.9982E-05 0.713329 0.0183212 0.0996244 0.129182
0.313001 9.9973E-05 0.0262018 0.617573 0.0429239 9.9973E-05 9.9973E-05
9.9982E-05 9.9982E-05 0.0443313 0.801833 0.0483595 0.0155345 0.0897418
0.512128 9.9982E-05 9.9982E-05 0.0947316 0.00393225 0.27217 0.116839
0.585408 9.9964E-05 9.9964E-05 0.0439628 9.9964E-05 9.9964E-05 0.37023
0.724589 9.9982E-05 0.130526 0.0577669 9.9982E-05 0.00252295 0.0843945
0.95973 9.9964E-05 0.0205822 9.9964E-05 0.0192875 9.9964E-05 9.9964E-05
0.719446 0.110514 0.0765213 9.9982E-05 0.0313433 9.9982E-05 0.0619755
0.977004 9.9955E-05 9.9955E-05 9.9955E-05 0.0224964 9.9955E-05 9.9955E-05
0.677707 0.0691304 0.18669 9.9991E-05 0.0190767 0.0224486 0.0248476
0.255107 9.9973E-05 0.0384681 0.562607 9.9973E-05 9.9973E-05 0.143518
0.326222 0.0125441 0.12465 0.38895 0.108978 0.038556 9.9991E-05
0.157562 0.108899 0.036137 0.685622 0.0115803 9.9982E-05 9.9982E-05
0.201189 0.0510953 9.9982E-05 0.680419 0.0409158 9.9982E-05 0.0261806
9.9973E-05 9.9973E-05 0.000174988 0.646104 0.0131472 9.9973E-05 0.340274
0.227044 0.590033 9.9973E-05 9.9973E-05 0.0238863 9.9973E-05 0.158737
0.519582 0.0629843 0.0841036 0.241493 0.000345738 0.0665056 0.0249857
0.754296 9.9973E-05 9.9973E-05 0.0935732 9.9973E-05 0.111336 0.0404952
9.995E-05 9.995E-05 9.995E-05 9.995E-05 0.9994 9.995E-05 9.995E-05
0.0939952 0.177299 0.260302 9.9982E-05 9.9982E-05 0.344204 0.124
0.015047 0.063236 0.0854562 9.9982E-05 0.046213 0.789848 9.9982E-05
0.0616719 0.103704 0.101567 0.0247204 0.0307686 0.168973 0.508595
0.122566 0.155289 9.9991E-05 0.079568 0.0287656 0.130735 0.482977
9.9982E-05 0.027056 0.438914 0.0344817 9.9982E-05 0.197296 0.302052
0.761809 9.9964E-05 0.133256 0.104536 9.9964E-05 9.9964E-05 9.9964E-05
0.195262 0.517352 0.167165 9.9982E-05 0.0385077 9.9982E-05 0.0815137
0.72327 9.9973E-05 9.9973E-05 0.104314 0.0773345 0.0947819 9.9973E-05
0.254327 0.24973 0.332388 0.0689789 0.0166873 0.0147794 0.0631082
9.9964E-05 0.0220392 9.9964E-05 9.9964E-05 9.9964E-05 0.342127 0.635434
0.162779 0.0279433 0.375079 9.9982E-05 9.9982E-05 0.282036 0.151963
0.128643 0.0429571 0.0174745 9.9982E-05 9.9982E-05 0.453061 0.357665
9.9964E-05 9.9964E-05 0.18721 0.0460327 9.9964E-05 9.9964E-05 0.766357
0.130808 9.9964E-05 0.857701 9.9964E-05 0.0110911 9.9964E-05 9.9964E-05
0.125951 9.9964E-05 9.9964E-05 9.9964E-05 9.9964E-05 0.140037 0.733613
0.643168 0.0362819 0.164214 0.129536 0.0265997 9.9982E-05 9.9982E-05
0.538401 0.108983 9.9991E-05 0.145814 0.103477 0.0856508 0.017574
0.574337 9.9991E-05 0.0663152 0.158559 0.0717377 0.0668077 0.0621434
0.490892 0.100061 0.0269508 9.9991E-05 0.0122312 0.016473 0.353292
0.480851 0.135889 9.9982E-05 0.0323329 9.9982E-05 0.133488 0.217239
9.9982E-05 0.382211 0.114617 0.0634922 9.9982E-05 0.216854 0.222626
9.9982E-05 9.9982E-05 0.165951 0.733596 0.00333185 0.0638989 0.0330219
0.15311 0.0446671 0.0159674 0.691982 0.0372604 0.0569137 9.9991E-05
0.667801 0.0237363 9.9982E-05 0.0529872 0.0117792 0.243496 9.9982E-05
0.48981 0.0570529 9.9982E-05 0.101355 0.00662952 9.9982E-05 0.344953
0.499656 0.165966 0.00773664 0.0749556 0.0477094 0.203876 9.9991E-05
0.183393 0.695289 0.120918 9.9964E-05 9.9964E-05 9.9964E-05 9.9964E-05
0.299238 0.023318 9.9982E-05 0.606109 0.0606106 0.0105236 9.9982E-05
0.267628 9.9973E-05 9.9973E-05 0.594311 9.9973E-05 0.0305916 0.10717
0.272011 9.9982E-05 0.0993711 0.472266 9.9982E-05 0.103301 0.0528509
0.0935718 0.441098 0.315749 9.9991E-05 0.0546829 0.0774613 0.0173363
9.9982E-05 0.194796 9.9982E-05 0.0579462 0.00266652 0.721941 0.0224508
0.0467211 9.9982E-05 0.215093 9.9982E-05 0.050915 0.609125 0.0779455
9.9982E-05 0.0357758 0.148956 0.0627962 9.9982E-05 0.734864 0.0174076
0.0800201 0.341248 0.131737 9.9982E-05 9.9982E-05 0.260142 0.186653
0.0432328 0.146756 0.182437 9.9991E-05 0.0185814 0.516853 0.0920391
0.0241321 9.9955E-05 9.9955E-05 9.9955E-05 9.9955E-05 0.975368 9.9955E-05
9.9973E-05 9.9973E-05 9.9973E-05 0.0381008 0.00552731 0.94713 0.00894149
0.104684 0.287589 0.0964875 0.00891492 9.9991E-05 0.358541 0.143684
9.9964E-05 0.0310725 9.9964E-05 9.9964E-05 9.9964E-05 0.0951173 0.87341
9.9982E-05 0.145828 0.00331302 9.9982E-05 0.0153079 0.0782683 0.757083
0.0421968 0.0113573 0.0264779 9.9991E-05 0.0200015 0.0357106 0.864156
0.17528 0.155247 9.9991E-05 0.0453073 0.00889075 0.409841 0.205334
9.9982E-05 9.9982E-05 0.00463756 0.0406236 0.0198552 0.0168202 0.917863
0.12462 0.103924 9.9991E-05 0.029081 0.00992435 0.0558871 0.676464
0.067428 9.9973E-05 9.9973E-05 0.00791642 9.9973E-05 0.884143 0.040213
0.0199168 0.768598 0.211086 9.9964E-05 9.9964E-05 9.9964E-05 9.9964E-05
0.0384563 0.829696 9.9964E-05 9.9964E-05 9.9964E-05 0.131448 9.9964E-05
9.9964E-05 0.793605 9.9964E-05 9.9964E-05 0.0295487 9.9964E-05 0.176446
9.9973E-05 0.633846 0.0762504 0.0767432 9.9973E-05 9.9973E-05 0.212861
0.0861318 0.681739 9.9982E-05 0.0247895 0.0155851 0.191554 9.9982E-05
0.170029 9.9991E-05 0.181222 0.00593736 0.0182096 0.458396 0.166107
9.9964E-05 0.109621 0.842065 9.9964E-05 0.0479148 9.9964E-05 9.9964E-05
0.138451 9.9955E-05 9.9955E-05 0.861049 9.9955E-05 9.9955E-05 9.9955E-05
0.057079 0.0367086 9.9991E-05 0.751933 0.0208587 0.0631701 0.0701505
9.9964E-05 9.9964E-05 0.194134 0.797884 9.9964E-05 9.9964E-05 0.00758191
0.245267 0.0677776 9.9973E-05 0.586879 9.9973E-05 0.0997764 9.9973E-05
9.9973E-05 9.9973E-05 9.9973E-05 0.810679 0.0151636 0.120591 0.053267
9.9982E-05 0.110025 0.0639253 0.782777 0.000567355 9.9982E-05 0.0425054
0.0132888 9.9973E-05 9.9973E-05 0.849838 0.016286 0.120288 9.9973E-05
0.120574 0.0896977 0.0267805 0.762647 9.9973E-05 9.9973E-05 9.9973E-05
0.107376 0.0488653 9.9973E-05 0.78296 9.9973E-05 0.0604984 9.9973E-05
0.0546494 0.0611968 9.9982E-05 0.785305 0.00260342 0.0960458 9.9982E-05
0.0198372 9.9982E-05 0.115685 0.760951 0.0301359 9.9982E-05 0.0731917
0.00554002 0.036381 0.0366593 0.751365 0.0205004 0.028725 0.120829
9.9982E-05 0.0497788 9.9982E-05 0.736929 0.00956856 0.117851 0.0856729
9.9982E-05 0.0811649 0.0619048 0.836893 0.00554314 9.9982E-05 0.0142942
0.14162 9.9973E-05 0.126389 0.727718 0.0039733 9.9973E-05 9.9973E-05
9.9973E-05 9.9973E-05 0.0894023 0.804672 0.033118 0.0725082 9.9973E-05
9.9973E-05 0.058528 0.109513 0.807963 0.0236957 9.9973E-05 9.9973E-05
0.637242 9.9964E-05 9.9964E-05 0.114317 9.9964E-05 0.248041 9.9964E-05
0.786427 9.9955E-05 9.9955E-05 9.9955E-05 9.9955E-05 9.9955E-05 0.213073
0.0528172 9.9973E-05 0.0903689 0.808442 9.9973E-05 0.048072 9.9973E-05
0.0352084 0.0237643 0.175084 0.637682 0.0130764 0.107076 0.00810851
0.23677 0.0115349 9.9964E-05 0.751295 9.9964E-05 9.9964E-05 9.9964E-05
0.61835 9.9973E-05 0.140631 0.05304 9.9973E-05 9.9973E-05 0.187678
0.0187988 9.9973E-05 0.0529676 9.9973E-05 0.0093929 0.918541 9.9973E-05
9.9982E-05 0.105835 0.112609 9.9982E-05 0.0186125 0.593572 0.169172
0.225667 0.356983 0.00385148 9.9973E-05 9.9973E-05 0.413198 9.9973E-05
0.109532 0.491451 9.9973E-05 9.9973E-05 9.9973E-05 0.284151 0.114567
0.131025 0.763315 0.024849 9.9973E-05 9.9973E-05 9.9973E-05 0.0805111
0.0983689 0.763342 9.9973E-05 9.9973E-05 9.9973E-05 0.0855004 0.0524892
0.0356661 0.727125 0.0269493 9.9991E-05 0.00804852 0.158904 0.0432066
0.159029 0.587906 9.9973E-05 9.9973E-05 0.00699231 9.9973E-05 0.245772
0.113691 0.625786 9.9982E-05 0.0560456 0.0389467 9.9982E-05 0.165331
0.0179872 0.655932 9.9982E-05 0.0564145 0.0387486 0.230718 9.9982E-05
0.0522168 0.0959956 0.102165 0.000645619 0.0201107 0.728766 9.9991E-05
0.0973576 0.0226654 0.364764 0.0563388 0.0404683 0.418306 9.9991E-05
9.9973E-05 9.9973E-05 0.910449 0.010478 0.0316125 0.0471603 9.9973E-05
9.995E-05 9.995E-05 0.9994 9.995E-05 9.995E-05 9.995E-05 9.995E-05
9.995E-05 9.995E-05 0.9994 9.995E-05 9.995E-05 9.995E-05 9.995E-05
0.143033 9.9973E-05 0.824448 9.9973E-05 9.9973E-05 0.00630181 0.0259174
0.163173 0.112301 9.9982E-05 9.9982E-05 0.00491758 0.185293 0.534116
0.0835556 0.109659 9.9982E-05 0.0625732 9.9982E-05 0.00260213 0.74141
0.0467731 9.9964E-05 9.9964E-05 9.9964E-05 0.0327218 9.9964E-05 0.920105
9.9982E-05 0.0809201 0.118795 0.0817487 0.00261111 9.9982E-05 0.715726
9.9982E-05 0.0457571 0.217163 0.0178826 0.00553464 9.9982E-05 0.713463
9.9991E-05 0.571245 0.0328037 0.0749086 0.145505 0.0699365 0.105501
0.0989267 0.0116728 0.0187453 0.720595 0.0163886 0.133572 9.9991E-05
0.0467876 0.093202 0.0642345 0.747358 0.0482182 9.9982E-05 9.9982E-05
0.111078 9.9973E-05 9.9973E-05 0.779931 0.000474916 9.9973E-05 0.108216
0.131047 9.9991E-05 0.0646633 0.64814 0.0190936 0.127848 0.00910759
9.9982E-05 0.0417575 0.0707466 0.754172 0.0170615 0.116062 9.9982E-05
0.00499167 0.242462 0.221025 0.10604 0.0296434 9.9991E-05 0.395739
0.0738871 0.180708 0.0489029 0.00236324 0.0200595 0.243534 0.430545
9.9973E-05 9.9973E-05 9.9973E-05 0.0249758 0.0411783 0.182911 0.750635
0.0711433 0.138331 9.9982E-05 9.9982E-05 0.0534521 0.370563 0.366311
