0.637968 0.00337878 0.0249877 9.9982E-05 9.9982E-05 0.241672 0.0917931
0.691906 0.0246457 0.0788242 0.0677657 9.9991E-05 0.107391 0.0293669
0.737387 0.00579411 0.0803856 9.9982E-05 9.9982E-05 0.0680469 0.108186
0.463291 0.0115602 0.104922 0.0147923 0.0072651 0.39807 9.9991E-05
0.758048 9.9973E-05 9.9973E-05 0.0126167 0.022986 0.206049 9.9973E-05
0.381477 9.9982E-05 0.036797 0.254432 0.0272 0.299894 9.9982E-05
0.291034 9.9973E-05 0.0716944 0.276256 9.9973E-05 0.360716 9.9973E-05
0.530739 0.0386874 0.0938071 0.0534086 9.9982E-05 0.283158 9.9982E-05
0.175753 0.00987431 9.9991E-05 0.700249 0.0361597 0.0152804 0.0625836
0.285484 0.0344019 0.132729 0.267591 9.9991E-05 0.141612 0.138081
0.0862314 0.0428696 0.431869 0.274223 0.0439391 0.114619 0.00624894
0.203034 0.0193975 0.0984699 0.522394 0.0211013 9.9991E-05 0.135503
9.9964E-05 0.02922 0.793573 0.176807 9.9964E-05 9.9964E-05 9.9964E-05
0.050454 9.9991E-05 0.0194136 0.622472 0.0758249 0.102944 0.128791
0.199811 0.0287178 9.9991E-05 0.337838 0.0420013 0.285197 0.106335
0.152966 0.00532329 0.0985575 0.502489 9.9991E-05 0.190234 0.0503297
0.198113 9.9982E-05 9.9982E-05 0.460471 0.00687061 0.157189 0.177156
0.551684 0.00498283 9.9964E-05 0.442933 9.9964E-05 9.9964E-05 9.9964E-05
0.000191223 0.0451006 0.0465771 0.253006 0.111162 9.9991E-05 0.543863
9.9973E-05 9.9973E-05 0.0616185 0.351716 0.00590644 9.9973E-05 0.580459
0.0699043 0.013847 9.9991E-05 0.0883341 0.00280477 0.16215 0.662859
0.076642 0.0107184 0.0566495 9.9991E-05 0.0304712 0.0535974 0.771821
9.9964E-05 0.0367952 0.0841049 9.9964E-05 9.9964E-05 9.9964E-05 0.8787
0.0780886 0.021564 9.9982E-05 0.172491 0.0156971 9.9982E-05 0.711959
9.9973E-05 9.9973E-05 0.00144064 0.0594992 9.9973E-05 0.297309 0.641451
0.161599 9.9973E-05 0.00124746 9.9973E-05 9.9973E-05 0.0062182 0.830636
0.011881 0.0355917 0.011849 9.9982E-05 0.0735579 9.9982E-05 0.866921
9.9982E-05 0.0227809 0.0496618 0.153294 0.0519796 9.9982E-05 0.722084
0.248489 9.9955E-05 9.9955E-05 9.9955E-05 9.9955E-05 9.9955E-05 0.751011
9.9973E-05 0.00289759 9.9973E-05 9.9973E-05 0.0714822 0.154985 0.770335
0.0715323 0.00420578 9.9982E-05 9.9982E-05 0.0374214 0.0146539 0.871987
0.0126733 0.0118294 9.9991E-05 0.11432 0.0679198 0.0493549 0.743803
9.9973E-05 0.0551927 0.0655038 9.9973E-05 9.9973E-05 0.112598 0.766406
0.249624 0.0801218 0.164949 0.212022 9.9991E-05 0.204599 0.088585
0.5587 9.9982E-05 9.9982E-05 0.0440795 0.041306 0.137497 0.218218
0.111 9.9982E-05 9.9982E-05 0.0148574 0.0306994 0.688277 0.154966
0.256294 0.0246941 0.0926962 9.9982E-05 9.9982E-05 0.593516 0.0325996
0.208718 0.0039092 0.206747 0.284079 0.0148049 0.217157 0.0645847
9.995E-05 0.9994 9.995E-05 9.995E-05 9.995E-05 9.995E-05 9.995E-05
9.9982E-05 0.023281 0.11001 9.9982E-05 0.0102239 0.0842091 0.772076
0.47107 9.9982E-05 9.9982E-05 0.0368635 0.0839117 0.299593 0.108362
0.601783 9.9973E-05 0.0671928 0.260547 9.9973E-05 9.9973E-05 0.0701777
0.280082 9.9991E-05 0.285292 0.0739099 0.0587751 0.0478579 0.253983
0.0854732 0.0498666 0.526094 0.157109 0.127604 9.9991E-05 0.0537539
9.9982E-05 0.0190709 0.849831 0.0243652 9.9982E-05 0.103815 0.00271846
9.995E-05 0.9994 9.995E-05 9.995E-05 9.995E-05 9.995E-05 9.995E-05
0.133709 0.0643388 0.11144 0.166071 0.0213612 0.300791 0.20229
0.0308382 9.9991E-05 0.458945 0.174415 0.0220306 0.226878 0.0867936
0.209146 0.0192488 0.116196 0.386515 0.0627505 9.9991E-05 0.206044
9.9973E-05 0.0152434 0.222982 0.0821377 0.679337 9.9973E-05 9.9973E-05
9.9982E-05 0.0305172 0.14944 0.0618095 0.747395 0.0106388 9.9982E-05
0.118632 9.9973E-05 9.9973E-05 0.132122 0.737186 9.9973E-05 0.0117599
9.9982E-05 0.051676 0.247263 0.0393588 0.621619 0.0398835 9.9982E-05
9.9973E-05 0.0438867 9.9973E-05 0.176612 0.741918 0.0372839 9.9973E-05
9.9964E-05 9.9964E-05 9.9964E-05 0.175187 0.773943 9.9964E-05 0.0504706
0.0949711 9.9964E-05 9.9964E-05 0.23436 0.670269 9.9964E-05 9.9964E-05
9.9973E-05 0.0320856 0.0783854 0.216559 0.67267 9.9973E-05 9.9973E-05
9.9973E-05 0.0212809 9.9973E-05 9.9973E-05 0.827164 0.025479 0.125776
0.0754181 0.0428866 0.08901 0.0754561 0.717029 9.9982E-05 9.9982E-05
0.0852461 0.00650888 0.28495 0.0395041 0.558655 0.0250362 9.9991E-05
9.9964E-05 9.9964E-05 0.153029 9.9964E-05 0.753726 9.9964E-05 0.0928447
0.110319 9.9982E-05 0.194157 0.0461534 0.627434 9.9982E-05 0.0217372
9.9982E-05 0.0460748 0.601134 9.9982E-05 0.290354 0.0218499 0.0403873
0.0901864 0.0244021 0.0100774 0.100157 0.00613863 0.071893 0.697146
0.278995 0.0227158 0.0169036 9.9973E-05 9.9973E-05 9.9973E-05 0.681085
9.9973E-05 0.0271349 9.9973E-05 0.0844796 9.9973E-05 0.144603 0.743483
9.9982E-05 0.0132907 0.0464412 0.234926 0.60835 0.0967914 9.9982E-05
9.9973E-05 0.0682124 0.451965 9.9973E-05 0.454414 0.0251084 9.9973E-05
0.0915761 0.00901339 0.147582 0.00539492 0.673543 9.9991E-05 0.072791
9.9991E-05 0.0363743 0.240539 0.00829114 0.631469 0.0706078 0.0126183
0.0775388 0.0453087 9.9991E-05 0.0574369 0.766426 0.0474417 0.00574796
0.20673 0.00887421 0.546365 0.139304 0.0985265 9.9982E-05 9.9982E-05
9.9964E-05 9.9964E-05 0.588183 0.35601 0.0554072 9.9964E-05 9.9964E-05
9.9973E-05 9.9973E-05 0.653721 0.139618 0.070757 0.135604 9.9973E-05
9.9955E-05 0.00871536 0.990785 9.9955E-05 9.9955E-05 9.9955E-05 9.9955E-05
9.9973E-05 0.0343818 0.821586 9.9973E-05 9.9973E-05 0.102478 0.0412544
9.9964E-05 0.0334503 0.915504 0.0506462 9.9964E-05 9.9964E-05 9.9964E-05
0.0118178 0.0219509 0.702069 9.9991E-05 0.00989684 0.213218 0.0409475
9.9973E-05 9.9973E-05 0.227549 0.172602 0.579617 0.0199321 9.9973E-05
0.0954286 0.0958973 0.332804 9.9991E-05 0.391165 0.0613968 0.0232082
0.0371315 0.0248288 0.167112 9.9991E-05 0.69434 0.010484 0.0660029
9.9982E-05 0.0449436 0.0631525 0.144812 0.681964 9.9982E-05 0.064928
9.9973E-05 0.0149188 9.9973E-05 0.315295 0.642958 0.0265286 9.9973E-05
9.9982E-05 0.0235979 0.100194 0.321105 0.018714 9.9982E-05 0.536189
0.0777698 9.9982E-05 0.491212 9.9982E-05 0.251947 0.0908793 0.087992
0.0890794 9.9964E-05 0.852845 9.9964E-05 0.0576756 9.9964E-05 9.9964E-05
9.995E-05 0.9994 9.995E-05 9.995E-05 9.995E-05 9.995E-05 9.995E-05
0.464703 9.9982E-05 0.0703484 0.179231 9.9982E-05 0.128029 0.157489
0.533823 0.0317747 0.112184 0.106418 9.9991E-05 0.074693 0.141007
9.9982E-05 0.0419478 0.105632 0.52666 9.9982E-05 0.203865 0.121695
0.003919 0.0205481 0.129613 0.584221 0.0875222 9.9991E-05 0.174077
0.204289 9.9982E-05 9.9982E-05 0.224847 0.0213467 0.498331 0.050986
9.9973E-05 9.9973E-05 0.86215 9.9973E-05 0.114164 0.0123441 0.0110421
0.0380657 0.0324782 0.100822 0.0867214 0.0276733 0.195288 0.518952
0.139 0.0859625 0.62881 9.9973E-05 0.145927 9.9973E-05 9.9973E-05
0.0415368 0.0252662 0.244567 9.9991E-05 0.0316796 0.367594 0.289256
0.592698 9.9964E-05 9.9964E-05 0.356254 9.9964E-05 9.9964E-05 0.0506477
0.267971 9.9982E-05 0.143506 0.0253367 9.9982E-05 0.495581 0.0674054
0.509489 9.9973E-05 0.226823 0.176059 9.9973E-05 9.9973E-05 0.0873297
9.9973E-05 0.00257804 0.0236877 0.760815 9.9973E-05 0.212619 9.9973E-05
9.9973E-05 0.00529085 0.0443663 9.9973E-05 9.9973E-05 0.889851 0.0601915
0.134367 9.9964E-05 0.116993 0.74824 9.9964E-05 9.9964E-05 9.9964E-05
0.020106 0.0260736 0.581748 9.9991E-05 0.190015 0.155975 0.0259823
0.0694956 0.0897274 0.49217 0.080529 0.167903 0.100075 9.9991E-05
0.0726426 0.0868887 0.626617 9.9991E-05 0.129277 0.0808059 0.00366909
0.0267087 9.9982E-05 0.545985 0.183856 9.9982E-05 0.0701894 0.173062
0.151718 9.9982E-05 0.440184 0.235814 0.0866504 9.9982E-05 0.0854339
0.0991976 9.9982E-05 9.9982E-05 0.29098 0.0460414 0.202136 0.361445
9.9973E-05 0.0181621 9.9973E-05 0.115889 0.677854 0.187795 9.9973E-05
0.0721138 0.0167522 0.231498 0.05522 0.624216 9.9982E-05 9.9982E-05
0.239593 9.9973E-05 0.563893 9.9973E-05 0.137141 9.9973E-05 0.0590727
9.9982E-05 0.0349602 0.485926 0.316865 0.0891577 9.9982E-05 0.0728908
0.25715 0.0579981 0.431269 9.9982E-05 0.097319 9.9982E-05 0.156064
9.9964E-05 9.9964E-05 0.170582 9.9964E-05 9.9964E-05 0.164099 0.664919
9.9982E-05 0.0393569 0.228948 9.9982E-05 0.586984 0.0906869 0.053824
9.9973E-05 9.9973E-05 0.311116 0.0762384 0.598961 9.9973E-05 0.013385
0.0372202 9.9982E-05 0.387187 0.0527915 0.390516 0.132085 9.9982E-05
0.144381 0.0600372 0.0465668 0.0800741 9.9991E-05 0.249307 0.419534
0.764619 0.00543012 9.9982E-05 0.0459722 0.0419534 9.9982E-05 0.141825
0.532172 0.0296718 0.154644 0.0109061 0.000370516 0.272136 9.9991E-05
0.832596 9.9982E-05 0.0259587 9.9982E-05 0.0802407 0.0282281 0.0327763
0.279605 9.9973E-05 9.9973E-05 0.227626 9.9973E-05 0.196068 0.2964
0.455155 0.020906 0.0551288 0.179933 9.9991E-05 0.157806 0.130971
0.982473 9.9964E-05 0.0120109 9.9964E-05 9.9964E-05 9.9964E-05 0.00511669
0.849043 9.9973E-05 9.9973E-05 0.0553143 0.0289378 0.0664049 9.9973E-05
0.334741 0.00333493 0.0430552 0.0972719 0.0073974 0.178077 0.336122
0.134294 9.9973E-05 9.9973E-05 0.849967 0.00524844 9.9973E-05 0.0101908
0.0811508 0.0252828 0.0333624 0.705323 9.9991E-05 0.095548 0.0592334
9.9964E-05 9.9964E-05 9.9964E-05 0.734165 9.9964E-05 0.261459 0.00397644
0.316884 0.00211575 0.0846543 0.343946 0.0632276 9.9991E-05 0.189072
0.163509 0.021839 0.00794012 0.767634 0.0251564 0.0138216 9.9991E-05
9.9973E-05 9.9973E-05 0.119419 0.735925 9.9973E-05 0.00479938 0.139556
0.90405 9.9964E-05 0.0812182 0.0143321 9.9964E-05 9.9964E-05 9.9964E-05
9.9964E-05 9.9964E-05 9.9964E-05 0.0562307 9.9964E-05 0.174892 0.768478
0.170237 9.9964E-05 0.0189846 9.9964E-05 9.9964E-05 9.9964E-05 0.810379
9.9973E-05 0.0373968 9.9973E-05 0.155552 9.9973E-05 0.0777226 0.729029
9.9982E-05 0.0037115 9.9982E-05 0.20555 0.0763751 0.0339871 0.680176
0.208103 0.0117113 0.0240812 9.9982E-05 0.0426475 9.9982E-05 0.713257
0.448954 0.0134724 0.0527607 0.125232 0.100549 0.258931 9.9991E-05
0.122093 0.021369 9.9973E-05 9.9973E-05 9.9973E-05 0.737171 0.119067
0.00940423 9.9964E-05 0.163731 9.9964E-05 0.826465 9.9964E-05 9.9964E-05
0.176927 0.0348747 0.037073 9.9973E-05 0.750826 9.9973E-05 9.9973E-05
9.9973E-05 9.9973E-05 9.9973E-05 0.076086 0.807859 0.0878688 0.0278864
0.181935 9.9973E-05 0.265988 9.9973E-05 0.542234 9.9973E-05 0.00954378
0.165313 0.0163656 9.9973E-05 0.00181743 0.816204 9.9973E-05 9.9973E-05
0.000961969 0.00166411 0.0418993 0.0723028 0.757958 9.9991E-05 0.125114
0.137874 0.0216515 0.034029 9.9973E-05 0.806145 9.9973E-05 9.9973E-05
0.0228766 9.9982E-05 0.14954 9.9982E-05 0.743317 0.00842466 0.0756415
0.0769013 9.9982E-05 0.0295614 0.0536025 0.757981 9.9982E-05 0.0817538
0.0871507 9.9973E-05 0.0891919 9.9973E-05 0.758161 9.9973E-05 0.0651967
9.9973E-05 0.039572 0.107656 9.9973E-05 0.724153 0.128319 9.9973E-05
0.0444142 0.0430306 0.0459016 0.0209839 0.690622 0.125398 0.0296493
0.169923 0.00528895 0.0283496 0.0218078 0.735807 9.9991E-05 0.0387232
9.9982E-05 0.0057045 9.9982E-05 0.0784438 0.788308 0.0741435 0.0531998
0.0327504 0.00397201 0.077489 9.9982E-05 0.750066 0.135523 9.9982E-05
0.111671 0.0287744 9.9973E-05 9.9973E-05 0.802301 0.0569541 9.9973E-05
9.9964E-05 9.9964E-05 9.9964E-05 9.9964E-05 0.79659 0.144748 0.0582618
0.198988 9.9982E-05 0.632909 9.9982E-05 0.113871 0.0148144 0.0392177
9.9973E-05 9.9973E-05 0.802206 0.0581528 9.9973E-05 0.112335 0.0270062
9.9964E-05 9.9964E-05 0.0441593 9.9964E-05 0.780394 0.175047 9.9964E-05
0.245038 0.00415885 0.0274152 9.9991E-05 0.628583 0.0801085 0.0145965
9.9973E-05 0.00304781 0.198393 9.9973E-05 0.738366 9.9973E-05 0.059893
0.0350773 9.9982E-05 0.51392 0.146121 0.144532 0.160149 9.9982E-05
0.951476 0.00917878 0.0146227 9.9973E-05 9.9973E-05 0.0244225 9.9973E-05
0.644073 0.0327312 9.9982E-05 0.0914124 9.9982E-05 0.118968 0.112616
0.374423 9.9973E-05 0.203992 9.9973E-05 9.9973E-05 0.0566047 0.36468
0.356023 0.00572986 0.0576723 0.0355951 9.9982E-05 9.9982E-05 0.544779
9.9982E-05 0.00801637 0.12118 0.17496 9.9982E-05 0.0434024 0.652241
9.9964E-05 9.9964E-05 0.0923103 0.154946 9.9964E-05 9.9964E-05 0.752344
0.0661185 0.0014404 9.9973E-05 0.246442 9.9973E-05 9.9973E-05 0.685699
9.9991E-05 0.0118621 0.0401526 0.320072 0.00816615 0.0394403 0.580207
9.9991E-05 0.0305836 0.0757114 0.168353 0.0466057 0.0207917 0.657854
0.194708 0.0435469 9.9982E-05 0.00259225 0.0614212 9.9982E-05 0.697532
0.754293 0.00190678 0.0572968 0.0432485 0.00665856 0.104286 0.0323102
0.236578 0.0392688 0.00895065 0.0642935 0.0822797 0.568529 9.9991E-05
9.99549E-05 0.0368226 9.99549E-05 9.99549E-05 9.99549E-05 0.962678 9.99549E-05
9.995E-05 9.995E-05 9.995E-05 9.995E-05 9.995E-05 0.9994 9.995E-05
9.995E-05 9.995E-05 9.995E-05 9.995E-05 9.995E-05 0.9994 9.995E-05
0.0367854 0.00144832 0.172535 9.9973E-05 9.9973E-05 0.788931 9.9973E-05
0.202662 0.0171235 0.0206985 0.564537 9.9991E-05 0.148867 0.0460119
0.0206401 9.9982E-05 0.0749138 0.74913 0.0596011 9.9982E-05 0.0955146
0.00342982 0.0318906 9.9964E-05 0.96428 9.9964E-05 9.9964E-05 9.9964E-05
9.9982E-05 0.00146125 9.9982E-05 0.670373 0.00296132 0.265146 0.0598584
9.9973E-05 0.00683095 9.9973E-05 0.800998 0.0169647 0.174907 9.9973E-05
0.0818812 0.113656 9.9982E-05 0.211372 0.0741403 9.9982E-05 0.51875
0.103003 9.9982E-05 0.144031 0.0520681 0.675962 9.9982E-05 0.0247368
9.9973E-05 0.0309281 9.9973E-05 9.9973E-05 0.730217 0.0930855 0.145469
9.9973E-05 9.9973E-05 0.0431064 0.139311 0.7881 9.9973E-05 0.0291831
0.154318 0.0143441 0.152434 0.0281825 0.624503 0.0261183 9.9991E-05
0.173194 0.0202952 9.9973E-05 9.9973E-05 0.740473 9.9973E-05 0.0657384
0.025293 0.0104547 0.0108035 0.45278 0.122613 0.162676 0.215379
0.288176 0.0215063 0.0440028 0.410726 9.9991E-05 0.0486268 0.186861
0.175774 0.03635 9.9964E-05 0.787476 9.9964E-05 9.9964E-05 9.9964E-05
0.435727 0.050884 0.156622 0.160203 9.9982E-05 9.9982E-05 0.196364
