9.9982E-05 0.70838 0.132462 9.9982E-05 0.158958
9.999E-05 0.832644 0.0133897 0.0332219 0.120644
0.00703669 0.599253 0.213562 0.0450508 0.135098
9.9982E-05 0.705446 9.9982E-05 0.016666 0.277688
0.0579156 0.937949 9.9982E-05 0.00393492 9.9982E-05
0.0414719 0.83807 0.00731745 0.00854816 0.104593
9.9982E-05 0.638037 0.0578816 9.9982E-05 0.303881
9.999E-05 0.713877 0.0180651 0.052926 0.215032
0.0774979 0.640887 0.187428 0.0075091 0.0866778
0.00642514 0.536069 0.189012 0.0336785 0.234815
0.0412153 0.320438 0.0623856 0.0486213 0.52734
0.0577136 0.430288 0.27104 0.0257337 0.215224
0.06486 9.9991E-05 0.0459085 0.0337913 0.85534
0.0893263 0.529348 0.225195 9.9991E-05 0.15603
0.0858755 0.707795 0.155833 0.0503974 9.9991E-05
9.999E-05 0.653744 0.0848564 0.00581505 0.255485
0.0129372 0.705428 0.256976 9.9991E-05 0.0245593
9.999E-05 0.889245 0.0638158 0.0400321 0.00680667
0.183428 0.087807 0.575123 0.0646896 0.0889517
9.9982E-05 0.114688 0.716722 9.9982E-05 0.168389
0.0190286 0.262837 0.717279 0.000754589 9.9991E-05
0.0267858 9.9991E-05 0.801216 0.00040363 0.171494
9.9982E-05 9.9982E-05 0.926717 0.0509066 0.0221762
0.0183706 0.203232 0.738981 0.0393163 9.9991E-05
9.9982E-05 0.190818 0.70719 9.9982E-05 0.101792
9.9991E-05 0.0309241 0.926088 0.0129362 0.0299519
0.0563859 9.9991E-05 0.886806 0.0436868 0.0130211
0.0854411 0.0220528 0.872728 0.0196779 9.9991E-05
0.0191157 0.0848284 0.895856 9.9982E-05 9.9982E-05
0.0848966 0.0772656 0.837638 9.9982E-05 9.9982E-05
0.0324969 9.9991E-05 0.919768 0.0131055 0.0345295
0.0641128 0.102784 0.804805 0.0281989 9.9991E-05
0.0398125 0.0277888 0.81032 0.0523582 0.0697205
9.9991E-05 0.525345 0.144278 0.0775293 0.252748
0.0864205 0.706216 0.196624 9.9991E-05 0.0106388
0.0787599 0.700481 0.122321 9.9991E-05 0.0983386
9.9982E-05 0.71656 9.9982E-05 0.0300709 0.253169
0.0715479 0.509184 0.154138 0.0148518 0.250278
9.997E-05 9.997E-05 9.997E-05 0.9996 9.997E-05
9.9982E-05 9.9982E-05 0.769606 0.0213109 0.208883
0.153494 0.696646 0.149661 9.9982E-05 9.9982E-05
9.9991E-05 0.621955 0.194266 0.00943456 0.174244
0.100042 0.29328 0.254573 0.012952 0.339153
0.127214 0.149473 0.116273 0.0597861 0.547255
9.997E-05 9.997E-05 9.997E-05 9.997E-05 0.9996
9.997E-05 9.997E-05 9.997E-05 0.9996 9.997E-05
9.9991E-05 0.447532 0.226894 0.0710571 0.254417
0.0835696 0.240066 0.199871 9.9991E-05 0.476393
0.0796873 0.359039 0.355472 0.0486071 0.157195
0.761871 0.0370918 9.9991E-05 0.0354095 0.165528
0.82423 9.9982E-05 9.9982E-05 0.0327602 0.14281
0.791378 0.208322 9.9973E-05 9.9973E-05 9.9973E-05
0.702444 0.0771697 9.9991E-05 0.0832181 0.137068
0.827377 0.0560605 0.060158 0.056305 9.9991E-05
0.882531 9.9973E-05 0.117169 9.9973E-05 9.9973E-05
0.742285 0.257415 9.9973E-05 9.9973E-05 9.9973E-05
0.785818 0.0506026 0.0221089 0.00230213 0.139168
0.847388 9.9982E-05 0.119185 0.0332266 9.9982E-05
0.787731 0.122724 9.9991E-05 0.046364 0.0430812
0.611698 0.0881464 9.9991E-05 0.0352436 0.264812
0.838781 9.9982E-05 0.0761198 9.9982E-05 0.0848996
0.705896 0.0799225 0.0407454 9.9991E-05 0.173336
0.361465 0.0278425 9.9991E-05 0.0642817 0.54631
0.0571107 0.13432 0.768848 0.019242 0.0204791
9.9991E-05 0.190114 0.698463 0.0349122 0.0764114
9.9982E-05 0.148865 0.838813 0.0121218 9.9982E-05
0.696026 0.083443 9.9991E-05 0.0189913 0.20144
0.480158 9.9982E-05 9.9982E-05 0.077381 0.442261
0.7387 0.0399005 0.0595309 0.0212906 0.140577
0.69386 9.9991E-05 0.0159423 0.036032 0.254066
0.81909 0.123456 9.9982E-05 0.0572531 9.9982E-05
0.100063 0.176831 9.9991E-05 0.0144914 0.708515
0.0513441 0.125696 0.0266519 9.9991E-05 0.796208
0.051252 9.9991E-05 0.0415478 0.00545204 0.901648
9.9973E-05 9.9973E-05 9.9973E-05 0.0321269 0.967573
0.0188918 9.9991E-05 0.183722 0.0184229 0.778864
0.00559461 9.9991E-05 0.0104454 0.0212474 0.962613
9.9991E-05 0.0310184 0.0673519 0.023584 0.877946
0.635639 0.103366 9.9982E-05 9.9982E-05 0.260795
0.43078 0.123323 9.9991E-05 0.107056 0.33874
0.734596 9.9991E-05 0.041388 0.0394835 0.184433
0.737878 9.9991E-05 0.0812895 0.0552756 0.125457
0.733736 0.204089 9.9991E-05 0.0441516 0.017924
0.0356927 0.00346474 0.716608 0.0279711 0.216264
0.29133 0.0236986 0.155166 9.9991E-05 0.529705
0.0873865 9.9973E-05 9.9973E-05 9.9973E-05 0.912314
9.997E-05 9.997E-05 9.997E-05 0.9996 9.997E-05
9.9982E-05 0.642476 0.178357 9.9982E-05 0.178967
9.9991E-05 0.7418 0.126515 0.0272567 0.104328
9.9991E-05 0.607345 0.124001 0.0418372 0.226716
0.0586742 0.275142 0.34917 0.0324212 0.284592
0.084479 0.85824 0.0570808 9.9982E-05 9.9982E-05
0.146345 9.9982E-05 0.0167733 9.9982E-05 0.836682
9.9991E-05 0.171448 0.56255 0.0434021 0.2225
0.178119 0.0811429 9.9991E-05 0.102379 0.63826
9.9991E-05 0.251438 0.269326 0.0208035 0.458332
0.0297729 0.784089 0.181003 0.00503487 9.9991E-05
9.9982E-05 0.590953 0.0231913 9.9982E-05 0.385656
9.9982E-05 0.514716 0.12377 9.9982E-05 0.361314
0.0438601 0.627743 0.0820455 0.0178746 0.228477
9.9991E-05 0.569522 0.00293467 0.00969971 0.417744
9.9982E-05 0.592893 0.0922723 9.9982E-05 0.314635
0.211538 0.0134303 0.0735283 0.0247177 0.676786
0.127933 0.000663172 0.115121 0.0817769 0.674506
0.201711 0.057014 0.0207253 0.0809578 0.639592
9.9982E-05 0.101002 0.21592 9.9982E-05 0.682879
0.0747893 0.206632 0.205435 9.9991E-05 0.513044
0.0718618 0.458277 0.469661 9.9982E-05 9.9982E-05
0.808849 0.160293 9.9982E-05 0.030658 9.9982E-05
0.719941 9.9991E-05 0.0473658 0.0219301 0.210663
0.211693 0.0680079 0.134141 9.9991E-05 0.586058
0.179723 0.24079 0.127391 0.0297533 0.422343
0.185153 0.0872254 0.263635 0.0425085 0.421478
9.9973E-05 9.9973E-05 0.730103 9.9973E-05 0.269597
0.652372 9.9991E-05 0.0708157 0.0408165 0.235896
0.672465 0.0493004 9.9982E-05 9.9982E-05 0.278035
0.468846 0.148947 9.9982E-05 9.9982E-05 0.382007
0.0354194 0.338292 0.468072 0.049429 0.108787
0.0743895 0.685989 0.225929 0.0135923 9.9991E-05
0.0380005 0.702881 0.0362891 0.0127684 0.210061
0.118072 0.828814 0.0454689 9.9991E-05 0.00754557
9.9982E-05 0.581186 0.372797 9.9982E-05 0.0458173
0.00371408 0.687358 0.194959 0.00712821 0.10684
0.0372149 0.907114 0.0554708 9.9982E-05 9.9982E-05
0.0967896 0.883012 9.9982E-05 0.0199988 9.9982E-05
0.0129562 0.437516 0.373034 9.9991E-05 0.176394
9.9982E-05 0.772204 0.128094 9.9982E-05 0.0995024
9.9991E-05 0.568712 0.21714 0.0403361 0.173712
9.9991E-05 0.727217 0.119038 0.0346373 0.119008
0.10052 0.532888 0.238 0.0125029 0.116089
0.046682 0.759027 0.0577127 0.0225096 0.114069
9.9991E-05 0.431046 0.281552 0.0262451 0.261057
0.0285173 0.822809 9.9982E-05 9.9982E-05 0.148474
9.9973E-05 9.9973E-05 0.848468 9.9973E-05 0.151232
9.9973E-05 9.9973E-05 0.905023 9.9973E-05 0.0946772
9.9982E-05 0.0661686 0.898579 0.0350526 9.9982E-05
0.0990828 0.127857 0.762291 0.0106692 9.9991E-05
0.0541048 0.0780938 0.770449 0.00798748 0.0893648
0.0557146 0.709305 0.00370955 0.00176599 0.229505
9.9991E-05 0.677162 0.113756 0.035488 0.173494
0.904488 9.9973E-05 9.9973E-05 9.9973E-05 0.0952121
0.840724 0.0402507 0.0601676 0.0303795 0.0284782
0.875637 0.0925314 0.0136448 0.0180869 9.9991E-05
0.631203 0.0595038 0.0456105 9.9991E-05 0.263583
0.865903 0.0845095 9.9982E-05 0.0493876 9.9982E-05
0.826581 0.00954407 0.156653 0.00594212 0.00128022
0.930698 0.0435625 9.9982E-05 0.0255399 9.9982E-05
0.825672 9.9982E-05 0.0826214 9.9982E-05 0.0915062
0.837785 0.0358812 0.025303 9.9991E-05 0.100931
0.857104 9.9982E-05 0.097506 9.9982E-05 0.04519
0.789862 0.0459009 0.00397492 0.045896 0.114367
0.755826 0.0440721 0.0557414 0.0422218 0.102139
0.770536 0.163467 0.034027 0.0318702 9.9991E-05
0.888856 0.00997971 0.0836301 0.0174347 9.9991E-05
0.793395 9.9982E-05 9.9982E-05 0.00190665 0.204499
0.86212 0.118553 9.9982E-05 0.0191273 9.9982E-05
0.896527 0.0413996 0.0354391 0.0265344 9.9991E-05
0.14326 0.0307135 0.0760987 9.9991E-05 0.749828
9.9991E-05 0.132823 0.036478 0.00964373 0.820956
0.825193 0.0841825 9.9982E-05 9.9982E-05 0.0904244
0.67096 0.227654 9.9991E-05 0.0228686 0.0784179
0.832315 9.9982E-05 0.00827102 9.9982E-05 0.159214
0.0604004 0.175283 9.9982E-05 9.9982E-05 0.764116
0.0392625 0.864711 9.9991E-05 0.00491403 0.0910124
0.0386552 0.772898 0.166623 0.0217238 9.9991E-05
0.00719416 0.322985 0.449946 9.9991E-05 0.219774
9.9991E-05 0.223359 0.634851 0.000515104 0.141175
9.9991E-05 0.00504522 0.773488 0.013013 0.208354
0.0271949 0.0418757 0.851079 9.9991E-05 0.0797504
9.9991E-05 0.0365417 0.757226 0.0241901 0.181942
0.0444551 0.0485645 0.748838 0.0180232 0.140119
0.0927212 9.9991E-05 0.741432 0.0478491 0.117897
0.0696459 0.0527013 0.824045 0.0535075 9.9991E-05
0.0466914 0.802289 0.0965577 0.00137322 0.0530887
0.0711121 0.738742 0.0443007 0.0397092 0.106136
9.9982E-05 0.651531 9.9982E-05 0.0552641 0.293005
9.99731E-05 0.676103 9.99731E-05 9.99731E-05 0.323597
9.9982E-05 0.737999 9.9982E-05 0.0267957 0.235005
9.9982E-05 0.53939 0.013447 9.9982E-05 0.446963
9.9982E-05 0.567527 0.198648 9.9982E-05 0.233624
0.0755672 0.573928 0.193481 0.00490248 0.152121
0.0448261 0.652365 0.0944632 0.0456632 0.162682
0.069648 0.598308 0.175419 0.00257783 0.154047
0.042898 0.670277 0.169275 0.040109 0.0774413
0.0800819 9.9991E-05 0.682292 0.168209 0.069317
0.719905 0.000700869 0.0509054 0.0363988 0.19209
0.795246 9.9991E-05 0.07442 0.0264151 0.103819
0.829484 9.9982E-05 0.0156389 9.9982E-05 0.154677
0.722597 0.160753 0.012409 0.0285249 0.0757166
0.78739 0.121383 0.065235 0.0258915 9.9991E-05
0.141906 0.397019 0.253882 0.0502064 0.156987
9.9991E-05 0.520802 0.273067 0.0282628 0.177769
9.9982E-05 0.761557 0.155643 0.0825995 9.9982E-05
9.9991E-05 0.480026 0.249587 0.0499027 0.220384
