9.9991E-05 0.799971 0.184163 0.0157657
9.999E-05 0.799329 0.174293 0.0262776
9.999E-05 0.726686 0.252096 0.0211187
0.0145892 0.910785 0.0720114 0.00261415
0.0193989 0.924816 0.0454852 0.0103001
0.0297186 0.902391 0.0677901 9.9991E-05
0.0388233 0.89501 0.0660671 9.9991E-05
9.9982E-05 0.95191 9.9982E-05 0.0478903
0.0823436 0.628118 0.286453 0.00308528
0.0269027 0.692928 0.250351 0.0298175
0.215145 0.597504 0.13193 0.0554208
0.0598536 0.623025 0.279265 0.0378558
0.300498 0.530434 0.0964391 0.0726292
0.122848 0.582421 0.294631 9.9991E-05
0.0268218 0.602093 0.298627 0.0724579
0.00143134 0.813646 0.159793 0.0251292
0.0374806 0.761958 0.200461 9.9991E-05
9.9991E-05 0.887794 0.078493 0.0336132
0.174249 0.13579 0.615597 0.0743629
0.044383 0.157808 0.797709 9.9991E-05
0.03731 0.19216 0.752604 0.0179257
0.0485785 0.0447358 0.889578 0.0171075
0.020602 9.9991E-05 0.926752 0.0525465
9.9991E-05 0.0948883 0.862753 0.0422586
9.9982E-05 0.25597 0.74383 9.9982E-05
9.9991E-05 0.0266379 0.962398 0.0108643
0.0460039 9.9991E-05 0.89289 0.0610063
0.0702082 9.9991E-05 0.903118 0.0265739
9.998E-05 9.998E-05 0.9997 9.998E-05
0.0852791 0.0292109 0.88541 9.9991E-05
0.0433468 9.9991E-05 0.92427 0.0322832
0.0440327 0.0336156 0.879117 0.0432343
0.0296276 0.0431845 0.868999 0.058189
0.0220552 0.716039 0.181579 0.0803266
0.0304625 0.618907 0.35053 9.9991E-05
0.0458765 0.779122 0.170725 0.00427628
0.0279292 0.871331 0.059473 0.0412663
0.134665 0.641005 0.224229 9.9991E-05
9.998E-05 9.998E-05 9.998E-05 0.9997
0.0594773 0.0146694 0.893243 0.0326102
0.109795 0.667955 0.222149 9.9991E-05
9.9991E-05 0.780193 0.218813 0.000894501
0.158325 0.466012 0.356682 0.018981
0.333232 0.457491 0.144571 0.0647053
0.313485 0.588067 0.0889477 0.00949939
9.998E-05 9.998E-05 9.998E-05 0.9997
0.052544 0.559206 0.308561 0.0796888
0.218975 0.618518 0.162407 9.9991E-05
0.14186 0.461857 0.339827 0.0564554
0.850498 0.0322127 0.0874303 0.0298593
0.907199 0.0570447 9.9991E-05 0.0356568
0.86948 0.105456 0.0128438 0.0122202
0.828812 0.0742769 0.0608431 0.0360681
0.86608 9.9991E-05 0.0578555 0.0759647
0.915601 9.9982E-05 0.0841986 9.9982E-05
0.804774 0.195026 9.9982E-05 9.9982E-05
0.884053 0.0322643 0.0529536 0.0307291
0.895519 9.9991E-05 0.0676443 0.0367365
0.878929 0.0914502 9.9991E-05 0.029521
0.742423 0.225529 9.9991E-05 0.0319483
0.920053 9.9991E-05 0.0737976 0.00604953
0.830456 0.0507296 0.118714 9.9991E-05
0.548993 0.373747 9.9991E-05 0.0771596
0.0625814 0.0985362 0.805035 0.0338476
0.0120874 0.0966877 0.849778 0.0414469
9.9991E-05 0.0635001 0.931596 0.00480414
0.815618 0.182371 9.9991E-05 0.0019113
0.675458 0.21512 0.00824817 0.101174
0.828513 0.085702 0.0525114 0.0332732
0.844255 9.9991E-05 0.112215 0.0434294
0.904991 0.0173852 0.0284472 0.0491767
0.34382 0.65598 9.9982E-05 9.9982E-05
0.323149 0.590169 0.0538346 0.0328471
0.38019 0.551116 0.068594 9.9991E-05
0.329648 0.579418 0.0414775 0.0494562
0.292065 0.487468 0.187773 0.032694
0.373614 0.453627 0.117808 0.0549518
0.299103 0.52994 0.13737 0.0335869
0.796088 0.203712 9.9982E-05 9.9982E-05
0.546446 0.215954 0.0997374 0.137862
0.821187 0.0490864 0.129627 9.9991E-05
0.836909 9.9991E-05 0.0939035 0.0690871
0.762867 0.191076 9.9991E-05 0.0459576
0.053828 0.138501 0.787985 0.019686
0.454638 0.399203 0.146058 9.9991E-05
0.423361 0.567183 0.0084904 0.000965267
9.998E-05 9.998E-05 9.998E-05 0.9997
0.0174113 0.749176 0.233313 9.9991E-05
9.9991E-05 0.82769 0.126351 0.0458584
0.026528 0.659421 0.245659 0.0683922
0.112875 0.532022 0.299518 0.055585
0.0331093 0.838889 0.127902 9.9991E-05
0.424912 0.522601 0.0461338 0.00635331
0.0605756 0.27001 0.628254 0.0411603
0.384197 0.507 0.00113249 0.10767
0.160122 0.436047 0.37685 0.0269804
9.9991E-05 0.734839 0.258239 0.0068217
0.0460582 0.8021 0.146421 0.00542076
9.9982E-05 0.751143 0.248657 9.9982E-05
0.0529377 0.850623 0.0592503 0.0371886
0.0133318 0.861514 0.102387 0.0227671
9.9991E-05 0.8246 0.160185 0.0151142
0.427486 0.436842 0.0859582 0.0497137
0.297359 0.454305 0.12873 0.119606
0.427051 0.481565 0.0038881 0.087496
0.118438 0.584586 0.26483 0.0321462
0.248438 0.547452 0.204009 9.9991E-05
0.0244107 0.453523 0.518979 0.00308726
0.795695 0.16014 0.021689 0.0224765
0.843688 0.0939602 0.0238715 0.03848
0.368382 0.452204 0.177918 0.00149616
0.311863 0.500527 0.143041 0.044568
0.295126 0.307789 0.339212 0.0578729
0.0548282 0.0710757 0.873996 9.9991E-05
0.807479 0.0400454 0.106746 0.0457297
0.826786 0.114651 0.0584639 9.9991E-05
0.660892 0.338908 9.9982E-05 9.9982E-05
0.0278888 0.332171 0.578575 0.0613652
0.00874736 0.676176 0.298155 0.0169218
0.0563384 0.854584 0.0740208 0.0150572
0.0708515 0.804252 0.124796 9.9991E-05
9.9982E-05 0.551152 0.448648 9.9982E-05
9.9991E-05 0.774073 0.214166 0.0116608
0.014578 0.852794 0.132528 9.9991E-05
0.0520295 0.923597 9.9991E-05 0.0242738
0.0310037 0.587626 0.38127 9.9991E-05
9.9991E-05 0.79267 0.192149 0.0150801
9.9991E-05 0.728245 0.237647 0.0340075
9.9991E-05 0.811516 0.159361 0.0290233
0.116589 0.615817 0.255571 0.0120231
0.0728445 0.853119 0.0341343 0.0399017
0.058167 0.663064 0.24847 0.0302987
0.0377919 0.862492 0.0996159 9.9991E-05
0.0283379 0.00318376 0.968378 9.9991E-05
9.9982E-05 0.0230856 0.976714 9.9982E-05
9.9982E-05 9.9982E-05 0.97149 0.0283104
0.0695822 0.0409842 0.889334 9.9991E-05
0.0703768 0.0627877 0.84079 0.026046
0.118164 0.881636 9.9982E-05 9.9982E-05
9.9991E-05 0.791354 0.194437 0.0141099
0.9997 9.998E-05 9.998E-05 9.998E-05
0.90365 0.0543155 0.00558818 0.036446
0.944716 0.0335629 0.00229387 0.0194275
0.801482 0.147899 0.0505181 9.9991E-05
0.905968 0.0525445 9.9991E-05 0.0413872
0.833004 9.9991E-05 0.150574 0.016322
0.936552 0.0398152 9.9991E-05 0.0235331
0.915553 9.9982E-05 0.0842468 9.9982E-05
0.928301 0.0321544 0.0294266 0.0101177
0.904575 9.9991E-05 0.0691908 0.0261345
0.908594 0.0446919 9.9991E-05 0.0466142
0.818924 0.0899008 0.0475764 0.0435991
0.811233 0.124819 0.0190759 0.0448718
0.910218 9.9991E-05 0.0725719 0.0171103
0.863411 0.0554012 0.0540551 0.0271331
0.914307 0.0276077 9.9991E-05 0.0579849
0.92187 9.9991E-05 0.057166 0.0208639
0.371529 0.593573 0.0347973 9.9991E-05
0.259714 0.663576 0.0674718 0.00923779
0.956203 0.043597 9.9982E-05 9.9982E-05
0.719533 0.262426 9.9991E-05 0.0179412
0.963227 9.9991E-05 0.00286151 0.0338112
0.381266 0.618534 9.9982E-05 9.9982E-05
9.9982E-05 0.976922 9.9982E-05 0.022878
9.9991E-05 0.715677 0.247374 0.0368497
0.0242439 0.510741 0.464915 9.9991E-05
9.9991E-05 0.352647 0.64608 0.00117297
0.0206729 0.0803778 0.890564 0.00838483
0.0674716 0.0196631 0.901385 0.0114808
0.0167385 0.137722 0.823656 0.021884
9.9991E-05 0.144342 0.820362 0.0351961
0.125368 9.9991E-05 0.836717 0.0378158
0.0827939 0.00908313 0.838952 0.0691714
0.0065057 0.849257 0.122434 0.0218035
0.0615324 0.826861 0.0430415 0.0685649
0.0395203 0.913419 9.9991E-05 0.0469608
0.029446 0.970354 9.9982E-05 9.9982E-05
9.9982E-05 0.972237 9.9982E-05 0.0275634
0.072902 0.92648 9.9991E-05 0.000517812
0.0124383 0.67432 0.301402 0.01184
0.0866294 0.61514 0.273216 0.0250142
0.0209147 0.782039 0.131592 0.0654546
0.0446749 0.704791 0.233836 0.0166983
0.00710131 0.765559 0.18067 0.0466698
0.0883129 0.0913026 0.655988 0.164397
0.818785 0.121572 0.0145504 0.0450924
0.848256 9.9991E-05 0.106257 0.0453871
0.967986 9.9982E-05 0.0318144 9.9982E-05
0.766038 0.203486 0.0135162 0.0169594
0.859948 9.9991E-05 0.124066 0.0158854
0.126426 0.544477 0.281187 0.0479101
9.9991E-05 0.651883 0.318198 0.0298191
9.9991E-05 0.813565 0.105761 0.0805738
0.0200928 0.653706 0.26291 0.0632915
