0.0127056 0.0347117 0.190675 0.761908
9.999E-05 0.0313265 0.114343 0.854231
0.000430979 0.0443824 0.225646 0.72954
0.00653996 0.0266295 0.0538209 0.91301
0.0309565 0.0150706 9.9991E-05 0.953873
0.0506893 9.9991E-05 0.0274099 0.921801
0.03606 9.9991E-05 0.148021 0.815819
9.9982E-05 0.0495034 9.9982E-05 0.950297
0.0760468 0.0114278 0.225326 0.687199
0.0348154 0.0275076 0.274347 0.66333
0.18221 0.0651176 0.106091 0.646581
0.0930851 0.0189115 0.256208 0.631796
0.323024 0.0670208 0.0585269 0.551428
0.125773 9.9991E-05 0.228195 0.645932
0.0251548 0.0494291 0.236483 0.688933
0.0460026 0.0184227 0.118788 0.816787
9.9982E-05 9.9982E-05 0.230667 0.769133
9.9991E-05 0.0324491 0.157949 0.809502
0.21798 0.0435347 0.560179 0.178306
0.0392446 9.9991E-05 0.756847 0.203808
9.9991E-05 0.0330777 0.731092 0.23573
0.0908477 0.0152864 0.866412 0.0274543
9.9982E-05 0.0429942 0.956806 9.9982E-05
0.0151525 0.0304669 0.880363 0.0740179
9.9982E-05 9.9982E-05 0.763932 0.235868
9.9982E-05 0.0119175 0.987883 9.9982E-05
0.0326626 0.0387576 0.92848 9.9991E-05
0.0731943 0.0335079 0.893198 9.9991E-05
9.998E-05 9.998E-05 0.9997 9.998E-05
0.0839275 9.9991E-05 0.895105 0.0208679
0.0466948 0.0214671 0.931738 9.9991E-05
0.0373205 0.040799 0.893156 0.0287244
9.9991E-05 0.066054 0.872766 0.0610799
0.00720571 0.0671427 0.216637 0.709014
0.00786447 9.9991E-05 0.270498 0.721538
0.0454792 0.00813453 0.204162 0.742224
0.0269789 0.0502174 0.098907 0.823897
0.175373 0.00625925 0.185247 0.633121
9.998E-05 0.9997 9.998E-05 9.998E-05
0.0455785 0.0338538 0.85259 0.0679781
0.0821288 0.0249412 0.215754 0.677176
9.9991E-05 0.0027177 0.197754 0.799428
0.183133 0.0236038 0.315269 0.477994
0.343575 0.0649409 0.0943197 0.497165
0.27066 0.012184 0.0508057 0.66635
9.998E-05 0.9997 9.998E-05 9.998E-05
0.115658 0.0569972 0.282071 0.545274
0.253779 9.9991E-05 0.203058 0.543063
0.129037 0.0449635 0.419391 0.406609
0.878395 0.0240956 0.0371933 0.0603161
0.888458 0.021308 0.0289572 0.0612765
0.882172 9.9991E-05 0.00500353 0.112725
0.812436 0.0751505 0.00493257 0.107481
0.856344 0.0567877 0.0867688 9.9991E-05
0.941801 9.9991E-05 0.0455073 0.0125919
0.75442 9.9982E-05 9.9982E-05 0.245381
0.902843 0.0325651 0.011507 0.0530853
0.904632 0.0319139 0.0633543 9.9991E-05
0.860324 0.0645716 9.9991E-05 0.0750045
0.711642 0.034129 9.9991E-05 0.254129
0.89458 0.0163096 0.0890107 9.9991E-05
0.782761 0.00175215 0.0782725 0.137214
0.545137 0.0817896 0.0557697 0.317304
0.0331101 0.033046 0.8219 0.111944
0.00396771 0.0294879 0.848951 0.117594
9.9991E-05 0.0172145 0.918749 0.063937
0.810502 0.0237589 0.0166148 0.149124
0.696767 0.0905485 9.9991E-05 0.212584
0.838391 0.0207668 0.0408742 0.0999678
0.832004 0.0622313 0.046092 0.0596731
0.903811 0.0507044 0.0453843 9.9991E-05
0.325169 0.0319528 9.9991E-05 0.642778
0.307315 0.00940498 0.0474916 0.635788
0.353411 0.0020046 0.0345659 0.610018
0.347449 0.0499461 0.0252762 0.577328
0.293209 0.0368625 0.140367 0.529562
0.338525 0.0460538 0.056439 0.558982
0.268043 0.0362864 0.114824 0.580847
0.770695 9.9982E-05 9.9982E-05 0.229105
0.551816 0.122872 0.0403717 0.28494
0.851838 0.0110278 0.137034 9.9991E-05
0.826929 0.0560491 0.116922 9.9991E-05
0.765679 0.0391007 9.9991E-05 0.19512
0.0752726 0.0374978 0.758504 0.128726
0.477965 9.9991E-05 0.100559 0.421375
0.405233 9.9982E-05 9.9982E-05 0.594567
9.998E-05 0.9997 9.998E-05 9.998E-05
9.9982E-05 9.9982E-05 0.24746 0.75234
9.9991E-05 0.0456976 0.157514 0.796689
0.0229236 0.0512699 0.224897 0.700909
0.165442 0.0445604 0.239735 0.550262
0.0546712 0.00453388 0.0902686 0.850526
0.436503 0.0032196 0.0645785 0.495699
0.0326401 0.0344254 0.640314 0.292621
0.421938 0.0799552 9.9991E-05 0.498007
0.169545 0.0320499 0.303785 0.49462
9.9991E-05 0.00466983 0.210638 0.784592
9.9982E-05 9.9982E-05 0.145434 0.854366
0.00141033 9.9991E-05 0.138097 0.860393
0.106391 0.0336227 0.0205924 0.839394
0.0276659 0.00706764 0.117593 0.847673
9.9991E-05 0.00730259 0.0699472 0.92265
0.442166 0.0192934 0.104133 0.434407
0.414454 0.09024 0.08278 0.412526
0.42306 0.0861466 9.9991E-05 0.490694
0.10751 0.0351705 0.27451 0.582809
0.216383 9.9991E-05 0.245226 0.538291
0.0478154 0.00971374 0.497807 0.444664
0.842902 0.0205315 0.0135474 0.123019
0.840509 0.0375195 9.9991E-05 0.121872
0.365248 0.0164467 0.178075 0.44023
0.359049 0.0278911 0.150772 0.462288
0.285319 0.0430202 0.334914 0.336746
0.0402389 9.9991E-05 0.873348 0.0863131
0.817422 0.0600828 0.0952036 0.0272919
0.794414 9.9991E-05 0.0194523 0.186034
0.639228 9.9982E-05 9.9982E-05 0.360572
0.0598042 0.0674665 0.535397 0.337332
0.0641981 0.00368799 0.303843 0.628271
0.0210335 0.0454973 0.0442488 0.88922
0.0534548 0.0135505 0.108871 0.824123
9.9982E-05 9.9982E-05 0.441178 0.558622
9.9991E-05 0.0294687 0.237111 0.73332
0.0312374 9.9991E-05 0.141904 0.826758
0.0538929 0.0219642 0.0275855 0.896557
0.0508298 9.9991E-05 0.449012 0.500058
9.9991E-05 0.0202228 0.182559 0.797118
9.9991E-05 0.0505915 0.234589 0.714719
9.9991E-05 0.0281927 0.134139 0.837568
0.126279 0.0262345 0.311991 0.535495
0.0676511 0.0510311 0.0600527 0.821265
0.0746623 0.0324007 0.27754 0.615397
0.0193571 0.00532576 0.0930731 0.882244
0.0239101 9.9991E-05 0.958383 0.0176071
9.9982E-05 9.9982E-05 0.956788 0.043012
9.9982E-05 0.0392488 0.960551 9.9982E-05
0.0919674 9.9991E-05 0.810399 0.0975341
0.0734605 0.0165389 0.797444 0.112556
0.0981242 0.0134191 9.9991E-05 0.888357
9.9991E-05 0.0423702 0.186443 0.771086
0.9997 9.998E-05 9.998E-05 9.998E-05
0.877612 0.0378577 0.0705896 0.013941
0.908768 0.00701913 9.9991E-05 0.0841132
0.772401 9.9991E-05 0.00443784 0.223061
0.941231 0.0123075 9.9991E-05 0.0463611
0.848885 0.0104995 0.140516 9.9991E-05
0.957255 0.0338903 9.9991E-05 0.00875494
0.924752 0.00430048 0.0708476 9.9991E-05
0.921552 9.9982E-05 0.0782482 9.9982E-05
0.889367 0.0099367 0.100596 9.9991E-05
0.921917 0.0280869 9.9991E-05 0.0498964
0.843296 0.0473123 0.0469622 0.0624298
0.841694 0.022428 0.0194165 0.116462
0.928046 0.0193488 0.0525057 9.9991E-05
0.911748 0.0260508 0.0115034 0.050698
0.916776 0.0410116 9.9991E-05 0.0421122
0.902436 0.017931 0.079533 9.9991E-05
0.42531 9.9991E-05 0.0225973 0.551993
0.220657 0.00855747 0.083875 0.686911
0.923175 9.9982E-05 9.9982E-05 0.0766252
0.715902 0.0154834 0.0208577 0.247757
0.9401 0.00257433 0.0572253 9.9991E-05
0.358789 9.9982E-05 9.9982E-05 0.641011
0.00932924 0.0159409 0.00356472 0.971165
9.9991E-05 0.0382315 0.255455 0.706214
0.0019531 9.9991E-05 0.482689 0.515258
0.00627497 0.0100624 0.646692 0.336971
0.0363233 0.00813272 0.853155 0.102389
0.0365344 9.9991E-05 0.89374 0.0696253
9.9991E-05 0.0224947 0.857585 0.119821
0.0445521 0.0254301 0.784903 0.145115
0.0985902 0.067846 0.786986 0.0465775
0.060169 0.0427197 0.837041 0.06007
9.9991E-05 0.0110951 0.171171 0.817634
0.110421 0.0417388 0.0773556 0.770484
0.0455776 0.0488174 9.9991E-05 0.905505
0.0509339 9.9982E-05 9.9982E-05 0.948866
0.0294572 0.0145291 0.0533655 0.902648
0.0898294 9.9982E-05 9.9982E-05 0.909971
0.00609317 0.0302552 0.243557 0.720095
0.0879784 0.0145161 0.278873 0.618633
0.00934357 0.0467138 0.136144 0.807798
0.0869312 0.0249553 0.259879 0.628235
0.0315667 0.0373492 0.207686 0.723398
0.0809521 0.146025 0.721121 0.0519026
0.832752 0.0361718 0.0451384 0.0859375
0.874869 0.0380892 0.0869418 9.9991E-05
0.941901 0.0194668 9.9991E-05 0.0385319
0.775404 0.026658 0.00562498 0.192313
0.867555 0.0178314 0.10909 0.00552375
0.143301 0.051889 0.298194 0.506616
0.0225542 0.0377315 0.30234 0.637374
0.0126613 0.0650042 0.185604 0.736731
0.0158775 0.0581837 0.331319 0.59462
