9.9982E-05 9.9982E-05 0.0253526 0.0225246 0.1034 0.796472 0.052051
0.138897 9.9982E-05 0.00681768 0.0101838 9.9982E-05 0.775878 0.0680236
9.9964E-05 9.9964E-05 9.9964E-05 0.00999122 0.296971 0.692638 9.9964E-05
0.0398241 9.9982E-05 9.9982E-05 0.0167086 0.00935128 0.718391 0.215525
9.9982E-05 0.0505899 9.9982E-05 0.0105061 0.0309011 0.858796 0.049007
9.9973E-05 9.9973E-05 0.0701317 9.9973E-05 0.00612773 0.730041 0.193399
9.9973E-05 9.9973E-05 0.0781583 9.9973E-05 0.127281 0.556587 0.237674
0.0964757 9.9973E-05 9.9973E-05 0.0425725 9.9973E-05 0.497428 0.363224
0.250785 0.0740108 9.9982E-05 0.0220649 9.9982E-05 0.126275 0.526664
0.10665 9.9991E-05 0.0904758 0.0347346 0.191314 0.277539 0.299186
0.143655 0.125737 0.0980203 0.0456344 9.9991E-05 0.1014 0.485453
9.999E-05 0.0303075 0.0664234 0.0393889 0.392339 0.258862 0.212579
9.9973E-05 9.9973E-05 0.418737 0.0351854 0.121837 9.9973E-05 0.423941
0.128958 0.119916 9.99742E-05 9.99742E-05 0.261341 9.99742E-05 0.489485
0.0360988 0.0612425 9.9991E-05 0.0320367 0.286307 0.41706 0.167154
0.163092 9.9991E-05 0.054701 0.014977 0.0659353 0.22638 0.474815
0.272403 0.00849779 0.0207396 9.9982E-05 9.9982E-05 0.319569 0.37859
0.0796606 9.9982E-05 9.9982E-05 0.0235564 0.0001115 0.620862 0.275609
0.345548 0.101434 0.0717567 0.0527901 0.280594 0.0495226 0.0983544
0.232744 9.9964E-05 9.9964E-05 9.9964E-05 0.649453 9.9964E-05 0.117403
0.677236 0.0290683 9.9991E-05 0.000838931 0.0980957 0.0550422 0.139619
0.658237 9.9982E-05 0.105814 0.0013766 0.142546 0.0918265 9.9982E-05
0.87427 9.9964E-05 0.089766 0.0355638 9.9964E-05 9.9964E-05 9.9964E-05
0.834174 0.0229504 9.9982E-05 0.0222381 9.9982E-05 0.090483 0.0299547
0.569129 9.9982E-05 0.0127273 9.9982E-05 0.170809 0.0940661 0.153068
0.810704 9.9973E-05 0.0242754 9.9973E-05 0.0656772 0.0990439 9.9973E-05
0.578324 0.0877898 9.9973E-05 0.0160426 0.317543 9.9973E-05 9.9973E-05
0.852839 0.0665721 9.9973E-05 0.0239093 9.9973E-05 9.9973E-05 0.05638
0.605434 9.9964E-05 9.9964E-05 9.9964E-05 0.354134 0.0400319 9.9964E-05
0.713181 0.0322127 0.0460918 9.9982E-05 0.192275 0.0160394 9.9982E-05
0.898042 9.9973E-05 0.00154898 0.00644872 9.9973E-05 9.9973E-05 0.0936605
0.808621 0.0442977 9.9973E-05 0.0273751 9.9973E-05 9.9973E-05 0.119407
0.838864 9.9964E-05 9.9964E-05 0.0559659 9.9964E-05 9.9964E-05 0.10477
0.0311061 9.9991E-05 0.0660908 0.0685613 0.276958 0.264215 0.292969
0.2476 0.00373254 9.9982E-05 9.9982E-05 0.0483085 0.48747 0.212689
9.9973E-05 0.0553642 9.9973E-05 9.9973E-05 0.405459 0.371655 0.167222
9.999E-05 0.0134434 0.0117159 0.0364504 0.274423 0.456984 0.206884
0.127286 0.0843058 0.0592677 0.00407651 0.102773 0.269598 0.352693
9.995E-05 9.995E-05 9.995E-05 0.9994 9.995E-05 9.995E-05 9.995E-05
0.461072 9.9973E-05 0.0803493 0.0106021 0.447677 9.9973E-05 9.9973E-05
0.1421 0.0902003 9.9964E-05 9.9964E-05 9.9964E-05 0.7673 9.9964E-05
0.0934919 9.9982E-05 0.0422705 9.9982E-05 0.131054 0.576713 0.156271
0.324094 9.9973E-05 0.262918 9.9973E-05 9.9973E-05 0.214272 0.198416
0.122464 0.0405016 0.390965 0.0555269 0.0647711 0.0894034 0.236368
9.9982E-05 9.9982E-05 0.448623 0.00431828 0.183714 0.0200848 0.34306
9.995E-05 9.995E-05 9.995E-05 0.9994 9.995E-05 9.995E-05 9.995E-05
0.0939415 0.0880831 9.9991E-05 0.0841265 0.261232 0.151739 0.320779
0.0210841 9.9973E-05 0.265345 9.9973E-05 0.203849 9.9973E-05 0.509421
0.120226 0.0776911 0.0342018 0.032238 0.334673 0.24056 0.16041
9.9982E-05 0.461738 0.373343 0.022533 0.137703 9.9982E-05 0.00448354
0.0461506 0.657325 0.225001 0.0233266 9.9982E-05 9.9982E-05 0.0479971
0.00901128 0.635464 0.173596 9.9991E-05 0.0149007 0.134965 0.0319631
9.9982E-05 0.549811 0.241942 0.05748 0.0597739 9.9982E-05 0.090793
9.9973E-05 0.723034 0.0871108 0.0500992 0.139457 9.9973E-05 9.9973E-05
0.10628 0.782947 0.066502 9.9982E-05 0.0121717 9.9982E-05 0.0318999
0.00950697 0.723563 9.9973E-05 9.9973E-05 9.9973E-05 0.0797823 0.186848
0.0438679 0.523188 0.326877 0.000756081 9.9982E-05 9.9982E-05 0.10511
9.9955E-05 0.137802 0.861698 9.9955E-05 9.9955E-05 9.9955E-05 9.9955E-05
9.9982E-05 0.708776 0.142918 0.0315059 9.9982E-05 0.0575082 0.0590918
9.9991E-05 0.305693 0.445487 0.0164853 0.0405522 0.176924 0.0147581
9.995E-05 9.995E-05 0.9994 9.995E-05 9.995E-05 9.995E-05 9.995E-05
9.9973E-05 0.538868 0.251825 9.9973E-05 0.153495 0.055512 9.9973E-05
9.9991E-05 0.128295 0.490308 0.064314 0.0781166 0.0343967 0.20447
0.629887 0.0177425 9.9991E-05 0.0162047 0.16261 0.0315592 0.141897
0.638019 9.9982E-05 0.0174934 0.0287475 0.142642 0.172898 9.9982E-05
0.620531 9.9973E-05 9.9973E-05 0.00100421 0.272041 0.106124 9.9973E-05
9.9991E-05 0.633563 0.103173 0.00865862 0.114623 0.0120806 0.127801
9.9991E-05 0.293267 0.407788 0.0773964 0.174979 0.0203656 0.0261049
0.150213 0.685043 0.089426 0.0105026 9.9982E-05 9.9982E-05 0.0646155
0.0147719 0.641071 0.17211 0.0436078 0.0745526 9.9991E-05 0.0537864
9.9982E-05 0.784861 0.00717102 0.0543165 0.091077 0.0623751 9.9982E-05
9.9973E-05 9.9973E-05 0.439894 0.0120811 9.9973E-05 0.220452 0.327272
9.9973E-05 9.9973E-05 0.412091 0.0180382 0.0699262 9.9973E-05 0.499645
9.9964E-05 9.9964E-05 0.476994 9.9964E-05 0.127077 9.9964E-05 0.395529
0.0547152 9.9973E-05 0.477009 0.0468039 9.9973E-05 9.9973E-05 0.421172
0.141521 9.9982E-05 0.346868 0.0436968 0.0689068 9.9982E-05 0.398808
9.9973E-05 9.9973E-05 0.45717 0.0101684 0.306334 9.9973E-05 0.226028
0.102716 9.9991E-05 0.38373 0.0172278 0.0790894 0.0930406 0.324097
9.9964E-05 0.555648 0.140168 9.9964E-05 9.9964E-05 9.9964E-05 0.303785
0.0120161 0.300449 0.304736 0.101708 0.0212654 0.215299 0.0445256
0.0552094 0.558273 0.296121 0.0299249 9.9982E-05 0.0602719 9.9982E-05
9.9973E-05 0.543132 0.264662 0.0399963 0.15191 9.9973E-05 9.9973E-05
9.9973E-05 0.720155 9.9973E-05 0.0251238 0.00840276 9.9973E-05 0.246018
0.120805 0.0101427 9.9973E-05 0.0288791 0.839873 9.9973E-05 9.9973E-05
0.229101 0.16463 0.332257 9.9982E-05 9.9982E-05 0.0538608 0.219951
0.0429726 0.0719057 0.437709 9.9973E-05 9.9973E-05 9.9973E-05 0.447112
9.995E-05 9.995E-05 9.995E-05 0.9994 9.995E-05 9.995E-05 9.995E-05
0.169108 9.9973E-05 0.066697 9.9973E-05 9.9973E-05 0.616344 0.147551
0.0581343 9.9982E-05 0.0731989 0.0170048 0.168215 0.683247 9.9982E-05
0.103591 9.9982E-05 0.132284 9.9982E-05 0.231885 0.123899 0.408141
0.0616596 0.078232 0.0366143 0.0244119 0.267485 9.9991E-05 0.531497
9.9973E-05 0.0447461 9.9973E-05 9.9973E-05 0.289555 0.271241 0.394157
0.0332168 9.9964E-05 0.61562 9.9964E-05 9.9964E-05 9.9964E-05 0.350764
0.237279 9.9991E-05 0.0806658 0.0276233 0.513666 0.121186 0.0194801
9.9991E-05 0.157963 0.278485 0.0774084 0.238143 0.124664 0.123237
0.3153 9.9991E-05 0.206045 0.0280041 0.052615 0.197936 0.2
0.214729 0.0150436 9.9982E-05 0.00198097 9.9982E-05 0.340064 0.427982
0.118305 9.9973E-05 0.0343833 9.9973E-05 9.9973E-05 0.402816 0.444195
0.0578734 9.9982E-05 0.0717726 9.9982E-05 0.157793 0.189077 0.523284
9.9982E-05 0.0630892 0.0133673 0.00634373 0.0908084 9.9982E-05 0.826191
0.0474327 9.9991E-05 0.116681 0.0188763 0.0971804 0.286746 0.432984
9.9955E-05 9.9955E-05 9.9955E-05 9.9955E-05 0.274455 9.9955E-05 0.725045
9.9991E-05 0.169531 0.315522 0.042408 0.228736 0.109801 0.133902
9.9982E-05 0.0567176 0.319065 0.0768369 0.268603 9.9982E-05 0.278577
0.0431706 0.182581 0.312896 0.0745777 9.9991E-05 0.0782132 0.308461
0.154862 9.9982E-05 0.175916 0.025075 0.181241 9.9982E-05 0.462706
0.188856 9.99729E-05 0.359884 9.99729E-05 9.99729E-05 0.111051 0.339909
0.382628 0.0743098 9.9982E-05 9.9982E-05 0.0956872 0.189538 0.257638
0.0456018 0.712327 0.0404878 0.0210137 9.9991E-05 0.0688428 0.111627
9.9982E-05 0.543043 0.27831 0.021284 0.141077 0.0160866 9.9982E-05
9.99639E-05 9.99639E-05 0.480663 9.99639E-05 0.237252 0.281685 9.99639E-05
9.9973E-05 9.9973E-05 0.408143 0.0239968 0.222009 9.9973E-05 0.345551
0.218139 9.9973E-05 0.455158 0.0411502 9.9973E-05 0.285253 9.9973E-05
0.292123 9.9964E-05 0.0459293 9.9964E-05 0.661547 9.9964E-05 9.9964E-05
0.164086 0.558134 0.231381 0.0442677 9.9982E-05 0.00193134 9.9982E-05
0.0466112 0.502606 0.289487 9.9973E-05 9.9973E-05 9.9973E-05 0.160996
9.9982E-05 0.319003 0.357389 9.9982E-05 0.026691 0.0871457 0.209571
0.0133334 0.0467545 0.00473333 0.0589895 0.715994 0.160095 9.9991E-05
0.0834639 0.0138539 9.9973E-05 9.9973E-05 0.186053 0.716329 9.9973E-05
0.096331 0.0600998 0.000900462 0.0206632 9.9991E-05 0.565811 0.256094
0.0614558 0.0599245 0.00671296 9.9991E-05 0.0378539 0.673915 0.160038
0.144358 9.9973E-05 9.9973E-05 9.9973E-05 0.359431 0.44478 0.051131
0.129343 0.00283819 0.0488445 0.012426 0.131601 0.518047 0.1569
0.117624 0.0357233 9.9964E-05 9.9964E-05 9.9964E-05 0.846253 9.9964E-05
0.0299498 0.0426736 0.00916869 0.00336218 9.9982E-05 0.914646 9.9982E-05
0.317681 0.0393005 9.9982E-05 9.9982E-05 0.182254 0.272534 0.188031
0.0359128 0.00128791 9.9991E-05 0.00688554 0.185981 0.16885 0.600983
0.245915 9.9973E-05 9.9973E-05 0.0273913 9.9973E-05 0.0657531 0.660641
0.102332 9.9982E-05 9.9982E-05 0.0228995 0.146421 0.0864657 0.641682
9.9982E-05 0.111536 9.9982E-05 0.00706754 0.417778 0.414249 0.0491697
0.0977528 0.0595359 9.9982E-05 0.0398428 9.9982E-05 0.121283 0.681385
0.134498 9.9982E-05 0.104169 0.0225508 0.180851 9.9982E-05 0.557731
0.00467918 9.9973E-05 0.0291938 9.9973E-05 0.098255 0.867572 9.9973E-05
0.513258 9.9964E-05 0.03287 9.9964E-05 0.453472 9.9964E-05 9.9964E-05
0.751077 9.9964E-05 9.9964E-05 9.9964E-05 0.0663854 0.182138 9.9964E-05
0.861516 9.9973E-05 9.9973E-05 0.00447537 0.000105926 9.9973E-05 0.133603
0.67907 0.056482 0.0165813 0.00528523 0.0989051 0.0314896 0.112186
0.625456 9.9982E-05 0.0782764 0.011453 0.126096 0.158518 9.9982E-05
0.0024485 0.0381129 0.13482 0.00286667 0.0139452 0.611814 0.195992
0.102819 0.00874159 0.0222586 0.0279889 0.16744 0.361542 0.30921
9.9955E-05 0.444273 0.555227 9.9955E-05 9.9955E-05 9.9955E-05 9.9955E-05
0.0239549 0.81729 9.9973E-05 0.026663 9.9973E-05 9.9973E-05 0.131792
9.9973E-05 0.884736 9.9973E-05 0.00321324 0.0948266 0.0169242 9.9973E-05
0.0726373 0.525876 0.215034 9.9982E-05 9.9982E-05 0.114601 0.0716519
9.9982E-05 0.707181 0.15888 0.0402048 0.00707788 0.0864567 9.9982E-05
0.138416 0.683597 0.1033 9.9982E-05 0.0238731 9.9982E-05 0.0506146
9.9973E-05 0.888575 9.9973E-05 0.0153163 0.0145642 0.0812447 9.9973E-05
9.9964E-05 0.653783 0.219092 9.9964E-05 0.126725 9.9964E-05 9.9964E-05
9.9973E-05 0.743319 0.0852901 9.9973E-05 0.161311 0.00978026 9.9973E-05
0.111231 0.6157 0.269595 0.00317515 9.9973E-05 9.9973E-05 9.9973E-05
0.0523261 0.740356 0.0535312 0.0403007 9.9982E-05 9.9982E-05 0.113286
0.111399 0.767079 0.00679859 0.0291822 0.0168902 0.025475 0.0431763
0.00546285 0.773293 9.9991E-05 0.0122095 0.0586743 0.10882 0.04144
0.0166975 0.747604 0.133882 9.9982E-05 0.0769931 0.0246238 9.9982E-05
0.0443261 0.700515 0.166032 0.0168355 9.9982E-05 0.0720915 9.9982E-05
9.9973E-05 0.87069 9.9973E-05 0.0141539 0.0316273 0.0832292 9.9973E-05
0.061464 0.762396 0.101436 0.0161772 0.0583274 9.9982E-05 9.9982E-05
0.0921714 0.04426 0.395017 0.00382084 9.9991E-05 0.0949218 0.369709
9.9973E-05 9.9973E-05 0.386034 9.9973E-05 0.207571 0.000636484 0.405459
9.9973E-05 0.758859 0.0979454 9.9973E-05 9.9973E-05 0.0440365 0.0988593
0.032746 0.465564 0.259762 0.0178649 9.9991E-05 0.171671 0.0522916
9.995E-05 9.995E-05 0.9994 9.995E-05 9.995E-05 9.995E-05 9.995E-05
9.9964E-05 9.9964E-05 0.505346 9.9964E-05 9.9964E-05 0.110156 0.384098
9.9964E-05 9.9964E-05 9.9964E-05 0.00697536 9.9964E-05 0.902862 0.0897627
0.060966 9.9973E-05 9.9973E-05 0.0199549 0.167645 0.751134 9.9973E-05
0.216484 9.9973E-05 0.154714 9.9973E-05 0.315003 0.3135 9.9973E-05
0.521787 0.0137951 0.022606 9.9991E-05 0.193943 0.102797 0.144971
9.995E-05 9.995E-05 9.995E-05 9.995E-05 0.9994 9.995E-05 9.995E-05
0.404635 9.9964E-05 0.069607 9.9964E-05 0.525358 9.9964E-05 9.9964E-05
9.995E-05 9.995E-05 9.995E-05 9.995E-05 0.9994 9.995E-05 9.995E-05
0.391122 0.0190294 9.9982E-05 0.00645213 0.467803 9.9982E-05 0.115394
0.444138 0.0307314 0.103352 0.0105486 0.41103 9.9982E-05 9.9982E-05
0.667922 0.070629 9.9982E-05 0.0353387 0.101826 0.124085 9.9982E-05
9.9973E-05 9.9973E-05 0.0372756 0.0156165 0.181731 0.765077 9.9973E-05
9.9991E-05 0.020824 0.0325937 0.0491248 0.229804 0.640528 0.0270249
0.0607432 9.9982E-05 0.0746703 0.0465069 9.9982E-05 0.238253 0.579627
9.9964E-05 0.0824807 9.9964E-05 9.9964E-05 9.9964E-05 0.00962416 0.907495
0.0323184 9.9982E-05 0.0304702 0.00797096 9.9982E-05 0.22033 0.708711
0.0556513 0.0471422 0.0635116 9.9982E-05 9.9982E-05 0.151426 0.682068
0.0289853 9.9991E-05 0.0953479 0.00144337 0.363794 0.127247 0.383082
0.0678423 9.9991E-05 0.116047 0.00416698 0.285066 0.0325214 0.494257
9.9973E-05 0.024683 9.9973E-05 0.0412572 0.217403 9.9973E-05 0.716357
9.9964E-05 0.0768022 9.9964E-05 9.9964E-05 0.351657 9.9964E-05 0.571141
0.0385217 0.0352024 9.9991E-05 0.0209879 0.20079 0.0633051 0.641093
0.183359 0.0388201 9.9982E-05 0.119195 0.630356 0.0280702 9.9982E-05
9.9991E-05 0.376064 0.505103 0.00840008 0.0170216 0.0923513 0.000959926
0.148788 0.712564 0.104115 0.0342333 9.9973E-05 9.9973E-05 9.9973E-05
9.9964E-05 0.835309 9.9964E-05 9.9964E-05 0.063791 9.9964E-05 0.1005
0.0749381 0.668731 0.0570522 0.0250494 9.9991E-05 0.102232 0.0718971
9.9982E-05 0.71961 0.0613855 0.0135728 0.128401 0.0768301 9.9982E-05
0.323602 0.123443 0.0061431 0.0086996 9.9982E-05 9.9982E-05 0.537912
0.141739 9.9991E-05 0.02193 0.0253926 0.212604 0.278082 0.320153
0.0888514 0.0124377 9.9991E-05 0.041785 0.180863 0.168116 0.507847
0.249559 9.9991E-05 0.0716718 0.0550355 0.0283834 0.196215 0.399036
