0.696731 0.128435 0.147245 0.0275889
0.811379 0.0901695 0.0756221 0.022829
0.61972 0.157166 0.223014 9.9991E-05
0.708534 0.278345 9.9991E-05 0.0130206
0.915704 9.9982E-05 9.9982E-05 0.0840964
0.780841 0.198462 9.9991E-05 0.0205971
0.70219 0.265963 0.0113018 0.0205443
0.824174 0.175626 9.9982E-05 9.9982E-05
0.721351 9.9991E-05 0.167834 0.110715
0.479268 0.308822 0.211811 9.9991E-05
0.36257 0.49248 0.0853877 0.0595618
0.504487 0.252062 0.196498 0.0469528
0.0451062 0.903595 0.0511987 9.9991E-05
0.51511 0.20213 0.194094 0.0886658
0.686114 9.9991E-05 0.215206 0.0985798
0.645009 0.24369 0.111202 9.9991E-05
0.666171 0.146409 0.172011 0.0154094
0.883933 0.0851903 0.0307764 9.9991E-05
0.102118 0.193912 0.570461 0.133509
0.156567 0.169502 0.673831 9.9991E-05
0.324724 9.9991E-05 0.656479 0.0186971
0.061081 9.9991E-05 0.852378 0.086441
9.9991E-05 0.0551133 0.935014 0.00977272
0.204612 9.9991E-05 0.775209 0.0200789
0.268632 9.9991E-05 0.710391 0.0208769
0.0966696 9.9982E-05 0.90313 9.9982E-05
0.028378 0.0175919 0.863914 0.0901161
9.9982E-05 9.9982E-05 0.895869 0.103931
0.0860248 9.9991E-05 0.903985 0.00989049
0.0787163 9.9991E-05 0.838454 0.0827294
0.0424674 9.9991E-05 0.907042 0.0503908
0.162298 9.9991E-05 0.778014 0.059588
0.110936 0.0354988 0.806085 0.0474809
0.405554 0.379348 0.214999 9.9991E-05
0.714266 9.9991E-05 0.254493 0.0311413
0.699655 0.100193 0.101901 0.0982509
0.692329 0.269304 0.0382663 9.9991E-05
0.569748 0.206753 0.12555 0.0979487
9.9991E-05 0.297924 0.49637 0.205606
0.00348806 0.199916 0.746329 0.0502666
0.724608 9.9991E-05 0.164876 0.110415
0.661105 0.208162 0.130632 9.9991E-05
0.293413 0.340547 0.269028 0.0970121
0.0673261 0.59937 0.186331 0.146973
9.9982E-05 0.963782 0.0360178 9.9982E-05
9.9991E-05 0.313099 0.453165 0.233636
0.432623 0.319899 0.232921 0.0145576
0.315689 0.47935 0.101951 0.10301
0.363959 0.245619 0.312216 0.0782063
9.9991E-05 0.20414 0.0422769 0.753483
0.0233122 0.130319 9.9991E-05 0.846269
0.19376 9.9991E-05 0.00435565 0.801784
0.0743319 0.106361 0.0572424 0.762064
9.9982E-05 9.9982E-05 0.147561 0.852239
0.0928222 9.9991E-05 0.0332174 0.87386
0.25879 9.9982E-05 9.9982E-05 0.74101
0.132192 0.0324945 0.000953582 0.83436
9.9982E-05 9.9982E-05 0.171569 0.828231
0.0910768 0.104839 9.9991E-05 0.803984
0.0145208 0.368761 9.9991E-05 0.616619
9.9991E-05 0.0834883 0.100737 0.815675
0.0904493 0.150181 0.0784824 0.680887
9.9991E-05 0.627776 0.0229216 0.349202
0.19384 9.9991E-05 0.74058 0.0654798
0.181586 9.9991E-05 0.805362 0.0129519
0.166255 9.9982E-05 0.833545 9.9982E-05
0.128081 0.174415 9.9991E-05 0.697405
9.9982E-05 0.515683 9.9982E-05 0.484117
0.112234 0.0781792 0.0605795 0.749008
9.9991E-05 0.233556 0.0401292 0.726215
0.0549139 0.036117 0.0515594 0.85741
0.171652 0.693376 9.9991E-05 0.134873
0.0905663 0.799793 0.0016797 0.107961
9.9991E-05 0.842537 0.0709478 0.0864155
9.998E-05 0.9997 9.998E-05 9.998E-05
0.00195813 0.82174 0.156808 0.0194938
9.9982E-05 0.993169 9.9982E-05 0.00663098
0.0709744 0.793144 0.100685 0.0351972
0.101134 0.237665 9.9991E-05 0.6611
0.0141266 0.472788 0.0636307 0.449455
9.9991E-05 0.194461 0.0508539 0.754585
9.9991E-05 0.130326 0.100891 0.768684
0.224597 9.99835E-05 9.99835E-05 0.775203
0.050761 0.227726 0.71833 0.00318333
0.113776 0.504715 0.0847669 0.296741
0.0916086 0.766391 9.9991E-05 0.1419
9.9991E-05 0.320315 0.44926 0.230325
0.625178 0.180468 0.194254 9.9991E-05
0.703484 0.160984 0.135432 9.9991E-05
0.559435 0.225065 0.199615 0.0158851
0.369161 0.248981 0.276489 0.105369
0.805679 0.123694 0.0346162 0.0360107
9.9991E-05 0.864133 0.00389878 0.131868
0.146578 0.284489 0.55511 0.0138235
0.0739236 0.7176 9.9991E-05 0.208377
0.251117 0.364378 0.302542 0.0819626
0.784119 0.0604161 0.13897 0.016495
0.697951 0.25479 0.047159 9.9991E-05
0.59256 0.234923 0.172417 9.9991E-05
0.589483 0.316519 0.0427479 0.0512509
0.45721 0.503563 0.039127 9.9991E-05
0.690717 0.238149 0.0710343 9.9991E-05
0.122264 0.589972 0.0349714 0.252793
9.9991E-05 0.70743 0.174188 0.118282
0.0192676 0.74642 0.0515914 0.182721
0.155386 0.659438 0.185077 9.9991E-05
0.286104 0.580457 0.0726818 0.0607578
0.549877 9.9991E-05 0.384172 0.0658514
0.215382 9.9982E-05 9.9982E-05 0.784418
0.0475469 0.155713 0.0440635 0.752676
0.0268542 0.629363 0.182893 0.16089
0.172367 0.534365 0.117403 0.175866
0.000466889 0.642372 0.282272 0.0748896
9.9982E-05 0.241353 0.758447 9.9982E-05
9.9991E-05 0.348616 0.0556286 0.595655
0.0623045 0.268752 0.0282708 0.640673
0.165527 0.288807 9.9991E-05 0.545567
0.281742 0.16886 0.480853 0.0685456
0.746631 9.9991E-05 0.206713 0.0465562
0.801935 0.106505 0.0122115 0.0793493
0.841119 0.0821483 9.9991E-05 0.0766323
0.508297 0.0925044 0.399098 9.9991E-05
0.705833 0.155958 0.13811 9.9991E-05
0.773676 0.0839466 0.0875152 0.0548622
0.890621 0.00715061 9.9991E-05 0.102128
0.495933 0.139623 0.344585 0.0198582
0.771538 0.135128 0.0898556 0.00347824
0.65786 0.207463 0.134577 9.9991E-05
0.740348 0.203729 0.0558231 9.9991E-05
0.520765 0.192874 0.195479 0.0908823
0.780038 0.162986 0.00580706 0.0511691
0.378529 0.375349 0.246022 9.9991E-05
0.834988 0.0842366 0.041571 0.039204
0.055253 0.0685158 0.876131 9.9991E-05
0.0703565 0.072656 0.856888 9.9991E-05
0.11377 9.9982E-05 0.88603 9.9982E-05
0.1371 0.0568648 0.749343 0.0566926
0.0383062 0.154386 0.789641 0.0176662
0.624445 0.317617 9.9991E-05 0.0578381
0.626263 0.206008 0.167629 9.9991E-05
9.9982E-05 0.0955085 9.9982E-05 0.904292
0.103106 0.0266314 0.0486398 0.821623
0.12228 9.9982E-05 9.9982E-05 0.87752
0.0927971 0.212823 0.0506386 0.643741
0.106841 0.0155411 9.9991E-05 0.877518
0.0433572 9.9991E-05 0.117062 0.839481
0.0744103 9.9991E-05 0.00109689 0.924393
9.9991E-05 0.00300654 0.130478 0.866415
9.9991E-05 0.0590974 0.107164 0.833639
0.0233626 0.0144386 0.0774907 0.884708
0.0681408 0.0997448 0.0309364 0.801178
0.0704798 0.0512441 0.0816799 0.796596
0.120573 0.0413681 0.0387254 0.799334
0.0354684 9.9991E-05 0.07156 0.892872
0.0388666 0.123118 9.9991E-05 0.837915
0.102866 9.9982E-05 9.9982E-05 0.896934
0.0663499 9.9991E-05 0.0428316 0.890718
0.0565152 0.757013 0.0200589 0.166413
0.1403 0.8595 9.9982E-05 9.9982E-05
0.0787809 0.0765202 9.9991E-05 0.844599
0.25273 9.9991E-05 0.0227163 0.724454
9.9991E-05 0.132352 0.0310377 0.83651
0.102885 0.727252 9.9991E-05 0.169762
0.809111 0.150834 9.9991E-05 0.0399546
0.678036 0.105055 0.216808 9.9991E-05
0.389495 0.143125 0.441705 0.025676
0.390798 9.9991E-05 0.570205 0.0388972
0.0562495 0.160534 0.783117 9.9991E-05
0.113359 0.0178345 0.836063 0.0327429
0.0830628 0.14327 0.773568 9.9991E-05
0.141567 0.0597477 0.784659 0.0140257
0.0392349 0.0870656 0.744768 0.128931
0.119078 9.9991E-05 0.790896 0.0899262
0.722772 0.195142 0.0701982 0.0118876
0.750172 0.171867 0.00170314 0.0762584
0.688457 0.289842 9.9991E-05 0.0216005
0.657916 0.341884 9.9982E-05 9.9982E-05
0.712338 0.287462 9.9982E-05 9.9982E-05
0.550143 0.449657 9.9982E-05 9.9982E-05
0.565795 0.262772 0.171333 9.9991E-05
0.502621 0.315244 0.138556 0.0435792
0.628821 0.283212 0.0878663 9.9991E-05
0.65375 0.167539 0.148085 0.0306268
0.629108 0.277874 0.0897912 0.00322736
0.0350565 0.0963007 0.791523 0.0771202
0.118669 0.14538 9.9991E-05 0.735851
0.00979586 0.0264393 0.151836 0.811929
0.0274269 0.129591 0.00667087 0.836311
0.202441 0.0674594 0.0174491 0.712651
0.124799 9.9991E-05 0.0501564 0.824945
0.460463 0.123186 0.276237 0.140114
0.615751 0.120578 0.237025 0.0266456
0.794618 0.0261483 0.124586 0.0546476
0.446581 0.271934 0.281385 9.9991E-05
