IBR/IBR_outputs/all.combrep_1/Silt_Total.Spinifex_Total/Silt_Total.Spinifex_Total.asc
NCOLS 160 
NROWS 95 
XLLCORNER 210004.651214014 
YLLCORNER 7350008.22228844 
CELLSIZE 4999.99999999997 
NODATA_value -9999 
[rows 63 to 83 of 95, columns 92 to 137 of 160]
3.96352448657334 3.48963776939789 3.58226907470309 3.78029961133633 4.14954071120496 4.27635703283523 4.11398329873638 4.18794816784398 3.80163701083663 3.60726049531228 3.82285685395835 6.97030212315575 9.25345596959786 8.89327837825721 8.89804547619265 8.84075166644985 8.73881215162974 8.55906485551385 10.0737414969112 10.1313975499234 9.34772124316495 9.20826658513298 8.83425260051549 8.00637237488476 8.37125249741762 8.43786962489856 7.71074921082498 5.36892075500338 4.59395945896423 5.20139698120149 6.04446880086826 4.58528220158386 4.79370490052327 4.95290512564015 4.80684949395112 4.99052820570446 4.84452142411311 5.51827657750728 5.11058870489959 5.05209434883192 3.94097118971027 4.24258808978283 4.44634281879265 4.57991778432356 3.78968876038073 4.30701679361942
3.66557312823487 3.49713692904074 7.10120221433701 5.43127250567203 5.39108062463412 4.01893147759047 4.29930829428697 4.06359570877522 4.33666895194986 4.1801568546234 3.75397760895802 2.87733630280732 7.81033495624691 8.33261332513595 8.28407930501412 8.36390052529073 8.59761704323909 8.61704106428412 8.4686411120317 8.90343144053065 8.69214251528119 8.55941846668547 8.69967838436341 8.89068708645291 8.12100518237606 8.04866950833205 8.12773071694306 6.9263076402871 5.12442564948768 4.92634152824584 3.92735521110449 4.7536640028767 4.33027808112276 4.5438736450611 4.48585797280373 4.77284971541259 5.38028164650078 5.13579002108261 7.18642541856099 7.80211958764994 4.92538193548401 4.20758362661295 4.09342310978579 5.23073009042814 4.48461185579973 4.29235334660448
3.78608923767156 5.31736762189408 8.85687467392302 8.72904848940445 7.188307736474 4.70274275659962 3.94210833545976 3.61472830454966 3.68452647095493 3.62027068198887 3.84007874919952 3.75211830946882 4.20791204738189 7.53125469029205 7.52628222243895 7.65272062294519 7.90932703873199 8.43341081300905 8.4868584927182 8.2603626853957 8.44140964341829 7.70599774215263 9.59244591840635 8.48495351144682 8.2749657911966 8.28126915293005 8.10858845863708 8.34884377965715 8.33971697669087 6.15131996583638 4.98049628440587 5.57513197393828 4.45957933052142 4.37422094897374 4.46808764263362 5.52504812453364 6.30190888802276 6.35337905835882 5.76166420071722 6.34409787734999 5.15696281079235 4.54785338839805 5.00181789102992 5.67052898507796 5.27113622235731 4.31919490343222
3.96400134399661 5.06448475330737 5.48405832837444 7.44950485371391 6.14199200403965 7.16108463460543 4.32045272958688 3.6582087172475 4.46352597720986 3.41604029833167 3.50367618703811 3.64663125526097 4.30508202665068 4.61253606126819 6.14171877475785 7.05851307328919 6.36887505438422 6.34852123318371 8.27856380414666 8.51015534727812 9.2018922084521 10.3758750108509 10.2701194449769 8.27060983805561 8.7067752768214 7.83660627783576 7.97698272632998 8.28171911367419 9.58918283217173 9.67602279781959 7.8627379864346 7.3564724055919 5.48469560591717 5.76585516200236 5.18008786849065 4.71717266817268 3.01606970046447 5.11411984865069 3.33685030368086 2.91046772718357 2.58519497791303 2.90831752934803 4.30841208930119 4.67484809398034 4.29539244541933 4.12142704583537
3.88839537062143 4.5774102687495 3.5276946601378 6.28657249754261 6.96373564084497 6.58757943057839 5.5185759201983 3.42507303114434 3.32861679411031 3.30274363463634 3.26354755753906 3.2817682504635 3.40972444597253 4.42148867936362 3.72890323522086 2.68322490742829 2.16606934952715 3.35279957786511 7.43162866457368 8.21873353645115 8.68416376913394 8.24490293976924 3.45031419893983 4.96294261135153 6.52037251260378 3.82036017091182 3.34582768805732 7.50087874948937 8.92773594867539 10.6293416913012 10.1395525260952 8.60220040047631 3.86258309858449 1.4339273417239 1.16290959050509 1.24492940867537 1.28427528153893 1.88974880163048 3.65002125209126 2.65155310592935 1.98567403854301 2.20291347530017 3.5948537771399 4.6998507064994 5.13277453610746 4.23147988666732
6.33783605760113 4.85823041280246 7.98049212296127 8.26330448505988 5.93538602271261 4.87926034387268 6.60449294042435 5.1637998918962 3.61380849133271 3.91147649414605 3.43005951553143 3.52471828708178 3.47292830347145 4.02625540528674 3.82388570691801 2.9097574034864 2.32605141442625 2.06585377246511 2.96276793198913 7.16704549903283 7.85874287059191 7.81130549350803 6.88828467235793 6.77095872915826 6.31560238253735 2.98898517347668 2.05536702820053 5.23910561983008 6.3425810294786 7.40156638281864 8.76245035555453 7.06353907940251 1.4026955368675 1.28736492510849 1.42324505964374 1.46368016058009 1.27545375829156 1.10013350480957 3.18123691907118 2.75721712977123 1.6196670759453 2.26138442658064 2.72748102334691 4.01142558610475 4.18032658364749 6.11866640358373
4.65748788767954 6.1418680975822 7.67268265755462 4.70497001061714 4.52624920014236 3.48489489778984 4.12297340337436 3.52633472556444 3.62300684983967 3.72190599990898 3.49114032275195 3.53978144689238 4.20999589592328 3.68147789967991 3.499225686259 3.50691001171879 3.44515792180741 2.39958980567424 1.73755582190372 5.01956860785254 7.28861984176971 6.95117300645198 4.11317033296683 4.15011535871557 5.64992920516042 4.76074226850611 4.17092971976143 4.17824089066928 5.61060681867947 6.91498161240224 4.96011841306002 4.43459380347097 1.89670789625441 1.5293873785285 1.62191597549565 1.50742164342537 1.19987860967006 2.37210650862197 4.0341888413392 2.08354636214726 3.54880447137064 4.84526382679182 3.7425116895114 5.27037179094715 5.48473426935399 5.11884192294019
5.6265739062801 4.94660029204727 5.02370646032214 4.07338601228152 4.7813395612311 3.71401228888704 3.57677646610946 4.01806394426481 4.57720397950747 3.62100773922859 3.43807676438333 3.53593470710475 5.21636824800008 3.69257267905722 3.50796185442041 3.53825061068966 3.43164790469468 3.69434818915157 2.81315876660303 2.48126413163269 6.60004577996154 6.40332472501902 4.78840894328427 5.48909986073901 6.07666517358 6.4478140814375 6.9668591065894 3.33250343955219 3.71429895978947 5.5723835073313 6.46741001025581 4.74049658481187 5.28247389989033 2.82529798633357 1.97320987391597 1.57065209283304 1.71324027864747 5.18674907407905 4.01884033551437 4.20352433777843 4.76968138108007 4.07688868013636 3.99161408240606 4.55378372767424 6.70331617839845 6.80219932041135
5.69663977628872 6.71405185174671 6.43780408516041 4.6610822228876 3.89637403610466 3.579053534399 3.78088075076243 5.50135734625341 4.88415416888421 3.57830011265846 3.43533652974097 3.79095012211857 3.70258092607138 3.39204632646033 3.43440878435951 3.32577438269708 3.24840164465108 3.46262370840686 5.08459960856428 5.17396069694327 6.76732672327273 5.79125165017204 4.04696562990626 6.50190047829403 6.987779761776 7.07574273082029 6.16673649825967 3.11977938189888 2.61487335961268 4.03255935222841 5.74218957879335 4.15173552765305 5.54703616595791 7.79322642795343 5.95947517455365 1.95091223938508 2.03752957774303 2.52240760939824 4.70450848935209 6.15859449948931 3.97738439839785 4.0431382506554 4.16036450031925 6.54200135236977 6.96262602137221 7.33464134103095
4.5547874579888 5.22791574443235 5.97364581842025 5.15964588574673 4.04365796110469 3.92286802222564 3.82036406225469 4.81622869535145 6.39631517318648 6.07815509991542 5.95800227172089 4.58653227265457 3.79937489920263 3.42985947575068 3.35241335102191 3.36625018406528 3.2654640492688 3.3649893975642 3.93940587129636 6.46870684696614 6.08774995242318 3.75414484650003 2.84638661825668 6.46946833657801 7.14170008916083 7.33838166066312 6.38997074382821 4.07756492439351 1.74555417904738 2.43191994891253 3.22488771033731 4.13205238512367 4.38014767239692 6.77515958784651 7.83843987160768 3.6308534607744 2.50316915062308 3.94724535097648 6.70915322664726 6.77096589058597 3.9303981890251 4.42829996926893 4.32583891887025 6.5366769201039 7.18913450403617 4.81505526581782
5.48427613617398 5.80201235793678 7.5390788407815 4.01686738311163 3.5187795270635 3.68249455474717 3.59154513868427 3.88868393768958 3.74545524229516 6.45365991203573 5.59076989084124 4.47979760311803 4.06167563388173 3.54334426410698 3.42948699308751 3.40252304341427 3.40620004281935 3.59512298735906 3.92027975675273 4.67384325095083 3.19411781769516 2.36946756599075 2.18341853244428 6.2093774689685 7.17115179870567 7.44095259267983 7.2130582041112 2.56610312514916 1.14497768529018 1.18013853406505 3.70735134816675 4.19795675795005 4.0558462998528 4.77798673229967 6.97437730362131 9.16420809299747 8.88931201999675 9.32551141585694 7.29972819660324 6.87047748055363 5.28454873664648 5.6545673761741 5.45935690329908 7.25743622923857 7.33158865802483 5.11206966058989
5.77539970060936 4.73104470578315 6.58258439530969 6.86315883285534 5.26892798270629 5.5706539942445 7.30953769845402 5.79791029499292 5.28662087976357 6.483273887852 5.86384965000546 3.86690142649481 3.58696135108569 3.49772725585845 3.36864462540144 3.23747879115904 3.44919143321251 3.45101778360714 3.64785907064072 4.13792887744622 3.74557003834782 3.41963075306642 1.92446239763258 2.67346530462168 6.84937546824153 7.64274757670195 6.38510028434413 1.30395480315508 1.4460747811844 2.46011584771705 6.11549042905572 6.36336044607637 3.71054599020828 3.20433174777205 1.96637628736724 3.67957810837222 7.2698415935981 7.55822203292266 7.34223880774861 7.17604132595374 6.31496742569852 7.39068612996568 7.08367120331298 7.36625660667922 6.79531549936437 3.36088594665203
5.92952784594708 5.23008309952101 6.11115688810418 5.7965725860826 6.67181325852312 6.99062821959901 5.84570502348047 5.19864438766823 5.97090125421163 5.71024850317707 5.09213031833731 5.81507015717425 4.9505057925886 4.64833220416876 3.82811714029347 3.11159210918612 3.26070646309061 3.18046599887054 3.40728420126758 3.71600822950887 3.6500702438386 3.65166392559718 2.55534524883392 2.07699229082238 5.25596547467616 7.72444699260321 4.74399702318589 1.40655534935766 1.6038899470446 4.65049667910103 8.29711453592639 4.81579882147004 2.31168965219792 3.07765115625657 2.05391081874903 1.40944993105864 2.66097319328579 6.9447998441176 7.3604976377592 6.98971032817618 3.75746609352203 5.95643314844383 6.93632474774858 8.13294514078158 8.14145683641347 6.08072456664303
5.38282813614207 5.88422182887377 5.38554680296285 4.31092124844522 4.22056197036712 4.33988487293453 3.79711931565909 3.9085427247297 3.97546892900137 4.48116614475058 4.61420307258983 6.13083823712932 4.42969391544347 6.0604153112423 5.91403612346692 4.86824495937959 6.05046689622874 4.93650904022106 3.59876803994839 3.73303245069344 3.52818936933672 3.76815280320941 3.47089091898049 3.17323345794173 2.87981080517982 7.67285246263735 3.24281744042779 1.61813585590895 2.81952245010092 7.54339546691198 7.13883971536401 3.88691550573088 2.59872072774079 2.20011463270217 2.1533746509004 1.44869431232274 1.46892731415184 4.13399704772791 7.44480169594548 7.3889920955882 7.17710947858789 3.97878900820867 7.76531091964281 7.77643281553459 7.91383646743398 6.14394660683092
7.02405397488702 5.54257664325444 4.12285434051376 3.94693178439793 4.03035676791756 4.69750795230576 6.08826188692134 6.89777649159789 5.16229139300808 4.67724264453536 5.23786277037058 7.54602407048383 6.65679196143264 6.34740426330197 5.47790407978225 4.639985035269 5.88211712959873 5.38988388282693 4.48131388838017 4.11829946285811 3.65175454803372 3.81377413124245 3.64742203552702 3.30775930816252 3.08639014005097 6.74705766170303 4.63669936981631 2.82937323130484 6.43418622982349 6.75128925616896 3.69123277147226 2.88257582345678 2.46365413218801 2.14421209764213 1.54805864743152 1.12537529268046 1.80966741919079 3.62546284764051 6.07576464907191 7.1097698734723 7.37438710821615 7.26978280659254 7.48563912694602 4.8279636082623 6.43265197916437 6.47485552803765
4.8432394422825 5.45272808915823 4.98143057890305 4.71491167118051 4.82734995763853 4.29926134871931 4.5281248491577 5.65456448547782 6.89104390063311 8.01096749985148 8.05877150988437 7.86468831588019 6.89040626271115 5.87874443160453 6.00339889584127 7.21908707892283 7.00204170222327 4.46388594591477 3.67032493679689 3.72542139173139 3.87061662499657 3.80934663078422 3.63724532942768 3.57216809835933 3.92583279341895 5.64015654170709 4.86063667244758 7.51450165747212 7.49641917005125 4.03548662803327 3.11359070801072 1.88664222825587 2.23956066848988 3.19629086968154 2.89455565735997 1.51913644522906 1.42215672333276 3.44767384751402 3.30958419773277 3.94651052313678 5.64607329716708 6.38266592560768 7.16558495502479 6.62674769314807 2.4442923594096 2.102349772571
3.67575927211953 4.94095435268381 5.56311790187837 7.51478505530608 6.9570573190257 5.30262251557845 6.01336408649619 4.84624590704703 5.59445187261288 7.3039495882707 4.54497263768491 3.69787040332169 3.88308674425732 3.91684942860633 4.19803591716084 4.8080955179057 3.82412906157609 3.52583463573054 3.66902565170771 3.69213516082808 3.78828710733011 3.64077086901939 3.61504052829968 3.47973758522869 4.17211961270837 5.7601445368512 5.24475312381082 7.31000042109691 4.90166195069247 5.34341775285059 2.69117960022224 1.50890085810741 1.38954228593818 3.37360922873953 3.91942627135885 1.64729550899796 2.23203103384223 2.83745853862541 4.53857382187672 3.85480949834333 3.97327953611172 6.16175729564878 6.63348455953259 7.42372667791909 3.97636814760915 1.36231333480344
5.74066041500544 7.81822944101928 6.97743374149685 5.53233970127422 5.95385120190995 6.63985508877277 6.40230803975404 5.81653821242383 7.31854102833416 6.59816375633687 5.44331818895719 6.55319853132853 5.99694021624399 5.31473113538419 5.3213920622892 5.58318388416512 4.29878826786122 3.9360369630244 4.00932167010008 4.67521158566208 4.58704122625608 3.89494389318746 3.82067889588837 3.76917550918396 4.10120421286469 3.66791648566402 3.40470385366471 3.946723597212 5.16780618295746 5.89292542406747 2.57721445032919 1.510435417263 1.33264708098511 3.40440422381646 3.8708509835469 2.05292654016455 4.06011053212177 2.60983618675729 5.33325206102362 4.35007398310603 6.18423854773679 6.81055218492284 7.36223198125129 6.91944272723291 2.78672299683887 2.37652760866528
4.45931456131146 6.21436393439497 4.94268181875276 4.35006293285111 4.03736661495647 4.15023388648987 6.86997229102583 7.16809278605367 7.41773789442382 6.92833621701434 7.05079854130991 6.48687559954452 6.74782774664511 6.74797109235917 5.54500408235995 6.4184733212152 4.86919508913429 3.86014938671437 3.6415705010593 3.85287608079897 3.56457207262849 4.0212856136042 5.82059531607882 4.58142589431418 5.05619375781667 5.50834494318219 4.63787728905641 4.35001674367064 4.79688951763099 3.98028848081129 3.92110790947538 1.83435998537651 2.76686582239993 4.70157413201381 3.71446894551092 3.31551449467121 7.22646286606926 5.1090829783092 5.09122058788591 3.81667875049952 6.73891355931608 7.34332489031425 7.24776210221358 7.69925946204016 5.89488560749772 2.78660195988331
4.66107114046189 5.8779046895262 5.11055780149816 4.43282537294444 4.45991746420088 3.71117134910657 3.6455891635409 5.22903416710262 7.31803150723503 6.75769546196161 6.68853557632544 6.53597385699197 6.85686009445557 5.59979667585172 5.46334188683437 5.00979102373154 5.85923786847604 4.64276607485372 3.7178892242616 4.4230013187775 3.38305272410356 4.06657196726761 5.96038787750626 6.68834374529966 6.58956859712382 5.86219047526778 6.15861452546891 5.32690619671975 4.39830256992801 4.33214756979547 3.75970493358624 3.51705546552248 3.8897695364328 4.9821955195939 3.80615350770166 2.94864821501185 5.25744812935469 5.96744703461725 4.71436830249983 3.731369988821 5.96309611914348 4.19164952505152 5.99454660110575 7.69896784405592 7.66891272793497 5.98856197477287
4.63508289836512 4.45819987385724 4.45098572384275 4.07439783856569 3.8118076246851 3.33602865812405 4.67112108658919 4.25123925807358 3.99622867646977 4.07544647535904 3.95930635303817 5.4500930776798 4.54569066205895 4.93616534576187 4.02876433326991 4.67015215453656 7.20217230118572 5.27094875402614 4.95076385130484 4.85645593725802 5.43630682008825 7.64341022529218 7.28560546252507 6.52457384928411 6.2004015291391 5.79208950064235 5.908963024112 5.87582604955099 4.89576899205026 5.35549055296041 5.51852157500273 5.55387761281937 5.86383361261403 4.94436453010834 4.93877815579091 5.05855056200202 4.26213931898086 4.10629628628944 3.81502747694187 3.45869260695945 3.71060078664717 3.79839073460917 7.0752580794325 5.17491369007906 7.01074500176399 6.18600581092717
