IBR/IBR_outputs/all.combrep_1/Silt_Total.Spinifex_Total/Silt_Total.Spinifex_Total.asc
NCOLS 160 
NROWS 95 
XLLCORNER 210004.651214014 
YLLCORNER 7350008.22228844 
CELLSIZE 4999.99999999997 
NODATA_value -9999 
[rows 63 to 83 of 95, columns 0 to 45 of 160]
-9999 7.92807148960833 7.32030051549643 6.47903469357659 6.5088625788485 2.30501446274947 2.1901879474049 2.19860025041136 1.91936577409015 2.16525448115971 2.89316797679219 2.47705268786771 4.13846803093253 6.32618033400393 8.42184344753089 10.3444465335145 11.7202705746998 11.4460853483716 11.8304416784871 12.0390848624372 11.3296939084506 9.44754965711145 7.50945987542368 6.98346760891405 8.04420991324112 7.72803144225124 7.03276566603535 5.6726968702943 3.47856945876071 2.71858384851154 3.66203122088165 3.20600120342237 2.9655999306325 2.5596948892842 2.4145046642246 3.29017576375933 3.9552587919171 3.66195422269903 3.54125664954107 4.21202423872148 3.96340721633849 3.74864756997291 4.0014552292878 4.02586308405515 4.50088482524882 4.15381868323116
-9999 3.54519068738147 5.0271376713084 5.47377323160265 5.37687930279085 3.17079503790414 2.30732076563997 2.63033388883126 2.29720711652992 2.39565565361624 1.82434677449454 1.78327333297149 2.03674101721948 3.53542645434402 6.3609144900971 7.3365362680806 5.28437481429819 6.25357009662584 7.7931779497416 7.9526209771288 5.1023117836858 4.85879974629077 7.06437019174234 6.85891509587261 6.43682855282301 4.64487623016822 3.2249243154538 3.42166642755766 3.21017034127952 3.10551446369648 3.3134139987142 2.81429663126672 2.23775464480483 2.88819894948606 3.38601521232857 4.86560235474502 4.81911527873453 3.63740284130893 3.35963307823641 4.22093422365046 4.24326080018323 4.31459163051194 4.44761007667157 4.18612067987767 4.59822248064322 4.29050464642731
-9999 3.80155067925464 5.28419553528301 2.68525317659397 2.11737849137616 2.67464725785811 2.48875792976229 2.44484017097192 2.78273494872959 2.19495723709321 1.9904835232791 1.97489058717677 1.79922853991474 1.81713528935127 5.41744043308652 5.14760075617766 1.71537301807839 1.86420828009471 2.05379686936348 2.52489741912219 2.53931480421248 2.70559248143643 3.16740562988668 4.58791848208308 2.93234166515711 2.75217653974527 2.73439357486806 2.93828739530278 2.71601927358329 3.16692110133885 3.3806803113564 3.01481020355566 3.43602127263072 3.59812274620572 3.31944248630644 2.96269927380453 3.56096941179271 7.33008491337904 3.99845170187565 4.01454242522457 4.48093533090231 4.42131798564837 4.22353604840961 4.82449611906501 4.39127816992643 4.28236208114053
-9999 5.37584048660433 6.20881029227303 1.26821328953309 1.90158533647965 1.98669084787215 2.51200132953873 2.27795542125485 2.41722485289771 2.93579168182367 2.60821518449615 2.25056413579631 2.00785275092599 1.42715574304714 2.58066546710537 4.9764337327184 2.20841823771588 2.09006432466258 2.28377445664156 2.22159112224448 2.08635487158569 2.8917482813815 2.80395805833687 3.0758801355985 2.74551589125604 3.05304096494525 2.77355160169982 3.52047884149595 2.98064315391504 3.0355278493505 3.16941998233682 3.21109872544534 3.20389234354221 3.17746785385124 2.897290697972 3.05354192705317 3.13874775193949 4.06391930531814 3.79309232547001 3.56846433157193 3.78443953911787 3.87447474683788 4.63145887985255 4.670443620789 4.69919665168564 3.87399245875672
-9999 7.76104968603403 7.20136079763024 5.71995047449991 1.88776168759022 2.64121938626437 2.87625421858628 2.91616911756861 2.65429529832536 3.18842447888371 2.26493715157575 2.33098861750963 1.90947766807231 1.55165878713814 1.87880980589349 2.0447759101878 2.09178458810819 2.43162609025685 2.45318854396287 2.33919307500109 2.55564254936367 4.0498929718234 3.16034317391804 2.88269690619232 2.29587708337513 2.51845937933986 2.8641275643091 3.14334193495429 2.85207337223029 2.79714497049735 3.10994128268105 3.03784461276959 3.02414815464324 3.34637791473092 3.18293344765238 3.28999780787871 3.18501386487199 3.59444111093911 3.70261755334969 3.75598920659485 3.91211744493705 3.76946355749871 3.64968211464429 4.71184227053347 4.78374903873949 4.74312778781266
-9999 8.02535049012961 7.4826694243739 5.88353339285438 2.15346493460684 2.83185608213597 2.34971630344405 2.39355649154431 3.02633058861048 2.84691923890153 2.62896269483283 2.60139495148488 1.83372484830818 1.70600248071115 1.65018898330841 1.99135511166513 2.30404000648961 2.54631996454693 2.88483567949726 2.89833649324335 2.82380347527075 3.3685293490351 3.31478574263197 3.59501500117127 2.43275439898444 2.56013431110615 3.10717024841599 3.24808884065909 3.10850975020548 2.80964333301336 2.90879849965523 2.8256969076838 3.1134123904875 3.19808100932178 3.04824459534686 3.31532165033355 3.54584571056672 3.62089062649399 3.54641842349055 3.76979285155625 5.21628628222964 5.52750224615045 5.84136915592132 6.11148144106316 6.09192375012847 5.52928836031141
-9999 7.55949215011152 6.39957189272109 3.66478310990796 2.27796174416554 2.4184455240555 2.57149777391824 1.66952137931919 2.53796079288842 2.53436227602261 1.95989886020248 2.53298000102179 1.95690592141472 1.64633156522108 1.63144722891201 1.69089937220844 2.22505370101527 2.26235140182809 2.27727722647071 2.97411150600869 3.1924871375689 3.45505900437284 3.45707237211608 5.20236263575244 3.29604908268122 2.78961052840796 2.85086320297972 2.81767252916619 3.18712216326925 3.00737544568137 3.01770951492234 2.8461529117209 3.20209150528244 2.87793805457366 3.01391005248938 3.5021605221074 3.60853693744629 3.55951096805065 3.53972522874716 3.78569236028586 4.72627943676583 7.22894587217891 7.72207000959674 7.6363852584599 7.8824474604638 7.22501566020408
-9999 7.17264249489037 6.93521278540495 2.98321663964724 2.22992772158624 2.37404880378539 2.39535237992115 2.48785684816966 2.18024930046304 1.97012226277243 1.96647829565363 3.0331990745759 2.98256863868576 1.77431548213215 1.66317988361989 1.71760876573276 2.08661483915739 2.68295500713537 3.15799000459551 2.92499017445326 3.2527396887041 3.24332741680097 3.80389522279586 3.16796626662711 3.13013844124211 4.16990614904101 4.44529494396497 2.94820159238377 3.2124213793384 3.16442142309859 4.46509643014443 2.87764542333188 3.19638801235631 3.12061370273017 3.26078399169427 3.66190984743426 3.81067412948542 3.68101224951998 3.56142461984365 4.62111608221089 7.06850345261513 5.57088027296197 7.82304503965865 7.68104212884996 7.80219836228239 8.3858646856795
-9999 -9999 5.13463709234713 2.36158136335816 1.86179584185591 1.64454695283408 1.92610087636037 1.84063066552462 1.89111858450769 2.81348921937082 2.21319765089966 1.77812591168868 1.76205422393879 1.58491475463399 1.64009736616722 2.0144324043907 3.61814623210589 3.41676020586255 3.9149450651526 4.55863882145413 3.81822104263563 3.34127351692599 3.134309872251 3.3650881211561 3.48033198614791 7.15221823834482 7.53818080474402 3.62005732876077 3.47710604664279 3.10566157581616 6.65372272915114 3.18566214279718 2.57835436591762 3.52924827651599 3.71427751741045 3.80663257508013 4.22609040839617 3.72194742442337 3.69945780687125 3.80244750244188 4.40073779624563 6.06678163161285 7.957473335732 7.81591713399864 7.68085015853191 7.742777685484
-9999 -9999 2.12150702163967 1.96969124800431 1.83264079769935 1.72159282534367 1.85516725095033 1.87405201479135 1.89478627363574 2.88768913704262 1.9735871939783 1.75440170645625 1.68437449712674 1.55317089018212 1.5078542651153 1.7912747275756 3.6403825925061 3.19932430965943 3.92157538914632 7.35700720478613 4.84992323580433 3.17857886198536 3.22961079413512 3.24989138741956 5.77252113237738 6.97175785006993 7.80234304955203 6.84713324365122 6.29963763372891 4.79871984117015 7.03687366946614 4.06940795906846 2.24360086088226 4.35283228239273 3.86119127254415 4.08010458911736 8.19590550224818 6.62175487265981 5.87199114255098 4.84199107807019 4.23383127343266 5.09632309264348 7.95591936290689 7.84669806741053 7.72829098275824 7.67900464583222
-9999 -9999 1.81332187595252 2.05386237151814 2.34361712090215 2.12003779042842 1.8372597655661 1.83221708479847 1.84317372808647 4.43765145798913 1.9313707174467 1.82233673065553 1.70884785930427 1.64126152519401 1.58285983736275 1.6615104779572 2.26275169760892 6.87086852751006 7.31562249353617 6.69876798306168 4.73116971753477 4.04811070577163 4.00864092147998 5.91644620396602 7.87392309354982 7.34152763902909 7.51553018955548 7.76814703076809 7.63595968757464 7.05446210603574 5.69822970829219 5.34425162874543 3.83142284678782 4.06287296181053 6.36204235175328 4.34141776713141 4.16637037409152 6.56588118159305 7.44451875721572 4.20573415988972 4.19166853454667 7.31415463725428 7.87685709625719 7.72940632834249 7.80487574833936 7.99113268804256
-9999 -9999 -9999 2.70355665870695 2.95520061541951 1.97093023334481 2.38070459983703 2.36137316576087 3.09032063425652 2.34677970773875 4.87768964789927 1.83241259080059 1.64657645628436 1.99313310300813 1.61707211758215 1.89429129294179 1.7506970266103 3.7656576313503 6.81075282585369 6.90166588782153 6.89587165922628 7.23622631430825 7.51480756669365 7.76024222548747 7.81955115864277 7.68072364446077 7.75374880239387 7.70256696637457 7.7906278650119 7.2907522383051 5.57471866467515 6.14023739411341 4.4068283449575 5.48220222426888 7.7869983131037 4.56010647189351 3.77260535992039 4.35954314779796 7.30612088651114 7.00069076032997 4.99791205934673 4.2661185853799 8.07201247205814 7.86737266448225 7.73028400752408 7.81246825662443
-9999 -9999 -9999 5.49567874410643 6.35672999112555 6.15095754288909 5.054163049475 5.61871050399223 6.34216367487718 5.82177123706234 6.47620027658726 2.61616258070546 1.59869781223032 1.80784921481564 1.65776538854153 1.63227736778243 1.88481006124299 2.13119777948401 5.2659764032494 6.45521924534242 6.70910428377816 7.19381952402023 7.68641844118989 7.60153145642568 7.49246008561121 7.72704389381238 7.7783710207842 7.75380879057452 7.82796028814871 7.83440182953947 6.91496171590498 6.60888765172777 4.9617917454874 6.1263589072844 6.97937225865543 4.41809925523697 3.73285244076044 3.74218503662609 5.7240284575625 7.75956517057957 6.73774292916011 4.36087045351383 4.50723400251112 8.05470864542069 7.77979729348055 7.80783951504298
-9999 -9999 -9999 7.11287051873187 6.93004242564456 6.83568271673046 6.79301960683232 6.80432334307399 6.50928857767381 6.52041658316822 6.4987630482969 3.61929009959074 1.55087287977715 1.74077372253839 1.76976221033735 5.01744040458954 2.58669374299428 1.78964998785618 2.27797362351494 5.30071053922852 6.68859053906999 6.9054747005446 7.06917050563173 7.41825811498124 7.46165308580777 7.78013689815192 7.74129468386575 7.77144878925037 7.87272699931043 7.69322726254018 7.29854765210527 5.30910977293992 5.05888046345536 4.9272499106833 5.67930221819804 4.9605446433044 3.82951666656705 4.2665938408507 4.29952885702857 7.66658865284443 7.76215631609434 8.21572892429458 5.094973896068 6.28845678306904 8.57909565004963 7.84167583065572
-9999 -9999 -9999 -9999 6.75392531861062 6.38651371496331 6.51102789618709 6.61603985104718 6.51543919339915 6.52470232813543 6.55120507751681 4.73988477822401 1.77068519141215 1.79103640999816 1.81646400576009 5.98138638899431 2.52906687031371 2.18831958540071 2.7782594999576 3.08383880733699 5.01008585953904 6.56309779281468 6.85530106324719 7.27087003885374 7.79516732128848 7.85386746173334 7.72291674148996 7.66862702526386 7.84700770183268 7.71882823576919 7.35083252379236 5.07728915551645 5.91598563257604 5.08898156699876 4.32995030989917 4.33983948195396 3.72285556403131 4.085643528637 6.52353229779822 5.45076030428032 8.10501962976508 6.82751455948074 6.35561884451289 6.94993747798639 8.5306526491383 8.33907798782538
-9999 -9999 -9999 -9999 6.3854369832927 5.17344489169407 4.63888134285666 5.87008721153937 6.52713505380004 6.48512228708427 6.56630587935612 6.4254088494935 5.59888248851421 1.80847162082564 2.48017735739528 3.42446598823152 2.38081153253358 2.61345711463657 6.32004248817201 6.35442906335193 3.44405788190246 6.10739204689348 7.09778079268982 7.10343719247487 7.75592173213288 7.82596250466141 7.85285655684462 7.86563928332661 7.73828623893085 7.75691532078996 7.13183851588578 5.27682229886448 5.50575406946821 6.0836298887045 4.35207543636388 3.76324135032534 3.7323846977224 4.32312556788575 6.68472898073812 6.26557555234512 6.43088377051231 8.13698485365703 7.08946066265919 6.70566387073785 8.16115965044728 8.35053560393985
-9999 -9999 -9999 -9999 -9999 2.01782682202198 2.90411923014612 3.09708850467216 4.82822976758198 6.3638313671903 5.8999467891137 4.9036444738417 6.68695734669374 2.24621725789961 2.19197670646214 1.90990458965867 2.09267127403366 4.40210866428753 6.68772225125571 7.07600376679861 6.83273214879931 6.55752858225893 7.15338278682534 6.87164448186251 7.47842096266629 7.49588518696723 7.60849601519586 7.65960754152737 7.75905755963905 8.0122193156936 7.19305663147525 7.09906362210402 7.70897960026009 6.22070294033729 3.84729602523623 3.78586998061555 4.27022329600444 4.73810606132622 6.98769256786959 8.38828583957788 6.31237174618647 7.31262083287841 7.49575834038635 7.3865396383279 7.34392720444988 8.11678011534902
-9999 -9999 -9999 -9999 -9999 -9999 6.71951248080943 6.64133111792039 4.74356583422658 5.26088512087903 3.16165668147906 2.98965527867169 5.05350007707258 3.25556966890898 2.38006719902495 1.814609286279 1.91815168899254 3.12154669968102 6.63047135365662 7.1240555687783 7.1923604214405 6.84414683244276 6.61447119871668 6.63835991859941 7.11890893556195 6.99716956155877 6.83086494527911 6.89149085081964 7.54847649796853 8.14991042460302 7.84947745742579 7.50534719519165 8.15621009548881 8.23615466262109 4.63055709084765 4.04842761510283 4.12176660123293 5.60345356502094 8.33872860935525 8.38167953201354 8.02612133858962 7.69805702938539 7.17866912451716 7.34836557311944 6.61536058779216 7.19039359275091
-9999 -9999 -9999 -9999 -9999 -9999 -9999 6.89027305314932 4.05603514138338 2.89610055954184 5.6639239235149 6.54482975589559 6.48762451813526 6.41862033030954 4.40769300154949 2.47273008032917 3.1628112347073 4.53313431242935 6.80061318492001 6.81970339655452 7.2778217868286 7.13494616473935 6.68266668372331 6.79232635826612 7.32748106815885 6.83883209406394 6.42804670185153 6.53740370739281 6.88210403129277 7.61622144644028 8.25008020503314 8.07085200889654 8.19671963124918 8.30164425280566 7.0237561313232 4.22947623251593 4.21854233323856 6.40679328467758 8.3347871732036 8.36129140717422 7.74896110482144 7.87855765254137 8.55316511278255 7.17228695618204 6.58014989920866 7.48154896770764
-9999 -9999 -9999 -9999 -9999 -9999 -9999 -9999 3.16517825257455 3.77721580722999 6.98944444657605 6.65972815527768 6.51843486300744 6.57370150425068 6.63217627462618 5.23638989186709 5.45795284483556 2.70740897542116 6.31654854548996 6.68463361839858 7.22840171228178 7.51505683436488 7.62828781869547 7.16131652063925 7.73948846920866 7.24290016039032 6.95992779122018 7.28895745180139 7.40474146491496 7.59147788561507 8.29458354540373 8.26762193849709 8.20817663014746 8.17382951615016 8.23904327358884 5.80419797860282 6.07215991058861 6.17852601766179 8.34717652479566 8.37028706639153 8.26738450409232 7.87142045480958 7.88804233609245 8.14423132582691 7.9819098184944 7.4356837911135
-9999 -9999 -9999 -9999 -9999 -9999 -9999 -9999 -9999 6.52183455787302 7.02659615418589 6.74634705182842 6.70103868586192 6.50809860811555 6.54953780845034 6.44661888466687 5.93983173598974 2.32532294081034 2.12211438776822 3.49696545556798 6.65224262205604 7.29496884073341 7.99239660428824 7.6633887513959 7.24244016092374 7.51490095199402 7.49605752374596 7.45316845462534 7.46331154430243 7.51657220973507 7.97078340673972 8.5615919662741 8.60998795798322 8.61660770798441 8.3364329150331 8.24810826050401 8.29825843286543 7.85086607655528 8.39841865914881 8.43826654419218 8.3429467097951 8.07978011019427 7.54095987400919 7.87625626136889 8.4446130942594 8.23711224776204
