0,24.4648865348441,24.7484943304177,26.9498082536657,32.67111370355,31.6933492439423,35.6077884450921,30.8370883628508,62.1680662810817,65.5461795504759,95.6135697064263,56.3656859993479,57.4060650546728,59.6404606018683,60.8875354144083,63.2838490466732,57.3742524546953,62.6287854741863,60.4339756344632,55.8006017186439,42.4787734414913,44.3030872715687,42.6884621877132,70.4891437046086,112.665479186268,126.660203232268,65.158598166077,65.214793205987,58.9035585784886,54.456240152502,53.0841237512922,58.0399145739797,79.7722540299599,44.7526856739421,66.9226584722965,64.7721079046196,56.0433666618679,82.7144436196366,84.9413249699677,85.2231221477411,80.8251730010966,81.5171642491976,81.9776987356801,81.7186653129599,88.5908273302843,88.6017719172175,97.6014446081725,87.9934698430974,95.6005670582045,88.5199936762359,89.306888918188,47.5615815618631,46.156210740021,47.6215143284925,47.2642025954758,48.5770705822083,46.3857145547263,45.794217241435,36.1562233780284,38.7282676569329,38.6096160213034,37.9460237963226,37.8316496801593,103.385565000179,43.6740846663336,55.3976540811717,100.5049232301,101.911404446367,98.6450642557268,93.5785238434877,85.1102511554559,83.8585897223971,88.7059879153288,87.3921260565506,84.7626099552955,55.6768860372063,60.4379881325646,66.3389149998411,41.7576099607342,44.0697323696724,53.7478623741857
24.4648865348441,0,26.7577689288963,23.9251356725608,26.3165084516351,31.9407024183184,35.2054821680779,28.6961393707946,60.9570139054386,64.3395474807261,95.3603901954966,55.1889866621813,56.2219499901112,58.4500102553225,60.8305694764762,63.1710287832818,56.7932611586349,62.0668615665079,59.8424779163936,55.2517114589691,42.598814972181,44.471522271555,42.8658299595917,69.9780872051417,112.526084682153,126.503215892644,64.4762920538889,64.5841569976513,58.9274003624474,53.238942130408,51.8608636116742,56.8393348433093,79.6261106308632,44.9612369166258,66.7873675138792,64.6403561553875,54.8847598574432,82.4868231660263,84.716325824837,84.9957937838767,80.5824549673373,81.2738187037825,81.732283400125,81.4727748652153,88.3488389972155,88.3647415150356,97.3609697927917,87.7543668669067,95.360511705267,88.2799783468283,89.0721157214709,47.2356779231158,45.8486453614702,47.3335933775501,46.8575208629251,48.4475681759795,46.2459275639888,45.6218917697848,36.3951421444786,38.9818279919276,38.9532872915898,38.3116677398182,38.3223722364563,102.666832144238,42.6066616378491,54.5665321698855,100.297699835536,101.707040509589,98.4394033280056,93.3713890743275,84.8561784490662,83.6047116194196,88.459986376537,87.1469017905406,84.5002129910415,55.1723808931796,59.9549776580442,66.0782838183453,41.5439939824824,44.6391086586882,52.4815251852014
24.7484943304177,26.7577689288963,0,32.3712913022491,34.7626470128253,24.7464499460993,31.4994281165022,25.5525851821429,62.1111433552986,65.4786844401825,95.2031512495963,56.4043825554678,57.4390696678178,59.6339251768437,60.5407340397051,62.8853773778264,58.0367529617215,63.2756110869592,61.0776253626446,56.4623972999204,43.098544287977,44.7575687410654,43.2152509412219,69.874436785652,112.366556264139,126.340518415185,64.5324620998711,64.5773681202033,58.7074683250402,54.0534459817487,52.6674676463354,57.7707184707656,79.4462368273498,44.9885645374505,66.4960870759312,64.3375076464289,56.1242817374583,82.3206412771741,84.5499641626888,84.83068050261,80.417801135127,81.1099120579289,81.5682549027596,81.3094557286193,88.1877231873794,88.2025475677269,97.2001021631982,87.5924992960906,95.1997886896667,88.1185060681828,88.9095986396227,48.2663761644406,46.8755730947829,48.3121074833801,47.9869001853955,49.1744990858303,47.0138913352286,46.4541042538585,34.5665034377091,39.3929362114514,39.2343810647937,38.6902643991846,38.5230801863785,103.914392457788,42.1094338042934,54.6153379135785,100.132727852787,101.541883722902,98.2742462446135,93.2062480994264,84.6969703705472,83.445128035474,88.2996780795664,86.9861524192442,84.3429674577996,54.8276563016717,59.633026235083,65.8503667796083,40.7098600955495,43.999240936254,53.675305206825
26.9498082536657,23.9251356725608,32.3712913022491,0,24.4740724053013,35.817014175392,38.2254052906562,33.1165998923901,61.304958748122,64.6984448202516,96.005779419981,55.4272057353317,56.467320473433,58.739663510785,61.4045857127446,63.7956769636635,56.3208654744745,61.6145128940705,59.3922348808726,54.7821028156315,42.2418121596387,44.2856953018628,42.6119728548338,70.831363880379,113.059431192367,127.057199018008,65.3569659232566,65.4699594730404,59.3576472822958,53.9650955862543,52.6032214303019,57.4174763629904,80.1854539802096,44.992307498839,67.4391071791085,65.299125614327,55.074559511465,83.1149020181455,85.3419465109262,85.6225877666648,81.22423020601,81.9155304783466,82.3761787406139,82.1164895478847,88.9866089966907,88.9985449906675,97.9969942242989,88.3899436381698,95.9959820332154,88.916102645805,89.7039578917794,46.7280642121152,45.3259073919719,46.8445410045147,46.3238785756723,48.071191628647,45.8367769603909,45.1760342248557,37.8921124644548,38.6123900273126,38.646368979797,37.8975662988178,37.9967229879155,102.347421952903,44.3924739239399,55.6124544520739,100.904212852176,102.310858704295,99.0445224215468,93.9779709995507,85.5042805637675,84.2529657975563,89.1010273293521,87.7875726375189,85.1548305320273,56.2322739408434,60.9738054035841,66.7955711644443,42.7270048612946,45.0105945240312,52.8552448538387
32.67111370355,26.3165084516351,34.7626470128253,24.4740724053013,0,37.0537344549676,38.9779681029851,33.3744094610224,61.0851256936222,64.4835811034966,96.6531768229341,55.2409550930961,56.2732311429577,58.5399472096336,62.2171681886681,64.558468022033,56.7757859009173,62.0860936143749,59.8341396918098,55.2686658766521,43.3422790340372,45.3908402662893,43.7392337767907,71.2523435237223,113.811806304805,127.792959093422,65.6320628458444,65.7896114458886,60.2515337174854,53.7589200606629,52.3929943813971,57.2161721667673,80.929248207207,46.0895125872933,68.1812316015454,66.0433818715079,54.9068457709548,83.7850424263323,86.0144865657676,86.293099466414,81.8806046358375,82.5713947294017,83.0301273518191,82.7700643026569,89.6439751002966,89.6603832576507,98.6557779190742,89.0499010633389,96.6551656280913,89.5752550359307,90.3678476891375,47.4381532351433,46.0571696073265,47.587768724891,46.9601222989387,48.944107703449,46.7065409290589,46.0223122995173,38.8418038793365,39.8336106162267,39.9268264529732,39.2276396438619,39.4026129211837,102.649867169021,44.503124813691,55.7718525075614,101.593296486748,103.002565130931,99.735030599346,94.6671193343568,86.1506867307156,84.8995187704156,89.754767828119,88.4419899479448,85.7937495550319,56.661984082202,61.4200470243164,67.4308724298502,43.3807563631354,46.3047048406844,52.5780242513749
31.6933492439423,31.9407024183184,24.7464499460993,35.817014175392,37.0537344549676,0,24.7222071315436,23.1409808368466,61.9653222688745,65.3222979307533,94.6909088616222,56.3454627281446,57.3755717908028,59.5336083456482,60.0981533799165,62.3894452936732,58.5200783196217,63.7453252398885,61.5448926152391,56.9448285847835,43.5586091963988,45.0778193257268,43.5999553128254,69.1523785610735,111.965449915377,125.918838484883,63.8007288841693,63.8326449247464,58.4146160903596,53.5753269752179,52.1764096997715,57.4208972730562,79.0189611946745,45.1178467320324,65.9714552600747,63.8050460693872,56.1034474493209,81.8251613666865,84.0569275220954,84.3365370661389,79.9087229977115,80.6009404606535,81.0570919620498,80.7985151777793,87.6828516360534,87.7015715630872,96.6969868154514,87.0897727767829,94.6972343928704,87.6152560141556,88.4105606313936,48.7846812898572,47.4061404122785,48.8185085459589,48.5202442571495,49.6022730131721,47.4683046020092,46.935291482799,32.7754636098777,39.9037956157542,39.7230190514628,39.2799762106534,39.0883593091262,104.283610897886,40.2882431221227,53.7205964431229,99.6587865832945,101.070614470902,97.8016834230179,92.7322311563276,84.1818911722538,82.9298730209062,87.791588962695,86.4784064471068,83.8214903608847,53.851140216897,58.705326735649,65.2598735372319,39.5149331757395,43.9270370025749,53.5212681251562
35.6077884450921,35.2054821680779,31.4994281165022,38.2254052906562,38.9779681029851,24.7222071315436,0,25.3358907484536,61.7691768785807,65.1156227884371,94.1022239963718,56.2273109815253,57.2539438727089,59.3779593043352,59.5827659746986,61.819984438099,58.8635088286887,64.0765224049627,61.8747653133594,57.28664446307,43.8775505809807,45.2781116649257,43.856697198512,68.3516465449722,111.485684674532,125.418992522051,62.9945019011264,63.0108413437045,58.0457796790855,53.0625995340961,51.6519467082093,57.0297187494559,78.5141653379215,45.1524883444737,65.3731151477772,63.1991157858126,56.0192390234096,81.2530107142423,83.4871798144031,83.7656884194568,79.3231847079567,80.0155021340061,80.4694969377023,80.2111349683051,87.1014295607665,87.1239848882139,96.117289479202,86.5104636066545,94.1180875121956,87.0354298422106,87.8348804936285,49.1523014772641,47.783787273726,49.1753284104354,48.9021859296639,49.8892400440332,47.7785793040019,47.2689285733874,30.9298992355435,40.2714549960004,40.0780962389097,39.7182993821509,39.5167716879394,104.531753633326,38.2071156229012,52.7459105968545,99.1077651905788,100.522216428803,97.2520168385148,92.181138191884,83.5904185974395,82.3382282840953,87.2069991817698,85.8941561644107,83.2237098604407,52.7733200324268,57.681424535201,64.5932622771583,38.1978145111156,43.8445115244893,53.3243659776425
30.8370883628508,28.6961393707946,25.5525851821429,33.1165998923901,33.3744094610224,23.1409808368466,25.3358907484536,0,59.4781062195537,62.8392709573626,93.2181929762427,53.8906893045235,54.9140126504653,57.0661156485398,58.8264557920393,61.0703618619592,56.5688385223893,61.8110091433946,59.5853591830142,55.021068266269,42.2111183645011,43.8165225173833,42.3246348572936,67.4431438782789,110.588789072477,124.528276390976,61.9023428251969,61.9936340530017,57.1888543956608,51.0722759448738,49.6657088270252,54.9426115469305,77.642131306622,43.9539690399157,64.6353247207417,62.4752870458439,53.6649681382356,80.3763049315159,82.6103185075124,82.8876353950168,78.4467859673,79.1382745309845,79.5927218927515,79.3335544954346,86.220570134736,86.2437407528839,95.2359081077447,85.6301150390005,93.236468534472,86.1547260642424,86.9547107040237,47.051397483092,45.6862751093934,47.120397313182,46.7147376441027,48.0591876375745,45.9093507478082,45.3418546333213,32.5492960358915,38.645952606895,38.546019906019,38.079623813864,37.9972486203564,102.218219606824,37.8149283499689,51.664629675337,98.2267077617303,99.6409838198662,96.3709651453696,91.300272493134,82.7089538857696,81.4571999941745,86.3257223040642,85.0133109270017,82.3410356301217,52.1992754345763,57.0692701177351,63.8001631838083,38.2980422539121,43.191313092736,50.9809124532128
62.1680662810817,60.9570139054386,62.1111433552986,61.304958748122,61.0851256936222,61.9653222688745,61.7691768785807,59.4781062195537,0,30.9457811860792,109.262196493083,40.1552374949723,40.2615707167412,37.4173125116301,76.8104427269211,78.675485628603,67.18718309974,72.3215615564351,69.7326685675932,65.952401820001,60.319935976606,62.2941319361804,60.810562200973,81.7310059392792,127.580103090512,141.385057816724,74.0406094398199,75.0031259600933,75.5224499358233,53.2276136097462,52.448211110189,50.6549357717867,94.6375543821913,62.8980078500062,82.1234233499224,80.0385708649455,42.9969033013875,96.6677484782609,98.9236426390332,99.1767229208392,94.6106563775443,95.2935838410502,95.7322502781763,95.4658693418247,102.373280893413,102.441386246354,111.399579051815,101.809565337429,109.402825931189,102.324972748027,103.172034128615,61.3419556305662,60.2931910751575,61.778272505521,60.1905251596284,64.2261544390892,62.0111221253688,61.1786987391061,57.2921743025583,57.5111802362464,57.8638576699598,57.4623429920223,57.9258265252389,108.605231820849,61.0877928653459,65.250085371571,114.678585793347,116.116988567704,112.836353820066,107.753541873137,98.7560371707353,97.5077541593579,102.442396654439,101.138357599712,98.3125691687913,69.3235566156048,73.9011477485035,80.2022719855085,58.9031252041554,64.3631557078296,40.8284604887034
65.5461795504759,64.3395474807261,65.4786844401825,64.6984448202516,64.4835811034966,65.3222979307533,65.1156227884371,62.8392709573626,30.9457811860792,0,112.50294243234,43.8421137800518,44.2819781201218,41.5403393072528,80.1000787194964,81.9522148476504,70.6534801737638,75.7840101749224,73.1994807134434,69.4138850580452,63.7128596654328,65.6741518382358,64.1951766414029,84.9177771301577,130.854424818404,144.654064148767,77.1785081980687,78.161127861212,78.8350157983697,56.3195999662688,55.5635290234502,53.4586296790091,97.9088359534568,66.2608384262821,85.3950722944612,83.3111207765583,46.4793889227627,99.9159621491292,102.172611799872,102.425018751309,97.8545402296685,98.5372775088878,98.9753599895399,98.7088312126816,105.617315955889,105.686862437984,114.64404519299,105.054440824543,112.64741078018,105.569580221781,106.418164628765,64.7767433087243,63.7261972215496,65.2082762162034,63.6351828720156,67.6344528622428,65.4224571594994,64.5949710049416,60.614486481427,60.9007562387835,61.2485397856035,60.8515558429353,61.3094294208786,112.079397008534,64.3941715428263,68.4447018378857,117.93273352232,119.371971557066,116.090956542884,111.007713056458,101.996587277226,100.748370139433,105.685267092996,104.381459173055,101.550719973583,72.5679817134397,77.1402541363835,83.4447648373178,62.1941003783788,67.7133914789443,44.9934460424989
95.6135697064263,95.3603901954966,95.2031512495963,96.005779419981,96.6531768229341,94.6909088616222,94.1022239963718,93.2181929762427,109.262196493083,112.50294243234,0,103.943799919452,105.000403158523,106.950033135074,84.2029715216315,83.2150145635827,106.923692177088,111.969362409114,109.885402687758,105.199230608911,90.0246959184707,90.0080219827894,89.4019475446462,96.1301860422731,111.408569265987,120.740193303785,96.4812080749132,95.4517561280033,87.4139528795799,99.7228957950204,98.4380982654339,103.377542591234,81.7863077505555,88.0005717704232,86.966131491099,86.066309258787,103.843779957134,60.0175275539461,62.5163015506619,59.9580598641342,58.6270370108529,57.7065265021947,59.6279061001064,57.7527353033599,52.0265099396973,54.8319418738913,57.5842145117951,53.7120084215841,54.0434617679024,52.5186453315515,56.1193205481917,96.2853828287888,94.9661197910767,96.0218948151003,96.525040139703,95.1297656682331,93.4779525394314,93.4215032131807,86.3793593651736,87.3635318935425,87.3528508043798,87.7013705627567,87.7823236793724,152.539134755325,93.8260249145807,96.2316956167643,77.6458506586838,80.3248435591608,76.6464740439045,71.102143123814,53.2160237795373,53.6081926736482,51.2259399958352,52.0476600804062,56.3045328801163,94.3157544650287,97.2513858876991,81.086602118741,85.8947101616173,91.0789441388633,101.293918006583
56.3656859993479,55.1889866621813,56.4043825554678,55.4272057353317,55.2409550930961,56.3454627281446,56.2273109815253,53.8906893045235,40.1552374949723,43.8421137800518,103.943799919452,0,19.6150627380111,29.6562354941374,71.2569472387024,73.1997090150069,59.4632183450943,64.5367353915128,61.8867503316191,58.271791043391,53.9870616001211,56.0720794569649,54.5584861144519,76.7601185407734,122.070253085814,135.907000841201,69.302202609384,70.1842560311737,69.8080167142435,49.6979168308049,48.848215771126,47.9433944681476,89.1529931697285,56.8300044104326,76.6819078712017,74.5965707028862,26.2983679115871,91.3107501386383,93.5623614089548,93.8187233851385,89.2780143825478,89.9616566841795,90.4037911788323,90.1378946662244,97.0378988468117,97.0982206744493,106.061568782059,96.4697083438134,104.06405274424,96.9864614551643,97.8252491831941,54.3469491839274,53.3597689513105,54.8537274883179,53.0443884541549,57.6076541706194,55.3695021119136,54.4804616124753,51.7964195914928,51.2551264381346,51.6661966623057,51.2412768022295,51.7688659793673,99.8111768588551,55.8918606529879,60.5268014079588,109.286789410064,110.720474936386,107.442026155273,102.361688068877,93.4398871435079,92.1914299603625,97.1133406058242,95.8081965428761,93.0093497176254,64.2471393795121,68.8209342444948,74.9158590607884,53.5832295813507,58.499722795936,39.1665477540924
57.4060650546728,56.2219499901112,57.4390696678178,56.467320473433,56.2732311429577,57.3755717908028,57.2539438727089,54.9140126504653,40.2615707167412,44.2819781201218,105.000403158523,19.6150627380111,0,28.9696570906859,72.3175401724015,74.2573176858508,60.7251705538004,65.8130385297344,63.1684740924553,59.5316941211512,55.0910714652493,57.1690708552172,55.6566095198886,77.8016878562826,123.1334406907,136.968959090586,70.3402366101969,71.221973321787,70.8768430163459,50.6303416295644,49.7773374609116,48.9124137258175,90.2145753015353,57.9165964154587,77.7378864594318,75.6521426675072,29.7076491590261,92.36832121245,94.6200771829028,94.876376779687,90.3347801791953,91.018431080896,91.4604343742463,91.1945533409246,98.0949267046931,98.1554767302457,107.118702045749,97.526861329183,105.12121989223,98.0435846162398,98.8826194442101,55.5200564618919,54.5245811476693,56.0197224407533,54.232965088004,58.7432877330191,56.506329259028,55.6221497454744,52.8316994960058,52.3502749772436,52.7563841908277,52.3316178132352,52.8539900641841,101.245237724937,56.8991813965374,61.5363023790466,110.345642181359,111.77948568205,108.500960180731,103.42053589283,94.496312745435,93.2478435831846,98.1701796247351,96.8650544292078,94.0653993193689,65.2728940412352,69.8497650204534,75.9676521065124,54.6141995905671,59.5662491591473,39.5484575680786
59.6404606018683,58.4500102553225,59.6339251768437,58.739663510785,58.5399472096336,59.5336083456482,59.3779593043352,57.0661156485398,37.4173125116301,41.5403393072528,106.950033135074,29.6562354941374,28.9696570906859,0,74.3882344260924,76.2913966873349,63.6309908568928,68.7319331328468,66.1108392785564,62.4188077555898,57.5021197535691,59.5335254942881,58.034794056947,79.5917951793779,125.175200290217,138.995691019904,72.0104856920901,72.937084968162,73.0194493615719,51.9229708177782,51.1105988364014,49.7500396575571,92.2456166136097,60.2170592662485,79.7564611461251,77.6718001004107,35.3536958494548,94.337257779491,96.5910791188299,96.8456971602335,92.2919364914559,92.9751753976098,93.415535569522,93.1493554133177,100.05305554079,100.117430626323,109.078064137355,99.4872017671858,107.08093322812,100.003243935917,100.846335402492,58.1737106811337,57.1579089699585,58.6472057958019,56.9424234467508,61.2562741860295,59.0294045259653,58.1673624534849,54.9182054344875,54.7346596604756,55.1181315641676,54.7050092090939,55.2022871726223,104.472980649086,58.8791524733034,63.263106547765,112.331146312402,113.767268082989,110.487693937972,105.406081656456,96.4450703092648,95.196722110503,100.125206663483,98.8206523906936,96.0077972979427,67.1548499274737,71.7272742098622,77.9096337556147,56.6164215623915,61.7920743078784,40.8784930669584
60.8875354144083,60.8305694764762,60.5407340397051,61.4045857127446,62.2171681886681,60.0981533799165,59.5827659746986,58.8264557920393,76.8104427269211,80.1000787194964,84.2029715216315,71.2569472387024,72.3175401724015,74.3882344260924,0,39.0766970586715,72.294561663794,77.3198690326428,75.2919398360097,70.5132251255069,54.1209522621312,53.7476953660254,53.2907074439788,70.6938762706781,99.3806629411954,113.384736376013,69.5530868773666,68.6739696933985,45.4634519077862,67.909006461192,66.5861309796638,71.5916141409492,64.6678093428186,51.1442502260492,47.1552759126002,45.7833625680788,71.042113630903,70.3548560670419,72.5184877380201,72.9162274164377,68.8718548619489,69.6112666933854,70.1156160051485,69.8977310700784,76.7794869263571,76.6384816981288,85.7703867867125,76.0878770611048,83.7678416399169,76.6515605961099,77.282627093104,61.1404780185837,59.7912153599043,60.7976615416867,61.5389779871692,59.5367517077438,57.9307294199105,57.9605989123304,51.4284203282381,51.4672019101474,51.391066577801,51.8899533041454,51.9169109841944,118.296078373487,60.0992979625644,65.0596125835505,87.842444732742,89.1889058239989,85.9439912451578,80.9031444454857,73.6458960439871,72.375727261761,77.0151311152492,75.6656271375268,73.5722941460109,62.2087847079333,65.6452206506824,55.6078580824358,51.3622043035117,54.599868455157,68.7294317798882
63.2838490466732,63.1710287832818,62.8853773778264,63.7956769636635,64.558468022033,62.3894452936732,61.819984438099,61.0703618619592,78.675485628603,81.9522148476504,83.2150145635827,73.1997090150069,74.2573176858508,76.2913966873349,39.0766970586715,0,74.9110802102333,79.950116417654,77.8979318801121,73.1554217689931,57.196564406135,56.9851661444615,56.4424298195477,70.3377738148621,100.516890086716,114.104038595934,69.9089525145346,68.8918899862468,52.0088834618624,69.5388964326555,68.2200378018045,73.2569691899555,65.3915221799355,54.6161558833249,35.4257916650947,36.5576055450433,73.0220461801499,69.4936856114506,71.7083914399524,72.1149865148569,67.7426127957469,68.5070491691898,68.9577943402585,68.7664099981552,75.8485410905029,75.7644688841766,84.8853311865855,75.1838554257918,82.8991569377471,75.7468451876191,76.4429004511138,63.973548774402,62.6309794910506,63.670953580399,64.2963462978413,62.614702011876,60.9651531651084,60.9428727102132,53.6752746028991,54.4741510322728,54.3925803302125,54.8266417636671,54.841136776236,120.77913369242,62.0379117308555,66.303656296644,87.4859552700541,88.8847801106797,85.6128498810997,80.5417778708615,72.5419466782322,71.2573332331343,76.0350338225476,74.6808374974424,72.3846217839301,63.3001791761332,66.5192806180773,52.066617545956,53.260904134463,57.5589769659547,70.6112151600223
57.3742524546953,56.7932611586349,58.0367529617215,56.3208654744745,56.7757859009173,58.5200783196217,58.8635088286887,56.5688385223893,67.18718309974,70.6534801737638,106.923692177088,59.4632183450943,60.7251705538004,63.6309908568928,72.294561663794,74.9110802102333,0,35.542880958792,26.5299003079617,25.5039456784308,48.0490885785084,51.1030033877779,49.4155522429211,82.7253800013908,123.359405236764,137.480433234345,77.1437201739031,77.3799119740527,69.3775671867243,64.0748790125399,62.8750659070403,65.9934799858533,90.6866524209139,53.3234615162137,78.6972117340042,76.6173982869584,58.1674452339799,93.9575503753046,96.1714981031184,96.4557237614183,92.1385040935536,92.8278079640716,93.3006546664583,93.0384220415296,99.8711317689187,99.863654586703,108.871376632632,99.2640767787584,106.866996863541,99.7923699067372,100.558999900491,38.4776632235838,38.729736273843,40.1220502568271,34.4042449880417,47.2932514242527,44.8761421688846,43.2900354909901,54.1545649282539,46.4724583459398,47.5143541778607,47.0536017191554,48.2262375909296,85.3731388893322,60.8264166478181,68.3748819913135,111.625042410769,113.017206784075,109.758079594593,104.699591560578,96.4412646634871,95.1915865489799,100.001734520255,98.6872130583219,96.1231658048397,69.4755155155975,73.9950706005392,78.2336149741022,57.0499848365532,57.3847882313248,59.7292913883052
62.6287854741863,62.0668615665079,63.2756110869592,61.6145128940705,62.0860936143749,63.7453252398885,64.0765224049627,61.8110091433946,72.3215615564351,75.7840101749224,111.969362409114,64.5367353915128,65.8130385297344,68.7319331328468,77.3198690326428,79.950116417654,35.542880958792,0,30.193772029074,24.0969484553279,52.9818070193542,56.018381166862,54.3575070064677,87.8358305810702,128.364687646082,142.493228808793,82.2745087059813,82.5060941200923,74.3598862737805,69.263613274765,68.0660641155328,71.1630133386234,95.7020579694211,58.2666183500071,83.7438833237531,81.6660367086981,63.2007909993117,98.9969054304616,101.209983000737,101.494640958744,97.1826979839994,97.8719978163231,98.3456036181268,98.0833263024759,104.914007957095,104.90510524047,113.913643364848,104.306160987013,111.909071400434,104.834656864988,105.599750311047,42.2195609116593,42.9352503099064,43.8684013087554,38.6489848550868,51.5995774708251,49.2440904135364,47.6384414106308,59.3128977401706,51.5103658164863,52.5706464876465,52.1446379912568,53.3266511008768,82.6105898014433,66.0220573707338,73.5361910137589,116.656745781861,118.047945731866,114.789284180265,109.731319411295,101.487819558318,100.23818233654,105.045783619508,103.731119810776,101.172051762051,74.6125521827205,79.125858085832,83.2997054247249,62.188767944852,62.4669748859476,64.9235901800784
60.4339756344632,59.8424779163936,61.0776253626446,59.3922348808726,59.8341396918098,61.5448926152391,61.8747653133594,59.5853591830142,69.7326685675932,73.1994807134434,109.885402687758,61.8867503316191,63.1684740924553,66.1108392785564,75.2919398360097,77.8979318801121,26.5299003079617,30.193772029074,0,23.9578780567003,51.1808857437788,54.2040792319089,52.5303423135638,85.6417104367262,126.345291474873,140.462469483809,80.0262397532722,80.27456678877,72.3939711951597,66.8328171660498,65.6400304020899,68.6791808229122,93.6703322017584,56.3983681433287,81.6797335158554,79.6003596661787,60.5212777619045,96.9245001043284,99.1389958290317,99.4227552623997,95.1023154605338,95.7914985774127,96.2639121153598,96.0015894578744,102.835144329956,102.828693580613,111.835710577948,102.228684891486,109.831421083029,102.756791957419,103.524508831225,41.4253116846149,41.8268030978494,43.038729399331,37.6293856888157,50.3054409704228,47.9172787425582,46.3431181395301,57.1595322380738,49.6115066722463,50.6436513558836,50.19536964133,51.3547921049952,83.7599348091961,63.7821982537995,71.2626518003401,114.596327850003,115.989094295542,112.729691862756,107.6708915834,99.4027716527481,98.1531307574166,102.964915668017,101.650551715748,99.0829601909507,72.4129307182613,76.9322514656008,81.1938422193279,60.0255741632158,60.4484865798371,62.3576209115952
55.8006017186439,55.2517114589691,56.4623972999204,54.7821028156315,55.2686658766521,56.9448285847835,57.28664446307,55.021068266269,65.952401820001,69.4138850580452,105.199230608911,58.271791043391,59.5316941211512,62.4188077555898,70.5132251255069,73.1554217689931,25.5039456784308,24.0969484553279,23.9578780567003,0,46.031110432698,49.095497197245,47.4253589525513,81.1179732240237,121.565872873176,135.699142124245,75.5913239003212,75.8108857350611,67.5289081975696,62.7053868007632,61.5016562696582,64.6690087428615,88.9068129626715,51.3737069186687,76.9544017515467,74.8764408121636,56.9947401126679,92.2209210848419,94.4333551070479,94.7185145382909,90.4103777470707,91.0997900596857,91.5739152875951,91.3117155798868,98.1413018651724,98.131224368754,107.140545009017,97.5327785324245,105.135859717893,98.0614790278002,98.8253244612941,35.2018174882096,35.8450482780242,36.925209076427,31.2473369687366,44.6737020800854,42.2932301712396,40.6672428161757,52.5198982258515,44.570320579115,45.643208026077,45.2110108179896,46.4073667695222,80.8018475932798,59.2809916140973,66.8529064333637,109.875555554747,111.266047286377,108.007713188079,102.950119155837,94.7180110501259,93.4683451253024,98.2740318367744,96.9591992058884,94.4041963853321,67.8791883663092,72.3917315696983,76.534046711801,55.4200561874368,55.6065068787445,58.4861401208682
42.4787734414913,42.598814972181,43.098544287977,42.2418121596387,43.3422790340372,43.5586091963988,43.8775505809807,42.2111183645011,60.319935976606,63.7128596654328,90.0246959184707,53.9870616001211,55.0910714652493,57.5021197535691,54.1209522621312,57.196564406135,48.0490885785084,52.9818070193542,51.1808857437788,46.031110432698,0,23.288647171828,18.445013530188,67.7343242174169,105.466467636649,119.751516674621,63.235605749323,63.1283313308898,50.2193725973323,53.8712501534858,52.5702839223222,56.9145502173933,72.9151429728435,29.9328226296735,61.1865379748736,59.1126574349467,53.4046177260421,76.8590476659892,79.0505578940835,79.3517010026242,75.1676741754292,75.8604539344795,76.3516500890385,76.0916786518747,82.8845146732526,82.8365688343911,91.87086941177,82.2542407391191,89.8624353790302,82.7894550344577,83.5130369184318,34.7475952470715,33.1208439082846,34.1588518391324,35.7636878104106,32.4941497751277,30.2058599662368,30.1833079495379,37.942255078086,20.3108098643576,23.2682794206668,24.2568063593813,26.3898860031949,95.5171239361908,46.6131740490325,54.9016365247999,94.3443081373929,95.711889786247,92.4641547374687,87.4185632603806,79.5550598516149,78.3046463537143,83.0480402970244,81.7278906001452,79.3042981750568,54.4351329454451,58.8500848811553,61.5668811823392,41.115325708053,37.5260397327872,52.2370146215471
44.3030872715687,44.471522271555,44.7575687410654,44.2856953018628,45.3908402662893,45.0778193257268,45.2781116649257,43.8165225173833,62.2941319361804,65.6741518382358,90.0080219827894,56.0720794569649,57.1690708552172,59.5335254942881,53.7476953660254,56.9851661444615,51.1030033877779,56.018381166862,54.2040792319089,49.095497197245,23.288647171828,0,17.4844399178279,68.3413376972143,105.117844722583,119.459406272713,64.1043321062146,63.9253215612301,49.4251505078262,55.4903034690572,54.1818133253637,58.6440963854526,72.6164411821336,25.9332450549809,61.0513269674535,58.9882168964547,55.5413457185141,76.7806959935864,78.964740972505,79.2708257252673,75.1315210900995,75.8249958955974,76.3224826524209,76.0628170982513,82.8407525571902,82.7798310580898,91.822259462985,82.2031186207235,89.8123652698071,82.7404177960227,83.4501328483873,37.9748447859432,36.4539133441556,37.3329767334186,39.0111467786131,34.97384983534,33.0923632880463,33.3551951561211,38.8777362087355,24.1521697268075,25.4793261765652,27.1958975349848,28.5074518247005,98.3401284412384,47.8605612895468,55.9937853362658,94.2038241120438,95.5632459737795,92.3193408211764,87.2780766572191,79.5440058382418,78.2935906688742,83.0148798413002,81.693113205683,79.314753046903,55.2089489495845,59.5697332917013,61.6800134361426,41.8434365270053,37.703647140364,54.199851836605
42.6884621877132,42.8658299595917,43.2152509412219,42.6119728548338,43.7392337767907,43.5999553128254,43.856697198512,42.3246348572936,60.810562200973,64.1951766414029,89.4019475446462,54.5584861144519,55.6566095198886,58.034794056947,53.2907074439788,56.4424298195477,49.4155522429211,54.3575070064677,52.5303423135638,47.4253589525513,18.445013530188,17.4844399178279,0,67.3889807538399,104.715753733008,119.020808110113,63.0339394801184,62.8846762372728,49.2299805368592,54.1131963168657,52.8060730227026,57.2370405841926,72.1725398558234,27.3317691422611,60.4647531763069,58.3917755676696,54.0142297224703,76.2089043356185,78.3974404846114,78.7010060308638,74.5345853187245,75.2279177954529,75.7215319361003,75.4619440026996,82.2497890716009,82.1963896598034,91.2343531666239,81.6163684300795,89.2254071360935,82.1525434395064,82.8703390425963,36.3785030735074,34.8169847669939,35.7996215010191,37.3314127059054,33.9164375109602,31.8600857272939,31.9560137939109,37.6344010142703,20.4679760825144,22.505028054843,24.4334898348807,26.133119425864,96.706802310475,46.5497441599601,54.8003421685829,93.6706393798166,95.0350004843789,91.7887382665301,86.744819030179,78.9338002662592,77.6832514400456,82.4177439489933,81.0968004494072,78.692175995179,54.1353124064378,58.5262871903743,60.9757899286829,40.7404032314104,36.5754505494893,52.7130234554084
70.4891437046086,69.9780872051417,69.874436785652,70.831363880379,71.2523435237223,69.1523785610735,68.3516465449722,67.4431438782789,81.7310059392792,84.9177771301577,96.1301860422731,76.7601185407734,77.8016878562826,79.5917951793779,70.6938762706781,70.3377738148621,82.7253800013908,87.8358305810702,85.6417104367262,81.1179732240237,67.7343242174169,68.3413376972143,67.3889807538399,0,119.004528878632,132.05281514938,57.9899159375559,53.4193877423225,72.8469185053996,71.0475429205569,69.7683216720794,74.9589817200277,85.5588302982582,67.0963087313254,72.8408166193301,70.9273747495234,76.8242300991199,84.3911720189716,86.7535157230265,86.9355141595708,81.7236032464434,82.3983361999066,82.7431920519791,82.4747922730351,89.6098820697146,89.8604293589398,98.7071592608324,89.1491357562445,96.7319718666847,89.6360909802347,90.678272933408,73.065170023542,71.769737235815,72.9885560863376,72.9573006769564,73.0649209830613,71.1830649119623,70.877813271856,60.8723934396803,64.7449012247476,64.6950038610529,64.7905210452381,64.8136613971841,127.750931133157,66.6981533293774,64.7523680594485,103.271666350404,104.823566074467,101.489948997766,96.3471583612508,85.5224977888262,84.2711588509196,89.5292189204746,88.2462746640709,84.7669803009658,63.1049219515669,64.809874689606,64.9654431509644,59.3115921948732,68.2436742334646,73.8141921413519
112.665479186268,112.526084682153,112.366556264139,113.059431192367,113.811806304805,111.965449915377,111.485684674532,110.588789072477,127.580103090512,130.854424818404,111.408569265987,122.070253085814,123.1334406907,125.175200290217,99.3806629411954,100.516890086716,123.359405236764,128.364687646082,126.345291474873,121.565872873176,105.466467636649,105.117844722583,104.715753733008,119.004528878632,0,83.3865876676093,118.417175073668,117.513051729267,99.6331886461781,118.586789339961,117.285523418775,122.194277679062,87.5561514794611,102.775098669915,105.306556549585,104.351305598545,121.877658965722,95.1116773050198,96.4846879112957,96.580320804027,97.6006700241899,98.0259128501969,99.2819699295808,98.740799102116,102.651117035759,101.475930800201,110.855860821742,101.457901997014,108.564756981627,102.051765389125,101.507734184969,112.151218851765,110.823774759714,111.773389576864,112.599640746722,110.273333605732,108.782068849422,108.884398569068,103.737495150279,103.051332616086,103.095874379029,103.574851436202,103.719331581995,169.305318820544,111.806308003631,115.764662232787,102.273039371617,102.410850811221,99.8852509109363,95.6067036091238,102.484190789572,101.389079268396,103.772887482136,102.463836454561,103.911148647623,113.628140576274,116.893116046891,103.796335174558,103.795664854552,107.170338714484,119.559063093725
126.660203232268,126.503215892644,126.340518415185,127.057199018008,127.792959093422,125.918838484883,125.418992522051,124.528276390976,141.385057816724,144.654064148767,120.740193303785,135.907000841201,136.968959090586,138.995691019904,113.384736376013,114.104038595934,137.480433234345,142.493228808793,140.462469483809,135.699142124245,119.751516674621,119.459406272713,119.020808110113,132.05281514938,83.3865876676093,0,131.643670268718,130.711282284877,114.352329160052,132.299429644973,131.000249563679,135.918081325263,101.29557525661,117.167628372727,118.758431576744,117.842031518155,135.729727493088,104.368212666206,105.582979937038,105.451287075653,107.613570260452,107.938141118715,109.358931642718,108.720423335723,111.793494040334,110.395633721249,119.752756213647,110.50661342034,117.361849952075,111.082548270994,110.273659002005,126.371952389067,125.045331842531,126.014779484229,126.783033333724,124.625948457668,123.103913089319,123.176931594601,117.664087427941,117.287841250119,117.31980161099,117.7767139468,117.907238085373,183.370932600988,125.640110487241,129.354387832273,107.616011344181,107.210599062706,105.102025483409,101.224706984832,112.314972994303,111.273577306013,113.115659190135,111.839176119915,114.040182889041,127.225785699543,130.433795564125,116.611370497525,117.62156497617,121.312701146446,133.371145824525
65.158598166077,64.4762920538889,64.5324620998711,65.3569659232566,65.6320628458444,63.8007288841693,62.9945019011264,61.9023428251969,74.0406094398199,77.1785081980687,96.4812080749132,69.302202609384,70.3402366101969,72.0104856920901,69.5530868773666,69.9089525145346,77.1437201739031,82.2745087059813,80.0262397532722,75.5913239003212,63.235605749323,64.1043321062146,63.0339394801184,57.9899159375559,118.417175073668,131.643670268718,0,37.3751126037034,70.7230037481165,62.6528326024908,61.4144097228637,66.5794733725384,85.1467880721847,63.214061038545,72.7557143570038,70.7976215326244,69.4788696435357,84.6567621724421,86.9954006474196,87.1801332318223,82.1243781458109,82.7909079999746,83.1625174598022,82.8844930379306,89.9287291877636,90.1496698944523,99.004825751941,89.4533007731546,97.0222793532953,89.9416366836303,90.9507619162247,67.9798624452111,66.708536084906,67.9829983284792,67.7160311410685,68.4461572501516,66.4947706695689,66.096621904882,56.062412689121,60.2104664382739,60.2008408912355,60.1893699173953,60.2520507907242,121.799498089841,60.8240262977618,55.538192814031,103.323535654099,104.852154425545,101.530180122156,96.4004753003198,85.9340254954404,84.6897683313432,89.8737097874608,88.5921268636122,85.2329274891432,59.3150861632852,62.1537006794847,67.1026479083192,54.8455840961315,64.1095494610726,66.2394714913745
65.214793205987,64.5841569976513,64.5773681202033,65.4699594730404,65.7896114458886,63.8326449247464,63.0108413437045,61.9936340530017,75.0031259600933,78.161127861212,95.4517561280033,70.1842560311737,71.221973321787,72.937084968162,68.6739696933985,68.8918899862468,77.3799119740527,82.5060941200923,80.27456678877,75.8108857350611,63.1283313308898,63.9253215612301,62.8846762372728,53.4193877423225,117.513051729267,130.711282284877,37.3751126037034,0,70.0570465853306,63.8204049319595,62.5574200672007,67.7982960736654,84.2010389824027,62.9371723885145,71.6632562472637,69.7030941538964,70.3208376607457,83.6230548995107,85.9650414835395,86.1515055604869,81.0718894961116,81.741139308972,82.108121416284,81.833011118977,88.8961955168132,89.1196149657795,97.976114243429,88.4215652206409,95.9950047529038,88.9104731453288,89.9226660357619,68.0601830951901,66.7800933375315,68.0399894573342,67.842843604759,68.3927501226288,66.4589484117943,66.0864718131456,55.8805720265169,60.1026094489237,60.0760728962372,60.0931790829457,60.1379325527389,122.162028361232,60.9233000880328,56.3022093023876,102.323675067498,103.855337437752,100.531699049122,95.4001425368191,84.8903621401775,83.6441425760542,88.8387511806556,87.5560461039008,84.1840472352808,58.1998591632004,60.6006474716612,65.6237925950178,54.4609470620909,63.8454020719783,67.1416689856133
58.9035585784886,58.9274003624474,58.7074683250402,59.3576472822958,60.2515337174854,58.4146160903596,58.0457796790855,57.1888543956608,75.5224499358233,78.8350157983697,87.4139528795799,69.8080167142435,70.8768430163459,73.0194493615719,45.4634519077862,52.0088834618624,69.3775671867243,74.3598862737805,72.3939711951597,67.5289081975696,50.2193725973323,49.4251505078262,49.2299805368592,72.8469185053996,99.6331886461781,114.352329160052,70.7230037481165,70.0570465853306,0,67.1187387928709,65.7959980628167,70.6894457171407,66.7385571593729,46.2926081874484,57.4675159311007,55.7649490394008,69.5166631392942,73.5111202882776,75.6199521865376,75.9882995012176,72.2977842828247,73.0032428235353,73.5642733582292,73.3119866008445,79.955599040962,79.7595981852517,88.8917199250676,79.2402432118272,86.8688476131469,79.8010001708841,80.3673360788046,57.6803059896847,56.3253540968211,57.2240164738032,58.2846610430036,55.3564660602254,53.9059009113941,54.0966838195033,50.1231578532465,47.8759221485226,47.8864755005941,48.5386226316445,48.6703750809899,115.667061574516,59.1217138646758,65.0899296383949,90.3642652994329,91.6463168924971,88.4369776261658,83.4352614495409,76.9965061542338,75.7443247844528,80.2396665986696,78.8990246167961,76.9959341219569,62.7582394488539,66.5082810200807,60.9917645454211,50.8773074868196,51.7942890451908,67.4305263138039
