IBR/IBR_outputs/all.combrep_1/Silt_Total.Spinifex_Total/Silt_Total.Spinifex_Total.asc
NCOLS 160 
NROWS 95 
XLLCORNER 210004.651214014 
YLLCORNER 7350008.22228844 
CELLSIZE 4999.99999999997 
NODATA_value -9999 
[rows 42 to 62 of 95, columns 46 to 91 of 160]
5.06604688760652 5.48140363919946 5.86218533232398 6.02603057730263 4.8926517449345 4.75235653841325 4.97970069510341 5.44642359529661 4.62200584559503 4.71737351133376 5.05632279166964 6.4287069324337 6.004236692338 6.21799003774777 4.08321866041673 4.31496870254926 4.90066622942441 4.42067698957011 4.24214619617876 4.49958036891262 5.04734601321282 4.38349156781849 4.13869774727638 4.82844320747014 7.49040394249388 9.0515693112062 8.00502897714657 5.12771614981048 4.88794075933354 4.771951450532 3.72060127328734 4.03983266702926 4.38367698723473 3.8955956197382 4.89676529386669 4.12855116524893 3.83319539473098 3.62125802044074 3.00586432849044 2.77609308617372 3.2755460657166 3.26966480534111 4.70655390627949 3.33292438021927 2.66339307821387 3.98760516873014
5.00103161149458 5.10553161147024 5.2048602136613 5.44023250205139 5.78375192219474 5.05022659471008 4.59343273133263 4.62975872768071 4.78135422547605 5.14736541596297 8.49271597962013 10.1118599655573 9.00022486971957 5.71062148986295 5.89820807432658 7.32576257603494 7.2194211033384 5.51128279643882 4.29662923996787 4.46552084888299 4.41312046318576 4.60540198244188 4.66838343312841 4.47657928708536 5.30784204859127 7.50109851405549 9.93721728173572 7.10789618036097 4.39679296299656 2.9981329717417 2.10526236084811 3.09428614327124 3.71310525664544 4.02615622494048 4.53155372648049 4.7789466232079 4.61935305703198 3.81024958496407 3.59282563563782 3.52791498827646 3.55795850864709 3.72467555720953 4.19851237042986 3.98781768869419 3.40347451020629 3.32272649589983
4.16296632242258 4.41140154077256 5.01512180287823 4.61733351260219 4.52773882478086 4.6071329226632 4.53814146810378 4.76215335095505 6.32505974120632 8.80894837774433 6.95019288767299 5.32332104694276 5.4520626719043 6.08276459243002 9.33703061078792 9.44713961636807 7.08702103261971 7.54072156456142 5.6887908359701 5.67700409760127 6.29453720273403 5.38408720459408 3.78560609450628 4.10025254443953 4.16882355176096 4.45188964953384 6.60278682821927 7.35245347457132 4.93706623314759 4.18844188878075 3.06426337370305 2.83519642353981 4.18863980017787 5.8069432261692 4.56452401424621 4.84395419262735 4.61024041116907 4.53164499416377 4.09921199334785 3.54127162378878 3.9348355571501 3.92424077954538 4.14561592197188 4.11188528172587 4.15444952053129 4.23311354823563
3.74307935781365 3.7581048157083 3.82451684074743 4.41540430996877 4.53275712933043 4.60667818476393 5.0150168641528 5.64598266306638 6.76574889137095 5.01554335490369 4.168573370226 4.33965740224353 4.36409269861686 4.64257814121814 5.91051301908946 6.64717402600061 8.55709549328641 7.70150184286375 10.1457331033895 7.88260107012127 7.10418980752744 6.61274911194173 4.72510046145942 4.04020328451275 3.7306113366686 3.52384987697601 3.8655254913962 4.78719348368353 5.17499202319671 5.01370220623542 4.53649777488868 3.74482367798153 4.26639813903084 5.45397858703118 5.21178875221987 4.20864904559132 4.55133108482314 4.76822742008944 4.46486805797563 4.63033901210224 4.34210186314526 3.95316869514133 5.04800050626284 5.10619880622797 4.73723555376343 4.95125139727232
3.53373977757431 3.4807360041805 3.30831389563866 3.8879192318892 4.2869704077403 4.49202821088969 4.72315202392392 4.08472610772667 3.87767532095627 3.90893561067149 3.59650527100044 3.69633304032259 3.67695931360939 3.90354440287754 3.98037311986362 3.99988253037701 5.04701068314898 6.15881288224571 8.75488564958327 10.0688572140605 6.77647388915316 5.83505527166042 5.18291957934015 4.41134058658986 4.1603154068514 3.77085875229095 4.38967773303429 4.56359320225822 4.35149778586642 4.97285766102525 4.75273970901339 4.28676568371091 4.62688213073524 5.68388061866612 6.15677749409387 5.40774710790026 4.67144557934422 4.81788943959822 5.01765709389744 4.68534697869162 4.16769417342356 4.9202652824041 5.77812625335582 5.56529132608056 4.2492181951307 4.25355298085923
3.92298380811245 3.82492526897137 5.44363929617515 4.90054619855399 4.00558955602281 4.87165648359492 3.8753116603461 3.48647809673238 4.2217150090886 3.46455638257867 3.4038411840071 3.20053249139114 3.32905724775026 3.41460594539662 3.54684607309848 4.01824067669298 4.30384148590567 3.66073991413737 4.17832594071 4.31277875639004 3.95816517070184 3.69696998958314 3.92666657794174 4.58060866408058 4.24123092020542 3.48207724629761 7.55145918748552 10.0874395098297 11.2465408758144 8.70729205059861 5.08072614360758 4.50688304299471 4.34106088252784 5.01660865831315 7.19164760712034 8.61273895230168 6.2652804887896 5.27607351843023 5.03362594047622 4.52086163024 4.57149333912503 5.05085193792698 5.66771362500201 4.63406477085166 4.17102003632149 3.20835195645046
4.35744098430232 6.05597963637948 5.83506605505237 4.41170132074482 3.24032687299606 3.39845158740445 3.95192428370008 3.80500528194848 3.33560609941048 3.52771291115402 3.76994498416925 3.50130450210646 3.29609279625962 3.23870341799011 3.35169697527113 3.53349591186122 4.051147573225 4.0250977658977 3.81849543219431 3.95076504415793 4.14359952772749 3.26404589621459 3.30026552451959 4.13046033500596 4.43409589040389 5.30323923621228 8.16062270728975 10.9070000706319 10.8564197250251 11.285999569533 11.327256574896 9.86477153117856 6.03630592537833 5.79360715143349 6.50778814981484 9.59132078247676 6.25457226453004 5.33309296271574 5.13201430571946 5.67394210981255 5.2916594958267 5.08349172480569 5.61447454432251 5.83389363137315 5.05961123496883 3.54388465666083
4.31528961784567 4.20410761538993 4.1205637494856 3.63906244658336 3.6528133033901 3.68152282359159 3.97468157216905 3.42398822501922 3.18911444712895 3.1933387025054 3.49031619310098 3.49182471629792 3.44064911805452 3.44354999849148 3.48948635530376 3.48987215179719 3.6526290646433 3.66957575225614 3.57796623085077 3.83765031389822 3.94573168797441 3.88150965876757 3.63104902204314 4.08413538243967 3.92286257572454 4.40667760972977 5.05582062000209 4.73861963687878 4.90180299877874 6.4314560479153 9.17087156247743 11.5798599509027 7.69857494606742 5.57137101876461 9.03491974097081 9.38652444222324 7.87474781312501 7.34367238406404 6.67735785276713 5.4443725495252 5.77651294554728 5.54101267303719 5.24574065211613 4.89149269465951 4.39072972810497 4.35944825700313
4.23446959758091 4.00109547574603 3.77238074646232 3.87798541876063 3.73876536010126 3.34205042414745 3.76784122030587 4.41824129907358 3.4374470609639 3.4687190954773 3.64469710092624 3.63540959677009 3.58291482872281 3.79827447928319 3.5268014074406 3.43015235916814 3.4652224066766 3.44790516295194 3.43727163060614 3.71244867160547 4.11291291727142 3.93858008560075 3.75018652654429 3.96920889086772 4.14499330811446 3.90040382214876 4.33056137129813 4.76614184522461 4.35949691214219 3.98189653136063 4.46874049826911 7.18052577024675 9.91958694120631 5.32932550741909 5.50203579491532 9.30988699851146 7.30081632964898 5.37341786500944 5.5018565738692 4.84684034053894 6.80569353702322 7.27983921231235 8.41887065240347 6.28826275690161 4.19460442817318 4.31452742452222
3.61610726179784 3.76382689779452 3.7606016988571 3.83002086760511 3.6742147141334 3.28857088403295 3.59547733957511 3.59706852213333 3.89904742879996 3.62983549146148 4.00520381140912 3.48956040062385 3.68490285082228 3.79015348672998 4.05964493648578 3.82869428514421 3.90380921129608 3.82545512309841 3.3451642216504 3.75528513258259 4.08989831929508 3.92550467558659 3.70804828737683 3.8448030121904 4.08507191301474 4.07962397073817 3.89634285325556 3.79129390738626 3.59869506836783 3.53890234559617 4.01405582512703 4.61748062293332 8.41231680860369 8.44951831999017 5.2001790875367 5.15356002094883 4.61571488870154 4.51946520232338 4.24225614383917 4.29586837736283 5.26750317284157 5.89772811107352 5.6023982759175 6.85881883260244 6.52363183328332 4.56383629230551
3.76285149237697 4.05649036596953 4.742028988942 3.81201712266043 3.67448226281637 3.63877859710419 3.33464046322072 3.90310167284455 4.13354881659292 4.1666555674186 4.10234910855409 4.02056130090726 3.6947205622849 3.64943307666117 3.77329770297345 3.84245726039891 4.11559328221156 3.58280137043077 3.53862139942315 3.6217517821058 3.85783609834888 4.19063247224032 4.05522165094468 3.7686192244053 4.11261613836421 4.09910412757557 3.89766586977797 3.70982683614869 3.60556341913241 3.46223194094647 3.90781678175271 3.90172250485298 5.77189964894916 10.1749831120658 5.1945015055543 4.6811020295858 5.15914435340872 4.78611262532987 4.66054784863757 5.0850395258406 5.46417082893113 4.99857496192607 4.5967472322449 5.05778596516858 4.70629956684987 5.34995238324043
3.78170922308183 3.82409075403302 3.68039206080536 3.72210934550645 3.69161850443727 3.65393057480328 3.67494169612292 3.85634703725766 4.22417057717442 4.03675599369592 4.12072369562976 3.71584190408419 3.71443707306673 3.93558773185697 3.79244962787599 4.00139448561185 4.0133949287589 3.55807171775369 3.41900763860277 3.49258280587881 3.63923957445215 3.83397526853419 3.93643571028859 4.09494922880234 4.12515662231199 4.09970823066745 3.86586197571123 3.67960514794503 3.61389248544423 3.62576754518308 3.98990187908783 3.79349288360273 4.02470501913579 7.90135876557392 10.8068101732724 10.0627371168275 10.0199410494732 9.42199631955449 9.07583633649689 9.26566048686969 8.28062359198083 5.84252264481406 5.04764938864404 4.66029421490263 4.68330031512546 3.92214726898751
3.58963997073879 3.68914105484631 3.72822030083065 4.13644734025567 3.8450509883185 3.65277237373954 3.72771276034396 3.90242564905499 3.77784290491247 3.78108150466534 3.79647206887892 3.84993879398257 3.62376042392642 3.98225947237693 4.07852172913113 3.79178336831582 4.0386728938029 3.7172485052016 3.40883346713472 3.52989862017695 3.58437766486775 3.7324580509163 3.97995688777303 4.43843862197049 4.51757238762129 4.12072190040877 3.86182922960759 3.75746559713164 3.77130997059998 3.74362916135573 3.79613076320276 3.8630033548713 3.798583380993 3.6147439607765 4.87265782774034 8.08449730309683 5.93353586562849 6.91748384717749 10.6028833285237 11.7922560967764 11.7995397480612 11.172626605036 10.9012477380025 8.54278477512209 5.62865242170612 4.83961748530503
3.69928990156228 4.76123205281072 4.09449216042532 3.98110585344683 3.93308982540923 3.80530116173182 3.81199903053807 3.69385393086178 3.57840237640535 3.72296776282372 3.63244094372911 3.94979773211099 3.68173801583791 3.77839338185127 4.13194854946638 3.96309227806072 4.20690148878305 4.02656985079092 3.60987133716909 3.55140401191167 3.65579608144652 3.95282772414596 3.95975346702918 4.28102717680359 4.37370113780671 4.03272822365432 3.86898530088249 3.69565885918 3.63921864158041 3.56391961835006 3.73498983630569 4.27917266105782 4.25524801481616 3.97711980455793 4.20414101611992 4.18658802158945 3.87352473674978 4.28222368475515 4.53586897778064 5.26878206770483 6.60138935274608 10.4922755191218 10.2761247356322 10.1812304271043 10.5638365011274 9.13907048639274
3.86330682601606 3.88023804546783 3.98626662332167 4.0002623182794 4.05094853083303 4.00799832144339 4.30633257989113 4.03070367865337 3.86172601728265 3.69862750006775 3.95271089378682 4.01032906054698 3.95499063502043 3.995189369575 4.09730607799843 4.00373719906273 4.17756522855408 4.09295441505565 3.84926964126922 3.90636505938658 3.88801246601829 4.04302627138278 4.17658668751379 4.25671872060272 4.40490997721892 3.84429002003177 4.13850887023598 4.04825153200977 3.92903395457289 3.76031711174116 4.3052459007237 4.06204768568959 3.80168392889141 3.8876272752855 3.63511481703115 3.83933996467396 3.71170725022189 5.09147863841529 4.8989919825659 5.148320627304 4.32013551868246 7.89550584886425 9.54066826653789 9.33304234985372 10.659538756576 11.0948450434241
3.67244217528042 3.60384325254651 3.96219974391112 4.1237874536933 3.99495768688053 4.10330151649271 4.12996544379776 4.03829986793226 3.93664719080404 3.94091980269582 3.98423945685605 3.978034583648 4.93926246273272 4.14350112535532 3.66020659907512 3.7207309760363 5.20086306668458 5.01298264477898 4.51443839833763 4.63144094989302 4.88628939713273 5.10735289598049 4.28351772184293 4.41726355991272 4.56002629897251 4.48529152118923 5.40271433146276 8.74266689951766 9.58394588538707 7.97046661684559 10.1847518560216 9.34332518930104 4.75664338185192 3.83278698463026 3.98773926552813 3.91021499802254 4.00823368505149 4.40727152100537 5.35085729283845 5.47306436545762 4.68567652605147 3.93655459961852 4.53833625993462 5.91793514263875 6.07097616868578 8.55625176618022
3.6920229463323 3.54510967015572 3.6748792177394 4.20093803854887 4.30328471843792 4.42156622583631 4.19370482286602 3.99666639737112 4.33342915049073 4.43085751108613 4.10824918559506 4.42358877732203 4.82075300808825 4.06319444821833 3.74315201380961 3.85656462194762 4.28495455181975 6.98635385843913 4.40812914854538 4.8046391385383 5.45796351133442 5.66050527636995 9.10493740789013 6.3305656801026 6.82288564476104 8.05296671555634 7.62044764611379 9.45548677736019 11.2103703975303 7.43478985261427 5.2517087876064 9.53086705246472 5.68529101685842 3.95373701226868 3.7440336646679 3.66181506012383 3.47874740806633 3.40053506592077 3.58471450272051 4.87572327899107 4.56945812198414 5.07862802022829 4.59817579682195 4.33600587786822 3.41961275311519 3.97569678746576
3.54494126225659 3.52810217006867 3.95984326693936 3.82870448147859 4.24990076124639 4.39465261818079 4.43128449522193 4.62188089190977 5.07377724518389 4.52348822960242 4.31282020177229 4.39835343134894 4.23318924910126 4.03126352411587 4.10178333877594 4.09556715906274 4.13639523730784 3.99900179139958 3.98724616864749 6.51223105411487 5.7391091360321 6.03766821465821 7.8466601943551 5.07169863522444 6.21147534780748 8.0575512840226 10.0972588617632 10.3456307688308 10.9976889588647 10.0469310000503 4.80079887907489 8.64683811211141 4.54046557570447 3.98540648716481 3.84714539950691 3.66070205094902 3.60589835661467 3.54853970884382 3.57908188792208 3.81411980201468 3.85823581391555 4.42235890497802 4.44728736507781 3.96939159330082 4.43804031935391 3.9113031322946
4.32245163423553 4.0987898234067 4.46992505816166 5.81291026242519 4.5942047456843 4.10562073764646 4.16476927344328 3.76372403019218 4.29908634247492 4.80828196000431 4.13634509909561 3.85320682734486 3.69251575751365 3.66154786836326 3.97806235013879 4.01563575144936 3.84548155116104 4.10467644279756 4.24038617868418 6.06817041859933 5.90143401179972 5.98156437691286 4.99027871250064 6.70699525335444 8.71766020201157 9.81352888118751 8.98280688269454 7.0188850545249 5.42099520508035 7.83941066477972 5.24581597274657 10.456798069915 4.51809415538999 3.99541308246082 3.8334208721081 4.10232682742331 4.33147676028041 4.95241049616596 4.16269077688218 3.72884628030061 3.88186753659439 4.37412521788046 4.57693353921192 3.90887263782162 4.14538771695732 4.69736961870766
4.16578403517201 4.53762038521132 4.3703562841202 4.75077774162972 5.55509353984235 4.42262356672045 4.56449458286754 4.95291400466888 4.43704276687797 4.52694870840972 4.9469506780951 4.06306068640554 3.97220924636248 3.9259820424884 3.89222235661008 4.13215807523963 3.94798787632189 6.66207901669918 4.40778545855438 3.92691464813114 4.06706879305884 5.74528000668621 4.83382630848321 5.1643506300599 6.17751860731066 8.68597545341009 8.02099739175382 7.46431714853495 5.72952332675646 7.56724862656071 5.46605241605936 8.0566352898619 6.99693307421219 4.28259140325817 4.31372236629762 4.08187897058017 3.97383913645284 5.02809952471862 7.9604709100846 6.46734125862843 3.70443603685562 3.90101104320245 4.86561501108549 4.49973500190152 4.32565796226292 5.58238452793256
3.98005197027302 4.38968394428712 4.58029734042179 4.53232156522661 4.85392016971393 4.0251660815028 3.78028131976456 4.57444289739768 4.5472446554069 4.30246334667239 3.91423470223385 4.03699010483446 3.97426354577505 4.01164237842953 4.17503060257263 4.10561437373354 4.72340423900915 5.81620249952401 6.09469781569903 5.31541198134567 4.58493345143023 4.78629268991731 4.68369360217659 4.30172705856964 4.99851471986216 7.61149862013373 8.16339900194681 5.70151151951448 4.38639445111217 4.64362015099697 4.72107271457265 5.62381385994505 6.05179952911369 3.87289841192003 4.03435249249049 3.81475259382985 3.71147299561051 3.7081947208323 4.42475313166482 4.73195030045227 3.72216026740168 4.09075531449142 5.94415156315003 5.80696693142705 6.27728279756142 5.66694444081524
