IBR/IBR_outputs/all.combrep_1/Silt_Total.Spinifex_Total/Silt_Total.Spinifex_Total.asc
NCOLS 160 
NROWS 95 
XLLCORNER 210004.651214014 
YLLCORNER 7350008.22228844 
CELLSIZE 4999.99999999997 
NODATA_value -9999 
[rows 21 to 41 of 95, columns 46 to 91 of 160]
-9999 -9999 -9999 -9999 -9999 6.85511840308313 4.64221905466859 4.30276576918295 -9999 -9999 -9999 6.0515502009745 7.53585776573737 5.46898595886358 5.80902318774395 6.27741567632225 7.81139169631584 -9999 -9999 -9999 -9999 -9999 -9999 -9999 -9999 -9999 -9999 -9999 6.63941351755785 7.46903713946595 6.96241991295719 2.93742995696263 2.21566520612289 2.16938571937426 2.17542114850652 4.12067582891914 6.75798171459876 7.05581569630587 7.23410865700759 7.47877831630328 5.99646298116311 3.00882720295589 4.3630281080729 6.8377339075511 2.76762581502883 2.73270492933372
-9999 -9999 -9999 -9999 4.17720665359088 4.08896087256301 5.11160115840802 6.77675442936073 6.80415558158067 -9999 6.71134571462969 7.30853585887273 5.34870567112249 4.97852507017267 4.74305904184924 6.47651893497472 6.87523621959911 6.74731335685517 -9999 -9999 -9999 -9999 -9999 6.70757135993835 6.7878504450128 6.64871340821552 6.68966296708645 7.12022852071691 7.18088309966188 8.01870295347335 7.58643887760511 5.16091206614258 2.40347122753995 2.16121007255603 2.39026559876695 3.10804036808117 5.26946171939848 7.18179606868275 7.45084715551139 7.39483033092649 4.12440652821326 3.14326277927722 3.16222804121826 6.94902483714255 3.62365449905286 2.92532390823073
-9999 -9999 6.73738799742705 6.732708275392 5.98336318225432 5.70322917648399 6.82949108985886 8.72103631231701 7.94438618016111 7.5352921628052 6.96292188849665 6.58758782054733 5.80738472456664 6.43312797057369 6.17743820095887 8.33078682940715 7.65050962090955 7.08410273255321 6.74877942905067 6.6526701692756 6.689884712078 6.80521181642493 7.11386158049999 6.92396455924451 7.79857394524028 7.55313764189467 8.08864299904886 9.17743931766557 9.49478795449594 8.7702610914173 8.05216662724299 4.65956932047255 4.93080087284703 2.83278284198112 2.18349836013275 3.39056645686806 3.85607765043753 5.51955449334621 7.50535180332382 7.33672119141851 3.97903013753194 3.28934757070803 3.60712632689853 3.53073848870319 3.07480082208391 3.06879378636101
-9999 6.80935113521439 7.56875826621395 8.63453868923725 8.12401528809376 8.48302532961328 9.40107884146294 8.83615447215163 7.98031820615391 8.74762627124639 10.3756055082169 8.42105269539606 5.19661080405074 5.34825235045927 4.86331485959817 9.60168533459552 9.01938044262518 9.06496536582269 7.67296737359111 6.79251750942637 7.22369661769819 7.72354441226881 8.34433347928169 8.55266305828139 6.60216868578733 5.54782377936071 7.54694767130331 9.46174467437972 9.35588378925848 5.86936483720349 6.01487552344538 6.12452664330348 3.8236738853656 6.0516458093797 2.21498269345378 2.07654623526842 4.88496606085494 4.42016358247959 4.97283076121098 7.22824632666304 3.55277582513962 3.23595001937695 3.37198346319446 3.11352399599877 2.98644814800344 2.92852777524411
6.56196737449953 7.8169318830034 10.222145774697 10.7929888976469 10.0415530556199 9.88040816696504 8.0157396008223 9.17710101629221 8.28341410812033 8.81731262671725 7.5028074062335 5.68589077892366 5.02782888787978 4.64912978577949 4.66063880490639 5.48406783682498 8.89902424940374 10.3325064390551 10.4342682891525 8.61234411496431 9.45531043495061 9.61825178156165 10.9600736779102 11.4992944460352 7.69676619001938 4.83819596421111 3.5274370160846 4.06710815961576 6.41572763823261 5.00332438158686 4.44747178002413 4.62184118481626 4.17462618884385 6.83615300951235 4.41070449445658 1.76570353212289 3.01034820966073 4.67464275787892 4.51410539924017 5.38347291923858 2.77455327291963 2.90181271879649 3.04436431565776 3.19465335920236 3.01124544061868 2.96592013952936
8.27806318403039 9.69587217751298 11.3312074667589 9.29824832489634 7.62587752165902 8.18847588599907 8.47886876332035 8.5172547273165 6.61864661563075 6.0094991541232 5.35412758873863 4.67276526680178 3.85740454975354 4.06927107972183 5.14457940971346 7.32473285517616 9.86564601377956 11.1569297955493 10.9964560104766 10.7241157544968 11.8319840223531 10.5190561490965 11.0713597783705 12.1022799197384 10.1360853302375 10.3902673802257 7.28057326762749 3.54399355763638 4.05929973128894 4.17513149538579 3.85320371836291 4.01186344369032 3.98174880333721 5.52603135912224 5.27250675322922 2.85512498666682 3.26547795058846 3.38502375809982 3.43860021307442 5.93438127511318 3.14655779610297 3.45131750015223 3.17154148551532 3.21166301761918 3.06994280770114 2.89627508397504
8.43055255219574 10.5001461515904 10.1696661793626 9.83014687125598 8.47810241676382 8.67753968393282 9.45901353695191 9.34140979680724 8.70106820369515 7.96295285792756 6.9169978672513 6.01698024988191 4.47624427395801 5.02519489621757 6.01447355279104 5.29997862712698 6.08949617650085 5.75084988355999 5.07836310066312 9.67489100279772 11.838713167773 7.4930759044288 6.39070625384486 8.43837856870022 9.1154744747724 9.86093690246929 6.52470941390114 4.33160664203384 3.93333767116449 4.83470078992999 3.87863408848781 3.94416855017438 3.44674108155561 5.95707650957656 4.02122717012093 2.93279892328052 3.05383031001123 3.27360456942185 2.93502456086648 4.47707481656299 2.82419496682077 2.86177744093295 3.26247907636443 3.28456733568241 3.30943224287113 2.92719273108156
4.75914535780935 5.51902651434969 7.82181992494313 8.85060473879816 8.3301060639473 8.31343995863687 8.93494312920732 9.86536009615762 10.2652752184744 6.22783620247358 5.48805790357466 4.56590777135538 4.16964035158778 4.4693178079406 5.1397320695645 4.79723222345174 4.3303222316255 4.6081499058165 5.63130476674871 5.03688976945127 7.98068142068699 5.76193367027275 4.51603814336858 4.93652738878246 7.24328700147653 4.7066390647529 4.04243104634009 3.85219570113762 3.37967822127383 3.15828315038469 3.02841698037094 3.13248164173257 2.83587086462154 2.32712064763083 3.75716249957248 2.64370233126985 2.80636556389246 2.88196190804394 2.7423015350817 3.13747495764626 2.97613286738215 2.27829793530139 2.96420879807193 2.89717417155879 2.90393363847448 2.92498970096067
4.04497748817547 4.25613077159459 4.79676020136227 4.33952014636244 4.73943001869983 8.78972380548069 6.52074567644508 4.10312961769922 10.4902660052339 7.07754223881236 4.02735918458137 4.09688775108688 4.41533982818291 4.76405747078696 5.99888902538608 4.62680837936431 5.30809604661662 6.57288136057404 5.79242123648905 6.96526606647545 9.3073139404602 6.03825070462299 5.3324332827284 5.60294691206599 7.22547474053176 4.33808119378266 3.34305540354859 3.14479883941505 2.9762324449531 3.84704937548511 2.62453713514704 3.2006990571574 4.73329844780674 4.15972291452308 4.03923837877515 3.68961343433875 3.10270572480314 2.3188681487846 2.29993351766704 2.73160743421433 3.60436851870055 2.11535933289693 2.97004444318475 3.63571407170055 3.04006003261382 3.41173800159388
3.72637037395516 3.8029073546287 4.21052782047161 6.7241701223927 5.62999079283384 5.97944066605344 6.09972643374018 4.81168423925119 9.90787422772001 9.27215353591028 4.93556169841923 4.47474765878135 4.55878612487681 4.88704083764712 5.35325044725123 7.71494995074583 8.60932548647626 4.92498879047996 5.30806463648818 7.81413711929633 10.3858479738404 9.97500890056705 6.72077221043245 4.37715862961527 5.25980457322771 3.52194697889836 3.85321687929428 5.73416628827175 3.77103106825512 4.43503556878453 6.23201462166807 7.0674590519352 7.99317111952207 9.16769504601717 8.52375748519482 8.8919150650533 7.74889631941217 2.48591190298623 1.8737006207588 2.27031225409883 2.99894816833829 3.21427489722242 2.80273255713205 2.81634983067525 2.98358802753142 3.45514979187428
3.67659882186515 3.80202974517466 4.51605214976376 4.27545852537472 4.16303891700734 6.59246314534697 4.10221434823431 4.39241289523475 8.75384713186298 6.5624483353304 4.40619053618884 4.13175035530058 4.83173025263507 5.00358469211583 5.28116612180355 4.56007405353501 5.90643116489901 5.35152616673629 5.42349582927877 5.46743095400336 9.14569967868823 6.73546717218212 4.99924014099248 4.24489196426403 5.57459408484852 4.76450617477033 5.81301116999295 8.45883122292049 7.67270395885807 8.49967171611115 8.05175182200834 7.58661406319134 7.34741557785266 8.38705419707251 8.92157250179828 9.05187733496345 6.57148315345957 3.33151283109199 2.43341961038068 1.98289338090765 2.28110303601915 2.60878595649184 4.33943469543231 3.17433149039772 2.36231009252181 2.6749101757646
3.55657557967498 3.58762624733379 3.60003970738423 4.01303657771119 3.74232364008764 4.26548210634116 3.71004775654945 3.86373993849108 5.2714900659494 4.72602123084329 4.39900287976134 3.8309927030889 4.64949431882458 4.67967673997323 4.93204583103575 5.46259703937304 5.51163769987806 4.96900573808087 4.18246539872023 6.85915602773998 10.0894839798169 9.35971213848343 4.87763971842048 3.84445391159174 4.38235441420086 4.41366117371815 4.22150090176958 6.64977553092623 7.58363875607334 7.6051786452479 7.21867193031374 7.17461254737247 5.60352652437022 5.04143369999746 4.97966025671588 5.69476657087475 5.15639643202621 4.11079981140697 4.02023854866923 4.99390068886479 3.78100038677612 4.05772290645921 2.72050874393358 2.25352472240209 2.37019555294213 2.53548481672775
3.6687567445634 4.88238107809943 3.87159042434999 3.98025904546714 3.73718643889407 3.88816177258452 4.3893153642123 4.40019919698173 4.61629129075008 4.0204136123342 3.75522618589411 3.36910469587768 3.9080273997784 3.89856314058666 4.16423253479121 5.24883939185893 6.66830370258371 4.80737630505061 5.2838336662301 7.19337585084776 9.88659401681861 9.88182228479528 6.48320109946878 3.67150978041724 4.29170453973379 4.39734744072857 4.83049450840696 7.87310896825824 7.02834591285156 6.40729339201331 5.53711736377043 3.509888622983 2.39956705086855 2.2566244613178 3.11325587905652 4.38539307700074 4.63023871962767 3.64502698531858 3.87534303383556 4.11477876668373 4.68850580699022 4.40925848144535 2.07565538547043 2.21752879420239 2.24410972397961 3.18089455142997
4.15306872837148 4.40868485545714 4.63043783775436 4.97995898405721 4.55561261764484 5.44254717689132 5.92988515160963 4.6647427397312 4.19397229093218 4.069232345575 3.43084069358077 3.53802873564122 3.72423292055771 3.99354908360209 4.60936591979519 5.0754162528961 5.72240862731126 6.92676935735386 7.25128615529526 10.5507509992603 10.7009772880197 7.62349583161747 5.84250856374913 4.11366740700784 4.70028627189914 4.60293907514451 4.9530317341234 9.98876743382692 9.57235908551739 6.60448456344056 2.55315310973391 2.06773125078641 2.23560259957214 2.44628708739456 3.88042472145252 4.06445005214095 4.28455154432619 3.72461624793443 4.56655701314191 4.17004759471894 2.90674494999623 2.8443446695045 2.30716590154705 2.38461787319751 2.58529098787649 3.11618704913055
3.60117067780465 3.71717355366936 4.59045312355004 4.74199313951644 4.91690606834247 4.67489659075125 4.10740448196987 5.05801343156684 5.21902160522711 4.93711250271356 5.30646961657335 4.30696673501158 4.55260938901493 3.89871861924266 4.60988851950352 4.44544233748707 5.17656823990769 8.97112025441228 10.768321277159 10.3709272506193 11.0122758169009 6.32675490230349 4.71754597806346 5.49395108225578 4.98524193747352 4.4609683534364 4.59217300216687 8.06176973523578 11.4544724483303 9.47959716750545 3.80781959806532 2.60098335086751 3.12898105861514 3.62533593418322 4.75752925149509 4.63193634943689 4.09532626415626 3.78509549014131 3.41422614153055 3.08878432364103 3.13621288043642 2.99565905409231 2.25299569331153 2.4641657767144 2.63367813961645 3.14350509492004
3.67833301158775 3.64474147176855 3.67293405530444 4.00492723016822 4.58677623888109 5.39360119852499 5.24777413755927 5.38376195084438 5.24002684723177 5.71918347934639 5.99648547792855 5.22173816952096 5.62868531598108 4.47934189522475 5.47507846771722 5.06288169511379 4.38639611327293 6.38902670448358 9.88427040104031 9.97506462261549 9.57266991820672 4.85622830762493 4.66839094228331 4.85072724209075 4.47609532264246 4.52000995094134 4.63344133438405 5.10228837759155 8.03114747537648 8.71477228323344 7.3225354361011 4.24834649288751 3.90768476530247 4.05686443933384 4.09080156515968 5.15502008612529 3.77775128958662 3.2874689358925 2.88990831812001 2.89095852483192 2.51854199788848 2.42884084492596 2.31071931943587 2.65202468599883 2.6169364065481 2.66123264874946
4.01458146139557 3.78484961631578 3.95611658792571 3.80491170983677 4.04093089781852 5.28327952276963 5.92946324595433 6.61535825858617 6.97625381512861 6.89805495644015 7.77807344915439 7.15169458059259 6.5817429599591 5.89456652724504 6.00679285532321 5.83193989724894 4.50385635987374 3.77618180492436 5.11317265818492 5.72512404714169 4.89028630111081 4.0522224262073 3.92518968104781 4.2484221455649 4.63481370171711 4.41568088226001 4.71459347691692 4.27191978684826 4.85924085303806 4.95445466797292 4.84187983411032 5.46182401598052 3.82058336535847 3.89394601342769 4.62846341197749 4.06666359188142 3.58751514724913 3.55324001783682 2.92530940800344 2.47817053921032 2.76270769193354 3.20699282934496 2.55868144288572 2.83344105265345 2.91023760680811 2.51170672127708
3.7224189530353 3.59877951339432 3.79359585812289 4.85875698779732 5.5993606535612 6.6324429322767 7.2384668003119 8.0748873633842 7.93723845064282 7.89569797580958 7.89176080750483 7.58832673852988 7.20590179912517 7.5435554136467 6.39618877123035 6.75403058448724 5.24195885772953 3.90423870899507 3.89475720259313 4.5991537905054 4.52686668771198 4.97351844296209 4.45544608011763 4.85027554221347 5.02732963838298 5.15132995241952 4.39104754900101 4.11462853825448 4.88635419955047 4.39864872531548 4.1403012959493 5.20984108097628 4.00674161315246 3.87151077672065 3.64463193237868 3.82604443554165 3.93006345338426 3.63392308936978 2.95590544159405 2.55691111953255 2.65313120981614 2.95518246662621 3.04706610082829 2.51313369738278 2.6383018416521 2.57747055115074
4.05267196151188 4.85674254266303 4.56209178019218 4.1078456192153 4.48991069674554 5.32152055059747 6.57900354805796 4.92452917771414 6.64984231481597 7.24862293207689 7.26405373501272 7.64512230507163 8.06893680668462 6.85473310548136 6.28776659052778 6.7696381613669 5.90350481140785 5.5798737336254 5.27554896875069 5.63080693288787 5.73771542329022 6.08235991301446 5.56037043205505 5.09627150897656 4.56612819724138 4.28759032310099 4.3185531519554 5.23092597490735 5.04254445741746 3.83953155189677 4.74727553246698 4.08082701574479 3.91788013156499 3.88110763788472 3.8615048401759 4.64830569429105 4.23722388349199 3.14543738244262 2.84532787005167 2.66162531889968 2.40342267791694 2.44849380960166 3.86314766270706 3.03801875066169 2.62408314676198 2.60919323648313
3.59016317658182 4.13267611297177 5.70601901313486 4.68131363660367 4.22230267554434 5.17627488335037 4.11469213100838 5.19780819833447 6.64310000270168 4.72513264510418 4.45639136140058 4.74451630824705 6.35098747730249 4.93853951717953 4.6517145587205 4.73284518141966 4.58941090236685 4.78419894133831 5.01748651949175 4.65852114638566 4.45659351596361 5.19021648725012 5.4091208332104 5.22415540689723 5.05792697469466 5.4099453185191 4.68778865647048 5.39843205295672 5.44555393956165 4.38524419496976 3.78924293140322 3.68758366331119 3.84078880355342 3.71291727605947 4.04709534755583 5.53950367165258 5.51479160239596 3.92228867340473 2.83478024390022 2.90557556834605 2.72061778557968 2.60021213527181 4.7534617429543 3.90169799495048 2.73236623776759 2.55361363926757
4.73000369979646 4.48690182365356 5.38580438505772 5.47488972685549 5.69804288860916 5.65562150218368 4.78639061534441 4.80792856330414 4.92642768927752 4.85531505861026 4.85590546506136 4.70158262914302 4.02168911029059 3.60596896448906 3.8317276078225 4.02313790015226 4.26733702915675 4.2917512130744 4.21220887480106 4.53579016758309 4.48893755368038 4.52563682768373 4.24372146422624 4.87002881112263 6.64570930882329 7.6017493234275 4.71891657379139 4.84230183468576 4.64338128823882 5.07303282464517 3.83462687367147 3.8735517860396 3.9827984923802 3.87433604107325 4.50857408745683 4.72861931092381 5.52698579057468 3.33824526630311 2.95470173064268 2.71358512921412 3.40078453797681 2.89605481371316 5.14731202274586 3.24584503026718 3.15686765993794 2.650622285581
