0.0068533 0.0774782 9.9991E-05 0.657674 0.12995 0.127944
0.0294274 0.0480941 9.9991E-05 0.809439 0.0553728 0.0575663
0.00306974 0.0392821 9.9991E-05 0.611503 0.200253 0.145792
0.0188922 9.9991E-05 0.0525902 0.671563 0.0695606 0.187294
0.000671508 0.0925681 0.0318596 0.874701 9.9982E-05 9.9982E-05
9.9964E-05 0.158134 9.9964E-05 0.841466 9.9964E-05 9.9964E-05
9.9982E-05 0.116452 9.9982E-05 0.722768 0.0273236 0.133257
0.0316729 9.9973E-05 9.9973E-05 0.793485 9.9973E-05 0.174542
0.00485882 0.0669645 0.0797507 0.643197 0.142528 0.0627009
0.042824 0.0403602 9.9991E-05 0.531339 0.211818 0.173559
0.0531232 9.9991E-05 0.0758576 0.271945 0.0166381 0.582336
0.0295941 0.0377942 0.0202192 0.433628 0.255555 0.223209
0.0305868 9.9991E-05 0.0890298 0.014544 0.0294065 0.836333
9.9982E-05 9.9982E-05 0.155791 0.420946 0.261709 0.161354
0.0472773 0.00290959 0.133366 0.668517 0.14783 9.9991E-05
0.0112104 0.0288606 9.9991E-05 0.661014 0.0734818 0.225333
9.9982E-05 0.00892704 0.0633715 0.692561 0.234941 9.9982E-05
0.0418447 0.0346764 9.9982E-05 0.882491 0.0407878 9.9982E-05
0.0716316 0.120115 0.032394 0.0982125 0.5027 0.174947
9.9982E-05 0.0383083 9.9982E-05 0.171447 0.666208 0.123836
9.9982E-05 9.9982E-05 0.035533 0.256436 0.706419 0.00141266
0.00236688 0.0230305 0.0621313 9.9991E-05 0.83902 0.0733518
0.0595579 0.0453103 9.9982E-05 9.9982E-05 0.874934 0.0199978
0.0561937 0.0608765 0.00784617 0.182352 0.692632 9.9991E-05
9.9982E-05 9.9982E-05 0.0250748 0.205293 0.691222 0.0782097
9.9973E-05 0.0465716 9.9973E-05 0.0312968 0.921832 9.9973E-05
0.0177587 0.0273714 0.0603297 9.9982E-05 0.89434 9.9982E-05
0.027978 0.130743 0.014097 9.9982E-05 0.826982 9.9982E-05
9.9982E-05 0.0230146 0.0484204 0.00603142 0.922334 9.9982E-05
0.0122183 0.108745 0.0128551 0.0680196 0.798062 9.9991E-05
0.0110908 0.0280638 0.0358301 9.9991E-05 0.907435 0.0174802
0.0328912 9.9982E-05 0.0991211 0.0809225 0.786865 9.9982E-05
0.0592044 0.0630982 9.9991E-05 0.0254345 0.825926 0.0262365
0.0797159 9.9982E-05 9.9982E-05 0.441442 0.134604 0.344038
9.9973E-05 9.9973E-05 0.0756855 0.603016 0.320999 9.9973E-05
9.9973E-05 9.9973E-05 0.17236 0.699062 0.128278 9.9973E-05
0.0259559 0.0194803 0.0224955 0.720286 0.068916 0.142867
0.00387653 0.0304705 0.0347075 0.403548 0.145471 0.381926
0.9995 9.996E-05 9.996E-05 9.996E-05 9.996E-05 9.996E-05
0.0312118 9.9982E-05 0.0018312 9.9982E-05 0.781655 0.185102
9.9982E-05 0.176595 0.0192649 0.726605 0.0773354 9.9982E-05
0.00220959 0.00386511 9.9991E-05 0.629273 0.139016 0.225536
0.00228041 0.145905 9.9991E-05 0.256298 0.244429 0.350988
0.0642921 0.0541693 0.0749091 0.0952075 0.112707 0.598714
0.0112002 0.0671606 9.9982E-05 9.9982E-05 0.0471795 0.87426
0.9995 9.996E-05 9.996E-05 9.996E-05 9.996E-05 9.996E-05
0.0602939 9.9991E-05 0.0585497 0.414712 0.201088 0.265256
9.9982E-05 0.138808 9.9982E-05 0.229631 0.119859 0.511502
0.0461457 9.9991E-05 0.152648 0.29246 0.344556 0.16409
0.0517918 0.484579 0.366522 0.0785055 9.9991E-05 0.018502
0.0360595 0.232683 0.569478 9.9982E-05 9.9982E-05 0.161579
9.9973E-05 0.273818 0.600074 0.125808 9.9973E-05 9.9973E-05
0.0621791 0.151598 0.57006 0.00559708 0.0107595 0.199807
0.0618696 0.15307 0.723621 0.0171227 0.0442169 9.9991E-05
9.9982E-05 0.232485 0.660013 0.0273461 0.0799555 9.9982E-05
9.9964E-05 9.9964E-05 0.773856 0.225744 9.9964E-05 9.9964E-05
0.030453 0.450689 0.369991 0.00429823 9.9991E-05 0.144469
9.996E-05 0.9995 9.996E-05 9.996E-05 9.996E-05 9.996E-05
0.0460501 0.11703 0.702814 0.0428895 9.9991E-05 0.0911163
0.0355297 0.346991 0.310583 0.0933705 9.9991E-05 0.213426
9.996E-05 0.9995 9.996E-05 9.996E-05 9.996E-05 9.996E-05
9.9991E-05 0.231575 0.533139 0.0330678 0.0803204 0.121798
0.0826276 0.156241 0.225274 0.0306939 0.00971932 0.495445
0.0237449 9.9991E-05 0.0931276 0.105622 0.774856 0.00254883
0.0226625 0.0379428 9.9991E-05 0.0287972 0.78538 0.125117
0.0206553 0.0435641 9.9982E-05 0.0968213 0.838759 9.9982E-05
0.0258906 0.0398234 0.655258 9.9982E-05 9.9982E-05 0.278828
0.0783499 0.118208 0.418752 9.9982E-05 9.9982E-05 0.38449
0.023324 0.0511007 0.702619 0.0210508 0.0466075 0.155298
0.0496771 0.10929 0.563843 9.9982E-05 9.9982E-05 0.276991
0.04141 0.0578562 0.842925 0.0131104 0.044598 9.9991E-05
0.00594869 0.160703 0.0133591 0.114622 9.9991E-05 0.705267
0.0189463 0.0490573 0.0605232 0.119552 9.9991E-05 0.751821
9.9964E-05 0.120883 9.9964E-05 9.9964E-05 9.9964E-05 0.878717
0.026958 9.9964E-05 9.9964E-05 9.9964E-05 9.9964E-05 0.972642
0.0384742 9.9991E-05 0.041982 0.0531576 0.143268 0.723018
0.0185976 0.127274 9.9982E-05 9.9982E-05 0.0300786 0.823849
0.0235003 0.00998762 9.9991E-05 0.0328119 0.128806 0.804794
9.9973E-05 0.105913 0.507809 9.9973E-05 9.9973E-05 0.385978
0.116172 0.16976 0.342217 0.172172 0.0199203 0.179758
0.026603 0.233013 0.554126 9.9991E-05 0.0718594 0.114299
0.0733473 0.220139 0.585477 9.9991E-05 0.0499551 0.0709818
0.0342967 9.9982E-05 0.79022 0.0923006 9.9982E-05 0.0829833
0.0376126 9.9982E-05 0.0720077 9.9982E-05 0.743099 0.147081
9.9991E-05 0.0832865 0.256861 0.0168654 0.16754 0.475347
9.9973E-05 0.0547941 0.0843731 9.9973E-05 9.9973E-05 0.860533
0.9995 9.996E-05 9.996E-05 9.996E-05 9.996E-05 9.996E-05
9.9982E-05 0.0889651 9.9982E-05 0.616142 0.193119 0.101574
0.0541713 0.0520726 9.9991E-05 0.739329 0.110573 0.0437535
0.0580473 0.0928854 9.9991E-05 0.567704 0.081161 0.200102
0.0500519 0.0735233 0.0317406 0.321858 0.257968 0.264858
9.9982E-05 0.048231 0.0831166 0.777966 0.0904868 9.9982E-05
9.9973E-05 0.268798 9.9973E-05 9.9973E-05 0.0706041 0.660298
0.0516097 0.0702456 9.9991E-05 0.113439 0.574936 0.18967
0.0645986 9.9982E-05 0.230286 0.120284 9.9982E-05 0.584632
0.0425913 9.9991E-05 0.0762578 0.256517 0.266152 0.358381
9.9973E-05 0.124272 9.9973E-05 0.701551 0.173877 9.9973E-05
9.9973E-05 9.9973E-05 9.9973E-05 0.60578 0.059949 0.333972
9.9982E-05 9.9982E-05 0.00768424 0.535579 0.106737 0.349799
0.00870943 0.0699503 9.9991E-05 0.56553 0.0298317 0.325879
0.00768763 0.0333149 9.9991E-05 0.538777 0.0111944 0.408926
0.00818208 9.9982E-05 9.9982E-05 0.563593 0.0923831 0.335642
0.0341157 0.12668 0.133067 0.0849088 9.9991E-05 0.621128
0.102109 0.088646 0.128054 0.00842149 0.135724 0.537045
0.0875071 0.0615003 0.165746 0.0512865 9.9991E-05 0.63386
0.00459199 9.9982E-05 9.9982E-05 0.128122 0.218351 0.648735
9.9991E-05 0.0379897 0.113817 0.172627 0.168462 0.507004
0.00446077 9.9991E-05 0.0872847 0.462226 0.419041 0.0268878
0.00164387 0.204508 0.632422 0.161227 9.9982E-05 9.9982E-05
0.0337555 0.131742 0.648056 9.9991E-05 0.0746941 0.111652
0.0163617 0.190856 0.00488187 0.0464333 0.131371 0.610097
0.0485304 0.207396 9.9991E-05 0.161291 0.0772878 0.505394
0.0455379 0.264885 9.9991E-05 0.0566352 0.200152 0.43269
9.9964E-05 9.9964E-05 9.9964E-05 9.9964E-05 0.712863 0.286737
0.0482751 0.0197773 0.639987 9.9991E-05 0.0551631 0.236698
9.9982E-05 0.231994 0.462807 9.9982E-05 0.00647523 0.298524
9.9982E-05 0.124612 0.372085 0.0490572 9.9982E-05 0.454045
0.0528866 0.0677541 0.0223964 0.344224 0.477339 0.0354002
0.00370919 0.0434953 0.0749215 0.664728 0.213046 9.9991E-05
0.00527897 0.0329356 0.0264894 0.707984 9.9991E-05 0.227212
9.9982E-05 0.0806458 0.0819939 0.780038 0.0571226 9.9982E-05
9.9973E-05 0.048951 9.9973E-05 0.616353 0.334396 9.9973E-05
0.0118275 0.0786655 9.9991E-05 0.761306 0.146941 0.00115926
9.9982E-05 9.9982E-05 0.0739277 0.679259 0.125089 0.121525
9.9973E-05 0.0715014 0.0612666 0.866932 9.9973E-05 9.9973E-05
9.9982E-05 9.9982E-05 0.0423152 0.466482 0.261343 0.229659
0.00925736 9.9991E-05 0.0792657 0.679982 0.176135 0.0552591
0.0328719 9.9982E-05 9.9982E-05 0.598182 0.17929 0.189456
0.0168742 0.0707346 9.9991E-05 0.732487 0.0579355 0.121869
0.0137628 0.109184 0.0376936 0.51327 0.240316 0.0857742
0.0436675 0.00136407 0.0985221 0.747388 9.9991E-05 0.108959
0.00881115 0.0783995 9.9991E-05 0.397249 0.2424 0.273041
0.0062183 0.0581367 9.9991E-05 0.772364 0.0402608 0.12292
9.9973E-05 0.0584115 9.9973E-05 9.9973E-05 0.833157 0.108132
9.9982E-05 9.9982E-05 0.0145639 0.000857872 0.929902 0.0544766
0.0383416 9.9973E-05 9.9973E-05 0.0187658 0.942593 9.9973E-05
0.00885463 9.99885E-05 0.10928 0.108932 0.772733 9.99885E-05
0.0227057 0.110152 9.9991E-05 0.00356016 0.827512 0.035971
0.0158448 9.9982E-05 0.0591706 0.612009 9.9982E-05 0.312775
0.011046 0.00577703 0.0176661 0.665683 0.133573 0.166255
9.99639E-05 0.620617 0.378983 9.99639E-05 9.99639E-05 9.99639E-05
0.0332714 0.0134055 0.80733 9.9991E-05 0.0131648 0.132729
0.00750581 0.136105 0.792734 0.0134072 0.0379046 0.0123436
9.9982E-05 0.0166152 0.671528 9.9982E-05 0.0364398 0.275217
0.0218875 0.208705 0.706369 0.0628377 9.9982E-05 9.9982E-05
0.0151395 0.149696 0.664093 9.9991E-05 0.140085 0.030887
0.0220548 0.00913829 0.941164 9.9982E-05 9.9982E-05 0.0274433
9.9982E-05 0.289278 0.586532 9.9982E-05 0.0715182 0.0524717
9.9982E-05 0.161226 0.705945 9.9982E-05 0.0844109 0.0482184
0.00750857 0.23197 0.668846 9.9991E-05 0.0395732 0.0520021
0.0357776 0.00242477 0.896844 0.0437152 0.0211382 9.9991E-05
0.0301009 0.120945 0.692598 0.0481763 0.0387626 0.0694177
0.00418311 0.102494 0.748903 0.0980362 0.0121448 0.0342392
0.0267653 0.169031 0.744519 9.9982E-05 0.0594844 9.9982E-05
9.9973E-05 0.0972889 0.744983 9.9973E-05 9.9973E-05 0.157429
0.0185608 9.9973E-05 0.935035 0.0461041 9.9973E-05 9.9973E-05
0.0220323 0.0953195 0.80399 9.9982E-05 0.0784586 9.9982E-05
0.0070243 9.9982E-05 0.131111 9.9982E-05 0.0484781 0.813187
9.9982E-05 0.00929849 9.9982E-05 0.113717 0.049234 0.827551
9.9964E-05 9.9964E-05 0.850173 9.9964E-05 9.9964E-05 0.149427
0.0324046 0.265702 0.455927 0.176448 9.9991E-05 0.0694182
9.996E-05 0.9995 9.996E-05 9.996E-05 9.996E-05 9.996E-05
9.9973E-05 0.230201 9.9973E-05 0.118145 9.9973E-05 0.651354
0.005136 9.9982E-05 0.0668503 0.888863 9.9982E-05 0.0389506
0.0150133 0.00922991 0.0200739 0.66878 0.20214 0.0847626
9.9982E-05 0.0557511 9.9982E-05 0.288211 0.426471 0.229367
9.9973E-05 9.9973E-05 9.9973E-05 0.210138 0.607141 0.18242
9.9973E-05 9.9973E-05 0.0384998 9.9973E-05 0.843149 0.118051
9.9973E-05 0.104567 9.9973E-05 0.0622425 0.83289 9.9973E-05
0.0396096 0.0213085 9.9991E-05 0.0962971 0.808815 0.0338693
0.0250578 0.0655775 9.9991E-05 0.0422548 0.75126 0.11575
0.030139 0.0181204 0.120885 9.9991E-05 0.723919 0.106837
0.0503388 9.9982E-05 0.130058 0.0748309 0.744572 9.9982E-05
9.9982E-05 0.0882744 0.0377973 0.775256 0.0984719 9.9982E-05
0.0538924 0.0221194 0.0907143 0.657935 0.093734 0.0816046
0.0566697 0.0910982 9.9982E-05 0.650723 9.9982E-05 0.20131
9.99731E-05 9.99731E-05 0.0467411 0.70368 9.99731E-05 0.249279
0.0148869 0.0126555 9.9982E-05 0.709759 9.9982E-05 0.262498
9.9973E-05 9.9973E-05 0.0222226 0.528893 9.9973E-05 0.448584
0.00430015 0.0841093 9.9991E-05 0.539668 0.182974 0.188848
0.0216513 0.097022 9.9991E-05 0.470774 0.223012 0.187441
0.0642626 9.9991E-05 0.0185761 0.553104 0.0515971 0.31236
0.0144296 9.9991E-05 0.0504038 0.487568 0.166441 0.281057
0.0348519 9.9991E-05 0.0953933 0.585761 0.139556 0.144338
0.159744 9.9982E-05 0.101392 0.0737693 0.664894 9.9982E-05
0.0299375 0.570295 0.26858 9.9991E-05 0.00848981 0.122598
0.0330348 0.183784 0.6251 9.9991E-05 0.0916617 0.0663194
0.00530874 0.0270242 0.820065 9.9991E-05 0.00513359 0.142368
0.00294452 0.0103127 0.782307 0.0718406 0.0452039 0.087391
0.0165477 0.04637 0.809989 0.0202857 0.106708 9.9991E-05
0.0246118 0.107762 9.9991E-05 0.284057 0.325963 0.257507
0.0359165 0.0157749 0.0374152 0.514293 0.254641 0.141959
0.0815644 0.0713422 9.9982E-05 0.722793 0.1241 9.9982E-05
0.05222 0.0243497 9.9991E-05 0.39543 0.238372 0.289528
