0.816796 0.167179 0.0160256
0.92957 0.0703296 9.9991E-05
0.83884 0.159676 0.00148334
0.931612 0.0418825 0.0265058
0.963677 0.0262973 0.0100258
0.970913 0.00414242 0.0249451
0.938206 0.0263359 0.0354582
0.988203 0.0116974 9.9991E-05
0.716137 0.186399 0.0974639
0.725153 0.227661 0.0471868
0.674352 0.125276 0.200372
0.715147 0.214859 0.0699934
0.53714 0.120485 0.342375
0.729858 0.187376 0.0827655
0.705055 0.235017 0.0599286
0.860843 0.139057 9.9991E-05
0.70339 0.29651 9.9991E-05
0.902452 0.0974485 9.9991E-05
0.169935 0.611879 0.218187
0.221731 0.748485 0.0297839
0.290489 0.709411 9.9991E-05
0.12344 0.833508 0.0430518
9.9991E-05 0.956342 0.0435577
0.132708 0.820014 0.0472774
0.283707 0.716193 9.9991E-05
0.0125263 0.987374 9.9991E-05
9.9991E-05 0.940062 0.0598377
9.9991E-05 0.916515 0.0833847
9.9991E-05 0.996947 0.00295296
0.0837125 0.855775 0.0605125
9.9991E-05 0.966702 0.0331984
0.101409 0.845779 0.0528128
0.0402637 0.925982 0.0337539
0.724135 0.214677 0.0611882
0.743826 0.229238 0.0269355
0.766072 0.150978 0.0829497
0.902912 0.0679188 0.0291691
0.695901 0.173616 0.130483
9.9991E-05 0.646052 0.353848
0.0425044 0.888159 0.0693363
0.71618 0.175836 0.107984
0.820854 0.179046 9.9991E-05
0.489668 0.328842 0.18149
0.485737 0.192488 0.321775
0.594747 0.113253 0.292
9.9991E-05 0.624213 0.375687
0.592027 0.311735 0.0962384
0.658754 0.131281 0.209965
0.493292 0.38244 0.124268
0.0663933 0.0956721 0.837935
0.060887 0.0034376 0.935675
0.136957 9.9991E-05 0.862943
0.0883424 0.0603484 0.851309
9.9991E-05 0.101906 0.897994
9.9991E-05 0.0966646 0.903235
0.26224 9.9991E-05 0.737661
0.0211088 0.0882045 0.890687
9.9991E-05 0.0904019 0.909498
0.088364 0.0215898 0.890046
0.260079 9.9991E-05 0.739821
9.9991E-05 0.11957 0.88033
0.110177 0.11073 0.779092
0.355825 0.0823336 0.561841
0.171993 0.792443 0.0355634
0.127576 0.843414 0.0290104
0.157847 0.842053 9.9991E-05
0.166425 0.0463455 0.787229
0.278142 0.0215561 0.700302
0.108524 0.0750693 0.816406
0.0835447 0.0619555 0.8545
0.0189949 0.0756966 0.905309
0.673136 9.9991E-05 0.326764
0.645742 0.0336948 0.320563
0.60348 0.0198377 0.376682
0.606121 0.0541355 0.339743
0.551389 0.175169 0.273442
0.538693 0.0967813 0.364526
0.5839 0.142404 0.273696
0.232685 9.9991E-05 0.767215
0.320214 0.0667867 0.612999
9.9991E-05 0.144796 0.855104
9.9991E-05 0.119303 0.880597
0.204927 9.9991E-05 0.794973
0.212151 0.713358 0.0744916
0.380875 0.151604 0.46752
0.564153 9.9991E-05 0.435747
9.9991E-05 0.590146 0.409754
0.812878 0.187022 9.9991E-05
0.843216 0.156684 9.9991E-05
0.776695 0.205969 0.0173364
0.577722 0.290101 0.132176
0.923141 0.0301154 0.046744
0.51235 0.0315843 0.456066
0.368129 0.573495 0.0583759
0.474592 0.0741183 0.45129
0.484319 0.342266 0.173415
0.804227 0.195673 9.9991E-05
0.991344 9.9991E-05 0.00855648
0.901144 0.0987562 9.9991E-05
0.886665 0.0258527 0.0874822
0.878779 0.0765842 0.0446369
0.99748 0.0024199 9.9991E-05
0.491177 0.0845686 0.424255
0.537441 0.0720482 0.390511
0.485629 0.0771275 0.437243
0.635552 0.241779 0.122669
0.568155 0.171801 0.260044
0.521319 0.42813 0.0505515
0.132234 0.0344438 0.833322
0.135956 0.0570688 0.806975
0.458799 0.168855 0.372346
0.544623 0.103718 0.351659
0.335142 0.31162 0.353237
0.169466 0.825654 0.00487903
0.0284645 0.155776 0.815759
0.221533 9.9991E-05 0.778367
0.362973 9.9991E-05 0.636927
0.328434 0.601959 0.0696071
0.688929 0.310971 9.9991E-05
0.93315 0.0270385 0.0398116
0.815834 0.110486 0.0736798
0.633318 0.366582 9.9991E-05
0.811804 0.188096 9.9991E-05
0.819844 0.16177 0.0183863
0.950354 0.00240473 0.0472414
0.585151 0.390598 0.0242511
0.87399 0.12591 9.9991E-05
0.78101 0.21889 9.9991E-05
0.877099 0.122801 9.9991E-05
0.617441 0.254707 0.127852
0.915488 0.0430886 0.0414233
0.741931 0.228256 0.029813
0.920837 0.0790631 9.9991E-05
0.109991 0.869725 0.0202839
0.0446927 0.955207 9.9991E-05
0.0320827 0.967817 9.9991E-05
0.139389 0.797943 0.0626685
0.122927 0.808726 0.0683474
0.889395 9.9991E-05 0.110505
0.808664 0.191236 9.9991E-05
9.999E-05 9.999E-05 0.9998
0.054513 0.0582497 0.887237
9.9991E-05 0.0620013 0.937899
0.211148 0.0792172 0.709635
0.0524649 9.9991E-05 0.947435
0.0146717 0.127557 0.857771
0.0687064 9.9991E-05 0.931194
9.9991E-05 0.0699863 0.929914
0.00757346 0.0795245 0.912902
9.9991E-05 0.0981835 0.901717
0.0779086 9.9991E-05 0.921991
0.0328585 0.0996643 0.867477
0.0359379 0.108568 0.855494
9.9991E-05 0.0679173 0.931983
0.0788076 0.00804341 0.913149
0.0488213 0.00835543 0.942823
0.0266 0.0707008 0.902699
0.532519 0.0733949 0.394086
0.731944 0.0299193 0.238137
0.0594691 9.9991E-05 0.940431
0.223217 0.0333881 0.743395
9.9991E-05 0.0443415 0.955558
0.622798 9.9991E-05 0.377102
0.968254 9.9991E-05 0.0316459
0.76719 0.23271 9.9991E-05
0.505542 0.438938 0.0555201
0.36842 0.619046 0.0125336
0.167488 0.783116 0.0493962
0.100278 0.872524 0.0271983
0.251913 0.747987 9.9991E-05
0.168535 0.823185 0.00827999
0.0412309 0.842477 0.116292
0.0473408 0.847165 0.105494
0.900689 0.097114 0.00219752
0.869359 0.0771296 0.0535112
0.958157 9.9991E-05 0.041743
0.967706 9.9991E-05 0.0321944
0.960164 9.9991E-05 0.0397364
0.934591 9.9991E-05 0.0653094
0.787051 0.212849 9.9991E-05
0.703338 0.223489 0.0731729
0.850763 0.116713 0.0325237
0.733431 0.20656 0.0600083
0.72973 0.187364 0.0829062
0.124232 0.726629 0.149139
0.0948887 0.0548219 0.850289
9.9991E-05 0.136774 0.863126
9.9991E-05 0.0431896 0.95671
0.182599 0.0250046 0.792396
0.0557844 0.0829457 0.86127
0.53579 0.296943 0.167267
0.670381 0.329519 9.9991E-05
0.835032 0.164868 9.9991E-05
0.612569 0.355005 0.0324258
