0.025962 9.9982E-05 0.0648378 9.9982E-05 0.0476195 0.0521552 0.809225
0.336232 0.0358253 0.0429025 9.9991E-05 0.037582 0.0726296 0.474728
9.9973E-05 0.00994532 0.101285 9.9973E-05 0.127316 9.9973E-05 0.761154
0.0551444 0.00564612 0.182308 0.0309461 9.9982E-05 9.9982E-05 0.725755
0.110725 0.0138489 9.9982E-05 0.0330535 9.9982E-05 0.0376289 0.804544
0.22702 9.9973E-05 0.0559284 9.9973E-05 9.9973E-05 0.0702887 0.646463
0.299627 9.9982E-05 0.0853279 9.9982E-05 0.035084 0.100566 0.479196
0.388729 0.0218001 0.189332 9.9973E-05 9.9973E-05 9.9973E-05 0.399839
0.583708 0.00571807 9.9991E-05 0.0844042 0.145468 0.0160308 0.164571
0.304432 0.0149831 0.275 9.9991E-05 0.11848 0.0112728 0.275732
0.363821 0.0477001 0.348327 0.121142 0.0694506 9.9991E-05 0.0494591
0.325858 0.0290095 0.187253 0.00601244 0.18978 9.9991E-05 0.261987
0.16498 0.0200795 0.66733 9.9982E-05 9.9982E-05 0.115398 0.032012
0.532483 9.9982E-05 0.12279 0.136012 0.176414 9.9982E-05 0.0321013
0.320316 0.0314066 9.9991E-05 0.0523371 0.121936 0.0535212 0.420383
0.545796 0.00196898 0.156582 9.9991E-05 0.0744387 0.00791192 0.213202
0.630647 9.9982E-05 9.9982E-05 0.00559027 0.18414 0.0281328 0.15129
0.384113 0.0224263 9.9973E-05 9.9973E-05 0.0126658 9.9973E-05 0.580495
0.172824 0.0552357 0.08124 0.0627779 0.445478 0.109199 0.0732449
0.214681 9.9982E-05 0.0774268 9.9982E-05 0.602516 0.0487663 0.0564106
0.158494 0.00277336 9.9982E-05 0.0462801 0.643951 9.9982E-05 0.148302
0.0979239 0.00421042 0.0912017 9.9991E-05 0.748293 0.0539623 0.00430835
0.0608732 0.0393531 9.9973E-05 9.9973E-05 0.788265 0.111208 9.9973E-05
0.100243 0.0510909 9.9982E-05 9.9982E-05 0.700214 0.0588516 0.0893998
0.16119 9.9982E-05 0.0037533 9.9982E-05 0.600457 0.0675253 0.166874
9.9982E-05 0.015036 0.0360837 9.9982E-05 0.797325 0.0123166 0.139039
9.999E-05 0.0176333 0.00119942 0.123434 0.8404 0.00996089 0.00727259
0.0657355 0.0244971 9.9973E-05 9.9973E-05 0.766169 0.143298 9.9973E-05
9.9964E-05 9.9964E-05 9.9964E-05 9.9964E-05 0.779996 0.0626221 0.156982
9.9964E-05 9.9964E-05 9.9964E-05 9.9964E-05 0.771679 0.128047 0.0998745
0.124996 9.9973E-05 9.9973E-05 0.0201671 0.799031 0.055506 9.9973E-05
0.061568 0.026089 9.9973E-05 0.124558 0.787485 9.9973E-05 9.9973E-05
0.183561 0.0620702 9.9973E-05 9.9973E-05 0.702094 0.0519749 9.9973E-05
0.242943 0.070292 0.210531 9.9982E-05 0.132571 9.9982E-05 0.343463
0.248395 9.9982E-05 9.9982E-05 0.0478385 0.200087 0.0212802 0.4822
0.113635 9.9973E-05 9.9973E-05 0.0880956 0.0798828 9.9973E-05 0.718087
9.9964E-05 0.0258326 0.191528 9.9964E-05 9.9964E-05 9.9964E-05 0.78224
0.257099 0.0119721 0.216136 0.0448295 0.0967458 0.0624615 0.310756
9.995E-05 0.9994 9.995E-05 9.995E-05 9.995E-05 9.995E-05 9.995E-05
9.9973E-05 0.0381885 0.202198 0.0391841 0.72013 9.9973E-05 9.9973E-05
0.0931104 0.00591514 9.9991E-05 0.0488751 0.087018 0.107253 0.657728
0.280661 9.9973E-05 0.076655 9.9973E-05 0.127091 9.9973E-05 0.515293
0.215282 0.00251239 0.17329 9.9991E-05 0.216562 0.22806 0.164194
0.202438 0.0379362 0.519331 0.0685094 0.110855 0.0584651 0.00246463
9.9973E-05 9.9973E-05 0.893677 9.9973E-05 0.0397994 0.0396415 0.0265819
9.995E-05 0.9994 9.995E-05 9.995E-05 9.995E-05 9.995E-05 9.995E-05
0.350756 0.0705536 0.283181 0.0278 0.154182 9.9991E-05 0.113428
0.384945 9.9982E-05 0.243962 9.9982E-05 0.0582285 0.254567 0.0580982
0.175253 0.036751 0.127878 0.112325 0.338025 0.00728788 0.20248
0.0183737 0.0418259 0.124686 0.148436 9.9991E-05 0.650914 0.0156646
0.0864491 0.0162838 0.0534938 0.527584 9.9982E-05 0.315989 9.9982E-05
0.0170301 9.9973E-05 9.9973E-05 0.475341 9.9973E-05 0.385381 0.121948
0.0524257 0.0508683 0.178373 0.501488 9.9982E-05 0.216645 9.9982E-05
0.0786273 0.0437808 9.9982E-05 0.696137 0.0273549 0.1539 9.9982E-05
0.0301538 9.9973E-05 9.9973E-05 0.660696 0.0551202 0.25373 9.9973E-05
0.25749 9.9964E-05 9.9964E-05 0.687309 9.9964E-05 0.0548012 9.9964E-05
0.169049 0.00830214 9.9973E-05 0.328945 9.9973E-05 0.493404 9.9973E-05
9.99549E-05 0.0223799 9.99549E-05 9.99549E-05 9.99549E-05 0.97712 9.99549E-05
0.0370618 0.0206762 0.125869 0.708453 9.9982E-05 0.107741 9.9982E-05
0.0204448 0.0303749 0.231136 0.416631 9.9991E-05 0.233488 0.067826
9.995E-05 9.995E-05 9.995E-05 9.995E-05 9.995E-05 0.9994 9.995E-05
9.9982E-05 9.9982E-05 0.118923 0.543391 0.0349563 0.169529 0.133
0.0872002 0.0666527 0.485431 0.223828 0.00861813 0.128169 9.9991E-05
0.11728 0.0163087 9.9991E-05 0.0947618 0.693045 0.0257691 0.052735
0.0544461 0.0015959 0.059939 9.9991E-05 0.672134 0.0691038 0.142681
9.9973E-05 0.0298489 9.9973E-05 9.9973E-05 0.759664 0.00198125 0.208206
0.0862464 0.0266749 0.166893 0.589124 0.0172991 0.113482 0.000281137
9.9982E-05 0.0778055 0.383255 0.477033 9.9982E-05 0.0321984 0.0295084
0.0458746 0.00575764 9.9991E-05 0.645997 0.0607026 0.189346 0.0522224
9.9982E-05 0.0463186 0.296485 0.541874 0.00123605 0.113886 9.9982E-05
0.00365048 0.0524227 9.9973E-05 0.860365 9.9973E-05 9.9973E-05 0.0832615
0.207659 9.9973E-05 0.60967 9.9973E-05 9.9973E-05 0.131434 0.0509367
0.24078 0.00706649 0.60733 9.9982E-05 0.00192861 0.142694 9.9982E-05
0.131025 0.00255565 0.71341 9.9973E-05 9.9973E-05 0.152709 9.9973E-05
9.9955E-05 0.0272731 0.972227 9.9955E-05 9.9955E-05 9.9955E-05 9.9955E-05
0.0932135 0.0322245 0.824093 9.9973E-05 0.0501692 9.9973E-05 9.9973E-05
0.0598892 0.0188501 0.853373 9.9982E-05 0.0124963 0.0551916 9.9982E-05
0.0774278 0.0201507 0.633238 9.9991E-05 0.108754 0.086124 0.074205
0.249008 9.9973E-05 0.0836073 0.479042 9.9973E-05 0.188042 9.9973E-05
9.9991E-05 0.159274 0.390604 0.291363 0.00988099 0.0908823 0.0578961
9.9982E-05 0.0197508 0.165333 0.471928 0.0838139 0.258975 9.9982E-05
0.0828222 0.0538067 9.9982E-05 0.550031 0.0711176 0.242023 9.9982E-05
0.282322 0.0237379 9.9964E-05 0.693541 9.9964E-05 9.9964E-05 9.9964E-05
0.109468 0.0193465 0.104631 0.101697 0.648747 9.9991E-05 0.0160109
9.9982E-05 9.9982E-05 0.48586 0.129036 0.11359 0.153029 0.118285
9.9964E-05 9.9964E-05 0.92662 0.0617186 9.9964E-05 0.0112616 9.9964E-05
9.995E-05 0.9994 9.995E-05 9.995E-05 9.995E-05 9.995E-05 9.995E-05
0.202421 9.9982E-05 0.143051 9.9982E-05 0.0961393 0.0169607 0.541228
0.155066 0.0222062 9.9982E-05 9.9982E-05 0.0624197 0.0515835 0.708524
0.530094 0.0244926 0.0838918 9.9991E-05 0.0855541 0.111705 0.164162
0.504747 0.0328575 0.136966 0.0923863 0.198814 0.034129 9.9991E-05
0.418572 9.9982E-05 0.0892742 0.0470467 0.0242272 9.9982E-05 0.42068
9.9964E-05 9.9964E-05 0.734134 9.9964E-05 0.0429821 0.222484 9.9964E-05
9.9982E-05 0.0241699 0.217979 9.9982E-05 0.50331 0.0237159 0.230625
9.9982E-05 0.0710653 0.627023 0.117661 9.9982E-05 0.0284568 0.155594
0.141288 0.025065 0.246934 0.134913 0.295626 9.9991E-05 0.156074
0.598103 0.011077 9.9982E-05 9.9982E-05 0.0741575 0.0408408 0.275622
0.38381 9.9973E-05 0.261436 9.9973E-05 0.0185822 9.9973E-05 0.335873
0.368779 9.9982E-05 0.149731 9.9982E-05 0.124268 0.000247438 0.356774
0.80596 0.0117957 0.117852 9.9973E-05 9.9973E-05 0.0640921 9.9973E-05
0.248615 0.00911791 0.362337 9.9982E-05 0.0441423 9.9982E-05 0.335588
0.798477 0.00610908 0.0899108 9.9982E-05 0.030731 9.9982E-05 0.0745722
9.9982E-05 9.9982E-05 0.670558 0.0926938 0.0308184 0.125151 0.0805792
9.9991E-05 0.0616848 0.562679 0.165349 0.103097 0.0144065 0.0926836
0.0886059 0.0847817 0.647036 0.168101 0.00165022 0.00972511 9.9991E-05
0.271144 9.9964E-05 0.508638 9.9964E-05 0.219818 9.9964E-05 9.9964E-05
0.348945 9.9991E-05 0.374473 0.07747 0.0920959 0.083473 0.0234428
0.349896 9.9973E-05 9.9973E-05 0.0929179 0.404244 9.9973E-05 0.152643
0.177934 9.9973E-05 9.9973E-05 0.581758 9.9973E-05 0.218411 0.021597
9.9991E-05 0.00957441 0.146908 0.598392 0.0329369 0.174017 0.0380716
9.9973E-05 9.9973E-05 0.528822 9.9973E-05 0.0757916 0.194399 0.200687
0.262271 0.0234915 0.396545 9.9982E-05 0.0990553 0.218437 9.9982E-05
9.9982E-05 0.0403942 0.291467 9.9982E-05 0.149574 0.248452 0.269912
9.9955E-05 9.9955E-05 0.304518 9.9955E-05 0.694983 9.9955E-05 9.9955E-05
9.9973E-05 0.00969377 0.243203 0.663893 0.0829103 9.9973E-05 9.9973E-05
0.048028 9.9982E-05 0.148454 0.381643 0.0682931 0.353381 9.9982E-05
0.0793003 9.9982E-05 0.411805 0.28961 9.9982E-05 0.176455 0.0426297
9.9982E-05 0.0454056 0.119361 9.9982E-05 0.438895 0.0255197 0.370619
0.0774352 0.00929909 9.9982E-05 9.9982E-05 0.140433 0.063021 0.709611
0.216161 0.00343623 0.237016 0.00807246 9.9991E-05 0.0039974 0.531217
0.175843 9.9982E-05 9.9982E-05 0.0621074 0.0690795 0.0741955 0.618575
0.17337 9.9973E-05 0.0998711 9.9973E-05 0.354436 9.9973E-05 0.372024
0.203394 0.0137835 0.0158704 0.0391623 0.111655 9.9991E-05 0.616035
0.00231509 9.9973E-05 9.9973E-05 0.0561911 0.10534 9.9973E-05 0.835854
0.0984387 0.00762851 9.9982E-05 0.0344819 9.9982E-05 0.0117906 0.84746
0.0414938 9.9982E-05 0.113063 0.0794652 0.355918 9.9982E-05 0.40986
0.784996 9.9973E-05 9.9973E-05 0.0604679 0.0903698 9.9973E-05 0.0638664
0.812719 0.00987687 9.9973E-05 9.9973E-05 0.154501 0.0226033 9.9973E-05
0.796379 0.0236439 9.9982E-05 9.9982E-05 0.0511028 0.0258467 0.102827
0.167818 9.9982E-05 0.0902313 0.110129 0.26269 9.9982E-05 0.368931
0.842605 0.0326871 0.0504002 0.0600164 9.9991E-05 0.00684642 0.00734496
0.601919 9.9982E-05 0.193337 0.0280793 0.168307 9.9982E-05 0.00815826
0.168765 9.9982E-05 0.0566292 9.9982E-05 0.0172646 0.0357887 0.721352
0.118609 9.9973E-05 0.0793597 9.9973E-05 0.739321 0.0624106 9.9973E-05
9.9964E-05 9.9964E-05 0.0685295 9.9964E-05 0.826233 9.9964E-05 0.104838
0.0985056 0.0453012 9.9964E-05 9.9964E-05 0.855793 9.9964E-05 9.9964E-05
0.170352 0.00341717 0.0375931 0.0179035 0.701267 0.0660582 0.0034088
9.9982E-05 0.00808221 0.0931028 9.9982E-05 0.732009 0.0642753 0.102331
0.256322 9.9982E-05 0.186677 0.0583074 9.9982E-05 0.00648571 0.492008
0.0878662 0.0134543 0.158219 9.9982E-05 0.127421 9.9982E-05 0.612839
9.9964E-05 9.9964E-05 0.0247062 0.38128 9.9964E-05 0.593614 9.9964E-05
0.153536 0.020817 0.00619504 0.800185 0.0190664 9.9982E-05 9.9982E-05
9.9982E-05 0.00531958 9.9982E-05 0.788953 0.0310427 0.112086 0.0623991
0.0043337 9.99878E-05 0.303653 0.633245 0.0480031 9.99878E-05 0.0105654
9.9982E-05 0.0210949 0.0579604 0.706656 9.9982E-05 0.137312 0.0767767
0.105509 9.9973E-05 9.9973E-05 0.601056 0.0866946 0.20644 9.9973E-05
9.9973E-05 0.00904862 0.0393414 0.886613 9.9973E-05 9.9973E-05 0.0646971
9.9982E-05 9.9982E-05 0.0339039 0.549513 0.0383594 0.299955 0.0780688
9.9982E-05 9.9982E-05 0.00279997 0.641725 0.0500151 0.24026 0.0650004
9.9973E-05 9.9973E-05 9.9973E-05 0.497822 0.0570374 0.38129 0.0635506
0.0576925 0.040914 0.116272 0.780527 9.9982E-05 0.00439433 9.9982E-05
0.0280955 0.0248279 0.0809603 0.665099 0.0221854 0.121922 0.0569097
9.9982E-05 0.0175972 9.9982E-05 0.639448 0.0570031 0.16952 0.116232
9.9982E-05 0.00203076 9.9982E-05 0.713857 0.0254161 0.195628 0.0628682
9.9982E-05 0.00693856 0.153446 0.671104 9.9982E-05 0.14278 0.0255313
9.9973E-05 0.0148679 9.9973E-05 0.853288 9.9973E-05 0.0459245 0.0856192
0.0411561 0.0124009 9.9982E-05 0.832945 0.0712753 0.0420225 9.9982E-05
9.9982E-05 0.00888129 0.777925 0.145867 0.00381572 9.9982E-05 0.0633114
0.130302 9.9973E-05 0.815668 0.0212661 9.9973E-05 9.9973E-05 0.0324643
0.00384124 9.9973E-05 0.180478 0.671776 9.9973E-05 0.143605 9.9973E-05
0.154613 0.012397 0.00312143 0.296718 9.9991E-05 0.431785 0.101266
9.995E-05 9.995E-05 9.995E-05 9.995E-05 9.995E-05 0.9994 9.995E-05
0.124673 9.9973E-05 0.640917 9.9973E-05 9.9973E-05 0.183629 0.0504814
9.9964E-05 9.9964E-05 0.0683956 0.0441002 9.9964E-05 9.9964E-05 0.887104
0.192886 0.0154636 9.9991E-05 0.00371004 0.15446 0.0133332 0.620047
9.9973E-05 9.9973E-05 0.0582009 9.9973E-05 0.383075 0.0875586 0.470866
0.191829 9.9982E-05 0.104938 0.0188167 0.602932 9.9982E-05 0.0812846
0.0629114 9.9982E-05 0.166867 0.0042817 0.759479 0.00626091 9.9982E-05
9.9973E-05 9.9973E-05 0.0662344 9.9973E-05 0.773152 0.0747319 0.0855819
0.0163774 0.020933 0.0823048 9.9991E-05 0.673234 0.00422236 0.202828
0.203508 0.0151879 0.0679927 0.0442434 0.668868 9.9982E-05 9.9982E-05
0.0436207 0.0533818 0.0708687 0.0147265 0.676189 0.0854318 0.0557814
9.9973E-05 0.0232886 9.9973E-05 0.134931 0.737626 9.9973E-05 0.103855
0.0153275 9.9982E-05 0.115715 0.00609772 0.0637423 9.9982E-05 0.798917
9.9982E-05 0.0585955 0.196675 0.0194993 0.0265637 9.9982E-05 0.698467
0.554945 0.0408869 0.0835545 9.9982E-05 9.9982E-05 0.0767209 0.243693
0.547936 9.9973E-05 0.246511 0.0215108 9.9973E-05 9.9973E-05 0.183743
0.691357 0.00124777 0.0713007 9.9982E-05 9.9982E-05 0.0278051 0.208089
0.617189 9.9982E-05 0.29056 0.000740332 0.00741575 9.9982E-05 0.0838946
0.513361 0.00976207 0.0724817 9.9991E-05 0.193455 0.0458882 0.164952
0.769168 0.00341257 9.9982E-05 0.0352178 0.108679 0.0833231 9.9982E-05
0.795359 0.0326938 9.9973E-05 0.0745407 0.0971066 9.9973E-05 9.9973E-05
0.70445 0.0201373 0.0689416 0.0446909 0.16158 9.9982E-05 9.9982E-05
0.661778 0.018841 9.9982E-05 0.0724882 0.109165 9.9982E-05 0.137528
0.129673 0.119329 0.024925 0.121949 0.603924 9.9982E-05 9.9982E-05
0.0537132 0.00815 0.135549 0.189865 9.9982E-05 0.612522 9.9982E-05
0.0103122 0.0272824 0.0479449 0.581613 0.101267 0.23148 9.9991E-05
0.0830847 9.9964E-05 0.0424033 0.874112 9.9964E-05 9.9964E-05 9.9964E-05
0.179625 0.00677634 0.0683229 0.736012 0.00906322 9.9982E-05 9.9982E-05
9.9991E-05 0.0369827 0.0124404 0.746056 0.0946949 0.0444843 0.0652413
0.523994 0.0120532 0.0284255 0.0111791 0.157456 0.173108 0.0937843
0.469644 0.0267048 9.9991E-05 0.0390382 0.241154 0.0279329 0.195426
0.799312 0.0613596 9.9982E-05 9.9982E-05 0.0810682 0.000690271 0.05737
0.378938 0.0185727 0.152836 0.00306531 0.203501 9.9991E-05 0.242986
