IBR/IBR_outputs/all.combrep_1/EucDistWater_Total.FireFreq_2000_2008_Total.Silt_Total.Spinifex_Total/EucDistWater_Total.FireFreq_2000_2008_Total.Silt_Total.Spinifex_Total.asc
NCOLS 160 
NROWS 95 
XLLCORNER 210004.651214014 
YLLCORNER 7350008.22228844 
CELLSIZE 4999.99999999997 
NODATA_value -9999 
[rows 21 to 41 of 95, columns 46 to 91 of 160]
-9999 -9999 -9999 -9999 -9999 2.01098184566353 2.49367339617178 2.37553202135973 -9999 -9999 -9999 3.92236483579265 2.9293146998662 3.7903894014169 3.51453465037264 1.8443714809458 1.84248763964327 -9999 -9999 -9999 -9999 -9999 -9999 -9999 -9999 -9999 -9999 -9999 1.31203296025946 1.97590144339702 1.7853316490022 2.06902982422662 3.49811808789042 4.51727047702441 6.00671449552294 6.22075746581645 4.66001840743829 2.56889629021515 2.90139307473404 4.71975429930791 6.55283597298655 6.98978858209368 4.70676532276703 2.19851615978785 2.05197318650555 4.56864789531505
-9999 -9999 -9999 -9999 3.41855748071407 1.84128001908759 2.31193303245445 2.07982151773171 3.07393633059904 -9999 2.2237057789891 3.60167001404253 2.97566375017541 3.72634402904149 3.54520677484999 1.57795031975998 2.16245925356976 2.74880283361983 -9999 -9999 -9999 -9999 -9999 2.06008260832146 2.45608023910074 1.85917860916991 2.77297392891643 2.03916690348201 1.42534718154308 2.18640238450676 2.4621951299494 3.7145954964972 5.07072792207721 4.77635916359393 5.48445156539513 6.35990600620608 5.31825920125286 4.17767294579023 2.40036282692309 2.94631363970074 5.37137724461552 6.97452579534313 5.03624414805269 2.94713237565942 1.83263672709441 2.85575290870298
-9999 -9999 2.10421999385474 3.64828773100925 3.73689978782708 3.29684862882168 1.73055592129705 3.43223682146002 4.76771345847562 4.09189265358243 1.45711376420889 2.37682280621863 4.81373021812991 5.45174391760834 5.53499461231124 2.20151764781689 2.66880640445876 1.62268944741786 1.46968585459629 1.93699312623625 2.07055779134153 1.63402685794096 2.91252614559891 1.56498439320044 1.68328097059416 1.73533937107565 3.6289217789398 5.54231367296486 4.7697966287497 4.26297411387774 4.29586425369435 5.42325050101246 4.57706713894015 2.46204885530105 3.40275872678051 4.52583783235404 3.03556392161426 3.8641908307133 2.85744291747965 3.34679494403467 5.44046846738432 7.38527256173564 6.39040450131518 4.49117694431561 2.47974191540969 1.4907404448782
-9999 1.99516417264388 1.46641150316442 3.34117816620717 2.26110787865013 3.32108924813339 4.50593058461748 3.98269145969206 5.2274938256637 5.75716368493758 9.17347192774814 5.29242766126817 4.5617281641135 7.2821231442897 3.70298047341604 6.18574140339962 4.83323032603708 3.38265321322651 2.7466564150167 3.30193595196143 2.13405679279745 1.85898029865083 3.96545904988849 3.47833895441519 2.01503277114899 4.36813561440268 7.42485015208429 9.31702553357568 6.75379376565486 5.69607379684085 5.99982430554155 5.76598467618489 4.35170424287604 2.7530242594656 3.46642723465604 3.41818190736507 1.75954876594127 3.59688340927306 4.64528148585886 3.87513533752525 4.46593518358568 6.50539004004067 7.20836167738389 5.35275756256607 3.17585280333579 1.55392092583714
1.5271667278863 2.94373367179532 7.08361040024985 11.7172833425111 7.92589565193308 9.99157543211938 5.2847126657662 6.30115952212715 7.14727195904606 8.30430412105774 6.15054981541741 4.01032367609121 4.43284725399066 4.24712163850434 4.35932537517177 2.76808444545665 5.34193908824076 9.69378885130723 11.0993732028309 4.67237409951113 4.72732651231438 4.5678407794939 14.8479342048767 22.1397666481474 3.90184388391103 4.55835800553393 6.51842013493444 8.14008900921116 9.77132949514416 6.85414986055181 4.36282509923725 3.28736173530536 3.16516298922669 3.73552969647433 2.9590021625858 3.60450115358722 3.11791055421911 4.63082110365844 4.12927433367093 1.96589149839703 3.14222992149866 5.79140377646588 5.95619921129541 3.661894900231 2.69839798361368 3.41070327570363
3.75798075087881 8.17421271317776 19.9677383201507 5.07275145689991 2.90982238329879 4.41413480122771 8.34180848818802 9.73068546980747 7.36108214253233 5.06107563681753 4.86883272374768 5.73951298215637 3.90525361860088 4.39035612562223 5.7053197071509 5.76039922079966 9.58868761556536 19.6201007265671 16.0164304466257 11.4619172108393 27.3377253197221 10.6802369000149 16.9095938504742 34.820870289699 6.90480876798765 10.5226857663703 8.51660424907644 8.88710500594847 8.49850421882159 5.99210067815207 3.11960484202344 2.36082626612561 1.97590278935375 3.38968730257927 2.83787529427604 4.44051953197393 5.80764035213462 5.99734239744328 3.89474491436052 2.0825350344467 3.29932518981825 5.88422569170123 5.83444704860973 3.290177417351 1.55614374874091 2.45815964484939
4.85254497121831 11.8675560727728 16.0534173437044 8.23622808060405 4.01376812930165 3.27895369117774 6.63073443719399 8.58499961836499 7.68253394762694 4.83200754962112 4.13677353754219 5.89456803870678 6.33447136930826 5.57921000994728 3.6464647928191 4.62470300996631 7.15737972511487 8.20417385918075 5.51974076656078 10.718786463653 28.8142388120282 10.7076846501998 7.66374035991488 6.24765656670577 3.71094275834487 9.60486864289231 8.50770168031847 9.19220991781848 9.03083857305054 7.48142968389134 5.09340407225174 4.14823887566368 2.7295564713403 2.73671469401647 3.45374482013698 4.65676234952607 6.91197621479075 6.65911501252029 3.91401605109509 1.94346391410538 2.62385338535003 5.1642618206125 6.67888036633042 4.87801098479325 2.69560887523257 1.59560537711146
3.76549351403506 3.28896465469593 7.47265057209069 5.14914553028791 4.64568972772205 4.46549457479238 4.35746390144563 6.52510697898805 9.52641646727352 3.77684160437687 3.3364559785077 3.47827495170011 4.75987159010516 2.89170189808535 2.55637845273566 4.68926450123672 6.88842982671317 6.85823932659825 5.17116951137978 4.04995907261733 4.19696030662186 6.7850710053784 5.97235257097732 4.46984680114822 2.67015684528207 4.22809320848532 6.24691454193584 8.31538616884914 9.12085607892651 8.20259070424768 7.09469217457483 6.03569822932063 4.3994965659394 2.93718102138977 1.9619763394332 3.70028618822356 6.47637509505803 7.34022093771092 4.86142097772679 2.55843493853308 2.26994162463444 4.63652843715402 6.95429759901253 5.51206425469071 3.02321313183552 1.44245974502546
4.35452886406484 4.63515284248229 3.34386146369641 2.29890965117081 3.17657418293555 3.71069779811519 3.24437425772712 1.79693708010816 9.60233547773722 3.76396526041727 2.78055796902382 3.93939916507098 5.39556713818259 4.04454379847386 3.72233437103025 5.81841055512819 7.5626488573387 6.53467985661985 4.41059205069819 4.23118581917347 4.56623994302897 4.17348214159262 6.38225390816431 4.49097158112754 2.48097640260646 4.22579397174653 4.79485641411247 6.07372167552625 6.87637751127487 8.28517871216206 8.7449259966417 8.24521208888875 6.95309215601999 4.94895630025968 4.13470678033094 5.29998619195545 7.17927319489248 8.04325936210804 6.04530553342154 4.36915268573072 4.42544367343973 5.64776197712407 6.78575615005373 5.84069368234398 3.36819929707683 2.36136471823356
5.97414966582255 5.43713872828981 3.45099434934153 4.69217119309545 4.67732243141159 3.92737525525494 5.46381479481729 3.16076029222423 6.98521667881537 6.71757938298105 3.26093638918581 3.66701451597952 5.14805569497488 6.89362014155625 6.87849170769689 7.20188054703677 6.46742169774271 4.1200078239217 3.22016144414733 5.17926308914254 9.57982905511738 6.07763911193608 6.34914442497897 4.44031753209137 2.63077380351296 2.52764057197315 2.63814984803418 5.70959018796452 4.66708570333713 6.48209400223042 7.93520346975734 9.17366011983881 8.80775346986151 9.06357960659582 7.60347135234298 8.75911813046224 9.50643686453058 9.58228491024069 7.9913039951747 6.87914992880967 6.08143441868069 4.82125901716598 4.31788508619321 5.57462601981243 5.57725368800454 4.44413713179544
5.90600519640182 5.44940047599458 4.25419447180226 4.31567273751088 4.3088031854716 2.95675227140871 3.644148819842 3.51861961172559 3.56394822082015 3.61021846403007 2.45854770001943 2.42259611165328 4.59539236140039 6.10037372702757 5.73580103545949 3.96379070612037 4.41988925071329 2.32813531210532 3.15070155191479 3.61929411575449 6.70090891562511 2.77824794015365 4.32702674330594 4.27031599576723 2.51662660693471 2.24714503805461 2.21279266078189 2.55681533623213 2.81224533752785 4.9362993154584 6.80827873701658 6.79278941419387 7.20056218164333 8.97237621013613 10.2836528475907 11.3296413503883 12.5929367542189 10.9372650349528 9.56465787913106 7.8478919618174 5.35547503107527 2.81697568187883 2.92183702232087 4.37765914351594 6.21719289444421 5.66307617059155
3.5174730944254 3.21437139517991 2.65595989331029 2.12219265614373 2.33933412052393 2.33247441668986 2.2406875609007 1.9316487259733 2.69522618395508 2.67230462110055 2.10019851808079 3.4213502305057 3.39510140085076 3.95846446986811 4.77761437450178 3.54140106219859 3.81043222755541 3.34991601526654 4.64374288780701 5.07793985896243 8.01210133961673 5.93419229592194 2.85336443885094 3.79573378315794 2.48458735355035 3.69280432050504 3.64522053952849 2.56811031349613 2.21960790720333 3.92797693533947 4.9262518510332 4.0074936272087 4.76074948790338 6.42750865533103 7.76234970366326 9.97570453322776 11.2334276685649 9.94830418163356 8.55447458473674 8.74980924574761 5.02705411076096 2.75313640393582 2.3216837241087 4.42821185104448 4.97479607551555 3.43186502782002
3.10460612974623 4.86287044325757 3.36246838087859 2.10842530799337 1.94134230688756 1.71184414969516 2.21870576464875 2.31626913668812 2.74896378081363 2.99164136818444 1.88053077580595 2.18252363964995 2.35712017594469 2.40682371388593 2.86731607420248 3.59655815229144 4.77951739435439 5.28885474816057 4.92369430840978 4.64588895987317 6.75508468097032 9.62956165820126 4.06670494753998 2.34106378453424 2.25706243601303 3.36162181760014 5.70479263144727 4.444448583249 2.80364600147913 2.28261847638774 2.98481671886663 1.85418786789367 2.54941564773492 3.46111023062605 4.66393744439377 7.19522288822954 9.05912733063425 7.35910543642677 6.05579250142219 5.20588428236047 4.76584383663025 1.7913673560614 2.93089633670931 5.27572163913167 4.19375164550815 2.02454119667798
3.58621735986788 3.3918462500248 4.85445736049102 4.78326448169178 3.2903668861939 6.2450583805262 9.2854595260848 2.71319029944981 2.096887741079 2.03089105474142 2.11299492272494 1.4449004943519 2.25999748356809 2.21661336553912 3.33583631944611 3.45060510871547 3.3174834697785 6.08795087493341 5.79548751853976 17.1013498987916 18.4097542226838 6.35044767213888 4.20847606135155 1.99188202308185 2.32043512196698 4.25852656022327 5.14563425876777 13.5577685465315 6.67819147010602 1.95368667381358 1.97944975244032 3.00869086345167 2.00862587640257 1.60965545209936 3.04227724897866 5.79343283515022 7.29571864503632 5.09572315609727 4.1883306879368 2.5110691032864 2.32912133909135 1.70719832434229 3.92813647435816 4.71118888948024 3.16193414967619 3.27774351229784
1.99143471191019 2.04002626938238 3.4685896501909 3.65196215037229 5.87557214759834 4.33171376019916 2.38211282069313 3.3743746265767 4.53197487223501 2.99614417601476 3.47537185262477 1.99890033727169 3.4297031933739 1.8347853644852 2.85335785595752 2.5595077758818 2.71062159614671 7.96655164861286 25.6460166766889 21.6074400597339 23.4353405455477 3.66826492514784 3.46181520549454 4.75548313880519 4.73888044045715 4.2946262213498 2.62856775741246 6.624353833341 24.9726712017562 4.99364212236302 2.58452814806663 4.05213795702371 3.80895553300028 3.13531214675182 4.13891108375876 6.16288209042841 5.98222797376164 3.66040427119141 1.85935514910293 2.2064026852842 1.58308897472192 1.85092372214321 4.0277827468854 4.27936713301005 1.91663264694173 2.06285042641725
1.93255797785952 1.34450871975858 1.53438392652925 2.26591770951167 3.78895939249168 6.54304675313089 5.17771062946366 5.24479170700686 4.79800376686855 5.47229102106791 6.971424264163 3.54801620764834 6.80135126261914 2.21927862722926 5.77106648916201 3.14318928550373 2.58247904800103 4.51594677172289 26.7729125772527 13.4310104485474 16.884235838085 2.90503591429015 3.10471501809435 3.15430511696203 3.64987222875592 4.07883008691091 3.91734434460029 4.47187583056243 9.69543667413181 7.76793102692308 4.02756411350721 3.11345951245251 3.48316198274858 2.5182291762515 4.68025197033452 7.19539302621596 3.31927141885763 3.47008242326536 2.30307213502142 3.59371180820706 2.61451077122095 1.56991428424733 3.56216609623796 5.05545494995236 3.53367748191055 2.73893382449639
1.8415910651748 1.55803819853489 1.5162076842836 1.4808933638852 1.673335476359 4.46456803699768 8.17528924084992 13.0980562433871 16.1963598437633 14.9835972883815 22.5353805650361 19.6082670026068 14.6513445324019 6.82546048588655 8.90181727622829 7.9210001719712 3.32153736936711 2.35336715907104 4.245026687926 3.68863174622554 2.18167443205379 3.08924771857567 2.81924721859623 4.10971842514176 3.53923040809163 2.25114071537024 2.70111922179809 2.66537704923453 3.75062329540187 2.98507549063507 3.71079058745645 2.67778810449754 2.49786914213464 2.73794083502195 5.86868333529685 4.24890547811219 2.09597980912088 3.87760615269449 4.6832594374639 3.9693320594765 2.80419796470837 1.50293913647557 2.22354607627905 4.66902773146916 5.67839490636097 5.31224134411826
2.40064397549893 1.91672045762896 1.83768563238742 3.42238395114878 6.64040209180898 13.5671000316957 18.6096499086378 31.1756081449509 33.4040905989654 30.9795876528036 28.8735501283631 27.1780251435045 20.6602381508348 15.8368087024454 14.4046238436055 9.2536388800561 4.36357569496448 2.27168391222522 2.7919775148455 3.48776514429145 2.01715064941511 3.67863008766838 2.18687667472428 4.55290246692875 4.06941667708927 4.80790345001894 2.36695874102887 2.40556750239942 4.31123202707846 4.3051424406383 4.30578704596643 2.80238685832268 3.26081445701187 2.80147511506278 2.66019056953637 3.87309932028401 4.31218210389622 5.23405370625612 4.43450401989308 2.31498274736113 1.60016457738626 2.82801928310948 1.97115008545037 3.30660107901063 5.33825318692125 6.97034632467027
3.37933952163602 4.8560409084638 3.58930219107702 1.61919895975799 2.48687312390522 4.28995104088082 11.7091817064758 2.88526728225085 10.6314677489176 17.8753718621709 18.3474145455867 17.0730101712057 16.7029061817912 10.2256448671139 9.53426907074494 6.06557202977571 7.94957235396078 5.34892290023548 3.91396411029341 5.00874900345911 5.48589585022081 8.19399571563484 4.92663724551445 5.20404573809077 3.19929969508487 2.44680380562355 2.04588973587246 4.51736879035091 3.41132645655639 2.5968118331541 4.53008878509823 3.96781910302649 2.95197950818768 1.74846430732567 2.56751861035705 2.79004723275823 3.33095722000785 3.52272300050345 2.96703636277649 1.3876236899459 2.52739381915661 3.31368252929289 2.11641420187758 1.88290172364783 3.60180767305508 5.74238228024892
1.6082036347996 2.29536680181248 7.68575152265736 2.4006172044381 1.51857305461885 2.83353926166708 1.6167400541003 4.75532072196372 6.39821130831651 3.11628264546856 2.76172680367409 3.25574550561389 4.21279173830572 2.93015335555433 3.3810443755337 3.40864889145428 4.64298762695695 3.50107748673177 3.88801467312272 4.13946024301763 4.26034565123749 4.85179143325664 4.53280009085144 3.6650648168773 2.44214667366444 4.36262890362366 3.13142533574243 4.8102207221723 5.23178131998634 2.45451011620965 2.17557588597244 2.32837446229428 2.88485724457273 1.49411338307062 1.98597058330644 6.11321651642407 6.67718932809792 2.13627023175652 1.54272419380152 2.2582373265998 1.66580145656498 2.77301386199108 2.58361938647655 1.69963634534198 2.50626527226662 4.59953192257603
4.01576207064475 2.13028509446811 3.73915560009299 3.09011065853242 3.45121350410139 4.81728914185765 2.46890695134702 2.56034723646125 3.09546013861135 2.48367632482646 2.47265920132255 2.07065568499754 2.12820110562333 2.30151054202531 3.35062531103784 5.27016774928812 5.94948537181176 5.20287364024482 4.96783700518874 6.01083453025809 5.28992182523549 2.82984959322845 2.04703929003364 3.77502904823945 5.29374651377547 5.50665041039151 5.03139926904152 4.39030516552024 2.52559680501559 4.73089269555817 1.96993948115407 2.69036342731814 2.37845979377068 1.5196843255779 2.72121007270736 3.16879652019302 6.4736560389312 1.84368592397613 1.44534643137321 2.74797817991164 2.03354407662161 3.16195692842576 3.90067524537816 2.01266809130588 2.27359890589857 2.45397248735234
