0,10.3103492325519,12.0332812582811,12.5444399722698,14.7402754353968,15.6522635155514,18.7141799466294,15.6202928276732,34.1820280529759,34.8620235733411,68.9164045075229,38.7155723196398,36.6713119383543,36.2386758396321,38.8190733382128,43.9845402292465,39.1949294190976,37.451400209723,37.8859593537546,39.5549394574098,30.373868665567,29.1570439242845,29.3016692147745,42.5633854780805,67.0967570021845,74.6245539792445,46.548465339734,48.632922921724,39.7040397771333,31.4251299777487,29.8116835020423,34.3990744834455,53.4136130102957,41.9425667351141,47.0700547602784,42.544666335244,46.3800569030533,56.9951497304,57.1384152851733,57.3932002968473,57.3511867031648,59.8552493715498,57.1055666237281,57.2292889785864,61.7296371459915,59.287940186887,64.2452941688536,61.569405223332,65.6590937966431,59.2439670236711,59.7192284635033,36.8233920740403,38.7230855249322,35.1210385728703,38.5915958568248,33.5313681637554,34.8567160859775,33.5006638728148,23.1190135100158,32.1300678605679,28.1972731003086,28.7205993832403,24.6034034978684,48.1110460505269,24.3665140981023,37.504039283505,64.6527509031129,67.4096398059845,64.4599227557149,61.6400759160479,59.8295314586299,56.9517334343937,63.3669788419173,64.9762140616745,73.8033525840089,34.3884418007342,41.3247888096794,63.4885764739223,28.5700945742755,26.7599494032063,33.4424332216298
10.3103492325519,0,12.7348243693212,10.5659248978802,11.0655151722991,15.4727059475012,18.2549643943098,14.3722794674232,32.8915985518462,33.5729322399077,68.3812201054528,37.4399070331746,35.3920375594035,34.9554495141792,38.4079963774468,43.5504491176255,38.2612695691401,36.5729053878112,36.9635325002922,38.6728798026444,30.0813711710359,28.9178688560998,29.0691852394916,41.8454450443121,66.6319928137392,74.1496544276535,45.7142495165727,47.8395112490788,39.3223826518817,30.1595769847495,28.5443421248731,33.1275306702233,52.9481397045891,41.7195139427359,46.6262624936304,42.1030985552732,45.1167352990727,56.4784237069314,56.622894790564,56.8765741249681,56.8238093149495,59.327387855779,56.5767491530022,56.6999219411545,61.2036983107857,58.7650595500646,63.720766375611,61.0453635734407,65.1352944844684,58.7193624073367,59.1974071932714,36.1628306381368,38.0832983349494,34.4932613138613,37.8292615644397,33.0192250355732,34.3507895426136,32.9804105207855,23.0412084988514,31.9661254149249,28.1078455229635,28.6360712847191,24.609459559209,47.1779001578248,23.3255673754643,36.548089144996,64.1477765133154,66.9061733348175,63.955763399355,61.1350993197447,59.2950418964944,56.4175789925632,62.8379788429818,64.447507405859,73.2604777546244,33.6828084201177,40.6407741934427,62.9608030537144,28.0701040263138,26.8378781988355,32.1289010661955
12.0332812582811,12.7348243693212,0,16.3945360841447,16.9776767705559,13.0088358037919,17.4652255118704,13.8185287285082,35.1331118857915,35.8086997888472,69.6680097328833,39.7114647082655,37.6629057626508,37.2116485651751,39.5795711820033,44.7276907697487,40.4326354897155,38.682972615694,39.1185109472892,40.7898372674349,31.6328219958463,30.3501941749612,30.5165869739586,43.2049432491325,67.907259214161,75.4233816398113,47.1943783149172,49.2718527858591,40.5309805858655,32.2095290370766,30.5898954238996,35.2410274350683,54.204536685915,43.0228849028284,47.8000828882041,43.2705437786572,47.3992534058744,57.7553549285094,57.8995469785792,58.1542692119231,58.1038226846603,60.608010623801,57.8573589437249,57.9811942932424,62.485747785288,60.0458750709677,65.0025568512375,62.3265779694827,66.4169758064087,60.0009328718017,60.4778678291922,38.0699873140292,39.9778509432064,36.3622532470841,39.8478903079846,34.7449359096727,36.0862678784737,34.7424115532782,23.131022617648,33.4233770244712,29.4632658229551,30.0715229605995,25.908118644277,49.3216295650084,24.5831904454719,38.0829947018253,65.4238737441054,68.1819498404913,65.2316174391062,62.4110610344475,60.5797655459333,57.7019955289745,64.1211334195597,65.7303180179281,74.5489869953308,34.9247821601914,41.8790097257469,64.195482377494,28.9841009587842,27.6478795830037,34.3877168059463
12.5444399722698,10.5659248978802,16.3945360841447,0,11.1011768872806,18.3650233247455,20.7580523578249,17.4406589478791,34.1615882689629,34.8473020594588,69.7984783025635,38.6619148295357,36.6188398715858,36.2019861966703,39.8131036260943,44.9705312148082,39.2170973886853,37.5379867892871,37.9258449363549,39.6339640301943,31.0569319116727,29.9608416948148,30.0935603175324,43.3630340899715,67.9959896383998,75.5240686826042,47.2365335427682,49.3644878252753,40.6711016767875,31.5962920454649,29.9876180372321,34.5067625988931,54.3290570310689,42.8622800271096,48.0574427678569,43.5375790445008,46.3133906679943,57.8875449521762,58.0311770261019,58.2849597292432,58.2398185594794,60.7433150405979,57.9935379173093,58.1166423507208,62.6167102636411,60.1763861085485,65.1327387434579,62.4573886699849,66.5467092745357,60.1315889747434,60.6080886575379,37.1199606063696,39.0330802508152,35.4575666690701,38.7708474183511,34.016526454219,35.3334284643706,33.9504093667662,24.9186713353616,32.9291302720976,29.1101759038478,29.5623379357668,25.5996429083375,48.1655609894786,25.2083662385498,38.1363122421888,65.5471095465204,68.3044306794485,65.3545746297073,62.5345499115249,60.713418846922,57.8359157723245,64.2527874937637,65.8623444299397,74.6831344738104,35.2812338933525,42.2238822248141,64.4145205507337,29.7373558185852,28.1737669963436,33.4079601812765
14.7402754353968,11.0655151722991,16.9776767705559,11.1011768872806,0,18.3360124087199,20.4714996391018,16.9665517303399,32.9928979437504,33.6800771694261,69.2873335795882,37.5065038159773,35.459932667498,35.0397319370656,39.4017780917475,44.5394007338438,38.3963198285318,36.7673616630625,37.1146470849426,38.8606077392608,30.8206512759221,29.7498496477897,29.8932099622994,42.6966115012178,67.5480091357295,75.0666277591131,46.4737912524773,48.6357814900693,40.2903560633542,30.4607722182468,28.8513036246606,33.3603461386752,53.8781907098254,42.6414709521039,47.6174490182415,43.09898087961,45.1696934735284,57.3922194756483,57.5369209849554,57.7898041985679,57.7351120070748,60.2382282353126,57.4875813258854,57.6102509794008,62.1135136048104,59.6758505811983,64.6308009961054,61.9558359395323,66.0454240895318,59.6295592523093,60.1084822611238,36.5533979344991,38.4877359985803,34.9197917922496,38.112868924758,33.5777919796122,34.9040180877795,33.5110727885596,24.7184017311041,32.8066534921096,29.0345110202462,29.5186236449386,25.6034248402393,47.3417539060797,24.3516460733076,37.279459303939,65.0624174869775,67.8210815944435,64.8706007808198,62.0498410272519,60.2027071419226,57.3254791505988,63.7469142471769,65.3567043061307,74.1651701664518,34.6269351441777,41.5862035145406,63.9057216261997,29.2412755524241,28.1303180512724,32.2165623614834
15.6522635155514,15.4727059475012,13.0088358037919,18.3650233247455,18.3360124087199,0,13.2906329771568,12.1385897634801,34.9603226064215,35.6310013523428,69.2615103153243,39.5858525957182,37.532953580787,37.0619086563005,39.1885130968429,44.3158040649001,40.5470936952941,38.7911467304005,39.2279297483801,40.9012364365203,31.7747742430779,30.4330886364761,30.6214728690862,42.6672526048158,67.5680113623235,75.0709640277589,46.6621099644563,48.7308676887826,40.2150643466311,31.8513286118057,30.224894721764,34.94749252082,53.8439586292542,42.9926788961194,47.3728322105123,42.8386810373496,47.2977688403718,57.3589463610353,57.5042036384244,57.7588211855199,57.6986812156917,60.2029954420531,57.4512363873893,57.575182843355,62.0845172020778,59.6467603595664,64.602647715912,61.9265825463239,66.017776012666,59.6006913812892,60.0795667194466,38.1916682818315,40.1073534916929,36.4787207483513,39.9790281627306,34.8345660158001,36.1918207909296,34.8597539021158,21.8064467833995,33.6080052647456,29.6318269988107,30.3174127450464,26.1259019757712,49.4096172576135,23.4739326477716,37.468262039216,65.0399222008689,67.7993590215932,64.8483245730476,62.0269578616392,60.1717521361743,57.2940219318619,63.717640093254,65.3267761426101,74.1356155594915,34.2556378051603,41.2330260406651,63.7383107989798,28.1633933186265,27.4746412808424,34.210984404648
18.7141799466294,18.2549643943098,17.4652255118704,20.7580523578249,20.4714996391018,13.2906329771568,0,14.2111196302045,35.8386375485383,36.5045595480225,69.8664021476894,40.5064773399557,38.449923018428,37.9608871342319,39.808220704232,44.9144590749093,41.6626398239166,39.8991036167336,40.3387570094385,42.0120690394179,32.8967628535552,31.5056764274949,31.7135685447586,43.1423549680581,68.2377644692594,75.7279932544076,47.149363679328,49.2063269856029,40.9089041029849,32.5516247751799,30.9189975518348,35.7099497558879,54.4930832709058,43.9640836259815,47.9559642555409,43.4171414155997,48.239534605693,57.9734460618975,58.1197335204729,58.3742669748146,58.3047436606379,60.8091938279916,58.056355509144,58.1804245879651,62.6944281266517,60.2587026210946,65.2138377624034,62.5376768854073,66.6296530781909,60.2115538738385,60.6922924734096,39.3025096364208,41.2241641147885,37.5838728962182,41.1016955137037,35.9122051022618,37.2834516912405,35.9621336705983,21.4269790896552,34.7694446394359,30.7843766039456,31.5324194491951,27.325051162519,50.5025773923785,23.3021587084182,37.8735383708055,65.6664916788339,68.4272418282412,65.4755287617804,62.6533788894322,60.7751210451432,57.8974223578968,64.3253741105723,65.9344553349262,74.7338499072203,34.5839950723886,41.5868384123644,64.2916427514373,28.3122946965262,28.3561648998125,35.0886082844526
15.6202928276732,14.3722794674232,13.8185287285082,17.4406589478791,16.9665517303399,12.1385897634801,14.2111196302045,0,33.9631698564135,34.6344819425999,69.0335738049434,38.6086514842489,36.5519022382745,36.0745523098343,39.0943893911132,44.2008344816432,39.9007517653728,38.1924891005907,38.5910034635973,40.2996454990903,31.6773046072663,30.3980579422779,30.5862505350676,42.2606446247793,67.4039921676168,74.8984380861615,46.1265616997787,48.2410663151198,40.1365385272657,30.8508517821439,29.2208378286573,33.9531067079297,53.6834103648014,43.0032150333916,47.2504666468502,42.7198154162682,46.3349688940674,57.1492684109675,57.2956371003279,57.5490603656645,57.4790454685244,59.9828026648911,57.2302141810062,57.3535348392708,61.8656817514174,59.4308614472419,64.3850983950592,61.7095842391405,65.8008852395485,59.3831239220859,59.8646689295245,37.7830728146007,39.7155763091466,36.0992494297398,39.4816344808603,34.560413196513,35.9196801018914,34.5728223819321,22.5327186502175,33.6079023973895,29.700300304714,30.3636879875271,26.2570102664665,48.7610367950254,22.5920267221513,36.7928340385624,64.8406614405536,67.6014825440556,64.6498273759458,61.8277250034939,59.9448774336549,57.0675070885385,63.495894036733,65.1053617497554,73.9005980029681,33.8792917218098,40.8791046210486,63.52874674487,28.0786251661367,27.8328787733453,33.1912926998879
34.1820280529759,32.8915985518462,35.1331118857915,34.1615882689629,32.9928979437504,34.9603226064215,35.8386375485383,33.9631698564135,0,10.3096643107138,78.1269256037991,23.5297657207762,20.9071084546975,17.1444694454563,49.3778956495839,54.3520164427392,43.504153465462,42.1928132954502,42.1541168431467,44.3600832805239,41.9485863945872,41.0427091988767,41.2743321351136,50.2324959835635,77.0120747538351,84.4432529174949,52.703639687577,55.3999459973821,50.4431477989664,29.84222377968,28.7010732071533,28.2511316753909,63.3460996889674,53.897081348908,57.3760301623424,52.8878189533791,34.0324498410649,66.4048819174562,66.5601436274445,66.8019890114722,66.6537433909385,69.1515905733969,66.3931703915618,66.5099000432094,71.0397761108825,68.6300103534387,73.5693191131598,70.899545641887,74.9902337622699,68.5678754532861,69.0721653741889,44.5672923538253,46.7835949977981,43.199394491905,45.2956861954163,42.8282028523178,44.2710107357472,42.8040383217395,37.9454180905549,44.8254426523399,41.3507475922819,42.1167575226765,38.4431309005765,51.3195478172333,35.3990792988433,43.8786174899926,74.1758409901885,76.9478523223231,73.9913232203415,71.1634159347506,69.0527713491264,66.1789967176841,72.6455227515428,74.2584732385733,82.9382631448246,43.3768218622115,50.3185583721339,72.9663780922794,39.8182934554617,40.767965584462,21.8621593543341
34.8620235733411,33.5729322399077,35.8086997888472,34.8473020594588,33.6800771694261,35.6310013523428,36.5045595480225,34.6344819425999,10.3096643107138,0,78.7477158872247,24.5391279602283,22.0349933040553,18.1952792134518,50.0205044695638,54.9902298681975,44.2767936880517,42.9582600616829,42.9258452440229,45.125732666551,42.6482669452608,41.7357285827419,41.9684657730595,50.8202824752058,77.6519183219475,85.0799904391212,53.2649742576222,55.9722065193104,51.0957140007284,30.3191970970345,29.1928618756586,28.5643471319896,63.9834388511803,54.5801873016084,58.012140449292,53.5241185993522,34.9565574530067,67.0300480388225,67.1856195122084,67.4272414886643,67.2762318116734,69.7739866871368,67.0153098494063,67.1319321550927,71.6627848555457,69.2537717045579,74.1926961396716,71.5230166585874,75.6138030564893,69.1912165837783,69.6961924738659,45.3024984356009,47.5162441881422,43.9305522624511,46.0430374773197,43.544083687346,44.9873248773961,43.522608896415,38.6028262327169,45.5193857109113,42.040981180206,42.8091085777755,39.1317455350396,52.0930354198283,36.0402762493253,44.458318350396,74.8042110452609,77.5766188696067,74.6199008617406,71.7917725530303,69.6736324266814,66.799930586933,73.2677697698661,74.880778471625,83.5570987460764,43.9876761627172,50.9288952863762,73.5877302149637,40.4528277046539,41.4399352262161,22.8727785549576
68.9164045075229,68.3812201054528,69.6680097328833,69.7984783025635,69.2873335795882,69.2615103153243,69.8664021476894,69.0335738049434,78.1269256037991,78.7477158872247,0,82.9414700514607,80.8895559142586,80.3174193358575,61.156759117578,64.6515418252889,83.0810332084713,80.8636662587048,81.6333906543957,83.0334216417733,72.2321735692565,70.0839541651781,70.7698597719714,67.817796141563,70.4527572607456,74.1688919421322,75.7426183424988,76.8805235615923,64.063673508297,73.9946823105657,72.4381670567755,77.0959802546684,58.8884197667221,80.5652201553279,68.2679364066796,64.6823914249972,90.716538762743,43.8759629546864,44.1296176303346,42.4211944444484,44.1296418463987,45.5556611294451,43.7394849969087,42.7152201941793,38.3541274879052,37.958965895888,39.4250484345649,39.8689860134801,39.9844486840386,36.3139902816727,38.7851898464678,78.9130183916203,80.8743224750438,76.8744914559102,81.5258033662607,73.8221265370302,75.6448225659809,74.6986564122378,69.4678866582695,75.3783321983006,71.7074803448848,73.2359212512961,69.3287848284396,91.7195834701734,70.0464849507114,75.7550021637738,50.9137857632758,54.4638112785133,51.2858074110782,48.1858447053597,40.9474686487577,38.8296698975445,39.4934912438902,42.8518546013618,56.7809123051921,69.999212499911,75.5587887827292,78.8746749480323,68.0205110502825,69.3973593263819,77.5977604561389
38.7155723196398,37.4399070331746,39.7114647082655,38.6619148295357,37.5065038159773,39.5858525957182,40.5064773399557,38.6086514842489,23.5297657207762,24.5391279602283,82.9414700514607,0,12.5997375576255,19.2990787634437,54.036616897729,59.0506951974828,46.3950082396745,45.1146924709333,45.0112356620631,47.3092313935849,46.0203837247169,45.1957722685527,45.4198995286297,55.3546051136723,81.6583186180956,89.1182968117053,58.0172229773086,60.6393073969956,54.9960862797896,36.0546230102695,34.8363236400603,35.2407545982887,68.0222521614998,58.160487943966,62.0966505051768,57.6093726166382,27.5002129497753,71.1839419065176,71.3364895225868,71.5799076001045,71.4559886482597,73.9543898117904,71.1983470872808,71.3157416303154,75.8362401089625,73.4201511528811,78.3625233373686,75.6921630018268,79.7817247714899,73.3615152126336,73.8600349787345,48.0522688308153,50.3227998109545,46.7427556691455,48.6104130393299,46.6023226846392,48.0505209152146,46.5559466535626,42.6334547164238,49.0072058545921,45.587145197752,46.3445338847105,42.7216007152937,53.8146645833924,40.3197436837708,49.185121709158,78.925975009544,81.6945106343291,78.7396695440835,75.9137304741693,73.8677100868945,70.9934187688069,77.4484567527974,79.0610405951167,87.7700284687685,48.4039196359623,55.3356454457433,77.804334570119,44.669589271648,45.2274250141105,28.9824021545311
36.6713119383543,35.3920375594035,37.6629057626508,36.6188398715858,35.459932667498,37.532953580787,38.449923018428,36.5519022382745,20.9071084546975,22.0349933040553,80.8895559142586,12.5997375576255,0,16.422185902294,51.9975777035219,57.0076596092062,44.5791351235642,43.3031337754162,43.2046287819579,45.4909776663985,44.0440723065142,43.2099496577562,43.4345179921634,53.2716600644335,79.6231199561115,87.0801433055665,55.918248539362,58.5462149782735,52.968711883315,33.8726226245095,32.6583728738511,33.020695207456,65.9835375003385,56.1623717361742,60.0512359019166,55.5636909061904,27.9909536282968,69.1353387977028,69.2881541600147,69.5314429509863,69.4051173350573,71.9034807420631,69.1471951011841,69.2645423045733,73.7860200444059,71.3705369332181,76.3126270764118,73.6423089172448,77.7319994563619,71.3115679392832,71.8106410388349,46.1571165684867,48.419191018185,44.8401301767775,46.7363678661234,44.6689261276827,46.1155868682151,44.6242314250591,40.5795511834887,47.0150937889802,43.5880253656161,44.3451250986693,40.7160094284321,52.0911930245827,38.2385842712532,47.0789915321818,76.8802842461741,79.6491631159422,76.6941531328634,73.868017598524,71.8156904101856,68.9414420930125,75.3976119301106,77.0102224625633,85.7164102705751,46.3238290265419,53.2573508462087,75.7482851019874,42.6036758024728,43.2024781300418,26.5510396945897
36.2386758396321,34.9554495141792,37.2116485651751,36.2019861966703,35.0397319370656,37.0619086563005,37.9608871342319,36.0745523098343,17.1444694454563,18.1952792134518,80.3174193358575,19.2990787634437,16.422185902294,0,51.493952978889,56.487345624999,44.7639182883787,43.4668639234342,43.3972278789893,45.6475729716881,43.780510281134,42.9140647637711,43.1420630227241,52.5716447822597,79.1215885303642,86.5666453162714,55.1343843454349,57.7953226299871,52.5079948848394,32.7232081379946,31.5449788650863,31.5045986643126,65.4701210863112,55.8219383787417,59.5219871199273,55.0342679515318,31.6993126870366,68.5783545728511,68.732310530387,68.9749059366029,68.8383660501472,71.3364752382349,68.5792012306669,68.6962458616565,73.2215956592413,70.8087926268682,75.749569821345,73.0795181895712,77.1696597586329,70.7483378301915,71.2498560017135,46.1144920348572,48.3571193798171,44.7748917746423,46.7604317988751,44.5156168868153,45.9610584077603,44.4807065590296,40.0772617839026,46.7107793565249,43.2626279460436,44.0244571355711,40.3754718614089,52.3840664989061,37.6450353164438,46.3102322290372,76.3353835638993,79.1057228554659,76.1500063218069,73.3230463838295,71.2434731720709,68.3694521470183,74.8304513924339,76.4432280487439,85.1370442129918,45.6724362982539,52.6090146001956,75.1686668266787,42.029111907949,42.7882350610252,25.2425163660788
38.8190733382128,38.4079963774468,39.5795711820033,39.8131036260943,39.4017780917475,39.1885130968429,39.808220704232,39.0943893911132,49.3778956495839,50.0205044695638,61.156759117578,54.036616897729,51.9975777035219,51.493952978889,0,26.0691901187781,53.2604406267086,50.9804346452109,51.8046848894452,53.1509593616785,41.4890362778549,39.1304945679139,39.8626851141843,44.9583592996114,58.017911024304,65.4531006570515,52.058442245205,53.2709536183897,28.7936746631446,45.7267699273599,44.1445484475945,48.8270846537654,42.4731600147023,49.1329625894465,32.2874474162639,28.2512284585963,61.7325671036954,48.3741780754719,48.4823134693189,48.8223271156632,49.0917249825009,51.6378239577895,48.9061994069277,49.0754281045607,53.5608408227244,51.0008629014072,56.0405050648569,53.3231540839597,57.4375658935432,51.0271369318902,51.3956132002829,48.7325180329739,50.6631890924922,46.653054486168,51.4724521213029,43.4506135231133,45.2538764225854,44.3269739143841,39.0568126210914,44.5472981805861,40.7987736029323,42.4488911074062,38.4752412039567,61.9378064996624,40.5123293585181,47.9584163000859,55.8480688611721,58.5683611416698,55.6298431149956,52.8246483637233,51.9518186441754,49.0523744228686,55.3090965971476,56.894537956706,66.2804207657496,41.3097813191844,47.1570215619516,55.8133091469588,37.66492446739,37.9238329176009,48.8149885707247
43.9845402292465,43.5504491176255,44.7276907697487,44.9705312148082,44.5394007338438,44.3158040649001,44.9144590749093,44.2008344816432,54.3520164427392,54.9902298681975,64.6515418252889,59.0506951974828,57.0076596092062,56.487345624999,26.0691901187781,0,58.577928083775,56.334210679274,57.1296450572574,58.5020167667658,47.073365969435,44.7738301415705,45.4747706731027,48.6947336058946,62.8612384068012,70.0418363988618,56.1327570613107,57.2643125980184,36.6702889864876,50.5718721444457,48.9905552746386,53.6963198418462,47.0807168855011,54.9243781266236,28.1573241781781,25.7774360055325,66.7681092220373,51.9523101965438,52.0866883500162,52.4442148075389,52.4705036180167,55.0353277075162,52.2687600727811,52.4576376652557,57.1053376945759,54.5805724149325,59.6179057599782,56.8856819533522,61.0331022719443,54.590174070217,54.9914481111222,54.221221192794,56.1554640425969,52.1671646924959,56.8926589582866,49.0701268442013,50.8497786081477,49.8982562529865,44.1633972886885,50.0711564597047,46.310120121083,47.9158211484558,43.9304285686934,67.2529005332998,45.4666898092176,52.5582418176447,59.7571429986925,62.5075517018059,59.552668428977,56.7285665828193,55.3553880185543,52.4499721296129,58.8113732476902,60.3876274510285,69.6128097236435,45.7862366143818,51.5311194046316,57.2820076642596,42.5125241785053,43.3911838191267,53.7885504881625
39.1949294190976,38.2612695691401,40.4326354897155,39.2170973886853,38.3963198285318,40.5470936952941,41.6626398239166,39.9007517653728,43.504153465462,44.2767936880517,83.0810332084713,46.3950082396745,44.5791351235642,44.7639182883787,53.2604406267086,58.577928083775,0,23.0308507296385,18.4742449965773,22.1717092912208,40.4539841475754,40.3889290635208,40.6087634127362,57.8385142349101,80.5060505069964,88.1970925834879,61.6564924966006,63.8564517230246,53.2955241807311,44.6804813125833,43.1991197858146,46.4610274596925,67.1580403627799,54.3059348377198,61.8093197825531,57.3468217966884,53.0475953721604,71.072998609906,71.2049388753603,71.4576777864014,71.5191028937586,74.0200261180989,71.282852063949,71.40347832538,75.8474035436466,73.3850894947528,78.3487090638013,75.6754633794506,79.7547044237458,73.3518130223314,73.808102428266,34.6770963872252,37.7992320377355,34.1711018991078,32.5980489301219,36.9598622058027,38.5823819603469,36.8079997441085,43.4012156250009,44.9233807266942,42.0962883221802,42.9824249847956,39.8500524552874,38.2763808887828,43.002456417278,53.2924524161002,78.5892785775444,81.3313571087043,78.3895922547058,75.5788509730441,74.0168388806008,71.1394122264331,77.5074012937524,79.1181430087731,88.0407461129523,50.735549317794,57.5309041656848,78.2967877655048,46.0894245606444,43.7234157440163,43.4506793517416
37.451400209723,36.5729053878112,38.682972615694,37.5379867892871,36.7673616630625,38.7911467304005,39.8991036167336,38.1924891005907,42.1928132954502,42.9582600616829,80.8636662587048,45.1146924709333,43.3031337754162,43.4668639234342,50.9804346452109,56.334210679274,23.0308507296385,0,16.5569771026006,15.9127441711635,37.6924086594159,37.6959991223786,37.9407035332515,55.9066970815631,78.1224241920298,85.8451662077114,59.8204043689033,61.9892515049449,50.8800177727456,43.2024880269925,41.7167860173884,45.0338822093648,64.8231386963048,51.7048229109241,59.5913387906512,55.135041629861,51.77342157388,68.8274543365807,68.9567960421939,69.2102271735065,69.2951285245167,71.7960669414657,69.0614145706108,69.1821224704929,73.6154310274257,71.1476081427616,76.1135441364157,73.4402185653016,77.5178369423812,71.1173126089099,71.568560073098,30.3388058691295,33.8900807067479,29.765172754148,29.1753615135752,33.0623873269921,34.8385015028346,33.0829882168036,41.5250554883345,42.465636806163,39.7223074480711,40.6852216116032,37.6048409018677,31.5279811577037,41.3007044167693,51.5627021815654,76.31408803347,79.0528092799155,76.1127470184881,73.3039750690776,71.8018445260294,68.9241625609268,75.281213350017,76.8918915441579,85.8399639797562,48.859312938243,55.632364848088,76.153025599612,44.1789687818766,41.5572593540453,42.1535690209606
37.8859593537546,36.9635325002922,39.1185109472892,37.9258449363549,37.1146470849426,39.2279297483801,40.3387570094385,38.5910034635973,42.1541168431467,42.9258452440229,81.6333906543957,45.0112356620631,43.2046287819579,43.3972278789893,51.8046848894452,57.1296450572574,18.4742449965773,16.5569771026006,0,17.8822528700859,38.9205112462911,38.8630785624755,39.0917119251469,56.4504879388293,79.0224314462591,86.7205267997036,60.284387808001,62.4796336785657,51.809137971246,43.3605402292302,41.880109207183,45.1344280959233,65.6861241814278,52.7932073489309,60.3667152573844,55.905831789133,51.6357146352086,69.6196484945167,69.7510322329042,70.0038724962219,70.0703349361352,72.5712324243925,69.8346118192472,69.9552244107257,74.3967841428954,71.933320871874,76.8974017501759,74.2241662292786,78.303028815706,71.9006620706605,72.355898717228,32.7734307741159,36.0387039239222,32.209262532182,31.177047110839,35.104216496057,36.7819388381322,35.0236674667831,42.0495028318542,43.4637341900507,40.6533072452624,41.5625101137001,38.4382471844243,34.1682891249542,41.6779208944348,51.9455167958249,77.1294620765361,79.8708190714736,76.9294243853967,74.119110338615,72.5698153430167,69.6923473341804,76.0579977938541,77.6687420347484,86.5966586312132,49.3652072477591,56.1555721541637,76.8675640400774,44.7194329009776,42.3145896614019,42.1283713118842
39.5549394574098,38.6728798026444,40.7898372674349,39.6339640301943,38.8606077392608,40.9012364365203,42.0120690394179,40.2996454990903,44.3600832805239,45.125732666551,83.0334216417733,47.3092313935849,45.4909776663985,45.6475729716881,53.1509593616785,58.5020167667658,22.1717092912208,15.9127441711635,17.8822528700859,0,39.8735985564123,39.8803280544028,40.1196695581103,58.0541986140998,80.3062822326265,88.0261724559646,61.9636270797995,64.1335169118722,53.0629724407595,45.3351453589633,43.8484367420843,47.1752728986955,67.0018865108068,53.8894231580924,61.7568993428168,57.2998585382101,53.9892497113771,70.9992769587092,71.1288340564329,71.3822464927459,71.4651943180523,73.9661552369748,71.2312829570393,71.3520096108166,75.7862733148871,73.3188819971484,78.2846545306568,75.61131318698,79.6890914999045,73.2883563799611,73.7399996060534,32.589346204348,36.0613419670901,32.1083483167151,30.8436518747211,35.4103613242147,37.146082637842,35.3709090200342,43.6493023576788,44.6181486246669,41.8703873921517,42.8219787915007,39.7407559740234,35.8486559037156,43.4193000603589,53.6956117370045,78.4884656219547,81.2274674039791,78.2872593336983,75.4783195095643,73.9713125855389,71.0936408875935,77.4515949573804,79.0622652007403,88.0083424680878,50.9979043002553,57.7729042054423,78.3145546156952,46.314367823394,43.6994610579596,44.3012152204486
30.373868665567,30.0813711710359,31.6328219958463,31.0569319116727,30.8206512759221,31.7747742430779,32.8967628535552,31.6773046072663,41.9485863945872,42.6482669452608,72.2321735692565,46.0203837247169,44.0440723065142,43.780510281134,41.4890362778549,47.073365969435,40.4539841475754,37.6924086594159,38.9205112462911,39.8735985564123,0,18.1944197029994,16.1703893288068,48.8437093562361,68.7862138455776,76.6213757767365,53.5533495358492,55.4429641803279,40.8292858321937,40.1794965018637,38.6164056909444,42.8121875418657,55.5599755282756,36.6829115483987,50.4515517634479,46.0001269880665,53.3940315832952,60.03615286211,60.15368500186,60.4149821924607,60.6057988214536,63.1096028981135,60.3851864240059,60.5092590307796,64.9031252969118,62.4073306418398,67.3871729585863,64.7108206313497,68.7841123284649,62.3925817868821,62.8183211197031,33.0437218845539,34.5219734120071,30.7004657242433,36.8162131589822,26.9472034736174,27.8073679853247,26.6817810003392,33.5651247352008,24.7262512308302,24.0283131819916,26.232936901291,24.0899878910076,49.2808041496206,35.3131311842303,45.9063577137691,67.4006605604875,70.1245215116406,67.1915415627232,64.3910656730257,63.1706182157134,60.2905116296846,66.5973905466017,68.2062279236401,77.2838487346302,41.8405319097924,48.473529263535,67.6415939234732,36.5069808432494,30.2422171322539,41.4531581639822
29.1570439242845,28.9178688560998,30.3501941749612,29.9608416948148,29.7498496477897,30.4330886364761,31.5056764274949,30.3980579422779,41.0427091988767,41.7357285827419,70.0839541651781,45.1957722685527,43.2099496577562,42.9140647637711,39.1304945679139,44.7738301415705,40.3889290635208,37.6959991223786,38.8630785624755,39.8803280544028,18.1944197029994,0,11.6629786449816,47.0281067603526,66.513337387349,74.3657903459816,51.8842214808377,53.7257994142853,38.3243997456269,39.0309066438845,37.4623178646889,41.7329641103037,53.2837816781838,30.917556549794,48.1816094917173,43.7316285602695,52.6156670978905,57.8559649844645,57.971276674531,58.2343866640965,58.4451069382528,60.9496131091227,58.2270677874645,58.3519445681349,62.738905140277,60.2376843677737,65.2203467188863,62.5432583430606,66.6159358883945,60.2259748880592,60.6467715522792,33.5037784248044,35.1350454784606,31.1756529291639,37.1103142664355,27.2127477525096,28.442837591477,27.523973586509,31.9245853952002,24.3591877313141,21.9514537194048,25.2561267934521,22.363259068123,49.1774333926679,33.9152840548144,44.3993317229049,65.198645163805,67.9197830499971,64.9880583340476,62.1890647970012,61.021872708576,58.1412415732605,64.4386465316423,66.0470471365847,75.1498684521212,40.0936859092111,46.6892045625141,65.5160702765726,34.7109835622134,27.8366554183122,40.5283621321762
29.3016692147745,29.0691852394916,30.5165869739586,30.0935603175324,29.8932099622994,30.6214728690862,31.7135685447586,30.5862505350676,41.2743321351136,41.9684657730595,70.7698597719714,45.4198995286297,43.4345179921634,43.1420630227241,39.8626851141843,45.4747706731027,40.6087634127362,37.9407035332515,39.0917119251469,40.1196695581103,16.1703893288068,11.6629786449816,0,47.508956428361,67.3121496778813,75.1436638835864,52.3120211245311,54.1690189141811,39.1840560271177,39.2950856756339,37.7265673254883,41.9893749160652,54.0532490012436,33.0354288242276,48.8610209734621,44.4053610450894,52.8364056638339,58.5613712195089,58.6784918519954,58.9411094597054,59.135466682992,61.6399760829729,58.9156597511589,59.0404962545318,63.4348887209383,60.9374854854593,65.9185466719464,63.2415082223092,67.3153166794716,60.9237109832204,61.3480017357246,33.7782237221521,35.3752839804969,31.4771236421856,37.3433111717585,27.6961937053049,28.8252447363042,27.822060645345,32.189184737535,23.2461523089405,21.4048692952782,24.8363135935999,22.1629071954689,49.4187954393453,34.1787484936029,44.7461199049288,65.9245126873553,68.6479605688575,65.7150708628788,62.914727274377,61.7060600855643,58.8255979552473,65.1306189871727,66.7390567199006,75.8242022885537,40.5072462421533,47.1203150724176,66.1427371285431,35.0977096825291,28.1540183826096,40.7581501295175
42.5633854780805,41.8454450443121,43.2049432491325,43.3630340899715,42.6966115012178,42.6672526048158,43.1423549680581,42.2606446247793,50.2324959835635,50.8202824752058,67.817796141563,55.3546051136723,53.2716600644335,52.5716447822597,44.9583592996114,48.6947336058946,57.8385142349101,55.9066970815631,56.4504879388293,58.0541986140998,48.8437093562361,47.0281067603526,47.508956428361,0,71.0816552781145,77.7975532531548,36.2978191924447,34.0493041686614,48.1337461221927,45.0436931449948,43.4857194081506,48.3951729445974,56.9202850621143,58.2719142605469,51.1447799240934,46.7800263869849,63.2949591677245,57.027134973298,57.2573086866476,57.4572337184913,56.6292693643077,59.116129108345,56.2873567947051,56.3907889073302,61.198701025025,58.9584369407359,63.8184579752139,61.1609073103068,65.2867092324574,58.8030369644045,59.4620336123669,54.9984562569776,56.9767738324166,53.1612900683704,57.0763130877026,50.9494700734998,52.5521984052345,51.404314729955,42.9403043997391,51.4983577528098,47.714538343367,48.9573230578018,44.9577440102937,66.4632441324274,42.1566576743282,44.0314727164527,65.5805335296259,68.4450504710426,65.4439422960388,62.5638836020323,58.7030707999971,55.8404114127885,62.6295172935141,64.2494687889792,72.1317638900517,38.3857629499982,42.9249010414505,61.3347045857463,40.3456611462503,45.0757003257601,49.6929535244803
67.0967570021845,66.6319928137392,67.907259214161,67.9959896383998,67.5480091357295,67.5680113623235,68.2377644692594,67.4039921676168,77.0120747538351,77.6519183219475,70.4527572607456,81.6583186180956,79.6231199561115,79.1215885303642,58.017911024304,62.8612384068012,80.5060505069964,78.1224241920298,79.0224314462591,80.3062822326265,68.7862138455776,66.513337387349,67.3121496778813,71.0816552781145,0,39.0348124277799,78.3516441381283,79.5978698951108,58.3937901174048,73.3949173076866,71.8286641066219,76.4276517850409,49.9493763317519,76.7165701168869,67.1421279110687,63.4716359321995,89.3429456711557,56.0731451548074,55.7780195240789,55.7253706697263,59.7103535323855,62.0253377591173,59.7708233604789,59.707071547973,61.7398271322805,58.5504870755691,63.6439259197849,61.1728723081612,64.713550422987,58.8767569705483,58.6609876642247,75.5857547124819,77.5475883474883,73.4282394263484,78.5071440751958,69.8712189163982,71.8507281664554,71.0319929085781,67.8289390539602,72.2897685358338,68.7244502687397,70.3859904075228,66.5650268583647,89.144607955478,68.8816742089722,75.8517759128497,56.8511770504292,58.8649119619395,56.3814890947488,54.0700949470804,62.5205267605216,59.6830571646301,64.2350037042121,65.94756122685,78.2022502043044,69.9835508363745,75.784491346962,82.0946454482608,66.9567396714947,66.8645564575632,76.480916738333
74.6245539792445,74.1496544276535,75.4233816398113,75.5240686826042,75.0666277591131,75.0709640277589,75.7279932544076,74.8984380861615,84.4432529174949,85.0799904391212,74.1688919421322,89.1182968117053,87.0801433055665,86.5666453162714,65.4531006570515,70.0418363988618,88.1970925834879,85.8451662077114,86.7205267997036,88.0261724559646,76.6213757767365,74.3657903459816,75.1436638835864,77.7975532531548,39.0348124277799,0,85.1936541083493,86.4148221447839,66.400570700102,80.7377915643798,79.1725545477474,83.7848334031098,56.7173511723425,84.6067826457974,74.251035478381,70.6174913117655,96.818565823487,59.7499689844327,59.3784783054169,59.1624558093289,63.9082137797369,66.1601553998069,64.0053001808706,63.878423020304,65.2999049634921,61.9901753120873,67.0520294773437,64.6770204863161,68.0286973857027,62.3657004999457,62.0379932945775,83.4174488078701,85.3780448938914,81.2827576313095,86.2804116897385,77.8233220737133,79.7699935517546,78.9259594199154,75.3094662936777,80.0496122804242,76.4603345449492,78.0991981256697,74.2586073885412,96.8370297047882,76.2947694126958,83.0651699980286,58.2791328057373,60.0032446181166,57.7629590006439,55.6921025906557,66.6102918037146,63.792680452934,67.9553997810389,69.7103613436673,82.5382954840408,77.1847335918721,82.9438835116181,88.5647743159234,74.3208511200789,74.4916664538088,83.911256875159
46.548465339734,45.7142495165727,47.1943783149172,47.2365335427682,46.4737912524773,46.6621099644563,47.149363679328,46.1265616997787,52.703639687577,53.2649742576222,75.7426183424988,58.0172229773086,55.918248539362,55.1343843454349,52.058442245205,56.1327570613107,61.6564924966006,59.8204043689033,60.284387808001,61.9636270797995,53.5533495358492,51.8842214808377,52.3120211245311,36.2978191924447,78.3516441381283,85.1936541083493,0,29.376142643794,54.7287823777235,46.885726877157,45.3591404814403,50.2707304597628,64.3292593221822,63.4222901658962,58.777293387371,54.3929806911118,66.0550139728673,64.8931919222263,65.1106037649482,65.3065017262319,64.6010046913476,67.0807552634129,64.2696563455751,64.3654535394881,69.0949314977592,66.8355279310984,71.6983624657727,69.0469753857073,73.157775821675,66.6894925215304,67.3308079910233,59.3109140199638,61.3103188936802,57.5400985623639,61.2026110828475,55.5930654027298,57.1557849554068,55.9543536557771,47.3555903097188,56.1703786166667,52.4094954058412,53.552736266016,49.5797865494936,70.2457827922371,45.7955020787137,45.51366891385,73.2977166862892,76.1480561991909,73.1544708801791,70.2831169635466,66.6756753987494,63.8158563056439,70.5482452533851,72.1723262579669,80.15302800443,43.9683926301408,49.4346914347735,70.6768223267259,45.3870783974138,50.0267462197974,52.203426634016
48.632922921724,47.8395112490788,49.2718527858591,49.3644878252753,48.6357814900693,48.7308676887826,49.2063269856029,48.2410663151198,55.3999459973821,55.9722065193104,76.8805235615923,60.6393073969956,58.5462149782735,57.7953226299871,53.2709536183897,57.2643125980184,63.8564517230246,61.9892515049449,62.4796336785657,64.1335169118722,55.4429641803279,53.7257994142853,54.1690189141811,34.0493041686614,79.5978698951108,86.4148221447839,29.376142643794,0,56.0844094090695,49.8142400486698,48.2707360735223,53.2073498753135,65.5338426975609,65.171563513239,59.8545049319199,55.4674162725151,68.6398154621221,66.0266216299862,66.2463056132962,66.4446744092461,65.7164765977204,68.198824871814,65.3837755430734,65.4823933769152,70.230402961744,67.9729652880301,72.8368965194236,70.1831747570617,74.2980104498374,67.8262315040423,68.4694118622659,61.3449909935208,63.3362798843299,59.5525945527659,63.2979662061441,57.5203365653173,59.0937370273902,57.9086961787152,49.2537946715869,58.0623630550144,54.2897868799011,55.4637686118425,51.4779147745386,72.460928599556,47.9401012872901,48.190896356329,74.4605355470917,77.3132269335664,74.3182653312143,71.4453382210544,67.7991084293046,64.9380931300665,71.6807899550255,73.3033490594122,81.2721938078426,45.0288607528264,50.1159046698958,71.4004225136233,46.9821206376301,51.8027104042604,54.8792677769615
39.7040397771333,39.3223826518817,40.5309805858655,40.6711016767875,40.2903560633542,40.2150643466311,40.9089041029849,40.1365385272657,50.4431477989664,51.0957140007284,64.063673508297,54.9960862797896,52.968711883315,52.5079948848394,28.7936746631446,36.6702889864876,53.2955241807311,50.8800177727456,51.809137971246,53.0629724407595,40.8292858321937,38.3243997456269,39.1840560271177,48.1337461221927,58.3937901174048,66.400570700102,54.7287823777235,56.0844094090695,0,47.1249657433989,45.5462422026519,50.1421386634698,44.2228368778397,47.9310866648263,41.2848688629996,37.1400583864112,62.6332343320047,51.1691470294464,51.2380804841458,51.5433933880599,52.1723546720727,54.6907220252478,52.0090631286869,52.1495981164856,56.3908907278705,53.7776456452727,58.8192480135279,56.1261616272859,60.1876333442791,53.8288327754029,54.1476213674748,48.1660673380616,50.0988777612852,45.9894555805293,51.1569218127274,42.3694073040399,44.2996586410109,43.4809458482059,40.3260411981961,44.2567199392841,40.6300941786341,42.4060796740048,38.5394400939686,61.9626155809694,41.9359808096402,49.9898939018522,58.0927497013674,60.7618145020869,57.8525188291241,55.0805929612749,54.9947405703214,52.103834308542,58.2035064299105,59.8030316758402,69.4293506707688,43.8513189283485,49.8700316779944,61.1289547745054,39.750611907175,38.4286369239481,49.8945248296383
