IBR/IBR_outputs/all.combrep_1/EucDistWater_Total.FireFreq_2000_2008_Total.Silt_Total.Spinifex_Total/EucDistWater_Total.FireFreq_2000_2008_Total.Silt_Total.Spinifex_Total.asc
NCOLS 160 
NROWS 95 
XLLCORNER 210004.651214014 
YLLCORNER 7350008.22228844 
CELLSIZE 4999.99999999997 
NODATA_value -9999 
[rows 42 to 62 of 95, columns 92 to 137 of 160]
3.07993708781041 4.91252769045624 3.18047151974849 2.34192479930715 3.54020723253301 3.99504926217668 4.63710867134391 2.96917087895616 3.41769219711321 3.28308950358258 1.75495964166628 2.84982953549439 2.83116174132411 2.19630564838994 1.29828209920479 1.89038770568493 1.15389190952711 1.4806445962298 2.26201398888337 1.54419922600113 2.43071750332419 2.90323340638043 1.65702314044262 2.7045923754842 3.96529236293472 2.43517989956051 1.29367846853551 1.29843819395006 1.56323997910843 3.09050118898669 2.73546251437051 3.32647428056733 3.66443786553426 3.11196750244024 2.03206618404242 1.88110212351924 1.73386678415249 1.60567650154507 2.75176240493649 4.54685803043545 4.59090820134472 2.39556530509695 1.25561111596103 2.34792374200576 1.61674208948207 1.53454434983019
2.2927250332856 4.63463434203832 3.16337911635657 2.52256299667189 1.93670274208713 2.19681812161913 3.40979539645447 1.91789608543838 2.77265417696881 4.60545636751965 4.16119023053747 4.4192930169665 2.87109232599737 1.40291596031145 1.54605968695466 3.38325549197783 2.06549306161838 1.53077267896332 2.33985139012715 3.51364312160385 4.42917599380729 4.48124548633512 2.19542511304478 1.8380160296645 3.23914230990735 3.11231028792521 2.62775171241049 1.16707836294632 2.19405410095392 1.48617344785826 1.99875842389415 3.26739000813894 2.51572563291329 2.27319183923344 3.72353962457073 2.9134561294063 2.01312137228931 1.08771587157096 3.67041447576148 5.5473772646812 5.31729135959893 2.22860729027756 1.1504304646887 1.63281610768152 1.22628948613799 1.56693012947063
1.93274338721955 4.2055982111658 2.95558134923927 1.80679754323658 3.06403064543225 3.00549923268357 1.73279847892283 2.73892020373038 4.2778149974684 6.30004881425841 6.64943732978588 6.73805581070037 4.5723786755804 2.63188133574202 1.36830303078444 3.03964006372827 2.64825026777982 1.4158388805059 3.06222403680561 5.58114707217061 5.51550315761394 3.10258297565661 2.27125411744372 2.30885447911974 2.44189651658333 1.40759045722551 1.50752616364086 1.55107839994506 1.83820364213491 2.29128287254882 3.13792017265583 2.41511554503745 1.53281074541946 1.92798153057914 2.75761771259541 1.92327391637838 1.71662536608114 1.02966693413078 2.57033716569603 3.3168965384829 4.61672110137405 2.34484284109777 1.74938599544707 3.36786657271674 3.03252807054019 2.11016002543476
2.20146904330885 4.30264065941436 3.54179952688219 2.99970615243414 4.23475826397273 3.6339771629831 2.89725551432632 3.94707836203402 4.28404921434193 5.00277633413284 5.69126530348012 7.29074943806055 5.33153604490212 2.62439241320627 1.61507172321453 1.85526163794292 2.29582865684297 1.92522243930967 3.94807949934056 5.97239567470429 5.31425373588131 3.77042289576384 2.79663508421082 2.19808597031691 1.17402654251805 1.59070005694304 1.35994966086233 1.4240245650892 1.74019339164741 2.3401272304925 2.05488692573088 2.53213059049505 1.6501385768575 1.77799113116333 1.78242030285356 1.75886422210589 2.74807231605426 2.58599109259307 2.39312672716757 2.77114120197269 4.49895609388941 2.65955085031783 2.75233789935922 2.95418315016891 2.60249876419026 1.49405883414413
2.3758842948375 3.2769530086857 2.15664956753676 4.21131246076348 4.27084663642004 1.86853369401326 2.30246820585041 3.19706530310977 1.86550757710205 2.58739202762716 3.17771628603675 5.21803947942773 4.95756848795305 3.99852610953593 3.39114571621421 1.83879693296214 1.81791663382199 2.86263228268609 3.83448203320375 4.35418791992715 3.12619695843037 3.51690869206039 1.71938287182999 1.66994236855325 1.2872072482356 1.35266367320959 1.55211350523471 1.515825619779 1.51826407931755 2.5769473481816 2.34402462930015 1.91891410310821 2.70674504675256 3.10953127344597 1.68096597763442 2.88954034699748 4.79824906475112 5.00968724773618 4.72744250377591 4.1137046529268 4.71604898704218 4.93267131997219 4.6359908648373 2.79192733321847 2.31202338273805 1.62988951521185
2.09933721440987 3.55801924195453 2.73457630084147 4.40784026434473 2.97491687386795 1.61422678581871 2.07860421349048 1.94963656055055 1.40327309770671 1.18702796378552 2.32638747176523 2.90632346624161 2.95250081604493 4.98664631509432 4.27803301316353 2.03380218575343 1.55992840880007 3.16861423787675 2.13243990302914 2.5591143758196 2.67949861803092 2.79864143503878 2.33251492357226 1.40991420860137 1.26617968090267 1.54880936028862 1.3332982661732 2.49344767446511 2.19421543229502 1.17583815191519 1.1668528243244 2.06957427295553 3.20480431658357 3.42803807882421 2.99442074942284 4.39809119254694 6.49893159832828 6.90992057751625 4.68154675003163 2.27583377571702 3.28777012552929 5.70676573851126 4.87670235883907 3.32087788756147 3.73805267537835 3.73847585467408
3.06602035193085 2.87791709027208 4.08526395112097 4.65814850223826 3.21745971630279 2.71374144093839 2.90490579794349 2.91173647004802 2.21955460022813 1.81075813572086 2.68313881587166 2.4310935043941 2.55765473501 4.34420803655341 3.25731480422914 1.48508064148795 1.8325110484797 2.08239438070247 2.97627004439136 3.37795981227564 3.50433734174481 2.36679545332551 2.87099493332498 1.83340563329369 1.97703571628784 1.10669270551375 1.1355583824296 2.60860770678648 1.75962796445261 1.77539067668236 2.24523213063634 2.01236007804957 3.40800534661455 2.41788749038079 3.20178280464552 5.2658178773548 5.59770359004993 6.14173622661819 4.73987323500913 2.79795168162175 3.77618225309485 5.78582242591348 4.22431616471061 1.93447714790627 3.3534618511055 5.47071273151206
3.29638977699143 2.95403835684047 3.7696448524901 2.43139812587008 2.88988157068806 4.09057908709376 1.92498143663687 2.46337272904322 3.86243109884819 3.89702979811765 2.73599823409252 2.63168889310241 1.78926821261896 3.38610323648668 2.31970630806144 1.95826881632947 3.11042407509109 1.85181157111475 3.17233669767652 4.53875961720423 4.27159001792171 2.32116122486705 2.20886981471614 1.9388772540377 2.0915932008847 1.07020505372492 1.38648947952735 1.8069607207996 1.987018352743 2.06283789597407 1.76194128724202 1.80196554812331 3.67340665391981 4.39018732669703 4.44285290709932 3.96415094997969 3.01482202777271 3.68643295951021 4.82516903306813 5.34865210716438 5.72350969286612 6.74743105444569 4.9614545241435 2.93796276772404 2.84233218233429 4.02820418459461
2.97287098730185 3.23149536282625 5.14336452178466 1.93079863441637 1.81774440815042 2.33619317195004 1.4301469203809 2.06218757598667 3.97151101376182 4.1135669310569 2.29453651130186 3.18238796913989 3.76452051742866 3.30472267672636 1.48330356035729 2.97062846131077 3.76944467026086 2.13757359668077 1.64579593691067 3.31653159889482 4.62668887751498 3.63571757137069 3.56649420834018 1.72207037172494 2.36509646978308 3.58275865415755 5.10927558169191 4.46611530833976 2.15530197270555 2.2196075645146 2.3126298246998 3.77517566732245 3.97069521579884 4.88653142908684 4.02668093843687 1.78673967606729 1.26864554350132 1.26039923787533 3.53684908446831 5.00945216314629 5.60147705031472 6.67967446286602 4.73299078582812 2.26529914298979 2.13274936232941 2.67304690496849
2.6138146662367 2.66799210166586 5.77389578832938 2.43004248270568 2.86056220880917 2.00269570680303 2.33148631048211 1.81468785561016 2.29680491807139 2.10423564126961 2.10033518125781 3.44145819994796 4.34798766358465 2.54793075823919 1.43303564782312 3.55280856313071 2.88864196625196 1.79999946032655 2.43399570131157 3.88719361111343 5.89720103620704 5.52797487018653 3.88690636007507 1.97392506349149 4.84725538020425 5.75232424777031 5.32177573457553 4.55436365033971 1.97951810349661 4.37609141985754 1.97015956018607 3.32927241594972 1.75819631585001 2.3440347916193 2.7090624025298 1.18304521516285 1.54874832491543 1.68090696589016 2.7299166901855 2.31208713825943 3.2243289663036 5.34763051999789 5.00292163493959 4.15407269924564 2.45725385571693 1.70934886020885
7.94906659259515 5.43139853119056 5.24979549252093 4.21687804147974 3.80283644608205 2.75448170488559 3.22036639171781 2.14413492403725 1.80669257460613 2.22685606312886 1.73107065146399 2.72586446175124 1.98518454821185 1.37164677665198 2.20994401758861 2.40244266601978 2.21658885315646 2.0168342280314 1.47500104766177 3.33965052703196 5.5603948487558 5.13162610882782 3.59467792039841 3.8134500314181 4.56366870525775 4.01474846851459 3.14026762865028 6.71934900099211 3.85377339416652 4.03334010714783 1.11199920303153 2.51735435011218 1.22551089466606 1.54758133219647 3.25214191541319 2.80900199139524 2.05948080252433 2.55763372321676 1.77127225548565 2.02087276318244 3.50789512777358 3.57690956163661 2.98201821867373 4.38878433821681 3.09160056701594 2.8360709988823
4.05261758815198 3.78445880299669 6.06467165013996 8.13225457131634 6.54283443219377 9.15611569444183 4.79064263192872 5.10984483541498 3.64704402340187 2.53619361792653 2.23137025818189 3.07408831543446 2.180588508992 2.46216867437097 2.45985679095085 2.51462938509237 2.26645752230264 2.01822425946543 1.46072426182639 1.99452756503032 3.7158742701253 3.64960785648903 3.1832168323764 5.8969425245864 7.54285201282361 5.79435465781364 5.89906611795814 8.75102758607091 2.92261222484619 2.90762485169128 1.33494879309674 2.37234939037631 1.50902604812009 1.62511618818858 3.26993556438439 2.01857202812665 1.8443407200265 2.74296507717315 2.27855137882543 4.40685459570169 5.38625825932589 3.437961471834 2.8697877313844 4.80292400226864 5.14704323588652 4.50066928908999
6.59122830285007 6.29190260604353 5.98495343813604 6.10452216113605 5.25779706214886 5.97594567611766 5.07479465587633 5.80702238106559 8.45921538453964 5.51288938832514 3.67900333086648 3.0718964055772 4.29640508852188 2.92714075580658 3.0972213115314 4.59460895543971 3.36005915090647 2.39973092167311 2.38880178001172 1.59871573312882 2.13225979578264 2.21145559773302 7.12539341063006 5.95847284616765 7.61840220033543 6.15907174885167 4.33164763648684 4.12210516666192 2.83834745918998 2.75839423851167 1.76581373876857 3.00443470648342 3.61468925057504 3.47052012760228 4.10489532106822 2.80422861290744 3.14486727004193 3.25326809091517 3.36883625619082 5.41595600455164 6.69005121811304 5.47906110272831 4.98691114165949 4.16959415054607 3.05429357414681 3.19653190461472
5.15460783860667 5.97076139783684 7.67125027987178 7.64038823664723 7.4805508539197 7.3299751302309 6.34200485288623 5.92242485188897 6.51484381025895 4.38672864582815 3.41456829365694 4.82318013849211 5.86559564996711 5.16297179955975 3.87971485202908 6.03169186251252 5.96182627348871 2.72508134769241 2.09042344896707 2.34369636143254 2.64145956155223 2.73845062214264 8.30829852258048 6.36970089774579 7.12709623951866 6.96712628912004 3.56214761532541 4.40205273265552 2.04074567188866 1.62552175569403 2.8542136521418 4.59406501398679 6.48103902242295 6.73015753302354 6.8027028780891 5.88057942791037 4.70584117042089 2.36129782794387 2.93741390572044 5.5088205431645 7.82130620977849 7.17128706722343 4.87138949704079 2.1948437354254 2.13749406629723 3.60053886344338
5.12789225900296 4.51471953471164 5.87710440586749 5.49217833115868 6.45654744229714 8.18170793460972 8.39217141892152 8.24485541367607 7.02364716898668 5.49610092244248 4.78946295449424 6.22437613085077 7.12407722058049 5.68704596028685 4.0569821658761 7.17216512539193 10.72802668072 3.98077016469245 5.75429167862633 5.86878681649581 4.97326951109562 2.56226183240607 3.43452673336847 4.60582165883117 9.2595253764549 8.27070092844128 6.04925856230793 7.77832266442415 2.38023284723334 2.26475895413726 2.27287857999412 4.9781103549102 8.55043059531988 7.56428099419569 5.3031737440869 4.51242822561684 4.73488783686645 4.29704134041346 4.84420834724134 6.64556725015605 8.74628348029076 7.42212359692828 5.09561085125525 3.24771748504397 2.56340666326854 3.08255507033503
4.6329122619003 5.97783746155277 4.67533499523678 3.32861844595502 5.31919448642237 7.39945164202258 8.6491096744423 10.312644355974 9.13137270381397 7.96503412018058 7.32752768420097 8.26873685952961 8.66753139343865 7.29693510412188 6.41273124481391 5.48933610309515 4.32450967692612 6.46592535961112 8.87840667512446 9.07586811011831 5.70690528893642 3.89388706933009 6.13835688920542 7.24008189658329 10.6151412157019 10.7629437787978 4.61997464958185 7.14620547269178 5.06084948630434 5.67087005682188 5.51403425039311 7.12395987325336 8.29471303860761 6.04736477043896 3.3074068852928 2.17069227870895 3.69953058840387 4.61488823811072 5.20737460882953 7.18315515863125 8.61525379519408 7.45791776419962 6.53685773740763 5.12088595465954 2.76753103517545 2.24332507005755
5.2613139003264 3.31178916745743 3.78763888500364 4.92879806156264 3.92976890521329 5.04518607178967 9.11633103850259 9.6075237472527 11.0587778384919 10.8216417197128 10.7818702195508 9.55620809733154 7.98274020239474 5.88146150160824 5.68505412947796 6.24607652745206 5.52508433475069 5.54176979009418 8.64194967821393 10.7020571427194 8.11988764323259 7.55057220898008 8.73463299450053 7.16717725839362 6.93383987855521 5.29068012480237 2.70616882862643 3.07791413940085 4.96760892289089 7.01755006204327 8.12612860050413 9.32683603991438 8.36941131612181 5.99084122824585 3.62560850258733 3.06438830908436 4.07257541016901 2.50279611831213 3.39603645126935 6.00322121994023 6.94288690170009 5.31168503705248 4.73748488158859 5.49940448504311 4.1072318865637 2.07554117563776
4.64769547188392 3.51817230288886 4.26872475090333 4.47840114881283 2.66472396556631 4.26660893290531 7.946523176075 10.0189348032903 12.6049579937793 17.3001830633748 20.8584677769122 12.0318895862066 7.2622630962468 3.9373801117305 3.04856881300368 5.22510609822948 7.36225485741475 7.96990702973299 8.74509790975701 10.3254340824238 9.23524228814617 8.80868712065936 9.06473568874228 9.00684128130864 7.35568814538929 5.64071249662803 4.10128107552401 2.82036711600991 4.93741180250734 7.4280954840807 9.87520643567049 9.9707757276168 7.76418162604387 5.44990100379654 3.23624101692933 2.73651283726867 4.58008513956012 3.17346623419789 3.94016261992643 6.04838208205334 5.47237468864665 3.27500506207471 2.31673976971925 4.31190611694648 3.43542307725364 1.83740117225779
3.10247301252494 1.83594768840103 3.63125568196282 5.17236906413139 4.58661573548318 5.60126472151084 7.70187365832008 10.0350990927878 11.6030896684842 15.5358944811681 25.867523659671 25.7460736170176 14.2748269315281 13.9255544847181 5.74839471100024 5.698392291155 7.93679538780834 10.1732416007752 11.018531692856 11.2125395418085 10.8148177042789 9.60206000156513 8.67118836751332 8.62018293113584 8.63800308390009 7.56019266356115 6.12431670418973 5.71490643300923 6.43273765265847 8.57730379900003 11.0690097589387 10.4371603024579 8.20574766012961 5.72024124901953 3.8812156185615 3.52875055345551 4.71738350763607 4.99477298239115 6.05827292243927 6.7774109478621 4.33611468328205 2.11900850386561 2.83045544648052 4.7925798926944 4.78251480361896 4.012348804552
3.33343198205671 3.56322181286864 5.09805214109209 6.43475516876923 6.14170380833239 6.27856484512016 7.71312433024901 8.16318894402365 7.85313102554348 8.96121911698162 13.7350507119213 13.4963533944512 11.9290243404613 8.46466400848921 8.86262626091989 12.2170480023054 18.0546779126029 12.2371347340089 10.9552944347862 9.65832613387789 8.9148066635193 7.69832212407692 6.47103165821037 6.20788011689079 7.44162724518335 8.59731372508141 8.37213279107175 8.32051123138996 8.90606636628496 10.5917489904082 12.1003956855746 10.4515513429931 7.82868363813155 5.25904727530336 3.38059609398262 3.49449959259686 2.53584171929607 3.72702720559691 6.50876061861635 7.54005880555078 5.37750285782971 3.80318440055898 4.59742862626568 6.39024991216867 6.76364731140633 6.27801448698555
2.21572757267949 3.14071229552647 5.65529883135532 5.28339461356317 3.68877693870604 4.41985504388535 6.34685763436665 5.53803125744047 4.76356496625473 6.0784303464558 8.69986899138365 10.8403162056331 10.6284069204057 9.83699064132855 9.623138688546 9.93910126708835 11.2037820897007 12.8281286768903 19.227710843752 12.8560388673779 8.65694028316201 6.06834528717092 3.69270962903505 4.22421471846107 5.93698754051577 6.33794267670782 7.57431255199824 8.70677165366114 10.0620512615968 11.73175404399 12.4604398402899 10.5511107982379 8.56387176191349 6.48259517750524 5.54667779875781 5.23051825659813 3.55701025599612 4.48033086831976 6.85040214270142 8.77921254806419 7.55147896859205 6.7806321225853 6.71406162348557 5.90355737030939 5.39627191108331 5.73072228928856
