IBR/IBR_outputs/all.combrep_1/EucDistWater_Total.FireFreq_2000_2008_Total.Silt_Total.Spinifex_Total/EucDistWater_Total.FireFreq_2000_2008_Total.Silt_Total.Spinifex_Total.asc
NCOLS 160 
NROWS 95 
XLLCORNER 210004.651214014 
YLLCORNER 7350008.22228844 
CELLSIZE 4999.99999999997 
NODATA_value -9999 
[rows 0 to 20 of 95, columns 92 to 137 of 160]
-9999 -9999 -9999 -9999 -9999 -9999 -9999 -9999 -9999 -9999 -9999 -9999 -9999 -9999 -9999 -9999 -9999 -9999 -9999 -9999 -9999 -9999 -9999 -9999 -9999 -9999 -9999 -9999 -9999 -9999 -9999 -9999 -9999 -9999 -9999 -9999 -9999 -9999 -9999 -9999 -9999 -9999 -9999 -9999 -9999 -9999
-9999 -9999 -9999 -9999 -9999 -9999 -9999 -9999 -9999 -9999 -9999 -9999 -9999 -9999 -9999 -9999 -9999 -9999 -9999 -9999 -9999 -9999 -9999 -9999 -9999 -9999 -9999 -9999 -9999 -9999 -9999 -9999 -9999 -9999 -9999 -9999 -9999 -9999 -9999 -9999 -9999 -9999 -9999 -9999 -9999 -9999
-9999 -9999 -9999 -9999 -9999 -9999 -9999 -9999 -9999 -9999 -9999 -9999 -9999 -9999 -9999 -9999 -9999 -9999 -9999 -9999 -9999 -9999 -9999 -9999 -9999 -9999 -9999 -9999 -9999 -9999 -9999 -9999 -9999 -9999 -9999 -9999 -9999 -9999 -9999 -9999 -9999 -9999 -9999 -9999 -9999 -9999
-9999 -9999 -9999 -9999 -9999 -9999 -9999 -9999 -9999 -9999 -9999 -9999 -9999 -9999 -9999 -9999 -9999 -9999 -9999 -9999 -9999 -9999 -9999 -9999 -9999 -9999 -9999 -9999 -9999 -9999 -9999 -9999 -9999 -9999 -9999 -9999 -9999 -9999 -9999 -9999 -9999 -9999 -9999 -9999 -9999 -9999
-9999 -9999 -9999 -9999 -9999 -9999 -9999 -9999 -9999 -9999 -9999 -9999 -9999 -9999 -9999 -9999 -9999 -9999 -9999 -9999 -9999 -9999 -9999 -9999 -9999 -9999 -9999 -9999 -9999 -9999 -9999 -9999 -9999 -9999 -9999 -9999 -9999 -9999 -9999 -9999 -9999 -9999 -9999 -9999 -9999 -9999
-9999 -9999 -9999 -9999 -9999 -9999 -9999 -9999 -9999 -9999 -9999 -9999 -9999 -9999 -9999 -9999 -9999 -9999 -9999 -9999 -9999 -9999 -9999 -9999 -9999 -9999 -9999 -9999 -9999 -9999 -9999 -9999 -9999 -9999 -9999 -9999 -9999 -9999 -9999 -9999 -9999 -9999 -9999 -9999 -9999 -9999
-9999 -9999 -9999 -9999 -9999 -9999 -9999 -9999 -9999 1.10506008572767 1.40673761361153 1.41530143661809 2.10223568116534 -9999 -9999 -9999 -9999 -9999 -9999 -9999 -9999 -9999 -9999 -9999 -9999 -9999 6.67714007859946 5.07582823078253 3.10012927944107 1.70238212758257 3.58186021647184 4.8558091514569 7.68860587617924 9.22309747635614 8.11848800300798 5.25514949752313 4.97940267090051 6.14400672015538 8.27207245897232 10.5462753394272 12.783917924791 14.3466483490388 13.5819913822954 12.8492735986666 12.5958277714071 12.8731036854826
-9999 -9999 -9999 -9999 -9999 -9999 -9999 -9999 -9999 1.21994323996048 1.95199162413059 1.02438440613355 1.79249768454063 1.87840533251716 1.89952752828105 1.32255897307146 2.8271394056694 -9999 -9999 -9999 -9999 -9999 2.27885886019338 2.39052006466355 2.3736649515612 4.41606683951522 7.06973741386211 6.30868747932508 4.5696216943904 3.83501230142479 4.12792847507301 5.73785185937448 8.07336079816944 8.40055651565935 5.92048939405315 3.51285829822069 2.96960157317918 5.0557304259101 7.41746043051633 9.76911654248978 12.0548651558638 14.2367171052522 14.7144347502519 14.1158868444657 13.8096910609364 14.0392512529489
-9999 -9999 -9999 -9999 -9999 -9999 -9999 1 1.23825330453073 1.88588600905524 2.82533493498698 1.67468931654059 3.0786247040202 9.80393029437073 11.8427720397256 4.196635510632 4.47080125642593 2.45001497428714 1.67477594856676 -9999 -9999 2.52789899326017 1.49651776832869 1.96540838774073 3.56960407004098 5.47442605671519 7.71518531438675 7.94521611710938 6.83364649956539 6.50585077027054 6.60579969272278 7.24362241961694 8.48859056063354 8.3044028202114 5.85182266708233 3.38990959647508 2.67320477414757 4.6593259878411 7.14864360692476 9.59044003576041 11.9951045385309 14.2772893191245 16.1757598551378 16.2564505522803 15.9500191525859 16.1587781432913
-9999 -9999 -9999 -9999 -9999 -9999 -9999 1.98631141365536 2.48306887424895 13.8789148131314 4.52139196075011 2.70209853076913 7.52644454445822 4.80047206960273 5.90015777876584 5.83824997078752 6.16308289561761 4.66421157236825 2.83345879229194 1.55547697706083 2.54289769265688 4.01932663649713 3.47393370387274 2.64109850856304 2.63078575036928 5.1973184226474 7.83493261741001 9.72594859499521 9.00204484036179 7.49602940249487 6.00535566560469 5.48867977930232 6.47653746210815 7.98152840605883 6.9937223333375 5.40652061092961 5.17244856340883 6.25707707281032 8.2504854702234 10.3515549300851 12.5525229372471 14.7019419572502 16.8523095959793 18.1318161356245 18.0412010124749 18.2019928275062
-9999 -9999 -9999 -9999 -9999 -9999 3.09330156085067 3.69302160843696 5.80234076001124 9.13290497703188 11.378116460687 2.4750881631743 4.06869651817691 10.6807694539932 8.04331681317426 8.54244620866358 7.3713511496786 5.05821429534083 2.40823978985623 1.755235368705 2.85194210563903 4.98175572813233 5.84413994282646 4.36898552321185 4.31109466001969 6.07509296964095 8.25657251075657 10.1142869586683 8.47566674649761 5.92287708520574 3.55785006674027 2.50098036900346 4.32456436784668 6.80706218777386 8.55368455291938 7.87257636837905 7.7646059846525 8.53229374294283 9.88768036164498 11.7246968906213 13.5734579128234 15.4894334702595 17.4582395930104 19.291376885829 20.0622826734453 20.206017264881
-9999 -9999 -9999 -9999 -9999 1.91154063409041 1.82193293479078 3.29040014021372 7.25042124255564 4.46728966415567 4.5313638601158 2.93237109750737 8.6547646350468 15.7188626252379 10.2514010401966 8.67613322160433 7.48634000563154 4.86415994318783 2.43344482388989 3.15416822448357 5.11429259836928 6.5567235016199 7.72826107293259 6.7778789907093 6.65342147806438 7.62116955896697 9.30880930554438 10.4924330119701 8.38057939886353 5.83549472193681 3.32966607160136 2.16814396808984 4.18809236558482 6.64901612021311 8.79289779409411 9.46109928738105 9.18180407436849 9.56674292909568 10.4966115001045 11.9432992817697 13.7950548427652 15.4977192549039 17.2783535494739 19.0860167100059 20.8051312606542 21.9162683111325
-9999 -9999 -9999 -9999 1.4143217588183 1.49072145316206 1.92038009177181 1.59278032688414 2.92832693996461 6.19864565193839 3.47762239062813 1.78017596959547 17.1665824949751 18.8110598482673 12.2296454021989 8.18894884960787 7.99127747924222 6.29422499410951 4.99419637049755 5.23805120326251 6.82345020518128 8.36605307306565 9.42856610585463 9.03183133225842 8.99270054870816 9.70853490356538 11.0076627884791 11.3351774772636 9.20460254360451 7.04904432585074 5.30561993176097 4.39799764729777 4.2651533830947 5.21334087449424 7.09819478278165 7.39069384830835 6.8167272851065 7.28311621530132 8.63274631574398 10.3797201885549 12.38752486324 14.460323030778 16.4910559556286 18.3577949904464 20.1877221642693 21.9556449245106
-9999 -9999 1.77733571461701 1.32513601287683 1.20626758666522 2.17702660366952 2.49105077807147 1.42861238866806 1.74538873977393 2.06614456362766 2.44086887561746 1.70141406736892 5.07906211391999 23.7701276664882 17.6377754829678 9.84134260578199 6.26430491952329 5.35689397309879 4.79029929996141 5.7817638877571 7.64467731822338 9.55382745331388 9.52171590749163 9.30879033477113 9.78690830321302 10.7774424516415 12.0137224497281 11.7189211729993 10.421521603295 8.56598457301922 6.32298848922046 3.73372184170673 1.88725933404771 3.48656967192635 5.82546494744392 5.17421135014523 4.02081078876672 4.84373529657794 6.9271569153066 9.11514275429712 11.4366089205005 13.6710537315708 15.8733372410107 17.8657081100607 19.7928522217101 21.6601832049848
1.43087452933496 1.50780906932401 1.37964231618034 1.68508413077739 1.45847580158975 1.85163730775015 2.71010962460023 2.49742305731141 4.0557886190928 4.11860527728022 3.39641913322512 2.14421127715238 1.84868784767004 2.27093621228983 5.32867040428846 6.38384353499383 5.01966598663299 3.0206532961708 2.13247342782543 4.28179760492425 6.84156984911092 8.21219762840066 7.09886691287458 6.82470107778777 7.53078892617116 9.00090156931968 10.5108347822916 9.73026280500131 9.23714831109012 8.63955819292701 6.53243587673773 3.89521109574911 2.04780497669673 3.49862144354211 5.50106464734953 3.86277813956032 1.74704917493095 3.31207621213691 5.95413772710621 8.56214835169185 10.9732732292411 13.3864986604562 15.5717097543158 17.683797402112 19.6800497224089 21.5441884715342
1.69093790634376 1.70763060845199 2.52754075494181 3.33522351649734 2.27342529209548 2.80386024888857 4.09286623617528 3.91331400099639 5.08107387613475 5.98074132202368 4.57163376803714 2.3790189072684 2.57157009020957 2.46151256590105 1.62051702646384 2.02138799600595 2.33932968435146 3.66530978312592 2.71707029094987 4.38712779953438 6.78781502584059 6.51081936938161 4.66177993488528 4.0889354575976 5.38115743506468 7.46087039245269 8.73665416861174 7.5104256490025 6.7009871010517 6.90521909315664 7.16031442578566 5.02172081421005 3.30174693875972 3.3185235565047 5.12261561814358 4.49272497214159 2.94797437742076 4.05575515568784 6.38808290865698 8.83249180104833 11.2518014480531 13.5141441109185 15.6789521625041 17.7969421111729 19.7154351186299 21.527116365822
2.41202853028621 2.48862365154763 2.08305234804942 3.66480910304375 3.88543920363407 4.73469260520451 3.38412222156379 1.8535954780853 3.69090888395212 5.65883582016386 3.89307574870422 1.90428849038514 2.76767227699289 2.67363773612138 2.57213110662821 2.13649402465624 1.44596306157379 3.59638412823702 8.59311843893616 5.66554150616314 5.82732097570276 5.35238104623283 3.03030241247322 1.83221365269552 4.1166050131888 6.7262855700562 7.33659298516835 5.31275101607827 4.0346001307304 4.77075268125397 6.09900917150388 4.93615972265145 2.42786774986633 2.25593771479782 4.83890903597053 6.25237305787673 5.66370234555029 6.23067399436006 7.87701923903808 9.85782786792955 12.0379686543899 14.1246833218198 16.1606332935214 18.1216644784789 19.615222228339 20.4229205929335
2.15513169774792 2.37371021467795 3.30710723390186 2.06133453376418 2.6430777959063 4.93803456879864 3.76753726632414 1.79862215154001 3.46255916720732 5.79778777631467 4.6465372614598 3.22429163341417 2.27964452457387 3.06467144189457 3.00950165381812 3.72266679882639 2.40846161693452 1.6942148762301 2.4003550733739 10.1722276456279 3.71399150557946 3.79431936287615 3.7498575510922 3.15121666484538 4.75309766095018 7.0427817597282 6.66623726245949 4.07318779686433 2.02097422657327 3.32729109937956 3.72892620796859 4.44000976380203 4.36263780210803 4.2761102463924 5.69747946016615 6.05004189731787 6.28292550321696 7.49594707389458 9.22694719144496 11.2650623905472 13.1330480870793 14.7828141904105 16.0664257359079 17.0936563536547 17.7132758476116 18.5784658991153
1.92825138255976 3.53671861604549 4.34413471532951 3.45498715762154 3.84247046697596 5.78350814963442 5.16323859382837 4.2229591891427 4.99219741902006 6.76720821082889 6.39796578139399 4.36896354890986 2.07978348568423 2.17756827692601 2.13490889232938 4.03717379073292 3.85795822192137 2.22792124883159 1.91655997383136 1.84845537351428 3.77807360824023 2.15253560298815 2.76092151485027 4.48810767532192 5.70841324263905 6.8205442516635 6.86744549700508 4.73058792824042 3.17079382357269 2.83228620883608 1.71024881475838 2.61140076686321 3.67179937689039 3.75125158832575 4.74697932539828 3.5274849856502 3.91487317010763 6.09202682499695 8.47762799862467 10.7756990157055 12.4562991956396 13.1611137989484 14.2601642322385 14.9658791228005 15.5934461389746 16.5752364806715
3.24359933642584 2.05439143430292 2.92767171722186 4.98016619888372 5.87103343545664 7.57834888400343 7.33353507435352 6.85902997078596 6.28854692894314 5.57307322176701 5.73604949220194 5.57389865530388 3.10473408808507 1.96019976340992 1.7570277991682 3.2527707647784 4.7927911583047 3.7541632932246 2.43475268024287 1.57539488051869 1.43219059688479 1.68237756540559 1.73137735549639 2.77559589442164 3.55997204737869 4.52133405866569 5.24186133719541 5.16771261052593 5.13364091155608 4.1062339866541 2.64806629309113 1.99542377524076 2.38910820842383 2.2570725264324 3.12967943679881 2.31774338930157 2.7272825665724 4.96990603557839 7.20926885642851 9.38315861463731 10.231742923982 11.0856993240323 12.2339057107431 12.8425056263242 13.6102561410319 14.6723061208679
4.54713286460675 2.80042803676256 2.81402734505926 3.17017598865828 5.02220749642417 7.43269460656678 9.10257299137024 7.63921525442168 5.07213105449796 3.0611867719285 3.64128847152411 5.52331375851318 4.11928793227241 1.83770015932368 1.96808926503647 3.03715463245799 4.80498901493267 3.15534154179306 2.34830939878836 2.16315629941834 1.30096254598015 2.53483662268974 2.73352681808938 1.62424900109041 1.85510196564656 2.40135965357719 2.88334111726608 2.74391660677179 3.37219929474577 3.81602566042169 3.32304505906741 3.31140897505221 2.27159762235883 2.14068763682046 2.79247809311089 2.6360492786855 1.95401480462956 3.73268804659499 6.22460847806097 7.35641715361099 7.71061922932431 8.88125679525687 9.89245069324723 10.517140356298 11.5617618162334 12.9496072236608
