IBR/IBR_outputs/all.combrep_1/EucDistWater_Total.FireFreq_2000_2008_Total.Silt_Total.Spinifex_Total/EucDistWater_Total.FireFreq_2000_2008_Total.Silt_Total.Spinifex_Total.asc
NCOLS 160 
NROWS 95 
XLLCORNER 210004.651214014 
YLLCORNER 7350008.22228844 
CELLSIZE 4999.99999999997 
NODATA_value -9999 
[rows 42 to 62 of 95, columns 46 to 91 of 160]
5.18289590111261 4.56944129647803 4.85836229529167 4.05221581483077 3.28472986109678 3.49457155674245 2.71344905689961 2.83405548170194 3.6072741551383 4.61441539970528 3.74281858449051 4.47077049574628 3.10651901654604 1.88558956052429 2.17789868117571 5.10773983136297 8.9940981160563 7.95475725074517 7.31991489027777 7.468819696634 6.37749827138329 3.9102723989481 3.08158096345904 2.40620821094808 4.73135557109414 6.66976807413852 9.70495231920819 4.55103817500734 3.63746460841268 3.95151404536293 2.07919373660481 3.82171331693408 3.15483089896267 1.84962060906126 4.01161001893176 3.48419101399179 2.40601207848594 1.47785920899516 1.77709793051254 2.20912284784528 1.87570194297026 3.97403085299486 5.83194103757742 3.74507177465821 2.14594806915129 1.64836982221582
6.26322240657412 5.9689138252184 4.70973121854125 3.16699767058809 4.36722593059631 3.30247070478152 3.85736212268237 4.64229488167182 5.89354851364614 7.1391418556484 8.7141516768866 11.4157582207879 16.3063658086537 5.48643546263207 3.59977156098778 6.37660428858212 8.62108824920573 9.95995250182324 5.60348163437909 5.90233455682132 6.82772603215944 6.36979020796478 4.62121916878583 3.53432096586665 5.20299473195984 7.02600410022822 10.3113083853322 7.51564436109785 3.15121385350697 2.27111873063488 2.0875169239983 2.50645611626216 1.67755450787391 1.74854947259651 2.90723344133306 5.21780174610495 4.30923522982687 1.80722237151416 2.32580911764916 1.40674256694082 3.45463989013879 4.66151226463081 5.32636936301927 4.5863218660355 2.35411792421173 1.7298292990544
2.13231350593824 2.44694483237894 2.532711031961 2.42855941480908 4.14290747887866 5.41008842293396 5.85375025174949 6.61612082747195 10.2382912618094 12.2182192220331 8.68301677582613 6.95807016555868 9.13845384626677 13.5719377700757 10.336376809928 7.39076406569343 5.22206582112649 6.39411869356267 6.51760087291096 7.41774072072121 14.6329696436889 8.29436465507696 3.38425167819174 2.54565218085397 2.50884565639397 3.27806796417594 7.03910826725317 7.7653478536261 5.80900415773191 3.82060317026592 2.10724452826694 2.27062671178426 2.15038732340419 8.18855276693613 3.53236668053243 5.04280906532402 3.53891254134411 3.04848309095843 2.27099050355555 1.88814175270936 4.32206921027607 3.28726985564755 2.95398473915912 5.02186446676062 4.43365538692591 2.06355384881182
2.79862476598025 2.70327200944465 1.85661549705148 2.3048036145187 3.81046953251135 4.4974669770816 4.00409287617 5.5084380012682 11.2412927389029 6.04990518926116 2.94201869919295 3.67806501337771 6.48263289274328 9.03439942348135 11.5005197215113 10.0441990145082 4.58017963389304 5.31967060512115 10.3073918422172 26.4932633630371 21.6926390071417 15.6006365214308 5.58761582803965 4.64407038663769 3.65044408256686 3.20170535981331 4.06559266974845 3.54358611208372 5.88929914446793 6.74969346388335 4.8249393760301 1.76368857491533 2.77707226683755 5.35972530360153 4.79565248289318 2.40140728620731 3.18118829158903 4.57093840174299 2.83317902756782 4.58857302230416 3.37851950228123 2.51281912227091 3.35487897970794 4.47252102993227 4.2265933170353 1.93288300060016
5.3291343427952 4.87532429700676 3.14892260810765 2.03164109989367 1.82680041346744 1.74555268670814 1.96336550890883 2.96923364792323 4.24230906722926 4.37285953343816 2.92568774874456 3.61436127721238 5.9664809140784 7.73492385791655 6.71485349493113 5.74876704787146 5.89973795557602 5.47927789128494 6.67093853845242 8.86202365074983 4.96976317191632 3.94540561138246 3.55214646439243 4.24669863330828 5.18886476166517 5.45377229867442 5.60436221975776 3.61340620238511 2.61859001347994 5.9752355914771 4.2401137812318 2.45211574142774 2.92726274955497 5.33413055207957 4.69343993225872 3.27063629685309 3.28420507728889 5.26015043204784 4.63378909672728 4.2021629690793 2.04130989752851 2.54748083427737 3.99522371689803 2.33589396096052 2.03784290637373 1.88946985087344
4.88139370786912 3.52478968302419 3.58347147435846 4.42781201298121 3.80275488096423 2.55142854342678 2.68009333864923 3.52559812201055 2.37550624812447 2.7997718326739 4.02153446209187 3.57916526319556 5.0946503860259 5.68503115565808 4.15301870144125 4.84055526224942 6.59120088099424 6.25580855013391 5.74117206848216 3.61585100576666 3.29763462008563 3.37301239453187 2.61477211764091 2.38771639163485 2.97817142376796 3.47068763713971 5.24520998112922 8.13271377442902 17.3571938907972 10.6571365805914 4.72732210220479 4.27172159654269 4.67780925871739 3.7687837776072 5.6710167300882 7.71326774844307 5.79672423864581 4.70736175912415 4.08244723461503 2.11386879196596 3.0484205495554 4.56554007181594 3.86183680533738 1.94557181390363 2.2131909455576 2.47266185602073
3.64712285572657 2.30923812387815 2.38465880244579 4.35503548903373 5.53628876974076 4.11433367066179 2.01497046990062 2.9880764984005 2.40939253829426 1.67676576956638 2.93108295354964 1.98262718148762 4.01796870905978 4.12324486272998 2.18448300350987 2.8601909547117 5.91783712883828 8.21774654406061 7.05179089922618 5.91098894661496 6.17906232303668 5.69466989985126 4.118407234635 3.33527425646677 2.7853782090438 3.43901870582975 12.3669495170206 24.8679392611011 22.9406244000642 18.0421872548979 22.7330703789933 11.2640859473101 6.3775789079971 5.13681911186983 4.21885577084285 6.5832025530775 5.22171311001082 4.37261173271328 3.54086725504228 3.41475262378013 4.31752276740327 3.93959691243471 3.17605452866202 3.14710461818663 3.65003143825947 2.61725676196984
4.47325017072496 3.88280542553739 2.27089425698374 3.48736847372268 5.90529939989314 4.75910687656252 2.16359346497804 2.45291498226176 2.21941016351124 1.91404147331501 3.36521266693751 3.50573816897889 4.39166424569193 2.46097987539592 2.3718741198141 3.99937501402876 6.27361709589054 8.58859707717595 8.65987465640151 7.84510090021869 7.90330096516637 8.00887183933566 6.49215136601288 5.94611547917542 4.55247669007045 4.71147324318414 6.58350219421084 6.27878236449138 5.89455261725546 8.42772806439796 15.4483080331648 33.7493415025325 14.7975433455915 5.22666237855248 6.60758209576313 3.86212508811162 4.28809636720752 5.03434506615554 5.75312916918067 4.30547802018983 5.49358992066644 5.34495253657257 3.22295833810217 3.03683471045604 2.68493204617676 2.26417982841162
5.98273569428282 5.14920467925511 3.43749346523927 3.80751370778481 5.45446375888687 4.59082542788814 2.91693369045018 2.02156673520902 1.74402631696701 2.75011153475631 1.79417885911825 2.70716161352915 4.27283916349738 3.19144592058007 2.43716515999218 4.14459300878492 6.24895417781275 8.24330346766221 7.36956718725128 6.09158699959604 6.09835481044098 7.11228486278526 8.32118750520548 8.10105542181008 7.0833655400859 6.53287803071771 7.3367505940225 7.19671973954693 6.79176938425956 7.49563004276485 9.02434093920638 9.51879545404319 13.4624052640696 5.63511114517568 4.05079450981285 5.33836509648651 6.33882289623117 6.78105287490015 6.5031264930989 3.62547012945614 5.85141966939589 7.09561824369895 6.80911621782311 4.46352157706647 2.56382195823275 2.24054686828386
4.39819903209577 4.224772879128 3.00467784252583 2.24106222489026 3.8864471988911 2.66097058811205 2.18423667418538 2.49819000821451 1.91674659661975 2.12713090718098 2.01069551972034 2.71459604495164 3.2128502628133 2.25104475175853 2.93479830010534 2.88618471519512 5.511640235312 7.46363527867738 5.7999155509024 3.78781389027738 3.42928045228252 5.37044310166635 7.66381401379203 7.70080907241735 5.98947794962705 5.30774525020514 5.84683042900529 5.07767833728927 4.82635864696359 6.28411407403841 8.26707292596785 7.01242723397893 4.69968576761853 5.83746893870772 5.40619281793492 6.7459949505613 7.8262295345425 8.11891419277537 6.62105534993072 5.41565111335379 6.60277542561729 7.24138979095591 5.1970074792178 5.66739957165646 5.69287228197124 2.87187360047675
2.73885341854679 2.49720338392176 3.08269450254781 2.51038480243182 2.62061195246232 2.21956075622357 2.82157086460841 3.61545793395639 2.24685344028557 2.30357800366781 2.28001864033902 2.0084611004684 2.47138300052625 2.40406188788603 2.89044603484823 3.47045117980581 4.78875845365447 5.41646052102362 5.58370068786915 3.18875711304316 2.72926548819771 5.17818351251713 7.60788215492274 6.60662652624545 4.23110093666925 2.64653564590281 4.15979014407842 3.00347625158332 2.61902846405123 4.97691661831007 7.73321411761117 7.2305496965126 5.22918002380581 9.69897509219307 6.15578645456008 7.73125176518654 6.89938892660829 6.35461954932552 7.55609864967683 8.51300077579013 8.31648263530819 5.76062000955871 3.09333915700974 3.39492414253655 3.59068110444367 3.9231566519029
2.81595541278904 2.71579005301879 4.22262460040203 3.09695421333084 1.92116822976021 2.07120795003439 2.17870909338827 2.34803783333682 1.99203855619982 2.5190788055067 1.81835222195275 2.82706088243196 3.91270657807964 4.13587233742803 5.17831660840192 4.11869177999314 2.45951329577865 3.98363262983054 5.99812362991068 5.15023958831851 4.9702780996692 6.46713904615553 8.3248296337819 6.97557713329331 4.61154793244707 3.1709864752144 2.49233415071862 3.18951579348297 3.48848536968118 5.48884399677549 8.0568868554113 8.73264980322666 7.44648381530966 9.90484030405468 17.6624199645629 12.1594974120796 8.29934667341229 5.16832166846372 8.06279226359374 9.82434861343994 9.99936923054927 6.27131380836933 4.77913022648332 4.80842843815937 5.44257703213539 4.19685021689365
2.87028357339112 2.0691102851178 3.65552951250097 5.14350029438361 3.71704966517337 2.5819564589538 2.99822726875903 1.72997994125903 2.3565332372349 2.7896379307062 2.77483065351541 2.41719766569845 4.77453617803581 6.63604919276349 6.83114750602075 4.74367793062382 3.86079748109833 4.83458950487183 6.89988370382573 7.6682040260743 7.56304622927338 8.50672034480363 9.77366858089708 8.29926270089273 6.57123993473125 4.60624785149271 2.95283334465215 3.52185714037368 3.62154049548674 5.36125259766324 7.75447214734269 9.89264277721086 9.61523460450744 9.04967196998279 9.11045020040641 10.3121190226439 6.27957856537789 7.91637337364242 21.6905329382178 31.1740082215971 31.2326673843891 18.4124531116539 13.4885249776932 4.93164241538211 6.54835068893318 6.76918702928878
3.78208401891043 4.99359194767588 5.06553468435318 6.15029914009306 3.79238313594291 2.20680303852804 3.3509908585858 1.56416431700441 2.38857565626903 4.17240089623549 2.63144928882927 3.28944542765156 5.4930938410051 6.0868356778147 5.1152816147641 4.92996954436944 5.67400583898867 6.90819183370761 8.36199195517298 8.89628883399627 8.65318361387176 9.0193699257502 9.00767787050506 9.21478431921927 8.24466020962808 6.50035681188997 5.3367305496815 3.20331582522976 2.36344104934546 4.68619890270537 7.41073985758371 10.1020267926062 12.1449655947804 11.5888131536141 10.1262169549593 7.97896653653381 5.88459922773332 5.89803672804955 6.70738775851482 6.88732876826102 8.43401817149416 11.971860671487 8.7294195691621 9.29706076246943 13.6980873334429 6.60708618693876
5.74204122064315 6.3646032032034 6.96164436798946 7.12396536885683 5.23349115678284 4.47022304332528 4.7653728952453 2.68616146413506 2.15408871702272 3.76004893476669 3.39261115618357 3.78064446184263 4.69987765886655 4.62865775683055 2.58800241135471 2.409783472049 3.94126977017776 6.56713167337907 8.17280590046273 7.06336972064318 6.35351425683491 6.45047473718276 6.56770383628645 6.8265683385633 7.58662447899814 8.23117423185509 7.04879032340167 5.1453597786436 4.70452725680221 6.04627233754063 8.38763089969553 10.5673154981196 12.4472745814282 11.4161367128148 9.22013487466929 7.53381872470378 6.37315737993258 6.53151682487638 5.25656131634569 4.25598180131643 5.78995124230619 10.0432387386765 11.7319299838396 8.16115406454576 14.2660780858055 16.0486181482716
5.7958646901076 4.73214267268181 5.6124901076101 7.30785433597653 6.77372512083855 6.12530353288692 5.87099933458772 4.66463136739152 3.23894001722127 4.5095848996102 5.69506394740535 4.22063581820644 2.51295010539705 3.72841956565677 3.4053311765208 2.85454213744053 4.52874670261068 6.82269180983748 6.91834095461205 5.11521808181004 3.86299262209801 3.93056979596159 3.75025740358815 4.20467198815326 5.75484241839022 7.1761762741983 8.88212614572883 9.10131372758154 10.9781142343971 10.7778399811139 16.0468561536884 14.065467519261 12.7881413024168 10.3766799467023 8.04362895040532 5.65538006763986 3.90606521055106 4.26018493909988 3.3973009274953 2.38267942323485 5.38236999296064 7.23501109323336 8.01304806494731 10.4962815292197 8.26495585721729 5.02526494437612
4.3361862884986 2.23122450240272 3.70005464830208 6.39879085644642 5.31683383841416 3.76044302019335 3.86930026261499 4.27167971337108 4.88194630686328 5.3332043737676 5.28180366145398 3.67481135137987 1.93419276973838 4.03475141978762 5.19682850798183 5.46508345711999 6.16938599119874 7.39315218926839 4.3191891044296 4.29993960729568 2.63007087894115 2.85959703624785 4.84655605340833 3.2992920711826 4.77033718159221 9.1516340436686 9.29140760488928 8.00893350471995 20.599108626582 10.6036356459567 10.7886567292506 14.8718008588178 13.3769313725275 10.1408320852163 7.53451028450662 4.87343427798102 2.28771632014654 2.78406465338758 2.98029231048384 1.82732863805219 4.07085178074498 5.86178124829499 6.60212856527785 6.84909299185154 5.46118460202265 5.70153140542632
4.70982720996209 3.09621652111454 4.32432232780843 5.03389808586329 3.70707779154862 1.84226983868321 1.72464000769647 2.11380419697377 2.68256167333392 3.06048077325618 2.73421577146761 2.52945564538389 3.17695588035137 3.91613036912374 3.31902235269464 5.09815838305409 6.16915339282217 3.63031129159971 2.23396083538985 4.59168903880019 4.81288262101356 4.85026387923918 4.90926378317569 4.23557770644484 3.13386383176026 5.11277624701736 12.6057909065057 9.13057637589807 16.1344964689375 11.6105281920243 9.80757797175847 16.9939426567876 12.8797439233633 10.5737359462203 8.22745935190257 5.6685762442834 3.46493847522421 2.98327212601046 2.01587104360715 2.12992990316102 3.30140038056235 3.06937816631837 3.7377926120983 4.26810106684145 3.40062650253484 4.20527491803203
5.58256850677697 5.30973363896381 5.52766110529367 3.59239950374947 2.04975711750623 1.91077970330056 2.75275164417834 2.69403700540098 1.85125753022129 1.92825923081072 2.13912530222264 2.74296670395331 4.25959268889837 3.55490995758821 2.61768264565409 4.80664911311941 6.42506786375256 4.91537748394913 4.17194030220745 5.94325485626682 7.54798225009419 7.45232736124578 6.43164168553135 5.04345673024417 3.69942909288713 6.49221016171464 5.45543859106384 3.51453318047674 4.94035215816168 7.73636030748142 9.90880250098028 18.9075121047717 11.4097038224205 10.6364964247973 8.43926641778384 6.08037363363582 3.59598701509766 2.24022334092053 2.2202049698267 2.07483857828254 2.35987977878865 2.06741313474784 2.66639907701364 3.83113675195296 2.47248758292208 2.47690366540261
3.12600698386346 3.62935322661016 4.11451560536573 3.13152687998094 2.04240245104385 3.57302767521082 4.71816603072796 5.17789975808216 3.34660706639721 3.44834692849657 4.80437279691188 5.57107332711844 6.39773324938632 5.60228891851971 5.04227891610039 6.39543011185612 7.9147112068465 7.85817085914345 6.95903378181277 7.61124222897057 8.751972167589 7.60441341175157 5.18294949293171 3.8755909917364 4.53078556550412 5.62771040761372 6.09372410060676 5.88759923544315 6.93323447732751 8.40301839343482 9.92538908793996 11.7375674921359 9.72572994853145 9.2596632082747 9.09049603326316 7.15027804305307 5.22317583593063 4.98708263125667 5.1372124193673 4.89243622884818 2.88025192798443 3.19381794420937 4.54979647624359 3.91357159229035 3.40336620960618 1.9991570692354
2.06271792934361 1.98516304732719 2.03422425834125 2.56026101235596 1.7751303889561 3.2039820711514 5.71031274165148 5.42183347675821 2.9393892972624 2.89328044830755 5.33660388664363 7.62912823308121 8.65732609485732 8.11405864977966 7.78086759049263 8.49799211197499 9.97940481799189 10.0459321891085 9.87664180727821 10.3593425136766 9.23675841613583 6.81353047363264 4.40229263197088 2.62116498017365 4.90665534571964 6.59176340642257 7.60161812683591 7.66769875031266 8.21162145133953 8.33592638732077 7.62941105252415 7.23347403337476 7.06419897494962 6.9584747603386 8.76857966350675 8.78335185648069 7.43810878031609 6.98367704600005 7.54024606542978 7.0892861522123 5.44781241474488 5.75555663006967 5.14186040766731 2.50156267777865 2.00915594094093 1.83590839245354
