IBR/IBR_outputs/all.combrep_1/PersistForestCover_Total.Silt_Total.Spinifex_Total.WeatheringIndex_Total/PersistForestCover_Total.Silt_Total.Spinifex_Total.WeatheringIndex_Total.asc
NCOLS 160 
NROWS 95 
XLLCORNER 210004.651214014 
YLLCORNER 7350008.22228844 
CELLSIZE 4999.99999999997 
NODATA_value -9999 
[rows 42 to 62 of 95, columns 92 to 137 of 160]
4.73681021456349 3.64807052020487 4.12539251014697 3.74416005705349 3.24613192825492 2.94795170161368 3.86902344428169 5.8999066180706 5.20450763227473 7.19433474455486 6.60703907543469 6.80894469020078 5.041977688391 7.43544659681069 9.76150131124778 12.4590519708224 11.4051820510991 13.3643896389303 13.0436140478434 14.3202155067793 6.37693072563266 10.0645348988363 8.62233004999718 5.03870509995119 4.51029444815715 4.22099596475316 6.30275174253287 6.51789305158089 4.74821508380332 5.48571675288493 4.67655347770213 7.97653657943605 5.87404111391559 5.60968450348367 4.89115347681057 4.54079118207793 5.47579565510001 7.5805230190996 7.58802100765943 7.5132376728577 4.22948472734215 6.43187389843538 5.73700463813257 6.23653956963043 5.47138396194809 4.91328071882623
3.43466888825651 4.17181971492139 3.54061957543666 4.66434671343086 3.8006232410066 3.59521678163057 3.83620532867254 4.7100412067319 5.78827216953183 4.37648341804388 6.30403383865221 6.27107892507606 4.20291667335831 5.75084756244647 8.95858835844667 10.710435198849 12.8939615108156 12.1768188749352 14.3692037570954 12.057651148099 6.98787610369538 9.13455064543337 10.6366888943707 5.23387160639276 4.97876272772374 5.9655714336939 6.34644097395351 3.86403644861928 5.57237702358927 5.17267202939495 5.60769784205434 6.60422289470276 7.84685341972201 6.60595867285477 6.20159331751609 5.26815815142631 5.04651203873094 3.46958140735854 7.25218100975297 7.61832952884027 8.82599491280226 4.20339160998908 5.36076732047515 4.58817946776933 5.80548683707455 4.77049473499862
4.80428230032439 5.56837106531682 5.34173256640555 4.77946124027534 5.24870784843941 3.20614230451805 4.24588725943634 4.19742226114528 5.05599931157362 4.65895241480033 5.41563534423832 8.91568375558108 6.22150139066631 9.55224926095278 5.64879024481552 5.55859394841414 13.2973431221653 15.5733885154884 10.5218410617826 5.33438679906631 10.8970061549963 9.79381579307248 8.15073065365988 5.7698168643143 5.52002236435866 5.9661630408799 5.79425327240596 5.26325911435703 4.81350211244846 4.25828813372552 6.80790369541944 4.91394141008322 5.63716890746165 5.35915478418721 6.23721234079607 9.32914996337053 8.70238407050061 4.14010342084758 6.18231553098886 6.14528814323022 6.44166966292566 5.600292321668 5.06192422135881 5.24493548189537 4.79485108547617 4.83543661120703
5.72980707875188 6.61653904733246 4.78377941071024 4.01632339713193 4.26509732406274 2.9652152250772 4.91565446338117 4.6279435263661 6.25234509373358 10.1631620827274 6.00302677945154 9.31926158054392 4.79563599185527 5.53954630542913 4.26538532930041 6.06506995312935 5.83857396240515 7.11020002382157 7.62657545512869 5.02269970732268 9.46463098075153 10.5839109231461 6.22108096554665 5.42407235444595 8.4563768760277 12.0162759510104 3.01615658607309 4.36202519789925 5.50760965986683 3.51117678366137 5.43816578547713 5.68461191693636 6.13421297859454 7.159523187763 7.02143066871285 7.97396835430537 6.85943854072082 7.15772065665945 8.32656902070713 5.73616860678975 6.37482959540631 5.82412463172565 6.21827343443375 5.84270312945284 5.76930355777428 5.62877375200348
8.57584537642078 7.50969170816881 5.79075057503172 5.3280070257423 4.57935108351782 4.06953755140196 5.20898431789844 5.71978780173812 8.17764663185062 14.9135500354646 7.94393432022634 8.84785671658813 4.83467606555833 5.40199896005843 4.20608667593032 5.67367911343714 5.26721815324849 4.99259936750386 8.8078339598436 5.83217308795202 7.18328073608278 9.92537378649689 5.8321935454774 6.54498127735241 14.0908225367807 4.95984408125935 3.21159291834561 3.90606193581984 6.69934643703918 11.4555195629693 4.25238410170462 7.45927087614257 5.45889447690835 5.14398464675786 6.28154294244188 5.14135137310494 6.25253184296973 6.21105017750854 7.03494377708449 6.32471459422252 5.6587731205084 5.71087624383129 6.8132948806727 7.297796387723 6.88381719096473 5.07953449071463
7.5355754889137 10.77596257586 5.08124222890007 6.73115780714633 4.12886134246857 4.8612650358583 4.31454418085928 9.59662275457549 13.2321364545564 11.2864945389029 10.935728818767 8.87410109820844 4.57579148860628 7.13015353381755 5.40628553807252 5.77202956247737 5.22144587142354 4.65255884833516 8.37021569352965 4.98948802078667 8.10673200086475 8.91126146625413 5.46195857737324 4.59838328905826 4.47862323276916 3.5881243967209 4.7116878393248 5.23902782166597 3.53019322764774 11.4930404875657 5.56858562297656 7.15764175955991 6.4565553568737 5.61201678991848 7.51697757483268 6.27168978440022 5.91907991024008 5.67432698498166 5.56275878544428 5.46546821982987 6.33141186600898 6.1316644625802 6.03903072722659 5.74036027470628 6.36208009393422 4.96467553138732
8.10043240423525 8.89879020447919 7.13333809171541 6.68396671658925 4.58267044871414 5.9699428382797 6.12371209729735 7.26056957994417 4.55318905115289 10.4975521207272 12.3331986352263 9.14460921974732 3.97267021517781 5.20506140919152 4.70726402835577 6.15609320695891 4.90859021282402 5.32391575819874 5.52899882863468 6.86739974542492 7.56494019439453 8.14381844118578 7.84887893742953 8.03941614223267 6.02453853639554 4.55926540703997 4.72783890226358 3.90509713437243 4.71195735015814 3.73860752554418 3.89584613808999 7.24503583653701 6.18356027242247 8.88491610351438 9.81068423686563 8.28520966793645 7.14966754522249 7.1029731839296 5.77911950660137 6.09623889391784 7.10018071931513 6.34147736483917 6.27102669845023 5.45948718097564 5.88039215091899 6.09598060205993
7.69760649659617 9.57038023729177 8.82964527693938 5.62900552750728 5.55731392182147 6.18263645113368 6.11088278848367 4.15290601904357 3.58601877885257 8.00903034312628 8.48930185477245 10.6636949361879 5.27132713522151 5.38707743734441 6.08702019853258 5.7840226028363 5.29468625758621 6.3507889238153 6.45700944120027 5.20801057444363 6.23660561749528 8.38438492556611 6.83488508860191 7.39982574037396 4.36047509637054 4.79489122565235 4.42304452074551 5.8683390537846 3.84460099207038 4.19876353816415 7.95373992848139 6.79672198391372 7.28335448734822 7.53809944832826 6.51697672000402 9.35417649976027 9.00739833492519 7.52328195746359 6.98032763833724 7.29329760582769 6.05035560486206 5.74471953968092 6.61513628003064 5.84209539731448 6.80021836331315 5.87330580877871
6.77780763826529 9.63720680404823 10.0634937081763 5.89279867564488 6.49660179465853 5.62378004364946 6.24156749861754 3.84267727337606 3.88966733993765 9.50869880549499 6.53552646685299 8.395070712734 4.81071937860472 7.69657769662561 5.51486293959299 5.69313241649195 5.27100171863019 5.50120345370344 6.18057485604773 6.49256305502175 4.61314865984507 7.61930140432766 8.2639676839255 7.67675998830452 5.63282249302851 9.77171395639724 9.80312121260975 9.66698882467322 5.391365357403 7.41386885365119 9.91164409177119 7.50698103616284 7.31390510585606 8.70100009488232 7.04242385756226 5.51416197107615 5.54039967596394 5.12206521184757 6.60401042377523 8.3873405879141 8.06034060095781 6.69784433182603 6.27587565895329 5.74048223116944 5.31676353551233 5.68902038257625
8.18012254516682 8.48177064489574 9.86368793259093 8.08635745109208 8.54948131267893 6.3194173651157 5.91825464074186 5.8177723343209 4.93317212781687 6.86507633220296 5.34258863226094 7.90682779386986 4.81600117078399 7.94373038564846 4.47355180975835 4.80256444673102 5.65287933530682 5.17724513720102 5.07066388538167 5.36949157498704 8.56991871220097 6.34476321925725 6.71991078467273 8.12000075040959 10.3501995272387 10.2881452494141 10.3414326379665 10.4437519156979 7.63027966182052 9.24943107893967 7.96466834160907 7.8157229001759 6.73680660947386 5.65318560460413 8.4723436249545 7.12682352293414 4.17414033550215 5.78407197910251 7.77686844907504 7.08769967396139 5.0557173903302 6.36514626224302 5.16190358501651 5.39854553620173 5.97667853020666 5.4507685951181
16.9092220344299 13.0720387751832 10.1096650649567 10.2133825631958 9.23521077566711 9.18144684120042 8.78716944788258 7.62583207948078 6.91859869730832 6.47405978526914 4.65495880478059 6.89156218144163 5.68630892042615 6.23492653211191 5.24486780859227 4.79582948201424 4.92732163381339 4.45078588011343 4.91672093497335 5.17828836708045 6.30669430973954 9.34923231441417 5.45753530325383 9.72731597298697 10.8138064638659 9.05461213539346 9.31094996703612 12.0202160419484 9.87578439103022 8.39476202170555 7.09927976722383 16.6782257326276 15.9398408049721 17.5222006659064 11.2453847892899 7.8514151575094 7.07153587460843 5.01239607670631 4.63927947082813 7.06058737882521 5.55456845619857 7.00408641014757 6.25518013167666 5.26421392159736 5.44102363566611 8.26332151195557
5.50907933635869 7.01422395924909 11.880428542411 15.206019480054 13.9577232968696 16.1218571266896 11.0035889569361 10.6991054437179 9.48263689642525 7.67051643103561 5.43438976060238 6.41668564737073 6.16115404578782 6.27234026684084 4.69554062923904 7.14654762054808 6.79324315968208 4.64903341158346 4.95073680757587 5.15504925375797 5.21284055352602 5.80020946901319 8.06057015728382 9.72938591862982 12.0639149428667 10.7586036531261 10.8251772820816 13.3171599531042 8.48886115274804 7.63242614649762 15.6391246140998 17.2842653671802 16.0155975701857 8.04068685688167 3.26798388447654 5.63033184094341 6.99089378877069 7.28756981558358 7.3309448349067 6.96583408511996 7.29040628917725 8.58350380638482 11.1812049655909 7.29437675188336 9.70868010803453 8.34422472094811
7.51050328111051 7.06076376501704 5.83197286252542 6.35289572444848 7.01672725147662 9.33736949586865 8.72975955415915 12.6706902439374 15.2290632133244 13.254860057412 8.4041483555096 7.59015649016666 7.12199401542932 4.98068219832937 8.27323070040571 6.82860375953729 5.12615017426409 4.6190737125304 4.93802225741518 4.55896630939664 4.8210112677087 4.76023778916304 10.4622759736281 8.36397847053447 9.60580233280052 9.13559417912363 8.53154069549024 9.75163731270941 6.56806936334926 8.86039234805885 16.3586281930702 18.1552904048556 7.4782523161753 2.95756651397349 5.38097554600304 6.95810508819885 6.65245672255184 6.40344579091669 5.54990747719858 5.79096227874854 5.29344271586765 8.05240486162623 9.64434703394686 10.8527576576216 7.60541077106147 6.48853562451041
14.4222016956297 11.4072850730013 8.59458468646344 8.41130861199448 7.29352219776516 7.54908725647449 8.1454488719492 8.06871595712456 8.80985538718156 8.40977245789109 8.57646814891963 8.61630523095646 8.47375100186629 8.69472278300814 9.34736854724578 10.1056759507568 8.46565607630289 5.24253092673722 6.38437544595197 5.78231589716949 5.88220573011643 8.10174579036856 10.977681363439 8.2636600632792 7.44543474735626 10.02000922046 8.78267163250828 10.2586339650272 4.90541676454027 14.9198184743695 15.9640647936302 12.4429181802549 5.39435684775728 7.0371119958805 8.95187131584462 9.12130664976332 8.93570760154567 8.78762338141183 6.72723423164528 6.00285363423138 6.4545518410742 9.38224016762839 10.2186448285053 6.59225482367843 6.13598001940415 4.49693700266909
19.213515544088 15.3942168831975 14.8828627058442 14.7223176154173 11.1199353688411 10.755628438461 8.51174984929242 9.27670197474913 7.56545738070084 8.90477669883127 6.82791198168044 7.44369895239855 7.26239327060037 7.11679268595384 7.76762657504326 12.8503986173454 14.1159613397679 9.28058911508867 10.4935682461949 9.32057290904261 8.40079640408454 8.00550918873547 8.80715319201038 9.30768270085935 12.5306016724143 12.4113614940612 10.4824043955108 12.2194761772165 4.77936510756667 4.80760938874791 4.39752935762465 6.37337434527348 8.8718458333715 7.68457866821344 5.7733579413807 7.62170793406038 6.13697954093799 7.30498701780022 12.1045036050528 10.7696865593361 12.1981701090267 9.68915979239226 10.3369560559076 7.7195478333653 5.78796679870741 4.7425351418928
16.7695100669596 18.4786769668533 17.005180566947 15.8652119810972 15.7107712419485 16.0949851274841 15.1704477609597 15.853582800088 15.6595858412763 15.7111732091982 11.9532915409446 10.4485406987781 10.2308951315635 6.87817863184224 7.51471866221215 7.907266451758 8.74850419558366 10.4566357186023 10.8780067122551 10.0522853069145 8.64798968973041 7.81514853824664 10.172232393895 11.5783122003458 11.9659958293167 13.4024058851963 9.2651291000306 10.3553769536684 6.21657829457058 8.48837127872431 8.68541277335221 8.56801845265058 7.77170936668319 4.46686066756118 2.70007992000745 10.1402055911775 6.14155268017347 5.12160217823447 6.03798549170986 10.2161101719581 8.40395285011621 6.09522523854156 9.32715141189794 7.49876926808109 5.15976881984829 5.20224935470592
11.5112849557015 14.7230595086349 16.477897852808 17.609664098024 15.2370406406992 12.1514647245599 16.1177269710851 10.7107217391118 11.5271836006735 16.5431407038155 16.9285973198902 15.0631733279085 15.2780110480392 11.3230695687728 8.17161751427396 7.11827595731253 6.78582602358044 6.79093351244012 9.23600703667849 9.68516156355415 8.3199522625389 8.65220113302227 10.1229713415781 7.88178122760995 7.03916336654501 8.68737733324215 9.85275924333539 7.462224445506 10.6292365283092 14.7302008333168 9.39615942074201 9.66757679646687 5.60597562681356 3.8701776632218 2.77600284283234 9.05199324449539 10.0738571443038 8.89134137848589 6.923879126438 7.81238430739754 6.42456559032278 7.56615009805281 6.6670607804433 5.82919741270499 4.3145150792302 5.22551839152064
6.35703941429657 5.44404903183722 6.63081344683082 9.62754727632636 13.785265609295 10.6755079919671 14.8511307610263 12.4139384219665 14.344504386625 20.86602968899 23.5301789260301 19.3558690170983 16.6467514975873 14.6980241422761 13.3449231188622 10.940900383083 10.4752698776876 8.68449674443715 7.39993805509162 7.75834394521186 7.05826547540644 7.49640571963172 7.10200456533306 6.89527046700476 6.9087718806993 8.120103677946 9.35690995142922 5.45036514251086 7.07131729519934 13.4070692412054 12.2801727821243 7.30633757286967 2.50077215158068 4.97711890470357 12.2022000642078 9.73782925135118 7.67346484434133 7.18062014775896 7.90173654454112 7.17969024542102 7.70918909470359 6.42604381991506 7.34043842620806 5.56756018922168 4.71853971455766 6.2745032146321
6.3961495815019 5.18976729348029 3.99692086540878 4.09197235817534 5.11989860882016 8.32489822471859 11.0971051767874 13.7536172555285 16.7195502642319 20.463662724933 25.680425681208 26.4077524201026 22.6196310274046 23.6442261108875 18.5150656575301 15.0672081192638 14.23560389075 14.1361600412375 13.9677770732333 13.5018550756474 14.5729024529004 13.9660420622055 11.028411958331 8.51001889514688 7.24380659172197 7.04559490027786 6.42589175452348 8.19663952128726 5.47996002390894 7.15815731950575 13.8156190407262 14.1414457550779 10.9302707930097 13.1601902936235 10.8240905118093 9.07242407800334 9.70223205470581 8.17485362532719 8.32252458704506 7.70335535311582 6.02371387494992 6.42427161218141 6.49403326200249 5.63169984588171 5.38008562847943 7.38629442683733
8.24496847374784 7.2637797348187 6.82521389703447 4.95583461312751 5.59283860036485 4.56981669949551 4.86772347609184 10.9736670223773 13.1893238055162 15.204476100659 19.8313309250838 19.8149182889577 20.1669868518512 18.3355876067337 19.075397969839 20.8703820295526 23.2039106455677 17.2259608600375 15.836353750976 15.0798803496051 14.1230770944904 14.8619044535056 14.823185828543 14.0556812939913 13.6506814850579 11.9114583046191 7.15282430942746 7.3879632462006 7.78565412142745 8.39503358208971 12.3481291399124 15.2498389222143 14.5128640905761 14.1832038298893 10.7415215975824 9.32966421175703 10.3314867797817 10.1566472033278 7.9334749593159 7.5448976708641 6.35491675082499 6.19125441349792 6.09662397378051 5.20211188945525 5.34240738898206 5.63563238996773
9.85696191723486 6.63507130699265 6.67438067253822 6.29737700704026 6.68013308021622 7.09019095843726 6.04576844657545 5.11786350136135 4.974363708596 9.06718534192105 13.5146849610317 17.6585785344365 18.0183701121382 17.4931490476557 16.8344649973249 16.0545786061067 15.8600803232238 18.6653870886119 24.0574535025714 21.4054180495015 18.265579955596 15.6589343968246 13.9599635313129 15.4490820860852 15.1000718232776 13.710038911064 12.2370169580739 9.06195174345573 8.20320609249373 7.67156709680648 13.4747232253916 10.7151770707528 12.0506515992477 11.5165423381086 10.7605972988729 9.18378449884456 9.65136673017752 10.9206151245223 8.4666292927907 7.63783551864924 6.45120021673196 7.87177155485849 7.39337874001431 6.22272417799389 6.88009705524828 6.71173557263658
