IBR/IBR_outputs/all.combrep_1/PersistForestCover_Total.Silt_Total.Spinifex_Total.WeatheringIndex_Total/PersistForestCover_Total.Silt_Total.Spinifex_Total.WeatheringIndex_Total.asc
NCOLS 160 
NROWS 95 
XLLCORNER 210004.651214014 
YLLCORNER 7350008.22228844 
CELLSIZE 4999.99999999997 
NODATA_value -9999 
[rows 0 to 20 of 95, columns 92 to 137 of 160]
-9999 -9999 -9999 -9999 -9999 -9999 -9999 -9999 -9999 -9999 -9999 -9999 -9999 -9999 -9999 -9999 -9999 -9999 -9999 -9999 -9999 -9999 -9999 -9999 -9999 -9999 -9999 -9999 -9999 -9999 -9999 -9999 -9999 -9999 -9999 -9999 -9999 -9999 -9999 -9999 -9999 -9999 -9999 -9999 -9999 -9999
-9999 -9999 -9999 -9999 -9999 -9999 -9999 -9999 -9999 -9999 -9999 -9999 -9999 -9999 -9999 -9999 -9999 -9999 -9999 -9999 -9999 -9999 -9999 -9999 -9999 -9999 -9999 -9999 -9999 -9999 -9999 -9999 -9999 -9999 -9999 -9999 -9999 -9999 -9999 -9999 -9999 -9999 -9999 -9999 -9999 -9999
-9999 -9999 -9999 -9999 -9999 -9999 -9999 -9999 -9999 -9999 -9999 -9999 -9999 -9999 -9999 -9999 -9999 -9999 -9999 -9999 -9999 -9999 -9999 -9999 -9999 -9999 -9999 -9999 -9999 -9999 -9999 -9999 -9999 -9999 -9999 -9999 -9999 -9999 -9999 -9999 -9999 -9999 -9999 -9999 -9999 -9999
-9999 -9999 -9999 -9999 -9999 -9999 -9999 -9999 -9999 -9999 -9999 -9999 -9999 -9999 -9999 -9999 -9999 -9999 -9999 -9999 -9999 -9999 -9999 -9999 -9999 -9999 -9999 -9999 -9999 -9999 -9999 -9999 -9999 -9999 -9999 -9999 -9999 -9999 -9999 -9999 -9999 -9999 -9999 -9999 -9999 -9999
-9999 -9999 -9999 -9999 -9999 -9999 -9999 -9999 -9999 -9999 -9999 -9999 -9999 -9999 -9999 -9999 -9999 -9999 -9999 -9999 -9999 -9999 -9999 -9999 -9999 -9999 -9999 -9999 -9999 -9999 -9999 -9999 -9999 -9999 -9999 -9999 -9999 -9999 -9999 -9999 -9999 -9999 -9999 -9999 -9999 -9999
-9999 -9999 -9999 -9999 -9999 -9999 -9999 -9999 -9999 -9999 -9999 -9999 -9999 -9999 -9999 -9999 -9999 -9999 -9999 -9999 -9999 -9999 -9999 -9999 -9999 -9999 -9999 -9999 -9999 -9999 -9999 -9999 -9999 -9999 -9999 -9999 -9999 -9999 -9999 -9999 -9999 -9999 -9999 -9999 -9999 -9999
-9999 -9999 -9999 -9999 -9999 -9999 -9999 -9999 -9999 14.057894036795 12.7253496091217 12.041038740881 12.3061655862268 -9999 -9999 -9999 -9999 -9999 -9999 -9999 -9999 -9999 -9999 -9999 -9999 -9999 11.5957407543444 12.7243784499941 14.9802030985235 -9999 -9999 -9999 -9999 -9999 -9999 -9999 -9999 -9999 -9999 -9999 -9999 -9999 -9999 -9999 -9999 -9999
-9999 -9999 -9999 -9999 -9999 -9999 -9999 -9999 -9999 15.1729039894507 14.9771935601772 13.9673058668025 13.6431312651513 11.7142649497016 12.269488536824 12.0447952195477 11.986071867186 11.6761433230266 -9999 -9999 -9999 -9999 13.244847960975 17.1257572652725 12.5824291364375 12.7015634527551 14.3874239366293 14.4160210217794 14.0641325715829 12.4271069735392 11.9719551321174 11.4347220554921 12.3883420048544 12.1509468972475 12.1827199546879 12.081256703129 11.3665667753256 8.71549374482957 4.92782644378087 2.95646986600378 2.20429989406794 2.20326447652188 -9999 -9999 -9999 -9999
-9999 -9999 -9999 -9999 -9999 -9999 -9999 11.3963324919867 12.1793639728293 12.317148925064 13.3397819972662 13.6291679731276 16.952685190853 21.4286385063931 22.6676104743699 16.9877226973196 15.5892541070052 13.480575763702 12.1393420604289 -9999 -9999 11.088698127341 13.2292864699925 14.0128407698469 13.5896247186975 11.9666724177545 11.9430104745413 11.9319402056778 11.5393173298646 11.2995170047874 11.5378351694676 11.359050400167 11.5459849593512 11.459783397655 11.7062971547722 9.91007302377539 5.39691969557195 3.25241432782305 2.59102656620855 2.25834962249504 2.0772458602776 1.97447820508931 2.43246424352305 3.20139280109879 2.26122016211435 2.63613294886171
-9999 -9999 -9999 -9999 -9999 -9999 -9999 11.6840925633185 12.8444132416976 23.716869413846 17.1526595713865 16.3009127754427 21.2462057619718 17.5731956848322 15.6637991252353 14.7627561469937 15.0261278608203 14.6241371490905 12.3710014220534 10.199417908702 11.9963164434219 12.1922513333236 12.0599074032356 11.7090687809576 11.6213483195924 11.2356188160448 11.3435980119332 11.2967574253301 10.5357858032482 9.41522553399508 11.5759735883785 11.5676114637606 10.4121734857736 7.82373105559564 5.75283187238452 5.42660180895888 5.65864157997839 3.7507821622291 3.48525263178484 2.69882216287865 2.45362046142733 2.40767654384791 2.62749277428287 2.60874649832161 1.98958775648853 2.38060183805961
-9999 -9999 -9999 -9999 -9999 -9999 11.2022623320901 12.8305265798354 18.1315603547326 21.0869289375977 22.9048618073337 15.814065221893 18.3238850210753 22.3638513448364 18.3230163888427 15.8617200448746 12.7730742599337 11.8226766113841 9.20210176795751 9.14480191796988 11.5854446001264 11.5407145454826 11.2656613331876 11.1725851964951 11.0732877646541 10.7117624554449 7.21149602300524 4.56341375650548 2.88583734352528 2.81543376517045 3.75676421709991 3.53286548117546 2.57888047567911 2.65016407184987 4.65661091970868 4.84288907593748 5.43873649199934 5.09338307817105 3.54911564195343 3.74960569062975 3.1510399780989 2.44295709120824 2.86715298088326 2.96724174596618 2.5916497662654 2.44743660852277
-9999 -9999 -9999 -9999 -9999 12.2416067324374 12.794726549321 16.7957982681108 20.9815661524997 17.9773443783781 17.5177372938305 16.532378497266 21.4789486196179 24.1004741072208 19.6464711881289 14.3176421556144 11.8681620310746 10.7348096248239 6.64873040210848 11.225067585568 11.2036830229803 11.1320073793967 9.84672931321009 7.069102178925 5.10053997188846 3.58642849084901 2.90463466378366 2.93111029828403 2.58420146250682 3.01692489286968 3.35382845107338 2.88727645292477 2.48885983289997 2.52572748973947 3.21543439013873 4.67271862448979 5.12413633789099 4.66383861819383 3.04667887241078 2.47584245705614 4.45201230027533 3.62180558419128 3.12932488479419 3.19978352266914 3.62028783975223 3.4022931086966
-9999 -9999 -9999 -9999 11.9633208360087 13.0908117902557 11.4179451910054 12.7749081848527 16.9346252667881 20.0443363312076 16.2633990381866 13.6554474182075 25.4894152578379 25.4619857707416 21.9726375465654 16.2686483420211 11.3419292537252 11.8613807758848 11.3322031177689 9.20911312915857 6.87455140981921 3.75493502112354 2.87405291886273 2.82725997115436 2.49335921962646 2.7726066585344 2.73499384780612 3.04333829334259 3.07682543889698 2.7695704658139 3.39539925183486 3.30253742285223 2.63978963121523 1.83636629794822 1.90689631340825 2.24481387098142 2.93332436953445 3.48568414628235 3.78184722282107 2.74399658989787 3.02211050906683 3.79382103152358 4.14534551786007 3.30047161484036 3.1336758429907 3.47409248516435
-9999 -9999 14.1246220243357 12.8196024365588 13.0527364586834 13.3535081508818 10.7388982666532 7.67044657889323 4.28882940400072 8.36934452298773 10.2361770789347 9.90682062255655 18.8685028842494 27.8028824676751 25.3467290084326 19.9017425099861 5.27522639631935 4.12110707343221 3.66719651024471 2.64116488789425 3.01448203172018 3.44428983436678 3.39207499579703 3.1370853357624 3.00335487100215 2.56540652635499 2.77507351224437 3.265021638417 3.32018839609118 2.99606822237105 3.7420835090093 3.13639658028097 2.78590039093851 2.07782142711393 2.71197654905102 3.15214224534145 2.48025301748178 2.82807164725818 3.88309758344071 3.13276975999646 3.0781918106739 3.62338288369851 3.81622244470916 3.13953454656861 2.91968540684679 3.69461530550231
12.8588679584987 14.1858448909182 8.75553336479366 9.61631373334546 10.9069093650489 9.51574844803734 5.85714956824549 4.08460578753178 3.72352854012548 5.83689057513933 7.78189588545568 10.084633688871 14.4362459150021 15.8521486612725 18.9067711866852 18.0024722733907 9.36668283560248 2.409676951482 2.53465167111168 2.71306474631599 2.54263702628573 3.27330167065592 3.3055425129558 3.82505809755426 2.69022316263383 2.62598274579837 3.59056064346878 3.20230606230182 3.76359646276435 3.14971417007446 4.27746698296485 3.89933872607058 3.4291705897821 2.70418646057739 3.07256675505374 3.63648312464534 2.83661073306798 3.39655165276025 3.06938073324746 3.78656445243626 3.192590882494 3.92936931944935 3.74111799580215 3.8906433007582 3.59452593382784 3.64694800649673
8.71342073016052 7.71251399633644 3.20991581705237 5.98359423500709 2.90345034082731 4.55527508326026 4.60826412349325 4.58571778493445 4.08386549092587 4.4461042632439 8.48448292959184 13.0849674287212 13.3360272033873 13.6054794768477 13.0434693918581 12.6776909921214 5.20265460144982 7.43511782995145 5.9723127805758 2.87178713622568 2.62967717880398 2.71308186223979 3.10478781903082 3.26136907830243 2.95526711852842 2.38407373826016 2.86920356140183 4.19642210186331 3.98688264724117 3.06275351034223 3.95261383124672 2.90397588990046 4.26672705192398 4.01912876929816 3.33407827115938 3.21979065601026 3.00838114794807 3.33032797859042 3.80270717891853 4.10816901865144 4.22053992473308 3.629558401577 3.55123010094181 4.3438641442352 3.5640824951359 4.02945957753946
5.67936258962261 8.69219882760293 3.95231960231081 4.09641763297188 4.1983754431156 4.16725561229757 3.91518143417454 4.8131372537886 4.18521833369454 4.20844983155555 5.81292527123183 12.9146986704898 13.1032896195791 13.4433140946943 7.33617492041506 9.28696045692692 11.8651698310332 16.6128480487908 20.5119226603945 9.91029124491611 4.1376753527771 4.70431849344524 4.52668165578606 4.13345591053591 3.65836262460796 3.45703934102379 3.01762467414138 3.58758119447341 3.90659702941289 4.72852473008362 4.13125712882703 3.03297045037937 3.69268628189741 3.77660772493038 3.98509324979798 3.41849800628559 3.46594421012186 3.54096256692492 4.28159939320774 4.17145047171226 4.67486942330449 3.817994963015 4.15556091664041 4.36289554990894 5.00342237323258 4.75039946635277
10.8584019764666 10.1555667631033 4.04467448091019 4.09955276202537 5.01651348536158 4.12839622350757 4.62736299318193 4.70726482935495 4.7058369182898 4.37101183173059 3.45625768703807 9.47466016655647 13.2667505792783 13.8542649883037 9.60976057287759 6.04709067095044 12.7199345431244 14.3916341851032 15.6217819454204 21.642001425247 7.56075935696059 4.86972698248907 4.72939690820013 3.95747638227453 3.59746737791457 3.21492981949778 3.20580070323721 3.5707371210332 5.04102681118177 6.37267362155615 4.75317653866206 4.03633136108321 4.12909499388564 3.78696293614694 3.74329186902719 4.09506920191358 4.08064496610971 4.15094926065747 4.31755350190798 5.74043666767121 4.54898219770309 4.17609929924701 3.93378736883471 3.78798704657193 3.50619579533452 4.11028670782294
4.30528716942671 4.95537688820277 4.20270089418463 3.86356353211133 4.71563671880012 4.52739517499239 3.79101514871498 4.78445241634434 4.26420700074302 4.23711512955712 4.4931424132337 9.49208316565262 12.9449334577917 13.6901920814008 11.6005123375167 4.32381230973779 4.72521852024483 9.78675285218416 14.2632073846813 14.711937578273 17.2955122890909 8.46577962707438 5.3944763561294 4.59736893428014 3.68605247553975 3.00073905855277 3.55016727747133 3.19823717439398 3.22887425810901 4.37130510810074 5.95812801023018 4.3768195913328 4.53612013647924 3.8332287190122 4.43431810788927 4.47870148197435 4.14289730554903 5.14838449067163 5.44949672783443 6.1160258064482 3.98363643478284 3.20666247271265 4.14039913464977 2.73118894748776 2.43923774468856 2.91764217265561
3.7043854938069 4.03542021865544 3.87430984363978 4.08772052454396 4.14371433463705 5.22949745810131 3.28746997730923 4.36091125770187 3.61146442941006 4.36560596503452 4.99404806785082 12.1232079371341 12.8059885331776 12.9358599302974 11.0968755660919 3.95138568790399 4.11642554137116 11.9937017057544 13.7483260264508 13.2407373673067 9.67077335705829 8.62168827150172 10.9317775976577 9.78618091852967 4.361140699659 3.88419633013462 3.19431307824097 2.59253715230795 3.03135870727536 3.34226446160516 3.94856177346693 6.09562374505506 5.65922977468169 6.11483894112203 6.80147681351767 6.12911420721674 4.49145533935321 3.95587470397619 3.60968861080121 3.54651551158394 3.23030440559624 3.94180841245347 3.89070816045193 3.12296060608492 2.36842021098261 2.09908191196082
3.19699722661286 3.88127979061124 3.74924808830151 4.3122378587311 4.16285715591563 4.36717879972134 4.19368042223507 4.36669290192087 3.79030555886852 4.31444965778022 9.77531732121479 10.665739032279 13.0195015192091 13.1668167096883 12.8401127857367 4.48242548807217 4.29278693038635 9.00274075919661 15.2296996191518 13.8399966403135 9.61881465569278 5.68069447721951 5.53137318457633 11.0513944534153 13.4342092650422 11.2606775211462 7.69098680398832 4.32607924413623 3.87683403271248 3.84494599705387 3.29461490484658 4.7264094864366 6.40795511295916 6.47805892666593 6.67233314866752 10.6303650311298 5.633101725042 3.34389530753944 2.53807552763185 2.0602102532168 2.41783159827043 3.03371228401903 2.29616299057864 2.08833515563428 1.63191461388032 2.10760212698611
