IBR/IBR_outputs/all.combrep_1/PersistForestCover_Total.Silt_Total.Spinifex_Total.WeatheringIndex_Total/PersistForestCover_Total.Silt_Total.Spinifex_Total.WeatheringIndex_Total.asc
NCOLS 160 
NROWS 95 
XLLCORNER 210004.651214014 
YLLCORNER 7350008.22228844 
CELLSIZE 4999.99999999997 
NODATA_value -9999 
[rows 42 to 62 of 95, columns 46 to 91 of 160]
9.34754504169534 10.6707118572891 11.5344224587915 11.7859896507831 8.79589566726425 8.36480994880952 9.02751948450362 10.1791550847757 7.99526637522107 8.27131638647604 9.20290554637253 12.3816371530927 11.3435488361523 13.304158132068 7.80247657541693 7.13737871576238 8.80078036977848 7.3092529413039 6.80765286796872 7.63236287496612 9.23399790218859 7.32740689522919 6.6950682606017 8.60291978095332 15.1094993510343 18.837144788698 17.4295920817539 9.52003875842756 8.77232284402308 8.42498516633103 5.93074948008186 6.35681499266361 7.29965707852334 6.08793146907183 8.79075844581426 6.4075403489707 5.66783821080727 6.0220732403393 7.16942247429796 9.91231213831341 5.54037506022015 4.84458431540605 8.37147304271333 5.24494264234528 3.75676634381056 7.27844599925342
9.14439681833472 9.47721248514741 9.74483923485269 10.2038174077317 10.9092778175992 9.1671718308935 7.90059406714983 8.02316105599388 8.45794115069782 9.51379333285673 16.9523623668167 20.7778771056395 20.9700567483345 11.1659643866879 12.3699226370865 14.7335041036954 14.7117895780669 10.9639272652826 6.97426289710656 7.4879918347272 7.37601556029521 7.93519437504574 8.07789720936166 7.50562572905948 10.0027929180828 15.5412995297166 20.7197424025835 15.1741053229824 7.46186337115441 4.94351499930665 6.19561700033199 4.93749475009125 6.03869792774298 6.39452574102141 7.62925149282973 8.36836452796512 7.88196061528225 8.50449027899234 11.2988954768323 7.78931572452302 5.35133452408432 5.75007123719011 7.01313809589297 6.49907290736554 5.24599428558256 5.45523626503805
7.20197519444355 7.8009068261437 9.37328141309417 8.16335328079955 7.7747062553694 7.9444887464786 7.72307071905712 8.4037126032862 13.0287586444851 18.7579677285248 14.3440983121715 9.94794589671275 10.5774022972058 13.3261707321035 19.5720277907044 19.1833785799773 14.8857617143375 15.1450624762205 11.5437078861987 11.6165068586537 14.200489075388 10.495105753282 5.68509371084838 6.37419939802682 6.58858720596007 7.38309451978737 13.6285736326197 15.8520736284061 8.91850477068201 6.79785441573871 4.66690772798037 4.8180317224153 6.96827092586606 12.1977362110891 7.7473990336908 8.59767810581391 7.86894169451246 7.60222735287439 6.76998528032985 5.76414390631486 6.0721759292708 6.14220614474884 6.8995758793756 6.78439473515834 6.90494234815998 7.30556695654899
5.93023295177792 5.93300130957576 6.35723102290063 7.54003818744979 7.72843428561207 7.97248994413788 9.03180674635512 10.8158271298101 14.6320905944387 9.09734194532492 6.8862330845095 7.36546150041517 7.26223142162491 7.91014037613652 12.3777399602445 14.5993116296647 17.6590231634632 16.6482204124008 21.5155632543172 20.9234787466197 18.0370024592279 15.6482313583371 8.56553801088761 6.23479039362658 5.66238088250035 4.9758178682603 5.6548677494405 8.48233799049695 9.72618091979753 9.19914939428093 7.67947217680663 6.03538200535512 6.87677393189735 10.7399558897714 9.87932059762388 6.78998418947304 7.70427320828442 8.32337461395166 7.47368758855793 7.89029726842885 7.0574801041312 6.40900007713542 9.21547382139421 9.29514865350562 8.35700884273087 8.95080920036794
5.18985331555041 5.13127381655551 4.6683789491369 6.33504772622654 7.33781483575341 7.9137318398334 8.35971565423087 6.79434419617951 6.06960261818266 6.1453326143429 5.40617272969857 5.70987570636404 5.58488545346197 5.97958880519973 6.26382063315257 6.00595653819194 9.25625149283613 12.4010036138323 17.0153880019923 20.9662004838427 13.9039289747986 11.4173073013435 9.8536503606408 7.54867710657527 6.82555256454187 5.72047761782592 7.53426764614741 7.95282092865378 7.40153191289547 9.06341017451671 8.35304335413502 7.10152608110554 8.08441733463078 11.4806958542781 12.5024232238376 10.2674057022211 8.14221567732326 8.50466685181453 9.17470494764701 8.05310789257202 6.75754467495917 8.87753265355166 10.9178260030125 10.2384340362337 7.28155587452091 7.63791738774873
6.38102376891536 6.1973701421292 9.81395340471398 8.70906017300736 6.54868266000661 8.71934687636 6.37707037436994 5.08837573000627 7.15457578208706 4.90826685779187 4.74703004248023 4.19159627760808 4.62108031513525 4.74960289238938 4.78899853438789 6.33605516255126 6.92060343646957 5.30979531183665 6.70258934820873 7.14699668362206 6.06641544496731 5.31721115840484 5.93000578093043 7.9610251364094 7.03629477724274 5.15149463582622 14.4095803419295 20.4528639510244 25.6229929920017 19.3463873297783 9.41359074808632 7.75482997024492 7.35647469313238 9.22941466874402 14.6855194867635 17.7304318513384 12.6556381309751 10.0143966629629 9.23393279689131 7.7572153564807 7.92948380379642 9.21967646260257 10.7101422366099 8.16982898102738 6.79512851127685 5.05594800896467
7.45599771429405 11.0097117468369 10.5708129840201 7.6555852811223 4.5382832935629 5.01403888324439 6.43386461020573 5.98611614954321 4.53510916323812 5.19061408287007 5.91068088059098 5.13712244594944 4.42116760001312 4.142233370825 4.45464428511107 5.18968699699263 6.31816735249285 6.05955510886384 5.65361948428064 6.0415713434591 6.57151199325656 4.31680440830035 4.32687332647189 6.54792777600771 7.43354491425327 9.96839090102817 18.8865932259134 26.5916441140324 26.482277439959 26.0150340882321 26.4932369841017 20.4624403434516 11.5999231354321 11.4097861201784 12.9591759430224 18.8042059860881 12.4692534749988 10.1214889181176 9.60617232953891 11.0713403452818 9.97745969644561 9.37999933106866 10.6110725409313 11.2029518902589 9.27148289858846 5.90870995262041
7.26105960442049 7.03243229183503 6.84546910057531 5.43957235490912 5.61918480675861 5.5836284443885 6.48607508355485 4.919600613832 4.08630317710304 4.26331605572917 5.24609912519289 5.24384677254231 4.77985875845969 4.91510778692641 4.99084938083343 4.90708996866661 5.47300879051869 5.58231968267522 5.31571265802688 6.04649889651899 6.27932597726562 5.95169249396441 5.15216248844743 6.34042839692147 5.95670974546097 7.27699611105637 9.30834213830769 8.28838022435895 8.81812467339215 13.2207276555479 20.5060911361404 28.6069158966839 17.8646503518792 11.0567972683977 18.6178958324699 18.0525405282138 15.6991493656437 14.3558478195422 13.4120225005409 10.5021723202408 11.3069134257057 10.7111995083463 9.78023693111112 8.78928671637184 7.30188841948322 7.53420632242405
7.10793547984953 6.48870017749638 5.95251423810281 6.25690075311578 5.9127342362658 4.71414719610853 5.90809139051375 7.77667704040438 4.94393419726517 4.89412925641268 7.25419759099949 11.3621687955898 7.39822541571846 5.42559183750806 4.93308994286841 4.64627265001103 4.74173670713281 4.66066563014477 4.62221005064695 5.97819848964759 6.78515052757746 6.22896947876441 5.57569150293363 6.08774994027431 6.66249693229799 5.83595240568213 7.00960540183479 8.85770024137749 9.11793049438567 6.46353626590321 7.59136375113937 14.2154900863977 21.5969748275457 10.7667418255462 10.4729721978661 17.9020446020028 14.3999333253543 10.0679126690035 10.5295948503922 8.64640363816882 13.5964216166624 14.5481202434254 17.3251224485924 12.4367272920624 6.69277655082633 7.42701134819745
5.49964474938786 5.86582236758539 5.85471312655088 6.06438331476346 5.63991975899524 4.61863256925272 5.45870758640545 5.42911560661144 6.24716972912529 5.53219581905259 6.61635577765129 10.4032768857435 5.53097164053115 5.48298851636719 6.18469035755164 5.58285967336527 5.80629499336882 5.61724097795173 4.42346677842601 6.08902355800963 6.77803759889667 6.2066948713738 5.60432836522747 5.82421804215374 6.57009394284617 6.3590341611054 6.28549131303712 5.7785248608527 5.24855786034382 5.09459741575424 6.62439008134812 8.03013056199322 15.235006587563 18.2143733126834 9.87431946384869 9.57320470045183 7.89239261176582 7.64463988419011 6.89899448178664 7.17524983829207 9.92034600344665 11.57304777674 10.8130552253011 13.97135186416 13.4292457081896 8.11791009340134
5.91422032851911 6.78776639244963 8.44132504219184 6.01225701677892 5.62165220764078 5.61878006277253 4.82248561367317 6.31395896700414 6.87054766260866 6.9595684177567 6.77230013905793 6.5590405135192 5.5449930986863 5.31202691904079 5.54218571545937 5.6289602404087 6.35862117555771 5.04769972463949 5.12359434719393 5.34795562176798 5.98391654613398 6.94253701723098 6.50163305416601 5.59892910909263 6.69190030859404 6.62815891193132 5.86038798252624 5.40442117773978 5.03985740310416 5.20040516656096 6.75419078896128 6.1948760260195 10.4741815915824 22.1354737783014 10.0566855505905 8.16685174951225 9.5269764176481 8.52109281036463 8.06603548142693 9.31879279190014 10.5178429747623 9.11123558506054 7.94425938967461 9.26555949433774 8.25192355051304 10.1740248767207
5.92043665257012 6.0729320344376 5.63264459663203 5.70960157670036 5.61921841716588 5.46892360014552 5.55628663558309 6.0898425368798 7.09932986799555 6.58655188690279 6.82638600691584 5.6972124557817 5.47128926571276 6.1304948096326 5.51814018603846 6.09733619986065 6.189923921895 5.04728264452517 4.6018044891632 4.81976338405676 5.21024190836787 5.80663612337385 6.01499707392048 6.59086221079602 6.65495789972411 6.56413139572139 6.03573326846517 5.43320497045517 5.20183322093608 5.86593411013204 7.50179667049986 5.70097675591985 6.19165151881763 16.1418772685187 24.5742782291066 21.6675550317467 20.994669150049 19.0071737658339 18.6913598907924 18.3598190591679 16.441348712781 11.0978189277079 9.2244106838824 8.26341529121409 8.3042189590948 6.34877543409356
5.32601591042104 5.65878804401848 5.74307672559422 7.04442023359381 6.14424514081445 5.3366988822456 5.66539968827789 6.203238436102 5.82446513670236 5.82474035328253 5.8206207922181 6.14399420990785 5.31991648845182 6.12534149904531 6.32068236572912 5.64808665920405 6.18730652177118 5.46500985374409 4.70695353752362 4.89048902249108 5.4610268003994 5.67481536467695 6.10539938051848 7.78551371767591 7.8641218525389 6.92503588607033 5.97326740183595 5.71089193847841 5.6001389264999 5.76157128867549 6.00018303433233 6.05883167469529 5.61618668675365 5.17862880046597 8.66658585862095 16.8181005904937 11.8908371976417 15.3918086131417 25.3133198624605 28.4735902524067 29.3500697142328 25.504809636988 24.4389260495918 16.6861692131257 10.6571153578596 8.73948548593801
5.63000510777557 8.37989739509059 6.58334514633252 6.13401084924423 6.03747459964986 5.74200693126869 5.9023059844408 5.52785211445706 5.12366547395589 5.63768121496945 5.28147420000242 6.09159603843794 5.41000662545585 5.96315018710879 6.60107787196736 6.61863366772256 6.74061746200219 6.21350387148446 5.06163924354121 5.05030284077354 5.17068181511473 6.07710483247943 5.96818486257508 7.12156056459034 7.8956260632361 6.66462914214587 5.99822966760857 5.85868736131351 5.65646675449023 5.20672171401058 5.64309388145542 7.26895717262749 6.93593432105512 6.07496352874318 6.6285213947281 6.60872568178497 5.88891586566077 6.90233082987643 7.73945664309149 9.51891898254556 12.9222514796994 22.7619865714536 22.1842553898453 21.2347606049856 22.6137824784924 17.6188093572115
6.2083779535184 6.06508207294037 6.31240446464324 6.30629557594071 6.40437841168252 6.15914391790934 7.22059090937431 6.47758064478988 5.86942667395452 5.56193821769682 6.34992935841841 6.40018088314817 6.22768609401328 6.39240342806054 6.81681361906561 6.48931861729803 6.83568800827731 6.38430349443414 5.6947467121863 5.91434449497769 5.89811850707953 6.52690025096015 6.68836471257978 7.18765218929539 7.79729943006079 5.91381813463 6.76616077904921 6.62203260765352 6.44272287326742 5.78458875203644 7.26607090628398 6.64975918172305 5.92768316529753 6.11974338358487 5.84419624528095 7.40916664720579 6.70480577209645 10.4334125520833 8.85998358594721 9.2570782024015 7.2350298267691 16.2983123692331 20.1488213572672 17.9528637231989 23.0519077971732 24.9606020150806
5.59268307727326 5.3758107355271 6.29369542628366 6.82049062748842 6.29577869592007 6.54102638862824 6.86158691256864 6.33032243812451 6.01006729970728 6.02147969976674 6.41799061802265 6.40204358555133 8.87749359107839 6.91191050393986 5.39463473247078 5.54596057575665 9.45814710576776 9.04027533207576 7.76143661783773 8.18752314228716 8.79789413918808 9.29837314799019 7.16864046196004 7.71486806130494 7.89228665474517 7.65670307474108 10.1049957944461 16.7448960763576 19.1662850916195 15.903144500835 21.2145863734046 18.0110698416869 8.38659693083787 6.38209741437133 6.55918300890132 6.95953068703557 6.8604615492172 8.12478228227953 10.4775379656847 11.4138722563772 8.19603510230438 5.90999300173761 7.85732760219539 11.78610166748 11.9184966584652 15.6843514374715
5.65827461016813 5.19853798164709 5.45885608394569 6.87961827412366 7.23541149337504 7.56499360995545 6.89546502165479 6.34091351374889 7.31942374397987 7.83425041814353 6.89572590111497 7.5275120759268 8.58357543967535 6.63362906342899 5.64712837873407 5.9852209869389 7.12962433288819 14.0590401598302 7.48719541583703 8.49236517297669 10.0220016318594 10.5147060706562 18.1011704809745 12.0543297954863 13.0588886330568 17.003008615291 15.6102565494173 18.2510942104357 25.3796805624408 14.9094184009242 9.58709614783581 18.4001425131856 10.6250275174939 6.6056101099435 6.74822116747579 5.64666048171306 5.04891479534689 4.63128580745114 5.30875322173592 9.28027803191467 8.68117134831424 9.52305464814482 8.07103061934051 7.1605172717185 4.74208153522976 6.98560211371264
5.2066859296752 5.13412325137991 6.42048479725991 6.0356148384575 7.20555495428892 7.54457016072476 7.61490052015264 8.07735796149495 9.13058094112375 7.833268376987 7.30459759193289 7.51564058385321 7.08825919460537 6.45982261486587 6.6364992922335 6.6354035479278 6.78298621904307 6.44782007508839 6.40257277727121 11.9195294428809 10.5130308896365 11.1881640662339 14.7509234213878 9.13101355003593 11.7740759643055 15.5790004368147 21.8256663581143 21.4371341261236 24.3361254721256 20.35843281724 8.48846324345014 18.3094958278522 7.91740025107049 6.52553223767621 5.83364574273783 5.26164651080045 5.2491316121041 5.03039100938685 5.2252078122354 6.12118561890506 6.2074034699138 7.80319456641499 8.01260612071911 6.70404079995535 7.68677256255884 6.54442284033913
7.39081894313491 6.94289370732672 7.77993022825429 10.6369465849502 8.05538399972039 6.78878174040127 6.95152621862026 5.88788415020855 7.2874710303305 8.51617101840324 6.84357606895718 5.9913746027156 5.44229955149286 5.38409873861257 6.21234551684635 6.27697930435376 5.99780525296052 6.7740019342025 7.12460585573358 11.1942485860554 10.934388346645 11.1238957286414 8.93545205006825 12.4637952788577 16.454007868866 19.4190234910773 16.7495415109901 13.2857368577791 10.0264590619885 14.7443560295363 9.58551444472287 22.2886896405577 7.78297501798751 7.00711400872364 5.88761378262497 6.54148954708277 7.22879536672424 8.8297831936338 6.91746560098204 5.64367046722662 6.11805734437111 7.61978846274186 8.30593524798165 6.14128085616962 7.72289958448818 8.92902763219918
6.83972701864923 7.84220318685813 7.61688104952649 8.4544013280263 10.1833863625339 7.63132666210915 7.93517147716697 8.83027408595324 7.61840922939524 7.82167772025716 8.81979764721855 6.57385871874396 6.19592934406228 6.17923219852331 6.0313936044357 6.64495172236491 6.21197583178632 12.3777220737648 7.56502786013375 6.39925551719955 6.79110701643688 10.6360552173686 8.56473087687933 9.30822377136916 11.4299575720962 16.1567107828565 14.3307513607861 13.9977418267156 10.8584415548522 14.0791684710657 10.0983016355579 16.2637745938448 13.3664591883468 7.25651163750958 7.7307920124286 6.53990174475113 6.26524251114489 9.05959885508164 14.4719386272865 11.9169336715537 5.62554907526376 6.28976569979384 8.67604794420882 7.7155537006691 7.20873465296673 11.2229489065346
6.46263532475456 7.63026601343431 7.98219716162419 7.97673978545836 8.74746464434932 6.7029413426343 5.84057726016695 7.96645008415702 7.90394659416619 7.29520737298559 6.21020942864381 6.51132969536345 6.18403786265317 6.36359524144061 6.90727954661197 6.66945945895775 8.29999108971396 10.6609060039665 11.2690278721469 9.69035812981691 8.15590483544125 8.4511206248567 8.27412342386584 7.15066974537627 9.01329553293144 13.7498546661042 15.1160592087152 10.533471948984 7.45111655999696 8.04519950437314 8.31395157656326 10.5657456829027 11.5387603417525 6.00997403335083 6.5735076949584 5.81605867706948 5.56793036501082 6.09339191417557 7.50470646165285 8.31173478204049 5.56485729675797 6.64323709098296 11.0180315291685 10.6141341094651 11.4642825628134 10.2663392842327
