IBR/IBR_outputs/all.combrep_1/PersistForestCover_Total.Silt_Total.Spinifex_Total.WeatheringIndex_Total/PersistForestCover_Total.Silt_Total.Spinifex_Total.WeatheringIndex_Total.asc
NCOLS 160 
NROWS 95 
XLLCORNER 210004.651214014 
YLLCORNER 7350008.22228844 
CELLSIZE 4999.99999999997 
NODATA_value -9999 
[rows 42 to 62 of 95, columns 0 to 45 of 160]
-9999 -9999 -9999 -9999 -9999 -9999 -9999 -9999 -9999 -9999 -9999 -9999 -9999 -9999 -9999 -9999 -9999 -9999 -9999 -9999 -9999 14.8001219017668 5.04320167527583 9.74441292401305 13.5007009617261 9.37803898015186 7.89703426721775 3.69408173986209 4.23636058418176 5.3631537178584 5.5146291323571 10.2254207397912 17.1081416737566 12.8828929054447 8.36850698880684 5.47950808350312 4.99166129657873 5.77417753160878 4.96702197043074 6.05983736632844 5.41508033849272 6.72380464404079 5.0687738916887 7.02299509940484 7.18516365737319 8.45051377778707
-9999 -9999 -9999 -9999 -9999 -9999 -9999 -9999 -9999 -9999 -9999 -9999 -9999 -9999 -9999 -9999 -9999 -9999 10.6515442453573 11.1121910001294 11.7876554728484 11.5091329478075 9.06872211713599 10.6802839229446 10.6858505308021 4.93971931242655 4.26540328931999 3.49549297759198 5.73341548476635 6.56263773290626 5.31265421624933 9.35756469462407 15.5017827738746 8.07135554005302 5.60524168675853 7.24313519458043 6.1452367852961 6.57687139093578 6.04427917342572 5.83333047810828 6.62088474408814 6.94489499728487 5.37632025296213 6.00911666573552 6.95433446154094 8.11564146472698
-9999 -9999 -9999 -9999 -9999 -9999 -9999 -9999 -9999 -9999 -9999 -9999 -9999 -9999 -9999 16.0991939496492 13.4490690329442 10.8450054203596 11.0220894038053 11.5734676670374 11.0666330175894 10.9157155584075 4.43571055200611 8.36600181824202 8.51173122687563 6.8315351938795 4.79488275384337 3.73716456455869 4.18802094894743 10.8694218825476 5.7403261036506 8.10797295749022 17.738456852063 5.92359758802482 4.93461475307995 8.50647844875156 10.6841459882153 17.0458645018553 7.32546299590273 6.24213502960105 6.82784792366654 7.405897566514 5.07215130136522 6.21114846113348 7.6177584617559 7.98515634803989
-9999 -9999 -9999 -9999 -9999 -9999 -9999 -9999 -9999 -9999 -9999 -9999 -9999 6.58960194193542 9.04482898119043 10.588999123956 9.33530430287369 11.2094689705027 10.5270379067897 11.2666874458291 11.2435875146142 7.30007817061968 4.38641089923689 8.04218535395485 11.7859896168755 10.4993845470517 4.99779169595771 3.95402083000279 4.13899764464148 5.69032741267631 6.79811570253614 5.30579393232359 5.86459802578839 5.0499984041322 5.35143931376088 5.41430830029592 10.1435060431322 11.6422102110074 7.64033733625556 9.72791198155644 7.84779282097356 9.62349190011751 5.79834593362482 5.94841172045195 5.60030709644188 5.99738034024962
-9999 -9999 -9999 -9999 -9999 -9999 -9999 -9999 -9999 -9999 -9999 -9999 7.69860369654965 9.5840548218179 11.507348947091 12.0502934224651 11.2882383586383 3.12614851019239 2.87244878962559 4.64302533330921 3.68897702344957 4.23062284821559 11.7689074777318 14.1590203625734 11.8732503748076 10.2723624144369 8.24307468791398 6.40797964773211 6.40580480444493 6.7528507579299 7.08013603706829 6.32110332818877 4.9227478645872 4.68030959354819 6.00533625419269 5.4373810724901 10.6335927072108 14.0923647337378 11.887433471217 7.06598583924013 7.13089100662052 7.72315001008038 7.41912000295423 5.77904734448883 5.34279212854086 5.4559495990871
-9999 -9999 -9999 -9999 -9999 -9999 -9999 -9999 -9999 -9999 10.4841314777056 11.1750844611617 10.8686713706944 11.6546259646618 12.174824083986 12.4896310095983 15.2186490867706 6.14051384083835 2.49784022395627 2.52305177776105 3.04937002979418 3.59790440591201 9.40610232125301 11.6663258485132 12.6407700181055 10.1780405428429 10.7931936863689 13.3439571518843 7.67398843319092 6.39272645876966 6.31687788272622 7.19918154721882 4.71045191583169 4.87500111681798 4.86109479843882 5.01121612148217 6.23391025008752 13.5259185890093 12.5970129014595 4.81564901175972 7.20697280463243 6.42131999140467 7.52909339186199 9.14413617461163 6.76596453178091 5.71008527331947
-9999 -9999 -9999 -9999 -9999 -9999 -9999 -9999 -9999 5.242293111467 11.9617204609461 11.5604526679614 11.6019457515667 11.7918985587645 12.5181942182279 15.7756011939324 19.1099340100576 16.5715978213214 3.57808882239386 2.01175906768878 2.65877660277599 3.20156057293941 6.99740499740481 11.5643852410927 11.8261551097904 11.9833295317911 9.0358339811953 12.9843762633144 12.5696346857318 5.58403365058393 4.63781551522073 4.33882920382943 4.57732249333846 5.02397286386448 4.95937102500862 4.47816534213406 5.06814212088063 7.23640628444382 10.841126472619 5.23505081439488 7.19774969698483 6.91771084868079 6.49827572147696 7.38481314963994 6.76139098009076 6.22887578821336
-9999 -9999 -9999 -9999 -9999 -9999 -9999 -9999 -9999 8.01494871082731 11.6618426681872 11.4260763277138 11.6365240994978 11.6799695527435 11.3896209032781 13.325201257089 21.6011834162059 20.1131699095534 9.14268163409202 2.33092032482554 3.45349349398732 3.215895362826 4.8111067131599 10.9509106805564 11.5646362734525 12.0469756796319 12.778296396583 8.17111813458151 12.7334000485284 5.44739161099171 3.89100714047483 4.13501011578939 4.7933376352412 4.95034737678669 5.44015238280209 5.02299721835212 4.76908467226179 4.66283960225438 10.3715866877072 7.73303263543683 8.36495612941235 7.80078288769553 5.24012199864316 6.30742944059585 5.94637054052036 8.12453380685871
-9999 -9999 -9999 -9999 -9999 -9999 -9999 -9999 19.5942534235512 12.7730009704335 11.5655013003989 11.3208458508751 11.8543360960981 11.7223869980335 14.6623366533989 24.5334175016649 27.1322830787794 21.321754237813 17.0472648315301 6.10945553130873 4.43295710594523 5.28778261314698 5.38681345930417 8.61744339432567 11.5941897631125 12.0226801833983 13.3790815455521 8.27796158402395 4.52933631960875 5.84739101374781 5.23932597038862 5.68742893568145 5.31083416448254 4.56168166434026 4.8967137344453 5.78715109043497 4.937615924891 5.54567519262641 6.07775926886984 7.44094237985395 6.58310954393484 6.53677679433141 6.2720139109013 5.47498289657134 5.31546606250505 6.09986742960152
-9999 -9999 -9999 -9999 -9999 -9999 -9999 -9999 18.6646545383542 11.808699620847 11.2554366158952 9.59218707441529 6.41029324343096 10.6721454498664 17.5338830803249 27.1869570896529 26.9130363936374 19.6950807459002 19.437385855345 16.1719698656693 11.1597712483474 4.56409527659355 4.1725885161428 4.32023421399673 12.1306169335947 13.2942415604839 13.9659153377373 11.8628604152572 5.44467026445271 4.73617354524824 4.85532776556825 4.83725004765662 4.71269497360517 4.35445031026413 4.62545202093091 6.87942827753638 6.2919952607019 5.92231222828543 6.09372564213434 7.29130798497176 7.21011735806513 5.8059620501372 6.36066398520792 6.30125130616671 5.5681020567956 5.48106162921175
-9999 -9999 -9999 -9999 -9999 -9999 -9999 21.3471337454688 12.3609760115992 8.86480573179534 8.28262096342434 2.9061868669568 4.82371880871652 8.08835886530072 6.84965251428928 17.9208962020556 25.9395591943592 21.1427494783648 18.1873220776897 16.8872093421119 8.25872094682008 3.45110125162591 3.78694088332874 3.72910657368769 12.7330272075885 13.7829201098126 13.6223299897142 13.4353999258583 5.83187815000459 5.55283446782208 4.66261292912925 4.91201143780325 5.83124482024368 5.502327647269 5.69571733202077 6.37004465306718 7.1368847832202 6.22158924020503 6.50209199443368 7.19724582454395 6.28290917974029 6.29461162188687 5.82078850189804 5.8720577667332 5.43037429523942 4.94681725360032
-9999 -9999 -9999 -9999 -9999 -9999 17.3048670249062 14.3689816597319 11.6384176062616 7.35037198522049 4.0664578468831 4.64036744513106 7.25048797530741 8.80144717948298 6.93460059158184 9.46081312328693 22.647567818391 23.5324883206384 18.7301325032248 17.5707194752992 8.20541834720976 2.16845451910325 3.60612620967384 4.32016634869815 10.9820670032777 12.7832080766577 13.1086346017843 8.9150626490304 5.58761409102984 4.70440095766116 3.90968494751738 4.26566634395506 6.13427150597328 6.67239691311093 5.52982272058697 4.88643684827853 4.99270024141153 5.28970956721792 5.88131597370212 7.10559439804401 5.74281714717859 7.5877644104661 6.81482201288625 6.33853901656825 5.68209078238834 5.36647994590643
-9999 -9999 -9999 -9999 -9999 -9999 17.8615255211739 10.6717479518288 11.4434586329474 9.24276431015982 2.38770150998022 6.96373714962071 7.90002084350135 11.5317910175522 10.6185662730769 12.2524285452502 18.070040577995 21.9553977369864 19.1623537208583 21.8230919177126 8.58232935415476 2.27325309146971 3.7976459504523 6.68786677247906 12.0786394870057 12.7399199228098 12.7762718162157 9.67815251862851 4.62798390349811 4.3777629348283 4.59443518811661 4.13682702235798 5.71436973632993 5.21656775602 4.74670644355467 4.754911662253 4.14993698977831 5.07635285667166 6.93168027390258 6.91664794051111 7.26108487314866 6.24931027217661 5.89803291025427 4.85999679255948 5.07243714966948 5.20382161857893
-9999 -9999 -9999 -9999 -9999 12.0315739636427 15.5460225228353 10.0233598341932 7.38447894810617 4.18528383258616 2.50535600361093 7.37226251049734 14.5931210318113 19.595704330547 17.6901431135493 14.922620515971 19.5989260145266 20.3459865556209 20.6352902483029 21.7339703528101 10.5845588117376 4.48844983505533 4.23032030228063 10.5314925908261 12.4245441666282 12.273503123353 12.4907757335489 7.50119377801186 3.40767197745535 4.50668269853965 5.46584250577171 4.44972762526572 5.55742892331122 5.76435958694734 4.27267517941948 4.77638717931097 5.85138384185222 7.36057138147917 7.47278380144273 7.47899492078902 5.71491733562603 6.55498821170326 6.43257617594243 6.37574313789058 5.15935887568634 4.77352619184641
-9999 -9999 -9999 -9999 -9999 18.5743758253642 13.7725205442587 10.3569395765551 5.57708483515864 2.3584161084329 3.24372445339338 5.33988326629751 10.4413183950009 18.2644791810545 18.6207310126036 18.6056779712147 19.6153454928439 26.5101524233331 23.8392705890112 22.2757194432696 15.1307548675882 11.6262499976585 11.6752143450888 12.0181883526591 12.0410870857526 11.9812785860823 12.2169114284873 5.11742036250252 3.56165394299916 4.03341984043801 4.59938643029503 5.86465110989032 6.41377419052358 8.35938285435279 5.28814806950069 5.66145227016288 6.31159248791977 7.51999715720936 7.37061935185817 7.84976862923871 6.74407876545792 7.50777244613177 5.96181039864904 5.55077114100019 6.44783218431755 5.4909154930561
-9999 -9999 -9999 -9999 -9999 16.282094297011 9.84395218044654 9.60373697794517 2.29346601657875 2.28268317450802 3.2039900129169 6.36433670216845 9.45703041376074 15.5144761470461 19.7744657338284 21.9877535727747 24.7046928586167 26.5628287656213 24.99848409119 23.1288549654624 14.8590436649198 11.5627312984798 11.8595351975534 11.6527001211324 12.243925293133 11.9507468781422 7.85435748840897 3.70067586287671 3.8280052235914 3.94234372895587 4.92582054408173 4.3749849591888 5.251253623854 6.79518501639665 6.04832357514338 5.66016569886885 6.24668444273159 6.16107305207381 5.49267748428201 5.09338881201478 4.98293089098053 5.56490700914151 5.44156205959315 6.61021778247268 6.5669079818984 6.0355828887787
-9999 -9999 -9999 -9999 20.81447521181 14.7650428454564 10.6585983526129 2.43404931372227 3.64765917443045 6.41739008695494 5.71037481197314 9.14252171628602 9.70549483986788 16.5041455464729 22.0496257715582 22.180780129913 23.611644143105 27.4005607054324 27.8872431697565 29.3212534936572 19.4060833272172 13.5576059752729 9.37986577332688 6.61014717819289 3.8734030594097 4.03260856083038 2.8617843618411 2.7427539922977 3.45360189063079 4.41275529998271 5.26127861327886 4.82473834605174 5.24091528807048 5.60820445716589 5.16726199610577 5.38347215336046 4.88191820230764 5.67031967479856 5.83709878277915 4.92554551479555 5.4005894350026 4.92049509824821 6.10107467441411 6.10307377926706 6.48630057419172 6.49305517709103
-9999 -9999 -9999 -9999 17.2343419002563 12.3829989165845 9.75434214513438 2.17159621870967 8.17116585076472 11.234904619838 13.5653123048461 16.0117031190693 17.0799007573881 18.1522015453903 19.3725969069291 20.8563111972494 22.2744645408371 26.5340412053751 28.3222121103981 32.6620949888838 32.8148084257341 13.5032499205471 4.34053858598276 4.12991564349224 3.3643848208997 2.49821576104417 4.41981662213415 3.71200459560574 4.75805093304197 5.36219328724803 5.37809919238344 5.02007957907707 5.24049311343448 5.34622753313895 4.31558238606502 4.4973478263928 4.39721169059064 4.6087523383659 4.89017546242639 3.75306667128617 5.45775798634066 7.78605521380587 6.24814174054767 6.55239043435258 6.15363792809358 6.12287245475525
-9999 -9999 -9999 -9999 14.9241173269398 11.8722107122366 8.057079856579 2.03227605891082 13.0946176023133 18.3890343435406 18.1550715119571 18.9457646917712 18.739856915885 17.9543191088429 21.8618026220112 22.1176397257336 23.7551210084903 25.4557830393982 26.0623917160603 26.7724094268229 30.2355692721628 11.400137691035 3.91170710846914 4.27057176863136 4.29013285688011 6.68990589152374 3.91840341767908 5.35417664876655 5.57543183991126 5.37650772530096 5.66496908896602 5.90584723038792 5.22671329705015 4.11226241144804 4.3391263713741 4.06120376556221 5.20930142002294 4.85015284464546 5.82399488487489 7.06173109424542 8.78404301321449 8.35215550808525 7.60278356557778 6.87400731043788 6.18461243272673 5.79732563617742
-9999 11.8377936726875 11.8126302177059 -9999 15.4665837375285 8.69402040978414 2.85363977605142 4.69365073040684 11.6731698096842 17.7779756983982 25.7756559409194 23.672390974856 20.6335552893926 25.2877918558068 20.3263967401354 19.5817257371806 23.6171518969971 22.2411613730482 24.8990828033227 24.8908751910786 25.1983923413213 14.261589767063 5.581848736054 4.126827276596 5.20855547536236 5.72263913261641 4.81699345146414 5.74012316617788 5.06079647215115 5.56419964312935 5.50799269300057 4.14314526921198 4.42775499789818 4.42778163780148 4.27585681699394 3.97146634590942 5.94616070859572 6.26760991588202 6.9344427664244 8.06676465050524 7.36525735930028 6.78773765694963 7.80789024471036 7.97309693154189 6.20688318939203 6.3876386241596
-9999 12.6550236746265 13.3796962420408 26.0263035181514 14.6667476916252 7.74967047888395 3.51571140126154 9.01368971738916 10.594097412253 10.6939025811596 14.2310254130411 18.7956148577026 21.8242207262429 21.6388503909998 25.2644789517779 19.9285550309439 24.1875495343126 29.5469711517078 31.3040824473462 28.4348554169073 25.4520668613142 14.4812937558614 9.4669260250759 4.88323301095428 9.99215251715222 7.77463558362768 9.79275137932543 6.97619711135086 3.1049955431675 5.17090378593455 5.24235744863798 3.65142251405537 6.72207058986416 6.31997554615921 4.7170448036797 4.42502952013825 6.37153816412959 6.74284480720905 6.77405149709021 6.41589154818707 6.28116285951791 6.4665477835584 6.55701238669308 6.4963605341715 6.70381531908208 6.46183332378226
