0,25.7257503294656,25.5241468199504,27.8876859202323,34.4959125351379,32.7729241457868,37.0393661337775,32.5972041834029,64.598776707053,68.1665451890088,98.0640146335071,56.1668590005605,57.6704867487268,60.6931265041971,62.975513826833,66.9706648886718,59.5881021387654,64.97499512673,62.6599226624309,57.2359827032693,41.5510126939536,44.5644608254974,42.5525958120881,75.8285705099417,124.461350709161,139.925006205274,69.0685965462364,69.5982454163053,64.0992997295576,56.5895569740909,55.2171323260195,60.0195077717531,86.5806024504145,44.629869462424,71.587011687425,68.6818265694319,55.5347653696563,86.074021182188,89.7166710690534,89.896878536767,83.4110191824599,84.1509201136081,85.2216798056817,84.5713422088752,91.9741124437414,92.6171039515903,104.537385786238,91.7049108083919,101.256275504449,91.9854063860345,93.6058880951979,48.4590707644781,46.97281329672,48.0948991730272,47.9089732802695,48.7673625147783,46.0029753390975,45.9140288807427,42.4153332963773,39.313092776846,39.4288852551932,39.2753280019994,38.9146630966766,113.32578960635,45.5816747676204,60.3084890489737,106.997808406352,109.328471782012,104.937024458331,97.8647145804886,87.6793050629208,86.4336155944874,92.3807315218465,90.7752901662737,87.3924552187193,61.3291617000114,67.0030940481364,70.3122975987122,43.6710805564474,46.2325715094305,55.0544632107309
25.7257503294656,0,28.2121893900964,25.216290373884,28.4209148228213,33.8714312715085,37.5626275121738,31.3501403172205,64.1509853183184,67.7238234685413,98.6153328362881,55.7506420839813,57.247435153943,60.2652063362932,63.7259774754341,67.6649446868081,59.7833119644919,65.1910930065429,62.8449588300894,57.4649991040706,42.4471728796378,45.5221501726418,43.5123965646262,76.1285272825838,125.126093892608,140.571469946264,69.2019585641273,69.7833877872272,64.9310767485541,56.1412447225597,54.7632562981451,59.5875676218078,87.2381870581594,45.6461206658168,72.2602831571719,69.3584516131847,55.133559129274,86.6478892604766,90.2930300149539,90.4714198804306,83.9712527575306,84.7105917811779,85.7795176426746,85.1287638090748,92.5354011781247,93.1829974005965,105.099978654166,92.268828947014,101.819188239346,92.5485067265905,94.1740545710768,48.909026385089,47.4419410798007,48.5845992024963,48.2751445905078,49.4266305614135,46.652169386911,46.5291343636121,43.5230544672431,40.3394929473699,40.5598521412976,40.4221594638243,40.2089769931152,113.370859836632,45.3883884529576,60.304643827845,107.592807330768,109.926069878605,105.533446629925,98.4597710727307,88.2296635282186,86.9841630446194,92.9382406924597,91.3335121153415,87.9354340888963,61.6714277261275,67.3579629568136,70.8532985767675,44.2670544902641,47.6671560087068,54.5508185812995
25.5241468199504,28.2121893900964,0,33.6308326412783,36.855159746294,25.4710576730987,32.5926462573606,26.693526489766,64.6934751726767,68.2502414771113,97.7522734771739,56.3586086827382,57.8575725560898,60.840519072544,62.7461468957285,66.6803418418481,60.4464108979221,65.818314410829,63.4986188500902,58.094748999423,42.3582389560593,45.2084457200828,43.2682489394183,75.2847729254924,124.278209046088,139.717399835101,68.5197735548532,69.0326795086618,64.0453127431148,56.3263857923426,54.9397247912319,59.8915157304706,86.3670304334763,45.0511709897485,71.264378182643,68.3502806639952,55.767030295743,85.7789580095508,89.4243220582744,89.6037482355532,83.1016187890771,83.8417167009748,84.9101714631377,84.2601573468468,91.6698489286219,92.3170262307965,104.234963959725,91.4028971676658,100.95440951855,91.6828638129685,93.3080784304539,49.3597934960985,47.886382078097,48.982185827013,48.8277290754486,49.5644807203704,46.8280128187192,46.7689400137692,40.5122806463775,40.1525891715658,40.2225161838838,40.1824120889086,39.7626492120462,114.032638603995,43.8084298135311,59.5679507673727,106.728364191722,109.061849164377,104.669040370047,97.5951702343591,87.3643115822696,86.1184238281331,92.0729745530947,90.4678597948648,87.070971305111,60.4794715791071,66.2095540654326,69.9122290356282,42.5396928324502,46.3814834334418,55.1408473062612
27.8876859202323,25.216290373884,33.6308326412783,0,25.8483799157886,37.4158079492166,40.1610368860991,35.5380148453933,63.6790150270507,67.2626867655748,98.5010290277539,55.1732690202555,56.6756827388574,59.7355451071142,63.5349105106654,67.5280205715895,58.4938589446606,63.9207771672162,61.57744399889,56.1778609814219,41.2953672473712,44.5388585063724,42.4623870238443,76.2270114899056,124.893893111134,140.361633755581,69.3148730122334,69.907685552707,64.5838280793179,56.0410725781401,54.6787460460139,59.3452414045317,87.0336088076129,44.8828316808543,72.1519305525672,69.2577085962151,54.5123399862113,86.5180588090478,90.1607135634357,90.3398538977357,83.8545648103146,84.5937492137899,85.66477464088,85.0137497305534,92.4141366416736,93.0578718134254,104.977040400023,92.1454837507945,101.695747314044,92.4256575890844,94.0468444430921,47.5924637557254,46.1131508992703,47.2864683427462,46.930646932672,48.2402300465501,45.4366317579753,45.2788521321288,44.5669895582171,39.1901712255332,39.4828617318132,39.2458117638461,39.1333411775782,112.244189151142,46.6053546083909,60.6010433411102,107.43956993038,109.77024488005,105.378868099739,98.3066213934587,88.1182630478347,86.8729304637266,92.8201962116466,91.2151538451827,87.8300252040862,62.0254913095575,67.6641117816486,70.8162826163318,44.8219070502966,47.2311574427633,54.0953438984747
34.4959125351379,28.4209148228213,36.855159746294,25.8483799157886,0,39.4690473591043,41.7024306777569,36.6460828682501,63.9733922025312,67.5628222472138,99.7828224843495,55.5041789104177,56.9986110048241,60.052654939609,65.0028344334726,68.9410216360573,59.553996123099,65.0003201843027,62.6233213455662,57.2738097802981,43.0427800799132,46.3035544346464,44.2439817345341,77.2647281386723,126.290887680197,141.739699058742,70.1947503616029,70.8371420635147,66.1406298318708,56.3441330486596,54.9771132257174,59.6586978084953,88.4210134358056,46.6553424619683,73.5437044471741,70.6518737932088,54.8611530259594,87.8219947688222,91.4671629586604,91.6445672954155,85.144793436699,85.883473696301,86.9526281582014,86.3012428379826,93.7057357009258,94.3540536932431,106.269987923985,93.4396888363998,102.98903372829,93.7190653632055,95.3453043958007,48.9261937882966,47.4701250578526,48.6574825945185,48.1826137423806,49.761272907821,46.9539801292086,46.7693110397156,46.222281922269,41.0586540487091,41.4244193490781,41.2329341400523,41.2174593792183,113.121316660025,47.3597051736291,61.3627103977836,108.765064368997,111.098365298948,106.705792923409,99.6321596755544,89.3989285812584,88.1537570198761,94.1080295632738,92.5036722228431,89.1033709088144,63.1059861415518,68.7549298984951,72.0831557504076,46.1217590306212,49.2622769196971,54.3261680390779
32.7729241457868,33.8714312715085,25.4710576730987,37.4158079492166,39.4690473591043,0,25.5200490094599,24.0081557953948,64.693982896073,68.2394944944866,97.337236320928,56.45042445946,57.9455251923332,60.8903164060824,62.4264198008583,66.2943854944263,61.146341289084,66.505380634954,64.181203841634,58.7955574126348,43.0443814844178,45.7558936452457,43.8808771636573,74.6192859247068,123.998295518175,139.411954837321,67.8482799876275,68.3429621514848,63.9083804378265,55.97392557045,54.5735438361406,59.6722964504031,86.0563305920264,45.4020820500245,70.8438342072457,67.9206678457914,55.8968319232723,85.3817544560947,89.0299811138422,89.2085414675075,82.6892683145385,83.4295489839498,84.4955792441647,83.8458829895048,91.2627962955659,91.9144131038284,103.829840725716,90.9982359529901,100.54986602784,91.2776337179141,92.9078631996904,50.1017470503991,48.639840186524,49.7136101043844,49.5831225703477,50.2223162328358,47.5104093077544,47.4762649300256,38.386397999333,40.8834212776992,40.9301949494162,40.9876362523403,40.5443427093488,114.596562290625,41.7083313375246,58.6884628145236,106.358066970236,108.694524234603,104.300284708536,97.224774019398,86.9459023110763,85.6998164197842,91.6622185362502,90.0574615242075,86.6456635075668,59.476763116868,65.2697909163827,69.404890064708,41.227472391672,46.5848675376259,55.1392995171788
37.0393661337775,37.5626275121738,32.5926462573606,40.1610368860991,41.7024306777569,25.5200490094599,0,26.5141196936716,64.6705586724321,68.2048771558429,96.8839857390058,56.5101182638093,58.0022347592266,60.9114291670461,62.0750610199234,65.8746630466396,61.7419805814254,67.0898265911579,64.7618521622668,59.3918778121686,43.6414549679074,46.2364024832203,44.4189712627546,73.9087638910407,123.680675598464,139.068817575808,67.1337670343711,67.6083195602174,63.739802912933,55.6135152746117,54.2005469281185,59.4383718548502,85.7086008826544,45.712501560442,70.3887326602735,67.4566023764775,55.9910406664765,84.946571177793,88.5976795863529,88.7753464361884,82.238820284001,82.9792731325825,84.0428643176167,83.3934773721325,90.8176265488089,91.473723823579,103.38660718353,90.5554820972332,100.107213019547,90.8343020710052,92.469590294479,50.7340377180084,49.2820244105471,50.3371800098951,50.2264051099294,50.7839701102641,48.0935189228579,48.0804692472441,36.3295523111594,41.5283827957282,41.5658279761536,41.7037640878516,41.257186384226,115.074070095418,39.3692636824136,57.7575437683373,105.9499010573,108.289346999961,103.89367084703,96.8165122701544,86.4892794543685,85.2429985573332,91.2133119282298,89.6089210127123,86.182068307973,58.4054493773561,64.2667070554184,68.8584395970836,39.8277825479679,46.8496136704889,55.1201044995525
32.5972041834029,31.3501403172205,26.693526489766,35.5380148453933,36.6460828682501,24.0081557953948,26.5141196936716,0,62.9762749687439,66.5256870429463,96.5783383853293,54.7661120109773,56.2550903996473,59.193445295662,61.8564574090873,65.6787879954699,59.9760601268408,65.3512645188211,63.0024150793959,57.6519903131424,42.4334329921322,45.2242488071699,43.3360228096445,73.6402531900078,123.33183578177,138.731277432297,66.6976042737521,67.2471767908968,63.3867986565156,54.2259711714863,52.8179974067545,57.9549767025373,85.3880969642269,44.9609942637972,70.2130008380551,67.2951607083606,54.2273265836583,84.6428603226902,88.2931371002928,88.4699811849319,81.9390544975063,82.6787243173761,83.7433005112881,83.093119397357,90.5127223914916,91.1682814331081,103.080763651793,90.2504387870275,99.8010144436011,90.5290972597281,92.1636406205441,49.1350987808125,47.6873017197554,48.7798948884534,48.5484793901229,49.4346868286495,46.7105543513184,46.6454343514959,38.9954152364238,40.3599054212898,40.4924886833266,40.5315171533303,40.2064690772321,113.302762584104,39.975296196312,57.3921676044957,105.636086952462,107.97468515987,103.579492577964,96.5028712175831,86.1866135091807,84.9407565856262,90.9089192337725,89.304830998866,85.8800136458254,58.5846767908899,64.3840184612435,68.6517370759089,40.7059353685869,46.5686446958218,53.3707863674154
64.598776707053,64.1509853183184,64.6934751726767,63.6790150270507,63.9733922025312,64.693982896073,64.6705586724321,62.9762749687439,0,32.9919136129537,111.763316624594,39.5327174030819,40.1898085030212,38.2714336712932,79.2855603226759,82.6655570968829,70.1486281135694,75.4375264075012,72.6805767569724,68.1782586978375,60.1271233415106,63.3028017392341,61.4072824276953,86.738411727521,139.608370442716,154.843984452038,77.3552741823485,78.8940829333266,81.2273862760851,53.8366071500204,53.0320040537287,51.439594127894,101.658347859463,63.5338085360534,87.0779106181221,84.2438272141103,41.8237803930638,100.080177043298,103.754408305472,103.908725372826,97.2436242111769,97.9742684638726,99.0228078483109,98.3650952966057,105.809298505655,106.51292960208,118.387978401669,105.575096466292,115.11037491584,105.844250580355,107.531125053113,63.0273159100929,61.9074696346074,63.0502466277289,61.6111126456281,65.2819905845243,62.5048694177771,62.1717595457347,65.0426209361457,58.7997146485467,59.4469885900281,59.552477301702,59.87503938629,118.649054836984,64.0587110819183,69.6046781623663,121.267259843235,123.631166831268,119.22484351661,112.135224640943,101.373095600035,100.130987084375,106.16632309788,104.571158815631,100.98903477662,75.2463157138644,80.6489660577396,84.1697733525164,61.4753850114159,67.5250609570274,41.2765504815246
68.1665451890088,67.7238234685413,68.2502414771113,67.2626867655748,67.5628222472138,68.2394944944866,68.2048771558429,66.5256870429463,32.9919136129537,0,115.175251776049,43.3117963585399,44.2872755042649,42.4777629029531,82.7536435555246,86.1190044907919,73.7904527060861,79.0754368877172,76.3224284533115,71.8156406355339,63.7057666902286,66.8687351417603,64.9780935142962,90.0884137926199,143.057322408044,158.286859629845,80.6513855221681,82.2122399594856,84.720777295341,57.0961388318745,56.3139902416919,54.4225507160253,105.103971873933,67.0820707862174,90.5260236764622,87.6929984898112,45.4289174353391,103.499437131516,107.174465070261,107.32819571407,100.658541046312,101.388994643656,102.436959627962,101.779101654292,109.224488219916,109.929605674207,121.803578726906,108.991136955555,118.526074611058,109.260023921958,110.948532426611,66.6426671458738,65.5212654126129,66.661305196337,65.2352797185075,68.8731002379171,66.0986320019055,65.7699895395177,68.5507342037072,62.3757859122154,63.0182416415297,63.1282856981274,63.4453281246331,122.294752968545,67.5529759409526,72.9609418535634,124.693321681889,127.058069380667,122.651364756384,115.561303554372,104.784784334447,103.542746069203,109.58029455549,107.98536630606,104.39835832588,78.6630290296272,84.0593312249562,87.5823689769889,64.9462036519272,71.0651372923093,45.6391830196869
98.0640146335071,98.6153328362881,97.7522734771739,98.5010290277539,99.7828224843495,97.337236320928,96.8839857390058,96.5783383853293,111.763316624594,115.175251776049,0,103.865000326027,105.39189916719,108.101152588818,84.7829073614106,84.7930493126995,109.76887295501,114.948382593277,112.732129016335,107.275056263821,89.6720892908548,90.7507945609912,89.7938610426057,98.8416599730612,119.643281372994,130.070344155864,98.1274604435108,97.5109450236046,91.7074708569061,101.740261949927,100.452722999167,105.228624139172,85.1902429456024,88.0847078024637,89.4749474014156,87.8587229280363,103.475461904254,58.280285640443,62.1625961926971,59.5134321547551,56.3848992085629,55.4202886819974,58.0313022045892,55.6652550304152,50.2492010871377,53.7668826601691,59.1260018507799,52.3013891438309,54.1673291487511,50.8757901273288,55.3993083892458,97.8783678537818,96.4602381853375,97.2030955462054,97.8558513872607,96.0501106960683,93.7890281884654,94.216544172293,93.9819817200305,88.4467565132087,88.660596195182,89.5605996535454,89.438752245588,162.984899271452,96.4413047714965,99.6579198413376,79.4414090580224,82.9561408274119,78.1954009851028,70.6745054884693,50.7584180671227,51.1701943599554,49.5893500958692,50.2705943641758,53.8813732303307,98.4367093298095,102.182034965954,81.3553786942368,87.1440312207355,93.7623089773993,102.778864224879
56.1668590005605,55.7506420839813,56.3586086827382,55.1732690202555,55.5041789104177,56.45042445946,56.5101182638093,54.7661120109773,39.5327174030819,43.3117963585399,103.865000326027,0,17.8975671013761,27.9049400841972,71.1275837086808,74.5894514232951,59.9420458307832,65.1745887056536,62.3529519221216,58.0180747855783,51.1976289779555,54.4746581829219,52.5487098744704,79.2052305292718,131.511751278593,146.781230982827,70.065716799522,71.5200589838379,72.9048113615467,47.8629304114463,46.9921608418711,46.2349497698532,93.5867981187369,54.8528342498766,79.0354027081878,76.1999437077927,23.1529775010563,92.146112798344,95.8160914386451,95.9730532588478,89.3325755129914,90.0638960221736,91.1156478956389,90.4583800413923,97.8950838711613,98.5911365246879,110.471391023315,97.6566033099528,107.193168603314,97.9270287224329,99.6055189680843,53.5030603134544,52.4426178695657,53.5911129639094,51.9482359557705,56.110022297454,53.3147056859563,52.9306441909326,56.9407944296693,49.9350078528831,50.6375785134282,50.7219168089534,51.1060973138076,107.291358794266,56.2392440746254,62.3441668933844,113.295936105838,115.655376761198,111.251111430775,104.163872421979,93.4770978616852,92.2347947601941,98.2583462202391,96.6621167067273,93.1050459668575,67.5739101634923,72.9783769590226,76.3047050040868,53.5499882667197,59.0033924022687,37.0819813380368
57.6704867487268,57.247435153943,57.8575725560898,56.6756827388574,56.9986110048241,57.9455251923332,58.0022347592266,56.2550903996473,40.1898085030212,44.2872755042649,105.39189916719,17.8975671013761,0,27.7670245528831,72.6553594341217,76.1154331546748,61.632261717259,66.8770538345537,64.0610487476687,59.7057857874949,52.7560676831055,56.0282093351355,54.1030382873669,80.7226813068943,133.042340571327,148.311066588954,71.5830779209109,73.0358776070523,74.4383298845819,49.2733902143977,48.3987758144219,47.6881674511891,95.1162332133633,56.3986657188283,80.5603130035033,77.7244779766828,26.7589802366789,93.6733525825154,97.3434086763808,97.5003674536735,90.8594121405658,91.5907519390958,92.6424318962892,91.9851866016728,99.4221361694779,100.118293969752,111.998503260673,99.1837092282664,108.720300299399,99.4541257935622,101.132737493391,55.1170985548535,54.049407067596,55.1992485649556,53.5749905442943,57.6926926373809,54.8979885224544,54.5177515405312,58.4410178503324,51.4866449958181,52.1852421459654,52.2693101275289,52.6492216281782,109.150483360603,57.7158511306663,63.8309850593372,114.823943912246,117.183464090536,112.779159085792,105.691874890168,95.0038621974392,93.7615460212859,99.7853094458024,98.1890813495773,94.6316489365206,69.0742404158869,74.4815686425505,77.8276338037693,55.0505186177382,60.5345079983875,37.9576551625851
60.6931265041971,60.2652063362932,60.840519072544,59.7355451071142,60.052654939609,60.8903164060824,60.9114291670461,59.193445295662,38.2714336712932,42.4777629029531,108.101152588818,27.9049400841972,27.7670245528831,0,75.4986154477363,78.9196265307217,65.2623669655995,70.5192970797217,67.7271063476908,63.3170236655433,55.9396129562622,59.1688731032516,57.2576074239561,83.2615621202627,135.84792894748,151.100456457593,73.9954013647634,75.4956583184363,77.3559284169053,51.3014259361149,50.4647889484442,49.2939332647841,97.9110357174841,59.4778265656916,83.3491725575178,80.5148331152478,32.8527205357236,96.4006506615416,100.072775374331,100.22835289823,93.5754821830793,94.3064262672842,95.3565723323657,94.6990458629922,102.139411769659,102.839325563,114.716897634368,101.90311747371,111.438978428439,102.172885366535,103.855641607356,58.5156071253895,57.428541710457,58.5739352328977,57.023949942527,60.9614328232439,58.174800805392,57.8142716650412,61.3076299555429,54.6481565354429,55.3254167423032,55.4202593377748,55.7762540929996,113.123638332731,60.4850119654518,66.3001487891712,117.569181360918,119.930878435189,115.52557667223,108.43713839256,97.7121846139774,96.4699984553825,102.499498917503,100.903827098821,97.334009659948,71.7232910382992,77.1234675539282,80.5279335593293,57.8282395670598,63.5578627749586,40.0800405919166
62.975513826833,63.7259774754341,62.7461468957285,63.5349105106654,65.0028344334726,62.4264198008583,62.0750610199234,61.8564574090873,79.2855603226759,82.7536435555246,84.7829073614106,71.1275837086808,72.6553594341217,75.4986154477363,0,39.8919108056402,74.7586644660332,79.913897131485,77.7631679920263,72.1986289640375,53.2701091920847,53.953983206412,53.1657223802158,74.4742260156272,109.467376911165,124.91589988557,72.0748967575278,71.6199198941539,48.8812190555408,69.9882982616793,68.6643725605837,73.502641785013,69.6141023394134,50.618921000366,48.8980636851501,46.7202524508477,70.6157565450465,71.9247618275552,75.5106511686856,75.7956637213827,69.6146930764233,70.4035153007645,71.5082329482299,70.9006795344486,78.3264303876554,78.8290345577097,90.8791143009876,77.9707233569913,87.6002865441382,78.2858130961128,79.7580086511972,62.3014719452457,60.8468958456712,61.5385448758109,62.455063350375,59.9721812776487,57.7573140072266,58.2780198796843,58.8601051214146,52.0451212396074,52.1764391169692,53.2439816759145,53.0543182950439,128.457102199148,62.4498274631452,68.8975590181461,92.5505834950676,94.8292935277538,90.4557633562102,83.4058560798008,74.33933486098,73.0740231862888,78.8462372818702,77.2054965397456,74.2990600319302,66.4368484998566,70.7722999594171,57.6780411421402,52.3116368858075,56.6745108420736,70.1489884375301
66.9706648886718,67.6649446868081,66.6803418418481,67.5280205715895,68.9410216360573,66.2943854944263,65.8746630466396,65.6787879954699,82.6655570968829,86.1190044907919,84.7930493126995,74.5894514232951,76.1154331546748,78.9196265307217,39.8919108056402,0,78.9650426423261,84.1339601017281,81.9576028669423,76.4318878110818,57.9573928172015,58.8070490776933,57.933319511583,75.36636536516,111.774996722278,126.764410823044,73.7180045962276,73.1197206187329,57.0514335445375,73.1150501033292,71.7951325860001,76.6630694226711,71.4720451883371,55.7233960083591,37.4824191373492,37.9898817745217,74.1151838669612,72.0336666640161,75.6728021167059,75.9756257753989,69.4587513908116,70.275786050659,71.3269891483923,70.7490428584119,78.3853826722615,78.9445949848001,90.9847485406994,78.0553780107623,87.7221620720436,78.3704911666685,79.911045812162,66.7263585262845,65.2813507131354,66.0028903163906,66.8043407178093,64.6386438456588,62.3859057504291,62.8572527977006,62.6130987292673,56.6788473467763,56.8126964428351,57.8127279498228,57.6168390417413,132.505391253329,65.9291050656851,71.5191861315281,93.2138108997236,95.5443354713501,91.1441724408012,84.0639630863233,74.2287054429626,72.9483683953613,78.856206538359,77.2090896565338,74.1129042154133,68.9394880790988,73.0447806883974,55.2942193037412,55.7008330849031,61.3250219120934,73.5576806492701
59.5881021387654,59.7833119644919,60.4464108979221,58.4938589446606,59.553996123099,61.146341289084,61.7419805814254,59.9760601268408,70.1486281135694,73.7904527060861,109.76887295501,59.9420458307832,61.632261717259,65.2623669655995,74.7586644660332,78.9650426423261,0,37.892873557868,28.3839640899114,27.0136760035247,47.5487958061233,51.7642101820481,49.6413054434933,88.3916058172773,135.577631155703,151.16422016117,81.3301737963627,82.0627817687442,74.9626186228369,66.350490730783,65.1361236228415,68.2786597247073,97.9052708805425,53.6314940097898,83.7238676026831,80.8849171443681,58.4676219606788,97.7255001900877,101.356200220129,101.536685382993,95.1240869924057,95.8610678555878,96.9426878099714,96.2889706213827,103.654501451124,104.281151261706,116.208590963073,103.376943517769,112.924502095052,103.658851096017,105.26046161186,39.8861144353437,40.1385477058192,41.1483439707474,35.5263424422931,48.3151790075081,45.3786665790228,44.2896899571144,62.0518790652912,47.3647593171709,48.7090110122724,48.7728889842209,49.8266974025419,95.9118291852542,63.8951265100914,73.6181979794338,118.529045040681,120.847209888075,116.462031940486,109.396848226574,99.4038842783021,98.1600625856781,104.074928793705,102.469179912641,99.1415770082746,75.6748797939587,81.0719242476405,82.5628981359411,59.7505831620672,59.8827883955649,61.4494108919589
64.97499512673,65.1910930065429,65.818314410829,63.9207771672162,65.0003201843027,66.505380634954,67.0898265911579,65.3512645188211,75.4375264075012,79.0754368877172,114.948382593277,65.1745887056536,66.8770538345537,70.5192970797217,79.913897131485,84.1339601017281,37.892873557868,0,32.0731523938358,25.4042882750426,52.601340850187,56.8039945598956,54.7041355378715,93.6351296631293,140.717277802209,156.311392369295,86.5952721975526,87.3227318496172,80.0756281395031,71.6859706412838,70.4736429695598,73.5971121817642,103.05436048735,58.7025765970282,88.9000111280237,86.0626654510097,63.6662798007538,102.899407932075,106.529279506362,106.710069087956,100.302382174321,101.039355364274,102.121652034755,101.467888097567,108.831493730823,109.456809707522,121.38504796086,108.553207956451,118.100802494726,108.835300784042,110.435412550219,43.6913664440001,44.4184925985164,44.9753712299944,39.7988263614332,52.7766656993653,49.8935802783,48.772117287855,67.3502718640805,52.5171715798725,53.8808065187273,53.9784767248992,55.0435006326727,92.964373643017,69.2289590124859,78.9141608804863,123.695216260866,126.012509140855,121.627748554834,114.563043584883,104.584221093043,103.340430325959,109.253029091547,107.647149995957,104.323983849488,80.9420544518851,86.3333052122196,87.7608058903295,65.0206403176362,65.0846732288951,66.7950530229685
62.6599226624309,62.8449588300894,63.4986188500902,61.57744399889,62.6233213455662,64.181203841634,64.7618521622668,63.0024150793959,72.6805767569724,76.3224284533115,112.732129016335,62.3529519221216,64.0610487476687,67.7271063476908,77.7631679920263,81.9576028669423,28.3839640899114,32.0731523938358,0,25.1989401078919,50.688983748295,54.8763623512642,52.7665053316707,91.3034611768694,138.568083608191,154.150173641293,84.2046233117628,84.9507034534798,77.988366416901,69.0886290445487,67.8810739804075,70.9477221187027,100.893183402016,56.7185542577765,86.711833216121,83.873406274883,60.8145824949007,100.693973258387,104.325262114456,104.505339602025,98.0893543242442,98.8262142460378,99.9073993521378,99.2535944737497,106.620072534505,107.247799565883,119.174476180193,106.343127712779,115.890465913801,106.624847017258,108.227644752657,42.8137532312241,43.2200329179092,44.0516292273572,38.7163851711977,51.3400894850477,48.428385831488,47.3462494128305,65.0629948351736,50.5130002476888,51.847778259304,51.9235711983858,52.9643027153251,94.0357032795401,66.8574740134485,76.4977309048904,121.502582044238,123.821364767735,119.435905220032,112.370395078502,102.366893192235,101.123111953126,107.039615226557,105.434029010246,102.102870564959,78.6141847775466,84.0101169354214,85.5237867789489,62.7306781991837,62.9634289104251,64.0622998131582
57.2359827032693,57.4649991040706,58.094748999423,56.1778609814219,57.2738097802981,58.7955574126348,59.3918778121686,57.6519903131424,68.1782586978375,71.8156406355339,107.275056263821,58.0180747855783,59.7057857874949,63.3170236655433,72.1986289640375,76.4318878110818,27.0136760035247,25.4042882750426,25.1989401078919,0,44.741227120447,48.969051332489,46.8604175607527,86.0193157729868,133.012622389713,148.612063224271,79.0173387560511,79.7315771787107,72.3340936864876,64.2445435177641,63.0262778135391,66.2165198044047,95.3535114539626,50.8968023848858,81.2033215367575,78.3657446552917,56.5635559984409,95.2203891173447,98.849587643511,99.030801362154,92.6270086163575,93.3640923478205,94.4468962146223,93.7932060021193,101.155636569954,101.779749573845,113.708817205784,100.876670989096,110.42447473238,101.158966613301,102.757748098308,35.778058305098,36.4344294878249,37.1307000614409,31.5243930161107,44.9367338497229,42.0330602707714,40.8948915125053,59.6520779206338,44.6665844617863,46.0426068153875,46.1348205626559,47.2141610130203,90.5176681569053,61.5814661040746,71.3365178455307,116.01031445723,118.326900737936,113.942465280506,106.878136414512,96.911252066813,95.66742876166,101.578161823765,99.9721121695179,96.6529221110563,73.3047901310668,78.6961269192352,80.092553339618,57.3463157429566,57.3061791429991,59.4696589809587
41.5510126939536,42.4471728796378,42.3582389560593,41.2953672473712,43.0427800799132,43.0443814844178,43.6414549679074,42.4334329921322,60.1271233415106,63.7057666902286,89.6720892908548,51.1976289779555,52.7560676831055,55.9396129562622,53.2701091920847,57.9573928172015,47.5487958061233,52.601340850187,50.688983748295,44.741227120447,0,21.211507106191,16.2705447513108,70.2883323000431,114.438325644978,130.202693222493,64.3489024060191,64.7228030830669,52.466005009915,53.3161609062645,52.0123918873531,56.2282675423066,76.8928857121304,27.1343993456068,62.9181607129973,60.0820253148064,50.3391625813569,77.4433544990539,81.0515424860412,81.2455521668328,74.9637320343995,75.7038936663059,76.8027348487716,76.1509733642399,83.4753670575826,84.0623315921667,96.0166956269158,83.1754749583889,92.729233014713,83.4639314189289,85.0215771876756,32.9849887327565,31.2622292549261,31.9640698824756,33.7641340137027,29.9172277133108,27.0703416023674,27.5532441969858,42.9216759202589,18.436229294305,21.5301232535115,23.0083833273857,24.9634707849993,102.868080953938,46.5671194207583,57.1031496437575,98.0492244318694,100.343851688866,95.9695369026551,88.9169147116939,79.3206607010929,78.0760388216392,83.9284943599609,82.3173401042713,79.1212612110738,57.4029708009939,62.7177187101075,62.7133548011818,40.6623253463665,36.5590868059978,50.8931149017794
44.5644608254974,45.5221501726418,45.2084457200828,44.5388585063724,46.3035544346464,45.7558936452457,46.2364024832203,45.2242488071699,63.3028017392341,66.8687351417603,90.7507945609912,54.4746581829219,56.0282093351355,59.1688731032516,53.953983206412,58.8070490776933,51.7642101820481,56.8039945598956,54.8763623512642,48.969051332489,21.211507106191,0,16.5499494296852,72.0115347046173,115.172141407202,130.996840077531,66.3479411125262,66.6450049567392,52.7311102302985,56.1603960242083,54.8501867551936,59.1693025921631,77.6772559166338,24.4069531979591,63.8423484175624,61.0150083243963,53.6611077066352,78.465089919238,82.0658460752114,82.2636972170221,76.0254257863277,76.7662036684212,77.8709032811769,77.2193687235629,84.5287202569594,85.1030334120469,97.0656133310427,84.2217866575628,93.7769272869681,84.5122109182168,86.0557702354852,37.3582981052466,35.7252214356253,36.2946152089051,38.1517104451891,33.620634570872,31.1293858678876,31.8688847338988,45.089033694225,23.2562013421993,24.7881786711212,26.9748168261461,28.1037630975032,106.850520847207,48.9983753049074,59.3392861939773,99.0044620579469,101.291342961592,96.9206440978581,89.872194059353,80.4050483543602,79.1603828545132,84.9923050705727,83.3796088513941,80.2255964448543,59.2723900145465,64.5361608028668,63.9192745503688,42.5052415067932,37.8028428516146,54.0698795944333
42.5525958120881,43.5123965646262,43.2682489394183,42.4623870238443,44.2439817345341,43.8808771636573,44.4189712627546,43.3360228096445,61.4072824276953,64.9780935142962,89.7938610426057,52.5487098744704,54.1030382873669,57.2576074239561,53.1657223802158,57.933319511583,49.6413054434933,54.7041355378715,52.7665053316707,46.8604175607527,16.2705447513108,16.5499494296852,0,70.70636395069,114.420319725591,130.207589285432,64.9175996585354,65.2471271484803,52.1988534927566,54.3736949198,53.0648221791638,57.3538712501405,76.8853692140548,25.3918132821518,62.9267884169781,60.0913245015122,51.7219610409948,77.5389893661485,81.1440890666551,81.340093401605,75.0761788631928,75.8168487273388,76.9180427085997,76.2666143465818,83.5855784433382,84.1670312433957,96.125196284446,83.2825709787935,92.8372908642479,83.5719574922411,85.1235106758268,35.3117783651623,33.6447486291726,34.3029825544139,36.0313433080903,32.0687441146814,29.4204138428906,30.0074133517495,43.4456147398451,19.3188757326763,21.5316166791257,23.9163610347162,25.4386137514158,104.787078791912,47.2992994234434,57.7806482681535,98.1182127121908,100.409638758503,96.0367868594576,88.9858608018032,79.4441491359419,78.1993897870377,84.0432435030137,82.4313107696553,79.2535439676822,57.8566231964937,63.1492532511265,62.8716014602179,41.0576205424504,36.3394292860339,52.1677556166876
75.8285705099417,76.1285272825838,75.2847729254924,76.2270114899056,77.2647281386723,74.6192859247068,73.9087638910407,73.6402531900078,86.738411727521,90.0884137926199,98.8416599730612,79.2052305292718,80.7226813068943,83.2615621202627,74.4742260156272,75.36636536516,88.3916058172773,93.6351296631293,91.3034611768694,86.0193157729868,70.2883323000431,72.0115347046173,70.70636395069,0,131.789862607674,146.149120494477,60.9278078607927,56.6133059642474,80.2357030819146,75.4856782889322,74.2043111129942,79.2229929785525,93.2752412489138,70.1885881968212,78.8018350645177,76.1606644002096,78.9809145870167,87.9977786663366,91.7859158293323,91.8821444977425,84.5406203332171,85.2645864333169,86.2188071183614,85.5610054410688,93.2544634157236,94.1482627584474,105.903735218722,93.1253717400505,102.646009783853,93.3661153891039,95.2651364635351,77.4816525970841,76.1001148460466,76.9887258551562,77.1140574077931,76.7918444777566,74.3256542684674,74.5166679425718,71.0500672549406,68.7921200130832,68.9934832945797,69.6308376790557,69.4705684021722,140.912384628314,72.0571792129528,69.949008071525,110.190493932479,112.670414297043,108.210104368277,101.058092242402,88.340156913812,87.0951428845302,93.4535286681367,91.8793135693666,87.6468525327229,69.3878626558101,71.8258651443855,68.8166368478441,63.2076994235761,74.0910779810732,77.8614390486815
124.461350709161,125.126093892608,124.278209046088,124.893893111134,126.290887680197,123.998295518175,123.680675598464,123.33183578177,139.608370442716,143.057322408044,119.643281372994,131.511751278593,133.042340571327,135.84792894748,109.467376911165,111.774996722278,135.577631155703,140.717277802209,138.568083608191,133.012622389713,114.438325644978,115.172141407202,114.420319725591,131.789862607674,0,95.1945741066402,130.056640927719,129.572476276365,113.139852698957,130.1660334034,128.863143644272,133.609827886974,98.7876481540401,112.123905350662,117.495550827664,115.795623232623,131.030212093471,104.387926563914,107.099708242043,106.972883982631,106.26922553492,106.701138742367,108.595561332673,107.620302900457,111.825313547828,111.215380780918,123.565474105235,110.940313107854,120.000494562437,111.290039784642,111.436076065864,123.119283785708,121.685441101061,122.332927283215,123.30319245985,120.579464090046,118.464583301549,119.043773206328,120.852670566225,113.426431975549,113.683813843542,114.719758288688,114.654516991409,189.179566591493,123.876513091996,129.003896172975,113.561109338323,114.613776929617,110.965433176104,104.692054723217,110.940774101151,109.859554953493,113.297269180831,111.709805534399,112.402231335152,127.47218454636,131.581547588876,114.417849377571,114.599370315303,119.048834670116,130.544419249755
139.925006205274,140.571469946264,139.717399835101,140.361633755581,141.739699058742,139.411954837321,139.068817575808,138.731277432297,154.843984452038,158.286859629845,130.070344155864,146.781230982827,148.311066588954,151.100456457593,124.91589988557,126.764410823044,151.16422016117,156.311392369295,154.150173641293,148.612063224271,130.202693222493,130.996840077531,130.207589285432,146.149120494477,95.1945741066402,0,144.614172861112,144.099270577672,129.373180531663,145.30080300092,143.999971866959,148.755326950483,114.080414200842,128.009888628605,132.344368007067,130.68761861501,146.315332841251,114.716423073832,117.251119312998,116.878639538291,117.41027454735,117.732993997295,119.801080021649,118.719475150712,122.046051959584,121.194502066375,133.539940656199,121.059302254391,129.878549603695,121.394944444652,121.239693132136,138.807380153776,137.37582650917,138.041464087395,138.953632764744,136.39998125623,134.256465855635,134.807097197266,136.217200558833,129.147622073612,129.394274855513,130.40659992492,130.3283073988,204.699681081602,139.153163516263,143.968278751495,119.749807682366,120.255835306147,117.034642739188,111.169236306231,121.877727844202,120.851190442407,123.731804368466,122.178808328018,123.638960263008,142.457495607307,146.502646950305,128.487638583672,129.848386720945,134.692468000089,145.792077027125
69.0685965462364,69.2019585641273,68.5197735548532,69.3148730122334,70.1947503616029,67.8482799876275,67.1337670343711,66.6976042737521,77.3552741823485,80.6513855221681,98.1274604435108,70.065716799522,71.5830779209109,73.9954013647634,72.0748967575278,73.7180045962276,81.3301737963627,86.5952721975526,84.2046233117628,79.0173387560511,64.3489024060191,66.3479411125262,64.9175996585354,60.9278078607927,130.056640927719,144.614172861112,0,38.9136959994352,76.8103151347848,65.3563788882934,64.1125346765436,69.1012267831799,91.7302015278566,64.9165152318687,77.4892594825138,74.7982030805892,69.9554564580304,87.211380650179,90.9748517053047,91.0697601895431,83.8875761823997,84.6020534238426,85.5828699208035,84.9141481071296,92.5120775097529,93.3764795071399,105.139904307562,92.3689288742261,101.874921447117,92.610688758329,94.4750844307517,70.9296764865114,69.5771533246896,70.5177304140227,70.4022740213835,70.7184699091403,68.1883997195006,68.2875163251618,64.7993701159785,62.8275013217581,63.0797764743195,63.6051263890649,63.4936937591106,133.41326189338,64.8162561879918,58.9400098713428,109.167172367699,111.623997397227,107.175216672301,100.036392852232,87.6886818976958,86.4509557317207,92.73674264919,91.1646638915098,87.0460235711774,64.3235840239567,67.885059632885,70.021665636393,57.5136961100689,68.5729363790866,68.6295937674031
69.5982454163053,69.7833877872272,69.0326795086618,69.907685552707,70.8371420635147,68.3429621514848,67.6083195602174,67.2471767908968,78.8940829333266,82.2122399594856,97.5109450236046,71.5200589838379,73.0358776070523,75.4956583184363,71.6199198941539,73.1197206187329,82.0627817687442,87.3227318496172,84.9507034534798,79.7315771787107,64.7228030830669,66.6450049567392,65.2471271484803,56.6133059642474,129.572476276365,144.099270577672,38.9136959994352,0,76.5806592242323,67.1062658302155,65.8388891238435,70.9113701272361,91.2007655895347,65.1039905359624,76.8158577749477,74.1222675959378,71.3687555017407,86.586674481161,90.3535710917581,90.4510639083063,83.2447250137575,83.9623432236933,84.9385044029324,84.2731078902375,91.8910858585321,92.7576215564059,104.522907961829,91.7484486035515,101.259422942496,91.9909179716148,93.8582562732355,71.50001629644,70.1372311173158,71.0639216688144,71.0210232073177,71.1489266640669,68.6352440350924,68.7602636340504,65.0658533972425,63.1986873993076,63.4306131682872,63.9862697566706,63.8535294258394,134.296724851795,65.3516341149362,60.1653014376181,108.579119404145,111.038877882612,106.588480225775,99.4478341336757,87.057264767611,85.8174522036896,92.1136256288999,90.5401538024776,86.4104228997991,63.5011750311825,66.6163036613569,68.9196292019168,57.4945619426851,68.7746738216607,70.0947877212074
64.0992997295576,64.9310767485541,64.0453127431148,64.5838280793179,66.1406298318708,63.9083804378265,63.739802912933,63.3867986565156,81.2273862760851,84.720777295341,91.7074708569061,72.9048113615467,74.4383298845819,77.3559284169053,48.8812190555408,57.0514335445375,74.9626186228369,80.0756281395031,77.988366416901,72.3340936864876,52.466005009915,52.7311102302985,52.1988534927566,80.2357030819146,113.139852698957,129.373180531663,76.8103151347848,76.5806592242323,0,72.4530002675149,71.1294055116652,75.8580333969379,75.2417317448449,48.852333747342,63.4557318061102,60.9623819749482,72.3183667358621,78.8033845391117,82.3300990380987,82.5780088588099,76.7716677721298,77.5234985811196,78.6865837084418,78.0415543273082,85.2157774939456,85.6598409852036,97.7117927994123,84.8353075518165,94.4125642193178,85.1475857249342,86.5472048763827,61.9702152547828,60.5030716599255,61.0977788758588,62.3258501468229,58.9349857590862,56.8627566348922,57.5365584860685,60.879387709939,51.5141043570719,51.722433227399,52.9440120758983,52.8545955888142,128.992793226981,64.7529175631178,72.4249789047244,98.7301395145569,100.943877245393,96.6057730605844,89.5954597586505,81.4090188316779,80.1622075077206,85.7867520025181,84.1561492595503,81.4396918416265,70.5393055376831,75.1937735920234,66.7291204590816,55.3272834481033,56.8230228349507,72.0588956857267
