0.147041 0.0209432 0.811514 0.0205016
0.114724 0.0406689 0.844507 9.9991E-05
0.209344 0.0299416 0.753479 0.00723521
0.0752326 0.00858117 0.870879 0.0453069
0.0917596 0.00234559 0.857821 0.0480736
9.9982E-05 9.9982E-05 0.937442 0.0623583
0.136558 9.9991E-05 0.829064 0.0342779
0.0323166 0.066319 0.901264 9.9991E-05
0.208862 0.0409597 0.691587 0.0585921
0.262789 0.046 0.659343 0.0318676
0.121957 0.0574506 0.597082 0.223511
0.277087 0.0485777 0.619677 0.0546587
0.0661027 0.0523234 0.576866 0.304708
0.316716 9.9991E-05 0.580093 0.103091
0.245332 0.0516383 0.67344 0.0295899
0.173176 0.0280698 0.792962 0.00579165
0.32945 9.9982E-05 0.67035 9.9982E-05
0.104822 0.0260985 0.86898 9.9991E-05
0.608768 0.0693549 0.142302 0.179575
0.803202 9.9991E-05 0.193173 0.00352467
0.756143 0.0138588 0.229898 9.9991E-05
0.892497 0.0325566 0.0501365 0.0248098
0.933713 0.0660875 9.9982E-05 9.9982E-05
0.829979 0.0597656 0.09133 0.0189253
0.743742 9.9982E-05 0.256058 9.9982E-05
0.926938 0.0122092 0.0607531 9.9991E-05
0.923372 0.0210531 9.9991E-05 0.0554748
0.896078 0.0447438 9.9991E-05 0.0590785
0.998199 9.9982E-05 9.9982E-05 0.0016013
0.888188 0.010549 0.0117791 0.0894838
0.949509 0.00811568 9.9991E-05 0.0422753
0.941805 0.0259814 0.00757868 0.0246348
0.878977 0.0776196 0.0433034 9.9991E-05
0.203176 0.065986 0.70749 0.0233485
0.352572 9.9982E-05 0.647228 9.9982E-05
0.196751 9.9991E-05 0.747067 0.0560812
0.0668799 0.0601373 0.853202 0.0197811
0.191705 0.0120621 0.64908 0.147153
9.998E-05 0.9997 9.998E-05 9.998E-05
0.867341 0.0535901 0.0661953 0.0128738
0.201772 0.0302639 0.685127 0.0828368
0.218728 0.010478 0.770694 9.9991E-05
0.301974 0.0155689 0.472141 0.210316
0.110998 0.0566738 0.511009 0.321319
0.0200327 0.0211819 0.639207 0.319578
9.998E-05 0.9997 9.998E-05 9.998E-05
0.242635 0.102069 0.592643 0.062653
0.203981 9.9991E-05 0.601531 0.194388
0.356927 0.0369633 0.482394 0.123716
9.9991E-05 0.0479151 0.103992 0.847993
0.0140323 0.0461112 0.0662776 0.873579
9.9991E-05 0.00363328 0.174854 0.821413
0.00176822 0.0580919 0.119274 0.820866
0.0622145 0.0391223 9.9991E-05 0.898563
0.0953955 9.9982E-05 9.9982E-05 0.904405
9.9982E-05 9.9982E-05 0.209543 0.790257
0.0577079 0.0150018 0.0419014 0.885389
0.0806707 0.0416218 9.9991E-05 0.877608
0.00880961 0.0336334 0.0968989 0.860658
9.9991E-05 0.0394519 0.242198 0.71825
0.136728 9.9982E-05 9.9982E-05 0.863072
0.159091 9.9991E-05 0.0637419 0.777067
0.0307316 0.089177 0.374598 0.505494
0.832527 0.029277 0.111356 0.0268399
0.845075 0.0427789 0.107995 0.00415037
0.940216 0.0180117 0.0416718 9.9991E-05
0.0535784 0.0146313 0.157786 0.774004
9.9991E-05 0.0703513 0.252904 0.676644
0.06671 0.0367028 0.131529 0.765058
0.0282852 0.0574689 0.0682914 0.845954
9.9991E-05 0.05655 0.0826419 0.860708
9.9991E-05 0.0203563 0.626806 0.352737
0.0569762 0.0165211 0.632637 0.293865
0.0190066 0.0102801 0.658275 0.312438
0.00679327 0.0706998 0.630208 0.292299
0.185865 0.0531404 0.516686 0.244308
9.9991E-05 0.056267 0.603306 0.340327
0.13417 0.0386767 0.570723 0.25643
9.9982E-05 9.9982E-05 0.222719 0.777081
9.9991E-05 0.122615 0.291532 0.585753
0.0941833 0.0341323 0.0789173 0.792767
0.108406 0.0764616 9.9991E-05 0.815032
0.000278284 0.0380157 0.143213 0.818493
0.699698 0.0127987 0.228558 0.0589457
0.168452 9.9991E-05 0.356116 0.475332
0.021732 9.9991E-05 0.552842 0.425326
9.998E-05 0.9997 9.998E-05 9.998E-05
0.222127 0.0106054 0.767167 9.9991E-05
0.201076 0.0344471 0.764377 9.9991E-05
0.253205 0.0736682 0.673027 9.9991E-05
0.332666 0.058361 0.482452 0.126521
0.15117 9.9991E-05 0.796169 0.0525603
0.0391018 0.015847 0.488 0.457051
0.590088 0.0414753 0.315629 0.0528076
9.9991E-05 0.113562 0.483605 0.402734
0.294441 0.0550638 0.525975 0.12452
0.264397 0.00303646 0.732466 9.9991E-05
0.0814352 9.9991E-05 0.901579 0.0168854
0.248236 9.9991E-05 0.725705 0.0259586
0.145876 0.014494 0.757501 0.0821293
0.0684241 0.0167479 0.864642 0.0501856
0.0875787 0.0362413 0.87608 9.9991E-05
0.0821738 0.0293724 0.439289 0.449165
0.0784919 0.0939739 0.479771 0.347763
0.0136002 0.0874256 0.467501 0.431473
0.268936 0.0319149 0.588004 0.111145
0.248304 9.9991E-05 0.550591 0.201006
0.534423 9.9991E-05 0.463962 0.00151545
0.0297844 0.0224973 0.130325 0.817393
0.0646202 0.0386337 0.0579033 0.838843
0.24929 0.00470966 0.377432 0.368568
0.2095 0.0436632 0.409802 0.337034
0.307867 0.0656915 0.359984 0.266458
0.861619 9.9991E-05 0.118774 0.0195071
0.0822014 0.0464381 0.0697769 0.801584
0.0799826 9.9991E-05 0.0965785 0.823339
0.0172658 9.9991E-05 0.315217 0.667417
0.514055 0.0508933 0.391055 0.0439972
0.259233 0.0102967 0.683456 0.047014
0.068812 0.0347799 0.868294 0.0281143
0.191248 9.9991E-05 0.72422 0.0844323
0.471738 9.9982E-05 0.528062 9.9982E-05
0.267169 0.00744516 0.725286 9.9991E-05
0.218482 9.9982E-05 0.781318 9.9982E-05
0.100875 9.9991E-05 0.866938 0.0320871
0.445388 9.9991E-05 0.553609 0.000903138
0.192312 0.0204328 0.787155 9.9991E-05
0.265729 0.0224642 0.711707 9.9991E-05
0.186544 0.0253516 0.788005 9.9991E-05
0.363298 0.00206153 0.525537 0.109104
0.119229 0.0576999 0.757786 0.0652854
0.288357 0.0268887 0.600653 0.0841014
0.137505 0.0062462 0.8557 0.000548837
0.879293 0.000115369 0.0714481 0.0491433
0.976375 9.9982E-05 0.0234245 9.9982E-05
0.966306 0.0334944 9.9982E-05 9.9982E-05
0.829017 0.0273755 0.0797169 0.0638909
0.885227 0.0188886 0.0127995 0.0830845
9.9991E-05 0.0149785 0.869824 0.115097
0.188384 0.0419409 0.769575 9.9991E-05
9.998E-05 9.998E-05 9.998E-05 0.9997
0.0392756 0.0180392 0.0482015 0.894484
0.0357646 0.00751998 0.00559628 0.951119
0.0977442 9.9991E-05 0.135532 0.766623
9.9991E-05 0.0240012 0.0324155 0.943483
0.15133 9.9982E-05 9.9982E-05 0.84847
9.9991E-05 0.0246147 0.03825 0.937035
0.0542082 9.9982E-05 9.9982E-05 0.945592
0.0945599 9.9991E-05 0.00798146 0.897359
0.058336 0.011781 0.0261507 0.903732
9.9991E-05 0.053143 0.0964324 0.850325
0.059424 0.0411396 0.0782095 0.821227
0.0593966 0.0307716 0.0860097 0.823822
0.0834494 0.0225641 9.9991E-05 0.893887
0.080749 0.0107227 0.00120806 0.90732
9.9991E-05 0.00629089 0.0457704 0.947839
0.0896688 0.00284028 0.0104576 0.897033
0.0526752 0.0166311 0.53172 0.398973
0.0811546 0.00846998 0.698989 0.211387
9.9982E-05 9.9982E-05 0.0934754 0.906325
0.046517 0.0278307 0.219196 0.706457
0.0393427 0.0170461 9.9991E-05 0.943511
9.9991E-05 0.00222912 0.628023 0.369648
0.0335348 0.0198613 0.946504 9.9991E-05
0.265166 0.0291697 0.705564 9.9991E-05
0.487159 9.9991E-05 0.426402 0.0863391
0.668459 9.9982E-05 0.331341 9.9982E-05
0.898694 0.00775794 0.0868207 0.0067276
0.876647 9.9991E-05 0.0855363 0.0377168
0.786356 0.0122408 0.201303 9.9991E-05
0.821318 0.0540818 0.106522 0.0180781
0.723284 0.0535534 0.0913328 0.13183
0.884755 0.0538001 9.9991E-05 0.0613451
0.200569 0.0109999 0.788332 9.9991E-05
0.0950752 0.0466837 0.805222 0.0530196
0.011919 0.0553831 0.907933 0.0247645
9.9991E-05 0.0103056 0.978948 0.0106464
9.9982E-05 0.00687073 0.992929 9.9982E-05
0.0392074 9.9991E-05 0.870879 0.0898132
0.285457 0.0237592 0.680711 0.0100726
0.259564 0.0218708 0.631222 0.0873436
0.157763 0.0695236 0.766254 0.00645904
0.186159 0.0235505 0.723721 0.0665696
0.20675 0.037546 0.701787 0.0539167
0.618516 0.152768 0.109675 0.11904
0.0216025 0.0107431 0.122224 0.84543
0.0729471 0.0456207 0.0205753 0.860857
0.0680839 0.0121003 9.9991E-05 0.919716
0.0807397 0.0101117 0.103399 0.80575
0.0994815 0.0217325 0.0394974 0.839289
0.375299 0.0295762 0.466497 0.128628
0.278942 0.0584071 0.656347 0.00630309
0.248608 0.0765427 0.674749 9.9991E-05
0.312963 0.061151 0.625656 0.000229894
