0,21.6963038139137,21.6954791748603,24.0047335834503,29.1961206242398,28.206594097539,32.2739827241906,29.1892239230868,58.1764984138084,58.7104256454005,82.3689600533409,58.5880434699347,58.1108874631521,58.7140676573281,56.2940013273348,57.4160324381797,53.6521685819255,56.4500763211778,54.9147926570138,54.9755896959036,46.3792235483466,47.2839606665663,46.4629762741003,57.770324399437,79.5298613179061,83.6528227085022,57.6649919547197,57.3446278065925,55.4435219043117,54.8944988044342,54.3964612732402,58.3583320687833,64.8421089509313,47.9998552267531,57.2631914336505,56.7554990535997,58.7163941119198,71.9885960781447,72.0670421478543,73.1178873720332,71.3967724574355,71.8839835145933,71.4343320629729,71.9176618760929,76.0093958198035,75.6103662666431,77.2952925561013,75.5306135868617,78.0219943786094,76.0750461049684,75.7123951248876,51.9052132777754,50.7921928617402,52.2309019573229,51.4924543559834,53.1381355188639,51.4431955138181,50.9156608027657,39.0551517804937,44.0127475471816,43.2453635432417,42.1880086146716,41.3320459752036,67.3988608937251,41.3503669535037,53.0546223758311,80.1680160252103,80.1934566292529,79.2392176538086,78.4626070657998,74.5100342759747,74.0177007335298,75.9348034781423,75.4071508219138,73.8752432946404,51.6160206826868,52.3806309799526,58.9114091066981,45.9497746504994,42.4641459452873,54.8858280670502
21.6963038139137,0,24.004232211168,21.695666304655,24.004584208709,29.1923655644945,32.7697638872302,28.2064357074806,57.6311386295446,58.1705530882489,82.7431048225018,58.0631915993547,57.5787085041979,58.180261569438,56.8301708910757,57.8994654270418,53.5311663512834,56.3550898496169,54.7903795555873,54.888937682505,47.0986445957586,48.0592002118498,47.2510622222807,57.942768860112,80.0061145483547,84.1157419488004,57.6828738031365,57.4104778446745,56.0474811714088,54.3896150776869,53.8844702081946,57.8595595494199,65.3143322731092,48.8185932339302,57.726092231959,57.2215263638927,58.2077109217888,72.3917544479821,72.4728976010984,73.5208771318255,71.7837590841514,72.2702967525327,71.8183313104625,72.301111232964,76.3966376928515,76.0027065639129,77.684496483008,75.9208603849684,78.4119519128033,76.4643133647942,76.106810254451,52.0946432233408,51.0065636436305,52.4689444270684,51.5801051572326,53.5649565221492,51.8639489369378,51.2991632325759,40.0330050961964,44.9116778254708,44.2559140828123,43.233262082501,42.5299262805653,67.2219769049058,41.0529631438408,52.9662491006299,80.5882993190889,80.6173089023574,79.6614850780617,78.8832330523919,74.8837862147914,74.3917038809314,76.3179649408744,75.7910367830541,74.2396061193861,51.8112379132738,52.5870759312369,59.2891486616409,46.4181619876995,43.7317880862903,54.283404640014
21.6954791748603,24.004232211168,0,29.1935247539104,31.4987006120825,21.695273321527,28.2058216187403,24.002256941852,58.3213289858486,58.8436739581952,82.1039915246104,58.8280540717132,58.3423536089304,58.9054000100554,56.0820893499845,57.1519070799928,54.3607212071299,57.1389838003607,55.6080308740686,55.6771669210828,47.0649586743347,47.8059353908648,47.056774220294,57.3189810023202,79.3709477410371,83.4766589513965,57.202335358778,56.8745965503347,55.3745600201576,54.6718157857533,54.1610139298058,58.2623010902031,64.6593090111194,48.3295292591944,56.9694032727706,56.4530564666821,59.0051116744848,71.7440715811714,71.825201316974,72.8744345201546,71.136669629609,71.623951345904,71.1716941385085,71.6551990874493,75.7536932482267,75.3589522171733,77.0418783538042,75.2772910152141,77.7694874959982,75.8211525570667,75.4629002075198,52.6391765077391,51.5453673132635,52.9461822582667,52.2508523258293,53.7497164538227,52.0945893404667,51.6023764704056,37.4456068585123,44.7741490270234,43.9786421823583,43.0639127699093,42.1665329998831,68.038378889657,39.8801271476852,52.4825822186139,79.9441528067136,79.9731864036733,79.0172433756349,78.238869530296,74.2420250244215,73.7495160785336,75.6755360385648,75.1482042218724,73.5993607040655,50.9864459392558,51.7859711408044,58.5678476650082,45.0500265270198,42.5310378713908,55.0179842527563
24.0047335834503,21.695666304655,29.1935247539104,0,21.6964460122034,32.7719034053368,35.4964067299516,32.275460209503,57.4903732930233,58.0419766279093,83.0200193702066,57.81703295855,57.3422769055149,57.9878073944184,57.0602782075552,58.1755248467391,52.7821427195886,55.6321741827197,54.059101088075,54.1520407468851,46.5034898088348,47.6334559221828,46.7608285049099,58.3885624964934,80.1864043276232,84.311768413929,58.1435422446702,57.8761752292898,56.1498473777767,54.6446556034656,54.1542245596325,57.9765359993263,65.5166095647226,48.5813453410473,58.02842506522,57.5315180908008,57.9076215711463,72.6500255036174,72.7287286964154,73.7781782879969,72.0561905591051,72.5426690918506,72.0930686365981,72.5756947519499,76.6650972273093,76.2672608752606,77.9508767484148,76.1871515721158,78.6775077401215,76.7311263103361,76.3696181039474,51.3516759300352,50.2457935322011,51.75233430734,50.7973313086175,52.981530370582,51.2396740837499,50.6330260735607,41.2892109510383,44.2934901707905,43.6976349464501,42.5541084272835,41.9409884327734,66.5483099618787,42.4311996244562,53.5329224718807,80.8277780938249,80.8535165226902,79.8992442219459,79.1225975230521,75.1634420574939,74.6715154063278,76.5896696317794,76.062446891229,74.5264281794585,52.4102981355423,53.1557897711516,59.6359576998104,47.2186127887233,43.8148418735783,54.1618646494506
29.1961206242398,24.004584208709,31.4987006120825,21.6964460122034,0,34.0638107464824,36.3082845707668,32.771433835526,56.9270283332501,57.4852533513549,83.3895567539625,57.2746722752765,56.7915797106413,57.4363296338794,57.579813929744,58.6447101825373,52.7065865073704,55.5821820864264,53.9777729195105,54.1128578519468,47.2960815254702,48.4455244458921,47.5977924948421,58.5665682400932,80.6566179530532,84.7685947781818,58.1761408555197,57.9546470456272,56.7405868961886,54.1482285486715,53.6522075386082,57.4745919143288,65.9813412110919,49.4016657354412,58.4774889797103,57.9829144957707,57.383034282514,73.0475617383167,73.1289105096366,74.1756223018117,72.4379026499745,72.9237611630274,72.4718777562839,72.9540032885296,77.0472841087617,76.6544068481924,78.3350073906027,76.5722530720986,79.0623867702527,77.1152890701784,76.75879203265,51.6144943013116,50.5395757529269,52.0629390345371,50.9563600037884,53.4706667938868,51.7298074133423,51.09137997841,42.1371248069954,45.2669099115553,44.7599949717042,43.6838121961152,43.1823920003662,66.4039807175567,42.3548658853775,53.476821036395,81.2423507631211,81.2715982443797,80.3157605997411,79.5374928832997,75.5324605504497,75.0407587104611,76.9678805457319,76.4413470078419,74.8863226322035,52.6172366545201,53.3710038585778,60.005505888707,47.6697359404736,44.953993727153,53.5338213936137
28.206594097539,29.1923655644945,21.695273321527,32.7719034053368,34.0638107464824,0,21.6950923628272,21.6959075052168,58.4823298908334,58.9929620433044,81.85389157528,59.0791119113766,58.5858056488876,59.1102588541309,55.8956057954491,56.9086964168816,55.0394154738718,57.8004128734043,56.2732080999172,56.3497926031274,47.747871414114,48.3482047709929,47.6651625985481,56.8676649733675,79.2321017948306,83.3199030868314,56.7367320252746,56.4013444746682,55.33566539449,54.4696652884619,53.9466433671435,58.1851206767741,64.4966159886676,48.7007882911714,56.6946382218149,56.1696745718092,59.3017921879266,71.5158583512374,71.5998156378645,72.6472937123734,70.8920107940225,71.3793365663076,70.9243428681636,71.4080034230212,75.513502283671,75.1233108800237,76.8040836220314,75.0396322408506,77.5326415909494,75.5828755525883,75.2292860801546,53.3420154697107,52.2651767368195,53.633268354375,52.9739549755112,54.3480281036014,52.7286685079618,52.2669258760074,35.7304117377188,45.5419634702191,44.7377237580515,43.947123892943,43.0404401998278,68.6556090770356,38.2097032640725,51.8959062363541,79.7375157614396,79.7703267846581,78.8125977411636,78.0323756239287,73.9888193685964,73.4961414487643,75.4315694340941,74.9045917082461,73.3377942522656,50.3378947311801,51.1771051991119,58.2371136684889,44.106968251187,42.7538959217966,55.1723857137068
32.2739827241906,32.7697638872302,28.2058216187403,35.4964067299516,36.3082845707668,21.6950923628272,0,24.0034123661557,58.6580592288896,59.1569254326891,81.6180093221526,59.3397697284019,58.8397273881844,59.3271966498401,55.7345806406245,56.6865532249588,55.6909833903696,58.4367354324081,56.9127873276681,56.9960585497848,48.421752085708,48.9021699364177,48.2790056521799,56.4152652890562,79.1123850237294,83.1816819228054,56.2667055565457,55.923359671377,55.3256184173154,54.2888229222181,53.754339032519,58.1264260899435,64.3532670352364,49.1048953289593,56.439173168939,55.9057591047429,59.6050995165442,71.303301293761,71.3902236494414,72.4358004156347,70.6621741888861,71.1495133234315,70.6916598765282,71.1754523247053,75.2881691846598,74.9027824450964,76.5812474324425,74.8169810720283,77.3107927432406,75.3595581376468,75.0108891209371,54.0164236413396,52.9546266031739,54.2943092050092,53.6652845953073,54.9327062729748,53.3454584842018,52.910103881747,34.0606474100369,46.3030725889032,45.5028712893904,44.8175892578588,43.9213158921033,69.2522236446356,36.2842873731601,51.291809037352,79.5473793697872,79.5841431836325,78.6245510744938,77.8424007417468,73.7497863817065,73.2569484163899,75.2022557605462,74.6756666765918,73.0899232674356,49.6671426031239,50.5515710722342,57.9191396658623,43.1206054067988,43.1140684264403,55.3471310963148
29.1892239230868,28.2064357074806,24.002256941852,32.275460209503,32.771433835526,21.6959075052168,24.0034123661557,0,57.9646975961769,58.479173824398,82.2345991024013,58.5902464477141,58.0895525191475,58.6082812742107,56.443360997277,57.4085877128358,54.9305516224925,57.7119883499236,56.1606348848691,56.2688990217147,48.3246572457395,49.0007927744465,48.3135220477646,57.0551950876978,79.706086171762,83.7822537258504,56.7554371073927,56.4729317839976,55.9304360537923,53.9407241837294,53.4072974027788,57.6844894248984,64.970061929301,49.428121090307,57.1774959349629,56.6576316384828,58.8321062770631,71.9246514803397,72.0110911201773,73.0557278956582,71.2858333238205,71.7724175542209,71.3153431189714,71.7983789503888,75.9068804900771,75.5215105922347,77.1992130177411,75.4358763164283,77.9284389509318,75.9781519127939,75.6294194361821,53.4914802985234,52.4337175934106,53.8243978434532,53.0381403023241,54.706254171868,53.0765018102296,52.5800106660402,37.448302784664,46.2392124945413,45.5252846268234,44.7244202498322,43.9389640627849,68.4957929556036,37.6626656307067,51.7907356112125,80.1614767964024,80.1975660358127,79.238398968199,78.4566872344059,74.3695957036665,73.8772183262892,75.821110439438,75.2948650099041,73.7096847880819,50.5696872721979,51.4183404089439,58.6350017450652,44.7377926586168,43.9547567192043,54.5999410559385
58.1764984138084,57.6311386295446,58.3213289858486,57.4903732930233,56.9270283332501,58.4823298908334,58.6580592288896,57.9646975961769,0,21.6987830175819,94.8065987120692,39.1813046079067,37.527634566434,32.7996627724314,70.6696992243223,71.2802053808799,59.7303571320917,62.3807858126345,60.5656404421776,61.3242768589634,62.8749003084814,63.96626996608,63.3431985345778,68.3321283010175,93.1387017466987,97.1142088901524,66.138209177278,66.5929733397825,70.4098000103216,53.1050046780824,53.2512094279641,49.7621895363012,78.4281784962822,64.8739338047924,70.9523456225298,70.5052469204944,43.5166182107386,84.7802616437255,84.8894439585034,85.9045868540941,84.0035102168395,84.4809948255807,84.0060673473259,84.4810779586681,88.6073657343152,88.2686812561463,89.9147446225698,88.1645513020549,90.6496373442232,88.6967015745487,88.3948082033429,62.847153424046,62.2535905990793,63.6905650790518,61.3010414425061,66.5837268449675,64.9465500274241,64.1133767029641,60.4780056492969,61.9966090770822,61.9236600651093,61.3322700279234,61.2998019170589,70.8412299759739,58.585476906579,62.0303902165535,93.1477359147645,93.2141651300545,92.2419408254386,91.4467075324288,86.9514045367271,86.4632375352441,88.4848602753466,87.9666053820861,86.2059577489583,64.0459534089778,64.634412301815,71.680566117499,62.2954176074263,62.4576853362245,38.8014326878065
58.7104256454005,58.1705530882489,58.8436739581952,58.0419766279093,57.4852533513549,58.9929620433044,59.1569254326891,58.479173824398,21.6987830175819,0,95.1829469373286,40.1817596012171,38.8360968525585,34.0964403047136,71.0914936949667,71.6872617712786,60.4010511509742,63.0460520465681,61.2369756776866,61.9881464677554,63.4223125462605,64.4962347202728,63.8790367380852,68.6561569955751,93.5521186579205,97.5225139015046,66.4162472233298,66.8884725736937,70.8578985350929,53.2751733880291,53.4486540105167,49.6100846292008,78.8382043138114,65.3831616061047,71.3533180476089,70.9067227307445,44.3110766103589,85.1666120672014,85.2767476287585,86.2909313203504,84.3841930286483,84.8614619110284,84.3857179487144,84.8605538099078,88.988256065043,88.6513528809907,90.2963409033197,88.5464867218098,91.0315064050704,89.0783029377166,88.7782109158938,63.4612408757215,62.8639409233415,64.296005420712,61.9325779657108,67.1528777454816,65.5201524609205,64.6948218279932,60.9481294143895,62.5390309595058,62.4597857841987,61.8745398611258,61.8351483072547,71.5190178043963,59.0381444396287,62.3378073877439,93.5403714938049,93.6080816039055,92.635281646228,91.8394525954094,87.3275695454687,86.8394836707023,88.8643215897599,88.346312050166,86.5788653245165,64.4105228228479,64.995182986928,72.0583665905887,62.7190272082575,62.9545321418639,40.1253397366835
82.3689600533409,82.7431048225018,82.1039915246104,83.0200193702066,83.3895567539625,81.85389157528,81.6180093221526,82.2345991024013,94.8065987120692,95.1829469373286,0,95.8439792258487,95.3571991218736,95.6252908747318,70.6892227998542,69.4516801668026,92.4570813114311,94.9337095027854,93.6041887618754,93.5270614459375,82.5336283738526,81.4007882563621,81.7177533528178,75.2283831088441,77.5084399597749,78.4360913505046,79.5480187460768,78.2374142356291,73.2451810404239,88.8078089071836,88.4295764521393,92.5424056932062,65.581279998303,79.7675325071751,69.6139227158536,70.0729139843137,96.2667359319646,54.5552726526659,54.8994173955435,53.5725935460119,54.0730638496967,53.3683125102022,54.0194900069604,53.3171847903492,47.0744085396504,48.844595282729,46.0004536112769,48.4167078619678,45.7455546650442,47.4653693504704,49.3421319772618,89.232556560449,88.2483373745098,89.05974986018,89.6450404769363,87.4856094093204,86.5607575939188,86.7320853261034,80.0105418341467,81.9120632480608,81.4886023136289,81.8366238786408,81.4469496529546,105.922909961936,81.5910653472726,81.0046370874189,61.564029576401,62.998830718737,61.5555555039887,60.2890013567165,49.6483877499087,50.4558128438861,46.5697984696465,47.6047662573424,52.0659227296795,77.446700488368,76.9680330389235,68.9973867816302,78.3030084535444,79.3372425471874,92.0162266839021
58.5880434699347,58.0631915993547,58.8280540717132,57.81703295855,57.2746722752765,59.0791119113766,59.3397697284019,58.5902464477141,39.1813046079067,40.1817596012171,95.8439792258487,0,21.7018771497638,31.5365824328149,71.4512487271979,72.1603964234649,57.7852445386936,60.3660178279658,58.5171115041645,59.4049504588051,62.7108317739966,63.9459129786414,63.2862417092703,69.7434060082987,93.9365602258982,97.9464286567311,67.8152547187572,68.1780574721605,70.9941313555819,56.0826706093084,56.1293936350491,53.8666319677934,79.2551790888234,65.0318172225472,71.8771179354983,71.4311108468209,31.5629097335323,85.7571151485854,85.8601597638887,86.8809349698217,85.0166754977616,85.4952094991654,85.0256962897005,85.5014973675159,89.6172757269859,89.2674860804794,90.9199569454755,89.1680143211561,91.6530229517225,89.7021298049976,89.3889753491042,61.7855407773415,61.2777563753942,62.7310141761606,60.0325159979039,66.0535691501982,64.390190048972,63.4777645133044,61.2318537631991,61.9408554063837,61.9430958164026,61.3252048206656,61.3723082850207,68.2703055485462,59.6411346380618,63.7047181571672,94.0826415772749,94.1408310986761,93.1723546048792,92.3809998374365,87.9912484098595,87.5027635362036,89.5037422841032,88.9840938953949,87.2661350979087,65.3363949464382,65.9273330179453,72.748855715674,63.2844269327588,62.8433014804406,43.9521996193467
58.1108874631521,57.5787085041979,58.3423536089304,57.3422769055149,56.7915797106413,58.5858056488876,58.8397273881844,58.0895525191475,37.527634566434,38.8360968525585,95.3571991218736,21.7018771497638,0,29.217300025241,70.9818017984778,71.6827116324001,57.6551365865849,60.2578915950281,58.4090813890936,59.2773260787137,62.3288728866633,63.5498377718078,62.8927037387027,69.2236836130596,93.469263747211,97.4762184976327,67.2771755648672,67.6455314554911,70.5430788265769,55.4134054259778,55.4613586720104,53.1809599721439,78.7848585830948,64.6174064656751,71.3953793165172,70.9488987880691,34.1593481196222,85.2748988301438,85.3784403351422,86.3988071504825,84.5315359358761,85.010014468544,84.5400495461289,85.0158156403802,89.1325661168318,88.7836439659581,90.4356409066299,88.6838021820814,91.1688609412592,89.2177746866079,88.9055026918204,61.526260001899,61.0041704367605,62.4587043058343,59.7994481536452,65.7258533692812,64.0639590174201,63.1607480250844,60.7377702495424,61.5421316893275,61.5349764296595,60.9174602393824,60.9549007533221,68.2717931844953,59.1078852983348,63.1526980203565,93.6039524905104,93.6628088253041,92.6940250656536,91.9023523396614,87.504158342092,87.0156815776195,89.0183261761698,88.4987744639722,86.7774549247289,64.8147010831338,65.4072644031185,72.2561234428401,62.7789156407149,62.3959656411066,42.6436682040275
58.7140676573281,58.180261569438,58.9054000100554,57.9878073944184,57.4363296338794,59.1102588541309,59.3271966498401,58.6082812742107,32.7996627724314,34.0964403047136,95.6252908747318,31.5365824328149,29.217300025241,0,71.3698635367341,72.0270459947569,59.1044862438346,61.7191965949903,59.888163678456,60.710242025816,63.1225084180023,64.2831935920515,63.6427550900529,69.3294226845664,93.8447050427023,97.8364470413239,67.259750067866,67.6721206314214,71.015711407808,54.9182180072132,55.0178267143679,52.1172794483613,79.1482563401224,65.2769490804656,71.7204750596734,71.2741139634474,38.9465629499307,85.5706961400771,85.6769914645756,86.6947542695069,84.8110157268142,85.2889753340874,84.816603479057,85.2919675069933,89.4132346325542,89.0693466401423,90.7183955761438,88.9674032310304,91.4524252460955,89.5004676991824,89.1932960278252,62.6548634277864,62.1036774323528,63.5480997994066,61.0077145616394,66.6508416530182,65.0012455168337,64.1295637695012,61.1775012973951,62.2980344139762,62.2619583129988,61.6583138951216,61.6648616535648,69.9027333743383,59.4377607459623,63.1631732475556,93.9183615447582,93.9809159467096,93.0104564640793,92.2170495459141,87.7713268575548,87.2830216986767,89.2949367565793,88.7760366558027,87.0354098068934,64.9942981173063,65.5826843286545,72.516044655811,63.1043689665628,62.9740842040541,42.0158878749285
56.2940013273348,56.8301708910757,56.0820893499845,57.0602782075552,57.579813929744,55.8956057954491,55.7345806406245,56.443360997277,70.6696992243223,71.0914936949667,70.6892227998542,71.4512487271979,70.9818017984778,71.3698635367341,0,35.49002933015,66.5789711987456,69.0241240737828,67.7451458514131,67.5923827514812,55.218412024856,53.7134802240992,54.1801227081074,55.4926995675729,65.8099421912585,69.9675788098368,59.2266890606167,57.9599206605457,41.155766370667,65.4977822638212,65.0831828935664,69.1715045553752,49.6052700912541,51.5099721537345,39.3482742393658,39.4834582521839,71.7394025780688,59.2009651616145,59.2067253387438,60.3937174497459,59.0864759512378,59.6200930244836,59.228063785735,59.7523472875624,63.8474902314024,63.2828602308506,65.0954454297759,63.2651335570708,65.8091983695665,63.8516309119987,63.3248846684028,62.7570901612518,61.7362773318888,62.4834317192373,63.3655806374221,60.4735848099016,59.5989232405261,59.870623486952,53.7284178970898,54.6222432756613,54.1429442946245,54.6683295989013,54.2399643862438,80.2166727862265,56.442645630443,58.4437193645167,67.1422768885869,67.085338913094,66.1611262244603,65.4159242920774,62.7587791542276,62.2464303441431,63.9005614631776,63.3387020917747,62.4422641597379,53.7061649430418,53.4776013655246,47.4747134533224,52.3557903173182,51.5468871300274,67.8022523734037
57.4160324381797,57.8994654270418,57.1519070799928,58.1755248467391,58.6447101825373,56.9086964168816,56.6865532249588,57.4085877128358,71.2802053808799,71.6872617712786,69.4516801668026,72.1603964234649,71.6827116324001,72.0270459947569,35.49002933015,0,67.9137938195736,70.3824736201599,69.0747858440422,68.9599177216299,57.1787424796877,55.8601989080423,56.2305406779349,54.2013187785378,66.4936563630867,70.3177067676721,58.4753253400032,57.0924688337961,46.0721367391248,65.7718542091473,65.3616122527678,69.5098016509689,49.9507430147385,53.8948511632665,29.186320391573,31.4883277053953,72.5010583230456,58.152521134771,58.210976078336,59.3956404547668,57.7464457159956,58.3008458600764,57.8505790915315,58.3971611898713,62.696173183953,62.1943483643834,63.9954175936491,62.1444772738131,64.7299693093098,62.7297337526766,62.2694146365759,64.4007135114808,63.3896808409179,64.1879458287727,64.8970744132116,62.4572963170997,61.5242485756638,61.7268967578702,54.6796332248188,56.4808458380903,55.9859521081513,56.420466630944,55.9676403303281,81.4824452655733,57.0595130854485,58.2000417429755,66.5627024372584,66.5726303932469,65.6149648363178,64.8350252850386,61.4015152577197,60.8754818659889,62.6934819792485,62.1280688039276,60.9740447513037,53.3133796831329,52.937540504263,43.5972586250561,52.848168328473,53.3148416900872,68.4227981717193
53.6521685819255,53.5311663512834,54.3607212071299,52.7821427195886,52.7065865073704,55.0394154738718,55.6909833903696,54.9305516224925,59.7303571320917,60.4010511509742,92.4570813114311,57.7852445386936,57.6551365865849,59.1044862438346,66.5789711987456,67.9137938195736,0,29.442354698798,21.7402110784374,24.077635270613,51.6149373357694,53.8028528563203,52.9810920374557,68.7530000807084,89.0182846361586,93.2524562831659,68.3382884259789,68.1954022752419,64.7818596860789,62.5798870269463,62.2862270210513,64.0357838234485,74.5499439686313,56.1553407201619,67.9258839403479,67.5012977084311,56.5116253356744,81.9963552129099,82.0603132508689,83.1152595431331,81.4864772436243,81.9706766277858,81.5360678944057,82.0159092838342,86.060635361763,85.6412033149304,87.3329361959666,85.5711566506526,88.0541520254347,86.1172314969391,85.733358333958,41.3726791908798,41.9772414118748,43.4380020436563,36.9554370720054,50.9583497025385,49.1888260684609,47.5955045986306,57.397311593018,52.0456676067839,52.6835266658849,52.071371235166,52.7533924538561,46.3884100129511,57.9201671770349,64.419401688009,90.0498011841921,90.0554650100936,89.1110279203832,88.34454886618,84.6237194254542,84.1337996321536,86.0035588139159,85.4755878529418,84.0260984798925,63.9151491294514,64.472283071373,69.6707791380229,60.4088507083816,56.1599072793336,57.6341138219612
56.4500763211778,56.3550898496169,57.1389838003607,55.6321741827197,55.5821820864264,57.8004128734043,58.4367354324081,57.7119883499236,62.3807858126345,63.0460520465681,94.9337095027854,60.3660178279658,60.2578915950281,61.7191965949903,69.0241240737828,70.3824736201599,29.442354698798,0,24.1053819829049,21.7656724008502,53.9481958388618,56.1072870385047,55.3214293540224,71.3290199223651,91.429652930283,95.6743283829423,70.9484188618496,70.7967543724689,67.1584023198138,65.2891435437552,64.9989453292475,66.7219525520943,76.9760300672484,58.4918503144869,70.4081941765902,69.9871127003144,59.0344302789414,84.4596158005024,84.5219469709151,85.5779880302402,83.9591939358114,84.4434368126472,84.0103576630348,84.4901801666385,88.5311726884737,88.1090445786561,89.8021197089502,88.0401781112928,90.5228003340737,88.5866455116272,88.2000154229462,42.4157222306275,43.5597777739589,44.4129703830669,38.7917527273157,52.4590046040306,50.8214264893081,49.226723885776,60.0663006012605,54.5254071044533,55.1920975352427,54.6338400957418,55.3321176498684,42.4747118455341,60.6434514971218,67.0657218897476,92.5007497716387,92.5042095650463,91.5608106848314,90.7954053746983,87.1018401186565,86.6119704493428,88.4763185348186,87.948105159048,86.5091438824484,66.5218215679068,67.0713467119093,72.1800252564254,63.0296443442479,58.7093853876513,60.363012758436
54.9147926570138,54.7903795555873,55.6080308740686,54.059101088075,53.9777729195105,56.2732080999172,56.9127873276681,56.1606348848691,60.5656404421776,61.2369756776866,93.6041887618754,58.5171115041645,58.4090813890936,59.888163678456,67.7451458514131,69.0747858440422,21.7402110784374,24.1053819829049,0,21.7316300031405,52.8841376034859,55.0383258289404,54.2327675872157,69.8830995480097,90.175280291882,94.4082808008993,69.4499243221479,69.3138199293686,65.9537528430037,63.6081804749406,63.3205178154317,65.0026268979602,75.7072368931296,57.3717145176923,69.0851635757087,68.6611677291592,57.1717350683091,83.1466153895652,83.2108380369224,84.2654593074284,82.6351351860208,83.1192417144584,82.6844179459956,83.1641790757456,87.2091668056854,86.7902634842395,88.4816478264857,86.720005086064,89.2029318757003,87.2659691355357,86.8826273920309,42.4278700517683,43.2083985340052,44.430261885107,38.412708357083,52.0285180848098,50.3121972964466,48.7380396628882,58.6045084763827,53.333818064325,53.9652743540335,53.370240106396,54.0417059431815,44.0934833664054,59.0973936590518,65.5354743398801,91.2016166995209,91.2076300722575,90.263041553438,89.496405613685,85.7708887405401,85.2810095604798,87.1516720432102,86.6237868447212,85.1722957832599,65.060408045539,65.6163201685787,70.8212409233558,61.5848439853115,57.3944886377414,58.545129444982
54.9755896959036,54.888937682505,55.6771669210828,54.1520407468851,54.1128578519468,56.3497926031274,56.9960585497848,56.2688990217147,61.3242768589634,61.9881464677554,93.5270614459375,59.4049504588051,59.2773260787137,60.710242025816,67.5923827514812,68.9599177216299,24.077635270613,21.7656724008502,21.7316300031405,0,52.3814236736306,54.5752848012411,53.7769425576734,69.9558583703289,90.0024721185291,94.2500064438516,69.5999657332908,69.4398332144786,65.7098504039726,64.0432334907507,63.7474109953373,65.5357499741623,75.5507933479538,56.9875469385355,68.9895869923699,68.5684316157296,58.1382305980452,83.0475704122279,83.1093702685348,84.1659240484265,82.550304908997,83.034652424111,82.602037368872,83.0819415271785,87.1220789342993,86.6989752680695,88.3926260558813,86.6305150571545,89.1131517776785,87.1771601618371,86.7895422472543,40.7645365522994,41.8097193987641,42.8872302826315,36.5608447419146,50.9851184984016,49.2984407047054,47.6723988211605,58.6277174989524,52.9646010836626,53.6440955892064,53.0765214283477,53.7897697043123,44.873882307272,59.2455899207756,65.7185798348435,91.0851569070394,91.0879066115869,90.1448282227172,89.3797546686779,85.6953587231372,85.2054540725033,87.068010369996,86.5396689887021,85.1044512869471,65.1378158905116,65.6873761849873,70.77494908338,61.6157927857338,57.2210991058419,59.2406410188537
46.3792235483466,47.0986445957586,47.0649586743347,46.5034898088348,47.2960815254702,47.747871414114,48.421752085708,48.3246572457395,62.8749003084814,63.4223125462605,82.5336283738526,62.7108317739966,62.3288728866633,63.1225084180023,55.218412024856,57.1787424796877,51.6149373357694,53.9481958388618,52.8841376034859,52.3814236736306,0,29.2271926245885,24.015991733318,61.0625194147571,77.7860012418798,82.2078123757766,61.935252043499,61.3902590022227,52.1220499635277,60.9286077765116,60.5199183224125,63.8301501729991,63.4690141703771,37.5875656315122,57.4781499184551,57.0751601100052,62.4920212937592,71.7471114106172,71.7772179698444,72.8623270258294,71.4375217484989,71.9267954242517,71.522498542815,72.0059704747533,75.9896816833228,75.5098109033376,77.2358132581546,75.4652555886058,77.9468413863934,76.0217872060617,75.5765699305494,44.9058124421925,43.3948571874309,44.3364760584757,46.3275573585285,42.0036784007078,39.8722584367874,39.9939664070745,48.65907686331,29.2162668483578,32.81341132504,34.1155630097225,36.3805524255249,66.0681243878451,51.6854149989401,58.5852394354886,79.5680015978108,79.5285189003665,78.6046544748261,77.859472139842,74.7168593342333,74.2256677969844,75.9815712986263,75.4463140880488,74.230178063508,56.2325184881906,56.6858766587843,60.0516206346837,51.8031702848938,42.5603444518478,60.0245056050954
47.2839606665663,48.0592002118498,47.8059353908648,47.6334559221828,48.4455244458921,48.3482047709929,48.9021699364177,49.0007927744465,63.96626996608,64.4962347202728,81.4007882563621,63.9459129786414,63.5498377718078,64.2831935920515,53.7134802240992,55.8601989080423,53.8028528563203,56.1072870385047,55.0383258289404,54.5752848012411,29.2271926245885,0,21.7026922902006,60.5357235301117,76.3126569395625,80.7833207368335,61.6855115195283,61.061977693665,50.1845912281455,61.5327302232149,61.1183624775194,64.5660138114444,62.0332082990266,31.536664746626,56.2469509890534,55.8558666432254,63.8043844040593,70.5312177527064,70.5524343013963,71.6451662646145,70.274191022961,70.7645737837376,70.3683643294933,70.8525639468536,74.8193244901759,74.3238327762941,76.0585025200465,74.2859100853753,76.7668193412647,74.8450689643291,74.3839780044287,47.4090685044346,46.0906561010194,46.7645977236871,48.8374741338645,43.5569645729585,42.0738485348634,42.5746656148879,48.6317192329352,32.829902322281,34.1245642259896,36.4052393807714,37.551165169581,68.0902256800876,51.9830328409547,58.5383514355024,78.2905500869847,78.2392887649202,77.3208061047632,76.5811967756905,73.589262149646,73.0978799159694,74.8239117498718,74.2868636726039,73.1313096032177,55.8387206395128,56.2466476699505,59.0381954583451,51.422597053851,41.5298939386044,61.1010342230121
46.4629762741003,47.2510622222807,47.056774220294,46.7608285049099,47.5977924948421,47.6651625985481,48.2790056521799,48.3135220477646,63.3431985345778,63.8790367380852,81.7177533528178,63.2862417092703,62.8927037387027,63.6427550900529,54.1801227081074,56.2305406779349,52.9810920374557,55.3214293540224,54.2327675872157,53.7769425576734,24.015991733318,21.7026922902006,0,60.5107906921196,76.8412076331421,81.2793193870889,61.5387923000131,60.9474770939349,50.9235070223384,61.049369958196,60.6349677650362,64.0495937410749,62.5243953598594,34.1291747820483,56.5665919197136,56.1639840666311,63.1261766399058,70.8944892456516,70.9210993665658,72.0098542265221,70.6059039025066,71.0959708370643,70.6947341819187,71.1788349829511,75.1572950691829,74.6709116099839,76.4008658672065,74.6290433892552,77.1109106698269,75.1868045003228,74.7350067550307,46.6776218773339,45.2926980792928,46.1119456863231,48.0109656525713,43.4443022654018,41.7176175528613,42.0220482241328,48.1969715265182,29.2195138334863,31.5299451940416,34.11926002103,35.7988273531176,67.3157436904424,51.5049323396638,58.2840804973557,78.6933093708404,78.6492724777107,77.7274254318349,76.9843343642592,73.9018362480951,73.4103757837002,75.1544100874805,74.6182574897123,73.4271926186175,55.7114604806466,56.1452628035396,59.2537837972618,51.2172975760367,41.2110654614306,60.4724420620077
57.770324399437,57.942768860112,57.3189810023202,58.3885624964934,58.5665682400932,56.8676649733675,56.4152652890562,57.0551950876978,68.3321283010175,68.6561569955751,75.2283831088441,69.7434060082987,69.2236836130596,69.3294226845664,55.4926995675729,54.2013187785378,68.7530000807084,71.3290199223651,69.8830995480097,69.9558583703289,61.0625194147571,60.5357235301117,60.5107906921196,0,77.1599897975003,80.6038091430258,44.944855283519,41.0687439161209,58.2786304502468,60.9597715696751,60.5811074326537,65.0463474658491,62.0025932615759,59.5034472597995,53.0204647733735,52.6314556663544,70.3647796187599,66.0143755152633,66.2197049080293,67.1614120191923,64.6657172787591,65.1383813534578,64.5701354727647,65.0448091074384,69.3899928051411,69.2121059107229,70.7761097895981,69.0380889584665,71.5418298497357,69.5459875286913,69.4080700284229,66.7539356580876,65.79640470892,66.8319819487656,66.7116526020989,66.4270582797838,65.217351200592,65.096839085688,54.9523173077914,59.9814977449344,59.4621908755242,59.5036463159705,59.0003795726402,81.9587730069777,55.0674097355083,49.9550762203224,75.061771609014,75.2528630294106,74.223110414513,73.3682704358683,67.2777844735552,66.7858839218089,69.1350107950585,68.6316462410822,66.2294337128543,46.6504009128289,45.4179874504172,50.2837833718887,52.0125040888053,56.9277676626694,65.5548233881795
79.5298613179061,80.0061145483547,79.3709477410371,80.1864043276232,80.6566179530532,79.2321017948306,79.1123850237294,79.706086171762,93.1387017466987,93.5521186579205,77.5084399597749,93.9365602258982,93.469263747211,93.8447050427023,65.8099421912585,66.4936563630867,89.0182846361586,91.429652930283,90.175280291882,90.0024721185291,77.7860012418798,76.3126569395625,76.8412076331421,77.1599897975003,0,41.8387222356996,80.9591538202401,79.7302787747278,65.4586972301128,87.9209238894868,87.5244445008046,91.5405763242739,54.8103678069262,74.4173512965782,67.6505014786332,68.1154578686229,94.231406172994,64.0773113892279,63.5017247110882,64.4834730210998,67.0011550985618,67.3104308436578,67.5162761084901,67.8134670858775,69.5294644833884,68.1941182315197,70.0926186507953,68.5802846803359,70.5160055772358,69.1628253839574,67.8147228518251,85.010469350334,84.0148190182166,84.6730426509466,85.717904728745,82.3220365294456,81.6034652273386,81.9703050900282,77.491900484191,77.5042342788542,77.1701060073737,77.6915213771781,77.3973038969176,102.647315121205,79.7236856999548,80.9861190631648,64.4519505875191,63.2663897151085,62.9857339934392,62.8905904484659,70.9311344502828,70.5561338619513,70.2770889013391,69.7617377336793,71.9230646491759,77.0533591310234,76.7698097578134,70.0307152227431,76.4405810885576,75.4532119571915,90.3144384417914
83.6528227085022,84.1157419488004,83.4766589513965,84.311768413929,84.7685947781818,83.3199030868314,83.1816819228054,83.7822537258504,97.1142088901524,97.5225139015046,78.4360913505046,97.9464286567311,97.4762184976327,97.8364470413239,69.9675788098368,70.3177067676721,93.2524562831659,95.6743283829423,94.4082808008993,94.2500064438516,82.2078123757766,80.7833207368335,81.2793193870889,80.6038091430258,41.8387222356996,0,84.5010826796569,83.2537914578093,70.2267690101035,91.7835045287883,91.3889859387303,95.4223157526655,58.6274821160031,78.9179182041772,71.3680938532565,71.8583419674476,98.2596816043716,64.9943084023388,64.3157977779787,65.1380533695307,68.4303537760788,68.6720651455406,68.9956298915478,69.228384512396,70.3176184002566,68.8354269059821,70.6886235257935,69.3108165454277,71.0250430717237,69.8698771443772,68.3598164224221,89.3642637849668,88.3695633081731,89.0526839816493,90.0258214811611,86.8247688220644,86.0716369234077,86.407243568775,81.5516879191447,81.8678079943666,81.5167056148033,82.0127606414867,81.7009367896209,106.857965123977,83.7007145326966,84.7110288761282,62.781433999316,61.1844659425946,61.1884429472322,61.366431031481,72.2493867849687,71.9139905165597,71.211054970042,70.7231197779789,73.480526230969,80.797916161537,80.4842541359589,73.4016052142984,80.3903808167714,79.7130538259148,94.2933629255866
57.6649919547197,57.6828738031365,57.202335358778,58.1435422446702,58.1761408555197,56.7367320252746,56.2667055565457,56.7554371073927,66.138209177278,66.4162472233298,79.5480187460768,67.8152547187572,67.2771755648672,67.259750067866,59.2266890606167,58.4753253400032,68.3382884259789,70.9484188618496,69.4499243221479,69.5999657332908,61.935252043499,61.6855115195283,61.5387923000131,44.944855283519,80.9591538202401,84.5010826796569,0,32.7648332485875,61.2680538469094,57.774918832323,57.4271962040816,62.0304968659837,65.9407200644382,60.9833805427347,57.5690588677263,57.1691828162102,68.5749996566564,70.3095514980424,70.4990548524531,71.4397298628027,69.0547978392691,69.5188007825428,68.9718996270004,69.4370011017665,73.7040005925093,73.5101437444749,75.0729895396183,73.3451975232391,75.8317954345661,73.8518410052261,73.6967791606198,66.9489276647655,66.0215521711819,67.1347148660132,66.7022298149655,67.2090797038369,65.9142859582365,65.6814023356702,55.3690219174356,60.7917006775158,60.3030700480315,60.2120745246447,59.7362198298742,81.3716372740657,54.3749000947335,45.4201949229771,79.2185325480112,79.3914960799313,78.3709967033604,77.5257807891456,71.655242412622,71.1705133637148,73.4643170548297,72.9639622105763,70.642029675843,48.1450416190804,47.7506781298162,56.0277200607047,53.026193342414,58.0983323091374,63.4330001294954
57.3446278065925,57.4104778446745,56.8745965503347,57.8761752292898,57.9546470456272,56.4013444746682,55.923359671377,56.4729317839976,66.5929733397825,66.8884725736937,78.2374142356291,68.1780574721605,67.6455314554911,67.6721206314214,57.9599206605457,57.0924688337961,68.1954022752419,70.7967543724689,69.3138199293686,69.4398332144786,61.3902590022227,61.061977693665,60.9474770939349,41.0687439161209,79.7302787747278,83.2537914578093,32.7648332485875,0,60.1839775321955,58.5543936598836,58.188510013311,62.7820211293109,64.6764840306097,60.2650962547485,56.1204583903655,55.7139144453608,68.8900508775151,68.9915988271404,69.1836869454815,70.1259937985891,67.7217625819322,68.1881649514493,67.6372315046977,68.1048840871172,72.3889009730143,72.1965735693834,73.7611258592384,72.0303928995241,74.5212586607154,72.537785389219,72.3845169981259,66.6189229169142,65.6809670660096,66.7731386734435,66.4328853328166,66.7088328043214,65.4362377360796,65.2351277377092,54.8252867813924,60.2539357951673,59.7511918909225,59.6963527292221,59.2064791683591,81.2866610868765,54.138154838343,46.0531235960304,77.9266257108328,78.1023994105953,77.0803494335032,76.2335189597913,70.3310855234153,69.8445416550661,72.1473914976603,71.6459879751763,69.3138030515124,46.6814641981152,45.9946125211648,54.360065357131,52.1989917310529,57.4201851627491,63.8516844689593
55.4435219043117,56.0474811714088,55.3745600201576,56.1498473777767,56.7405868961886,55.33566539449,55.3256184173154,55.9304360537923,70.4098000103216,70.8578985350929,73.2451810404239,70.9941313555819,70.5430788265769,71.015711407808,41.155766370667,46.0721367391248,64.7818596860789,67.1584023198138,65.9537528430037,65.7098504039726,52.1220499635277,50.1845912281455,50.9235070223384,58.2786304502468,65.4586972301128,70.2267690101035,61.2680538469094,60.1839775321955,0,65.9051270510884,65.4900075069587,69.4243155462154,50.7822271222918,47.5480528930538,47.7334639340313,47.6825085739402,71.1760330362987,61.5901809035642,61.5314422065573,62.7032316667133,61.8154231977922,62.3188193693662,61.9962213364287,62.4894365504037,66.3156283116298,65.6775236210392,67.4954026159899,65.6992406746942,68.180939203132,66.2839827874329,65.678497679982,60.2027637690506,59.1737215675172,59.7650572914584,61.1037976580064,56.9766387104479,56.3020385483918,56.7734345392988,53.5906024117616,51.951049863608,51.6026072698658,52.3300660375135,52.0479920084201,78.5599292515068,56.6311827990059,59.8684848069419,68.8555515536112,68.7052014071214,67.8301729952589,67.1357499129712,65.4737081176641,64.9796612786624,66.4354235211429,65.8806370361457,65.2815846021477,55.680680739439,55.6478780698573,52.5962825646893,53.2853588397686,49.8436216852271,67.5443040021926
