IBR/IBR_outputs/SS_Optim/Sand_Total/Results/Sand_Total.asc
NCOLS 160 
NROWS 95 
XLLCORNER 210004.651214014 
YLLCORNER 7350008.22228844 
CELLSIZE 4999.99999999997 
NODATA_value -9999 
[rows 63 to 83 of 95, columns 0 to 45 of 160]
-9999 7.39096182106853 6.11975067488759 4.01600026515565 4.09263647050271 3.41294622161291 3.88243511374331 3.80702862556821 3.02366278987058 3.90087497066854 4.32046394806478 4.25894989736218 6.36916694476998 4.95337019885383 7.92460317194302 10.4777189575422 11.8624206887864 11.6083628697336 11.961799313409 12.1459563090777 11.5066563095815 9.40148462470229 6.32067996555624 5.23562755397353 7.30030134266844 6.73588998607376 5.60052847958781 5.74765440208946 5.10809169419399 5.03075755511091 6.80920970450333 6.16657714598317 6.18772696584701 4.71929305469179 5.23327556346354 5.92531725193046 6.27796216779902 6.32933054029133 7.00073991693471 8.0618628122845 7.88159690171941 7.57852711736235 7.20249888677826 7.041425893982 7.86424392759482 7.84466949085728
-9999 6.74453560872934 6.16436584647326 3.72874281629606 3.88661388814599 3.36507292539056 3.29967428436804 3.76764268033255 3.70478909848593 4.07122006129846 3.31382700236301 2.97880181887279 3.35678598469279 3.16558632601692 3.70657400507253 5.9762078213639 7.93905705860717 9.31119573219119 10.6784969392621 10.4710376236373 8.30082071478244 7.36393630361276 8.27126270331567 6.74064666068715 6.42266952898391 5.22298857138025 5.72710410092904 5.83177158304403 6.21591199262365 5.8768264481129 6.40236723438314 5.44585855369365 3.85629413265128 4.73131483337617 5.6951801140629 6.14564680715767 6.14521336095034 6.42877046231561 6.78215171658994 7.79863067500847 7.76582691904947 7.84422930311443 8.03370721764521 7.68190758156263 8.08515286465205 7.65729188753283
-9999 6.67206782078399 5.98298646831999 2.85240517431856 3.1064055018811 2.88531540161597 2.80990481581755 3.27901452819758 4.39085078578384 3.97557320323654 3.46121300466501 3.36244477365156 2.8945697091998 2.6332454830053 3.10589345418848 3.87492082968972 3.2363567964889 3.93387672138599 4.16561069950769 3.74893205801009 4.80146694680332 5.40481178119507 4.34909117317944 4.33504921745665 5.25396217358009 5.38203174492093 5.71395384175624 6.3717163052685 5.72338699655186 5.83275239904374 6.16552024698697 6.15677127836106 6.48619367745292 6.51229727780747 6.16418607663401 6.19750996870154 6.2669895261563 6.53335445874884 6.56640595236155 7.692117692827 7.64225603968866 8.14064106915854 7.94122217235279 7.60407828265989 7.82598942668352 7.68069077567347
-9999 6.2339226443607 5.52670600718662 1.80947549673501 2.01631255145386 2.59017147821326 2.95942046544483 4.25511507109897 4.23140827817166 3.52422949133764 3.83228579253691 4.02346156719989 3.73010566761022 2.61530959643654 2.80365770705925 4.44245110093394 4.02209456102619 4.02590118430297 4.43554026053873 3.7180765109423 3.85488989479668 5.19443576038479 4.61588648836346 5.13392423510615 5.06308373895641 4.88150842471506 5.53867560849039 7.02846015486789 6.27952659255718 5.87779272369039 5.79459377352968 5.9353432151132 6.36649903135133 5.92118283313923 5.70198964527618 6.54055853693499 6.49329539260894 6.68999566424171 6.85132118946161 7.04417994063998 7.11080958487644 7.46381398163707 8.36888527509623 8.40725991393941 8.25543479546748 7.5032601788669
-9999 6.79676456871994 5.80428080824648 3.9366249884927 2.41674716165643 4.23267218519641 4.01447767329769 4.39034676267865 3.78283975740182 3.83146781318802 4.13212759843643 4.19890976033591 3.53681099373893 2.98385517066177 2.83307158167785 3.41157032719232 3.6040989290323 4.53931749744829 4.69108704480971 4.47510496212366 5.19471951682679 5.51988029332325 6.27503809736901 5.71720402126493 4.74041773778709 4.66127507104943 5.54325887659676 6.34779987837389 6.00551896747483 5.73894227409895 5.92910628687385 6.01150976559595 5.98902738363225 6.61878797307009 6.57281147081068 6.73069461850907 6.34848451076225 6.58585556111717 7.22631433692953 7.06633770738772 6.94304794839259 6.83674120268538 7.029556810262 7.99975751194519 8.50046833134161 8.4794769264531
-9999 7.2677558899503 6.26826742407638 5.21043833288306 3.67925887072094 4.02680470020858 3.71696338872635 3.26327787083159 3.5630686880028 3.94752751780725 4.29418065658682 3.53643479337923 3.31521638377019 2.90416410713591 2.82587058191889 3.30777885431583 3.61685201754673 4.44165051626521 4.78590491518348 5.52037784455327 5.30472114526934 6.64910958558746 6.68055074897257 6.86477026302133 5.22453551652061 5.25929615578092 5.79039365893121 6.57009725228212 6.67764599243805 5.3792152895637 5.73418997502287 5.80392143375873 6.72128157979202 6.75987186975559 6.16467773381784 6.80065051525517 7.1215006559696 7.04846514388237 7.38692756111014 7.14370372392534 7.04541276224528 6.90687577301233 6.80293688012878 7.80038595002363 7.75591778868062 7.76280279493751
-9999 6.417652146827 6.32414048944651 4.38367230107423 3.21998777469056 3.00766557905756 2.60448554652339 2.62699737238026 4.03554898626113 4.20283414867776 3.31259378941377 2.88112244985061 2.76676440735481 2.67749784222446 2.8743344772652 3.40011020927642 3.52696960607389 3.46981573957097 4.07879835119028 5.29955739212353 6.43491740302416 6.94409497035818 6.96064191736468 5.71779952111905 5.77955754846083 5.2170545653527 5.8366228168201 5.56685628707322 6.69165396807759 6.3038932338648 5.97983810145893 5.80619155887581 6.50350360983761 6.15540422994746 6.36221912477742 7.12014716973606 7.08791181569909 7.16333390594509 7.23666500673485 7.24074908748352 7.11173738793459 6.95842662170557 6.72484769612483 6.56442439165566 7.06744137956356 7.39066238981267
-9999 6.82674673110047 6.5011602008636 4.05493099139217 2.67529574898259 3.54393683729997 2.93143247322732 3.47417870124586 4.06921415853323 3.94441320956492 3.04077398925599 3.10074634816065 2.74118134115738 2.68410085971623 3.06080521837102 3.51523374655907 3.93694556599991 5.05654303646134 5.71965187039466 5.01690882766909 6.34591383048504 6.75141547930671 7.13594659563886 6.37881036575256 6.46805684426666 7.01252779597876 5.67737419896988 5.5911265112789 6.53245142124319 6.39279145779334 6.87074875128937 5.33704720443924 6.19337296797669 6.40579271850125 6.49568440153019 6.68123856461603 6.82047120741281 7.1852838001891 7.23455168153494 7.325707593139 7.13744826857895 7.10857182319196 6.90981130825789 6.64843809191349 6.87197816171133 7.86727183263116
-9999 -9999 5.60679856370883 4.28143677862356 2.50877170032888 2.84679224359351 3.65924970647386 3.52770340115013 3.55499991651575 3.89792137911425 3.23303997224216 2.88538012580497 2.69443450580158 2.64298610659156 3.09424763153854 3.91819582973036 4.90870436099664 5.6811671941162 6.32672377567678 6.25670179946778 6.69796277905349 6.90891102349095 6.68683846168086 6.73901230266099 6.23636878614254 6.58686167769802 6.69286091755084 5.56937114672059 6.00344847578672 5.92149719061162 7.58902950303589 5.95919909523286 5.41401902771746 6.49397247610056 6.97582809694751 6.87185755052549 6.79649940668684 7.17027525336963 7.18339296509404 7.23149953148304 7.26991486930372 7.09862791296231 7.14947988622661 6.89689618428204 6.64807995585323 6.76313611060441
-9999 -9999 4.21887476271376 3.74847648100048 3.25225545299902 3.2977324958975 3.51286443207874 3.62073374739556 3.4847115378236 3.2681347431428 3.27738669478179 3.06546959607125 2.68199565332217 2.7238583878802 2.7644790517553 3.71089200557469 4.46343537920395 5.16419778863852 6.22674299803982 6.12223412816993 6.44653587298979 6.48611866556677 6.73524167692189 6.06149364372364 5.58609787931468 5.19789652168644 6.87251561618809 6.75102457138875 6.59773030479907 6.46016201260317 7.45163570530223 6.63112119369357 4.33317190851619 6.24658342248611 7.7272000515949 7.80783443671849 7.90505925353842 6.47409936985791 6.92535702899414 7.40660079549301 7.28870219701329 7.26497654640886 7.14675023906988 6.9525162540988 6.7363703635307 6.64462415117954
-9999 -9999 3.21782061979521 3.19723162380988 3.46907124642168 3.48239657710887 3.60312042722985 3.59233622899205 3.48790935786442 3.07090102031711 2.73301940998073 2.82469388165276 2.84613226143855 2.81006338136016 2.96730586437205 3.30769836280455 3.68237250859774 5.06161191769074 5.93353424257493 5.52044197280398 5.95613988828062 6.29219224961849 6.82781689390859 6.68667452508406 7.00138462101209 5.98636107407937 6.33250790699635 6.80978857060094 6.56361847715258 7.11206274188487 7.60769684739915 7.52201946649684 6.7289853083424 5.32282212237158 7.70988834858449 7.66746735238634 7.75415572104851 7.52404605237874 6.19303756951405 7.5435367712453 7.40589001857567 7.74981581537238 7.00663443809007 6.73843419901343 6.8768487555852 7.20835568363936
-9999 -9999 -9999 3.51705943913161 3.51578428809071 3.53419396202498 3.53093237796885 3.56000964591475 3.5718777233829 3.0900161233683 4.20416828724371 2.92780785234232 2.79176821695016 3.40105218779526 2.97320735298401 3.08386805553646 3.4205680764556 4.17887028933004 4.82959654366432 5.03955336690766 5.02632841448506 5.76945038167282 6.33110128983923 6.79528175261209 6.90348338164053 6.64784332791355 6.78334443548507 6.68861828741935 6.8509019336963 6.75301305023173 7.65946572556205 7.4506002155123 7.67723361719332 6.98616083408239 6.84427988050195 7.58526196783662 7.65287159476909 7.60304609432978 6.77415588361423 7.89176782048367 7.51693893130559 7.41940223516034 7.63449496915368 6.98965557300648 6.74005796196477 6.89063954317478
-9999 -9999 -9999 4.6345734807209 4.90191092777824 4.34517288421732 3.82849401961454 3.73888220927648 5.01218338281257 4.22811360192193 4.0402687747858 2.9721026954301 2.63709956629832 3.22612768454082 3.15436301369329 2.75805758575189 3.414850668208 3.91135459678834 4.08196239351682 3.95449822729096 4.58846415970559 5.68043899242689 6.65849401327845 6.49822961415773 6.287461848849 6.73406193104284 6.82851194952975 6.78345479142718 6.91870492140571 6.93034566806416 7.22028749941359 7.77557670668891 7.72540952070528 7.57247269392203 7.72280061691485 7.52014594035249 7.61603249925655 7.38665928404226 7.26583898521244 6.80099411736622 7.41846325029936 7.40680654350575 7.32301288916641 7.37752808980063 6.83112250261735 6.88223468602817
-9999 -9999 -9999 5.50779290122888 5.1040206205534 4.88769483713115 4.7880231347795 4.8145456107714 7.53544945685778 4.12183366974113 4.06661810225797 3.71106041023648 2.56652240668382 3.06564843209851 3.49812949549846 3.42740267165904 3.30896726533965 3.75626014592287 3.83310608197258 4.31510014052357 4.53895489214235 5.04823451768765 5.4130604813013 6.14083737902215 6.2269115942133 6.83174332316556 6.76039858968657 6.81583949240408 6.99924398132128 6.67120938520304 6.49952784754397 7.63453208863489 7.76768065648538 7.77906120666142 7.53825720140086 7.76118281918291 7.59902640606999 7.4848806521097 7.49942152780037 7.87953979562213 6.80385731560268 7.81306958241855 7.18731898310943 7.39022363435407 8.17021262170821 6.94346802813793
-9999 -9999 -9999 -9999 4.69563997786703 3.77457910914942 4.09793521930088 4.36150361786225 4.10917488500003 4.13272106934854 4.19973707812677 3.51470201833353 2.49233228445094 2.9257439916828 3.61396681298241 3.68693708868978 2.92381409660751 3.72089422680317 3.78527857680958 4.11809130065204 4.17396747389943 4.22964010752722 4.93313570327458 5.84145359429221 6.85917797563418 6.96541584911349 6.72641690882513 6.62516961859207 6.95307336822511 6.71883800430993 6.00525336011368 6.49455098484882 7.77089926888335 7.80832847471394 7.63988504917887 7.67639757814505 7.6592328956699 7.64801571453277 7.50347353762811 7.74168676489292 7.41540303213828 7.25475483789092 7.32999610465222 7.32787901642544 8.0953964701876 7.792065909416
-9999 -9999 -9999 -9999 3.77172860196367 3.66726746629877 3.53910572399147 3.98092335538983 4.13889299085656 4.03165082795885 4.23768819328835 3.8768943967358 3.53797483671519 2.73668890901977 3.53612207359862 3.11034205571338 3.02751589168248 3.97267735463549 4.20607377581511 4.9120836294942 4.13955098342183 4.50160758704484 5.47520341536929 5.4874361870242 6.78734245782638 6.91508989848941 6.96359749921015 6.98654658226918 6.75484632839648 6.78916940261797 5.54857498113737 5.26304858133482 7.45273340918745 7.92971521470675 7.85404697455119 7.68117462165366 7.75977630323577 7.80005581877319 7.63987267828924 7.55260622671503 7.33444649615626 7.48178794894767 7.55437842430832 7.40809295557453 7.49911905474601 7.81055051687662
-9999 -9999 -9999 -9999 -9999 3.5007164055228 4.06120089186182 3.94918557517224 3.79490607335912 3.71435114634382 3.86079288055579 4.53874964205346 4.5525874214747 3.2353603600565 3.38390828007512 3.23285490374476 3.287730506416 3.88146479919017 4.53703689328751 5.4279457186374 4.91566765322271 5.090304634683 5.59465202911582 4.97080188765103 6.25992558718908 6.294165729906 6.51150282552559 6.60822361535074 6.79310512616164 7.24501440703291 5.67883072845811 5.47801792859673 6.74743605459279 7.62885019734935 7.70663624537855 7.68281140284933 7.73604008459285 7.74438437384243 7.65598338570462 7.87291762201091 7.48759168178178 6.73064997358092 7.36088290860859 7.11866770736573 7.29612742591838 7.53490732636678
-9999 -9999 -9999 -9999 -9999 -9999 4.61347249287975 4.91142989628701 4.38739348831123 4.0678421151742 4.13012542069729 3.77046552233678 3.94540489672939 3.3851247005979 3.37166603179596 3.50126954042176 3.72937866470689 4.29464710975287 4.39709773195238 5.53186576438599 5.67736099748525 4.90732910608159 4.35762581124043 4.41649065492858 5.52079799277564 5.25456652864346 4.87649885532454 5.01631565765981 6.39640072895892 7.48021659838827 6.95751935803168 6.31265633407629 7.49080811424416 7.73811970262299 7.73171392132172 7.72282323252952 7.79560585782655 7.92794529250802 7.83621671969123 7.8605731918377 7.73825326985363 8.01682792584662 7.93373643485848 6.8835270808053 6.99014455092332 7.13372750432678
-9999 -9999 -9999 -9999 -9999 -9999 -9999 5.01352716123417 5.21663704448162 4.15592727226101 4.67121546321004 4.1987945333547 4.03807570915914 4.51857632541135 4.13866211313728 3.82946356165987 4.13434439979758 4.47012316316769 4.80585046540675 4.85050194368015 5.855825469517 5.55523761851946 4.5246047727194 4.78639374750334 5.95775783872775 4.89500553450492 3.88378931799481 4.16490478525539 4.9948192756406 6.52619789797168 7.64692942034683 7.34604436503701 7.55857171607374 7.73135423512039 7.58477859764545 7.84105770666505 7.84336733475756 7.75373880599621 7.78513038127671 7.8278639147848 7.78045858321347 7.73734500060853 8.13464810747304 6.79492323531025 6.59151159542232 6.93777850762485
-9999 -9999 -9999 -9999 -9999 -9999 -9999 -9999 5.84957250897276 5.13991635091607 5.23737916004754 4.46880445788475 4.11679523240517 4.25621472546218 4.40131895169549 4.39313941048733 4.6977528101797 4.52121875817567 4.93422826562024 4.5302990490285 5.75310043882085 6.33158596616057 6.54909551813885 5.61155487276404 6.7570660813131 5.78337100959002 5.17138267425896 5.87879613182678 6.11383946618658 6.47903456584919 7.71984810054146 7.67575508851802 7.5776283315441 7.52035503593968 7.66094507921739 7.83946256366928 7.79418664869219 7.72784757586379 7.81552284805266 7.84231492063388 7.83891581284467 7.6792330124928 7.66291262710263 7.73880808102566 7.29623381492123 7.3252970469963
-9999 -9999 -9999 -9999 -9999 -9999 -9999 -9999 -9999 5.34989187357715 5.31970883487951 4.83042145052599 4.57726365073168 4.09046771282094 4.19553574606443 3.93218071939712 4.3842016338847 4.37731734259018 4.34682238540778 4.76419415764554 4.74835120897637 5.89116664285205 7.21055874519151 6.61533308704678 5.7824127542775 6.3312822365657 6.29450217940984 6.21015551778863 6.23018390543111 6.3345369404194 7.17281421217585 8.14326525637513 8.21753454333201 8.22763810151969 7.78779114471143 7.80019730405389 7.74016013214743 7.65218942941802 7.89077030833903 7.95062965829525 7.79831282766192 7.66607278785015 7.59536753501758 7.62878831949737 7.96066420064806 7.84843026464392
