0,28.9270130544491,29.2184360058062,32.2663164577605,39.0034728520998,37.4112672515302,42.0319248667416,37.444401726022,70.5524074981627,70.2383144505867,105.470555057726,67.1190482177149,68.2224654600767,70.5394012636099,74.397544547024,76.922153753368,61.5945597869091,67.9455985561593,65.9608269961534,63.4460309439697,54.6019190547707,55.7166973299605,54.6379775403177,75.2317837363116,108.780736722777,114.677514065048,74.016219427123,74.0193489501873,65.4604873882085,65.7749410945093,64.7234719090788,68.5885001652192,89.9142020783455,55.3583929286338,79.5269317270451,77.6702917991964,66.7064223310636,95.4906487645353,97.8332176718101,97.5904345621111,93.682062957561,94.3613821594836,93.6932275645469,94.286451010069,100.135160065716,100.123775442392,104.156056796747,99.9962702468341,104.493351120441,99.7268178258891,101.033777631917,58.0398850498647,57.1824569645995,58.273536228977,57.8272126778875,57.7912584601321,57.6248030409407,56.9431959368215,45.9564012440295,49.9015696575043,49.4854327078226,48.5458866483776,47.7434198470652,83.6062015934326,52.2385558099797,66.7271330332532,109.184563650816,110.108300425367,107.868493640438,105.224529606155,98.6020916739778,97.3203816211024,100.543433392414,99.7099216799868,98.1433564029741,67.5759173070334,72.046252445181,78.3041707167399,51.7076086389023,52.3211361432781,64.1777624734728
28.9270130544491,0,31.7280940313156,28.7668246931361,31.5005248516487,37.9177887590805,41.8226320888587,35.2222856461851,69.295514727004,68.9870469578387,105.222092805611,65.9056097158345,66.9978810087395,69.3075687978326,74.4030998083935,76.8538317831505,60.9097728553214,67.293560910516,65.2712628977661,62.8054682837522,54.8544058829078,56.0250987522129,54.9643266600319,74.7148815774284,108.693636888853,114.568217718725,73.3084687257871,73.3706480653059,65.5617477543219,64.4880708616444,63.4263174484254,67.3343069789171,89.8199077675928,55.7060902695848,79.4270095704119,77.5750105373172,65.518804886226,95.2830355000356,97.6293406295558,97.3825457162407,93.4533321038591,94.1315234456333,93.4604989444625,94.0527839422319,99.9053719487893,99.9010706024577,103.928485124798,99.7706971491449,104.266649554178,99.4997680677162,100.814011169007,57.7065545230469,56.8733401917331,57.9926764042751,57.3837809169517,57.7037824441657,57.5299246053755,56.8089690493555,46.4214739816693,50.3441796891549,50.0495561435596,49.1462897077286,48.5058498352436,82.8275817578367,51.1209974837712,65.8772014332136,109.002433754811,109.931562545264,107.689610810424,105.04336028392,98.3545050191453,97.0733480753549,100.308025988497,99.4757173755103,97.8829590780263,67.0875667741485,71.5767324874397,78.0688093249253,51.5639907724763,53.1566560235707,62.8425402459245
29.2184360058062,31.7280940313156,0,38.8663196505778,41.609234167407,28.9285191034613,36.8627852624712,30.8967551695146,70.4636415471718,70.136276569744,104.958911764065,67.1511171733641,68.2455397813416,70.5124624121047,73.9655587535122,76.4197696693505,62.2200439455126,68.5466603128366,66.5657419073649,64.0655773088194,55.2364624735866,56.1501998651445,55.1602773882252,74.4666560200328,108.426122768474,114.296586486563,73.2383633233781,73.2291863149803,65.2235472106614,65.2592993521659,64.1897098138627,68.2383889508817,89.5228970151005,55.5534179437165,78.984341322414,77.1165414586229,66.7931600953389,95.0051934242262,97.3512984727178,97.1065984481354,93.1772871422742,93.8566388181745,93.185301748875,93.778704600369,99.6356276919062,99.6297956427739,103.659223422315,99.4998249287296,103.997635850537,99.229585139278,100.542363761073,58.7128859419891,57.8800750042439,58.9258848012822,58.5256838116865,58.3343795651277,58.2102858468853,57.5687842185746,43.8857932082834,50.6145146355224,50.1557268948031,49.378758178447,48.5185835044215,84.1072895695495,50.3186923153524,65.775805990844,108.728289494274,109.65707418668,107.41508601999,104.768805436737,98.0871640032931,96.8053160953351,100.039297414642,99.2062869931597,97.6183717260405,66.5466991856041,71.0722134928613,77.6889846527951,50.4137347876888,52.1768650281903,64.0584041598915
32.2663164577605,28.7668246931361,38.8663196505778,0,29.3751097957616,42.9746843489467,45.8219560818323,40.9167124863185,69.9626800628706,69.6679090229022,106.264415928651,66.4352554102216,67.5385868770051,69.9038709602348,75.3581725812644,77.8765489823327,60.7687956828791,67.1836971468034,65.1545126258284,62.6743766890079,54.8006763728402,56.1769944240897,55.0346052060428,76.0070419149721,109.580520700373,115.480887633513,74.6300608358548,74.6977927863744,66.3334975913393,65.6221353748123,64.5817393179272,68.2845668100062,90.7416180273457,56.0902254793377,80.4878773301535,78.6456328393322,65.9860130649873,96.2985580938786,98.6413640125159,98.3965941812417,94.488011937819,95.1662494739838,94.4983382637653,95.0905223693736,100.935308180398,100.925429158863,104.955792103146,100.797513865635,105.292870303205,100.527407253435,101.835814410143,57.532198169805,56.6734720774359,57.8448729595588,57.1728526307811,57.6872259052501,57.4692847505976,56.7025642490821,48.5737913680213,50.2573129898932,50.0346604634571,48.9884050226553,48.4506120967398,82.8289149771524,53.5201508844108,67.3781702151309,109.989397148807,110.913520407558,108.673720564167,106.02975561234,99.3997782961817,98.1187094456112,101.342569498699,100.509719217648,98.9383282540991,68.6089490690859,73.048174176509,79.2039233141026,53.2567119124944,53.9187271557513,63.5547032920537
39.0034728520998,31.5005248516487,41.609234167407,29.3751097957616,0,44.3439781034164,46.6013316491763,41.164424485354,69.4525842141373,69.1643205867878,106.708155691245,65.9690726201922,67.060271926527,69.4190898799061,76.0254282621495,78.4754730097021,60.8847410534254,67.3302335385052,65.2630506379351,62.8350143918303,55.8320423775052,57.2135345952939,56.1048687606036,76.2049803380679,110.177971939401,116.056738944582,74.6590376498922,74.7796911594111,67.1008723820189,65.1056811929562,64.0573040746019,67.7870070420185,91.3291695328835,57.1164930332933,81.0568067242627,79.2175879951427,65.5471814965257,96.7800258924566,99.1263731808887,98.877957894171,94.9495312653862,95.6267872555509,94.956123568003,95.5475020849603,101.396318008589,101.393062717752,105.418951381541,101.262447870494,105.756878387812,100.990990022248,102.30621700143,58.0115747055915,57.1827475994476,58.3720711589336,57.5471398369271,58.3824561630409,58.1658827715641,57.3692651484176,49.5049461047842,51.4714520193634,51.3360937708798,50.364344465917,49.9334861312703,82.83548764169,53.3748275189228,67.2939955024759,110.495477033904,111.424714874673,109.182864870979,106.536715456017,99.8440377437083,98.5634430620681,101.798309163922,100.966549276797,99.3706180868694,68.8363121891572,73.2900286559918,79.6522571984626,53.7637928630794,55.2495597522986,62.9609259649211
37.4112672515302,37.9177887590805,28.9285191034613,42.9746843489467,44.3439781034164,0,28.3573178538913,27.793323139179,70.1571191457137,69.8164780745405,104.212818724624,66.9541351605665,68.0412953098503,70.2616532999418,73.3049588514615,75.6869761695835,62.5383303873357,68.8433319015248,66.8663479023083,64.378016159089,55.5729041018513,56.3170580025068,55.4061914562802,73.4621618944863,107.835539109671,113.680067102417,72.2240782824428,72.200425976775,64.7557015097728,64.5455566787167,63.4593325326649,67.6820658045413,88.8969538167388,55.5121243199176,78.2106670760107,76.3319442448821,66.6450950593972,94.2852374615223,96.6348560626316,96.3882255335182,92.4381127694928,93.1174864417341,92.4429867080816,93.0365588833115,98.901608140863,98.9013023717786,102.927878852274,98.7688803813468,103.267398647863,98.4978525826653,99.8164208879015,59.0676953478349,58.2555255902186,59.2628817520501,58.9028733194061,58.5773622118228,58.4901660739008,57.8829424473079,41.4490204572825,51.0333056484927,50.5530508635911,49.912613775682,49.0285086691718,84.3190079685572,47.979779526206,64.5810436221195,108.037220116347,108.971011979303,106.726863394678,104.078288142694,97.3378302368308,96.0558491031886,99.3006979716974,98.4681909444788,96.8590180936582,65.2562360693577,69.8423494666097,76.8393361426766,48.8305705155836,51.9240738193038,63.7325252930341
42.0319248667416,41.8226320888587,36.8627852624712,45.8219560818323,46.6013316491763,28.3573178538913,0,30.3087134290399,69.8034051239855,69.4495649585225,103.404211443285,66.6993260294411,67.7807652078976,69.9578900549917,72.5890005391345,74.8969219618045,62.729951197007,69.0156546408944,67.0427339471256,64.5637952101357,55.7825552501242,56.384683534543,55.5429718888418,72.388660405788,107.181234678794,113.000177315028,71.1431477728699,71.1028071770955,64.229383339196,63.8054545674298,62.7042701728276,67.0903607335267,88.2087087911056,55.4007179040397,77.379039524842,75.4897490829477,66.433923882026,93.5028414089601,95.8559587491268,95.6073693751404,91.6365533425642,92.3159326094146,91.6382852388801,92.2320112918398,98.105092967203,98.1103056211623,102.134017374912,97.9754398226554,102.474634675329,97.7036183547802,99.027965799642,59.285733589458,58.490816262471,59.4652606193332,59.1411431318816,58.6977583229618,58.6426922455493,58.0649988409976,38.9878824357614,51.3222807274481,50.8339156173009,50.3049134532732,49.4167093822678,84.4193870198535,45.3324885712797,63.3106927240259,107.283450891132,108.222220321999,105.975928448878,103.325076289023,96.5260395776391,95.2439329535111,98.499612585694,97.6676155548943,96.0372105400739,63.8713923150057,68.524774950588,75.9275383901066,47.1286606123765,51.7144755084275,63.3696070919469
37.444401726022,35.2222856461851,30.8967551695146,40.9167124863185,41.164424485354,27.793323139179,30.3087134290399,0,68.3275229010789,67.9920224708107,103.441691527436,65.1677058079694,66.2444912448625,68.4571137883758,72.795415793151,75.1140521371698,61.2146413960176,67.5482834609694,65.5389077465882,63.092395000862,55.0447263842672,55.8889798964567,54.9682056559314,72.4494016669783,107.204066696272,113.030529129507,70.9988696373619,71.0432223050749,64.2998880579417,62.667100595561,61.5678597145196,65.8493261810966,88.2664443562256,55.1844796904199,77.6131594065059,75.7427023181833,64.8830035003941,93.5527948915576,95.9056707484475,95.6550787803622,91.6870921832842,92.3652112603578,91.6883232440972,92.2808141410235,98.1481291564707,98.154282605787,102.176184737551,98.019298456366,102.516390801078,97.7468330776651,99.0720159880594,58.0460822670368,57.2511418393455,58.2899372160231,57.7827504927309,57.7920213550038,57.6894743064024,57.040622187437,42.3670803741426,50.6329222745372,50.2597195867703,49.5948679397544,48.8505734067841,82.9156003826835,46.144815101386,63.2026171356652,107.325746466365,108.264252885683,106.018271406843,103.367740189411,96.5684730398255,95.2871363103529,98.5421434363005,97.7108420431515,96.0779782391824,64.3277593834086,68.9254210445122,76.1086935371007,48.4205717914388,52.1576778019577,61.8267498228199
70.5524074981627,69.295514727004,70.4636415471718,69.9626800628706,69.4525842141373,70.1571191457137,69.8034051239855,68.3275229010789,0,28.0620043452685,116.519033936656,46.7024857232931,46.5403425054032,42.7088521185558,88.3229186811956,90.1943105869067,66.5962910607848,72.8099948849115,70.4716492639033,68.8258325504808,70.7163179483049,72.0381163316458,71.1720982310673,84.2056897290726,121.531854676983,127.204264771957,80.5627869408257,81.5180694113716,80.0977742467592,61.8946007856504,61.5501198700719,57.6611352723499,102.638539557593,71.8967742696248,92.5545241834906,90.7867317021569,50.3122699670295,107.008051370163,109.389648441465,109.099185950432,104.977751381012,105.641580925879,104.945389474715,105.525134657585,111.398423394994,111.465021420728,115.440497018726,111.306663075773,115.785932633956,111.01971628811,112.406517636351,68.3195407785734,67.9682471328073,69.0901137502129,66.9236942725841,70.5773492639144,70.442995583179,69.4478874003227,67.4215540161349,67.4825540336864,67.7804823088253,67.2530071668523,67.2859797008023,84.6683265524882,69.0139770734879,74.6170702845105,120.955207566805,121.936068235029,119.673988584944,117.006273711873,109.674912526823,108.401404657244,111.745531036398,110.926794648625,109.076054896714,79.4108807576881,83.5587892404941,89.9730149349779,67.7420252672689,72.1215675510736,46.805981763032
70.2383144505867,68.9870469578387,70.136276569744,69.6679090229022,69.1643205867878,69.8164780745405,69.4495649585225,67.9920224708107,28.0620043452685,0,116.017121331866,46.9374432967923,47.1980914713871,43.4930681246149,87.8915432095118,89.7435576180325,66.4104716297195,72.6157082851523,70.2845742439424,68.631610671835,70.4201029343102,71.7236925293091,70.863944970145,83.6451872131015,121.084872541882,126.749450121648,79.9476168228043,80.9253167944834,79.6998037010096,61.2315687249294,60.9172578545757,56.6494739907924,102.186807847343,71.5605441780483,92.0954820936073,90.3287612873126,50.2489190780798,106.519672617326,108.902509487429,108.610744277834,104.482414408763,105.145872143535,104.448743023275,105.028175934843,110.902735876889,110.971686555748,114.945548692931,110.812374720105,115.291275721352,110.524938812503,111.914160601891,68.0833558757011,67.7298459878147,68.8458872561537,66.7037421533872,70.301229595427,70.1712976428247,69.1836335405477,67.0366080884086,67.1817138937754,67.4727220462217,66.9518053970088,66.9771007517081,84.4801283448137,68.6094856583625,74.0660013266283,120.475473993008,121.458150286674,119.195342196752,116.526851769853,109.173337274542,107.900019710441,111.247977892262,110.429641784698,108.57026127295,78.9185688302761,83.0583885523323,89.4791594148617,67.3118870701954,71.7703239524487,47.4314509856714
105.470555057726,105.222092805611,104.958911764065,106.264415928651,106.708155691245,104.212818724624,103.404211443285,103.441691527436,116.519033936656,116.017121331866,0,113.758859035953,114.882712573825,116.803833050188,96.0023262037194,95.0184706144402,110.333478245016,116.313809508292,114.551349849328,111.914968568143,101.264316489803,100.200421415475,100.361994220986,99.3349492631344,106.739301074439,107.809967393911,103.710599903838,102.568273318602,92.0224849013628,109.456286357566,108.561712747214,112.299612132996,91.5712536096803,97.2892017222029,97.6706406985359,97.094810047831,113.634794194399,70.7847539775154,73.4021210305788,70.0236142425895,69.4654182504603,68.5563005730674,69.3535926138015,68.36640465351,60.8315121057254,63.5355514655553,61.7051034001685,62.9838731919079,60.6597693910266,60.8287164248373,64.9364589790214,105.449590283376,104.774543440283,105.186348132295,106.044163180402,102.352775741664,102.92830762797,102.95374645789,97.4817350195601,98.2606284769609,98.1254619664633,98.5326007076869,98.1155890377687,131.786427107538,102.856334170503,105.197666792308,82.3466477718157,85.0917231217895,82.3381078835289,79.1601995159726,64.4831037362935,64.9154595386458,60.684561784814,61.9175656204146,67.860334215958,104.15771141126,106.641189034096,92.2031511783663,94.9069787237948,99.5340003794508,110.754462173017
67.1190482177149,65.9056097158345,67.1511171733641,66.4352554102216,65.9690726201922,66.9541351605665,66.6993260294411,65.1677058079694,46.7024857232931,46.9374432967923,113.758859035953,0,25.7882177886045,38.0348612223388,85.1961018790268,87.1930976696366,60.6372989000428,66.7794621246986,64.3992307962692,62.907235187107,66.569357102663,68.0434356643405,67.1390838321191,81.8850433903871,118.435649454303,124.158185465129,78.5380394009591,79.3888895776486,76.7204564525594,61.2551716841122,60.8127685041282,58.117432095381,99.5843491152846,68.0945735503139,89.6125505336501,87.8451067321035,34.8603692600205,104.17213698294,106.546149268573,106.262642767587,102.184129364634,102.84961370108,102.159454727496,102.740501998669,108.603390216165,108.656253171218,112.640604380088,108.503583866685,112.984093745907,108.219283621566,109.591894190876,63.2745267846364,63.002774489117,64.1463195542465,61.6718585578772,66.0391998775721,65.8783931085843,64.8057873309573,64.3743412772303,63.4464923769562,63.8277438062231,63.2680806575267,63.3897212294784,77.8285125208359,66.3594487942632,72.5627254738915,118.063878587051,119.03371201599,116.776144272479,114.113229867303,106.915121912568,105.640840863545,108.961504724482,108.140684822655,106.34097207455,76.9302727569071,81.0824573575796,87.2342774203526,64.9377557578227,68.5940079942928,48.4112179648705
68.2224654600767,66.9978810087395,68.2455397813416,67.5385868770051,67.060271926527,68.0412953098503,67.7807652078976,66.2444912448625,46.5403425054032,47.1980914713871,114.882712573825,25.7882177886045,0,36.9516305044956,86.332907412983,88.3226083694018,62.0834551221043,68.2515657749668,65.8705224503867,64.3559778907667,67.7778687841557,69.2403385778332,68.3375132061073,82.9783063824546,119.577483908467,125.297115827979,79.6199100047658,80.4730258024587,77.8751722143643,62.1883808699751,61.7424396176374,59.0836407903001,100.722620203045,69.2755595919085,90.7381062052297,88.969956800746,38.89019651971,105.299347216179,107.673764688268,107.389986211312,103.309108436318,103.974564941183,103.284055154925,103.865092231631,109.728791762662,109.78232428545,113.766298523677,109.629365104278,114.1099078746,109.344957250439,110.718265766949,64.5951292124207,64.3100434197498,65.4555149498244,63.0156540920569,67.3017359453669,67.1417308449153,66.0766930350147,65.4687642591374,64.6392702451076,65.0117842384737,64.4522332119682,64.5649492038036,79.4624797170958,67.4084499735733,73.6138031783694,119.194300014473,120.164715297968,117.90690072312,115.243724035789,108.038717099569,106.764439343834,110.08635794556,109.265613714757,107.463355454915,78.0076624232017,82.1638725659297,88.3501503234354,66.0250777351617,69.7405075073573,48.6053638273958
70.5394012636099,69.3075687978326,70.5124624121047,69.9038709602348,69.4190898799061,70.2616532999418,69.9578900549917,68.4571137883758,42.7088521185558,43.4930681246149,116.803833050188,38.0348612223388,36.9516305044956,0,88.4362610732431,90.3685801673275,65.2730714158226,71.4480395090216,69.0889264655775,67.522451567024,70.3246372691648,71.7228070737735,70.8380320103118,84.7085747053446,121.655366645989,127.351996280869,81.2059466488077,82.1132421267817,80.0874505639757,63.3402096286141,62.9495874731534,59.6446268292976,102.783141066377,71.6782194564693,92.757911866338,90.9907878269601,45.1836862774115,107.25701966789,109.634975419332,109.347776842273,105.247004000442,105.91158142893,105.218308718228,105.798633239707,111.666731051514,111.726784645794,115.706446437618,111.571146626377,116.050935455899,111.285444405896,112.665479497358,67.4667496325922,67.1568039607642,68.2889829914709,65.9652453319355,69.9831681829989,69.8358385581604,68.8014661938521,67.5969733644154,67.1487974394133,67.4894321993174,66.9464790503663,67.0248776850143,82.8836499946601,69.3990981179499,75.2764144803379,121.177386997125,122.152960372607,119.893050575494,117.22764410925,109.960081624868,108.686232167418,112.01909230254,111.199383168076,109.373004038086,79.8566034574417,84.0030990798662,90.2734839705579,68.0343636084215,72.0465311355226,49.8039995132354
74.397544547024,74.4030998083935,73.9655587535122,75.3581725812644,76.0254282621495,73.3049588514615,72.5890005391345,72.795415793151,88.3229186811956,87.8915432095118,96.0023262037194,85.1961018790268,86.332907412983,88.4362610732431,0,50.9698448718145,79.5742801005021,85.5041457776899,83.8242946034343,81.0611722156336,68.5051064880621,66.9189629172867,67.2967193658811,77.6718231844631,96.6924609889192,102.603731851041,80.9954745689512,79.9289909906338,52.2405146891866,82.2084060105711,81.2536530942066,85.0520484648075,75.3722349065775,63.2246735723744,59.4018205091629,58.3757335545741,84.8971000799594,84.5631353344809,86.8225750085432,86.7673188576498,83.2828499921046,84.035510864936,83.4200665812438,84.0790175805211,90.0279233650944,89.8110125587553,94.0280772641852,89.7568418873865,94.3605105456034,89.5470874545436,90.648222265279,73.8156442878616,73.0988023666629,73.4090386247777,74.6875831177851,69.9837438923311,70.6367126168435,70.804614757505,66.0871688911265,65.5319102280392,65.3077704725043,65.9418014991664,65.4536222515939,101.393716498146,73.0780158494991,78.6669853810318,98.0232663643342,98.8405929286998,96.6320268938928,94.0222696822052,88.9616162602757,87.6429608304932,90.5909804586576,89.7038023833522,88.8926491065283,76.1319637999846,79.1417136130512,68.3859304676237,63.9699195475482,66.0962353310456,82.4308934885639
76.922153753368,76.8538317831505,76.4197696693505,77.8765489823327,78.4754730097021,75.6869761695835,74.8969219618045,75.1140521371698,90.1943105869067,89.7435576180325,95.0184706144402,87.1930976696366,88.3226083694018,90.3685801673275,50.9698448718145,0,82.3661134995087,88.3278488296964,86.6084019595366,83.8987363306928,72.0288048092551,70.6724938566566,70.92832920412,76.9729790500568,98.417298698987,103.844826198854,81.1130850599551,79.8762989702245,59.7343441853804,83.7129682445686,82.7643763843107,86.6233300215455,76.5763539814834,67.2730915189194,45.0727907132614,47.0467328036398,86.954168628633,83.7471325384942,86.0745570142601,86.0304486161039,82.1157151672033,82.8996393657447,82.211388047223,82.9034168216645,89.1264942901611,88.9831168866607,93.1918652805249,88.8895255650669,93.5523254213423,88.680794682528,89.862495768275,76.9908258520283,76.2811620960829,76.6578877604799,77.7275154722081,73.5531851544755,74.1379188067092,74.2226670201691,68.4028152946556,68.9404279800367,68.702966304587,69.2388818758632,68.7287185379157,104.06030008391,74.9721965340645,79.6196673445865,97.8668211238371,98.7733447940122,96.523034572641,93.8688397336448,87.813916180125,86.475572948047,89.6227145784204,88.7283604684188,87.6170668977833,76.9041905609481,79.6477693521723,63.7169331440232,65.7794254414701,69.3976814356729,84.3133071107794
61.5945597869091,60.9097728553214,62.2200439455126,60.7687956828791,60.8847410534254,62.5383303873357,62.729951197007,61.2146413960176,66.5962910607848,66.4104716297195,110.333478245016,60.6372989000428,62.0834551221043,65.2730714158226,79.5742801005021,82.3661134995087,0,34.4705345708294,25.6893297620066,25.9282475956512,54.4519676497685,56.8638655994291,55.8070740183909,81.2564737047178,112.86101262026,118.908355000238,79.6394680144788,79.8909347312427,69.4298522367198,68.222119002789,67.4254495062364,68.6841521951992,94.3054660189947,58.2022847256259,85.169152336346,83.4160053103232,58.8867776743607,100.273880014067,102.599494918044,102.358783451071,98.5551434685274,99.2302697305118,98.5789811066785,99.1674491103091,104.960195748697,104.926372537896,108.965896056153,104.809799139282,109.296717924634,104.541876877596,105.824828172866,42.1202778065244,42.890462687389,44.1068848039189,37.7882063248009,49.8487597272785,49.5740584690854,47.8671945229087,60.1671505400784,52.468410048203,53.4849889241388,52.8830737430315,53.6406109773355,58.6402660684246,64.6583328664126,73.5507109975437,113.807632758577,114.707122884527,112.478487865119,109.846348476093,103.495593414702,102.216925254348,105.387951126701,104.554367069444,103.077362930995,75.5459312877795,79.6850738707933,84.0379859979793,61.8425100471508,61.0372377886388,61.6719804724435
67.9455985561593,67.293560910516,68.5466603128366,67.1836971468034,67.3302335385052,68.8433319015248,69.0156546408944,67.5482834609694,72.8099948849115,72.6157082851523,116.313809508292,66.7794621246986,68.2515657749668,71.4480395090216,85.5041457776899,88.3278488296964,34.4705345708294,0,30.8010929438249,25.2984165312193,60.2767957376696,62.6438640383775,61.6357142961587,87.3647191466883,118.74529371771,124.808528929191,85.7890664482127,86.0301071569386,75.2675872049969,74.4908780296767,73.6978484183443,74.9282870666735,100.211853593097,64.008650399383,91.1490839677333,89.4001302095645,64.9698807015038,106.236825557119,108.560316119464,108.320968708878,104.529720458483,105.20497338854,104.555514414938,105.144020895365,110.932462209515,110.895142918866,114.936614453183,110.780087799936,115.266799385086,110.512719409434,111.792023004211,46.504670500621,47.8491625321144,48.4374327395856,42.9255990158399,54.7208699820863,54.5779180018653,52.8760080826883,66.3594752197963,58.4591479570581,59.503132891431,58.9616368226579,59.7321141769308,57.2485891536224,70.920307325891,79.747791121437,119.753439255284,120.64984769835,118.422529343041,115.791787785276,109.477289655988,108.198606601199,111.363083243064,110.529110955072,109.065345811713,81.6950481715802,85.823094672425,90.0575083350157,67.993685795062,67.0886980463884,67.9799837275237
65.9608269961534,65.2712628977661,66.5657419073649,65.1545126258284,65.2630506379351,66.8663479023083,67.0427339471256,65.5389077465882,70.4716492639033,70.2845742439424,114.551349849328,64.3992307962692,65.8705224503867,69.0889264655775,83.8242946034343,86.6084019595366,25.6893297620066,30.8010929438249,0,25.8676621592668,58.8244240774158,61.1968936565575,60.1601494039145,85.4517750094661,117.096253917695,123.141383341152,83.8102049733156,84.0711796860271,73.6885179170809,72.302516744257,71.5133881824271,72.6914417121059,98.5409961589071,62.5118172955731,89.4085440684026,87.6563139539285,62.5752061886376,104.496678043017,106.822696528321,106.581477279723,102.775639716169,103.450599074943,102.799021835067,103.38734427836,109.180318740365,109.147308323788,113.186233630343,109.030414735347,113.517137434411,108.762307765829,110.046090442461,46.2497755678779,47.1991711706318,48.1782034507714,42.2944031378921,53.9994447292048,53.7760756538046,52.0901532826159,64.4611949726885,56.8653635877497,57.8742483335815,57.2925213518938,58.0377173608156,59.1139989065877,68.9146393692022,77.7352345142277,118.032993593284,118.933071054909,116.704209007362,114.071827318842,107.713737833837,106.435157833024,109.607437750223,108.774010247585,107.294043829379,79.7674926375794,83.9040370206465,88.2622852701994,66.1010095422768,65.368138061,65.6419068243763
63.4460309439697,62.8054682837522,64.0655773088194,62.6743766890079,62.8350143918303,64.378016159089,64.5637952101357,63.092395000862,68.8258325504808,68.631610671835,111.914968568143,62.907235187107,64.3559778907667,67.522451567024,81.0611722156336,83.8987363306928,25.9282475956512,25.2984165312193,25.8676621592668,0,55.6712195869603,58.0787193687173,57.0551069712737,83.011980464277,114.311542665767,120.379814047259,81.47036274731,81.6991725413765,70.799877322921,70.2917826272715,69.4911161650169,70.8050945729034,95.7813305427966,59.4766319672154,86.7261872892958,84.976897752936,61.1682472173466,101.829676554377,104.152372925057,103.913812741141,100.127022972647,100.802482357148,100.1536418805,100.74231669696,106.529805525445,106.491013752333,110.533467652579,106.376561572397,110.863458021114,106.109488783348,107.387274609322,41.8171076229563,43.0597701838099,43.8803673238485,37.647862017212,50.2200554361528,50.0276268008347,48.2912196561864,61.9117108434951,53.85629676302,54.9148641848999,54.3609878917048,55.1485959890803,57.2830514034268,66.5267679789673,75.42202238406,115.340657437829,116.235912062677,114.009059969337,111.378814851691,105.078366814835,103.799583230234,106.961600266165,106.127390631688,104.669073325167,77.320219476985,81.4492490588625,85.6579288923565,63.5782747034572,62.5745531104867,63.9080100829888
54.6019190547707,54.8544058829078,55.2364624735866,54.8006763728402,55.8320423775052,55.5729041018513,55.7825552501242,55.0447263842672,70.7163179483049,70.4201029343102,101.264316489803,66.569357102663,67.7778687841557,70.3246372691648,68.5051064880621,72.0288048092551,54.4519676497685,60.2767957376696,58.8244240774158,55.6712195869603,0,32.3507149389494,26.5635871050676,74.6243644900217,102.10273546344,108.398128311941,74.4199139275671,74.2137207537544,56.903988097609,67.7118098494288,66.7732850727368,69.7466453854485,83.7251005516123,40.0487714792078,75.1749042998233,73.4316015357867,65.78319995638,90.8204338386485,93.10743969711,92.9022808439021,89.3174702717611,90.0009035604721,89.3805477666738,89.9754922706542,95.7146161309448,95.6110677829186,99.6955839783176,95.5233884750271,100.016511172431,95.2688775746057,96.4797933875662,45.9501045300624,44.7762108227503,45.3022922435986,47.5268641634029,41.7526981290543,41.2485133520858,41.209004541401,51.6654958207526,29.6318469349543,33.5756199776974,34.864139525846,37.1011860348911,77.4684430511072,58.9336739722428,68.7295904873988,104.074192065344,104.917946161957,102.712046876925,100.10411145944,94.4293344959336,93.1468844433482,96.1982743933803,95.3541708105256,94.1369006026326,68.7057321251292,72.742848262292,75.1575576587301,53.747633793995,47.4275325075804,64.8904657646949
55.7166973299605,56.0250987522129,56.1501998651445,56.1769944240897,57.2135345952939,56.3170580025068,56.384683534543,55.8889798964567,72.0381163316458,71.7236925293091,100.200421415475,68.0434356643405,69.2403385778332,71.7228070737735,66.9189629172867,70.6724938566566,56.8638655994291,62.6438640383775,61.1968936565575,58.0787193687173,32.3507149389494,0,24.0803697111989,74.278024346128,100.568765416143,106.933867115678,74.3856513542911,74.0902745415116,54.7818722153229,68.5562031784238,67.6088343306957,70.7373061624697,82.2424945711011,33.8060283862192,73.9296859796299,72.1989482553543,67.3294615160901,89.6539266206672,91.9300879663059,91.734198322374,88.2114174450447,88.8967114320176,88.2852853741814,88.8815810132407,94.6036587925814,94.4810397021917,98.5774435545844,94.4013579086796,98.8954783800381,94.1503541333666,95.3415218755621,48.5639657047115,47.5826326423652,47.8103513064689,50.2052472633219,43.3146910493731,43.4313843264417,43.8019327587988,51.7010882056796,33.6733908402048,35.2018297925917,37.5132610262045,38.5601892068028,79.6479160041242,59.3500338948469,68.9123130831971,102.827578128754,103.655807573522,101.456290812911,98.8551508367666,93.3681255170411,92.0849157971688,95.1026967021659,94.2559154035522,93.1101841692879,68.5069296392637,72.4854025686957,74.2137201551041,53.4806157093005,46.4357341931296,66.1878653219005
54.6379775403177,54.9643266600319,55.1602773882252,55.0346052060428,56.1048687606036,55.4061914562802,55.5429718888418,54.9682056559314,71.1720982310673,70.863944970145,100.361994220986,67.1390838321191,68.3375132061073,70.8380320103118,67.2967193658811,70.92832920412,55.8070740183909,61.6357142961587,60.1601494039145,57.0551069712737,26.5635871050676,24.0803697111989,0,74.0267865724901,101.024139024926,107.342715548655,73.9970565391238,73.7375625057873,55.5051612195953,67.8218796212296,66.875186466749,69.9681357532887,82.6454996843809,36.4208321794174,74.1210801517435,72.3770873751243,66.4081234196052,89.8725496877874,92.1553523373428,91.9547183381023,88.3934251412084,89.0780887461757,88.4610090815639,89.0569646086378,94.7915520612875,94.6800914520162,98.7700270048626,94.5956201728574,99.0899776696065,94.3427520929093,95.5455318779407,47.6559917238233,46.6013883239133,46.999549845164,49.1709557556548,43.0947856089563,42.9684725472871,43.120049529746,51.0686253282433,29.6473849311005,32.2325988981773,34.8536894419885,36.4564145247379,78.6611225261358,58.659710847693,68.3988492991511,103.098075532905,103.935857039738,101.732316947115,99.1269000682062,93.5262347778829,92.2431985037337,95.2814929543023,94.4360594611223,93.2481674222951,68.1287638121847,72.1421105930519,74.2613998126387,53.0581166193524,45.9227941171671,65.3176302291218
75.2317837363116,74.7148815774284,74.4666560200328,76.0070419149721,76.2049803380679,73.4621618944863,72.388660405788,72.4494016669783,84.2056897290726,83.6451872131015,99.3349492631344,81.8850433903871,82.9783063824546,84.7085747053446,77.6718231844631,76.9729790500568,81.2564737047178,87.3647191466883,85.4517750094661,83.011980464277,74.6243644900217,74.278024346128,74.0267865724901,0,109.550497959643,114.421338284952,60.5299716305989,55.5772118350722,73.4330015486745,75.6816030965326,74.7760808713739,78.9576080350545,89.9809410089671,72.1031392165848,78.0900618067584,76.4209617718115,81.9696858665233,90.827270875877,93.3327746369905,92.9559777635566,88.1019066898143,88.7587540914908,87.9499379446798,88.5289692345243,94.6666456016616,94.9352078280572,98.7992056838513,94.6889799520346,99.181578333909,94.3703545461916,95.9676036438738,77.7940469272087,77.1311502588371,77.815929332017,77.8731780516202,76.2412236283155,76.5101559810869,76.2050377793856,66.6163564445459,71.1265257307236,70.9019807937316,70.9930296982467,70.4695385091057,102.277975869046,70.2246719651454,67.5991124046673,105.72255471203,106.87505818938,104.540995109202,101.796620729287,92.386221108143,91.1100832425815,94.8474364637424,94.0499773171554,91.4095378814939,66.3854997269434,67.3939602337384,70.1353566004144,62.5905928832519,71.8531758019225,78.4166797769403
108.780736722777,108.693636888853,108.426122768474,109.580520700373,110.177971939401,107.835539109671,107.181234678794,107.204066696272,121.531854676983,121.084872541882,106.739301074439,118.435649454303,119.577483908467,121.655366645989,96.6924609889192,98.417298698987,112.86101262026,118.74529371771,117.096253917695,114.311542665767,102.10273546344,100.568765416143,101.024139024926,109.550497959643,0,59.4382363770679,113.02754068695,112.014431920725,88.6706250573693,115.39041730363,114.466582602076,118.124314323792,83.1613792281904,97.2696086159239,102.479913623443,101.865649961447,118.149973278641,92.8075478446055,94.2359455560322,93.8192243030669,95.6267205262334,96.0592601518055,96.2527180482754,96.5864135126615,99.2373901218687,97.956982506029,102.316252441045,98.4636580097112,102.237540984925,98.2510650482434,98.1888598712952,106.905851911912,106.226913755949,106.424246639961,107.891752573272,102.617854700408,103.446953455713,103.729227042366,101.212797738711,99.5121237425793,99.474274674931,100.085801131723,99.771931385279,134.643315485945,107.507182176944,112.087857147283,95.2540195585825,94.4541379425223,93.1146398378164,91.3956021900021,101.547802157576,100.418243940808,100.76114247065,99.9385846913582,103.263549582383,110.584417057789,113.469089956412,101.631130115012,99.4393361174846,101.427735837751,115.716013946919
114.677514065048,114.568217718725,114.296586486563,115.480887633513,116.056738944582,113.680067102417,113.000177315028,113.030529129507,127.204264771957,126.749450121648,107.809967393911,124.158185465129,125.297115827979,127.351996280869,102.603731851041,103.844826198854,118.908355000238,124.808528929191,123.141383341152,120.379814047259,108.398128311941,106.933867115678,107.342715548655,114.421338284952,59.4382363770679,0,118.067303768672,117.024794708161,95.4497651073174,120.922725585955,120.002230036837,123.677584265496,88.5079757163402,103.682420000681,107.744936420112,107.173222028153,123.896646064296,93.8804825078361,95.1582196366004,94.5078587861902,97.415670866699,97.7517300819356,98.1092473371116,98.3503494781402,100.12394093503,98.638253306859,102.940515876713,99.2696246748259,102.736809911955,99.0262506689178,98.7314415558563,113.121484576468,112.442068399377,112.675165322481,114.044720212926,109.027256535528,109.812847192372,110.052908854954,107.023844739445,105.734526998204,105.676970948696,106.257962365272,105.923804293491,140.641728727327,113.195360246225,117.458463785208,92.6845153145373,91.3146725781365,90.3641222801167,89.0174575690996,103.16641845377,102.092975522662,101.851609269637,101.068056624259,105.216784665578,115.98352108149,118.804769260936,106.317999870296,105.114012626952,107.517763065805,121.39362335365
74.016219427123,73.3084687257871,73.2383633233781,74.6300608358548,74.6590376498922,72.2240782824428,71.1431477728699,70.9988696373619,80.5627869408257,79.9476168228043,103.710599903838,78.5380394009591,79.6199100047658,81.2059466488077,80.9954745689512,81.1130850599551,79.6394680144788,85.7890664482127,83.8102049733156,81.47036274731,74.4199139275671,74.3856513542911,73.9970565391238,60.5299716305989,113.02754068695,118.067303768672,0,43.8205176269497,75.6521282004258,71.1180823589103,70.2547563425856,74.516528753014,93.6910869302568,72.589492958654,82.6770863483562,80.9888327439452,78.7618730761672,95.17108576055,97.6519604000091,97.2711787333989,92.5834599916617,93.2271687778893,92.4497431190156,93.0142516130184,99.0336527923244,99.2780055150401,103.140296160867,99.0456689751861,103.511592262133,98.7250889956497,100.295616306624,76.8670216448576,76.2311170049079,77.0059439254588,76.7237169095439,75.9241304615762,76.1062107950827,75.6806747175485,66.0101823388221,70.8715921441638,70.6949394912678,70.6510643000833,70.1739195242961,100.375043691513,68.367631857809,61.6498931072554,109.837125211664,110.960166482534,108.640050074967,105.910537043208,96.8484633328544,95.5831833132262,99.2378005208217,98.4450814309364,95.9254076213981,67.1614423352072,69.5146440464749,76.7485074317511,62.5365593395125,72.0405181492455,74.8620234798835
74.0193489501873,73.3706480653059,73.2291863149803,74.6977927863744,74.7796911594111,72.200425976775,71.1028071770955,71.0432223050749,81.5180694113716,80.9253167944834,102.568273318602,79.3888895776486,80.4730258024587,82.1132421267817,79.9289909906338,79.8762989702245,79.8909347312427,86.0301071569386,84.0711796860271,81.6991725413765,74.2137207537544,74.0902745415116,73.7375625057873,55.5772118350722,112.014431920725,117.024794708161,43.8205176269497,0,74.846159097611,72.3595653695483,71.4693642338873,75.7689594615423,92.6203004010245,72.1844925686632,81.3378786966952,79.6410427574336,79.5633668099131,94.0128587606577,96.4975715054154,96.1201789381226,91.4041143959599,92.0516845519564,91.268342627104,91.8369252848346,97.8827715188904,98.1289290523904,101.994445299935,97.8948652895008,102.367939619676,97.5756149244073,99.1484480236508,76.9003869679395,76.2540169035792,77.0044604621079,76.8243929788633,75.7780618479154,75.9825936267544,75.5913215106253,65.7352713822567,70.6659260941315,70.4680908579791,70.461505198934,69.9625205311317,100.72701072195,68.4339032182347,62.5882473442215,108.720586144173,109.847765499998,107.525443969461,104.793583927738,95.6847957198242,94.416586832009,98.0844833795795,97.2899230701432,94.7562521053016,65.7334333966076,67.5726088253907,75.0384372123906,61.971354755526,71.6545012369134,75.7645531393117
65.4604873882085,65.5617477543219,65.2235472106614,66.3334975913393,67.1008723820189,64.7557015097728,64.229383339196,64.2998880579417,80.0977742467592,79.6998037010096,92.0224849013628,76.7204564525594,77.8751722143643,80.0874505639757,52.2405146891866,59.7343441853804,69.4298522367198,75.2675872049969,73.6885179170809,70.799877322921,56.903988097609,54.7818722153229,55.5051612195953,73.4330015486745,88.6706250573693,95.4497651073174,75.6521282004258,74.846159097611,0,74.7323830925164,73.7783986631334,77.391939606876,69.6480682094601,50.5259432187984,64.6899448404159,63.3766104574636,76.3007185664382,80.4794757023146,82.6570251892746,82.5618566489189,79.5997488752232,80.3071616097739,79.7776319026321,80.3905698148401,85.9782337799358,85.6783544344136,89.8917420369933,85.6715699936707,90.1861414907313,85.455650490171,86.4641487172091,62.7474232377892,62.0335572899845,62.144081153245,63.9687948025813,57.8340951004304,58.7155502316587,59.1222111383201,58.0553619682337,54.4176837918481,54.3393509417926,55.1846217651808,54.8578068576771,91.4967546823179,65.4446249884703,72.3225258295308,93.0089659228124,93.7047754841147,91.556740429663,89.0108405846497,85.2007725413196,83.9087055956476,86.6190833335977,85.7450286962645,85.2685529916654,70.4437139590339,73.8048839142313,67.9731032655743,57.1005306504625,56.1643598762873,74.2190223814342
