IBR/IBR_outputs/SS_Optim/Sand_Total/Results/Sand_Total.asc
NCOLS 160 
NROWS 95 
XLLCORNER 210004.651214014 
YLLCORNER 7350008.22228844 
CELLSIZE 4999.99999999997 
NODATA_value -9999 
[rows 42 to 62 of 95, columns 0 to 45 of 160]
-9999 -9999 -9999 -9999 -9999 -9999 -9999 -9999 -9999 -9999 -9999 -9999 -9999 -9999 -9999 -9999 -9999 -9999 -9999 -9999 -9999 3.69449652478666 2.47979803981749 3.40852333387548 4.80025447467094 3.87263990940132 3.52702134856362 3.50892304461898 4.33570097175668 4.89528746251754 4.75481709084146 7.11333053882366 8.91560694255424 9.64083961428438 8.43044525104706 7.49651061333105 7.55212645351386 7.83317328334912 7.52419302098869 8.04014625310595 7.35390074887212 7.95604711207743 7.45307785980829 8.03354856248675 8.0281578365314 8.82008062145361
-9999 -9999 -9999 -9999 -9999 -9999 -9999 -9999 -9999 -9999 -9999 -9999 -9999 -9999 -9999 -9999 -9999 -9999 2.70391190226443 2.4065021495244 5.82239096457357 5.43933670532371 3.22256064484661 5.47623093016671 6.93042169508276 4.80579392228428 3.97319017973338 3.55320215170021 5.73104480153376 6.67286872130629 6.33369260318691 7.31307391357403 8.54948515615998 7.9068836928824 7.33026698097663 7.37867016378126 7.06389897251033 8.11277748686233 8.04473974591463 7.54166255000845 7.82376856508181 8.0178129581914 7.33530274456616 7.60448908348758 8.07766375323084 8.84836774704417
-9999 -9999 -9999 -9999 -9999 -9999 -9999 -9999 -9999 -9999 -9999 -9999 -9999 -9999 -9999 3.88169283731023 3.23266508884352 3.61199628552022 2.33627048218111 3.38467829120871 9.99607320455637 3.06735805676322 3.88143920297625 7.78022876965539 7.9086549031025 7.11780937561506 5.98030656390884 5.22811351401472 6.13093656065754 8.08455997999378 7.01748506684261 7.54701183141314 9.41189700343864 7.09256461309735 6.6024596834793 7.30735665467922 7.58435512575039 9.24416856595418 8.00482166828903 7.6872992124522 8.35325019059468 8.37376005865108 7.29208227384612 7.26944926134941 7.28593316727135 7.2766142194533
-9999 -9999 -9999 -9999 -9999 -9999 -9999 -9999 -9999 -9999 -9999 -9999 -9999 3.15005816744607 3.60409658253962 3.84327644495581 3.34966741244975 3.69525003360934 3.1493945538572 2.90923816997163 3.01531289757048 2.56135115728856 4.85139858470909 7.61697343876653 9.66816855231732 9.43555667551456 6.43318058332853 5.55045727566873 5.98937372557707 7.31383696513857 7.94660670544414 6.93033510874075 7.3242175126571 6.88190258868589 6.97988909263475 7.21205664990067 8.33616949750947 8.8753191455397 8.18518527040086 8.00095490775141 7.93159525571259 7.46366671063426 7.26478860241532 7.06835371770354 7.19842837015319 7.33573815090312
-9999 -9999 -9999 -9999 -9999 -9999 -9999 -9999 -9999 -9999 -9999 -9999 3.28170608550104 3.3813760940738 3.35700583017451 4.51903043759268 4.10249811480159 3.11913513043954 2.71550921724463 2.53630421879929 2.32755364885135 3.42252399384619 4.97847826235609 7.25042406367054 9.30127119143035 9.31515133125861 7.32023248067821 5.97892730296673 7.17979104123239 8.29246047067965 8.19820257222135 8.20864855074591 7.34730844070682 6.87929644875058 7.43325086132655 7.23150162210435 8.16808286755743 8.79750402429898 7.91857127036937 7.06645333210372 7.55354300261788 7.63084053174055 7.94308514240962 7.33551107375794 7.25923327447751 7.15642027903807
-9999 -9999 -9999 -9999 -9999 -9999 -9999 -9999 -9999 -9999 3.75223071585401 3.87110136289809 4.23595258979082 3.74766343568961 4.79515978111033 5.02198627043913 7.84549456896812 5.88057114464578 2.81455816716715 3.21168394225503 3.84643991927428 3.60735335505533 3.46577972816809 3.78886296496893 7.30288549655513 8.90183230968018 7.41558378705668 7.23088697308774 6.55455099665547 8.13499268090328 8.11077532970947 8.59547568873941 7.18383061094984 7.03149743370839 7.03263396584171 7.2343614539703 7.63061159861809 8.25441952498345 7.96342308932762 6.48718381699403 7.81557408363959 7.398473639043 7.78786909710151 7.99519554911387 6.87375553348271 6.99265675956338
-9999 -9999 -9999 -9999 -9999 -9999 -9999 -9999 -9999 3.50648032720716 3.69206037449707 3.54948176296062 3.62580394088143 4.05452128842149 5.34177338807703 8.24403868931919 9.6775975372643 9.41665438842372 4.84108456712651 1.99554439645656 3.65862188311165 3.45290741429261 3.45718302427873 3.56106695029636 4.15033094249781 7.33737347144038 7.58498103570508 6.3552137588966 6.61983140337498 7.11626263705957 6.84406596827906 6.78161264306984 6.8938578907207 7.01774617468696 6.80241514612636 6.63652779212722 7.28508383492006 7.68269611057516 7.7759748391113 7.07184094638968 7.94312799134988 7.37798367652705 7.18254697108253 7.42588706091622 7.75691994274167 6.83732165704029
-9999 -9999 -9999 -9999 -9999 -9999 -9999 -9999 -9999 3.42136083842215 3.70920089467928 3.18066533347977 3.70388608162728 3.80170849899793 3.06658313300564 6.35800748932106 10.4978523367345 10.0942973541825 8.24949404361112 3.08573165783475 4.71990536256406 3.37679546898259 3.43677349258293 3.52739765516429 3.56101291110847 4.58146372755335 8.55957549970588 7.10071523376214 6.09220669058248 6.76869533657186 6.51234224618284 6.70312761482803 7.00948226733209 6.9253950488616 6.80124227200454 6.83881087364925 7.02082665368378 7.06086288923476 8.00028086962323 7.86455082425747 7.69446386679884 7.36358040267206 6.89897228013275 7.12177554254937 7.34013352044591 7.9530141973047
-9999 -9999 -9999 -9999 -9999 -9999 -9999 -9999 3.95007030270668 3.82926079920992 3.54993067587042 2.86868918945205 4.19905033670264 3.89963775034741 7.54233902115618 11.213204848667 11.6901807217569 10.415236485751 9.42470414003765 6.26612173397086 3.84770941691076 2.66021013043765 3.21097168283751 3.45183960492643 3.63903626970511 4.54419060935472 6.92505286831656 8.33360319001995 6.47476401722771 6.66331617259728 6.77564398689018 7.39344656726994 7.34703355570999 6.79289297090897 6.53257339707365 6.4335133562116 7.0742243868964 7.3557703143362 7.7991720328115 7.70435688288426 7.71451184054777 7.30529425017749 7.14952181433547 7.10158035803325 7.01647641105714 7.12546423272295
-9999 -9999 -9999 -9999 -9999 -9999 -9999 -9999 3.88717691193169 3.66853916791705 3.16629716847372 3.32602650385422 3.5234297587514 4.82921685336854 9.15167921311012 11.7143544399678 11.6660753305522 9.85066019927208 9.87073488859852 8.40698686746022 7.08332132355459 3.59622786181892 3.26751374736621 3.53281364780628 4.74312363191897 6.33730241216572 6.99271998356594 7.42917462524242 7.3334277157102 7.05136998056281 6.9774369582176 6.60740392311055 6.94249486958461 6.56562360406755 6.72565144942029 6.70069108018781 7.78172662894833 7.6097608596102 7.43880675700285 7.39912430980934 7.90370464024782 7.36552635830417 7.08134414763725 7.07639748129501 7.00045969807878 6.96347303734334
-9999 -9999 -9999 -9999 -9999 -9999 -9999 3.9171731057178 3.75676933755208 3.17747848273327 3.01478275194806 3.50501414021189 5.8967230226054 8.46216325527009 6.45050998966123 9.84569495212962 11.4900349852269 10.3474328160803 9.42340801358189 8.80365768034643 4.37214399745856 3.34141923179335 3.45789714395864 3.94194895827169 5.93556578343684 6.71942286416355 6.67417439921978 6.69776272230389 7.12426829113994 7.27562058177812 6.84258124837942 6.62778717601566 6.41494121367536 7.04504460413335 7.62501352290273 8.13740660594364 7.33509441390485 7.91430080638886 7.44266578473051 7.58633196406859 7.22405180250545 7.51145576984092 7.31778325347971 7.05266139564603 7.00678610448222 6.98331288874444
-9999 -9999 -9999 -9999 -9999 -9999 3.80589983202772 3.74603494871167 3.72916593736862 3.08424698044217 2.38333452216105 6.17226818150586 7.77880060184566 8.7984010214763 7.89400392171171 7.27128659545541 10.7858640044452 10.9555466145448 9.58687202780568 9.096319926784 5.31621019242685 3.03691762395087 3.33830198840691 4.569376781233 5.49733625877562 5.65777264307648 6.04540594841187 6.24767641147387 7.12900771413649 6.45273071966009 6.04932593784387 6.28843042184975 7.10922679524862 7.14230301893071 7.22176609101357 6.77469933642116 6.59374338773589 6.65791649583641 7.49193751247109 7.62421312090528 7.50902653448775 7.77299692283979 7.45828770229195 7.15168941698429 7.18090098295888 7.23534811555268
-9999 -9999 -9999 -9999 -9999 -9999 3.80107870354995 3.47233888247863 3.55931415628951 3.35181898361032 2.91218930635352 8.25900309457223 7.94493779101108 8.72901407602337 8.24435974007104 7.92575264363053 9.3555708280767 10.612387641167 9.6409106789917 10.569253907743 7.96424275274379 3.39578243345006 2.80158389422643 4.83273107675309 5.62165163684239 5.40827174951327 5.45926155661212 6.13569984424993 6.80990307026675 5.94241006850864 5.97726469962588 6.06029186734851 7.52246454076175 7.48930770889745 6.92277367715202 6.34495353758561 5.63107087178239 6.97670106780521 7.34570282624432 7.63902319801114 7.56369672496063 7.85194902316058 7.66089563128049 7.13926653359531 7.15262013788226 7.2026851335605
-9999 -9999 -9999 -9999 -9999 3.17405364862799 3.70328015756787 2.99761539883975 2.97364012026317 2.5876566519695 3.66699578892048 8.49466651941416 9.36706083217006 9.9291193573266 9.2198250435351 7.73020320943856 9.90776918438049 10.1614878345657 10.2281911762595 10.4560992812622 7.39262111414962 4.39458031367499 4.47632287257314 5.8136844235986 5.19530042759793 4.93832785700927 5.25643973292962 5.38357757863433 5.43615952962774 5.85465286196668 6.40946490822708 6.01038875628684 7.36659605892414 6.88855229604587 6.1441058781192 6.30109454857148 7.14277482064916 7.43850573571674 7.55503392416375 7.99154342281528 7.36643373331066 7.77322268871359 7.84940876388173 7.33165257870795 7.15778468990998 7.1499536704144
-9999 -9999 -9999 -9999 -9999 3.625210660314 3.61251473323043 3.62006532470504 2.66560292358524 2.43677386111435 4.83786725127968 7.07904533179646 9.23837656858454 9.83757228093049 9.58907642721882 9.58373783689913 9.92117763524839 11.59538296422 11.0436645926694 10.5650321037278 7.87322442689971 3.52670383656579 3.93356308376441 4.42420201211435 4.3762515679121 4.2003523677457 4.60169797864784 5.15094855354313 4.76790345852134 5.35414707260989 6.03372564269666 6.3570497291997 6.63773054883023 7.86159220519608 7.24619504596255 7.41610942436675 7.15093056441032 7.53751856510793 7.92850669823729 7.55484575378085 7.41837392053403 7.72245521261945 7.66765891956471 7.73718676981203 7.42649351227036 7.37250784858499
-9999 -9999 -9999 -9999 -9999 3.69461587049244 3.44306247502226 3.13796122424693 2.40641949647208 2.15379248657919 4.17436415422451 7.92744716339747 9.13870359152617 10.0182199944044 9.97814136355028 10.6260204726057 11.2487844307312 11.6025550414746 11.2990290132082 10.8627292663891 7.37940863980428 3.3195048779908 4.10474927901281 3.68659535212964 4.49326604223107 3.95687564002186 4.55578780410774 5.13590979441638 5.70972744205006 5.31400442391717 6.87896220337975 6.07820716516465 6.23905672376181 7.46332030973402 7.75988923768245 7.44960619403267 7.71674722518005 7.35449410931424 7.19143498623718 6.89136274992163 6.71015309572979 7.17902662327269 7.50956500126528 8.06207617662313 8.07142810986746 7.44081833056188
-9999 -9999 -9999 -9999 3.85542318619046 3.81820020372949 3.60769356145502 2.45880362079702 5.21073311178605 7.73894164510009 7.48779271912688 9.15791747407042 9.18210066915397 10.3231823494797 10.640873815408 10.6745014686941 11.0150076678475 11.7512687232966 11.8299965609563 12.0583154239251 9.83746168670709 6.21768499401543 4.33767910379734 5.02516263053586 5.10328118410058 4.08482087097575 4.47362192866438 4.49498796062179 5.40022823542216 6.14121019622036 7.0369797496177 6.30386089304831 6.54591288054532 6.97219887960369 7.12089421781428 7.0198644329369 6.96860929582487 7.57797958445712 7.7696020138553 6.55402709091927 6.65315954849291 6.75454680853676 7.74439053717162 8.21883608156347 8.28925519621469 7.54608518896727
-9999 -9999 -9999 -9999 3.8600291611784 3.7477638992656 3.68348679222801 2.88928012997817 8.50560071492449 9.20851449720327 8.65254983540398 8.88309233759468 9.28868466426626 9.44507693183782 9.85436114503308 10.3181007289342 10.6989838923462 11.6003743107753 11.9031922987093 12.5192878857842 12.5378758390619 6.79082437876707 4.83442364230497 5.81089781485933 5.53854300637642 4.41519952735965 4.09270351935961 5.31298050318946 6.86777341188339 7.03355999705369 7.05219237025162 6.58422989659957 6.37620352259172 6.97073314980204 6.4799756351807 6.23882121453972 6.03089786940217 6.34335154676962 6.62553869297522 6.30922037727391 7.27165822416835 7.32118293460028 7.6967378290555 7.98031935919625 7.79502956882954 7.91607769001321
-9999 -9999 -9999 -9999 3.99431811866405 4.07250867920801 3.4118818554126 2.86805841301295 8.13556020460461 9.48475531763337 9.35114643544652 9.68985512459548 9.56081468188211 9.31580924683633 10.5633138739031 10.6177564425398 11.0297766424173 11.3895586242234 11.5109738346396 11.6419557596914 12.1918400787589 6.85644283639842 3.8894033209327 5.86669404370413 6.03460654986403 3.85062791171921 5.18496532767465 6.53926633639755 7.20490744876869 6.42791155234001 6.8763790802943 6.36866780452111 6.33814449594732 5.47070542786466 5.71663268229169 5.98208665642605 6.06998732298803 6.20755588376547 7.52649060355442 7.33752137494718 7.95853725011761 8.03073533952669 7.79796011557083 7.59818399773207 7.70869739272559 7.7601541185748
-9999 4.17339320141352 3.81927728846136 -9999 4.02004394509087 3.77539149375913 3.0926394349718 5.26587765577092 8.02728505442503 9.55574414984638 11.435767066541 11.0241703302843 10.2350128813935 11.3588122353798 10.1263687622228 9.91046966402518 11.0059585174625 10.6748100423572 11.2823077199798 11.2872643527984 11.3467861282508 7.04086200891159 5.40975415958762 5.07690117768645 4.50173316190613 5.11066805346527 6.34943392837578 6.17330319558205 6.54433213194152 6.57241397053873 6.21340150671881 4.94256429926089 6.11291092355123 5.70425622732342 5.86838883917826 5.67658650060794 6.00651388620706 6.10284051026647 7.06306429068772 6.21755094139648 6.28623005579834 6.91198582818068 7.94428284840205 7.69151877082314 7.64804251065319 7.87351486586996
-9999 5.51556785186262 5.99425912918778 3.97160294853416 3.99098095558745 3.66782018237893 3.87658487103065 8.24241520773623 8.47650692866838 7.84703615330443 9.1380619865289 9.96758696318603 10.5925353991334 10.5251043903436 11.3565474802806 10.0374301552088 11.1406451534807 12.0923315352038 12.3418178203407 11.9207538469318 11.3961961548466 7.2804026788342 5.49705963923491 5.61006653674002 6.3387022829027 5.95347728144366 6.03308615358028 5.62005136296157 4.98299053239645 6.36831495907234 6.11323418106075 4.88575240542915 6.44513880044537 6.5605635031909 6.00240991187767 5.52844812816889 6.25244320177908 6.30011343875556 6.68720465449934 6.52878977808224 6.49374535483936 6.40284863056783 6.90389133437632 6.64853188875175 7.47916552941933 7.7693187447799
