IBR/IBR_outputs/SS_Optim/Sand_Total/Results/Sand_Total.asc
NCOLS 160 
NROWS 95 
XLLCORNER 210004.651214014 
YLLCORNER 7350008.22228844 
CELLSIZE 4999.99999999997 
NODATA_value -9999 
[rows 63 to 83 of 95, columns 92 to 137 of 160]
7.4103933941431 7.45809891089317 7.67471307207372 7.66699769850292 7.31778116894457 7.29961303114803 7.32351725307538 7.48653880394138 7.63501257544375 6.91065450818765 5.42733137060353 8.52208009076542 9.14041902954233 8.63809197353573 8.64496944004371 8.56188786290083 8.4117246553169 8.13936637744432 10.1687607540583 10.2357221031755 9.26637717664671 9.0792550189747 8.55240357640283 7.23486733117334 7.8438628161335 7.9500034037311 6.70383832235659 6.93248702189161 7.273935913943 7.3712198827191 6.39833954149618 8.28673709012505 8.37850739676552 8.8775227892922 8.51355057421556 7.31942790587764 6.92117877387146 7.40498177867241 7.46948024370267 7.67039016006003 7.28361466193442 7.52010246484531 7.61273071769951 6.8177304206409 6.13910111841793 6.41198941616175
7.30964827817533 7.57408457391763 8.83682022291535 8.12118421375215 8.15799273057268 7.82017467100803 7.38189643983479 7.3789759575045 7.29258299312059 7.41838223029108 6.86778399327182 5.48195915163789 7.82770207850747 7.78161377922248 7.70270073612278 7.83205905191507 8.1986191901144 8.228298750088 7.99853155526223 8.65273295001816 8.34195542237547 8.39405029714306 8.41217229533605 8.63435187185345 7.43143188735069 7.307975973542 7.44280900947894 7.00852810627983 6.9493084254783 6.69832670867525 6.65923347521377 7.92299015956779 8.40855885653858 8.43702834382813 7.70116177260448 7.71806739944154 8.09719471351647 8.01887325501212 7.70168231347034 7.31948835396832 7.75545982564832 7.2968992590199 7.25974708163119 6.9036186619197 6.6331602453506 6.86261983222979
7.54303823181457 8.15984579098236 8.73221369642591 8.80256881114204 8.07934937933173 7.90476300114221 7.66345651224402 7.45560716581385 7.3587721973155 7.41869176707056 7.37216661593174 7.42794312961698 6.49028047372698 6.49608933598801 6.3534142716657 6.59525963124251 7.06448134371638 7.94294435258757 8.02711822593418 7.66383969796653 7.95560045529782 8.90948374900321 10.0163495544461 8.02413346048239 7.68778912419524 7.69810623675045 7.41037884812209 7.80782418687861 7.92151591014883 6.39971297151714 7.16635117144242 7.42345489934083 7.76152571130702 7.74016218688861 7.64419186235134 7.9645261632934 8.30645262437144 4.59837011449092 2.63301605960314 7.34557578946576 7.69160109760058 7.61913789743976 7.55370223086555 7.28347274931621 6.71513079237216 6.5676136361652
7.90570282588888 7.66635294205368 7.71767875621883 7.5721461740954 7.61990542677598 7.75817053333692 7.61182885382154 7.2978921822478 7.31272990847543 7.32916470719108 7.33365897570434 7.30734205778184 7.26921749860614 5.33309668346636 5.61873978262826 5.39311964453132 5.65602229843838 6.7350121083701 7.70558710245945 8.06351685255821 9.07058529292906 10.5127150086242 11.0401101778876 8.97243630874672 8.36390107766627 7.02422681330998 7.19118167801183 7.69884082913925 9.57933954719396 9.68863862585486 6.9813459405183 6.79480867858501 6.92837100981796 6.38706389895366 6.5829459658385 6.40196534870697 5.50973737263481 5.57057661798252 5.93002291917196 5.19868513807826 5.24025738486069 5.97222186649952 7.36496027535753 7.05399061138908 6.69004036939133 7.00988245825625
7.90423791186415 7.79611856085537 7.41712535289691 7.52750065499712 7.55213058952328 7.28049451425224 7.27711520058778 7.40206566132451 7.41202042515861 7.43380109957548 7.3236631418569 7.30623267249168 7.33624646405553 7.17472666734393 4.53159928401726 4.22721792663819 3.68745670876989 4.5461720250326 6.47740531086647 7.595146584031 8.32996165649975 7.82531949831211 5.20367106248985 2.94350775907741 4.126744302818 4.54940040075078 4.29510666299047 6.30392988674879 8.68766220628608 10.7886310703138 10.2451421584463 8.24382667269765 5.13028185466609 2.57815426339054 2.05229858467439 1.47610935054456 1.64206486396936 3.29260279248869 5.84385447575422 4.8698791536902 3.46743848656983 4.52252392166453 6.73844270061802 7.37928798864745 6.89494680656363 6.98198684676264
8.03422182388237 7.70266370319481 7.90113621760004 7.68891300829347 7.57393785517667 7.3490618135596 7.27562893181355 7.27562475679613 7.35357595705212 7.34797690035999 7.38335657254121 7.56083352874074 7.42686942276328 7.16161560391299 6.85830792354708 5.83532470447416 4.01458428019995 3.71712474699402 4.89895455563414 6.86309607280707 6.97417486489165 6.88852691828694 5.64310414229519 4.74622357220918 3.58488499386738 2.80414069748479 2.43667913646225 3.03966437473103 3.6575419054564 6.11022276474821 8.9929098463059 6.89225933289394 2.68467958789665 1.84707832207335 1.52562216330377 1.03835221753927 1.04876138051776 1.3357727335063 5.62128794542924 5.67364675790274 2.7796293038789 4.74129253251073 5.75400911637229 7.35093584992256 7.39234457178892 7.25409889059585
7.69370446797948 7.82249620531144 7.8418869825781 7.76329143912567 7.70629064952679 7.38032182824278 7.33912535131743 7.30760271557879 7.32363396415822 7.39351310152734 7.39996413198891 7.46291789877427 7.36222336086507 6.85430662938284 7.4995043965867 7.47664239585807 6.69004249820633 3.44909567338278 3.68355467804678 6.33121976698369 5.87809877754571 5.15170477904279 3.45080947834659 2.41899992654946 1.5735345633284 2.06505492924318 3.07148988876317 4.10956772974887 4.56427731193977 5.07477960407775 7.52068834364722 7.75257223363552 2.98361375519561 2.52577013760272 2.08696430074314 1 1.07872863387407 3.27420899354077 6.75198908500156 4.16538923785313 4.04692812681856 5.87939947271269 6.83670095178497 7.52048339090876 7.18772516546544 6.85483169733047
7.76086250911864 7.77701118919728 7.88926579884536 7.50469151718315 7.97448046994249 7.40378460504439 7.41669114642252 7.31434774001488 7.29654254946849 7.28185322770033 7.27996019509758 7.28946170471073 7.68559886671352 7.46669495191692 7.42900433717948 7.18137007793072 7.08571224939693 6.51642766633264 5.04204997349635 4.79707377954982 4.70065517527619 4.05656512297085 2.51362613920162 2.8774373075998 2.91370789185145 3.93528689215804 5.35189282242273 5.49174364436548 5.32325826963568 5.47848514437252 5.75384889254746 8.57390591372159 6.83070932142101 3.25660889824301 2.02884615097405 1.23715336764078 2.19537748388701 6.63865604180156 7.08231279113196 6.1596286679832 6.24548175379322 7.34956989739535 7.44296676346755 7.02282679449165 6.76827280349859 6.50018979667063
7.70884137961114 7.78215135035552 7.77085411224314 7.74741246581642 7.55771987300569 7.34384095383899 7.39392269974126 7.37239133056186 7.38675494901317 7.365769853878 7.30167374630078 7.34272668992259 7.31811886171916 7.27344114197453 7.28635886767909 7.07251143966715 7.34439702869971 7.41871669606561 6.91856125845196 5.20473873457099 4.74042227046363 4.08731374089916 3.05804825903174 4.07464161231208 5.23367054941902 5.42737794614576 5.17600402290858 4.98312323655573 4.87778517096673 5.28419474279716 5.30979278073697 7.53956890740162 8.8320602542216 6.88863054400067 5.89465834193921 3.10347600788606 3.34247401484024 4.80886067728112 5.60427788961313 6.51240648660353 6.41439985738866 7.85124284930369 7.16862858484356 5.85172552501673 5.17877606160513 5.97235045371561
7.6631433674905 7.73040464221507 7.72457691720823 7.78814808289076 7.68247581871346 7.64232613561131 7.44861421427308 7.50667166182416 7.3592155841069 7.43488493502307 7.00761604304315 7.02207517835024 7.36213177910857 7.28553667608784 7.18925144019945 7.27942377905338 7.32338803669589 7.3130572346313 7.4014587068192 6.45609261779836 4.40834470276871 5.19056569438386 4.04252652984932 4.73169568384898 5.56969790908531 5.97996229917262 5.67786044976073 3.33862365970758 3.52057173409194 4.26365597242331 4.99720473170568 7.58519999774517 8.38377235889667 6.39261947470415 6.93763282480974 4.8677595666663 4.19514393221037 6.38123633639145 6.45780238769172 6.287589124112 6.88581560397015 7.72232568495339 7.31815638290036 5.73315552913999 5.67054608536958 6.472379795352
7.89281435369157 7.99909973767266 7.65193180996098 7.67817258816841 7.46029586985729 7.3955568775823 7.41253573680566 7.47165354202515 7.33446316302887 7.18980414584857 7.10059764211444 7.45069152269048 7.44688335778184 7.41325674240702 7.35597017178893 7.26164140739467 7.2956517998137 7.34801438363069 7.48065816052896 7.1935409196747 6.10803995450777 5.26617637698138 4.27003316125147 4.6604821608506 5.6324590542139 6.18596738219193 5.73326973716723 3.29022003210954 1.64670633536415 1.49188183584705 4.86414533574075 7.90439523533143 7.89823446380078 6.43963572793062 6.83631115080069 9.15235374023871 9.10680490155042 9.2611078637296 5.90095027266097 6.17919864572785 7.63158713000916 7.72122364851282 7.01934646319344 6.39963774612321 5.96613406611897 5.56029771316731
7.93135234740479 8.00421694844016 7.82022794748513 8.08501479671283 7.74271406356037 7.81109575218404 7.52586551331894 7.50847770241761 7.46762617711734 7.47146068903246 7.62842530012827 7.52599798388477 7.41928174762684 7.53362438224286 7.14107629941814 7.15884934796032 7.28546155084374 7.41583725760259 7.49282856666901 7.42882989472783 7.36536402680519 7.25343666155075 4.27815175042376 4.35120153133911 5.81830193225247 6.57644856981471 6.11463564747701 2.4285099767022 2.73515518345342 2.25919480629983 5.63535641084591 7.75916439625187 4.47922465102749 3.49976075511393 2.43475301201661 5.03327730841866 6.05592335219242 6.41520329540472 5.98780535366315 6.49376678144598 7.01079866464939 6.18838056162439 5.89060505000065 6.03647050996575 6.89637819497906 6.26786592811422
8.25255642003668 8.05580463775666 8.2213197536482 8.07503763546028 8.03935924663391 7.82051891728982 7.67765574603963 7.35223511196317 7.33768594276721 7.29050286626466 7.3937522077752 7.36174255347234 7.19338601514999 7.23624486209571 7.41943962774292 6.85272078372967 7.05794215443168 7.21995705443473 7.29212191443099 7.28992073836965 7.24257148434571 7.12574537692133 5.68925327006407 4.20982452165042 5.69879944308368 6.72925319171447 5.02039797158138 2.8287089037518 3.20742915544344 4.70544951759214 7.72397454972597 4.48764062283238 1.32682592027316 2.78379630659278 1.14562675109638 1.58032339167436 3.88675813482501 6.09508311172557 6.02482815736282 6.34690638847924 6.46824555734417 6.22578976376423 6.42565250341875 7.45162117964542 7.67080826859846 7.14026684651513
7.83780384962614 7.92860468793919 7.92884557787935 7.60157825983289 7.39678972787367 7.31974265147825 7.11991423798752 7.09855231308446 6.98238318979932 7.09246589311678 7.24833052463743 7.02487101043368 7.12603071458458 7.16330876077828 7.67767839668321 7.75585001882057 7.37563285669909 6.68180285986544 6.62126312748702 7.05343117021255 7.24815501164879 7.31292171787273 7.08461975876511 6.89405664724321 5.63775341226113 6.69565566108759 4.47980954496769 3.15194190260675 4.25960777664684 6.73082430102052 6.64621459525492 2.75386096533647 1.13468110803976 1.7362354302468 1.19777597449754 1.09000184807898 2.32261199610235 5.45651405240297 6.19359584363671 6.08226631481956 6.25156203864039 6.50638014343813 6.82533321011257 6.82496869316458 7.07248201394644 6.26424790969961
8.11032294865645 7.81864805351738 7.59200972611855 7.40225689097599 7.34049595300244 7.13360375050313 6.75935576024057 7.09700247328067 7.22396188305951 7.15077963009634 7.05798841740051 6.75647345515771 7.27658917017394 7.58221908148553 7.86000228316657 7.91997623988628 7.26077049207845 6.96288658293269 7.0063226769761 7.05391489815982 7.24098107312696 7.32400493560991 7.43154817215504 7.0987476123763 6.58447129513949 6.02074837861853 5.51618268746472 5.30859062301996 5.79888098768059 6.22636689554085 2.54096347117426 1.85102584688696 1.12458183112618 1.56518054595576 1.9177304344471 1.61763985711748 2.96897263685675 6.1467087245228 6.86516604402167 6.70494477979275 6.05601029385788 5.9430078079127 6.31540007984073 5.48134143084158 5.93497662850103 6.39902733891628
7.44418102572945 7.63877577192846 7.7784271326065 7.81319255805835 7.86345007316429 7.63780048038817 7.57213377453659 7.60235450778183 7.46023363531811 7.24284316235007 7.3284979053509 7.35466482835449 7.62154976994927 7.7143246938567 7.47260949355761 7.3199385841326 7.21694105095479 7.28157355906408 7.30159449068125 7.38621838929485 7.39830525225558 7.26674942603338 7.20871764135798 6.69716254409606 6.27237058346736 5.89161022845235 6.84508892086976 6.39766032630837 6.57254860831169 2.89996150010705 1.08057913857453 1.55986332362597 1.33433397521415 1.96888549217681 3.98074008183253 2.46983626643636 2.11894089599613 5.34890913885343 6.29122595271024 6.61289159551851 6.20775053953772 5.65275252383028 5.62063329021843 6.16824471999989 3.82235214890645 3.49386147949341
7.36942620813225 7.92900072627077 7.8857617878263 7.86498456600287 7.67282457990585 7.58440470326435 7.2359543108263 7.50566710722436 7.60208199754917 7.54910907916216 7.71078101935534 7.49407806924113 7.41137627292286 7.27396305309438 7.29017737681065 7.22710471953067 7.20688897738343 7.34896810861839 7.43155024866523 7.32126422200341 7.16874171766301 7.21052108739436 7.28512765856182 7.26111092485608 5.41783517287072 4.95183926651547 6.67394010554517 5.94390657680377 6.74525171546594 5.66107711422123 2.07380118882243 1.62956861397404 1.63054799488631 3.9379514157477 4.44453939020225 2.17078051693037 2.55386029601083 4.06790227342161 6.58882254770973 6.91692810025703 6.84075966576387 6.25767134667811 5.85220249412258 6.30812742922604 5.15857486574658 2.29364477084439
7.68485982357461 7.33975858553386 7.11074451163069 7.11969179695765 7.0179693779691 6.74343272856008 6.86819243201294 7.14723245303551 6.72234061365107 6.83136405206889 7.02696139748438 6.85084687947399 6.74789287591972 7.10238036562709 7.00551587465935 7.05575719882429 7.24020569057784 7.4188911984401 7.69877704173807 7.7729928179895 7.22232655625051 7.09846831299501 7.51221991229295 7.55293916815787 6.67469835849511 6.57357012620879 7.2601105008199 6.72376323311153 7.01743874101878 7.09467966256615 4.38201091913723 2.00787152443174 1.56425413672066 4.08943877439422 4.67973595251529 2.77006467168198 3.91730559675457 3.36644127890201 6.77579682642632 7.09660765024656 6.23710129413108 6.18938473462986 6.032681571984 5.78178559636463 4.87330540959563 4.88809639366207
7.55470100651054 7.56139171890718 7.6604856222456 7.41425614749847 7.25969695449648 6.96715182711579 6.61920406922399 6.48791032743132 6.1398012702653 6.29249205428263 6.30079698452564 6.16874064337012 6.12067901103086 6.90666653381766 7.16041692462375 6.99113723578788 7.07792527772465 7.16155273731987 7.2657930447959 7.66746941225516 7.28098499404494 7.47897687203573 8.28786814840752 7.60582672662484 5.67769323314935 6.74344972894615 7.3616155857104 7.75714583335997 7.74343109655937 6.86334583151062 6.47280862602936 2.82315210260722 3.45300170045592 5.1648933156036 4.12932867231481 3.88427560801668 6.14930701651643 5.05086286560643 6.60911159022272 7.07088037016966 6.95016950798335 6.1670167879247 5.79698951365936 6.68245657740012 5.84849594490929 4.82423526155714
7.496798609899 7.49303371252891 7.42927638227331 7.43233723547939 7.24963430285381 7.24817590610673 7.12431235299878 7.02602674100976 6.21746229337481 6.24114165762294 6.53868653978706 6.5450636929593 6.35297514623466 6.65871990270609 6.90031468917849 7.43376995428884 7.37897179706696 7.2992271525292 6.90014345609483 7.81437924623778 7.00362201544569 7.17688405380528 8.51081218532249 6.0516042161904 4.29582585079485 2.26486318009585 3.14976085114478 4.55364969187772 6.1359491537389 7.496085865038 7.19526365468404 5.8713605213785 6.63370837700034 5.12390724276677 2.72179176078941 3.3924293801039 5.44473916200417 7.02219939632902 7.17338398168949 6.66899182452653 5.89278362377489 6.2263712185843 6.37707249507498 6.68191358826129 6.62570722833435 5.87213892820322
7.42266767506249 7.27984957312952 7.16298815803577 7.25433286072467 7.16815090818833 7.16340095961919 7.13339819216629 7.27656203343072 7.02694455708614 7.13161103327685 7.142833533228 7.09299099563681 6.75614846166922 6.90877788048974 6.17880464067077 7.56723967222618 7.95057866087379 8.36874253690982 7.81118389076566 8.01341872167491 7.81804148255317 7.62348283811611 5.87188747869771 4.13239546990786 3.26765833137733 2.04226947958519 2.41040120355971 2.37602864032515 3.3352932662459 4.73899217929125 3.85769598217416 4.97884943528733 5.15709627853439 3.69306902326209 3.00756287064651 3.33278579155277 3.01359108801666 4.78374355339481 5.71134510216947 4.8979194225086 4.53730145161838 6.43307967728381 6.37411057385368 4.9718864113831 5.28784173752345 6.02508271767119
