IBR/IBR_outputs/SS_Optim/Sand_Total/Results/Sand_Total.asc
NCOLS 160 
NROWS 95 
XLLCORNER 210004.651214014 
YLLCORNER 7350008.22228844 
CELLSIZE 4999.99999999997 
NODATA_value -9999 
[rows 21 to 41 of 95, columns 92 to 137 of 160]
6.16624578607366 6.14558395783666 5.80851848405808 5.86519161205378 5.32805104180887 4.52634783876694 5.82063452068399 5.137743024667 4.76803932221148 5.31010889608835 5.29768006164408 5.88355258760412 5.83409221366725 5.42720495092686 5.8244166648727 5.57475125211582 4.81005247119907 6.44808094763518 8.00080829052508 6.56257310784485 5.74115786244528 5.75141909589107 5.59409829761528 5.5084255866136 5.68395224370607 6.46835278016179 7.05849099684456 6.63118518276005 6.74732556653373 6.45224367488322 5.95098237865421 6.18937607810646 6.41205386894421 7.83454553168966 7.63318957075884 7.52738267947034 6.53660902255262 4.29546511001516 3.9818884246152 2.35923603456155 1.53104175827398 1.60989071526118 1.03283936749299 1.94502705429671 2.20848726909089 2.36045316474302
6.1036912307185 5.38685111960173 5.83135122384152 5.43242322131868 4.79822076643303 4.29753988933682 5.21299075918885 4.91307772918963 4.63958228288806 4.89577237288438 4.39939507803798 4.97966150160497 5.56624244517439 5.63919857422023 5.45343611916129 4.89070413248342 4.32924940614926 5.24240584242453 6.33447232359906 6.46113155085833 5.98736750228141 5.6578805227422 5.39746446752487 5.18139139193667 5.23548920643108 5.56602826009632 5.53626658257425 5.69709317750621 6.30230849361451 6.99799028743663 6.85042549958245 6.69714338927581 7.53848892660088 7.97474951276111 7.82728416799985 7.12427878206463 6.53006102397614 4.02163579027211 5.59177957836327 5.22316045790794 6.54846243942715 5.020795615362 3.51455849731548 2.90967654492198 2.76289845835382 1.53973281387845
6.71811276233511 6.45380562348442 6.42741766813026 6.08967087525425 7.70349899002853 5.81593412103133 5.12585984156528 4.62125533097176 3.82903705989002 5.10219440534819 5.12806756663028 5.16908851800384 5.79266477259263 6.01682910704291 5.34409729854626 4.51754028682554 4.74440397977549 6.17080004729029 6.72623830336928 5.36377806298441 6.11647524639494 6.26756156476172 5.65598927212437 5.2293365919196 5.49212212340479 4.63296813475877 4.80368818540438 5.54451617479547 5.38355314794462 6.17020021414054 6.73905055912873 7.3969685180693 7.39853808311448 7.35462943546387 7.14476259631903 7.0223994072424 7.258188923517 6.72036286968438 6.61193116461331 6.76020319465821 6.81662810025715 7.89824263816337 8.41714203160313 6.91598577183361 4.57281698713726 3.0083821406987
6.68661065344167 6.6465834128246 8.1870466918824 6.12156827871664 4.85702403890391 4.82676231825727 4.64864525835835 4.04815750478846 4.33445482451107 4.69626408348366 4.96017970652735 5.383959583317 6.04951072814619 6.08552584371297 5.32357647531462 4.92412345430873 5.76195781598124 8.03100792700532 8.04237903824517 6.29482137167061 5.98415422384697 6.38461473807368 6.15052048878506 5.62610596217462 5.5793910433596 4.48804948649017 4.95221975508627 5.38120105005435 5.64757302841251 6.22348328968439 7.20247168209422 8.63394955238336 7.64314047297959 8.14923616201477 7.71771371375781 6.70115073846417 6.7279371386146 7.47227978710489 6.60628534891992 6.39376744344289 6.11370062047223 7.5998109802657 8.05907673860136 9.13546802964495 8.09911663941238 5.57863839324129
6.27951580369489 5.73720087347853 4.3641932735237 4.01495276661093 4.70466223261107 5.00656271861746 4.83061580905113 4.55271963729006 5.17753538071173 5.02022049055142 4.75356207753305 5.49047316087461 5.76858164372317 6.44073685133824 5.58883404962333 5.90310409135567 6.79648243623712 6.83358875831584 8.05080837818485 8.46521890463418 6.80621765843438 6.11738632775469 6.53979905487838 6.35619955738818 5.53610965794687 4.78474617178484 5.67267631794273 5.15512770445504 5.03691061223695 5.1446183733152 6.34694729581684 7.67570772494104 7.36939291383747 7.41618214025205 7.72203784363465 6.60751278976478 5.46590331994175 5.95024739075372 5.50277520991783 5.23363930777163 5.26043107181926 6.24523333282772 8.45316872213321 8.29528645848741 7.94367073909936 8.72274279698442
5.52960433013068 4.95458363569841 4.75896689392591 4.7416664659936 5.37595206217581 4.86842773704684 5.25268429254786 5.5088458950227 5.30984398273413 5.19877226446372 5.80205218111393 5.54068667175059 6.48987331889178 5.87607658001482 5.59021969619555 6.88155779583406 7.25203068139533 7.64571115624989 8.26392290385497 8.4510599659286 7.7729846082872 6.35616942428172 7.9327709847523 6.49298898594205 5.95755941539865 5.36967345247005 5.74278926028865 5.35889958853373 5.19772896609942 5.39326396356059 5.76234181271188 6.64693090734162 6.35370917098199 7.37561413260317 7.11021132548352 6.34296826230984 5.39059062368905 5.48211191942214 6.21666661184896 5.26186024996235 5.44614005780407 5.52007931476286 6.99484423228306 8.7028973735618 7.22697508150125 6.64050267812966
5.14404772236378 5.05315884499809 5.41168695763014 5.13605529274988 5.21412957067315 4.90968053062483 6.10428151271851 5.49654622690294 5.29195384827247 4.95670647639648 4.56979372636253 5.40485839009571 7.01171905517889 6.30480954277888 6.55557525967474 8.04221433049538 7.42746131629749 7.55523656784069 7.82603654644602 7.64770446548753 7.82939004798411 7.62103811472856 7.45848271631057 6.73340295378152 5.57911514732422 5.81692857992725 5.5310544963805 5.61599300076154 5.88828864504287 6.49848455215527 6.74007496425525 7.38255579646297 5.52294508340307 6.7665804884767 7.1464692934136 6.67335010342065 5.49628509154509 5.58867518176297 6.1120496101108 5.26782375144114 5.08303186422665 5.24516538116 6.66394685325918 8.41264803059773 8.41855892985041 7.12331989626165
5.29524582400853 5.43490453435049 5.48042257634236 5.23133626708859 5.29500305808829 5.62385353263813 6.05754042701832 5.48132150416188 5.52339394164245 5.32781965264077 5.85907834829015 6.33778268274364 6.69610901092422 6.23221757666446 6.29038041786597 7.50146210365191 7.81489981608618 8.31990224879066 7.59851229209978 7.58611714170704 7.51230895740943 7.57058792176336 7.38842903575743 7.17088696956396 7.1706104418859 6.7061065164221 6.87821754207066 6.95341733881227 6.91026355377753 6.24270580497838 4.64050983763194 6.46859939120718 7.01199916840439 4.42636928539993 6.21026148821034 6.84766626799632 6.46933277919088 5.35577430093929 5.4460890769317 5.15644084641627 5.07861223804091 5.15865539196614 6.31075086999002 8.61876477347975 8.22190375918461 6.57289267990207
4.90389747431297 4.7791351797378 5.31492814997958 5.16471887619056 5.36156895218702 6.01976479923608 7.09450323915816 6.13792621476882 7.03913662271299 9.33591716756409 8.70133965478007 8.01390112308851 7.12730211237037 7.86308587494402 6.88959488040559 7.44898154122166 7.12723707518873 7.45380824778086 7.70329737125885 7.53897719870798 7.54841621804698 7.56906265553386 6.93957731525831 6.74029811842834 7.31817722798044 6.54080670159717 6.69655596888372 5.74440081296768 5.85656488954468 4.31887051190924 4.35908204951124 4.56221496550766 6.30870732171669 5.66538494991552 5.32450437145013 6.68238417941258 7.06968223389377 6.86806968934874 6.34692576564599 6.30207778308061 6.18367522705785 5.76877908629713 6.35169648031565 8.38423249446293 8.01936167038078 6.37709830576014
5.72150850379353 4.87581956953074 5.29850182502226 5.41942361774599 6.43152095843825 7.00274772401258 7.34238927834888 6.77212634028435 6.39630400004735 7.47456691987023 9.00409233945427 9.86134525112901 7.91425178736399 8.46562563185887 7.15592773437685 7.26843867897608 7.34813099794631 7.42684657751118 7.42796597401823 7.52206500928976 7.51274382502813 7.4568810735182 6.93603660143407 7.10291579177003 7.24902629803802 5.76410594249208 3.74044327860449 3.51466202073483 4.14105161873305 3.46215326347959 3.21996166522125 3.17196435264259 3.9303033989266 4.15325499998241 5.45860793828312 5.70696227961533 7.09189037011865 7.15785385192623 7.02308575029087 7.10505530049519 6.33977690934979 5.62842213670328 6.01552982718282 6.3006309511541 7.52870315041338 6.27225619458045
5.4976615602348 4.48013854316762 5.39941355959147 7.41659973371749 9.16297782051324 7.77172439151541 7.57709731179027 7.4284000142743 7.28788215719342 8.22885028905606 8.648325927201 8.62498351112854 7.62100304126062 7.3738186446307 7.43902058404613 7.80672948316993 7.65103527654339 7.64153239254338 7.34752917983621 7.3210620452282 7.30044108880828 7.28761089219847 7.32194994529894 7.47096921923419 6.6252293534798 4.58805428684403 4.05887036001594 4.0641953938287 4.24930791314973 3.74957920021986 3.41435509774442 3.81361870443498 3.87035417601035 3.86022474953138 4.55532281092707 4.93820848074391 5.45473690959937 6.90146255977308 7.01653116151522 6.68779012797305 5.04227447888031 5.89020515472176 5.83495474345827 5.75848407589079 6.70277225478464 6.78973168036867
7.41187289476111 6.33247344241918 4.63156282295511 6.35658913272823 9.13353120680335 8.16967412465544 7.542670010528 7.41717521351771 7.45632089288773 7.54387809003446 7.62198920861889 7.47206827535801 7.59545013308899 7.53408583473565 7.18339715312323 7.68321698098048 7.6154010623525 7.29079496913544 7.3124442769573 7.03771415611268 7.22295602136562 7.28863125299077 6.89707166434242 7.9681490878658 5.8704924435229 4.39288054511171 3.30433885374837 3.22807598764001 3.75166772455939 4.05453286202195 4.21198307872916 4.29600507084328 4.37240990501343 4.02844486556586 4.60567639725628 5.12452528014833 5.48070377081641 6.0107413888481 6.99851916303815 7.19288989656829 6.31294516102224 5.99940288724635 5.45367101886414 5.80153718553594 6.30690293607277 6.21559413885094
7.66484914166275 6.66728327575641 5.12424537340462 5.39634113184406 8.25103839436932 8.03249287324269 7.56951528347244 7.46188902922056 7.49091587521474 7.45545155441387 5.48521360883805 6.20075296979197 7.42036196308431 7.32961895732528 7.18722476475843 7.57551039383522 7.3083679935911 7.2614242030949 7.19414169038487 7.28208071740253 7.27476886578787 7.35894705487385 6.58393508869323 5.87916775622555 5.26996810754124 4.31886362368736 3.83853066525487 3.77081106462119 3.76602218087737 4.66914858681202 4.44105807088538 4.60125868382126 4.47116529089924 4.52364193941942 4.6857956637235 5.03711943601007 6.42621513394022 6.42923211641383 6.45996037908322 7.07745244676114 6.91953097001715 5.93823647841809 5.37623419253255 5.46581471326474 5.50213798532587 5.86406310022638
7.28126884246614 5.1289810631229 5.07552194667452 5.18154338740459 6.8803880089501 7.45030554041329 7.42896072666347 7.37052906040893 7.52159094675693 7.44447576217411 5.25338233867504 4.55410787069355 7.25571157572967 7.12951748755971 7.41707549219169 7.39861500004759 7.26943464573452 7.17378616535265 6.98290180094087 6.98327494241484 7.24119842739696 7.33184218176298 6.9875962980238 5.53044879485751 4.30192337382963 4.65795335122876 4.37988880981459 4.2821815535241 4.85815759166052 4.94697131430828 4.8287670953514 4.79757827784755 4.78239234541612 4.95038931583024 4.75049909547513 5.33854409125212 6.99216360775173 6.46526246695114 6.51019011352998 5.90784589640283 6.85814068436765 6.24735672703173 5.47352920284303 5.35856173454754 5.32173172782984 5.69544619083489
5.87853599209611 4.87454445924486 5.74823614837402 5.65925430465221 5.46775514227717 5.94923757176337 7.31290920860215 7.42058423327275 7.44524995018136 6.9254668640351 5.5255010572197 5.04632428404559 6.96640513689996 7.12165383735412 7.43805938814254 7.39797263355199 7.33023572614289 7.23637654986235 6.78228117768993 7.11772542986022 6.5038506074949 7.08150804180902 7.1077719819967 7.31843153677346 5.83288156669825 4.46176207452839 4.89632268085706 5.16046270442841 4.95492131863656 4.92410542726275 5.04258204868541 4.8862555088165 4.8053845471033 4.89890719733385 4.91889067716265 5.04544432585999 5.47865121465558 6.00025429034855 6.67324786361344 6.4548761985165 6.56685696911216 6.64990043677997 5.66467839116742 5.4528244852795 5.29790721788771 5.40219047427714
5.71951124513187 5.32511182823775 5.44014813067248 5.73979427321352 5.58943641626429 5.67780324417877 6.86675334851815 6.64175218560402 7.38949790601551 6.80827246909178 5.26524899444763 6.8538937670863 7.16422025947645 6.95585034298221 7.18962828607666 7.32333384901373 7.25227511364495 7.07103381221289 7.07354552511202 6.86448876854464 6.64790728159347 7.67030365409769 6.67596988039458 6.79124871695876 7.11596671183587 6.37626805110253 4.9554188316555 5.29928793636595 5.05941527727587 5.08088154954752 5.04291206553563 5.07342943806878 4.77546113468804 4.84537683082578 5.9025536367306 6.41865096389149 6.30951570366765 6.69736473312369 6.93911073352132 7.02853382779824 6.00042413265924 6.13753384764107 5.99954224895218 5.5156010267532 5.36575368579802 5.56611879211225
5.68700539299969 5.59432552726575 5.57847505915341 5.46030067097246 5.56138207052403 5.24785999340276 6.12718742193113 6.10674451574993 6.92073725583302 7.03846116995905 6.77693885283469 7.32760186667654 7.41038923813782 7.23356499343552 6.14108231176088 6.63336926170433 6.44734704696294 7.03972579019667 7.02323312250677 6.76487321355994 7.21518610608814 7.67038192140799 7.09691846881829 7.09275155003621 6.46701675685434 6.18258861211087 5.91117630180331 5.11670935629816 5.06851497769116 5.13569042643706 5.03018036429415 4.9700008464479 4.94219045190454 5.50186362075093 6.64662391852616 5.84768412087564 6.93396518468079 6.81297531510421 5.48748488717433 6.99007499851814 6.21876820415314 5.94630607452276 5.82910483285442 5.87791077339264 5.77055601305837 6.02030229008563
5.56231843036551 5.57710655086657 5.61921592571885 5.52654019113253 5.57597196797431 5.52619529093004 6.03431291693777 6.18556913523335 6.61501724084653 7.13429382881275 7.21011730912007 7.26643411598272 7.36319535880813 6.67017837820734 6.14548860000064 4.65134751840528 5.20622403438785 6.01673334959091 6.88783325122484 6.7427420797647 6.21322418641807 7.2733304956347 6.99946521595655 5.90750737612445 4.66451693919389 4.37291649873033 4.53472647724596 5.12960571838302 5.07819289100797 4.70391803773655 5.20137924310899 5.11518625889741 5.08757866170909 6.47618331230924 6.5046623951665 6.29953122683488 7.1224805835383 6.83719878807638 6.44419021385634 6.75405397505016 6.52245629658365 6.12417954054063 5.55327608736658 6.21509248537481 5.69211896834752 5.27875131561737
5.6214157889539 5.60543791010908 5.4892513233509 5.57222799408715 5.64232218666781 5.49761508880429 5.54696875539292 6.56213913003548 6.8579247539221 7.24771413514978 7.18199622440129 7.18422846521995 6.70182106089664 6.2393419251662 5.0391896362954 4.54136306251585 4.6347212776757 4.67960198572575 4.95799406918462 6.26193137618621 6.61482303647829 7.10092941735547 6.24871752280751 4.65538571336749 4.66418754211827 4.64116229274528 4.71087604141181 4.9827228731745 5.3990339622878 5.64367242452106 4.85513394235969 5.79735992725598 6.82727863856811 5.70118937713042 6.05528649701337 6.57670712485835 6.45866903484176 6.10553799441027 6.71049347722526 6.01406290275665 4.94268140717091 5.46958027657163 5.3634691523795 5.40603024833535 5.10047565047912 5.27374155343047
5.45115351172749 5.18331810405974 4.92324011709248 5.24029531320669 5.41300722786617 5.36420697700339 5.22287695625193 4.93229316575486 6.49848669448231 6.99193388895794 7.0547182898441 6.9788306723597 7.15311692967255 6.93643355382339 5.13757738916754 4.52024441473838 4.93988421238402 5.29455092942676 5.14801968761792 5.44659223235622 6.78052385489318 6.98919398737217 5.99671569633987 5.12365420225125 4.73967890296476 4.82395270705277 4.66064347081077 5.2174810114662 5.08476053102853 6.45951635161806 6.99364303876713 6.89428923298971 6.54413319563022 6.83390232270903 6.44663673442316 6.30354610731369 6.03536563239702 6.4923847343668 5.80794443773394 5.49951372263052 4.6187188917129 4.40421599872149 4.97213841161815 5.63776442746799 4.71602041156956 4.8204691704396
5.41461588561337 5.40640310316795 5.43836119356739 5.04735012294731 4.92455159366087 4.90568323143254 4.95500911561523 4.59502369437372 5.5744753151698 6.76450583950744 7.28271726186183 7.31106611821721 6.48150829392007 7.22984371309579 5.50294115169746 4.71540802970621 4.95915330845785 4.37750069815012 4.79599688667966 5.01271371016452 5.86091354762345 6.94139079238899 6.33987381769108 4.95643859654326 4.96682798563754 4.70342567983434 5.18836678575361 5.33878874653045 5.01655382573315 6.98514690390134 7.00443308220357 6.99817781810386 7.11125459809793 6.69466167305315 6.90557381650546 6.00033267922344 6.618792240752 6.42747135158468 6.25269372392384 5.8863217501544 4.71689813856822 4.18489979014951 4.47940057726859 4.77024249811709 4.39558363934479 4.98102464677157
