0.769436 0.0857144 0.0057197 9.9991E-05 0.0126955 0.126334
0.536666 0.0606299 0.285521 9.9991E-05 0.0392482 0.0778343
0.673045 0.138269 9.9982E-05 9.9982E-05 0.0376122 0.150874
0.804878 0.0922577 0.0662811 0.010951 0.0179504 0.00768137
0.895585 9.9973E-05 0.0558028 0.0483119 9.9973E-05 9.9973E-05
0.760946 0.0397194 0.132266 0.066869 9.9982E-05 9.9982E-05
0.488946 0.14631 0.307622 0.0248758 9.9991E-05 0.0321453
0.653285 0.147791 0.148797 9.9982E-05 0.0499274 9.9982E-05
0.117565 9.9991E-05 0.728501 0.0447972 0.0213854 0.0876506
0.304017 0.132552 0.386792 0.0137204 0.0320328 0.130886
0.1108 0.42297 0.318318 0.0527863 0.0452312 0.0498949
0.256759 0.138694 0.368414 9.9991E-05 0.036388 0.199644
9.9982E-05 0.723151 0.207087 0.024794 0.0447684 9.9982E-05
0.0656319 9.9982E-05 0.717347 0.0755091 9.9982E-05 0.141312
0.392617 9.9991E-05 0.421733 0.0558435 0.0472406 0.0824662
0.161656 0.136793 0.701251 9.9973E-05 9.9973E-05 9.9973E-05
0.415769 9.9973E-05 0.416959 9.9973E-05 9.9973E-05 0.166972
0.558894 9.9982E-05 0.390282 9.9982E-05 0.0331419 0.0174827
0.0120747 0.0883692 0.18288 0.156303 0.0627394 0.497634
9.9973E-05 0.0925645 0.301121 9.9973E-05 9.9973E-05 0.606014
0.0955135 9.9982E-05 0.210817 9.9982E-05 0.0187256 0.674744
0.0707559 0.0970071 9.9991E-05 0.0300412 0.0158897 0.786206
9.9973E-05 9.9973E-05 0.0758286 9.9973E-05 0.0750377 0.848834
0.041181 9.9991E-05 0.141176 0.0119712 0.035033 0.770539
0.0803252 0.0599054 0.213067 9.9982E-05 9.9982E-05 0.646503
0.133494 9.9973E-05 9.9973E-05 9.9973E-05 0.0117625 0.854443
9.999E-05 0.000303195 0.00139087 0.0716166 0.0374001 0.889189
9.9982E-05 9.9982E-05 0.097424 0.0589841 0.0413142 0.802078
0.0692845 9.9973E-05 9.9973E-05 0.0321041 9.9973E-05 0.898311
0.0617591 0.0183783 9.9991E-05 0.0836688 0.000182493 0.835911
9.9973E-05 9.9973E-05 0.12544 0.0344548 9.9973E-05 0.839806
9.9973E-05 9.9973E-05 0.173493 0.0249905 9.9973E-05 0.801216
9.9982E-05 0.0403192 0.158503 9.9982E-05 0.0684849 0.732493
0.301336 0.189689 0.333407 0.013765 0.0745976 0.0872056
0.51042 9.9982E-05 0.268037 0.00937654 9.9982E-05 0.211967
0.812729 9.9982E-05 9.9982E-05 0.0707479 0.00317649 0.113147
0.788423 0.14508 9.9982E-05 9.9982E-05 0.0462483 0.0200481
0.298732 0.245762 0.27584 0.0634912 0.00972454 0.106451
9.996E-05 9.996E-05 9.996E-05 9.996E-05 0.9995 9.996E-05
9.9973E-05 0.210692 9.9973E-05 9.9973E-05 0.0357938 0.753215
0.740799 9.9982E-05 9.9982E-05 0.135612 0.000954578 0.122434
0.43188 0.19211 0.284658 9.9982E-05 9.9982E-05 0.0911531
0.065226 0.275136 0.315304 0.087195 0.0098749 0.247264
0.0123715 0.561864 0.227914 0.110306 0.051508 0.0360359
0.0592999 0.919482 0.00184554 9.9991E-05 0.0187764 0.000495835
9.996E-05 9.996E-05 9.996E-05 9.996E-05 0.9995 9.996E-05
0.268913 0.170178 0.256132 0.0458378 0.0772951 0.181644
0.0760552 0.379501 0.368253 0.0779269 9.9991E-05 0.0981638
0.16041 0.157863 0.27454 0.0804404 0.0169097 0.309837
0.0195397 0.0746293 0.150449 0.729953 0.0253286 9.9991E-05
9.9982E-05 0.117789 0.123069 0.715696 0.0432462 9.9982E-05
0.217064 9.9973E-05 9.9973E-05 0.775517 9.9973E-05 0.00711915
0.0395094 0.119683 0.104725 0.670226 0.0616133 0.00424312
0.0550882 9.9991E-05 0.0592109 0.774658 0.0468775 0.0640658
9.9973E-05 9.9973E-05 0.140743 0.812358 9.9973E-05 0.0465989
9.9964E-05 9.9964E-05 0.317966 0.681634 9.9964E-05 9.9964E-05
9.9982E-05 0.0071163 0.236747 0.749091 0.00684577 9.9982E-05
9.9973E-05 9.9973E-05 9.9973E-05 0.849681 0.043418 0.106601
0.0866735 0.00349215 0.0837186 0.781975 0.0389007 0.00524018
0.1366 0.244962 0.0316619 0.572084 0.0145921 9.9991E-05
9.9982E-05 0.0814482 9.9982E-05 0.771051 0.000196397 0.147104
0.107603 0.079366 9.9982E-05 0.704685 9.9982E-05 0.108146
9.9982E-05 0.514377 0.156255 0.261298 0.0678703 9.9982E-05
0.0943271 0.0653965 0.110596 0.0118498 0.0233323 0.694499
0.126976 9.9991E-05 0.104551 0.0136269 0.0440997 0.710646
0.157796 9.9964E-05 9.9964E-05 9.9964E-05 9.9964E-05 0.841804
0.0630537 0.130275 0.100548 0.675516 0.00793385 0.0226734
0.114072 0.364065 9.9982E-05 0.465392 0.0562712 9.9982E-05
0.037917 0.143808 0.0802775 0.676668 0.0384247 0.0229055
9.9982E-05 0.296404 9.9982E-05 0.62978 0.0489803 0.0246355
0.158507 9.9973E-05 9.9973E-05 0.779993 0.0612002 9.9973E-05
9.9982E-05 0.676663 0.224826 0.0869392 0.0113726 9.9982E-05
9.9982E-05 0.563238 0.379675 0.0551471 0.0017398 9.9982E-05
0.0409079 0.769895 0.119631 0.0693658 9.9982E-05 9.9982E-05
9.9964E-05 0.956279 9.9964E-05 9.9964E-05 0.0433214 9.9964E-05
9.9973E-05 0.867872 9.9973E-05 9.9973E-05 0.0292421 0.102586
9.9982E-05 0.902257 0.058483 0.00332833 0.0357318 9.9982E-05
0.179919 0.737628 0.00401784 0.00923574 0.0168641 0.0523349
9.9973E-05 0.276101 0.140477 0.583122 9.9973E-05 9.9973E-05
0.136016 0.286232 9.9982E-05 0.468877 0.108674 9.9982E-05
0.0701535 0.149214 9.9991E-05 0.682813 0.0287107 0.0690088
9.9991E-05 0.0931862 0.0466828 0.714862 0.0513742 0.0937949
9.9973E-05 9.9973E-05 0.295293 0.675362 0.0290444 9.9973E-05
0.0370963 0.147485 0.156211 9.9991E-05 0.0280958 0.631012
0.0640459 0.496812 0.0237277 0.278019 9.9991E-05 0.137296
9.9964E-05 0.942156 9.9964E-05 0.0574438 9.9964E-05 9.9964E-05
9.996E-05 9.996E-05 9.996E-05 9.996E-05 0.9995 9.996E-05
0.606986 0.135871 0.0671677 9.9982E-05 9.9982E-05 0.189775
0.635343 0.0335011 0.191078 9.9991E-05 0.0282583 0.111719
0.156951 0.0548567 0.61803 9.9991E-05 0.0468751 0.123187
9.9991E-05 0.106804 0.593036 0.111626 0.0291084 0.159326
0.606321 0.02623 0.234043 0.0664678 9.9991E-05 0.0668386
9.9973E-05 0.812248 9.9973E-05 0.142335 9.9973E-05 0.0451162
0.228354 0.179727 0.0443697 0.0289762 0.0318578 0.486716
0.120044 0.611523 9.9982E-05 0.173097 0.0951354 9.9982E-05
0.208884 0.362997 0.129344 0.0346053 0.0186958 0.245474
0.304818 9.9973E-05 0.586171 9.9973E-05 9.9973E-05 0.108711
0.583501 0.285878 0.0522793 9.9982E-05 9.9982E-05 0.0781424
0.234433 0.247943 0.391168 9.9982E-05 9.9982E-05 0.126256
0.0196061 0.0720203 0.849041 0.0591325 9.9982E-05 9.9982E-05
0.674754 0.257819 9.9982E-05 9.9982E-05 0.00697671 0.0602497
0.0231575 0.0883123 0.88823 9.9973E-05 9.9973E-05 9.9973E-05
0.144674 0.668428 9.9982E-05 0.168877 0.0178212 9.9982E-05
0.0932541 0.514071 0.0152804 0.190439 0.081645 0.10531
0.0477245 0.648047 0.0342405 0.18795 0.0819381 9.9991E-05
9.9982E-05 0.565522 0.290046 9.9982E-05 0.00345294 0.14078
0.0534219 0.46156 0.332501 0.0440757 9.9991E-05 0.108341
0.277882 9.9982E-05 0.298899 0.0510157 9.9982E-05 0.372004
0.20333 9.9991E-05 0.0269913 0.745517 0.0226226 0.00143975
0.0410813 0.174668 0.0382949 0.719947 0.0259082 9.9991E-05
0.0606247 0.579992 9.9982E-05 0.138774 9.9982E-05 0.220409
9.9991E-05 0.389134 0.350751 0.15005 0.0206565 0.0893084
0.141579 0.480681 9.9991E-05 0.109771 0.0455884 0.222281
0.019283 0.238008 9.9973E-05 9.9973E-05 9.9973E-05 0.742409
9.9982E-05 0.319254 9.9982E-05 0.575982 0.0428274 0.0617366
0.00250624 0.15225 0.145188 0.699856 9.9982E-05 9.9982E-05
0.10301 0.48988 9.9973E-05 0.40681 9.9973E-05 9.9973E-05
0.414092 0.0418192 9.9991E-05 0.0368817 0.0632122 0.443894
0.69544 9.9982E-05 0.0270266 0.0660909 9.9982E-05 0.211242
0.593567 0.188247 0.190085 0.0200926 0.00790835 9.9991E-05
0.682397 0.0248297 0.0340453 0.114408 9.9991E-05 0.14422
0.386394 9.9973E-05 0.274677 9.9973E-05 9.9973E-05 0.338629
0.658976 0.0371462 0.0774423 0.0184359 0.0150225 0.192977
0.655453 0.160257 0.0311738 9.9982E-05 9.9982E-05 0.152916
0.737354 9.9982E-05 0.196445 0.0573044 0.00869589 9.9982E-05
0.402053 0.117877 0.139193 9.9982E-05 9.9982E-05 0.340677
0.142323 9.9964E-05 0.857277 9.9964E-05 9.9964E-05 9.9964E-05
9.9973E-05 9.9973E-05 0.926976 9.9973E-05 0.00346732 0.0692565
0.144205 0.0711885 0.776105 9.9982E-05 0.00830163 9.9982E-05
0.377124 0.0674831 0.218776 0.0744403 0.00555263 0.256624
0.147296 0.034053 0.761662 0.0426617 0.0142278 9.9991E-05
9.9991E-05 0.210117 0.595816 0.0132209 0.0106575 0.170088
0.556632 0.189912 0.222468 9.9982E-05 9.9982E-05 0.0307883
9.9982E-05 0.181824 0.0398047 9.9982E-05 0.000937682 0.777233
0.0720777 0.00665861 9.9973E-05 9.9973E-05 9.9973E-05 0.920964
9.9973E-05 9.9973E-05 0.15219 9.9973E-05 0.0363043 0.811205
0.0630321 9.9982E-05 0.166851 0.0623195 9.9982E-05 0.707597
0.0128646 0.188153 9.9991E-05 0.0182416 0.00208402 0.778557
0.486523 0.190585 0.260462 0.0593961 0.00293308 9.9991E-05
0.744975 0.114628 9.9982E-05 9.9982E-05 0.0260994 0.114097
9.9964E-05 0.150689 9.9964E-05 0.848911 9.9964E-05 9.9964E-05
9.9982E-05 0.1256 0.115379 0.732028 0.0267931 9.9982E-05
0.0409393 9.9991E-05 0.0731276 0.851263 0.0159271 0.0186433
9.9973E-05 0.41737 9.9973E-05 0.527886 9.9973E-05 0.0544441
0.103822 9.9982E-05 0.00149996 0.866271 0.0282062 9.9982E-05
9.9982E-05 0.11353 0.0143666 0.743212 9.9982E-05 0.128692
0.0753841 0.0698785 9.9982E-05 0.823142 0.0313951 9.9982E-05
0.0705225 0.00478494 9.9982E-05 0.820872 9.9982E-05 0.103621
9.9982E-05 0.124514 0.0283151 0.763533 9.9982E-05 0.0834384
0.0307555 0.0960557 9.9991E-05 0.785075 0.0181055 0.069908
0.141609 0.0656726 9.9982E-05 0.748777 0.043742 9.9982E-05
0.0307706 0.0366374 0.0990241 0.7576 0.0290454 0.0469225
0.0568639 9.9991E-05 0.151894 0.749296 0.0195043 0.022342
0.0545657 9.9991E-05 0.0260813 0.861417 0.0221542 0.0356816
0.0800374 0.112563 9.9982E-05 0.789352 9.9982E-05 0.0178476
0.159334 9.9973E-05 9.9973E-05 0.817556 0.0228099 9.9973E-05
0.0735865 0.0554082 0.00631206 0.805569 0.0152871 0.0438377
0.0246519 0.733568 0.108205 0.102313 0.00680702 0.024455
0.0433891 0.872087 0.0842235 9.9973E-05 9.9973E-05 9.9973E-05
0.0587991 0.176426 9.9973E-05 0.764475 9.9973E-05 9.9973E-05
0.222664 0.081588 0.0463133 0.617706 0.0313528 0.000375538
9.9982E-05 0.190599 9.9982E-05 0.78167 0.00641984 0.0211113
0.0991778 0.613439 0.148186 0.138998 9.9982E-05 9.9982E-05
0.843175 0.139383 9.9973E-05 9.9973E-05 0.0171416 9.9973E-05
0.612055 9.9982E-05 0.227101 9.9982E-05 0.023345 0.137299
0.285715 0.146335 0.110418 0.0220924 9.9991E-05 0.43534
0.10695 0.0788258 0.25135 9.9982E-05 9.9982E-05 0.562675
0.0493742 0.0669351 0.120748 0.0122328 0.00326407 0.747446
0.0879684 9.9982E-05 0.0726321 0.0557677 9.9982E-05 0.783432
0.200789 9.9982E-05 0.0661058 9.9982E-05 0.00860978 0.724295
9.9991E-05 0.0769645 0.19882 0.00191652 0.0248851 0.697314
9.9991E-05 0.100005 0.134609 0.0682731 0.0585198 0.638493
0.129509 9.9982E-05 9.9982E-05 0.0586108 0.047943 0.763737
0.704855 0.141068 0.021578 9.9991E-05 0.0158032 0.116596
0.782064 0.0559462 9.9991E-05 0.0339395 0.0513999 0.0765508
0.677312 0.107396 0.139318 0.0340912 0.0417828 9.9991E-05
0.783231 0.216369 9.99641E-05 9.99641E-05 9.99641E-05 9.99641E-05
0.768302 0.084433 0.127852 0.0192128 9.9982E-05 9.9982E-05
0.531295 0.311372 0.157033 9.9973E-05 9.9973E-05 9.9973E-05
0.103527 0.133741 0.629234 9.9982E-05 9.9982E-05 0.133297
9.9982E-05 0.0557709 0.864246 0.0398495 9.9982E-05 0.039934
9.9973E-05 9.9973E-05 0.969929 0.000242204 0.0295292 9.9973E-05
0.150295 0.0250548 0.677891 0.0683547 9.9991E-05 0.0783047
0.21761 9.9991E-05 0.685542 0.0578783 0.00331753 0.0355519
9.9982E-05 9.9982E-05 0.240504 0.041323 0.140959 0.577014
9.9973E-05 0.21186 0.096796 0.691044 9.9973E-05 9.9973E-05
0.00668157 0.103956 0.0163698 0.740619 0.0502239 0.0821493
9.9982E-05 0.135322 0.0817937 0.779154 0.00352981 9.9982E-05
0.0872131 0.153776 0.0730747 0.673534 0.00484741 0.00755569
0.185643 9.9982E-05 9.9982E-05 0.751209 0.0129231 0.0500245
0.0677167 0.0460568 0.554392 0.0894267 0.0160541 0.226354
0.306124 9.9982E-05 0.46882 9.9982E-05 0.048437 0.176419
0.152903 9.9982E-05 0.742345 9.9982E-05 0.0405089 0.0640424
0.212249 0.22017 0.280061 9.9991E-05 0.0569115 0.230508
