0.0982993 0.763949 9.9991E-05 0.0657566 0.0718947
0.0730168 0.784059 0.0383212 0.000511822 0.104091
0.213569 0.633642 0.016448 0.00793819 0.128402
9.9982E-05 0.789758 0.0070926 9.9982E-05 0.202949
9.9973E-05 0.925962 9.9973E-05 0.0737381 9.9973E-05
9.9982E-05 0.929739 9.9982E-05 0.0390792 0.0309817
0.0182427 0.824703 9.9991E-05 0.06678 0.0901742
9.9982E-05 0.778371 0.0376987 9.9982E-05 0.18373
0.231114 0.67025 9.9982E-05 0.0984356 9.9982E-05
0.220997 0.48631 0.0253944 0.0167178 0.250581
0.0799197 0.341424 0.0499358 0.052581 0.47614
0.22058 0.459239 0.0136317 9.9991E-05 0.306449
0.0441108 0.131719 0.0552629 0.0480479 0.72086
0.250582 0.468154 9.9991E-05 0.0791939 0.20197
0.167319 0.686085 0.0457453 0.100751 9.9991E-05
0.103257 0.614002 0.0080915 9.9991E-05 0.274549
0.251362 0.644716 9.9991E-05 0.0192366 0.0845853
0.0887438 0.859789 0.0392231 9.9991E-05 0.0121437
0.497934 0.156874 0.0498719 0.172984 0.122337
0.688709 0.154901 9.9982E-05 9.9982E-05 0.15619
0.691238 0.221603 0.00232354 9.9991E-05 0.084735
0.83771 9.9991E-05 0.0218162 0.0213069 0.119067
0.938062 9.9982E-05 0.0481175 0.0136206 9.9982E-05
0.818141 0.0657701 0.0421788 0.0172419 0.0566683
0.686916 0.236453 9.9982E-05 9.9982E-05 0.0764313
0.915489 0.059429 0.0248823 9.9982E-05 9.9982E-05
0.906469 9.9982E-05 0.0207375 0.0725936 9.9982E-05
0.878439 9.9991E-05 0.0374443 0.0684288 0.0155879
0.953876 0.0391277 9.9982E-05 0.00679601 9.9982E-05
0.878327 9.9982E-05 9.9982E-05 0.0724668 0.0490062
0.931594 9.9982E-05 0.0182262 0.0499795 9.9982E-05
0.880465 0.0453691 0.0285385 0.0455276 9.9991E-05
0.831377 0.0389241 0.0804568 0.0230318 0.0262101
0.130587 0.548822 0.0667064 0.00395666 0.249929
0.365431 0.603146 0.00143156 0.0298919 9.9991E-05
0.115284 0.759037 9.9982E-05 0.125479 9.9982E-05
0.0630673 0.72542 0.0311297 0.0165955 0.163787
0.180218 0.437772 0.007421 0.0622486 0.312341
9.997E-05 9.997E-05 0.9996 9.997E-05 9.997E-05
0.763798 9.9982E-05 0.0359542 9.9982E-05 0.200048
0.109891 0.750319 9.9982E-05 0.139589 9.9982E-05
0.189524 0.628232 9.9982E-05 9.9982E-05 0.182044
0.264511 0.356152 0.0182775 0.15148 0.209579
0.12013 0.106711 0.046163 0.172762 0.554234
0.0311213 9.9973E-05 9.9973E-05 9.9973E-05 0.968579
9.997E-05 9.997E-05 0.9996 9.997E-05 9.997E-05
0.271988 0.361842 0.0935923 0.0154186 0.257159
0.139756 0.41996 9.9991E-05 0.0926347 0.347549
0.349595 0.361893 0.0243633 0.135339 0.128809
0.0599503 0.0655474 0.0229689 0.788532 0.0630019
0.00866771 9.9991E-05 0.0241138 0.787579 0.17954
0.021404 0.155041 9.9982E-05 0.823355 9.9982E-05
9.9982E-05 9.9982E-05 0.0445515 0.695733 0.259516
0.0710659 0.014232 0.0698947 0.844707 9.9991E-05
0.0820242 0.0573907 9.9982E-05 0.860385 9.9982E-05
9.9973E-05 0.246307 9.9973E-05 0.753393 9.9973E-05
0.0413449 9.9991E-05 0.0260411 0.822579 0.109935
0.0968888 9.9982E-05 0.0390905 0.863821 9.9982E-05
9.9991E-05 0.0604642 0.0411647 0.783055 0.115216
9.9991E-05 0.0734659 0.0494616 0.586948 0.290025
0.0756798 9.9991E-05 0.0152979 0.884597 0.0243254
0.0763027 0.0222428 9.9991E-05 0.730383 0.170972
0.0274689 0.0517694 0.0602528 0.315973 0.544536
0.82695 0.0919128 0.0140721 0.0406413 0.0264239
0.773023 0.0548201 0.0187199 0.0037697 0.149668
0.801755 0.148299 0.0497461 9.9982E-05 9.9982E-05
0.0793768 0.0785925 0.0128471 0.695594 0.133589
9.9991E-05 0.0383547 0.0887546 0.499572 0.373218
0.0781866 0.107102 0.0249775 0.74609 0.0436443
9.9982E-05 9.9982E-05 0.0524176 0.684812 0.26257
0.00849674 0.0769044 0.057696 0.806882 0.0500212
9.9991E-05 0.223288 0.0049418 0.136194 0.635477
0.0352613 0.136381 0.0129207 0.077775 0.737662
9.9991E-05 0.0265751 0.00172555 0.0520341 0.919565
9.9973E-05 9.9973E-05 0.00183552 9.9973E-05 0.997865
0.0908558 9.9982E-05 0.0137036 9.9982E-05 0.895241
9.9982E-05 9.9982E-05 0.0406738 0.0357695 0.923357
0.114354 0.144809 0.0160638 0.0614851 0.663288
9.9982E-05 0.10033 9.9982E-05 0.646427 0.253043
9.9991E-05 0.0943599 0.163912 0.443992 0.297636
0.0961958 9.9991E-05 0.0265202 0.724979 0.152205
0.0995566 9.9991E-05 0.0559139 0.728237 0.116192
9.9991E-05 0.184701 0.0448045 0.693477 0.0769167
0.711307 0.0728199 0.0266178 0.015574 0.173681
0.123215 0.0472748 9.9991E-05 0.316061 0.51335
9.9973E-05 9.9973E-05 9.9973E-05 0.114043 0.885657
9.997E-05 9.997E-05 0.9996 9.997E-05 9.997E-05
0.16607 0.63671 9.9982E-05 9.9982E-05 0.19702
0.169843 0.686907 0.0411999 9.9991E-05 0.101951
0.232025 0.521423 0.0547352 0.0293135 0.162502
0.27577 0.356246 0.0545353 0.080634 0.232814
0.0514251 0.790149 9.9991E-05 0.0724751 0.0858506
9.9973E-05 9.9973E-05 9.9973E-05 0.144853 0.854847
0.628769 0.173657 0.0470555 0.0353656 0.115152
9.9991E-05 0.163398 0.0748218 0.234678 0.527002
0.309981 0.265685 0.0421847 0.0755012 0.306648
0.178729 0.786433 0.00193326 9.9991E-05 0.0328045
0.0633447 0.675298 9.9982E-05 9.9982E-05 0.261157
0.125652 0.515047 9.9982E-05 9.9982E-05 0.359102
0.0391058 0.621436 0.0209087 0.0262742 0.292275
0.0323989 0.608939 0.0147603 9.9991E-05 0.343802
0.0193468 0.587768 0.0145927 9.9991E-05 0.378192
0.0345449 0.0796069 0.040152 0.227879 0.617818
0.0699025 0.0281231 0.094698 0.152791 0.654486
9.9982E-05 9.9982E-05 0.0835108 0.151729 0.764561
0.224982 0.134715 0.000603908 9.9991E-05 0.639599
0.202549 0.222646 9.9991E-05 0.111957 0.462748
0.447458 0.502568 9.9991E-05 0.0491762 0.000698553
0.0150401 0.162788 0.0321112 0.789961 9.9991E-05
0.0300889 0.0525806 0.0319564 0.781548 0.103827
0.186055 0.0645816 9.9991E-05 0.163705 0.585558
0.149517 0.169545 0.0212968 0.15593 0.503712
0.262307 0.106691 0.0824484 0.154205 0.394349
0.700518 9.9973E-05 9.9973E-05 9.9973E-05 0.299183
0.0788747 9.9991E-05 0.0338165 0.65902 0.228188
0.0071355 0.0304752 9.9991E-05 0.664066 0.298224
9.9982E-05 0.122236 9.9982E-05 0.488703 0.388861
0.480312 0.394182 0.055995 0.0635401 0.00597144
0.235638 0.676966 0.000838717 0.0864572 9.9991E-05
0.0175483 0.791461 0.0267237 0.0550664 0.109201
0.0341033 0.836265 0.00323684 0.111383 0.0150113
0.404914 0.522257 9.9982E-05 9.9982E-05 0.072629
0.187891 0.668433 0.00976249 9.9991E-05 0.133813
0.11211 0.827846 9.9991E-05 0.0408897 0.019055
9.99867E-05 0.863458 0.0149795 0.121362 9.99867E-05
0.420975 0.405537 9.9991E-05 0.00455002 0.168838
0.143245 0.777091 0.00780834 0.0241719 0.0476845
0.200145 0.609135 0.0341138 9.9991E-05 0.156506
0.0936121 0.657109 9.9982E-05 9.9982E-05 0.249079
0.265474 0.4825 0.00160356 0.0892255 0.161197
0.0982317 0.705233 0.0383841 0.0754985 0.0826522
0.214329 0.453201 0.0191553 9.9991E-05 0.313214
0.073808 0.838331 9.9991E-05 0.031162 0.056599
0.849573 9.9973E-05 9.9973E-05 9.9973E-05 0.150127
0.840172 0.0779612 9.9982E-05 9.9982E-05 0.0816671
0.959343 0.00403925 0.0364176 9.9982E-05 9.9982E-05
0.796413 0.136444 9.9982E-05 0.0669429 9.9982E-05
0.810366 0.0242626 0.0247545 0.0599282 0.0806881
9.9991E-05 0.639301 0.0127814 0.0794029 0.268415
0.177894 0.692275 0.0171998 9.9991E-05 0.11253
9.9973E-05 9.9973E-05 9.9973E-05 0.914153 0.0855466
0.037583 0.0287676 0.0398273 0.808023 0.0857989
0.0212035 0.063688 0.0066759 0.908333 9.9991E-05
0.05952 0.0512177 9.9991E-05 0.66898 0.220183
0.0165863 0.0390357 0.0496336 0.852844 0.0418999
0.108289 9.9982E-05 9.9982E-05 0.764742 0.126769
9.9991E-05 0.0640332 0.0126774 0.869725 0.0534644
0.0799279 9.9991E-05 0.0032632 0.852513 0.0641955
0.0602904 0.0235782 9.9991E-05 0.856245 0.059786
0.115436 9.9991E-05 0.0126771 0.869706 0.00208096
9.9991E-05 0.00832643 0.0274573 0.822614 0.141503
0.049907 0.0710974 0.0565171 0.764401 0.0580775
0.0197829 0.154761 0.00682371 0.818532 9.9991E-05
0.0629157 0.0482221 0.0153493 0.873413 9.9991E-05
0.00483626 0.0451966 0.0144168 0.822594 0.112956
9.9982E-05 0.114123 0.0349155 0.850762 9.9982E-05
0.0792992 0.0237548 9.9991E-05 0.870248 0.0265983
0.0319852 0.0150987 0.00333096 0.15425 0.795335
0.0194392 0.0313594 9.9982E-05 9.9982E-05 0.949001
9.9982E-05 0.0645299 9.9982E-05 0.839919 0.0953509
9.9991E-05 0.212909 0.0183401 0.689957 0.0786938
0.0115988 9.9991E-05 0.0175983 0.894226 0.0764771
9.9991E-05 0.108656 0.0112043 0.173042 0.706999
0.00767688 0.890471 0.0329729 0.00496938 0.0639095
0.229964 0.728632 0.0412036 9.9982E-05 9.9982E-05
0.474717 0.348497 9.9991E-05 0.028859 0.147827
0.619533 0.21962 0.000345416 0.00978548 0.150716
0.790192 0.0262608 0.00240141 9.9991E-05 0.181046
0.823102 0.0695772 9.9991E-05 0.0240213 0.0831996
0.729633 0.192989 0.0278392 9.9991E-05 0.0494386
0.798588 0.0327595 0.0287182 0.0187307 0.121204
0.783895 9.9991E-05 0.0264113 0.102645 0.0869485
0.816788 0.0292032 0.0385205 0.0814952 0.0339935
0.0687021 0.889401 0.0174838 0.024313 9.9991E-05
0.0505208 0.749756 0.0572497 0.0958006 0.0466727
9.9991E-05 0.737332 0.0294324 0.0664029 0.166732
9.99731E-05 0.734193 9.99731E-05 9.99731E-05 0.265507
9.9982E-05 0.727346 0.031303 9.9982E-05 0.241151
0.0134556 0.633928 0.00171593 0.0267576 0.324143
0.23601 0.543078 0.0265264 9.9991E-05 0.194286
0.178602 0.51581 0.0139935 0.0363171 0.255278
0.0711821 0.600459 0.0511367 9.9991E-05 0.277122
0.184935 0.585787 0.0246887 0.0642295 0.14036
0.152597 0.623421 0.0357794 9.9991E-05 0.188102
0.674712 0.0341218 0.170602 0.103725 0.01684
0.0713945 9.9991E-05 0.0389469 0.719309 0.17025
0.0686497 9.9991E-05 0.0363412 0.780844 0.114065
0.00458617 0.0133505 9.9991E-05 0.844448 0.137515
9.9991E-05 0.169779 0.00310654 0.709609 0.117406
0.060519 0.0216455 0.0327174 0.781995 0.103123
0.272211 0.415685 0.0273181 0.100916 0.18387
0.268373 0.585021 0.0237248 0.00138348 0.121497
0.140373 0.787397 0.0613925 0.010738 9.9991E-05
0.241671 0.506764 0.0562241 9.9991E-05 0.195242
