0,17.9448291210648,18.1545504553322,19.9927392650078,23.3522263386292,23.5040432683152,26.5398663379278,22.8622083796388,49.0041607243783,50.5775885390588,75.2745875875399,50.9584157157708,49.2230309739955,49.3478978975421,44.6138572010805,45.6952397314556,45.6821412370274,48.2336910792377,47.3617366043892,45.5868641465805,34.9518492917704,35.6484860257903,34.4570982848619,51.8929455970996,74.9772068274103,81.8381763505266,49.6117101072441,49.5431369859859,44.6707036545965,44.325265546784,42.8725615744109,47.3458281797478,54.0914283096833,39.6125574255394,47.0576434126951,45.6685759061068,53.0158758064034,62.2416951022544,61.9340232929001,63.1285092668902,62.1509077455191,62.7214300966126,62.1394903323282,62.1309334458083,67.1296907499416,66.730251060272,70.8980621948751,66.5183322972809,71.4449210277223,66.9238328684291,67.0771272698221,40.0676658667341,39.1125087033613,39.9672097523007,40.1185587974059,40.5690921730746,38.9142371293197,38.349261458283,27.6663091274146,32.5165669449685,31.7560626549639,31.115486637035,30.7736795869914,66.0625439361207,33.756055035922,42.4018473833004,70.3568499451263,70.932532203421,69.3936517659814,66.8965383863048,64.8757546766991,63.2144338331052,68.0560625629709,67.159563790156,65.7927545501226,40.2264447862168,42.0836647856276,50.2967403807732,35.9183938488999,33.9958708313526,44.256502988044
17.9448291210648,0,19.6178173656889,17.5740542507102,18.5340313006943,23.6364928350154,26.1748952282822,21.2535782695158,47.8473826462156,49.4242042386978,74.9628279380073,49.8215620141273,48.0803203380778,48.2016842976356,44.437903071075,45.4816285626313,44.9757978484924,47.5515695943842,46.6520115737918,44.9127484221419,34.908349925158,35.6461310930708,34.4640519609136,51.3830495397222,74.7462764172828,81.596225897048,48.9533206143202,48.9315013578331,44.5460627723279,43.2036167338641,41.7467841288184,46.2234587934577,53.8579969482644,39.6456483076743,46.8289220571069,45.4428975262006,51.8955151785599,61.9545663359622,61.649032708504,62.841365860281,61.849385059264,62.4193566523839,61.8356485215436,61.826618934843,66.8288199050971,66.4337170365271,70.5988027210433,66.2200199927602,71.1462987606886,66.6246742120646,66.7824417061182,39.6140568381375,38.6782245342794,39.5505764265741,39.5807137789951,40.2989840086651,38.637214064875,38.043702040601,27.7977864303624,32.5989218370826,31.9152231119562,31.2938199475462,31.0583162162098,65.2930944309729,32.7956496593368,41.6252011876032,70.0833088211734,70.6612272219086,69.121318437819,66.623116900364,64.563698797153,62.9024908835041,67.7516129898627,66.8557613993616,65.4730087466855,39.714122387342,41.5889270184589,49.9870023874121,35.6559407080784,34.3617894555546,43.0608783146172
18.1545504553322,19.6178173656889,0,23.9434462012288,24.8595153378704,18.2592928573319,23.372904525897,18.8488078727827,48.8934625142628,50.4579265392482,74.8572507127858,50.9268749945574,49.184183833635,49.2765920573575,44.2314523098991,45.2783067616482,46.0666074536518,48.6061076170457,47.7351269985892,45.9681671201727,35.3081940662177,35.8897613666546,34.7478667479757,51.3217699111515,74.6381396632823,81.4852846711754,49.0299167236023,48.9555607820757,44.3931854634048,43.9224941565085,42.4596578650817,47.0449483111203,53.7332639355252,39.69018238057,46.6209269470604,45.225714257777,53.0260344114227,61.840485314395,61.5347668008649,62.728143092064,61.7370561652279,62.3076496731578,61.723862550842,61.7154361136,66.7194513519694,66.3233263852597,70.4894900524109,66.1099481335036,71.0370248807525,66.5149665752843,66.6717400119247,40.4703944042409,39.5266922167411,40.3579481566768,40.5379798236092,40.8860926022236,39.2580370251067,38.7180581624322,26.3708575941876,32.922011955191,32.136689637426,31.5960864813267,31.2164763510163,66.3894927185124,32.4929039713624,41.7298021505709,69.9702916859289,70.5480416168599,69.0081336548685,66.5099410867405,64.4562537165408,62.7947604242956,67.6430061392492,66.7467761620308,65.3674943223224,39.5137602249493,41.3969865620441,49.8214356669608,35.0298259855692,33.8119160227414,44.1369121145875
19.9927392650078,17.5740542507102,23.9434462012288,0,17.1962348776864,26.6729481956449,28.5752944465741,24.6289585025818,48.2070693750031,49.7936159702224,75.615577113199,50.0903611197117,48.3577845479843,48.516013363769,45.0537278333701,46.1303893048509,44.7734599248975,47.3660751718893,46.4630689326381,44.7170002307743,34.817455000093,35.6763350213642,34.4485126847076,52.1876938362453,75.3219849460636,82.1854395926677,49.7775799535554,49.7578913093353,45.0627287573044,43.8861043194824,42.4412434075612,46.7921361234057,54.452038207215,39.8386446920254,47.4964292075355,46.1159460095217,52.1162156458998,62.5911391462346,62.2836824383929,63.4771458180801,62.4984227160498,63.0683513073654,62.4864496154451,62.477318386353,67.4744441475358,67.0760469975407,71.2427942264864,66.8637948514751,71.7896288310019,67.2689373970948,67.4232505908782,39.4108591985248,38.4640124283089,39.3643384843948,39.3503721318838,40.2069913794501,38.5167968908509,37.893477166933,29.0916575619386,32.4906234231964,31.8520427579559,31.1411726896772,30.9755715491193,65.1564514552026,34.2738332656258,42.5446903491487,70.7055419325109,71.281423051673,69.7425237509057,67.2453826655854,65.2184851596437,63.5574334272154,68.4000322308023,67.5039006544429,66.1335228434984,40.6445307368889,42.4952075819657,50.6932337458191,36.7067066512515,34.8511671990485,43.4350269523804
23.3522263386292,18.5340313006943,24.8595153378704,17.1962348776864,0,26.7248156023549,28.2545042496073,23.9848102719922,47.0053872275266,48.5955849075698,75.1505235359498,48.9071592527358,47.1686794462299,47.3240717986358,44.6971357710992,45.7417261312759,44.0313800284299,46.6451150528131,45.7160580952208,44.005040302018,34.6711898521675,35.5384749312662,34.3281028134304,51.5565532853898,74.9282440499182,81.7816423769111,49.0255768330611,49.0443490390086,44.7566214851882,42.7334905503349,41.2861729479292,45.6300319464987,54.0542410027139,39.6990306426705,47.0943721823078,45.7156737901869,50.9492730193695,62.1470528087377,61.8414661381132,63.0331274104328,62.0418015754735,62.6113002997688,62.0278334327818,62.0183390504814,67.0186625808402,66.6240004648066,70.7884397674387,66.4102077335863,71.3358403838543,66.8146362564043,66.9728074103046,38.9097537824604,37.983761816798,38.8948739679083,38.7743145402637,39.856512632811,38.1654970193548,37.5216623050502,28.9054887439764,32.456543921523,31.8686275664279,31.1994200495838,31.0969766555969,64.3466480678576,33.4002500714934,41.7035997311975,70.273566118259,70.851408577866,69.3115995440452,66.8134967167054,64.7530108681549,63.0920342355565,67.9411613601743,67.0455671574955,65.6614417729838,40.0141830774128,41.8778920982648,50.2253644394235,36.2622239083411,34.8950880424187,42.1944464819542
23.5040432683152,23.6364928350154,18.2592928573319,26.6729481956449,26.7248156023549,0,18.3473189988691,17.1366606643954,48.9487735255135,50.5042779934662,74.595951906295,51.0561494840757,49.3070179944121,49.3686444504004,44.0110930957924,45.0214372097553,46.5641437195689,49.0929875400816,48.2231132527605,46.4626648916947,35.7909903733102,36.2739704815074,35.1772137654125,50.8983606599133,74.4565453771925,81.289748050383,48.5959150367329,48.5147780720716,44.2786495755485,43.6906175272851,42.2181132800966,46.913353796428,53.5330408178929,39.928884088448,46.3434878279434,44.9422649916154,53.1937159548029,61.5958760213724,61.2921562960149,62.4843681182992,61.4794869707338,62.0501365006563,61.464463293075,61.4561544081075,66.4654927244683,66.0727780758114,70.2372314262151,65.8579017753713,70.785454909521,66.2624183761791,66.4227689308719,40.982109465617,40.0481919070721,40.8592985680203,41.0642144720702,41.3234317181586,39.7192127133297,39.200870161916,25.1359628387974,33.4584299441533,32.6613070246888,32.206625294884,31.8114702633559,66.837472463781,31.2469078706759,41.1985828892373,69.7405809895865,70.3204421180303,68.7794880649396,66.2801964096837,64.1927867243144,62.5311238116744,67.3861519086055,66.4902059979778,65.0980924487723,38.9333408720715,40.8460674072023,49.5015476628418,34.253864518578,33.8726083589821,44.187867319955
26.5398663379278,26.1748952282822,23.372904525897,28.5752944465741,28.2545042496073,18.3473189988691,0,18.8068714751657,48.9271497387598,50.4738432154797,74.2295534324015,51.1015369924717,49.34701561897,49.3802106876864,43.6874091535481,44.6608552462323,46.9188935761398,49.4377558734037,48.5698035033022,46.8136814572955,36.121209858814,36.5195878070437,35.4627877744122,50.369026944717,74.1678534485192,80.9875110292338,48.0607836598309,47.9703721422205,44.0584242725295,43.393258022674,41.912056158085,46.7115845548525,53.2265445253791,40.0468041754649,45.9622767053082,44.5552092590568,53.2733001854502,61.2457986330494,60.9440342098673,62.1351035795502,61.1167226673652,61.6874275035857,61.0999063837956,61.0917135252279,66.1062658364733,65.7168861928536,69.8796673719474,65.5005448415198,70.428564271761,65.9045708166664,66.0684194003688,41.3406525140741,40.4145134477964,41.2078812919959,41.4376862405368,41.6126078490652,40.0295910916665,39.5306826618236,23.7765327099713,33.8385590716901,33.0358550832425,32.6526552149747,32.2523451021791,67.1517265464998,29.7656477018741,40.5640020301833,69.4050500931677,69.9869724426766,68.444997879697,65.9446338319054,63.8242557066595,62.1624253090196,67.0240930629651,66.1284242957002,64.7237519066067,38.2313835339821,40.1767935656692,49.0767161434599,33.3311605599045,33.8777984023823,44.1670327592604
22.8622083796388,21.2535782695158,18.8488078727827,24.6289585025818,23.9848102719922,17.1366606643954,18.8068714751657,0,46.9668788979581,48.5249552851088,73.4757616104727,49.0973361092165,47.3425686210551,47.3989828390998,43.0330382327621,44.010274051609,44.9890632946827,47.5382435143035,46.6450960290768,44.9146786023795,34.7701193485615,35.316259267342,34.2134812190038,49.5906388246422,73.4075983878519,80.2318076922437,47.1247930520992,47.0961247924547,43.3308069318885,41.7163088567599,40.237591960819,44.9516366026885,52.485683517474,39.0454337129424,45.3204381722324,43.9242028201722,51.2519313365301,60.4991709802889,60.1973623910224,61.3874519558066,60.3697974934312,60.9398220823877,60.3526212263972,60.3437600479203,65.3556909398056,64.967002043979,69.1288252413494,64.750498103932,69.6775967546098,65.1541911494569,65.3186800649847,39.6205505630282,38.7012261473779,39.5305688242532,39.6299313897183,40.1307131025636,38.515206563943,37.9683806322368,25.0130172643986,32.5205858843737,31.7886862517437,31.3169527299536,31.0107135150297,65.2080853308451,29.2918214001883,39.5960632602036,68.6555042691059,69.2373584429904,67.6955054631051,65.1952607472158,63.0727647108997,61.4112659302111,66.273046800794,65.377753558577,63.9709025181014,37.6472701668528,39.5759151203834,48.3971643957605,33.333812675816,33.3713294817344,42.1691020815878
49.0041607243783,47.8473826462156,48.8934625142628,48.2070693750031,47.0053872275266,48.9487735255135,48.9271497387598,46.9668788979581,0,20.5476189904253,88.1202024978715,35.5182666920447,32.8615118349352,28.3653667979567,58.911480830304,59.6678441308334,53.8051271280755,56.3397829478586,55.1659638084635,54.0083595849966,50.5984475735495,51.4407329189029,50.3711207625555,63.054874471699,88.6577010320113,95.4090636226811,58.9075084699267,59.5456163039685,59.3681561862383,44.7227492520948,43.8179640161594,41.8914576054231,67.7619827131217,55.5611091494645,60.914655389254,59.5729820618764,41.3619861877639,75.3561735518032,75.0704367288575,76.2409302419254,75.1170792886613,75.6804992047424,75.0811890464137,75.0663242330803,80.0946936510858,79.7414182654746,83.8791135794175,79.5108237954735,84.4322890752233,79.9068986985962,80.107666135455,51.822977980752,51.2100036585722,52.0933996573876,50.9903912526094,54.1182810657149,52.4647269523429,51.6790077472322,46.417795121764,49.1104140734494,48.7731902248604,48.394147498201,48.5497377182176,71.8203366024558,49.350446834005,51.97454175575,83.6069583529234,84.205776910555,82.6563861597533,80.1481438508102,77.7238656070498,76.0644965244415,80.9831949155244,80.0941876902153,78.5591441861276,52.7307014558654,54.5285841757383,63.3705594391091,51.3350999750031,51.9801584586099,32.5280161335646
50.5775885390588,49.4242042386978,50.4579265392482,49.7936159702224,48.5955849075698,50.5042779934662,50.4738432154797,48.5249552851088,20.5476189904253,0,89.5918834714358,37.4775070920662,35.0561558081892,30.5144163242312,60.4147355215798,61.1622371240226,55.4896505219664,58.0205797157472,56.8517789922662,55.6873441712331,52.1910930316342,53.0226399097933,51.9563384555113,64.4839196230884,90.1543801449511,96.9020892435658,60.2968280836508,60.9504898532809,60.8886901944536,46.0116233081168,45.128584539916,42.9107398977756,69.256340330308,57.1276862491026,62.4052985751539,61.0640512062408,43.1595313204337,76.8350345170116,76.5499378767346,77.7198233634145,76.5916708773343,77.1549436287231,76.5551039128664,76.5401135281721,81.5695650140176,81.2175695793892,85.3544739298052,80.9864471649521,85.9078437978285,81.3822773921188,81.5843672566783,53.4639906096441,52.8480211317094,53.7286002810575,52.6443162671404,55.7287315095066,54.0780451393679,53.2974712492828,47.9458485852882,50.6987006804675,50.357024608371,49.9817075458118,50.1322221809415,73.5168713683439,50.8601609071786,53.3878020611247,85.0900305879911,85.6895295272381,84.1398210028297,81.6312432042699,79.1954278855483,77.5360877807145,82.4570081984538,81.5681861869903,80.0284571923154,54.1894149465522,55.9856742638694,64.8431438663563,52.833780960211,53.5317298016171,34.6731265933532
75.2745875875399,74.9628279380073,74.8572507127858,75.615577113199,75.1505235359498,74.595951906295,74.2295534324015,73.4757616104727,88.1202024978715,89.5918834714358,0,90.5316081836392,88.7828327489025,88.6789149047836,64.0912074950847,63.2574433275924,86.1142428673412,88.4398195769106,87.72110589786,85.8257700282308,73.2933571426154,72.5904253382236,72.1825131613356,74.3383800636668,78.233506887906,82.0039427188441,76.1888270421727,75.2145817544708,67.1521195623333,81.4774929761085,80.0905195922495,84.7155916198701,59.7238208896756,74.5694872937737,64.8883305889184,64.4241026703657,92.8020718037527,51.1252969880928,51.1031211396236,50.216606636118,50.7113119249188,50.1446566891141,50.5607820682514,49.4140241990908,44.7018608988876,46.626243951643,46.3318443196759,45.9631747676036,45.9506404892937,44.9609377328306,47.4849976071312,79.3494899744738,78.4563089193764,78.9135475593262,80.0073152554609,77.7343707523074,76.6192963226535,76.5538372137623,68.8225833087466,72.0231555954564,71.4445343263291,71.7409363230973,71.6273429510925,106.36622745594,74.9261662368331,75.4000200353886,59.0081720133287,60.6427203903626,58.7324776101599,55.8487185100601,46.2459416181077,45.75882843787,44.9166837316412,45.7091121059854,49.770380239635,71.0810190964028,71.7927767126773,65.1971827141303,71.6642845868706,72.3237339006494,83.6633211362398
50.9584157157708,49.8215620141273,50.9268749945574,50.0903611197117,48.9071592527358,51.0561494840757,51.1015369924717,49.0973361092165,35.5182666920447,37.4775070920662,90.5316081836392,0,19.4264174995921,27.9255730540012,61.130891797723,61.9523372072004,53.8685633586681,56.3588894304797,55.1400456798801,54.1093415007294,52.0685882161453,53.009003717582,51.9169927081076,65.7931780707681,90.8934394171842,97.6716511397291,61.8892449773247,62.4403490616692,61.4455592199071,48.822324156387,47.829142022347,46.9851286373115,70.0198174275273,57.2737132235019,63.2291708287346,61.8877128455608,31.3255444606978,77.7202738201683,77.4300603013967,78.6044353436053,77.5108537295975,78.0750422682166,77.4795549647987,77.4653103953483,82.4851222258546,82.1231926873039,86.266033867331,81.8962142557119,86.8178083110595,82.2938671834947,82.4856661639249,52.6077797083965,52.0583960307303,52.9543315557195,51.6044898053068,55.2988262391476,53.6235357933425,52.7802603188751,48.6413127063403,50.6641175377775,50.3811782797167,49.9833194416335,50.1974912951127,71.2442139426037,51.8389235379136,54.9605763291039,85.9407267632054,86.5347943434802,84.9876530109281,82.4817828030127,80.137024578746,78.4775859212114,83.3808166856346,82.4906638865522,80.9874897238969,55.3808187213789,57.1730066161385,65.8058721761563,53.7433512290255,53.908614535311,38.1150357538141
49.2230309739955,48.0803203380778,49.184183833635,48.3577845479843,47.1686794462299,49.3070179944121,49.34701561897,47.3425686210551,32.8615118349352,35.0561558081892,88.7828327489025,19.4264174995921,0,24.7099135201777,59.3960378246886,60.2117611470668,52.4040608365832,54.9089761543868,53.6935665492919,52.643632350612,50.406532130701,51.3369247580746,50.2465345870575,64.0148759492812,89.1596741202721,95.9354972617371,60.0933010551256,60.6500447138091,59.7244283560181,46.9193326372933,45.9285465217337,45.0593001624217,68.2836923241435,55.5864269885977,61.4857663457933,60.1440340670551,32.5605552942051,75.9752920876541,75.6854589637508,76.8595332704874,75.7633652448334,76.3275087551813,75.7316874781864,75.7174102477514,80.7380259897928,80.3768087768773,84.5192426629733,80.1495289699037,85.0711394289028,80.5470581524664,80.7395975214956,51.0384643308605,50.4789463900502,51.3751038911743,50.0573466291815,53.6780096701922,52.0045027159246,51.1680812456134,46.8906962036835,48.9897502222051,48.7001658132868,48.3028830143742,48.5101499178264,69.9070737549945,50.0563458224487,53.1528794158745,84.1983930030485,84.7928640055545,83.245529232828,80.7394552561077,78.3880290721065,76.7285860665553,81.6331252402878,80.7430581750374,79.2372464011134,53.601196117061,55.3950974137847,64.0527549137041,51.9801444198695,52.1931738835607,35.7640937153415
49.3478978975421,48.2016842976356,49.2765920573575,48.516013363769,47.3240717986358,49.3686444504004,49.3802106876864,47.3989828390998,28.3653667979567,30.5144163242312,88.6789149047836,27.9255730540012,24.7099135201777,0,59.37879206425,60.1667172097075,53.2084940978995,55.7205506030569,54.5247427343774,53.4299759990761,50.6988473415908,51.5894604551224,50.5089201932245,63.7730619438466,89.1317192678771,95.896076076809,59.7420847793927,60.3390927061828,59.7660812486938,46.1478585236034,45.2005708938089,43.7972027714445,68.2468899326105,55.7809321327696,61.4281897147465,60.086755418871,36.6447374159873,75.8922164012514,75.6043217721754,76.7766696734124,75.6674178651029,76.2311964310055,75.6337345785286,75.6191569720428,80.6433560599152,80.285922804427,84.4260809241261,80.057067837744,84.9785792127296,80.4538973086184,80.6503546062158,51.5837021571211,51.0023102955172,51.8917986800869,50.666633951,54.074806400978,52.4105993305776,51.5964519657402,46.8930664997275,49.2524966971655,48.9422155199948,48.5540583052776,48.7387252771058,70.9037823264184,49.9600780576741,52.8212407349928,84.1283429019078,84.7248720372809,83.1765665681183,80.6694686228305,78.2834660171944,76.6240695638084,81.5353151461134,80.6457625901749,79.1260404944472,53.4121390025782,55.2064294649912,63.9422107569084,51.9001471306119,52.3077402189983,34.8887303796842
44.6138572010805,44.437903071075,44.2314523098991,45.0537278333701,44.6971357710992,44.0110930957924,43.6874091535481,43.0330382327621,58.911480830304,60.4147355215798,64.0912074950847,61.130891797723,59.3960378246886,59.37879206425,0,26.3089606583494,55.5563127107852,57.857741700738,57.1760968007309,55.2263519167091,41.8305504338264,40.9075330376094,40.5836296056911,49.5300590333663,62.2318778441614,69.0953728027647,50.6575393124137,49.7467135316588,31.7492011212065,52.8627742864907,51.4502853934696,56.0757029041004,40.0870642246348,42.4656715220023,30.7493277427251,29.9407769043803,63.2989942745933,50.1629497170108,49.7981396606978,51.0888002031461,50.4913074085901,51.0975782889169,50.5587561112692,50.5825169647926,55.5597856496587,55.0215243006454,59.2931501968497,54.8627237599649,59.8271234786955,55.3015861416736,55.314198148753,48.4236362005367,47.5064687801275,47.9322399436627,49.2012122151652,46.5120973164502,45.4196277475185,45.4080055125094,37.9329006723836,40.5591244534095,39.9382447187898,40.3424939908035,40.1940334416438,75.9458668162861,44.9535925149256,47.2997146169221,58.0489895141712,58.5727137478211,57.0531724398381,54.5771652122823,53.6446523954381,51.9721496114198,56.5979401987233,55.672898312036,54.820394364129,42.2185580976617,43.1515480918086,39.5018867920114,41.0999957321702,40.4116994795369,54.4035371564204
45.6952397314556,45.4816285626313,45.2783067616482,46.1303893048509,45.7417261312759,45.0214372097553,44.6608552462323,44.010274051609,59.6678441308334,61.1622371240226,63.2574433275924,61.9523372072004,60.2117611470668,60.1667172097075,26.3089606583494,0,56.8230231558502,59.1412919068969,58.4398777695454,56.5157968070545,43.4516032262511,42.6351606981038,42.2533571236988,48.8032272595729,62.8372483006722,69.4330450793876,50.3859051938992,49.3766461609629,35.7953084775595,53.4055055851913,51.9948469521521,56.6588248525359,40.4464554495221,44.3579773381329,22.9106720283412,23.8107998497431,64.1558550184089,49.4949653886139,49.1705261004741,50.458832511787,49.5749073360504,50.1984365990158,49.6152786720581,49.6572167733502,54.7965061474384,54.3084792829209,58.5679029636935,54.1245555547163,59.1175423833692,54.560995005892,54.6281566656364,49.8733580726485,48.9615891018553,49.4159094274148,50.5832683299783,48.1604179281925,47.0308532500388,46.9779613521912,38.9180575988342,42.1120421239049,41.479210582724,41.8312760130538,41.6669125550655,77.1609422459867,45.7060612121188,47.5246009103867,57.7176956750219,58.2809471507061,56.7407087120923,54.2429333141777,52.7204001603372,51.0373082560026,55.7896595344268,54.861828229737,53.8150783961968,42.2972015059176,43.1127794742729,36.5746532125827,41.7857565691313,41.8919053835512,55.1646972766932
45.6821412370274,44.9757978484924,46.0666074536518,44.7734599248975,44.0313800284299,46.5641437195689,46.9188935761398,44.9890632946827,53.8051271280755,55.4896505219664,86.1142428673412,53.8685633586681,52.4040608365832,53.2084940978995,55.5563127107852,56.8230231558502,0,26.9392736419959,20.5610621635593,21.272037510938,41.052395044168,42.7127335068764,41.5354179025113,63.6201000418195,85.2687240812027,92.2371054050576,61.1635576283189,61.220090713191,54.8132641063179,53.728418953341,52.42451610537,55.2663096926392,64.576383305503,48.1143815381458,58.3161391148297,56.9909091182911,54.7501864901597,72.9917909736494,72.6709974159405,73.8702921468086,72.9841760845495,73.552534113167,72.9836147920073,72.9725454092741,77.9298794256588,77.5100547161164,81.6864558884202,77.3074661294128,82.2284828102371,77.715348854504,77.847031444391,33.2496253820615,33.6983850280886,34.5682325554806,29.7897483662243,40.60637708037,38.8153336353148,37.3995671577237,44.1387338662016,40.7215769542679,40.9541408267488,40.5868646792333,41.3129209186072,50.0780310164242,49.3554048839654,54.5466949863676,81.0009578446684,81.5625416042914,80.0309204225726,77.5414028529331,75.7352867834272,74.0759021316165,78.8738591584679,77.9764926795332,76.6871513047149,52.9818099918549,54.6886707483175,61.6668607825143,50.0970443585348,46.9466817886329,49.8472979657788
48.2336910792377,47.5515695943842,48.6061076170457,47.3660751718893,46.6451150528131,49.0929875400816,49.4377558734037,47.5382435143035,56.3397829478586,58.0205797157472,88.4398195769106,56.3588894304797,54.9089761543868,55.7205506030569,57.857741700738,59.1412919068969,26.9392736419959,0,22.3946362510087,18.7705164156612,43.2130767911861,44.865045730867,43.7118202539214,66.0341735853931,87.5435756038282,94.5207619363453,63.6110910714022,63.6583787758252,57.0619402954279,56.2738126584193,54.970791115233,57.808821045797,66.8632407807211,50.3030758408702,60.6441354918577,59.3214790768823,57.1988259844375,75.3062281037555,74.9841832743704,76.1842818760216,75.3067413410911,75.8751270562388,75.3073519483012,75.2962727227322,80.2505235040503,79.8284905619254,84.0060546469102,79.6268591866415,84.547658824975,80.0350878250121,80.1644612532524,34.3007592818869,35.1611083264556,35.6043647107438,31.381446248174,42.1311935884609,40.4150490089816,38.9860379671111,46.5964432519447,43.002167118753,43.2606073483296,42.9316075246057,43.6736119300294,46.2978270618074,51.8683954867558,57.027427295824,83.3061714355005,83.8664169290517,82.335454898957,79.846629748217,78.0619752107613,76.4026613264646,81.1963668433337,80.2987856054888,79.0176743721167,55.4217714086034,57.1217815929694,64.0178736040958,52.5368007637524,49.3089410840651,52.4287531581954
47.3617366043892,46.6520115737918,47.7351269985892,46.4630689326381,45.7160580952208,48.2231132527605,48.5698035033022,46.6450960290768,55.1659638084635,56.8517789922662,87.72110589786,55.1400456798801,53.6935665492919,54.5247427343774,57.1760968007309,58.4398777695454,20.5610621635593,22.3946362510087,0,19.4346951509893,42.7378198365759,44.3788376834081,43.2115814078256,65.2133651726872,86.8816581998947,93.8493163507693,62.7420201675387,62.8040809993383,56.4363316850662,55.2402879430722,53.9406921309988,56.7330817680273,66.189674882144,49.7681873738439,59.9320103208692,58.6072172034695,55.9566137795417,74.6007608946282,74.2801313485791,75.4792324109778,74.5920267585967,75.1603230536969,74.5912766158742,74.580151773954,79.5376763917264,79.1182063856379,83.2943696538452,78.915475797128,83.8364422195059,79.3232836411415,79.4553300554527,34.7395428508493,35.321494850368,36.0233365527874,31.5683401459525,42.14899539042,40.3896749774369,38.9842801767664,45.7815256430734,42.4225048160465,42.6519025964964,42.2960963805846,43.0158502188752,48.2279850975335,50.9749915097313,56.1268901873604,82.6108974051229,83.1726522918691,81.6409549315338,79.1513564919565,77.342194793599,75.6828285635242,80.4813663086683,79.5840606104192,78.2934282210188,54.5844976360277,56.2911687931366,63.275973093237,51.7205029168005,48.6102730849821,51.26258302041
45.5868641465805,44.9127484221419,45.9681671201727,44.7170002307743,44.005040302018,46.4626648916947,46.8136814572955,44.9146786023795,54.0083595849966,55.6873441712331,85.8257700282308,54.1093415007294,52.643632350612,53.4299759990761,55.2263519167091,56.5157968070545,21.272037510938,18.7705164156612,19.4346951509893,0,40.48535609478,42.1575485359958,40.997739981485,63.4491612062643,84.9146952610555,91.8941173931199,61.0468160172733,61.08693145765,54.4181164458133,53.7934166845091,52.4862484479919,55.3730078340912,64.2360303685255,47.6159156849606,58.0213174278343,56.6986581340265,55.0075076446829,72.6881317326473,72.3657063292298,73.5661394744939,72.6911722170255,73.2596255280173,72.6921752144987,72.6811507763906,77.6346811671648,77.2119101492972,81.3899149850702,77.0105867389659,81.9314005471349,77.4189506726447,77.5475595172951,31.5141033467031,32.3085110069933,32.897006047681,28.1897609626351,39.4477718034673,37.7038008876682,36.2549878676645,43.9692521660476,40.2812349948588,40.548205556193,40.2144064287262,40.9662464257477,47.3976698033616,49.2746414255799,54.4672824582796,80.685514402271,81.2453573557265,79.7145853059927,77.2259605924555,75.4480697923332,73.7887492541448,78.5811376915077,77.6834579114354,76.4050661945637,52.8318300231883,54.5308212300168,61.4059020707331,49.9258819241794,46.6430211218798,50.0504578261799
34.9518492917704,34.908349925158,35.3081940662177,34.817455000093,34.6711898521675,35.7909903733102,36.121209858814,34.7701193485615,50.5984475735495,52.1910930316342,73.2933571426154,52.0685882161453,50.406532130701,50.6988473415908,41.8305504338264,43.4516032262511,41.052395044168,43.2130767911861,42.7378198365759,40.48535609478,0,19.5753237339531,15.7213435663891,52.4544521146222,71.6385893554834,78.7306922563125,50.9692265082531,50.7161240865034,40.2757206375178,47.0034984218103,45.609823007403,49.6031276125691,51.0436000007445,29.0877959739448,45.1107488269094,43.7969892589969,53.8232884650574,59.9564289266321,59.6147991178924,60.8315591729777,60.0868359292319,60.6582538961524,60.1074368766131,60.0987269365484,65.0141653333836,64.5546688510504,68.7542604217578,64.368748825074,69.289699616805,64.7837145845806,64.874234579202,31.7731558149826,30.5469063573471,31.0489050511596,33.2040250171557,29.2904509802179,27.4435704163987,27.356661430653,32.1539170868518,19.256981692109,21.3213560504434,22.3240284208138,23.993297672571,62.153598573228,39.2597029356765,44.8745791701317,67.82371029751,68.3633386038876,66.8421368702454,64.3636093799828,62.9246164017441,61.2652040623013,65.9912026671586,65.0888100329424,63.9461949932646,41.9390500434138,43.5354942079842,49.0503161919419,38.3669630387313,31.7513426354112,46.1222045801028
35.6484860257903,35.6461310930708,35.8897613666546,35.6763350213642,35.5384749312662,36.2739704815074,36.5195878070437,35.316259267342,51.4407329189029,53.0226399097933,72.5904253382236,53.009003717582,51.3369247580746,51.5894604551224,40.9075330376094,42.6351606981038,42.7127335068764,44.865045730867,44.3788376834081,42.1575485359958,19.5753237339531,0,13.9757865768969,52.200318501591,70.7181953407147,77.8442113992695,50.9145957479844,50.6045309834674,39.0674339811179,47.5268537706882,46.1277793256715,50.2168179398081,50.1519044153299,24.7967998301127,44.3460496700432,43.0406166947367,54.8181892484724,59.1982893152621,58.8510398545769,60.0721862084074,59.3657708744453,59.9377745352862,59.3919524563146,59.3836408600822,64.2868812489901,63.8169599795543,68.0224570034212,63.635463618989,68.5560848824763,64.0522192611318,64.1318973877656,33.6308288549495,32.5136633077259,32.8653254327043,35.0580403553961,30.5371902825614,29.071167994752,29.2319713788788,32.1980467797423,21.5323992587457,22.1923093645893,23.8794234255152,24.886127954442,63.6964819995295,39.54742326213,44.9908342478794,67.0266341676086,67.5603673085145,66.0419856711796,63.5664315095948,62.2252739443709,60.5659758293831,65.2726418240484,64.3690296010353,63.2651480300431,41.8126553682664,43.3702341244047,48.4349096804034,38.2441744307867,31.1934077376894,46.9534844086032
34.4570982848619,34.4640519609136,34.7478667479757,34.4485126847076,34.3281028134304,35.1772137654125,35.4627877744122,34.2134812190038,50.3711207625555,51.9563384555113,72.1825131613356,51.9169927081076,50.2465345870575,50.5089201932245,40.5836296056911,42.2533571236988,41.5354179025113,43.7118202539214,43.2115814078256,40.997739981485,15.7213435663891,13.9757865768969,0,51.5318495064389,70.4534686194656,77.5552781390535,50.157262650959,49.8706417263966,38.9318138272497,46.5423027751777,45.1437816461058,49.2108080679932,49.857539316355,26.1122193711447,43.9326486252695,42.6187307672962,53.7147694783285,58.8227191666089,58.4790637092172,59.6978296500792,58.966780497316,59.5386754875152,58.9895664343808,58.9812572771225,63.8932565632618,63.4297066526177,67.631817966507,63.2454552823255,68.1666511134222,63.6612015013327,63.7475374856563,32.5403383339552,31.3864585626828,31.8269277717517,33.896844674129,29.8762852855829,28.2606096003737,28.2860121107848,31.2666103803697,18.6183328845854,19.8667212081173,21.7441618084521,23.0498022272845,62.5452855270108,38.5785716775577,44.1421177669986,66.6772178798108,67.2147623473177,65.6945148890267,63.2169986875587,61.8142351103931,60.1547429118713,64.8736449545903,63.9706651802108,62.8430167625755,41.0535596643686,42.6323297710934,47.9505264545657,37.4337214106849,30.3233520161636,45.8810966534641
51.8929455970996,51.3830495397222,51.3217699111515,52.1876938362453,51.5565532853898,50.8983606599133,50.369026944717,49.5906388246422,63.054874471699,64.4839196230884,74.3383800636668,65.7931780707681,64.0148759492812,63.7730619438466,49.5300590333663,48.8032272595729,63.6201000418195,66.0341735853931,65.2133651726872,63.4491612062643,52.4544521146222,52.200318501591,51.5318495064389,0,78.1201826813155,84.3744934082985,42.8219304998998,39.0414301381563,52.4315610966215,55.2652527850781,53.8769554483649,58.7862836371666,56.8794327095188,54.739732749407,49.3916829390431,48.1544530858792,68.2411841572808,62.4006176263962,62.2012958152769,63.3046490751591,61.5854347323647,62.1414797018467,61.4623658360731,61.443402906695,66.6718806848365,66.4766766490242,70.5268771029428,66.1785680340188,71.1082857781856,66.5482416119895,66.9135245383792,57.7923691694303,56.9204633921329,57.5346166473013,58.0994160161035,57.2335158539806,55.896830066688,55.6097879990073,45.1869782486083,50.8228569268772,50.1727354642791,50.2413249583202,50.0480574575873,83.6135392055023,49.9145051929997,46.7229018759445,71.2421997842357,71.9297665648943,70.3380800225895,67.7851901841378,63.8691419833666,62.2057767062882,67.427469777366,66.5555994585743,64.4205858982245,42.5309497581521,42.5256227955105,48.1791458897615,46.9825973186456,50.7687257969466,58.6093006699921
74.9772068274103,74.7462764172828,74.6381396632823,75.3219849460636,74.9282440499182,74.4565453771925,74.1678534485192,73.4075983878519,88.6577010320113,90.1543801449511,78.233506887906,90.8934394171842,89.1596741202721,89.1317192678771,62.2318778441614,62.8372483006722,85.2687240812027,87.5435756038282,86.8816581998947,84.9146952610555,71.6385893554834,70.7181953407147,70.4534686194656,78.1201826813155,0,48.7902642705599,79.4303258647983,78.5341586531467,63.117803904467,82.5635614157341,81.1652929955679,85.728783381372,52.568839408625,72.4878879322248,65.2207092746643,64.7341863944748,93.0681529833067,62.109267305616,61.2123985823508,62.3637442520702,65.536313008896,65.9364087032146,65.9352268724261,65.7515988408138,68.5648842087765,67.2914894612577,71.7115388041248,67.5039182337734,71.9925883314035,67.9695741790488,67.1799099500062,77.9884596015983,77.0885724254509,77.4503757716971,78.8438090516807,75.756721649826,74.7855888763478,74.8520072960141,68.7279625337978,70.6116641933004,70.0968003381524,70.5037420002485,70.4555971654741,105.657043428822,75.3290791340821,77.0693320052456,63.5989252182826,63.2874870988394,62.2829981155366,60.324630652655,68.9448000393049,67.394409522464,70.2661019543755,69.3748491551164,71.2776854519389,72.5593590262236,73.4423093713046,68.3954453050008,72.0405893547798,71.3267010337727,84.1802149155448
81.8381763505266,81.596225897048,81.4852846711754,82.1854395926677,81.7816423769111,81.289748050383,80.9875110292338,80.2318076922437,95.4090636226811,96.9020892435658,82.0039427188441,97.6716511397291,95.9354972617371,95.896076076809,69.0953728027647,69.4330450793876,92.2371054050576,94.5207619363453,93.8493163507693,91.8941173931199,78.7306922563125,77.8442113992695,77.5552781390535,84.3744934082985,48.7902642705599,0,85.7868228353173,84.8722397995744,70.4887276766706,89.230336977875,87.8332252656619,92.4092706836694,59.045524819976,79.6400387656042,71.7309201175717,71.2714904842097,99.8610763577654,65.7680787896027,64.7696999346947,65.7837223924831,69.748850095883,70.0849918048187,70.1956764979166,69.9509671804847,72.1753934326833,70.7546747543893,75.1483097378302,71.0522191804045,75.3485694580618,71.5038885586826,70.5470348169458,85.0422835269837,84.1428881831823,84.5216920700295,85.8642064102,82.9173593831675,81.9197773829498,81.9630520597302,75.5425452464388,77.6580735592581,77.1299647835069,77.5194272816045,77.4579296086918,112.604161091347,82.0778715629062,83.636937190702,64.8198733823491,64.1392780693781,63.4171407766658,61.7240399746955,73.066006520239,71.5510607849917,74.0206427464761,73.1540824228701,75.6178983887621,79.1285380128727,79.9832536136589,74.5359490972847,78.7730699840905,78.282135562859,90.9335983980564
49.6117101072441,48.9533206143202,49.0299167236023,49.7775799535554,49.0255768330611,48.5959150367329,48.0607836598309,47.1247930520992,58.9075084699267,60.2968280836508,76.1888270421727,61.8892449773247,60.0933010551256,59.7420847793927,50.6575393124137,50.3859051938992,61.1635576283189,63.6110910714022,62.7420201675387,61.0468160172733,50.9692265082531,50.9145957479844,50.157262650959,42.8219304998998,79.4303258647983,85.7868228353173,0,28.2622549336855,52.9050667296935,50.2829989158685,48.9260434912386,53.8979529822708,58.3053733414568,53.7432779814179,51.2054945437054,49.9437691692195,64.466123050238,64.1891642655576,63.9738306388735,65.0796148686014,63.4792716382848,64.0286253059544,63.3692506527867,63.3428304531922,68.5005781320589,68.2854821936605,72.3396496991742,67.997475817645,72.9145619174301,68.367827085391,68.7115504221227,55.8054956628576,54.9564186093084,55.6243085845311,55.9537890815594,55.6769009683998,54.274775276199,53.9047202780801,43.3745312737772,49.2876908069644,48.6599717103155,48.6308431377385,48.4607972515379,80.9881697340164,47.1278737601345,40.9038130900874,72.9041856556957,73.5769207486827,71.9929424018038,69.4481690933993,65.7674245669938,64.1096279150091,69.2743978876089,68.4042893314848,66.3575282168223,41.649313043445,42.4621405055378,51.3200665118433,45.5060786358227,49.5521859961374,54.525156254212
49.5431369859859,48.9315013578331,48.9555607820757,49.7578913093353,49.0443490390086,48.5147780720716,47.9703721422205,47.0961247924547,59.5456163039685,60.9504898532809,75.2145817544708,62.4403490616692,60.6500447138091,60.3390927061828,49.7467135316588,49.3766461609629,61.220090713191,63.6583787758252,62.8040809993383,61.08693145765,50.7161240865034,50.6045309834674,49.8706417263966,39.0414301381563,78.5341586531467,84.8722397995744,28.2622549336855,0,52.1534807605217,51.2002813961591,49.8252566066184,54.8144489828143,57.3785862546199,53.3500269752746,50.1406494443608,48.8762329559325,64.9714272893082,63.211458880889,62.9985879366241,64.1054888897138,62.4857524698754,63.0372827779434,62.3742179910748,62.3501045306589,67.5234175002279,67.310049730156,71.3653444398289,67.0208298567617,71.941439235188,67.3916752099552,67.7374533325743,55.7151382534657,54.8579716369325,55.5111344929296,55.9114357671507,55.4602559847167,54.0753675128166,53.7289596295669,43.107747714293,49.0404375083505,48.4021022358529,48.4000015810912,48.2183887265033,81.1020916312493,47.1353597961959,41.6254702044373,71.948824126703,72.6236695552062,71.0384827391632,68.4924424541122,64.781125946792,63.1218109308437,68.2953431740908,67.4242701699109,65.3673619738479,40.6040722473709,41.1216233513361,50.0049351619325,45.0516430907267,49.1800533535788,55.1312805007906
44.6707036545965,44.5460627723279,44.3931854634048,45.0627287573044,44.7566214851882,44.2786495755485,44.0584242725295,43.3308069318885,59.3681561862383,60.8886901944536,67.1521195623333,61.4455592199071,59.7244283560181,59.7660812486938,31.7492011212065,35.7953084775595,54.8132641063179,57.0619402954279,56.4363316850662,54.4181164458133,40.2757206375178,39.0674339811179,38.9318138272497,52.4315610966215,63.117803904467,70.4887276766706,52.9050667296935,52.1534807605217,0,53.7815371942535,52.3707641051868,56.8854941081329,42.2123375884619,40.2632417655485,38.5451667253251,37.5388873186262,63.5351305410949,53.084578295043,52.6724601079293,53.9528161890953,53.6891939231522,54.2710604017577,53.7832301211403,53.782196474657,58.5551465551352,57.9619797384215,62.2406793947031,57.8320323811228,62.754539388153,58.2712079487038,58.2232379736286,47.1785650704972,46.2564968725793,46.5845485912843,48.1535367598184,44.6440978630774,43.6926478896337,43.8167954859732,38.4770215230092,39.3106637894368,38.7821141998475,39.3180046622494,39.2702372981936,75.3220447637908,45.7415448703087,48.8974643528874,60.507613599459,60.9778836769806,59.4883025908793,57.0434078108521,56.821453554942,55.1625630651772,59.643505386475,58.7241241617354,58.0808936991055,44.273209224302,45.3842663417882,44.5089455306963,42.344772778855,39.9159667634463,54.8635009679567
