IBR/IBR_outputs/all.combrep_1/EucDistWater_Total.PersistForestCover_Total.Spinifex_Total.WeatheringIndex_Total/EucDistWater_Total.PersistForestCover_Total.Spinifex_Total.WeatheringIndex_Total.asc
NCOLS 160 
NROWS 95 
XLLCORNER 210004.651214014 
YLLCORNER 7350008.22228844 
CELLSIZE 4999.99999999997 
NODATA_value -9999 
[rows 0 to 20 of 95, columns 92 to 137 of 160]
-9999 -9999 -9999 -9999 -9999 -9999 -9999 -9999 -9999 -9999 -9999 -9999 -9999 -9999 -9999 -9999 -9999 -9999 -9999 -9999 -9999 -9999 -9999 -9999 -9999 -9999 -9999 -9999 -9999 -9999 -9999 -9999 -9999 -9999 -9999 -9999 -9999 -9999 -9999 -9999 -9999 -9999 -9999 -9999 -9999 -9999
-9999 -9999 -9999 -9999 -9999 -9999 -9999 -9999 -9999 -9999 -9999 -9999 -9999 -9999 -9999 -9999 -9999 -9999 -9999 -9999 -9999 -9999 -9999 -9999 -9999 -9999 -9999 -9999 -9999 -9999 -9999 -9999 -9999 -9999 -9999 -9999 -9999 -9999 -9999 -9999 -9999 -9999 -9999 -9999 -9999 -9999
-9999 -9999 -9999 -9999 -9999 -9999 -9999 -9999 -9999 -9999 -9999 -9999 -9999 -9999 -9999 -9999 -9999 -9999 -9999 -9999 -9999 -9999 -9999 -9999 -9999 -9999 -9999 -9999 -9999 -9999 -9999 -9999 -9999 -9999 -9999 -9999 -9999 -9999 -9999 -9999 -9999 -9999 -9999 -9999 -9999 -9999
-9999 -9999 -9999 -9999 -9999 -9999 -9999 -9999 -9999 -9999 -9999 -9999 -9999 -9999 -9999 -9999 -9999 -9999 -9999 -9999 -9999 -9999 -9999 -9999 -9999 -9999 -9999 -9999 -9999 -9999 -9999 -9999 -9999 -9999 -9999 -9999 -9999 -9999 -9999 -9999 -9999 -9999 -9999 -9999 -9999 -9999
-9999 -9999 -9999 -9999 -9999 -9999 -9999 -9999 -9999 -9999 -9999 -9999 -9999 -9999 -9999 -9999 -9999 -9999 -9999 -9999 -9999 -9999 -9999 -9999 -9999 -9999 -9999 -9999 -9999 -9999 -9999 -9999 -9999 -9999 -9999 -9999 -9999 -9999 -9999 -9999 -9999 -9999 -9999 -9999 -9999 -9999
-9999 -9999 -9999 -9999 -9999 -9999 -9999 -9999 -9999 -9999 -9999 -9999 -9999 -9999 -9999 -9999 -9999 -9999 -9999 -9999 -9999 -9999 -9999 -9999 -9999 -9999 -9999 -9999 -9999 -9999 -9999 -9999 -9999 -9999 -9999 -9999 -9999 -9999 -9999 -9999 -9999 -9999 -9999 -9999 -9999 -9999
-9999 -9999 -9999 -9999 -9999 -9999 -9999 -9999 -9999 3.22141415733582 3.27006877150643 3.39694008279389 3.39244590307818 -9999 -9999 -9999 -9999 -9999 -9999 -9999 -9999 -9999 -9999 -9999 -9999 -9999 3.92043101383575 3.78050550610511 3.55176955884216 -9999 -9999 -9999 -9999 -9999 -9999 -9999 -9999 -9999 -9999 -9999 -9999 -9999 -9999 -9999 -9999 -9999
-9999 -9999 -9999 -9999 -9999 -9999 -9999 -9999 -9999 3.14702739848615 3.19368517242574 3.26069213634583 3.30309918792649 3.30181862682014 3.277495199506 3.27706070566724 3.41793109048995 3.38978861642425 -9999 -9999 -9999 -9999 3.41473245093154 3.3217437282026 3.58460409837215 3.72795661842669 3.92832653794683 3.87175673576271 3.76952099374331 3.71108624743702 3.70057437251014 3.86121381973974 4.09126786752055 4.0973832523455 3.90509019979952 3.68309900812632 3.60448647476421 3.53659362018088 3.2903380320384 3.28169992681714 3.30959303590158 3.43875547586266 -9999 -9999 -9999 -9999
-9999 -9999 -9999 -9999 -9999 -9999 -9999 3.38386022919241 3.34217300323063 3.27202850013456 3.34987592273331 3.2417022941252 3.23769202594707 3.45878001715779 3.4324318657514 3.33464381031795 3.41655914202267 3.3154231440045 3.34213081446082 -9999 -9999 3.54794711212381 3.35654342338804 3.42816822256647 3.6913576532983 3.94498615377126 4.12715506645616 4.10314547386376 4.02446982657462 3.91867345423914 3.93707317782922 3.99325828917317 4.10427512829728 4.09396264288536 3.90099592836429 3.49699106314302 2.92781055329909 2.75135003979648 2.9245568601971 3.07905247362975 3.27120508020963 3.40439338259048 3.60342760509176 3.68705704361426 3.50543682450547 3.57465639578203
-9999 -9999 -9999 -9999 -9999 -9999 -9999 3.38928347877056 3.35552087790951 3.4462700287441 3.31710917392373 3.24978014889463 3.24951038288571 3.32347079288223 3.5048585059127 3.52507676804735 3.55065391566171 3.62040747287136 3.62873949165393 3.21966168838984 3.5231257555394 3.68306443912821 3.63998135819248 3.56041941998056 3.58546635617402 3.84543332877874 4.07458136779896 4.20533358758064 4.09578322544883 3.88155721865367 3.90943454228163 3.85827810068479 3.88230573506623 3.74382543993818 3.44583438235617 3.15913243214382 3.15364374416915 2.92090959519461 3.17888636106227 3.2094457437212 3.36203342654811 3.48387918817471 3.68830487944464 3.71305312798401 3.64195371041115 3.66583015018289
-9999 -9999 -9999 -9999 -9999 -9999 3.52642975196264 3.46614781989866 3.43627218079343 3.42314511183928 3.35203834008147 3.23087162882142 3.22944229425139 3.32989111556779 3.56284928530977 3.74997123416898 4.00436206746019 3.87163738929077 3.33766668453199 3.23950892246131 3.61924304654263 3.80945843959176 3.86538479529938 3.72294027033392 3.71010802980699 3.92527698418574 3.74230000906789 3.53165598817217 3.18517409555368 2.92719884173795 2.81502876330332 2.71685607994475 2.79387544125972 3.00973364461586 3.35042583369706 3.35953028420716 3.3403101643442 3.33847923959822 3.3322284504889 3.5198053583808 3.49907603084144 3.54916359532487 3.72418186608991 3.81063540095187 3.83472479756268 3.82246490070114
-9999 -9999 -9999 -9999 -9999 3.34854964782362 3.27595452943698 3.25204062966878 3.21290592902531 3.28795426215645 3.30339322549399 3.22968977307923 3.27574466921821 3.46773602426824 3.64099152187275 3.93023731657906 4.15136901666109 3.73452784393796 3.06798150434248 3.70843327391807 3.84515227445693 3.97415144663973 3.92868320697128 3.57215568367134 3.34463563793544 3.23819766436121 3.27001754859801 3.34432480309399 3.16322562107821 2.97789332531635 2.74308836840688 2.58097452174872 2.764265189537 2.98627420527576 3.24069105796007 3.41954163523017 3.47259454540984 3.38278069402438 3.2980808049576 3.37367797527129 3.73139772130616 3.68030535223827 3.74221384205227 3.87794174025229 3.96875278819467 3.99170493369343
-9999 -9999 -9999 -9999 3.39320644117373 3.27321889777665 3.40263297357074 3.2156165605856 3.06442278356087 3.14208828673304 3.16051547096218 3.19729057894782 3.30326717888685 3.44087176050569 3.49816182260444 3.74490354145696 4.09870451401412 4.09591331817122 3.93040318534536 3.74529009398172 3.57667802534445 3.31449678228802 3.25597833602132 3.23378920971555 3.20690670215464 3.3088263684542 3.36662051727997 3.37800587390429 3.23789203034753 3.07211443055193 2.97690462100875 2.8703971045659 2.7571104826375 2.74201278413935 2.92944857424179 3.00133434697529 3.06745122194038 3.09091825999176 3.1361787818888 3.27001863626732 3.467164588444 3.64937993806792 3.82376627355613 3.85682558732991 3.92537902545554 3.94772265550264
-9999 -9999 2.95573202354351 3.18432228316973 3.28391280649452 3.3874237978628 3.38061570255091 2.12096474252903 1.7304424370923 2.54450652623869 2.92109027099335 2.80681401714238 3.22603854379569 3.32075674444806 3.3652761277808 3.56647521669203 3.12735962985189 3.16084130420752 3.11815348989771 3.0517090873823 3.13888162161305 3.33363081335422 3.33307060940946 3.31636563702688 3.35497805170873 3.34982402746464 3.40127093713841 3.38302771673389 3.32005205801569 3.20025993139296 3.04257752717659 2.77113938754329 2.53338170612791 2.6376504788377 2.84112034332683 2.82420860079671 2.72097471791317 2.80152952554368 3.08425701376133 3.17349379464312 3.42265139007878 3.53852803937794 3.75607665382906 3.82314127451009 3.89213773602782 3.99028337887041
3.11952085918926 3.04153248491196 2.38618364504049 2.5589908261979 2.71325653250874 2.54951419700322 2.080011309285 1.97365511113978 1.91188768276683 2.2877034421121 2.67512863231364 2.94002789047318 3.05690760687532 3.13487882104236 3.23980937259088 3.30788749114781 2.76209968207494 2.61093456090126 2.57638633548868 2.73507975439632 2.96854208397719 3.1911394825144 3.09864582744738 3.17348035579767 3.09395118067535 3.20119187705698 3.36964719734448 3.26401306738862 3.26413332160246 3.20189611763569 3.11009042131411 2.80567632178273 2.69138890165275 2.71430823873546 2.83526442334052 2.82372415362708 2.52851138395156 2.71280437606306 2.97285072164989 3.15667304019005 3.31001872871167 3.55530891529155 3.66968263493509 3.84561302974968 3.98040820827827 4.0272307470577
2.72299230679914 2.41177852756239 1.72601893554064 2.17279185628339 1.80050409682523 2.02157026456125 1.99819846336493 2.04295567935578 2.05563057163525 2.21438601164635 2.73601372557898 2.87509816477193 2.89984249210202 2.91815343302923 2.98564931782991 2.97082805297888 2.32751752282489 2.53324322428977 2.63891075280289 2.51116760264311 2.6078164859907 2.63624815460062 2.71371718253811 2.76854727034925 2.90457821738492 3.00013673523249 3.15086085956791 3.21226491640075 3.07923597281905 2.94041114878917 3.09363610989362 2.84310114859422 2.95473671428036 2.77638637855088 2.82888534828046 2.88531998998567 2.63880899071621 2.79138810285409 3.05385589693637 3.24454607880546 3.46582453801165 3.61282272535215 3.73253386674978 3.86552413019621 3.94703056703625 4.06390447859801
2.1199395594088 2.44823541298954 1.77411866880337 1.90469738745221 1.98815354269873 2.02315765293185 1.84927500761219 1.86599320613062 1.97238346887036 2.12161859746897 2.17968215110156 2.78483024298313 2.88459740970616 2.87184113488295 2.18119433260415 2.48208982411482 2.94969510842856 3.28314759978815 3.43819169740322 2.8610731810738 2.01556046862416 1.90035139604355 1.76768011659916 1.68628754872487 2.31779059936197 2.8552252332807 2.89798576828794 2.84733901298245 2.82003900080885 2.97316300849715 3.04353382771555 2.88112309570422 2.67159499615091 2.64500092421641 2.9335311089006 2.98137611414174 2.83730590565607 2.93574067213409 3.15634395020105 3.36168747374862 3.56976338621773 3.7148702311648 3.8020836970754 3.93768076051418 4.07893655726831 4.08964558521177
2.6219709301791 2.56312916725848 1.91891544450438 1.79190284223011 1.91708526846757 1.97886715395211 1.97654064991247 1.82557767303369 1.96289128463465 2.15558779709509 2.21809754276221 2.63912799404763 2.82710500819125 2.89136285148095 2.46063434794934 2.16188024427202 2.86240706853161 3.12632210842933 3.22918711572008 3.37217719067636 2.33583330764319 1.99318119506394 2.0304336219456 2.09578267394303 2.63680338318235 2.62523865137867 2.51093503195417 2.33389455048298 2.44432086630252 2.85548527223596 2.94166024240446 2.96101165039713 2.9039591286742 2.82817924035538 2.99884801965336 3.0485121324359 3.02623902773667 3.1815930364652 3.37469557358262 3.71871402802067 3.74255383989084 3.73550790932888 3.79007327743173 3.75934408999514 3.79497107967784 3.91273072549267
1.78996168700564 2.00887684963735 1.98471985126469 1.8065324119311 1.87802337913457 2.13034223525227 1.98526420038272 2.02591366460472 2.03680871865144 2.19348254213806 2.36345101369343 2.71665484256018 2.828985340296 2.81960354862591 2.61668377817034 1.93489586730885 1.98208041747314 2.65252626914062 3.11673233985783 3.15579709500441 3.13347899562721 2.30768418469805 1.95006088662686 2.31264741476818 2.60408811744889 2.29066791785954 2.48340898828534 2.45772487104088 2.36145768616203 2.15677473458831 2.65081847387482 2.65542732402692 2.73677771039945 2.67775050650128 2.92591982473416 2.92619204302353 2.92898789353034 3.21457519309209 3.39297758136627 3.76712104376918 3.61831576343409 3.49902616873313 3.62452482811827 3.62088634219319 3.56082724291529 3.63854606284091
1.76446252963276 1.67718571988207 1.70105763500774 1.91585977789088 1.93414614211394 2.34958374945055 2.10553789499515 2.36390048171682 2.03731684465027 2.07858001897159 2.29593830132998 3.0600495339267 2.93554268738327 2.81046220108476 2.58775865101256 1.83365928348286 2.0249026548923 3.0068210586095 3.14062621292243 2.99076650744169 2.63028127124161 2.49413099650881 2.8531529043449 2.87831155656409 2.41947168446046 2.49766711033326 2.52623397888444 2.53732957453103 2.55322309659491 2.3531627388991 2.14434148938609 2.352059950069 2.30266898750919 2.32643638144888 2.44611515896637 2.50232857171962 2.70282994755724 2.90128244450914 3.10728533656909 3.28726288078809 3.34418659759346 3.3743155224937 3.42830151348772 3.47309695999292 3.47396585482814 3.4931068815623
2.03678228851951 1.8476196000195 1.77397906944488 1.78540488939938 1.87777976219276 2.07546390464577 2.24928579294548 2.4919543560923 2.02363483707655 1.87983920017629 2.66942088562981 2.86651449317675 3.02580802270669 2.80818198698083 2.76903611051887 1.90492945416251 2.05438337158755 2.75109198042424 3.13480941319763 2.91741145083484 2.4521437168917 2.00282505902081 2.07069819001601 2.83052563676299 3.15225165997919 3.05058469013797 2.82107363714264 2.58577702110146 2.52147537308622 2.63276238731861 2.41074627651628 2.30949691520084 2.15986557317559 2.35692694066807 2.37111279195817 2.73798797631782 2.61183814848713 2.78809411239559 2.74460241902487 2.86657809152625 3.01639069143761 3.19843581347327 3.20785537926894 3.22235080158124 3.24838902735598 3.45365755638217
