IBR/IBR_outputs/all.combrep_1/EucDistWater_Total.PersistForestCover_Total.Spinifex_Total.WeatheringIndex_Total/EucDistWater_Total.PersistForestCover_Total.Spinifex_Total.WeatheringIndex_Total.asc
NCOLS 160 
NROWS 95 
XLLCORNER 210004.651214014 
YLLCORNER 7350008.22228844 
CELLSIZE 4999.99999999997 
NODATA_value -9999 
[rows 63 to 83 of 95, columns 92 to 137 of 160]
2.4835604129457 2.25268783432044 2.16016387980352 2.35239262488173 1.99109681231309 2.13688090949462 2.74131008369807 2.73419146129939 2.38290745183693 2.91387143098739 3.40689529208002 3.42580344300584 3.67226880885929 3.78230662218627 3.89662694337159 3.97704325993219 3.98487413119291 3.85672291891858 3.69141527473008 3.48080480918428 3.42272958721253 3.47483417455981 3.22950302423257 3.29144888460161 3.39950615969045 3.44494605623454 3.53972576808663 3.38154186737228 3.28703519462175 3.6497535694532 4.05306102643281 3.23801458538608 3.106373717395 3.0639917174237 3.14814473023971 3.65563752058682 3.64081313851429 3.71224691215978 3.76030565137092 3.76463991774142 3.15438331546544 3.28220310427703 3.05009928526866 3.0890250471104 2.9956899154678 3.16703587911493
2.27163046630067 2.37956782169802 3.44199905254858 3.21425237786521 3.20305767585779 2.48802770156584 2.33833690662912 2.16927603284243 2.05003171773387 2.47094315928484 2.9299558161736 2.77791728171066 3.39486008296664 3.65945001860065 3.82624083633401 3.98465366169084 3.97430857099325 3.77729994407322 3.60134716033445 3.42212236419375 3.42112850820739 3.59581472416746 3.53888091840188 3.417708217403 3.24201841718114 3.2489629572484 3.31829741738115 3.51696379792464 3.56959226926673 3.57626656144522 3.17680138939189 3.05974543590422 2.74703500217758 2.95892072943424 3.33521053917454 3.64539313419533 3.68847173831989 3.63233182163933 3.95177018966778 4.39181060632372 3.69501737415916 3.06032644123272 2.834763146918 3.21877003818841 2.93584196698226 2.87642730697329
2.48513733581236 3.14777578926277 3.5782561728578 3.76193843275855 3.75402476451324 3.19174456906046 2.66900372142041 2.26461145529553 2.36292755353052 1.93470957649039 2.11164436017788 2.26479965401004 2.86063048190988 3.58408173764849 3.83710785415346 4.04806860273255 4.09375697759715 3.86313550446492 3.64541157542189 3.52192405227196 3.55482998069355 3.45662275741534 3.60740102753762 3.55493560946164 3.46296833287834 3.43136010854281 3.24217029264653 3.38113805115903 3.58893866264548 3.63998708417103 3.3387439634636 3.19636033036727 2.66876559472293 2.73832551395065 3.07134645925231 3.5330267151665 3.74363390629044 3.70110180599975 3.58489318514295 4.0613385912785 3.69336079059911 3.16211904037096 3.20805206018066 3.51149851032762 3.3704449111835 3.31461846480169
2.4920869898638 3.15340282280554 3.3853117889133 3.98427582605654 3.66062374797429 3.73632277752142 2.98488006924752 2.62000726730704 3.22572133074082 2.55475470427269 2.40085685381514 2.00112817272278 2.55293766555051 3.36402553905317 3.72374278413285 4.11402320769923 4.07646285673987 3.75133117238677 3.74858220435349 3.67371889753593 3.70700533949704 3.76158194888454 3.71290024951523 3.58021940432227 3.58228399519736 3.43058065927145 3.28006209411398 3.33721363021352 3.41094761207194 3.53040335228146 3.47695748472515 3.53989062356929 3.04172554687621 3.16435867879023 3.31324022269292 3.37224795031445 3.07690205366432 3.72864438805706 3.01883659872143 2.88711627940599 2.28292448428002 1.96585241087128 3.02226008776108 3.5126369784013 3.49861639862851 3.26125227104913
2.40300813384282 3.02277136370406 2.65953740277049 3.87519581355647 3.75559253219837 3.49649377411121 3.26604942019404 2.28059589037555 2.28577034420402 2.06153305720489 2.09871234693748 2.10253834755994 1.97338235961829 3.09484407604798 3.43883556755823 3.31975469752034 3.32015049947773 3.46408539554531 3.89314457352339 3.78505582451864 3.83336747208165 3.90179939359943 3.20087862034941 3.64730400893371 3.63433641784249 2.89641736941257 2.69386521319239 3.28161967726107 3.27618881273431 3.43401779019811 3.23896336395384 3.29382802276917 2.89100089238198 2.3543053951378 2.42120201962745 2.7657761578095 2.94683134988748 3.08305588555133 3.37241891316396 2.71600011247563 2.24895205925236 1.64101019508496 2.44111860418115 3.18142699869841 3.55801993834285 3.22136004793505
3.61123268391219 3.22771862015522 3.93129127358275 4.10900668002309 3.67003543293356 3.22745782644452 3.42488078231206 3.08367638453092 2.41870781234217 2.48856878546313 2.11115611234062 2.33566137544034 2.29851577452663 2.97127961283388 2.97429562935561 3.07446393953306 3.19340180033424 3.13562164382155 3.29832799638223 3.94160253265806 4.05691994999445 4.12216469788321 3.92704032046541 3.88808001234901 3.78815265297128 3.08190609461572 2.70809438274746 3.20367979756648 3.3152412182168 3.48754899409662 3.34635066968047 3.15031376110973 2.23640959396372 2.48627738272832 2.78882336884537 3.05138352711318 3.10240442121858 2.93752797011494 3.10819013185981 2.45878853239304 1.97352803088617 1.46009726636874 1.68330430273632 2.59006835133802 2.63897656786349 3.26713047880802
3.14570747656455 3.42618103553283 3.66886632903851 3.11870622237961 3.15278683747155 2.40535226363701 2.69668067872635 2.34173209200218 2.45118948996201 2.48977331022969 2.29276239112676 2.28698332340762 2.74097042413038 2.81329598741763 2.65801498073099 2.53083556665336 2.96213078954371 3.23455094993873 2.89339064246752 3.7004513864455 3.83973264704065 4.00079440184698 3.78856426762048 3.82136091002491 3.96752422289076 3.7125965995531 3.41854523175077 3.25157393324164 3.42537020959102 3.49362407940266 2.78735577413753 2.4515347214895 2.28364928697824 2.3833937954867 2.74073197583996 3.03151462167698 3.02538093435503 3.34179832243617 3.27709887245107 2.37718801878329 2.63832871314435 2.91824491317891 2.31675699005576 2.88887581281833 3.01418391136895 2.9400695385216
3.3730369664292 2.94951489482955 2.91649553579436 2.43498504924159 3.22672409950015 2.5592264814776 2.32238564853803 2.44835717318175 2.98844723594829 2.58193919607527 2.32644706684855 2.35783028858231 2.9449658903232 2.4521421299898 2.57626568432561 2.60444350391165 2.62878222784827 3.07733141570036 3.04036747556728 2.96221442937366 3.78250714528789 3.93272229106261 3.9333494597907 4.10436752867296 4.1071081716857 4.02001334616159 3.89561546680042 3.05535273838821 3.15496200421633 3.4043945524937 3.36742199521759 2.52034417233863 2.82469906314256 2.76796890997164 2.85741578471556 3.02054824010556 3.1101139167855 3.76676245371881 3.14804096873769 3.17739469561886 3.34884372443525 2.71175768038002 2.72760256895024 3.14594457396725 3.63598866027207 3.8692782568863
3.69158865731393 3.7517195406087 3.69012360256487 2.99163539128029 2.49694382283674 2.21616091528324 2.68191123130732 3.3371799587899 3.53087488799137 2.56189865617341 2.13278474367647 2.18944109888068 2.22050672650088 2.17514591185932 2.28944658787404 2.10951863540554 1.91705817109134 2.48940215664748 3.43313083169126 3.52004635524538 3.73140748899155 3.7962448655855 3.63284492868682 4.09444336556063 4.22342764806258 4.1536190079368 3.97153647137366 3.21259260452331 2.93047164684088 3.2519303664235 3.34530682836931 2.69192592891118 2.8666132675473 3.59984269470011 3.54973572675122 2.93273105526937 2.95194264803113 2.93380809107701 3.74181997440635 3.85156958155819 3.21854433916183 2.80137885104363 3.19370115561551 4.23635302394301 4.29695601771247 4.28012227505701
3.27318193665445 3.61978642526416 3.77826581009118 3.56525125903905 2.9318608140648 2.55469385058482 2.65122370130936 3.21593473688868 3.95261028442013 3.53727390654185 3.21562397412788 2.89125301725957 2.47275385237935 2.62773532980687 2.44976291348822 1.98204657161392 1.90085271332748 2.17301783218535 2.89074495190028 3.53762018684909 3.50645797217563 3.17114936458303 3.1452207204323 3.98403236831259 4.11266140447703 4.10972125970219 3.96553156557879 3.69640491091099 2.80560666912822 2.90277272113183 2.92599067750395 2.77483967843162 2.55512628068343 3.48349896205543 3.75144286261562 3.19104536091551 2.81088921460372 3.07047923632814 4.02456034145231 4.25272328268474 3.54794069855987 3.06252464873725 3.46454768508596 4.41967673960423 4.4171624878669 3.99250098133366
3.69875407545516 3.73565405895179 4.16815657839618 3.16770006605347 2.66740052562953 2.38950800960478 2.58426060677415 2.7807087830506 2.88851916890507 3.85771716802584 3.48027761296124 3.11682887978777 3.12720573839778 2.70463315993993 2.2937792182794 2.44348968873705 2.28061014697393 2.14667924894907 2.27919482404522 2.73027345572969 2.53499706103992 2.47603703291584 2.79087470083469 3.9038219101424 3.96462726062673 3.94523663846045 3.93485253307754 3.21214432447464 2.74968873817204 2.65660708216762 3.06861528396635 2.59243741779161 2.32569695323977 2.89731624167829 3.50025712862275 3.67661591407533 3.47866144348979 3.57189553976318 4.11025980382618 4.24383889302455 3.5505221790669 3.64389183570429 3.94844471595679 4.45291153116683 4.59469171514563 4.24182294836099
4.00997961666053 3.66777210852575 4.00760930770001 3.88962241453516 3.04421512662392 3.35620543818578 3.85411674967058 3.42730965993345 3.20885126652293 3.55940646641009 3.4334424232566 2.76032766772842 2.62768270141832 2.67082275495629 2.97425894223691 2.6569084097861 2.53687046005329 2.29856663863627 1.99934622570438 2.11046659199321 2.10334629556748 2.32052901999784 2.56307114659577 3.0685543425189 3.77988475943879 3.77961900118894 3.62450047992744 2.55643905239036 2.66442843972123 3.02335207403751 3.39677662211325 3.06184952816329 2.71487035786208 2.73910559060542 2.7418656108556 2.92712159450944 3.27286190634467 3.35323272575962 3.83327520267898 3.9205599278165 3.72831454858789 4.32852677828035 4.60312246451369 4.62508345118412 4.31311329463603 3.27817451382549
4.09365114447277 3.75621910686323 3.84683786198363 3.63446664398978 3.8273124506844 3.93762880400247 3.74005094373358 3.61752664756998 3.59885784107518 3.23887294545561 2.88738688288335 3.36975771218848 3.65402291605233 3.68958856011139 3.33336988896766 3.04424747181235 2.86487663037785 2.29256048908303 2.0017948498701 2.27369360967641 2.42475084501586 2.49720662082711 2.55149000703929 2.72154196189577 3.38974494711771 3.57261533633409 3.18230218653221 2.40353083743571 2.60879288120708 3.38060832298539 3.59013957623096 2.92088428053263 2.76973122177089 3.02081365009761 3.0269410474069 2.61936696533069 2.65934534382978 3.52072280812314 3.7797045857219 3.81047988484669 3.54455473129835 4.12446119359581 4.37797671625162 4.19522556729524 4.1601750499372 3.84833963527597
3.87654879746045 4.15096091502851 3.91646329344668 3.31416485879167 3.34264537078442 3.43644683905078 3.16335904997018 3.04137843191468 2.92023592933809 2.85511518846217 2.86746599886355 3.56621447953377 3.46202830809512 4.05143670777406 4.02546547947156 3.59772991530512 3.86643413218819 3.51693788749473 2.78231619886418 2.75181372966857 2.32051441835647 2.3135658123723 2.48264425721355 2.60607722410211 2.69465905192102 3.3572644540024 2.66774855352556 2.3850112462326 2.99321005328623 3.87488116319152 3.58961843678367 2.86840275814102 2.81240005166241 2.97617422779781 3.09701392356008 2.82805643072907 2.58717957675312 3.19748224150387 4.00627690446855 3.95152120538844 4.41500717900892 3.74344497326869 4.18462153270286 4.04549440370075 3.98073650625793 4.02718137185943
4.46772149051383 4.11099799792432 3.59752321188358 3.41935498631108 3.48330585865219 3.79001522945219 4.13946474911521 4.01042456072577 3.35633281402774 3.15982068407163 3.36461617982579 3.99870525132971 3.91873495696291 3.85558841912154 3.52332550842569 3.26180254343618 3.90566736839539 3.67290875719324 3.22753852822732 3.06953418413442 2.47752314990174 2.24452030217622 2.43580038697276 2.51484253122406 2.49678715821154 3.26810496017013 2.9117937016717 2.61191452821217 3.71951165541359 3.89637552339752 3.20932547698359 2.86949976871168 2.69806946375635 2.68852631720702 2.58011899043579 2.509631287582 2.79072868894162 3.37146642493313 3.95516700231706 4.18236932254649 4.43419707916548 4.50710510906474 4.32251402936003 3.63071228466607 3.69358570208316 3.82286892839066
3.27987017082863 3.60920619611601 3.58602589641224 3.49842568915057 3.59605313953978 3.21515162115102 3.31207905580746 3.65077878329432 3.95562592282781 4.11782313964707 4.13272891116049 4.18473884046908 4.06070775808499 3.76667081757275 3.68814844331947 3.8498244347557 3.92570399010099 3.15826757225183 2.48650791515686 2.42285156437115 2.47725950908321 2.4071279392681 2.51319544429422 2.84036042331938 3.03468358973219 3.30515221374672 3.1253164785515 3.73407565738674 3.88770417430707 3.58327863461653 3.29019236617901 2.60088665022208 2.55450587538845 2.67776193013989 2.60338597558708 2.44747108436104 2.66315223940826 3.31454551023728 3.50184277869352 3.83627378095559 4.26055240779579 4.3634131432616 4.49729338262901 3.97615800916853 3.03510856489928 2.72403533642711
2.79092438136814 3.69126635588812 3.67585516648076 4.22898040180908 3.90875931941278 3.86518315610043 4.18898513835507 3.6878653364833 3.87800279046864 4.14762524256507 3.22681877515723 3.03414487758245 3.03780308330742 2.6190893421307 2.48657437113426 3.07486768980388 2.81220652948278 2.57486622107716 2.44359477593532 2.32322764505661 2.41771825452739 2.37540420424303 2.16111864547634 2.22412637510222 3.1526541792296 3.49234519905269 3.48475263884178 3.94549998588352 3.50360926391477 3.52639975488677 2.96345345452051 2.39030691695898 2.2709422422749 2.62762368541012 2.82287088856015 2.53788042493443 2.83984661535189 3.01906735618426 3.70730049910406 3.57255814483232 3.8411770731386 4.31277454346207 4.37788515812467 4.08478466566994 3.37087000206862 2.54226585448145
3.87283061752385 4.39698127232517 4.25430325253438 3.86003763616413 3.9758308854471 4.21725235796428 4.23935596339947 4.12194583162782 4.49934267719908 4.32022368962255 4.02361845403025 4.28304664856913 4.08270930266656 3.69330720811423 3.45345195749777 3.29900489537903 2.88779641072494 2.67235259726788 2.74543647617349 3.04274113693683 2.78498278786463 2.49696295294355 2.18200299823804 2.32440947192666 2.64829960318607 2.45212277325373 2.27461348463538 3.13779329542207 3.49643308615388 3.46477573165415 2.53724737027228 2.25848869909171 2.3448254441805 2.90813910926365 2.91854940159965 2.43178996414904 3.02148926584358 2.90070295083714 3.63264125963801 3.63676904630261 4.4904839328846 4.46304928913283 4.43319622670886 4.26037903779394 3.10541286887445 2.67678296021132
3.44176085498157 3.90473138222992 3.28600872847994 3.01404078683677 2.99028140053862 3.2693554755012 4.19483310623507 4.41230021658828 4.58364830112031 4.44609629522399 4.42286859207007 4.41525557788722 4.41728987735392 4.071505377788 3.63590216266927 3.65025734547931 3.22796163453966 2.93262600518745 2.83045531108029 2.75731778803371 2.58379170208134 2.60080341327135 2.86294139809572 2.75739767108341 2.92525776685924 3.13570320485763 3.0677986575434 2.99434578969928 3.16329240716033 2.92287347336145 2.69602153689577 2.1832236735235 2.72791740338278 3.15413302188479 2.96127214557852 2.7288227123607 3.42318989068223 3.48767990937925 3.77856962661103 3.55210645864306 4.4751189559836 4.56965794230202 4.44136187227556 4.07378160876321 3.93859614922711 3.16584602223902
3.44080279214947 3.79311075961737 3.09495981332386 2.83102722833563 2.88375596767877 2.54766867443859 2.87534836248401 3.76397285247464 4.41099362197679 4.22765609162638 4.12440314783705 4.16833436036723 4.38298719084784 4.00395038262376 3.72581520093791 3.51833994068944 3.75624580876569 3.48765896691202 3.30229645468972 3.12984787452719 2.56031880336398 2.77971897047651 3.08370477744301 3.49128410530264 3.43876251208436 3.17749754780223 3.37454428263943 3.49446594308999 3.34539737079507 2.85003941037851 2.69561491794088 2.99494763978364 3.26159674230055 3.61789735994379 3.33051966707893 2.93884154610822 3.39288654110399 3.73177307521357 3.62252340598537 3.70498024813495 4.45962646038375 4.04280383786951 4.26915942449736 4.09071939912073 4.04897183590426 3.86662654162674
3.11401858800528 3.17479205701249 3.16195733588347 2.69546071035962 2.5104724537312 2.24687645365002 3.32683174264204 3.19681195770759 3.22278572503293 3.10565090921737 3.04625812137916 3.65464522393731 3.70382807674976 3.79685035769956 3.64072797953973 3.448407277164 4.0553409771792 3.57464487437616 3.6084739384586 3.44613385531151 3.51866657085236 3.93375375320397 3.88504044716215 3.71685761286751 3.37133912724529 3.11238608616237 3.21368878052594 3.48093893572555 3.47060748919245 3.39424485783458 3.52731939131534 3.55960965539807 3.74592418693591 3.63146550387228 3.70761817514673 3.71650859886535 3.55730644992311 3.56981466045441 3.74790018099896 3.88161535983927 3.99155061904358 3.66430801639028 4.3350774399392 3.8951181934887 3.88733922146921 3.56687337249778
