IBR/IBR_outputs/all.combrep_1/EucDistWater_Total.PersistForestCover_Total.Spinifex_Total.WeatheringIndex_Total/EucDistWater_Total.PersistForestCover_Total.Spinifex_Total.WeatheringIndex_Total.asc
NCOLS 160 
NROWS 95 
XLLCORNER 210004.651214014 
YLLCORNER 7350008.22228844 
CELLSIZE 4999.99999999997 
NODATA_value -9999 
[rows 42 to 62 of 95, columns 92 to 137 of 160]
2.16541673951388 2.4462912061788 2.34671415030131 2.09194589113811 1.61646453854497 1.6656332567086 1.73736100409 1.32072472346248 1.64518939231198 2.58919621350979 2.00551756492264 2.38702674961422 2.34439109949537 2.52208492843234 1.56335909805307 1.16999689520471 1.2301457867801 1.13509153784885 1.19748260423201 1.12968697813207 1.75795428014571 2.87385661991648 2.56438404805294 1.95057569466346 1.88235152770948 1.72982662405586 1.67998213726749 1.63835302441449 1.95844613126482 2.32602043386351 2.09570384078959 2.79882691191173 2.54567072554349 2.46449126797558 2.08573979821345 2.22007085131228 2.29588978733836 2.55078946347791 2.71480989963013 2.95060389051873 2.39663116135371 1.26996583403928 1.29422401726997 1.4225883578562 1.44553933809087 2.08528764299751
1.99133848054122 2.4116925046991 2.24331778754133 2.40617735830839 1.7831468832022 1.7783257743771 2.05740001018002 1.70122121093689 1.58475736535944 2.02475888224413 2.49040400190082 2.52316382905037 1.79240403604127 1.53167409358162 1.35606735746011 1.35641765322746 1.15348254773774 1.19367430198331 1.18981685373962 1.30714834166898 2.68822502982918 3.03909606390362 2.90925491435778 1.78579943862249 1.82760953311768 1.85440192790078 1.56152405820751 1.60495986814876 2.19084567784871 2.20407343958384 2.36429241373309 2.73301730885724 2.8275103446225 2.59612916792019 2.66926385352022 2.244665062475 2.10777191363546 1.6186621261526 2.66261109129113 3.00435296438795 3.16431774521116 1.72069447388431 1.5401480608422 1.70055887222633 1.45305967903124 2.0663971522804
2.38883834191492 2.73627277878375 2.52714949330899 2.34657960722213 2.57759682437217 1.90763341778915 1.63269571890956 1.67518613663302 1.55691508109085 2.33392238278391 2.55496316624141 3.16177717251149 1.64685630656928 1.27630162228554 1.64298424602381 1.50769570298119 1.20597330107437 1.06942714150645 1.29707715641981 1.92755375988519 3.39231980223921 2.9155490861005 2.66295963077061 1.92509695733231 1.64973804287211 1.5545437580002 1.30801778353291 2.10283318324828 2.01772160227821 2.10949737928468 2.70647812243358 2.35480385578616 2.36174229960998 2.24018878264056 2.54936892928653 2.86213934949033 2.73647903561532 1.88912931718673 2.3244018890568 2.49139826788415 2.70644897085003 2.2911182366508 2.03290411874348 1.88094292183084 1.90009937584959 1.99488339101549
2.49801478247862 2.87732149627545 2.52406343948767 2.32497496580576 2.38979221020734 1.87186196703286 1.39742517872642 1.89041987864096 1.57471713947926 1.4984080422096 1.7887997765433 3.29062561092058 2.13339789582556 1.69437890896177 1.55230793045238 1.61703368062999 1.72421172212595 1.61153657732567 1.61069996909005 2.44610412495942 3.19744257463252 3.14397525301879 2.43245687865569 1.74309701513943 1.28911078830405 1.08915249496573 1.70429905699511 1.89024190736504 1.43242846106034 1.720554282188 2.32612520286788 2.43852503204378 2.40062512227907 2.48167239401852 2.53879960801225 2.65238553602329 2.41693664050082 2.58079798900806 2.66524627987587 2.22260532717293 2.4471750879701 2.41014610865195 2.45561509960401 2.36250112904771 2.15656864555179 2.07317250755071
2.80241411376596 2.95323924718871 2.54638768178165 2.61737608000443 2.18019243236761 1.43813675678208 1.38587836456239 1.4085728141795 1.41248777209515 1.26198134008623 1.39135425787502 3.03394255844206 2.03091768614624 1.70948027122695 1.67230577080317 1.56576747543175 1.68169485470763 1.63923136737227 1.50953612540828 2.52521795827915 2.68239671234196 3.05541171241658 2.16052500081093 1.38602619673442 1.08116411753235 1.3472391469861 1.75844980528948 1.68891551897142 1.30038690595331 1.2618190682151 1.97361314899863 2.59841627310261 2.40495757125351 2.33333042608535 2.36610662780542 2.24221132433039 2.56127074806669 2.63107829595348 2.71566461732847 2.57408652011572 2.50803507482256 2.50548308925509 2.66046559243122 2.65401725555305 2.4514386844894 2.01276012238956
2.55127753985939 3.09489326310192 2.37591477469599 2.81699011285698 1.87114871612182 1.69650773756265 1.56223704561536 1.11178993791218 1 1.15601618609562 1.20179588380444 2.81335523553861 1.71878539877019 1.57319755061689 1.53442220003162 1.54372852111356 1.66513729466204 1.6029903154697 1.30459816963339 1.8747489109409 2.76282929525458 2.76036816787097 2.27529711458654 1.64522439479455 1.6521244779374 1.7967812337945 2.01127080812966 1.48158495843238 1.73985620001904 1.1670463150352 1.39723112867672 2.54022269666002 2.51284084533633 2.31964860991692 2.57378841020233 2.50460511696661 2.62341584759851 2.62692013812219 2.43398025322706 2.19932505382889 2.41002572130614 2.59006367366703 2.49856279712441 2.36579133340193 2.49228748515792 2.29876866259911
2.69148311836066 2.62198188122818 2.53296913164955 2.72217440293721 1.8275638510665 2.14555696492363 1.43602342043191 1.28405224336177 1.37697663623287 1.22186236278595 1.25099522180526 2.87475236881931 1.89118670064052 1.71513483138715 1.66788198104376 1.75248001679313 1.5757201952395 1.44610642840814 1.49302436236292 1.548894010579 2.78515171645842 2.74198850381852 2.76522388000583 2.72678795070104 2.43369712103388 1.80907886387988 1.4355408491184 1.98728729142224 1.82415058392677 1.79788874304503 1.90575084012605 2.49913880537682 2.41714953597109 2.69554139768507 2.90432946137163 2.89494012109751 2.73923930611249 2.80014573640462 2.48557411027308 2.26831617242267 2.60919998404872 2.6213318043952 2.51445890715021 2.16604798127889 2.37105396865694 2.66708372613225
2.60513363511042 2.37267260815554 2.11187639255771 2.08846951503182 1.58355719993026 2.38915266924166 1.34846799922922 1.41042625510289 1.5584779857187 1.43277195608185 1.3978607629895 3.14995885889295 2.11782598657155 1.7396272113789 2.13613024133493 1.88169708539463 1.76238564732838 1.48956800772689 1.57316244745937 1.69170667631219 2.61421616604118 2.78904784218153 2.41888776967031 2.56290097854544 1.90903727564467 1.57009809111737 1.57239497832868 2.21391172130015 1.99686898870412 1.96002111360427 2.56813630013247 2.38050723931765 2.60212805952844 2.70633115327019 2.54848184936791 2.9237406673875 2.78215104822399 2.6484638329399 2.7072760116302 2.80873687275523 2.64532205223892 2.64864377808399 2.69588596020178 2.32514242292424 2.56060128002236 2.50804940606841
2.28366857247328 2.24271043684139 2.19592524620856 2.04782166865886 1.50379913981129 2.054279028768 1.49734047200695 1.41891152613388 1.56879520769766 1.35828769542375 1.49573017098935 2.8710831937541 2.05948070180024 1.43451096649537 1.717138963141 1.94962758853987 1.84993546227745 1.60235841841934 1.49260358347032 1.45721304876029 1.96331856320789 2.80918775994961 2.91435852343464 2.56549473645898 2.01464584614572 2.08990065967537 2.21678193601599 2.28114787431853 2.15762540211018 1.89100125486912 2.79300525747503 2.67615640985145 2.66112277703448 2.90260744567471 2.56760622960564 2.12315002210076 2.02365892546712 1.90216750921823 2.55672655449062 2.94002565193902 2.9969287130266 2.93447501546521 2.68444933598203 2.28749057132214 2.14772808360797 2.1483946733008
2.11185718778805 2.08702962919049 2.07169889877464 2.13316950335492 2.0519818878509 1.93913444945473 1.85470710579334 1.60075068483257 1.33900531696508 1.38529028902674 2.00501555328822 2.80234476693502 2.39905582809509 1.40453156660083 1.56582232859527 1.83669897742258 1.89426481318072 1.62410353262078 1.52378592233352 1.60113306725906 1.68563769274366 1.84291689073376 2.51974572401265 2.58520858050683 2.13447765642554 2.1977849245938 2.07729383571831 2.02658188837703 2.14224963281719 1.89387805882165 2.45262990987679 2.57588605829512 2.15418485537449 1.62868108290803 1.34388652092921 1.20628202690466 1.59721885964173 2.1360268071775 2.62402922847858 2.43784944789996 2.15205146306904 2.77143604991969 2.46828493957503 2.44160477290278 2.18771592988921 2.10204369125637
2.91293320871175 2.52913157968405 2.20920728045624 2.30568653416087 2.05943489562496 2.2484729547546 2.26962859632052 2.00489774832301 2.01122401423783 1.97725257544279 1.95379507453602 2.53786613241398 2.14437094622645 1.85524399153085 1.8756075763528 1.54327323176421 1.36716069006917 1.59308605788644 1.67353277930937 1.68303127880028 1.75273918139849 1.63118018675754 2.02718426669871 2.33270797752046 2.41742050831463 2.51474688022881 2.50616408799203 2.2114131595826 2.25224862548073 1.97819205262712 1.29946823171357 1.23283882322542 1.09027437409654 1.13059683388338 1.37204768305119 1.51197544120627 1.39268830869395 2.05618304333859 1.71164006005667 1.39904952235842 2.29246253289939 2.87872922058341 2.55421085167946 2.42225261410404 2.26849928156508 2.87044755065045
1.81012153461597 2.00248361371926 2.6101321184907 2.94564536067233 2.71017672511153 2.72999422257122 2.30972226614504 2.33041721274764 2.27567883272784 2.02734266018223 1.90126909451018 2.3047451824528 2.14214387825653 2.13571814477795 1.63721890567875 1.31383386865082 1.31583913031052 1.50352586535451 1.68334995268639 1.55612611789538 1.67794238926403 1.7115139699227 2.00660615514965 2.26613356060841 2.60461509539331 2.65135489354292 2.6578445719684 2.27930245410871 1.97713161304532 1.39511040542367 1.07842904890075 1.18177832156455 1.15796134216576 1.28859872002234 1.84305113078953 1.91013604850324 2.30032883529381 2.50601158956485 2.6816939810643 2.73199414900076 2.92244005263923 3.02178571553406 3.22213916033999 2.9247560679589 3.40001411639054 3.41796983099785
2.83303130639266 2.58614561044352 2.25940468673304 2.20751503576672 2.22111810843073 2.37063878546779 2.19705118852662 2.64593416076947 3.08257126308626 2.80233802263044 2.09790043697535 2.16679470927465 2.49271674339566 1.98172413171435 2.12405063751555 2.06016659316222 1.6188544125016 1.64495250544697 2.04046168725135 1.87909057545366 1.81673370117616 1.88043398716939 2.31489753025482 2.62111942402509 2.92770155074573 2.81810285027837 2.38790847351435 2.32808837124043 1.47453095962996 1.30730463022155 1.12922078726844 1.22601076620058 1.56526023965473 2.54435312851174 3.05237016374163 2.57752143059459 2.6664973042247 2.08249688779724 2.46099462077832 2.37412563936614 2.66513653138006 3.23492029786369 3.17058954211897 3.64058358031871 3.20246332419804 3.17840117976623
3.46697770126258 3.37576599198051 3.17794725073778 3.23440848616271 2.74140968732914 2.76720310009413 2.70175909539535 2.58787667070298 2.48357144643696 2.55367681623017 2.20509264906881 2.056494656572 2.48029968854715 2.35736028427259 2.26615516791632 2.28165015561338 2.38557018925334 2.07981424051497 2.17285996631697 2.15576796727029 2.30975708305483 2.47630403763473 2.42672342821656 2.46780394075451 2.68743128085561 2.61211669814642 2.37031419721134 2.47982722952653 1.43742598426766 1.10611110179996 1.19805757658063 1.42846072900121 2.61065393964765 3.25037134689587 3.34289494386117 3.01727139883027 3.15548388735738 3.10508160330506 2.52991374414433 2.62717004018532 3.24462100880299 3.30023430919318 3.06678086418495 2.75864750694672 2.84936187342 2.81218181136735
3.27247125799089 3.48662919233158 3.61863493450661 3.5480602836295 3.48076495514533 3.60154677146786 3.46557757101213 3.50932112570612 3.17129550564869 2.93350922524033 2.33334451648305 2.34397382733696 2.55062885250425 2.45779255402039 2.18963611462287 2.68759378258542 2.4543095186236 2.27724248607328 2.20198977767827 2.28884873268232 2.35673979879776 2.2606718580872 2.34304000589781 2.51087668627852 2.95634261867146 3.0884446087468 2.94694062647446 2.65031555137238 1.99176726722389 1.50247947444201 1.89667561000914 2.60233880671634 3.03576748018627 3.22195496415952 2.86761390602475 2.9065146551163 2.99949510779473 3.41159376167364 3.89500063112061 3.61913527363648 3.88852551000213 3.58851911834511 3.07601261653989 2.86896003668422 2.75497582510873 2.61932230135026
3.39519379843312 3.42034093991876 3.40081865757239 3.37307383157036 3.51451822695471 3.70456737338305 3.88033243941703 3.95629158560744 3.83961309321068 3.76168199558074 3.68293591745243 3.61569704763983 3.6024399210772 2.98112099924863 2.48431955119255 2.20660439906696 2.17890535791176 2.14552936603343 2.29897240305585 2.41098818910688 2.47179641763896 2.48534469584101 2.51160820713365 2.68599349634579 2.60374074453588 2.64563832089747 2.77710507830005 2.69177119645218 2.63130953623072 2.9709375315843 2.92369293369781 3.06651879018538 3.09841278657449 2.61391902072878 2.33352209793791 3.03208717000507 2.8728933847472 2.84460219750069 3.05315564478944 3.76512855168683 3.56649170276229 3.30860495107912 3.39295865121191 3.04449467902792 2.7393802054901 2.76724241358476
3.51206956059495 3.35978052395759 3.33890651007428 3.35760799488807 3.31645791466129 3.24288053817795 3.5633969599275 3.59781374344437 3.65699137000054 3.96211907236083 3.93134580506144 3.8958241031482 3.75480845622557 3.54297984091478 3.02057663049778 2.81552741963728 2.54478375014881 2.42821141682625 2.42854007780612 2.43665965014264 2.44646593493134 2.48900154173783 2.6474955124039 2.69305952585711 2.55211177782584 2.40506709642086 2.78117195548863 2.51085547889909 3.43171171066507 4.16150289201381 3.3795169023376 3.17547192059229 2.97805221363194 2.6630252556961 2.44390171336447 3.21668568224465 3.39178829488564 3.20009869477613 2.93953232093297 3.43862639799369 3.38787832775567 3.33289659583307 3.32848543507352 3.06319141683105 3.01509405388391 2.97308159227145
3.00571603366443 2.87769587751646 3.00407502379526 2.87153119356228 3.34858443322159 3.19640073736187 3.52109702254302 3.59745862116649 3.89096679269993 4.05097496702988 3.99114082188705 3.89681684741255 3.63890281684169 3.44328725702993 3.42620289462296 3.50643604716944 3.67713538583215 3.51645236292531 3.20621295230248 3.02281745529589 3.03191399189264 3.15387288231144 3.17356595503235 3.15592413953449 2.86050974005942 2.73184106482298 2.83160775188585 2.32510740421194 2.9122086000596 4.19928455217253 4.06233185505137 3.3989805607645 2.76483699854773 2.99091747682249 3.70180844323195 3.10281883245547 2.70778097481015 3.03736078903943 3.34201519557654 3.47633730767361 3.45420038172126 3.13231395193741 3.13772786095025 3.1548217061672 2.87676551187912 2.79930950020018
1.92607662825281 2.58789893388352 2.50771970507784 2.57690680174765 2.92717097322336 3.45386999423197 3.76819890579035 3.87074849140247 3.97189987627379 3.98556530993247 3.99960073904273 3.90609066403361 3.66298953876522 3.48117684077196 3.40493040044056 3.57199904424642 3.81789703911212 3.99098762564888 4.03917660835147 4.08595041173657 4.03028837207762 3.97666695755426 3.77614595123465 3.64957274019381 3.35067459999568 3.20183680730004 2.9594670875776 2.93360345933239 2.67479866020032 3.27623912798206 4.3085700070358 4.31327783203417 3.51295037533587 3.73084921739319 3.01607466687451 2.95673357717171 3.25324239953558 3.16328839181249 3.57744741045246 3.35920171044696 3.08728527985498 2.52350169106776 2.81150159739856 3.14770651045338 2.86546047136197 3.02654037400693
2.37979434403609 2.35686641370512 2.34769490821512 2.37417779757201 2.71198422576213 2.70667769965888 3.15564383548119 3.92684350088871 3.95067865861958 3.86420529404711 3.95934805725201 3.94595040227399 3.77287086792705 3.63125282619606 3.61988187601905 3.72896508460419 3.94393734255596 4.08469671037527 3.96074536196588 3.94168796753582 3.87904135725802 3.78896641560963 3.66341896168871 3.69885144689772 3.81540312733883 3.851107240253 3.32529994956956 3.05968258068662 3.15509255669033 3.44498152690218 4.23879900403104 4.35196126150185 4.2413550402507 3.99844222684137 2.98973267392886 2.81198533220791 3.36335200332697 3.47352929168421 3.04688288984869 3.18826408392478 2.83020387100495 2.85531005089917 2.67097487140122 2.74122543469566 3.11846620207531 3.08874776050072
2.61240669117276 2.272624314669 2.3242785054525 2.16766229433901 2.16528130349398 2.67589576250373 2.80226317574359 2.76100551792058 2.93515876799034 3.42336511223908 3.61802160147677 3.84612893184986 3.81053180627698 3.77325539589581 3.788412835506 3.86739770952241 4.00217252299817 3.95762885384746 3.78586275372792 3.74511009692212 3.58826293471312 3.52953656332926 3.41877293683936 3.43485130796719 3.56901743980189 3.64642401561435 3.83845480542402 3.49990950492382 3.32238042994287 3.53251121945334 4.52085032013802 4.05768530522096 4.04789492381599 3.76712989248145 3.23054777215629 2.97282528502681 3.42130541560256 3.61496427979572 3.38176017781283 3.13219988970233 2.89067260690436 3.1427811426402 3.13818058910977 2.73375248862936 3.22454773033297 3.38006179161827
