IBR/IBR_outputs/all.combrep_1/EucDistWater_Total.PersistForestCover_Total.Spinifex_Total.WeatheringIndex_Total/EucDistWater_Total.PersistForestCover_Total.Spinifex_Total.WeatheringIndex_Total.asc
NCOLS 160 
NROWS 95 
XLLCORNER 210004.651214014 
YLLCORNER 7350008.22228844 
CELLSIZE 4999.99999999997 
NODATA_value -9999 
[rows 42 to 62 of 95, columns 46 to 91 of 160]
2.16538535737173 2.37139737824999 2.62943055435499 2.68689426549273 2.30306537725192 2.33890625917011 2.43539620786895 2.63387781315658 2.45904428146705 2.32551765863868 2.80461636963572 3.21140310917335 3.16193247263668 3.0868644700651 2.45919249982797 2.73517589379512 2.94098382235673 2.88186591540524 2.68358281345062 2.8081497736945 2.69753080493493 2.25821978775049 1.95521404965395 2.32879645165544 2.93832406618908 3.15233241850027 3.10324467616329 2.34273336341677 2.07932516036352 2.22366386462858 2.00141003918994 2.2000256572836 2.25991075338789 1.93031671705925 1.96499398779966 2.01635904622755 1.90224268165582 1.81143606980492 1.4652358009849 1.41154993991252 1.89751096200636 2.39148822548529 2.85456458799669 2.4143165711795 2.09993682791067 2.53997959778295
2.22244638238568 2.33968931992607 2.45611830548612 2.5696749013246 2.8311965871243 2.60255467636487 2.52845875866868 2.37617092454466 2.64394667285568 3.08379605466245 3.65501149326484 3.81369414661155 3.41210762278979 2.92253101447265 2.89441423910425 3.46719098658846 3.49591332173782 2.97513429061893 2.80883201627672 2.57083987212781 2.71318158175325 2.8323405294383 2.45185004168312 2.10888450034032 2.69706448622156 3.12993569048107 3.48933598007113 2.8754764278199 2.14842677204212 1.69208108588596 1.42487685187377 1.79736792402374 2.0437814166571 1.74126746031125 1.91825237228642 2.18313280587447 2.05520299426147 1.57737929345511 1.42263642233924 1.69364531269896 2.04624512154293 2.37479772293506 2.64109048515633 2.56630597515543 2.32947233535669 2.3826860927583
2.29894711077245 2.28246645697435 2.49724426104055 2.28254893159811 2.41931857158083 2.61643970113778 2.6535693453933 2.89566034234303 3.30549597257905 3.63353616526243 3.34063628389073 3.215277704269 3.12398534148368 2.79335826275791 3.72195962579665 3.60789478704356 3.01981342843791 3.33948204880342 2.60871943497814 2.60379814165816 2.70591566451723 2.88243752184873 2.55111525529508 1.98290995134304 1.96991518571387 2.19748932879063 2.88980973751855 2.85291267024648 2.25842928927162 2.10666930963734 1.70864378742316 1.72038628907822 1.98132034400299 1.97860349995169 2.12487236398364 2.20554514138482 2.14302448816135 2.00862393516654 1.77981984479148 1.73052722909965 2.05660127768132 2.13828596180004 2.35450429716354 2.5184892372999 2.50779326946903 2.49891199965112
2.24770123220745 2.31533361648476 2.27798485537385 2.14494961451546 2.30329052316475 2.54332261737754 3.03234061375804 3.13544699253016 3.30232593086882 3.04435084025998 2.47135159013669 2.56989290388418 2.88408577082975 2.8749751113536 2.94372117931452 2.9091623761748 3.28989217642749 3.0549936889624 3.43184624024924 2.68448097458542 2.56571960452889 2.67220986589581 2.81043454766671 2.35941610593784 1.89847982645619 1.90477690007344 2.06953269159848 2.11104784179328 2.19076429088509 2.45172280820575 2.29709855326239 1.9159788273429 1.78350857066711 2.03538463689861 2.05466440933215 2.04616485845659 2.14047103842016 2.22901705403834 1.97732848506887 2.22760719182068 2.11255662873302 2.30850283085966 2.52313660002918 2.81995821555179 2.65119417336294 2.6865000196223
2.56245116651236 2.54406868270427 2.51302255176311 2.48204702798895 2.40304344952167 2.82933821936297 3.03875257759137 2.86494302207311 2.70760095129141 2.44504570501232 2.45236193754256 2.50002464979849 2.56110632243341 2.49339068230575 3.02637187916593 2.68662435065907 2.71827846392815 3.04177494922072 3.49273771628134 3.39054861153634 2.91722063891412 2.75851864395881 2.5356363936602 2.59913889025826 2.78566758588164 2.82724148254458 2.67996701186566 2.25776551355291 2.08155800974067 2.18503002862693 2.29004254095485 2.07754836987157 2.01043935355758 2.17430526539599 2.51876787001859 2.42735319882058 2.23721823447327 2.27661688618056 2.17066626560101 2.11795242248592 2.03897680332875 2.56208681158401 2.73101033163291 2.71026715680962 2.3811015458 2.47550540055072
2.98214929910997 2.87374657864744 3.29255536757763 3.25198576759087 2.91803214350413 3.19909923846228 2.94609582316537 2.2532593795047 2.37762879814888 2.24939299881542 2.37366435919919 2.48254063654924 2.5899177441583 2.31014785520196 2.05417494773999 2.091239847088 2.65914230636079 2.86689476755597 2.75542015356784 2.75368491465934 2.60199775883239 2.50353615582076 2.34649241385584 2.4333659971614 2.76154465897265 2.77197253212882 3.51016571658293 3.39013413697393 3.29915871989239 3.02531979618665 2.53953434012681 2.3753720423597 2.03084102550721 2.18820570174484 2.95450825004013 3.26639486067815 2.74598079187582 2.2999431844381 2.22187800067135 2.0357806097097 2.30312873095342 2.50492612109772 2.67915482163633 2.43908477471066 2.08838698544935 2.12655628829449
2.94333597002732 3.14635149220502 3.04114164082451 3.08964338762072 2.93425260565632 2.81434415632247 2.50170813569043 2.15194539384053 1.97104546362896 2.19817963113874 2.52720869894124 2.44596920215086 2.50959075439088 2.33886641998308 1.88702622193186 2.07412036510506 2.50243602161673 2.61293869502041 2.30705462462999 2.37964227852226 2.73020699278635 2.71456241328766 2.56092858207409 2.44917352993022 2.54504325267339 2.54957540114242 2.91088157027556 3.26761379086491 3.14467318075202 3.31775738861316 3.48104091803388 3.59549306929574 3.01996146444782 2.57102172932613 2.8020128572203 3.43822345354276 2.76435769416476 2.42010686886242 2.30818435138346 2.41149083084506 2.43410803992518 2.29697279457024 2.55085088752098 2.56075102526627 2.32647108645804 2.12074898035536
2.62853230382535 2.69488405856641 2.57926995258537 2.52020152091932 2.92662871845389 2.44305333029617 2.25226414727659 1.83434910148368 2.26124763134387 2.41164016344799 1.74154581781141 1.73767824221741 2.32673075295131 2.50437698022646 2.43490768596649 2.5462334946413 2.22521162206292 2.39930286282641 2.43613267966165 2.46526139303914 2.45968414036612 2.69750783566055 2.63330471342644 2.58365647792907 2.64821488044357 2.54483876415828 2.3179921171779 2.38014825830991 2.38417587410099 2.97458290983566 3.48690905844794 3.70723838680328 3.06551418971158 2.69827845542496 3.19112353948659 3.25825341138012 3.06518901436682 3.18752683884857 2.94969431208454 2.43974490615604 2.74715737567707 2.58542311694229 2.37526140236517 2.14882374055686 1.95521333581637 2.38634415627285
2.65330885961827 2.65435967386838 2.63179080881971 2.73631814813915 2.90791314026372 2.68246485021761 2.32173451024626 2.25000727332621 2.38772406617989 2.13029460486505 1.48890805187545 1.29138965317449 1.52150121792107 1.98926746213092 2.39345916248844 2.62153527657172 2.44646885724323 2.60563709784479 2.57228590316192 2.15291536001311 2.33424480950063 2.48075606143223 2.53695348070628 2.54387288518725 2.72489432434652 2.6348905696495 2.35890738201268 2.52494808629418 2.2489636767398 2.28275122318641 2.69345272817115 3.52006900716266 3.56286568495012 2.65227498917079 2.48148329375596 3.36968813749083 3.16540460002079 2.85364486160125 2.73270612774633 2.31898397575418 2.97877640361749 3.20150627597618 3.15886396030863 2.72264413634943 1.89812626560048 2.10175844789052
2.38700120497785 2.45100168319116 2.37590645330305 2.37120739421481 2.46594877372263 2.56431826203922 2.47196510993141 2.27989334257941 2.43694835674934 2.51994460517464 2.07039032446303 1.31088471033065 1.76796896275849 2.15422087597221 2.03741179912495 2.13212084107723 2.78611083119789 2.91739835492437 2.41654172870603 1.95689305910281 2.18287206617654 2.29273308429622 2.43308666183077 2.66293270141805 2.38699588353789 2.32255345911688 2.13049781583663 2.68044753977632 2.11036238154611 2.24299491774897 2.68703859187183 3.05536860266441 3.79936268351275 3.03840936973989 2.38457983714135 2.54982671616575 2.41581947353087 2.548207603659 2.37188213366336 2.21945016690345 2.73691431785102 2.82797818443513 2.58729184680765 2.87572130063189 2.64792917822679 2.19833534545861
2.27155982425205 2.24071501459205 2.53396868431168 2.2887077146968 2.444032893074 2.66400943982867 2.73136470423882 2.89641811190809 2.46591044083536 2.50643686181688 2.6940494114949 2.66907111714895 2.40016467405439 2.20328118650304 2.47766069537794 2.53904079501427 2.68587391086875 2.68668334181478 2.5207385379041 2.20509391716661 2.08178552273122 2.45800287200901 2.89047479847969 2.6139446262318 2.7190522091164 2.48741750412808 2.2734767837528 2.41822858597665 2.15632421583654 1.88121292442979 2.36199358043322 2.93284966882258 3.60723528896549 3.46237942009349 2.81814547311188 2.65885805999896 3.0778095905893 2.97322526601457 2.87504043759467 3.07463478088259 3.02304957676711 2.47477594712493 2.09905251842959 2.29892471168854 2.20898621161219 2.31080271002778
2.35239010355265 2.43239865215705 2.34988527708061 2.30862725140694 2.3209589448723 2.36265448370496 2.5299818354719 2.50157063059828 2.47125406958713 2.60455969732171 2.35193376395314 2.65551158714654 2.20286449814277 2.66840877176681 2.70923788194546 2.44042327042932 2.31839607084503 2.38678290948814 2.15487850746193 2.199865909737 1.99756612390903 2.2636380743469 2.73830110070121 2.73039899242323 2.60637917327625 2.51886308285828 2.42375577423257 2.0464382630876 2.48196767090452 2.0386181143991 2.33827649121519 2.38255193110915 2.73791284504466 3.49646758302203 3.68622641264489 3.62066672223534 3.38937207045024 3.3360144613519 3.49056605482609 3.71344170876396 3.66261998634805 3.27861989629969 2.77082225555626 2.56816852365487 2.32110454793023 1.82757194443469
2.41038567327506 2.26114803162025 2.37112747473127 2.41794766737287 2.26350549042563 2.52477658967979 2.49077747577095 2.44151651854099 2.32855744261856 2.47668713251994 2.54880037872076 2.74970400752189 2.73808076241371 2.8477814260349 2.81984698284397 2.23254822728665 2.29792572058228 2.47099109053671 2.7014043597954 2.40695417338063 2.12782744892892 2.35160162588932 2.6640820159077 2.71468471825994 2.73730927995289 2.28022189741823 2.25094515255146 2.1418389433565 2.1232318100321 2.36101656505436 2.55161211508584 2.63418577790333 2.98481461534242 2.89737204912919 3.26255471893725 3.36909213933566 2.81767980566863 2.71367560707362 3.39932149148915 3.74082896001703 3.74150288260622 3.57633761892984 3.33202730279953 3.49961444996829 3.35164500522235 3.22511264506011
2.20316537708713 2.64562769958945 2.78919150071571 2.66814647321768 2.45507845802419 2.2907007595523 2.49365465796725 2.4117885377162 2.34957634071821 2.66015724300275 2.59507608881453 2.69234866264503 2.61907052770743 2.25204518676214 2.33766674298813 2.09775990709614 2.47056727565057 2.51923667075718 2.43832686587843 2.92319451010495 2.42627814266352 2.51304788957229 2.72196315418912 2.77855729941739 2.5731987098555 2.44551963575136 2.41510859663563 1.88027406809322 1.66322607839799 2.0354680942503 2.58529322375305 2.96567213030347 2.86781700851672 3.11929384437431 2.83933059843315 2.49840055794855 2.60192577209649 2.46030593653866 2.62797173507427 3.22042672343314 3.27203951559034 3.57490887185773 3.41528814882302 3.45339317006894 3.63665458923626 3.56117565009269
2.4847921301693 2.58240065749429 2.95932850063204 2.97239239540827 2.81730938261227 2.6533600108537 2.54952486536894 2.33769958238998 2.36677530085157 2.07987722617281 2.20848619026616 2.41238262792224 2.55462714482393 2.65817020526151 2.2994575779509 2.13704087000087 2.32388336039677 2.64747718619859 2.40354446274918 2.54584437256505 2.299937899548 2.30015688032264 2.45656250353159 2.50454381248465 2.61828516271538 2.71172579347682 2.89876061263508 2.48129029647692 2.19169587986962 2.31045009983207 2.92631429939014 3.05307743454498 2.94732409397593 2.69076845019973 2.21220501611761 2.13518301077236 2.00026064610103 2.45919070560725 2.46387012895295 2.99310031985065 2.74999730567307 3.36303724798285 3.48308894316324 3.61899808160644 3.59810143985078 3.37809021930181
2.45745987210623 2.27760373637945 2.77606821465663 3.0113146110466 2.84646861586724 2.73283854250167 2.47889106592713 2.51269371038489 2.42342147938973 2.4650918582008 2.52078239955268 2.61332701329864 2.95240549025743 2.90344060898255 2.63686520019659 2.50254120853774 3.04477729755023 2.94770717899817 2.72122365166476 2.50331254722851 2.46868374031283 2.54837677784417 2.24109658402171 2.26361752243445 2.67283984495034 2.9041510371439 3.29977346927779 3.87871759260327 3.89170068922402 3.78906521769447 4.05673920508242 4.22635026717727 3.44501567291799 2.56203846381306 2.6073619667304 2.18074921751444 2.17807370472834 2.2788103508398 2.39176939757251 2.1884463253044 2.42369379877234 2.61708801148233 3.22529173699842 3.16535340115161 3.14080709582393 3.45849396726634
2.44856516864189 2.07688596230428 2.41140360426286 2.90511477785386 2.83552233262029 2.69906291363318 2.51178470011331 2.29694691628372 2.55104361051194 2.44343064846755 2.39101082056299 2.79158652105963 2.87269773676432 2.75190316589799 2.66634494450482 2.64979569909397 2.85476775695962 3.41393541642759 2.86230879944249 3.02452626950187 2.95929596357031 3.00603169301308 3.42052954114456 3.01054053845485 3.15476309177224 3.39096492260244 3.49556040889429 3.72220638530004 3.75381027600221 3.56339758220362 3.54891610988758 4.3079443886909 3.93839456836323 2.64091375935871 2.18496419545113 2.1550077462084 1.81260852365939 1.90281981043251 2.08411262997233 2.17118881280335 2.24297669278015 2.57644789277096 2.58218136665497 2.78546322789442 2.71505111038163 3.11237582567754
2.43427438867708 2.12378062240682 2.34294887030119 2.30801099024903 2.56461160386978 2.36055666447986 2.46758830521677 2.50807268808723 2.67787304313438 2.39076435892201 2.54417430537055 2.67052107437687 2.56220971872902 2.53513985442327 2.48399433844242 2.74169580308693 2.93482041097699 2.68230132065095 2.60152751921002 3.68435815815673 3.43468420148097 3.38876912441279 3.60037787670612 3.10659352838111 3.14761318784104 3.47502753794809 3.70086995158702 3.71577679748657 3.83586177338216 3.9750377257274 3.28658567690876 3.95446310329273 3.09294383638032 2.90630670830868 2.64849349018991 2.45493398270551 2.52296128683273 2.53369146405446 2.16473052983209 2.02613654401689 2.17210096992596 2.29217296853074 2.28104467841605 2.09073854426514 2.18719705321728 2.80671293717795
2.55535472186303 2.40438712896726 2.64953739795386 2.87097292967172 2.43071136056178 2.28729713876429 2.40063646058373 2.01139977010431 2.34868031310128 2.57194664383509 2.3395698809476 2.3475952756569 2.37526462938174 2.46737969473965 2.34628503033492 2.39591467256657 2.77833133667741 2.85979106550081 2.86804671675109 3.58495724303113 3.57182819448287 3.63571645023381 3.27077908260461 3.56513643508057 3.59154501110356 3.62585866976811 3.86703076425908 3.45468632272086 3.15375653259005 3.89932927235082 3.44331040663518 4.13536092595327 3.02094125861912 2.68279680163461 2.63043562945542 2.75237420362574 2.8441881279518 3.05374186016024 2.80282884979555 2.54138652278059 2.39794079138101 2.26771863336592 2.26189682707083 2.20916375885844 1.97148921003817 2.1650979164711
2.21259137610069 2.43973544018825 2.35171283028214 2.47100134352182 2.56184516992283 2.5046636816929 2.82638876271991 3.05117406543951 2.71520578996245 2.78522491971344 3.0105409275321 2.62650507392074 2.60310434160769 2.75717858835388 2.67036006581274 2.56222322016186 2.92076821711812 3.69976132235491 2.74752980379594 2.37470355066442 2.53755662754572 3.14661725117116 3.02022191363355 3.2004552694546 3.46739903149892 3.85177086811299 4.05811336506367 3.76669637564037 3.23886306079632 4.1086330122919 3.56371168851439 3.80073278022985 3.73151138864027 2.99424201323274 2.70123628059218 2.79513708291362 2.58822529562035 3.10588327585223 3.87128230321305 3.6033943495794 2.52411361345809 2.53715418516968 2.69955118237216 2.6610070438113 2.57242924344182 2.2658592487852
2.15391918107743 2.42376096831203 2.40925822185622 2.24509478050481 2.25866696987349 2.13433047644137 2.62928012489928 2.85295267258913 2.5629518403995 2.51519911714362 2.51685996250104 2.70184556995078 2.94829575432882 2.9713402995403 3.0866717922912 2.99540853815565 3.3497809370997 3.51216256073673 3.42556391436393 3.42217146874405 2.8787311496802 3.10574856561564 2.63929803730423 2.27734885032808 2.89022815453304 4.05954902231622 3.95048639905776 3.45511561530083 2.76939352970639 2.87529286496711 3.09556318630042 3.23967173260779 3.26403796512227 2.67721314694262 2.76658909439668 2.77574157362329 2.50668041837445 2.26189362659854 3.13230122132253 3.28142320910892 2.64716986509932 2.57151965576572 3.30250498025226 3.05906950281401 3.09100599158792 2.88009667962929
