0.0292208 0.0898277 9.9991E-05 0.731532 0.0416013 0.00828235 0.0994358
0.322297 0.0277472 9.9991E-05 0.5619 0.00862582 0.0411803 0.0381497
9.9973E-05 0.0506191 9.9973E-05 0.734666 0.167334 0.0470804 9.9973E-05
0.115754 0.154432 9.9982E-05 0.651724 0.0443596 0.0335308 9.9982E-05
0.0508411 9.9982E-05 0.00278643 0.861108 9.9982E-05 0.00746865 0.0775954
0.246438 9.9964E-05 9.9964E-05 0.657143 9.9964E-05 9.9964E-05 0.0960194
0.27385 0.0973905 9.9982E-05 0.521524 0.0261947 9.9982E-05 0.0808407
0.303302 0.14478 0.00273386 0.506982 9.9982E-05 0.0420032 9.9982E-05
0.690031 9.9991E-05 0.00875598 0.147253 0.043925 0.0184247 0.0915101
0.289546 0.196506 0.00382801 0.292189 0.183178 0.0276106 0.0071425
0.277301 0.409137 0.062952 0.158083 0.0457498 0.0466775 9.9991E-05
0.425309 0.112972 0.0568026 0.204853 0.166942 0.0330214 9.9991E-05
0.140559 0.730855 0.0603817 9.9982E-05 0.0298138 0.0381901 9.9982E-05
0.670373 0.0682283 0.134827 9.9973E-05 0.126271 9.9973E-05 9.9973E-05
0.464066 9.9991E-05 0.0773657 0.258138 0.157678 0.0275711 0.0150818
0.655825 0.0713847 9.9982E-05 0.169219 0.0732274 9.9982E-05 0.0301437
0.567294 9.9973E-05 9.9973E-05 0.16887 0.204013 9.9973E-05 0.0595232
0.35055 9.9973E-05 9.9973E-05 0.591905 0.0473788 0.00986611 9.9973E-05
0.182568 0.132564 0.0578291 0.0171517 0.468657 0.0281072 0.113124
0.236111 0.135521 9.9973E-05 9.9973E-05 0.59836 9.9973E-05 0.0297086
0.113934 0.025862 0.0170934 0.151694 0.680032 0.0112841 9.9991E-05
9.999E-05 0.152508 0.0364595 0.0477566 0.752734 0.0100624 0.000380038
9.9973E-05 0.0328215 9.9973E-05 9.9973E-05 0.867273 0.0493824 0.0502233
0.18557 9.9973E-05 0.0532219 9.9973E-05 0.739149 0.0217597 9.9973E-05
0.085433 0.0478519 9.9982E-05 0.145723 0.684674 9.9982E-05 0.0361182
9.9973E-05 9.9973E-05 9.9973E-05 0.092358 0.841143 0.00389163 0.0623072
0.0145691 9.9973E-05 0.101858 9.9973E-05 0.854836 0.0284364 9.9973E-05
0.138472 9.9973E-05 9.9973E-05 9.9973E-05 0.730544 0.0201185 0.110566
9.9964E-05 9.9964E-05 9.9964E-05 0.127235 0.794991 9.9964E-05 0.0773736
9.9973E-05 9.9973E-05 0.0167855 0.170083 0.742762 9.9973E-05 0.0700693
0.0838827 9.9964E-05 9.9964E-05 9.9964E-05 0.822709 9.9964E-05 0.0930081
0.11813 9.9973E-05 0.0732275 9.9973E-05 0.791594 0.0167487 9.9973E-05
0.125993 0.036598 9.9982E-05 9.9982E-05 0.746109 0.0423697 0.0487309
0.193678 0.206788 0.015711 0.426207 0.10276 0.0547563 9.9991E-05
0.149328 9.9973E-05 0.051014 0.556409 0.242949 9.9973E-05 9.9973E-05
9.9973E-05 9.9973E-05 0.0878673 0.83522 0.0488254 9.9973E-05 0.0277871
9.9982E-05 0.194323 9.9982E-05 0.693084 0.026581 0.0496548 0.0361572
0.216936 0.266112 0.0428731 0.325642 0.125949 9.9991E-05 0.0223884
9.995E-05 9.995E-05 9.995E-05 9.995E-05 9.995E-05 0.9994 9.995E-05
9.9982E-05 0.188186 0.0111269 9.9982E-05 0.761574 0.0380394 0.000872931
0.110485 9.9982E-05 0.0174817 0.562185 0.162917 9.9982E-05 0.146731
0.29488 0.146347 9.9973E-05 0.426305 0.132168 9.9973E-05 9.9973E-05
0.247937 0.162005 0.0259566 0.225314 0.18687 0.00285745 0.14906
0.134252 0.628915 0.0766293 9.9991E-05 0.0980262 0.0196621 0.0424159
9.9973E-05 0.91534 9.9973E-05 0.0422989 0.0186035 9.9973E-05 0.0234575
9.995E-05 9.995E-05 9.995E-05 9.995E-05 9.995E-05 0.9994 9.995E-05
0.29921 0.180832 0.0270194 0.225824 0.191682 0.0753327 9.9991E-05
0.204644 0.358126 9.9982E-05 0.17543 0.0820615 9.9982E-05 0.179538
0.299772 0.174767 0.0787014 0.0743329 0.319684 0.0526425 9.9991E-05
0.0398032 0.0971359 0.387907 0.0247178 9.9991E-05 0.0369151 0.413421
0.0750552 0.0906157 0.598594 9.9982E-05 9.9982E-05 0.0284142 0.20712
0.110656 9.9973E-05 0.540819 0.0727941 9.9973E-05 9.9973E-05 0.275431
0.0680702 0.261382 0.560354 9.9982E-05 9.9982E-05 0.0471437 0.0628496
0.0203883 9.9991E-05 0.772578 0.0158663 0.0833259 0.0331533 0.0745877
0.0584988 9.9973E-05 0.619455 9.9973E-05 0.0730032 9.9973E-05 0.248743
0.317316 9.9964E-05 0.645858 9.9964E-05 9.9964E-05 9.9964E-05 0.0364262
0.159092 9.9973E-05 0.306133 9.9973E-05 9.9973E-05 0.0144729 0.520002
9.995E-05 9.995E-05 9.995E-05 9.995E-05 9.995E-05 9.995E-05 0.9994
0.0364259 0.0645527 0.739452 0.0462895 9.9991E-05 0.0509832 0.0621966
9.9982E-05 0.291185 0.313128 0.120583 9.9982E-05 0.0250638 0.249841
9.995E-05 9.995E-05 9.995E-05 9.995E-05 9.995E-05 9.995E-05 0.9994
9.9982E-05 0.16036 0.450474 0.0687236 0.0399605 9.9982E-05 0.280282
0.0847492 0.483504 0.226074 9.9982E-05 9.9982E-05 0.0668698 0.138603
0.085566 0.0658542 0.0637948 0.0305048 0.725502 0.0286777 9.9991E-05
0.104475 9.9982E-05 0.0472903 0.0693047 0.744983 0.0337469 9.9982E-05
9.9973E-05 9.9973E-05 9.9973E-05 0.125271 0.829363 0.0266061 0.0184595
0.149279 0.11547 0.68712 9.9991E-05 0.00409654 0.00633085 0.0376035
9.9982E-05 0.373312 0.35194 0.025378 9.9982E-05 0.0769183 0.172252
0.0524544 0.124071 0.634157 9.9991E-05 0.0568961 0.0417266 0.0905953
9.9982E-05 0.251762 0.64504 9.9982E-05 0.00526326 0.02121 0.0765249
9.9982E-05 9.9982E-05 0.751358 0.0752063 0.0203833 0.0727421 0.0801103
0.257518 0.583008 9.9973E-05 9.9973E-05 9.9973E-05 0.0149317 0.144242
0.358592 0.539172 9.9964E-05 9.9964E-05 9.9964E-05 9.9964E-05 0.101836
0.128164 0.792835 9.9982E-05 9.9982E-05 0.0150775 0.00693363 0.05679
9.9955E-05 0.972799 9.9955E-05 9.9955E-05 9.9955E-05 0.0267009 9.9955E-05
0.0266874 0.824323 0.00204237 9.9991E-05 0.11919 0.0237147 0.00394211
0.0741182 0.805705 9.9982E-05 9.9982E-05 0.00811165 0.0272469 0.0846187
9.9982E-05 0.646453 0.0638047 0.156762 0.120473 0.0123078 9.9982E-05
0.155704 0.176469 0.631606 9.9973E-05 9.9973E-05 9.9973E-05 0.0359206
9.9991E-05 0.299253 0.355447 0.0930292 0.0315697 0.107351 0.11325
9.9991E-05 0.149809 0.536201 0.0711892 0.0011302 0.0272776 0.214293
9.9982E-05 0.0782842 0.621887 9.9982E-05 0.119614 0.0285196 0.151496
0.286582 9.9973E-05 0.626205 9.9973E-05 9.9973E-05 0.0332879 0.0536249
0.1254 0.135595 0.0624893 0.0524723 0.583288 0.0406551 9.9991E-05
9.9982E-05 0.576882 0.141288 0.0764952 0.0692994 9.9982E-05 0.135835
9.9973E-05 0.859957 0.110422 0.00845338 9.9973E-05 9.9973E-05 0.0208679
9.995E-05 9.995E-05 9.995E-05 9.995E-05 9.995E-05 0.9994 9.995E-05
0.181245 0.176366 9.9973E-05 0.488014 0.154076 9.9973E-05 9.9973E-05
0.120798 0.07298 9.9991E-05 0.623079 0.143666 0.0258515 0.0135249
0.512424 0.114496 9.9991E-05 0.14154 0.0850585 0.00826363 0.138118
0.5142 0.196659 0.0856137 9.9991E-05 0.162359 0.0195362 0.0215324
0.172108 9.9973E-05 0.0868703 0.630027 0.110695 9.9973E-05 9.9973E-05
9.9973E-05 0.705807 9.9973E-05 0.0271356 0.0261155 9.9973E-05 0.240642
9.9991E-05 0.094112 0.0406618 0.257647 0.554614 0.0447384 0.00812663
9.9973E-05 0.569216 0.193167 0.155593 9.9973E-05 0.0817236 9.9973E-05
0.0103019 0.296104 0.0983839 0.310155 0.25284 0.0321159 9.9991E-05
0.544497 9.9973E-05 9.9973E-05 0.283576 0.139178 9.9973E-05 0.0324496
0.173657 0.263639 0.00205202 0.508205 0.0522473 9.9982E-05 9.9982E-05
0.302138 0.243692 9.9973E-05 0.313669 0.1402 9.9973E-05 9.9973E-05
0.899884 0.00428445 0.0620914 9.9973E-05 9.9973E-05 9.9973E-05 0.03344
9.9982E-05 0.297867 0.00947048 0.636674 0.0307707 0.025017 9.9982E-05
0.891216 0.106163 9.9964E-05 9.9964E-05 9.9964E-05 0.00222063 9.9964E-05
9.9991E-05 0.63589 0.115933 0.0778063 0.0358495 0.0136723 0.120749
0.105369 0.622901 0.0667456 0.0391506 0.0266142 0.0738298 0.0653899
0.100954 0.64794 0.177145 9.9991E-05 0.00170894 0.0665986 0.00555376
0.131125 0.605808 9.9982E-05 0.0689906 0.188005 0.00587214 9.9982E-05
0.21612 0.492599 0.0547817 0.0210459 0.165464 9.9991E-05 0.04989
0.177102 0.0231772 0.0807949 0.349615 0.369111 9.9982E-05 9.9982E-05
0.0373565 9.9982E-05 0.620208 0.16527 9.9982E-05 0.0110199 0.165945
9.9982E-05 0.214161 0.542404 9.9982E-05 0.0202488 0.0384667 0.18452
9.9991E-05 0.523311 0.0811171 0.116001 0.138976 0.00263773 0.137857
0.344101 0.383002 9.9973E-05 9.9973E-05 0.0765953 9.9973E-05 0.196002
9.9982E-05 0.42847 9.9982E-05 0.0701775 0.272211 0.046707 0.182235
9.9973E-05 0.319866 9.9973E-05 0.0151967 0.662815 9.9973E-05 0.00182293
9.9982E-05 0.301799 0.598945 9.9982E-05 0.040469 0.0295466 0.0290403
0.0759946 0.24682 0.423787 9.9973E-05 9.9973E-05 9.9973E-05 0.253099
9.9973E-05 0.432797 0.372129 0.0828044 9.9973E-05 9.9973E-05 0.111969
9.9991E-05 0.0267432 0.0184446 0.432324 0.410306 0.070632 0.0414508
0.142768 9.9982E-05 0.0808823 0.586228 0.172487 9.9982E-05 0.0174354
0.251066 0.106459 0.0767619 0.539328 9.9982E-05 0.0261854 9.9982E-05
0.052485 9.9982E-05 0.0636869 0.723322 0.0880765 9.9982E-05 0.0722293
0.199587 9.9973E-05 9.9973E-05 0.439872 0.334112 9.9973E-05 0.0261284
0.10348 0.0664565 0.0103323 0.678989 0.13946 0.00118299 9.9991E-05
0.0842293 0.0482937 9.9982E-05 0.775435 0.0584089 9.9982E-05 0.0334334
0.205733 9.9973E-05 9.9973E-05 0.719615 9.9973E-05 0.0233592 0.0509929
0.120323 0.164632 0.0635856 0.322052 0.329207 9.9982E-05 9.9982E-05
0.83081 9.9964E-05 0.0406105 0.128179 9.9964E-05 9.9964E-05 9.9964E-05
0.896107 9.9982E-05 9.9982E-05 0.0083024 0.0506123 0.00280712 0.0419707
0.815522 9.9973E-05 9.9973E-05 0.124002 9.9973E-05 0.00844282 0.0517334
0.210841 0.154503 0.0782907 0.308607 0.232727 9.9991E-05 0.0149317
0.898027 9.9973E-05 0.0440609 0.0400806 9.9973E-05 0.0175317 9.9973E-05
0.700325 0.084784 9.9973E-05 9.9973E-05 0.156276 9.9973E-05 0.0583145
0.169537 0.0775565 9.9991E-05 0.707027 0.0164069 0.00928166 0.0200909
0.05596 0.13696 9.9964E-05 9.9964E-05 0.80668 9.9964E-05 9.9964E-05
9.9964E-05 0.0537745 9.9964E-05 0.157077 0.788749 9.9964E-05 9.9964E-05
0.151497 9.9964E-05 9.9964E-05 9.9964E-05 0.829104 0.0189993 9.9964E-05
0.18629 9.9973E-05 0.0567188 9.9973E-05 0.747575 9.9973E-05 0.00911605
9.9982E-05 0.0975872 9.9982E-05 0.0933423 0.748458 0.0165457 0.0438667
0.14882 0.167724 0.101885 0.575601 9.9982E-05 0.00576998 9.9982E-05
9.9973E-05 0.120576 9.9973E-05 0.735945 0.125019 0.0181602 9.9973E-05
9.9973E-05 0.0323722 0.447333 9.9973E-05 9.9973E-05 0.00323001 0.516765
0.0808213 0.0273705 0.788465 9.9991E-05 0.0497904 0.0163308 0.0371215
9.9973E-05 9.9973E-05 0.78624 0.0799257 0.0161776 9.9973E-05 0.117357
9.9982E-05 0.242023 0.560084 0.101448 0.0272357 9.9982E-05 0.0690098
0.00338852 0.0646749 0.66053 0.0309525 9.9991E-05 0.0296628 0.210692
9.9982E-05 0.0178603 0.70677 9.9982E-05 0.12523 0.0179989 0.131941
9.9982E-05 0.0436956 0.83604 0.0419698 9.9982E-05 0.0172753 0.0608191
9.9982E-05 0.0142415 0.50549 0.0921769 0.057142 9.9982E-05 0.33075
9.9973E-05 9.9973E-05 0.715251 0.0835343 0.0420036 9.9973E-05 0.158912
9.9973E-05 9.9973E-05 0.644524 9.9973E-05 0.0994988 0.0152064 0.240471
0.0187612 0.146887 0.78972 9.9973E-05 9.9973E-05 0.0443315 9.9973E-05
0.0430225 9.9991E-05 0.790493 0.0570224 0.0645303 0.0262204 0.0186108
0.116179 9.9982E-05 0.680503 0.0532723 9.9982E-05 0.00867633 0.14117
0.000136593 9.9991E-05 0.758803 0.00595012 0.0815462 0.00145096 0.152013
9.9964E-05 0.194829 0.665613 9.9964E-05 9.9964E-05 9.9964E-05 0.139158
9.9973E-05 9.9973E-05 0.904372 0.0675316 9.9973E-05 0.027618 0.000178039
9.9982E-05 9.9982E-05 0.782554 0.0191229 0.0836184 0.0108558 0.103649
9.9973E-05 0.776777 0.105597 0.0849611 9.9973E-05 9.9973E-05 0.0323648
0.0238114 0.876303 9.9973E-05 0.0597687 0.0398169 9.9973E-05 9.9973E-05
9.9973E-05 0.0955188 0.835885 0.0474081 9.9973E-05 9.9973E-05 0.0208881
0.0785155 9.9982E-05 0.43879 0.205508 9.9982E-05 0.0214849 0.255502
9.995E-05 9.995E-05 9.995E-05 9.995E-05 9.995E-05 9.995E-05 0.9994
0.173474 0.560055 9.9973E-05 0.0542073 9.9973E-05 9.9973E-05 0.211964
0.0368677 0.0713756 0.0493002 0.823865 0.00365219 0.0148392 9.9991E-05
0.160422 9.9982E-05 9.9982E-05 0.642563 0.158478 0.0323587 0.00597742
9.9973E-05 0.137401 9.9973E-05 0.357307 0.416193 9.9973E-05 0.0887994
0.260391 0.0873092 0.00546581 0.041251 0.594285 9.9991E-05 0.0111978
0.130661 0.105795 0.0158057 9.9982E-05 0.742759 0.00477916 9.9982E-05
0.0671673 0.092524 9.9982E-05 0.0123553 0.795893 9.9982E-05 0.0318607
0.0576268 9.9982E-05 0.00189935 0.182388 0.732026 0.0258593 9.9982E-05
0.242089 0.0681669 9.9982E-05 9.9982E-05 0.647631 0.000308449 0.041605
0.0269193 0.190302 0.00247503 0.0466791 0.633664 0.0323374 0.0676232
0.0270617 9.9982E-05 0.11033 0.0864063 0.72747 0.0485312 9.9982E-05
9.9982E-05 0.0657371 9.9982E-05 0.853623 0.0388878 0.00780429 0.033748
0.0145341 0.00486364 0.0225569 0.812727 0.00833279 0.0593011 0.0776847
0.215678 0.0284622 9.9982E-05 0.599636 9.9982E-05 0.0503024 0.105722
9.99641E-05 0.265768 0.0162478 0.717584 9.99641E-05 9.99641E-05 9.99641E-05
0.196075 0.162495 9.9982E-05 0.597729 9.9982E-05 0.00760588 0.0358949
0.171711 0.370014 9.9973E-05 0.429771 9.9973E-05 9.9973E-05 0.028204
0.558192 0.0146407 9.9991E-05 0.192823 0.13267 0.00991609 0.0916589
0.836858 0.016758 9.9982E-05 9.9982E-05 0.0458373 0.0124166 0.0879305
0.936177 9.9964E-05 0.0224962 9.9964E-05 9.9964E-05 0.0409273 9.9964E-05
0.762573 0.0172135 0.0749677 0.0725716 0.0668117 0.0057627 9.9991E-05
0.6913 0.0411867 0.0448446 0.152764 0.0585671 0.0112374 9.9991E-05
0.168098 0.0248809 0.0942364 9.9982E-05 0.621811 0.0907734 9.9982E-05
0.0345937 0.109816 0.224381 9.9991E-05 0.0206828 0.041211 0.569216
9.9982E-05 0.0889079 0.690288 9.9982E-05 0.103583 0.0337162 0.0833046
9.9955E-05 0.140797 0.858703 9.9955E-05 9.9955E-05 9.9955E-05 9.9955E-05
0.0720367 0.128145 0.6787 0.0561046 0.0542738 0.0106394 9.9991E-05
9.9982E-05 9.9982E-05 0.777021 0.112364 0.0866245 0.00166023 0.0221308
0.559788 0.058474 0.0717403 0.0111405 0.207018 0.0152137 0.076625
0.354597 0.00636508 0.0220852 0.3399 0.236107 0.0337168 0.00722909
0.844934 9.9982E-05 9.9982E-05 0.0570071 0.0269253 0.043533 0.027401
0.204557 0.18686 9.9991E-05 0.259162 0.279772 0.0382672 0.0312824
