0.0386811 0.138412 0.822907
9.999E-05 0.118791 0.881109
9.999E-05 0.2482 0.7517
0.0238356 0.0118694 0.964295
0.0409832 0.0589695 0.900047
0.0406618 9.9991E-05 0.959238
0.0394672 0.0559583 0.904574
9.999E-05 0.157496 0.842404
0.0813527 0.237935 0.680712
0.0553749 0.260587 0.684038
0.225823 0.0968803 0.677296
0.080931 0.236347 0.682722
0.319459 0.121543 0.558998
0.134072 0.156758 0.70917
0.0507763 0.269394 0.67983
9.9991E-05 0.111527 0.888373
9.9991E-05 0.157957 0.841943
9.9991E-05 0.147692 0.852208
0.180631 0.585958 0.233411
0.00247793 0.672717 0.324805
9.9991E-05 0.701856 0.298044
0.0648548 0.819256 0.115889
9.999E-05 0.9998 9.999E-05
0.0296317 0.866785 0.103583
9.9991E-05 0.665347 0.334553
9.9991E-05 0.965471 0.0344292
0.0714065 0.928493 9.9991E-05
0.0475051 0.952395 9.9991E-05
9.999E-05 0.9998 9.999E-05
0.0488279 0.931196 0.0199766
0.024681 0.975219 9.9991E-05
0.0229268 0.949832 0.0272416
9.9991E-05 0.953731 0.0461689
0.0206117 0.249623 0.729766
9.9991E-05 0.31113 0.68877
0.025826 0.0906442 0.88353
0.0498461 0.0691542 0.881
0.166619 0.174663 0.658719
0.352473 0.647427 9.9991E-05
0.0915805 0.762545 0.145874
0.0742894 0.190961 0.734749
9.9991E-05 0.184501 0.815399
0.170694 0.313325 0.515981
0.323562 0.140987 0.535452
0.289919 0.0328708 0.67721
0.401123 0.598777 9.9991E-05
0.10049 0.311904 0.587606
0.222196 0.11425 0.663554
0.153136 0.420657 0.426207
0.839089 0.036586 0.124325
0.909479 0.0529109 0.0376098
0.871507 0.0201659 0.108327
0.84204 0.0890928 0.0688676
0.885883 0.114017 9.9991E-05
0.916856 0.0830437 9.9991E-05
0.750771 9.9991E-05 0.249129
0.8901 0.0359054 0.073995
0.922461 0.0774392 9.9991E-05
0.876277 9.9991E-05 0.123623
0.728188 9.9991E-05 0.271712
0.914525 0.0853751 9.9991E-05
0.811762 0.0405397 0.147698
0.566877 0.0481544 0.384969
0.0670943 0.889221 0.0436851
0.00868631 0.880428 0.110886
9.9991E-05 0.881233 0.118667
0.779219 0.0859626 0.134818
0.736713 0.0495198 0.213767
0.847331 0.104003 0.0486658
0.878816 0.0377898 0.0833944
0.920505 0.0315319 0.0479627
0.327013 9.9991E-05 0.672887
0.289951 0.0421206 0.667928
0.348592 0.0209314 0.630477
0.334954 0.0382107 0.626835
0.287781 0.154802 0.557417
0.378444 0.0265971 0.594959
0.259725 0.179773 0.560502
0.758657 9.9991E-05 0.241243
0.626341 0.0651154 0.308543
0.847375 0.0851064 0.0675184
0.869958 0.129942 9.9991E-05
0.806838 9.9991E-05 0.193062
0.0722314 0.751725 0.176044
0.457006 0.106729 0.436265
0.403925 0.00224362 0.593831
0.392679 0.607221 9.9991E-05
9.9991E-05 0.203457 0.796443
9.9991E-05 0.161849 0.838051
0.0444 0.203281 0.752319
0.164468 0.335547 0.499985
0.00659783 0.160118 0.833284
0.425643 0.0489353 0.525422
0.0465944 0.601529 0.351877
0.426249 0.0141188 0.559632
0.131581 0.38117 0.487249
9.9991E-05 0.201791 0.798109
9.9991E-05 0.086992 0.912908
0.00378904 0.157888 0.838323
0.0904889 0.0344261 0.875085
0.0217126 0.0596737 0.918614
9.9991E-05 0.0421131 0.957787
0.480832 0.0518007 0.467367
0.349121 0.128732 0.522147
0.440097 0.0890731 0.47083
0.0903154 0.272986 0.636699
0.231491 0.157646 0.610863
0.0565657 0.461522 0.481913
0.804153 0.00631482 0.189532
0.838942 0.0658442 0.0952135
0.352162 0.172269 0.475569
0.33867 0.164571 0.496759
0.318956 0.364688 0.316356
0.00606126 0.748861 0.245078
0.81521 0.100073 0.0847165
0.80299 9.9991E-05 0.19691
0.646154 9.9991E-05 0.353746
0.0450398 0.523059 0.431901
0.0307702 0.301267 0.667963
0.0237844 0.0666925 0.909523
0.0387606 0.125647 0.835592
9.9991E-05 0.382638 0.617262
0.00169185 0.238687 0.759621
0.0178232 0.10542 0.876757
0.0334405 0.0673458 0.899214
0.00987545 0.38792 0.602204
9.9991E-05 0.10975 0.89015
9.9991E-05 0.204166 0.795734
0.00230813 0.139867 0.857824
0.120047 0.292643 0.58731
0.0708557 0.0595191 0.869625
0.0591414 0.299403 0.641456
0.0110718 0.168637 0.820292
9.9991E-05 0.907344 0.0925563
9.9991E-05 0.951625 0.0482746
9.9991E-05 0.997919 0.00198084
0.0770954 0.833969 0.0889358
0.0706097 0.877547 0.0518433
0.12524 0.0182179 0.856542
9.9991E-05 0.145508 0.854392
0.9998 9.999E-05 9.999E-05
0.910289 0.0896113 9.9991E-05
0.932185 9.9991E-05 0.0677151
0.769597 0.0625529 0.16785
0.937286 9.9991E-05 0.0626142
0.860844 0.139056 9.9991E-05
0.967196 9.9991E-05 0.0327041
0.918077 0.0818233 9.9991E-05
0.920657 0.0792432 9.9991E-05
0.899927 0.0999725 9.9991E-05
0.94484 9.9991E-05 0.0550597
0.851708 0.0940216 0.05427
0.829461 0.101852 0.0686871
0.93225 0.0676499 9.9991E-05
0.915402 0.0287134 0.0558842
0.945976 9.9991E-05 0.0539243
0.92013 0.0185006 0.0613698
0.383163 0.0546936 0.562143
0.236837 0.0070649 0.756098
0.934708 9.9991E-05 0.0651916
0.740752 0.0185247 0.240723
0.972308 0.027592 9.9991E-05
0.349203 9.9991E-05 0.650697
0.00960937 0.0599042 0.930486
9.9991E-05 0.298827 0.701073
0.0236319 0.461981 0.514387
9.9991E-05 0.667648 0.332252
0.0160297 0.866131 0.117839
0.0287476 0.853715 0.117538
9.9991E-05 0.830128 0.169772
0.0102996 0.826675 0.163025
0.113735 0.809366 0.0768991
0.0903165 0.815002 0.094682
0.0094755 0.149059 0.841465
0.0517529 0.112796 0.835451
0.0901917 0.0234994 0.886309
0.0040517 9.9991E-05 0.995848
0.0137593 9.9991E-05 0.986141
0.081702 0.0295494 0.888749
0.0109112 0.248505 0.740584
0.0812566 0.244094 0.674649
0.0699069 0.131416 0.798677
0.0702314 0.224378 0.70539
0.0315959 0.120086 0.848318
0.145848 0.752329 0.101823
0.815319 0.0589793 0.125701
0.904487 0.0954132 9.9991E-05
0.953197 0.0467033 9.9991E-05
0.82001 9.9991E-05 0.17989
0.869064 0.0846554 0.046281
0.162342 0.303062 0.534596
0.0213139 0.34046 0.638226
9.9991E-05 0.259781 0.740119
0.026594 0.335448 0.637958
