9.9973E-05 0.788954 0.0890836 0.0786369 9.9973E-05 0.0430259 9.9973E-05
0.0271207 0.596367 0.0773427 0.00319277 0.277727 0.0181497 9.9991E-05
0.0368511 0.660504 0.211696 9.9973E-05 9.9973E-05 0.0906499 9.9973E-05
0.00664092 0.756929 0.00367172 9.9973E-05 9.9973E-05 0.232458 9.9973E-05
9.9964E-05 0.814585 9.9964E-05 0.095773 0.0892425 9.9964E-05 9.9964E-05
9.9964E-05 0.793938 9.9964E-05 0.154928 0.0507337 9.9964E-05 9.9964E-05
9.9973E-05 0.533343 9.9973E-05 0.131414 0.242699 0.0922435 9.9973E-05
0.0493438 0.610992 9.9982E-05 9.9982E-05 0.212683 0.115045 0.0117361
0.0123583 0.133495 0.133317 0.0811318 0.628393 9.9991E-05 0.0112049
0.0249962 0.184585 0.152269 9.9991E-05 0.429563 0.178104 0.0303834
0.0468261 0.0629742 0.0164354 9.9991E-05 0.318833 0.462602 0.0922293
9.999E-05 0.276664 0.193544 0.00854781 0.361013 0.0929908 0.0671404
0.0206256 9.9982E-05 9.9982E-05 0.082035 0.1507 0.735852 0.010588
9.9973E-05 9.9973E-05 0.113399 9.9973E-05 0.71757 0.0448842 0.123847
0.0316318 0.390458 0.12535 0.0187036 0.383804 9.9991E-05 0.0499526
0.00196973 0.164489 0.0568543 9.9982E-05 0.587602 0.188885 9.9982E-05
9.9973E-05 0.321368 0.157268 0.108051 0.413013 9.9973E-05 9.9973E-05
0.0385697 0.588109 0.037452 0.0229935 0.312675 9.9982E-05 9.9982E-05
0.0481497 0.00880031 0.490817 0.0976641 0.139699 0.154753 0.0601165
9.9973E-05 9.9973E-05 0.637688 0.0190904 0.22563 0.117292 9.9973E-05
0.0100687 0.212879 0.692852 0.00496075 0.0391372 0.0271661 0.0129365
9.9982E-05 0.0117281 0.778488 9.9982E-05 0.0898364 0.0479802 0.0717673
0.0396808 9.9973E-05 0.896985 0.0128692 9.9973E-05 0.0501652 9.9973E-05
0.0347031 0.123526 0.706509 0.0094642 0.0984367 9.9991E-05 0.0272613
9.9973E-05 0.169767 0.66082 9.9973E-05 0.0585734 0.110539 9.9973E-05
0.00228767 0.103633 0.855805 0.0379742 9.9973E-05 9.9973E-05 9.9973E-05
0.0307321 9.9973E-05 0.89616 0.00854186 9.9973E-05 9.9973E-05 0.0642664
0.0229726 9.9973E-05 0.733855 0.10684 0.136033 9.9973E-05 9.9973E-05
9.9973E-05 0.102881 0.855456 0.00550652 9.9973E-05 9.9973E-05 0.0358564
0.00610229 0.0120373 0.790392 0.105366 9.9991E-05 0.0654308 0.0205721
0.0066856 9.9973E-05 0.838969 0.121107 0.0329388 9.9973E-05 9.9973E-05
0.0497534 0.00364328 0.730185 9.9982E-05 0.118624 9.9982E-05 0.0975948
0.0635893 9.9982E-05 0.745496 0.0296219 0.14458 0.016513 9.9982E-05
0.0679017 0.256593 0.159842 9.9982E-05 0.220505 0.294958 9.9982E-05
9.9973E-05 0.520962 0.250966 9.9973E-05 0.177597 9.9973E-05 0.0501748
9.9982E-05 0.754976 0.0662795 9.9982E-05 0.00908453 0.0950767 0.0743835
0.0340429 0.743091 0.0113407 0.0164761 9.9982E-05 0.194849 9.9982E-05
0.0102494 0.33109 0.0866638 9.9991E-05 0.212811 0.289263 0.069823
0.9994 9.995E-05 9.995E-05 9.995E-05 9.995E-05 9.995E-05 9.995E-05
0.0133311 9.9973E-05 0.760312 9.9973E-05 9.9973E-05 0.137005 0.0890515
9.9964E-05 0.759151 0.102928 0.137521 9.9964E-05 9.9964E-05 9.9964E-05
9.9973E-05 0.433435 0.121663 9.9973E-05 0.236092 0.20851 9.9973E-05
0.0100322 0.168795 0.163316 0.157516 0.239549 0.260691 9.9991E-05
0.0437529 9.9982E-05 0.0732193 9.9982E-05 0.192348 0.511319 0.17916
9.9964E-05 0.0225253 9.9964E-05 0.013416 9.9964E-05 0.963659 9.9964E-05
0.9994 9.995E-05 9.995E-05 9.995E-05 9.995E-05 9.995E-05 9.995E-05
0.0758521 0.326457 0.112493 9.9991E-05 0.221941 0.233823 0.0293344
9.9982E-05 0.145405 0.0367227 0.127199 0.201238 0.489234 9.9982E-05
0.0244235 0.155569 0.329136 9.9991E-05 0.285626 0.0655291 0.139616
0.0204567 9.9982E-05 9.9982E-05 0.547089 0.125251 0.0447752 0.262229
0.0144962 9.9991E-05 0.0220483 0.322463 0.0226189 0.111318 0.506956
9.9973E-05 0.0425059 9.9973E-05 0.359289 0.13817 9.9973E-05 0.459735
0.054565 9.9982E-05 9.9982E-05 0.275223 0.00965769 0.247895 0.412459
0.0554135 9.9982E-05 0.0498011 0.137616 0.051168 9.9982E-05 0.705801
9.9982E-05 0.0168481 0.0808819 0.237576 0.0128233 9.9982E-05 0.651671
9.9964E-05 9.9964E-05 9.9964E-05 0.0438844 0.277903 9.9964E-05 0.677812
0.00571511 9.9973E-05 9.9973E-05 0.491879 0.166841 9.9973E-05 0.335265
9.995E-05 9.995E-05 9.995E-05 0.9994 9.995E-05 9.995E-05 9.995E-05
0.0320724 9.9982E-05 9.9982E-05 0.0874614 0.0886191 0.0971215 0.694526
0.0246033 0.0852712 9.9982E-05 0.411834 9.9982E-05 0.248356 0.229736
9.995E-05 9.995E-05 9.995E-05 0.9994 9.995E-05 9.995E-05 9.995E-05
0.00437129 0.0179072 0.102209 0.200382 0.057605 0.0532444 0.564281
0.0631742 9.9982E-05 9.9982E-05 0.160787 0.033543 0.532358 0.209938
0.0350339 0.0627019 0.708392 9.9982E-05 0.112716 9.9982E-05 0.0809561
0.0394291 0.197854 0.723333 9.9973E-05 9.9973E-05 9.9973E-05 0.0390839
0.00924478 0.159631 0.796377 0.034447 9.9973E-05 9.9973E-05 9.9973E-05
0.0142563 0.0374074 0.00228506 0.0509461 0.114344 0.105063 0.675698
0.0737858 0.0657265 9.9982E-05 0.152405 9.9982E-05 0.298964 0.408918
0.0161362 0.0126679 0.0775623 0.101719 0.0207443 0.0894878 0.681683
0.0470712 9.9991E-05 0.0155194 0.0984354 0.000751591 0.194552 0.64357
0.0522685 0.091671 0.0205408 0.138142 9.9982E-05 9.9982E-05 0.697178
0.00330217 0.0731324 9.9991E-05 0.184016 0.206553 0.516882 0.0160145
0.0113271 9.9973E-05 9.9973E-05 0.120321 0.268786 0.599267 9.9973E-05
9.9964E-05 9.9964E-05 9.9964E-05 0.161918 0.128463 0.709219 9.9964E-05
0.0353087 9.9964E-05 9.9964E-05 9.9964E-05 9.9964E-05 0.953925 0.0103663
0.0243312 0.0224519 0.130448 9.9982E-05 9.9982E-05 0.77266 0.0499091
0.00738763 9.9973E-05 9.9973E-05 0.0839833 0.0262732 0.882056 9.9973E-05
0.0165694 0.0455755 0.0742031 9.9991E-05 0.102522 0.698757 0.0622726
9.9973E-05 9.9973E-05 9.9973E-05 0.082117 0.138958 0.182319 0.596307
0.139554 0.0968742 9.9991E-05 0.188108 0.0792289 0.213027 0.283108
9.9982E-05 0.00319297 0.0816187 0.226847 9.9982E-05 0.159439 0.528702
0.041593 9.9991E-05 0.0959061 0.205354 0.0562508 0.0140119 0.586784
0.0290816 9.9973E-05 9.9973E-05 0.00412979 0.227333 9.9973E-05 0.739156
0.0233254 9.9982E-05 0.648545 9.9982E-05 0.172049 0.10343 0.0524505
9.9991E-05 0.0109755 0.082236 0.144419 0.11456 0.451361 0.196349
9.9973E-05 9.9973E-05 9.9973E-05 0.0176311 0.0597967 0.762808 0.159464
0.9994 9.995E-05 9.995E-05 9.995E-05 9.995E-05 9.995E-05 9.995E-05
9.9982E-05 0.618757 0.114207 0.0200173 0.111372 0.135447 9.9982E-05
0.0116866 0.545047 0.0841316 0.0243427 0.237251 0.0974416 9.9991E-05
0.0348963 0.118524 0.0800841 0.0730556 0.555981 0.137359 9.9991E-05
0.0189622 9.9991E-05 0.127323 0.00090512 0.634073 0.137298 0.0813385
9.9982E-05 0.616171 0.0288367 9.9982E-05 0.235142 0.047336 0.0723144
9.9973E-05 0.00188551 0.00753085 0.253071 9.9973E-05 0.737212 9.9973E-05
0.0400269 0.145019 0.535498 9.9973E-05 9.9973E-05 0.279156 9.9973E-05
0.067514 0.0974328 9.9982E-05 0.012925 9.9982E-05 0.685071 0.136857
0.0373981 0.257754 0.237227 9.9991E-05 0.0673333 0.310051 0.0901365
9.9973E-05 0.30178 0.0920608 0.013362 0.592497 9.9973E-05 9.9973E-05
9.9973E-05 0.481122 0.0702972 9.9973E-05 0.153462 0.294819 9.9973E-05
9.9973E-05 0.298979 0.148893 9.9973E-05 0.341435 0.210393 9.9973E-05
0.00318999 9.9982E-05 9.9982E-05 0.0687181 0.873611 0.0310906 0.0231906
0.0250314 0.611773 9.9964E-05 9.9964E-05 9.9964E-05 0.362796 9.9964E-05
9.9973E-05 0.0188178 0.0570052 9.9973E-05 0.839577 0.0842999 9.9973E-05
0.0255578 0.0745866 0.0508705 0.0823882 9.9991E-05 0.607214 0.159283
0.0601974 0.147176 0.0505761 0.0999553 9.9991E-05 0.537185 0.10481
0.0919965 0.103967 9.9982E-05 0.0157583 9.9982E-05 0.610377 0.177701
0.00368837 0.00193314 0.093069 9.9982E-05 0.209404 0.691705 9.9982E-05
9.9991E-05 0.0624904 0.0865942 0.0884127 0.260885 0.43243 0.0690879
9.9973E-05 0.228163 0.429848 9.9973E-05 0.262979 9.9973E-05 0.0787098
0.0254733 0.197916 9.9973E-05 0.212216 9.9973E-05 9.9973E-05 0.564095
0.0196471 9.9982E-05 0.0416186 0.137037 9.9982E-05 0.151083 0.650414
9.9973E-05 0.0828368 0.118268 0.204925 9.9973E-05 0.593669 9.9973E-05
0.0206594 9.9982E-05 0.0786985 0.227162 0.311151 0.362129 9.9982E-05
0.0199175 0.20016 0.23346 0.245222 9.9982E-05 0.30104 9.9982E-05
9.9955E-05 9.9955E-05 0.701999 9.9955E-05 9.9955E-05 0.297501 9.9955E-05
0.0334987 9.9973E-05 0.0674777 9.9973E-05 9.9973E-05 0.253702 0.645022
9.9982E-05 0.00159531 9.9982E-05 0.226779 0.0885363 0.186208 0.496681
9.9973E-05 0.120363 9.9973E-05 0.196483 9.9973E-05 0.373136 0.309718
0.0619477 0.278738 0.454999 0.0292594 9.9991E-05 0.15856 0.0163964
0.0193638 0.564003 0.20157 9.9982E-05 0.14014 9.9982E-05 0.0747239
0.00186578 0.642197 0.00951415 9.9991E-05 0.154314 0.118154 0.0738549
0.00583264 0.73773 0.0735475 9.9982E-05 0.0501178 9.9982E-05 0.132572
9.9973E-05 0.426171 0.334396 9.9973E-05 0.216414 9.9973E-05 0.0227196
0.0263294 0.62612 0.137126 0.0273402 0.099653 0.0833321 9.9991E-05
9.9973E-05 0.814179 0.0865029 9.9973E-05 9.9973E-05 0.0540426 0.0449758
9.9964E-05 0.74297 9.9964E-05 0.0966916 0.159939 9.9964E-05 9.9964E-05
9.9973E-05 0.320538 0.320687 9.9973E-05 0.198228 0.160247 9.9973E-05
9.9964E-05 0.0671405 9.9964E-05 9.9964E-05 0.869246 9.9964E-05 0.0632134
0.00559458 9.9982E-05 0.0707308 0.0388839 0.845518 0.0390723 9.9982E-05
0.00135934 0.147573 0.0173387 0.0413591 0.746935 0.0453356 9.9991E-05
9.9991E-05 0.307734 0.18795 0.0275286 0.282813 0.110743 0.0831309
0.0181093 0.0808079 9.9982E-05 0.0605053 0.822776 9.9982E-05 0.0176015
0.00915794 9.9982E-05 0.125919 0.0477198 0.65735 0.159653 9.9982E-05
9.9982E-05 0.640335 0.0461551 9.9982E-05 0.223581 0.0539443 0.0357844
9.9973E-05 9.9973E-05 0.803406 9.9973E-05 0.0454664 0.0588419 0.0919859
9.9964E-05 0.133199 0.822044 9.9964E-05 9.9964E-05 0.0443568 9.9964E-05
0.0281956 9.9964E-05 0.804505 9.9964E-05 0.1669 9.9964E-05 9.9964E-05
0.00554203 9.9982E-05 0.678231 0.0171255 0.206192 9.9982E-05 0.0927101
9.9982E-05 0.0273201 0.77904 0.0455215 9.9982E-05 0.0788573 0.069061
0.0167277 0.513847 9.9991E-05 0.0251868 0.14237 0.228297 0.0734713
0.0161975 0.697738 0.0673042 9.9982E-05 0.0294317 0.189129 9.9982E-05
9.99549E-05 9.99549E-05 9.99549E-05 0.67158 9.99549E-05 9.99549E-05 0.32792
0.0165867 9.9982E-05 0.0345769 9.9982E-05 0.106621 0.0421011 0.799915
0.0123835 0.0164178 0.093238 0.0974508 9.9982E-05 9.9982E-05 0.78031
9.9973E-05 0.0264465 0.0702455 9.9973E-05 9.9973E-05 0.236401 0.666607
0.0091617 9.9973E-05 9.9973E-05 0.248016 0.0762148 9.9973E-05 0.666308
0.00699802 9.9982E-05 0.0814719 0.254802 0.100676 9.9982E-05 0.555852
0.0156061 9.9964E-05 9.9964E-05 9.9964E-05 9.9964E-05 0.087446 0.896548
9.9973E-05 9.9973E-05 0.0661214 0.288092 9.9973E-05 0.0718147 0.573672
9.9973E-05 0.000773009 0.127781 0.122904 9.9973E-05 9.9973E-05 0.748243
9.9973E-05 0.00078373 0.0941013 0.196665 9.9973E-05 9.9973E-05 0.70815
0.0446009 0.0185565 9.9982E-05 9.9982E-05 0.0632468 0.0578148 0.815581
0.0295915 0.0104878 0.0238618 0.117112 0.144301 0.0070819 0.667563
0.00551701 0.102512 0.0472163 0.171452 0.0209384 0.0180677 0.634296
0.00804135 9.9982E-05 0.0621198 0.135908 0.0078276 9.9982E-05 0.785904
0.0069833 0.0949081 9.9982E-05 0.140129 9.9982E-05 0.027043 0.730736
0.0184395 0.0885809 9.9973E-05 0.0688808 9.9973E-05 9.9973E-05 0.823799
9.9973E-05 0.0379462 0.111969 0.0262699 9.9973E-05 9.9973E-05 0.823515
9.9973E-05 0.00179472 0.0307116 9.9973E-05 9.9973E-05 0.834426 0.132768
9.9973E-05 0.0467236 0.00749293 9.9973E-05 0.0593342 0.886149 9.9973E-05
9.9964E-05 0.04332 9.9964E-05 9.9964E-05 9.9964E-05 0.0996837 0.856596
0.0185984 0.230478 9.9982E-05 0.218863 9.9982E-05 0.0310105 0.50085
9.995E-05 9.995E-05 9.995E-05 0.9994 9.995E-05 9.995E-05 9.995E-05
9.9973E-05 0.101976 9.9973E-05 0.213995 0.0929902 0.590738 9.9973E-05
0.0151389 0.89554 9.9973E-05 9.9973E-05 9.9973E-05 0.085118 0.0039035
0.0148727 0.654555 0.184278 9.9973E-05 0.145995 9.9973E-05 9.9973E-05
9.9973E-05 0.280009 0.452276 0.108586 9.9973E-05 0.15883 9.9973E-05
0.00270019 0.122539 0.551871 9.9991E-05 0.220906 0.085946 0.015938
9.9973E-05 9.9973E-05 0.66349 9.9973E-05 0.128506 0.194427 0.0132769
9.9973E-05 0.0353415 0.7671 0.112662 0.0845959 9.9973E-05 9.9973E-05
0.00764256 0.0884311 0.701621 9.9991E-05 0.149215 0.0515187 0.00147247
0.0134036 9.9982E-05 0.745558 0.0679452 0.116633 0.0562606 9.9982E-05
0.0457954 9.9991E-05 0.663164 0.0284782 0.0569477 0.152071 0.053444
0.0522751 0.171332 0.690416 9.9973E-05 9.9973E-05 9.9973E-05 0.085677
9.9973E-05 0.77271 0.0849365 0.0169385 9.9973E-05 0.125115 9.9973E-05
0.0547818 0.743443 0.0477501 0.0718919 9.9982E-05 0.0819334 9.9982E-05
0.0412961 0.794167 9.9982E-05 0.0726789 0.0294156 0.0622422 9.9982E-05
9.99641E-05 0.761247 9.99641E-05 9.99641E-05 9.99641E-05 0.192731 0.0456213
0.0140829 0.788776 9.9982E-05 0.0674603 0.0730671 0.0564137 9.9982E-05
9.9991E-05 0.599235 0.0326512 0.00858865 0.0922993 0.255066 0.0120597
0.00584814 0.115009 0.103695 0.0801435 0.654545 0.0406593 9.9991E-05
9.9964E-05 9.9964E-05 0.0268161 0.092547 0.880237 9.9964E-05 9.9964E-05
0.0349371 9.9964E-05 9.9964E-05 9.9964E-05 0.885404 9.9964E-05 0.0792592
9.9982E-05 0.102974 0.0532048 9.9982E-05 0.690107 0.0619873 0.091527
0.0167361 0.167537 9.9982E-05 0.0621054 0.726094 9.9982E-05 0.0273268
0.127193 9.9973E-05 0.61354 9.9973E-05 0.14534 9.9973E-05 0.113627
0.00490573 9.9982E-05 9.9982E-05 0.587204 0.0875692 0.0470036 0.273118
0.0296686 9.9982E-05 0.102779 0.13601 9.9982E-05 0.0161531 0.715189
9.9973E-05 9.9973E-05 0.0212403 9.9973E-05 0.02081 0.106109 0.851541
0.00752561 0.114133 0.0284072 0.0618933 0.00157154 0.0951634 0.691306
9.9982E-05 0.159475 0.0452888 0.0966051 9.9982E-05 0.0314666 0.666965
0.0252267 0.0632966 0.203505 0.128923 0.562941 9.9991E-05 0.0160078
0.0510537 0.236562 0.204845 9.9991E-05 0.441067 0.0316676 0.0347048
0.0661448 0.143105 9.9973E-05 0.0010539 0.789396 9.9973E-05 9.9973E-05
0.0546766 0.275524 0.219104 0.00802282 0.204619 0.237953 9.9991E-05
