0.222838 0.0185008 0.743197 0.0154641
0.131154 9.9991E-05 0.821514 0.0472316
0.239375 9.9991E-05 0.718951 0.0415739
0.0571898 0.0123527 0.914039 0.0164183
0.068483 0.00822074 0.917064 0.00623279
9.9991E-05 0.080751 0.893988 0.0251614
0.0766756 0.0394957 0.883729 9.9991E-05
0.0232682 9.9991E-05 0.890765 0.0858673
0.24415 0.0819631 0.668774 0.00511337
0.262544 0.0417851 0.636567 0.0591036
0.126046 0.16868 0.62968 0.0755935
0.313958 0.0358814 0.617379 0.0327817
0.127023 0.318203 0.488068 0.0667053
0.321313 0.11437 0.564216 9.9991E-05
0.256053 0.0302025 0.649448 0.0642962
0.096665 0.0170085 0.871009 0.0153174
0.226588 0.00200393 0.771308 9.9991E-05
0.125386 9.9991E-05 0.839204 0.0353099
0.625186 0.177572 0.140844 0.0563981
0.747334 0.0196965 0.232869 9.9991E-05
0.770084 0.0125358 0.18973 0.0276507
0.872429 0.0522443 0.041167 0.0341594
0.942988 9.9982E-05 9.9982E-05 0.0568125
0.812213 9.9991E-05 0.154675 0.033012
0.755697 9.9982E-05 0.244103 9.9982E-05
0.960914 9.9991E-05 0.017663 0.0213227
0.915254 0.0683513 9.9991E-05 0.0162944
0.878027 0.0894961 9.9991E-05 0.0323771
0.987128 9.9982E-05 9.9982E-05 0.0126716
0.867783 0.0504135 0.0817031 9.9991E-05
0.956883 0.0315812 9.9991E-05 0.011436
0.929229 0.0517664 0.00123991 0.0177648
0.837525 9.9991E-05 0.0843662 0.0780088
0.194386 0.0297209 0.682757 0.0931366
0.36371 0.0199938 0.616196 9.9991E-05
0.164495 0.0448082 0.790596 9.9991E-05
0.104823 0.0219646 0.823945 0.0492671
0.179472 0.151126 0.653042 0.0163597
9.998E-05 9.998E-05 9.998E-05 0.9997
0.853269 0.0655622 0.0485784 0.0325908
0.203447 0.0730826 0.693578 0.0298925
0.225621 9.9991E-05 0.758636 0.015643
0.36314 0.153383 0.456078 0.027399
0.095305 0.36281 0.473478 0.0684075
0.0841628 0.308167 0.597087 0.0105834
9.998E-05 9.998E-05 9.998E-05 0.9997
0.215414 0.0774878 0.616079 0.0910191
0.213626 0.227955 0.558318 9.9991E-05
0.406246 0.130654 0.449676 0.0134235
0.0158037 0.898827 0.0579724 0.0273966
0.0428969 0.895883 0.0408227 0.0203975
0.0154452 0.869119 0.106681 0.00875476
0.00458713 0.799523 0.147825 0.0480653
0.061674 0.910189 9.9991E-05 0.028037
0.0862611 0.913539 9.9982E-05 9.9982E-05
9.9982E-05 0.783825 0.215975 9.9982E-05
0.0532306 0.903877 0.0341617 0.00873078
0.0865296 0.883137 9.9991E-05 0.0302338
0.0249761 0.875346 0.0491466 0.0505312
9.9991E-05 0.738486 0.207908 0.053506
0.10269 0.89711 9.9982E-05 9.9982E-05
0.120512 0.77783 0.101559 9.9991E-05
0.0379137 0.534221 0.369279 0.0585857
0.809754 0.0574008 0.115255 0.0175908
0.811037 0.0392463 0.0943425 0.0553745
0.927982 9.9991E-05 0.0714933 0.000424884
0.0233729 0.79052 0.175521 0.0105861
0.0383192 0.690671 0.169632 0.101378
0.0735606 0.85757 0.0458728 0.0229965
0.046619 0.855089 0.0426683 0.0556233
0.0169382 0.869895 0.0456419 0.0675254
9.9991E-05 0.340214 0.628784 0.0309014
0.0411964 0.358112 0.585191 0.0155007
0.0327358 0.367182 0.579425 0.0206571
0.0247927 0.329247 0.580215 0.0657456
0.10056 0.291713 0.55385 0.0538762
0.072886 0.326131 0.557993 0.0429901
0.184999 0.244464 0.526715 0.0438222
9.9982E-05 0.775035 0.224765 9.9982E-05
0.075541 0.499556 0.27418 0.150723
0.138545 0.829785 9.9991E-05 0.0315706
0.136113 0.807787 9.9991E-05 0.0560005
9.9991E-05 0.805985 0.155206 0.0387087
0.787339 0.07873 0.129835 0.00409609
0.164638 0.438418 0.396844 9.9991E-05
9.9982E-05 0.400254 0.599546 9.9982E-05
9.998E-05 9.998E-05 9.998E-05 0.9997
0.203547 9.9982E-05 0.796253 9.9982E-05
0.19206 9.9991E-05 0.771866 0.0359747
0.226574 0.0269859 0.695991 0.0504494
0.275463 0.165256 0.536463 0.0228185
0.147354 0.0290921 0.823454 9.9991E-05
0.063292 0.439167 0.491013 0.00652825
0.575113 0.0699922 0.324458 0.0304366
9.9991E-05 0.373435 0.495349 0.131116
0.352436 0.140465 0.479602 0.0274977
0.260904 9.9991E-05 0.734045 0.00495163
0.111701 0.0120246 0.876175 9.9991E-05
0.25155 0.0204054 0.727945 9.9991E-05
0.0524832 0.0854542 0.831571 0.0304915
0.0505253 0.0578779 0.874352 0.0172445
0.141554 9.9991E-05 0.842699 0.0156474
0.074175 0.457172 0.432947 0.0357058
0.110089 0.344147 0.471109 0.0746554
9.9991E-05 0.427786 0.497914 0.0742001
0.197646 0.112739 0.665712 0.0239032
0.176026 0.237987 0.585886 9.9991E-05
0.501873 0.0380523 0.459975 9.9991E-05
0.0302419 0.824574 0.132032 0.0131522
0.0641156 0.854131 0.0582778 0.0234758
0.212792 0.397621 0.373668 0.0159191
0.166965 0.324285 0.479782 0.0289684
0.319131 0.277216 0.348651 0.055002
0.831142 0.0249108 0.143848 9.9991E-05
0.087493 0.792571 0.0911862 0.0287499
0.0136568 0.794044 0.190983 0.00131618
9.9982E-05 0.661635 0.338165 9.9982E-05
0.566452 0.0654887 0.320242 0.0478174
0.383581 0.0353888 0.565741 0.0152892
0.0593471 0.0584983 0.833237 0.0489181
0.117383 0.0903367 0.79218 9.9991E-05
0.412349 9.9982E-05 0.587451 9.9982E-05
0.184177 9.9991E-05 0.778184 0.037539
0.167994 9.9982E-05 0.831806 9.9982E-05
0.0420324 0.0225735 0.919134 0.0162597
0.349581 0.034976 0.605608 0.00983517
0.208871 0.0129366 0.761243 0.0169497
0.274322 9.9991E-05 0.70721 0.0183681
0.111442 9.9991E-05 0.856703 0.0317543
0.313917 0.124042 0.543779 0.0182622
0.11021 0.0426428 0.781109 0.0660383
0.258825 0.0515827 0.668335 0.0212568
0.18908 0.0308685 0.77209 0.00796146
0.937677 0.0469228 0.0153007 9.9991E-05
0.9997 9.998E-05 9.998E-05 9.998E-05
0.957456 9.9982E-05 9.9982E-05 0.042344
0.796788 0.0801167 0.121077 0.00201757
0.934119 0.0474965 9.9991E-05 0.0182845
0.0156066 0.13309 0.836157 0.0151467
0.144825 9.9991E-05 0.80858 0.0464951
9.9982E-05 0.993975 9.9982E-05 0.00582488
0.0850939 0.85715 0.0330412 0.0247153
9.9991E-05 0.933166 0.0501428 0.0165913
0.0756802 0.758657 0.146535 0.0191283
9.9991E-05 0.904171 0.0673853 0.0283433
0.157423 0.831578 9.9991E-05 0.0108986
9.9991E-05 0.964887 0.0074332 0.0275797
0.0735704 0.920281 9.9991E-05 0.00604839
0.0430059 0.956794 9.9982E-05 9.9982E-05
0.0659737 0.925477 9.9991E-05 0.00844913
9.9991E-05 0.910365 0.0682947 0.0212407
0.0216739 0.850409 0.0850117 0.0429054
0.0225849 0.874284 0.0545759 0.048555
0.0543733 0.910014 9.9991E-05 0.0355132
9.9991E-05 0.90068 0.0818793 0.017341
9.9991E-05 0.912099 0.0553456 0.0324552
0.0754241 0.898869 0.00215606 0.0235513
0.0226046 0.393049 0.584247 9.9991E-05
0.0641587 0.276976 0.658765 9.9991E-05
9.9982E-05 0.945377 0.0544233 9.9982E-05
9.9991E-05 0.709844 0.258332 0.0317234
0.044047 0.955753 9.9982E-05 9.9982E-05
9.9982E-05 0.350694 0.649107 9.9982E-05
0.00118953 0.00924913 0.969106 0.0204555
0.290078 9.9991E-05 0.680798 0.0290245
0.509182 0.0610298 0.429688 9.9991E-05
0.685764 0.00346756 0.310668 9.9991E-05
0.847939 0.0307679 0.121193 9.9991E-05
0.937407 0.0400266 0.0224663 9.9991E-05
0.807981 9.9991E-05 0.176725 0.0151935
0.83924 0.0069919 0.143608 0.0101599
0.775224 0.0998627 0.0906188 0.0342945
0.790281 0.0575724 0.0905685 0.061578
0.144847 0.00826863 0.834458 0.012426
0.0539045 0.0537395 0.815541 0.0768152
9.9991E-05 0.0121419 0.922168 0.0655898
9.9982E-05 0.02833 0.97147 9.9982E-05
9.9982E-05 9.9982E-05 0.960067 0.0397326
9.9991E-05 0.108004 0.885825 0.0060712
0.233906 0.0335551 0.688361 0.0441781
0.232233 0.0800518 0.677171 0.0105445
0.0359367 0.0111588 0.874761 0.0781439
0.227138 0.0350606 0.708538 0.0292636
0.177903 0.0317629 0.754019 0.0363151
0.669718 0.0830683 0.0671939 0.18002
0.050604 0.853484 0.0813082 0.0146041
0.0880529 0.865338 9.9991E-05 0.0465091
0.0494795 0.943838 9.99997E-05 0.00658268
0.0342911 0.801382 0.15681 0.00751736
0.0911583 0.862995 9.9991E-05 0.0457463
0.292139 0.121211 0.558923 0.0277275
0.355727 0.0256845 0.580603 0.0379861
0.160285 9.9991E-05 0.761402 0.0782133
0.274722 9.9991E-05 0.657539 0.0676391
