0.165753 0.0432393 0.68712 0.00850815 0.00786103 0.0875193
0.0951702 0.105634 0.718693 9.9991E-05 0.0274039 0.0529994
0.114399 9.9982E-05 0.803045 9.9982E-05 0.0298253 0.0525313
0.179776 0.118296 0.684762 9.9982E-05 0.016966 9.9982E-05
9.9982E-05 0.165112 0.786426 0.0381824 0.0100797 9.9982E-05
0.1483 0.134236 0.717013 0.000250974 9.9982E-05 9.9982E-05
0.138764 0.298382 0.536304 0.0134144 9.9991E-05 0.0130347
0.0896116 0.432945 0.427688 9.9991E-05 0.0243166 0.0253391
9.999E-05 0.440915 0.306476 0.0307068 0.0163319 0.205471
0.202551 0.259683 0.304661 0.00277294 0.0249394 0.205393
0.378319 0.300708 0.132772 0.0552368 0.0452503 0.087714
0.250056 0.170369 0.416353 9.9991E-05 0.0378324 0.12529
0.754071 0.112672 9.9991E-05 0.0446895 0.0432139 0.0452531
0.152637 0.412807 0.140181 0.0629155 9.9991E-05 0.231359
9.9991E-05 0.381576 0.380454 0.0522137 0.0558208 0.129836
0.12313 0.509769 0.282466 9.9982E-05 9.9982E-05 0.0844354
0.0225218 0.466006 0.280864 0.0139976 9.9991E-05 0.216511
0.0141947 0.227312 0.730308 9.9982E-05 0.0279849 9.9982E-05
0.188698 9.9991E-05 0.129316 0.129588 0.0562916 0.496006
0.180326 0.0575948 0.101349 9.9982E-05 9.9982E-05 0.66053
0.0261404 0.0497501 0.232581 0.0144732 0.00656873 0.670486
0.0906339 9.9991E-05 0.0486041 0.0380843 0.0115155 0.811062
0.0735959 9.9973E-05 9.9973E-05 9.9973E-05 0.0566408 0.869463
0.0755075 9.9991E-05 0.1772 0.0032253 0.0259666 0.718001
0.0559451 0.102132 0.21337 9.9982E-05 9.9982E-05 0.628353
0.0100244 9.9973E-05 0.118248 9.9973E-05 9.9973E-05 0.871427
0.0170365 0.03293 9.9991E-05 0.0704049 0.0127273 0.866801
9.9982E-05 0.122269 9.9982E-05 0.0596674 0.0276928 0.790171
9.9973E-05 9.9973E-05 0.250643 0.031512 9.9973E-05 0.717545
9.9982E-05 0.0498036 0.0713757 0.0605894 9.9982E-05 0.818031
9.9982E-05 0.0717177 9.9982E-05 0.0275696 0.00984845 0.890664
0.008786 0.0746165 0.0884313 0.029427 0.0302539 0.768485
9.9973E-05 0.117695 9.9973E-05 9.9973E-05 0.0559893 0.826016
0.222969 0.244308 0.358088 9.9991E-05 0.0786363 0.0958985
9.999E-05 0.285319 0.51286 0.0247605 0.00293915 0.174021
9.9982E-05 0.387 0.43434 0.0751672 9.9982E-05 0.103293
0.152767 0.0853132 0.708093 0.00986427 0.0438632 9.9991E-05
0.198897 0.343206 0.272642 0.0481794 9.9991E-05 0.136976
9.996E-05 9.996E-05 9.996E-05 9.996E-05 0.9995 9.996E-05
0.228884 9.9982E-05 0.0248615 9.9982E-05 0.0293801 0.716675
9.9991E-05 0.0390375 0.736698 0.119125 0.00426307 0.100776
0.201383 0.0907005 0.612203 9.9982E-05 9.9982E-05 0.0955138
0.233564 0.121962 0.236401 0.091489 0.00419384 0.31239
0.660176 0.0551181 0.0850347 0.083997 0.0467421 0.0689315
0.899723 0.0218929 0.0470013 9.9982E-05 9.9982E-05 0.0311825
9.996E-05 9.996E-05 9.996E-05 9.996E-05 0.9995 9.996E-05
0.227796 0.306686 0.232739 9.9991E-05 0.0731183 0.159561
0.309639 0.435094 0.000742363 0.0938534 9.9991E-05 0.160571
0.264845 0.204703 0.16693 0.0389612 0.0236327 0.300929
0.186226 9.9982E-05 0.0510764 0.75027 0.0122279 9.9982E-05
0.135113 0.0426424 9.9991E-05 0.757699 0.0306042 0.0338413
0.00588128 0.151675 0.0817192 0.760525 9.9982E-05 9.9982E-05
0.202712 0.0404345 0.0635781 0.646231 0.0469449 9.9991E-05
9.9982E-05 0.0942388 9.9982E-05 0.792578 0.0495358 0.0634474
9.9973E-05 0.110655 9.9973E-05 0.790605 9.9973E-05 0.0984402
9.9973E-05 0.297274 0.0351155 0.667311 9.9973E-05 9.9973E-05
0.0674809 0.110445 9.9991E-05 0.76667 0.0114844 0.0438201
0.0657034 9.9982E-05 9.9982E-05 0.822232 0.0214746 0.09039
0.0662423 0.0804465 0.0626054 0.73549 0.0551156 9.9991E-05
0.198674 0.030141 0.148109 0.574184 0.0487913 9.9991E-05
0.0923454 9.9973E-05 9.9973E-05 0.7801 9.9973E-05 0.127255
0.184862 9.9982E-05 0.109447 0.657791 9.9982E-05 0.047699
0.572909 0.0149678 0.031082 0.31743 0.063511 9.9991E-05
9.9991E-05 0.167332 0.0459574 0.0525939 0.00209523 0.731921
0.0909134 9.9982E-05 0.178683 9.9982E-05 0.0290193 0.701185
9.9982E-05 0.0604341 0.121198 9.9982E-05 0.022422 0.795746
0.162405 0.124642 9.9991E-05 0.669102 0.005815 0.037937
0.419039 9.9982E-05 0.0426036 0.456687 0.0814714 9.9982E-05
0.184996 0.0201442 0.0755999 0.671557 0.0199675 0.0277356
0.256501 9.9982E-05 9.9982E-05 0.647726 0.053012 0.0425615
0.0293869 0.00671437 0.119816 0.809226 0.0347565 9.9991E-05
0.709282 0.0449998 0.154203 0.0913151 9.9982E-05 9.9982E-05
0.795927 0.182523 9.9991E-05 0.0111675 0.00937599 0.000906608
0.819069 0.128954 9.9973E-05 0.0516773 9.9973E-05 9.9973E-05
0.976986 9.9964E-05 9.9964E-05 9.9964E-05 0.0226138 9.9964E-05
0.748868 0.117339 9.9991E-05 0.00998239 0.052399 0.0713112
0.943795 9.9973E-05 9.9973E-05 9.9973E-05 0.0396854 0.0162199
0.680288 0.140778 0.0139612 0.0149792 0.0281022 0.121892
0.174593 0.237553 9.9973E-05 0.587554 9.9973E-05 9.9973E-05
0.342548 9.9982E-05 0.139116 0.409174 0.108962 9.9982E-05
0.13474 9.9991E-05 0.0319645 0.686309 0.0241355 0.122752
0.152356 0.0193175 9.9991E-05 0.687444 0.045713 0.0950697
9.9973E-05 0.328018 9.9973E-05 0.638626 0.0330561 9.9973E-05
0.149044 0.0846087 0.100053 0.00061285 0.0382195 0.627462
0.439894 0.204514 0.0544306 0.265971 9.9991E-05 0.0350906
0.862318 9.9973E-05 0.0324595 0.104922 9.9973E-05 9.9973E-05
9.996E-05 9.996E-05 9.996E-05 9.996E-05 0.9995 9.996E-05
0.149568 0.209475 0.47745 9.9982E-05 9.9982E-05 0.163307
0.100859 9.9982E-05 0.786399 9.9982E-05 0.0315842 0.0809583
0.107742 0.448377 0.190595 0.00278089 0.0438091 0.206696
0.0963232 0.535031 9.9991E-05 0.098606 0.0403119 0.229628
0.0237865 0.481284 0.385469 0.0563618 9.9991E-05 0.0529992
0.761665 0.0942395 9.9973E-05 0.143795 9.9973E-05 9.9973E-05
0.171003 9.9991E-05 0.236497 0.00789686 0.0526792 0.531824
0.655808 9.9982E-05 0.109411 0.145046 0.0895348 9.9982E-05
0.267537 0.224483 0.132423 0.0671506 0.0311053 0.277301
9.9982E-05 0.265896 0.596512 9.9982E-05 0.00330378 0.134089
0.12972 0.498592 0.295166 9.9982E-05 9.9982E-05 0.0763217
0.204355 0.113385 0.548776 9.9982E-05 9.9982E-05 0.133284
0.0373119 0.812723 9.9982E-05 0.0538042 9.9982E-05 0.0959607
0.22379 0.63745 0.119461 9.9982E-05 0.0190989 9.9982E-05
0.131053 0.433063 0.370522 9.9991E-05 0.0163842 0.0488775
0.572001 0.126333 0.0573528 0.196941 0.0472718 9.9991E-05
0.473933 0.178336 0.0644393 0.142976 0.0772962 0.0630197
0.60174 0.122771 9.9991E-05 0.197721 0.0769614 0.00070621
0.559181 0.275343 9.9973E-05 9.9973E-05 9.9973E-05 0.165176
0.494184 0.241521 0.0976529 0.0865677 9.9991E-05 0.0799744
9.9982E-05 0.260032 0.245188 0.0468226 9.9982E-05 0.447758
9.9991E-05 0.099743 0.109652 0.751828 0.0152404 0.0234367
0.172168 0.0777916 9.9991E-05 0.704699 0.0148404 0.0304007
0.567883 9.9982E-05 0.181367 0.148119 9.9982E-05 0.102431
0.515934 0.24156 9.9991E-05 0.130574 0.0393158 0.0725157
0.483053 9.9991E-05 0.210936 0.112022 0.0694285 0.124461
0.348846 9.9964E-05 9.9964E-05 9.9964E-05 9.9964E-05 0.650754
0.291309 9.9991E-05 0.0130402 0.61578 0.0483223 0.031448
0.219067 0.142586 0.000683198 0.637464 9.9982E-05 9.9982E-05
0.409694 0.046421 0.100886 0.442799 9.9982E-05 9.9982E-05
0.141059 9.9991E-05 0.454788 0.00759187 0.0541532 0.342308
9.9982E-05 9.9982E-05 0.792532 0.0797295 0.00465919 0.122879
0.100327 0.275137 0.567839 0.0222786 0.0190652 0.0153534
9.9973E-05 0.337591 0.562948 0.0991607 9.9973E-05 9.9973E-05
0.0419336 0.100719 0.552638 9.9982E-05 9.9982E-05 0.304509
0.074591 0.116279 0.66484 9.9982E-05 9.9982E-05 0.14409
0.031077 9.9973E-05 0.932724 9.9973E-05 9.9973E-05 0.0358987
9.9973E-05 9.9973E-05 0.892357 0.0827197 0.0246231 9.9973E-05
0.0845425 0.106159 0.451852 0.0177984 9.9991E-05 0.339549
0.0302256 0.644884 0.177361 9.9982E-05 9.9982E-05 0.147329
9.9973E-05 0.771951 9.9973E-05 9.9973E-05 0.0165078 0.211242
0.0995245 0.689983 0.187177 9.9991E-05 0.00500698 0.0182084
0.104969 0.0849391 0.45148 0.0836662 9.9991E-05 0.274846
0.0376617 0.650313 0.181429 0.046249 0.0342439 0.0501033
0.132238 0.613771 9.9982E-05 0.0106514 9.9982E-05 0.243139
0.102985 0.0799621 0.744297 0.0125151 0.011307 0.0489331
0.105205 0.0546044 9.9973E-05 9.9973E-05 9.9973E-05 0.839891
0.0834027 9.9973E-05 0.157881 9.9973E-05 9.9973E-05 0.758416
9.9973E-05 0.155173 9.9973E-05 9.9973E-05 0.00958204 0.834945
0.0956332 0.150942 9.9982E-05 0.0481793 9.9982E-05 0.705046
0.0415883 9.9991E-05 0.162685 0.0408316 0.00703153 0.747764
0.193944 0.0880994 0.630938 0.0737176 0.0132014 9.9991E-05
0.108899 0.340308 0.44004 9.9991E-05 0.0186478 0.0920058
0.144431 9.9964E-05 9.9964E-05 0.855169 9.9964E-05 9.9964E-05
0.00887532 0.0902327 0.0199602 0.752335 0.0512718 0.0773249
9.9973E-05 0.0379151 0.128145 0.83364 9.9973E-05 9.9973E-05
0.252939 9.9991E-05 0.0720753 0.612824 0.00853259 0.0535297
0.0883837 9.9982E-05 0.0757059 0.818803 0.0169072 9.9982E-05
0.0256318 0.0497034 9.9991E-05 0.754379 0.00801821 0.162168
0.0779129 9.9982E-05 0.0642092 0.837394 0.0202842 9.9982E-05
0.0611517 9.9982E-05 0.0791351 0.769349 9.9982E-05 0.0901645
0.0837502 9.9982E-05 0.0585012 0.819623 9.9982E-05 0.0379258
0.0455019 9.9982E-05 0.0761464 0.810343 9.9982E-05 0.067809
0.0263632 0.184073 9.9982E-05 0.742636 0.0467278 9.9982E-05
0.0275944 0.137172 0.038828 0.708242 0.0367694 0.0513948
9.9973E-05 9.9973E-05 0.194866 0.754042 9.9973E-05 0.0507923
9.9991E-05 0.0683963 0.0270895 0.846563 0.0174558 0.0403954
0.134847 9.9982E-05 0.107634 0.756597 0.000722274 9.9982E-05
9.9973E-05 9.9973E-05 0.118374 0.845677 0.0356484 9.9973E-05
9.9982E-05 0.0979765 9.9982E-05 0.799121 0.0170503 0.0856524
0.791962 9.9973E-05 0.132261 0.075477 9.9973E-05 9.9973E-05
0.888986 0.0670614 0.0436527 9.9973E-05 9.9973E-05 9.9973E-05
0.104478 0.0679844 0.0168601 0.810478 9.9982E-05 9.9982E-05
9.9991E-05 0.1626 0.142815 0.688739 0.000449392 0.00529628
0.198392 9.9973E-05 9.9973E-05 0.780262 9.9973E-05 0.0210458
0.67243 0.113568 0.113397 0.100406 9.9982E-05 9.9982E-05
0.0055701 0.00517973 0.976213 0.0128375 9.9982E-05 9.9982E-05
9.9982E-05 0.0932563 0.712034 9.9982E-05 0.0204074 0.174102
0.207494 9.9973E-05 0.402128 9.9973E-05 9.9973E-05 0.390078
0.149907 0.0240167 0.255259 9.9982E-05 9.9982E-05 0.570617
0.0526649 0.204231 9.9991E-05 0.0146144 0.00696236 0.721427
0.143566 0.0022865 0.0708259 0.00962089 0.00345281 0.770248
9.9982E-05 0.181493 0.0666707 9.9982E-05 0.014543 0.737094
0.0765967 0.171394 0.0199048 0.00896338 0.0334369 0.689704
0.112236 0.0465316 9.9991E-05 0.0510208 0.0508366 0.739275
9.9982E-05 9.9982E-05 0.186871 0.0468071 0.0548732 0.711249
0.0682205 0.0623025 0.790416 0.00276081 0.0034891 0.0728114
0.0846942 9.9991E-05 0.794399 0.0599089 0.0603803 0.000517128
9.9982E-05 0.811513 0.121981 0.0143773 0.0519284 9.9982E-05
0.0331186 0.966481 9.99641E-05 9.99641E-05 9.99641E-05 9.99641E-05
9.9964E-05 0.973743 9.9964E-05 9.9964E-05 0.0258574 9.9964E-05
0.145451 0.814814 0.026384 0.0131513 9.9982E-05 9.9982E-05
0.134938 0.403439 0.282596 9.9982E-05 9.9982E-05 0.178827
0.267011 0.514153 9.9991E-05 0.0286419 0.0200041 0.17009
0.137152 0.668996 0.0912492 9.9991E-05 0.0321616 0.0703406
0.0399381 0.763899 9.9982E-05 0.0322885 9.9982E-05 0.163675
9.9991E-05 0.822041 0.0380111 0.0258994 0.0160329 0.097916
9.9982E-05 0.101779 9.9982E-05 0.0782086 0.173569 0.646243
0.188851 0.090992 9.9991E-05 0.695247 0.0116113 0.0131988
9.9982E-05 0.113662 9.9982E-05 0.742074 0.0593836 0.0846807
0.0524324 0.0755071 9.9991E-05 0.833946 0.00613038 0.0318838
0.101101 0.0771638 0.1443 0.654473 0.0180523 0.00491054
9.9982E-05 9.9982E-05 0.178237 0.7687 0.0297816 0.0230808
0.0425921 0.461831 9.9991E-05 0.11208 0.00319757 0.380199
0.148458 0.149484 0.409382 9.9991E-05 0.0276429 0.264932
9.9982E-05 0.719915 0.0740689 9.9982E-05 0.0476816 0.158135
0.230789 0.263135 0.257565 9.9991E-05 0.0376541 0.210757
