0.616157 0.0192301 0.135277 0.0753405 0.0182018 0.135793
0.519219 9.9991E-05 0.340228 0.0402663 0.0423737 0.0578135
0.693841 9.9973E-05 9.9973E-05 0.140064 9.9973E-05 0.165795
0.769155 0.016672 0.0294659 0.118259 0.0197405 0.0467074
0.851018 0.0419175 0.0884076 9.9982E-05 0.0184571 9.9982E-05
0.709856 0.0220499 0.18916 0.0498928 0.0094088 0.0196326
0.587245 0.0104933 0.144007 0.165875 9.9991E-05 0.0922799
0.584247 9.9982E-05 0.283091 0.0890371 0.0434254 9.9982E-05
0.0779872 0.0708179 0.766538 9.9991E-05 0.0349881 0.0495686
0.242323 9.9991E-05 0.411835 0.170969 0.0245933 0.15018
0.0831587 0.0513931 0.404713 0.416314 0.0443214 9.9991E-05
0.247767 0.0175636 0.479994 0.0954378 0.0284482 0.130789
9.9982E-05 0.0199921 0.193747 0.753127 0.0329339 9.9982E-05
9.9982E-05 0.0495946 0.835825 0.0461673 9.9982E-05 0.0682131
0.358757 0.0901184 0.406373 9.9991E-05 0.0395663 0.105086
0.209419 9.9982E-05 0.611749 0.137576 9.9982E-05 0.0410563
0.321803 0.0306316 0.428211 0.0326965 9.9991E-05 0.186558
0.508033 9.9982E-05 0.403979 9.9982E-05 0.0422738 0.0455133
9.999E-05 0.0818677 0.208016 0.147087 0.0474377 0.515491
9.9973E-05 9.9973E-05 0.255606 0.147683 9.9973E-05 0.59641
0.14232 9.9982E-05 0.203075 9.9982E-05 0.0143988 0.640006
0.0465306 0.0327476 0.0563586 0.0821145 0.00288472 0.779364
9.9982E-05 0.0235253 9.9982E-05 0.0250631 0.0505161 0.900696
0.034691 0.0273754 0.193807 9.9991E-05 0.0452581 0.698769
0.173039 9.9982E-05 0.0772609 0.118698 9.9982E-05 0.630802
0.101354 9.9982E-05 9.9982E-05 0.00862583 0.0136216 0.876199
9.9982E-05 0.0734367 0.0437087 9.9982E-05 0.0241186 0.858536
9.999E-05 0.0754005 0.113683 0.00299658 0.0289754 0.778844
0.0885274 0.0376079 9.9973E-05 9.9973E-05 9.9973E-05 0.873565
0.0611466 0.0474216 9.9982E-05 0.066499 9.9982E-05 0.824733
9.9973E-05 0.0231894 0.2052 9.9973E-05 9.9973E-05 0.77131
9.9982E-05 0.0177588 0.258191 9.9982E-05 0.0218334 0.702017
9.999E-05 0.00582047 0.136575 0.0737388 0.0512757 0.73249
0.348317 9.9991E-05 0.280607 0.20061 0.0674388 0.102927
0.4381 0.0361386 0.361802 9.9982E-05 9.9982E-05 0.163759
0.776366 0.0907524 9.9973E-05 9.9973E-05 9.9973E-05 0.132582
0.791374 9.9982E-05 9.9982E-05 0.148794 0.0282424 0.0313899
0.271334 0.0363848 0.311921 0.247583 0.034076 0.0987008
9.996E-05 9.996E-05 9.996E-05 9.996E-05 0.9995 9.996E-05
9.9982E-05 0.038768 9.9982E-05 0.150973 0.0264895 0.78357
0.631434 0.133016 0.0538251 9.9982E-05 9.9982E-05 0.181525
0.308865 9.9982E-05 0.429869 0.133185 9.9982E-05 0.127881
0.124816 0.0706727 0.140971 0.351998 0.0412633 0.270279
0.0203328 0.11861 0.195563 0.518128 0.0551815 0.0921854
0.0669955 9.9982E-05 9.9982E-05 0.887829 0.0195275 0.0254479
9.996E-05 9.996E-05 9.996E-05 9.996E-05 0.9995 9.996E-05
0.165267 9.9991E-05 0.327814 0.280268 0.0678974 0.158652
0.181441 0.0533952 0.258663 0.445317 9.9991E-05 0.0610832
0.239952 0.0592943 0.220591 0.157897 0.0285125 0.293753
0.00538865 0.693861 0.0831962 0.140365 0.0364317 0.0407571
9.9982E-05 0.706305 0.0704672 0.184574 0.0384541 9.9982E-05
0.0173582 0.757135 0.225207 9.9973E-05 9.9973E-05 9.9973E-05
9.9991E-05 0.6618 0.1009 0.141889 0.0844121 0.0108987
0.0436986 0.805612 0.0633351 9.9991E-05 0.0335391 0.0537152
9.9973E-05 0.800925 0.154346 9.9973E-05 9.9973E-05 0.0444298
9.9964E-05 0.654062 0.345538 9.9964E-05 9.9964E-05 9.9964E-05
9.9982E-05 0.716926 0.196492 0.0721797 0.014202 9.9982E-05
9.9982E-05 0.790318 9.9982E-05 0.0160802 0.0254563 0.167946
0.0573148 0.718455 0.077237 0.091829 0.055064 9.9991E-05
0.108566 0.553348 0.0363997 0.263912 0.0376742 9.9991E-05
9.9973E-05 0.726072 9.9973E-05 0.146829 9.9973E-05 0.126798
9.9982E-05 0.63392 0.144579 0.166551 9.9982E-05 0.0547494
9.9982E-05 0.282934 0.0511135 0.589637 0.0761153 9.9982E-05
0.144198 0.0444889 0.0508719 9.9991E-05 0.0144257 0.745915
0.121932 9.9982E-05 9.9982E-05 0.0602695 0.0456255 0.771973
0.205731 9.9973E-05 9.9973E-05 9.9973E-05 0.0104527 0.783516
0.0125151 0.647336 0.180383 0.125623 9.9991E-05 0.0340425
0.0645202 0.456751 9.9982E-05 0.406058 0.0724708 9.9982E-05
0.0235061 0.671514 0.0903099 0.144917 0.0231189 0.0466348
9.9982E-05 0.642334 9.9982E-05 0.274932 0.0655123 0.0170221
0.15149 0.733368 9.9991E-05 0.0374954 0.0587334 0.0188142
0.0628381 0.158099 0.277013 0.491472 0.0104781 9.9991E-05
9.9973E-05 0.0290907 0.287018 0.683591 9.9973E-05 9.9973E-05
0.0927921 0.0609341 0.00644323 0.824024 0.0157066 9.9991E-05
9.9973E-05 9.9973E-05 9.9973E-05 0.953662 0.0320938 0.013944
0.0329658 9.9982E-05 9.9982E-05 0.803505 0.0244779 0.138851
9.9982E-05 0.00595114 0.0853562 0.887259 0.0212341 9.9982E-05
0.16378 9.9982E-05 9.9982E-05 0.745993 0.0348731 0.0551544
9.9973E-05 0.546456 0.107051 0.346193 9.9973E-05 9.9973E-05
0.12875 0.348936 9.9991E-05 0.356491 0.147484 0.0182399
0.0115869 0.705535 0.0604283 0.122852 0.0224884 0.0771097
9.9991E-05 0.691604 0.0518725 0.127954 0.0573269 0.0711423
9.9973E-05 0.655699 0.340993 9.9973E-05 0.00300726 9.9973E-05
9.9982E-05 9.9982E-05 0.215898 0.195235 0.00881067 0.579856
0.105711 0.252298 0.0136696 0.509469 9.9991E-05 0.118752
0.0645014 0.0923496 9.9973E-05 0.842849 9.9973E-05 9.9973E-05
9.996E-05 9.996E-05 9.996E-05 9.996E-05 0.9995 9.996E-05
0.565305 9.9982E-05 0.0875292 0.118715 9.9982E-05 0.228251
0.603362 9.9991E-05 0.154803 0.0663935 0.0566803 0.118662
0.179533 9.9991E-05 0.496505 0.178688 0.056426 0.0887472
0.0164646 0.0734936 0.545581 0.15637 0.0289381 0.179152
0.648769 0.077357 0.244642 0.00427075 9.9991E-05 0.0248615
0.0434791 0.130589 9.9982E-05 0.815095 9.9982E-05 0.010637
0.137569 9.9991E-05 0.0912286 0.211495 0.0332508 0.526357
0.112011 0.195373 0.0409108 0.555332 0.0962736 9.9991E-05
0.244981 0.00930368 0.0604973 0.401599 0.0298985 0.253721
0.201128 9.9982E-05 0.672255 9.9982E-05 0.0315976 0.0948193
0.518877 9.9982E-05 0.151131 0.297414 9.9982E-05 0.0323777
0.281605 9.9982E-05 0.473951 0.179691 9.9982E-05 0.0645535
0.111738 0.0670567 0.731966 0.082851 0.00628784 9.9991E-05
0.696786 9.9964E-05 9.9964E-05 0.302814 9.9964E-05 9.9964E-05
0.00203723 9.9973E-05 0.981928 0.0157348 9.9973E-05 9.9973E-05
0.116261 0.167593 9.9991E-05 0.642365 0.0184534 0.0552275
0.0705553 0.131268 0.0608654 0.581332 0.0847861 0.071194
0.0785218 0.166529 9.9991E-05 0.659111 0.088525 0.00721357
0.0208423 9.9982E-05 0.187746 0.606666 9.9982E-05 0.184545
0.0234343 0.0780983 0.325294 0.490284 9.9991E-05 0.0827892
0.314598 0.0753533 0.257032 9.9982E-05 9.9982E-05 0.352817
0.197259 0.726577 0.0553918 9.9982E-05 0.0205727 9.9982E-05
0.0282244 0.644716 0.0617414 0.192161 0.0487614 0.0243957
0.13664 0.121193 9.9982E-05 0.594967 9.9982E-05 0.147
9.9991E-05 0.174281 0.322777 0.391127 0.0358479 0.0758666
0.106578 0.100498 9.9991E-05 0.467072 0.0603011 0.265451
0.039502 9.9973E-05 9.9973E-05 0.251312 9.9973E-05 0.708886
9.9982E-05 0.569991 9.9982E-05 0.327441 0.0459627 0.056405
0.0159582 0.605924 0.0778144 0.283937 9.9991E-05 0.0162666
0.10298 0.436698 0.061832 0.39829 9.9982E-05 9.9982E-05
0.341395 0.0450707 9.9991E-05 0.082337 0.0506481 0.480449
0.51292 0.0237238 0.195474 9.9991E-05 0.00442538 0.263356
0.726462 9.9991E-05 0.028684 0.180813 0.0402148 0.0237262
0.733454 0.0810759 0.0535826 0.0600071 9.9991E-05 0.0717804
0.299553 0.0032668 0.397205 9.9982E-05 9.9982E-05 0.299775
0.589048 9.9991E-05 0.106818 0.133948 0.0163228 0.153763
0.7242 0.0478 0.149043 9.9982E-05 9.9982E-05 0.0787571
0.688721 0.068358 0.223047 9.9982E-05 0.0196745 9.9982E-05
0.441863 0.0375057 0.067555 0.0705118 0.00330607 0.379258
0.149273 9.9973E-05 0.850046 9.9973E-05 9.9973E-05 0.000380962
0.109034 9.9991E-05 0.80497 0.0100281 0.0260156 0.0498527
0.234135 9.9991E-05 0.549083 0.108758 0.0294793 0.0784448
0.296115 0.0897643 0.296196 0.0883052 0.006295 0.223325
0.116393 0.0207983 0.839189 9.9982E-05 0.0234198 9.9982E-05
0.0459337 9.9982E-05 0.47935 0.320086 9.9982E-05 0.15443
0.641315 9.9982E-05 0.163453 0.112076 9.9982E-05 0.0829557
9.9973E-05 9.9973E-05 0.0649511 0.122303 9.9973E-05 0.812446
0.0468899 9.9982E-05 0.00598534 0.081397 9.9982E-05 0.865528
0.00177066 9.9982E-05 0.128118 9.9982E-05 0.0226996 0.847211
9.9982E-05 0.0552195 0.259255 9.9982E-05 0.00542671 0.679899
0.118129 0.0390179 9.9991E-05 0.0803504 0.00314933 0.759253
0.601965 0.076999 0.120215 0.184361 0.0163602 9.9991E-05
0.684284 9.9982E-05 9.9982E-05 0.121368 0.0532172 0.140932
9.9964E-05 0.829977 9.9964E-05 0.169623 9.9964E-05 9.9964E-05
0.0766577 0.73461 9.9991E-05 0.085095 0.0458423 0.0576947
0.0650517 0.835624 0.00622879 9.9991E-05 0.024897 0.0680982
0.0214132 0.58231 0.0322872 0.261894 9.9991E-05 0.101995
0.0405572 0.783257 0.0971745 0.0673024 0.0116093 9.9991E-05
9.9982E-05 0.759707 0.0516542 0.0556905 9.9982E-05 0.132748
0.0612275 0.793764 9.9982E-05 0.11732 0.0274892 9.9982E-05
0.0240425 0.775538 9.9991E-05 0.109719 0.00907229 0.081528
0.0293867 0.777497 0.0390142 0.141133 9.9991E-05 0.0128692
0.0781056 0.807716 0.00845528 0.00173635 9.9991E-05 0.103886
0.100954 0.751789 0.00156082 0.104074 0.0415225 9.9991E-05
9.9991E-05 0.707589 0.13516 0.105544 0.0232061 0.0284002
0.00992829 0.771578 0.148599 9.9982E-05 9.9982E-05 0.0696944
0.103055 0.845054 9.9991E-05 0.0117127 0.0108985 0.0291793
0.0875239 0.689108 9.9982E-05 0.198743 0.0244256 9.9982E-05
0.185909 0.800678 9.9973E-05 9.9973E-05 0.013113 9.9973E-05
0.0984125 0.798935 9.9982E-05 9.9982E-05 0.0224022 0.0800508
0.050606 0.0956992 0.0802514 0.738849 9.9991E-05 0.0344948
0.00910028 9.9973E-05 0.15736 0.83324 9.9973E-05 9.9973E-05
0.0908455 0.795382 9.9973E-05 0.113473 9.9973E-05 9.9973E-05
0.249905 0.634963 9.9991E-05 0.0827676 0.0238216 0.00844272
9.9982E-05 0.707098 9.9982E-05 0.281681 0.00144098 0.00958009
9.9973E-05 0.0858772 0.223225 0.690597 9.9973E-05 9.9973E-05
0.840766 0.0286472 0.0812802 0.0382574 0.0109491 9.9991E-05
0.57676 9.9982E-05 0.237789 9.9982E-05 0.0238094 0.161442
0.247525 0.00684866 0.0564531 0.200759 9.9991E-05 0.488314
0.0370414 9.9982E-05 0.421353 0.0439416 9.9982E-05 0.497464
0.0487695 9.9982E-05 0.132075 0.128124 9.9982E-05 0.690831
9.9982E-05 0.0298553 0.193945 0.00783145 9.9982E-05 0.768168
0.201955 9.9973E-05 0.114756 9.9973E-05 9.9973E-05 0.682989
9.9982E-05 9.9982E-05 0.299681 0.0357803 0.0263314 0.638008
9.9991E-05 0.0493055 0.200547 0.0386484 0.0364888 0.67491
9.9982E-05 0.0945988 0.150578 9.9982E-05 0.0466954 0.707928
0.723063 9.9991E-05 0.0607573 0.106177 0.00365834 0.106245
0.747398 0.0479807 0.0199624 0.0793673 0.0662881 0.0390031
0.690271 0.0222554 0.114627 0.122012 0.0507345 9.9991E-05
0.777252 9.99641E-05 9.99641E-05 0.222348 9.99641E-05 9.99641E-05
0.779535 0.0245019 0.129125 0.0509426 0.0157948 9.9991E-05
0.635882 9.9973E-05 0.064459 0.299359 9.9973E-05 9.9973E-05
0.0364647 9.9991E-05 0.771194 0.0894225 0.00634627 0.0964727
9.9991E-05 0.0818394 0.769792 0.0101209 0.00349064 0.134657
0.0191516 0.00164133 0.886236 0.0471873 0.0456838 9.9991E-05
0.157086 0.0564528 0.673832 0.0334786 0.0123801 0.06677
0.216194 0.057029 0.651098 0.0365895 0.0227879 0.016302
0.0278218 0.0873012 0.239877 9.9991E-05 0.147594 0.497306
0.0359578 0.665115 0.0334034 0.248684 9.9991E-05 0.0167407
9.9991E-05 0.738489 0.0404921 0.0675573 0.033137 0.120225
0.0110667 0.800828 0.0208707 0.131979 0.0188053 0.0164503
0.06606 0.648834 0.140179 0.0956894 0.0240071 0.0252308
0.150806 0.738694 9.9991E-05 0.0211452 0.0306782 0.0585758
0.104434 0.122802 0.46656 0.0722449 0.0252101 0.208749
0.185195 9.9991E-05 0.510968 0.0415979 0.0383201 0.223819
0.152331 9.9982E-05 0.777434 9.9982E-05 0.05257 0.0174649
0.139889 9.9991E-05 0.329008 0.293851 0.0285594 0.208593
