0.780233 0.110558 0.109009 9.9982E-05 9.9982E-05
0.8074 0.0921834 0.0855198 9.9991E-05 0.0147969
0.610086 0.184059 0.174629 0.0106065 0.0206203
0.757413 0.239069 9.9982E-05 9.9982E-05 0.00331799
0.941422 9.9973E-05 9.9973E-05 0.0582777 9.9973E-05
0.850688 0.0836427 9.9991E-05 0.0652166 0.000352444
0.7626 0.0932649 0.0857259 0.0583094 9.9991E-05
0.824816 0.114433 9.9982E-05 9.9982E-05 0.0605509
0.692841 9.9991E-05 0.179205 0.109498 0.0183553
0.46041 0.307529 0.216953 9.9991E-05 0.0150086
0.309151 0.568582 0.0555829 0.0140939 0.0525904
0.442717 0.280701 0.263666 9.9991E-05 0.0128158
0.0378218 0.804212 0.0268721 0.0760927 0.0550015
0.437608 0.26471 0.265313 0.0322688 9.9991E-05
0.69424 9.9991E-05 0.178167 0.083333 0.0441602
0.741621 0.148307 0.0905408 0.0112329 0.00829814
0.699848 0.1033 0.184407 0.012345 9.9991E-05
0.824074 0.0842403 0.0651523 9.9991E-05 0.0264334
0.0698526 0.16257 0.56416 0.124935 0.0784822
0.129261 0.189951 0.680589 9.9982E-05 9.9982E-05
0.257133 0.0602946 0.661482 0.00367395 0.0174166
0.0776572 0.0942433 0.780469 0.0404928 0.00713764
9.9982E-05 0.0757954 0.867051 9.9982E-05 0.0569534
0.134985 9.9991E-05 0.815104 0.0155006 0.0343098
0.259133 0.0843964 0.656271 9.9982E-05 9.9982E-05
0.0459021 0.003045 0.939345 9.9991E-05 0.0116082
9.9982E-05 9.9982E-05 0.869152 0.0935656 0.0370822
9.9982E-05 9.9982E-05 0.886014 0.0839172 0.0298692
0.00470372 9.9982E-05 0.941562 0.0535342 9.9982E-05
0.141152 9.9982E-05 0.786126 0.0725224 9.9982E-05
0.017735 9.9982E-05 0.902536 0.0795294 9.9982E-05
0.133383 9.9991E-05 0.78456 0.058606 0.0233507
0.050547 0.0704231 0.818914 0.00334544 0.0567709
0.479067 0.253338 0.196108 9.9991E-05 0.0713871
0.667614 9.9991E-05 0.257986 0.0678596 0.0064402
0.769371 0.0707665 0.0704083 0.0893546 9.9991E-05
0.664255 0.228862 0.0735751 9.9991E-05 0.0332082
0.496066 0.250525 0.169701 0.0833653 0.000342642
9.997E-05 9.997E-05 9.997E-05 9.997E-05 0.9996
9.9982E-05 0.219772 0.750572 9.9982E-05 0.029456
0.777453 9.9982E-05 0.0880003 0.134347 9.9982E-05
0.585944 0.262459 0.151396 9.9982E-05 9.9982E-05
0.341802 0.210405 0.323306 0.118814 0.0056721
0.118768 0.694629 0.0425412 0.101916 0.0421465
9.9982E-05 0.966766 0.0179062 9.9982E-05 0.0151278
9.997E-05 9.997E-05 9.997E-05 9.997E-05 0.9996
0.437298 0.254098 0.211044 0.0189294 0.0786299
0.262756 0.558648 0.111663 0.0668336 9.9991E-05
0.321238 0.202253 0.371962 0.0777856 0.0267617
0.105696 0.0745323 9.9991E-05 0.792873 0.0267988
9.9982E-05 0.167082 9.9982E-05 0.797486 0.0352324
0.181237 9.9973E-05 9.9973E-05 0.818463 9.9973E-05
0.0164364 0.236132 9.9991E-05 0.682059 0.0652726
0.056877 9.9991E-05 0.0302338 0.842447 0.0703424
0.11972 9.9982E-05 0.0273874 0.852693 9.9982E-05
0.221652 0.0331525 9.9982E-05 0.744996 9.9982E-05
0.0838965 0.0293633 0.0611915 0.814608 0.0109407
9.9982E-05 9.9982E-05 0.117889 0.854312 0.0275989
0.119984 0.0594394 9.9991E-05 0.79164 0.0288367
0.069872 0.294346 9.9991E-05 0.599219 0.0364631
9.9982E-05 0.0160482 0.104122 0.879629 9.9982E-05
0.0459094 0.234054 0.0425046 0.677432 9.9991E-05
0.0223062 0.559606 9.9991E-05 0.351629 0.0663585
0.189189 9.9991E-05 0.742374 0.0390099 0.0293269
0.188361 0.00962118 0.736265 0.0439422 0.0218107
0.115191 9.9982E-05 0.864099 9.9982E-05 0.0205099
9.9991E-05 0.286634 0.0561732 0.649842 0.00725049
9.9982E-05 0.432121 9.9982E-05 0.50502 0.0626586
0.0387737 0.0842513 0.0972033 0.760904 0.0188682
9.9982E-05 0.304117 9.9982E-05 0.64099 0.054693
0.106036 9.9991E-05 0.0183348 0.836184 0.039345
0.188846 0.713055 9.9991E-05 0.0915838 0.00641514
0.14327 0.715043 0.0365083 0.094615 0.0105642
9.9991E-05 0.867693 0.0586864 0.0643333 0.00918737
9.9973E-05 0.965359 9.9973E-05 9.9973E-05 0.0343413
0.0127136 0.855305 0.0870616 9.9991E-05 0.0448202
9.9973E-05 0.966851 9.9973E-05 9.9973E-05 0.0328495
0.0260635 0.848746 0.0956226 9.9991E-05 0.0294679
0.00750744 0.423811 9.9982E-05 0.568481 9.9982E-05
0.0276621 0.328011 0.0574421 0.459703 0.127182
9.9991E-05 0.123747 0.0952175 0.764161 0.016774
9.9991E-05 0.110936 0.0655654 0.766667 0.0567317
0.200363 0.0424006 9.9991E-05 0.706971 0.0501655
9.9982E-05 0.265485 0.701082 9.9982E-05 0.0332334
0.0205798 0.530875 0.161062 0.287384 9.9991E-05
0.0704986 0.818811 9.9982E-05 0.110491 9.9982E-05
9.997E-05 9.997E-05 9.997E-05 9.997E-05 0.9996
0.652655 0.210662 0.123563 9.9991E-05 0.01302
0.68645 0.12656 0.177412 9.9991E-05 0.00947722
0.550614 0.256546 0.155309 9.9991E-05 0.0374316
0.42999 0.209998 0.220256 0.100941 0.0388162
0.832772 0.055028 0.0584282 0.0536721 9.9991E-05
9.9982E-05 0.819636 0.0340463 0.146118 9.9982E-05
0.18723 0.19049 0.555825 0.0103119 0.0561427
0.0175039 0.711337 9.9991E-05 0.183439 0.0876205
0.233949 0.374668 0.315034 0.0470554 0.0292934
0.772664 9.9991E-05 0.213557 0.00270029 0.0109792
0.611246 0.287075 0.101479 9.9982E-05 9.9982E-05
0.511283 0.3199 0.168618 9.9982E-05 9.9982E-05
0.673146 0.201652 0.0464954 0.0600772 0.0186288
0.515238 0.421515 0.0382468 9.9991E-05 0.0248996
0.657908 0.293934 0.037005 9.9991E-05 0.0110529
0.109896 0.650951 0.0108638 0.201086 0.0272034
0.0503281 0.651561 0.0707166 0.150712 0.0766822
0.0325547 0.712469 0.00328511 0.173638 0.0780537
0.142998 0.601505 0.255297 9.9982E-05 9.9982E-05
0.171432 0.566783 0.169518 0.0921666 9.9991E-05
0.460028 9.9982E-05 0.458751 0.0810205 9.9982E-05
0.203107 9.9982E-05 9.9982E-05 0.770986 0.0257063
9.9991E-05 0.19316 0.0481316 0.737138 0.0214703
0.0678668 0.651159 0.126438 0.151464 0.00307217
0.246605 0.473939 0.0553384 0.18289 0.0412273
0.0451912 0.501023 0.259728 0.156746 0.0373124
9.9973E-05 0.301163 0.698537 9.9973E-05 9.9973E-05
9.9991E-05 0.244974 0.0782858 0.618005 0.0586352
0.0133197 0.272303 0.00913039 0.705147 9.9991E-05
0.0316562 0.484263 9.9991E-05 0.471249 0.0127318
0.277849 0.108585 0.502647 0.044323 0.0665962
0.6875 9.9991E-05 0.220668 0.0629138 0.0288183
0.717661 0.210566 0.00417607 0.0483926 0.0192042
0.786808 9.9982E-05 0.0572547 0.155737 9.9982E-05
0.55231 0.0189546 0.421768 0.00686703 9.9991E-05
0.745407 9.9991E-05 0.184751 0.0447929 0.0249498
0.696375 0.0924166 0.158964 0.0521442 9.9991E-05
0.921548 9.9973E-05 9.9973E-05 0.0781521 9.9973E-05
0.448553 0.124742 0.42268 0.00392533 9.9991E-05
0.706665 0.181656 0.104486 9.9991E-05 0.00709377
0.721714 0.0903053 0.152978 9.9991E-05 0.0349022
0.729499 0.150087 0.103303 9.9991E-05 0.0170108
0.545017 0.13064 0.202794 0.12145 9.9991E-05
0.788524 0.0424629 0.0451038 0.0817565 0.0421533
0.445585 0.322116 0.216617 9.9991E-05 0.0155816
0.789027 0.128309 0.0410288 0.0415356 9.9991E-05
9.9982E-05 0.15256 0.847076 0.000164026 9.9982E-05
9.9973E-05 0.125092 0.874608 9.9973E-05 9.9973E-05
0.0459378 9.9982E-05 0.911884 9.9982E-05 0.0419782
0.114771 0.0201441 0.772748 0.0922363 9.9991E-05
0.0267848 0.076981 0.80939 0.0789688 0.00787519
0.638305 0.299793 9.9991E-05 0.0479385 0.0138638
0.658659 0.119717 0.178209 9.9991E-05 0.0433153
9.9973E-05 0.0937434 9.9973E-05 0.905957 9.9973E-05
0.0389872 0.121575 0.0220577 0.792355 0.0250251
0.102233 0.0171491 0.00967965 0.85767 0.013268
0.0221098 0.30101 0.0382712 0.638509 9.9991E-05
0.0569671 0.0689327 9.9991E-05 0.849909 0.0240915
0.0616974 9.9982E-05 0.116592 0.821511 9.9982E-05
0.0128016 0.0954958 9.9991E-05 0.881753 0.00984932
9.9991E-05 0.0254172 0.115542 0.853027 0.00591303
0.0309465 0.0652574 0.0682319 0.833485 0.00207919
9.9991E-05 0.0974183 0.0705084 0.829257 0.00271662
0.0518244 0.0733863 9.9991E-05 0.822059 0.0526302
0.0401548 0.0565374 0.087943 0.791141 0.0242235
0.164297 9.9991E-05 0.00386329 0.804692 0.0270481
0.00910683 0.0112987 0.0689956 0.884775 0.0258237
0.0381746 0.0930609 0.020013 0.837389 0.0113623
0.113505 9.9982E-05 9.9982E-05 0.870938 0.0153567
0.0455375 0.0266868 0.0629897 0.841892 0.0228942
0.000517738 0.844222 0.041146 0.0888451 0.0252693
0.135646 0.864054 9.9973E-05 9.9973E-05 9.9973E-05
0.0316692 0.14994 9.9982E-05 0.818191 9.9982E-05
0.212523 0.0392047 0.00847401 0.703635 0.0361633
9.9991E-05 0.143386 0.00487394 0.84982 0.00181999
0.222718 0.620366 9.9991E-05 0.149842 0.00697371
0.861416 0.101426 0.00364877 0.00828447 0.0252244
0.747781 9.9991E-05 0.208603 0.00265293 0.040863
0.200634 0.320427 0.468512 0.0103273 9.9991E-05
0.289959 0.135458 0.574383 9.9982E-05 9.9982E-05
0.0548657 0.163302 0.774129 0.000151755 0.00755143
0.0434482 0.0847819 0.830037 0.0350136 0.00671953
0.11699 0.130758 0.740109 9.9991E-05 0.0120433
0.0976963 0.140986 0.728226 9.9991E-05 0.0329914
0.0184118 0.121568 0.716236 0.0964344 0.0473498
0.114215 9.9991E-05 0.756851 0.0901751 0.0386587
0.694591 0.146821 0.123304 0.0243573 0.0109265
0.673111 0.126749 0.0659737 0.0575907 0.076576
0.748524 0.169462 9.9991E-05 0.0301413 0.0517722
0.778407 0.207401 9.9991E-05 0.00186457 0.0122269
0.794248 0.181449 9.9982E-05 9.9982E-05 0.0241025
0.557908 0.433008 0.00888386 9.9982E-05 9.9982E-05
0.573097 0.230955 0.18084 9.9991E-05 0.0150084
0.620398 0.184138 0.154415 0.0404389 0.000609969
0.672099 0.226853 0.0291995 9.9991E-05 0.0717489
0.663379 0.0966347 0.176114 0.0565635 0.00730822
0.775343 0.0615221 0.0743878 0.0458981 0.0428493
0.000245833 0.1705 0.643502 0.0407225 0.145029
0.0212445 0.238707 9.9991E-05 0.727288 0.0126604
9.9991E-05 0.153546 0.0455485 0.747332 0.0534729
9.9991E-05 0.143095 0.0161696 0.821989 0.018646
0.129483 0.146524 9.9982E-05 0.723793 9.9982E-05
0.100444 9.9991E-05 0.0633247 0.811925 0.0242064
0.478475 0.0516664 0.278598 0.143492 0.0477674
0.560366 0.149131 0.264116 0.00441053 0.0219767
0.786213 9.9991E-05 0.0967869 0.0452459 0.0716542
0.475036 0.241726 0.23993 9.9991E-05 0.0432085
