0.679966 0.00633847 0.177934 0.128175 0.00758702
0.736028 0.0250473 0.109785 0.129039 9.9991E-05
0.636143 0.0221884 0.195133 0.146435 9.9991E-05
0.752203 0.00386206 0.0205779 0.209517 0.01384
0.912547 9.9973E-05 9.9973E-05 9.9973E-05 0.087153
0.895261 9.9982E-05 9.9982E-05 0.00314953 0.10139
0.723741 9.9991E-05 0.0268174 0.210605 0.038737
0.715438 0.0279783 9.9982E-05 0.256384 9.9982E-05
0.667029 0.00739646 0.191661 9.9991E-05 0.133814
0.45771 0.0279566 0.193606 0.320628 9.9991E-05
0.300425 0.0509497 0.0848673 0.543285 0.0204734
0.456112 0.0339293 0.229691 0.280167 9.9991E-05
0.0795952 0.0507072 9.9991E-05 0.824815 0.044783
0.52516 9.9991E-05 0.159002 0.224709 0.0910288
0.732795 0.0469559 0.15064 9.9991E-05 0.069509
0.621499 0.012665 0.0744908 0.291245 9.9991E-05
0.649991 0.00843803 0.213826 0.0916417 0.0361025
0.837341 0.0261789 0.103503 0.0328771 9.9991E-05
0.130859 0.0631415 0.53442 0.142289 0.12929
0.0948839 9.9982E-05 0.743232 0.161685 9.9982E-05
0.24839 0.0227965 0.689805 0.0361062 0.00290228
9.999E-05 0.0142412 0.835593 0.139974 0.0100923
9.9982E-05 0.036932 0.865236 0.0976317 9.9982E-05
0.146419 0.0261117 0.7949 9.9991E-05 0.0324693
0.134621 9.9982E-05 0.715511 0.149668 9.9982E-05
0.0884071 0.0140906 0.897302 9.9982E-05 9.9982E-05
9.9982E-05 0.0456261 0.873628 9.9982E-05 0.080546
9.9982E-05 0.0294528 0.928064 9.9982E-05 0.042283
0.0490159 9.9982E-05 0.934727 9.9982E-05 0.0160566
0.0416195 9.9982E-05 0.872528 9.9982E-05 0.085653
0.00652956 0.00289996 0.935883 9.9991E-05 0.0545875
0.0380868 0.00211654 0.869213 0.0521086 0.0384756
0.0853023 0.0714332 0.796856 0.0463085 9.9991E-05
0.537808 0.0777996 0.16286 0.210973 0.0105583
0.640005 9.9991E-05 0.287973 0.00386199 0.0680604
0.663604 9.9991E-05 0.137249 0.117741 0.0813057
0.625315 0.0296829 0.0620374 0.282865 9.9991E-05
0.397249 9.9991E-05 0.191376 0.352549 0.0587259
9.997E-05 0.9996 9.997E-05 9.997E-05 9.997E-05
9.9991E-05 0.0405153 0.765739 0.185555 0.00809137
0.74571 9.9982E-05 0.126295 9.9982E-05 0.127795
0.582911 9.9982E-05 0.158164 0.258725 9.9982E-05
0.287494 9.9991E-05 0.312721 0.25618 0.143505
0.066846 0.0455713 0.084537 0.680848 0.122197
0.0370207 0.0292016 0.039505 0.864111 0.0301621
9.997E-05 0.9996 9.997E-05 9.997E-05 9.997E-05
0.421902 0.0780519 0.159331 0.325833 0.0148822
0.21438 9.9991E-05 0.157105 0.585572 0.042843
0.320141 0.033488 0.381976 0.167418 0.0969768
0.123593 0.0201355 0.0329867 0.0319631 0.791321
9.9991E-05 0.0351951 0.0216334 0.144407 0.798665
0.164884 9.9973E-05 9.9973E-05 9.9973E-05 0.834816
0.0512747 0.0620451 9.9991E-05 0.146945 0.739636
0.0518452 0.047166 0.0691536 9.9991E-05 0.831735
0.0280809 9.9982E-05 0.130436 9.9982E-05 0.841283
0.212259 9.9982E-05 9.9982E-05 0.043823 0.743718
0.0254371 0.0304158 0.0284062 0.111344 0.804397
9.9982E-05 0.022523 0.0985254 9.9982E-05 0.878752
0.123162 0.0297544 9.9991E-05 0.0597714 0.787213
0.147271 0.0484739 9.9991E-05 0.144573 0.659583
9.9991E-05 0.00111894 0.108057 0.0541427 0.836582
9.9982E-05 9.9982E-05 0.0759096 0.20548 0.718411
0.0174396 0.0675289 0.0156796 0.582027 0.317325
0.143356 0.0393979 0.753212 9.9991E-05 0.0639344
0.165573 0.0302247 0.765092 0.00672134 0.0323888
0.121981 0.00676339 0.871055 9.9982E-05 9.9982E-05
0.0728142 0.0125449 0.0434506 0.167709 0.703482
9.9982E-05 0.0816063 9.9982E-05 0.448792 0.469402
0.0465694 0.0233876 0.0396505 0.151105 0.739287
9.9982E-05 0.0440287 9.9982E-05 0.289542 0.66623
0.0587352 0.0451271 0.0515096 9.9991E-05 0.844528
0.168656 0.00967709 9.9991E-05 0.700883 0.120684
0.157848 9.9982E-05 9.9982E-05 0.77942 0.0625319
9.9982E-05 0.0138849 9.9982E-05 0.953153 0.0327625
9.9973E-05 0.022113 9.9973E-05 0.977587 9.9973E-05
9.9982E-05 0.0385032 0.108165 0.853132 9.9982E-05
9.9973E-05 0.0254557 9.9973E-05 0.974244 9.9973E-05
0.0511559 0.0293929 0.0915849 0.812011 0.0158552
0.0682227 9.9982E-05 9.9982E-05 0.289966 0.641611
0.157701 0.120552 9.9991E-05 0.285706 0.435942
9.9991E-05 0.0269219 0.123985 0.121404 0.72759
9.9991E-05 0.0465465 0.123747 0.0415818 0.788024
0.15611 0.0289033 9.9991E-05 0.0756207 0.739266
0.0498855 0.0314509 0.676583 0.232193 0.00988834
0.0509192 9.9991E-05 0.160191 0.509896 0.278893
9.9982E-05 9.9982E-05 0.00420301 0.907951 0.0876462
9.997E-05 0.9996 9.997E-05 9.997E-05 9.997E-05
0.582388 0.00404324 0.243111 0.170358 9.9991E-05
0.694924 0.0356223 0.148252 0.121101 9.9991E-05
0.532473 0.0481434 0.170902 0.210885 0.0375971
0.358025 0.0412255 0.253499 0.294784 0.0524664
0.810747 9.9991E-05 0.0993832 0.00802644 0.0817435
0.0306759 9.9982E-05 9.9982E-05 0.827532 0.141592
0.167838 0.0503916 0.538187 0.190021 0.0535614
0.0581145 0.0710704 9.9991E-05 0.682615 0.188101
0.177852 0.0182726 0.281509 0.522267 9.9991E-05
0.784185 0.0222299 0.18391 9.9991E-05 0.00957498
0.65117 9.9982E-05 0.0404661 0.308164 9.9982E-05
0.594361 9.9982E-05 0.124025 0.281414 9.9982E-05
0.629119 0.00379326 0.0436209 0.267787 0.0556792
0.531402 9.9973E-05 9.9973E-05 0.468299 9.9973E-05
0.597176 9.9982E-05 0.100134 0.302491 9.9982E-05
0.11188 9.9991E-05 0.072702 0.576775 0.238542
0.104476 0.083963 0.0694393 0.572616 0.169506
0.0743297 0.0769668 9.9991E-05 0.600418 0.248185
0.10751 0.0315231 0.214407 0.646459 9.9991E-05
0.186389 9.9991E-05 0.162333 0.601514 0.0496647
0.433598 9.9991E-05 0.438799 0.0968514 0.0306514
0.159318 0.0140745 0.0250895 9.9991E-05 0.801419
0.00343891 0.0376958 0.00663379 0.171804 0.780428
0.037439 9.9991E-05 0.16161 0.629986 0.170866
0.168033 0.0434921 0.128584 0.537332 0.122559
0.0554693 0.0670443 0.237985 0.493676 0.145826
9.9973E-05 9.9973E-05 0.700565 0.299135 9.9973E-05
9.9982E-05 0.025283 9.9982E-05 0.341791 0.632726
0.0463451 9.9991E-05 0.0478419 0.226487 0.679226
0.129308 0.00495357 9.9991E-05 0.317729 0.54791
0.348366 0.044587 0.520423 0.0610183 0.0256054
0.706654 9.9982E-05 0.241625 9.9982E-05 0.0515214
0.702413 0.0365409 9.9982E-05 0.260846 9.9982E-05
0.774672 9.9991E-05 0.0413991 0.0408967 0.142933
0.508185 9.9982E-05 0.470723 0.0208917 9.9982E-05
0.70494 9.9991E-05 0.155413 0.103887 0.0356595
0.733109 9.9991E-05 0.11654 0.13069 0.0195604
0.914582 9.9982E-05 9.9982E-05 0.00815283 0.0770656
0.427034 9.9991E-05 0.367594 0.175564 0.0297082
0.738145 0.00670101 0.124901 0.130153 9.9991E-05
0.617189 0.0482827 0.158793 0.175635 9.9991E-05
0.633849 0.0294461 0.068838 0.267767 9.9991E-05
0.505828 0.00106823 0.247011 0.10862 0.137473
0.785185 0.0489276 9.9991E-05 0.118447 0.0473402
0.468142 0.0211632 0.217986 0.280776 0.0119333
0.786553 9.9991E-05 0.0388492 0.169302 0.00519648
9.9973E-05 9.9973E-05 0.812704 0.186996 9.9973E-05
0.0738677 9.9982E-05 0.888701 0.0372309 9.9982E-05
0.0318885 0.0431888 0.924723 9.9982E-05 9.9982E-05
0.14629 9.9982E-05 0.776213 9.9982E-05 0.0772969
0.0602744 0.0112013 0.775074 0.12051 0.0329402
0.623412 0.0197656 9.9991E-05 0.32076 0.0359631
0.613945 0.0298057 0.127849 0.2283 9.9991E-05
0.0220374 9.9982E-05 9.9982E-05 0.0184326 0.95933
0.0830829 0.0265529 0.0627945 0.0301114 0.797458
0.0211287 0.0111579 0.0782923 0.0254384 0.863983
0.0236897 0.00802362 0.0486146 0.30498 0.614692
0.0667963 0.0235455 9.9991E-05 0.0690662 0.840492
9.9982E-05 9.9982E-05 0.15642 0.0449861 0.798394
0.069126 0.0330416 9.9982E-05 9.9982E-05 0.897632
9.9973E-05 9.9973E-05 0.141948 9.9973E-05 0.857752
0.0325446 9.9991E-05 0.0710844 0.00523384 0.891037
9.9991E-05 0.0156808 0.0788406 0.097821 0.807558
9.9982E-05 0.043141 9.9982E-05 0.163266 0.793393
0.0683316 0.0323413 0.0586953 0.101871 0.738761
0.144511 0.00619273 0.0537342 9.9991E-05 0.795462
0.0208138 0.02177 0.0904806 9.9991E-05 0.866836
9.9982E-05 0.0150358 9.9982E-05 0.165909 0.818856
0.113125 0.0196967 9.9982E-05 9.9982E-05 0.866978
9.9991E-05 0.00290058 0.0950895 0.0147829 0.887127
0.0684478 9.9991E-05 0.0204525 0.765948 0.145052
0.0465759 9.9982E-05 0.0352873 0.917937 9.9982E-05
0.0481867 9.9982E-05 9.9982E-05 0.103501 0.848112
0.211287 0.0278293 0.0174455 0.0402022 0.703236
9.9982E-05 0.0121844 9.9982E-05 0.0901656 0.89745
0.129689 0.00502557 9.9991E-05 0.736638 0.128548
0.895983 0.00887716 0.00792409 0.036631 0.0505849
0.760308 0.0291104 0.178272 0.0312477 0.00106138
0.303643 9.9991E-05 0.447438 0.228638 0.0201806
0.297276 0.00175752 0.585477 0.11539 9.9991E-05
9.9982E-05 0.00462144 0.823204 0.171975 9.9982E-05
0.0928946 9.9991E-05 0.822272 0.0387993 0.0459344
0.179257 0.0380137 0.728425 0.0542046 9.9991E-05
0.125917 0.0275909 0.72474 0.121652 9.9991E-05
9.9991E-05 0.0443433 0.724423 0.179088 0.0520457
0.0291769 0.0528883 0.830374 9.9991E-05 0.0874608
0.762419 0.0151835 0.0743601 0.118898 0.029139
0.662853 0.0481798 0.0641439 0.178116 0.046707
0.644102 0.0362209 9.9991E-05 0.315882 0.00369459
0.663044 9.99731E-05 9.99731E-05 0.336656 9.99731E-05
0.72155 0.0199497 9.9982E-05 0.2583 9.9982E-05
0.573644 9.9982E-05 0.00388248 0.422273 9.9982E-05
0.507073 0.0132691 0.212979 0.266579 9.9991E-05
0.569946 0.0136724 0.130666 0.230744 0.0549715
0.655135 0.0505406 0.0723211 0.195073 0.0269312
0.606454 0.0220917 0.154627 0.184166 0.0326613
0.680911 0.0359515 0.116943 0.108606 0.0575886
0.123827 0.174652 0.591876 0.002472 0.107173
0.0684948 0.0272485 0.00123056 0.124651 0.778375
9.9991E-05 0.0614403 0.0373234 0.113046 0.78809
0.0022896 0.00262705 0.0583851 0.0645141 0.872184
0.181462 0.00675206 9.9991E-05 0.0827887 0.728897
0.0546558 0.019092 0.0847455 9.9991E-05 0.841407
0.405161 0.0332761 0.289265 0.149132 0.123166
0.555779 0.0559894 0.25041 0.134038 0.0037835
0.804209 0.0829336 0.0864193 9.9991E-05 0.0263377
0.4629 0.0395699 0.242386 0.255044 9.9991E-05
