9.9991E-05 0.0264031 0.186402 0.787095
9.999E-05 0.0251836 0.154408 0.820308
9.999E-05 0.0353255 0.252028 0.712546
0.00951636 0.0215117 0.0780685 0.890903
9.999E-05 0.00527008 0.0411545 0.953475
0.0615424 0.00689314 0.0155748 0.91599
0.0551564 9.9991E-05 0.0473957 0.897348
9.999E-05 0.0358773 0.0309891 0.933034
0.0867468 0.0313561 0.277273 0.604624
0.0866255 0.010905 0.229588 0.672882
0.185338 0.0568969 0.127018 0.630746
0.0613284 0.0525536 0.261434 0.624684
0.283256 0.0726381 0.0684799 0.575625
0.102317 9.9991E-05 0.292071 0.605511
0.0319825 0.0471956 0.275531 0.645291
9.9991E-05 0.0117545 0.131999 0.856146
9.9991E-05 0.00615407 0.27492 0.718826
9.9991E-05 0.0420183 0.110918 0.846963
0.166913 0.0667947 0.578064 0.188228
0.0225414 9.9991E-05 0.771776 0.205583
0.0147968 0.00882543 0.818797 0.157581
0.0633986 0.00324699 0.933254 9.9991E-05
9.9982E-05 0.0402989 0.959501 9.9982E-05
9.9991E-05 0.0183927 0.860582 0.120926
9.9982E-05 9.9982E-05 0.770527 0.229273
9.9991E-05 0.0110839 0.984546 0.00427057
0.0435762 0.05402 0.902304 9.9991E-05
0.0370292 0.0344672 0.928404 9.9991E-05
9.9982E-05 0.0062499 0.99355 9.9982E-05
0.0505539 9.9991E-05 0.909744 0.039602
0.0449949 0.0105297 0.944375 9.9991E-05
0.0402242 0.013607 0.87701 0.0691583
0.00221598 0.0675869 0.888257 0.0419401
0.0445803 0.0731826 0.199777 0.68246
0.0345532 9.9991E-05 0.286276 0.679071
0.0448386 9.9991E-05 0.134502 0.820559
0.0277606 0.0264337 0.0493712 0.896435
0.131101 0.0279928 0.191979 0.648927
9.998E-05 0.9997 9.998E-05 9.998E-05
0.0815799 0.0275215 0.851975 0.0389238
0.117928 9.9991E-05 0.203179 0.678793
9.9982E-05 9.9982E-05 0.212475 0.787325
0.202292 0.0140427 0.353645 0.43002
0.36336 0.0527658 0.161915 0.421959
0.289803 0.0458937 0.0496018 0.614702
9.998E-05 0.9997 9.998E-05 9.998E-05
0.0897504 0.0813467 0.22743 0.601473
0.228946 9.9991E-05 0.19624 0.574715
0.118271 0.0295561 0.420676 0.431496
0.879661 0.028664 0.0915755 9.9991E-05
0.892875 0.0330884 0.0320607 0.0419754
0.850209 0.0144942 9.9991E-05 0.135197
0.838115 0.0662041 9.9991E-05 0.0955812
0.865422 0.05834 0.0761385 9.9991E-05
0.865631 9.9982E-05 0.134169 9.9982E-05
0.789747 9.9982E-05 9.9982E-05 0.210053
0.861052 0.0237328 0.0653158 0.049899
0.912619 0.0280079 0.0592726 9.9991E-05
0.861237 0.0385366 9.9991E-05 0.100127
0.729041 0.0578112 9.9991E-05 0.213048
0.914171 0.00109546 0.0846331 9.9991E-05
0.853182 9.9991E-05 0.0690892 0.0776283
0.542852 0.0673812 0.00620493 0.383562
0.0544385 0.0373007 0.807539 0.100722
0.0271692 0.0554831 0.80007 0.117277
9.9991E-05 0.0125947 0.937759 0.0495468
0.824061 0.00438085 0.0422188 0.129339
0.684877 0.0782837 9.9991E-05 0.23674
0.812693 0.0408094 0.045471 0.101026
0.82978 0.073467 0.0141189 0.0826345
0.862108 0.0571455 0.0688066 0.0119394
0.323278 0.0305563 9.9991E-05 0.646066
0.324117 0.0104651 0.0201064 0.645312
0.331245 0.017085 0.0404115 0.611258
0.344174 0.0421247 0.00558153 0.608119
0.284033 0.0486696 0.17836 0.488937
0.346947 0.0231111 0.0622524 0.56769
0.257119 0.0391337 0.103338 0.600409
0.777827 9.9982E-05 9.9982E-05 0.221973
0.535049 0.116599 0.00272942 0.345623
0.809265 0.0292803 0.148284 0.0131709
0.835627 0.0582996 0.105973 9.9991E-05
0.76765 0.0394517 9.9991E-05 0.192798
0.0689874 0.0325158 0.77606 0.122437
0.456543 9.9991E-05 0.18915 0.354207
0.423106 9.9982E-05 9.9982E-05 0.576694
9.998E-05 0.9997 9.998E-05 9.998E-05
9.9991E-05 0.0137438 0.274128 0.712028
9.9991E-05 0.0203703 0.202457 0.777073
0.0425566 0.0272683 0.236158 0.694017
0.103019 0.0663519 0.345465 0.485164
0.0364953 9.9991E-05 0.155868 0.807537
0.449291 0.00567428 9.9991E-05 0.544935
0.0417973 0.05913 0.590588 0.308484
0.43156 0.0858648 9.9991E-05 0.482476
0.143434 0.0495413 0.342317 0.464707
9.9991E-05 0.0104999 0.252995 0.736405
0.0136403 9.9991E-05 0.105864 0.880396
0.0108454 9.9991E-05 0.195961 0.793094
0.0751627 0.0423125 0.12831 0.754215
9.9991E-05 0.0338803 0.0387248 0.927295
9.9982E-05 9.9982E-05 0.116285 0.883515
0.444172 0.0305355 0.0898476 0.435444
0.281113 0.115942 0.0501906 0.552754
0.470228 0.0906488 0.0229075 0.416216
0.117554 0.0216878 0.242904 0.617853
0.266934 9.9991E-05 0.168707 0.564259
0.046374 9.9991E-05 0.517541 0.435985
0.815958 0.0251886 0.0368756 0.121978
0.841152 0.037914 0.101078 0.0198552
0.367804 0.00680397 0.200437 0.424954
0.293414 0.0355418 0.162063 0.508981
0.330188 0.0676802 0.259153 0.342979
0.030081 9.9991E-05 0.883339 0.0864803
0.781516 0.0588774 0.0881012 0.0715055
0.778 9.9991E-05 0.0601983 0.161702
0.667648 0.00305528 0.0299582 0.299339
0.0447662 0.0693136 0.504912 0.381008
9.9991E-05 0.0049037 0.289484 0.705512
0.0311993 0.0344133 0.0489978 0.88539
0.0882847 9.9991E-05 0.121216 0.790399
9.9982E-05 9.9982E-05 0.458201 0.541599
0.0281155 9.9991E-05 0.175219 0.796566
9.9982E-05 9.9982E-05 0.159076 0.840724
9.9991E-05 0.012415 0.0562483 0.931237
0.0252445 9.9991E-05 0.403316 0.57134
9.9991E-05 0.0135368 0.218668 0.767695
9.9991E-05 0.0315545 0.223842 0.744503
9.9991E-05 0.0269131 0.176067 0.79692
0.12767 0.0049434 0.322076 0.54531
0.0377907 0.0599371 0.0258882 0.876384
0.0311767 0.0248648 0.29292 0.651039
0.00014793 9.9991E-05 0.0611483 0.938604
0.0664009 9.9991E-05 0.902826 0.0306736
9.9982E-05 9.9982E-05 0.939286 0.0605138
9.9982E-05 0.0399808 0.959819 9.9982E-05
0.0777879 9.9991E-05 0.910987 0.011125
0.0343633 0.00932828 0.868852 0.0874566
0.0947735 0.0184318 9.9991E-05 0.886695
0.0190446 0.020143 0.158683 0.802129
0.9997 9.998E-05 9.998E-05 9.998E-05
0.833112 0.0490915 0.0863424 0.0314543
0.914411 0.0070753 0.0784134 9.9991E-05
0.717411 0.0126791 0.0509714 0.218938
0.91993 0.0187409 9.9991E-05 0.0612292
0.837937 0.00875861 0.153205 9.9991E-05
0.930082 0.0172027 9.9991E-05 0.0526149
0.872976 9.9982E-05 0.126824 9.9982E-05
0.903534 9.9982E-05 0.0962663 9.9982E-05
0.897119 9.9982E-05 0.102681 9.9982E-05
0.908544 0.0544676 9.9991E-05 0.0368883
0.800586 0.0492486 0.0521384 0.0980273
0.832507 0.0209824 0.0256629 0.120848
0.912804 0.00610918 0.0809867 9.9991E-05
0.889581 0.00956596 9.9991E-05 0.100753
0.924517 0.0392285 9.9991E-05 0.0361545
0.904998 0.0213343 0.0735676 9.9991E-05
0.386706 9.9991E-05 0.0385193 0.574675
0.229858 9.9991E-05 0.0341061 0.735936
0.943666 9.9982E-05 9.9982E-05 0.0561341
0.750884 0.0353123 9.9991E-05 0.213703
0.96593 0.00126742 0.0327026 9.9991E-05
0.376292 0.00325948 9.9991E-05 0.620349
9.9982E-05 0.0238796 9.9982E-05 0.97592
9.9991E-05 0.0232163 0.209659 0.767025
0.0420738 9.9991E-05 0.518322 0.439504
9.9982E-05 9.9982E-05 0.667136 0.332664
0.0616319 0.0145775 0.86274 0.0610503
0.0769405 0.00267634 0.864851 0.0555319
9.9991E-05 0.0483902 0.817877 0.133633
0.0119233 0.0287596 0.765473 0.193844
0.112769 0.0445188 0.814839 0.0278733
0.0773125 0.0594968 0.863091 9.9991E-05
0.0214574 9.9991E-05 0.147553 0.83089
0.0639789 0.0568811 0.0692819 0.809858
0.0591004 0.0591441 9.9991E-05 0.881656
0.0352196 0.00669419 9.9991E-05 0.957986
9.9982E-05 0.0233647 9.9982E-05 0.976435
0.10314 9.9991E-05 0.00890774 0.887852
0.0379352 0.0304514 0.280938 0.650675
0.0786456 0.011303 0.246474 0.663577
0.0450705 0.0645935 0.15193 0.738406
0.0252888 0.0157938 0.206958 0.751959
0.0255693 0.0480952 0.152554 0.773781
0.0862662 0.192611 0.63234 0.0887832
0.839985 0.0246387 0.017066 0.11831
0.881163 0.0557568 0.0497503 0.01333
0.936579 9.9991E-05 0.0574068 0.00591394
0.810973 0.0206724 0.0392047 0.12915
0.863673 0.0321089 0.0988441 0.00537373
0.12538 0.0479666 0.323724 0.50293
0.0292258 0.0458113 0.293203 0.63176
9.9991E-05 0.11159 0.140297 0.748013
0.0181506 0.0416433 0.31181 0.628396
