0.818805 0.0246583 0.139424 0.0171132
0.789267 9.9991E-05 0.175371 0.0352625
0.72774 9.9991E-05 0.246835 0.0253247
0.909676 0.0127436 0.067738 0.00984198
0.906358 0.0328727 0.040853 0.0199163
0.951745 0.0328619 0.0152934 9.9991E-05
0.891949 0.0174502 0.0905009 9.9991E-05
0.875569 9.9991E-05 0.0723893 0.051942
0.66777 0.0777387 0.239613 0.0148785
0.644805 0.0153238 0.303479 0.0363921
0.734019 0.184291 0.0428758 0.0388147
0.591718 0.0878899 0.30361 0.0167818
0.602572 0.252173 0.0842731 0.0609819
0.622665 0.105864 0.271371 9.9991E-05
0.646786 0.0683245 0.24028 0.0446099
0.814152 9.9991E-05 0.175219 0.0105291
0.652018 9.9991E-05 0.346347 0.00153525
0.856321 9.9991E-05 0.12538 0.0181982
0.256194 0.153319 0.524309 0.0661781
0.23627 0.0195239 0.744107 9.9991E-05
0.281725 9.9991E-05 0.695827 0.0223472
0.0320058 0.0559141 0.901693 0.0103872
9.9982E-05 9.9982E-05 0.951275 0.0485251
0.122447 0.0133588 0.835323 0.0288716
0.258757 0.0222118 0.718931 9.9991E-05
0.0685817 9.9991E-05 0.920656 0.0106628
9.9991E-05 0.0654284 0.902797 0.0316742
9.9991E-05 0.0430332 0.916728 0.0401389
9.998E-05 9.998E-05 0.9997 9.998E-05
0.0803515 0.053921 0.865627 9.9991E-05
0.00916271 0.017341 0.973396 9.9991E-05
0.0987648 0.0153074 0.867396 0.0185314
9.9982E-05 9.9982E-05 0.958617 0.0411834
0.669814 0.00330786 0.237602 0.0892765
0.663108 0.0339083 0.302884 9.9991E-05
0.759069 0.0870337 0.153797 9.9991E-05
0.884936 9.9991E-05 0.0476527 0.0673117
0.699929 0.094914 0.17569 0.0294676
9.998E-05 9.998E-05 9.998E-05 0.9997
0.0779075 0.0711651 0.825141 0.0257866
0.670389 0.104918 0.221059 0.00363392
0.818563 9.9982E-05 0.181237 9.9982E-05
0.509349 0.200941 0.289611 9.9991E-05
0.431128 0.319178 0.192088 0.0576062
0.550899 0.307716 0.123043 0.0183421
9.998E-05 9.998E-05 9.998E-05 0.9997
0.593866 0.094281 0.247927 0.0639261
0.594083 0.22866 0.177157 9.9991E-05
0.463855 0.157793 0.341726 0.0366257
0.113396 0.861443 9.9991E-05 0.0250606
0.0566853 0.906691 0.0111392 0.0254842
0.152596 0.847204 9.9982E-05 9.9982E-05
0.112586 0.824111 0.00867023 0.0546321
9.9991E-05 0.892438 0.0493937 0.0580685
9.9982E-05 0.91112 0.0886804 9.9982E-05
0.242012 0.757788 9.9982E-05 9.9982E-05
0.0660678 0.890399 0.0430684 0.000464451
9.9991E-05 0.910857 0.0465016 0.0425411
0.0828991 0.863821 0.00413019 0.0491497
0.259419 0.721091 9.9991E-05 0.0193905
9.9991E-05 0.919842 0.0759184 0.00413997
0.109371 0.798457 0.0920722 9.9991E-05
0.37743 0.53449 0.0315121 0.0565678
0.0464567 0.0280279 0.893919 0.0315963
0.132527 0.0487636 0.794966 0.0237438
0.104737 9.9991E-05 0.892901 0.00226212
0.199937 0.762714 0.0183919 0.0189578
0.241127 0.673415 9.9991E-05 0.0853574
0.0824103 0.814347 0.0680163 0.035226
0.0552018 0.820695 0.0669684 0.0571346
9.9991E-05 0.856792 0.0724266 0.0706818
0.634083 0.362841 9.9991E-05 0.00297641
0.613241 0.321471 0.059555 0.00573314
0.581058 0.382179 0.0202377 0.0165258
0.654952 0.289974 0.00613461 0.0489395
0.531217 0.281331 0.14698 0.0404718
0.561379 0.343107 0.0454211 0.0500924
0.484513 0.263453 0.217376 0.034657
0.216973 0.782827 9.9982E-05 9.9982E-05
0.292056 0.57629 9.9991E-05 0.131554
0.0242713 0.831706 0.126974 0.0170482
9.9991E-05 0.831723 0.102322 0.0658551
0.192437 0.764829 9.9991E-05 0.0426335
0.147436 0.0750851 0.749267 0.0282118
0.401361 0.443666 0.151851 0.00312136
0.580253 0.419547 9.9982E-05 9.9982E-05
9.998E-05 9.998E-05 9.998E-05 0.9997
0.774881 9.9982E-05 0.224919 9.9982E-05
0.754786 9.9991E-05 0.210294 0.0348204
0.739896 0.0206341 0.204646 0.0348246
0.452747 0.167202 0.321149 0.0589016
0.789658 0.0330838 0.177158 9.9991E-05
0.502156 0.447616 0.0501278 9.9991E-05
0.318361 0.073341 0.578081 0.0302161
0.493384 0.413141 9.9991E-05 0.0933753
0.517969 0.155329 0.298491 0.0282101
0.742597 9.9991E-05 0.246031 0.0112717
0.930681 0.00455343 0.0646651 9.9991E-05
0.732688 0.0226146 0.244598 9.9991E-05
0.861218 0.103948 0.0163303 0.0185042
0.9195 0.04292 0.014001 0.0235786
0.804452 9.9991E-05 0.190383 0.00506538
0.474086 0.430972 0.057961 0.0369808
0.483614 0.36522 0.0688577 0.0823084
0.470182 0.437092 0.0129131 0.0798131
0.588699 0.114825 0.284316 0.0121594
0.594172 0.207322 0.198406 9.9991E-05
0.451899 0.032471 0.511188 0.00444217
0.12957 0.837028 0.0141821 0.01922
0.0884074 0.827249 0.0442413 0.0401021
0.394432 0.40388 0.197419 0.00426842
0.560079 0.287541 0.122333 0.0300468
0.350048 0.298656 0.281367 0.0699296
0.178161 0.0265679 0.795171 9.9991E-05
0.0725323 0.775466 0.106093 0.0459083
0.131577 0.790648 0.0776747 9.9991E-05
0.335562 0.664238 9.9982E-05 9.9982E-05
0.377721 0.0708169 0.505991 0.0454719
0.644949 0.032932 0.322019 9.9991E-05
0.830535 0.0614638 0.0762562 0.0317451
0.762279 0.0946731 0.142948 9.9991E-05
0.555903 9.9982E-05 0.443897 9.9982E-05
0.735646 9.9991E-05 0.256478 0.00777586
0.792103 0.00339698 0.2044 9.9991E-05
0.923721 0.0286381 0.039086 0.00855467
0.562116 0.023206 0.414578 9.9991E-05
0.81509 0.00679324 0.173001 0.00511625
0.797971 9.9991E-05 0.176992 0.0249363
0.793487 9.9991E-05 0.184789 0.0216237
0.566062 0.123876 0.309963 9.9991E-05
0.82334 0.0382178 0.0849964 0.0534461
0.587208 0.0919273 0.291513 0.029352
0.822217 9.9982E-05 0.177583 9.9982E-05
0.0363936 0.0260799 0.937427 9.9991E-05
0.0507278 9.9982E-05 0.949072 9.9982E-05
9.9982E-05 9.9982E-05 0.962028 0.0377717
0.000976667 0.0688182 0.914517 0.0156881
0.0588312 0.0703721 0.853404 0.0173931
0.883205 0.0989564 9.9991E-05 0.0177389
0.835145 9.9991E-05 0.127194 0.0375605
9.998E-05 0.9997 9.998E-05 9.998E-05
0.100265 0.849193 0.0165763 0.033966
9.9982E-05 0.957852 0.0419476 9.9982E-05
0.216351 0.744411 0.0206831 0.018555
0.041642 0.918858 9.9991E-05 0.0393995
9.9982E-05 0.832241 0.167559 9.9982E-05
0.0346011 0.943341 9.9991E-05 0.0219581
9.9982E-05 0.965585 0.0342155 9.9982E-05
9.9982E-05 0.895122 0.104678 9.9982E-05
9.9991E-05 0.901841 0.0932851 0.00477386
0.108536 0.855986 9.9991E-05 0.0353785
0.0618909 0.846111 0.0452939 0.0467047
0.0706479 0.869306 0.041912 0.018134
9.9991E-05 0.904319 0.0940094 0.00157182
0.0256002 0.927663 0.0466364 9.9991E-05
0.0196987 0.931019 9.9991E-05 0.049182
9.9991E-05 0.8893 0.0841577 0.026442
0.577714 0.392215 0.021314 0.00875637
0.709424 0.233052 0.0481108 0.00941355
0.0749979 0.924802 9.9982E-05 9.9982E-05
0.229348 0.731231 0.0247588 0.0146617
9.9991E-05 0.955023 0.032613 0.0122644
0.650276 0.344697 9.9991E-05 0.00492699
0.949695 9.9991E-05 0.037478 0.0127274
0.672834 9.9991E-05 0.288174 0.0388926
0.458133 0.0493904 0.492377 9.9991E-05
0.293884 9.9982E-05 0.705916 9.9982E-05
0.0791854 0.0319428 0.888772 9.9991E-05
0.0268999 0.0678073 0.903247 0.00204591
0.142653 9.9991E-05 0.856931 0.000315896
0.211893 0.0361679 0.75184 9.9991E-05
0.0310895 0.13847 0.791596 0.0388443
0.00309564 0.0403061 0.891644 0.0649543
0.791053 9.9991E-05 0.196799 0.0120487
0.85822 0.0524343 0.0226469 0.0666986
0.899411 0.0583596 9.9991E-05 0.0421292
0.982213 0.0175875 9.9982E-05 9.9982E-05
0.965881 9.9982E-05 9.9982E-05 0.0339187
0.916704 0.0585958 0.0246002 9.9991E-05
0.728216 0.0155033 0.250762 0.005519
0.637775 0.10455 0.250508 0.00716699
0.814715 0.014438 0.119375 0.051472
0.729709 0.0687404 0.185044 0.0165064
0.790542 0.017311 0.152173 0.0399738
0.0547294 0.0768111 0.741678 0.126782
0.12467 0.835856 9.9991E-05 0.0393738
9.9991E-05 0.875358 0.0830511 0.0414908
9.9982E-05 0.938798 0.0610021 9.9982E-05
0.186455 0.803428 0.000258918 0.00985792
0.032041 0.834646 0.103768 0.0295458
0.531426 0.153831 0.288375 0.026368
0.623963 0.0290929 0.316291 0.0306534
0.734815 9.9991E-05 0.203184 0.061901
0.671516 0.0206338 0.2464 0.0614501
