0.203161 0.757489 0.00941886 0.0299306
0.108987 0.860047 0.0308665 9.9991E-05
0.239855 0.716594 0.0270152 0.0165355
0.0609762 0.891934 0.00945003 0.0376401
0.0626635 0.891991 0.00901267 0.0363329
0.0585354 0.864566 9.9991E-05 0.0767991
0.11466 0.871109 9.9991E-05 0.0141307
9.9982E-05 0.954273 0.0455265 9.9982E-05
0.272344 0.631369 0.0142368 0.0820505
0.271831 0.649657 0.0395402 0.0389717
0.0782032 0.650196 0.0863402 0.185261
0.250947 0.638068 0.0251077 0.0858775
0.0695605 0.531606 0.0629711 0.335862
0.269709 0.635586 9.9991E-05 0.0946054
0.258146 0.635817 0.0660649 0.0399712
0.190823 0.765991 0.0408765 0.00230944
0.308545 0.688368 0.00298742 9.9991E-05
0.137144 0.847096 0.0156602 9.9991E-05
0.547925 0.217517 0.0622341 0.172324
0.750558 0.231444 9.9991E-05 0.0178981
0.718142 0.227534 0.0233977 0.0309261
0.859694 0.0851447 0.0121519 0.0430094
0.944006 9.9982E-05 0.0557941 9.9982E-05
0.789608 0.170529 0.0397635 9.9991E-05
0.728336 0.257991 9.9991E-05 0.0135732
0.982849 0.0169506 9.9982E-05 9.9982E-05
0.915975 9.9991E-05 0.0272171 0.0567082
0.900763 9.9991E-05 0.0157461 0.0833914
0.994114 9.9982E-05 9.9982E-05 0.00568577
0.834587 0.072705 9.9991E-05 0.0926076
0.95392 9.9991E-05 0.00622705 0.0397527
0.931194 0.0160969 0.0259166 0.0267922
0.826224 0.0800755 0.0936002 9.9991E-05
0.211385 0.677837 0.0746657 0.0361127
0.274589 0.725211 9.9982E-05 9.9982E-05
0.134467 0.828975 9.9991E-05 0.036458
0.0599653 0.84819 0.0542702 0.0375749
0.248262 0.615966 0.0154035 0.120368
9.998E-05 9.998E-05 0.9997 9.998E-05
0.820575 0.0813047 0.025506 0.0726144
0.21625 0.691766 0.005395 0.086589
0.217998 0.781802 9.9982E-05 9.9982E-05
0.290259 0.491172 0.0210328 0.197537
0.165752 0.428354 0.0529691 0.352924
0.0809892 0.612671 0.0327242 0.273615
9.998E-05 9.998E-05 0.9997 9.998E-05
0.238601 0.574271 0.0809998 0.106129
0.182978 0.565589 9.9991E-05 0.251333
0.407987 0.420021 0.0292062 0.142786
0.0341024 0.0620798 0.037029 0.866789
0.0464908 0.0699792 0.0411073 0.842423
0.0283095 0.11382 0.0144003 0.843471
0.0370868 0.112048 0.0582163 0.792649
0.0741577 9.9991E-05 0.0584443 0.867298
0.101794 9.9982E-05 9.9982E-05 0.898006
9.9982E-05 0.228223 9.9982E-05 0.771577
0.00823942 0.104413 0.0371967 0.850151
0.0742365 9.9991E-05 0.0365923 0.889071
9.9991E-05 0.10326 0.0388848 0.857755
9.9991E-05 0.223836 0.0401623 0.735901
0.125432 9.9982E-05 9.9982E-05 0.874368
0.133326 0.0641897 9.9991E-05 0.802385
0.0381178 0.359656 0.0760814 0.526144
0.829084 0.109464 0.0219099 0.0395423
0.841214 0.126354 0.0323324 9.9991E-05
0.859815 0.12472 0.0153644 9.9991E-05
0.0305856 0.182614 0.022125 0.764675
9.9991E-05 0.241829 0.0530785 0.704992
0.0615138 0.0531544 0.0260705 0.859261
0.0469918 0.0509406 0.0600406 0.842027
0.0586184 9.9991E-05 0.0574235 0.883858
9.9991E-05 0.654212 0.00881629 0.336872
0.0591656 0.605047 0.0204327 0.315355
9.9991E-05 0.650851 0.0122513 0.336798
0.0302756 0.586712 0.0453029 0.337709
0.243713 0.441608 0.0402765 0.274402
0.0877955 0.541339 0.0372689 0.333597
0.105667 0.596231 0.0363747 0.261728
9.9982E-05 0.255624 9.9982E-05 0.744176
0.0135194 0.272903 0.160045 0.553533
0.10332 0.0673566 0.0278598 0.801463
0.0930188 9.9991E-05 0.0658167 0.841064
9.9991E-05 0.167356 0.05299 0.779554
0.801093 0.110369 0.0288832 0.0596549
0.140938 0.406056 9.9991E-05 0.452906
9.9982E-05 0.563387 9.9982E-05 0.436413
9.998E-05 9.998E-05 0.9997 9.998E-05
0.258781 0.74102 9.9982E-05 9.9982E-05
0.241345 0.712934 0.0456212 9.9991E-05
0.247803 0.649297 0.0808923 0.0220075
0.277292 0.548217 0.0503755 0.124115
0.147308 0.828171 9.9991E-05 0.0244209
0.0962798 0.483326 9.9991E-05 0.420294
0.619463 0.304459 0.0460553 0.0300231
9.9991E-05 0.535311 0.0918922 0.372697
0.331008 0.475662 0.0244005 0.168929
0.22075 0.760965 0.0181853 9.9991E-05
0.101227 0.894824 0.00384838 9.9991E-05
0.267809 0.722623 9.9991E-05 0.00946838
0.105116 0.767128 0.0285685 0.0991882
0.0380396 0.922076 0.023113 0.0167714
0.133163 0.84719 0.0195476 9.9991E-05
0.0900104 0.438907 0.0523997 0.418683
0.166808 0.379254 0.0958425 0.358095
9.9991E-05 0.467806 0.0802271 0.451867
0.316178 0.559084 0.0133219 0.111416
0.237912 0.518575 9.9991E-05 0.243413
0.485227 0.43724 9.9991E-05 0.0774335
9.9991E-05 0.125427 0.0400555 0.834418
9.9991E-05 0.180107 0.0138987 0.805895
0.202594 0.407727 9.9991E-05 0.389579
0.200302 0.445612 0.0402709 0.313815
0.328669 0.311103 0.0588612 0.301367
0.863746 0.101812 9.9991E-05 0.0343414
0.138884 0.0203381 0.0596509 0.781127
0.0537774 0.153128 9.9991E-05 0.792994
9.9982E-05 0.390491 9.9982E-05 0.609309
0.576178 0.331747 0.0452325 0.0468423
0.30289 0.664912 0.0172034 0.014995
0.0424813 0.833247 0.0387415 0.0855302
0.160199 0.749125 9.9991E-05 0.0905768
0.448047 0.547271 0.00458249 9.9991E-05
0.268142 0.706912 0.024846 9.9991E-05
0.164552 0.808373 9.9991E-05 0.0269746
9.9991E-05 0.905089 0.0312666 0.0635446
0.429708 0.531291 0.00266307 0.0363377
0.145367 0.844643 0.00539799 0.00459195
0.220801 0.743679 0.0354208 9.9991E-05
0.156935 0.819474 0.0234913 9.9991E-05
0.346816 0.526703 0.00380711 0.122673
0.058192 0.863673 0.0457899 0.0323448
0.322013 0.592398 0.01669 0.0688993
0.113801 0.858681 0.0145425 0.0129755
0.95229 0.0192561 9.9991E-05 0.028354
0.975058 0.024742 9.9982E-05 9.9982E-05
0.959948 9.9982E-05 0.0398518 9.9982E-05
0.879202 0.099366 9.9991E-05 0.0213318
0.881747 0.049058 0.0223368 0.0468585
9.9991E-05 0.864867 0.00386853 0.131164
0.18076 0.799319 0.0198215 9.9991E-05
9.998E-05 9.998E-05 9.998E-05 0.9997
0.0452711 0.042066 0.0412865 0.871376
0.00742526 0.0593017 0.012838 0.920435
0.0647438 0.169566 0.00477568 0.760914
9.9991E-05 0.0484354 0.0375094 0.913955
0.133315 9.9991E-05 0.0171822 0.849403
9.9991E-05 0.0257061 0.0322622 0.941932
0.10134 9.9982E-05 9.9982E-05 0.89846
0.101893 9.9982E-05 9.9982E-05 0.897907
0.0998961 9.9991E-05 0.0204113 0.879593
9.9991E-05 0.100863 0.0276108 0.871426
0.0175328 0.0976936 0.0440887 0.840685
0.0769177 0.0795736 0.0131146 0.830394
0.0550402 9.9991E-05 0.0218804 0.922979
0.00232301 0.0653084 0.0119301 0.920439
9.9991E-05 0.00605741 0.0458402 0.948002
0.0512624 0.0316247 0.035682 0.881431
0.0889 0.521684 0.00819976 0.381216
0.0890309 0.637005 0.0154211 0.258543
9.9982E-05 0.0866188 9.9982E-05 0.913181
9.9991E-05 0.248963 0.0278254 0.723112
0.0493698 9.9982E-05 9.9982E-05 0.95043
9.9982E-05 0.642943 9.9982E-05 0.356857
0.0124911 0.964698 0.0227114 9.9991E-05
0.289576 0.679142 0.0311817 9.9991E-05
0.544156 0.402551 9.9991E-05 0.0531935
0.621624 0.361259 9.9991E-05 0.0170163
0.855548 0.0775021 0.0144369 0.0525135
0.928056 0.00775031 9.9991E-05 0.0640933
0.834155 0.120554 0.0451908 9.9991E-05
0.792747 0.171333 0.028862 0.00705832
0.83199 0.011777 0.0389409 0.117292
0.829844 0.0642102 0.050502 0.0554442
0.177202 0.809236 0.00984755 0.00371474
0.0869777 0.797546 0.0711947 0.0442814
9.9991E-05 0.884311 0.074824 0.0407649
9.9982E-05 0.954814 9.9982E-05 0.0449861
0.0159509 0.902844 0.0307309 0.0504744
0.0251325 0.876716 9.9991E-05 0.0980516
0.294236 0.674004 0.0114484 0.0203116
0.205538 0.682149 0.0152526 0.0970603
0.135316 0.762886 0.0673522 0.0344455
0.21987 0.699512 0.015687 0.064931
0.179617 0.710778 0.0426234 0.0669819
0.720704 9.9991E-05 0.160653 0.118543
0.0347042 0.106861 0.0299906 0.828444
0.108469 9.9991E-05 0.043335 0.848096
0.0207991 0.0279343 0.0142594 0.937007
9.9991E-05 0.203252 0.010142 0.786506
0.0790895 0.0299501 0.0530823 0.837878
0.306317 0.504848 0.041746 0.147089
0.311309 0.652058 0.0365325 9.9991E-05
0.176613 0.767738 0.0555493 9.9991E-05
0.300014 0.640676 0.0592101 9.9991E-05
