9.9991E-05 0.13117 0.0385076 0.830222
9.999E-05 0.162212 0.029004 0.808684
9.999E-05 0.261769 0.0260481 0.712083
0.0284271 0.0223175 0.00329627 0.945959
0.0282211 0.0219123 0.00660396 0.943263
0.0500991 9.9991E-05 0.0166814 0.93312
0.0753073 0.0499953 9.9991E-05 0.874597
9.999E-05 0.0155751 0.0378375 0.946487
0.0618027 0.217185 0.0420894 0.678923
0.0590079 0.296574 0.0184436 0.625974
0.22058 0.0209203 0.0697951 0.688705
0.0803558 0.262395 0.0547155 0.602533
0.300471 0.137793 0.0755287 0.486207
0.0828339 0.257483 0.00104742 0.658636
0.0593702 0.251354 0.0477697 0.641506
9.9991E-05 0.159938 0.0352557 0.804706
9.9982E-05 0.264529 9.9982E-05 0.735271
9.9991E-05 0.0936651 0.033807 0.872428
0.183326 0.618915 0.0578492 0.13991
9.9991E-05 0.763457 0.000808572 0.235635
9.9991E-05 0.758291 0.0356366 0.205973
0.0849416 0.90496 0.00389807 0.0062003
0.0326234 0.943998 0.0232791 9.9991E-05
9.9991E-05 0.872065 0.0559423 0.0718931
9.9982E-05 0.762057 9.9982E-05 0.237743
9.9982E-05 0.984084 0.015716 9.9982E-05
0.0574274 0.894231 0.0482419 9.9991E-05
0.0824093 0.886044 0.0314465 9.9991E-05
0.00125411 0.998546 9.9982E-05 9.9982E-05
0.0690056 0.910653 9.9991E-05 0.0202415
0.0225948 0.963674 0.0136308 9.9991E-05
0.0302349 0.853464 0.0135719 0.102729
0.0257557 0.850162 0.0590571 0.0650252
0.0110883 0.205423 0.0749827 0.708506
9.9982E-05 0.269647 9.9982E-05 0.730153
0.0737553 0.190729 9.9991E-05 0.735416
0.0326502 0.0781662 0.0395061 0.849677
0.100369 0.189111 0.0281406 0.68238
9.998E-05 9.998E-05 0.9997 9.998E-05
0.0745859 0.832983 0.0114465 0.0809844
0.115825 0.166202 9.9991E-05 0.717873
9.9982E-05 0.186117 9.9982E-05 0.813683
0.185471 0.326014 0.0171613 0.471353
0.271443 0.147059 0.0358038 0.545695
0.2834 0.0669546 0.0482092 0.601436
9.998E-05 9.998E-05 0.9997 9.998E-05
0.0519315 0.229493 0.0767081 0.641867
0.218018 0.205709 9.9991E-05 0.576173
0.104768 0.399005 0.0481056 0.448121
0.895636 0.0636832 0.0405804 9.9991E-05
0.87337 0.0496635 0.0386861 0.0382804
0.848143 9.9982E-05 9.9982E-05 0.151657
0.792097 0.0241626 0.0633952 0.120345
0.884338 0.0563853 0.059177 9.9991E-05
0.902022 0.0977781 9.9982E-05 9.9982E-05
0.754401 9.9982E-05 9.9982E-05 0.245399
0.845597 0.0172596 0.0337701 0.103374
0.91021 0.0427156 0.0469747 9.9991E-05
0.826096 9.9991E-05 0.0541815 0.119623
0.749349 9.9991E-05 0.0264538 0.224097
0.929272 0.0667971 0.00383041 9.9991E-05
0.785425 0.111223 9.9991E-05 0.103252
0.513188 0.0561869 0.0752684 0.355357
0.0323077 0.797805 0.0280255 0.141862
0.0642247 0.813459 0.0266644 0.0956519
9.9991E-05 0.925612 0.0199822 0.0543061
0.782225 0.0300457 0.0194104 0.168319
0.681656 9.9991E-05 0.0835606 0.234683
0.788482 0.0941803 0.0265778 0.0907598
0.844319 0.0886591 0.0508647 0.0161572
0.869064 0.01355 0.0545782 0.0628075
0.344635 9.9991E-05 0.0336424 0.621623
0.312397 0.0826872 0.0136804 0.591236
0.334024 0.0246028 0.0224755 0.618897
0.305287 0.0231725 0.0369665 0.634574
0.287598 0.200981 0.0440908 0.46733
0.344949 0.0751412 0.0449217 0.534988
0.262927 0.170314 0.0240489 0.542711
0.780239 9.9982E-05 9.9982E-05 0.219561
0.513933 0.0774115 0.124947 0.283709
0.831909 0.148898 0.0190928 9.9991E-05
0.835839 0.11343 0.0506308 9.9991E-05
0.779014 9.9991E-05 0.0521135 0.168772
0.0850582 0.726066 0.0260222 0.162853
0.460246 0.152702 9.9991E-05 0.386953
0.397645 0.0150534 0.00340811 0.583894
9.998E-05 9.998E-05 0.9997 9.998E-05
9.9982E-05 0.288585 9.9982E-05 0.711215
9.9991E-05 0.204441 0.0129352 0.782524
9.9991E-05 0.18972 0.0809778 0.729203
0.109374 0.312217 0.0504266 0.527983
0.0523383 0.127103 9.9991E-05 0.820459
0.418385 0.060943 9.9991E-05 0.520572
0.0310692 0.670643 0.0439997 0.254288
0.392314 0.0211007 0.0939355 0.49265
0.149706 0.354339 0.0243048 0.471651
9.9982E-05 0.25928 9.9982E-05 0.74052
0.039874 0.143825 0.00138652 0.814914
9.9982E-05 0.200343 9.9982E-05 0.799457
0.0873431 0.101508 0.0144321 0.796717
0.0493101 0.0673362 0.0085411 0.874813
9.9991E-05 0.0841741 0.00291919 0.912807
0.413856 0.0285587 0.0638693 0.493716
0.348883 0.0762343 0.0722392 0.502643
0.413958 0.0596995 0.0788263 0.447516
0.112472 0.278102 0.0257218 0.583704
0.238284 0.151556 9.9991E-05 0.61006
0.0249671 0.491007 9.9991E-05 0.483926
0.814681 9.9991E-05 0.0324373 0.152781
0.831659 0.037356 0.0213615 0.109623
0.366937 0.194878 0.0068534 0.431331
0.341709 0.164102 0.0305295 0.463659
0.298224 0.287944 0.040674 0.373158
0.00947495 0.849747 9.9991E-05 0.140678
0.783972 0.0985302 0.0643898 0.0531078
0.786452 0.0687727 9.9991E-05 0.144675
0.628188 0.00243972 9.9991E-05 0.369273
0.0411722 0.531822 0.0670868 0.359919
0.0342585 0.27827 0.0141449 0.673327
0.00135979 0.0599523 0.0620651 0.876623
0.0981215 0.104805 9.9991E-05 0.796973
9.9982E-05 0.442735 9.9982E-05 0.557065
0.0099678 0.225031 0.00537231 0.759629
0.0242071 0.138645 9.9991E-05 0.837047
9.9991E-05 0.0082748 0.0219417 0.969684
0.0262533 0.405098 9.9991E-05 0.568548
0.0221365 0.142284 0.000155923 0.835423
9.9991E-05 0.126539 0.0360788 0.837282
9.9991E-05 0.101635 0.0128395 0.885425
0.0926523 0.299431 0.0051449 0.602772
0.0484807 0.0479026 0.0417454 0.861871
0.0711466 0.312269 0.0328444 0.583741
0.0186854 0.125346 9.9991E-05 0.855868
0.0173541 0.982446 9.9982E-05 9.9982E-05
9.9982E-05 0.992113 9.9982E-05 0.0076875
9.9982E-05 0.969997 0.0298035 9.9982E-05
0.0875239 0.825399 0.00211966 0.0849577
0.087879 0.780063 0.024692 0.107366
0.134994 9.9991E-05 0.0126388 0.852267
9.9991E-05 0.182216 0.0426306 0.775053
0.9997 9.998E-05 9.998E-05 9.998E-05
0.877258 0.0485013 0.0503663 0.0238747
0.918623 9.9991E-05 0.0178127 0.0634644
0.763056 0.045205 0.0141957 0.177543
0.919016 9.9991E-05 0.0285388 0.0523454
0.823088 0.154144 0.0226676 9.9991E-05
0.957838 9.9982E-05 0.0419619 9.9982E-05
0.927453 0.0723473 9.9982E-05 9.9982E-05
0.892362 0.107438 9.9982E-05 9.9982E-05
0.882875 0.11646 0.000564512 9.9991E-05
0.877456 9.9991E-05 0.0387007 0.0837438
0.836389 0.0767894 0.0475246 0.0392967
0.828824 0.0340808 0.0134259 0.123669
0.912125 0.0833118 0.00446276 9.9991E-05
0.869417 0.0298269 0.0277873 0.0729685
0.941425 9.9982E-05 0.0583747 9.9982E-05
0.904576 0.0654552 9.9991E-05 0.0298689
0.351456 0.0698894 0.00155963 0.577095
0.213827 0.0572163 0.0227968 0.70616
0.941003 9.9982E-05 9.9982E-05 0.0587966
0.726414 9.9991E-05 0.0252724 0.248213
0.973823 0.0116676 0.0144092 9.9991E-05
0.347712 9.9991E-05 0.0102625 0.641925
9.9991E-05 0.0588076 0.0294144 0.911678
9.9991E-05 0.260868 0.0442503 0.694781
0.0609549 0.541092 9.9991E-05 0.397853
0.00401519 0.666164 9.9991E-05 0.329721
0.0404052 0.913785 9.9991E-05 0.0457101
0.0391448 0.938187 0.00378175 0.0188869
9.9991E-05 0.825843 0.0178932 0.156164
0.0445071 0.797814 0.0221894 0.13549
0.121098 0.823262 0.0464635 0.00917673
0.0859279 0.782228 0.0541319 0.0777125
0.0114723 0.115617 0.012152 0.860759
0.038592 0.0432194 0.0685779 0.849611
0.0382924 9.9991E-05 0.0655466 0.896061
0.000189265 9.9991E-05 0.00586441 0.993846
0.0212608 9.9991E-05 0.0256545 0.952985
0.0794018 0.0276137 0.00912805 0.883856
0.0113662 0.268589 0.0279675 0.692078
0.096183 0.249355 0.0260566 0.628406
0.041135 0.0920912 0.0441988 0.822575
0.0792304 0.201389 0.0249366 0.694444
0.0243367 0.0982831 0.0381 0.83928
0.0753284 0.725706 0.153301 0.0456645
0.857297 0.0159557 0.019203 0.107544
0.826141 0.119106 0.0546524 9.9991E-05
0.979338 0.0176894 0.00287233 9.9991E-05
0.796528 0.0202483 0.0240295 0.159195
0.821057 0.0594938 0.0242019 0.0952477
0.149169 0.276936 0.0335357 0.54036
0.0225255 0.331194 0.0251189 0.621162
9.9991E-05 0.125562 0.075357 0.798981
0.0165162 0.340813 0.0450083 0.597663
