0.0151143 0.0264254 0.156375 0.751183 0.0509017
0.0285728 9.9991E-05 0.117107 0.78097 0.0732499
0.0274823 9.9991E-05 0.167203 0.602991 0.202224
0.0215218 0.00504496 0.266209 0.698707 0.00851778
9.9982E-05 0.0972803 9.9982E-05 0.895695 0.00682477
9.9982E-05 0.0826707 0.138029 0.7791 9.9982E-05
9.9991E-05 0.0216862 0.26638 0.678817 0.0330174
0.0420927 9.9982E-05 0.22724 0.730467 9.9982E-05
0.014456 0.115758 9.9991E-05 0.748 0.121686
0.02693 0.00290466 0.263092 0.454558 0.252514
0.0486927 0.0812058 0.487361 0.3137 0.0690409
0.0381084 0.0212434 0.257012 0.478582 0.205055
0.036605 0.0693776 0.775905 0.0499889 0.0681236
9.999E-05 0.0678671 0.204569 0.556854 0.17061
0.022989 0.0758801 9.9991E-05 0.777632 0.123399
9.9982E-05 9.9982E-05 0.183391 0.767948 0.0484612
9.9982E-05 0.0622905 9.9982E-05 0.653251 0.284259
0.0196538 0.00372311 9.9991E-05 0.894319 0.0822041
0.0633107 0.133909 0.154679 0.122731 0.52537
9.9982E-05 9.9982E-05 0.155505 0.138798 0.705497
0.0132206 9.9991E-05 0.102107 0.233906 0.650667
0.0151421 9.9991E-05 0.133009 0.0407872 0.810962
0.0550687 9.9982E-05 0.00672442 9.9982E-05 0.938007
0.0261943 0.0517829 9.9991E-05 0.137965 0.783958
9.9982E-05 9.9982E-05 0.0694819 0.238841 0.691477
0.0140245 9.9991E-05 0.00354558 0.0914333 0.890897
0.0288956 0.0449621 9.9982E-05 9.9982E-05 0.925942
0.0309281 0.0716209 9.9982E-05 9.9982E-05 0.897251
9.9982E-05 0.0322663 9.9982E-05 0.0857528 0.881781
9.9991E-05 0.0975845 0.0263881 0.027923 0.848004
0.000709427 9.9991E-05 0.0743698 0.0120208 0.9128
0.0476039 0.0137641 0.0222504 0.0657214 0.85066
0.0539283 9.9991E-05 0.0231752 0.0352962 0.8875
0.0775523 9.9991E-05 0.288413 0.492232 0.141702
0.00520913 0.0458215 9.9991E-05 0.761769 0.187101
9.9982E-05 0.0863682 9.9982E-05 0.823366 0.090066
0.0113017 0.0160572 0.225679 0.689194 0.0577683
0.0200452 0.0503113 0.308925 0.485276 0.135442
0.9996 9.997E-05 9.997E-05 9.997E-05 9.997E-05
0.0258256 9.9982E-05 0.167616 9.9982E-05 0.806358
9.9982E-05 0.134466 9.9982E-05 0.735854 0.12948
0.02036 9.9991E-05 0.209722 0.622559 0.14726
9.9991E-05 0.100769 0.353436 0.307539 0.238156
0.0599487 0.101409 0.708804 0.0630365 0.0668021
0.0283015 0.0083359 0.890643 0.00936801 0.0633511
0.9996 9.997E-05 9.997E-05 9.997E-05 9.997E-05
0.079949 0.00837314 0.242118 0.475081 0.194479
9.9991E-05 0.106292 0.496862 0.258421 0.138324
0.0313323 0.0711596 0.191419 0.370697 0.335393
0.0335476 0.769809 0.155562 0.0331163 0.00796505
0.0209175 0.784942 0.142296 0.0174509 0.0343934
9.9982E-05 0.801263 9.9982E-05 0.153995 0.0445422
0.0583838 0.726022 0.147446 0.0680484 9.9991E-05
0.045794 0.833444 9.9991E-05 0.0194177 0.101245
0.000176543 0.838354 0.0605147 0.0166956 0.0842596
9.9973E-05 0.740879 9.9973E-05 0.258821 9.9973E-05
0.0153722 0.801867 0.0975141 0.0839427 0.00130404
0.0257975 0.851684 0.0158852 9.9991E-05 0.106533
0.0165263 0.802384 0.0789269 0.102063 9.9991E-05
0.0331237 0.611266 0.277793 0.0777179 9.9991E-05
9.9982E-05 0.792192 0.113936 9.9982E-05 0.0936722
9.999E-05 0.715752 0.165807 0.0295209 0.0888195
0.0603991 0.374219 0.538526 0.0267559 9.9991E-05
0.0333553 0.0404523 9.9991E-05 0.106968 0.819124
0.016815 0.0290877 0.0563198 0.138379 0.759398
0.0113743 9.9982E-05 9.9982E-05 0.127301 0.861125
0.0242092 0.676508 0.171322 0.0750962 0.0528649
0.0831707 0.483505 0.433125 9.9982E-05 9.9982E-05
0.0143017 0.738504 0.172841 0.0742541 9.9991E-05
0.0524382 0.666931 0.280431 9.9982E-05 9.9982E-05
0.0565724 0.839597 9.9982E-05 0.103631 9.9982E-05
0.0157361 0.0984238 0.697068 0.188672 9.9991E-05
0.0182732 0.056897 0.772053 0.152677 9.9991E-05
9.9991E-05 0.0950162 0.798412 0.0843882 0.0220839
0.000890552 9.9973E-05 0.99881 9.9973E-05 9.9973E-05
0.0478966 9.9991E-05 0.845389 0.0224971 0.0841168
0.0179561 0.0234884 0.954614 9.9991E-05 0.0038415
0.0166871 0.0317079 0.75549 0.117807 0.0783076
9.9982E-05 0.642122 0.267747 0.0899312 9.9982E-05
0.127259 0.446776 0.244063 0.109041 0.0728612
0.027199 0.753557 0.147766 0.0117635 0.0597151
0.0538646 0.747771 0.0893257 9.9991E-05 0.108939
0.0304845 0.724991 0.0325746 0.21185 9.9991E-05
0.0321165 0.0315356 0.134317 0.0950803 0.706951
9.9991E-05 0.301144 0.436381 0.128805 0.133571
9.9973E-05 0.0564332 0.943267 9.9973E-05 9.9973E-05
0.9996 9.997E-05 9.997E-05 9.997E-05 9.997E-05
9.9982E-05 9.9982E-05 0.180861 0.586519 0.23242
0.0195085 9.9991E-05 0.153438 0.706772 0.120181
0.0428085 0.012731 0.213115 0.576687 0.154658
0.0461698 0.0823037 0.309196 0.335461 0.226869
9.9982E-05 0.101123 0.0330651 0.865612 9.9982E-05
9.9973E-05 0.145564 0.854136 9.9973E-05 9.9973E-05
0.0663023 9.9991E-05 0.193768 0.185293 0.554537
0.094053 0.180632 0.654388 0.0708266 9.9991E-05
0.0271324 0.0498968 0.429167 0.158245 0.335559
0.0410142 0.015861 0.00810857 0.81929 0.115726
9.9982E-05 9.9982E-05 0.299317 0.649368 0.0511144
9.9982E-05 9.9982E-05 0.323702 0.553561 0.122538
0.00736139 0.0188941 0.322257 0.590227 0.0612601
0.00368259 9.9991E-05 0.534873 0.440248 0.0210957
0.0169585 9.9991E-05 0.232565 0.677221 0.0731549
0.0339505 0.179166 0.71922 0.0330819 0.0345814
0.0598335 0.15661 0.638462 0.08362 0.0614746
0.0734687 0.212266 0.660587 0.0535784 9.9991E-05
0.014299 9.9991E-05 0.669518 0.082235 0.233848
9.9991E-05 0.124843 0.455393 0.261964 0.1577
9.99965E-05 0.067488 0.0181041 0.511422 0.402886
0.0139342 0.781715 9.9991E-05 0.190497 0.0137537
0.0154709 0.733192 0.180829 0.00903569 0.0614731
0.00020571 0.128854 0.699579 0.00307461 0.168286
0.0322924 0.133039 0.561645 0.16395 0.109073
0.0178115 0.0648722 0.631089 9.9991E-05 0.286127
9.9973E-05 9.9973E-05 0.243446 9.9973E-05 0.756254
0.0501907 0.635566 0.281126 9.9991E-05 0.0330176
9.9982E-05 0.655601 0.318487 0.0257116 9.9982E-05
9.9982E-05 0.530716 0.356267 0.112817 9.9982E-05
0.0667018 0.0236676 0.132163 0.322804 0.454664
9.9982E-05 0.0649772 9.9982E-05 0.715655 0.219168
0.0360057 0.0494999 0.162594 0.7518 9.9991E-05
9.9991E-05 0.0759035 0.116456 0.751106 0.0564339
9.9982E-05 9.9982E-05 0.10265 0.526006 0.371144
0.012625 0.0215824 0.0879477 0.731837 0.146008
9.9991E-05 0.0601254 0.0691563 0.834279 0.0363396
0.0355758 0.0616502 9.9982E-05 0.902574 9.9982E-05
9.9991E-05 0.0218361 0.0860129 0.534395 0.357656
9.9991E-05 0.0566147 0.0367929 0.791625 0.114868
0.0225765 9.9991E-05 0.164666 0.652033 0.160625
9.9982E-05 9.9982E-05 0.227562 0.695519 0.0767189
9.9991E-05 0.0970227 0.191586 0.525423 0.185868
0.0305955 0.0644376 0.120357 0.779276 0.00533385
0.00846642 9.9991E-05 0.392819 0.385714 0.212901
9.9991E-05 0.0371151 0.112414 0.797231 0.05314
9.9973E-05 9.9973E-05 0.158777 9.9973E-05 0.840924
9.9982E-05 9.9982E-05 0.0304232 0.0383577 0.931019
0.022305 9.9982E-05 9.9982E-05 0.0736006 0.903894
0.0226322 0.0584455 9.9991E-05 0.0801042 0.838718
0.00606127 0.0645477 0.132973 9.9991E-05 0.796318
0.00559443 0.0766665 0.260343 0.657296 9.9991E-05
0.0225178 9.9991E-05 0.19376 0.660454 0.123168
9.9973E-05 0.917482 0.0822185 9.9973E-05 9.9973E-05
0.0397403 0.77974 0.128018 0.0116271 0.0408752
0.00612576 0.899726 9.9991E-05 0.062344 0.0317043
9.9991E-05 0.649982 0.27895 0.0271532 0.0438155
0.0268712 0.864259 0.0560464 0.0527231 9.9991E-05
0.00413683 0.823651 9.9982E-05 9.9982E-05 0.172012
0.0227674 0.911415 9.9982E-05 0.0656177 9.9982E-05
9.9982E-05 0.860814 0.0654991 9.9982E-05 0.0734867
9.9982E-05 0.807259 0.125566 9.9982E-05 0.0669742
0.00297186 0.83765 0.00727169 0.0259302 0.126176
0.0192186 0.842722 0.0284275 0.0853673 0.0242645
0.024934 0.753786 0.104093 0.0241499 0.0930375
0.0075245 0.816354 9.9991E-05 0.128676 0.0473461
0.0089571 0.881701 9.9991E-05 0.0530279 0.0562144
0.00141066 0.8432 0.0853667 0.0467976 0.0232248
0.0202834 0.878323 9.9982E-05 0.101194 9.9982E-05
0.0196352 0.86205 9.9991E-05 0.0740951 0.0441195
9.9991E-05 0.126394 0.767278 0.0920132 0.0142147
9.9973E-05 9.9973E-05 0.948849 0.0508512 9.9973E-05
9.9982E-05 0.814396 0.132055 0.0533486 9.9982E-05
0.00575761 0.712461 0.0595568 0.222125 9.9991E-05
9.9982E-05 0.860902 0.0783093 9.9982E-05 0.0605889
9.9982E-05 0.0811755 0.784966 0.133658 9.9982E-05
0.0380919 0.00566347 0.119463 0.836682 9.9991E-05
0.0434916 0.0422524 9.9991E-05 0.751543 0.162613
9.9991E-05 0.0368663 0.183316 0.278079 0.501638
0.00805784 0.0124204 0.0854392 0.319314 0.574769
9.9982E-05 0.0108887 0.192962 9.9982E-05 0.795949
9.9982E-05 0.0556093 9.9982E-05 0.120604 0.823587
0.00999914 9.9991E-05 0.108853 0.122506 0.758542
9.9991E-05 0.00792831 0.101379 0.110127 0.780466
0.0493297 0.0709241 0.0961069 0.063424 0.720215
0.0536328 0.0436155 9.9991E-05 0.121784 0.780868
9.9991E-05 0.019887 0.187529 0.67937 0.113115
0.0553361 0.0235779 0.193208 0.666311 0.0615668
0.0427336 9.9982E-05 0.289759 0.667307 9.9982E-05
9.9973E-05 9.9973E-05 0.359667 0.640033 9.9973E-05
0.00841168 9.9982E-05 0.262743 0.728646 9.9982E-05
0.0010365 9.9991E-05 0.443429 0.522705 0.0327294
0.0193187 9.9991E-05 0.200324 0.577546 0.202712
0.0298279 0.061024 0.145687 0.595973 0.167488
0.0493506 0.0272039 0.181151 0.696143 0.0461517
0.00340115 0.0588926 0.129544 0.617506 0.190656
0.0401159 0.0167887 0.1437 0.652255 0.14714
0.13611 0.0175357 0.10885 0.0803304 0.657174
0.0208026 0.717203 0.209147 0.0200296 0.0328181
0.0461639 0.807536 0.0803487 9.9991E-05 0.0658514
0.00513365 0.873807 0.0986202 9.9991E-05 0.0223387
0.0135474 0.686701 0.153109 0.135056 0.0115869
0.0360896 0.822401 0.0130597 0.089813 0.0386364
0.0166253 0.0835101 0.199735 0.365039 0.335091
0.0453663 0.0120672 0.120027 0.589036 0.233503
0.0875438 0.0318108 9.9991E-05 0.818068 0.0624774
0.0248951 9.9991E-05 0.299059 0.438837 0.237109
