IBR/IBR_outputs/all.combrep_1/EucDistWater_Total.FireFreq_2000_2008_Total.Silt_Total.WeatheringIndex_Total/EucDistWater_Total.FireFreq_2000_2008_Total.Silt_Total.WeatheringIndex_Total.asc
NCOLS 160 
NROWS 95 
XLLCORNER 210004.651214014 
YLLCORNER 7350008.22228844 
CELLSIZE 4999.99999999997 
NODATA_value -9999 
[rows 63 to 83 of 95, columns 46 to 91 of 160]
12.3968423092919 13.541853976555 6.28079532662232 6.52330208102713 8.71044389320189 16.3443478492339 23.1645675795922 16.4928969505767 11.4834280808509 15.5857107866232 20.063549256291 25.8649242390103 33.9339893904772 40.1979523254965 42.8971387580649 45.3247656749293 50.0314449339719 52.2200939311515 51.629243147074 50.915916353282 40.6071916062155 30.7178248880819 24.5019574136719 17.7314223770129 22.4168342435353 20.0631016274241 21.742445751867 25.2891177002733 27.3383087645762 22.166205421064 20.0804508873203 15.62088819824 14.1283086143315 20.7058666250424 31.239310342462 40.8541931655067 41.6621525318078 40.3720137406324 40.8091712271203 37.5432877884149 33.8268046755763 30.2418849742789 19.8380909665846 7.41023726573109 6.29467512063374 7.36683620646894
13.2472944117536 17.5473439065497 11.1338998091283 5.63804007673592 8.16396032661348 13.5643263043156 19.9004186430183 11.7467141153686 5.62626070568266 9.13249031875099 10.2794822741001 17.4370324125574 25.6395300802181 36.2336475361061 46.1657744290165 54.0288716772686 58.7655551755598 59.1003899624505 54.5729457142425 49.9122672590069 44.7080729944586 37.9911323268855 33.5363041098356 29.7292705778586 23.3877516250578 14.6430247764493 11.1542365441411 21.611965819519 24.2296528860435 13.996077101219 8.6321636528432 13.0531388247842 8.74371214472811 20.6518945970039 32.072266024465 41.5171453216556 44.6664687183616 42.7071937714268 43.9993791311655 45.339966904881 42.4415755082543 31.7012881415962 20.2611428455449 10.2555011804058 11.353843224691 10.0698591290898
20.3130217285776 20.4752494012027 17.4615248961692 12.0796477920633 7.54465679473616 7.90500187856053 16.71419781275 10.0919295007375 5.86328893207396 8.82920325457665 6.02937583805545 9.99106628818056 21.3127731191199 32.9668888556136 44.2088203429722 53.344012050722 57.8306003019943 55.6692690978601 46.4023483462006 40.2980494444842 37.3238953014361 37.9117264456183 39.7112346908937 35.4942200389648 24.7945757408812 15.989878302269 8.66259353548015 14.3759778672917 22.0072343613655 13.9024752186689 13.9720400874013 18.8392899102426 21.3827264345771 25.4007820352003 34.6390781937554 37.8689300636161 32.9979741055303 31.1703355446094 34.2917581412859 40.5346076468484 43.9818329665341 36.8962385282541 27.6472349229969 23.177763310881 22.513913314826 20.2925083787164
10.4628272418495 10.2578832553424 11.0124590264151 8.75359644965763 15.2837102318268 15.0677089345398 18.2278326308805 8.80519301112915 8.94921572474837 4.71195445226655 4.5280359474189 12.9750446382714 23.6018749121826 34.5068118319904 42.1997355995117 45.8929787232274 50.2619420446992 48.8077757736767 41.2109917435385 30.8876668597372 25.4277981230303 26.4291788409828 32.4357811974552 37.9959103877381 30.7124801272952 20.1710250575255 10.8252356455693 14.0172561565596 16.4511265476842 7.52824106797679 14.3931802605007 23.9072375825717 28.2959164119231 30.7619844597422 32.8378970986497 27.1069340670422 22.3791196790414 19.1863968924041 23.2025533619167 31.7701559701009 37.7776982992187 41.6479946354935 36.0168496830591 28.5504446554572 23.6252040220119 18.767502324779
7.99879939771623 7.47213869171414 12.1600919309403 13.4776173762002 10.7486228083785 9.82099157095494 16.7748046747687 15.406763244969 16.5868417491133 11.4223953776065 11.0541973319502 17.1012058823847 27.5628739194689 33.888380788572 32.1539411348665 32.8316691448099 38.127044556097 40.8322045624056 32.9744065122182 22.555948406488 13.8982788850201 15.5726924527556 25.0647346531818 35.7624640893649 36.1023447520533 27.8872701914446 23.3194187344011 23.5268226027431 22.3822892872818 13.9418220565266 10.9823382186072 18.8334955254355 19.8345688109547 19.3039338106251 23.1357438367947 16.0980332635956 12.9952454567252 8.24327037304224 15.7423588047753 21.1526711202787 28.4579441720454 37.158304358698 34.4407865732194 23.2088321268167 13.324343435628 11.6526311228052
14.2714673299503 8.38601857846573 9.0328846209534 18.2331515484028 12.7937974384081 7.17630422252033 7.90254914736645 8.45291079885235 18.5418679822083 21.9079184657925 21.5785669844057 25.844343274694 30.9173267566721 25.446962048066 20.1918403741673 22.0257041536361 28.2042623726008 30.4967108153008 26.8353945040595 19.099184985854 8.75405349988869 12.2346924510321 23.2104127303903 34.5574860773831 41.8226925470325 37.4971734996906 33.9553723140858 31.1980344159305 24.6310395800581 14.2046524412645 8.93279442089355 17.6325953084523 12.9678261659332 10.3298288676968 20.7678276052903 10.0228906262899 8.42243786867627 10.4234844331488 7.27093254241368 11.0808751551096 23.0968531083543 33.5428018761546 34.000982495986 22.925707404468 12.331956603319 11.5136100410162
6.43509827059894 8.89449047549599 14.5811292145164 22.2709348396624 16.9215879510392 7.48378687825315 7.89153034149028 12.6428472117222 20.3542097859769 16.8249252086563 15.6233702747007 22.3092244399217 26.7523484635669 18.4014710291049 9.05867783356333 12.7970060448377 16.8211415390046 20.3105183576034 15.8137474735419 17.4099242419629 12.6115662700686 15.0749386512721 24.0170067529492 31.3463225077161 39.3392506557947 40.8896038926234 34.7620741120506 26.467127719081 18.5447598498832 16.8560403814317 19.7566714260678 22.402485884939 14.509793408827 13.109223471882 14.6992962778258 7.74796157925267 10.9058794090652 7.0906140399629 10.5362955814311 13.8989760646396 23.2582503920607 34.092665333218 37.5378255988404 28.8899747947485 21.8098617271002 22.1012046879245
8.53020471264324 6.95747770088601 11.9703486429998 15.6876691823949 17.6803724803327 11.9760304655962 5.86289206122586 15.9844999284685 21.0303883173799 11.2750776176437 8.28602046060212 18.2712296575796 21.3250089815003 11.1760973914734 7.89472738111196 5.87299464978065 9.98016725623157 15.5409088690802 6.92208154813491 11.6055739728795 8.36950767487938 9.42642997224203 14.385668458763 24.3525128667669 34.6020112645635 32.935196550495 25.4736855317734 20.0374171663513 11.6020120280749 10.0800746584849 21.2486804579625 28.8348186323731 24.8130859086764 21.897708687831 12.3292786376136 4.37891798261819 13.9857530989018 15.3696680419613 18.0228323177326 22.2262734140333 29.7225463412878 39.236909692628 44.6879812411075 37.8998923199712 33.4872472918689 32.4751990049567
10.3024506143473 5.19569017771412 5.17227967819763 6.8129068649414 7.40492057881431 9.14114587722609 11.0965896647832 14.1891732134503 16.1523851992846 11.1620742509941 12.2311078520698 19.7310778467835 20.7880556448392 9.63869193516103 10.6148532203787 13.6786699642238 16.3280333744544 18.9537757670167 8.33404619509988 9.05622276506871 11.9074130093404 10.6374071012225 11.7528679246163 23.5382292749408 33.3249337119904 27.428321806107 16.6510937496024 10.5357964534312 12.8820406227226 11.853651004989 20.0847990152785 29.8173583605206 34.2797924618057 25.4758029638953 13.5676006514704 5.19884462404775 14.2130592973492 16.2165309873109 10.7976583687372 18.7150460930674 28.2359230842845 37.2105146794364 46.2684537885225 48.190002898426 44.9149892242185 41.6390570456786
6.80027032160576 11.7920789229523 15.1405349498038 13.6746968990448 11.3508628230685 11.3349491109371 11.8792466458046 5.03397728612507 5.72593078745621 5.60591043341977 9.76834524395767 15.667147069796 23.1692682628013 20.270685351181 18.1738118203564 11.0780128802692 13.4699852894053 20.7239713818674 17.5867117523357 11.9021038178595 12.0460088519096 18.6770609926258 20.4241322566324 28.9016194132325 29.6259434946626 23.4046128490885 15.8635031150165 9.29759739901683 12.3009163748407 7.60997825015686 13.9500850150451 25.353171426014 33.1374035037455 26.4272575832501 14.5401451440257 6.14382135285673 13.6939632651959 15.5900039355303 9.04079006164795 13.7222891891869 20.9126698847549 31.0145837938442 41.6187900706476 51.6763405332091 54.9969215552621 48.6019737536987
13.9528878242521 19.6754199661736 25.4397777864157 25.3569594753425 23.0907246409268 22.3964630028044 19.1287904179227 13.7829986901631 10.7073214525255 7.30271780563273 7.31717782328158 13.9940150055249 16.9183284496742 19.2633313853864 14.1301558187513 5.98244503398775 11.3288837358421 23.7507311151977 29.1844834815647 22.701676932162 22.9749961612296 26.2642776059685 20.5151848724815 21.8699453501993 22.1306878045259 14.2354132491925 17.4966264793144 17.5600671867333 16.071158356964 13.6173754814716 14.8003399630779 23.5780585621791 28.0776729651328 19.7322067535897 9.89484456255143 8.06109083394491 17.9595479440524 22.5833484916833 13.774629327539 7.23860306634857 16.6652379129613 29.6123929249494 40.1737236580088 50.3744578205738 59.1735009187189 56.1479048138253
10.1157906481295 13.942107644375 21.5799783516666 29.8186152746669 30.0295502023709 28.6750537428281 26.9229960742185 25.3655710744049 21.8037628210496 16.4758990641111 17.6512306829814 15.3687974500946 6.73774303798969 14.6551064946468 19.3017891037103 14.8747026222653 25.8783962622851 38.088099916718 34.0749579085391 30.7944431873644 27.1906373012265 27.37541976637 12.7552267680197 14.7665746355244 21.2610329742292 10.2252295336785 8.54308045368319 11.6676757125241 21.2568584613538 14.0905258227639 10.4647174733456 19.4294864640196 24.4533777014872 13.833195989764 6.5165768242686 15.1150285626471 24.3271894434351 28.7766275494891 20.7693778705581 17.0027916327398 22.5809972652568 31.6831006014624 42.1671665002266 52.5643886397383 63.1449501186522 66.2420766459903
6.94691485589903 7.45989094887623 16.9796898198956 20.0414604531408 19.8259207259202 18.5425982725615 18.5845431765744 25.7323242831844 27.6628706530357 19.2380765179818 15.3609849195799 17.4574139802125 14.0669467074544 18.7400655372591 27.0836233843058 27.0503964192356 26.6342924379306 21.4598628322254 15.6716701427189 21.8170484080923 16.6967906011469 17.1678778555662 13.4595974121919 16.0724362321464 24.7580285198227 21.7072258135326 18.8899032784511 14.871344295815 8.95935072796457 10.0527390457494 11.2064985783732 21.0316771667858 18.8693959758542 7.74658271649952 6.21075741216036 17.5914967910071 29.5898561891279 35.8059170053038 31.0801411669922 29.1271468596565 32.0333010377006 38.7429117688549 47.2303327691902 56.2715018618516 65.3936029092636 73.0343752113145
9.47213474868661 7.15188366211431 9.77007880333588 7.43852493904098 7.97900524896195 7.40573472665855 9.56980642866975 21.0910293231484 25.2775293686878 14.0671749557212 6.78544296919235 15.9147945716297 24.7472550641146 28.4913412032013 34.979324487534 35.3742179945665 25.7703774760136 14.2881745724753 8.08714564611875 10.4062951325998 8.85054495868281 11.9659463829518 13.5470992017092 22.5370919825989 28.7108633674436 30.1560755125793 27.6010786935952 23.5623553331186 17.8740808936144 11.1917978908041 13.9140822517876 23.6802791784365 18.3380157949615 7.18140031210219 10.0371208166453 19.6530646648078 28.1446809351512 33.947661426026 38.9490959462947 40.648150280088 42.5652942322688 47.3576633443507 54.1806763635423 62.0242768202345 70.7681977239184 78.6780162381777
4.18141420633576 3.39476582852459 4.49345609247825 6.90995795828194 6.0294477578929 3.36369417783757 8.0000419353935 19.5697262362083 26.6912394842857 19.3754463482828 15.1329621068266 20.5303577103662 28.435602737677 30.8137805954637 34.3702753176121 37.4968498112201 29.1822643366671 21.2804464042184 18.111321586863 17.472749843983 15.1492845105523 17.4013391507801 15.283269545345 15.2857105055273 16.6905388136736 15.6296024363955 22.2809934027195 28.6367616021389 26.9021987114431 22.0128198596179 23.5831103192609 28.1558315723289 19.8405492570879 7.81750531305945 5.58447224559288 12.697560299497 19.4601266123739 26.1958438191285 35.025407875691 45.5529270163639 52.2863283889267 57.4012430130246 62.1968248968546 68.4962944481443 76.3663650980922 82.3894805430354
6.5809456378757 5.27581644639988 11.451762363177 17.6830365550408 15.6868516040233 6.42825672675121 5.3912009773828 14.5367786894471 23.9723168315577 27.2643950656863 26.3599312005405 25.9438538071777 20.9091187806284 19.2330733015322 24.702666226205 34.1981207387827 36.9037093972448 31.8909731236745 29.4897031332416 28.4632404504848 26.4014864632154 20.4097750967301 9.4066712415061 8.60771621547661 6.59505646803702 7.69043542356066 18.3734050078618 21.2816703409392 24.9395271598538 30.6318842924853 34.4352253790341 30.8173949674838 19.2870247505367 7.71262413270476 7.86616297854489 10.0892260631777 9.24247046872559 20.614631740255 31.0066084556236 42.0954810937018 51.9263072095492 61.9446096624072 69.847949843567 76.1559432117427 80.8559248323027 78.9223196547014
14.3191437105027 11.3975808355162 9.17599704159473 15.4658548806686 21.8675971134958 15.1182563480923 5.6526830954479 6.90855391789997 14.8401649973048 19.9164796936295 22.7824808297193 17.8162519166295 10.5847938825371 8.16300293760681 18.403787260052 30.0875427706454 40.6529862348942 42.7394660142727 41.151890996562 40.0206759124251 34.9514755697093 25.1689501288302 17.6431595588718 16.7420136526628 15.0959345405312 16.2101159120445 15.6793246193427 9.43182473223751 16.4366097655476 27.3651130890138 34.7611281401188 27.8176893780168 17.5188060639715 9.70189822904702 6.09061299854132 6.05955536416612 6.10557779186736 15.9634371616881 27.7309055140889 39.177102917808 50.1126548755112 60.9710780257731 71.3411367083804 78.581481406081 75.8240413742333 71.7635985705044
13.2178189654521 10.5986784871257 4.70449453534735 13.0681616489109 21.0334588067096 16.1341292063061 6.55977106665929 6.32832095266314 5.42153586349189 8.98496309749792 13.5684068936915 7.0895430511946 8.37983432277577 11.1050726998019 20.2015903153558 29.6157511525279 37.3311343216334 44.3401535923579 49.2666770304579 48.6744897608339 41.388371399163 33.9989567025533 29.5737228863346 28.5861987337265 26.4483659700049 21.3933080189456 11.6485542371621 7.73765032773002 14.8796221743764 21.6322891065404 25.212529144796 20.4467503798328 11.521766184648 5.03728172113544 8.18131268554538 13.0837120528435 12.6530876401869 19.4965740480344 29.9710824945617 40.4853830013878 50.9653457040255 60.5652342978453 69.8474484522619 72.7742723588745 66.9536076705084 62.736267362183
13.8440823189366 5.83228000108811 4.55488255825579 6.50824866360912 12.7340611757762 18.3313932174083 11.4845241423129 11.9650800497989 9.95549757325162 3.91743446151476 4.59184383372599 3.32092810200535 8.90768706622149 18.0174334242081 18.8505644579058 21.4532853382282 28.6285217635744 36.8889877612129 42.1815425374951 44.6096964948024 46.9243857655303 44.1214109285575 40.8614206702603 39.4658978901532 32.3622778641402 21.0927689168005 10.387851948471 9.79374006042062 8.04487781539436 12.3598268209987 17.3817778895334 9.39630507068155 10.3320693895536 10.435761797188 18.4666132839362 23.3591820452579 23.1342047944226 24.3018039437588 30.3744805705905 37.9330544993205 46.87796093165 56.3126521683109 63.9799249049764 64.8895045576514 58.5972162883375 52.8667400510506
6.51696642977685 3.65145402419783 7.56315367513259 5.6704727872104 6.97706857144243 14.647724580573 9.38687919415378 10.679222816032 10.0880789599281 4.34770447955431 7.3668244845349 9.27522861693529 10.8297137274795 9.43499465552387 7.77627216052077 11.242326523368 20.4068977676143 28.3472031954093 31.1399642486339 34.1977398412895 39.9526323370656 45.6471056243597 46.4301945519364 45.5076302665936 36.5169324336078 27.248235922945 20.7293139167398 17.684939582359 10.6546734633995 13.2853218389971 17.2543449790068 9.36205120000481 14.1666008801161 21.5471863847262 27.230173450114 25.9390736803818 16.4763052632183 13.4297735033194 21.1239130297703 31.7091863303091 42.9849179577454 50.2048829180242 54.9072171320009 56.6640361627814 50.0683734468237 43.3475651229144
8.31694991261221 7.3788711153682 7.00190290714414 12.5864522052435 11.0179216082413 6.76420629054171 9.22137518867532 15.8797043526182 7.72489003878383 8.06097092564469 5.60545679024512 11.8407266009881 15.5632257907494 8.80115664508054 8.09811419058535 6.28727797605296 11.6114972132419 18.9252497689792 19.2613422519869 23.8779235528596 31.9137163165328 35.0011590289885 36.550825514224 41.378958465993 42.5629132981567 36.5868482634604 32.3155657748545 26.888339483292 22.1862371712853 23.7186179335514 25.7230197736485 21.5924317458303 23.7268055853811 31.0060011505466 33.9355171479144 24.0377358016202 12.4566381764906 7.96305407414228 18.2940580947831 28.96401614898 35.7556560610172 41.1920877558208 44.9160877452347 48.9379557795891 43.5909104808099 34.2736886433002
