IBR/IBR_outputs/all.combrep_1/EucDistWater_Total.FireFreq_2000_2008_Total.Silt_Total.WeatheringIndex_Total/EucDistWater_Total.FireFreq_2000_2008_Total.Silt_Total.WeatheringIndex_Total.asc
NCOLS 160 
NROWS 95 
XLLCORNER 210004.651214014 
YLLCORNER 7350008.22228844 
CELLSIZE 4999.99999999997 
NODATA_value -9999 
[rows 63 to 83 of 95, columns 0 to 45 of 160]
-9999 -9999 -9999 -9999 -9999 27.7618846045455 35.1624005474233 44.1571917446172 48.5533542481467 38.8652344510566 27.6757280938914 16.4083091924812 8.51011159455182 13.7152653635543 26.5607902884578 68.1652746652485 247.61183386856 185.692008254528 283.099908866877 354.168936230228 162.714808760542 22.499071447011 5.74552406154482 13.6176894964344 17.0534029889003 18.9308224806771 19.8652905439704 11.7175504518155 8.38662219275243 13.6712705729004 10.1733118007114 13.4174636089544 21.8931859766202 19.7296064373379 14.9449253196073 9.89530220558438 7.53711538301724 9.71362255551955 15.2058088013431 17.6400614814886 17.153524650728 12.9377331239639 8.72057387082409 10.7662182350071 15.6446618281555 11.0148147700183
-9999 -9999 -9999 -9999 -9999 18.617021611569 28.9314917044136 39.7180060353533 48.4176001575915 42.2554754267926 32.5550837689106 24.1880472353214 19.879086880654 22.0919591673109 23.6286101104362 23.1584784800879 29.3816279567106 43.4801174684666 89.5775313728494 76.1532138351457 31.4082444458111 20.7761173957135 18.3198313736632 11.9883947608879 5.59859186088281 9.17050355511589 15.9604747662782 7.19143878163973 4.88245345657424 11.6156134962145 12.2322790113451 14.7145732655261 14.9956117681174 11.1824693754046 8.40790150941435 4.60738438417111 3.47195942392363 4.39013781628184 12.2381647913696 24.0729704826349 27.7923685829489 24.1153134377733 21.5950940714262 21.9466847737566 19.5905351106078 10.850912279595
-9999 -9999 -9999 -9999 -9999 15.27540246338 27.1026710158227 38.5089957939524 49.1466122486518 48.2079881079479 40.4155908924611 34.4596780569772 30.8489780237311 24.1136657247221 14.2391760025201 11.2254041818929 18.9604774835783 29.4402748321148 40.2523469438099 43.9747580383567 36.3735710769378 30.1799677282528 24.4017307780303 15.2609396098448 11.1090139194329 13.0662720928125 20.3273661044795 16.2754558347177 11.7376754029038 5.04140735411558 5.70168143303166 7.71494534939011 5.02801618947512 4.39827429591696 6.76610074358786 9.07748471490815 6.23251178489313 3.31717231467194 8.52699517253458 17.8874974752397 25.9571044642256 27.999599958167 20.7985603973325 17.3362761278438 11.0969520365174 15.0464099319317
-9999 -9999 -9999 -9999 -9999 20.2101239255417 30.2242691378557 40.7588060324301 51.1190400618374 55.2630138018679 49.1613859624404 41.6985362663001 31.6851717746705 20.571606147168 9.37779056456658 4.98120203744256 15.9954050287045 27.7806272157125 39.0879550198159 48.1674654809022 43.5981914885027 33.9184436662294 22.8188515067838 12.5529491292301 10.623428499652 18.8408780071552 25.0659775871602 26.1539273224128 16.9673668709732 6.00284141789064 3.15308054728247 2.97457578958086 7.15188478880004 12.175534201298 17.6937690698013 19.8438876362617 13.2518324697105 8.90609035147684 3.7564059014697 8.02947869185955 17.7783185974465 20.8178702961079 12.476134511459 11.5431663992506 9.35409652484762 12.8496374220133
-9999 -9999 -9999 -9999 -9999 29.4365015656048 36.7305856163047 45.5921710941482 54.8841160812038 60.6949265876927 52.4948624804193 41.7423896654803 30.4367327926821 18.6230624555933 6.71014496751991 6.1727963781164 16.2494065457206 26.3626348439658 36.4010677484083 46.4580309739088 44.6615468583134 33.6612678976949 22.4440309253606 11.3529473196215 8.724269867413 11.5349193197191 17.0185921824471 26.2057503475298 21.6641536518495 13.0235514435256 7.65389318604588 4.54664306977619 9.06076184490134 8.78626937557052 19.5661402732751 27.8499525961874 24.3673120693531 18.0928340027403 10.7985772643095 4.49234569610465 9.15519043776638 13.1063332201642 12.8445160518366 12.0611994127415 8.56358761924891 14.1436390744564
-9999 -9999 -9999 -9999 -9999 39.8341315088136 45.1533519679263 52.2448881764446 60.2454625743368 63.229765268385 53.8688194518979 43.4410968631643 32.7712096072565 22.0319329208307 11.5854990196602 4.01155631392814 10.0791108986256 21.5899253051484 32.9732775230668 43.849262104051 46.9890735854501 37.7449878161783 28.2565580495003 20.9352298810694 14.460130203863 6.50543906303525 13.6979847330878 20.6279257526593 18.5080985303401 10.1348830645686 10.14955819219 4.35756739647744 9.02716812429732 12.5768584785019 21.3056790343373 31.9203780905499 34.2427014395818 27.6446303274998 20.2281141910176 10.353634284474 3.75118742997316 6.93972216977312 12.8564687496871 15.4632930766611 14.1657869834299 13.924197953344
-9999 -9999 -9999 -9999 -9999 50.2938734732068 54.3293093446777 60.0241851987226 66.7526387152083 66.3554809321242 57.0574946981176 47.5315174189791 37.8749550700116 28.4064287389531 19.1250013299466 9.95216378055521 8.51897576425384 18.5580778386481 29.8258149268031 40.989556753792 48.0790962156092 39.5395019467935 28.9725922011702 18.5736229847147 12.8382056305752 11.5449966502373 10.1722548959694 10.1695218473246 11.4260284922247 9.04096769187787 9.04447899843623 3.72422916232165 5.06493166062547 15.2815479416706 23.2493139913496 27.0289828023427 30.8195783562969 33.1742518248437 26.188933568039 15.6027069589019 7.21735110303608 9.22797821962812 7.43813900592886 9.58684622599709 11.9920049501204 5.31067758446859
-9999 -9999 -9999 -9999 -9999 60.5242322275102 63.6874235025316 68.2609300903836 73.2268714862042 70.4078651665702 61.5499640154704 52.0690885938655 41.9285272790349 30.9739144595837 19.3490500780907 7.64298995045439 6.42945722408382 17.8462657942553 29.5762696495124 40.6027718565884 46.5736125277625 37.9019981892752 26.7116134261841 14.4776132528214 6.19629713134876 10.6535730129805 8.5361801638691 9.83295451620611 11.7926052679681 18.5401113379607 12.047056306728 3.84524215705307 4.75608320815106 10.4884663538683 12.3275068734493 15.0880631197991 19.5882444762844 25.1377008680805 29.5668790213061 24.3667390347603 17.4366522649486 14.3759539516534 5.7297032427186 8.96115817616376 16.1287178242775 14.3589912257497
-9999 -9999 -9999 -9999 -9999 67.7336830800235 67.4184051954248 67.6159411739078 68.8762744835112 70.2592436894763 63.5365333939944 53.3542382933723 42.6762299336216 31.4847335081952 19.7800700990804 7.66129664996106 6.09431628675522 17.6085648256475 28.9855666897222 36.3628695373705 39.5835033235208 37.4419194534832 28.3701703105146 20.0638592018814 15.4488960305586 19.046509031356 19.9468730199875 20.6381825595898 20.7613563064462 22.2508791606309 12.9162402362687 4.22545552237736 6.02158526949302 7.13318598888839 5.94695795127115 5.42371250398595 8.3204938077148 16.0964575290981 22.8017726658769 27.2135005993674 27.3395608006422 18.7698120186616 9.55436370346551 5.70144639984803 15.651438893752 17.95175386681
-9999 -9999 -9999 -9999 -9999 60.6158352297715 58.0582461008373 57.4862751186392 58.9738036350906 62.3182387094887 63.5612992291898 54.962477830241 44.5514899884132 33.7762717144235 22.69045373846 11.2522914969091 3.90881814219046 13.1278168294721 22.6977898850269 25.1345058631321 29.19094105132 30.3916032852583 21.7315170877604 16.8099877160476 20.0250594057339 27.1988806632373 29.6385426958193 22.5701692830466 15.7498414870191 17.202860033551 13.1003212381837 4.39345845090952 11.3335522169124 13.9182888545637 15.8478835735854 12.4814963244169 9.06473543708787 10.9584796358321 11.243552062052 19.5154800174387 23.0197684081196 21.1320245757106 13.0643987495527 4.8425654852407 10.9996723019737 12.5696686428073
-9999 -9999 -9999 -9999 -9999 50.8469872587354 47.5281532957331 46.7711255117048 48.7255024558143 52.9566554530813 58.2676982924212 57.3868172702232 47.6842125328831 37.1595407636276 26.260439072624 15.5935124021562 5.75680670012915 7.4632537050646 12.9163110187045 13.0756475156467 20.1333384237432 25.5536949700636 15.4084420509649 6.76413810609602 14.3449067486424 25.6046375471242 29.2823946609856 18.2039284676778 7.32736202577137 11.2870021284033 12.4922483287139 4.99429401520675 12.4447505681883 7.60968914556428 13.867704908072 14.4992412462398 7.73705982698117 7.41294973794166 4.31624502838573 10.7009097092868 12.2770340295412 11.353560459252 11.5705198212169 4.10966696450424 11.3661737177429 17.0535079223742
-9999 -9999 -9999 -9999 -9999 41.1237032903226 36.6093127091794 35.5431845894547 38.2671129624073 43.5319819195835 50.2046567075066 56.5364448017307 51.1609843188635 41.5872955689606 32.1202567388895 22.3773136339243 13.2113570780892 5.08094892047029 5.23973364897924 6.48661779343931 16.3776995841581 23.2812759396507 18.2277928964339 12.474972757665 17.6358880242239 27.6554878841665 31.6438254613403 21.9326314623168 14.8126317191475 16.4684733830363 13.645698279604 5.08130833909945 13.8296365216281 11.353686359491 14.6602895036979 11.3774704790447 4.53542194151184 5.84390300337169 3.87662580601516 6.073435771191 10.9331840274871 8.93389956168926 10.3103352502109 4.16688911641634 8.87453723563551 12.9153277929926
-9999 -9999 -9999 -9999 -9999 32.0758242318517 25.52755859708 23.83897736602 27.804242930538 34.530545022181 42.9995874595173 50.289329125558 50.3017367837634 46.8735259986776 38.6249666938785 29.7217801637916 19.5170666120233 8.95558492077784 4.02955571830618 10.5576815349385 11.9525564378508 13.941178752551 18.1399007221206 21.8537603880467 26.8675476327454 34.2115281861355 36.7918707881494 27.7551738748314 19.8660645310729 16.4076403166616 13.6167077628963 9.3655404875506 17.1937873679675 17.3479654071899 17.3246428632548 13.2095639215454 7.27544830005737 5.99534988537385 4.71550478881973 6.73490445318834 12.4711350984945 12.3580858546351 14.9481374429239 10.0450120620531 4.26442280378041 7.8769823332841
-9999 -9999 -9999 -9999 -9999 25.2153461631649 15.3266537198637 11.947858343591 17.8574650007703 27.3254416627441 37.6858763272573 40.8297251384155 39.7371328662128 41.8495405220889 41.9620876434457 35.255200887967 25.8943072207153 16.0713789320359 6.11274264837336 3.99606220074719 5.41019496319212 5.95914335660761 8.18134126262811 19.1908318345225 30.7597824564881 40.6181282342305 36.504948896708 25.0691979282624 13.4879150590046 6.34956242296322 13.4643058303947 13.5856132614438 17.1856343605674 9.33803705036717 7.92899647954386 6.04443627645814 5.57388898064959 4.79611649921259 9.34309903169729 10.6218514773158 6.85606541028731 5.61623500879649 9.34518078683376 8.57179289038242 8.53916415720597 4.76191157264356
-9999 -9999 -9999 -9999 -9999 23.3192626478775 11.7279472266928 4.87601872735013 12.6336564899756 24.473845453172 33.2899814029284 29.920618039279 28.1737104965289 31.0421216737197 32.4604825297734 35.2533423012384 32.3302085056408 22.5195738125421 11.7745726481918 3.87010732858205 10.101366839846 11.7783787463947 12.3669949771928 21.1345784739201 30.398273819587 35.5753731109022 34.2442088450828 23.5834004470938 13.4279040969953 10.0983230925185 12.7815280535667 5.08882157350432 12.3925801648197 11.679723343842 12.0480927692138 12.2542188163631 8.52267130527925 4.12737113744057 5.59037946612791 15.2768981518438 15.3272766552279 14.0889191930193 12.8962123754704 6.50813739091802 14.2708513800144 10.175629869733
-9999 -9999 -9999 -9999 -9999 25.3271494630363 17.3290887058306 13.3900176124374 18.1164806478974 27.4504701359869 27.838088718371 19.2998755969352 16.2246766655885 20.1195452839523 20.717468606433 26.0608320399794 33.3966889011914 27.7885033929727 17.1239855687898 7.32305861834372 7.1159873137255 13.5074818345282 19.1049433677712 20.4683562776031 21.1088231217399 24.9158265333632 26.8583858396796 20.5578325812074 10.0888599348222 8.48338882577245 15.8789450658553 7.71682516396628 6.62711236133796 17.1970968562772 14.6234646159382 8.28712610861912 5.92674656465873 4.21145154151296 5.74460749484945 14.4569459172109 22.1631773888386 22.9773735225856 16.1454336869796 6.89294272184253 14.1510266397044 16.6988929536023
-9999 -9999 -9999 -9999 -9999 19.0025248623176 10.9095401393989 8.77801504776679 18.8489537504458 27.2026037353732 22.2273545286381 12.1847230418597 6.28141729089442 10.4274254895312 9.41020858191964 18.8851542005365 30.1390053349842 33.1572421363386 24.6268275396362 16.4861348882393 7.20579278440142 4.76496991465197 8.86755563410347 8.24794044077598 8.90794249369124 13.777117942001 16.2549897842098 11.5116721088813 10.1637000371201 9.94523056661897 18.1182916674066 12.5114910119643 4.52642860076399 11.5409144712051 11.5369978049175 7.76335278751927 12.4320230304237 8.73334718543045 4.58111784216893 13.7058610560876 13.425512161379 14.0123367296184 18.8100276647487 15.3541114788253 13.0897059622126 12.5107229986146
-9999 -9999 -9999 -9999 -9999 -9999 7.64029338197293 10.2508001881725 17.0308178009572 17.3352785763209 12.872481738636 6.55515419941682 4.36577390907234 7.2145490688236 9.26177291631229 18.8612085315826 30.136869203137 38.0022152786894 32.8642340164315 23.9430542328922 15.1960321127964 7.33075025004698 4.78503532564025 6.15621760991661 4.25677803769843 5.40850715215327 10.2421862845315 4.50259568843526 4.72709916240587 8.75307773163863 15.9834336181076 12.7750069347276 6.26498344014842 6.48733769796242 7.20659567680439 6.32903186694568 11.8844082038359 6.28295738661211 8.82933339867541 15.3452319853129 6.31467908567269 8.73671480894017 19.7544664188873 21.154304838529 10.7969765174722 5.64427840210789
-9999 -9999 -9999 -9999 -9999 -9999 -9999 14.1041034184293 7.87148500717509 6.14066072203763 5.67513285049389 4.28169303226673 4.65552203514287 5.3191860936142 14.0198595015096 24.255965818607 29.1542305324784 31.5141444882301 35.6374815954259 32.0392789491176 24.5157074582018 18.2671858938603 16.809662871223 15.4641265257359 5.9648791975508 5.41720926272416 10.8356549252288 10.730177963448 5.05679305016151 5.29554597260829 10.4837025054481 16.768420080965 8.24449754144624 6.22569716096166 11.6669058809488 10.0452229948577 15.0674123832849 10.0093315500136 8.90540067751978 16.1949397506088 10.5043646059786 8.70977788286785 18.9540659363182 15.1115094419227 9.85713217192888 12.3826006056816
-9999 -9999 -9999 -9999 -9999 -9999 -9999 -9999 4.86302670429441 9.10484793297548 11.8551679988264 10.3493118405736 5.72692260649744 7.87258339674911 15.6103130030829 21.9060603806719 18.0660538605785 20.6959567432409 28.687221827554 36.6380240695726 34.0673312472858 30.1284727366297 28.9480742290703 22.3682302876679 13.8700924958554 5.68460567422206 3.63314033345546 7.70849133809004 3.56918957532555 8.54446009249494 16.5314121444806 17.9212342022161 6.84046625625667 7.25280127273824 12.4639941066216 8.78264432000371 16.5049099862516 13.282005160821 8.46078453154759 10.2592548494167 17.9520105523865 17.5109226193403 14.7020021485079 6.72745113686566 6.20443762005739 7.06039347923378
-9999 -9999 -9999 -9999 -9999 -9999 -9999 -9999 -9999 18.8024192900193 22.3779420041432 17.4254637758705 10.0759458608062 6.24087268197926 15.46835841866 16.4545195895994 7.07698648185546 11.9125928423057 22.4640986311458 33.0547254578555 41.1890553325267 41.0413983056791 39.0372919155531 30.6642148550936 21.5248857850272 11.4246225362015 5.96121150649991 3.69455171676441 4.44467973737478 9.55309685397294 20.4113867878 22.8950701052814 12.9542306638052 7.62654855781688 13.9286555679769 14.2662514519635 13.219160124429 8.23433709675716 8.18683175883548 10.0364690677072 16.6508314571709 17.4635332355226 7.30334070251117 5.57201959085479 8.34644091267741 5.9567682199583
