IBR/IBR_outputs/all.combrep_1/EucDistWater_Total.FireFreq_2000_2008_Total.Silt_Total.WeatheringIndex_Total/EucDistWater_Total.FireFreq_2000_2008_Total.Silt_Total.WeatheringIndex_Total.asc
NCOLS 160 
NROWS 95 
XLLCORNER 210004.651214014 
YLLCORNER 7350008.22228844 
CELLSIZE 4999.99999999997 
NODATA_value -9999 
[rows 63 to 83 of 95, columns 92 to 137 of 160]
7.51602309695219 7.02822034493436 16.7220997832812 18.1157024614442 7.73621797542685 12.1796607983778 21.8592245751947 14.6936310053259 8.72185390183761 16.3410865604329 25.8455136823049 29.5610036367995 34.1649855754798 36.4380224074847 43.7729749669304 49.6489845810565 49.2361388576369 38.4606977745226 51.2785456099915 43.7832480389654 20.966340253929 21.9942431028573 9.73567898327322 7.39107849275339 12.7512981991671 14.7568588842219 19.4126942259048 25.6324518405337 34.7793835382998 44.4232969185359 44.7774120735419 41.6235730895294 37.9997811138927 36.9325003645486 32.2360847807734 27.7571561767561 23.862239482659 26.3266642387337 33.186810321374 41.8254101669458 40.6657272565326 35.2380399692006 25.3962823485308 13.8378414138725 9.53350147169516 17.6429641504685
14.0617335662837 10.8644952157182 15.0842694463594 16.4945205874322 18.660622392053 20.1352208759509 21.3791076436537 15.0377187608436 6.58391680837107 12.5313600296242 20.2786592176246 14.386817165086 17.2956513567625 26.0587327875412 36.4254514420642 47.2023613549094 48.2764314240023 37.3745619727264 25.2357721074391 15.8097740205733 9.26539610841465 18.5824395073676 17.2089447724999 15.1468453376931 5.91011683781448 4.90198950321841 9.20972402348469 18.2657312185693 28.5893249844877 37.1136399048256 35.8011749756622 30.4618479479441 27.5843065685212 29.0443082226188 33.1357324602393 37.565270026364 37.2527649730496 38.3465365228384 42.4242897359681 48.6808123183042 47.4294915649133 36.1007940147331 24.7800718355067 13.4953305704451 9.1116246094535 18.347300660851
18.7945182387095 13.2947254062156 9.87790625653911 17.6554153434805 24.384331084639 22.9902328759296 13.3118248551876 10.4090327589468 14.3641489263433 18.006245144693 16.4602358732488 6.86070774322121 10.0501404802442 21.82927521176 33.4190387789257 44.6731393223017 48.1082126242657 39.3697341745949 29.4803595860117 20.3412557567482 18.2521835624035 27.637357342761 46.2100381551688 21.1118729325016 14.6108030370736 10.6122104901654 5.25893909647472 13.2680048658071 24.1003909233453 28.2028978324301 25.6358724929587 20.7928880730824 14.075989016644 16.7360150358593 26.1782216071683 37.5019630067251 46.9558680838884 47.1905330233414 50.1424219391751 50.5807519225556 45.6868475963789 39.0313388215599 30.7165645742142 23.0029084562928 20.5617593007479 25.4712306870951
9.97227124448715 11.8881541460293 16.4104587649297 21.3540183652045 18.6050972567379 13.5964171343424 12.2076215388139 10.4973437176818 17.5029092085662 19.7348133537698 14.1766248847256 6.70086973484053 11.7893830104503 22.5920945181285 34.1541038277439 45.1914267707583 51.1918256876855 43.830256020266 36.8511034438564 31.9458757481494 35.2277049279803 71.2122018642709 111.264083417488 34.8382332855473 27.5647169304934 17.2014447406982 6.84985272620815 10.454951538381 26.2434305743713 32.7976549588884 13.7294211318081 12.7501349813141 7.30457303428451 11.3930965685249 23.0948035954888 34.5599420442737 45.4270429620482 54.3541793876186 50.7879437657053 42.2316427244508 34.9165344836546 30.4327758285197 30.6645324533653 31.4338689486504 30.4242464184411 31.5438086495407
12.3602777305776 14.8957299529717 23.8579465996935 25.9628346324363 15.1837704094764 6.16697522121506 6.38359491045917 10.6169526165285 10.156580912646 9.75142520934345 9.57980417309439 8.69404409427139 18.2278843196394 27.1972753940546 36.5523012827517 46.8951070027884 54.8740786153714 50.9954636295909 45.2009201171034 42.1164728023289 42.7609834794524 43.7243441626795 43.9078062054596 39.0105870984781 31.9300584540648 22.3604260979866 15.6353964073229 8.87623785405642 10.7496906286081 69.0976105272455 34.00608492702 10.1170790450133 15.1850187775208 18.7536608336228 26.978495544803 36.9959096203256 47.2788618040245 53.8941491690767 45.962406120516 35.6921972361452 26.0040113846985 18.8586957201775 18.9781687022955 25.939528944191 23.9456123563892 21.5959536741007
20.4779127863199 19.7947219824675 20.0416749005358 24.6013722442184 21.4182479046223 12.1813554930171 6.42508225860855 6.49534918606098 11.2588812484476 6.67675597913387 10.3576400160809 11.8564060221069 15.0583373961121 24.6927388046533 35.3659583025603 44.2690710721887 49.3575937825647 53.6516979524948 53.9958803937234 52.1764392411398 51.494903844621 53.0873239209621 53.4791250567268 47.2171194325969 38.7413041468517 31.5910784434865 24.7009348251295 16.6892646473474 14.7275260817793 18.2222404893397 16.9611420899711 9.30578542276873 16.1827187293491 23.5548940010475 32.3415694430116 41.6059908940513 51.1534573708691 53.6331494353565 43.5444013270331 32.4191024104849 20.732570364111 9.59565431774684 8.99157281084778 19.8493423577484 15.1849757602092 10.1000830173358
22.5912769406341 12.8201220319367 9.41231649495898 19.4540207874715 26.1979982053637 16.3433191567751 9.52382183033312 15.651737631144 19.117041015848 11.272906164342 12.621180224817 8.90433647524078 11.8844686734664 21.6127897897647 30.8218446708863 35.8020285578298 39.8836446490801 45.534964269632 51.2774096059316 55.2122488109463 55.5813571972213 57.8712171854293 59.8442592073717 54.1347830337451 47.1997415510164 40.8025292843879 33.2630447780875 27.7210737749171 26.5422877184713 22.7852050576838 13.1308718963755 7.45754238105362 7.29822572438769 17.6005416454011 28.6720352943533 39.6866122957524 50.3717250721153 54.0387379342453 44.6217247689308 33.3253723581228 22.4451710589119 13.1960213259686 13.0186989715645 21.2427856809295 14.3681172973458 8.80109014011085
25.3934817690482 15.4162626801827 13.05245471288 20.7820111756856 30.2685543907786 24.6218915793077 21.3719788406392 24.9036260771487 27.5137393509671 22.178627556654 20.0437930639595 15.883667405013 11.8520314174259 14.5598221642326 20.6481744086362 24.5900681583102 30.5794792111527 36.3266815033071 42.7556340587028 44.7761379060833 45.5757925809107 49.0559845597529 54.5587721298485 59.1301719771413 55.9025425115205 48.9991342978694 42.910606329364 39.0444845319241 36.6941006451401 28.7925150137396 20.89351445477 15.5549551712114 7.08948692480223 16.1077655005625 27.7502989321813 39.0769172881816 48.6624899212771 51.6138014281321 47.9780231894884 38.5640685782855 30.0464757070751 24.9160639715813 24.7486127018244 28.1208875598541 22.8236197714727 20.1069419021894
32.1186459372373 25.7723172107814 24.4826349205415 28.8864924149074 28.3393572327619 22.363946383792 22.5024430380508 28.5605937679307 33.354463521056 24.5620801430933 14.3390484768301 8.32149122362962 8.58738627758724 9.95392498042128 9.06408858409403 13.9278978373033 20.9263455886542 27.7840520577788 34.7975072907504 33.5009793814803 34.6084176446682 39.3958151419372 46.4759814504474 54.7163418858808 60.6910879985675 57.0434076648955 52.7382467959806 49.8037187396015 44.7145545268884 37.1795306566622 28.6294298626372 21.4659245348188 22.5640342209419 22.9511252345205 31.4869114901917 40.065704937835 40.8758211771128 40.736391131782 43.6622621872941 44.765118612817 39.6009430351868 37.0666555389349 35.9780140646964 37.2811966947275 33.2383761333593 31.8080420036811
41.194505435067 36.903476036615 35.9879524743006 32.9722973181849 22.1694842796099 11.9874212655013 12.15840855087 22.530031077683 31.2672723250548 23.3860802293268 11.6670371764598 7.38453670795126 15.9946408696387 14.1888006313214 7.03857888657828 8.08367870361534 10.9123132374815 21.495434357853 26.747624869272 21.9999031846454 23.5379602509359 30.6437255792503 39.7251776859824 49.466931791605 54.4741381420444 52.5928644045332 52.4958549609069 53.659941159555 48.1598920268121 40.0311154674669 31.773809802492 24.606646784931 21.8166167734116 21.0933101556253 28.7266335920442 33.5933460746259 29.6609375911503 29.6305075829563 33.9615521519056 41.1146387280074 47.3561653836763 47.921177597602 47.2691740306151 47.3992631665996 44.2259633388108 43.3675890646138
51.4286121856564 48.4229883500612 43.5608834079576 33.2880037258263 21.6659527006482 11.2573795622577 11.71753942845 22.2884606819118 31.8700356050187 27.6748000163598 20.5953818754916 19.0405588457936 23.9993612433842 23.5723353228572 17.8780237351776 12.2947296571806 12.2695294150757 20.6405825833356 17.8999477936542 10.7883744905833 14.0435342876616 24.4547320029289 34.9715631244014 44.1346057400479 44.6911893173701 41.7573077195834 41.7078593769552 44.6930859148287 42.8909884599811 33.1083441907079 24.2590001450089 17.5791330322827 9.10586753443377 11.82425764894 23.075744766023 33.2058058411603 25.5620345264169 26.408674571238 24.7743905167882 34.5001173665153 45.7829499448367 54.9487403536543 57.5994293717594 57.6344616473447 54.8582260317136 52.7678662707924
61.3706403489537 57.059180578894 47.6234422893583 38.3604690417562 28.5859911911407 22.4752840719747 22.2191646832562 28.1786069452597 27.3478426295801 22.5344490688863 23.0790222704905 26.1482887410172 32.2863760293179 33.6485718286314 28.4270755590611 23.0356407753979 22.7460436576965 19.8957405219178 9.55267430816648 5.69248533580218 11.3961800431423 20.4040896255572 28.4996721258594 37.4857725492916 34.7261403463291 30.5726765707378 30.4892287351699 34.757276209795 38.3819370896669 28.7771240491979 17.4898072251601 9.37741987635397 6.8835145538077 12.8119396203125 22.9962638078066 21.0066609814096 9.79454780003111 8.63814077720799 19.5465961723221 31.3222216650596 42.8165860196381 53.1366777940957 62.5300380760047 62.6062250122354 57.8186341230725 49.6389199043896
70.7678993777599 62.2920844868768 54.0097467865307 45.4311497218395 38.5477279946551 34.0516320603314 33.6755217466882 29.8906661440666 19.5545952418714 10.7885270297204 11.2326733968608 18.9121315841877 29.5909709576677 39.4164706662129 38.7566615885841 33.9252843524408 27.3195634824422 16.0007203443259 6.10524326766401 5.4411544925174 6.81985665951532 13.2974800198161 24.0602720605511 32.176701443574 25.698243412281 19.1166831384218 18.8395289214962 25.8370423581408 34.5545232808721 29.4222700754294 19.8545143740899 10.1308883895987 13.8855791027128 22.1094288522196 28.7467647924247 23.0335004151735 13.812472756633 13.1819624675019 21.8136483281687 32.610829306839 43.4382562233545 53.8305285434513 59.7693500683702 55.3631022274382 50.7536202843453 43.4855536742341
75.4102435107733 67.7144727167921 60.2238528981232 52.9847749875841 47.5517497229432 44.4668111871473 38.9298697501321 27.8828033106985 16.0049546692638 6.34039498709741 7.64727143660821 16.8392748034242 28.5283878502358 39.8591770867926 45.6464091250069 40.5591717162538 29.64197105283 17.7192699207321 6.65998159712388 8.13255486685767 6.77329937680465 10.8062554816119 19.3014965013288 28.1054084762523 20.1964511133975 9.43365743615891 9.31372306386681 20.453168479353 31.9963854320908 34.8951135740257 26.8001054233161 21.7947194996411 23.6702369811729 28.6893476530382 31.0133192443701 29.4957064514923 24.7433324894359 24.4307505487645 29.7507486673068 37.9183423673556 47.264078519537 56.1973888782281 53.8132130764388 46.143216173896 40.086232795515 35.582448707188
79.9159816175261 73.1506278689281 67.0294564142057 61.6655546434484 57.5140222001592 51.4641101072314 41.1801989257419 31.0352663833607 21.6094601047316 16.148805024637 18.1154228071365 23.2737684418499 32.675701347962 40.7384036313935 38.0022823396105 34.8767609360207 30.9406452214383 21.1755914734681 11.9784800781025 11.7291500819952 11.9044177270488 7.75186608642602 17.7995525370248 27.3948430833472 20.0702770273309 8.80902837591377 9.61041509963002 20.8606370116168 32.4751908881493 40.7640723239091 36.4734299415121 32.7348509067637 27.7018666047503 21.2150313535852 20.0486185427105 25.7142885421061 32.740232644957 36.0201236143679 39.8447771341113 45.8713643256218 53.2494419054575 56.2080305190882 47.6232622980574 38.1008985096726 29.8776558802966 24.6272818930864
72.6462895792746 67.5215327310032 63.5468408559106 60.9985465045327 60.0342155874584 55.7219329383672 47.0370136478204 38.5731788631052 31.6023183198164 28.2485363074844 30.0116229152165 33.6910646424995 39.6817835757676 36.2749494085376 27.466336553644 22.271597306469 22.8128242511937 20.8984434612303 9.86014964405911 6.89144982089837 11.052487179348 7.48699874686695 16.6094680389681 22.7964443577501 24.4450075181516 18.5303642440894 19.29703820867 26.3290007262942 35.9366492443804 40.02655911356 38.546732826841 33.593369968862 22.4612739248622 11.5594432851674 9.05414626767183 18.9493840523636 30.0067964419763 38.7295280198789 45.8170421657559 53.1049259934376 59.4274251874806 54.0906437235482 43.6214099585125 32.9565636503116 21.9586195146517 13.0316366114458
64.9926276520434 59.3779693966072 54.0452251986374 50.6535434515902 49.4243042920365 51.0100569546555 51.6159183659533 47.1781480815637 42.3767555700378 40.2130832863763 41.7574225731947 44.2912538548082 41.70257880683 30.8392492190287 19.7155434492839 10.6648164664987 11.579973705911 19.9130544924049 17.9433463596438 14.8784644304384 7.88679874877047 10.33561022165 8.99444199980234 14.3017851741118 21.277592456827 23.8089898083516 28.9157761998016 34.764296125948 36.2924366059727 30.1059233061677 27.223801138519 28.7821284309612 22.8611585514614 12.4424767346808 10.1272986507662 17.1482070603576 22.8311905433093 30.7401264731815 40.6835465916161 50.7814346983616 59.4007802960775 53.5230034190119 42.6900259040299 31.564246572692 19.5859928337362 7.66850180552287
58.1781840870879 50.2359665755182 43.3462978894192 38.8386841944197 37.5119097784811 39.7601725985983 45.1965425926908 51.4550888958851 51.8933454063431 50.4755242085772 51.379492247574 50.9322175544609 41.3036947510804 30.385530125635 18.9434298367177 9.29181089318899 9.78223717362899 20.2492717171285 28.1606042442339 22.5205400667872 14.1635469531212 11.7335749120112 7.69748253517545 13.1051184507035 10.5686783422187 15.6493433757094 26.7253984759521 35.9135013567682 30.0728870834433 20.729580579303 15.2266265214109 19.5308959587793 26.1703823195939 22.2268308754013 15.5318333123234 8.26538748349271 14.2793840132558 25.4118268998145 37.169283701614 48.2669150459826 57.7074453008587 53.9326843769786 43.2695425884138 32.157819810914 20.7089017845572 10.2128741345959
49.2686980065012 43.2730628556063 34.9043268877731 28.1279631642882 26.0258325487686 29.4714524896857 36.6468237842163 45.5070959759008 50.7538698962978 48.1113483162857 47.4570702595266 48.7698261586054 44.0425952235159 34.6907232964904 26.0560551874429 20.4615513791341 20.3613835488507 26.4224049466649 34.3414452884063 30.9219226133422 23.0662655202557 12.9002278794764 11.1309733289696 15.349912976024 7.46849598340945 14.0507423667915 25.9456248119726 35.6381564121953 27.7051888960737 14.9658742513882 6.24371554337382 13.6953740681739 25.4788573076765 27.5941093650341 16.6585609663222 8.99272248855294 14.9317967794789 25.6936835864921 37.2159529832766 48.3376571877872 58.4294690354339 56.1623495890425 46.1773502786136 36.6037239652216 27.1990729123714 20.696750937272
38.5360059809917 35.8740183194673 27.4909895985089 17.8902978184338 14.032818751501 20.5758921241309 30.6630242299959 41.091426709684 41.5132234725961 37.1558041829271 36.3390363009264 39.175202168847 43.980095448519 41.8395771290122 35.6509257839131 32.6391785220574 32.3338330977028 36.0379370252399 41.8623132418461 39.2860395839716 29.0565888138616 21.7489334611496 22.951647457997 22.1849911052807 18.6393402274797 21.6526757857016 29.8145870614828 36.8172578726167 28.8446849734518 19.8192972706308 14.1124843852034 18.3319708060101 28.3816926810926 32.4329760663437 24.7816555236517 20.7682337679997 23.7008885695845 31.8966519076355 41.4154500201545 50.8915142951292 58.5646752100566 56.7025690186671 49.5963417999574 40.5384694993441 32.1474086274285 25.9928064705033
27.5390328515771 25.0607363438578 23.6308983698987 13.0629689776297 7.0238691614766 16.8203039755095 28.5570141920117 38.1077411744499 32.74853827357 26.4881056600179 25.0316976824047 29.3107647016318 36.8855793299226 45.2476134877642 45.5891674808095 44.1669967362623 44.5919146795058 48.4131920028833 51.1229886152829 46.4672622127968 38.686233733866 33.3942474541106 30.7337089142368 28.1692262751973 24.151105546867 25.4713045793165 31.7112132252232 39.1111473925033 35.2864645467065 28.3721216931809 25.3671674010959 28.0574043918549 34.8583551122526 39.8948276818859 35.1303214585045 32.6275426033498 34.3453572725504 39.6928124567366 47.1949537998561 54.3147898612991 52.3544321532331 47.5991509895199 44.0306487807906 35.8442360633732 25.3140042933733 16.1834155386337
