IBR/IBR_outputs/all.combrep_1/EucDistWater_Total.FireFreq_2000_2008_Total.Silt_Total.WeatheringIndex_Total/EucDistWater_Total.FireFreq_2000_2008_Total.Silt_Total.WeatheringIndex_Total.asc
NCOLS 160 
NROWS 95 
XLLCORNER 210004.651214014 
YLLCORNER 7350008.22228844 
CELLSIZE 4999.99999999997 
NODATA_value -9999 
[rows 42 to 62 of 95, columns 46 to 91 of 160]
22.4098816463911 18.9423892508887 19.0607293873218 14.7941983552394 11.753007008742 12.6209805829199 8.77790645602272 8.87197050683583 12.992075803 17.6974979894098 13.0548014966817 15.6991748722932 9.7514256412905 4.4149780546925 6.9746684378884 20.1882371538998 39.6497268085475 33.1371105140777 30.2761644500151 30.3753842734678 25.3084940383829 14.6399648445392 11.224145973833 7.3832448808027 18.3253647032189 31.8387863456309 50.2538296010184 18.1607024188449 14.3738403781923 15.0244546440224 6.92186766815 14.5812805814772 11.2977188825271 5.90552989248513 16.9457931589568 13.5755541863973 8.86301490635478 4.28308863089736 6.25015216592702 8.21258550812357 6.19634364884696 15.6168036627634 22.5225458843025 14.3836991222391 7.91158962225667 4.48558209663863
27.4586764070939 25.3009268641434 18.216175058373 10.4672857111835 15.4654933397117 11.2329624944454 14.2315237218384 17.8061565538211 23.3384561199967 28.3550180511766 36.0492842530603 54.9793807051217 107.248516737931 21.8874572763726 12.1150105612244 24.6232016696356 36.2907490123688 47.1815416394692 22.5800870283539 23.7999761316809 27.7481899573963 25.4812462641771 18.0673393292826 13.3012682228533 20.4492664957292 30.6587779181223 51.9356836427235 36.2947935601004 11.1819469275889 8.57536147687842 8.22129260164786 9.4006699316365 5.05282182541045 5.52724952365289 10.9352897845346 21.9127724705383 17.4049372557206 5.58427251586316 8.15520177149559 3.87873286319164 13.2757985684805 18.3591057693444 20.728015209156 17.6218316789971 8.20400954739203 5.33907256733455
6.63433833741338 7.89658824933272 7.67975254320461 7.6696147161594 15.4545863445453 21.0799212905724 23.2386612157244 26.358634852041 45.2383318617831 59.7583072217181 37.632090954525 27.620885506071 39.6903600665714 79.5447415449013 50.1590001665663 30.8387707364423 19.7054360790613 25.0617754172723 31.3788995693104 37.2200386520239 90.1865023091483 35.8392643237919 12.8576438997428 9.20275153406788 8.96883503385344 12.4082789541885 30.7142694910902 38.8554420189812 24.4165737087218 14.4961817440697 7.88166522520218 8.52339208546673 6.83171983502239 48.5504941232799 13.5763230995424 21.0234637456021 13.6974116859858 11.6527242285005 7.67180709406161 6.35696983051199 17.0433129821454 12.2843620181185 10.2640110006816 19.4797209947122 16.7966211096423 6.23274134544168
9.99396071614834 9.49088715138299 5.660887516592 7.4128395390597 14.1327591040197 16.8088594814448 14.161630164246 21.1199363226468 55.4286835862342 23.6106431461379 10.1825241393105 13.2746885648142 25.9761756129469 38.5776317684991 57.6451904970186 53.8895422062056 16.7194563001244 21.2701973261811 56.8679729602119 242.745955098772 177.25153260265 106.546748378858 22.3409872772905 18.4192784816395 14.2236345935507 12.5923646555019 16.3573668533437 13.6038873327571 26.4479925580011 28.6630618352922 19.0853858673982 5.53110967894042 10.4082304125768 26.1212738422252 21.4450871693195 8.32593182759248 11.9238130333942 19.0153561492516 10.3952396924444 18.7058534577831 12.8584745173928 8.62824813581513 11.3660290553402 16.2513753423797 15.3885668344965 5.28059589517059
21.5928855636392 19.5467977787709 12.1347540916831 6.35298051910168 5.08056017121881 4.60843587384022 5.42567342946342 10.3178920288728 16.3391468924056 16.9122592322855 10.7890386384882 13.6743345817356 24.2358696767038 32.1461022077231 27.3565548665998 23.7276114279806 23.99503648149 20.8563570018243 25.5138225195843 45.2244156820154 20.4965811460665 14.8017809298516 12.5436325136208 16.0748466946011 20.4307380686868 22.0233851407967 21.8708774519802 12.9187835563606 8.68440491804523 25.1578309413633 16.6020436142728 8.29484749507797 10.2132914359677 25.0905629572621 19.6730489934217 11.4004437344543 11.9646922379952 21.9431016397934 19.942444525142 17.2753025415361 6.68155950423743 7.81370079443927 13.8749040097546 6.51751143621003 6.07260348854214 5.45545285539684
18.9701735596451 13.0478378521468 12.3630375421925 16.222259070143 14.1168045448196 8.03500257948125 9.20874262407816 13.6533356888242 7.59430268776405 10.5567770996003 16.0759189214652 14.4841988763052 20.8946499758102 23.5482088778268 17.1068758875465 19.2267972438974 27.2055578743813 25.884462041563 23.0529617901747 13.2129709162941 12.3760365419193 13.1254839036951 9.52089488270451 7.49398729211932 10.399843741669 13.4397169530591 18.7383963309065 37.8990422863503 133.654962762901 61.116379987204 17.6565345465181 16.0517901069519 18.1835065416988 14.5041224653521 23.3449397283998 34.3769916690235 23.9657106882599 19.4875153464335 16.460326040659 6.66876935682536 10.5194269224924 17.1484674171936 13.4590219700363 5.42633972029753 7.1808827464365 8.87029644939825
13.1175913786247 6.4235370333788 6.88088019716204 16.2381191571868 22.8137573739776 16.1939745415324 6.25858512398237 10.8352203623659 9.16633090680938 5.38526262968689 10.5282995526728 6.75735928072098 16.2868222580287 17.0646943706656 8.30417309744845 10.6984236738651 24.0161822751187 34.7823963256191 29.4509998943799 24.0799488708818 25.0185737407615 23.8796559907635 16.9354491405533 12.3766846879453 9.643544617296 12.4550897939343 78.7871583712697 219.112988078533 206.192594147828 138.568270624501 178.620777196836 52.6764607112381 24.3262333089217 20.3893654330158 15.7258153814389 26.6884101282485 20.552321243067 17.2124102533286 13.2686057596167 12.3992260961759 16.7310042085232 15.4352457569315 10.457770853013 10.4237733614435 13.2789577785644 9.23260215770749
16.860797218882 14.3126855557874 7.2402117036236 13.3241950343693 23.9056093934056 18.867766600316 6.92345304442815 9.17531248718813 8.61907192659005 7.00658192274857 13.3013038202122 13.9612949530537 17.7934295162837 9.02967529215969 8.60354291248631 15.9531198027038 25.8554882846277 36.1278902117775 36.5407864579091 32.4859522091251 32.6736155523602 33.3202827771416 27.0761711128544 24.2159312359309 18.0489654798235 18.5425637370932 28.6608749930777 25.7457129361582 23.8989607636719 36.7532532701149 88.2380502644603 300.049379550049 86.8495169249666 20.1740627543844 29.4456632284721 13.0776420741937 15.4354442649659 18.4214815375146 22.8792444700064 17.5416944894751 21.9147800759073 21.4944265964977 11.1710598803539 11.0328158377522 9.54527535852618 7.00944963916499
23.664562532464 20.132823747964 12.7553103029257 14.242455213159 21.73327738742 18.6050587756084 10.5161559131467 5.84982023583296 5.82348195409765 10.424233554458 5.89389296273875 10.1619531380217 17.3906433887023 12.6028343095399 9.09257300935223 16.915565153493 26.1794866440331 35.1785622627413 31.3063320933365 24.8201113222716 24.3876078376337 29.1158205532511 34.9375407792859 33.8162433714075 28.8926993706334 27.0583690922236 30.5897527179328 28.5746594941743 27.0910644522625 30.9013752807647 37.2578283113312 38.7527646786482 75.2697365877666 22.2534116737016 14.825027886178 19.8647298705693 24.464380268965 26.7189365480553 26.0657322779319 13.2757258718144 22.9486652896011 28.3826642238205 30.0313445052595 16.7428003215025 9.20363829513003 6.95644759889568
17.2635299623527 16.3298989125641 10.9201803596017 7.42024104758955 14.9326979708192 10.0309138429654 7.45770505095816 8.86817436933288 5.92136135549684 7.19609538138099 6.22938874493259 10.3448352441541 12.4840518831942 8.22045501812034 11.1347324140031 11.0409906625562 22.5173228938149 31.2495791588572 24.3652957481114 14.5247679829568 12.4657659262494 21.3965003922545 31.9341006881972 32.024184231162 24.0305736572663 21.3623821651595 23.6791273113809 20.2478334485421 19.5378922643389 26.1091059288968 34.060727692923 27.883948861174 16.2659321445666 25.0177437999674 21.3626106283482 27.1926325133566 32.742792662228 33.6978910527771 26.9379795950283 21.4102921944186 25.9740294423352 29.2750470719208 20.3231720751784 23.2506078251673 24.5396454448835 9.52537351101049
9.68847155405082 8.28245678114255 10.3354410803435 8.66126665319495 9.33007608913352 7.54766828434937 10.5829689981466 13.3820802155017 7.11296114676858 7.34059696792327 7.30357897354259 6.18367181909695 8.75787745952385 8.79942807874785 10.9049174383522 13.5362029404751 19.2357568974354 22.2878052750655 22.8018183182481 12.0870040976072 9.80603782374599 20.158280718496 31.2894644213326 27.3225213315595 16.1942908482859 9.13051536680213 16.4390140829688 11.3891125531968 9.99437812066906 20.5081023121401 31.790741889004 29.5583120097492 19.4465921541724 48.4513429822623 24.0189129653777 31.7510300770364 27.1472390849254 25.0890503239376 31.1656265967609 34.7243229244156 33.48452063037 22.3234746497852 10.9360089226286 12.0648060402515 13.0796702628291 15.0795653999378
10.0571864057733 9.51529678240079 16.4271845819984 11.4276804932259 6.26391308406647 7.05924247022473 7.44310870147395 7.90756232738306 5.91173070964837 8.4497796351985 5.22477425969363 10.2516102549225 15.3715233093524 16.0209462410439 21.1272320217862 16.1853579062626 8.68750533804773 15.8572293001095 25.2520947676382 21.270664146065 20.4379095865836 26.6359645660339 34.8364454571955 28.4002516602998 17.8560337317299 11.5205744599889 8.78276956199377 12.1784211026741 13.5727458355215 22.2793379023097 33.0922331964758 36.8490345390561 30.9186152508957 42.4602608634601 106.211970632646 59.5870328497176 37.5566707223387 18.9920167694613 33.6604883710102 40.075204270479 40.7386589262806 23.8066331409031 17.6951988314694 18.1894375607609 21.3913555955197 16.5400647273452
10.6172389571451 6.88042345200687 13.8730116950458 19.9440268007381 13.971555454148 9.45537807802418 11.0176315835735 5.09296581203065 8.10294182487517 10.0224065233426 9.97491043193831 8.19386660267488 19.1782430827598 27.2319601359408 28.1550784433498 18.9971520841169 15.0932513892129 19.4266804695421 29.0576700321787 32.5021797718223 31.8406667989999 35.7877062657406 41.3357089373128 33.8174296447746 26.040505641627 17.6768659468074 10.8477421715024 13.4167628100763 14.03518623099 21.5521563616842 32.0430278608816 41.6371116655411 40.769511267315 38.3924472922278 37.0297569432682 46.0378715312131 25.8377972543755 39.7885600810968 167.404519984909 268.516973319372 270.157026574628 129.685238794908 89.4558931537794 17.1546084608861 25.1809961693731 26.597169986893
14.5558860154474 19.3528578902827 19.8120215139086 25.0244177545348 14.5438205281469 7.61628174558745 12.4889291956738 4.80975458460576 8.7129424772575 16.3118198810157 9.70433291817237 12.2982552477704 22.376013811824 24.6986245230127 20.2094263266618 19.3466895757483 22.7608349238516 28.5095908974864 35.5711594899677 37.7916974549485 36.8589439107691 37.9276154856013 38.0709527180154 38.1985307869105 33.6094320758474 26.1645591437019 21.3062532996091 12.0897642653731 8.64854759100921 18.98078994996 30.7171049862301 41.9454860534689 51.565374246297 49.4812665898817 42.9657141208867 33.3227765037372 23.9010647941214 23.88358744017 26.921080204699 26.9332786858886 33.6112755110684 64.0550373303267 43.8801323383114 44.4982848729739 73.975546247832 24.7074119717862
22.9161073058876 25.7982912034245 28.3642480313877 29.0978226491729 20.7160893266728 17.6275919985873 18.180659012402 9.27578469816853 7.38158038988484 14.5815454237152 12.4689247667829 14.1826526260519 18.3359443819853 17.951734126901 8.71847333285261 8.13563468793303 14.7672127166047 26.9091781998053 34.4608406430023 29.2616899995834 26.1824794811469 26.1937030882003 26.7125172841114 27.4520639281292 30.6869124069044 34.2995027024919 28.5284851838768 20.1167452861151 18.337922161561 24.6036026442694 34.2828114277141 44.2709873507851 53.1380403892184 48.6025687921528 39.163821537742 31.030467774857 26.0944098158409 25.3536553177741 19.8848318216473 15.3010966587542 22.7570267654582 44.0497963011465 58.9045756687779 32.0371056493228 80.1297858277347 112.961516195269
23.4811039096105 18.8986277445224 22.3286740387542 29.7234034663378 27.606569490672 24.6395504964553 23.239923491799 18.2834301757734 12.1529718125697 17.7849424025075 22.6537724940734 16.0665732471782 7.68228826616121 13.7016219248141 13.0264720377473 10.5208906956828 16.4193539604271 26.7774242914857 27.5930523345581 19.4297584960308 13.7035830306194 13.8551215991334 13.7734193503315 15.5751995875396 22.4168729258369 28.8613893222071 35.9111015819601 36.1440011744331 47.8187200498171 44.9615977218646 78.5250222168302 58.9747759036273 53.6737281824189 43.8026840147483 33.1107261392873 22.4937428118208 14.5594644189979 15.7720200397321 11.4697865664253 6.83735492591219 20.9326605973947 30.1497075650963 32.4100928223685 44.9258753366043 33.6726117191262 17.6493481064721
16.9618502239916 7.92924417992662 14.2950211153992 25.6698501879988 20.6312259888317 13.5502910088277 14.3463446911643 16.4329627142268 18.6463683279574 20.5381314449993 20.6261432424621 13.1723158660966 5.20127199646717 15.149189102294 20.8367871748056 21.8223354707046 24.463792387446 30.0901271015295 16.0858189347562 15.6578500250309 7.84854484260663 8.78111539872871 19.3574881176043 10.5377043343693 16.9196515196692 42.8167614660488 39.7927864814126 31.7893929412465 142.80154979631 44.177950702004 44.3203304659658 62.8398054954804 55.8540684980363 42.5818654040708 31.1844159734414 19.4624253191544 8.36863747568608 10.8845183959941 11.1790728677932 4.72906991910825 14.836312635241 22.4287338489491 26.0821604516521 27.7174954273682 22.5402682538678 22.5303066450324
18.8546842155022 11.7847649369312 16.5440177998063 19.9019848376686 13.4971364350092 5.10979526549632 4.54381771232715 6.12666023848151 8.3021796171622 10.3878099423933 9.10978284538757 8.109568681998 11.1841064659031 14.7734675263227 12.0307519797261 19.892576294941 24.5387968354659 13.4040693203408 7.26552738322864 16.2805038938796 17.4421697194186 17.4373203326394 17.2136483367662 15.2021878623625 9.82750754897797 18.4850744350378 71.8168114464355 47.2774808658414 106.665836955087 53.4053514823817 40.2430749088692 79.7121935266473 54.315842435457 44.4565967244848 34.4342388488045 23.3693849277731 13.4098529153989 11.4250821461773 6.94914359766356 6.99360234219779 12.1669704508799 10.5135019038022 13.4596422172115 16.3278372977274 11.9938921437767 15.9083352468418
21.7473754364047 20.7441382852625 21.380825228969 12.0790602004673 5.83295085283355 5.67385642586169 9.31589971791739 9.62912903118346 5.22071633910634 5.18719637193202 6.66440862100674 9.74579923931716 16.8659633468997 13.7730010956012 9.19520469623108 18.9318441304232 26.0748784465508 18.9708815998368 15.5511930531367 22.3398213358912 29.4971535456567 29.0125632848391 25.0052861883436 18.1047363747051 11.8624922796096 27.1654655079271 19.4485591278997 11.162408521268 18.1302667083367 29.7649713707129 40.3945794340889 98.7664224764487 47.7329819868544 44.691650066744 35.2745458208578 24.5051943762891 13.1184850032007 6.4645461634624 6.98346643266607 6.97987558632379 8.01875199405122 6.1127143204454 8.6270041476635 14.625428536099 8.12439034569605 7.68825324290339
11.1052794754592 12.905169657106 15.1753043650257 10.543656780889 5.34446851848589 12.7277573953519 17.6649476629712 19.4643031536775 11.7344512727307 12.097344888521 17.8196602123328 22.006221607832 26.0074517262614 22.3415365697813 19.9614413487055 25.7911469676601 32.6602207822026 30.6253100823358 27.8007193617434 31.325806477458 36.2230850814531 29.8276718415081 19.5562405134619 13.6032053214013 15.9908431823851 20.201808418211 22.7762532894813 21.6434970306813 26.8560424630521 32.8967791479182 40.3049702091321 49.9373999087188 38.9547744959223 38.2405629943578 37.431550765881 29.1979681248136 20.6908385787959 18.6140599689961 18.3126019172785 17.5899211125832 10.5858929304442 11.6036825483852 16.7653893092168 14.28402034873 12.272013758052 5.18758559329876
6.53032152628341 5.70187103932454 5.77704653646362 8.16250688107946 4.43867703495348 11.4855730493483 22.949332698766 20.8105781384195 9.81584595340659 9.80969465676855 21.1397508954393 31.238814956296 36.1209230344567 33.5059795017093 31.7101032526793 35.0478594184543 41.0624306915319 40.804618284459 39.9038292837215 42.4171586228554 37.8793662359192 26.8521820007451 16.2357631360493 8.88090751860379 18.3295941186013 25.0118885672618 29.1276482096977 30.1362603328548 33.5710514374168 34.2082088411353 30.6288519222316 28.3331308461071 27.4571821711306 28.5668483699087 36.3255727929299 36.8543724508771 30.9931324176773 28.7935544742986 30.509014831531 28.1754793722593 22.1038329403428 22.8922065811478 18.8256905963411 7.2336707284444 4.98989209437165 4.49826225121169
