0,8.6681308680427,10.8137018662692,11.0238013087121,12.7930465920566,14.1955994654135,17.4059607334341,14.3745775605598,31.7531067129636,32.2805329485866,70.9637301761717,38.2313822130762,35.5416428877912,34.6136124493506,39.1544516974891,45.7443297639508,37.9643964443706,34.9943151090293,35.6962579778797,38.5721854163175,31.1487316497609,29.0892934049669,29.7210095681288,42.1088347104349,66.5556365411045,74.6430305678342,48.0385318954308,50.388218374577,40.172829733413,30.1372964982819,28.3899918547498,32.8739281524247,55.0389804202777,45.0644173153069,49.625009981579,43.7536136043352,48.003727301442,58.0239937906606,57.9507602836429,58.1008792898368,58.8821758626897,61.90713450128,58.3280497875518,58.532629162257,62.8235305910979,59.7511200189765,64.5890819233713,62.7081297285872,66.4220229619877,59.7367183687478,60.0656435963706,37.5089112658705,40.3029005607218,35.441184042814,39.7073978496305,33.3043837829867,35.7483643575193,34.06751719842,23.1900480777259,34.2462391369022,29.1661116485189,29.9986458366258,24.6225126225962,43.3909577201927,22.9497455074014,37.8017457545116,65.032262473061,68.2751744975964,64.9159171980803,62.2471933118036,61.1794413486508,57.8910434881619,64.7835490479498,67.1335563081721,78.8627933214391,34.4760048150885,44.1779960278775,70.0642619534508,28.8540145888361,26.1587191356562,32.4361502938062
8.6681308680427,0,11.3704907394549,9.15257191068762,9.36441872005071,13.9703648698044,16.9450973472405,13.2411664814902,30.4423345282432,30.9707348558825,70.3662108918336,36.9340368881761,34.2410681786129,33.3089885537895,38.6791167714632,45.2498558714276,36.9737505646814,34.0664349697827,34.7197415457431,37.6380584408322,30.7796117857561,28.7786247749192,29.4162953749278,41.3421179227203,66.024928694118,74.1029191610537,47.1669115101712,49.5546594540356,39.7191468593153,28.847789443245,27.0988644117464,31.5785164175335,54.5086740933264,44.7646601467536,49.1232092766399,43.2538033661665,46.718139732131,57.4433150530867,57.3710801179563,57.5203740710583,58.2915856574454,61.3161354372131,57.7361946536154,57.9402767295836,62.2348164908182,59.1651235209019,64.0017487051516,62.1211161008787,65.8354290135493,59.1492406908648,59.4805163435838,36.7835316778773,39.5970601798452,34.744959043985,38.8850959811135,32.7080635762148,35.1630646445631,33.4716689470031,23.0654187938456,34.0099531190991,29.004387481572,29.8403729777695,24.5527418737805,42.4229800113389,21.8893054919409,36.810951509766,64.4630041207313,67.7072044729671,64.3473666093791,61.6779020829762,60.5825987611299,57.294537502098,64.1919250038578,66.5421061216256,78.2575787687596,33.7264655964772,43.4514713287119,69.4754363265874,28.3010588012698,26.160534988059,31.1049964711603
10.8137018662692,11.3704907394549,0,14.9447009812747,15.2871153991287,12.0781384422114,16.5533270301986,13.0396715043369,32.9886931599446,33.5124267729621,72.0040904933097,39.5032985470604,36.809997070489,35.866156952187,40.1947861762274,46.7707440025605,39.4306443948713,36.4534216822376,37.1578197453263,40.0341362434544,32.6295535155742,30.5105080708954,31.1602727091696,43.0545834017945,67.6525411175894,75.7283059492588,48.9928907657838,51.3347991906615,41.271301890547,31.2311839820864,29.4784535540312,34.0170769063468,56.1139153711584,46.3837380135246,50.6397571653725,44.7646037309388,49.295390362071,59.0712826871117,58.9987921966466,59.1491172756471,59.9227704087236,62.9479084142635,59.367955966467,59.5726947574842,63.867815473447,60.7969306542828,65.6344390037994,63.7533027284423,67.4679920233757,60.7817612075088,61.1120050004628,38.9767028936343,41.7783968116582,36.9037608252089,41.1857128820932,34.7437239031137,37.2020551033205,35.5319241072599,23.5099671695417,35.7577547144954,30.6491190966549,31.5635965812434,26.138457358081,44.8347246837484,23.5293992393511,38.6975401846285,66.0901316886282,69.3340528451601,65.9742649835654,63.3048893701263,62.2183338130357,58.9299633485173,65.8260512647892,68.1759221610347,79.8974534705478,35.3243123744979,45.0420214710212,71.0616345748712,29.5847530903877,27.2888808917081,33.6677032911215
11.0238013087121,9.15257191068762,14.9447009812747,0,9.73863497129728,16.8873771518553,19.5181111456696,16.2950570430319,31.9278620283594,32.4597744686398,71.9762384607594,38.3817879781301,35.6927255139152,34.7768877273383,40.2830892896161,46.8655836363452,38.2059709728211,35.3069459678132,35.9573442797128,38.875359911799,32.0187640898203,30.0766802039999,30.6993157589251,43.0377240003608,67.5848360866729,75.6729240614066,48.8643446602557,51.2549556758951,41.2756552624037,30.4684991255178,28.7251119119872,33.1524231504352,56.0868112890994,46.1483158553295,50.7484209325194,44.881851641671,48.1448802966839,59.0467171405704,58.9738197961757,59.1229927608997,59.9010052739143,62.9254342413452,59.346247383407,59.550230301524,63.8411307958735,60.7700372483266,65.6071100200367,63.7266080974924,67.4402491298153,60.7548659305186,61.0849310782698,38.0166070183834,40.8229146067308,35.9837937366296,40.1053474388995,33.9710403917889,36.4133240902545,34.7115968796762,25.0963216162076,35.2365427879504,30.2680775115914,31.0321363063235,25.8062890219279,43.6807918032901,23.8867714022284,38.5658111753526,66.0571191906235,69.3004215719477,65.9410506936363,63.2721611682765,62.1937735257572,58.905669542428,65.7998599520247,68.1501411857751,79.8726863554645,35.4928202731549,45.2044889447387,71.118930714443,30.1286789660564,27.7199299681306,32.5976191390667
12.7930465920566,9.36441872005071,15.2871153991287,9.73863497129728,0,16.6750203857198,19.0696845709077,15.6958941757538,30.5841042467235,31.1170642418026,71.2605635296387,37.0506830855364,34.3584429405999,33.438886357875,39.6672862680731,46.2329080770247,37.1780957326182,34.3366798990147,34.9418791703103,37.8997878801517,31.5655607562917,29.6544587505488,30.2867007748335,42.1750059868816,66.9308658832505,75.0098218142851,47.9131522696475,50.3360315630185,40.6841005662665,29.1518106025593,27.4076085199075,31.8261528578079,55.4304473626508,45.7135057847228,50.1086978811596,44.2433980088155,46.8252293779084,58.3457550954715,58.2737656093422,58.4222791851898,59.1911108918473,62.2152194467522,58.6352310538181,58.8388178324223,63.1331855364323,60.0645102884372,64.9004255557697,63.0201688998705,66.7342438970346,60.0480277996082,60.3801844149638,37.2379398012986,40.0646057114747,35.2309630222729,39.2387097876393,33.3050001200486,35.7609958785254,34.0524441255452,24.7133920787046,34.9030464757624,29.9822448884042,30.7778850108362,25.5983520813456,42.6709485306973,22.8407381118919,37.5201165047045,65.366783924207,68.6112653036117,65.2513542891449,62.581778700916,61.4785086304637,58.1906873983411,65.089309318469,67.4397205339721,79.1500249090025,34.6457024920672,44.3755556438257,70.4066534220237,29.4360377224863,27.4702914998542,31.2336168509217
14.1955994654135,13.9703648698044,12.0781384422114,16.8873771518553,16.6750203857198,0,12.4883273789578,11.3771377068293,32.8495141818881,33.3689471673547,71.6377032106689,39.4046169142248,36.7074702138679,35.7458924093961,39.8361457694169,46.3941519665032,39.5390179154655,36.5548640161167,37.261525505669,40.1384186618589,32.7666187967465,30.5933346481824,31.2621728505316,42.5662653173682,67.3550047453402,75.4168749041005,48.5132854392543,50.8459255964075,40.981925725666,30.9261663051768,29.1671055636349,33.7704060778549,55.791300891331,46.359234536484,50.2487287921277,44.369217832482,49.2184108243395,58.7137849739838,58.6422093193167,58.7927313499947,59.5569788760033,62.5823072125151,59.0012993406541,59.2062012476548,63.5064223976546,60.4374471660715,65.2743623421171,63.3930268531094,67.1086641625942,60.42131127854,60.7532054193663,39.0882785749327,41.8979277805315,37.0103765858838,41.3069284428613,34.8279140256562,37.3013431547742,35.6419162169789,22.2156336273122,35.9367890453726,30.810736268536,31.8025300317987,26.3456466213567,44.9201410091414,22.5141848108774,38.1390021622682,65.7454980900337,68.9906553035307,65.6302230006549,62.960054124956,61.8502592681781,58.561936140298,65.4624396928289,67.812159385633,79.5240384287765,34.70860774726,44.4484189829558,70.6443267396578,28.8207787554137,27.1190284062806,33.5256467626296
17.4059607334341,16.9450973472405,16.5533270301986,19.5181111456696,19.0696845709077,12.4883273789578,0,13.6319449443204,34.0021520635395,34.5174083803748,72.5225334364241,40.5938049835365,37.8933885009121,36.9156073804864,40.7281823223048,47.2677505914854,40.8967598003171,37.9040336516092,38.6147037464467,41.4902711923253,34.1325252269456,31.9139771471313,32.599883676565,43.328960022721,68.3071226207777,76.3553889488677,49.291116071427,51.6114477203889,41.9433572596024,31.9183995223305,30.1535338162275,34.8192150782661,56.7188240369332,47.5823402616814,51.1074998896913,45.2235017449148,50.4267180449571,59.6071710410627,59.536491688832,59.6872246060368,60.4422494220003,63.4677779934457,59.8857278132128,60.0908048560654,64.3960670218417,61.3289482407883,66.1652970085802,64.2837552205853,68.000333368717,61.3118750012259,61.6453735101588,40.4379171281957,43.253759935515,38.3546135083938,42.6685148281502,36.1488032028135,38.6354670665798,36.9858049632736,22.0801210670248,37.3419365518384,32.2060048460671,33.2604265363453,27.7848160419505,46.2572308964674,22.6756821880202,38.8376239493038,66.6515131574786,69.8978793412225,66.5368156297952,63.8658697312978,62.7333757289281,59.4450921338016,66.3499222333605,68.6994861538196,80.4019757425278,35.3272470685612,45.0916259572333,71.4766427416795,29.2609271524846,28.2485715165023,34.6782294789171
14.3745775605598,13.2411664814902,13.0396715043369,16.2950570430319,15.6958941757538,11.3771377068293,13.6319449443204,0,32.1387755997328,32.6584719772545,71.6696077878057,38.7134604261219,36.0126385543233,35.0442278258601,40.0043606598427,46.5442421641266,39.1616546253784,36.2337753528036,36.8965053527307,39.8118689727332,32.9397829871264,30.8328103900061,31.5021760020512,42.4250774993371,67.4503213593364,75.5039616068275,48.252702997063,50.6289478036205,41.1610307325669,30.2068601422416,28.4442507373484,33.057713153191,55.8912313046372,46.6363439562372,50.3932794116242,44.5168650716615,48.5419215014988,58.7630916829635,58.6924825514664,58.8420448904013,59.5965578280907,62.6213950948579,59.0396039837108,59.2439201831458,63.5473663093563,60.481119335338,65.3166343306741,63.4356909731508,67.1516397176395,60.4634839532084,60.7977379236348,38.9500385364291,41.7761330116564,36.8988362304768,41.0814246627193,34.8097232547141,37.2901443048542,35.6193130884912,23.2085380870532,36.2162856080597,31.161180890177,32.1314053310783,26.7606612519486,44.5603158971648,21.9228616772355,37.7353316118263,65.8054529524712,69.051847774688,65.6908724158164,63.0200059350557,61.8832049278015,58.5952514352897,65.5004914232866,67.8504315592621,79.5484856486286,34.5997365803239,44.3650424924958,70.6947895050865,28.9927617175131,27.7506121671436,32.7943348552677
31.7531067129636,30.4423345282432,32.9886931599446,31.9278620283594,30.5841042467235,32.8495141818881,34.0021520635395,32.1387755997328,0,7.98360163531798,79.545472811271,22.5042575129082,19.2478507523266,15.1109740764675,49.1259502569246,55.5535111631785,41.5917418991565,39.1687011610896,39.3354297720708,42.7625332668111,42.040436105085,40.3628306631869,41.0783480873811,49.2229717120891,75.8252328108472,83.8214189263531,53.7175869949219,56.663174219017,50.2539160918229,28.1350033820469,26.8855433977376,26.29972070283,64.3429024924728,56.3752202104384,59.3949168993499,53.558740166505,35.1427866440454,66.7948147154284,66.7318484304006,66.8714362513393,67.549698980041,70.5690555934354,66.9819475051182,67.1798665074126,71.5036972181439,68.4606851520225,73.283368336648,71.4068791809504,75.1237780672146,68.4300850795329,68.784441434609,44.4993555782802,47.603608114063,42.7353143946248,45.6875714727357,41.6908557377345,44.3132844991818,42.5574743273432,37.62570032896,46.3851999298114,41.7973951474417,42.8906380781837,37.9717063420218,46.2456922092512,33.4053799235687,43.7505610820753,73.9164708285052,77.1726871795865,73.8075848510062,71.1313608229185,69.7742259876626,66.4899706311936,73.4326589553179,75.7852346566905,87.3660084940271,42.9796792813918,52.6979331022435,78.9334107651366,39.5579761620517,39.6850073356703,20.3590953497352
32.2805329485866,30.9707348558825,33.5124267729621,32.4597744686398,31.1170642418026,33.3689471673547,34.5174083803748,32.6584719772545,7.98360163531798,0,80.0192320324215,23.3803865454223,20.2237059212317,16.0119618710968,49.6213256493265,56.0449031620278,42.2147892508989,39.783422303991,39.9572424560758,43.377802065227,42.5903434900771,40.9060690610677,41.6224786319452,49.6632498111278,76.3196350296811,84.3123585900046,54.1327092125701,57.0888850026532,50.7588607005397,28.4629788852418,27.2284353901595,26.4749352069323,64.8339074152625,56.909107388048,59.884391262129,54.0483218666221,35.9383155334911,67.2728494563187,67.2101696648861,67.3496126707503,68.0249774509807,71.0442638167651,67.4568916988044,67.6547189396965,71.9797373691805,68.937457499816,73.7598110515792,71.8833707936106,75.600440728328,68.906464930831,69.2614545067342,45.0847283383019,48.1864669836015,43.3169910390973,46.2847697968382,42.2589802405767,44.8811411972904,43.1271047438199,38.1338317944814,46.9283600221002,42.3366861494129,43.4316732671425,38.5089893815413,46.8672221311367,33.8973071806371,44.1835865556051,74.3980602220291,77.6546589207586,74.2893742280456,71.612921145101,70.2480005377964,66.963821336333,73.9079002124664,76.2605003005812,87.8375852006894,43.443006740855,53.1609675122776,79.4070004613475,40.043732646588,40.2068367094648,21.1731568920839
70.9637301761717,70.3662108918336,72.0040904933097,71.9762384607594,71.2605635296387,71.6377032106689,72.5225334364241,71.6696077878057,79.545472811271,80.0192320324215,0,86.2560224474782,83.5627082485089,82.5126580640372,64.2034169153578,69.1781735043857,85.2669059273014,81.6640457351074,82.8172578772085,85.3372457838468,76.3850330834708,73.48311359985,74.6349814518986,69.5454034379479,71.9329222338085,75.7718867637952,79.530505167489,80.8766796202594,66.9924574058174,76.6737124762053,74.9922557588363,79.5097234411879,62.0740756913129,86.9871387057633,73.7578795896975,68.8024850436666,96.1143654047193,45.0180234580012,45.0433045673594,43.2170657522965,45.6963388424102,47.6640395900572,44.9967330883054,44.0648458571828,39.5459967376424,38.4857109347377,40.0670351094165,41.0822090716367,41.0448973712807,36.901382211043,39.1789785848621,82.7375170603529,85.6218426378527,80.3203356185773,85.864195956437,76.7781131679159,79.7311787675414,78.4562324837079,73.6406640066378,81.0516320413618,76.2833248070745,78.1800219357263,73.0343572436736,90.2375927385752,72.6268566986898,79.6814727259476,51.5308040371071,55.5101077316523,51.9646004277505,49.0327216624671,42.5558037531106,39.9601478816642,41.0323733632833,45.1517890275325,62.0513623733168,73.505833148816,81.6566989361274,86.7657295522665,71.6743623414236,72.49188249281,80.45149499701
38.2313822130762,36.9340368881761,39.5032985470604,38.3817879781301,37.0506830855364,39.4046169142248,40.5938049835365,38.7134604261219,22.5042575129082,23.3803865454223,86.2560224474782,0,12.6470856146533,19.327480886454,55.6832545054389,62.1474630333079,46.4959928969171,44.1144510164125,44.2148902172769,47.7266720029421,48.0399322848444,46.4445422048508,47.1546084564079,56.2472043971645,82.3499239500001,90.3788607067728,60.92468724601,63.7976092866231,56.7077312417907,36.2322348270369,34.9017459050097,35.1699330827522,70.9074677578231,62.5584351036645,66.0096668625203,60.1749736802269,30.1256852864354,73.4702833644212,73.4047702581842,73.5452360918369,74.2493529126042,77.2690802425733,73.684448317903,73.8829040905403,78.1953720663262,75.1461129572286,79.9714438421872,78.094739316725,81.8098685395406,75.1188262790239,75.4677807624099,49.9385478702411,53.0931687484697,48.2238866033511,50.974610266599,47.373712965176,50.0116943943513,48.2363552760164,44.2305229908323,52.5057416494863,47.9738813503139,49.0626263569302,44.1937385760152,50.7978780614821,40.2345597392286,50.9483958987212,80.5593729493662,83.812176650561,80.4487373125725,77.7745914132112,76.4857063837471,73.2008939422207,80.1312332534272,82.483732995345,94.0960020043132,49.9060019068137,59.6123649669055,85.6740420920796,46.3175621356738,46.073761856525,29.3698944677916
35.5416428877912,34.2410681786129,36.809997070489,35.6927255139152,34.3584429405999,36.7074702138679,37.8933885009121,36.0126385543233,19.2478507523266,20.2237059212317,83.5627082485089,12.6470856146533,0,15.8558111117835,53.0031901581903,59.463508926254,44.026914165248,41.6494876366894,41.7541075201558,45.2561362010982,45.4222069933353,43.8166769020561,44.5270037005846,53.5204253424372,79.6762945268651,87.701650219067,58.1816662494535,61.06073777613,54.0397810150373,33.403947455892,32.0783269041397,32.2970238927749,68.2289472320306,59.9189092483818,63.3232920279158,57.4882743254746,30.1409308924631,70.780448180423,70.7152022294851,70.8556044387211,71.5570032438308,74.5767090769614,70.991808715737,71.1902272777128,75.5039421369127,72.4553204080927,77.2803929585238,75.403695942884,79.1190279829473,72.4276982025253,72.777203785351,47.400378145918,50.5468723049098,45.6794521115184,48.4548281745417,44.8029115146431,47.4378614510755,45.6646964919486,41.5330558147462,49.8702029600622,45.3308911378955,46.4188634707789,41.5436432912969,48.421440229698,37.5098747268592,48.1985370580312,77.8730228059714,81.1261856969631,77.7625688343989,75.0882018383629,73.7922219814367,70.5074598109638,77.4390934202207,79.7915914990997,91.4006462609922,47.1827935909358,56.8912151400532,82.9756732812313,43.6085469420867,43.4050575780241,26.3057998833361
34.6136124493506,33.3089885537895,35.866156952187,34.7768877273383,33.438886357875,35.7458924093961,36.9156073804864,35.0442278258601,15.1109740764675,16.0119618710968,82.5126580640372,19.327480886454,15.8558111117835,0,52.0229491321107,58.4674117512979,43.7257008136576,41.3215465347635,41.4579030712468,44.9239182852479,44.67955712328,43.0399910365687,43.7529763980988,52.3350574094482,78.7068614430149,86.7181381687799,56.9135277306263,59.8258833321692,53.103080952937,31.7555926090871,30.4686301921007,30.2780323813323,67.2429682252536,59.0993480150555,62.318440947571,56.4829727090097,33.7790612137279,69.745886147247,69.6817476309084,69.8217351841942,70.5118990922041,73.531423461854,69.945456633616,70.1436195239043,74.4622110633785,71.4163266405593,76.2402253050368,74.3636394773227,78.0797210756958,71.387249637493,71.7391222510851,46.8797487431673,50.0072315187456,45.1385113774733,47.9977240701758,44.183780448503,46.8133714268544,45.0485283188163,40.5453459379423,49.0802337609508,44.51831327808,45.6094142836832,40.713662770066,48.2159366035908,36.4298209788274,46.9454473173445,76.8525433331949,80.1071889347418,76.7428523877791,74.067585207189,72.7418520768191,69.4573416989488,76.3943461114717,78.7468884596999,90.3421442958261,46.0482001806724,55.7607222311151,81.9147960680501,42.5493980493198,42.5042744354058,24.4435982023883
39.1544516974891,38.6791167714632,40.1947861762274,40.2830892896161,39.6672862680731,39.8361457694169,40.7281823223048,40.0043606598427,49.1259502569246,49.6213256493265,64.2034169153578,55.6832545054389,53.0031901581903,52.0229491321107,0,27.4107761316378,53.807115386193,50.1318779002801,51.3455899405708,53.8093865037013,43.9443806642091,40.8042333442648,42.0006585195965,45.9635245043698,58.6422416640221,66.542816446121,55.0177722915507,56.4580777164035,29.4505215971438,46.7360053277653,45.0252513381179,49.5733944296023,44.7836438684421,53.7732028847202,34.5414843197426,29.159491509685,65.4604576752712,50.3623957198007,50.2575198386924,50.4962543361721,51.595742955536,54.6642580440624,51.10102997669,51.3543623154916,55.6240773589803,52.434563907536,57.3504850463757,55.4309589977737,59.1654820275206,52.4883757191228,52.7159916474088,50.921918610151,53.7724125135592,48.4690696272244,54.1707592686424,44.7990821995597,47.7157228255423,46.4518433112846,41.4616516079197,48.484161239221,43.6204230550069,45.6500519829564,40.4231084862138,58.7879945585092,41.3701632423128,50.2548617362287,57.202380093551,60.4136639759658,57.0619645506348,54.4052310503658,54.2806086288895,50.9682984255128,57.699592840567,60.0273252294522,72.3624202592967,43.0514272234281,51.5365795170827,63.3234830736818,39.4384688406052,39.1677285229818,49.9955666307125
45.7443297639508,45.2498558714276,46.7707440025605,46.8655836363452,46.2329080770247,46.3941519665032,47.2677505914854,46.5442421641266,55.5535111631785,56.0449031620278,69.1781735043857,62.1474630333079,59.463508926254,58.4674117512979,27.4107761316378,0,60.5580513118754,56.9269632913553,58.106711421248,60.5995304590128,50.9459871807253,47.8574424735269,49.0256283225188,51.1587057601793,65.0345704532033,72.6765774550123,60.5328348540922,61.8935027016568,38.7963569434279,53.0437851302891,51.3339050307567,55.9043068857728,50.9488867097769,60.9747006202577,31.1413705692677,27.5086919971692,71.9454905134532,55.4093183970853,55.3284425744435,55.5916568636592,56.4411092708379,59.5295909669231,55.9310209484847,56.2051590477859,60.6497406974575,57.4944610111112,62.409971775013,60.4742582876745,64.2449629047516,57.5331381279354,57.7903492052995,57.8449568360504,60.6971995694965,55.415830059689,61.0263249279668,51.8387946539366,54.7340936163328,53.4481245981199,47.9983102516821,55.4218688298689,50.5440889685097,52.5299438887294,47.2907886725739,65.552818483803,47.769529966919,56.3146385307811,62.6065779750048,65.8469330167256,62.4794794185049,59.8032972018436,59.1566097236133,55.8388366100139,62.6803379522026,64.9966944940435,77.1633051426842,48.9861415555903,57.3671646284654,66.2638565819403,45.7081347571086,46.0425369363466,56.422211784304
37.9643964443706,36.9737505646814,39.4306443948713,38.2059709728211,37.1780957326182,39.5390179154655,40.8967598003171,39.1616546253784,41.5917418991565,42.2147892508989,85.2669059273014,46.4959928969171,44.026914165248,43.7257008136576,53.807115386193,60.5580513118754,0,22.4788333029524,18.365469192151,23.0066969543997,41.5294275790966,40.7349916568783,41.4505467167126,57.7154300720245,79.8878908405178,88.1886198879704,63.5060927474082,65.9627296719916,53.8940622820567,43.8552873720083,42.2455317715089,45.4111731082377,68.8347496006183,57.7230178127508,64.6055112890042,58.8000621788503,55.2524526908522,72.2282896996209,72.1428988017169,72.287214705891,73.1937110324161,76.2145229321234,72.6501073132496,72.8507684548284,77.0688488182382,73.9726929028633,78.8166672334667,76.9398557129513,80.6393743592563,73.9700152160941,74.2784224808274,36.0724713214575,39.9892036703923,35.043854463447,34.6673369122531,36.6320140079367,39.5554549455146,37.5950281504279,44.1252059813746,47.5973660972524,43.6803450878415,44.9290390611508,40.5519317553996,35.2357511790394,42.0282109155544,54.0463798250683,79.0557811870166,82.2817972710459,78.9316785651153,76.2740979545936,75.5113515098522,72.223035618262,79.0571250992832,81.4100319734446,93.2587562137437,51.2384724902457,60.7862736282911,85.1112318388554,46.7806044224126,43.7266553642446,42.9278701447047
34.9943151090293,34.0664349697827,36.4534216822376,35.3069459678132,34.3366798990147,36.5548640161167,37.9040336516092,36.2337753528036,39.1687011610896,39.783422303991,81.6640457351074,44.1144510164125,41.6494876366894,41.3215465347635,50.1318779002801,56.9269632913553,22.4788333029524,0,15.4129088451143,15.9383230015766,37.2714701744886,36.5756343878281,37.3193889835606,54.4962774250704,76.0417594066239,84.3901711406713,60.4050929808177,62.8223360798478,50.0439557117028,41.2237229838129,39.6083334222849,42.8429123764486,65.0698156555799,53.6608715396821,61.007869839087,55.21068455565,52.8807793486865,68.5890949081351,68.5005007295595,68.644788881954,69.5840109714923,72.6046173979379,69.0436413731388,69.2442416304412,73.4459158017426,70.3425925754112,75.1891443278972,73.3126491684961,77.0092686699086,70.3436175023442,70.6458288789518,30.1806426979561,34.53016154216,29.0336654674269,29.8918933206339,31.0107888190765,34.1443693169889,32.2330296268937,40.9956939823531,43.7288865893189,39.9190937832529,41.2645966471057,36.952430725465,27.6095694667831,39.1222566202526,51.0935175475146,75.3727626892555,78.5944186751359,75.2465274145395,72.5916988515269,71.9124308082062,68.623726253598,75.4423390597699,77.7955214689607,89.6803662311403,48.0956388982221,57.6115411456558,81.61427669008,43.5946476496546,40.2277344837481,40.5157819469032
35.6962579778797,34.7197415457431,37.1578197453263,35.9573442797128,34.9418791703103,37.261525505669,38.6147037464467,36.8965053527307,39.3354297720708,39.9572424560758,82.8172578772085,44.2148902172769,41.7541075201558,41.4579030712468,51.3455899405708,58.106711421248,18.365469192151,15.4129088451143,0,18.0806912647139,38.9578132787243,38.1791737564913,38.9044258814199,55.3550730404448,77.3801890107183,85.6925025378609,61.1696283124411,63.6187020756262,51.3897132073265,41.6074021893043,39.9980389415587,43.1627948395181,66.347675912673,55.1825424527068,62.1622734785315,56.3590197838916,52.9467850584189,69.770355722872,69.6842067549986,69.8284694433634,70.7427178583648,73.7634542759553,70.1998652245691,70.4004825979671,74.614596019428,71.5167714172356,76.3613254453462,74.4846125024729,78.183417674842,71.5149513905619,71.8219162068583,33.1265383265801,37.1865599375788,32.0194503622536,32.2958540466501,33.6703505704849,36.6665937801674,34.7319336610313,41.8082759725667,45.1236508449592,41.2299788642165,42.507427074795,38.1422570331879,30.4217260953061,39.7541550129963,51.7470587420961,76.5873527742733,79.8123333727538,76.4627479906031,73.8058250149214,73.0627452758944,69.7743497512778,76.6047792592161,78.957766157721,90.814897627709,48.9015077879649,58.4416464091714,82.6891149324631,44.4402095095551,41.3276886665337,40.6946743619888
38.5721854163175,37.6380584408322,40.0341362434544,38.875359911799,37.8997878801517,40.1384186618589,41.4902711923253,39.8118689727332,42.7625332668111,43.377802065227,85.3372457838468,47.7266720029421,45.2561362010982,44.9239182852479,53.8093865037013,60.5995304590128,23.0066969543997,15.9383230015766,18.0806912647139,0,40.9855055507864,40.2877515191706,41.0252846497478,58.1256807706099,79.7440071969628,88.0865581233828,64.0236583469687,66.444234067696,53.7430348538375,44.8034910309544,43.1876147263537,46.4256058085468,68.7613478368323,57.3705821177508,64.6763824571918,58.8780426758963,56.5100417070091,72.2663266252899,72.1781095755674,72.3224379780752,73.2578015760297,76.2784532860354,72.7170625333324,72.9176930023461,77.1213649525669,74.0188639842209,78.8651361060029,76.9885850134077,80.6855674677954,74.0194675868751,74.3223897199912,33.9731929375575,38.2389178026581,32.9360758055491,33.0063352405595,34.9461642229595,38.0262018168256,36.0885381910737,44.5987731234531,47.3971509724194,43.5781264351215,44.9081844134183,40.5922534549093,33.0535491863333,42.7074613819444,54.6936055895339,79.0552530360786,82.2774254558711,78.9292668915962,76.2741091199531,75.5850812464448,72.296412780463,79.1168455424988,81.4699838724906,93.3506869279516,51.7124158216743,61.2320646615603,85.2731356774418,47.2114881526823,43.8676810335617,44.0943950631996
31.1487316497609,30.7796117857561,32.6295535155742,32.0187640898203,31.5655607562917,32.7666187967465,34.1325252269456,32.9397829871264,42.040436105085,42.5903434900771,76.3850330834708,48.0399322848444,45.4222069933353,44.67955712328,43.9443806642091,50.9459871807253,41.5294275790966,37.2714701744886,38.9578132787243,40.9855055507864,0,19.5814228894777,17.8957730056322,50.7288258864467,70.0799762607716,78.5338892342447,57.3918870338887,59.5360512082221,43.3706568045265,41.4710071231262,39.778491132984,43.8518020883659,59.1618918098276,41.5829413542628,55.1319168991905,49.3374874120135,57.4938743329389,63.1596356300134,63.0610388831893,63.2109655152068,64.2516491014555,67.2747644797337,63.7231253850911,63.9269684674469,68.0873056018429,64.9583948911932,69.8165799481112,67.9382430676909,71.6291144749438,64.9731612320143,65.2532449374268,35.5550320596793,37.8814173940725,32.8513007673109,39.8984736977851,28.6071121767677,30.4184710026599,28.9076003664482,36.2676147539553,28.4738959242251,26.9453235924259,29.5676968997332,26.2859239873196,46.4430786409597,36.4753271147739,48.7183369203875,69.8225970310977,73.0312442430753,69.6894360594679,67.0422984099755,66.633025503368,63.3416786565256,70.1116050806091,72.4639081304039,84.4782252102206,44.3386229358542,53.698666218259,76.4253350728846,39.1670261535433,31.9960101005967,42.9758301367788
29.0892934049669,28.7786247749192,30.5105080708954,30.0766802039999,29.6544587505488,30.5933346481824,31.9139771471313,30.8328103900061,40.3628306631869,40.9060690610677,73.48311359985,46.4445422048508,43.8166769020561,43.0399910365687,40.8042333442648,47.8574424735269,40.7349916568783,36.5756343878281,38.1791737564913,40.2877515191706,19.5814228894777,0,12.1653798911455,48.1242956574933,67.0853382810697,75.5483889529393,54.9279687565804,57.0237911511628,40.1196349483701,39.5477567810938,37.8492111639131,41.9996132283871,56.1424465743162,34.7646530234842,52.0666020110595,46.2717018800661,55.9482224611075,60.2295364000354,60.1293646541569,60.280927004186,61.3375306551935,64.3614165161171,60.8110974516699,61.0158574189357,65.17087157662,62.0375544927364,66.8980087354833,65.0190308134549,68.7094171713787,62.0547444700216,62.3310167495415,35.4142574156088,37.9239475260384,32.7345284564573,39.5418333528889,28.3469751151341,30.5739818206562,29.2778500907928,33.7981608340695,27.2356668422267,23.7465308136269,27.6416505927796,23.5053718358864,45.6500426517431,34.2821585757503,46.4185849563024,66.8758570442635,70.0825760089841,66.7415818606667,64.0955049156994,63.7295579821232,60.4376291154712,67.1998410498646,69.5517969187936,81.5885162582937,41.7835755760223,51.1032602105431,73.5220563019575,36.5441655485235,28.6579678474244,41.2773298578964
29.7210095681288,29.4162953749278,31.1602727091696,30.6993157589251,30.2867007748335,31.2621728505316,32.599883676565,31.5021760020512,41.0783480873811,41.6224786319452,74.6349814518986,47.1546084564079,44.5270037005846,43.7529763980988,42.0006585195965,49.0256283225188,41.4505467167126,37.3193889835606,38.9044258814199,41.0252846497478,17.8957730056322,12.1653798911455,0,49.077179324657,68.3527820930681,76.7942027061076,55.8321172574764,57.942593847996,41.4351471760147,40.2894725053458,38.5908676621447,42.7351714730093,57.3775874731403,37.380925537929,53.2144492331192,47.4143582686972,56.6558907738457,61.3996004862436,61.3010074049313,61.4525068058131,62.4929720007975,65.5169390654484,61.964924327224,62.169694062594,66.3327214404368,63.2029538730966,68.0621081759453,66.1830017132377,69.8747783055184,63.2183050765706,63.4976459055065,36.1719678033708,38.6426441723824,33.5158364656715,40.2659115451545,29.2797875792292,31.4059981705771,30.0302385065047,34.5342781663597,26.5750527171877,23.7087408118691,27.7228323937235,23.8166929094342,46.3922755031116,35.0202361818663,47.2396875164737,68.0671352429506,71.2759681105435,67.9339080173826,65.2865085021292,64.8795568930626,61.587826520879,68.3576670498571,70.7094996783635,82.7283033630372,42.6711140825504,52.0090058808623,74.615724594469,37.4086076425572,29.4527980373037,41.9908368882696
42.1088347104349,41.3421179227203,43.0545834017945,43.0377240003608,42.1750059868816,42.5662653173682,43.328960022721,42.4250774993371,49.2229717120891,49.6632498111278,69.5454034379479,56.2472043971645,53.5204253424372,52.3350574094482,45.9635245043698,51.1587057601793,57.7154300720245,54.4962774250704,55.3550730404448,58.1256807706099,50.7288258864467,48.1242956574933,49.077179324657,0,71.1443034966818,78.261342486158,36.0607388218646,33.7333436363082,49.222818579666,45.2623589415174,43.580384571293,48.3570240301033,58.9598909324933,62.449956404076,54.4637973944863,48.7469052265123,66.2838057233475,57.8377904922853,57.8526977700148,57.9632146463332,57.8430496062555,60.8538753125336,57.1868758116842,57.3718483893154,62.0565512919953,59.2011486114656,63.9457442757274,62.0738976946103,65.8463862370947,59.0713360914449,59.5878512082026,56.658045730529,59.5442238482725,54.44805556565,59.2045077355971,51.7169431649803,54.4475492083073,52.973773258023,44.6364277265578,54.8278907560162,49.9234993466156,51.5137642113817,46.2631745524844,62.8108030623692,42.2496744031457,45.2152931325661,65.9256617385628,69.2822850764744,65.8690073093404,63.1322397777986,59.7213024865377,56.4517006717048,63.7772640980312,66.1299990813779,76.7496878192829,39.1779010347179,46.1405573868746,67.396862420519,41.4420428220499,45.7445689217828,50.1165546807264
66.5556365411045,66.024928694118,67.6525411175894,67.5848360866729,66.9308658832505,67.3550047453402,68.3071226207777,67.4503213593364,75.8252328108472,76.3196350296811,71.9329222338085,82.3499239500001,79.6762945268651,78.7068614430149,58.6422416640221,65.0345704532033,79.8878908405178,76.0417594066239,77.3801890107183,79.7440071969628,70.0799762607716,67.0853382810697,68.3527820930681,71.1443034966818,0,37.151042703214,80.3496183800314,81.8360639125516,58.6136881803082,73.5286761638917,71.8363471274019,76.2821265615352,50.2524895772555,80.2866507321708,70.2416577975063,65.1856638519326,92.1025315845789,56.6455789504454,56.1756303028303,55.9189996333025,60.8102208780253,63.635738671685,60.5496559040691,60.5599947199366,62.1991813468072,58.4005238606338,63.3382489149108,61.6843993278865,64.7962528817433,58.7265121810846,58.4292229520888,76.4534852263627,79.3509064063917,73.9032023006297,79.9430519324302,69.8355687778787,72.9653579901756,71.8275116167082,69.4296526635571,75.1967018611661,70.5645920397924,72.6112482866437,67.5723137805505,84.7712039539176,68.911809905164,77.3927754851987,56.4410072173728,58.9902538256607,56.0714628271383,53.9107983845878,63.3792283296799,60.1191261139706,65.0639317692057,67.5523482344843,82.9136085729711,71.130004220166,79.5821110787737,88.687773859397,68.1559562126426,67.3333344000222,76.7321009439516
74.6430305678342,74.1029191610537,75.7283059492588,75.6729240614066,75.0098218142851,75.4168749041005,76.3553889488677,75.5039616068275,83.8214189263531,84.3123585900046,75.7718867637952,90.3788607067728,87.701650219067,86.7181381687799,66.542816446121,72.6765774550123,88.1886198879704,84.3901711406713,85.6925025378609,88.0865581233828,78.5338892342447,75.5483889529393,76.7942027061076,78.261342486158,37.151042703214,0,87.6153743680518,89.0705386735371,67.1285799059714,81.4235261578214,79.732311510587,84.1943853813514,57.2811391181111,88.7888253819278,77.8259358506524,72.8101487600159,100.150326496891,60.450690195313,59.9123400594479,59.4838304897898,65.1409148907038,67.9042210070656,64.9168156850704,64.8648362674102,65.8722217046909,61.9579863351944,66.862533059189,65.3024176795249,68.2229510898664,62.3275775612044,61.9324687332818,84.9281861387133,87.8215292370931,82.4041383039268,88.3472177541096,78.440451082721,81.5319782196832,80.3661583029106,77.4635509144748,83.5534836658641,78.889947039682,80.9108840096998,75.8471549859452,93.0904301078365,76.8757701656604,85.125751986686,58.0045733426036,60.2982157721553,57.6059411776103,55.6781635210449,67.6065449644524,64.3629727352864,68.9052886574175,71.4413433176333,87.4102262640225,78.8409006953429,87.2404104011245,95.4705238106366,76.0446891861796,75.5215642977141,84.7267257680144
48.0385318954308,47.1669115101712,48.9928907657838,48.8643446602557,47.9131522696475,48.5132854392543,49.291116071427,48.252702997063,53.7175869949219,54.1327092125701,79.530505167489,60.92468724601,58.1816662494535,56.9135277306263,55.0177722915507,60.5328348540922,63.5060927474082,60.4050929808177,61.1696283124411,64.0236583469687,57.3918870338887,54.9279687565804,55.8321172574764,36.0607388218646,80.3496183800314,87.6153743680518,0,30.5938147373883,57.7931356977928,49.152838043789,47.5050090172676,52.2755860253005,68.3381631161372,69.5545006923908,64.0168208325998,58.2834382518855,71.0588811845131,67.7562806963454,67.7583402245004,67.8617826383081,67.8797090177954,70.882625123901,67.234763186419,67.4114551124829,72.0053843808178,69.1288544563502,73.8761548315835,72.0112873617294,75.7661654550943,69.0089134497159,69.5072217188977,62.949234210788,65.8528299840701,60.8016421099854,65.3103159289573,58.3077997407651,61.0053209727859,59.4841018905158,50.9951892497423,61.452286570015,56.5701919088699,58.0591367797244,52.8354583786438,68.6134895456535,47.8621382921862,48.8355061186068,75.6681069933221,79.0095720335958,75.6043020160584,72.8774349530211,69.7592459715065,66.4920645699666,73.7527843897707,76.1108772270504,86.846449600527,46.7761282677073,54.7430953204693,78.941385790598,48.5306385188439,52.6465165789934,54.6500791250197
50.388218374577,49.5546594540356,51.3347991906615,51.2549556758951,50.3360315630185,50.8459255964075,51.6114477203889,50.6289478036205,56.663174219017,57.0888850026532,80.8766796202594,63.7976092866231,61.06073777613,59.8258833321692,56.4580777164035,61.8935027016568,65.9627296719916,62.8223360798478,63.6187020756262,66.444234067696,59.5360512082221,57.0237911511628,57.942593847996,33.7333436363082,81.8360639125516,89.0705386735371,30.5938147373883,0,59.3781851432319,52.3275614752982,50.6614695180972,55.4585795617241,69.7720245414743,71.5529360703448,65.3238120049856,59.5872361004863,73.8935664616881,69.0995916331386,69.1040808475608,69.2107088993467,69.2016938068536,72.2074557654093,68.5551537040342,68.7349142803753,73.3505160306194,70.4765610630459,75.2248430381571,73.3575111259959,77.1169836963896,70.3556973159112,70.8562134395221,65.2342955196768,68.1307251638827,63.0659446988859,67.6578412483439,60.493695400783,63.1997384359869,61.6932972185614,53.1571122662679,63.5986473487245,58.7045744390178,60.2258471091582,54.9888071239786,71.0692693127892,50.2694220543614,51.7271061289829,77.0478655216893,80.392066264433,76.9852159718964,74.2564263188451,71.0891142601084,67.8207845329913,75.0939708388209,77.4502701427325,88.1702137950563,48.0607756062194,55.6017299073925,79.8229568340482,50.3410674224585,54.6738489793321,57.5753512753535
40.172829733413,39.7191468593153,41.271301890547,41.2756552624037,40.6841005662665,40.981925725666,41.9433572596024,41.1610307325669,50.2539160918229,50.7588607005397,66.9924574058174,56.7077312417907,54.0397810150373,53.103080952937,29.4505215971438,38.7963569434279,53.8940622820567,50.0439557117028,51.3897132073265,53.7430348538375,43.3706568045265,40.1196349483701,41.4351471760147,49.222818579666,58.6136881803082,67.1285799059714,57.7931356977928,59.3781851432319,0,48.1921363786081,46.4854429629532,50.9449293013331,46.2407834154547,52.6805310752079,44.2995077362815,38.8167525710679,66.4237939654581,53.0425913637486,52.8998826115623,53.091037883593,54.5811102521801,57.6194058773633,54.1090863404733,54.3313709422901,58.3249624284857,55.0797010348689,59.9954805851344,58.1031614256621,61.7770037642462,55.1579720800586,55.3374080475848,50.3665723784631,53.227649373227,47.8175889416601,53.8767451106996,43.7617666769633,46.8038177020904,45.6432718535906,42.8562481312141,48.3190512227239,43.5915590780615,45.7477810340282,40.6357133361328,58.803612927432,42.8905506845132,52.3868885671136,59.2563886112502,62.4152937624169,59.093390869495,56.4728265013141,57.2228165841232,53.9183475407583,60.473858802663,62.8195984538087,75.4274813760438,45.7444775644482,54.4113609873645,68.7146588183809,41.7389402749869,39.8629769800777,51.1396709435795
