0.143649 0.0299348 0.730648 0.00780181 0.087967
0.140302 9.9991E-05 0.734748 0.0352147 0.0896353
0.220516 9.9991E-05 0.601484 0.0124929 0.165407
0.0272691 9.9991E-05 0.708181 0.0203146 0.244135
9.9982E-05 0.078641 0.909869 0.0112901 9.9982E-05
9.999E-05 0.0433147 0.815537 0.00478361 0.136265
0.0157428 9.9982E-05 0.645329 9.9982E-05 0.338728
0.0281656 9.9991E-05 0.774942 0.0486258 0.148166
0.166468 0.103289 0.696351 0.0337922 9.9991E-05
0.214529 0.000803062 0.48066 0.0413631 0.262645
0.102308 0.0514711 0.284977 0.0679675 0.493276
0.211599 0.0540921 0.480482 0.00948399 0.244343
0.0763063 0.0787387 0.0211917 0.0342874 0.789476
0.212258 0.0480175 0.416458 9.9991E-05 0.323167
0.207579 0.0789085 0.662163 0.0512499 9.9991E-05
0.0896139 0.0253184 0.71209 0.0146728 0.158304
0.251928 9.99848E-05 0.645075 9.99848E-05 0.102797
0.0828387 9.9982E-05 0.885077 0.0318845 9.9982E-05
0.539194 0.121144 0.0928414 0.0667497 0.180071
0.70149 9.9982E-05 0.0928006 9.9982E-05 0.205509
0.723734 9.9991E-05 0.244711 0.00317765 0.0282772
0.842732 0.0599913 0.0357107 0.0178173 0.0437491
0.906786 0.0339712 9.9982E-05 0.0590425 9.9982E-05
0.797939 0.025611 0.121845 0.0545048 9.9991E-05
0.697559 9.9982E-05 0.154583 9.9982E-05 0.147658
0.914017 9.9982E-05 0.0692292 0.0165542 9.9982E-05
0.909691 0.0593654 9.9982E-05 0.0307436 9.9982E-05
0.887608 0.0542871 9.9991E-05 0.0270709 0.0309339
0.945231 0.0309891 0.0235801 9.9982E-05 9.9982E-05
0.857288 0.0790302 0.0295115 9.9991E-05 0.0340702
0.966568 0.0301663 9.9982E-05 9.9982E-05 0.00306554
0.838736 0.0465011 0.0805284 0.0341343 9.9991E-05
0.855996 9.9982E-05 9.9982E-05 0.0537927 0.0900111
0.145936 9.9991E-05 0.457935 0.0850483 0.31098
0.224484 0.0299494 0.697333 9.9991E-05 0.0481336
0.125624 0.0936829 0.764236 9.9991E-05 0.0163571
0.0625189 9.9991E-05 0.712378 0.0397378 0.185265
0.179006 0.0524728 0.429181 0.00661249 0.332728
9.997E-05 9.997E-05 9.997E-05 0.9996 9.997E-05
0.745909 0.0393922 9.9991E-05 0.0274936 0.187105
0.146363 0.126747 0.714098 0.0126926 9.9991E-05
0.146943 9.9982E-05 0.55429 9.9982E-05 0.298567
0.307124 0.124942 0.233708 0.0209643 0.313262
0.15736 0.110299 0.0769208 0.0642439 0.591176
0.0939031 9.9982E-05 9.9982E-05 0.00734344 0.898553
9.997E-05 9.997E-05 9.997E-05 0.9996 9.997E-05
0.16208 9.9991E-05 0.384203 0.0887695 0.364848
0.132164 0.11464 0.256418 9.9991E-05 0.496678
0.350468 0.0743078 0.317269 0.0364943 0.22146
9.9982E-05 0.734767 9.9982E-05 0.0309274 0.234105
9.9991E-05 0.747553 0.00860593 0.0250927 0.218649
0.0177268 0.802655 0.174575 0.00494362 9.9991E-05
9.9991E-05 0.711961 0.0921057 0.0545799 0.141253
0.0424826 0.846909 0.0517182 0.0587906 9.9991E-05
0.0630342 0.846234 0.0905319 9.9982E-05 9.9982E-05
9.9982E-05 0.718462 0.266705 9.9982E-05 0.0146335
0.0130446 0.775848 0.019559 0.021306 0.170242
0.0729613 0.879285 9.9982E-05 0.0475536 9.9982E-05
9.9991E-05 0.787129 0.143593 0.0349065 0.0342711
9.9991E-05 0.630401 0.103906 0.0241382 0.241455
0.119944 0.797941 9.9982E-05 9.9982E-05 0.0819146
0.0202442 0.67882 0.0909963 0.00881106 0.201128
0.0153511 0.290439 9.9991E-05 0.0642577 0.629852
0.811611 0.0435726 0.114395 0.021609 0.0088126
0.774456 9.9982E-05 0.184643 0.040701 9.9982E-05
0.848585 9.9982E-05 0.135272 0.0159438 9.9982E-05
0.0239581 0.662614 0.10969 0.0218361 0.181902
9.9991E-05 0.508299 0.00304694 0.065583 0.422971
0.0521421 0.765479 0.0900726 0.029722 0.0625842
9.9982E-05 0.704651 9.9982E-05 0.0547011 0.240447
9.9982E-05 0.841736 0.112845 0.0452187 9.9982E-05
9.9991E-05 0.101688 0.182544 0.00429526 0.711373
0.038716 0.0318193 0.0404589 0.0152232 0.873783
9.9991E-05 0.0854247 0.0454321 0.00393282 0.86511
9.9973E-05 9.9973E-05 9.9973E-05 0.0290696 0.97063
0.0643226 0.00639512 9.9991E-05 0.0499564 0.879226
9.9973E-05 9.9973E-05 9.9973E-05 0.0276795 0.972021
0.155564 0.0268392 9.9982E-05 9.9982E-05 0.817397
9.9982E-05 0.671298 0.0786913 9.9982E-05 0.249811
9.9991E-05 0.416637 0.103279 0.114523 0.365462
0.0641421 0.734695 9.9991E-05 0.0259824 0.175081
0.105896 0.78203 9.9991E-05 0.0533244 0.0586493
9.9991E-05 0.712242 0.151248 0.035038 0.101372
0.694937 0.0193489 0.0351636 0.0255147 0.225036
0.101026 0.286396 0.0360019 9.9991E-05 0.576476
9.9982E-05 0.100047 0.00602968 9.9982E-05 0.893723
9.997E-05 9.997E-05 9.997E-05 0.9996 9.997E-05
0.21608 9.9982E-05 0.571071 9.9982E-05 0.212649
0.152599 9.9991E-05 0.771676 0.0441923 0.0314329
0.160924 9.9991E-05 0.577413 0.042011 0.219552
0.242185 0.0563179 0.327357 0.0400434 0.334097
0.0979247 0.0606581 0.770881 9.9991E-05 0.0704367
9.9973E-05 0.166017 9.9973E-05 9.9973E-05 0.833683
0.624204 9.9991E-05 0.151386 0.0286985 0.195611
9.9991E-05 0.218493 0.129222 0.0872394 0.564946
0.247336 0.0218057 0.302973 0.033211 0.394675
0.216549 9.9973E-05 0.783151 9.9973E-05 9.9973E-05
0.029195 9.9982E-05 0.670068 9.9982E-05 0.300537
0.158802 9.9982E-05 0.565818 9.9982E-05 0.275181
0.0845367 9.9991E-05 0.503268 0.0236902 0.388405
0.0271529 9.9991E-05 0.520086 0.0115428 0.441118
0.104727 9.9991E-05 0.628908 0.00604241 0.260223
0.0263666 0.218818 0.038 0.0194552 0.69736
0.0502697 0.12918 0.0798784 0.0693178 0.671354
0.0292783 0.168653 0.0307094 0.0847572 0.686602
0.204719 9.9991E-05 0.144015 0.00704184 0.644124
0.152579 0.0753102 0.237186 9.9991E-05 0.534826
0.461078 0.0642732 0.474449 9.9982E-05 9.9982E-05
0.0214412 0.770609 0.187667 0.0201829 9.9991E-05
0.0440324 0.705347 9.9991E-05 0.0321631 0.218358
0.177584 0.165757 9.9982E-05 9.9982E-05 0.656459
0.117495 0.128225 0.156887 0.0273558 0.570037
0.213765 0.127757 0.0331365 0.0385935 0.586747
0.68735 9.9973E-05 9.9973E-05 9.9973E-05 0.31235
0.0714312 0.661624 9.9991E-05 0.0320434 0.234802
0.040616 0.629446 0.0286797 9.9991E-05 0.301158
9.9982E-05 0.454122 0.0441501 9.9982E-05 0.501527
0.459878 0.06978 0.360536 0.0630041 0.0468021
0.290118 0.0387147 0.670967 9.9982E-05 9.9982E-05
0.0468808 0.0250173 0.704112 0.0214761 0.202514
0.119242 0.129402 0.730256 9.9991E-05 0.021001
0.360605 0.0106667 0.569676 9.9991E-05 0.0589517
0.218089 0.0157241 0.688803 0.0211382 0.0562464
0.0871697 0.0773548 0.835276 9.9982E-05 9.9982E-05
9.9973E-05 0.0808595 0.918841 9.9973E-05 9.9973E-05
0.380935 0.025844 0.476706 9.9991E-05 0.116415
0.123809 9.9982E-05 0.704333 9.9982E-05 0.171658
0.126692 9.9991E-05 0.656057 0.041371 0.175781
0.0813002 9.9991E-05 0.601758 0.0247981 0.292044
0.2056 0.107674 0.607239 0.0171291 0.0623576
0.0568355 0.0444838 0.690052 0.0768226 0.131806
0.218973 9.9991E-05 0.381586 0.00582856 0.393513
0.0901597 0.0215444 0.792472 0.00402145 0.0918029
0.813759 9.9973E-05 9.9973E-05 9.9973E-05 0.185941
0.891086 9.9982E-05 0.0405583 9.9982E-05 0.0681555
0.924329 9.9982E-05 0.0332743 0.0421966 9.9982E-05
0.778732 0.0837923 0.0727224 9.9991E-05 0.0646528
0.810827 0.0288957 0.0679233 0.00650643 0.0858477
9.9982E-05 0.0500202 0.638654 9.9982E-05 0.311126
0.143981 9.9991E-05 0.658532 0.0361108 0.161276
9.9973E-05 0.914181 9.9973E-05 9.9973E-05 0.0855187
0.0545568 0.801507 0.0917379 0.0234012 0.0287966
0.0747918 0.847195 0.0605537 0.0173596 9.9991E-05
0.0501927 0.661945 0.041838 9.9991E-05 0.245925
9.9982E-05 0.843185 0.118783 0.0378319 9.9982E-05
0.12925 0.835459 9.9982E-05 9.9982E-05 0.0350905
9.9991E-05 0.893058 0.0490782 0.0160596 0.0417042
0.120853 0.819324 9.9982E-05 9.9982E-05 0.0596228
0.120047 0.815459 9.9982E-05 9.9982E-05 0.0642944
0.106796 0.857194 0.00881086 0.0166423 0.0105567
9.9991E-05 0.764426 0.0892779 0.038459 0.107737
0.0705708 0.738353 0.0636583 0.0538975 0.0735202
0.0525926 0.799355 0.138176 0.00977652 9.9991E-05
0.104232 0.86085 0.0177451 0.0170727 9.9991E-05
0.00437387 0.780899 0.0531188 0.0197815 0.141827
9.9982E-05 0.8916 0.0810968 0.0271028 9.9982E-05
0.067317 0.871905 0.0372578 0.0234203 9.9991E-05
0.0263884 0.130129 0.080827 9.9991E-05 0.762556
9.9973E-05 9.9973E-05 0.0936153 9.9973E-05 0.906085
9.9982E-05 0.882601 0.047638 9.9982E-05 0.0695608
9.9982E-05 0.707167 0.250116 9.9982E-05 0.0425166
0.0421282 0.847545 9.9991E-05 0.00519276 0.105034
9.9982E-05 0.146326 0.195189 9.9982E-05 0.658286
9.9991E-05 0.0412524 0.905269 0.00584713 0.0475319
0.192385 0.0303696 0.729617 0.0359166 0.0117119
0.48016 9.9982E-05 0.3064 9.9982E-05 0.213239
0.630522 0.00149267 0.249894 9.9991E-05 0.11799
0.78539 9.9982E-05 9.9982E-05 0.0144874 0.199923
0.8548 0.0133386 0.0449992 0.000211001 0.0866514
0.718749 9.9991E-05 0.1531 0.00745735 0.120593
0.727089 0.00553265 0.0893199 0.0454988 0.13256
0.757855 0.0624572 0.0155427 0.0421041 0.122041
0.722727 0.0699817 0.15683 0.0503612 9.9991E-05
0.121694 0.0276263 0.824178 0.0264025 9.9991E-05
0.0543668 0.0529596 0.709817 0.0501215 0.132735
9.9982E-05 9.9982E-05 0.687786 0.0565281 0.255486
9.9991E-05 0.0125163 0.668309 0.0083652 0.310709
9.9982E-05 9.9982E-05 0.749236 0.0325964 0.217967
9.9973E-05 9.9973E-05 0.568974 9.9973E-05 0.430726
0.117104 9.9991E-05 0.595759 0.0185159 0.268521
0.19282 0.0324682 0.481131 9.9991E-05 0.293481
0.106569 9.9991E-05 0.555717 0.0509825 0.286632
0.18065 0.0120327 0.500012 0.0133113 0.293994
0.136482 0.0250544 0.552489 0.0358205 0.250154
0.643941 0.0288869 0.0955522 0.134386 0.0972336
9.9991E-05 0.722809 0.0109179 0.0339447 0.232229
0.100549 0.774744 9.9991E-05 0.0571277 0.067479
0.0466352 0.821136 9.9991E-05 0.00234658 0.129783
0.00237346 0.735676 0.198017 0.0148932 0.0490407
0.10689 0.781337 0.0718353 0.0398375 9.9991E-05
0.290606 0.141194 0.429867 0.0331474 0.105186
0.319535 0.0446511 0.482437 0.0231499 0.130227
0.119422 0.0142788 0.788082 0.0781166 9.9991E-05
0.224094 9.9991E-05 0.491819 0.0550386 0.228949
