IBR/IBR_outputs/all.combrep_1/EucDistWater_Total.PersistForestCover_Total.Silt_Total.VRM_Total/EucDistWater_Total.PersistForestCover_Total.Silt_Total.VRM_Total.asc
NCOLS 160 
NROWS 95 
XLLCORNER 210004.651214014 
YLLCORNER 7350008.22228844 
CELLSIZE 4999.99999999997 
NODATA_value -9999 
[rows 21 to 41 of 95, columns 46 to 91 of 160]
-9999 -9999 -9999 -9999 -9999 5.59905680086995 5.21699699608923 6.76250024277069 -9999 -9999 -9999 7.03547790019145 14.6923103188366 11.3681108539146 10.5135317878098 11.8055250839435 7.95706386060941 -9999 -9999 -9999 -9999 -9999 -9999 -9999 -9999 -9999 -9999 -9999 14.0339388913295 3.52418589965634 2.47172870962072 4.33179232705697 7.14521494307027 9.53158938353376 12.9709216215583 12.4592748755814 8.53271361372203 4.01273662627342 4.66613636020008 8.54610113913154 12.9678912281504 14.8069395634086 8.93404268806943 3.25759650255929 3.92919107696816 9.3519211714173
-9999 -9999 -9999 -9999 8.19445362526401 4.47344648264608 4.11006974248872 5.33557839918215 12.5052444130227 -9999 29.389216966591 11.6293223244651 6.23292754764514 7.91220040674237 7.50184685460492 11.3675427840272 13.2318969802755 12.9484645026386 -9999 -9999 -9999 -9999 -9999 6.61888621216713 17.2584463881309 18.2688142194198 14.8945936269535 9.52130511663585 5.56246801315542 3.29201978572518 3.70200693554052 7.73683686946635 10.4206564849954 10.0572216203098 11.4352826094775 13.0686852408319 10.1743966224702 7.39533014348251 3.61721133143394 4.87335504950251 10.5106944150261 14.7148116408222 10.0768039199579 5.61810667837957 3.05152254900017 5.83076876541859
-9999 -9999 29.1472108609366 44.6318065711702 14.5774286865782 5.64994165550974 2.39987254201621 5.89911455166907 9.76841122523006 7.93069542345181 4.67747367542763 3.71823180584222 10.3569251532605 11.0473123137894 15.2890969930397 3.57268523808326 4.8729574526742 4.27146595296641 3.33978390405987 14.8248067274917 7.41806134068453 5.03725755475098 8.99936234665334 6.22557427587912 3.14647737879218 4.45845564499044 6.23768511694844 11.2361313326425 11.1629531805861 7.93592438041963 7.56094178246762 10.8283768541308 8.96494216377945 4.54481110815939 6.88342630208806 8.7121619051642 5.40617620387021 6.89041959675312 4.54774554759762 5.89136234030172 10.8981329761878 15.7320392281773 13.0637674969792 8.75003100951825 4.73440217309932 2.67218590837873
-9999 10.0947422430909 5.46966142667487 5.80080673371981 3.26400161452454 5.51250337914688 10.4673268105686 8.5938500171709 9.8222924187093 11.3645566503162 34.875798988282 14.8349443129295 9.66664930220547 19.9234585168366 8.53112779031243 19.2338689570164 9.32944360269448 6.40322855643373 4.25473260220716 7.24730807703033 4.37325602226062 2.78198581843139 6.7559776267107 5.81782586616744 2.90415038507778 8.70979064658963 17.0194562830068 23.8232273914626 14.6075833140534 11.6566836512231 11.7393424433442 11.1578543515801 8.22001083775297 4.59211610164459 6.76065889339437 6.80533276627385 2.60881343402661 6.4732467703218 8.6405214000673 6.80793081484794 8.64207778939318 13.5536559568096 15.2704376831703 10.9945267562994 6.30868984581567 3.12219484607214
6.35961003634737 6.40573265055788 25.76741701583 58.3267876315066 29.3888722005074 36.3688818892659 11.1323900816753 14.2734987382835 14.6748034495401 18.7816441710865 12.9658842851234 7.68492284953262 11.8410329233319 9.33172258672505 9.70086460405782 5.5469910736001 10.4537447804843 33.9357651938297 39.9477091582502 8.37398342876745 10.7975964442531 11.6693197373402 73.1623065892186 142.605256106555 8.30836149037966 8.65133858202121 13.7718694178106 17.6462592792679 23.4142950301995 14.3228744430702 9.23469591965475 6.14672486609839 5.61572154255036 6.45743396940192 5.12354229363469 7.37949565831778 5.837774161778 8.71137458468968 7.60595525055148 2.93492956788949 5.9862459796123 12.0149807905312 12.4337529634033 7.17397540992209 5.33036099414919 6.91909989711765
8.02889670696831 30.9789098710782 127.430301681468 12.2843703272197 6.3810011249827 8.94913113537255 21.5105500697226 24.9758435290138 15.6718823844837 9.88668758586659 9.60532309149773 11.778170173274 7.84642931496194 8.92106005632648 12.7023778213016 11.4665156619187 25.0167737818974 99.0447266811544 78.2237040981605 52.3070006089909 211.138255411621 43.2833742544258 85.7769823970099 294.185549181556 23.5042198260298 37.3691648312332 18.5632682480663 19.6700056741976 19.0054766165887 12.6935579105606 7.996480443901 5.93360632475717 3.59170785869411 5.97438395592114 4.72081351277252 8.98454166604322 11.9970721090205 12.389570053198 7.46348465139033 3.52365069953449 6.05402616593294 11.8984125478505 11.9480254364328 6.36775235920877 2.78969534355051 4.88253720100453
11.8581915594789 52.7176699949865 79.4717910639113 21.4902282850397 7.01598894418174 5.51270329812728 14.8356237938009 21.9856645572314 18.2403807652084 11.2155632511831 8.32573656288053 12.0214611780026 13.771860607385 12.881889366808 7.94326549047771 11.2690168276489 16.175471037793 18.5266453660224 12.1239903004206 43.5839308122135 215.666816014201 37.5701803923728 17.3567273785344 14.0778898907695 7.21133268582829 32.6763343030101 19.6262838232031 20.4912202069579 20.6751932903835 16.1002152246602 11.8548293260337 8.49416077598274 5.34583354411183 4.49571135426529 6.28766913252146 9.61338609709316 14.8446201255489 14.1391169766873 8.03316566129357 3.2520479154276 4.73940909036155 10.4080477649741 13.954152752925 9.77092099856885 4.98716503701108 2.88163959623941
8.29302435971095 7.21132597180551 21.3808762075149 10.6169986650271 8.29869593827864 7.82526891510619 8.28624461421825 19.1062056117608 33.1892900046291 8.04147241552217 6.87473213230215 7.00607824957024 9.75128962689289 6.75416497128887 6.59032389507289 10.2438045316098 15.0448571763756 14.5457985294922 10.6546811674169 8.63155459032686 8.72159906572548 22.4541306017545 13.1664766438802 8.60608043978639 4.53920824465546 9.03615853932579 13.5632337769631 18.4327795355073 20.6809774259712 18.3833580921473 15.2888188082074 12.7674167076157 9.12980474486103 5.97122455013085 3.24200236151981 7.59125940596294 13.7157847831588 15.8943630085811 10.2001049730895 4.95040300054657 4.4220335062468 9.58826733362456 15.0744492191423 11.4800677077808 5.85195574236422 2.54321755769677
9.42085647777879 10.208644700474 7.37494398585636 6.08945269470654 7.096295963991 7.28993366652364 5.92935921785018 3.43841409434222 39.0848116536656 8.57299881662882 5.84089992952008 8.30633481135888 11.3066281918123 8.7804731142084 9.54102391117279 12.5840755501622 16.7958558023714 14.179439403078 9.30494012710507 9.74774021066698 10.9383604954915 9.61922671186962 14.4604488016425 9.39272830086007 4.47846794704701 8.59978781860956 10.0268550880762 12.7473086765776 14.8123989223204 19.6538599470275 19.9974575310987 18.2089031216233 14.1284640839523 9.52855412706599 7.84809246119613 10.7215580503406 15.5784101179541 18.4422960836041 12.8602626044 8.89194523230196 8.49029287865141 11.7004433060208 14.2692408293702 11.7866592278648 6.59762741978658 4.2494944095613
13.4158373220729 12.1541311816441 8.36465327892163 9.75897669214167 8.97551185099734 7.76469752757534 11.3757383743762 5.83762976318773 19.9271606302068 18.7049409739571 6.6338114273121 7.69816923652918 11.1110214462557 16.2549500028553 18.4428625231942 15.3360815000279 15.1053734782218 10.2912119302664 8.31316242211681 12.4329189961068 37.4516927959393 18.9374234969144 17.3398076810424 9.90405173314976 6.14568423351819 5.21021513128687 4.86355322304073 12.5666764499626 9.68487902664628 16.38102089197 17.0969161266169 19.5559945622873 18.2679295404552 19.4064189315479 15.1544428150914 18.395854300669 20.3505143439625 22.1771339993816 17.6509979723974 14.6951260764007 12.5909751081907 9.98017673427739 10.2774058538075 12.5315959023363 11.6830770549855 8.66694664684021
13.0844204067158 12.5220980791275 10.2154708484142 9.99130540541786 10.0503519244429 6.12485392368916 8.2989171897169 8.06070979225845 7.61880580699579 6.72284267566769 5.39457276040581 5.22129306732667 9.99088123647935 14.641386579939 13.314262322045 8.36521516541209 12.1759792979768 6.05032210291174 8.32941909354539 10.3055115232774 19.5444991910956 5.11153231284505 10.1067491129334 9.1791707594249 6.01110171006587 6.05336827249024 5.96810684484778 5.02151750800053 5.5592941814114 10.0272961884363 13.8831912723025 13.3856098918532 14.4213250736868 18.9815056242601 22.1479587909126 25.3917615714373 29.5728738463229 25.706530430914 21.9217318920696 17.2605125444397 11.0712439508781 5.32916055841955 6.27682356481874 9.57953294824409 13.8430680357862 11.8448460898262
7.42644572819224 7.73143469990739 7.30470991002185 6.12796430093762 6.19827404821249 7.09985841602018 5.82087622738041 4.71088215739061 5.36708636057635 6.00493789480936 4.63934722548346 7.00521383450519 7.4462201311716 10.5039888766051 10.7646064752897 8.00109179175944 9.27581808187311 7.84379595367996 10.4123292805004 12.5802349673132 28.4299698617546 15.7506649290732 5.22499911199456 7.98019119510047 6.63539197474845 8.89366962093838 8.60394443518576 7.94430267945738 4.93216593586171 6.80240975000893 9.09126422674639 7.06725230869079 8.88314343074228 12.8262880521476 16.2776143284707 23.0386764853176 26.5754881045832 24.2544519918659 19.2025011236541 20.3199513862292 11.5946056645856 6.62485233759094 4.40953886625671 9.07907229198679 10.2621548797976 6.8197886485647
6.86572382544513 14.0154742375842 8.24022301556641 5.80373087967728 5.28456046989007 5.00520087904678 5.88424555816145 6.05242837385118 6.05683382774331 6.77050585747394 3.9368953095132 5.07785270732522 4.89864773444712 5.21380453051104 5.70869630078162 7.40098237649207 10.6670038587901 12.4685152977535 11.5963207719477 13.1274313013666 25.8169803826778 37.6138063335629 8.74150159617533 5.18415893613879 6.29915738000741 8.87774439282539 13.8574733267334 9.12404161623728 6.28161156442744 3.72735347273086 5.11665723633633 3.10386441843235 5.21572425653805 7.38097465646913 10.1091262042255 18.3280949684858 21.509089455334 17.8529681911763 13.3599455077888 11.1555886527089 11.7611367897444 3.38532197852344 5.76003857592891 10.9953906069318 8.57130021128999 3.79900460326529
8.07043279818379 8.1307920941625 12.0510263478672 13.4403258291056 8.21610441727445 22.3989271892194 42.1203028718313 7.5142716022011 4.9213482916271 4.84658691020991 4.43344675116941 2.7145694769049 5.62205727740404 4.49060931925576 8.43835402695968 8.03039114203728 6.92736207770372 15.1045174653743 14.3639124216978 104.306324065244 113.78117867949 17.1173565762751 11.1822714320492 4.90260138495446 7.73506665115727 11.3401457024803 13.2082706446221 54.5117444707977 16.1037002351309 4.44059708943927 3.87766734341866 6.25481109781067 4.01416990572153 3.31065535622201 6.85710650574774 13.584196350603 17.0096365065454 12.7842489342668 8.38647293082165 4.77446180819486 4.49903843694995 3.09518612500219 7.8103386378317 9.76865593757788 6.19499217946011 7.75153078839998
4.4644531366793 4.34308806010495 7.98503031201878 8.49543018612642 15.2820052410921 10.9237852694863 5.60315130582242 9.51341641907475 15.2729042228874 8.70098883570572 10.0205364340376 6.0874883382996 9.67322670070969 5.47641320335821 7.2101569453355 6.91175140168488 7.61437546163742 22.6328293573903 188.20493575475 146.179575753439 170.93757387697 9.75606632999385 8.91957587376356 13.4262713661026 11.7041564764853 10.1727628395808 8.44053024302973 17.4726999805283 176.453881049983 14.3045981759949 5.53849816508485 8.32302134309751 8.6092360615635 7.08371501483503 8.76665434667396 13.6485245451437 14.9246059786422 8.58611975322494 3.48237794834002 4.12711181311756 2.7844255031012 3.15316012602388 8.14602535736045 8.73025326097473 3.73349785281938 5.17481297158682
4.06620733314446 2.96078097001793 3.33825656372915 5.11964217701263 8.98789292139982 21.8545770695185 16.5672213572477 16.715085704936 14.6169316839556 19.0404970115998 29.1375003166781 10.2066764184592 22.7878300274657 6.16431573163222 19.8387596506238 9.66225617955013 6.98934491764512 11.5676601168179 208.19530965953 74.2956804960466 105.548033117504 8.25391681915856 8.23856819461874 8.13162940285983 9.17673571132439 9.67704586185051 9.78718993628075 10.9522724946394 37.0336605252398 27.3205687445486 11.0547407261918 7.65046920996737 8.73647692894139 6.409239597808 13.3024273945336 21.3528995580563 8.06225984679213 7.36172244413242 4.42380905164844 7.18893331545463 5.04390188627762 2.93152446609724 7.2466969394966 10.5241268196683 7.33078719657814 5.39770039073411
5.35810782725775 4.74073978538362 3.86852679663798 4.05901873275965 3.64308766211492 14.1159553317943 32.8858709957476 71.9824666869818 96.7551051821623 88.6577834051434 163.689342314007 125.532172523975 79.3092010343709 26.9394036783939 36.1759392263875 31.1629127617823 8.94248876329792 7.42067780251686 11.0656858609866 9.6462590551552 6.67676691514745 8.54176511087547 7.64697694628034 9.92030061989195 8.75889745461014 6.18939652938439 7.1022365279808 6.51049002161454 8.45024526403938 8.1761363794919 9.48806328756223 9.13690620415107 8.1761306688017 6.28019247430984 14.42234244246 9.65092531566346 4.5148477308375 8.28033274480217 9.78938787237467 8.10420837281593 5.4698198620851 2.42829019068366 4.21871365511425 9.60677513386758 13.2093338444012 11.3120027352559
6.59670740379167 6.56219018380577 7.55835833706382 9.79629200148491 25.6093307367459 75.631414106926 121.870962865974 269.06831355267 303.103178459159 267.858356732401 241.953741320436 219.423743716319 139.870231266721 95.3079630095137 73.2143160933551 32.1420159230423 14.1798806222181 6.72628426685702 8.87516941712862 9.42373594983193 7.58267320125166 9.6346780675287 6.32687520798112 10.4518042380569 11.0409147115722 14.2945087251783 6.59426213300325 6.68646867599129 10.895981850863 11.4551258975862 11.6066615943923 6.72973881565641 8.54446079440596 7.27211942567602 5.95164890935106 8.03179274977205 10.7202410174816 14.232633275047 9.24935464939463 4.48906684164275 2.93023182817627 5.2509621798499 4.01207213479835 6.69301533700435 11.2995614635728 15.3200155703198
7.76673258730515 14.0676693354144 9.7306545227974 4.57216523637997 5.99914228950632 12.5337626237313 58.461229129629 7.67732893259412 53.4921527967274 119.113100563624 123.557636790458 110.875229934603 97.8420835538679 46.7901209034285 37.7067001061914 16.3744344744015 26.0651418725654 19.2022631096916 12.9680800534146 17.5765949220294 20.1802947292108 36.7877207792954 17.1184111457163 13.9175064239906 8.26276667111774 8.36882601945915 5.5118052333412 14.2276180737265 10.6602347872939 8.38043071284592 12.7850956214804 12.433737656287 10.0712301870838 5.68211020539513 6.87009386179001 7.65700876137744 8.11219889835685 8.45168386685573 6.4989091269459 2.55056377691128 4.92677479296042 6.60240943516978 4.276231505272 3.2117193521835 7.06411429991294 12.1708479735322
4.03456679013237 5.63947773829519 29.8935979042975 5.42063851828398 3.8903513666394 6.59525186225724 3.65156652463203 14.4857537091425 24.0158636691187 7.29614854818361 5.71631139583777 7.09092795623854 9.00450604964352 5.9850416927731 7.07568318492492 6.46229883876023 9.83859652331829 8.13467723525529 10.22987225966 9.03643515891298 8.9404801840637 12.2307989502201 13.3831414513918 12.0072358548806 5.94838442943047 12.3221279085852 7.79688361007826 15.438756889211 16.7037212449671 7.35686347551808 7.62420825665489 7.96061909921273 7.87499249425105 5.41191360219999 5.53984029707872 22.9862295183415 24.1742272464974 5.83744581768043 2.8536504559701 4.49859388090211 3.09738622923792 5.53422724158685 4.83222876344445 2.87248419625619 4.68990523037103 9.42363762371456
10.6472081167484 4.87995761286447 8.68960879689606 7.46725712021336 9.01441936020237 12.4163330186366 5.66657759109445 5.60675518942469 6.19154472848236 6.38096592620505 8.04947793434467 9.06761402168388 9.28696271536819 5.27330609880744 6.94259020929011 11.2581101881724 12.379278213878 10.7705014038598 10.2886265594351 12.4074904513861 11.1602360201173 5.98810010026901 5.22853803597306 9.80700710314874 15.3665466741411 14.1463988523927 11.5941659153238 11.6134309032661 6.48350674033301 14.6930934771945 6.91246937046175 8.43331726977481 5.82887831880323 5.09704008208042 8.01239701851759 9.32023389245482 24.407122869784 5.49039169705849 2.62879108572337 5.45421055735611 3.55253328716455 6.24702996617299 8.16482534214532 3.63176895178153 5.16273843645887 4.75300736891838
