IBR/IBR_outputs/all.combrep_1/EucDistWater_Total.PersistForestCover_Total.Silt_Total.VRM_Total/EucDistWater_Total.PersistForestCover_Total.Silt_Total.VRM_Total.asc
NCOLS 160 
NROWS 95 
XLLCORNER 210004.651214014 
YLLCORNER 7350008.22228844 
CELLSIZE 4999.99999999997 
NODATA_value -9999 
[rows 63 to 83 of 95, columns 92 to 137 of 160]
6.7571638237168 5.28054864600299 11.9418469026434 12.5046698859754 9.91787871853004 12.2056802295644 14.6207740742154 9.34986828835796 6.74184138184419 8.31650882590538 13.3652927473401 18.4890965489826 20.235834411548 20.1392269447145 24.4896361598976 30.7566357067748 30.2394995304977 20.7005287138496 31.9007213304373 28.4973336684428 12.273377389309 12.3585065616885 6.72511075632078 4.26881599064003 6.72915084939745 7.73340478504898 10.6502761617758 13.7522850858988 19.1540672807305 24.2588955937619 29.1043344378709 22.3535051920633 20.7524639360044 20.5212046635099 17.6173029543639 15.9861032892732 13.3160061473033 14.1761516200685 17.2573941360781 22.5720750888794 21.9179215597016 18.4981257498253 13.015373314973 7.12401017071367 5.26582504860371 9.11410391038041
10.6023276341973 6.50069750807145 8.55782608000363 9.0675887734371 10.3852000958082 13.6605712838063 16.7798821543968 13.3642781336124 10.13894027282 9.59159210157301 10.7665117549831 7.42499225078194 8.92836682832378 13.3171083974752 20.898091288409 28.5370006994335 30.700820862064 26.159947101605 15.5921367536764 8.73198191011153 5.27364255622443 9.74213352439553 9.39190836803597 8.70763568546315 5.65006290015157 3.78031323449223 5.46553262537521 9.61038710016812 15.0658883840452 21.0614063261058 20.9035282371797 16.0407740138079 14.4111772453741 15.2947448284105 18.1771038067871 20.8608393489586 21.6986366262907 21.5631646906438 24.9815691752157 27.1313413581183 26.0294226095304 19.6451084582016 13.5220624696059 7.56247741619895 5.34133070524883 9.43010519700499
12.1838977825484 7.08953576855287 6.01989128971807 9.75122564801092 12.5335582784879 11.8303971717623 8.0393541102607 8.79500573408678 10.6603624203084 14.6359367693875 13.8539650402434 5.63373735257046 5.55836327145047 11.0441299686105 17.5997339832395 25.6032218777086 29.2370256147172 25.5480921819436 21.2711293084326 11.3489668902678 9.34459019725512 14.8492991542664 28.0625247754012 10.8121884223973 8.61594445239391 6.60653720865688 6.68178208101706 7.90191296958661 14.6458958404098 15.5280386514336 13.2468932944985 10.7213261520423 7.36394108397626 9.28029780972258 14.0038494782491 20.0601033311306 26.960864853129 30.2303378119968 28.5139144772892 29.8149091725231 24.9979378697815 21.2263382097923 16.2472951411976 12.2496125424715 10.5850869425945 13.0630072465023
6.19721731086722 6.18473388367986 8.41549717366112 10.8369027594032 9.47531322108952 7.04454074046892 6.5135076946998 6.13119267878619 9.35329477237508 11.3263696430301 10.0908248104985 8.64484206669333 9.56528116204867 12.7508799006302 17.8148099231475 25.1044520420551 30.3646786709498 28.9372585498629 29.6443514982203 23.469963386265 19.1431021604631 45.9280612707721 81.3719702862056 20.6954738163376 21.9122823686619 12.8224286188889 5.59630620917712 5.59422450592619 15.7242469956731 19.4202664403732 6.9159025078709 6.75687743564587 4.34175667116087 8.10696247630925 11.7694340103278 17.9658872810697 25.4828100212507 32.7025351314781 30.7649287205872 23.3488420241129 18.2215577064673 15.7475192760808 15.9749105271077 16.4972809000982 15.7909280319857 16.384869378331
7.92864013517038 8.09389908050255 12.7287857124211 13.3904769549731 7.74436444582504 3.74621341452527 3.6904091961193 6.21703648649639 5.95879372436859 6.35944891430687 6.3936642770565 6.95469576219585 13.5603470096639 16.9567017803518 19.8380919819292 25.6001771630857 31.0594244820933 30.4563827199813 34.0085362681113 38.6575687454219 31.4564127187393 29.2443061571784 29.5750754992154 22.7160337988358 21.766942006473 18.764977041107 12.6481374632902 5.48755998651867 6.30428923649878 49.1957873075717 23.9592914925437 5.59569721492715 8.80323269115061 9.32908882155657 13.6632663177648 19.3914860387928 25.8554997220787 32.0466349368406 24.9966328690093 18.6376977065195 13.1460136848249 9.53341808436562 9.61966574130849 13.6271709530365 12.1588817270804 11.0004442522136
10.5305454379229 10.7875883969797 10.2842268995999 12.5437199065233 10.9031894165278 6.35989298723893 3.86739081792822 4.00572519126482 6.68855494671153 4.70651729742146 6.45192027240778 7.29784512753892 9.62196906968032 13.5561313337891 20.9399607000199 24.7668960202523 27.2433435794255 30.2993451943726 32.6457743006058 39.4085876372519 39.9633399172287 35.9181355950468 44.9342286216111 36.7257142160155 29.4774772098439 21.8050040859692 15.6304264224982 9.75468336611188 8.46636519624433 10.1203483047115 11.0242469366037 11.5348075690459 8.34737157026513 11.8240469897312 16.6678837742998 22.2125575442379 28.4636623707437 30.1850411582531 23.6864023626661 16.8488395347088 10.3548452567729 4.9462232999306 4.65923129491585 10.5010367692261 7.86169885960337 5.62588580505663
12.4532874173827 7.09749467924144 5.07527125492891 10.6877914067199 14.3465975977127 10.1905928530711 6.15527051974519 9.95972188702141 11.9023878385451 7.03995105973958 8.26950713999224 5.58731362996856 7.67453137048658 13.1830989201421 16.6224835301931 21.7800165557525 21.9562998632752 24.7159943873667 28.5468031699618 32.624048459754 70.3977974882688 61.2142844633469 42.3816342219853 34.8514048429777 32.6604936311451 26.5915653909792 21.1715725080844 16.1771928651609 15.3183103884314 15.3929534914596 9.46820057401099 4.53767515402236 6.43426908830042 9.6899261366754 14.6013129203426 21.0234563323831 27.9296189198492 30.5779611009748 24.5465916757851 17.2368841405467 11.2622613794152 6.63373559550345 6.61694147447273 10.8065353829679 7.41207152432326 5.06974234315379
14.6389155712468 9.87370863068047 8.30164439960732 15.1208000383529 16.9066414683876 15.6381822811192 15.2938425677929 18.1013733922841 18.1203201134461 13.2894528723561 12.7359109727903 9.67297050451238 6.79750096843756 8.60540231154334 11.1442642532665 14.1561858213573 17.3019438556305 19.2747447506994 22.9356426205301 24.4262034899986 48.0721051889987 47.0333123748878 36.7548882436676 39.6102722410296 36.3360094129637 28.040372635616 25.4558418878946 21.4549168776802 20.1434606602925 16.5558246927228 18.0089825576541 8.4240226944118 9.21977264708688 16.0547041413107 15.873478869611 20.6501437567856 26.9823665656887 29.9088876737955 26.4176203725705 20.3590721734375 15.4391600416866 12.7356431439272 12.6129446115719 14.3807262275487 11.4949170575844 10.7007266935016
16.7526352342655 13.5446345862918 13.0425762987216 17.8648770254637 18.7259119995961 15.7741135648668 13.4928665836392 17.765431500653 18.2185449593927 14.3831317013006 9.40102916223223 7.72247916454809 6.82401005754494 8.03240103779849 6.27738491299102 10.2238409242503 13.4542633883028 15.3477412232551 18.1851597953431 18.8003741683964 27.7558829161234 26.2962766458116 29.07932899299 34.1437724498121 36.5612210788584 33.4349032689292 30.1670548820308 28.2608018502596 24.7998794036224 20.6449916878849 29.3136559520767 12.9636829373431 12.9841427766951 16.7719629714723 20.2660292719076 21.5652822199807 21.7562463378513 21.6740871711581 23.9570541866248 25.8905565515918 21.8008425908266 19.9490936471546 18.8542961099332 19.6806920545148 17.4914620658535 18.2611182873449
24.3391829922295 20.2269687293237 19.5796918963022 17.5188062893202 12.070881512331 8.1520901786452 7.16457762131294 12.7435207200342 16.3035995623986 13.299094668188 7.85488581270936 5.50528489411708 11.1225202236168 7.71681263312439 4.98242792835837 7.28205135929999 8.12496561379929 13.9883539184157 13.9821771259085 11.9265241426679 16.4672690676941 17.2708617213433 25.470234415788 30.068247926021 31.3800255523676 30.1577313138861 29.4716569853539 30.6156068016967 26.7486781555596 21.2320304485732 16.7541646879786 15.0454872101574 11.3555505965627 10.9677066433108 17.4177740098084 18.9568501160833 15.1456906812475 15.3510600166399 20.6979930611398 22.8428364795267 26.0218812662079 26.7036509923848 26.0264939490003 25.943307421205 23.9644853756498 23.9675556743094
30.5305765991511 27.8493779149233 23.4765027843096 17.9483112074627 12.1391877398725 8.1663232619218 6.64384150459923 13.1748606956422 18.4511421076786 14.319021235258 11.2891896106152 10.4983601498614 12.7959813713622 13.3736893103283 11.0641691671501 7.71722695178655 8.30465824986373 15.1463555364044 13.2576529161218 8.74206420169578 7.9078041096424 12.3265568094875 20.5171729269726 28.232680473199 25.4105400818914 23.0212741847882 22.7845806622049 24.6868082934582 23.0199854131197 17.1052699297582 13.237873405286 9.19773290766895 6.19086635204021 9.03764132585258 13.7180545008106 21.6937269473265 14.9211135456841 17.9259174441619 17.1330679587503 18.861815549262 25.1508661759623 32.3957031548479 33.7035533474193 33.0230296775647 31.5638153353404 30.0314123025063
36.1839262651907 33.1866530981257 26.455583550398 21.1483059773757 18.6538443377726 13.0748752678792 11.7163467072523 16.8035075107903 17.0565519511116 13.1917459092018 13.4524411697234 16.0132285297021 19.0672973609866 19.9108963120602 14.9632338037925 12.6260658266225 13.302983905272 12.5935312506281 9.25938683648846 7.99140411061189 8.35161819843722 11.1187562380002 14.5146537831136 20.2025571299342 18.3548155805118 16.1897638647461 16.133608160188 18.0653222027086 20.2258456777223 14.6534858223176 8.69934566981271 5.94621628510769 6.35282262198879 12.6543215492579 12.4633224426285 15.597946166062 14.2526280829412 10.1329868035595 18.9096004729079 19.1881200483038 23.3934858155084 30.4284176904481 36.6965139905683 37.0597336010949 33.569696842505 27.5141894384743
44.3755762294408 38.4243488613604 32.0134506869137 26.5475034249584 21.0549092747908 18.0161339284837 17.9941971886475 15.6826969962998 10.3420431243489 6.52967655294617 8.34211372633091 11.5850626325057 15.5369223729302 21.1979940508353 20.9015521495829 17.8436323300087 14.3836279329618 9.15188600837879 7.01008847155082 5.96809060413634 5.03113099768944 7.68253227297247 12.3521976619293 16.573741885217 13.7003773126399 9.55831272971204 9.47886147323063 13.0419630958305 17.9457889499179 15.6352785234003 10.697154249911 6.46608376336966 6.90542723201225 11.1627912842774 14.6372200425787 11.5468952786802 7.80963832266926 13.0917369477103 14.6720614765531 19.0416697298485 23.453738280193 31.4375286699925 35.0128563390376 31.4229149917622 28.140132131926 23.8513457552422
49.9369243653898 41.1785756370996 35.4495746099615 31.4810498715267 27.2246688548208 24.5674865573179 21.2082648677952 14.6059268786207 8.32734749859547 3.79523443902882 4.39627772771784 8.62284388037217 14.66191757933 21.2475321520311 24.9743024511019 22.347780089903 15.3550048743831 8.96353290778651 3.8544963026529 4.72356239603115 5.08666763783256 7.58152253088953 11.2786481050992 14.8022160402656 10.1464120921275 4.83731043390903 4.72146996160963 10.1988797821354 16.466302290931 18.1572449805557 14.0042811937592 10.8976262889456 11.8827002819295 14.6055749626541 15.9085034610048 15.0546807747665 12.4564725820704 21.3315824028854 17.5294427452619 20.5674004509894 26.4490997751064 31.9609265067896 30.3605479247411 25.3957211922482 21.584888338233 18.5779509564469
51.1168214245611 45.1851591550552 40.4420960295394 36.93451942549 33.6335738677707 28.9455081216575 22.0149428531463 16.2675800579054 11.3803401150275 8.6481837191564 9.20461806012627 11.7544268458731 16.984718827589 22.1419915188046 21.2795941398474 19.4474197905431 15.9826344362248 10.7159191964212 6.17375180503411 6.20471772552752 6.98245542954487 6.44754391688312 10.3872376427894 15.0039049856167 10.4246309746741 4.82089274750543 4.97403477868892 10.6205182788758 16.9523501730403 21.7895951418168 19.0843826747415 16.8910982875161 14.0600386154201 10.5931288974034 9.99051012373902 12.9786669496597 17.2037109485659 19.4774707779896 21.1388550329889 25.130577624773 29.9911604878486 32.5059949151278 26.1646177021491 20.3633236554723 15.5886960623906 12.6324987562463
50.3983418023959 44.5940812623437 40.4231402204891 38.1604301381522 37.2727443539562 35.8797948863369 28.9420307858944 22.8764910388219 17.5567847656453 15.6931659935307 18.3069704287927 18.0772364353176 21.0882852021327 19.2065824182856 14.1629524427752 11.3651160711337 11.7793740638544 11.8005324081649 6.08660787674767 4.71535793168433 7.1928701883766 5.93201415556235 9.78804853045896 11.8761953573721 12.7631113601413 9.4462578409425 9.92129498586653 13.851708473267 18.7807116757079 21.2327949661688 20.3269287752507 17.593942229114 11.2440286978931 5.78275058719261 4.80677681806475 9.43223232654448 15.340581302927 21.0669892145934 25.0287254681247 30.2472561979754 34.8700743813335 31.0103400460726 24.1066351380223 17.1324862936824 11.6073075955539 6.49693439938605
43.7793929741833 36.1755195474171 33.8462403193304 32.9884488066966 35.4318635727013 33.1932117422567 35.914720954946 28.3820992734873 24.1584449083902 26.4363439134649 25.5720429253407 25.5129181391303 24.1497127142852 19.8024960872869 13.737826837544 6.02446669044258 6.27034068393047 11.6881359438414 10.905061038537 9.09514174769129 5.24391506771771 6.60175281589404 6.29413783564723 8.41145901886097 10.7161690984202 11.989004266158 14.8829244638861 18.0778122388218 19.0797061864729 15.4337055861105 13.8016347762059 14.7601983397559 11.4550413470444 6.31074807489106 5.20832649557554 8.51854104159733 11.4381896849288 15.9607761737368 21.6983185961901 28.3421304061654 34.3669219480776 31.1436565212611 24.1563375988022 17.9144115120844 9.76747374347815 3.97195320917112
35.604630428589 28.0754793444359 23.5930906011232 21.2059929864509 21.9082659521606 23.4332199393954 27.8260071196221 29.9432904371852 32.4878118206274 30.7574495658947 29.4132654281535 28.5422168365055 22.5281545513189 16.3860206449001 9.7004137998269 6.42319191929231 6.58754519389978 12.5536892779788 17.6501141371311 12.7377601799143 8.50759599850588 7.26909550965784 6.49140115786805 7.89580156315748 5.91321469020499 8.86734801137564 14.6719453005735 19.3872816631057 15.4840644089958 10.4419366113704 7.58602671154154 9.72816320560543 13.2235379794832 11.1217422503965 7.7169663948705 4.22939025955151 7.30627622312334 13.8567326781728 19.9016528652527 26.9590314448209 34.1292020372626 31.4423555454943 23.6762305213747 17.614716985399 10.3916308123167 5.26399196160003
28.6323737680977 24.1068859214562 20.499581206432 16.0862383809082 13.6983867654464 15.6320168041452 22.2217724890933 26.9579277089618 30.8477285542008 27.2722214193618 28.4823107374958 28.3625315916844 24.3232299247762 18.6779294667522 15.4076455827308 12.796900779988 10.8711753301564 14.249383759498 19.318404332379 17.5725711980144 13.4873015156644 9.41280179546553 8.87361592164016 10.42737518572 10.9507360377611 8.18348376092232 14.1599210195266 20.132403524354 15.3818186739211 7.64073309170512 3.5812248353004 7.03098634605256 12.8521358953283 14.0009651637455 8.27458994856687 4.57067074598124 7.85635335649098 13.807933843458 19.8621233431077 26.8517276220918 33.9525442291842 32.7940115811369 25.1239674618081 19.2714665124437 14.1993274691819 10.5457189769764
21.5597076353796 19.5399005574851 17.493040435222 10.7821785475088 8.01522102339139 11.7411826313299 16.337689057278 22.4842944263905 27.2937966385714 22.5354720918297 20.7743741593224 22.4356919812357 24.5782695032649 22.6934486582429 19.9109769481098 20.5110615291618 17.6290471005769 20.2746028157583 23.1540148602666 23.4390202653594 20.8540039326396 14.5092422864635 13.8690876615042 19.5488890185404 17.1050527837836 13.8052976674226 16.9318557809565 20.2729037327613 14.8025880362708 11.4178491355013 7.92897522976395 9.42218105489405 15.2727771654978 18.5191537996042 12.4752887402379 10.3615876846813 12.2290341460782 16.7388332012584 22.4110429131259 28.9302810477268 34.7680487190972 32.478658865405 27.5193443865208 21.6552398117918 16.5784434687256 13.1686225759651
16.6876343551192 13.147008480988 12.3114637640217 7.48944111710016 5.15227366254443 9.67903779763031 15.291978959431 21.9087247483172 17.4648373070915 13.6711842997851 12.7921558060664 15.7194436541162 20.4523735913808 24.8452894046735 25.0833225227602 24.7585665154392 29.0620550628065 27.3629082119074 30.5873197897012 28.0417851574832 22.9667850399111 18.8581460045257 20.6491294080624 16.642789930819 12.3456387610205 14.7450239928232 17.1501074320659 21.5109384389618 19.2195560383313 16.4237677431646 13.5543213136218 15.1475112348258 19.2569722380831 22.3149969629238 18.392488769892 18.1947464924154 18.4518824380106 23.4824649210961 25.8530484016954 30.7896511179064 29.5060142866497 26.310381062542 24.1779046957193 19.0264781149433 12.8789550431993 8.11491656770935
