IBR/IBR_outputs/all.combrep_1/EucDistWater_Total.PersistForestCover_Total.Silt_Total.VRM_Total/EucDistWater_Total.PersistForestCover_Total.Silt_Total.VRM_Total.asc
NCOLS 160 
NROWS 95 
XLLCORNER 210004.651214014 
YLLCORNER 7350008.22228844 
CELLSIZE 4999.99999999997 
NODATA_value -9999 
[rows 42 to 62 of 95, columns 46 to 91 of 160]
14.2602739286503 12.8536139817595 11.9515184580258 9.37627207407636 7.37953453252583 7.43071895822736 5.77495791621331 5.75137750405837 7.58770797628263 10.0797690492034 7.8149242269472 9.36524152874668 6.93023149337121 15.0807886692793 11.4240689979904 11.1825670183394 23.0856377407967 17.8088498482498 16.0677141331981 16.0219322741342 13.8704974053693 8.02641319136911 6.19945558817774 4.83172879179704 12.2819781833375 22.9552020272407 34.5817598948003 11.3732172379565 10.3159755328512 10.3980502219364 6.18562046296767 8.8131740849082 7.83948007482683 5.95880918714963 12.5134367384497 8.7301710145038 6.87642079391328 3.87069413199129 3.56309707299207 4.30854662021728 3.35262816631417 7.84604440329704 12.0895853541278 7.20201025838153 4.08876359485081 2.82622181823573
16.9801759716226 15.2584409581603 11.0419966071023 6.53551821187964 8.53169280107816 6.54143865484993 8.05651529400862 10.3266804376758 13.1401765828305 15.636100084129 21.0964878132539 35.3601966056337 78.9149221460075 13.317366933215 14.4480229514573 15.9367599509754 21.3908140339599 29.3371498265401 12.1676720023395 12.9629421103632 14.8181781414324 13.6601340855688 10.1600185143062 7.72622567802654 12.131581352607 19.7362967063246 34.9620667639997 24.7755225125677 8.80608719168907 6.73106679389782 4.88435795870598 5.99709489889359 6.03502608413325 6.5886688010525 8.09127274055431 13.3846223158034 11.664965604039 6.41706448506394 7.89975817860503 2.7379367656962 7.62876347911771 10.834164708788 11.2118112137519 9.19286064221703 4.36818400859751 3.12737960292249
6.98463553068195 7.92176501673246 7.25147469863468 5.97602225428493 8.82003752175529 11.3064997826563 12.4993110811871 14.1623908509096 27.0220857345668 38.4488350979303 22.687825202301 14.9684510496248 23.0481826619064 55.1465688486836 33.1213837646861 22.057023974583 17.1460134691686 15.6826448349347 21.5435961364219 25.7250113228086 64.0006609949113 21.7415862509245 6.7972169396559 5.36426113803644 5.42694724594909 7.51990715308321 19.4764795593728 27.0828765908363 15.310093471145 9.33040307442904 5.63500356184802 5.18608525370737 6.74729490308786 36.5496692161547 8.33863222239496 12.610131828687 8.97044260864886 8.61273406398237 7.20962367864146 6.38244462976235 12.4814138013004 9.62769268749592 7.8931626330601 11.7395999472213 9.93247078019184 4.21164560658471
6.48552128817341 6.24122673931257 5.78677861619488 5.74970376941058 8.19094710583474 9.16337556767199 7.73294957458597 12.0386366439293 35.7386255137297 12.8445629231216 8.41215763236838 9.89469672255517 14.1133334247019 21.2684439640869 36.9837529594046 37.1248706561232 16.575599620832 20.6351997951022 40.4592474720922 195.187126324417 138.793282103501 79.7496027396929 14.3369183346618 9.68697058552603 7.41468577702998 6.62104840741913 8.70255176228585 8.87696637035525 16.862377319884 17.0050728456356 11.7724142594887 5.88314152199116 7.54045230840143 19.892889753043 15.0443736281744 5.43460779289175 7.31220011708894 11.8055961044076 9.15268498048053 11.6594181661215 8.71935641591139 6.68697685398873 8.82873857448067 10.3791368291048 9.98541969236889 4.3433617362669
11.6991520643124 10.3532108292187 6.40980399280553 4.47972463748613 3.63624446162136 3.41689732710555 3.2838387881507 5.74278240599157 9.35468342966721 11.3657482349525 7.71851713839258 8.83073368414633 14.4338666861442 20.2898386647047 14.0602854790326 12.3422111397898 13.6995104260845 14.4449758551817 15.4193119386771 31.9648899060935 14.1656697458202 9.69494390424421 9.30508643180134 9.7843230583747 11.4617079327106 11.7906328894245 12.1410943858571 7.30166979748115 5.27970662612536 14.8418911185243 10.1819424731795 6.39368658940382 8.50304836537569 19.1601367783051 14.2886766727147 7.89740414751001 7.4774748074271 13.070500451965 13.0952898862911 11.4030160316472 6.4354574246693 6.37149736802418 9.28766994595265 5.65237039714669 5.16616074241396 3.24027613600295
10.0921877336189 7.23393257826541 6.36246674750342 8.21186016661575 7.22565736458246 4.56905937541693 4.78281405382855 10.447136198036 7.19882651220535 6.90897126200021 9.29209499241061 7.79254010187485 11.8171209439802 14.8537945268808 11.8104985301264 14.7301380114783 14.7479385342835 13.2046539695279 12.1794178250519 7.03387186389633 6.55002565345878 6.79272586723968 5.23294819514246 4.91284455357303 6.10055197759194 7.79292570638201 11.4958895728282 25.4411223351059 104.535661825016 44.3728166483544 10.6336545130138 9.25054899819575 10.1560256757037 9.98830643215137 15.1225834942138 22.2224616053087 15.1083748624944 12.4875818071792 10.7625842869042 7.55444662569299 8.3247879753509 11.2193525976102 9.38543543684896 5.53469202723872 6.38244123080615 5.28498694136497
6.80237392213619 3.896497586558 4.25939130764607 8.46993976719741 11.540080625407 8.49046885006374 5.03942735819753 10.040232059839 7.51260890030281 4.846646124801 6.61434016885402 4.46877714964255 8.88300780013395 9.92724359953195 7.85035783743708 10.6900064376177 14.3420232990551 20.3735239977256 19.6876930015144 15.9507451920737 14.1724540384983 12.0638625337362 8.51912771423086 6.65978589983341 5.62084827734591 8.07600772923247 58.8796161342175 175.218780673776 167.14639842647 109.620384547266 138.572115978541 34.9167675956494 13.7118246406988 12.9961587798505 10.2691776314736 16.5979956913224 12.7576218519502 10.8863361385859 9.94914695044296 10.6997308581263 10.8017126617905 10.4829012931948 8.70788708065687 8.86393367165036 10.0278481081159 5.87249546821066
11.6198855307272 9.45589455213697 5.77873799922591 8.04154285394182 13.0402409055092 11.7489262829768 6.83696447045469 9.08035617436162 5.33662490625059 4.03202246810634 7.0803653373279 7.25629617683953 9.43233945007136 5.36498274176358 5.13272149686342 9.44207881549626 16.8754350333569 23.1555732081519 24.386024065905 21.3607110966134 21.6126440605876 20.0495118716047 15.6610771362033 12.5859403152608 9.28418541715878 10.0188365799695 17.1037365769151 14.2747792427551 13.7275347137938 22.2472345770284 61.0851619302717 238.692528941219 61.6980570850794 14.1607064480144 20.9576474690614 9.53654327371358 11.1514801210679 10.8466203098877 14.0673532978626 12.0566578598596 13.2603834009089 13.2425534631554 7.93650260526374 8.21211923917922 7.38976447361542 5.03637897810587
15.6090314088153 12.3923487646937 7.9760078427756 8.30774795595661 11.9079875787556 10.5508735306655 8.42812806516524 7.4128038735482 4.53273340946745 5.90979330361778 3.53596511242909 5.4310805181726 8.90751396125932 6.76024474053983 5.01663416626709 8.97739662237151 15.8848123831106 21.2958594496285 18.2429074326691 18.3036998826152 17.791932661793 19.127831184398 21.7307901222121 20.1802202151066 15.4868603585991 13.9553342370129 17.4309198883495 19.9184508361601 20.6556011128844 21.1709899160872 22.3977211411181 21.5899905971368 52.7935499985173 17.2938300162792 9.17199726557601 12.0471395316738 14.0189619390595 14.5723285265027 14.8040118731813 8.05827169434744 13.8797828059918 16.4928327531623 19.921156850225 10.6469477435608 6.14486163452557 6.45256116969286
11.5517186288468 10.6937605693088 7.41518615766582 5.78688032753406 9.07591363761955 5.5395282491741 5.1788286006068 7.1083849465484 5.16390400631337 5.1139424427782 4.52722582820852 5.65963505790512 6.78203336089068 4.65583175353679 6.26603751566705 6.09969092227112 11.6428736941209 16.3550900457069 14.673480707211 12.6423032780227 11.2662187168986 14.9456560361949 21.0011990557524 19.7691424496408 15.2557228017485 12.1858068596912 17.7943062217588 13.792012917311 14.5483643783134 17.544821282657 22.4505222502815 16.334498898556 8.39444371222304 22.9971209685167 13.5293102269331 15.5616525092176 18.206533659269 18.4709243586625 14.3813791964428 11.5699343594559 15.0800282717369 16.9272023328483 12.1999490648382 14.8832986392422 16.5669693829352 6.476864230959
7.68224561954953 7.85945973316997 9.31233154688436 6.56877259428917 6.20446187907355 4.53612517273546 5.48508523821158 7.0274558362023 5.8493855969559 5.88406001457275 4.81696205358081 4.10393483009483 5.08545699196856 5.27664656956614 6.05484908731004 7.17487483047795 10.1502257587711 11.6185623221016 12.788122580285 7.7666233723815 8.48195130909883 14.3875196440908 17.8017287277758 17.0425258045342 9.0916462524597 5.23669965062331 10.3315088399932 7.82076574300729 7.77649231092235 15.042716610612 21.8629570350527 17.5517277131562 9.78395213007789 39.8898126024257 16.0577169556756 17.5696305933213 14.9535607799864 13.7305409082438 16.977281809033 18.8570234666301 19.6550168027593 12.2480227320295 6.75892220002561 7.56683425101733 7.76790250989316 10.1389565815347
7.36654484376335 7.17909779275253 10.9650526850068 7.9445809170444 5.20040926562009 4.88749130288629 4.60626271418395 5.13260938082052 4.88004391735675 5.33541485507454 4.02588338289633 5.78274653119307 8.08567567018195 8.77600566185402 10.9790025003392 9.31848388645041 6.1735035993342 9.25381422202837 15.5565766508645 13.658577952392 14.3906256057026 17.4193172566503 19.767630646702 16.7694683839251 11.0613521150732 7.67637586414174 6.29269244462568 10.2201048773175 8.09526446318433 16.3812394227595 23.4102997906297 24.7764524912293 16.1747462070851 25.0575353992358 80.6465002485258 43.6662242821248 29.6638532451814 17.6690505525627 24.1973620701701 25.2352149403531 24.1243159008231 13.6889064295942 10.0586206769223 10.6959383920379 12.4503788612424 8.92768463791145
6.78145534010879 5.699837058558 9.40491659273724 13.9723247215354 10.4631548324376 5.46296914170806 6.78599029896268 4.05970041898467 5.2886388148374 5.65461241542549 5.60244584048973 4.97221478368672 10.1841740548153 14.4438145545441 14.732848582583 11.8655277170467 9.43784246456796 11.5294300687286 16.7389011187936 20.2701295441007 21.6564679065719 23.0545932413729 24.93144488459 22.6967592538425 16.4145013537219 13.9404512975518 7.93252479336572 10.8301458984586 10.2002922066828 14.5439362334496 20.6274915511752 27.3031565346721 22.4115345249349 20.2802033264452 19.5623991282405 28.1875375888059 16.1882355028526 30.5090031725305 130.471777583416 211.723624794448 218.61208759388 99.7208170012497 70.8003413898156 14.5791296033587 15.2097534303047 14.9092173184738
10.2238845402063 11.6780983378134 10.8433173383961 14.5267509515253 8.71707866787709 5.62639832927002 8.32650287796977 3.68043090181779 5.4508579789949 9.07595468476969 5.24126093582499 6.53902969220234 12.237225857199 15.913838696855 13.0558608715744 14.4118612540218 14.2129509269314 17.1749050053723 22.1079595963535 20.6319188980119 22.841543453528 23.6270939357821 21.814392220148 23.7547027529233 23.2266538518504 17.9306316827079 14.4729854066941 11.6091432221744 9.70405966975666 14.3565162506157 18.9721527902433 27.1655897895731 31.5470541297742 27.6882874809335 23.4763818054584 18.0631848179147 12.7195877717171 12.6646220399638 14.1646137658725 13.756948975361 18.6099689113066 48.4498558367394 37.048777617789 32.4117202432698 51.9603963430271 16.432756182309
14.752916336942 15.3862353653725 15.3332047842258 15.1319307987319 10.9685972787863 9.766961359707 12.7307786204781 7.21242497131487 5.1824802954261 10.6766911837127 9.86994945330563 9.82254658361377 11.2990168823222 10.955717167455 9.42942405224725 8.92947705042157 11.4745294919934 15.1972450065003 21.4957667676353 17.4938516415436 16.9746412123923 18.0545895430113 16.5240696981452 18.3822931508885 20.8769647195153 20.7246047316637 16.3269530144345 14.6923950645867 14.3764665125304 17.0615284364484 21.2177620788212 27.7569755266339 34.7820382903823 31.2698407801207 26.5963115829758 22.2917017740342 19.5306928231846 19.7613839935895 14.1581834506667 7.91603945574625 11.6400064919177 26.4390907838354 38.7984945917056 18.9656349814086 57.2228694296936 86.8991798109772
13.7833745131174 12.0883924450207 12.4885907910219 16.2124250896059 15.0616884132527 14.5015254189506 15.3701258687032 11.1588083418988 7.76217258555057 10.7196126052816 14.2615862632429 9.85740464914621 5.47025815708848 7.68088862824238 6.88226330157737 5.86296903918361 9.90540300293578 16.0847817177312 17.7166447060626 14.375363921759 11.7454949066563 11.5580393417694 11.0810415671693 12.8273022614051 14.4521249566427 16.4090837372237 19.5270501246712 20.2724390029243 28.9347446987994 25.741836611518 50.1345936961371 34.0944795046422 33.625934334518 29.3663343192743 21.7663313649592 17.9840365486961 13.9344971965594 14.3581719300481 12.603379080234 10.3438871326212 13.7861649855698 15.6821257216565 16.7955905195263 25.7186929343109 18.7456795177203 9.42661104616776
11.4360007806843 6.90740999432481 9.22099599579696 13.7404561125197 10.9360630033615 8.10626358996171 9.26792661604394 11.6875118012394 12.8553805170675 15.0563155427168 14.6303100672054 8.09901436069393 4.07506983104231 7.99974822085182 11.094800203557 11.4553068225079 13.353990976564 17.7419120807349 8.66657315308343 8.5607150476005 5.20865799687983 5.27061672076847 13.5777936059899 8.08392924967723 11.2534554615214 27.6412283819144 23.61835033046 18.5308640448165 106.230189858881 25.0754964944644 24.1344424782401 36.7031660032549 31.7863021748846 28.749026921369 22.2737436748421 14.3829501773826 9.29957672948903 9.4459850295807 10.3294102701359 10.1467474036503 13.7460550192554 17.1217816412638 16.5766319247323 15.1979920160393 11.3888443159145 11.2919754969583
11.6307902021732 8.10589449468979 11.8996003372241 13.9544676033148 9.09003235541758 5.62790087179826 3.8917969104075 5.39694520890658 6.49067012833342 9.19697364694902 7.18741820485806 5.13221191907831 6.49174901857119 7.88401416006031 6.43531965356411 10.3580004849345 13.0029996140505 7.46699444461944 4.23698100642273 8.33807465788824 8.98713345507101 9.33696468849693 9.37833009834322 8.12276884061195 5.92871702692326 10.7620945351692 50.7598113153224 33.2250622706784 78.9802373965489 33.1779925482877 21.6822532958948 49.816717363506 35.6227840773058 28.8068730369244 21.3053510203475 13.9360766306766 7.38924827498529 6.52101527395051 7.1408800763097 8.63567233466765 10.9465536345596 10.7942452438133 12.5736677459537 14.086385379387 10.5716352593986 8.183996534238
14.6454788543797 14.7799235533736 14.318299685364 9.29596348298918 5.76082337000492 5.55104809264976 6.14905212972343 6.6873486569317 4.63197547540812 4.42406188749493 4.70944182618872 5.41387363730093 9.17870137812692 7.32417001095369 5.11438883311901 10.4664759258511 13.9801997588994 10.1990330697299 8.7132595593771 11.6711652888946 16.234812496887 15.4282217554765 13.1066873453026 9.43614929795972 7.23569081607438 17.8566752696334 10.9415233923369 6.96332184301717 9.9103747531659 16.1550236397956 22.2867000693591 65.3350945549767 30.516090184751 29.9871991402363 22.3907821873492 14.05790399853 6.93593101032907 3.70254384412072 4.13768632677348 4.30266187661108 6.63664639724444 8.12967871245171 10.1707438279258 11.9522886399321 11.1456141570292 10.0310958244782
8.54071060899866 9.69800017130596 12.2051836158229 9.49354226908705 6.94669136023363 9.8386426710355 10.7055546248031 11.0426589917895 6.86205586817263 6.59751900717024 9.43655378464355 12.1075366810775 13.8972325233325 11.5511993478726 10.308033474478 14.1639777055891 17.5163781433155 16.7048008507304 18.3346347351722 21.0522048684452 23.1427203912514 19.2425779858296 10.6590881160938 7.22923351381188 8.317433406278 11.8542043374739 11.8052163654443 12.9466175507576 15.3221059056999 18.5205590598157 21.9001358807294 28.9356130348129 21.9841131428627 25.1524449367329 25.4506061097604 17.0142845457801 12.7183106718009 10.0809222309676 9.37126713010092 9.01050193681071 6.63245639348779 8.1257100340751 12.6335083063461 9.32420213805306 8.14399826384782 8.99393166190713
5.17672306099209 4.88426775661629 4.85190610339452 8.35272662236895 6.40010951708008 10.3388078166387 13.9348154486202 12.7994725976788 7.05501575214984 7.21584098999932 13.9167132199176 18.7295254938177 19.5180159120101 17.7745788071091 16.6482554973467 19.0096472552801 22.918158467768 24.8334848726756 24.6461248231997 24.2881820876431 24.7140783159894 15.3147377295654 9.6946464723965 5.76619975333319 10.1071589846386 12.9304547739563 15.9932674100256 16.561347740397 18.793726661571 18.3874809024089 16.4823062069983 15.2087480664154 15.6013227953922 17.7135856779414 23.2732291335187 21.5397474556659 19.27407387057 20.8144792164864 16.3708243167173 14.7002730245086 12.3825261905458 14.5769027935005 10.6172260725594 5.56903572941197 6.00593175627096 7.11757282618686
