IBR/IBR_outputs/all.combrep_1/EucDistWater_Total.PersistForestCover_Total.Silt_Total.VRM_Total/EucDistWater_Total.PersistForestCover_Total.Silt_Total.VRM_Total.asc
NCOLS 160 
NROWS 95 
XLLCORNER 210004.651214014 
YLLCORNER 7350008.22228844 
CELLSIZE 4999.99999999997 
NODATA_value -9999 
[rows 21 to 41 of 95, columns 92 to 137 of 160]
9.97034920482272 5.78446509681335 4.53027709473105 4.13076402975888 9.40805011194771 15.7615429632757 20.9086795804496 16.1156034323656 9.83044986543345 4.52940008749646 5.06994192893449 9.74888092954969 7.34048623864813 3.14385348430914 2.79990817055319 5.75804045939842 10.409999251721 7.47309172888315 5.81208064585197 2.21814374954849 1.89259425940725 4.85096215777004 8.59752922551587 6.20909516486729 3.54302457931487 3.70096346042937 3.71478868689983 3.1755433098025 3.58230171096322 3.96232053860974 3.12780136479868 5.37496286913651 5.37643605372577 5.93351245190221 6.48998360620114 4.5131160339747 4.6433704007701 8.4260529010144 11.5532599995795 10.1268311411969 11.142180714147 14.7137379910598 16.4009299542758 18.5404175044708 22.1246755044058 26.7055988874764
8.23935836529034 4.12725363660309 3.32288439630311 4.14437868728272 8.98348452898278 15.0193686409503 20.820836856771 18.198138069862 12.8536233804821 9.42156008733681 9.60048129963121 8.59590801406971 3.88782772929852 3.14751844576102 3.06047213722602 6.34355825833912 12.1620614476484 12.626882261032 8.75946453483895 3.803921413013 1.7982977304014 3.35203420255964 7.59165209073188 10.5135432301052 8.86178796695408 7.89925189657413 7.65643428288455 7.78870618011721 6.5216233833748 5.7002104202717 4.40479062496667 3.3696949625216 4.19346025730741 5.85889328694027 7.17429310452 4.86125148682386 3.99400812946055 5.60222061517449 6.45839359221902 4.66968523468535 6.53054413442666 8.88335665114272 10.1317903281336 12.8273965095411 16.9292751193231 21.3617949092962
5.84820388230042 6.78638425745557 4.83529972915026 4.30606680428899 9.46271344988475 14.6922044199053 21.1451190331478 22.1767960755881 17.5238558297725 14.1737630155341 12.1819368155907 9.30500941491976 5.62562282942405 5.91791342653882 3.17200649250818 6.5677352916385 12.6337175621435 15.4154903193335 11.9604292199525 7.29508671403574 2.78051182110669 2.17269942468507 4.30820563064581 8.38575031907843 10.1780978669232 5.43084948617859 5.12755283419696 7.73621466429595 9.02507242231115 9.78263619499491 8.62299611756526 4.71998637677796 4.21332853384786 5.45316007267973 5.43618237875313 3.99454731112754 3.30754389368357 3.21832210614552 3.10540401777344 2.65954936789553 4.23097476966368 5.58219867011151 6.66620806529079 8.25006973137799 12.492901131546 15.3720374559585
2.6733014829144 3.41258439094424 7.65103615532298 9.44656469004775 12.071351501822 16.8922204274511 22.1464325540715 22.4364851908993 16.4079760025608 11.020800533236 7.04406903863454 6.85293797915893 5.14462480691975 4.92240401001616 2.61206589052303 6.50300712501386 12.0066168913394 12.3324105327052 11.1591497667961 8.67251634627563 3.76464325744597 2.64148740038894 2.68196344820877 4.77170801917336 7.8793253884982 5.56665357398757 4.56132412424442 3.09898919941696 4.17614368751698 6.86101808354282 9.74035902196156 6.80810515052398 4.93515390327244 6.49222819884618 4.90139418632047 4.38074177559948 7.43780697797826 7.27186689248332 5.66335440099306 3.30949120360221 3.00271959223661 3.31235126191387 5.58222793850245 9.49333106572768 8.85923096619577 9.66003501747704
6.56852567539414 5.07090936853331 6.47167571693702 7.76448044368495 10.269423327528 14.9940522134393 17.3101475711569 18.7267337311777 14.7092025639712 8.49799585968308 3.2847371392477 4.20848557454714 2.95750409086897 3.66706976809378 2.47594818030741 6.19049304789175 10.8963292460436 6.80080739807414 5.5644090369953 8.54474587115322 3.19519007078353 3.45789040851374 3.97298829587794 3.02699088307447 3.37078563446868 7.07701772955826 8.49467524703762 5.22096752132556 2.3870849085563 5.59050001942806 8.5652262456315 5.41783307305229 4.45281247287192 7.3959318438563 4.02944916050921 4.11732193378886 8.3885011192192 6.85140834621034 5.94943019602516 8.0034076174756 6.66245656200615 3.82048821311411 5.29378159060471 5.44203210072391 5.47721254376089 7.61417976514645
9.47828772443871 10.3964182623581 6.82301436206634 3.13553607359008 6.85041106896336 9.98749270393171 11.0582289715263 12.9008184223386 13.2681416364193 10.1287069713402 6.63969172943415 6.04479397426748 3.018449640353 3.59303029544375 2.8699222653355 6.48275822993589 12.1680374851568 10.2159924569302 8.19192669811772 9.25744765699834 4.10063849704731 6.35476281434739 6.87539555613232 2.56024918908058 3.2417034463304 6.53286854367423 11.0342543707236 7.1321689196387 3.71835598082597 3.16652072823368 5.6235890415242 4.4040117061166 3.74171254749923 5.05864892089586 4.59257765268092 4.08488819336242 6.23277580522424 5.08462178083622 4.18843262697345 9.13002817595964 11.2518088157042 6.74473621483636 3.43754952514547 5.39313108565105 4.81454104694112 3.60249040110803
6.96485972480906 11.3667999620371 8.42304566399968 3.70993453799764 4.01784268855099 4.20333494397938 5.70937739994174 6.91608806564065 8.53685442375511 8.90714020229745 8.70130361984679 9.18790274771773 7.6074604734361 5.76564487100871 3.94235474146187 7.67962497432346 12.4467004732371 10.822641581259 8.1738249531242 9.23690458057897 4.67637070928198 4.84299069848994 5.5950752869364 4.37455990951939 2.67467455773075 6.5739887703355 11.2138363456976 11.3608215003893 9.37045414476806 8.85279442550695 6.4435806679422 7.81506012323248 4.24256301581677 3.84791793648835 4.42811061576479 3.93564953727639 4.18107897016952 5.14169303530341 2.92197135331813 7.16418917206862 12.2147698880251 8.68002592821309 3.53667797634228 4.56097204096693 6.49165190672102 5.81544211303208
3.66032882264037 7.92425403209948 9.60023337030757 6.44976447364863 3.19598383431963 2.87789956403735 2.78035223659508 3.33952573415212 4.72025630501189 4.0891397878064 4.74720918808032 10.1344733818324 11.0573951609353 5.53334135645169 2.78236361549306 5.79668593925621 5.66588153171872 6.52872241145238 6.74213795752846 5.63617974418064 4.06157294757357 4.86958991605457 7.36326142550676 7.16493194482612 5.35482856772973 5.13044888460263 9.03651210585956 15.2395936727694 14.1462780445274 10.9760331864718 7.47255721298232 6.67169257732695 4.45702654440696 3.169417747742 3.51580946038517 3.44777811751462 6.18375965472884 7.67910922833755 5.42525858991943 8.36248724218241 11.6379090653065 7.96278084658174 3.87102395581925 6.15528085857157 7.29058273874914 8.58007742915632
2.05490551411716 3.24758595978131 5.00518776609713 6.56057483344403 3.60624801043661 4.86582409852495 4.75316260300752 3.55423651083004 3.53736649517661 10.0664052687462 8.05300840352432 7.98309568392039 10.0308257134587 6.43622817951897 3.17327081014778 5.59897064950459 6.37912178101806 7.64021810140228 6.82581338501651 5.54651671258876 5.515830813107 4.81978500965571 6.70769853628803 3.85762689462373 4.83452606773145 3.48792354815755 7.70899061909446 11.8077985096053 10.9341081073663 7.12060148176903 5.96030040795925 5.69563988499037 4.60418434811809 5.5237867703209 3.73997210206069 3.85727353947061 5.47098582570379 8.98109017765559 9.12205179626515 9.92050456436412 6.86220361883085 4.95446853435452 3.47035723313195 6.15698556691977 7.62011045238666 9.19161885459948
5.89940847209716 2.81476577834369 2.66006012549446 2.93155968036272 6.64139255896202 8.7027676246376 9.21091950047322 6.78149616181201 7.87582756268432 7.72364598968578 8.12238422851799 16.4710906985578 7.7078457604646 7.25740127618124 7.14455341041784 10.108567104188 6.77650817194695 5.05693043684973 5.32908533850073 7.00109080234365 6.15653008582892 4.78800699104205 4.79743296770441 3.48229684900831 7.64606789249471 3.50018359720689 4.79288744594206 6.30136492520815 7.61351282181483 3.52691223509943 2.6287558347515 3.56466125099278 2.92756246190971 3.49146453057726 3.32628632789689 4.56993920586157 3.18045587725362 4.69963368464204 5.15267716452418 6.53597337695252 3.54105193869402 3.51984239796452 4.91837795225588 4.99215211386597 5.17208883339375 9.2064216269793
9.99205730521814 5.12929639094684 3.66706181238575 5.66442792628125 11.1498217315099 6.13740481428874 9.50891578068064 10.509987008234 9.72836675658884 7.53862661290875 5.27715794382024 8.07537146159002 5.32520840494253 6.34499925092439 8.10879301465704 8.4759043550329 6.13329280504554 4.61889743106855 5.66171920990591 3.94493064156792 5.5832331829655 5.56713765683184 3.40528207864009 4.09836699536153 6.99816758280924 3.40428694310146 3.32355465634503 3.19198526713061 3.90246621856296 4.58810253487423 3.30949585656678 3.22045813758864 3.21820196545883 4.20514430725713 2.63447214358781 5.55858963124401 4.42699224261999 3.08583135895583 4.48165426525087 3.60119597302473 3.16666578495132 3.85508008460903 8.34721166235838 6.52717070496248 6.37693418327455 9.20736331856958
8.27276513703151 7.27040381304334 4.5803143761649 3.26518997866607 10.3168397401483 5.73527117999078 5.02168358448286 7.58699893334042 5.78972636791319 6.48142548997243 7.85024338197232 9.02034758937418 7.24501602620584 6.68873336045815 5.50523520531536 4.1301731302297 7.12691305710918 4.82859803856772 5.16811015371306 4.01879142634651 5.35914918029158 6.04492885464257 3.65704386074076 5.01756562512346 6.4131751691092 2.69427699213298 2.98460864710321 2.8241699270293 2.34161087535543 2.47980697809818 2.31932409661642 3.56063884061319 4.25697295334711 4.12028814893167 2.90510146135788 5.88857605597068 5.59835320733092 3.72865833335009 7.80189485340541 5.66592350308924 3.59081553950739 5.24173358747067 10.9111878826362 11.5889570028707 11.4780407193911 8.5330797567158
7.10886661747754 7.45164410417511 7.20491390921672 3.24784628244872 5.79975421918269 5.11088104500278 5.23531433791516 7.45092375671214 6.3953569016439 7.28548565544245 3.9948745410694 6.04722826836457 7.99150027250104 7.25273491767948 5.92706716345699 5.89471107351077 6.78001624880865 5.72374430848834 4.71613334321421 5.02335351337143 6.55417818225586 7.73719597728344 3.74404095175075 4.62654929007686 3.4001386143177 2.49702564746829 3.05183974229913 3.35792782639426 3.41907386296272 3.95513778332903 4.16006076946186 3.24722249366214 2.63961609155898 3.27152507526212 4.97246082643569 6.39391091755712 8.70312817938532 7.82648659433489 5.05026503234764 4.53953766924475 4.9423265368458 4.93798190785124 8.7237885093081 9.51751341564787 10.8320726510127 7.91860313398543
10.0921334151199 6.15885255428389 6.82269630122052 3.84667144337943 2.99893710325147 7.192047224574 6.28933559060497 7.58676435927027 7.76364683701047 6.58803486771666 5.21987419066615 3.57682218634855 7.54980653542023 7.8255746694014 4.36293686646765 7.75293562443674 5.96927883313642 4.08184923547049 3.76467786130738 6.46277646269008 5.99411502413119 4.75077399961434 4.89932222206974 7.44470005964298 5.92781297567827 5.71754592641315 5.15909473951285 6.25688003993276 3.15234968601731 3.75475418836545 5.96128365221734 3.57541885582894 4.04432640639432 3.09897448535933 4.54886446172228 3.80497810646426 8.31627182824387 7.91379240936004 3.63065167181139 4.02145352918474 7.84428804411729 7.32094786424003 7.84558748982917 5.42778782093678 6.8249487952502 9.44145676549545
7.99859144627523 3.76408014170589 4.09206001424166 4.05841141284418 2.22697195177648 4.72335170486525 5.8308770887482 7.95533395225445 7.13967965875169 6.24711456555759 5.6506920979891 4.34527137071671 6.35607847108432 6.21343652661592 7.9863709563245 9.41243066616682 9.07682804011264 7.26047703367376 6.20407927772822 6.08153706190761 3.20678167693607 3.82588375044078 4.79049340100295 9.60333802735859 5.30878054558245 3.93708225929197 3.17301469778951 4.16500227704281 3.91075503822588 3.29462045891267 3.72791897520143 4.72005010707691 7.91600947868891 6.16792855906469 6.75853665486952 6.00299759389917 4.76258632440258 4.76698107450368 3.63111823874633 7.32815392430226 6.51070273218703 9.81417403210216 8.38698498045261 4.61062533138799 6.28964478688087 7.2543593908592
8.64777850794956 5.42066499871318 4.0625750337055 5.8213186179502 3.03442726383771 2.84641765994078 4.55974677188203 5.85178480306257 8.38264093776348 4.6468659419983 4.18296923097137 7.43939743228541 7.882875098695 7.38330563519274 6.94583701647198 5.45226018799477 5.79539063927839 3.4512799524468 4.66095315190156 3.38989657155719 4.38423212932934 3.49055625560341 2.99520596296957 4.74203415753187 7.26215226773154 6.55639110112143 3.04461549489778 3.54796946698658 4.42817500985324 2.41248459586412 3.77431524718331 7.17718014597177 8.13798859014086 7.49392695979806 4.70226612476352 5.48550359495767 5.35397428844072 3.49599257489694 5.03543000556226 8.80355199675513 4.99972739491197 9.03406560000999 8.60437601746804 5.05791166948956 6.47947597309351 2.92072478769761
12.930787568327 9.97759960806901 8.61639251351214 5.34821446051553 3.897401578246 3.48644792025514 3.81787186741747 4.15423815704461 9.267685005715 6.82781403998439 7.64902743830446 11.0653246905213 8.84744362944621 7.63639208866444 4.23948713330954 2.51651401394169 3.21959956119398 4.22198374993821 4.48734130136461 5.27655114748554 4.96766004117375 5.49390204995311 4.65582031571248 4.3530279646631 4.719064721376 7.92863623982586 7.25191353158315 5.22069850765119 4.49842409350986 4.0852104029218 7.10631531478774 8.68336921269184 3.88403950826775 5.39192755697497 4.38371474633687 3.68115785550399 4.48041565662688 3.71612290898391 4.06144877934249 9.38516559172972 7.05455070146731 5.3973069814892 6.19747861054331 6.47443145948422 5.15499157316008 4.19401426692257
17.8193873069428 15.1299322949596 11.7272422343958 6.90985773110388 6.06776534536311 6.95108420067182 3.72644887163567 3.82074743106215 8.39724306650452 12.0427101388077 8.04025857706196 5.46060882699924 6.08543596249064 4.99296736609952 4.41298322245273 2.88921469233699 3.06477745554458 3.27679489454979 4.55615144111766 5.80478498957954 4.9373957071101 7.88778509616932 3.96928959855766 5.03031281695937 3.25004190011358 3.51414891538841 8.1301399605292 6.47135232793264 4.01948860888744 5.13279359111547 5.93532815634661 9.44448647374334 6.75278132567847 7.87039792234019 4.16213229217404 4.1215853914472 7.32191443408972 5.52464739870052 6.72624819006576 9.63348773652948 5.31454182640754 2.81415621149318 3.19406769920022 3.62740460013916 3.28204002455234 3.97102070445577
16.8410172733394 13.1103725562042 8.68152430712602 7.66027537678733 10.1724785908092 8.47710040323463 3.81059915209127 5.18143353839328 6.16723122704002 12.1627378296861 8.54984692902809 5.1334482117802 6.54342118350354 4.16495926572758 3.66347435583556 3.22303287613409 6.03326952759104 4.95067264833683 3.5994635628171 6.06782655589777 6.73101578454168 6.69187013358297 4.25451239816123 2.58527566023182 4.32222873439115 5.50346677757424 8.89161481133723 5.54414061589914 4.33226070379966 4.47929961556091 4.99040650270091 7.26452234266779 8.12596822644547 4.54632959922691 4.41809577836482 5.45542845099565 4.97490589366017 4.75079852597821 6.40474838369215 5.80861848618686 7.80249247208002 7.25591316392065 5.99871981644746 4.28873984893425 4.55147264474809 4.7008178403956
12.8583195324436 11.0260940363113 5.14022511974233 3.48095839020522 8.78914815154919 11.3186150842747 8.68514443428177 6.37763411376285 4.56158116886364 8.83797396800507 7.41667314244706 6.1917144473523 7.73521936451698 8.35127601874388 4.5598025169166 3.97051518932511 3.83180641260664 7.26994009722997 5.19466708687139 5.81267829191759 9.64191481572261 9.41937767552796 3.78766990919054 3.64910829071813 3.03531582102244 5.2405582556853 8.82504560780109 6.88189736547887 4.68442926269771 3.3676197764299 5.02446362839161 4.18553823058599 4.75423840417739 4.20803679188211 4.87328124804131 4.18767084846277 5.20919966457276 6.82539535924782 3.85284015142464 4.09004739979435 7.18221586096318 8.21312357435425 5.77447275053738 4.36161922693974 3.64353995212656 5.55117895367221
7.95149308109127 10.7587873450498 6.00409275316037 3.87091802827256 8.53290393224878 13.2366133120872 13.0231212673396 8.80445219196594 4.83653032992365 4.54256483027104 4.72874648027431 7.14557013099654 3.7463349979682 8.18292529899097 3.57721061191181 2.36949007648718 2.09725976724039 5.0303921195272 6.26937099869176 4.4832303044594 7.21784314219152 6.97525467006542 6.04476391837735 6.441404444161 4.95437192631636 2.45802456936336 4.34262102640862 5.14794726093619 7.34997938109153 8.45048110759853 6.49625073604282 4.6625127904249 7.14093674170933 5.57001823702019 4.69466276372284 4.41185620610169 8.64006647969368 6.65625747345027 3.04160829395554 3.49928865130357 6.5293811152227 5.76441241553256 2.27862150545312 2.8970837716851 5.13572684471186 6.34679670794688
