0.0334012 0.179947 0.786652
9.999E-05 0.157991 0.841909
0.0063387 0.237403 0.756258
0.040399 0.0420897 0.917511
0.0434182 0.0434919 0.91309
0.0893399 0.0112329 0.899427
0.0130272 0.0545692 0.932404
9.999E-05 0.0738414 0.926059
0.07141 0.19291 0.73568
0.0609333 0.292745 0.646321
0.231539 0.127143 0.641317
0.0840474 0.244957 0.670996
0.32987 0.0601338 0.609997
0.0916244 0.243082 0.665294
0.0488333 0.319294 0.631873
0.00590669 0.181857 0.812236
9.9991E-05 0.319187 0.680713
9.9991E-05 0.15174 0.84816
0.192962 0.621808 0.18523
0.00698327 0.753134 0.239883
9.9991E-05 0.781382 0.218518
0.037346 0.888619 0.0740355
0.0091513 0.990749 9.9991E-05
0.0123713 0.878821 0.108808
0.00244503 0.700246 0.297309
9.9991E-05 0.951209 0.0486906
0.0646678 0.935232 9.9991E-05
0.0693049 0.930595 9.9991E-05
0.0018587 0.974007 0.0241339
0.0576307 0.897907 0.0444623
0.0342798 0.96562 9.9991E-05
0.053767 0.927923 0.0183102
0.0297606 0.948162 0.0220776
0.0576576 0.277985 0.664357
0.0204472 0.287521 0.692032
0.0781583 0.142636 0.779206
0.0461779 0.128578 0.825244
0.133558 0.179561 0.68688
0.342542 0.657358 9.9991E-05
0.0528808 0.867232 0.0798875
0.0646867 0.232169 0.703145
9.9991E-05 0.245608 0.754292
0.193465 0.303772 0.502763
0.33777 0.138215 0.524015
0.306201 0.128277 0.565522
0.40281 0.59709 9.9991E-05
0.0796618 0.322625 0.597714
0.219763 0.0901087 0.690128
0.152267 0.443434 0.404299
0.866057 9.9991E-05 0.133843
0.919694 0.0205115 0.0597944
0.888539 0.0175014 0.09396
0.841015 0.0645563 0.0944283
0.918787 0.0811131 9.9991E-05
0.904284 0.0956163 9.9991E-05
0.786779 9.9991E-05 0.213121
0.89826 0.0326761 0.0690643
0.91628 0.0836199 9.9991E-05
0.914487 0.0209975 0.0645159
0.754812 9.9991E-05 0.245088
0.914923 0.0849767 9.9991E-05
0.839863 0.0965269 0.0636102
0.583093 0.0807218 0.336185
0.0437123 0.880172 0.0761157
0.00859329 0.799689 0.191718
9.9991E-05 0.898888 0.101012
0.791355 0.101622 0.107023
0.730194 0.0520436 0.217762
0.825712 0.0555535 0.118734
0.864941 0.105889 0.0291693
0.910894 0.0251534 0.0639521
0.332223 9.9991E-05 0.667677
0.299578 9.9991E-05 0.700322
0.366119 9.9991E-05 0.633781
0.328639 0.0162738 0.655087
0.284031 0.155246 0.560723
0.339967 0.111974 0.548059
0.309973 0.14189 0.548137
0.771599 9.9991E-05 0.228301
0.627683 0.0886898 0.283627
0.8854 0.0655687 0.0490312
0.893248 0.106652 9.9991E-05
0.787941 9.9991E-05 0.211959
0.0918351 0.835499 0.0726663
0.502586 0.162619 0.334795
0.374605 0.038118 0.587277
0.412824 0.587076 9.9991E-05
9.9991E-05 0.235725 0.764175
9.9991E-05 0.212033 0.787867
0.0488833 0.20331 0.747807
0.151847 0.291033 0.55712
0.0436028 0.125554 0.830843
0.439771 9.9991E-05 0.560129
0.0731839 0.664499 0.262317
0.444467 0.0255555 0.529978
0.157571 0.341337 0.501092
9.9991E-05 0.187102 0.812798
9.9991E-05 0.0927731 0.907127
9.9991E-05 0.143743 0.856157
0.065048 0.0229097 0.912042
0.0272205 0.0287112 0.944068
9.9991E-05 0.137558 0.862342
0.464702 0.0531705 0.482127
0.337064 0.0854137 0.577522
0.453396 0.039244 0.50736
0.124837 0.242619 0.632544
0.269812 0.160708 0.569481
0.0530397 0.493733 0.453227
0.880915 9.9991E-05 0.118985
0.844026 0.00108264 0.154892
0.387328 0.17485 0.437822
0.318996 0.167348 0.513656
0.318144 0.303572 0.378284
0.0187543 0.857422 0.123823
0.827005 0.0989747 0.0740198
0.799254 9.9991E-05 0.200646
0.63676 9.9991E-05 0.36314
0.055695 0.562207 0.382097
9.9991E-05 0.337009 0.662891
0.0350733 0.023987 0.94094
0.0585527 0.0840812 0.857366
9.9991E-05 0.36999 0.62991
0.00748942 0.239436 0.753075
0.0118897 0.157269 0.830841
0.0521985 0.0308555 0.916946
0.025483 0.398528 0.575989
9.9991E-05 0.158362 0.841538
9.9991E-05 0.243069 0.756831
9.9991E-05 0.193204 0.806696
0.112328 0.362905 0.524767
0.0473232 0.0879227 0.864754
0.0611484 0.269279 0.669572
9.9991E-05 0.0772145 0.922686
0.00674078 0.987121 0.00613827
9.9991E-05 0.953743 0.0461572
9.999E-05 0.9998 9.999E-05
0.109746 0.870459 0.0197949
0.0646913 0.850931 0.0843781
0.110084 9.9991E-05 0.889816
9.9991E-05 0.222527 0.777373
0.9998 9.999E-05 9.999E-05
0.882816 0.0868399 0.0303441
0.954374 0.0455257 9.9991E-05
0.791156 0.0552137 0.153631
0.928417 9.9991E-05 0.0714831
0.839676 0.160224 9.9991E-05
0.963486 9.9991E-05 0.0364137
0.911498 0.0884023 9.9991E-05
0.895988 0.103912 9.9991E-05
0.915532 0.0843685 9.9991E-05
0.887583 9.9991E-05 0.112317
0.854277 0.0212887 0.124434
0.861917 0.0403805 0.097702
0.931624 0.0682758 9.9991E-05
0.941047 0.0168995 0.0420534
0.953809 9.9991E-05 0.0460905
0.935461 0.064439 9.9991E-05
0.379038 0.0496999 0.571263
0.237606 0.0362297 0.726165
0.947526 9.9991E-05 0.0523739
0.749468 0.00250669 0.248025
0.948511 0.0513886 9.9991E-05
0.365982 9.9991E-05 0.633918
9.9991E-05 0.00363614 0.996264
9.9991E-05 0.301298 0.698602
0.0259997 0.520094 0.453907
0.0103178 0.658523 0.331159
0.00418086 0.904636 0.0911828
0.0618352 0.904517 0.0336475
9.9991E-05 0.825182 0.174718
0.0339612 0.845735 0.120303
0.141873 0.852001 0.00612594
0.0596752 0.929785 0.0105394
0.0234266 0.134106 0.842468
0.13116 0.110312 0.758529
0.073317 9.9991E-05 0.926583
0.0153935 9.9991E-05 0.984506
9.999E-05 9.999E-05 0.9998
0.0865178 9.9991E-05 0.913382
9.9991E-05 0.245285 0.754615
0.0805157 0.280278 0.639206
0.0481386 0.146933 0.804928
0.0577578 0.213079 0.729163
0.0700683 0.129346 0.800585
0.124895 0.813375 0.0617298
0.867391 0.0202951 0.112314
0.898108 0.101792 9.9991E-05
0.935673 9.9991E-05 0.064227
0.802303 0.00928391 0.188413
0.854066 0.145834 9.9991E-05
0.1536 0.313601 0.532799
0.0214916 0.333784 0.644725
9.9991E-05 0.175488 0.824412
0.0115044 0.299576 0.68892
