0.154678 9.9982E-05 0.845122 9.9982E-05
0.165381 0.00581639 0.828702 9.9991E-05
0.203013 0.0331866 0.7637 9.9991E-05
0.0890068 0.0115233 0.879804 0.0196659
0.0589385 0.0246526 0.878592 0.0378172
0.00863576 0.0147623 0.927208 0.0493936
0.120095 9.9991E-05 0.822079 0.0577257
0.0405595 0.0503559 0.908204 0.000880951
0.252727 0.00179886 0.676467 0.0690075
0.235606 0.0390203 0.677614 0.0477591
0.128427 0.0627028 0.600981 0.207889
0.26567 0.0366256 0.6391 0.0586036
0.0852455 0.0484752 0.557323 0.308957
0.287187 0.00474708 0.635913 0.0721529
0.2497 0.0406813 0.652035 0.0575838
0.172717 0.00731752 0.78439 0.0355756
0.253786 0.00556703 0.740547 9.9991E-05
0.125087 0.0478431 0.82697 9.9991E-05
0.601148 0.0732552 0.129204 0.196392
0.766861 9.9991E-05 0.231502 0.00153698
0.719421 0.0302593 0.245429 0.00489129
0.883948 0.00344228 0.0668982 0.0457113
0.943772 0.0560276 9.9982E-05 9.9982E-05
0.880019 0.0530422 0.0600072 0.00693203
0.71632 9.9982E-05 0.28348 9.9982E-05
0.974382 0.00430603 0.0212119 9.9991E-05
0.90052 0.027447 9.9991E-05 0.071933
0.903077 0.0166306 9.9991E-05 0.0801921
0.9997 9.998E-05 9.998E-05 9.998E-05
0.821349 0.00538202 0.0633848 0.109884
0.964615 0.00466147 9.9991E-05 0.0306232
0.858106 0.0493276 0.0884787 0.00408801
0.902231 0.0517806 0.0198741 0.0261148
0.189917 0.0867398 0.700014 0.0233289
0.361741 0.00209456 0.613786 0.0223783
0.132701 9.9991E-05 0.786277 0.0809215
0.030859 0.0446198 0.839609 0.0849122
0.211934 0.00693869 0.667827 0.1133
9.998E-05 0.9997 9.998E-05 9.998E-05
0.872816 0.0291628 0.0207182 0.0773028
0.20004 0.00516704 0.667662 0.127131
0.145971 0.00470089 0.849228 9.9991E-05
0.307943 0.0265564 0.463459 0.202042
0.10476 0.0572049 0.504303 0.333732
0.0699829 0.0154914 0.612813 0.301713
9.998E-05 0.9997 9.998E-05 9.998E-05
0.230605 0.0625429 0.634564 0.072289
0.162025 9.9991E-05 0.624131 0.213744
0.447594 0.0325997 0.367968 0.151839
0.0619111 0.0186967 0.0668064 0.852586
0.0265285 0.0276115 0.044524 0.901336
0.0139937 0.0051289 0.11424 0.866637
0.0261041 0.059447 0.125991 0.788458
0.0845496 0.0293382 9.9991E-05 0.886012
0.0966484 9.9991E-05 0.00111604 0.902136
9.9982E-05 9.9982E-05 0.234585 0.765215
0.0509883 0.0272501 0.0346938 0.887068
0.0326937 0.0378565 9.9991E-05 0.92935
9.9991E-05 0.0442099 0.0961056 0.859585
9.9991E-05 0.0362032 0.250707 0.71299
0.0764013 9.9982E-05 9.9982E-05 0.923399
0.132108 9.9991E-05 0.0857391 0.782053
0.0825964 0.0766659 0.292962 0.547775
0.860679 0.0294105 0.089581 0.0203296
0.803644 0.0495475 0.12229 0.0245182
0.904643 0.0291054 0.0661519 9.9991E-05
0.0322446 0.0256885 0.12741 0.814657
9.9991E-05 0.0720942 0.224732 0.703074
0.0491802 0.0205695 0.104477 0.825773
0.0491467 0.0583163 0.0592536 0.833283
0.00462041 0.0578477 0.0785947 0.858937
9.9991E-05 0.0130531 0.619849 0.366998
0.054389 0.0105141 0.632203 0.302893
0.0257218 9.9991E-05 0.585718 0.38846
0.0169636 0.0320416 0.585692 0.365303
0.128158 0.0478086 0.540628 0.283405
0.0339437 0.0461756 0.58787 0.332011
0.1549 0.013709 0.551997 0.279394
9.9982E-05 9.9982E-05 0.238582 0.761218
0.000838819 0.119991 0.304457 0.574713
0.106375 0.0179542 0.0449948 0.830676
0.156467 0.0266051 9.9991E-05 0.816828
0.00200795 0.0203597 0.17583 0.801803
0.757083 0.0410823 0.146445 0.0553899
0.11699 9.9991E-05 0.399115 0.483795
9.9982E-05 9.9982E-05 0.57409 0.42571
9.998E-05 0.9997 9.998E-05 9.998E-05
0.282063 9.9982E-05 0.717737 9.9982E-05
0.177953 0.051403 0.770544 9.9991E-05
0.155121 0.0470034 0.766955 0.0309209
0.278976 0.039684 0.508049 0.173291
0.128468 9.9991E-05 0.846584 0.0248486
0.0339603 0.0120851 0.504801 0.449153
0.613332 0.0338019 0.291571 0.0612948
9.9991E-05 0.0998965 0.510424 0.38958
0.36777 0.0333283 0.435625 0.163277
0.241194 9.9982E-05 0.758606 9.9982E-05
0.111105 0.00834527 0.851398 0.0291526
0.139916 9.9991E-05 0.819662 0.0403221
0.046438 0.0223546 0.85313 0.0780772
0.0505281 0.0149847 0.882989 0.0514985
0.112722 0.0184943 0.868684 9.9991E-05
0.0505909 0.041736 0.481472 0.426201
0.123434 0.0856286 0.45864 0.332297
0.0236784 0.0850087 0.497522 0.393791
0.283934 0.0263383 0.594305 0.0954233
0.20312 9.9991E-05 0.555812 0.240968
0.49358 9.9991E-05 0.454583 0.0517374
0.00598891 0.0279238 0.15601 0.810077
0.0906213 0.0341292 0.0286403 0.846609
0.208308 0.0112095 0.398355 0.382127
0.124672 0.028306 0.481807 0.365215
0.330878 0.0679254 0.333585 0.267611
0.794297 9.9991E-05 0.194162 0.0114415
0.104477 0.0556057 0.0371481 0.80277
0.0238122 9.9991E-05 0.144883 0.831204
9.9982E-05 9.9982E-05 0.333162 0.666638
0.45946 0.0681265 0.452901 0.0195127
0.320829 9.9991E-05 0.646535 0.0325358
0.0230435 0.0400591 0.886705 0.0501921
0.143122 9.9991E-05 0.789277 0.067501
0.389354 9.9982E-05 0.610446 9.9982E-05
0.227896 0.0378271 0.734177 9.9991E-05
0.194644 9.9982E-05 0.805156 9.9982E-05
0.0673746 0.0192712 0.891378 0.0219765
0.470809 0.0111696 0.501512 0.0165089
0.175895 0.0049052 0.8191 9.9991E-05
0.209467 0.0240288 0.766404 9.9991E-05
0.186811 0.0198998 0.793189 9.9991E-05
0.365882 9.9991E-05 0.537669 0.0963491
0.100311 0.0467856 0.795143 0.0577606
0.279018 0.0302917 0.641571 0.0491186
0.13835 9.9991E-05 0.851415 0.0101353
0.943807 9.9991E-05 0.033306 0.0227866
0.96804 9.9982E-05 0.0317605 9.9982E-05
0.958797 0.041003 9.9982E-05 9.9982E-05
0.898767 9.9991E-05 0.0234659 0.0776674
0.888937 0.0167036 0.0210648 0.0732947
9.9991E-05 0.0126184 0.884543 0.102738
0.209824 0.0479508 0.742125 9.9991E-05
9.998E-05 9.998E-05 9.998E-05 0.9997
0.0246114 0.029564 0.0747948 0.87103
0.0124701 0.00310318 0.0270808 0.957346
0.0580936 9.9991E-05 0.179126 0.76268
9.9991E-05 0.0246668 0.0690195 0.906214
0.111647 0.0162943 0.00371162 0.868347
9.9991E-05 0.0346176 0.0297159 0.935567
0.107115 0.000457639 9.9991E-05 0.892328
0.123652 9.9982E-05 9.9982E-05 0.876148
0.0888264 0.012671 9.9991E-05 0.898403
9.9991E-05 0.0453866 0.0814772 0.873036
0.0941661 0.0307155 0.0662081 0.80891
0.0508079 0.0221885 0.0563063 0.870697
0.0765977 0.0175195 9.9991E-05 0.905783
0.0202711 0.0166278 0.0527152 0.910386
9.9991E-05 0.026951 0.0560815 0.916867
0.0639828 0.0299679 9.9991E-05 0.905949
0.0276425 0.00759227 0.574732 0.390033
0.0669342 9.9991E-05 0.690936 0.24203
9.9982E-05 9.9982E-05 0.063595 0.936205
0.013832 0.0309596 0.239354 0.715855
0.0128536 0.00271139 9.9991E-05 0.984335
9.9982E-05 9.9982E-05 0.606145 0.393655
0.0244021 0.00859663 0.966901 9.9991E-05
0.284091 0.0285898 0.687219 9.9991E-05
0.455509 9.9991E-05 0.442456 0.101935
0.652828 9.9991E-05 0.325686 0.0213861
0.809745 9.9991E-05 0.157137 0.0330185
0.90666 0.00702945 0.0627316 0.0235794
0.826042 0.00438237 0.169475 9.9991E-05
0.819883 0.015984 0.11918 0.0449524
0.813008 0.0357975 0.065935 0.0852598
0.857505 0.0468292 9.9991E-05 0.095566
0.139898 0.00872096 0.833202 0.0181796
0.125678 0.04506 0.754565 0.0746972
9.9991E-05 0.0382447 0.916382 0.0452732
9.9982E-05 9.9982E-05 0.958034 0.0417665
9.9991E-05 0.0157503 0.978485 0.00566445
9.9991E-05 0.00156371 0.906941 0.0913955
0.242696 0.0214577 0.735746 9.9991E-05
0.236634 0.0326836 0.651593 0.0790892
0.138749 0.0535982 0.778748 0.0289044
0.216023 9.9991E-05 0.703624 0.0802529
0.166815 0.0287026 0.78381 0.0206721
0.727228 0.12913 0.0439887 0.0996533
0.0423262 0.0192623 0.0682255 0.870186
0.0991013 0.0240221 9.9991E-05 0.876777
0.0602901 0.0052455 9.9991E-05 0.934364
0.0264488 0.0103526 0.164434 0.798764
0.0511025 0.028439 0.0187227 0.901736
0.239221 0.0487478 0.54275 0.169281
0.31653 0.0276867 0.655684 9.9991E-05
0.230793 0.0591125 0.709994 9.9991E-05
0.362564 0.0529895 0.579936 0.00451013
