IBR/IBR_outputs/SS_Optim/Silt_Total/Results/Silt_Total.asc
NCOLS 160 
NROWS 95 
XLLCORNER 210004.651214014 
YLLCORNER 7350008.22228844 
CELLSIZE 4999.99999999997 
NODATA_value -9999 
[rows 42 to 62 of 95, columns 46 to 91 of 160]
16.272761949575 16.2741101982014 15.9016410065059 15.4825531108187 14.7981017107887 14.4887142751299 14.2728278192801 14.1107054851354 13.9858394161348 14.5492052048091 13.602250586173 14.3860651501143 12.9025169302297 11.8726274882119 12.3163904667358 13.8274750754804 16.1819755644919 14.4300719721781 13.9040636552556 13.9196501787322 14.8254152268916 13.7731019146491 13.354646093388 13.7910058774421 16.1811889949169 17.6626724910194 18.3208893492248 15.6551560022039 15.5369962972923 14.8668402379079 11.4900295809865 13.0415849417031 13.7728880275329 12.6040597798098 15.9779789545248 13.8783628617381 12.9585631597012 11.0726031082035 9.79039975404787 8.9730013481886 9.67246079343052 10.1852592914708 12.264232232167 9.63917396834557 8.50129910147885 8.02759327753697
16.2983866030367 16.0844989645312 15.3532155884423 14.5194660614712 14.2074220748343 14.1437213690531 14.0955787406061 14.3354790264883 14.6372194309051 14.5091867154781 16.3451325625439 18.0180825653525 20.1651107389494 15.8341066062106 14.4797496344324 15.5279625753383 16.4564188055792 17.3963268748441 14.0592990192361 14.4015463112134 14.032132065979 14.3104338349244 14.8081996356355 14.4564054492163 15.4623358170016 16.9805705147148 18.2590320793985 17.6798431684695 13.4898931418991 9.88891901650762 7.21848646717218 10.0189634724616 11.2256055288975 13.2284878832637 14.8818583578111 15.6673954927587 15.1764345713148 11.6516408743647 11.398278439956 10.0111348810595 11.5259272003994 11.6468078033225 12.2250333207997 11.7955878296718 10.2046229178545 8.93664098322385
12.4767776801688 13.3534099509135 13.5685231154304 13.7743165671134 13.899031691004 14.0855348563274 14.1849064419838 14.3260370345707 16.9144422844242 18.1517188936937 16.8159290152533 14.8657966615172 16.4316914022443 19.2282414435324 17.9975389979614 16.6697536933493 15.6454484719454 15.8348822910751 17.3742041256504 17.6950028214285 19.6133251795278 16.3666238176936 12.4023983085188 13.6606609603803 13.7894765571749 14.5474117704886 16.8636744866737 17.9327536159749 15.8431925313937 13.4514594185419 10.2229855403788 9.18025692812929 12.9537685129174 18.6350391754648 14.8418215326163 15.7101467682718 14.9645717491465 14.9158248908821 13.1978649878358 11.3721657880778 13.0060733257977 12.6078793508111 12.0991861500714 12.0698296721776 12.0188592369676 10.6486387628711
11.4358361359814 11.3588045216848 11.3915029237757 13.6497524063576 14.0963857213703 13.6492879287992 12.9890365229888 15.1425771764716 18.0513757015946 14.4658173348166 12.2550680692301 12.1553744051221 13.5371732481744 15.3289823933412 18.0683795416816 18.4810418969184 15.8047872711691 16.3764710009959 18.7720209744454 22.2803841673817 21.479391025284 20.1987944932824 14.8990283115452 13.3722225238608 12.4556641506467 12.0462470251088 13.2220890400571 15.238581905759 16.6304175309795 15.9271760085976 14.573876946708 11.7029952086216 14.2618946634077 17.2560912906849 16.6084031912294 13.6603899015222 14.7153320864825 15.6493721841436 14.5412277329016 15.2293157163182 14.295204536518 12.0548712602839 13.5364576843142 12.8878076830499 12.3896823666108 10.4694280933148
11.4203011672108 11.1213377325799 10.8578216544292 11.280761521665 11.6591957438213 10.9187823554373 11.2736354810638 11.3604437999943 12.0645277316946 12.1893088073854 11.3722223445775 11.3916868811861 11.6325835479644 12.7832561734378 12.5495685881365 13.5668009053703 15.5059967326906 15.2621011986072 15.4402916765978 18.2319429114831 16.5686032398041 15.7538588242826 14.760821356938 13.8188669456859 13.1426565973815 12.3426479155669 13.040751877838 13.4790875825777 13.1793041733502 15.8886433285476 15.0802387536758 13.480659161914 14.3119536675518 17.1612147789933 16.5845692101441 15.1211344378048 14.6355901947712 15.6658074352553 16.1830734025764 15.4580064191387 13.4281587334011 12.653712217908 14.2705428326207 13.0472003218287 11.5491246479888 9.25079182916169
11.2716712648473 10.8927227391141 10.8088139075366 11.6854241612754 11.561581428317 10.6763174666317 10.6747673296942 11.3222349443719 11.5598606994687 11.5360846841945 11.4168008680384 11.0409947713888 11.1174928133155 11.5466286034019 12.4155252412373 13.1673645289521 14.2405773157631 12.2013193479055 13.5102073459702 13.2530952258103 12.984891329406 12.4907625360555 13.0589884262502 13.5866163850289 12.9983706974943 11.4383880719289 13.8591667010232 17.6240948629475 20.9249050105641 18.9797464086101 14.4023134353889 13.736046281368 13.854672479413 15.4649263273258 16.5288818693135 17.2349415919559 16.3822868968548 16.1062298428453 15.7629776553588 14.0343797566333 13.6901352877423 14.6375634973449 14.4588937738387 12.5556845213726 13.0167999590842 9.45883126927276
11.5737868009893 11.5383625210896 11.1255960843526 11.0156609607049 10.6383259896022 10.7260314404038 11.4138416539413 11.8059404394347 11.406194477276 11.3711913876761 11.4467747436777 11.2683674282623 11.2757277720578 11.3744764653935 11.6628458618706 11.5417167900077 13.2316428261696 13.681307085246 12.8859486415298 13.0377563484242 13.4376582361062 11.2452791586054 11.4712838437016 13.3584824646136 13.8667121039444 15.3207757536092 19.6290680265305 22.0407402730217 21.9664412510031 20.977563096131 21.4515314800495 17.7758477239854 14.3459202986788 15.9167806891634 15.8234001248057 16.4852013803198 15.9670048601984 15.7275126638555 15.3898572709986 15.571258969535 15.5382825214919 15.5918997875499 14.4503684563186 14.8698199815142 14.887676861172 10.052393558693
12.4782494030524 11.8869409205423 11.6451024538553 11.667513948008 11.2405563811001 11.6831455731044 11.6331802770488 11.5335615190178 11.1445977380703 10.8626980861784 11.9179620035781 11.9655405121646 11.6331207225878 11.3411928930326 11.5333337709689 11.72502502314 12.0683940468373 12.0374138877956 11.8009830636364 12.1364840848789 12.5117081617488 12.6002767080249 12.3152294992336 13.5200860048738 12.9438655237802 14.2757814194378 16.27636262347 15.1790546666041 15.317834907619 16.8162413266531 19.3984304569218 22.642290341113 19.4606241464947 15.374720998329 17.2511505694055 15.5776957418708 15.7048942776247 15.2689070311748 16.0533031166339 16.138104841295 15.8559960316699 15.8638507455833 14.8367908585102 15.0930948604839 14.162796462444 11.4022302335238
12.1302306282342 11.8523520301687 11.3107477433826 11.2812251635465 11.0882391637459 11.010362809177 11.4969797923548 11.4480595324926 11.2246124957965 11.6224568791928 11.8810549881343 12.2347381415852 12.3440909223997 13.1237081516403 11.9557043446176 11.8598876850617 11.889029196167 11.912269815797 11.9021201811619 11.899608115203 12.6956009992872 12.4194797909468 12.4118552997669 13.1016923218938 13.0890272338518 13.0560349022641 14.3726808680641 12.7959914243494 12.1343248588965 12.8021822771673 13.763323214147 15.6317405861681 19.128840426779 15.4025213624775 15.1625872623425 15.7438303822512 15.5270044768486 14.7782830523355 15.493501251237 14.6962334053601 15.8691971077939 15.9266025200107 17.133076949073 15.6724409113854 13.8508134679432 12.3937962179363
11.3419589606675 11.5918085631829 11.5793528341035 11.5511330652115 11.4121621346371 10.8191528595269 11.2002797346591 11.3352193479813 11.600442656393 11.3978196022186 11.9019684383238 11.8273155814344 12.5524897590104 12.909099867459 13.7272880656626 13.0579189641166 13.1590360239674 12.9051105375131 11.6175367800407 11.9772118856066 12.2573954465041 12.4237596722405 12.0781467879183 12.5600705623807 12.8804036407614 13.456237322467 12.5658748645966 12.1324211031927 12.0500050662269 11.895414285808 11.7592398081327 12.7121923287659 12.8873078330842 16.9619451803554 15.3737708704059 15.2284443908127 15.036628046992 14.5577550032403 13.6571425758471 13.5634661338245 14.6322691040203 15.6648724265122 15.5936596868911 16.4415521439603 16.793260598119 12.554256471783
11.4510158712521 11.4818858554856 11.4607858398538 11.5950846365709 11.4557708896984 11.1551574156378 10.6980771793255 11.3321313851293 11.7394734274007 11.8245110602354 11.7854769293932 11.726376095266 11.8874885490809 12.2600566205015 12.6994866729729 13.0273043528474 13.8036835797274 12.1516416604013 11.6335399891058 11.8137605788368 12.4544794519972 12.532674981928 12.675054782227 12.5252740914654 12.8355769647755 12.7125792579304 12.9856521535072 12.3986332240755 12.3519191874086 11.8419280713425 11.80347781837 11.8548292001046 11.4974144692294 18.1765606152185 14.647260728895 14.6856939190705 14.2004276246103 14.1622545031583 14.8096936956302 14.6809184858849 14.6749131675437 14.4350546362317 14.2768474899289 14.8625149869797 14.4449150455227 15.7021411097022
11.576709878047 11.4466778258712 11.5608083320761 11.689047186715 11.6373542182972 11.7228562908488 11.659351944745 11.7360964612882 11.8062859219864 11.8242241432223 11.8363700437237 11.7228407493639 12.362177883518 12.7406193654995 12.8461633726131 13.3491049608128 13.2037479650914 11.9621382107787 11.9170545870281 11.9876597126399 12.511134228219 12.7185718164961 12.9241086959875 12.702105642907 12.8198992730073 12.8698280229589 12.400847477242 12.1950507163213 12.062154170279 11.8033614707716 11.7878442352732 12.7004491688705 13.3217190010329 16.7343098597974 19.8648308485709 18.1973803184924 17.4209847379876 15.6834533615401 16.604281655405 15.929792608957 15.7292406490801 13.6069531005287 13.9251632331268 13.791258826996 14.4999102639516 13.0704955308888
11.5385155709641 11.5068892936653 11.6418613096963 11.6625870801034 11.6639346836034 12.0660407235694 11.844487086955 11.8277057907704 11.8542690805276 11.8743476414574 12.0477649527394 11.6965910212723 11.9363742662124 13.1120874598669 13.5147007995309 12.5964174205228 13.5310035990744 12.320641686081 11.626226496629 12.1248002542724 12.1387334790866 12.3751830346859 13.1626218769292 12.1476029489503 12.1299364726807 12.1808555609207 12.385335858672 12.1540408697503 12.5371410262445 12.0179565555139 11.8026705933688 12.2840860597672 12.6665910995307 12.1237235581717 13.1921342115092 17.2358038931305 16.1858096916155 17.9460084008353 21.2976959050708 22.3726405864498 22.3925906988759 20.6628051052394 19.9511806223281 14.0245761373532 12.658532493604 12.8141812721762
11.8252577805663 14.6072273962521 12.7017512080345 13.0256832643725 12.8101992954102 12.3910752759602 11.9975425349077 11.9716387893995 11.9503774620421 12.0261920276893 12.0268359749918 12.8127947539903 12.1388125155763 12.025216455403 13.2633532975473 12.3773718845142 13.644671984782 13.344842767722 12.3998287981205 11.9680436415996 12.5563571546371 13.0600238795913 13.2895768300561 13.0112227071333 12.094891392013 12.0818490365598 12.3140208278994 11.980332356848 12.2492585184908 11.9847981105834 12.0464069300779 11.953084204229 13.5978759835841 13.1611935536383 13.9929621531013 13.8964685311871 12.6450459814299 14.0359638576073 14.0250289353041 12.1309611701801 15.096646413739 18.7650363048664 18.1415765759487 17.8711756709722 18.957159891929 14.8523376761366
11.578150158199 12.1707627104906 12.4276503260261 12.6312541501325 12.8869984070665 13.2369048840865 12.6830416128023 12.3358557484846 12.6719144176822 12.1111141506811 12.1218825894057 12.4123445941809 12.3948945059846 12.2754672168483 12.1557479539158 12.4715028673847 12.9190069362131 13.4812219282804 13.0354579548734 12.9239167499967 12.9059780571112 12.8544570098544 13.4965995064109 12.6252103503253 11.9927601840832 12.2908127391747 12.4366824679232 12.0308234973786 12.0522659821225 12.0948052131626 12.2636199607614 11.9336886603023 11.8845339073849 12.5405735631382 12.2119807572575 11.9819948370217 11.9946954976474 12.4724751734987 13.586550741836 12.0448176176954 12.7841307766216 16.9928882246751 18.3281597105615 15.4213967112973 19.2270649842215 20.4463494287834
11.6223663965348 11.6533705254728 12.200051598661 12.2442513751901 12.6089523542415 13.0238267591262 12.2003331796726 13.0218217838076 12.9309682626951 12.9457200014394 12.1371211898236 11.9330350907767 12.0674301392126 12.1174915515272 11.9822304446908 12.1288352437087 12.9697675741575 13.6676139310593 13.1057768430633 12.5800678350925 12.6507284032963 12.6387743410829 12.9761038794923 12.6557951394196 12.9361678051737 13.1753739310805 14.51903284558 15.2520468402251 17.003435793842 16.1177317080169 18.3832452696912 15.8520813749167 12.3111236843375 11.8408612932702 11.8641632092267 11.6355304129423 11.6068524303911 11.6149991472948 11.6835931573608 12.1429288418347 14.2336151001357 13.2134484857108 12.1456531685051 16.2788991186092 15.5905321306316 13.4377004695455
11.6418696503199 11.6307529558318 11.9524651147107 12.9251412145513 12.3654871297174 12.1908355476648 12.6449032858372 12.5864808665461 12.5484499054084 12.0279338713502 11.9758263446192 12.6560458960281 11.5686496962206 11.9686256889521 12.0539466579544 12.1444648873495 12.804097639944 16.1054185355802 12.6424552514432 12.8934445145364 13.2310397388771 13.5965110819788 16.5912002438007 14.2635147451812 14.419710972837 17.6256963913063 16.7168886435938 15.8268050248632 20.7685739075755 16.0714813012373 13.4559991108427 16.0153665885173 13.9108387119178 11.9044903817706 11.7451326606616 11.7582424877626 11.6904738640071 11.7376957665576 11.6800926717991 11.6163762442564 11.861212584788 12.3487969062385 12.9741328072976 13.6363477932129 11.5368071623023 8.81979507436949
11.4867227471743 11.593011918619 11.8898380746968 11.9377045157828 12.2702127535836 11.9236097093973 11.944070933346 12.0858527482992 12.7520584329712 12.6177512182863 12.0180134258884 12.3995805858553 12.1815693278778 12.396629260603 12.563820386756 12.4624199738693 12.2935655872783 11.987579950637 12.0387823141153 12.1672954601529 12.5026452472884 13.044016231423 14.1081809215168 12.9795548787348 14.1181374631616 15.2062833266222 19.1566911989022 18.3391878380855 20.1915017902153 17.6379988989928 13.297572037467 17.941812181187 12.6980318068348 11.7538190920317 12.5734980597159 12.3263478620744 11.8795894413708 11.9173920022737 11.7295735330448 11.6407174799351 11.7181249652434 11.7251051288632 11.7954331495182 12.106061988437 12.9615657675795 10.3182331261877
12.0937723041538 11.7188445264011 11.8190986207527 12.0135392179631 11.892754833309 11.8819333956594 11.8570890402977 11.9038628825637 11.98413472085 11.8952649924576 12.0171507043305 12.0953162217281 12.1655583652304 12.0250373222608 12.72762431474 12.9702640143067 11.9706847015785 11.8179572281644 11.8887956856097 12.7434269528964 13.137597169408 13.2938973972222 12.8601440289728 13.1167525498985 14.7823271983435 16.8165955727642 14.3913554497306 13.7180774169453 13.7472263951135 13.9059005667889 13.5656858380374 19.0674336546801 13.1169585866672 11.503121663009 12.3173996216835 13.0071595060703 13.0581157014456 12.3004465920713 11.8945245590489 11.9199492787974 11.937696073355 11.6050582839424 11.549331179642 12.3601204088266 11.5707488390527 11.6579020572817
12.7922020039399 12.9125731737983 12.0295547802652 11.9967047100992 11.9515093580428 11.877872529 11.9902992558038 12.1278738355601 11.9998288658545 12.2819665356179 12.3074849772438 12.3296278507982 12.7331584748107 12.2180780116104 12.3753168399659 13.0268068050717 12.3591733158936 13.0959033443131 12.2360174301106 12.3089014632084 12.3587316786281 13.1089471214823 12.9327427401001 12.1494324522281 12.887688670264 13.7564226330806 11.4998165853026 13.0113863563709 14.0245250999169 12.8073805630474 13.6540401804223 16.4783557378326 14.3818646906111 11.9013036712548 11.6141874466252 12.7369540264295 12.48115735741 13.4801117903348 12.6971116782892 12.6026401322675 11.7857538024141 11.6538342502919 12.0887661601352 12.9032063602659 13.0940998447191 11.6425595489798
12.1332526106452 11.9494591924423 12.6664917482123 12.4475337134001 12.5128215067795 11.9710808246817 11.828023966074 11.9339611870572 11.9946713203985 11.9123842731028 12.0241005255723 12.3246657641217 12.7783996174601 12.5451398849531 12.1930728245979 12.4431734486364 12.3612810147211 12.385206911948 12.7180068428038 13.0286131385714 11.8499147687774 12.2357268988787 13.247510984386 13.3799955260261 13.8809802382679 11.8776475466061 13.3235588674485 12.9687797497776 13.1176715119072 14.2118286329111 13.4441655532393 14.3022224039063 14.466003583787 12.2584816304923 12.0784039379584 12.2819995562482 12.084397991242 11.6428205002236 12.9503297841103 13.0110301059089 12.0922576109267 12.4386822588975 13.1242126386755 12.2246855700501 11.8284309963733 11.2450928079662
