IBR/IBR_outputs/SS_Optim/Silt_Total/Results/Silt_Total.asc
NCOLS 160 
NROWS 95 
XLLCORNER 210004.651214014 
YLLCORNER 7350008.22228844 
CELLSIZE 4999.99999999997 
NODATA_value -9999 
[rows 21 to 41 of 95, columns 46 to 91 of 160]
-9999 -9999 -9999 -9999 -9999 10.6061125138888 11.3756218709407 9.46336476735732 -9999 -9999 -9999 9.39284181361 10.8019517981127 10.5785287025916 11.0982204901273 10.8243770092263 11.2995491579087 -9999 -9999 -9999 -9999 -9999 -9999 -9999 -9999 -9999 -9999 -9999 7.15324096088539 9.79358922512739 11.0279702592937 8.32681379236166 7.4103699353965 7.64335262294948 7.62154368390192 7.5317235159546 7.5572796698173 8.49071374788467 9.05570604214715 9.82402870194894 9.22844319809605 8.56768808185856 9.06691047701165 9.48597568062064 9.01578393382179 8.88107979765096
-9999 -9999 -9999 -9999 5.86067697313959 7.13453662168556 9.82661339610253 8.53270793887043 7.68549815890331 -9999 7.38615867644058 10.4160445442264 12.6479261231934 13.5321904015375 12.2579904592997 9.24097150092267 7.91791048768855 7.50232143913368 -9999 -9999 -9999 -9999 -9999 7.3739572764158 7.63300432986017 7.18339974587529 7.31603451012138 8.69534230808456 8.88750104921156 11.4927992408681 11.5810666317995 7.24458412477486 7.3295032361757 7.46091151178029 7.52180316148941 7.46438640233015 8.04043549701658 8.89401718643221 9.73671589377042 9.56130196460067 9.48893938328312 8.68789345420642 8.76297085764742 9.70798694828482 9.50779914837711 9.97252514787442
-9999 -9999 7.47028592413547 7.54990464062765 5.15076145648737 4.04117078070719 7.76698533477995 13.6780067994506 11.9379167834936 13.1041432093744 8.53182820439197 12.6054002185231 15.0759139012098 13.9792555227243 16.539372883304 13.2223048054025 10.3763163823994 8.58492705948081 7.50705211579757 7.19622707332237 7.31675202494849 7.68889728395292 9.30505812314868 8.28268223942716 10.8166989015669 10.0559878282006 11.7064344832535 14.9651760252691 15.8933094849323 14.2135300427919 12.6466864182734 8.82055414407215 6.74702958642903 6.86722954183383 7.25252355058048 7.48238134639399 8.15399806186135 8.67702623741989 9.90700414645012 9.3789008474387 9.76464091686565 9.45150872711821 9.23318258842704 9.75199233643228 9.71625897982477 9.60790374564061
-9999 8.68612842231288 10.1137032805518 13.3554332240802 11.814269370633 12.9009388323744 15.811021854269 15.2427775367108 13.6346314345231 14.5709186264137 18.4810357859726 16.7035378495837 14.6713057855894 16.7061723740281 14.9618337043243 17.197957979894 14.4994560485145 14.6340132619994 10.4283196755936 7.64803389626184 9.02283209851691 10.5849366923485 12.4827945398537 13.1101261250799 12.0653193737176 14.372765717257 15.889367288911 16.8162832576028 15.488181274895 12.8250049594803 12.2995543893411 7.89031934079668 6.12931117088769 8.21159754672194 6.16878303715227 6.44581985137738 8.20078643566549 9.2917151022099 9.84735794784775 9.52755920181895 9.55628551330829 9.37248822835067 9.9358432364896 9.7714165095143 9.8860397862273 9.92184358958787
9.19624433589633 12.2706638261054 17.9878504714262 19.6710886958209 18.2041204562455 18.4720234488136 14.3948647586758 15.8240623508026 14.7440065150398 15.8178849685249 15.0946058144351 13.6660310840997 15.997557123687 14.6683247940375 14.6706690806156 12.628224629162 14.1505274571866 18.3019029686481 18.5906512410542 13.2890042022279 15.7783435652855 16.2519785071179 20.0703012051849 21.5673855206496 15.2367483974029 12.8052976246349 11.5733091610243 13.0096529864242 16.1625383188437 14.1248674191956 13.1604908172613 9.36633659532944 8.10034958392765 9.61384462803719 8.72713437907842 5.90344397106387 7.93114757576654 9.02383218261389 9.723899871961 9.27571786308061 7.94226931227312 9.01494145312604 9.57970897442704 10.0710146638421 10.0249854286866 10.1255736296365
15.2598786032009 18.2735712133578 21.3464441096986 15.8874741084036 12.9765489002334 14.6571851513196 16.7740067585404 16.8443701738111 14.974946542857 13.9617382138807 13.2952478019012 13.7839891155586 12.717160650288 12.5810938598706 14.7374955077846 14.4862711363358 16.9667421097198 20.6201787297593 20.1719433055165 19.408806566102 22.4814155905639 18.830633145365 20.380910672895 23.2188637676707 17.7422856726079 18.4658965524998 15.238809050277 11.1431004324193 13.2558782675276 13.3544879046877 12.8399855569677 13.3248203471787 11.7517148193815 12.3773571524102 11.3764408930341 9.11669454793461 10.3276375079592 10.5357065679071 9.78298252451758 9.01095578546405 6.31817194314586 8.90590955494581 9.03182282584759 10.0091923251851 9.48492599562071 9.86029343415744
16.0020161825769 19.3814483355599 20.2147880189685 16.8644956420538 12.8861315331304 13.4839936336906 15.7891335407106 16.7492095604987 16.2124745319202 15.7377428689634 14.4260625912057 14.375251651936 14.3551082570647 15.0384429379239 14.3649129950072 13.4984197180023 13.1782005535096 14.5598574969068 14.1878411602334 18.9414290208404 22.4998300947812 18.3999639236651 15.6740863211105 15.7829972330891 14.7828763331188 18.1827227365387 15.8426752546416 13.573033038959 12.8774543974653 13.957877940805 13.0595849734376 12.8416961864793 11.5352554625839 12.6436364325151 9.93273760458764 9.91142065233362 10.0673745593943 10.7086845531395 10.0968297043036 9.59615329764187 6.57391178471911 7.76342950152379 9.2575169947243 9.76353401772888 9.61156721109794 9.05675767527543
13.7348437470086 14.3321707094396 17.0335789032348 15.0175978917491 12.8246675476702 12.389372841745 14.4986515331144 17.1379104221271 18.2533900158267 14.3922443430579 14.0174135320615 13.7901108446448 12.7680271912053 13.0354541747906 13.6280881220473 13.4809450303272 12.7362255053911 12.6797735161294 14.1150987685332 14.525219824855 14.4365230364626 17.4620661442596 14.6829916265868 13.1605224716407 13.623790408734 14.3491667236224 13.3944995160906 12.8231929856489 11.2404380307044 10.2773615753697 9.84143842975151 10.4946162354603 9.78694775726869 7.9799675832704 8.79054245181622 9.02035387482514 8.62818038879282 9.19083499734868 9.36899377712197 9.22892063137474 8.1299398242083 7.14021543269471 9.85496979036874 9.4299086672784 9.05597213882008 8.79729104548357
12.5222696458886 13.3009747585787 13.3433928634629 12.3138028569403 12.0660880060612 14.5025970840078 13.3822213720977 10.5267090076377 18.749207062838 15.2464413624419 12.6058338322603 12.9701370755284 13.2861717895504 13.886405838682 13.1713594184906 13.7842925745957 14.7897939517864 14.9610940318128 14.2792202100179 15.2747691318626 15.7367428030758 14.7155858412424 15.269272777035 13.915362026213 13.0926235446866 13.4041771762502 11.043049238497 10.1216366316738 9.82305552333281 12.938966935325 8.37695477444203 10.3859615192791 9.85612315780509 8.76785911608549 10.9552838338725 11.6398167519916 10.3513441517487 7.86955262302969 7.38391227354216 8.75222902158901 8.70329320847829 5.56210421716216 7.99201701664977 9.44457433786444 9.61786943625036 9.71889048635264
11.7569830250763 12.1160215665097 12.3594370752106 14.3294928456873 12.7395233199861 13.1902783215617 14.6855812623246 11.9375139588342 17.0947089216871 16.8335479815929 13.6917661100126 13.8017603187443 13.3157518013797 14.9408758803392 15.0857536147368 15.0736871174939 15.9052108031881 14.0396338353296 14.5658321371936 15.3073790937732 18.6491119006285 17.2810803533757 16.55419075048 13.1513898978256 12.7795996355082 10.869903315446 10.8647751151204 15.2993749015836 12.311715085679 13.1264292114935 8.20386700939933 9.88047026838715 11.4146714246885 14.9365322014708 13.0233569863861 14.1226173447842 11.9951161855837 7.12036224990374 5.55353072522004 6.47111725165735 8.58418154740426 8.090027440392 9.19216631984988 8.75229618719847 8.62127966681233 9.76863698190231
11.4495926224141 11.1309224320904 11.7080175015981 12.7403715056038 12.4441397320599 13.0632755504182 12.2366717481907 12.0658855406434 14.9576668706996 13.21604961134 13.131402970433 12.9700591530262 13.9517942871199 13.5158265301413 14.6510042320351 13.7916220408526 15.6486321075417 13.0134673105686 13.3061299753567 12.9493088043778 17.0444484269362 13.6989496518692 13.43533806183 12.904856053981 13.3454153555776 12.9373727742589 12.263037033736 13.1115705729689 12.2906818335382 12.9745727655975 11.5938181526887 10.1601860000714 9.41250342355517 12.6118122677948 14.2100772555948 14.8656468109837 15.1531021914802 10.6585548549735 7.70964987716021 5.82539822227649 6.6966926465024 7.2366737111512 13.6390534461449 10.3789139246047 7.78364821531865 8.34751737180224
11.4510501532016 12.0256848705226 11.766362317637 11.7202861033494 11.257144136464 11.2151397768512 11.9876597126399 11.4681002467846 13.1657333127364 14.0427529937848 13.0468687848694 12.2233763626845 13.5640872719347 13.2400786365251 14.9814381948903 15.026022285066 14.7696718870298 13.4066479657095 12.7273765819741 14.6387282681427 17.9979044641865 16.5976347333905 12.6639658721953 12.6854600278226 13.1355921449735 13.4719705140443 13.1056517583906 10.1831741148204 10.1509308288947 10.21790899917 9.00696235702232 8.91297898317075 7.58970214978174 7.74303337647639 11.9000512605697 14.7101876836385 14.4528974466149 13.3218400408624 13.2251645011484 15.2757556313132 11.9291622649129 11.3612705475564 7.50314793035593 7.23036090634356 7.53194614569632 7.98384298958343
12.3566597681449 16.1120451179647 12.8402531478534 13.2456943013506 11.8426212617857 12.1026693613522 14.0656366758036 13.9238751433475 13.186656931911 12.2082138689512 11.2405036506532 10.7946225503998 12.2688180255484 12.0604086937874 12.8855440298447 14.2480388374285 15.4395791298405 13.396353493626 13.5093385211595 15.239679331972 17.6791823486854 18.6508015452746 15.0655364686017 12.1806509352784 12.6183040381881 12.7592494241911 13.7502944731864 13.1966350457751 8.40326826630424 8.6412065942044 8.66209901347159 8.77826732345361 8.29934699734383 8.11796444482803 10.5224990699205 13.4123739927935 13.8882141852322 12.2589129405636 12.1702063107253 12.7286538633045 14.4162542054505 9.16465458425697 6.35403764579368 6.95041578453935 7.29042794942847 10.1212993659879
13.900413660034 14.6163292249382 15.2987783822328 16.1231935319398 14.774758874529 17.516323868256 18.935513365418 14.9725015558989 12.1877334269829 12.1691337241347 10.515711818995 10.8407281369256 11.6702396000885 12.0648914231895 13.690283892555 13.1562089714147 13.9781908072931 14.698745132106 15.8064208370015 20.8798032777258 21.085998596211 16.1806952778752 14.5623700234652 13.0083703430307 13.1789975371496 13.2869364849796 13.3805139791565 19.2269930213667 16.163933731118 10.8438091434808 8.39530863270564 7.32375967645883 7.56281358061158 8.33579287915196 11.8178636147364 12.6671872156468 13.186814097522 12.2684549934845 12.3690827665587 11.4899526176455 9.36964273545465 6.75036985456367 6.66771823431823 7.85942000352882 8.06409225425613 9.69507235304851
12.1053139676179 12.3900717346853 14.6474937620194 15.0059763125956 15.9884977607521 15.2040228188813 13.019362377019 15.3771026474991 16.7147978133299 15.274033390422 15.5681352831627 13.2252051205021 14.4468506012756 11.8787568381294 14.141791736923 12.8181438835463 11.9502616206196 17.0454451087228 22.202084565227 21.6474114924144 22.0196566292299 14.5180544696198 13.7697123320602 16.1801421550903 15.6528451102679 14.2202958956811 12.9035761531478 16.0539692915163 22.0573629444626 16.0015972376138 9.30689171523915 8.61067998229765 10.2787514225148 11.7189102681001 12.3830443903671 13.2468668730603 13.2928474139856 12.2739401539169 10.4455824640691 9.59063487322825 9.41358537072289 7.09750441977523 7.07474223039111 7.99233481486469 8.71936738132916 9.75997736226281
11.6135292987598 11.5051771998041 11.8179272238215 13.0476301917206 14.7589803222168 17.3181759720647 16.8116321784527 16.8630995467067 16.5918057485953 17.3082233447701 18.203071186916 15.7002422894269 17.4002520143401 13.3459522478768 17.2676854595203 15.1231497389101 13.1819132628042 15.7357706280147 22.4548457889495 20.1986268267212 20.967453854955 13.1837685506857 13.3990803969452 14.1437634334297 13.7576494725276 13.2492109055675 14.2298537755265 13.7064105669514 18.4986372355848 17.9297281886733 15.1432289922068 12.4407597494028 11.9325262350488 13.3979686445564 13.1794055414916 16.494087823739 12.4934622656986 10.3592521894988 9.33376503018408 9.43842743207698 7.75841185362427 7.00837116812057 7.78212496715494 8.82593999504027 9.13395237255989 8.71717854448648
11.9685749705845 11.5258477507213 12.0013536076335 11.8898501117815 12.4321456884375 16.577655717025 18.3715559508169 20.1228166435586 20.7479302622233 20.5785789619866 21.9198227406609 21.2990888814079 20.2772822588537 17.9861651045042 18.5690845655002 18.2561244677836 14.2540636657509 12.277756152893 14.3543252509611 14.2059279101046 12.6870807190486 11.4268509892624 11.142828523443 12.7306856950078 13.8559481053347 11.7066937327819 12.9923659921565 12.7578746281364 12.8662904411258 13.988524921272 13.932025842688 13.3293201249111 12.4955985756242 12.9813314763056 15.2121213162026 13.0582670388793 11.2205389170986 11.6225795075453 10.0645972420875 8.2026850293833 8.83117025198562 7.7682541743742 7.92438421503569 8.76484307021728 9.7695770129072 8.68321596896525
11.7517160162995 11.0322815397318 11.1709765303219 15.2145561104597 17.8741967928643 20.2188884419826 21.2582597895368 23.0402278603913 23.3182952371606 23.029746214792 22.8006488012718 22.5757841009694 21.5549933278549 20.7337674902272 20.0598583238189 18.1399371323268 16.1159489699796 12.331506350266 11.7936034416716 14.0092352888943 12.6418125732001 14.4897781412259 12.6089920042042 14.0316228601528 14.8036250044992 15.6742239061611 12.1557382196737 11.8713669212185 13.7062903170904 13.6221135376987 13.0146885179 13.592473449912 12.8688690969514 12.9635572313907 12.2617954569574 11.8916196276003 13.1459225378179 12.2051388342673 9.83588437236243 8.18072020308833 8.05822679843196 7.9594111096652 8.46480730129146 8.49108900212989 8.91488232183241 8.90289938398067
13.3999123255247 16.1578761253389 14.9721966253947 11.464144702762 13.9033276236007 16.2718111173544 19.6431290572013 15.2511159379385 19.5137347359786 21.2296331984974 21.3075479430042 21.0720662808953 20.7549991491831 19.1879818416091 18.6091492797604 16.6340139589001 17.6531955937763 17.100895280808 15.9127147180766 16.9342396638369 17.1982186903828 18.685840777174 16.9267411613766 15.8909819128272 13.7806746364634 12.5395121202746 12.5990678303811 16.1553417812092 15.4069619625104 11.8859732728067 14.5196700085793 12.5864103031732 12.0391310933337 11.9841564710492 12.5651401313972 14.4526062416794 13.843554643554 10.8476696148289 9.8407600904953 8.29163211823248 7.58231376736364 7.83426958446379 10.9531571159744 7.43586555227704 7.80950669411266 8.73444282399496
11.6199020646583 13.6686055183742 18.141841010529 13.8526635908467 12.3035958704767 14.5023719510302 12.6149897792983 16.5895143665358 17.7238573354612 14.6803311693612 13.7053994508356 14.4625329118235 15.1011283644143 14.3098320102236 14.3286907297361 13.4148890363253 14.3891174255999 14.9523996269051 15.4929281973151 14.4285560958509 14.0031241774361 15.7902205784453 16.2580786332621 15.6623620880159 13.5265664116486 15.8489992589734 13.2241883865251 16.6311114935991 16.684528476024 13.6155720593861 12.1709782122263 11.8636870452552 12.535570716596 11.3699813954037 12.7096021707694 17.6576957087309 17.6845630913163 12.3261383593443 8.87077242985632 9.68403478210588 8.47639687975949 8.25014680961186 11.0895141076319 8.82417615081897 7.81435583174726 8.20085391098536
15.1881470442308 13.8833062892522 15.1781712613644 15.2057407333323 15.6219814530647 16.0178084152417 14.2015262740456 13.9538968469419 14.1484553412219 14.0562447439828 14.064970862724 13.2159455612817 12.1149100243304 12.1109914777728 13.0233859533568 13.6178722158554 13.5165415290606 13.6588358847491 13.0492362796478 13.6032603126713 13.9577917862254 13.9434783439877 12.9550534452744 15.226999992941 16.5738511260723 15.9889038668136 13.8461399812886 15.2903187801366 14.0836527046173 16.3155946215953 12.1016883305763 12.335043165902 12.858428404876 11.6274672886914 14.3736738854946 15.582035299766 17.730201621868 10.8341791751406 9.10797048275977 8.97145228458703 9.03345703526221 9.35650425622158 11.4485264230806 9.68553863754587 7.88176792025374 7.97846354361111
