IBR/IBR_outputs/SS_Optim/Silt_Total/Results/Silt_Total.asc
NCOLS 160 
NROWS 95 
XLLCORNER 210004.651214014 
YLLCORNER 7350008.22228844 
CELLSIZE 4999.99999999997 
NODATA_value -9999 
[rows 63 to 83 of 95, columns 46 to 91 of 160]
12.0543150405716 12.5180346424757 11.9493831742911 12.7365331006073 12.4317470522464 12.9564025053783 11.746812737104 11.9299326818537 11.8346417512494 11.8923888651691 11.6247119114711 11.8464852276823 11.6882604607815 11.6382822555567 12.0520539367164 12.1902579828209 12.1686747540541 12.970253959727 13.1919719425785 13.2711572919675 12.0006075484981 12.3986897453015 14.1827816381071 12.4735140669528 13.5866434146268 13.8314099298936 14.8362460365733 14.4562365546641 12.0628984596374 13.3865510165542 13.9508872751709 13.320620749678 13.7681622131173 12.4402145145341 12.1251405291582 11.6850780026235 11.7010792695299 11.5999418899567 11.9546820824647 12.4302792891506 12.1701003892104 12.3828589699172 12.6441141317356 11.8411159702898 11.8035785734395 11.7352125224062
11.9402795918377 12.0658576563149 11.8418872253788 11.9320463286562 11.8371243333832 12.0866741961255 12.0263820630175 11.9244968765966 11.7243710355388 12.3175821067362 12.68055881486 11.9813858922782 11.2845401718446 12.2904995455279 11.9318208482417 11.805771298719 11.6203687208186 12.1025892261887 11.9467950777058 11.7200565928412 12.0935162076654 12.2311032711291 13.5847822989348 13.0740463414459 13.6240391773696 14.7281597234979 14.711160910994 15.2499482471599 13.2375804961966 12.4816517062058 13.0229275234022 13.9645844965913 13.0932549714428 13.9982080600422 13.8683356679081 12.9230022036328 13.3038240699051 12.7908391491222 12.4530288266323 12.0999400555028 12.8500146365887 12.6060370138356 12.4671840166222 11.8116115304983 12.3953724114929 11.6616259148521
12.6889538405525 12.6015203271091 12.2400144106633 11.9160568291189 11.8006136697151 11.788027636157 11.8703144937529 11.6968704675525 11.8502428475037 12.1369874450581 11.8245614811466 11.9647158514842 11.8179308243407 11.8256779708559 11.8998393204811 12.164643000537 12.4807172595749 13.5614279270716 12.1529726332116 11.9696871759621 12.2418690620964 12.4957305591663 12.5643918140821 12.5842947317772 12.1952859289786 12.6516890438865 12.0465280708968 13.2110442637038 14.1707824261942 13.5076907851395 13.3659692953938 12.7139764822653 14.2667169057255 13.4150041178519 13.4555534304278 12.7919611277565 12.5259706110457 12.6901210381929 12.969525013236 12.8799953599689 12.6245135588476 13.1241064300563 12.7267217824127 13.379957217092 12.7567516632861 11.8619784624664
11.463858471518 13.1933969015114 12.4153604819004 12.2606810235304 12.1486587893888 11.8298886767465 11.8031899490353 11.3850228630067 11.9334016663734 11.4039798472872 11.1980455044127 11.8177351968998 11.6471712930378 11.857456885115 12.4305536423495 13.5869780691024 13.8569025894303 13.2647046516137 14.0462601916608 12.6089263339874 11.8610634999282 12.0345549698186 12.0030852291754 12.0571253510012 11.7887169001784 12.1028721287606 11.8476784226807 12.0882856237142 11.7871346187046 11.7809407348432 12.5854199609074 11.2704181934408 12.7449056077882 13.4016542222836 13.0672656537205 11.9536827929561 12.4837931749984 12.6809626567765 11.8971372450854 12.5694857592331 12.901425161889 12.9145520413807 12.5216695407565 11.7592410054205 12.2585500531202 12.1397342212865
12.8626044182133 13.2306867806368 12.6870533752369 11.9603527344531 11.9772167176212 12.0043646759113 11.8586458070263 11.6982020612888 11.7097953839941 11.5433424789052 11.4846912763797 11.7152254213127 11.7661742891948 12.2173705117777 12.6405086566284 11.7645623342051 11.8847108147941 11.9077305086433 12.240535750298 12.4559584867548 11.9387176282103 11.8572308882972 11.9106180756729 12.0261932381007 12.1486466250719 12.4546690985341 12.9865224131157 11.6454158668766 11.8256695669793 11.9823500617564 11.8585664636224 11.6168678285208 11.3145381917648 12.0357210195455 12.1546139404719 11.8808708875393 12.4882640958565 12.4306434536914 12.1701417837715 12.1039054184757 12.7058890782049 12.250018226939 11.7484570267524 11.6438822075391 12.1693699083399 12.1384708365657
12.8807079770196 12.8255123352996 12.8851544562439 12.3547622011967 11.7684474946484 11.9528018105823 12.4655577093713 11.7687577114182 11.5672788773713 11.6412143243561 11.5918894191819 11.893189427579 11.8602026728667 12.6321111129897 12.5773402234773 11.8936998750196 12.127611308354 11.1263424240753 10.7929196600038 11.1768120784593 11.8023239625976 12.783138896558 12.2292213545596 12.031752075089 12.0984407653967 12.1544508998927 12.1911767315331 11.5135539920314 11.7155588632189 11.9815381270496 11.9670438082186 12.7444023322417 13.3796111622815 13.0213747158584 14.1336974750147 12.4861210122765 12.6498981116166 12.5105516682472 12.0303549844966 11.9866711654837 13.1503735391146 12.2830537934819 11.7232579819055 11.9859787227531 12.2552708661399 12.8815633942857
12.0029304424004 12.290126409805 12.0313053364616 12.2908359841728 12.4123876230422 12.3660111032572 12.2712261501926 12.1826595065166 12.3800680058652 12.5088768836236 12.2963750297482 11.6329349136102 11.8041339332543 12.5858817031424 12.5121327575776 12.1828653668613 11.4665943664393 9.52267325887728 10.8456355857569 10.971505071488 10.9922014413646 12.2420998348663 12.7915268075642 12.5143583002563 11.5111943548643 11.709438124335 12.0777004206276 12.9273569421676 12.7675621090072 12.3675843170673 12.433553269483 11.9966055754303 11.4789186204205 11.6548165655723 11.1867372018526 11.6625202981601 11.6690371740327 11.9724721369261 12.4527603839512 12.9357197218009 12.5030388434919 12.2368939272809 11.6788277040099 12.0056079071838 11.7000688039055 12.8205939659514
11.7791983893848 11.8386750242828 11.6527482659994 11.3923484319943 12.2627327439266 12.2586636839721 11.6931746324355 12.2744267498604 12.4463863312789 12.9605883108884 13.4382891852267 13.5134210940346 13.0015038183393 12.0018542175356 12.2615046241177 11.981991212306 11.6907699548173 10.8267143243709 11.0746859226565 10.8375553770046 11.340648070294 12.1645066725205 12.2955074459443 12.4729866043975 11.9262182653873 11.447236881518 11.9563235158286 12.4621021568512 13.5589977177757 12.5510581821734 12.28991354144 10.8599904978272 10.469675280429 10.3890234175266 9.84113510478491 9.91652084762252 11.6977924242317 11.8359929076265 12.2209826318056 12.138667818195 12.3628576112985 12.8040039910783 12.8349981281185 12.023903246059 12.1493594641344 12.3255662175861
11.1994316382662 11.5599984482653 11.3903343554803 11.1838203684213 10.8242860543866 11.6692328027848 11.4201890080606 12.5552900995715 13.4907626019323 12.6603153473102 12.0651254008866 12.6163729398349 12.8027216606787 11.1462363631559 12.8701973317706 12.0026402198224 12.0551669464604 12.2817574059773 11.5045931014886 12.0014261591619 12.6776314645302 12.8823837701817 12.3254228779184 12.9192590523358 12.4648197456642 11.5501680070073 11.8094314777102 12.1719047693002 12.4357607719003 12.5333803541279 12.4274608840408 11.6715673480788 11.6828579299777 11.8801068247059 11.9133565793527 12.1550434480347 12.094606153306 12.3364391574415 12.267845062658 12.6157197712362 11.9950787102169 12.5077883952346 12.9733760967295 12.8080599276202 12.4429912745383 13.1850777241933
11.0034044812493 11.4976904398165 11.6709267274448 11.5767170079354 11.5945268998173 11.5916920358952 11.4629572201735 11.2123657598282 11.1273103683774 11.8209422445103 11.710604315739 11.4100260219369 11.6595868442112 11.1037189446982 13.0557511699982 12.3060391917736 12.0124794652587 11.8238387913669 12.0968711608225 12.523111792906 12.9785704478703 12.1151396174702 11.6094070580523 13.5281922226549 12.3432486474343 12.1202191520562 12.1482452059693 12.2759159393124 12.4677076607349 13.4862206983208 11.6813374167113 11.5666220047397 12.1616914233504 13.457434817123 13.0620116635344 13.0842371440083 12.76931649851 12.5903893958103 12.1416579974152 12.794966627398 12.7339167925143 12.6646091145852 12.5661853391143 12.4911103149833 12.754495913076 12.8459807678816
11.3763513295432 11.3041814061041 11.6722759872513 11.6152252857594 11.6053533333713 11.5791056389139 11.549162630689 11.5612999756693 11.4678766655051 11.3674496812789 11.367004391145 12.4766987962894 12.539031458333 10.5875589642096 10.6369337103476 12.0487959369542 12.5885867171441 13.6140464646993 13.6562920907061 12.9783529478223 13.3574706894405 14.0458148907617 13.0894805332206 12.8272344893366 12.1559706257483 13.1409674804429 14.9262083936142 15.8131068701348 14.2154833048504 13.9834037473321 12.7542516560367 12.295984674478 12.4490874412206 13.4369479567119 12.0073845792038 12.1208825694554 12.0922381923861 12.0029316516683 11.8394762331215 11.8170511132663 12.1128717195204 13.2016553533963 12.5031375519719 11.5813673314406 11.6302991999948 12.0549076149504
11.2570303941015 11.0972828513887 11.5080623555165 11.3911444467215 11.1920866336049 11.3884076981694 11.5469894041631 11.568385979794 11.5407271906717 11.5533719588492 11.5415138832401 11.6290153909385 11.325642668213 12.3558600002921 12.3762976913869 12.1827606093124 15.1701399801762 16.5317670226844 15.9048311057598 14.9749262122489 12.9592616428484 15.5913690678168 14.4264146170708 13.8254318843694 13.6251154833781 12.0257744392865 12.9488956519755 14.8189993866435 16.4393639090968 14.3412467165737 13.8364797278224 12.8816898932738 12.579932932653 12.1641390775025 11.9712680192242 12.0475614262884 11.939535385182 12.0961549784275 12.2163495518905 12.0036922929595 12.410512862753 12.0285754431513 12.2390669924108 12.3423218100417 12.9343190413002 13.3364058949937
11.1996457066416 11.3452835781568 11.3968665688412 11.2042059374487 10.9052463721737 11.3653069456587 11.0295543775922 10.9865132293698 11.270827663658 11.4880925476986 11.5607774562423 11.6127485895926 11.5480635304544 11.8751812976865 12.2315792648498 12.3470716027157 13.4105610619319 14.8989134221998 14.4017944960613 15.4782316342813 13.0451695676671 14.1939446659751 13.8776366539409 12.8932979085522 13.2326522353588 13.9014557201646 13.5442914132488 13.6683602003188 13.7361343054158 13.2042831936441 12.0205303740517 11.9871255538608 11.2559868039295 10.8748953326286 11.5058193688532 11.6405649733789 12.2535459235684 11.7701219934371 12.0658224978587 12.161809479682 11.9864826451116 12.0095399791696 12.0734554831565 12.0260419371292 11.9208423397126 12.7719788636208
11.4475820132697 11.152003962448 11.2635087099078 10.471610915154 10.8234294843644 10.8141289671286 11.138402563398 11.5345413346208 11.6404351052712 11.7178500554732 11.5572626193074 11.5579156753203 11.5162066374143 11.4883577557653 11.3211908528699 11.9403640251369 12.8510078794336 12.8826893826123 13.3041767544584 13.6094753663846 13.5371282839797 14.3720975370896 13.853815595014 12.9378146105055 13.8985107034822 14.8059337776415 13.1278733109194 13.7442713280851 12.9404356599834 12.3890412122154 12.095056467834 11.8646333701219 11.6286557460556 11.5132422838775 11.5672491811165 11.6973099451286 10.4332573732924 9.47001543903413 11.3876118475722 12.1390496265608 11.8990602155753 11.7738511012782 11.9339141578878 12.1194172427084 12.7426010863301 12.8550713218771
10.7514665248278 10.6841635439822 10.7083832512957 10.5676788122571 10.4060973036233 10.3733724798803 11.1992994549305 11.5490237567315 11.5834426174944 11.8464011174431 11.750837494346 11.4658018356885 11.3131665089647 11.443601479517 10.7998400768639 11.4670060195776 11.2218081034613 11.6568397358791 12.1957076111425 11.9137565975841 11.8107032514892 12.4930355188856 13.3178371075774 12.4105276144164 13.1911910376309 12.7219308080842 12.1017405379156 11.729872492244 12.0586887930321 11.6156525742034 11.8755085125104 11.7183437000203 11.8162734414712 11.2225422485887 10.3665816009765 11.0676504694677 12.3550860162425 12.4728202341649 11.5866878375948 12.4637664294377 12.0239516580631 12.6013072724707 11.9346316639969 11.6929417957415 12.6349649719784 12.4740341460393
11.1539910211422 10.3707337901392 11.3398161510744 11.6963115782068 11.7072433031396 11.0842762148132 10.4521259115621 11.1326464329152 11.4667812655545 11.5827377609606 11.399223272291 11.5176871727452 11.5735087706079 11.4052859469123 10.3446928595408 11.3184056560715 11.1453388401081 11.1853506384229 11.0470575901832 10.7560522163424 10.7581186545304 10.2815066280459 11.0330040349151 10.9931360811135 11.6494262428143 11.7488878633636 12.3745753958761 11.8088292079694 12.0460011126737 11.7039090357762 11.7983314670207 10.9760401204017 10.042571241419 9.51879724354678 11.3851148166874 12.4517026492785 11.9404412215505 12.5960867581095 11.2883886942246 11.6021139353077 9.94981501233385 11.1827647850137 11.7731347041213 12.1018437387947 11.9858941324826 12.0565472661499
11.6221640023392 11.408537936418 10.8620718997621 12.1958636109861 11.7403431647723 12.2356988225111 11.5546505718247 11.3624577221599 11.4359767216957 11.6006068053663 11.4232375620594 11.0145722182726 10.9268235038717 10.5736384474361 10.2444999013971 10.6662028258661 10.4025040087673 10.949933252892 11.3243079773328 11.3203478527871 10.973493248158 9.89627184492881 9.5323243889088 9.54660542772805 11.8708545337346 11.5432938253123 11.4664571502916 11.6086360008936 11.8332270204822 11.5577672519486 11.9583235575884 11.639447415555 10.4936945380109 9.2504825277862 9.8983329697286 9.69834139954845 8.55232711637035 8.03458791362275 8.4379710305487 9.16243820385489 9.53451317300812 11.1720596325151 11.9792389991424 12.1888628658807 12.2235361969751 12.2551364824605
11.4199481628134 11.5954901632653 11.8430033058246 11.7806639164799 11.6908081603461 11.6650676825244 11.859359909246 11.8493331308693 11.742751554386 11.6951198015654 11.5552430069143 10.992643245365 10.609109061678 11.0003651352306 11.2381180129108 10.9058898858231 10.5648800325547 10.302308450248 10.6387166194428 10.2088153262042 9.91607595924516 10.3871263483605 11.1586884724607 10.9439821310641 11.174849987209 11.0214003220063 11.340117380154 11.52321775835 11.2564722435656 11.4158895753734 11.5199360059865 11.6107588471627 11.2102181669483 10.357987216838 11.0514293160932 10.2450635650633 10.031244803001 10.5629786949351 10.860133480196 10.484534048648 11.5075433574738 11.7104035738875 12.1146937957048 12.5399421289788 12.0030876477265 12.1731771676261
10.8840503149393 11.0695024977453 11.6111860567791 11.6861236555439 11.8364541194434 11.7682319023085 11.7508877631395 11.7746370059955 11.8405729828663 11.7056758657282 11.4421314015306 10.1899925220313 10.3400334793235 10.7300330497546 11.0712918436291 11.0869491533964 11.1280427669401 10.9678211315179 10.7479707553401 10.7082755626083 11.2358122795979 11.1354356602552 10.9865213444716 10.5756135625211 10.2317650359216 9.87300773127095 9.43330018351574 10.4525258743335 10.1611089274771 10.6986508916744 11.0467879435819 11.1027706032254 11.0088809322859 11.2231956216566 11.482134423886 11.7938420393026 11.7179086229462 11.8809791818392 12.6113909429913 12.2643776641184 12.0801688843726 12.07475314367 11.7055994079527 12.2196053041616 12.2911063617983 11.8939611222834
11.1110389942851 10.4079405266738 10.7466694436818 11.3516846196985 11.5776272742943 11.8183976961631 11.5419007128206 11.6646645673706 11.8615865032328 11.9903318892922 11.8458796404204 11.4744394629078 11.1801558363791 10.4989561995322 10.403595053738 10.7195466223337 11.0732581859525 11.3108476389627 11.2780573190602 11.1952559355071 10.9067009460782 11.2432317255265 10.8954433445289 10.3011366639619 9.88596352755871 9.61732452669162 9.60184987307286 10.1330865325872 11.0492323094556 9.40363129982614 9.40335011567575 10.0947001953073 11.2274535238032 11.585197121972 11.6383227612016 11.7388968098556 11.439047366094 11.1296335958501 11.6998920364604 11.9046240736977 12.7692479166838 11.9867364228724 11.7160990727162 11.6352278484517 11.7296452829175 11.9732644471646
12.0073265239038 11.9540605389184 10.9560491288366 11.4276505039464 11.5493477972082 11.5076523698342 11.8378570255713 12.0365286896701 11.8739470635018 11.8105184802405 11.5604283245607 11.4206789703075 11.4635119233708 11.3809572123471 10.9903195186021 10.4511707877538 10.9375905753647 11.2833040331422 11.3160192744013 11.3564247059227 11.2191796513644 10.9447088696572 10.5575021211606 10.1667479878052 9.74590027534999 10.195457232407 10.5531909847966 10.1360108124797 10.6786754743802 11.0412143863283 11.2697905091824 11.6183866846068 11.6299002353487 11.779632166638 11.7247380794312 11.7437051654673 11.8886632837058 11.9503219546256 11.9655127412959 12.098452905032 12.6651530273022 12.2514082359688 12.0667899798726 11.8782190299945 12.3631655807008 11.6747289452408
