0,27.698102937969,27.9810598491176,30.9309826271573,37.4235219186521,35.7907497559147,40.1675137128185,35.7711034146424,67.7640116741582,67.4486655865707,101.583683196116,64.4539977886077,65.5511519976885,67.7964758489245,71.8492414177725,74.7122502420453,58.8502234488324,64.8606583368454,63.1565495161084,60.5070172339641,52.1146563163253,53.1440589074804,52.1318331100424,72.4476077482191,105.886072690404,110.388347711647,71.2246280724772,71.2322224969583,62.8010138773189,62.9076460008497,61.8945288496462,65.6111200526671,87.8727454297156,52.9519842103291,77.7750493644406,75.6156813142083,64.1049584587397,92.2009363021189,94.8746623808697,94.323388853933,90.2357847959845,90.8911540857522,90.2356850869876,90.7994757370669,96.5355614622184,96.5879830186313,100.864703207804,96.4597765480138,101.088433823232,96.1276357856391,97.5860307408468,55.4494594571498,54.6276488602093,55.6687951368388,55.2733536608229,55.3943568431946,55.0765716117318,54.4301069611677,43.8362536018271,47.7330234345783,47.3055010458284,46.4041057423046,45.6543144556236,80.8436474704991,49.8851446422205,64.2318179984957,106.118584210895,107.179447965767,104.746162387474,101.854389949294,95.0608310060609,93.7382802522111,96.96207261886,96.1348686976245,94.6679083742259,65.5940882391549,70.6421221862049,75.6981519594826,49.4343330305202,50.061837863634,61.4698798588112
27.698102937969,0,30.3704343654411,27.5690398133378,30.205355404475,36.2578330477592,39.9500747599629,33.6260940242688,66.5470667846313,66.2367483944044,101.333956969831,63.2790158739523,64.3656781410349,66.6035217657519,71.8494085509901,74.6411633765697,58.1981607641037,64.2459567586004,62.5020849496524,59.90010452298,52.351319027639,53.4334145052622,52.4384079161253,71.9408354685359,105.793633478251,110.273292405183,70.5365357047343,70.6002022183963,62.8928475642324,61.6609687475205,60.637916886417,64.3963376111674,87.7738604978906,53.2788727789856,77.6733875111918,75.5185381819471,62.9549297223182,91.9901267088334,94.6674251116264,94.1124067966168,90.0049228950963,90.6592075393905,90.0010215314015,90.5639074789016,96.3037206966124,96.3629597292883,100.634996266102,96.231985147974,100.859576076198,95.8984333357863,97.3638572152247,55.1254578297418,54.3275679732823,55.3945433046399,54.8458338710117,55.3058625515025,54.9812708715363,54.2972395854391,44.2693362896899,48.1511911727485,47.83845398824,46.9722325657445,46.3755010685561,80.105882202959,48.8026546634852,63.4041137194034,105.933355847075,106.999416275209,104.564056813761,101.670048262808,94.8119256796306,93.4899218763607,96.7248177863595,95.898776029659,94.4067183317454,65.1173684507839,70.1834163891342,75.4618592469489,49.289032821844,50.8515494183439,60.1795083813422
27.9810598491176,30.3704343654411,0,37.2476985122256,39.8993895107022,27.6737956427959,35.2168966868204,29.502653801461,67.6558219501288,67.3275549959284,101.070107250645,64.4625747854378,65.5511074137732,67.7482804810933,71.4158831300856,74.2106613410348,59.4377294244193,65.4267903410083,63.7255795418716,61.0892533776618,52.7055703122361,53.5433961996202,52.615603938123,71.6900815206993,105.526650476131,110.002085582212,70.45436700106,70.4502520580216,62.5574969949225,62.3877839508968,61.3574225254677,65.2482789201502,87.4779879765487,53.1244840318188,77.2345229373604,75.0644948795228,64.1664001852557,91.7124927967316,94.3896314188917,93.8366119696027,89.7288301889219,90.3842293452304,89.7257151790125,90.2896754186233,96.0337110336218,96.0915285168761,100.36547441036,95.9609203424427,100.590303722384,95.6280211868204,97.0920884582158,56.0791440779218,55.2805305154037,56.2788418362997,55.9273990577327,55.899598756738,55.6223522023603,55.0141266175164,41.8343865857708,48.3992507118428,47.9311069477298,47.1860867558217,46.3807710668904,81.3156709685838,48.0238738323509,63.2931988231071,105.659424567626,106.725198282095,104.28978599546,101.39573227408,94.5440920027766,93.2214211653088,96.4557468483491,95.6290327632216,94.1414494046358,64.580009881637,69.6823568114824,75.0858260902916,48.170534447451,49.9022048753496,61.3334035432474
30.9309826271573,27.5690398133378,37.2476985122256,0,28.2384638316206,41.1487731164366,43.8346675677799,39.1285750271007,67.2636631062171,66.9666761481677,102.404878106069,63.8630565773191,64.9602989802091,67.2515684525857,72.8317577802811,75.6892986008171,58.1275991453993,64.2029408773861,62.4533681987974,59.8384693502923,52.3656131515368,53.6430206141525,52.5704737590217,73.2528238033982,106.711552720674,111.217573573469,71.8778235473644,71.9465110108494,63.6966282044501,62.826454467665,61.8237084201135,65.3878443032153,88.7252751101174,53.7089278553866,78.758550743703,76.612976758944,63.4787025212794,93.0352070071824,95.7091194806066,95.1559657670732,91.0684099059368,91.7227451438367,91.0675440772898,91.6303401565365,97.3625982769817,97.4163983382684,101.691315356506,97.287825624245,101.914825924454,96.9550705459415,98.4147865361074,55.0250900551815,54.2031948543967,55.3191575824618,54.711082461693,55.3553864536269,54.9887496842168,54.2613266391679,46.3969490760728,48.1326298499336,47.8876656934346,46.8839051428609,46.3845110606014,80.1676589973082,51.1719768599129,64.9196591016621,106.949703613641,108.010882201574,105.577625802212,102.68587373684,95.8856813654623,94.5637471564999,97.7881890702864,96.961614385009,95.4902666334196,66.6510669873888,71.6680621664851,76.6209945173656,50.9821393661005,51.6475674151292,60.9379615071284
37.4235219186521,30.205355404475,39.8993895107022,28.2384638316206,0,42.4809609413248,44.6030346274058,39.3812372409028,66.8035884768279,66.5124542917318,102.862613461723,63.4457936481378,64.5315557889711,66.8159327130863,73.5106070522744,76.3017228779749,58.2892210710727,64.4002418688443,62.6101570501647,60.0459312844888,53.3980212508511,54.6792456420492,53.6393088266178,73.4734074881419,107.320270119802,111.804110798205,71.937144309334,72.0562768470524,64.472699580125,62.3582564205264,61.3477003066095,64.9388873402648,89.3247125152421,54.7347349398636,79.3417085378841,77.199074680847,63.0880600131523,93.5291139468206,96.206438962329,95.6498682636586,91.5432293066984,92.1966174551363,91.5387879573696,92.1008051907396,97.8369832019814,97.8972039767421,102.167788128316,97.7660065352111,102.392134544368,97.4319526333684,98.898297919072,55.5273504840535,54.7349543195847,55.8668846251465,55.1142542910387,56.0649413877668,55.7000260954559,54.9440474662243,47.3197042947893,49.3406081601332,49.1781619110818,48.246994259106,47.8483738222425,80.228450126122,51.0591209377798,64.8668167251997,107.4685054494,108.534651489487,106.099397004974,103.205491852314,96.343887259961,95.0224242781158,98.2574594762797,97.4319438738121,95.936913714631,66.9016036195805,71.9326076369947,77.0836070285174,51.502108392838,52.9602829906942,60.3989903808333
35.7907497559147,36.2578330477592,27.6737956427959,41.1487731164366,42.4809609413248,0,27.0726620452146,26.5105575868231,67.3197016751004,66.9785665550001,100.311048567585,64.2321364661447,65.3137110836548,67.4661679497796,70.742032013559,73.4671855990402,59.7078958612904,65.6778968182219,63.9798888094987,61.3540705180297,52.9867078680496,53.6631893323529,52.8103552708274,70.6834567356116,104.919553574651,109.368643746801,69.4382246869145,69.4202208791618,62.0705042731033,61.6595649134366,60.6134185800818,64.6690877518071,86.8369568016192,53.0467266221722,76.4516165515441,74.2711704865718,63.9831743011739,90.978376146295,93.6588895358844,93.104122108146,88.9763882711896,89.6318091800422,88.9702821982176,89.5344035913978,95.2862757119087,95.3494359817146,99.6206263240154,95.2164517244209,99.8465392588905,94.8827983050289,96.3524807387857,56.3807613845208,55.6014912534738,56.5634580626063,56.2505731849046,56.0938193052919,55.8518155543723,55.2762744640059,39.4626601669777,48.7588262984692,48.2699964704337,47.6559718816919,46.8271098392433,81.4872825923512,45.7446726485175,62.1024415964369,104.954173588166,106.024794758843,103.587285721967,100.690982441798,93.7819191479032,92.4591319149664,95.7038816150342,94.8776558444576,93.369642016684,63.295911595463,68.4577945928679,74.2282194721563,46.6100694757023,49.6148060995451,60.9796627010097
40.1675137128185,39.9500747599629,35.2168966868204,43.8346675677799,44.6030346274058,27.0726620452146,0,28.8800162561001,66.9420891682366,66.5882298510722,99.4953703989531,63.9496882492914,65.0257860908204,67.1368806422337,70.0179201743932,72.6719664543768,59.856843033816,65.8097085754523,64.1152043525589,61.4975547274159,53.145998788961,53.6877530432652,52.9002350846909,69.6151460876935,104.25393439174,108.677151451149,68.3629623941476,68.3288977134498,61.5293918399008,60.9109086929659,59.8506247169006,64.0604755568885,86.1389095168692,52.9019532305383,75.6164688083264,73.4259697643433,63.7427158292097,90.1875738287474,92.8714312660652,92.3148988818313,88.167403543222,88.8228317116478,88.158320396346,88.7225886656097,94.4821745744693,94.5506423528116,98.8190799981606,94.415301204999,99.0460620404167,94.0808925571621,95.5561509711874,56.5514703900936,55.7882534445859,56.7191980913727,56.4408376214729,56.1707116855762,55.9592985850132,55.4118734674381,37.0728029979606,48.9931366618207,48.4962103141225,47.9887037294366,47.1551047454189,81.5522731094604,43.1795675775719,60.8445360124378,104.191848588007,105.267264984689,102.827685745646,99.9291609051931,92.9631916542156,91.6402951710271,94.8953825190621,94.0696482311146,92.5413324349076,61.9261290779691,67.1539463303425,73.3146441064859,44.9412642806618,49.369217493091,60.5940220848214
35.7711034146424,33.6260940242688,29.502653801461,39.1285750271007,39.3812372409028,26.5105575868231,28.8800162561001,0,65.5160612720583,65.1795393238255,99.5246321719577,62.4697247390399,63.5415698245121,65.6862810176452,70.2126914444082,72.8768949969943,58.401522154429,64.4042448598745,62.6718673324497,60.0866362960799,52.4355186764155,53.2076282203792,52.3452330918323,69.6663994412446,104.268771309383,108.699509478081,68.2193212256246,68.2659826872771,61.5914118594907,59.8097721017195,58.7511505618848,62.8630002492994,86.1877388036806,52.6876141629883,75.837624722999,73.6652118777836,62.2441050486863,90.228757397416,92.9123725182806,92.3538954834684,88.2091946174369,88.8634071752308,88.1996323591617,88.7627098802879,94.5167251675112,94.5860840518361,98.8527834745498,94.4506355294454,99.0793622002352,94.1156097908602,95.5916558176472,55.3562493607221,54.5940680314854,55.5851975221449,55.1332876905109,55.2962425739683,55.0396177040869,54.4241668205279,40.292798590643,48.3294829048181,47.9421460620839,47.3044944479763,46.6083391394364,80.10846154727,43.9435413616551,60.7335127700739,104.225555455357,105.300702464871,102.861428888053,99.9632201400505,92.9971952745068,91.6750427611441,94.9294557139754,94.104393720565,92.5737437621955,62.3643920926826,67.5368856361,73.4818132029251,46.1762851036946,49.7926340291363,59.104833968345
67.7640116741582,66.5470667846313,67.6558219501288,67.2636631062171,66.8035884768279,67.3197016751004,66.9420891682366,65.5160612720583,0,26.7681405788878,112.353011632476,44.6399819197201,44.5489571871686,40.8763992048284,85.4448048546113,87.6765998604805,64.0651963583505,70.0630534003684,67.9547849282919,66.1291544417826,67.7734929311696,69.0054470107267,68.1935536154033,81.2325780180182,118.311421867481,122.585286981711,77.6998745914108,78.616338188963,77.0749002977019,59.257897055966,58.9290599473459,55.1525411091209,100.278014242873,69.0298166459335,90.5021847003872,88.4288517721282,48.1750681129956,103.416306761271,106.127258737859,105.5313712449,101.241099575931,101.881595453307,101.19966974137,101.750497266031,107.510134418829,107.637447084159,111.859607329828,107.479531706924,112.091267618263,107.130699781203,108.665968134852,65.5280615876359,65.1943634268845,66.2556860726053,64.2485310256382,67.8753079634679,67.5887264801055,66.6407758978162,64.6210848979597,64.794158539887,65.0456726065333,64.5374188479598,64.5811182940923,82.3988401642117,66.1741642807258,72.0004225547884,117.588223818212,118.703998834607,116.249233096445,113.334283991609,105.85318936169,104.538676632252,107.877836610967,107.064878065324,105.326134552183,77.1880530593764,81.9112469806476,87.0709591953358,65.0525926616204,69.2507729985977,44.7230551138834
67.4486655865707,66.2367483944044,67.3275549959284,66.9666761481677,66.5124542917318,66.9785665550001,66.5882298510722,65.1795393238255,26.7681405788878,0,111.857762336648,44.8395000988541,45.1503407929919,41.5850034377728,85.01912060695,87.2320096441698,63.8783215556308,69.8674924360002,67.7667394296559,65.9337717089447,67.4780943832677,68.6926274845211,67.8866490728002,80.6805579258306,117.869971572876,122.135814113223,77.0955747804092,78.0334940322593,76.6818337065469,58.5976971043216,58.2981745096162,54.1542948507383,99.832038471745,68.6961383385732,90.0494717984676,87.9771677510916,48.101779509598,102.93398072171,105.646124441318,105.049021007914,100.752132434831,101.392272303014,100.709452508458,101.259980801098,107.020861006625,107.150446575667,111.37105123313,106.991606853865,111.6029983304,106.642306940029,108.179920349939,65.2921820782126,64.9560591188836,66.0120113624311,64.0282751816938,67.6003133974741,67.3179327937339,66.3771974086681,64.2381713741083,64.4939642411619,64.7387401628962,64.2367036516875,64.2729131038107,82.2110493549956,65.7711188664222,71.4572196990353,117.114627710367,118.232160932316,115.776687125891,112.860975643932,105.358244833656,104.043918881934,107.386758301726,106.574186433607,104.827129259941,76.7022116103425,81.41741238619,86.5834174508907,64.6265630141742,68.9014866738187,45.2886182109032
101.583683196116,101.333956969831,101.070107250645,102.404878106069,102.862613461723,100.311048567585,99.4953703989531,99.5246321719577,112.353011632476,111.857762336648,0,109.706766828576,110.821181788278,112.684860963134,93.032468404686,92.4145576221818,106.138753982292,111.78035271494,110.30167147513,107.526518963828,97.4170215477767,96.3853913322106,96.546873574375,95.6494377497159,103.726263315376,103.312305606068,99.8148649345411,98.7390081563429,88.8501207805902,105.2466359384,104.389075872456,107.959341197917,89.4169015719379,93.7899100752612,95.4768901756493,94.5527779344452,109.641461378434,67.9135608803914,70.8401577110554,67.2709642224428,66.4885693907201,65.6123493495229,66.3754097248324,65.4150484851229,58.2458066127701,60.9121513466533,59.5158347995251,60.375881127285,58.3803817550685,58.228801269632,62.3840349119323,101.490760977544,100.836017424066,101.240311528238,102.073483035548,98.7167341451303,99.1071359345344,99.1327253103248,93.78219307824,94.6558452164143,94.498575192545,94.8823248454121,94.4985089365922,127.604301849807,98.9567434402991,101.569271815691,79.9399041614616,82.7326906193612,79.8142125583133,76.408823185567,61.8016989021491,62.132532210107,58.1417008645374,59.3154330358504,65.1249585146021,101.188799125427,104.248010585334,88.9620469647698,91.4219389637923,95.9016270546208,106.635377349355
64.4539977886077,63.2790158739523,64.4625747854378,63.8630565773191,63.4457936481378,64.2321364661447,63.9496882492914,62.4697247390399,44.6399819197201,44.8395000988541,109.706766828576,0,24.5555256720932,36.279073104146,82.4307094199192,84.7855935581182,58.3609829847705,64.3116412544197,62.1512530872121,60.471596412819,63.7757917943101,65.153018678914,64.3048354535049,79.0117752929308,115.333066674243,119.658571149893,75.7652340217144,76.5801857816899,73.8160021160565,58.6612087780854,58.235440024376,55.6321766336062,97.3398032032932,65.3608044159308,87.6691707713652,85.5959097461502,33.1344802066952,100.696816636911,103.40040856691,102.81107874868,98.5623651476142,99.2044807495192,98.5283516537984,99.0804595291349,104.82997759715,104.943868231116,109.174705200521,104.791526091709,109.40444045644,104.445262404027,105.966624941807,60.6669912724265,60.4107648888639,61.4906215704101,59.1944622999273,63.5008202666064,63.189174619715,62.1669188570024,61.6832961538567,60.9034822054696,61.2346415483482,60.6956528005907,60.8242659171768,75.861596136019,63.614375076928,70.0311176135593,114.81249120494,115.91748222321,113.467141110884,110.556951385762,103.207325638734,101.892025441203,105.208444537216,104.393440552027,102.704316048448,74.8018562456664,79.531012182791,84.4428412703715,62.3493474176849,65.8498613555083,46.2213658864229
65.5511519976885,64.3656781410349,65.5511074137732,64.9602989802091,64.5315557889711,65.3137110836548,65.0257860908204,63.5415698245121,44.5489571871686,45.1503407929919,110.821181788278,24.5555256720932,0,35.3278006341364,83.5585207862492,85.9062894192081,59.7767118377705,65.7486661395584,63.5892182407143,61.8887496633134,64.9722114569432,66.3384625633889,65.4917176915206,80.0968504141206,116.465289895254,120.787813240234,76.8391513252585,77.6564149541811,74.9611852117333,59.5963612470208,59.1673553142244,56.5980144730405,98.4686348911735,66.5312189630651,88.7860356078477,86.7121319504725,37.0908079383113,101.814514619027,104.518500861181,103.928913194848,99.6779059852035,100.319991346197,99.6435252040761,100.195619847621,105.945917918521,106.060467673869,110.29093057846,105.907840121849,110.520784020437,105.561470270392,107.08352160411,61.9695003132845,61.7005253985308,62.7824763291068,60.518123020501,64.748353741492,64.4374397696366,63.4223534511112,62.7713972448365,62.0849880821952,62.4079072850507,61.8690367635603,61.9892265692414,77.4544661351622,64.6595629837853,71.0763571784051,115.93343350708,117.038995572885,114.588412014145,111.677961967347,104.321500454823,103.006206888932,106.323845393743,105.50891759317,103.817304226981,75.8727165138309,80.6056324220722,85.5499386535392,63.4303855592841,66.9873439148263,46.4585286308715
67.7964758489245,66.6035217657519,67.7482804810933,67.2515684525857,66.8159327130863,67.4661679497796,67.1368806422337,65.6862810176452,40.8763992048284,41.5850034377728,112.684860963134,36.279073104146,35.3278006341364,0,85.6025353657487,87.8945097626661,62.8537469912063,68.8256518356481,66.6911861204341,64.9409376856837,67.4411981179266,68.7464042694989,67.9166140896194,81.776826920324,118.482403535919,122.781426881663,78.3811819783653,79.2503940010503,77.1109910944565,60.7106785116316,60.3356168177931,57.1377161324803,100.469264023934,68.8634481266748,90.7487864003967,88.675930242414,43.1791363265108,103.713137010249,106.420523000258,105.827745422471,101.557658919148,102.198898269556,101.519801054006,102.071208346854,107.82576782186,107.946621424932,112.172919146564,107.791396606703,112.403635816096,107.443786019578,108.972358221114,64.751354072204,64.4579559744724,65.5281322490792,63.3729472578443,67.3476620377706,67.048695277884,66.0629426177179,64.8368498806825,64.5178118151752,64.8102773236567,64.2870944618221,64.3744380985694,80.7506196573299,66.5917993001803,72.6924448137893,117.857642350568,118.968198375616,116.515579707803,113.602939811978,106.185386284987,104.870518350197,108.198658293064,107.384733230362,105.669908586459,77.6698304248141,82.3927471916183,87.41634309931,65.3823582586317,69.2246230952848,47.6177630671471
71.8492414177725,71.8494085509901,71.4158831300856,72.8317577802811,73.5106070522744,70.742032013559,70.0179201743932,70.2126914444082,85.4448048546113,85.01912060695,93.032468404686,82.4307094199192,83.5585207862492,85.6025353657487,0,49.7513163638849,76.6605195306955,82.2346889724165,80.8474770508381,77.9478319481802,66.0122014345197,64.4735110127768,64.8455601700118,75.3559759558574,94.7963749589937,99.3177986936407,78.4575899908642,77.4555421985243,50.5497149536575,79.2987267912564,78.380494241147,82.0162396355703,74.3510783848346,61.1223539739189,58.5052899607464,57.1465187428996,82.1906613784653,82.2521187516105,84.8472834382118,84.4756198759026,80.7846116473642,81.5115218104191,80.9045753036542,81.5326053939358,87.3709154396978,87.2260303721699,91.6813376243495,87.1681564743196,91.9007737794694,86.8934700419989,88.1539998870788,71.1836038133726,70.4869728229544,70.7937259174252,72.0330117549604,67.6863505683098,68.1538691991498,68.3196404805179,63.7373950743219,63.2849865745074,63.043763663024,63.6493966923176,63.1984313315562,98.4676003251981,70.5010567083534,76.3455720034627,95.9311890688041,96.8905066986111,94.486941760903,91.6283113932555,86.3413207276851,84.9822072509787,87.9460505974652,87.0665731350992,86.3221617213681,74.4894345268171,78.1004798501433,66.650414129213,61.8316248573563,63.8524248468536,79.603961004854
74.7122502420453,74.6411633765697,74.2106613410348,75.6892986008171,76.3017228779749,73.4671855990402,72.6719664543768,72.8768949969943,87.6765998604805,87.2320096441698,92.4145576221818,84.7855935581182,85.9062894192081,87.8945097626661,49.7513163638849,0,79.7977319073478,85.4098369170678,83.9801532127927,81.1322783705682,69.840533440598,68.5206796243282,68.7763142971338,75.0630941967715,96.8311964621835,100.860545720894,78.9579931523397,77.7924542545472,58.2173220180316,81.1704372494658,80.2586940783414,83.9498092087991,75.8835130150758,65.4485098335315,44.6789852591101,46.2583938848476,84.6042420501325,81.7858775810856,84.4466566579811,84.0892507071649,79.9824237946906,80.7402623532255,80.0632552003184,80.7238822523629,86.8301209135852,86.756065087332,91.2042578121446,86.6599335227417,91.4513754000535,86.3866513603051,87.7252094739311,74.6772027224119,73.9881308540384,74.3574090744789,75.3992405402413,71.5591655019773,71.9608500407103,72.0468002169803,66.3996739551089,67.001386202492,66.7463732266007,67.2578792525837,66.785022020281,101.490859232518,72.7577066398499,77.6845990831671,96.1244027730184,97.1704705254979,94.7261755458731,91.8237987536811,85.5634586954075,84.1850716873904,87.3407465053409,86.4539302667173,85.4223919159733,75.6646350062321,79.0088050509662,62.4741066469996,64.0079769888092,67.4594399751092,81.8468939304336
58.8502234488324,58.1981607641037,59.4377294244193,58.1275991453993,58.2892210710727,59.7078958612904,59.856843033816,58.401522154429,64.0651963583505,63.8783215556308,106.138753982292,58.3609829847705,59.7767118377705,62.8537469912063,76.6605195306955,79.7977319073478,0,32.8300179341915,24.5275828440697,24.6125014067373,51.6991256063775,53.9768417422354,52.9874174292949,78.1708557395537,109.633822985635,114.295289839367,76.5973462936141,76.83224332417,66.4012702898193,65.2974637804842,64.5233809975295,65.8035919589674,91.9270274527149,55.4239679805946,83.059123061717,80.9991483455971,56.7467635328113,96.671078325968,99.3275450896021,98.7784776390115,94.7969576851871,95.448449073089,94.8098487954519,95.3691909262171,101.049821836539,101.07881231067,105.363616799762,100.96193040579,105.580755281439,100.631559725658,102.064854238561,39.7747257690665,40.5531625800053,41.6540344711384,35.7532991291133,47.4182932297199,47.0074151274988,45.3720267294809,57.3389930682724,49.9481070922492,50.8956923359371,50.3225970339014,51.0678907551691,56.7939458226002,61.7254859062567,70.7660040788278,110.421990430509,111.457965266346,109.036102457688,106.15653403273,99.6454276739812,98.325683013245,101.49656656485,100.669044938187,99.2944908025304,73.20324220152,77.9232101127165,81.0915019897592,59.0754417965508,58.2269348184822,59.100704954938
64.8606583368454,64.2459567586004,65.4267903410083,64.2029408773861,64.4002418688443,65.6778968182219,65.8097085754523,64.4042448598745,70.0630534003684,69.8674924360002,111.78035271494,64.3116412544197,65.7486661395584,68.8256518356481,82.2346889724165,85.4098369170678,32.8300179341915,0,29.5056880128871,24.0979890388253,57.1239665306039,59.3621774205714,58.42141575534,83.960807970026,115.161856803607,119.842685340004,82.4396732910215,82.6604858950785,71.8691901982991,71.2980469235938,70.5258300087801,71.7979176963599,97.4795994385449,60.8445278803503,88.6924185633154,86.6368045935221,62.6531072997916,102.292123250454,104.94611606401,104.398627394215,100.431475820007,101.083152462815,100.446649707158,101.006074505828,106.681823145212,106.706676543662,110.993823541936,106.591587443948,111.210216433027,106.261880847074,107.690850168326,43.6801637318537,45.0511092036552,45.5024208468549,40.4439070263529,51.8438117567236,51.5686317313201,49.9343162295514,63.1938311634553,55.5507521097143,56.5308549606514,56.0197903590829,56.7826551543095,55.6677772284454,67.6682610385814,76.6580058946548,116.022429603898,117.054787982683,114.634468059124,111.756554892085,105.288483625776,103.968690083828,107.13195331237,106.303953377764,104.944950347339,79.0313079962745,83.739523610734,86.7744585047775,64.8947364032415,63.9151392838482,65.1748460849017
63.1565495161084,62.5020849496524,63.7255795418716,62.4533681987974,62.6101570501647,63.9798888094987,64.1152043525589,62.6718673324497,67.9547849282919,67.7667394296559,110.30167147513,62.1512530872121,63.5892182407143,66.6911861204341,80.8474770508381,83.9801532127927,24.5275828440697,29.5056880128871,0,24.7130414108852,55.9813807447067,58.22377671816,57.2537641274426,82.322641190227,113.805511532791,118.466030305597,80.7314663169588,80.9735350848164,70.5898499917623,69.3623619191116,68.5946811856418,69.8070899608756,96.100317048387,59.6530872643343,87.2401970309908,85.1812252098627,60.4721775592857,100.83700594671,103.493678594562,102.944278894239,98.9616902254589,99.6130514187107,98.9743237310294,99.5335479850676,105.214112506976,105.243566742799,109.527992860495,105.126510016102,109.745161778937,104.79602040762,106.229786137492,43.7729275766509,44.7362208667297,45.5977693855437,40.1240568392793,51.4601300717685,51.100557824327,49.4831327286968,61.577062551246,54.2602636813377,55.203090547063,54.6503030119414,55.3860823042365,57.4771635339816,65.9360382707889,74.914037224376,114.589081838319,115.625359216501,113.203386487886,110.323698747893,103.80864723592,102.488975372306,105.66050120879,104.833086196135,103.456876665887,77.3793805229503,82.0964710559327,85.2620341539974,63.2821055356618,62.4877258312045,63.0730367333884
60.5070172339641,59.90010452298,61.0892533776618,59.8384693502923,60.0459312844888,61.3540705180297,61.4975547274159,60.0866362960799,66.1291544417826,65.9337717089447,107.526518963828,60.471596412819,61.8887496633134,64.9409376856837,77.9478319481802,81.1322783705682,24.6125014067373,24.0979890388253,24.7130414108852,0,52.7119451612868,54.9855918106132,54.0295845891829,79.7363972026339,110.885423260819,115.569535620317,78.2397276518949,78.4515027746145,67.5678220411215,67.1881771308729,66.4097501506455,67.7491112716207,93.2044055495445,56.4931209577184,84.4188188620606,82.3626950033256,58.8727873063964,98.032726149898,100.686210894508,100.139254226829,96.1749224579031,96.8267556857518,96.1906351677426,96.7501915421824,102.42542551259,102.449305970582,106.737123475986,102.334611480906,106.953395935162,102.00510701716,103.433073250592,39.2720439722087,40.5244232719632,41.2131762834844,35.4629401017535,47.5729732865408,47.2480706083217,45.5841779544392,58.8893338658973,51.1319923408214,52.1224029323833,51.5980324188419,52.3740766485138,55.3843573029589,63.4036095841531,72.4502300481159,111.759372324974,112.790986734797,110.370964352386,107.493371847539,101.034512421731,99.714637940794,102.87632761352,102.048160470678,100.692724537568,74.786833638678,79.4965035344179,82.5177613842084,60.617898304385,59.5648151131864,61.1671471815978
52.1146563163253,52.351319027639,52.7055703122361,52.3656131515368,53.3980212508511,52.9867078680496,53.145998788961,52.4355186764155,67.7734929311696,67.4780943832677,97.4170215477767,63.7757917943101,64.9722114569432,67.4411981179266,66.0122014345197,69.840533440598,51.6991256063775,57.1239665306039,55.9813807447067,52.7119451612868,0,30.621209201794,25.1461098783955,71.7290329781646,99.308171121223,104.215188816233,71.4662894313547,71.2770434420187,54.3801897650521,64.629497400126,63.7243513214723,66.5911028165208,81.7630457549155,38.0594133385312,73.4261634614231,71.374676770459,63.0669854322977,87.5925548618069,90.2130171005745,89.6961254366713,85.918262502944,86.5775380559596,85.9675230823867,86.5329559278005,92.163317981971,92.1268643455456,96.4538880541679,92.0371761780453,96.6616141012299,91.7192953063557,93.084786740598,43.6853303141963,42.5519227720831,43.0673908975072,45.195156632468,39.840837676138,39.1987346774625,39.1691734228811,49.1423821299106,28.1746598008436,31.89906691613,33.1310973881697,35.2742998188651,74.5902200781253,56.1546112261891,66.032062195868,101.070250692685,102.05385300593,99.6534151731862,96.7969078353857,90.9265701235423,89.6031392040329,92.662581790783,91.8251540081312,90.6932343055203,66.5590537915624,71.1829199695888,72.5386160349594,51.2468430375304,45.1949990996041,61.9907549947954
53.1440589074804,53.4334145052622,53.5433961996202,53.6430206141525,54.6792456420492,53.6631893323529,53.6877530432652,53.2076282203792,69.0054470107267,68.6926274845211,96.3853913322106,65.153018678914,66.3384625633889,68.7464042694989,64.4735110127768,68.5206796243282,53.9768417422354,59.3621774205714,58.22377671816,54.9855918106132,30.621209201794,0,22.7747520351178,71.3753042309804,97.8248920956765,102.801738044486,71.4045504646613,71.1321461686645,52.3305354829261,65.4056024956231,64.4922869301375,67.5036531058691,80.3272937074512,32.0838720355454,72.2122714460431,70.1725616332301,64.5129794836502,86.464648102607,89.074878171218,88.5664327673052,84.8469928773034,85.5080247005545,84.906363438046,85.4730764242446,91.0872460509311,91.032689548527,95.3709870469622,90.9506151611295,95.5759278170152,90.6360336918065,91.9827244911101,46.1519302435193,45.2003563437556,45.4345119043162,47.7211301782699,41.3053001651013,41.256922693347,41.6164456955215,49.1471293256858,31.9792435490909,33.4102518557363,35.6146222263242,36.6292457663577,76.6558537908511,56.522994787773,66.1812156249305,99.8632932543383,100.832133561196,98.4377829893046,95.5878275689409,89.8975395305947,88.5733529341362,91.6011227723265,90.761148041133,89.6968059508794,66.3457394696653,70.9132484710536,71.6188449450542,50.9657912516352,44.2222923362576,63.2005322642046
52.1318331100424,52.4384079161253,52.615603938123,52.5704737590217,53.6393088266178,52.8103552708274,52.9002350846909,52.3452330918323,68.1935536154033,67.8866490728002,96.546873574375,64.3048354535049,65.4917176915206,67.9166140896194,64.8455601700118,68.7763142971338,52.9874174292949,58.42141575534,57.2537641274426,54.0295845891829,25.1461098783955,22.7747520351178,0,71.1458782223477,98.2695635041597,103.199699828337,71.0466457158377,70.8075749098015,53.0340767381844,64.7186293922698,63.8058544665756,66.7846256481462,80.7224251043677,34.5851502612183,72.4063477543476,70.3541105066832,63.6487575807736,86.6797477016916,89.296267468488,88.7835334528274,85.0276680140944,85.6881113241012,85.0811370599062,85.6475328934727,91.2736477538011,91.2297167520168,95.5618675723016,91.1430670737914,95.7686607155566,90.8267299638677,92.1845125290436,45.3003726807134,44.2803399993737,44.6745077659887,46.7515583670141,41.1088995726209,40.8285090058185,40.9803190391135,48.5569439915696,28.1714056676375,30.6053884231494,33.102773528581,34.6441760055957,75.7315890622383,55.8773055507753,65.7021341376821,100.129670893296,101.107626687421,98.7094248295762,95.8553324366962,90.0556855512273,88.7316811178038,91.7788537852918,90.9401617596367,89.835878028004,65.9941839490397,70.5953975516433,71.6729725981673,50.5734901424671,43.7454276434238,62.3845015101122
72.4476077482191,71.9408354685359,71.6900815206993,73.2528238033982,73.4734074881419,70.6834567356116,69.6151460876935,69.6663994412446,81.2325780180182,80.6805579258306,95.6494377497159,79.0117752929308,80.0968504141206,81.776826920324,75.3559759558574,75.0630941967715,78.1708557395537,83.960807970026,82.322641190227,79.7363972026339,71.7290329781646,71.3753042309804,71.1458782223477,0,106.79199844567,110.234809709687,58.102319494599,53.3384029390721,70.8811348032763,72.7120566219853,71.8450019051997,75.8319898199484,88.1118658538963,69.4711371786232,76.6672801310863,74.6951134255758,79.1480751435013,87.6912574131264,90.5233825493002,89.846269064514,84.8411408308899,85.4745262147469,84.6835233663204,85.233305469651,91.2513175213631,91.5776798075598,95.6897357190606,91.3329954755499,95.9581352462702,90.9531238417941,92.6964113325448,74.8320612184764,74.1916299837064,74.8501706986923,74.9340692413009,73.5281761652998,73.6260761732772,73.3377123937775,64.0469978026047,68.4939190119953,68.2488998695507,68.3315355927994,67.8442428547073,99.2482148192807,67.5340468456723,65.3447773493644,102.829652733619,104.11476544198,101.588816478999,98.5972569211243,89.048443341494,87.7319819270257,91.4550688669288,90.6632880559935,88.1509670580799,64.8032811439807,66.3753946025061,67.8049606013499,60.2974572557091,69.2011095704062,75.4942537525506
105.886072690404,105.793633478251,105.526650476131,106.711552720674,107.320270119802,104.919553574651,104.25393439174,104.268771309383,118.311421867481,117.869971572876,103.726263315376,115.333066674243,116.465289895254,118.482403535919,94.7963749589937,96.8311964621835,109.633822985635,115.161856803607,113.805511532791,110.885423260819,99.308171121223,97.8248920956765,98.2695635041597,106.79199844567,0,57.6844364985285,110.068735423952,109.116583641155,86.655307192778,112.120377211548,111.233110797199,114.731701036898,81.9932904089216,94.8600993033637,101.271445491213,100.306455670787,115.108602357339,90.533156040397,92.3103383874941,91.5532431042435,93.0748096640919,93.4846549756158,93.6696698154844,93.9760850536338,96.5577450112004,95.3595627738905,99.9579786091627,95.8579955260276,99.7675126017345,95.5801641295046,95.6841098988737,103.98286580255,103.322283879941,103.523225054636,104.936722699703,100.055122336529,100.691782438521,100.965497143606,98.4955079634058,96.9500615597469,96.8890439505381,97.4709750735063,97.1887225171411,131.400622122936,104.564974095304,109.38224560065,93.1307897926341,92.4975027324579,90.9529276117681,88.979852406737,98.8534998082049,97.6794976377831,98.0833479168514,97.2677772314903,100.587324090874,108.541720989734,112.013551605179,99.3890125441479,96.9152538779844,98.8325530941823,112.543865676267
110.388347711647,110.273292405183,110.002085582212,111.217573573469,111.804110798205,109.368643746801,108.677151451149,108.699509478081,122.585286981711,122.135814113223,103.312305606068,119.658571149893,120.787813240234,122.781426881663,99.3177986936407,100.860545720894,114.295289839367,119.842685340004,118.466030305597,115.569535620317,104.215188816233,102.801738044486,103.199699828337,110.234809709687,57.6844364985285,0,113.684507681113,112.703008667902,92.0561376507242,116.249374921995,115.365711650664,118.881029511877,85.9768317940322,99.8843405810486,105.133824486588,104.211703396411,119.458889555973,90.1181814418182,91.7420869970716,90.7434116940526,93.3856835129145,93.6975951171675,94.0486857460254,94.2611295212452,95.9527476188074,94.5440970593536,99.0870898404643,95.1700322532746,98.768888105218,94.8615855904639,94.7262180063351,108.808536832541,108.14784945489,108.38409849816,109.700487398492,105.076206305111,105.668906619049,105.900175444202,102.911223922432,101.783105150189,101.70198713028,102.253035143831,101.950138733262,136.015466880314,108.855690392787,113.34644865667,88.9756115262798,87.7660308518562,86.6189423343941,85.0267168864613,98.9922792741588,97.8748270539225,97.6865213414302,96.9102304327175,101.065872583052,112.537577457017,115.94175229695,102.639403212683,101.193107009927,103.53027564413,116.823151465022
71.2246280724772,70.5365357047343,70.45436700106,71.8778235473644,71.937144309334,69.4382246869145,68.3629623941476,68.2193212256246,77.6998745914108,77.0955747804092,99.8148649345411,75.7652340217144,76.8391513252585,78.3811819783653,78.4575899908642,78.9579931523397,76.5973462936141,82.4396732910215,80.7314663169588,78.2397276518949,71.4662894313547,71.4045504646613,71.0466457158377,58.102319494599,110.068735423952,113.684507681113,0,41.9504615298081,72.9155487704359,68.2899449373662,67.4645912341595,71.5184232682503,91.612763130517,69.8535449315461,80.9980562262038,79.0068017447525,76.0356646540362,91.8273340133059,94.6355187945169,93.9535776920974,89.1100452791608,89.730568488497,88.9698949838095,89.505494840008,95.4081773801388,95.7108974989393,99.8212344201004,95.4798192807687,100.078683428102,95.0979981170501,96.8150646697027,73.8869963957362,73.2730750984688,74.014212167188,73.7838151857369,73.1578817961444,73.1739484684806,72.7723362611211,63.4005257972411,68.1830417452757,67.9822066632538,67.9376677634955,67.4934330328321,97.4175242335318,65.7008880743712,59.624527106369,106.735522207803,107.991694905622,105.479469150223,102.502660212718,93.2977753344007,91.9918645159895,95.6347183182363,94.8475982700407,92.4521827233161,65.4661850305399,68.3571561133074,74.1630721621924,60.1757694128569,69.3044723981675,72.045490217983
71.2322224969583,70.6002022183963,70.4502520580216,71.9465110108494,72.0562768470524,69.4202208791618,68.3288977134498,68.2659826872771,78.616338188963,78.0334940322593,98.7390081563429,76.5801857816899,77.6564149541811,79.2503940010503,77.4555421985243,77.7924542545472,76.83224332417,82.6604858950785,80.9735350848164,78.4515027746145,71.2770434420187,71.1321461686645,70.8075749098015,53.3384029390721,109.116583641155,112.703008667902,41.9504615298081,0,72.1629116723399,69.4844190673338,68.6325322476809,72.7274704465669,90.6051809078085,69.4791479728486,79.7334674053976,77.7338879811747,76.8028638143122,90.7348315318627,93.5466626018972,92.8682768985988,87.9976577202422,88.6219826992842,87.8556510128385,88.3952500735604,94.3236172776348,94.6279344498002,98.7415444950646,94.3952318769998,99.001143834021,94.0147462770097,95.7339130341509,73.9237626714083,73.2996488005991,74.0186019598109,73.8824639724729,73.0261749861581,73.0632245164329,72.6937007051011,63.1438860317433,67.9940390785094,67.7733919201338,67.7638535748322,67.2990677451115,97.7430707653528,65.7673991825835,60.505536055575,105.683993503554,106.944112357687,104.429767128095,101.450686562623,92.2012348218317,90.8924556936162,94.5479194517347,93.7589640018255,91.3506709767098,64.1009501941632,66.4820865027708,72.5311093026892,59.6412873964739,68.9450498806605,72.9118516083034
62.8010138773189,62.8928475642324,62.5574969949225,63.6966282044501,64.472699580125,62.0705042731033,61.5293918399008,61.5914118594907,77.0749002977019,76.6818337065469,88.8501207805902,73.8160021160565,74.9611852117333,77.1109910944565,50.5497149536575,58.2173220180316,66.4012702898193,71.8691901982991,70.5898499917623,67.5678220411215,54.3801897650521,52.3305354829261,53.0340767381844,70.8811348032763,86.655307192778,92.0561376507242,72.9155487704359,72.1629116723399,0,71.6617589775138,70.7436168149366,74.2054449390693,68.4587205612959,48.4517436472927,63.5540996923744,61.9134820009765,73.4582280806542,77.9789773889317,80.4947805020628,80.0803590470386,76.896478448393,77.5788263474435,77.0548600114005,77.6376796625616,83.1226434453124,82.8972449457562,87.3482602620773,82.8856188756401,87.5300995122894,82.6045946106167,83.7747410309315,60.0624777588153,59.3670861194374,59.4846526870007,61.2423205735235,55.5204581877919,56.2098743835266,56.6058349724498,55.567745414177,52.1279845892773,52.0306414635711,52.8393189763667,52.5467391238216,88.4321127254413,62.7084964260828,69.8020490182931,90.7294295808684,91.5703388337341,89.2258747980524,86.4300926927118,82.3726465612111,81.0395377951554,83.773328348733,82.9069681610519,82.4846169068839,68.571863709154,72.5330268952895,65.9267070654091,54.7821260098592,53.861612618922,71.2457422440495
