IBR/IBR_outputs/SS_Optim/Silt_Total/Results/Silt_Total.asc
NCOLS 160 
NROWS 95 
XLLCORNER 210004.651214014 
YLLCORNER 7350008.22228844 
CELLSIZE 4999.99999999997 
NODATA_value -9999 
[rows 0 to 20 of 95, columns 92 to 137 of 160]
-9999 -9999 -9999 -9999 -9999 -9999 -9999 -9999 -9999 -9999 -9999 -9999 -9999 -9999 -9999 -9999 -9999 -9999 -9999 -9999 -9999 -9999 -9999 -9999 -9999 -9999 -9999 -9999 -9999 -9999 -9999 -9999 -9999 -9999 -9999 -9999 -9999 -9999 -9999 -9999 -9999 -9999 -9999 -9999 -9999 -9999
-9999 -9999 -9999 -9999 -9999 -9999 -9999 -9999 -9999 -9999 -9999 -9999 -9999 -9999 -9999 -9999 -9999 -9999 -9999 -9999 -9999 -9999 -9999 -9999 -9999 -9999 -9999 -9999 -9999 -9999 -9999 -9999 -9999 -9999 -9999 -9999 -9999 -9999 -9999 -9999 -9999 -9999 -9999 -9999 -9999 -9999
-9999 -9999 -9999 -9999 -9999 -9999 -9999 -9999 -9999 -9999 -9999 -9999 -9999 -9999 -9999 -9999 -9999 -9999 -9999 -9999 -9999 -9999 -9999 -9999 -9999 -9999 -9999 -9999 -9999 -9999 -9999 -9999 -9999 -9999 -9999 -9999 -9999 -9999 -9999 -9999 -9999 -9999 -9999 -9999 -9999 -9999
-9999 -9999 -9999 -9999 -9999 -9999 -9999 -9999 -9999 -9999 -9999 -9999 -9999 -9999 -9999 -9999 -9999 -9999 -9999 -9999 -9999 -9999 -9999 -9999 -9999 -9999 -9999 -9999 -9999 -9999 -9999 -9999 -9999 -9999 -9999 -9999 -9999 -9999 -9999 -9999 -9999 -9999 -9999 -9999 -9999 -9999
-9999 -9999 -9999 -9999 -9999 -9999 -9999 -9999 -9999 -9999 -9999 -9999 -9999 -9999 -9999 -9999 -9999 -9999 -9999 -9999 -9999 -9999 -9999 -9999 -9999 -9999 -9999 -9999 -9999 -9999 -9999 -9999 -9999 -9999 -9999 -9999 -9999 -9999 -9999 -9999 -9999 -9999 -9999 -9999 -9999 -9999
-9999 -9999 -9999 -9999 -9999 -9999 -9999 -9999 -9999 -9999 -9999 -9999 -9999 -9999 -9999 -9999 -9999 -9999 -9999 -9999 -9999 -9999 -9999 -9999 -9999 -9999 -9999 -9999 -9999 -9999 -9999 -9999 -9999 -9999 -9999 -9999 -9999 -9999 -9999 -9999 -9999 -9999 -9999 -9999 -9999 -9999
-9999 -9999 -9999 -9999 -9999 -9999 -9999 -9999 -9999 7.80476350957882 7.30539571363269 7.16593020849776 7.56962629073427 -9999 -9999 -9999 -9999 -9999 -9999 -9999 -9999 -9999 -9999 -9999 -9999 -9999 5.66547583461062 8.81121766722808 12.4420078034829 9.67073889648489 14.1986427446498 7.03428374863278 10.1352017650373 11.498579963095 14.0878500194479 7.86741785813835 8.06333663810033 7.14351200740625 5.00503892720169 4.4579942269783 4.97153347767428 5.65289780996375 6.02563704098676 5.61378649504685 5.89460022912222 4.97530003759992
-9999 -9999 -9999 -9999 -9999 -9999 -9999 -9999 -9999 8.35681743830917 12.1578786282691 7.91498015501742 10.5193398470042 5.86270492276915 7.89460193030333 7.07713326962823 7.22135187501838 6.39504329023473 -9999 -9999 -9999 -9999 6.60868104414657 8.75216710347999 7.67658177809771 8.37611864018501 11.3193250055584 11.0079839603853 10.8843931335243 8.26579489539694 7.19728714903328 5.67188663715758 8.18111956072049 7.63763098951627 7.71297467787572 7.46986915767815 6.20806957415629 6.39210134074204 6.53504723832408 4.28834820215847 4.22847660204437 4.23673650939038 5.53925472740097 5.52939553796047 6.46311749937593 5.69616840535757
-9999 -9999 -9999 -9999 -9999 -9999 -9999 5.54666913846807 6.68777349669968 7.92399634912194 10.0478614502037 10.1986707981529 14.6366223453779 18.3393885794476 19.1616616591575 14.6867252863805 13.174038646686 10.2484402241166 7.38445788950185 -9999 -9999 4.44823481624123 6.64962133583531 9.34452337054004 10.2827898798864 7.01922964767453 7.12513098905134 7.09633981365402 5.99969839750735 5.22254377182537 5.99397124982516 5.42473224993157 6.01912908655074 5.75220686130508 6.56775577734401 6.78632145358115 7.10325779056099 7.83393413985072 6.6495768694098 6.22797478628957 4.80150504533633 4.28988545681515 4.10336040239929 5.20639089812896 5.8400372359875 6.62616963590789
-9999 -9999 -9999 -9999 -9999 -9999 -9999 6.4178643511099 9.10923805579156 19.8145234964007 14.8445530490309 13.9264631199401 18.2117707553549 15.2488654733239 13.2539911037979 12.1338580240114 12.4775295546008 11.9060778699488 8.32873520688566 7.67138377783514 7.55295268514908 7.73437503485244 7.41684532555632 6.49490626092923 6.05138544421892 4.99942437398356 5.37377471594155 5.21399534390024 4.67674180529701 5.02373860820602 6.94570034197925 6.08440478225394 4.29663667399563 5.49099571042995 4.91738178758357 7.82853012309018 7.97283170481647 8.66350253528034 6.32136933396903 6.40098739064497 5.45182549610707 5.28099625353942 3.80977660626349 4.82705656865645 4.0419036011096 5.81202681702063
-9999 -9999 -9999 -9999 -9999 -9999 4.87268569047908 9.08146977907089 15.765298951116 18.0993431092549 19.3129071877874 13.3254128815766 15.9332369032952 18.9619688014129 15.927711648939 13.4872669843211 8.82067100740104 6.89022001638674 6.50988103619051 7.857775460157 6.04506825948509 6.00305543933389 5.10490542014134 4.76838364483225 4.32308591630219 6.28414537355931 4.70064498483584 4.76047160909871 4.42648745301405 5.98601320689562 6.95746032264963 5.79375698868011 4.09663247829399 4.88388123229237 7.27127772624563 6.31204926527821 7.99678956662316 8.26668919201716 5.95022910885863 5.4715856168317 6.50514651748272 4.84884403762818 5.1034984340074 5.8557287132978 4.48991838206912 4.08471153564891
-9999 -9999 -9999 -9999 -9999 7.84145584946793 9.01005613756901 14.4928994113027 18.0209918244855 15.6243023058151 15.1970114942095 14.1011270620676 18.3691096242493 20.0385205328313 17.0234530452574 11.5449848918602 6.93064506268102 7.2096264409815 6.58255623893923 5.12998888687073 4.8843358027018 4.62858445585201 4.71171622416236 4.09476287224872 4.18197529127263 5.5395097007136 4.5633320323562 4.77992575569895 4.34230042664032 6.4983902512584 7.96665857847574 6.2785741781717 4.13889573086214 3.90206966392557 5.27144918631619 7.43629884590648 7.11549582587596 7.66463927617386 5.82542357841738 3.96396988802877 5.96833589358439 6.54941867186 5.57669657896197 5.58741904155315 7.20669117758572 7.05308526497068
-9999 -9999 -9999 -9999 7.17378665015712 9.3565279979219 5.61222896090696 9.37412549871039 14.889742746458 17.6348986528578 15.1066514736599 11.0118842376763 20.8327145570991 20.8154343058108 18.6994163861954 13.9430243238804 5.46282715585747 6.94727875484841 5.63342060435923 5.11491678324894 4.94428432930695 4.2195738958017 4.60189348756293 3.93098525730325 3.90951796063185 6.36369110836307 6.22254968001323 6.81132610936598 6.19759131867402 4.62344466683746 7.00620144637046 6.23929449914752 5.91247027396275 4.36018011105486 4.22063201847431 4.42617909340335 4.20476923225192 6.95300985905369 8.2452346014775 5.0427859184085 4.66591441555888 6.5044718630967 6.33727365049493 5.63171757350457 6.13572044262455 8.59215968026261
-9999 -9999 10.4573758336017 7.34139471257353 7.20096014966703 10.0434994150196 5.50604971580689 11.1425729551846 8.78129997727806 10.6099372584807 12.7454549868128 11.6413525370849 16.3237297606846 22.0456240584353 20.7520973143709 17.2281760325659 7.8795956448871 5.11603385991994 6.77042024832921 5.43551573429603 6.74029564812913 5.41655035958571 6.05776483318041 4.72343138748777 4.24049077313619 4.86828777901558 7.21328615057918 8.38829175508903 7.51213086539393 5.96979930978654 8.75189214726706 6.66664106910136 6.8665220062472 4.31559751007313 7.9690483472932 8.4215996916329 6.44055374685954 7.06988513324915 7.94695155950436 7.13090600767192 4.89657153753772 7.87258765210617 6.25588647793235 4.49120057212454 4.58397342822061 8.41823583881989
8.51265452777045 9.50094916310787 9.23443064525337 8.88620629605883 9.75302615244709 9.52248080113577 9.88196638821216 8.7830403222006 8.60742866676599 8.78244232538927 12.5788834411148 11.2840142474627 11.4869465035608 13.2416396205948 16.3820689399536 16.2678278965367 13.813282512747 6.19298591360868 6.62442109962421 6.15553247365611 5.02229173788358 5.30609032925019 5.9456984506679 5.93670604984847 4.36480691494053 6.34393845642424 7.86383945758823 7.08605883675036 8.33633001813965 6.79808896140044 9.12723640053576 8.83678635304345 6.09994903094221 5.21362850529251 8.46242203344837 7.44586668285806 6.72766977621 8.08758395797359 5.99541429552735 8.45779617082387 7.2046343186058 8.07583527707973 7.67028934344295 6.70325296048873 4.34410324372333 6.25855104073013
8.09873094135942 7.92407099634835 7.39492373204485 7.93595193956621 7.3295502531311 8.38005525740324 8.90309701921688 9.04105555082429 8.48734401524709 8.72245665369903 9.03299238410817 8.87305197442838 9.27092193921083 9.88100063920557 10.3156976344785 12.3690385849428 10.8861557848715 13.2769768560443 10.1397357075753 7.11000382604746 6.41209157396208 6.64137740888287 6.74711326439449 6.90297414724271 6.0243170525308 4.99053688656213 6.8209295143433 9.5422605096847 9.40047251065954 8.70323038525437 9.40867051277524 6.69451190255015 6.76856577525299 9.06687959403555 8.53832684748765 5.60853169361745 7.63382674770217 7.47755088794199 7.8792181877301 8.69225382546169 8.0417350723443 6.16598497282519 5.86961886567446 7.96873191948008 5.88520469499131 7.12856079326492
6.96145415571682 7.72526983652881 7.53614837287528 8.17774926415558 7.99291071011656 8.19616796372699 8.31053205634966 8.19879090094921 7.76843387047525 8.23437324475092 9.25226214454284 8.41400079489218 8.53767439984278 9.19470280538319 10.0798560778791 10.3160265229409 10.2871721482621 14.3651025256825 17.7806393595345 12.6506812410045 8.55200275315231 9.06279703927709 8.89447462610035 8.908552257452 9.16889971130145 8.69131826378128 8.0350879110286 8.91347594979632 9.20677872463222 10.1005771883393 9.84753668289093 6.53341701568846 9.14102732195338 9.02231772683924 8.96580301538039 8.32978753383545 9.09052433847003 8.86510100254986 9.09166082215446 8.99852123483275 8.90324181196018 5.27953660534827 8.25008327345625 8.07012903518331 9.23066630217842 8.45078116658295
7.47712163588893 7.99912917805978 8.18914102252593 8.61207593887803 8.50225327814563 8.4896305237838 8.70868936777965 8.62420137659391 8.72913029731622 9.13353790451504 8.25930316422728 8.19693354916623 8.77976573272479 9.86887595486244 10.1749819581989 9.17899484147449 10.1954561119958 11.2455604453479 12.9420814851587 18.6804742992397 10.6648534720393 9.36295107083915 9.21308507708057 8.52235805901752 8.82338536394081 8.34928417999166 8.61282451804444 9.19603436424097 10.6838888808851 11.5423314536669 9.97993528231058 8.29410689552178 9.37101198166173 9.13355926865399 8.59927494720712 9.67984139081527 9.69467128951218 8.69209370964033 8.595812857858 8.81102087664018 6.17743860093479 7.93232169257329 7.57061763847652 9.48193027152062 9.09036762353521 9.07576186125195
7.98947986734516 7.84665827699957 7.93012034171488 8.26211863144235 8.75416641449783 8.36760660849562 8.20633445576579 8.96913684871775 8.55654533081418 9.08756826728084 9.33881735316851 9.00829518790124 8.2873363547288 9.55140193601253 9.73349061666829 8.88071132821869 9.02679125707642 9.94213334164094 11.3087886991374 11.7803427631836 15.0686628894899 11.2382996223183 9.55759996203685 9.09388385406768 8.50392319115867 8.29872452524453 8.95497717814053 8.70692365849966 7.84394059075482 9.81704986319142 11.2083399134728 9.62318491652246 9.37012541739714 8.68378922209581 8.8948422752009 7.55191169266617 7.90617604640245 9.09950375642196 8.97769056781698 7.20944145299727 6.58600530517299 7.88288434603934 9.64360787741651 7.97426859240502 7.88663976852037 8.86903760537473
8.52978221038486 8.05597387445486 8.34846047464423 8.58280200278673 8.67967846017936 8.70175828075484 7.72576633313254 8.65438286665951 8.2042177309251 8.96756474162147 9.4221995672146 9.05875464151028 8.02979443592658 8.14715668435602 8.78339660593278 8.48645269650188 8.3356539661399 9.80100997022151 10.6222370633917 9.55093922255257 10.1227780116368 10.7916629811079 10.1995190847769 10.3987925821877 8.68849926949366 7.67698689247872 7.1418842699883 6.36598406224176 6.57481177236183 6.66835840675449 8.52949038677783 11.8634261209499 11.8322638975146 11.9512088816276 10.9724134017913 11.0821331923581 9.9065505964777 9.04492230012313 6.9129508935588 6.30347424947996 7.1062920100028 9.3351061650642 9.70672058822836 8.41017862602217 6.80498990152413 6.93277090038893
9.14893086773424 9.07199185855111 8.05920865877568 8.86909775205239 8.66937680387647 8.13988331166369 7.284689301063 8.7062879970966 7.48937323432098 8.8806120853835 9.08191415830603 9.4232570947172 8.50002036499005 8.79828385092788 8.80031062116832 8.64591139303922 8.66581546548411 10.220646781319 12.7177181386486 10.4481855729409 9.68075907259972 9.34804736988772 9.35950562651612 9.85842013585943 10.8855151202541 9.79217382749764 9.59595256394543 7.16461438619925 6.69079633863459 6.26990212513807 7.51444803553176 9.77175297893667 12.422555574145 11.5486142612508 11.8069721032263 12.8074280180707 8.86977309474034 5.42691164356574 6.12291881546536 5.83387455056073 6.00017513000753 6.54839800105386 5.5243552699126 5.1546589407639 3.89926315279345 3.94909258756101
