0.0215794 0.541776 9.9991E-05 0.00824267 0.248352 0.0912442 0.0887051
0.0565567 0.57193 9.9982E-05 9.9982E-05 0.189562 0.0810439 0.100708
0.0145695 0.295829 9.9973E-05 9.9973E-05 0.630151 0.05915 9.9973E-05
0.020923 0.511207 0.0261188 0.0742364 0.367315 9.9982E-05 9.9982E-05
0.0202725 0.649572 0.061812 0.00890115 0.236161 0.0231813 9.9991E-05
9.9964E-05 0.435226 9.9964E-05 0.136035 0.428339 9.9964E-05 9.9964E-05
9.9982E-05 0.542773 0.00665665 0.158709 0.230662 9.9982E-05 0.0609984
0.0500778 0.661378 0.101056 9.9991E-05 0.0861165 0.0138451 0.0874265
0.0278181 0.428395 0.158602 9.9991E-05 0.170165 0.0595757 0.155344
0.0353843 0.402811 9.9991E-05 0.041502 0.309428 0.105624 0.105152
0.0534647 0.409761 0.0931301 0.100588 0.0702016 0.0952363 0.177618
0.033672 0.414493 0.0558671 9.9991E-05 0.159634 0.0904962 0.245737
0.0302484 0.361033 9.9982E-05 0.267675 9.9982E-05 0.25685 0.0839932
9.9973E-05 0.440333 0.198706 0.0165445 9.9973E-05 9.9973E-05 0.344117
0.0370398 0.402905 0.172933 0.0535963 0.064721 9.9991E-05 0.268704
0.0245094 0.59982 0.0501096 0.0356644 9.9982E-05 9.9982E-05 0.289697
9.9973E-05 0.479696 0.166565 9.9973E-05 0.0643536 9.9973E-05 0.289085
0.0352899 0.523965 0.0282077 9.9973E-05 0.412237 9.9973E-05 9.9973E-05
0.0669533 9.99899E-05 9.99899E-05 0.112789 0.431044 0.120519 0.268494
9.9982E-05 0.105833 9.9982E-05 0.0607474 0.354742 0.0297178 0.448761
0.00621647 0.153094 0.0248294 0.0382946 0.12604 0.03082 0.620706
0.00263729 9.9982E-05 9.9982E-05 0.096144 0.142152 0.00937593 0.749491
0.0307993 9.99639E-05 9.99639E-05 9.99639E-05 9.99639E-05 0.159006 0.809795
0.0306663 9.9982E-05 0.026713 9.9982E-05 0.496136 0.00858767 0.437697
9.9982E-05 0.184508 9.9982E-05 0.033321 0.031806 0.0817949 0.66837
9.99639E-05 9.99639E-05 9.99639E-05 9.99639E-05 0.368663 0.0575226 0.573414
0.00721145 9.9973E-05 9.9973E-05 9.9973E-05 0.280044 0.132521 0.579924
9.99639E-05 9.99639E-05 0.0397199 0.0690159 9.99639E-05 9.99639E-05 0.890864
9.9964E-05 9.9964E-05 9.9964E-05 9.9964E-05 0.421074 0.0623815 0.516145
9.99639E-05 9.99639E-05 9.99639E-05 9.99639E-05 0.45293 0.127194 0.419477
9.999E-05 0.0155811 0.0193683 0.00818185 0.068966 0.108716 0.779087
9.9964E-05 9.9964E-05 0.0964365 9.9964E-05 0.215793 9.9964E-05 0.687371
0.0212327 9.9964E-05 9.9964E-05 9.9964E-05 9.9964E-05 0.119242 0.859125
0.0816415 0.44023 9.9982E-05 9.9982E-05 0.206281 0.133331 0.138317
0.0110939 0.442201 0.0802473 9.9982E-05 0.302942 9.9982E-05 0.163316
9.9973E-05 0.465852 0.141026 0.0185917 0.37423 9.9973E-05 9.9973E-05
0.0288692 0.474867 0.051047 9.9982E-05 0.424162 0.0208542 9.9982E-05
0.00763539 0.368094 0.185463 9.9991E-05 0.359295 0.00258339 0.0768283
0.9994 9.995E-05 9.995E-05 9.995E-05 9.995E-05 9.995E-05 9.995E-05
0.0191009 9.9982E-05 9.9982E-05 0.00100217 0.459363 0.100968 0.419366
9.9964E-05 0.250861 0.072084 9.9964E-05 0.676655 9.9964E-05 9.9964E-05
9.99729E-05 0.535181 9.99729E-05 9.99729E-05 0.162994 0.178498 0.123026
9.9982E-05 0.244906 9.9982E-05 0.262736 0.137855 0.0758989 0.278404
0.0200681 0.309674 0.00065021 0.0520189 9.9991E-05 0.372141 0.245347
0.00436874 0.429083 9.9991E-05 0.435009 0.0543705 0.0328675 0.0442016
0.9994 9.995E-05 9.995E-05 9.995E-05 9.995E-05 9.995E-05 9.995E-05
0.0682036 0.341364 0.138317 0.00489648 0.317733 9.9991E-05 0.129385
9.9982E-05 0.41106 0.0284397 9.9982E-05 0.0552448 0.340307 0.164748
0.0297262 0.327838 0.032073 0.0712656 0.134442 0.110535 0.29412
0.00120396 9.9982E-05 0.145696 0.725945 0.102779 0.0241766 9.9982E-05
0.0273173 9.9982E-05 0.429865 0.371724 9.9982E-05 0.0969993 0.0738937
9.9982E-05 0.0210379 0.472555 0.438597 0.0254556 9.9982E-05 0.0421543
0.0152762 0.0694759 0.423876 0.46412 9.9982E-05 9.9982E-05 0.0270514
0.0483025 9.9982E-05 0.608199 0.161881 0.0468582 0.134559 9.9982E-05
9.9973E-05 9.9973E-05 0.642647 0.129546 9.9973E-05 0.13412 0.0933871
0.00555212 0.0847961 0.820497 9.9982E-05 9.9982E-05 0.0425516 0.046403
0.0242492 9.9973E-05 0.604203 9.9973E-05 9.9973E-05 0.352246 0.0190016
0.00985086 9.9973E-05 9.9973E-05 0.703107 9.9973E-05 0.284386 0.00235633
0.0171818 0.0166007 0.423987 0.501716 0.0293295 0.0110856 9.9991E-05
0.00250788 0.0986204 0.19507 0.643762 0.0598395 9.9982E-05 9.9982E-05
9.9955E-05 9.9955E-05 9.9955E-05 0.564495 9.9955E-05 0.435005 9.9955E-05
9.9973E-05 9.9973E-05 0.451007 0.360597 0.162762 0.0253336 9.9973E-05
0.0397919 0.231131 0.0284461 0.559684 0.0594651 0.0683172 0.0131649
0.0184473 0.0120974 0.0782116 9.9991E-05 0.264572 0.0538375 0.572734
0.0287486 9.9973E-05 9.9973E-05 9.9973E-05 0.254677 0.146341 0.569934
0.0199905 9.9964E-05 9.9964E-05 9.9964E-05 0.406918 9.9964E-05 0.572692
0.021084 9.9973E-05 0.716596 0.0664403 0.195579 9.9973E-05 9.9973E-05
0.067876 0.140203 0.165228 0.480652 9.9982E-05 0.145841 9.9982E-05
0.0245281 0.0301571 0.0162733 9.9973E-05 9.9973E-05 0.928742 9.9973E-05
0.0482457 9.9982E-05 0.484872 0.155539 0.0644093 0.246734 9.9982E-05
0.0230406 9.9973E-05 0.176028 0.780092 0.0205402 9.9973E-05 9.9973E-05
9.9973E-05 0.491301 0.0296312 0.00210555 9.9973E-05 0.476662 9.9973E-05
9.99639E-05 0.390797 9.99639E-05 0.50426 9.99639E-05 9.99639E-05 0.104543
9.9973E-05 0.418354 9.9973E-05 0.324121 9.9973E-05 0.155957 0.101268
0.0234683 0.388206 9.9982E-05 0.0223709 9.9982E-05 0.419579 0.146176
0.0324152 0.307805 9.9991E-05 0.245426 0.0430392 0.154105 0.21711
0.0106808 0.351179 9.9982E-05 0.366985 9.9982E-05 0.133232 0.137723
0.0343307 0.356066 0.134222 0.139437 0.179643 0.0787741 0.0775274
9.9955E-05 0.151335 0.848166 9.9955E-05 9.9955E-05 9.9955E-05 9.9955E-05
0.0934207 0.0850179 0.0289962 0.709448 0.0700189 9.9991E-05 0.0129985
9.99729E-05 9.99729E-05 0.349562 0.333921 0.154216 0.162001 9.99729E-05
0.0354719 9.9973E-05 0.350313 0.544929 9.9973E-05 9.9973E-05 0.0689865
0.0327812 0.104221 0.623556 0.187473 9.9982E-05 9.9982E-05 0.0517691
0.0300352 9.9982E-05 9.9982E-05 0.0138942 0.672927 0.0175653 0.265378
9.9982E-05 0.209674 0.092828 0.0906562 9.9982E-05 0.394392 0.212249
9.9973E-05 0.369363 9.9973E-05 0.0160531 0.0178535 0.59643 9.9973E-05
0.9994 9.995E-05 9.995E-05 9.995E-05 9.995E-05 9.995E-05 9.995E-05
0.00109629 0.496501 9.9991E-05 0.00305795 0.470541 0.0257089 0.00299437
0.023312 0.46416 9.9982E-05 9.9982E-05 0.414874 0.0647738 0.0326803
0.0313427 0.440103 9.9991E-05 0.0937334 0.107174 0.0899371 0.23761
0.0362458 0.333115 0.0779347 0.00434549 0.0377088 0.160546 0.350105
9.9982E-05 0.494109 0.152813 0.00200304 0.32181 9.9982E-05 0.0290649
9.9973E-05 0.359347 9.9973E-05 0.520581 9.9973E-05 0.0999936 0.0197786
0.0330664 9.9973E-05 9.9973E-05 9.9973E-05 0.841789 0.0481199 0.0767244
0.0567486 0.277035 9.9982E-05 0.314818 0.174125 0.177074 9.9982E-05
0.0278711 0.341642 9.9991E-05 0.176097 0.0824717 0.0976879 0.274131
0.000566714 0.458685 0.0874658 9.9982E-05 0.224572 9.9982E-05 0.228511
0.000286459 0.603831 0.121693 9.9982E-05 0.169218 9.9982E-05 0.104771
9.9973E-05 0.54462 9.9973E-05 9.9973E-05 0.114844 0.238161 0.102076
0.012485 0.610451 0.138139 0.0622041 9.9982E-05 9.9982E-05 0.176521
9.9973E-05 0.685583 9.9973E-05 0.155359 9.9973E-05 0.039337 0.119421
0.00470591 0.672436 0.0124418 9.9982E-05 9.9982E-05 0.115951 0.194266
0.0167917 0.243889 9.9982E-05 0.275054 0.227515 0.236551 9.9982E-05
0.0660902 0.322333 0.00590117 0.287672 0.0379541 0.19209 0.08796
0.0757545 0.247798 0.196477 0.248404 0.192602 0.038865 9.9991E-05
9.9982E-05 0.369511 9.9982E-05 0.10737 0.205091 0.18901 0.128818
9.9982E-05 0.394248 9.9982E-05 0.0146234 0.0438327 0.398551 0.148545
9.9973E-05 0.314934 9.9973E-05 9.9973E-05 0.209212 0.216071 0.259484
0.0102176 0.0804703 0.396095 0.294034 0.0150191 0.204064 9.9991E-05
0.00578749 0.0307428 0.267097 0.339251 9.9991E-05 0.33263 0.0243912
9.9973E-05 0.149695 9.9973E-05 0.149384 0.455226 0.245394 9.9973E-05
0.025673 0.308078 9.9991E-05 0.245087 0.0166582 0.275722 0.128682
0.0544055 0.125745 9.9991E-05 0.00726338 0.333924 0.47205 0.00651236
9.9964E-05 9.9964E-05 9.9964E-05 0.105836 0.366943 9.9964E-05 0.526821
0.0658257 9.9991E-05 0.155159 0.131225 0.0233461 0.609724 0.0146202
9.9973E-05 0.0538121 0.401135 0.0895817 9.9973E-05 0.455171 9.9973E-05
9.99753E-05 0.248716 0.270034 0.221848 9.99753E-05 0.259102 9.99753E-05
0.0494014 0.164178 9.9982E-05 0.0860755 0.458767 9.9982E-05 0.241378
9.9982E-05 0.412988 0.0412499 9.9982E-05 0.223218 0.0787941 0.24355
0.0335304 0.627414 0.00827943 9.9991E-05 0.0242631 0.169306 0.137108
9.9973E-05 0.520376 0.105792 9.9973E-05 0.273813 0.0997191 9.9973E-05
9.9982E-05 0.264653 0.00263269 0.00533797 0.657755 9.9982E-05 0.0694214
0.0150653 0.450519 0.0127156 0.0159501 0.50555 9.9982E-05 9.9982E-05
9.9973E-05 0.519045 9.9973E-05 9.9973E-05 0.244376 0.218031 0.0182471
0.00728997 0.654322 0.115849 0.0364187 0.108547 9.9991E-05 0.0774733
9.9982E-05 0.285932 0.0200717 9.9982E-05 0.418056 0.117414 0.158326
9.9964E-05 0.543168 0.114288 9.9964E-05 9.9964E-05 9.9964E-05 0.342145
0.031354 0.465202 0.0613588 0.00527324 9.9982E-05 9.9982E-05 0.436612
0.0191634 0.610253 0.0227075 9.9982E-05 9.9982E-05 0.0865378 0.261138
9.9982E-05 0.250786 0.173309 0.0104873 0.522807 9.9982E-05 0.0424096
0.0526497 0.566472 0.156128 0.0115415 9.9982E-05 9.9982E-05 0.213008
0.000220592 0.494635 9.9973E-05 0.196609 9.9973E-05 9.9973E-05 0.308235
0.0112111 0.618749 9.9973E-05 9.9973E-05 0.178047 0.191693 9.9973E-05
9.9964E-05 9.9964E-05 9.9964E-05 9.9964E-05 0.375675 0.085003 0.538922
9.9964E-05 9.9964E-05 0.0514689 9.9964E-05 0.35332 9.9964E-05 0.594812
0.00711185 9.9982E-05 0.00486387 0.0406884 0.185483 9.9982E-05 0.761653
0.00999307 9.9982E-05 0.10436 0.00376709 0.445528 9.9982E-05 0.436152
0.00728159 9.9973E-05 9.9973E-05 9.9973E-05 0.376144 0.175796 0.440478
0.00481876 0.617522 0.184846 0.0427648 0.149848 9.9982E-05 9.9982E-05
0.0410312 0.426162 0.00510937 9.9982E-05 0.498721 0.0287761 9.9982E-05
9.99639E-05 9.99639E-05 0.143776 0.660393 9.99639E-05 0.195432 9.99639E-05
0.0308062 9.9982E-05 0.602952 0.016774 9.9982E-05 0.305385 0.0438834
9.9973E-05 9.9973E-05 0.387432 0.161094 0.0162627 0.434912 9.9973E-05
0.0139633 0.0143212 0.46578 0.0652067 9.9991E-05 0.338739 0.101889
0.00724392 0.0184324 0.238987 0.679169 9.9982E-05 0.0559674 9.9982E-05
9.9973E-05 9.9973E-05 0.278737 0.404728 9.9973E-05 0.23721 0.0790262
9.9973E-05 9.9973E-05 0.444973 0.529593 0.00804499 0.0170897 9.9973E-05
9.9973E-05 9.9973E-05 0.398751 0.214007 0.0903863 0.296556 9.9973E-05
9.9973E-05 9.9973E-05 0.168391 0.330957 0.103204 0.397148 9.9973E-05
9.995E-05 9.995E-05 9.995E-05 9.995E-05 9.995E-05 0.9994 9.995E-05
0.0370711 9.9982E-05 0.720586 0.149859 9.9982E-05 0.0175523 0.0747309
0.0334868 0.00331926 0.300299 0.365387 0.00622987 0.232022 0.0592558
0.00985412 9.9982E-05 0.476499 0.0524868 0.124489 0.336472 9.9982E-05
9.9973E-05 9.9973E-05 0.298618 0.382884 0.0716041 0.246594 9.9973E-05
0.00977397 9.9982E-05 0.596166 0.109645 0.0530643 0.231151 9.9982E-05
9.9955E-05 9.9955E-05 0.319496 0.680004 9.9955E-05 9.9955E-05 9.9955E-05
9.9955E-05 9.9955E-05 0.315463 9.9955E-05 9.9955E-05 0.684038 9.9955E-05
9.9973E-05 0.400949 9.9973E-05 0.238835 9.9973E-05 0.290377 0.0695385
9.9973E-05 0.446993 9.9973E-05 0.369704 9.9973E-05 0.0463243 0.136679
9.9964E-05 9.9964E-05 0.639233 0.289143 9.9964E-05 0.0712248 9.9964E-05
0.0113616 0.110652 0.378793 9.9973E-05 9.9973E-05 0.498894 9.9973E-05
9.99549E-05 9.99549E-05 9.99549E-05 0.769569 9.99549E-05 0.229931 9.99549E-05
9.9973E-05 0.454162 9.9973E-05 0.488392 0.0400279 9.9973E-05 0.0171188
0.0290119 0.624741 9.9973E-05 9.9973E-05 0.190353 0.155594 9.9973E-05
0.035999 0.451503 0.0102808 9.9982E-05 0.478309 0.0237074 9.9982E-05
9.9973E-05 0.204779 9.9973E-05 0.13494 0.421836 9.9973E-05 0.238145
9.9982E-05 0.138066 0.0129249 9.9982E-05 0.341605 0.0709163 0.436288
9.9964E-05 9.9964E-05 0.00503031 9.9964E-05 0.66551 9.9964E-05 0.329059
9.9973E-05 9.9973E-05 0.0163584 0.0529972 0.63563 9.9973E-05 0.294714
9.9964E-05 9.9964E-05 9.9964E-05 0.0234107 0.81453 9.9964E-05 0.161659
0.00634553 0.0287686 0.0405262 0.00529587 0.444164 9.9991E-05 0.4748
0.00722286 9.9982E-05 9.9982E-05 0.0838532 0.201932 0.128671 0.578121
0.0402551 9.9973E-05 9.9973E-05 9.9973E-05 0.595435 0.0593557 0.304654
0.0283774 0.514874 0.007889 0.0396753 0.357624 0.0482864 0.00327449
0.0632017 0.396088 0.0471486 0.00120904 0.45138 0.0408721 9.9991E-05
0.0636711 0.687125 0.130908 0.0115768 9.9982E-05 9.9982E-05 0.106519
0.0090781 0.789906 0.200616 9.9964E-05 9.9964E-05 9.9964E-05 9.9964E-05
0.0136538 0.750954 9.9982E-05 0.0994765 9.9982E-05 0.0125788 0.123137
9.9964E-05 0.686651 9.9964E-05 9.9964E-05 9.9964E-05 0.229266 0.0836826
0.0137388 0.480473 0.116329 9.9982E-05 0.184107 9.9982E-05 0.205151
9.9982E-05 0.443606 0.00985826 0.186197 0.122603 9.9982E-05 0.237536
0.0411887 0.549702 0.141313 9.9973E-05 9.9973E-05 9.9973E-05 0.267496
0.00550624 0.40791 0.210614 9.9982E-05 0.129696 9.9982E-05 0.246074
0.0298332 0.525397 0.194883 9.9973E-05 9.9973E-05 9.9973E-05 0.249586
0.121778 0.00783935 9.9982E-05 0.11099 0.415543 9.9982E-05 0.34365
0.0306697 0.0310837 0.308541 0.295984 0.0169955 0.316626 9.9991E-05
0.0466687 9.9982E-05 0.477151 0.163467 9.9982E-05 0.276693 0.0358205
9.99549E-05 9.99549E-05 0.447833 9.99549E-05 9.99549E-05 0.551668 9.99549E-05
0.023448 0.0654734 0.734665 9.9991E-05 0.0328198 0.112682 0.0308117
0.0121238 9.9982E-05 0.488911 0.408353 0.086577 9.9982E-05 0.00383493
0.0209201 0.373957 0.0706724 0.0780664 9.9991E-05 0.1038 0.352484
0.0334303 0.373934 0.0160413 0.0407962 0.287751 0.0621754 0.185872
0.0665405 0.488404 0.133576 9.9973E-05 9.9973E-05 9.9973E-05 0.31118
0.0347496 0.389179 9.9982E-05 9.9982E-05 0.284703 0.17546 0.115708
