0.166803 0.82663 0.00656721
0.161587 0.838313 9.9991E-05
0.213005 0.773866 0.0131281
9.999E-05 0.96154 0.0383599
0.0409928 0.952739 0.00626819
0.0361413 0.891899 0.0719597
0.0767492 0.879749 0.043502
0.0794961 0.920222 0.000281774
0.197088 0.714784 0.0881286
0.257701 0.707405 0.0348946
0.115487 0.666126 0.218387
0.26018 0.683221 0.0565983
0.113084 0.545094 0.341822
0.196331 0.708347 0.0953221
0.25155 0.696917 0.0515328
0.132038 0.857351 0.0106106
0.230604 0.769296 9.9991E-05
0.162604 0.837296 9.9991E-05
0.606262 0.181543 0.212194
0.724059 0.255738 0.0202034
0.777075 0.222825 9.9991E-05
0.874517 0.0731836 0.0522997
0.9998 9.999E-05 9.999E-05
0.870068 0.0881973 0.0417345
0.762346 0.237554 9.9991E-05
0.9998 9.999E-05 9.999E-05
0.921585 9.9991E-05 0.0783154
0.965243 9.9991E-05 0.0346567
0.9998 9.999E-05 9.999E-05
0.882276 0.0165748 0.101149
0.958486 9.9991E-05 0.0414144
0.923012 0.0433808 0.0336074
0.959168 0.0369718 0.00386008
0.245374 0.701166 0.0534601
0.320004 0.656812 0.0231837
0.149337 0.753689 0.0969743
0.105739 0.851529 0.0427323
0.146817 0.701907 0.151276
0.608404 9.9991E-05 0.391496
0.849187 0.0564969 0.0943156
0.221494 0.655699 0.122807
0.174043 0.825857 9.9991E-05
0.299457 0.495612 0.204931
0.11822 0.551321 0.330459
0.128869 0.598213 0.272918
0.571423 9.9991E-05 0.428477
0.342647 0.594365 0.0629879
0.15812 0.594447 0.247432
0.423911 0.417197 0.158892
0.0411677 0.0767245 0.882108
0.0388467 0.0389403 0.922213
9.9991E-05 0.170858 0.829042
0.0793962 0.0648861 0.855718
0.079006 9.9991E-05 0.920894
0.0629171 0.0256839 0.911399
9.9991E-05 0.282719 0.717181
0.0470793 0.0563447 0.896576
0.0802825 9.9991E-05 0.919618
0.00160929 0.10293 0.89546
9.9991E-05 0.251475 0.748425
0.0530012 9.9991E-05 0.946899
0.0283189 0.163186 0.808495
0.103225 0.326331 0.570444
0.895937 0.0421649 0.0618985
0.856233 0.110882 0.0328855
0.914795 0.085105 9.9991E-05
0.0169047 0.179894 0.803201
0.0172185 0.26349 0.719291
0.0739111 0.0911265 0.834962
0.107775 0.00967829 0.882546
0.0683657 0.0185432 0.913091
9.9991E-05 0.66729 0.33261
0.016075 0.678282 0.305643
9.9991E-05 0.665723 0.334177
0.0472414 0.628135 0.324623
0.150968 0.55481 0.294222
0.0688866 0.599105 0.332008
0.1532 0.592818 0.253982
9.9991E-05 0.2369 0.763
0.1271 0.25638 0.61652
0.0603744 0.0601355 0.87949
0.128823 0.0178816 0.853295
9.9991E-05 0.176298 0.823602
0.761325 0.162761 0.075914
0.134056 0.39057 0.475374
9.9991E-05 0.590475 0.409425
0.565438 9.9991E-05 0.434462
0.211609 0.788291 9.9991E-05
0.179456 0.820444 9.9991E-05
0.206327 0.765037 0.0286366
0.28761 0.538501 0.173889
0.141728 0.812139 0.0461325
0.0630356 0.509265 0.4277
0.650648 0.272629 0.0767235
0.0241327 0.52955 0.446317
0.335439 0.506627 0.157934
0.14976 0.85014 9.9991E-05
0.0238289 0.975021 0.0011505
0.150871 0.822781 0.0263476
0.0325621 0.872429 0.0950088
0.0338529 0.922071 0.0440763
0.102244 0.897656 9.9991E-05
0.0517821 0.506512 0.441705
0.101024 0.484195 0.41478
0.0703635 0.470065 0.459571
0.310654 0.569355 0.119991
0.12301 0.644132 0.232858
0.516481 0.460106 0.0234131
0.0228152 0.126268 0.850916
0.0797446 0.10325 0.817006
0.147723 0.486721 0.365556
0.162611 0.536118 0.30127
0.370781 0.325681 0.303538
0.822701 0.132215 0.0450845
0.110392 0.0808981 0.80871
0.02715 0.170064 0.802786
9.9991E-05 0.366429 0.633471
0.546224 0.388714 0.0650621
0.303316 0.686603 0.0100813
0.0291733 0.928569 0.0422582
0.015988 0.876873 0.107139
0.362415 0.637485 9.9991E-05
0.245816 0.754084 9.9991E-05
0.120736 0.877202 0.00206162
0.0436321 0.936169 0.0201991
0.386093 0.599177 0.01473
0.0991661 0.900734 9.9991E-05
0.224344 0.775556 9.9991E-05
0.0975001 0.9024 9.9991E-05
0.272803 0.601392 0.125804
9.9991E-05 0.929918 0.0699822
0.196491 0.746814 0.0566951
0.0632092 0.936691 9.9991E-05
0.910407 0.053046 0.0365467
0.943503 0.0563972 9.9991E-05
0.9998 9.999E-05 9.999E-05
0.917469 9.9991E-05 0.0824307
0.884058 0.0225993 0.0933432
9.9991E-05 0.886135 0.113765
0.200211 0.799689 9.9991E-05
9.999E-05 9.999E-05 0.9998
0.0924616 9.9991E-05 0.907438
9.9991E-05 0.0740207 0.925879
0.0656922 0.172675 0.761633
9.9991E-05 0.0424837 0.957416
0.125804 9.9991E-05 0.874096
9.999E-05 9.999E-05 0.9998
0.0445122 0.0491234 0.906364
0.0680777 0.00815453 0.923768
0.0726315 9.9991E-05 0.927269
0.044154 0.0457466 0.910099
0.0896219 0.0434663 0.866912
0.0400837 0.135983 0.823933
0.0680336 9.9991E-05 0.931866
9.9991E-05 0.059654 0.940246
9.999E-05 9.999E-05 0.9998
0.0911593 9.9991E-05 0.908741
0.0550333 0.549927 0.39504
0.0420073 0.722632 0.235361
9.9991E-05 0.084415 0.915485
0.0264854 0.236501 0.737013
9.999E-05 9.999E-05 0.9998
9.9991E-05 0.652341 0.347559
0.0378503 0.96205 9.9991E-05
0.314651 0.685249 9.9991E-05
0.388523 0.550763 0.060714
0.652517 0.326189 0.0212943
0.920019 0.0462188 0.0337617
0.931697 0.0132548 0.0550486
0.776683 0.223217 9.9991E-05
0.820694 0.154873 0.0244335
0.821181 0.062013 0.116806
0.916379 9.9991E-05 0.0835211
0.15686 0.822399 0.0207412
0.0852732 0.8341 0.0806264
9.9991E-05 0.935892 0.0640081
9.9991E-05 0.953275 0.0466245
9.999E-05 0.9998 9.999E-05
0.0162166 0.880449 0.103334
0.179622 0.781007 0.0393709
0.225517 0.674523 0.0999599
0.142655 0.810751 0.0465941
0.215713 0.720588 0.0636994
0.201018 0.742627 0.0563551
0.786339 0.0503372 0.163324
0.0644927 0.055473 0.880034
0.135301 9.9991E-05 0.864599
0.0418993 9.9991E-05 0.958001
9.9991E-05 0.167952 0.831948
0.105439 0.0541885 0.840373
0.364883 0.493327 0.14179
0.346605 0.641727 0.0116685
0.181046 0.800713 0.0182411
0.294945 0.682218 0.022837
