0.12553 0.0143401 0.13827 0.654396 9.9991E-05 0.0673643
9.9982E-05 0.0482516 0.150495 0.722521 9.9982E-05 0.0785331
9.9982E-05 0.0414003 0.243279 0.613109 9.9982E-05 0.102011
9.9982E-05 0.0123439 0.0423591 0.754757 9.9982E-05 0.19034
9.9982E-05 0.016356 0.0131632 0.913626 0.0566551 9.9982E-05
0.0338525 0.0191143 0.0387595 0.774273 0.0825286 0.0514722
0.304495 9.9982E-05 9.9982E-05 0.592539 0.0242288 0.0785376
0.0592594 0.0247295 0.0529482 0.669203 9.9991E-05 0.19376
0.506421 0.00868559 9.9982E-05 0.421468 0.0632252 9.9982E-05
0.274854 0.0165605 0.0804376 0.388461 9.9991E-05 0.239587
0.267171 0.0437771 9.9991E-05 0.190869 0.0863688 0.411714
0.433995 0.0149701 0.0732186 0.275697 0.0137593 0.18836
0.15326 0.0199964 9.9982E-05 9.9982E-05 0.0157623 0.810781
0.498378 9.9982E-05 9.9982E-05 0.308429 0.026371 0.166621
0.295811 0.0575005 0.0570587 0.512021 0.0775089 9.9991E-05
0.243284 0.0156435 0.0549018 0.565173 9.9991E-05 0.120897
0.329928 9.9991E-05 0.132208 0.512393 0.0239341 0.00143685
0.244785 0.0357667 0.0622101 0.657038 9.9982E-05 9.9982E-05
0.341303 0.0566315 0.374643 9.9991E-05 0.107946 0.119377
0.76977 9.9964E-05 0.22983 9.9964E-05 9.9964E-05 9.9964E-05
0.0420873 0.00447847 0.659003 0.233897 0.0386244 0.0219099
0.115309 0.0122301 0.729351 9.9991E-05 0.0350164 0.107993
9.9973E-05 0.0216816 0.899423 9.9973E-05 9.9973E-05 0.0785955
9.9982E-05 0.0286953 0.820052 0.132251 0.0188017 9.9982E-05
0.0427131 9.9982E-05 0.606154 0.23107 9.9982E-05 0.119863
9.9982E-05 0.00554195 0.882172 0.0440454 9.9982E-05 0.0680407
0.303558 0.0278965 0.61599 9.9982E-05 0.0523555 9.9982E-05
0.145708 0.0251476 0.775621 9.9982E-05 0.0533231 9.9982E-05
0.204034 9.9973E-05 0.76752 9.9973E-05 0.0281457 9.9973E-05
0.0330289 9.9982E-05 0.794161 0.0981806 0.0744291 9.9982E-05
0.206207 9.9982E-05 0.762562 9.9982E-05 0.0224274 0.00860348
0.0734625 0.041076 0.799834 0.0364022 0.02856 0.0206653
0.063141 0.0574888 0.725047 0.0402339 9.9991E-05 0.11399
0.175262 0.0567206 0.117089 0.377955 9.9991E-05 0.272874
0.15676 9.9982E-05 0.216283 0.617627 0.00912966 9.9982E-05
0.0975074 9.9982E-05 0.0797912 0.736698 0.0858035 9.9982E-05
9.9982E-05 0.0342802 0.0436926 0.711964 9.9982E-05 0.209863
0.0651667 0.00747697 0.154698 0.431562 0.046504 0.294592
9.996E-05 0.9995 9.996E-05 9.996E-05 9.996E-05 9.996E-05
0.269494 0.0308122 0.571498 9.9982E-05 9.9982E-05 0.127995
9.9973E-05 9.9973E-05 0.205673 0.666477 0.12755 9.9973E-05
0.210049 9.9982E-05 0.115254 0.54038 9.9982E-05 0.134117
0.039134 0.000130261 0.285126 0.241046 0.100542 0.334021
0.251508 0.0444869 0.0465434 9.9991E-05 0.101719 0.555643
0.0601192 0.0159531 0.0124468 0.049634 9.9991E-05 0.861747
9.996E-05 0.9995 9.996E-05 9.996E-05 9.996E-05 9.996E-05
0.264575 0.0655234 0.161173 0.323881 0.00494251 0.179905
0.28874 9.9991E-05 0.00298325 0.146801 0.0674615 0.493914
0.370714 0.0236677 0.171827 0.221974 0.0850418 0.126775
0.152676 0.029352 9.9982E-05 9.9982E-05 0.716816 0.100956
0.00961508 0.0240599 0.0277643 9.9991E-05 0.776427 0.162034
0.0657313 9.9982E-05 0.00346384 0.155151 0.775454 9.9982E-05
0.0662864 0.0729577 9.9991E-05 0.0244804 0.696743 0.139432
0.10809 0.065082 0.00894747 9.9982E-05 0.81768 9.9982E-05
0.19284 9.9964E-05 9.9964E-05 9.9964E-05 0.80676 9.9964E-05
0.24559 9.9973E-05 9.9973E-05 0.0877153 0.666394 9.9973E-05
0.20687 0.00291258 9.9982E-05 9.9982E-05 0.763932 0.0260853
0.0551174 0.0315432 0.0910125 9.9982E-05 0.822127 9.9982E-05
9.9991E-05 0.0392683 0.0249324 0.119628 0.737725 0.0783464
9.9982E-05 0.048138 9.9982E-05 0.0942325 0.586624 0.270806
9.9973E-05 9.9973E-05 0.120204 9.9973E-05 0.795426 0.0840695
0.157509 0.0133194 0.0174854 0.015858 0.706852 0.0889757
0.0928918 0.0783787 9.9982E-05 9.9982E-05 0.297443 0.531086
0.250156 0.0320888 0.604833 0.0670036 0.0348619 0.0110561
0.0321727 0.0311736 0.761024 0.0226126 0.0020208 0.150996
0.147666 0.0213314 0.715333 0.115469 9.9982E-05 9.9982E-05
0.117197 0.0096399 9.9991E-05 0.068056 0.678826 0.126182
9.9973E-05 0.0735714 9.9973E-05 9.9973E-05 0.445746 0.480383
9.9991E-05 0.0205128 0.0709044 0.0762695 0.728399 0.103815
9.9982E-05 0.050565 0.0134588 9.9982E-05 0.65913 0.276646
0.0806024 0.0372619 0.00591968 0.0765581 0.799558 9.9991E-05
9.9973E-05 9.9973E-05 9.9973E-05 0.246045 0.0786476 0.675008
0.223069 9.9982E-05 9.9982E-05 0.0205195 0.0247802 0.731431
0.0222358 9.9982E-05 9.9982E-05 0.0730362 0.127089 0.777439
9.9964E-05 0.00780684 9.9964E-05 9.9964E-05 9.9964E-05 0.991793
0.0492109 0.0327151 0.0825567 9.9982E-05 9.9982E-05 0.835317
0.156757 0.0233627 9.9973E-05 9.9973E-05 9.9973E-05 0.819581
9.9982E-05 0.031686 0.0833656 0.073782 9.9982E-05 0.810966
0.0392186 9.9973E-05 9.9973E-05 9.9973E-05 0.603205 0.357277
9.9982E-05 0.133279 9.9982E-05 0.124688 0.34331 0.398522
0.0112018 0.0242932 0.0725564 0.0105281 0.716341 0.16508
0.174507 0.0422655 9.9982E-05 9.9982E-05 0.728636 0.0543917
0.144007 0.037261 9.9982E-05 0.11935 0.699182 9.9982E-05
0.65934 0.0180023 0.263136 9.9991E-05 0.0108646 0.0485574
9.9982E-05 9.9982E-05 0.163188 0.0990189 0.237267 0.500326
9.9982E-05 9.9982E-05 0.00283378 0.086565 0.125678 0.784724
9.996E-05 0.9995 9.996E-05 9.996E-05 9.996E-05 9.996E-05
0.000642971 9.9982E-05 0.209005 0.63107 9.9982E-05 0.159083
0.213248 0.0254772 0.058561 0.609182 9.9991E-05 0.0934313
0.26328 0.0442967 0.0913149 0.448359 9.9991E-05 0.152649
0.675465 0.0327734 9.9991E-05 0.0867591 0.0755199 0.129383
0.216277 9.9982E-05 9.9982E-05 0.69784 0.0578129 0.0278708
0.00896123 9.9982E-05 0.0700217 9.9982E-05 0.143822 0.776995
0.370885 0.0416612 0.386108 0.141924 0.0132816 0.0461411
9.9991E-05 0.0719673 0.020869 0.0982937 0.182542 0.626228
0.00882086 0.0392725 0.278848 0.286982 0.0767359 0.309341
0.275591 0.011097 0.143934 0.558828 9.9991E-05 0.0104502
9.9973E-05 9.9973E-05 0.172493 0.551865 9.9973E-05 0.275341
0.274444 9.9982E-05 0.0677534 0.433162 9.9982E-05 0.22444
0.417278 0.0132235 9.9982E-05 0.295309 9.9982E-05 0.273989
9.9982E-05 0.00580137 0.117888 0.553748 9.9982E-05 0.322363
0.58742 9.9973E-05 9.9973E-05 0.262837 9.9973E-05 0.149442
0.0203118 0.0136389 0.0373362 0.0682723 0.255661 0.604779
0.20709 0.0822569 9.9982E-05 9.9982E-05 0.0997714 0.610681
0.0585389 0.0589473 0.000735565 0.0557921 0.185065 0.640921
0.297074 0.0135978 0.106663 9.9982E-05 9.9982E-05 0.582465
0.209365 9.9991E-05 0.0807824 0.113115 0.0730333 0.523604
0.18498 9.9991E-05 0.385244 0.326359 0.0466177 0.0566996
9.9982E-05 0.00708532 0.000734308 0.243481 0.7485 9.9982E-05
0.096508 0.01037 9.9982E-05 9.9982E-05 0.725804 0.167118
0.19592 0.00226426 0.0783719 0.0183717 0.186332 0.518741
0.319665 0.0183443 9.9991E-05 0.101737 0.142421 0.417732
9.9991E-05 0.0620647 0.300978 0.0392213 0.114305 0.483331
0.293515 9.9973E-05 0.493013 9.9973E-05 9.9973E-05 0.213172
9.9982E-05 0.037322 0.0821235 9.9982E-05 0.570162 0.310192
0.0228317 0.00504425 0.0529701 9.9991E-05 0.673328 0.245726
9.9973E-05 9.9973E-05 9.9973E-05 0.154427 0.478725 0.366548
0.205127 0.0586875 0.337898 0.240594 0.0329483 0.124746
0.227916 0.00432002 0.224358 0.507809 0.0354961 9.9991E-05
9.99881E-05 0.017213 0.107972 0.693383 9.99881E-05 0.181232
0.012456 9.9982E-05 0.0981331 0.760895 0.128316 9.9982E-05
0.292255 9.9973E-05 0.218248 0.489197 9.9973E-05 9.9973E-05
0.0834761 0.0238547 0.16585 0.633998 0.0178112 0.0750102
9.9991E-05 0.00147826 0.192795 0.731722 0.0131169 0.0607881
0.0512945 0.0262586 0.0567917 0.812325 0.0532298 9.9991E-05
0.168042 9.9991E-05 0.329579 0.46073 0.0351803 0.00636815
0.457781 9.9964E-05 9.9964E-05 0.54182 9.9964E-05 9.9964E-05
0.542105 0.0318474 9.9982E-05 0.346455 9.9982E-05 0.079393
0.27879 0.00565122 0.0237632 0.618593 9.9991E-05 0.0731025
0.555091 9.9991E-05 0.00132461 0.312603 0.121995 0.00888656
0.409036 0.0352957 9.9982E-05 0.528735 0.0267327 9.9982E-05
0.480053 0.0140506 0.0676214 0.218628 9.9991E-05 0.219547
0.0671488 9.9991E-05 0.0961948 0.755073 0.00232876 0.079155
0.172606 9.9973E-05 0.739254 9.9973E-05 9.9973E-05 0.0878391
9.9973E-05 9.9973E-05 0.927774 0.00698557 9.9973E-05 0.0649402
0.0306959 0.0308617 0.934692 0.00354991 9.9982E-05 9.9982E-05
0.329549 0.00887323 0.609686 0.00961404 0.0130563 0.0292214
0.0182011 0.0111483 0.792422 0.0057424 0.00425281 0.168233
9.9982E-05 0.0186691 9.9982E-05 0.672243 0.0692061 0.239681
9.9982E-05 0.0199975 0.20139 0.580006 9.9982E-05 0.198407
9.9964E-05 9.9964E-05 9.9964E-05 9.9964E-05 0.88408 0.11552
0.0594549 0.0188175 0.047067 9.9991E-05 0.738605 0.135956
0.0585206 0.00483844 0.0153056 0.0760043 0.845231 9.9991E-05
9.9982E-05 9.9982E-05 0.0357267 0.0426643 0.616007 0.305402
0.0107642 0.0247809 9.9991E-05 0.0626048 0.841419 0.0603314
0.00247007 0.0316362 0.14839 0.00572013 0.784357 0.0274272
9.9982E-05 0.0102561 9.9982E-05 0.027689 0.814951 0.146904
9.9973E-05 9.9973E-05 0.0918006 9.9973E-05 0.77272 0.13518
0.171933 9.9982E-05 9.9982E-05 0.0242158 0.781449 0.022202
9.9982E-05 9.9982E-05 0.139859 0.00161265 0.827151 0.0311769
9.9991E-05 0.050405 0.0299154 0.00480521 0.740671 0.174103
0.0620467 0.0381922 0.0365988 9.9991E-05 0.706286 0.156776
0.0125599 0.00136661 0.09836 0.0809525 0.777978 0.0287833
0.161783 9.9964E-05 9.9964E-05 9.9964E-05 0.837817 9.9964E-05
9.9991E-05 0.00810225 0.0344764 0.0157879 0.765018 0.176515
9.9973E-05 0.017467 9.9973E-05 0.143129 0.839104 9.9973E-05
0.0342038 9.9982E-05 0.0435408 0.0484507 0.873605 9.9982E-05
9.9991E-05 0.00215578 0.039738 0.0560303 0.0641144 0.837861
0.116669 9.9973E-05 9.9973E-05 0.114367 9.9973E-05 0.768664
9.9973E-05 9.9973E-05 9.9973E-05 0.0937314 0.822418 0.083551
9.9991E-05 0.0210118 0.0462976 0.244655 0.658048 0.0298874
9.9973E-05 9.9973E-05 0.0387432 9.9973E-05 0.824503 0.136453
9.9973E-05 9.9973E-05 9.9973E-05 0.202341 0.127623 0.669736
9.9982E-05 0.00458214 0.0601349 0.864617 9.9982E-05 0.0704657
0.313325 0.0269578 0.122737 0.53678 9.9982E-05 9.9982E-05
0.0310048 9.9991E-05 0.45999 0.299592 0.0216645 0.187648
0.545073 9.9982E-05 0.324543 0.0950512 9.9982E-05 0.0351331
0.807279 9.9964E-05 0.192321 9.9964E-05 9.9964E-05 9.9964E-05
0.513165 9.9973E-05 0.481405 9.9973E-05 0.00512985 9.9973E-05
0.933553 9.9964E-05 0.0660476 9.9964E-05 9.9964E-05 9.9964E-05
0.612348 0.00495717 0.336339 9.9991E-05 0.00666323 0.0395918
0.532457 0.0339095 0.337287 9.9991E-05 0.0734906 0.0227561
0.281631 0.0547715 0.591458 9.9982E-05 0.07194 9.9982E-05
9.9991E-05 0.000362519 0.169044 0.72323 0.0385621 0.0687015
0.0155924 0.0540563 0.0545879 0.738229 0.0161202 0.121414
9.9982E-05 0.0339476 9.9982E-05 0.757033 0.0425119 0.166308
9.99641E-05 9.99641E-05 9.99641E-05 0.74099 9.99641E-05 0.25861
9.9973E-05 0.0167881 9.9973E-05 0.80221 9.9973E-05 0.180702
0.0776808 9.9973E-05 9.9973E-05 0.550444 9.9973E-05 0.371575
0.530865 0.00726416 9.9982E-05 0.4003 9.9982E-05 0.0613713
0.557228 9.9982E-05 9.9982E-05 0.316141 0.0160826 0.110349
0.659273 0.0219838 9.9982E-05 0.269947 9.9982E-05 0.0485969
0.56443 0.00841806 9.9991E-05 0.374534 0.0430768 0.00944137
0.525678 0.0158214 9.9991E-05 0.395365 0.0200107 0.043025
0.677204 0.116057 0.174805 9.9982E-05 0.0317344 9.9982E-05
0.102544 0.0136135 9.9982E-05 9.9982E-05 0.725813 0.15783
9.9982E-05 0.0486568 0.111547 9.9982E-05 0.736956 0.10264
0.108598 9.9973E-05 9.9973E-05 9.9973E-05 0.845904 0.045198
9.9991E-05 0.017711 0.0428962 0.0674624 0.681206 0.190624
9.9991E-05 0.0119725 0.0560538 0.130309 0.759887 0.041678
0.149598 0.0246926 0.234164 0.372961 0.131019 0.0875644
0.416936 0.0183687 0.0987497 0.402761 0.0243986 0.0387859
0.673537 0.0414337 9.9973E-05 0.28473 9.9973E-05 9.9973E-05
0.319804 0.0494571 0.121373 0.382319 9.9991E-05 0.126947
