IBR/IBR_outputs/all.combrep_1/Silt_Total.VRM_Total.WeatheringIndex_Total/Silt_Total.VRM_Total.WeatheringIndex_Total.asc
NCOLS 160 
NROWS 95 
XLLCORNER 210004.651214014 
YLLCORNER 7350008.22228844 
CELLSIZE 4999.99999999997 
NODATA_value -9999 
[rows 63 to 83 of 95, columns 46 to 91 of 160]
34.6685478571344 35.1029300721926 31.2304272782228 32.3486309914912 30.1686327068017 31.4299808629488 44.9511569537966 28.6734864585611 27.7320299841228 27.7740567494104 27.5099998914821 28.2469089483261 29.9187407660536 30.2346301520781 28.109413085091 28.5518110377792 28.1191120015455 29.7755229998411 30.2629377373006 30.8557920170208 29.7887081845883 28.7874096918441 32.50177837709 29.3376891065531 31.6146397495969 31.6681414734408 33.8877709713788 33.0685913114573 29.019628844434 30.8212451241036 31.9877813531196 30.6889446760965 31.5473170768487 34.3526172201984 38.0219833607884 49.8365818722975 56.6220923081087 71.2172254464308 34.605051264417 29.8383705796252 31.19369477887 30.4412734092313 29.7619262788793 28.4622995726115 28.6207979270259 27.585295525146
29.2584896223139 29.1088533967568 27.671074214523 29.1302505570739 31.9962301261814 34.3027221367118 41.7530259547365 32.1088462492512 27.7775684460014 28.5828222661186 29.4693044301303 27.5620169547572 26.0363367267268 28.3858920439306 27.5030450371082 27.2161034303876 26.9865690842689 27.9739071030359 30.2635783593947 29.6616553992907 27.9832403436251 28.0839990540838 31.1272461664747 30.5810531195021 31.4004198259377 33.7219207920045 33.7366039202969 34.7876230352444 30.7789412944272 29.228911344101 30.1547791300212 32.0407942425484 30.086834907956 32.0104556296828 31.9450321061139 30.9525013122637 30.6985362063577 31.2032649205134 30.2624848463313 30.3132302303108 29.8335490812381 29.6546925187039 29.3437102793572 27.9909236658903 29.0461507824344 29.2295491647204
29.7309451125371 30.1985627278752 29.0407766996912 28.5589197874545 31.057628471045 30.5422843378957 33.2683016236241 27.9971705204438 28.5009200349307 29.2944729517031 28.9932662518212 28.2897447833551 27.658779156142 29.1524267079275 29.7343180838851 28.3030323033481 28.7619930398785 31.1202710636027 27.9171835420955 27.5100478482884 28.1289262931851 28.7596961281465 29.0033802958635 29.6758839631567 28.3612006221466 30.0187234275181 30.1471961413648 30.9099946227925 32.7756420406906 30.9731541787212 31.0996499644606 30.3845698155732 32.6343719252401 31.1223809716687 31.2030899729837 30.4009868721732 28.7214066077131 29.7294613077626 30.4792035722565 29.910007417484 29.1663828893792 30.2222223938018 30.1910786071328 31.2653705976202 29.2822355885333 39.8647397491462
26.4270242790954 30.3937750593361 29.3135133297237 29.7820196593883 28.9445999167989 28.5278024646108 33.3249852567175 28.0767688269102 28.4500540356262 27.4732713906668 26.0443081020237 27.6037515126767 30.0497153901136 29.7801349838321 29.4690445464826 31.3433668583217 31.9841116389086 31.041108934749 32.2772837756252 29.4706006888998 29.139536839963 28.5707987993932 28.9110453059075 28.6016468663268 28.6563800641831 33.1073908920653 33.4665119920165 29.2032243995379 29.7784678659101 29.4719101881722 30.9431091086296 40.81979260719 31.3285858778922 31.6454027263556 30.0262803362048 27.7364105167427 28.7701955843432 29.9716056184488 27.7256923578888 28.8467085911655 29.5767080531725 29.606887551765 29.1586575554151 33.6685716120216 29.5769946637274 31.5298329196984
29.5102301588745 30.3096930067577 29.7671882763898 29.2740633333321 29.5024769571628 28.7355427564732 32.7164183886831 30.531964946949 28.0538353846384 27.6535240871302 27.0068997642012 28.63057766276 30.4035219858782 29.2397477282469 30.0115796175597 30.4900938321736 28.9913457837291 28.7011444354563 28.5780521400833 29.1023553774057 30.3255866634795 28.009751087559 27.6115148061441 27.6794108448117 27.9059626177617 28.6208576426806 30.3566057068527 43.4299633405966 27.7581987825173 28.4267288201622 28.8997481814336 29.032936208269 34.6113928256304 30.4184063353035 30.3172070995795 27.9828816918048 28.7505647064226 28.6225228481335 28.2868273420888 27.9165519830152 29.2066913165489 28.2508618266059 31.9018062282535 44.5814792089713 31.3455033371332 32.7981421710177
30.0719302481813 29.4807314862805 29.6028436879954 31.2318227184238 35.9779311016217 37.6327846947938 33.3777628505284 38.4122412908439 46.7028961733548 33.5252480940349 40.5607102959068 29.6912565953113 28.7250679227 29.3265850969858 29.8255697944875 29.8000729378182 28.3904465493149 25.9840002873659 24.949172341508 26.3651608728774 27.3242645819492 29.4761375053546 28.2080329855805 30.1657179154801 32.5799615439098 37.1613034626029 30.3470921785403 40.7063314621804 28.1397000287299 28.120490734727 27.5131722083877 29.3074233897741 30.7730118610682 30.1638211484992 32.5317971648389 28.8728921983337 29.190411120928 28.9270405941792 29.1287617207644 28.7319044852317 30.4463668471693 29.0682973652155 31.3011296373214 35.8803400451998 34.7940614442552 30.7422231008996
28.4767472337011 28.4592460619817 27.6570412827388 29.8039091706869 29.7072265755016 29.0712795506643 28.9885246804065 35.663619691497 37.3493089443199 33.1546640795201 37.7857006010094 37.0064017287139 31.7800531842346 29.4608672485278 29.1792144068578 28.7721517330645 26.5393285379113 21.9094808773833 24.9383968065959 25.2447630960562 25.3310797304197 28.139814351592 29.3793040901378 29.2229915338242 139.729412529384 34.9798781073007 28.5903723834379 29.8587384397717 29.2973800880928 28.6279920402753 29.0783161508235 27.891269158009 26.4691876770888 26.9591549589982 28.0242155756806 27.6459329998356 28.0221084818608 28.0568472454618 29.0605583890428 29.7376305060248 29.6463413683829 35.6482278310075 70.1817956433981 34.2070739185854 74.8483147708761 29.6377520027875
27.5883925604653 27.3092530140926 26.8858682975339 26.3320227153191 28.156589651477 28.1286980821154 26.8434978249056 28.4995682623893 30.9717107188306 33.2012278559754 32.8990718811407 31.7651557035818 31.8587180153814 34.2871795010074 30.1319622353015 29.8025262642702 27.5188179034578 24.9695252687954 25.446637442953 24.8954855240795 26.0796414378875 27.9993546548116 28.4615904844941 28.7085422492431 30.7131221934059 115.93940098738 30.5867821393311 29.2135046756277 31.1095582333141 29.121215720965 28.9427312105497 25.2221333199674 24.0714536124837 23.86890375641 22.6275942775134 22.9666229648682 27.5508420077398 29.0756336303529 28.4299934724224 27.9955782818686 28.5260762344257 29.3837991992185 29.8796487481501 41.1568969338421 30.803842039054 30.5076383016317
25.7553498319639 26.6548482410563 26.2632017915852 25.7100285754251 24.8756386003914 26.8349993692313 26.310725121914 28.8133999358234 30.9493581438371 30.0146356707291 33.1206318783591 36.0087649425367 32.4243823703286 26.8137234808118 31.5639926618324 35.7175137449689 30.5889125558633 28.9710733945606 26.656788199813 27.6159531936874 29.1437348242214 29.8568123406679 28.7880787658797 29.6872046584702 29.1522527233836 39.2017951582713 28.4477699903088 29.1206261722332 29.8659651203427 29.7787552269987 29.3441274504311 27.4792461113229 27.1241786504558 27.4921731129439 27.448608649603 27.9813084169191 27.7937768249267 28.3764025791132 28.359045727433 29.8875354299917 28.1961922834152 29.2505208285959 29.8532012786633 29.4934990245614 28.5935980443887 30.2113522210159
25.275632584452 26.4626757837682 26.8911682571885 26.7092983295731 26.764857287785 26.8842189218023 26.5082427480031 25.8404047658907 25.6042180022933 27.1416290674869 26.9536125744898 26.6694187555043 26.9819668089163 26.5214659063505 31.1683513232188 33.0392692277431 34.2383471214876 30.2237741712394 28.9980389438854 28.9050344477769 30.1340303824569 29.4373786075383 30.7300018559727 31.3602378287677 29.2261982372346 28.8600648084351 29.0299401284036 30.5693934461919 29.8879716505262 31.1682642762864 32.4166945882022 30.7349803467833 28.3622761487405 31.2425696919838 30.6772742856552 30.2369847803442 29.6128854838856 29.3899004360487 28.4237018819064 29.4050467682062 29.2435674348953 30.287461057762 35.8156650081546 35.0885295892489 29.9849821284915 30.0005705987381
26.2098893386281 25.9902870504159 27.0358755090739 26.9655655005177 26.8667885619308 26.9417533123682 26.9301983768027 27.1143132479313 26.7170154175627 26.372294081316 26.1181094521259 28.6105156637947 28.7532853628324 24.3345166271971 24.4664019751439 28.5895966263553 30.2392834659712 31.935414138502 32.4719875996332 30.6034206438857 31.4895668274621 32.3466383279992 30.857323950638 30.9698950501852 32.2441705867439 30.9342864808109 34.1404041289275 36.1022520294011 32.9771590862261 32.5693222424053 30.5252874385526 29.7940132382181 29.72511600652 31.3751307763602 28.3239866794517 28.3335226088211 28.8942296368172 33.7899510304429 28.6491136150617 27.3325136223927 28.1476521666856 30.4756964059671 28.9423665460983 46.9635231489642 91.911208594483 62.0009804507335
25.9287081219911 25.4966104566617 26.4806625827997 26.2125782640128 25.7279513242942 26.2172556956173 26.6764030178584 26.8095803061447 26.7342380709028 27.0532664720668 26.7903996190864 26.8297820873106 26.0393899799652 28.3488619336983 28.573743629793 38.9353731900486 34.9955780379006 37.762131526907 36.6407922868273 34.6193504470762 31.379827179556 35.8767413232513 33.366243029239 31.8563407730862 31.7811744052797 31.1786366971662 31.4664476064541 34.4258632036889 37.5724459482378 33.1796003997713 31.852118038646 30.1498529207503 29.1712065868977 27.9607369027219 27.5871810153185 28.5466848556717 31.078543308819 30.0698452694921 28.2734000766741 28.9818319406139 30.4558683569111 30.4614574712808 30.5475061098793 33.9480019506381 33.5690500536384 31.3170606643212
25.7349650601856 26.0772566846051 26.2145689489239 25.7464706427891 25.0476741364147 26.1495358383947 25.3882150981629 25.2393957108962 25.9381947923202 26.6291686283044 27.2489713400166 27.403287559634 26.7156693316236 27.2736672226918 28.068531317068 28.5521367487282 31.3534950235989 34.2996082154717 33.5085108207059 35.7284361855626 31.2179793563672 33.331820296474 32.1038786019528 29.6545573954147 30.472431517698 31.9830324208182 31.7821292023995 31.9422855028135 31.9726096555621 30.3740957212217 27.6298502924086 27.5257081986429 25.8885152911814 25.1025020335704 27.0348821398018 29.2481606407792 28.3207427833113 27.3717444582431 28.2861600757864 30.0633293624256 31.3559011915325 28.4199970409886 29.7349210200725 28.1565339008549 28.2244551971048 31.6272255937986
26.3474794144587 25.6658662640644 25.9045448942601 24.0403698936492 24.857438184566 24.8337081421717 25.5857232168825 26.5203593276474 26.7857471165173 27.2736891105732 27.0878313632219 27.0982015994085 26.5921543169761 26.4754151513248 26.0086911831871 27.4102607013552 29.4779799385217 30.0324544741169 30.5270790578589 31.3562927820963 31.2831409252797 33.1585496586375 31.8314508835606 29.8461935233904 32.0132450733777 33.8921807744516 30.1524319858331 31.632871793895 29.8091189563049 28.6274391668868 28.0194065518889 27.6325030363138 29.6036411201431 29.1870152496055 29.7968773017807 27.155906134442 23.9782271164944 21.7133788379058 26.2448703475232 29.8099874821741 29.2725647120729 34.7738636176215 32.9729577008511 27.8685051962244 29.5376934677403 30.3575837341826
24.7022549329281 24.5336395603556 24.7230204817831 24.2906331607244 23.8919014581791 23.8148788155199 25.7421953515376 26.5686770117483 26.6331191774205 27.2511703498235 27.0591688732931 26.4126713631632 26.366210443225 26.5695231915916 24.8142516706404 26.4324375716744 25.8372307646866 26.7938274705164 27.9880575596744 27.8017805723775 29.1434417209097 30.7702778505648 30.7663917931262 28.7181476559905 30.4099818393273 29.6264456879563 27.8375713141052 26.9311620098146 27.7716557385885 35.4110609619754 29.7540341127894 29.870665021277 27.9622550512016 26.0989225072055 23.8874873914982 25.7085241155685 28.8009795146383 29.3684957202879 26.6533325162558 28.6388167392244 28.3309162118559 30.0206924024554 31.545130299621 37.3171802629019 29.2394249666155 29.4830153437889
25.6368392983178 23.868117754685 26.1777002238733 27.0973750078336 27.0579031658623 25.5455226521917 24.0010645295576 25.5913914820253 26.3627204240558 26.6584379751889 26.1927599895414 26.4666512323461 26.6079877793294 26.3219393455463 23.7652573568275 26.0407237005166 25.624265807079 25.739582117795 25.4188676997047 24.7133710723124 24.7580552192899 23.6745554311583 26.4671403548305 27.2660306515805 27.5925224126847 27.5723174471551 28.7643826157792 27.2450271166183 28.4189543268355 33.3356712594554 27.2482815827964 25.2450685760138 23.0526402075853 21.8446578083461 26.619922777522 28.6822389312232 27.5023398688158 29.0697238311721 26.5595565338191 26.6321842018672 22.8414960148232 25.888218191061 28.0944814624033 30.2404910788842 28.4592779238841 30.9473463668312
27.3155146099791 26.8210710713357 25.1776707397088 29.2784191132068 62.8334225845823 33.8501465701236 26.6062816758784 26.497332259377 26.2806486673309 26.7017233869779 26.2879663832269 25.3064831426232 25.0994847595951 24.2801318332473 23.5177466972589 24.4917680855529 23.8908997022929 25.18368259496 26.2653919479383 26.2053858626706 25.2928230526579 22.7180828416913 21.8640834918213 21.9262943857175 28.0403362604244 31.4346946163018 41.8234965077786 28.724987990426 29.8195218538221 89.2508149237236 31.2505713130145 27.2599271456241 24.3316685569694 21.2243563806346 22.800703529766 22.2541965991613 19.5534987600845 18.3213460790094 19.2897310544438 20.9975095473085 21.8657694761026 25.8464384763287 27.8367991764077 29.4487075654743 29.6556871180693 30.3964387850448
27.9528463325556 27.5847351888373 30.9177248122081 29.7902537422888 35.7064742491119 70.4228148930288 34.7437081993714 34.8718078574689 28.6599565419233 27.3582268573557 26.5772671908682 25.255741795022 24.3578400091904 25.2701325434603 25.8313208037809 25.0664074152539 24.287533833157 23.6548182548169 24.4781865098648 23.5114767728703 22.8178429124677 23.8903524884815 25.6893962659227 25.1610370969207 25.6675288309364 25.369208221815 26.2867639471817 27.3635864636652 38.8108776814821 120.187685429051 44.8627276119038 36.3170845031652 26.9045069599461 23.9340925404354 25.7114749037797 23.5213052635505 23.0211646042559 24.2552328166448 24.9977438869511 24.1058068320655 26.5043325286697 27.0294216381712 29.4214384173804 29.033873623368 31.8219813651686 40.7398790311363
25.5668040309663 28.2382675180933 28.62902650397 30.0714851325441 29.4812911733733 27.5680025636738 36.0822375906435 93.1488786614564 35.634636817595 28.6357036090925 27.092080419698 23.4165786360783 23.7373804001815 24.6475051350088 25.4526518980317 25.5109190240125 25.6379804492856 25.3407355803762 24.9576588537054 24.6171967197287 25.8861137555104 25.7085280656336 25.2907792213784 24.2945186495444 23.4870742072495 22.6573111995277 21.681316802689 25.1507833750459 24.2258042939036 24.5933300018087 25.4799539719603 27.3885898144545 28.8777019789024 26.6668572843335 26.8063057814086 27.2113978694982 26.989015875468 27.8602089283668 29.1064586838375 28.3088506153853 27.8102219352297 28.758506190741 28.0561184052104 29.0391442661341 28.8458322922049 29.9025866842215
27.4170853007313 26.0485657250237 29.7483205972832 26.5892297653785 26.6921028355041 29.646803441494 33.4902302635407 42.6094874113662 31.9202603580247 31.0767426076228 36.1116330636483 28.7379911098796 26.9570345860881 24.2931288991409 23.8905901360883 24.6371783934182 25.4721806497957 26.0612033570258 26.1149612807739 25.9852058821741 25.0863264145744 25.9633358224328 25.0746509036671 23.6526734886374 22.689110648617 22.0643568932062 22.0256983197749 23.2996095204367 26.316431069278 21.8129327809379 21.7696871222403 23.5091293619123 25.95978952709 53.5847878136223 33.9379586052759 27.2388818832129 26.5063474081922 25.8879656641887 27.5148381215852 28.0814549722874 29.4291058628174 28.0750347468373 27.6396933600886 30.0195238238105 44.0566613181562 27.9879196600702
30.5376564417988 27.5980025020854 26.1231615268044 29.0708521949312 27.3204027044104 26.9347866208467 27.9229389892049 28.8347372857089 35.0441848263862 39.174949314212 29.0968846127355 26.6404985283488 26.6768783297963 26.7572986598304 25.7146512348291 24.1632709620238 25.1615703764282 26.0034015685446 26.0483858443851 26.5702877542631 26.0774479563964 25.1699694790214 24.2518667283523 23.3428381460903 22.368743198066 23.4133182792991 24.2453114289857 23.2726139621321 24.6605254336572 26.3699424619628 26.3881919869504 35.2855562701189 31.0419309040951 30.2855793134078 30.3293090963496 27.9416144207941 27.5263953072168 27.5777152373689 28.1468400361091 27.9895719938297 29.1837313435538 28.2849402629999 27.8014505028278 27.4212728519441 28.5181208657888 28.8858215616373
