IBR/IBR_outputs/all.combrep_1/Silt_Total.VRM_Total.WeatheringIndex_Total/Silt_Total.VRM_Total.WeatheringIndex_Total.asc
NCOLS 160 
NROWS 95 
XLLCORNER 210004.651214014 
YLLCORNER 7350008.22228844 
CELLSIZE 4999.99999999997 
NODATA_value -9999 
[rows 42 to 62 of 95, columns 92 to 137 of 160]
16.1385336653615 18.8711448129114 20.8910997767057 19.7964977705266 18.0997168122194 17.77103011568 17.7850465639248 17.5749218563628 16.4609742495523 25.0496749284617 28.5201145843241 25.8995024399677 21.6363546320027 21.3149759167454 14.0680855943015 14.4470867137609 15.5259129656881 14.8549622480609 14.0148659749066 14.0030128872679 18.1287428924115 28.7410652380142 22.2459886253791 17.3552412004374 17.3405014353781 18.352746644739 19.2761932179084 19.0142245151348 23.3653872550641 26.1364305536898 24.5534594610275 25.7915185137829 23.6954928886195 23.7658654858518 24.9761048056452 25.6289290377018 26.6584789864621 26.7633665259856 25.5624434083833 24.0351418239854 19.3714878844161 15.0833057267583 16.0746626564145 15.7267682371069 15.8319695523459 19.8500926101141
17.6420943756321 16.662810333077 18.008439761255 19.1918838238321 17.9065517086943 16.3185943244832 17.1927506643 17.8637778009533 18.0743674631181 19.906159685506 22.0434388784692 22.2095393401432 18.0003170708768 16.676308090749 14.9536010844484 14.6946489929228 14.3520060343279 14.6063557199803 13.8077545169971 16.1309594748595 22.553867319853 26.4186585028297 23.2820462585617 18.2667792321972 17.5653441525658 18.817720441237 19.2345319795118 18.8240594447247 27.2237614779159 24.9435571836409 25.7406315956271 23.8516150583523 23.2984689972892 25.598744435973 24.7033054573222 26.78450522433 22.7770857663518 19.7109074370827 26.699905754097 25.7268768361022 25.7456124066228 18.2193411238202 17.3356662099717 18.011596839411 15.9777873066939 22.0380954871061
19.1274920182952 19.6976895907585 18.4706028618966 18.5507159286716 19.6556780989818 18.0591925408813 17.7091245272022 18.1777638484249 18.154634881341 21.5997606068522 21.2581109345772 24.40866061592 15.7183441534843 14.6952623529777 17.5140623148624 17.2664348238612 14.9281024612762 13.6644368991775 16.7680973093983 19.5422834749041 23.6565646710381 25.9654574420444 21.1609389171463 17.4999889495736 19.4627209856346 19.0944150666632 16.8087560412591 21.2032513800002 26.0483620657338 23.1286913676781 24.5829166038265 23.25724270615 23.4935752751746 23.9207843842529 23.4592420468751 24.161950211226 24.4660934016888 19.0566566059252 26.6817074634976 26.3193625096672 25.906455509839 22.2963140277221 22.8046945682379 17.6968251009843 19.9523407749425 22.6435447167447
21.1502937992937 20.214199029612 19.6409484718653 19.0350375861564 17.9367398428187 18.0527490413639 18.0823192702283 18.7159059377174 18.9897080215224 14.0081880448677 16.8367453278547 24.4098319849184 18.4618550691306 16.3260749569605 17.2996544131131 17.331893898389 16.9097503238146 18.1970678593965 19.4874591636785 20.2942278623155 24.4083751442257 25.6058647610578 19.5330649439873 18.0397317513636 18.1651004214371 16.5281804484963 18.1454075136951 21.5069958573578 17.1069803105869 16.7643493774437 24.3340060412385 22.1745641137956 22.0562146453197 24.1523937113072 23.8286465205788 23.4286662078061 21.2491996415839 22.427825282321 25.5660110708097 27.0435160010227 28.0884863088553 25.0448175281375 24.5220312432433 22.9755103619446 24.621128465346 26.0978853048637
22.1567999466062 23.2661545853644 19.4733324917856 19.700116626855 18.2134448990649 17.2773849483325 18.5721482017021 18.505985959287 15.7548850169936 12.9391977048595 15.188751060143 23.1114520321456 18.5226072622697 17.9780261389439 17.7567374031448 17.9594393221114 17.5748243715378 19.3976564157418 20.5373771025793 20.4172986923029 25.2800035862596 26.1189186607894 19.2284597379254 18.9129416428266 16.0027851703538 17.3128771278073 20.6469935694964 19.4838880125115 15.2530647173009 13.8270584468182 18.2458422401017 22.1578200916936 22.8467289321244 24.2312222070361 24.6855534827244 25.5147531618452 26.3303643356125 25.0869244226954 26.8243865711688 25.7864363664566 26.1723691080792 26.4905653300533 25.8418322518246 24.1827710633413 25.9667763083254 25.9833029093111
24.1630384917501 26.7486485282147 23.5315549340761 19.7028351492639 17.9644993888866 16.8301728165163 19.1468740140518 15.6936822744756 13.1777962967348 13.2884428409156 13.4745750280379 23.4431925819169 18.9575571041795 18.1590670939841 17.8386691650954 18.1924898832214 17.3417707019746 19.7924028857917 20.3601018510464 20.2672707251939 25.5088105613308 27.5112954255687 22.4804032445884 19.9695358799775 18.1918464815733 20.5644412601881 22.9213646643362 17.8122854588284 17.7551154475632 14.8246902956186 15.9857296167011 23.2948235684256 25.3653144328334 26.0915796887171 26.7057059932563 27.1710013539511 27.2339045119189 27.1163170519401 27.1143870952655 27.2233034313327 27.689081419621 27.6028993905199 27.0015085270256 26.6721678102557 26.5071990832585 24.5429535778742
24.5366813850218 29.2076144733499 29.0465204444619 23.3189597205216 18.1274049367367 19.0930168962437 15.3282526825849 14.8765118331765 14.9240673003619 13.6202216491891 13.5753823538602 24.9224221214001 20.3398512551889 17.8380295815947 19.2569194148535 17.4978276684492 18.2220482342641 19.5799736429587 19.4103848124895 19.6261306341261 23.3764721286565 26.1173885986558 26.3911714024633 25.9293904594958 23.9439152057166 27.6608918328247 18.6901941378611 17.0667687906191 19.2030554516211 20.5672087455667 21.3629745152252 24.2461149090581 26.6508513613696 26.3954422548243 26.6731488579224 26.4391677651357 27.4154821305894 26.9368783396259 25.9721193316475 27.3199491279451 27.2122052644761 27.1999123790302 26.6690214406581 25.9804009142957 23.9913311495016 25.3253431517779
25.0329626041342 33.9512309115463 36.1548292883612 21.1562439059717 17.7193504132654 22.1972007049067 15.8705584869162 16.2566517650115 16.3315132671449 14.4117008433658 15.0632488435512 24.6979820670405 20.4987905146363 18.5740420044404 19.1638431129839 17.7213372390299 18.5750766357043 19.2518753141293 19.6528731932639 19.7292488055548 22.0381572880408 26.1255521612017 27.7593864846079 25.9780176789024 26.9610602079616 21.3180545083504 20.6772055673836 22.2143047385407 22.8991042738874 23.9902546592047 26.0835577655985 23.6394339261449 26.5639222812871 26.8811978535501 27.1549472453576 26.7166312416339 26.8768450202163 27.062281792086 26.015733301921 26.4303594774064 26.7725764872721 26.8519077021155 26.0855274215447 24.1150757425953 24.6679774260751 23.2253476736893
25.8731234086614 34.918234609961 37.7830652456987 23.0755763540674 20.0968979912367 24.7924287483049 16.2321212567906 14.9732612767622 16.0982001478236 13.5328991044434 14.8881576347594 22.8975005792549 21.1066464837217 17.5861493168596 18.4376795425318 17.4881379887967 19.0804454735941 19.7612817111634 18.8802603432455 19.386656516899 18.8101720761569 24.2638733283584 26.2570386704687 26.1677054221758 27.9360744279278 35.8740149369976 37.179199792745 36.4105175050526 26.3223632978255 32.1776826843261 24.1769216175523 24.1842119797859 24.1128368043466 26.8907451139001 25.9469243988393 24.5097132776818 22.7800606784693 22.4782747251982 26.2451697585794 26.3053498012361 25.9227431370603 25.9042424954072 25.7562716356715 23.9441557578457 22.7399125328033 22.4039918144858
31.4147750202665 33.628641318107 38.5416768168948 32.5605557932369 33.8655409797188 27.7672314809062 22.1539550610042 16.9841091251752 16.0153810378943 16.3542294476181 19.7776819435204 24.1800672049846 21.1518531061251 17.3019527364766 18.733002699685 19.6876012293825 17.8399945070496 18.8450047688452 19.3132607408199 17.9382853909191 16.6316044578284 16.7662715251764 21.9206317782859 26.6241150508578 37.9002972841002 38.477740878803 38.7156543706072 37.7731445383114 30.3575959117979 36.9973688147949 22.6429875869268 23.3335939589125 21.1204522256332 20.4389819889415 18.4219847613739 18.4286965686569 19.6736034945412 22.820288080308 25.0223738122047 21.9816585922808 20.0883367455799 23.1656279301957 24.0455136315963 23.8075623174044 23.1882124138314 23.446341861607
40.9906889078088 38.9758590740238 37.8288479736161 36.1529958934091 36.3570422512996 33.5305119153483 31.8025652058685 23.2204532756616 28.4194356479458 29.7757873277923 19.7204850101173 23.6858079749438 20.4418469642727 19.570389895144 20.6368390108806 19.8344209922248 18.8824998772757 18.5319680057009 18.6358286461311 19.2036021124784 17.7800619095632 17.1623001445824 22.9436855896649 35.0136765904156 37.4694532378072 34.9770988180208 33.8760528903654 40.6719911783496 36.410273790403 35.0021135397123 18.0891016727693 16.088693087081 15.7915301730901 14.8087309425642 15.6714394047669 18.4366203093296 16.1861638122684 22.5943919079041 18.4053338431473 16.178268283002 19.9467844100747 22.9122418412789 22.5655264343706 24.0635715539352 23.4767159008023 22.7273189012721
28.8622730414024 31.3928071747722 37.3705000492701 39.3783509198018 39.3616872409056 42.1694705384453 37.7313869166362 37.5338436818507 35.3319607079835 32.8707642394817 23.9789973394829 25.419205159689 22.5411039721678 22.4240891004172 18.9310418999313 16.3983309224672 17.2065204809753 18.9190314912796 19.1824621733277 19.7231747148465 19.4875477666014 18.8265194172903 33.0517248490018 37.7418760355285 39.648417662847 37.2689981220201 37.3841092802701 42.3171905415271 34.4749509487199 31.1685591006103 15.1488814018911 14.0424379286859 14.1483697008673 14.5220796798945 15.6594823966591 22.2070427915492 24.6093225166142 26.1463612709782 23.7974106766158 24.109412602163 24.3527437140505 24.1224395144754 23.2885207928644 24.2560577303229 22.5176614091791 21.1257525172573
30.6041633841425 30.3528207331856 28.9572930165567 29.2313291948145 30.7753231785029 35.104464735894 35.4291373988987 37.8232228465009 39.6452065055469 37.1869305699781 34.8837932293406 31.786584026906 27.4557218525766 26.1556243803843 34.6080268794096 32.7385115606555 19.1150904500599 18.6366285028898 21.6610686344133 19.8388011360482 19.8905989579664 22.1250712915484 38.7708098489531 34.7897896894579 35.5251339752035 34.8449346338495 34.3598715135547 35.2478441809608 26.1346495760741 24.035585025557 14.3669105732407 14.0435285258176 15.4734629348059 17.1360143059145 19.1709317701986 26.3646760589022 25.0124409971875 25.779204683861 24.5433050191514 25.3698217764696 24.3850589679514 23.0601178046481 24.5968720802431 21.2553475217528 20.917405664908 20.1413588252973
29.5715780639565 28.9884110510669 30.5349958592143 29.3136061543471 29.3841933506422 30.6024480503353 30.8747466816083 31.4461532251302 32.6153550435415 33.2202552157856 34.2690479282052 36.0627060666766 33.4366785085285 34.200733487275 35.5598828172288 37.9565871162378 34.2681272204949 24.6255439901761 29.4867587418343 27.7164780333033 23.4806886810665 30.8338262200702 40.0864479717242 35.6137783975367 33.5743636772793 37.0664715557746 33.4523699475862 35.2739895191422 20.2899173583861 14.31722812879 14.3531067510214 15.63937832187 24.2686300134143 26.8164050977738 29.7212879327269 30.4548156602379 26.1160526667746 22.8775722490013 24.564179364804 24.771624337387 23.0988184952758 25.8498965848326 27.8227691190166 22.0159787797296 21.5224908393786 20.7311912232533
37.3622126776053 28.94728796391 27.9573004786982 28.0376478030969 27.7946173285987 26.9245564526996 27.4374062275454 28.3034739846492 28.0380241222295 30.6969460087869 31.1544099423225 32.5543759628564 31.180366444858 29.515767114755 31.6183078182493 38.5847117470454 43.0585698023711 35.5374875359936 38.4173968619096 37.0371028782591 35.1405522156999 33.1045788580753 34.2057780144866 34.8452611616438 38.6736580048893 36.5232580410932 33.5187764403074 39.5323131897067 23.2413450899079 18.6246446008623 17.2113019881885 21.8244846923448 32.2064171771286 27.9629535854346 22.9844925741582 24.3933700538263 15.9526700994737 19.1095272130385 22.1509450611403 23.4291875136419 23.7207437597388 22.9239999716619 24.5218139304666 24.3285552341266 22.2189436514293 22.0553330705537
32.6319045485859 36.0663107786789 33.095626221176 30.487295808607 30.2455863385285 30.8566164509605 27.4528330800496 29.222575863476 28.0350397452965 29.1205069462932 26.9440128729816 28.9085140359843 28.0979412834686 30.2197397873374 30.6154522983008 30.8717951580479 34.9491041239119 39.4615030793318 40.1534538624355 38.727998678594 34.6742654319771 31.2477786553483 36.8124152207996 37.8079792248263 40.2837423640452 41.5398668541621 32.5655109565844 37.3773345495396 27.8730382750448 31.4553269420857 31.2186994794026 31.6782518041666 28.0655325621071 20.5784436620482 13.9997634422429 22.6060404233363 16.4100825468235 15.9074991189319 21.0603450549691 22.3053744707827 21.7735678689746 21.13726930496 22.9269278493054 24.2468250202566 21.6569657053626 21.478463055669
21.4186522672689 27.7640809155904 32.0319063245173 34.69937201077 30.2824033846778 29.2652546356841 35.7545017116192 27.2721243214718 29.1059799007763 31.3809893545988 32.2609507754836 27.7025661583599 29.9470234692017 26.4935466922829 29.4139969854432 29.7471208130022 29.2666826557472 30.3541233628225 36.9373390744407 38.4569074525262 35.5972633120817 35.1382138580462 36.7768029760628 30.6678989894495 31.4328171635571 34.6162976277388 30.257422508358 30.929627621143 28.5002453719633 25.1670379947054 31.030357315386 32.3084649910764 16.8561655831217 12.971426031392 11.6523572135162 19.9805084451634 23.3162268558621 22.7073830638768 22.2519385142877 21.814916790988 22.2005525491776 21.2510240972506 20.3906033604496 21.9838703078198 19.5673697390592 19.9674242866475
20.1498023384272 17.7852989298429 21.7074566852684 28.1880392207679 26.4876442799647 27.1774448992352 33.1376860242106 31.3244125098661 32.3666488745424 40.5061146399398 44.2322484134837 38.1062028853407 32.7254001963741 27.6783887595546 25.1277493713722 25.7201213415857 25.1621582560838 25.9115156428143 27.9393078121071 32.1227213395536 29.6016938667944 27.6659917372357 27.7475646684498 26.8900779677659 26.1741960882402 29.2946212740713 27.5273251217646 27.3347285983005 28.9485446954971 25.0353496707184 27.8963093111668 20.9538753969247 12.6519191788653 17.2622605746781 22.3965545210758 27.0805211838035 28.7316082823118 23.4170099727407 21.591189509597 21.3114048110642 21.7994468062994 21.3475205068361 20.6942588663768 20.5641357692424 21.821840778958 22.3157208087995
48.9537522450171 19.0880394862272 24.0439612803408 24.2802805240713 23.3457239302149 22.1263401769861 24.2443997887161 28.1714681855107 32.9249600275311 39.9130528339036 46.8049869041753 47.6155724348951 43.048395857146 44.3863742596863 36.5410104203558 28.4769601674922 25.622976702136 25.8389644743345 24.9165169109256 23.2563515918334 26.4700481352898 24.8021951570216 24.0316954844219 25.8778423887076 26.7813723834582 26.5608269631707 27.0614510637581 27.0778918003673 27.1369090988744 28.7406170282494 29.312072921679 27.1155331992772 30.1887191067153 29.9471506104683 32.7777990592506 29.4382115235148 27.57807476339 25.5171154603405 22.1334240130101 23.5508573937535 22.4497811254613 24.5256089166723 23.8325096946978 21.1752634917338 24.4238909495563 24.2381657780156
38.5141831722621 34.2705233121447 66.3184802407852 31.153874671646 28.9122072008439 26.8176673993668 22.9220329410102 22.7721040857822 23.4400228301772 29.1470889694353 38.9035603575895 38.8768285475927 39.4478703935465 36.2577645649707 37.5828207500141 40.5485552866423 43.804967371716 33.9110567075329 30.3985804837709 28.1886138090731 25.3445816568946 27.5864716620328 27.8596212217065 25.0622317541114 24.0155809645131 24.9311467052749 26.4407634396209 27.3409536815284 26.5000953411714 30.0065742403633 29.3431676593664 27.6963996982392 26.5110222150758 27.3053990845482 32.1816691765563 29.901930148516 25.9504665957904 25.1810519177731 28.9024388281138 26.5131761182643 26.1857306808061 24.2906117778264 26.4705547719539 25.6821277323993 23.9640468251415 23.0246998745794
35.8410150414104 42.3428849770747 69.692970955058 73.4752961534324 64.4316026154149 30.7233199063777 28.8896247973729 26.8090362618818 23.4422052552988 23.2652462540163 29.8674006815191 34.1014770372503 34.564476704829 33.368175729855 32.9197828324388 30.9937548348317 30.6761294928584 36.8725507713284 44.8918758507075 41.3495806838794 35.9811991961164 29.9159534464139 24.8803762178811 29.8120127581544 28.6575606285768 24.1428022249435 23.1942472422999 26.1133815294501 26.703569664686 27.9866451509711 24.622018201942 23.9021162139911 27.1814972753754 28.1784863369753 31.8993233457429 31.2737903580996 26.2665675285917 25.9391898940499 28.3909377898891 29.1263294753572 28.1288883724888 27.5218804405238 26.9667909137803 26.8713536286367 22.9232625281974 22.0279573545483
