IBR/IBR_outputs/all.combrep_1/Silt_Total.VRM_Total.WeatheringIndex_Total/Silt_Total.VRM_Total.WeatheringIndex_Total.asc
NCOLS 160 
NROWS 95 
XLLCORNER 210004.651214014 
YLLCORNER 7350008.22228844 
CELLSIZE 4999.99999999997 
NODATA_value -9999 
[rows 0 to 20 of 95, columns 92 to 137 of 160]
-9999 -9999 -9999 -9999 -9999 -9999 -9999 -9999 -9999 -9999 -9999 -9999 -9999 -9999 -9999 -9999 -9999 -9999 -9999 -9999 -9999 -9999 -9999 -9999 -9999 -9999 -9999 -9999 -9999 -9999 -9999 -9999 -9999 -9999 -9999 -9999 -9999 -9999 -9999 -9999 -9999 -9999 -9999 -9999 -9999 -9999
-9999 -9999 -9999 -9999 -9999 -9999 -9999 -9999 -9999 -9999 -9999 -9999 -9999 -9999 -9999 -9999 -9999 -9999 -9999 -9999 -9999 -9999 -9999 -9999 -9999 -9999 -9999 -9999 -9999 -9999 -9999 -9999 -9999 -9999 -9999 -9999 -9999 -9999 -9999 -9999 -9999 -9999 -9999 -9999 -9999 -9999
-9999 -9999 -9999 -9999 -9999 -9999 -9999 -9999 -9999 -9999 -9999 -9999 -9999 -9999 -9999 -9999 -9999 -9999 -9999 -9999 -9999 -9999 -9999 -9999 -9999 -9999 -9999 -9999 -9999 -9999 -9999 -9999 -9999 -9999 -9999 -9999 -9999 -9999 -9999 -9999 -9999 -9999 -9999 -9999 -9999 -9999
-9999 -9999 -9999 -9999 -9999 -9999 -9999 -9999 -9999 -9999 -9999 -9999 -9999 -9999 -9999 -9999 -9999 -9999 -9999 -9999 -9999 -9999 -9999 -9999 -9999 -9999 -9999 -9999 -9999 -9999 -9999 -9999 -9999 -9999 -9999 -9999 -9999 -9999 -9999 -9999 -9999 -9999 -9999 -9999 -9999 -9999
-9999 -9999 -9999 -9999 -9999 -9999 -9999 -9999 -9999 -9999 -9999 -9999 -9999 -9999 -9999 -9999 -9999 -9999 -9999 -9999 -9999 -9999 -9999 -9999 -9999 -9999 -9999 -9999 -9999 -9999 -9999 -9999 -9999 -9999 -9999 -9999 -9999 -9999 -9999 -9999 -9999 -9999 -9999 -9999 -9999 -9999
-9999 -9999 -9999 -9999 -9999 -9999 -9999 -9999 -9999 -9999 -9999 -9999 -9999 -9999 -9999 -9999 -9999 -9999 -9999 -9999 -9999 -9999 -9999 -9999 -9999 -9999 -9999 -9999 -9999 -9999 -9999 -9999 -9999 -9999 -9999 -9999 -9999 -9999 -9999 -9999 -9999 -9999 -9999 -9999 -9999 -9999
-9999 -9999 -9999 -9999 -9999 -9999 -9999 -9999 -9999 17.7930041864139 16.57328810175 16.2321116586202 17.2090654858866 -9999 -9999 -9999 -9999 -9999 -9999 -9999 -9999 -9999 -9999 -9999 -9999 -9999 12.5757095192408 20.1678832469891 28.5380738155342 22.1864830159817 32.4498478859653 15.9143652311963 23.2659426109761 26.39807134434 32.203575423729 17.9232708502634 18.3936505692394 16.1835692700004 10.9162708074912 9.53691256828606 10.8341278842323 12.5330124755355 13.4546766150165 12.4350719330523 13.1300200425253 10.8400139705312
-9999 -9999 -9999 -9999 -9999 -9999 -9999 -9999 -9999 19.1164556936118 27.8916332180015 18.04984088344 24.150346349416 13.0481234586547 17.9916701280207 16.0210516018664 16.3709823666792 14.36546935465 -9999 -9999 -9999 -9999 14.8788776161493 20.029055055242 17.4700899329165 19.1412036398983 25.9917861169369 25.2753832970585 24.9932050301696 18.8739700703188 16.3092533838883 12.5752156039617 18.6737414951052 17.3739748517354 17.5553936208117 16.9712458039018 13.9013516954903 14.3532889595073 14.7060250046736 9.10736018213853 8.95618227238769 8.97860192854441 12.2513712873847 12.2263640038582 14.5298766480849 12.6398649940475
-9999 -9999 -9999 -9999 -9999 -9999 -9999 12.272033888782 15.0835427198407 18.0582827937151 23.0587994137425 23.4167862188935 33.4262241267987 41.3822087324554 43.112339796363 33.5203800775407 30.1727388407641 23.5254662243802 16.7650599751067 -9999 -9999 9.52022251485655 14.9779917349672 21.4205408528277 23.6055930506885 15.8793058679518 16.1378503689354 16.0691256067239 13.3872677465478 11.4581238930324 13.3734753837125 11.9626099898188 13.4369364151808 12.7773667350861 14.78225960678 15.3171452091746 16.0884518402674 17.8482638986265 14.9858831394358 13.9538908007766 10.4063327678427 9.11242467326917 8.63706994265883 11.4194158920917 12.9947158320852 14.9253929734626
-9999 -9999 -9999 -9999 -9999 -9999 -9999 14.426453385737 20.8682803542293 44.4772069419179 33.8671451667054 31.8460481170159 41.1135790955162 34.7503655183419 30.3508856116698 27.8358072862091 28.6111312050079 27.3222883522386 19.0241550009087 17.4568791068632 17.1703204501794 17.6022319769359 16.8375001418221 14.6000117569071 13.5144377744506 10.8995540275625 11.8388958423451 11.4383028040583 10.0889667404378 10.9619249646643 15.7028658102229 13.596007051108 9.12749225075823 12.1294942833206 10.6956066333794 17.8334958196034 18.1817206829677 19.8239308400541 14.1811048677594 14.375444619792 12.0343337700077 11.6069679058292 7.88711202741087 10.4691010407616 8.48087698317257 12.9253473585716
-9999 -9999 -9999 -9999 -9999 -9999 10.6171028466178 20.8081166862301 35.873793885492 40.8753019035511 43.4293280661027 30.5112487098588 36.2393512005694 42.6934496513907 36.2254307830948 30.8713049702857 20.1894604580564 15.5687048317306 14.6377280359232 17.8973155878876 13.4971246277995 13.3950891467302 11.1637641534185 10.3195685258559 9.19427028029755 14.0873281354415 10.1503831654976 10.3012914217805 9.4569559742399 13.353298436784 15.730350286649 12.8799790602115 8.61926923038752 10.6119842113728 16.4914595208004 14.1576903917902 18.2373400236205 18.8819177509647 13.2676300684792 12.0821406036377 14.6350255170891 10.5267084614379 11.1646754160611 13.0347683200186 9.61924603297838 8.59009689407911
-9999 -9999 -9999 -9999 -9999 17.8817513298355 20.6371873469948 33.0978120694104 40.7093025972038 35.5678132462409 34.6375262632731 32.2349013531433 41.4462498264661 44.9427649150605 38.5843146341356 26.5048774834844 15.6730825793813 16.3450344418659 14.8170401679715 11.2307060885543 10.6118053746078 9.96816404800583 10.1781223112778 8.61424593217325 8.83719545588732 12.2493072462763 9.80457355891213 10.350360454341 9.2443555859167 14.611954737199 18.1630370035745 14.073545339814 8.72761213318555 8.12398391617851 11.5829494121201 16.8892791188207 16.1143844078609 17.4398743834847 12.9585257063385 8.28163848947582 13.3137422668007 14.7389143264589 12.3426074373172 12.3683575176232 16.3363110733498 15.965277173106
-9999 -9999 -9999 -9999 16.2781527758552 21.4601979600301 12.434505914356 21.4917795176874 33.9665156605919 39.8903789933512 34.4456132186783 25.2869060776294 46.5885804111206 46.551933924683 42.1417970637026 31.8838504917419 12.0616738540203 15.7093199579037 12.4845448156629 11.1943419360769 10.7630294301145 8.93284465468209 9.90119345807928 8.1972002685936 8.14217871462238 14.2829734560894 13.9365944264334 15.3769255574407 13.8752236212135 9.9551529732315 15.8487948344065 13.9774396130186 13.1721314412261 9.28970838406123 8.93518665400379 9.45682593541341 8.89553206001484 15.7214846694432 18.8311863785394 11.0103685779883 10.0647331705258 14.6300046264093 14.2223682587259 12.4785068928896 13.7225475687653 19.6566194677316
-9999 -9999 24.020508339037 16.6585533524453 16.3418909901981 23.0966570269777 12.1678504444256 25.5858873707015 20.092376198115 24.3763798110694 29.4289108463323 26.7851512263568 37.0852671480837 49.0774551416874 46.4208537755415 39.0220150523899 17.950189291649 11.1942620535728 15.2789970116092 11.9926404254037 15.2057973295169 11.9445952105184 13.532751840191 10.2077753784778 8.98599353786923 10.5731128196315 16.3504347896964 19.1673514821125 17.0714132493003 13.3128770398179 20.027529892724 15.0225130983401 15.5092489143907 9.17630233879398 18.1677155506416 19.2575984021265 14.471180499729 16.0121914254733 18.1187213080492 16.1521946836175 10.6432508857401 17.9412606095081 14.0218962877614 9.62327880346615 9.85737631471128 19.2423822608779
19.4884303875671 21.7981104552571 21.163989168148 20.3406667928805 22.3736944520392 21.8479074814886 22.6749440122007 20.0983102865855 19.6827202519178 20.0981014820077 28.9635363926302 26.2639535545311 26.3707031018824 30.3262615635239 37.2078626974909 36.9621744534882 31.6085425822295 13.8759159818515 14.9246497374007 13.7946744852226 10.9633711224624 11.6719577561039 13.2609500093019 13.2378979159823 9.30242928870133 14.2348281564598 17.9158244712122 16.042329847452 19.0430085591646 15.3418697394907 20.9195112551661 20.2338167993174 13.6348178741342 11.4368496214499 19.3433093723575 16.9215316175515 15.1759629042162 18.4582743449743 13.3792551306323 19.3344141001493 16.331384189449 18.4269572958339 17.4546074268909 15.1132371287453 9.25058110400627 14.0273863228967
18.4869850106856 18.0581555304708 16.7856501872822 18.0840011664417 16.6269434196848 19.1435147723465 20.3801653795117 20.7096334772593 19.4015192122069 19.9596420795036 20.7129877917729 20.3316598307641 21.2459117422723 22.6714277151198 23.6831083492074 28.3748760011974 25.9566530205602 30.4608683894887 23.5268534093313 16.2112463357459 14.3988233989986 14.9624256748816 15.218611801306 15.5975717235793 13.4477169081604 10.8792867864032 15.3993554176784 21.8908254873608 21.5562125058736 19.9143306668246 21.5776890295982 15.0927178195512 15.2766959960662 20.8173605775108 19.5309112738575 12.4204936626068 17.3925244126728 16.9933533529896 17.9624298482 19.8944569499368 18.343923296113 13.8003711730328 13.0688836177641 18.1714921349411 13.1061689607999 16.1461002930353
15.7361021458091 17.5783345279102 17.1242326701543 18.6611064362808 18.2228908832096 18.7100132527502 18.9824469507907 18.7111039721039 17.6821265312606 18.7956961523885 21.2012876375357 19.2235677113393 19.5168326787548 21.0673251699502 23.132933004026 23.6813210213616 23.8057268086637 32.8408905409665 40.1991010558015 29.0027856119951 19.5670242817726 20.7901536356085 20.3654966967175 20.3969321981787 21.0103580678113 19.8862248430135 18.329066888256 20.4092517239148 21.1396230764162 23.2592960224806 22.6027709098303 14.6968396371556 20.9708631321827 20.6731364744517 20.5434475216011 19.0339054986019 20.8306337409904 20.302499494472 20.8331773509749 20.6159356493304 20.3962300504033 11.602507086668 18.8397415876135 18.4086197340816 21.1647505529301 19.3180045497165
16.9819553402314 18.2340207468713 18.6884154682129 19.694572220911 19.4390360619176 19.4096142277245 19.9306341137093 19.7216047766126 19.9689227330134 20.9224827487422 18.8550776288244 18.7078451904685 20.0893253138172 22.6430117722646 23.3535093000896 21.0294613339648 23.4012701800539 25.8179255367227 29.6570696453905 42.1019303623882 24.493721665392 21.4701129721062 21.1116117632236 19.4865589924777 20.1955892067667 19.0748507429327 19.7055217446767 21.0740528859382 24.6396296450516 26.7681374898355 23.0012579365246 18.9501758675376 21.5008586801078 20.9341224653748 19.6739235479796 22.2635200185864 22.2746793376998 19.9004456628483 19.6616533355295 20.1816008509168 13.8251966636958 18.0804890566948 17.2124675183264 21.7566596597613 20.8390433246196 20.8135271620085
18.2115825233146 17.8702852376491 18.0711152866575 18.8644653719165 20.0458127952285 19.1208934909451 18.731159966337 20.537175790751 19.5620735203248 20.814290246276 21.4047463434203 20.6276001052138 18.9217200279507 21.9025163457049 22.32804101363 20.3278015592105 20.6713853864713 22.8132496605723 25.9623258496411 27.0387748935833 34.3578807848608 25.8011346518523 21.9171116039074 20.8304342733851 19.4387719093841 18.9510383069959 20.511726061511 19.9204781633969 17.8669246017559 22.7449633778701 26.4705568315936 22.7914620612635 21.5224501586869 19.8700331060008 20.3672732821468 17.1696466899188 18.0235485188642 20.8615351070566 20.5699295462311 16.3460738882339 14.8274644827882 17.9620817070175 22.1355932047175 18.194002943104 17.9745386596772 20.3221425297977
19.5000290770661 18.3709090223048 19.0682162040736 19.6467450372059 19.8815347897479 19.9077259833296 17.5829860596023 19.7979367296837 18.7296575962865 20.5320962348182 21.5997247535137 20.7466629487534 18.3070908502045 18.5876934974136 20.0990303575634 19.3970875501919 19.0372010399169 22.4842711665998 24.3868971204246 21.90191580857 23.2348282308999 24.7789978028947 23.4140831100463 23.8724386197233 19.8731025606723 17.4628154966462 16.1738151681242 14.2840001785937 14.8098161749804 15.0465512487428 19.5492863322521 28.3132938282792 27.5934079699987 27.5761191989214 25.3079489209335 25.6826588251499 23.222618254464 21.0228122243054 15.6586036008616 14.1371179053084 16.0929923989238 21.4272168621637 22.3690230613594 19.2743984530935 15.3737059228951 15.6745012291431
20.9604464027548 20.782194612486 18.3819540737558 20.3212146766605 19.8451523348281 18.5751828958679 16.5455082641403 19.9435634316124 17.0144296803222 20.327770689963 20.8018184234095 21.6021610318955 19.4266209886106 20.1329113941843 20.137789515527 19.7732113694609 19.8198788616527 23.4587880092243 29.1516213541146 23.9851866191863 22.2050618798036 21.426141849585 21.4527938673067 22.620589677354 24.9945388701207 22.4651368569594 22.005960315729 16.2287074065683 15.0816629867508 14.0483694725908 17.0733542677134 22.4391501297582 29.1393329805995 26.9913357573668 27.5068821922738 29.6545064440378 20.7768336861232 11.9709371852365 13.6916876552331 12.9778500247551 13.4017096681183 14.7939577577306 12.2216545397015 11.3222890618645 8.13252293884086 8.25339341698633
