IBR/IBR_outputs/all.combrep_1/Silt_Total.VRM_Total.WeatheringIndex_Total/Silt_Total.VRM_Total.WeatheringIndex_Total.asc
NCOLS 160 
NROWS 95 
XLLCORNER 210004.651214014 
YLLCORNER 7350008.22228844 
CELLSIZE 4999.99999999997 
NODATA_value -9999 
[rows 63 to 83 of 95, columns 92 to 137 of 160]
28.6938044861015 27.9139084515822 33.2560645330226 32.6786404218141 76.3709999744275 89.7116787614126 32.5493750454172 28.5946869441602 29.3106125825539 25.0574321579905 19.5563211165319 31.7638983283105 34.6182900442984 32.2868335173139 32.3180862520007 31.9424638006744 31.2700400726359 30.0730298440358 39.73785075095 40.0884683611689 35.2194284536499 34.3284732531224 31.8992343508653 26.2954292205229 28.8068327883925 29.2582848493083 24.2113669970363 25.2763241283429 26.7097622727148 26.9473513452286 23.0565502983646 30.7255463802189 31.137061127555 33.3915642421037 31.7338407327001 26.6504075518956 25.0626404926164 27.002426339817 27.264096341632 28.1515897845284 26.5966823067234 27.4897941300604 27.867415085123 24.6744351464427 22.2037034354029 23.139399891831
31.9441347629989 28.0555952301354 33.2085464794459 30.1962604978132 30.471595496582 33.7311086173686 90.0122125623062 75.3386189810888 147.81647768437 31.1651314174353 25.0880786863412 19.7636766781019 28.7382375800604 28.5435145073424 28.2127612638306 28.7563277018519 30.3310947619661 30.4610630732729 29.4651642567425 32.3530751153159 30.9603800365476 31.1910369276176 31.2716718414359 32.2699946261754 27.0916879961632 26.5899744137094 27.1389579752695 25.4099277718906 25.1850714304062 24.2339651187471 24.076478966156 29.1713807175348 31.2679673789715 31.3878924725714 28.2169603236489 28.2875339483456 29.9005480091912 29.5568591503955 28.21809142356 26.6626610150978 28.470004284352 26.6734752848991 26.4444873502753 25.0751720449167 24.026414095244 24.8744846907711
30.1985917322738 30.1820850189083 32.7336453508509 33.0561160525835 29.8164346685984 29.0970045971898 28.6588594870806 32.1093036901107 31.7041532564154 65.8795308783594 65.4869456815018 28.3355305949193 23.4819526754773 23.4184784080417 22.8829731825422 23.794303903795 25.6158264919898 29.2272870366104 29.588283186489 28.0502560947565 29.2814643863066 33.5332358897583 38.947914114905 29.5754067421769 28.150766862252 28.1934323812383 27.0101373077551 28.6545529707834 29.1366617062499 23.0663126309644 26.1111055245235 27.1414224809734 28.5049874538874 28.3801996349061 27.9783383899034 29.3424008510068 30.8193457002154 16.7815703769723 10.8661122680109 26.7468701464893 28.200282064328 27.9196624289276 27.6714674516485 26.5696616890734 24.3178809415663 23.7200971551838
29.4469796823996 28.0705551433338 28.2959066625871 27.680466488822 27.886581563475 28.4603326726933 27.9126525608002 26.8517007030931 26.8249701056343 27.4345635206123 29.9331336275279 48.113116115711 32.0738556642761 19.2548581459584 20.2225399345241 19.4364026326242 20.3535546410484 24.3292354634419 28.2246541016816 29.7445350613624 34.287851417083 41.5631809200606 44.4809215988444 33.826732272631 31.0577517106462 25.4572682668948 26.1202016719747 28.1966001735482 36.7445162306294 37.2873473141885 25.2901626381778 24.6055969525999 25.1348247901984 23.0222694753539 23.76757350889 23.0689990472498 19.8465939923428 20.0627256822187 21.3410486675549 18.7785648727777 18.9339420117443 21.5396811736494 26.893325990666 25.6131428134697 24.1889691450473 25.4513475814882
29.8864612835158 28.7793221819561 27.2990411897539 27.5464776968383 27.5986045123124 26.5239880585868 26.5297055173269 27.2790741678399 27.2963609331432 27.7594081901827 27.42431912163 28.6004351292827 38.7587177287376 27.2966037112803 16.5927289652449 15.5920003866413 13.926093463581 16.6088153946102 23.3481913385219 27.7652639823691 30.907957206319 28.7284774587733 18.7869087432561 11.7386526483983 15.2761375179619 16.6191896563911 15.8062142913012 22.6983045966706 32.5121757980166 43.0710094472906 40.138384880594 30.5294685917376 18.5390428551088 10.7084159736811 9.27271928345153 7.76075282696859 8.18976590719191 12.7504095990562 21.0269554447781 17.6754303906842 13.2707814677763 16.5842177044515 24.3874809633286 26.925620209698 24.9786983911222 25.3427536042983
29.6309051707425 28.5307409869308 29.069842782242 28.1621478291 27.6990353245576 26.8048270768507 26.5856071325223 26.6309608101533 27.1232552325202 27.2533385269549 27.4216309492674 28.2186314532315 28.4887689938255 26.2693999958877 26.6801207071202 21.3841746070159 14.9288304277113 14.0163505780625 17.7637341505369 24.8279897514532 25.2648770319408 24.9307490800306 20.3081336193215 17.2600270791227 13.6170372094049 11.3423214227733 10.3168051269384 12.0147103843151 13.835775499289 21.9842453762411 33.9226138908611 24.9389164165204 11.0061542277645 8.72807382607142 7.88929703062536 6.65320568711962 6.67907007422955 7.4020058148369 20.2497727140652 20.42795663738 11.2770136224606 17.2742960342075 20.7250146598711 26.7948456273401 26.9967862906961 26.443489893303
28.6308947541169 28.8872427079021 28.8043378999991 28.815806766622 28.6764976516303 28.2286673435331 27.314938900199 27.9584945825486 28.4952243145172 27.4280239775742 27.5746857448873 27.5011265656977 27.0284546896645 24.9140745285583 27.6896447148514 30.948546274942 24.5143473519033 13.2130234592774 13.9147470014788 22.8004406177367 21.1438473557268 18.612020225347 13.2170557330011 10.2679766910985 8.01190571934903 9.30663023359957 12.1064854669397 15.2223633253557 16.667259354622 18.3512319128582 27.457238212415 28.4214525201857 11.8544776164307 10.5652122622568 9.36759595075705 6.55772047273996 6.75388287908379 12.6982149055007 24.4045131426536 15.3994965247759 15.0363824962106 21.1632926471682 24.744757727652 27.4799368878495 26.1644603427002 24.9936591626496
29.4899415239128 29.9244857896885 29.8686466211117 42.4635431371302 30.0070627758977 30.9782984483584 40.547931993703 62.3676627280218 35.7813128559551 27.9039239483819 28.6116049421665 27.5386033093699 28.3117781076908 27.8550844363493 27.3890781238676 27.1542607144566 26.6542566214216 23.5972637377433 18.243908175276 17.4275676710181 17.1106922900235 15.0576211033619 10.5289904062753 11.5501298153879 11.6535060645506 14.6823105509901 19.2938711322217 19.7778474984806 19.1955960761555 19.7317605774949 20.699647640498 31.9962135189104 24.6998640445857 12.6443515289104 9.21028708445972 7.15201911442758 9.65805398542881 23.967115807954 25.6973708177418 22.1748676488349 22.5053253517117 26.7939929961812 27.1581010019587 25.4680356071715 24.4647599271444 23.4427329060134
28.2796631461216 28.687702949279 28.7228955151876 31.9645420502265 37.9319665387587 39.9722524371662 28.5317957534372 30.8719392803738 27.3285103635825 28.1578093884916 28.1982441138371 28.9399337303769 28.5008268054852 29.5894362675771 27.3921928701367 29.4718170795747 29.9585906811586 27.6185659866889 25.0698622356753 18.7920933702566 17.2408963702153 15.1531341830205 12.0675537012066 15.1136922459522 18.8891627811345 19.5545431277572 18.693106203501 18.0438787946702 17.6934216260681 19.0618937394029 19.1497461497118 27.5350854410908 33.1744962628395 24.9246534072554 21.2025745954024 12.1989992198007 12.8968295741067 17.4684730146692 20.1859437820026 23.5214670473087 23.1131091932948 28.8459685135449 26.0468600541588 21.0553801815678 18.7034497188099 21.485140726088
30.0355603348461 28.6926048597196 28.608158216678 28.7171705037472 28.4868633771815 29.3186062609549 27.5886167418808 28.1174924819743 26.8666224288732 27.9272204623759 26.3644920099054 25.8269877256215 30.4671118530393 26.714228751765 26.7131917456655 29.9541706342819 28.9202862735057 30.6052552379411 27.1039157888269 23.2900293628633 16.166696817206 18.7429607349033 15.0136686610542 17.2122007265745 20.049937661533 21.5102481713093 20.4300822036302 12.8853357304184 13.4248608597312 15.706630974402 18.0915020974299 27.7238072538906 31.1456117503259 23.0289859927396 25.1162002165058 17.66019776557 15.4907363599673 22.9883647407348 23.2755978312339 22.6415974071043 24.9283088998321 28.4714967636636 26.6684178118149 20.6338624872889 20.4055324910011 23.3418365230522
30.3677368761139 30.1257113981641 28.011919381823 28.380647924203 27.8111783051575 28.9522424501072 27.2725086050503 28.5493531507314 28.1215333063381 26.1922614329994 26.1911447850189 27.5725021630255 27.4146350889872 27.821220366918 28.2857945883772 27.2209391245439 28.0290673792914 42.1339103488508 37.6448402222628 27.7876484715658 21.9998910746397 19.0085020510021 15.727702886473 16.9793815236424 20.2702844881387 22.2620790257663 20.6266813914418 12.7429756194766 8.20202010884566 7.80110397895004 17.648093135405 29.06312121801 29.0368313459361 23.2054480747844 24.7210329895328 34.6749616303892 34.4592170119617 35.1948567140114 21.2257993479676 22.2407385393534 28.0238678598342 28.3757837829848 25.4469850734629 23.0611646597459 21.4682433088918 20.0362568955317
29.3961647602603 29.7856904081288 28.8587356801462 30.2011803947691 36.6732065059733 29.6529884262559 27.6615625561178 29.4419523247251 31.0582093751041 28.4151377491984 28.893319992833 30.1549129088559 29.0524268709092 29.6212447126094 26.0947591428305 26.4645704733345 27.6920691131797 29.4020039013823 37.9424245616257 42.7307493651917 29.0700064538025 26.7476240402273 15.7574581146665 15.9843989084864 20.9291648467639 23.7225906138152 22.0002885404558 10.2941819504358 11.1476817784823 9.83094635051977 20.2804680359667 28.4492744299193 16.3930577937103 13.3629615963118 10.311630957279 18.2120179656461 21.7863657673881 23.1142954696446 21.5402163373403 23.4117915035841 25.4848841910427 22.271512985628 21.1898306849816 21.7170058002129 24.9684831913705 22.6018421948055
31.4116169892196 31.2994885219817 31.4619394953108 31.0669845027934 29.8996623145224 28.8028095167492 28.2942474409636 26.8971397912337 26.9039538017871 26.9747004399492 28.733000625558 28.3097786748863 26.2718367740085 26.424111235729 27.2054096094067 24.8745384138184 25.7793474322612 26.7715226901867 32.5794475427968 29.6734601749599 27.0353102604615 26.3035087625751 20.562754000857 15.5383344598996 20.5047416464862 24.3071041413696 18.168612462479 11.4119257807161 12.5007712346897 17.1264547314845 28.3014706702049 16.4201765037855 7.37915284342594 11.2850107136424 6.92141204339911 8.03025860664291 14.533571630506 21.9294603509541 21.6733804589887 22.8589656684797 23.3132079717925 22.4091541224433 23.1595372952944 27.1753838688225 28.0846634219061 25.9357420816238
32.1941956670459 29.4336114502045 29.4425633317986 28.9970795087651 27.5753269589095 26.8610087939752 26.099834917792 25.9014424112252 25.4032167656318 25.8521520257386 26.4656513885604 25.5233969173504 25.8941686605508 26.0490361495452 28.1806898365624 28.7575313921293 26.9176910215107 24.1635855683605 24.0049848861596 25.7454339650483 27.1214468076919 27.9180696641195 26.2143301073337 25.1351187676752 20.3131535468445 24.1781531671103 16.3949059735181 12.3393616933848 15.693836264571 24.3145232678708 23.9888791088634 11.2013406435353 6.8940509973053 8.43584520634297 7.05268298708359 6.78213438650224 10.0046289362348 19.6580362753016 22.2909396832452 21.883654817863 22.505075311894 23.4570391070057 24.6787241806998 24.6776761256913 25.6503652554944 22.5606619222168
30.0498223255538 28.753560442822 27.8957918081641 27.4448471494267 27.0518758477789 26.0093518172599 24.4500022123955 25.8588683452213 26.4003115551249 26.0387546565407 25.6326214581914 24.4271989911338 26.4928145270047 27.8856533915595 29.4912212521844 29.7371255725477 26.422625096866 25.2444261543328 25.4214015070642 25.6623642345247 26.7334335683946 28.3675877707139 27.8672324122737 26.261410739234 23.8985413274622 21.6591576801361 19.8632203437227 19.1455078276281 20.8614355180121 22.4141933708712 10.6066372164318 8.73753738959642 6.86863873819343 7.99041351703152 8.91386792632397 8.12721603742923 11.8117713303838 22.1338764301637 24.841366263599 24.2187949185267 21.7869359893248 21.3769165856171 22.7416155094569 19.7425423965365 21.3504392370831 23.0582727035793
72.0079704590002 37.6618779351479 32.4057100982663 31.5710830239169 31.3877751824 39.2978050250726 30.4957247788434 28.8154100077974 27.3238285721583 26.4099268095605 26.7235038590628 26.8038141695341 27.8884820614253 28.3247617738019 27.3098919591926 26.6823821195716 26.3219261731357 27.1490466714771 27.0136534608747 27.3457527277406 27.7187393444349 27.3876536328937 26.9029337080838 24.3432540475907 22.7548468099136 21.2308334190955 24.7741215430326 23.0508387647149 23.714063339692 11.615187993541 6.75836946067772 7.97690462793112 7.39827868744308 9.0499761251079 14.8229258293151 10.4093484280207 9.45173183439088 19.2879605019053 22.6672135984647 23.8826214365512 22.348267668635 20.3440230903099 20.2324210804871 22.2000937615647 14.3371035963597 13.3469071985868
56.1570147190106 30.6021529381098 34.2903200133684 29.4078785341663 30.870936690555 27.9003448059346 26.3333285070596 27.7659041224957 27.9070090047904 27.6417163116086 31.5517007823382 28.3138220774969 28.2675747478856 34.4890930359105 33.7011791756966 26.4800445135091 26.3174730409437 27.7679480645981 28.3250877114392 27.5750919557798 26.4757643215325 26.8650136827538 27.4349708747945 26.9972740083661 19.5505670840305 17.9502049072703 24.1401599238733 21.3835575759852 24.4042988243816 20.3835069912807 9.33174180567387 8.15759585859466 8.16021255446028 14.6904818864987 16.2820701147252 9.59136586510582 10.6407211382622 15.0934005798177 23.7935419959013 25.0979915707687 24.7672531433116 22.5363967941147 21.0574484152569 22.7170786966907 18.6376016202269 9.93127478735955
29.9932098691053 26.8248649532102 25.8686004330315 25.9373096385878 25.5022664667001 24.3775626978863 24.8602935518271 26.0484079948969 24.2901837369675 24.7153842533237 25.5085156260381 24.8007433898581 24.413667806557 25.8263122196557 25.4560902969791 25.714938970598 26.5508493987919 28.987391976106 32.4125976167555 29.177329474541 26.9740076857196 26.4362722073383 29.3501128451937 28.1893452663804 24.2219827847035 24.1473273816356 26.9177696704711 24.5458590576629 25.4547989820311 25.7452913903762 16.0891282556618 9.15479163526311 7.98821089749131 15.1600048761715 17.0424489396165 11.2462106107115 14.6271444941237 12.9677537979132 24.5561756679063 25.8864820181197 22.4578150122187 22.2874464089647 21.7067255449999 20.8032760696286 17.6982182224911 17.7674667262354
28.4531074568633 28.0000543566714 29.8764300470224 28.0915047024504 26.5828771079182 25.3626111370939 23.9055074182949 23.4097782349218 22.1040137265028 22.6750316462782 22.7204169905752 22.2233744270265 22.0452540166666 25.0364346120188 26.0240709910394 25.3599771264418 25.7526279800036 26.2064039199356 26.9916694402541 28.7560432996782 27.1004519052149 27.4324769079537 30.9994235349695 28.5489808816802 20.5530958048443 24.7874225688959 27.259834677928 29.2717681317471 28.978787755134 24.8749888859659 23.3754995539691 11.4000971079726 13.2245253942805 18.6557180040059 15.2843851118715 14.5256598563638 22.1277303582298 18.2741328055812 23.8568354888183 25.6841738792991 25.1938475686652 22.1970883612416 20.8551747342783 24.1305289172755 21.0713575327067 17.5204807574481
27.9757713488072 27.6764529498452 32.3381422238914 28.215842531688 26.5536623270967 27.1051254891767 26.0903745593463 25.5291815475385 22.3922939529696 22.4905249535551 23.6118691050523 23.6214866091735 22.8979588712993 24.0853049979571 25.0266285469751 27.1314884221493 26.9066555744103 26.61529767955 25.1113856554819 29.6025463047173 29.7164084311949 26.7824098528377 31.7318481554055 21.7757622625154 15.8146614702915 9.84821481183486 12.3399790480278 16.6509155040521 22.1141569625189 28.0464081472806 26.4872085450479 21.1487578442127 23.9718043102209 18.5227678207811 11.1104882326439 13.0439261861677 19.6203674664575 25.5583325863647 26.1677997181559 24.0970740305491 21.2024670092414 22.4243857111593 22.9850749034689 24.1297460980937 23.9148542352419 21.1337118907085
29.5884936509669 26.6474501502153 26.1082486464623 26.757681045699 26.1497443372109 26.6392664716387 25.9983329767342 27.0016795594552 25.5112935467774 25.9227282216461 25.969159370147 25.7647526292979 24.4386498024925 25.0497391437089 22.2860014676119 27.6852881226173 29.282605727007 31.1241707184197 28.8798101305217 29.8361462132612 28.7581811626128 27.8986527907743 21.126607839608 15.2945363570171 12.6773787531888 9.24796371256453 10.2489334172829 10.1528929723895 12.8793706605591 17.2706633178219 14.4566721171213 18.0870163419462 18.6987738206517 13.9489312275349 11.9241928561166 12.8702759167845 11.941533315088 17.3920148653204 20.5715319638901 17.7708913936202 16.5851614584937 23.2016605224996 22.9719626838339 18.0108509422677 19.0788458900989 21.6939430143845
