0,30.0536113247182,30.2462911073519,32.8952248111063,41.4685636641692,38.7695525784861,43.4278455254377,38.2284564110492,70.0558408372331,69.4865949843542,104.621911058325,66.4058493590849,67.6331441332214,69.894482692051,77.062844377329,77.6109687477416,60.2952262607134,66.2621255160472,64.6307461147364,61.9198530209087,53.508587149845,54.5659451835066,53.535869960609,81.7496005376654,107.972321443814,112.625089866459,110.795010731392,97.2910707603874,64.5885529850109,65.2618892197356,64.4156142879759,68.3896647527171,91.4096867259654,54.3825946184485,80.3979044312782,78.4616282326731,65.755568454069,95.5513783055678,98.0674470121573,97.4914064199251,94.989283318221,96.1765952958716,96.8144676920205,96.8371883129319,99.9282901183542,100.204138894853,103.954378083377,100.118208896622,104.118207159872,99.4447759007792,100.995268149584,56.8163749891564,56.0102530292539,57.0250670259187,56.6594937674767,56.6912610091491,56.4297303244812,55.7825144460133,45.4510189403625,49.0762370961801,48.6612444013071,47.7528093027772,46.9928625813255,81.9941626136535,53.2283903835248,66.1310337911865,108.816215570571,109.836336094678,107.530823887056,104.724606672838,98.8903688682681,98.7618310372408,100.306302743048,99.8120325186948,98.6545256908063,67.5822104899956,72.4677368617308,98.9202277282131,51.0078706525359,52.8234711660331,64.0342476589859
30.0536113247182,0,33.0980764018264,29.8065767832091,34.2354403692113,39.5663191819258,43.5301606733622,36.1708352551742,69.304966750991,68.7405119950581,104.842162831205,65.7012625735675,66.9176050392367,69.1701154007587,77.5428645336814,78.0202335776526,60.1281229598484,66.1321204164336,64.4607786572181,61.7981135543756,54.2384200679484,55.3465870355904,54.3350484797002,81.6904196562313,108.358393560486,112.987524893746,110.545719932512,97.1005636896004,65.1641441548591,64.4670545285986,63.6100715072301,67.6319150588881,91.7892443742744,55.1977749685579,80.7779968633247,78.8455942457354,65.0775835974525,95.8139659167403,98.333783972236,97.753580602332,95.2306833433865,96.4166787046049,97.0515754689475,97.0731576331198,100.167778894472,100.451025255053,104.196088857267,100.362109892312,104.360781758036,99.6871010339205,101.245186879951,56.9806048900406,56.1988582293233,57.2392621076778,56.7196966192129,57.0914254107068,56.8234703296671,56.1388189495156,46.3314832082477,49.9902941907039,49.6912028422155,48.8202026727502,48.2149026781447,81.7380974772612,52.5621238246839,65.7482139568678,109.104881959802,110.13050978544,107.82281005214,105.014248804002,99.1116340697676,98.9837450557439,100.5399695548,100.04695161964,98.8626962334671,67.5588533208896,72.4632284230473,99.1633104778819,51.3184709484995,54.1021598065769,63.2079417942338
30.2462911073519,33.0980764018264,0,39.900468530936,44.4050759616076,30.3530377135152,38.4847944560383,31.816805257711,70.2580220489582,69.6748787900259,104.407463092363,66.7330325057393,67.9512272033986,70.1615758297966,76.9252538325067,77.4013925740966,61.233958909342,67.1777393447695,65.5496467230219,62.8527420229538,54.4489220534918,55.3044039170302,54.3631225426762,81.268182052873,107.919839136293,112.544504785664,110.289819419521,96.7716931558543,64.6548285096169,65.0267006865156,64.1621577031652,68.3227597018385,91.3194721712131,54.881915284141,80.1467562757193,78.1976554601387,66.1387024671087,95.364245826644,97.8838753755189,97.3058592088316,94.7826496594604,95.9699074993876,96.6044459186089,96.6272730886779,99.7264692568163,100.008129392357,103.755266855831,99.9196382698581,103.920217977127,99.2453376878844,100.801902325893,57.7992426651365,57.0176100986405,57.9871034477845,57.6683635034603,57.5428142585398,57.3238037578176,56.716916580069,43.6473966962407,50.0943884541923,49.6358608062495,48.8912035377194,48.0720167689375,82.8096760440767,51.5483298000702,65.4479778222411,108.659151571325,109.68445248221,107.376699934792,104.568093344589,98.6727766470787,98.5441562988548,100.099703203559,99.6059727337399,98.4266323467909,66.81494445289,71.7564854633005,98.5936690452322,49.9794501406924,52.9702187567989,64.2056325116371
32.8952248111063,29.8065767832091,39.900468530936,0,31.4937856033988,44.2142166244039,47.0721252001195,41.5664847139651,69.377097546532,68.8272827705862,105.28502391068,65.6287335440757,66.8564508075325,69.1666439931959,77.8967083863305,78.4446770082878,59.3527918948099,65.3870769844751,63.709267015533,61.0327893170865,53.5571321020874,54.8740092037027,53.779764822645,82.4029758024672,108.636918802137,113.294229416954,111.300319429328,97.8619009894029,65.3228748211078,65.0260782131923,64.1910946228261,68.0006746578143,92.1041060611991,54.9609245391132,81.2425229486934,79.3215558260557,64.9400818995846,96.2280498187491,98.74425455901,98.1662129866713,95.6645980428642,96.8507468891911,97.4889820384024,97.5105545723363,100.597356051949,100.874604301468,104.62296452094,100.788311041268,104.786542885637,100.114234221046,101.666062959246,56.1743572667772,55.3669336299401,56.459966067482,55.8761201045113,56.4460170432205,56.1332881878621,55.4021554892079,47.9289078476145,49.2752954627737,49.0491817533441,48.0322654743141,47.5312427530561,81.1061771778047,54.4492228015069,66.6898387580679,109.488847267191,110.509207901305,108.203772180481,105.397626162308,99.5573409487219,99.4294768951146,100.974458499926,100.480839156778,99.3190287873373,68.5229654818509,73.3757057328556,99.707202273339,52.4513277247822,54.257968210151,63.3261375723713
41.4685636641692,34.2354403692113,44.4050759616076,31.4937856033988,0,47.3419793026609,49.6310916316543,43.5363747684167,70.7376290571737,70.1939363787119,107.577239689506,67.0318071273659,68.247895942313,70.5517275722768,80.4157314001245,80.8994302453227,61.3292427012191,67.4000377148552,65.6811157721179,63.0558419966317,56.4190554320651,57.7422460680267,56.6802605347051,84.4446880765399,111.0836095125,115.718529066363,113.174635687028,99.78914263067,67.9382588429787,66.3800867687829,65.5372660340299,69.372797178757,94.5422469283232,57.8209122736594,83.670170517808,81.751741480606,66.3694037485267,98.5587826041756,101.078465307458,100.496685589619,97.9757276488221,99.1607252561654,99.7961753553753,99.8167603949402,102.907097273588,103.191137880285,106.934802795785,103.102090729787,107.099200768382,102.426588866187,103.985396549208,58.4955110028738,57.7175656669656,58.8276871345272,58.0962229593815,58.979800024853,58.6681183816778,57.9073281870174,50.6857606113906,52.3153588599178,52.1742555879009,51.2297589175448,50.8327662071576,82.9824830096774,56.1738927454516,68.4627263866321,111.844134945141,112.86960907057,110.56212982316,107.753795020128,101.850271983397,101.722971305108,103.278842391724,102.786347319709,101.599946137652,70.6059082024349,75.4720446494862,102.014290468049,54.8082546598088,57.4115399454862,64.6071312461274
38.7695525784861,39.5663191819258,30.3530377135152,44.2142166244039,47.3419793026609,0,30.0494839929517,28.8662815756047,70.101207654736,69.5043525366093,103.820898385946,66.688448925379,67.8993548301908,70.0627349488699,76.4201566666404,76.8233668892978,61.7159624018641,67.6394104737205,66.0147329824406,63.3290528046757,54.9434384061157,55.6297057755413,54.7669657535993,80.412706961399,107.491816807019,112.089091099281,109.413634017298,95.8789929206594,64.3491516596438,64.4572425868323,63.5761599459503,67.9115509178035,90.8554401822949,54.9998390076742,79.5269349778234,77.5653266795397,66.1437285575681,94.8046012463029,97.3277273380542,96.7477479725253,94.2038362237731,95.3910319115561,96.0222952659221,96.0452192100463,99.1523347325439,99.4397088826319,103.183787305204,99.3487016416291,103.349837068528,98.6735444015012,100.236078386176,58.3150122444035,57.5537735517609,58.4850955231388,58.2066679289852,57.9465941978601,57.7643322139226,57.1916244222488,41.3538627464001,50.670323879659,50.189676012885,49.581913913141,48.7376125080435,83.1869373886234,49.321978840061,64.3887428956291,108.128931577695,109.159310833944,106.849365189123,104.038419210495,98.0831404915737,97.9544419528798,99.5208716184166,99.0276754482249,97.8268575027469,65.6531205571552,70.6556362306789,97.8959604924952,48.5308368072464,52.8655634492477,64.0294620901035
43.4278455254377,43.5301606733622,38.4847944560383,47.0721252001195,49.6310916316543,30.0494839929517,0,31.4642479989685,69.7013801241028,69.0909199607773,102.972772500646,66.3897512044007,67.5949570166929,69.7148127409697,75.6595076023179,75.988421728509,61.8711366123448,67.7761809929875,66.1553239543718,63.4783093557386,55.1080274586153,55.6524584350836,54.8582501774106,79.2907726943414,106.799876174062,111.370302425289,108.273585119729,94.7197985792482,63.7837371987191,63.6663903112942,62.77051476577,67.2696479165779,90.129073618641,54.8442490153688,78.6497490075677,76.6759772610665,65.8891777440648,93.9832279528974,96.5098102892172,95.9278596479812,93.363491774869,94.5506128273528,95.1786389099563,95.2016465696406,98.3165456066814,98.6095797082069,102.350614771589,98.5160831608238,102.517746320168,97.8400722224849,99.4085172769358,58.4930327495154,57.7487138736666,58.6473065667742,58.4054264377353,58.0259925484155,57.8757050762457,57.3325596940528,38.8404573697599,50.9123925225555,50.422402747425,49.9261792767369,49.0758614129061,83.2527847388947,46.5879399120099,63.0571730843176,107.336521352641,108.371911697881,106.059805821551,103.24655506947,97.232007248257,97.1032364653224,98.6804322517814,98.1877707104667,96.9656703907427,64.1984707064366,69.2686077340064,96.9373265525696,46.7655450190063,52.599510535368,63.6206774732152
38.2284564110492,36.1708352551742,31.816805257711,41.5664847139651,43.5363747684167,28.8662815756047,31.4642479989685,0,67.7954523417965,67.2035189341885,102.569657180553,64.4254929809689,65.6262362857452,67.7818817300838,75.4412387808966,75.7853322547009,59.9175063972193,65.8747576732402,64.2146514218712,61.570773868753,53.9238510569434,54.7111767577569,53.8374709863627,78.9121143490215,106.383296071152,110.961579939569,107.699566270396,94.2347734715885,63.4182860129195,62.1040237376159,61.2100191677713,65.6026711197422,89.7497556299695,54.1834740733595,78.4678414482301,76.5144756307765,63.90467719155,93.5936267097235,96.1200064906789,95.5358727333008,92.9743019147889,94.1600273112732,94.7888463040185,94.810457097732,97.9193294712831,98.2134559251826,101.952546942764,98.1197827289964,102.119264063978,97.4430859017477,99.0125217677404,56.8068147377265,56.0628834875546,57.0248897413948,56.6025060821418,56.6739673810222,56.4760697735091,55.86170293712,41.7835990706006,49.7752659270861,49.3999189487145,48.7660120106658,48.0593265904641,81.3144015782762,47.0084150288601,62.5351606318829,106.939138058781,107.974310530354,105.662510813173,102.849575083802,96.8338965160811,96.7059515549505,98.2826080922361,97.7906761902921,96.5656610663396,64.2586458436289,69.2712579405892,96.7018240244766,47.6542737758765,52.6058172376226,61.6495588641459
70.0558408372331,69.304966750991,70.2580220489582,69.377097546532,70.7376290571737,70.101207654736,69.7013801241028,67.7954523417965,0,27.2819385992307,114.309237840276,45.454529647028,45.4820964582366,41.8730289520228,89.7850359028011,89.7078574894785,64.4656390205719,70.4158273765389,68.3730279004072,66.5050609860049,68.3439372106731,69.603973357468,68.7808238709942,89.197896546358,119.444276710445,123.85340418018,115.91347759136,103.383943658121,78.0081577356295,60.2107766447309,60.0426980717693,56.5223623334986,102.866839964875,69.6351817270693,92.280904410728,90.4330700089067,48.675586987599,105.73341768412,108.289494110462,107.663021530305,104.944277862844,106.113562318744,106.721753425242,106.72829776004,109.840545754659,110.199474233018,113.888405416697,110.080726068884,114.060495492766,109.388376607824,111.02381981028,65.9505894083145,65.643262838674,66.6779132867707,64.6687189971408,68.2739310329515,68.0446784227833,67.090681937751,65.4505012358199,65.3442254433195,65.6235105075829,65.1191506130248,65.1705786713418,82.4333339342846,68.5651436941981,72.664256418353,119.262945788209,120.342589698369,118.013910983954,115.18285440625,108.603406406745,108.484306541688,110.15388284154,109.675189630512,108.221369935993,78.1475727934607,82.7194964356546,109.397952280301,65.7102168842575,71.2481038767479,45.9837270978551
69.4865949843542,68.7405119950581,69.6748787900259,68.8272827705862,70.1939363787119,69.5043525366093,69.0909199607773,67.2035189341885,27.2819385992307,0,113.553289183176,45.4025751023965,45.8484963437236,42.3369012446264,89.1037856636117,89.0076580184302,64.0264332208545,69.9675733466118,67.9324473019542,66.0571386373094,67.7954082562972,69.0376786362991,68.2205645550488,88.3782712012857,118.745831305647,123.146483630411,115.041979926637,102.535444150673,77.3606146168155,59.2898121499629,59.1516396195682,55.2570432223324,102.163872776253,69.0476357942592,91.5730288647883,89.7261954126128,48.3457666148261,104.99177283841,107.549119255799,106.921267222682,104.195505520617,105.364347691085,105.971545605482,105.97770462642,109.091133913304,109.452568958811,113.139750598339,109.33280818448,113.312136292995,108.63992652756,110.277944164605,65.462176945754,65.1524771347654,66.1816071468988,64.1961167236501,67.7459814815411,67.5210073270836,66.5743311421548,64.8105174308517,64.7908316884257,65.0632097359509,64.5652097236491,64.608949100513,81.9918903846418,67.9031819472074,71.8584929938012,118.530326731588,119.611861674719,117.28242552751,114.450558331529,107.847840921799,107.728966808631,109.402498788416,108.92423003477,107.461402438652,77.4026358799354,81.9667378362266,108.653704805214,65.0264474750824,70.6442841318859,46.3250919380503
104.621911058325,104.842162831205,104.407463092363,105.28502391068,107.577239689506,103.820898385946,102.972772500646,102.569657180553,114.309237840276,113.553289183176,0,111.346579260074,112.592177135502,114.461769564287,97.499519747451,94.5334387665225,107.405916889892,112.997413953049,111.592140834584,108.760158753989,98.710266655091,97.672009449315,97.8411685254685,103.804284681593,104.026634785803,103.56545264986,139.356900156266,124.737135744447,90.1194234800537,107.248030854348,106.562624613169,110.384717427337,91.1778894046835,95.0469785522177,97.5142644999304,96.9155390637758,110.988917408574,68.4938908880564,71.2934461427925,67.6242269008835,68.3814890914748,67.9386031941508,70.0448690725452,68.4098402104375,58.4583057578478,61.4479374449169,59.5162006004072,60.8936404687452,58.35219006526,58.4027203415805,62.7708105697094,102.698563210436,102.06784212157,102.432501986186,103.305313397485,99.8255269066002,100.285880373699,100.32131799946,95.3785628101136,95.9431638253889,95.8120650352319,96.2100126866617,95.8323438593634,128.542856288785,102.158881609315,103.421694364942,79.9601685807957,82.7717254447634,79.9580278138757,76.6184666038423,62.2660650792161,63.8196051826979,58.2547302440246,59.7430290906547,65.6825324003362,103.357358161825,106.34783515639,111.346290954601,93.0132515026032,98.6407399713811,108.871680604298
66.4058493590849,65.7012625735675,66.7330325057393,65.6287335440757,67.0318071273659,66.688448925379,66.3897512044007,64.4254929809689,45.454529647028,45.4025751023965,111.346579260074,0,25.1390357315645,36.8442280846061,86.4378554378981,86.4834031551928,58.4218048144086,64.3240386899013,62.229462737809,60.507569265644,64.0056345618975,65.4119361734282,64.5521596367905,86.6987449282645,116.134669582083,120.597150328018,113.709054908634,101.07193819071,74.4099974263505,59.3485220608304,59.0847789426458,56.7391283033847,99.5975382841724,65.6277781236478,89.112459482973,87.2657887997554,33.3765089943434,102.691267221888,105.239684184833,104.620538301048,101.944881782389,103.116206833298,103.730686984608,103.73892622138,106.84150018205,107.185955768659,110.884481866585,107.073167582015,111.054633485766,106.38369666759,108.004220668887,60.7485109840568,60.5185082757885,61.5718906135056,59.2738345735069,63.5582625392346,63.3038460211908,62.275475446727,62.195520172167,61.112950987101,61.4725209867717,60.9367680598417,61.0738521982602,75.5591262582057,65.7074964357601,70.4134646752285,116.163888088489,117.232198149589,114.908145522908,112.082035616565,105.640705837238,105.520627850659,107.166335176646,106.685427839042,105.284160011448,75.4613461906261,80.0382233201181,106.439902756309,62.6969630371177,67.5129529078073,47.1927746104654
67.6331441332214,66.9176050392367,67.9512272033986,66.8564508075325,68.247895942313,67.8993548301908,67.5949570166929,65.6262362857452,45.4820964582366,45.8484963437236,112.592177135502,25.1390357315645,0,35.9864407515223,87.6960891699863,87.7346764143438,59.9655888655494,65.8896548248212,63.7957768566198,62.0530703953242,65.3313848685029,66.7269021196256,65.8684995276189,87.9137492108112,117.397890051027,121.85743436728,114.911657792631,102.276779301327,75.6857089160726,60.4094219750042,60.1418868826872,57.8346595444635,100.857368442997,66.9279214318137,90.3599687463408,88.5125134870161,37.4559084914776,103.940217808846,106.489022850226,105.869605217529,103.191690405042,104.362974514031,104.977106619731,104.985322560014,108.088640015483,108.433764795488,112.131900006709,108.320689250379,112.302165379127,107.631105470037,109.252324991233,62.1796683045915,61.9369012899955,62.9925001851634,60.7258824880607,64.9349850273898,64.6812359425011,63.6599284843619,63.4127677986555,62.4238786185278,62.7752761316124,62.239610607348,62.368350881934,77.2807694072752,66.8804684256355,71.5865053953106,117.415972175768,118.484849978098,116.160556831294,113.334190176314,106.886081100546,106.766014673049,108.412931918092,107.932102369969,106.528349847359,76.6603938898563,81.2410658793612,107.677856123054,63.9066522843646,68.780137554977,47.5380227002797
69.894482692051,69.1701154007587,70.1615758297966,69.1666439931959,70.5517275722768,70.0627349488699,69.7148127409697,67.7818817300838,41.8730289520228,42.3369012446264,114.461769564287,36.8442280846061,35.9864407515223,0,89.7541546638998,89.7376519190842,63.0484159416497,68.9720626396476,66.9029590532395,65.1111691063143,67.8140739633827,69.1486366755932,68.3072238394237,89.5836770133352,119.42728168482,123.86263380985,116.443171588355,103.863012082887,77.8512197058294,61.5248352581996,61.3108446425408,58.3768209462893,102.870435552341,69.2741107296145,92.3388095315804,90.4920526179669,43.486061577526,105.847594583975,108.399927956614,107.776964410853,105.079332505208,106.249568713777,106.860855281911,106.868182196744,109.975517038798,110.327419698073,114.020970306491,110.211573353459,114.192101851894,109.520606559274,111.148803186962,64.9716783700161,64.7049642727628,65.7486745369249,63.5900392919104,67.5464874959718,67.3046648163919,66.3124473394226,65.4862814673137,64.8708543846576,65.1918332173591,64.6720320511426,64.7679271443057,80.5767335739002,68.8149932971874,73.199720187895,119.349138079635,120.423249109966,118.096834905467,115.268199483563,108.756083640146,108.636533808472,110.294444146156,109.814694071913,108.386428067156,78.4614490388473,83.0326626098074,109.558251778822,65.8651500250167,71.0307926817239,48.7341584047812
77.062844377329,77.5428645336814,76.9252538325067,77.8967083863305,80.4157314001245,76.4201566666404,75.6595076023179,75.4412387808966,89.7850359028011,89.1037856636117,97.499519747451,86.4378554378981,87.6960891699863,89.7541546638998,0,53.3827031822124,80.2224001767979,85.7482868707948,84.4351863714396,81.4755793718906,69.5515976339434,68.0040796673032,68.3810776387191,86.7209084771966,98.3308772099304,102.974644193844,120.47366206647,105.946452565861,54.0557898421683,83.7025742972404,82.9499969433377,86.8584996857277,79.1900138331258,64.6149394384787,61.9831126997549,60.9652240129651,85.8991670296561,86.9397871649885,89.3772005426906,88.996034945693,86.8803426764623,88.1505764868449,88.8372225326076,88.9366557358274,92.1608863198891,92.2278938049313,96.1703363695397,92.2158680403611,96.3316008275459,91.604709873708,92.9464922692582,74.6706403645734,73.9953570454114,74.2645944949979,75.546007962733,71.0748765215049,71.6084949061385,71.7828838468792,67.4680333249097,66.8030003866082,66.5794518585976,67.1986848813969,66.7450477641465,101.718002869756,75.8938677732614,80.4478429894766,100.013860164653,100.931804847009,98.654964773958,95.8805299937401,91.5832415406062,91.4131823218967,92.6941841406425,92.1445918984725,91.7345684091707,78.6738290032742,82.1585233481329,91.0352926431356,65.509256794568,68.7614159260416,84.2108199895101
77.6109687477416,78.0202335776526,77.4013925740966,78.4446770082878,80.8994302453227,76.8233668892978,75.988421728509,75.7853322547009,89.7078574894785,89.0076580184302,94.5334387665225,86.4834031551928,87.7346764143438,89.7376519190842,53.3827031822124,0,81.0392682706796,86.6022427002131,85.2473148696347,82.3389602156975,71.046714828488,69.7147626548505,69.9763645372328,84.1322138409127,97.9937623465663,102.142966702121,118.745341959892,104.055240425929,59.43068513514,83.2688112237011,82.5224009923132,86.4888391998609,78.2952770373952,66.6002438011906,45.1930664652883,47.1809876011906,86.0026415991603,84.1143440559168,86.6160378720404,86.2506578298079,83.7219904205417,85.0250227760676,85.6384999323467,85.7732866584688,89.2676618467985,89.4041553082417,93.3396477931884,89.3546476349552,93.5280497957404,88.7447927876101,90.1626736431812,75.839337597135,75.1714193507729,75.5025315178415,76.5890498876472,72.617867681932,73.0862989251099,73.181794170319,67.7933663659981,68.1860222869229,67.9476627789706,68.4749365560123,67.9983923292473,102.421169936556,75.8233967124243,79.5024572142733,97.8388084430424,98.8426623569059,96.5251497414837,93.707278659048,88.4576899865045,88.2677764764773,89.7376179665056,89.1803393353016,88.4909034537844,77.5389368517928,80.7644018592731,84.2450261064717,65.343213750688,70.0239585150705,84.144026383673
60.2952262607134,60.1281229598484,61.233958909342,59.3527918948099,61.3292427012191,61.7159624018641,61.8711366123448,59.9175063972193,64.4656390205719,64.0264332208545,107.405916889892,58.4218048144086,59.9655888655494,63.0484159416497,80.2224001767979,81.0392682706796,0,32.7548935121585,24.5234763650985,24.5473030301333,51.5410593997269,53.8358626786738,52.8365145581377,85.6801195529492,109.999975840066,114.804347703798,114.404596335339,101.157184530853,66.5336495841298,65.7710234305028,65.16357026546,66.6769097502141,93.7463608265614,55.2751760288324,84.0303338417748,82.2038638477509,56.5215685625883,98.2599920320739,100.760086476828,100.185473107696,97.782783181727,98.9659724387699,99.6205482124917,99.6384801288213,102.676018254718,102.930186891174,106.687714362525,102.854770605257,106.845378763175,102.182928532233,103.710285620981,39.5981635880013,40.3871996066229,41.4634219736702,35.6040855913919,47.1429710777128,46.7906668546039,45.1591099952029,57.449744056969,49.751202649067,50.7195616098263,50.1474786224529,50.8936771817973,56.4013960306331,63.4815991225511,70.9207877311392,111.368954427352,112.365778793681,110.071064580457,107.276315959484,101.70322303512,101.577559778958,103.072762035444,102.578433718517,101.505682151737,73.5536119107177,78.1205117974083,102.636261410919,59.0620207948199,59.45739711534,59.7632188170122
66.2621255160472,66.1321204164336,67.1777393447695,65.3870769844751,67.4000377148552,67.6394104737205,67.7761809929875,65.8747576732402,70.4158273765389,69.9675733466118,112.997413953049,64.3240386899013,65.8896548248212,68.9720626396476,85.7482868707948,86.6022427002131,32.7548935121585,0,29.4856827147983,24.0384659989049,56.9282936332592,59.1815737569365,58.2315664325923,91.4256883184332,115.47806846587,120.301625137901,120.205630905796,106.943883255755,71.9534971956304,71.7250826344604,71.1195742788434,72.6242837655666,99.2487943379079,60.6535617993307,89.613981443549,87.7924571422388,62.3791771339688,103.830133979194,106.327771132697,105.754863982987,103.366431230016,104.5498911348,105.206644431849,105.224739623594,108.25764750157,108.507560913033,112.267583144744,108.433969963456,112.424527065056,107.762848897514,109.28578308314,43.4781760007616,44.8572317680307,45.28514844857,40.2703036920986,51.5348952774134,51.3179899511378,49.6886390462581,63.2571416357701,55.3150759006239,56.3150535615145,55.805300171541,56.5681764920966,55.2756433189995,69.3753849424868,76.7681314637483,116.919063381797,117.912256818131,115.619086190502,112.825984112828,107.296022551573,107.170268814108,108.657840925518,108.163010957569,107.105973531502,79.3369711509456,83.8926601576052,108.269169272377,64.835020627632,65.1018413613758,65.7908119394584
64.6307461147364,64.4607786572181,65.5496467230219,63.709267015533,65.6811157721179,66.0147329824406,66.1553239543718,64.2146514218712,68.3730279004072,67.9324473019542,111.592140834584,62.229462737809,63.7957768566198,66.9029590532395,84.4351863714396,85.2473148696347,24.5234763650985,29.4856827147983,0,24.6934874190841,55.8524687827274,58.11141001203,57.1316964387125,89.8523915132788,114.196741123275,118.999922668441,118.558748902774,105.319195015728,70.7487881668653,69.8543436331378,69.2533506913323,70.6978558278141,97.9446767010364,59.5322385068126,88.2371159199574,86.4116812405836,60.2646118440011,102.449755033053,104.950094538138,104.375091203919,101.971126393628,103.15415819552,103.808570666709,103.82635713791,106.863838799642,107.118563424363,110.875643854429,107.042935737612,111.03334649084,106.370952949862,107.898874382174,43.6275641406584,44.600919895245,45.4381326313075,40.0060218747795,51.2144448468802,50.9133387163527,49.2999806432566,61.7131265777102,54.0924412975716,55.055838008858,54.5042404399805,55.2407188540782,57.1330802252843,67.7151872416403,75.0898391992622,115.560105012629,116.557292242122,114.262444928839,111.467552979573,105.889763039975,105.764184474982,107.260157459467,106.765950031874,105.691241406515,77.7530093791114,82.3171703156716,106.831692558167,63.2930819754626,63.7457509858403,63.7538697138209
61.9198530209087,61.7981135543756,62.8527420229538,61.0327893170865,63.0558419966317,63.3290528046757,63.4783093557386,61.570773868753,66.5050609860049,66.0571386373094,108.760158753989,60.507569265644,62.0530703953242,65.1111691063143,81.4755793718906,82.3389602156975,24.5473030301333,24.0384659989049,24.6934874190841,0,52.5281394815218,54.8171859058114,53.8517859835509,87.2215221254038,111.216355939273,116.04343319945,116.026834062292,102.755298982635,67.6655047798594,67.6375665685589,67.0257901407874,68.598858571949,94.9883574406037,56.3147631555781,85.3545194082137,83.5325236775811,58.6222128151132,99.5866628083056,102.083752367849,101.511453008301,99.1260456740097,100.30970076719,100.966883811834,100.985148880302,104.017560491542,104.266389637836,108.027172760663,104.19323577569,108.183990919619,103.522346523642,105.044167744224,39.0810122191821,40.3417373076896,41.0069672369657,35.3002725367901,47.2757356263816,47.0092178438952,45.3501577183296,58.967465970509,50.9081540608322,51.9185591960462,51.3953605891119,52.1715360852014,54.9865270265051,65.1277759758444,72.5800843311235,112.671761327985,113.664145208072,111.371296787023,108.578539817599,103.05859703729,102.932744990882,104.418606441763,103.923591443607,102.870459273339,75.1098489979815,79.6669172584095,104.02742467121,60.5741175027078,60.7643884425252,61.8058035913944
53.508587149845,54.2384200679484,54.4489220534918,53.5571321020874,56.4190554320651,54.9434384061157,55.1080274586153,53.9238510569434,68.3439372106731,67.7954082562972,98.710266655091,64.0056345618975,65.3313848685029,67.8140739633827,69.5515976339434,71.046714828488,51.5410593997269,56.9282936332592,55.8524687827274,52.5281394815218,0,30.554507209466,25.0879502311522,79.4044945667449,99.6607316209056,104.713755954391,109.489370193011,95.7954175711621,54.4827979383304,65.2735824122907,64.5347497067263,67.6539483351764,83.5645983394614,37.9478832454275,74.3470573142106,72.534783088342,63.0000976638008,89.1835363915051,91.6468972558899,91.1076748204173,88.9118817922975,90.1048087772605,90.7897427761728,90.8157164711068,93.8064815819262,93.9913545818441,97.7948257813118,93.9444733261382,97.9432240817542,93.2864158948761,94.7423506041986,43.5001306178704,42.3889019408402,42.8767210478451,45.0151299105913,39.6094600678948,39.0318672135664,38.9996944877729,49.2223032474446,28.0498116387502,31.7736441932422,33.001111848848,35.1289254146947,74.1253119652584,57.9079744912106,66.3165979974812,102.021876779159,102.964715852715,100.691959166413,97.9207045705404,93.0079956073436,92.8777493963698,94.2582893440782,93.7533848489321,92.9328411368729,66.9776170164248,71.4531994510378,94.0426684761914,51.2475462154046,46.4133882193326,62.8280374779769
54.5659451835066,55.3465870355904,55.3044039170302,54.8740092037027,57.7422460680267,55.6297057755413,55.6524584350836,54.7111767577569,69.603973357468,69.0376786362991,97.672009449315,65.4119361734282,66.7269021196256,69.1486366755932,68.0040796673032,69.7147626548505,53.8358626786738,59.1815737569365,58.11141001203,54.8171859058114,30.554507209466,0,22.7275261967083,79.0784467322596,98.1644382372469,103.287570856338,109.471710927349,95.6915327512483,52.4194743574758,66.0752763742156,65.3281137813149,68.5954280528325,82.1151265137647,31.9918554281099,73.1178761679327,71.3198755779378,64.4747552324676,88.0436577308288,90.4966952736489,89.9666712702557,87.8296338267197,89.0247928584779,89.7185127792312,89.7462364497103,92.7218243347735,92.8877527411105,96.7033743756195,92.8487645691537,96.8490542678948,92.1943181995153,93.6306833988131,45.9737375847989,45.0436611787299,45.2489864630384,47.5521439589885,41.0759448614246,41.0893197091153,41.446871402857,49.2285125609001,31.8566859667621,33.2945973601682,35.4941230155267,36.496554676523,76.2079327792293,58.2759121713334,66.4903361284546,100.804380610974,101.732168158234,99.4655867879563,96.7009394414418,91.9716782137053,91.8404557493683,93.1887759013268,92.6811755888045,91.9300590863626,66.7820076424036,71.2034050445582,93.1081990003685,50.9736350995905,45.4513120751755,64.0659919819663
53.535869960609,54.3350484797002,54.3631225426762,53.779764822645,56.6802605347051,54.7669657535993,54.8582501774106,53.8374709863627,68.7808238709942,68.2205645550488,97.8411685254685,64.5521596367905,65.8684995276189,68.3072238394237,68.3810776387191,69.9763645372328,52.8365145581377,58.2315664325923,57.1316964387125,53.8517859835509,25.0879502311522,22.7275261967083,0,78.8379817675206,98.6191094770646,103.69553620295,109.09305863201,95.347077563622,53.1315297539836,65.3776458802885,64.6310752787144,67.8647651591753,82.5203303004369,34.4840901937825,73.3187596548648,71.5064922968868,63.598993400443,88.2690830106013,90.7284274336998,90.1937329549638,88.0202241945877,89.2145573752577,89.9027121308672,89.929893864935,92.9168605600664,93.0938284597701,96.9028434029818,93.0501346775173,97.0503276148656,92.3937661617273,93.8415892886523,45.1149408224873,44.116423610707,44.4823957634122,46.5740729209358,40.8738016009826,40.6558212299537,40.8053614865754,48.6329860148999,28.0510807453823,30.4879843080348,32.9780678512194,34.5048932966478,75.2740635260323,57.6264508720652,65.9984328661364,101.080059407938,102.017085864722,99.7466164317326,96.9778167817582,92.1378818950691,92.0069553075462,93.3748889614108,92.8686460989785,92.0767717463134,66.4188139568792,70.872650132219,93.1686644570561,50.5743294740463,44.965899855471,63.2387335417382
81.7496005376654,81.6904196562313,81.268182052873,82.4029758024672,84.4446880765399,80.412706961399,79.2907726943414,78.9121143490215,89.197896546358,88.3782712012857,103.804284681593,86.6987449282645,87.9137492108112,89.5836770133352,86.7209084771966,84.1322138409127,85.6801195529492,91.4256883184332,89.8523915132788,87.2215221254038,79.4044945667449,79.0784467322596,78.8379817675206,0,114.647809497131,118.163155114904,103.002491073357,84.3443824190586,78.9161849874638,80.6240536184986,79.9331107750554,84.185306251213,97.4423443113371,77.1825788392208,85.5663114214841,83.8293147253039,86.5584028332995,96.3958822844477,99.0849228476778,98.3549659777497,94.8559607217112,96.0088973894292,96.4931478890752,96.4905065782844,99.8600394684969,100.449304328885,104.002342132885,100.232033544336,104.212667563663,99.5002234450768,101.37453183639,82.3602073665421,81.7460893488612,82.3771175653927,82.4602207044285,81.0324536542051,81.187626448761,80.8935183700616,71.8500703430453,76.1468088732976,75.9266233500572,76.0108296026741,75.5276182276461,106.39430521618,76.8205393865927,73.0618879087548,110.94336449197,112.210859461954,109.804125217816,106.889522954558,98.007734779596,97.8907740909831,99.9862002027099,99.5343127579178,97.2037655703298,72.97793237625,74.4708552585454,96.9868234350558,68.0448422847698,78.2930118737197,83.7458631025282
107.972321443814,108.358393560486,107.919839136293,108.636918802137,111.0836095125,107.491816807019,106.799876174062,106.383296071152,119.444276710445,118.745831305647,104.026634785803,116.134669582083,117.397890051027,119.42728168482,98.3308772099304,97.9937623465663,109.999975840066,115.47806846587,114.196741123275,111.216355939273,99.6607316209056,98.1644382372469,98.6191094770646,114.647809497131,0,57.504292224605,148.868690046758,134.392164633481,86.9398205533469,113.324572387331,112.606104460176,116.36122576388,83.1283639060508,95.1599047048011,102.272294134403,101.637688466808,115.612427058938,91.0414607216891,92.6718396829175,91.9047381876556,94.9793262824409,95.9247702972227,97.4360665996794,97.1974394071185,97.1695135156188,96.17759585836,100.282081186853,96.7199345318086,100.040224971776,96.1139525848014,96.3017213219951,104.270290885811,103.632326486028,103.792368052846,105.25320693144,100.231990547698,100.938774436192,101.224426701187,99.1527857778859,97.2936208673713,97.2563103971426,97.8534998118089,97.5750056225042,131.452315211099,106.86865750135,110.374057604063,93.1313454652865,92.4541388538666,91.0400350588605,89.1516360828445,99.9036033310759,99.918602713972,98.6549021446688,98.168171850759,101.799702351306,109.746926115128,113.127568819672,120.983605216215,97.5585473105261,100.61402194906,113.949916158605
112.625089866459,112.987524893746,112.544504785664,113.294229416954,115.718529066363,112.089091099281,111.370302425289,110.961579939569,123.85340418018,123.146483630411,103.56545264986,120.597150328018,121.85743436728,123.86263380985,102.974644193844,102.142966702121,114.804347703798,120.301625137901,118.999922668441,116.04343319945,104.713755954391,103.287570856338,103.69553620295,118.163155114904,57.504292224605,0,152.615716641495,138.107708584325,92.4858659240884,117.586126514834,116.871666085049,120.643003970084,87.1557670932691,100.331304172793,106.269920448532,105.681142181278,120.100247254091,90.5926947212048,92.0727523306373,91.0603333359464,95.2506255148316,96.0944356192848,97.7778959734879,97.4393715452066,96.5175545808009,95.3158393506339,99.3672144800551,95.9844261927418,98.998865801377,95.3490545982118,95.300331714111,109.240272843702,108.602375310401,108.797668625199,110.161050305545,105.397542172477,106.060642944408,106.303856206182,103.716214164392,102.273490309458,102.21645006945,102.782912499209,102.484136373142,136.208445347567,111.302799882887,114.480649143582,88.9496275596615,87.6938346311916,86.6791141844531,85.1729020542151,99.9906477906464,100.06286591565,98.2107557734249,97.7633436509407,102.224075390612,113.89760050116,117.214319529918,124.350126925708,101.986053477082,105.460448343922,118.365299365213
110.795010731392,110.545719932512,110.289819419521,111.300319429328,113.174635687028,109.413634017298,108.273585119729,107.699566270396,115.91347759136,115.041979926637,139.356900156266,113.709054908634,114.911657792631,116.443171588355,120.47366206647,118.745341959892,114.404596335339,120.205630905796,118.558748902774,116.026834062292,109.489370193011,109.471710927349,109.09305863201,103.002491073357,148.868690046758,152.615716641495,0,102.721028797007,111.50125400173,106.389634099245,105.732747148835,110.117675400342,131.884804927183,107.946504514883,120.602660109797,118.821432586743,113.705250829778,131.79051126951,134.445275196731,133.724363733897,130.446310116562,131.590470955756,132.11539144916,132.101592876181,135.346833388287,135.890643713327,139.45823481284,135.69551271289,139.655562139795,134.966833658038,136.792876545857,111.742631641486,111.155175447004,111.87489274145,111.626528842152,111.023067842109,111.089663542652,110.675016070434,101.428036239384,106.171772524286,105.993407239764,105.943664872042,105.500541378676,134.852833459317,105.137982937233,97.0887812261616,146.044682073403,147.268241110391,144.881027539797,141.987326239714,133.640494267156,133.532321987708,135.512863729022,135.06170969495,132.928419192728,103.589690280465,106.377576209427,134.376950302471,98.0745928150588,108.714250120967,110.530268792841
97.2910707603874,97.1005636896004,96.7716931558543,97.8619009894029,99.78914263067,95.8789929206594,94.7197985792482,94.2347734715885,103.383943658121,102.535444150673,124.737135744447,101.07193819071,102.276779301327,103.863012082887,105.946452565861,104.055240425929,101.157184530853,106.943883255755,105.319195015728,102.755298982635,95.7954175711621,95.6915327512483,95.347077563622,84.3443824190586,134.392164633481,138.107708584325,102.721028797007,0,97.2330837279302,94.1536283349919,93.4685368890083,97.8938718044388,117.353386193413,94.0604620506694,105.814966838961,104.022151674831,101.01798135922,117.162189751051,119.821017620047,119.10269892374,115.795031968599,116.942735617179,117.461397742951,117.451480148632,120.722115575492,121.268682601427,124.838428602133,121.071537381536,125.037906449668,120.343825455199,122.173090236671,98.2869672986285,97.6885892113616,98.3854288655298,98.2355249935226,97.3920079576991,97.4800774058695,97.0987140901455,87.6415359715217,92.4763631182844,92.2765030825668,92.262710512465,91.7971927390255,121.702172176638,91.6884942341794,84.5017079024493,131.45890023805,132.68707108059,130.297500614708,127.401282358166,119.001231642193,118.890352923191,120.885022865182,120.432355974012,118.281999497857,88.5881671369553,90.8289549043384,119.224448234016,83.9951791832594,94.8363640292321,97.9476353067957
64.5885529850109,65.1641441548591,64.6548285096169,65.3228748211078,67.9382588429787,64.3491516596438,63.7837371987191,63.4182860129195,78.0081577356295,77.3606146168155,90.1194234800537,74.4099974263505,75.6857089160726,77.8512197058294,54.0557898421683,59.43068513514,66.5336495841298,71.9534971956304,70.7487881668653,67.6655047798594,54.4827979383304,52.4194743574758,53.1315297539836,78.9161849874638,86.9398205533469,92.4858659240884,111.50125400173,97.2330837279302,0,72.6739096931436,71.9217880676708,75.6472797768671,70.1737337701666,48.4933994449927,64.476272601026,63.1215390176873,73.7519622607541,79.4913561763036,81.8495598787453,81.4209404496463,79.8194514282996,81.0407925653552,81.8158094135605,81.8645389114311,84.7224731008933,84.7101470815043,88.6466185263126,84.7439913102864,88.7700166590331,84.1260171345126,85.3791173638635,60.113482846774,59.4393348926287,59.5182406486522,61.3212536976517,55.4677604296452,56.2238682561255,56.6297516653798,55.9281675025367,52.2127778834792,52.1350737055179,52.9575147868695,52.6646885076699,88.2583219541973,64.7383125932379,70.5173583564127,91.623463618394,92.4214612956302,90.2051385833112,87.4947209108705,84.4224847509649,84.2801274451506,85.3307227837137,84.7953330112017,84.7012234083413,69.4120913304067,73.2514094011936,87.4650077180691,55.1108621021975,55.3598307407571,72.4464856717449
