0.00347102 0.772397 0.214885 0.00924664
9.999E-05 0.871063 0.0898008 0.039036
0.0224961 0.634908 0.300728 0.0418682
0.0262644 0.875128 0.0888267 0.00978132
0.00561954 0.909929 0.0391799 0.0452712
0.0532423 0.924921 0.0217369 9.9991E-05
0.0282519 0.865673 0.105975 9.9991E-05
0.00344119 0.894687 0.0590689 0.0428027
0.102761 0.687284 0.200787 0.00916775
0.0654879 0.691484 0.195934 0.0470944
0.242305 0.594725 0.106272 0.0566987
0.0969658 0.549618 0.332778 0.0206388
0.308274 0.54403 0.105399 0.0422963
0.106723 0.625492 0.259077 0.00870837
0.0489946 0.636128 0.242984 0.071893
0.0111476 0.837081 0.120526 0.0312459
0.0115911 0.656339 0.33197 9.9991E-05
9.9991E-05 0.869198 0.0940879 0.0366137
0.189841 0.139406 0.6039 0.0668537
0.0105407 0.247913 0.741446 9.9991E-05
0.0178062 0.226335 0.728595 0.0272642
0.0825493 0.039614 0.866433 0.011404
0.0216714 9.9991E-05 0.919396 0.0588321
0.0134374 0.0460812 0.908649 0.0318324
9.9982E-05 0.236116 0.763685 9.9982E-05
9.9982E-05 9.9982E-05 0.995798 0.00400185
0.0240841 9.9991E-05 0.948984 0.0268315
0.0276277 9.9991E-05 0.9334 0.0388727
9.998E-05 9.998E-05 0.9997 9.998E-05
0.0841228 9.9982E-05 0.915677 9.9982E-05
0.0549269 9.9991E-05 0.929728 0.0152448
0.044187 0.0110215 0.928672 0.0161191
9.9991E-05 0.073696 0.863694 0.0625103
0.0289357 0.692135 0.196934 0.0819946
0.00379194 0.711424 0.278065 0.00671903
0.0844406 0.694027 0.221432 9.9991E-05
0.0347506 0.827795 0.105702 0.0317518
0.140295 0.583901 0.256065 0.0197387
9.998E-05 9.998E-05 9.998E-05 0.9997
0.0414762 0.0731864 0.838231 0.0471067
0.127882 0.645978 0.226039 9.9991E-05
9.9982E-05 0.805589 0.194211 9.9982E-05
0.18057 0.499141 0.312291 0.00799761
0.269202 0.485755 0.147326 0.0977158
0.288812 0.561922 0.130871 0.0183951
9.998E-05 9.998E-05 9.998E-05 0.9997
0.0682992 0.560468 0.268902 0.102331
0.215382 0.670175 0.114342 9.9991E-05
0.120494 0.48186 0.348511 0.0491346
0.85979 0.0829612 0.0206846 0.0365638
0.919705 0.0046623 0.04635 0.0292832
0.872972 0.0617992 0.0651287 9.9991E-05
0.821667 0.127118 9.9991E-05 0.0511154
0.892436 9.9991E-05 0.048803 0.0586614
0.907566 9.9982E-05 0.092234 9.9982E-05
0.776463 0.223337 9.9982E-05 9.9982E-05
0.912524 0.0236936 0.0419117 0.0218711
0.944438 9.9991E-05 0.034465 0.0209972
0.829326 0.132669 9.9991E-05 0.0379047
0.703907 0.240683 9.9991E-05 0.0553099
0.906115 9.9991E-05 0.0762586 0.0175269
0.76164 0.111647 0.12151 0.00520263
0.518481 0.308001 0.0945754 0.0789428
0.0318608 0.0753973 0.85515 0.0375917
9.9991E-05 0.118648 0.842726 0.038526
9.9991E-05 0.0581793 0.929086 0.0126344
0.783367 0.103932 0.0967114 0.0159899
0.677516 0.239627 9.9991E-05 0.0827563
0.835952 0.102561 0.043128 0.0183594
0.823591 0.0476661 0.0881871 0.0405555
0.893746 0.00893766 0.0485714 0.0487451
0.34219 0.648574 9.9991E-05 0.00913634
0.298578 0.637689 0.0430994 0.0206335
0.356997 0.552801 0.0694825 0.0207194
0.352801 0.564175 0.0427698 0.0402537
0.263377 0.530781 0.156333 0.0495094
0.293391 0.607978 0.040306 0.0583254
0.272733 0.539589 0.140607 0.0470704
0.804692 0.195108 9.9982E-05 9.9982E-05
0.555559 0.287464 0.0318031 0.125174
0.854911 0.016575 0.121714 0.00680013
0.810661 9.9991E-05 0.130184 0.0590553
0.820379 0.141791 9.9991E-05 0.0377295
0.0577741 0.125582 0.784643 0.0320006
0.47454 0.358218 0.167142 9.9991E-05
0.409071 0.590729 9.9982E-05 9.9982E-05
9.998E-05 9.998E-05 9.998E-05 0.9997
9.9991E-05 0.764038 0.225653 0.0102092
9.9991E-05 0.77065 0.181088 0.0481623
0.00350727 0.711358 0.240846 0.0442885
0.125651 0.539931 0.300647 0.0337707
0.0211963 0.854073 0.124631 9.9991E-05
0.443103 0.494313 0.0619925 0.000591598
0.0412503 0.251492 0.682768 0.0244904
0.39374 0.490594 9.9991E-05 0.115565
0.169866 0.49253 0.29134 0.0462633
9.9991E-05 0.796167 0.19116 0.0125726
0.0242722 0.788657 0.186971 9.9991E-05
0.0377205 0.805787 0.156393 9.9991E-05
0.10783 0.862732 0.00260472 0.0268331
0.034576 0.855688 0.100181 0.00955569
9.9991E-05 0.851401 0.107987 0.0405119
0.443595 0.4508 0.0650478 0.0405566
0.334113 0.430663 0.124791 0.110433
0.399963 0.410971 0.0781502 0.110915
0.102271 0.613458 0.259539 0.0247316
0.244971 0.585961 0.168968 9.9991E-05
0.0409212 0.477253 0.48163 0.000196573
0.814496 0.129272 0.0410536 0.0151779
0.814206 0.0964611 0.0478571 0.0414755
0.375946 0.376997 0.246957 9.9991E-05
0.303846 0.531296 0.132204 0.0326546
0.30795 0.293517 0.333016 0.0655172
0.0330106 0.157197 0.809692 9.9991E-05
0.800634 0.0230851 0.137107 0.0391736
0.81456 0.158152 0.0271876 9.9991E-05
0.671549 0.328251 9.9982E-05 9.9982E-05
0.0162844 0.360515 0.542355 0.0808454
0.0457354 0.638163 0.297442 0.0186597
0.0261611 0.922623 9.9991E-05 0.0511161
0.0506617 0.865298 0.0839401 9.9991E-05
9.9982E-05 0.517478 0.482322 9.9982E-05
9.9991E-05 0.729295 0.25662 0.0139849
0.00828062 0.849696 0.141923 9.9991E-05
0.0523058 0.9154 0.0160206 0.0162735
0.0312311 0.492757 0.475912 9.9991E-05
9.9991E-05 0.86761 0.121732 0.0105581
9.9991E-05 0.755788 0.20358 0.0405322
9.9991E-05 0.835824 0.139037 0.0250388
0.116478 0.584854 0.298567 9.9991E-05
0.0438857 0.790434 0.104457 0.0612232
0.035633 0.672911 0.261277 0.0301795
0.019057 0.821843 0.13572 0.0233793
0.00270604 0.0157126 0.981481 9.9991E-05
9.9982E-05 0.0466159 0.953184 9.9982E-05
9.9982E-05 9.9982E-05 0.967274 0.0325262
0.0574719 0.0375371 0.875741 0.0292498
0.0468872 0.0454621 0.903826 0.00382415
0.139659 0.832319 0.0115986 0.016424
9.9991E-05 0.73194 0.245086 0.0228742
0.9997 9.998E-05 9.998E-05 9.998E-05
0.863527 0.0684054 0.0445107 0.0235564
0.893523 0.0500989 0.0520654 0.0043126
0.762207 0.195649 0.0420436 9.9991E-05
0.946119 0.0302717 9.9991E-05 0.0235097
0.894133 9.9991E-05 0.0816109 0.024156
0.982404 0.00744152 9.9991E-05 0.0100544
0.918382 9.9991E-05 0.0761687 0.00534907
0.924433 9.9982E-05 0.0753675 9.9982E-05
0.93087 9.9991E-05 0.0665538 0.00247593
0.88646 0.0698116 9.9991E-05 0.0436287
0.794746 0.153919 0.019699 0.0316361
0.856576 0.0534323 0.0703687 0.0196233
0.93799 9.9991E-05 0.0556581 0.00625214
0.885738 0.048587 0.023729 0.0419462
0.947894 0.0238187 9.9991E-05 0.0281875
0.934726 9.9991E-05 0.0449015 0.0202721
0.374409 0.582555 0.0429363 9.9991E-05
0.23233 0.704199 0.0633705 9.9991E-05
0.939102 0.0606984 9.9982E-05 9.9982E-05
0.735239 0.244225 9.9991E-05 0.0204359
0.963034 9.9991E-05 0.033879 0.00298736
0.380114 0.619686 9.9982E-05 9.9982E-05
9.9991E-05 0.919678 0.0629241 0.0172982
0.00202404 0.667323 0.300301 0.0303517
0.0601003 0.393967 0.545833 9.9991E-05
0.0102303 0.264248 0.725422 9.99987E-05
0.0451087 0.0568019 0.890323 0.00776685
0.0468547 9.9982E-05 0.952945 9.9982E-05
9.9991E-05 0.113761 0.875364 0.0107748
0.0192333 0.095328 0.86891 0.0165283
0.0703066 0.0620395 0.853313 0.0143414
0.10989 0.0189896 0.824707 0.0464142
9.9982E-05 0.858318 0.141482 9.9982E-05
0.0384481 0.785238 0.103325 0.0729881
0.0401681 0.901783 9.9991E-05 0.0579486
0.065156 0.91932 9.9991E-05 0.0154241
9.9982E-05 0.965816 9.9982E-05 0.0339843
0.0966628 0.833827 0.0477363 0.0217742
0.0051307 0.747516 0.22285 0.0245043
0.0855601 0.671911 0.216548 0.0259807
0.00765502 0.793274 0.122821 0.0762504
0.0829291 0.686671 0.217131 0.0132691
0.0469256 0.69331 0.221775 0.0379899
0.100022 0.0770295 0.691926 0.131022
0.84985 0.0760416 0.0433696 0.0307386
0.850456 0.0350997 0.0558284 0.0586156
0.962965 0.0123563 0.0245787 9.9991E-05
0.820756 0.162973 9.9991E-05 0.0161706
0.852506 0.0496577 0.0697914 0.0280452
0.161055 0.522819 0.26567 0.0504548
9.9991E-05 0.669224 0.272824 0.0578523
9.9991E-05 0.695527 0.227567 0.0768057
0.00774791 0.648676 0.271655 0.071922
