IBR/IBR_outputs/all.combrep_1/FireFreq_2000_2008_Total.PersistForestCover_Total.Spinifex_Total/FireFreq_2000_2008_Total.PersistForestCover_Total.Spinifex_Total.asc
NCOLS 160 
NROWS 95 
XLLCORNER 210004.651214014 
YLLCORNER 7350008.22228844 
CELLSIZE 4999.99999999997 
NODATA_value -9999 
[rows 21 to 41 of 95, columns 92 to 137 of 160]
1.44507280487807 1.59709154573583 1.72974607729876 1.92598376280727 1.53767144782019 1.59182359913987 2.04410297864624 1.52523758614389 1.94792373183228 1.84732972488951 1.74864645004226 1.68139921198733 2.67238781785619 4.03296715970701 4.23838555590242 1.6863288048339 1.58688665494337 2.20840580732889 3.70228691884067 4.00467202793353 4.12040729942131 1.7688977190599 1.58672989875587 1.74728167928341 2.58185908168452 4.50358364210043 4.50999547965153 4.61561139978385 5.27097181069699 5.03960300586362 3.63737468975312 2.13129776311677 1.72485574533748 2.92900682900927 1.87114222832777 1.81377860631425 1.67242282399858 1.70275965510621 1.59000816334964 1.82550685720881 1.90890211819332 1.98093489156051 1.68350731885731 1.43911739368518 1.49027327493126 1.5149028424434
1.36006401578575 1.60619853738087 1.55697177310598 1.69925779360041 1.52652593857845 1.68914620039894 1.68920173139144 1.56743670903004 1.72465041104441 1.36543791101046 1.6758409038925 1.33443172306241 1.69538194813557 3.95845450265336 3.60184952714966 1.5970520066894 1.64012633322778 1.43273964972953 1.60679465007517 1.92766899494456 3.65532351154819 2.47060873143966 1.67756026583387 1.49692708225168 1.59585151655947 1.70103973780708 1.59077671853264 1.88376572636924 2.33993824511529 2.00439419771881 2.95991121132143 4.46420407912524 3.87792278738613 3.33178754771954 1.8408099382298 1.91979915533613 1.7939636857136 1.77900328895541 2.14669741273844 2.3164549679988 3.43644755495404 3.42684288720297 2.55652892636909 1.59538574602184 1.56005677706251 1.69865929741777
1.47189170949248 1.31994390290793 1.40714067087486 1.41282747359677 1.40312766758041 1.68142109282798 1.4585460375382 1.53655681761466 1.65871769353455 1.53388435399106 1.51421278866879 1.75013583866262 1.78847630226873 4.03693714756044 3.3486023711376 1.95426184363457 1.566556400131 1.47672835148206 1.65835664102843 1.67720099898899 2.28973463239597 4.06384753665095 1.92908588808004 1.46072181091963 1.59375862259622 1.52839821398158 1.39931678880743 1.62342065446132 1.72643761234074 1.64793375391899 1.59580635761614 1.83778563534168 2.45848548335461 3.38822741329739 4.43391544479104 5.38556087349507 3.63378385996731 3.27047804428027 3.84812858035537 4.18491949386877 4.57073619154881 5.41973893248358 4.20333850321627 3.51194461574537 2.04104259840398 1.67690727657573
1.89128315141676 1.83566342307173 1.59685671237872 1.30780235036827 1.38726247146839 1.54890498994679 1.52367451786407 1.68034796575396 1.17659245909755 1.62072197824484 1.60594947268964 1.6645409437378 1.63723781599661 2.04439534757842 2.36310234709851 1.84914212523541 1.53339822620135 1.9398916642355 1.55997647023174 1.78630623520542 2.0013286626834 1.88719608166821 2.66787181639913 1.54657772949671 1.50716183329371 1.47922465054421 1.3777202584082 1.44305445979654 1.55281950964663 1.46778860272441 1.61757435017893 1.81968896771319 2.31137134839065 1.83966209874074 2.39550101920548 1.82829677817248 2.71977369485381 3.07019728833679 2.50563399813911 2.16069043601173 2.84033958858796 4.51894463084381 6.19483660930149 4.05395720430178 3.65840570456888 2.84431954404609
1.44123079802357 1.46942260631662 1.64314506904277 1.49867281938835 1.39079696566794 1.46014610729309 1.52092547185458 1.68867805209907 1.33208937285968 1.46423027704082 1.48538422860865 1.50846789558963 1.67564939695471 1.50832052846697 2.08584254430284 1.63079111261245 1.5940101620927 1.60535371766833 1.5480199853773 1.49301305341959 2.182527919307 1.68987319647385 1.80160292858849 1.89410898857242 1.46645986538747 1.50796080191735 1.45312336763339 1.45834381355524 1.64470503305808 1.49976651692917 1.6636809866048 1.79684421352884 1.59428629779808 1.82321818697347 1.59808891780078 1.95876053895585 1.70585694479521 1.66644801051597 1.80417539935471 1.82282069234289 1.50618590045407 2.81888845130101 4.82753329574448 5.68164470843717 5.66049901996727 4.12620075881469
1.4465564647496 1.41143781129191 1.32663905614089 1.5230854149025 1.44284871276161 1.29990992641412 1.45345036721735 1.56831712823847 1.36131078359207 1.3711584838872 1.38691313679807 1.31722237148437 1.63070051264259 1.57435598114135 2.03621861356333 1.50640020364646 1.39805016567841 1.63253177587342 1.88357576586071 1.64401310825286 2.30037028158798 1.59326281380683 1.70945701385625 2.51450726055168 1.58443655636513 1.74000306330203 1.44604260456843 1.32938907875478 1.62021130427714 1.62950021055853 1.61072792892892 2.19222929642975 1.50434631201783 1.72349976815169 1.64161347957703 1.65569407521291 1.45029753611233 1.50528414167911 1.75808355741166 1.71637226390779 1.52400859631455 1.6229537215902 4.42223224570604 4.05678166063972 4.1886157448208 5.01872970116615
1.28514434121589 1.34448076201826 1.28526309913919 1.56184088086965 1.38825140369032 1.52574145603655 1.50959121081048 1.5985882063769 1.28594263251492 1.46176959538323 1.44336260581631 1.66277399574294 1.79807766152245 1.63356822873271 4.221260724159 1.47366707349193 1.45118192832602 1.57388536445678 1.78810604958541 1.63470214757767 3.28272091220001 1.65826278104463 2.25421671699969 3.55907664986085 2.26390077561864 1.8575889559668 1.80757619884562 1.65240253163361 1.66617177261753 1.53592836392242 2.12638660711638 2.60625002983364 1.61222066511932 1.70301743108734 1.96798765657032 2.57713801139552 1.61932135101208 1.60633871279352 2.04512540326148 1.52928273518136 1.52191210089693 1.46988124758439 3.10307290215329 4.02583021909133 3.3793307680987 3.19219285836283
1.49322692249817 1.40216990816855 1.45080049379644 1.4930530178795 1.55777293061649 1.56251654516282 1.83063669815588 1.45042041808283 1.3965591445645 1.39741896040208 1.74820154638476 1.65609193048078 1.73870791977317 2.0111561163579 2.63393665206298 3.0238010390118 1.70847506359295 1.27171478569407 1 1.48107905901742 2.49605091518537 2.19010059914927 1.6819393972395 1.95147856877625 2.21330830809951 2.7940416241912 2.58151368045956 2.94268433309772 2.2204848313968 1.71469844118943 1.73527933196616 2.18282885284579 2.35298563620697 1.62092550308385 1.96734346751807 2.24240417150657 1.95294385118646 2.02671620971543 2.18840463988245 1.86457215887469 1.70136796200418 1.85216816284316 4.06724604030955 3.95165109467735 1.88081676113724 2.13630414796933
1.96137232542911 1.53682866755953 1.480460164894 1.46883828360286 1.50213774520296 1.54449512083544 2.5897884972952 1.49483382791952 1.81211429380324 2.12463048162969 1.59507151449791 1.56678553211177 1.76691646968461 1.67378513118266 1.86615282138773 2.4769831824541 3.62306464302579 1.4816820159532 1.06178361949784 1.66632744805463 1.68343922436468 2.39743619887181 1.70117836929653 2.86514892734457 1.98429557618422 2.64817490574845 2.38133634930907 2.20772306901429 1.90132835477302 1.80923595911068 1.78823583296597 1.8211891897381 2.11085501911035 2.04178725266875 1.82549099701694 2.26952095585156 1.97741026367082 2.17143787298154 2.25051718584686 2.21772742779889 1.85555645906964 1.90681726888604 3.96841582121883 4.03860302629977 2.27543958922188 1.90732678751769
2.0794798467352 2.00338243736088 1.89312942019064 1.94097593533708 1.59643595065957 2.64619433682519 2.3328878316439 1.76179551137088 2.24998826396017 1.47726446676997 1.66193165173785 1.93045676133583 1.71615110344722 1.72362993285936 2.67089768975885 2.44329490546079 2.22313170783054 3.54198578253297 1.61786230705425 1.37662890438552 1.6435318774836 1.91373541051042 1.93275657816863 2.96015010120809 2.33631475921245 2.65742561138405 1.57327433252257 1.52895207044862 1.48933881696778 1.42836195117461 1.3912456123398 1.51518102094621 1.6094730946227 1.49474045554227 2.30367512776063 1.7123883253995 2.9840007300055 2.57222402766228 2.16958595385219 1.96238095958629 2.26189514149638 4.05213843683344 2.53591882521378 3.23661044617996 2.75224266402922 1.86847367239874
1.76136238502278 1.78134534464676 1.96144654381323 1.58983819387077 2.19542580397682 2.49374547343643 2.7793097024902 1.76867647680525 1.68927827677053 2.16539613006217 1.60686935453783 1.91417345043852 1.59954248880292 2.22114980478205 2.37805745241836 2.37462930960231 2.34876224088096 3.94164750704989 2.27057763087889 1.5256071794801 1.47590677150562 1.93691414619614 1.86973548290536 3.72030022030409 2.26550556517394 2.02649400241376 2.19345649696262 2.1560622230484 1.74514720391255 1.51065208314036 1.43454068809491 1.38025867580508 1.33367716325456 1.46456195702644 1.74765156077343 1.42242943758218 1.5935465104688 2.5696739005225 2.83754983392842 2.4928866024823 4.30092815099866 3.08393581068004 2.62587310055063 2.10731067230682 3.02869935753379 2.15677866695912
1.55042605984104 1.65608940101761 1.36443219352264 1.65567710642288 1.64192802604326 2.20906072934988 2.57540249845111 1.62379047047925 2.18425398607105 2.36310309180781 3.28696121889594 2.15293744407955 1.80466354411405 1.82349240968989 4.69368392044287 3.00025528483193 2.13003851817888 4.1378349725649 1.92704085209616 1.64820231066216 1.48448059998699 1.76799400546132 2.29791157604546 3.10900220243432 2.07706488575068 2.05705703203398 1.66014161531534 1.56556670283892 1.87323957569355 1.70917197098786 1.56996309327649 1.39498055461704 1.51681930358815 1.39771679890982 1.48267066103926 1.46736303562595 1.53954282574276 1.79975717790088 2.1497711496382 2.82147366692113 3.04762288000648 2.40970291750633 2.31844745717993 1.83098329506504 1.83906135685113 2.4055242102758
2.63004816255172 2.25013140030015 1.24367793658836 2.25777795129482 1.58693953930246 1.67699022627833 1.99937114241497 1.82960579797956 3.26715343407271 3.71614943518342 2.33427982414716 1.60339641814469 1.71016946157732 2.51072522703737 3.96597203982758 3.63977486869218 3.28608978168171 2.60844465539122 3.90827553429381 1.87977654812584 1.60361802606909 2.46528150012563 2.69384593322866 2.36992403280968 2.00763379152437 1.98526281558809 1.78105146765379 1.87821409704422 1.72633766298888 1.69654018011715 1.77972626138215 1.54407879977212 1.61576197636133 1.54489284804801 1.51426839176871 1.52548614393963 1.59199821283381 1.78452157248287 2.14170132381676 4.76553957345994 2.45681404073461 3.15021449362312 1.98001304039217 2.0896895889179 1.88359382343583 2.29319693650352
2.52455612079455 2.31827644491289 1.41187420995823 1.75580511780717 2.75245546295933 2.54548535955629 1.89533322658956 1.8571068243086 2.13226621720381 3.09901093572322 1.82931402045024 1.42313800153585 2.4087796192841 4.23347968462413 2.94948839171594 2.83205891364002 2.73315632470229 2.19009175215094 1.94083309629185 1.80660049035266 1.83182955207802 2.18469438647796 2.56230520406877 2.46187230886977 1.56787086650894 1.8230153078843 1.96551231302101 1.73153790027319 1.89360290240352 1.81466253387603 1.65688711581563 1.55144186353915 1.49085438729496 1.55973887242205 1.78825542226787 1.68767905238771 1.96068500485532 2.20621671092813 2.15362698362146 2.24257764047477 2.40141540340196 3.34354320830558 2.0943397089738 1.76089712304789 1.93438284885259 2.68816321778737
1.56535655043248 1.70871253043912 1.46020034235178 1.4802851883769 1.94105793042216 1.52552777846381 3.1601329093205 2.07637237230894 2.23239535135331 1.80563734647947 1.93404187380421 1.5239814715224 2.48308234897177 2.72222949467837 2.10716915497397 2.35437954771503 1.84659369078791 1.71712699198641 1.80671784889036 1.83612844234891 2.32028338015108 3.59160379604509 3.09847156927641 2.192171364272 1.99201377633718 1.6003738554569 2.3684529411368 1.83068409609898 1.60851904158575 2.18030761942536 1.62554383064116 1.40120760502337 1.4570738632433 1.67741974485593 1.67801647871274 1.76089374963718 1.90333439512828 2.31477870232197 3.33718471414434 2.16148383524444 2.45606422277123 2.41977079375752 2.51488299453249 1.96689895853298 1.8741181162461 4.07871659736402
1.62211592825758 1.37845922792312 1.59889436233412 1.42000452139059 1.77337968662684 2.06679765874149 1.33027925978946 1.91270159728393 2.4447589104562 1.78448781270962 1.54984414709068 1.96245109597051 2.66175340911846 3.32140200416086 3.28851562242058 2.41757050430132 1.92753652935188 2.04265494880112 1.5705089548466 2.03780744468229 1.43163438889966 2.23539849645999 2.96454711730465 2.61165493155676 3.47439942499445 2.6090339839056 1.76042952987897 1.52830474363837 1.45567406095628 1.97327052360389 1.66662180661901 1.51796426435884 1.65573770440454 1.61328286815496 1.72067383879217 1.59345064601117 1.80641972822657 3.57452505189871 3.15147699656572 2.16167930143661 2.32084662223983 2.50328875632641 2.89807976620455 1.97658819882315 1.86824199800038 2.72519899119038
1.54879533325603 1.53622577091878 1.45060929180027 1.54312590159892 1.32767091408155 2.18615364397289 1.63502794783567 1.75287503197628 2.31023127831338 1.58339742838367 1.54559456197715 2.18574969720426 2.13838102059619 2.64613795177896 3.97874945214886 2.61824427601258 2.6422270823929 2.47468846714665 1.5477508629408 1.77249182186551 1.9980935932651 2.03801354174798 2.79250644339718 2.64498834608781 2.98629356269997 2.43410264626713 2.40271898994175 1.6753486642992 1.52328721739912 1.92351553162732 1.7402335144856 1.88071675390887 1.60653808320916 2.03996189923576 1.89395438286738 3.03794947723761 3.83074138298354 2.75039906615367 1.83296748302119 2.0124202532409 1.94414335525519 1.87515952624948 2.26195996417677 2.98285283220952 3.12063319277379 3.19169592261162
1.4490893749903 1.40477802652152 1.39075193642091 1.43880819906413 1.25544380384516 1.53034055756016 2.44841480658899 2.10819714374647 2.09355754601517 1.80116163639319 1.94328756824042 2.45920627892477 3.03771216252954 3.92022529453491 2.52349665195491 2.07864906489481 2.14775160224596 2.29084601975802 1.65647178579214 2.04684831064338 2.12246385661155 2.02832224540095 3.22408314851726 2.00740033273767 2.37792527989247 2.27245662013926 1.88456126559784 2.23695311170512 1.81684194757325 1.78616656879521 1.84816326130683 2.0158943935055 1.69548402682374 2.04573083379945 2.23329645792538 1.75375529510291 2.02606585933857 2.24624911695575 2.24578040197669 2.18224732035682 1.92732995658609 1.75800070554027 2.04046934749605 2.33207954519864 2.88834250251128 1.74679074055686
1.48153959894725 1.33447114377236 1.40249548644371 1.33571256000775 1.19566866719882 1.187734454586 1.6630593176147 2.20874120889795 2.06018910378035 1.65224237871606 2.30978747832504 1.59519259136082 2.64950404259298 2.76722286141419 2.25044584522646 1.90637487906903 1.37025400145303 1.46794136889217 2.35395621944174 2.39023965808299 2.32813210953733 2.07720018467269 4.16066896987009 2.40810115968412 1.77443459934153 1.94115154161152 1.49921823195571 1.52137130116385 2.40882449273055 2.05888852059247 1.9490483272512 3.00721564036775 2.383122501222 2.08247950138049 2.38035987506928 2.46543740627145 2.17152239977746 3.18538213171211 1.68308858516747 1.70578137794909 1.57694116760987 1.65557776113122 1.43091445719451 2.10292272100663 1.55292410369245 1.78778742111436
2.00006829710865 1.6716033137009 1.65368172445547 1.48850019040357 1.30784791795392 1.2404435986246 1.3766557621134 2.0284996114963 3.59798924074708 1.85202021242365 2.22211793370946 2.58319404337305 3.67672086939606 2.80763240409739 2.53196793582347 2.01972593295431 1.67688360942401 1.39343121956807 1.59880733427847 1.78689439504708 2.20332658899959 2.33883726353489 2.75470482380822 1.90580991979305 3.22245891427757 1.77255861224712 1.62834390214164 1.68925455474789 1.74440707256405 2.13750468204953 2.03799699095957 2.11167572769538 1.76050801837137 2.31123836487025 2.21871177169644 2.09475589777943 2.06489426515673 1.91504997398955 2.91470760652542 1.60570029993909 1.46350146582907 1.36795150205541 1.39571856228533 1.49663374761237 1.75206341947076 1.52686619585215
1.92218678325055 1.66629322731503 1.5592449804317 1.43420544733329 1.26644163685331 1.33518690177261 1.47999386914481 1.50633880927471 1.85899727909543 2.31770943312561 1.70906642129297 2.26597018017819 2.44067220776977 2.70719999443479 2.58073697262831 1.61753184197592 1.56325379416889 1.38965884784632 1.44994173071776 1.65711275777871 1.76239107657689 2.5499587850915 3.43111306634471 1.75977688600261 2.02270310112457 1.90306068868257 1.60401131981359 1.58300761852257 1.37231026202388 1.94513290900227 1.62381430885468 1.64967952896338 2.52810149212386 2.33306403638993 1.87269765617232 1.25174078691244 1.81672101277101 1.96195233939001 3.12448797153644 2.05621305316622 1.59359480546055 1.27650859653615 1.43398858560476 1.7724343181022 1.63659313041935 1.63490651787853
