IBR/IBR_outputs/all.combrep_1/FireFreq_2000_2008_Total.PersistForestCover_Total.Spinifex_Total/FireFreq_2000_2008_Total.PersistForestCover_Total.Spinifex_Total.asc
NCOLS 160 
NROWS 95 
XLLCORNER 210004.651214014 
YLLCORNER 7350008.22228844 
CELLSIZE 4999.99999999997 
NODATA_value -9999 
[rows 63 to 83 of 95, columns 92 to 137 of 160]
2.48637321322166 1.4049979962684 1.2109656984456 1.43702163229624 2.05645930849585 2.16472642399776 2.03914431953108 1.97595567214993 1.63507340957214 1.75462282652757 2.86184601196317 6.21227264405809 5.81564659715551 4.94657082543823 4.94657082543823 7.21977890064055 7.0613830413024 4.44461604123429 4.2075207020776 4.07639826244832 4.2075207020776 4.2075207020776 5.2872213520038 4.46279029085632 4.2075207020776 4.2075207020776 5.15954161997782 3.30520413274195 2.80319930872189 2.62094353024335 7.5091042369141 2.00088048200118 2.74804887841984 2.72198440581125 2.80815536247424 4.59563490258298 4.13801196630356 3.81231302975105 2.69251808953219 2.58035870627957 1.9354942204868 2.06575132223521 2.21794456336325 2.728238947307 2.41667664565122 2.81214024081749
1.55113401773378 1.17143018831335 3.07404365616018 2.51689469949463 2.47890613409662 1.63984952489797 2.15066853400801 1.97513769831849 2.20179816981827 1.91350083345689 1.86772070381239 2.07985112519211 3.98733607224006 4.07506033627251 6.00514983204789 6.8193995445172 7.77830651093432 8.83783142892913 6.73579089785245 4.19690869660036 4.0443115880861 3.99040986068513 4.40750190532468 4.58428891511426 6.47992492192793 5.17570879239299 4.82753329574448 4.18434197346796 3.32489948681168 4.33005033056857 4.40366162529012 2.55623020724903 1.70618420765999 2.01430671569951 3.30703564086589 3.60245553377938 4.75215851964608 3.93701789242209 5.95086714538564 4.3392651552079 2.45596963103623 2.67315234566813 3.0796439402196 3.5711167539253 3.09129367649236 2.52996643557963
1.54291547066895 2.39689876681321 3.93094864516581 3.94029527549732 3.46684359810545 2.17045621678419 1.65104852886868 1.47253918440201 1.63232821529597 1.46707464012874 1.75225143286024 1.65302178616813 2.70408793454933 4.18007302046549 4.46145236468051 5.69346698403568 6.85246683283807 8.02980022701045 8.69559005997822 5.2872213520038 4.0443115880861 3.42800164964632 3.86032413630494 4.05822401282629 5.39256251574674 5.2872213520038 7.44093588206516 5.2872213520038 6.44829835721758 4.80342354342893 2.66654046945679 2.9196623730929 2.15600500085529 2.9780348552479 2.96960066017186 2.9995862066047 4.46351565144593 7.75887287366561 4.81295806146884 5.29694845041788 2.75659851913059 2.79295375518688 2.86306505273106 3.5636847858704 3.12429279436898 2.6248776481068
1.52221842891264 2.39640299340761 2.75025093587992 3.67447416828465 3.09042196040917 3.47633447259958 1.86977293907073 1.50368275411439 2.16764538057253 1.24943412529522 1.35494457912779 1.61983422861878 2.2084513127635 4.54199089829805 3.77746132082186 4.79877162695954 5.73514974710563 7.81034906333122 9.96949881601294 9.01893747611058 4.07070503823195 4.02656634155861 7.36501598777343 5.73544649754774 9.24074041556966 7.76236960221458 6.10899272171433 4.2075207020776 4.07639826244832 4.07639826244832 4.07070503823195 4.14939544191268 3.41383505882485 5.73103772148956 3.10918134454803 2.79655062896703 2.95720280105299 5.31391746561988 4.6059936136544 2.84584413753596 1.68457986851178 1.66868850138368 2.22472614896997 2.83375913976214 2.5663802304774 2.21600161066365
1.39698038392356 2.09997164796563 1.44920782595697 3.22656212112336 3.54029141498412 3.64285099458016 2.83609186915203 1.2673493583938 1.18349088153664 1.08588312951505 1.04755969056079 1.23192058330205 1.36809405577019 3.76523225688845 3.45808385805656 2.09144139584927 1.76579119758196 4.68584772211804 9.74604838500111 10.7680655385041 9.52133519866916 8.49926708636547 6.96335117398077 5.85073446623629 8.38334692535519 7.96608860424969 6.64536428178243 5.17570879239299 4.07639826244832 4.07639826244832 4.07639826244832 4.06696592659044 4.08360120052415 1.50886977330874 1.42432287336503 1.7322183717073 1.72578636584942 3.62714530373492 2.31743739175254 1.87592356969925 1.76764339107367 1.59954566074726 1.93231377725845 2.86612836397953 2.8903849434853 2.3176239458376
3.03683909680052 2.3400018800559 3.84006829452433 4.03421999055381 3.06652955339367 2.56191476269657 3.46374492451314 2.72293761018231 1.71477074743494 1.85857985618747 1.35510819883457 1.38688434060264 1.44004831665109 2.60023270723219 2.285595833496 1.62070914685056 1.83760708018514 1.88775919819031 4.45546900609639 9.72490758961118 10.1549459227739 8.72187274808243 10.5423556504399 10.0958194485871 9.68400998527005 7.08574108564385 5.21518161797925 5.35490923242022 5.36465804024585 5.28252419690272 5.46329261423113 8.68239831587144 1.8893863378137 1.6416627761004 1.82944977932942 1.99048176286362 1.82655722660658 1.60805987666391 2.27832383997126 1.76115380591338 1.68711166630461 1.55693115032058 1.57914676979856 2.51786662471914 2.11931136558502 3.54352167727473
2.22911175332196 3.09629061909729 3.73653189399636 2.2087887829297 2.15749354471486 1.44809494704982 2.05295533741843 1.5441861471956 1.58757360288767 1.94123420388182 2.18760910338646 1.67877819950549 3.32785878455913 4.06982403959891 1.36818315740971 1.28125259043063 1.79949998749598 2.11417654055467 1.46556512840051 4.52228845320596 11.3624030785735 11.2638116683772 8.37887101592102 7.11574567017847 9.01893747611058 7.74509898556113 6.82596579224806 5.27859810006265 5.64022382109899 7.63726433656507 5.33715865833122 2.64904907398254 4.49682618030639 2.75750365932481 1.89081470276291 2.00903061349136 1.69736991895591 2.25797743170421 2.7581734563317 1.65366885264009 2.71098063511977 2.96992082378817 2.01901084235944 2.77032831966103 2.98316781710951 2.89189272608484
2.83250228504008 2.43910880619526 2.40420961893859 1.90273927092332 2.157556402693 1.61995876673394 1.47400607025274 1.96116847845142 2.38705310589593 1.78483601597333 1.72757838062473 1.53377728722397 2.89596390135192 1.64165159651505 1.47131292425959 1.63244983821554 1.55083229385603 2.02907865698992 1.88924440087463 2.01089545148946 11.0923540283971 10.9871075446083 8.17960327399649 8.21305286210601 7.97276663351798 5.24379024926249 6.5105638638974 3.20364107700325 3.5847980120873 5.45571088593032 8.96227103280864 1.9698972063996 7.34219680080731 7.76413219025808 4.10330183913582 2.02403508607049 2.15426170460456 4.29336392321512 2.21668438070062 2.56560977716038 2.85427566144701 2.05217908880156 1.94711330928944 2.517613435761 3.66163477315762 4.51277189855938
2.88322622141204 3.3748273691846 3.21613558466399 2.21958646325935 1.68085648163967 1.53639706763567 1.6931809531324 2.85728621120925 2.53877342045028 1.55162603536237 1.44055182475764 2.77072439870076 1.73541060138292 1.43066462561757 1.45623729761684 1.56790358804249 1.06112528429625 1.38163955630867 2.77739521801195 4.90227853089259 9.86157017996592 8.15942515774684 6.59284076075617 7.11127942886435 5.5015831356775 5.0246418490878 4.46081354321147 3.04599123505999 2.57848656054106 3.99181251551668 10.1146836332179 4.2480512064491 3.38331537739534 8.27542699271411 7.17715945090855 2.27472579109079 1.85883295887022 1.78648064128029 3.49019714889618 5.21948732645809 3.33628212201813 2.27017755899481 2.19726038195488 3.92119932670468 4.46256561141333 6.104920028287
2.17147624837009 2.57736305699126 3.00063333877813 2.52119671071606 1.8397526809614 1.73992129945542 1.74595687411226 2.45006556830688 3.33709688241262 3.17086771795511 3.59202046197621 3.37078413610296 1.79569576459147 1.44142411956972 1.40471252748482 1.26783356990036 1.07863459180218 1.27785593336837 1.82798365581299 4.55942171076744 7.8198706018708 4.31472518342006 6.11992296274805 6.6687682093192 4.81069697229826 4.88979727277283 3.83645361971525 3.62509698598574 1.91806897993291 1.89345645067958 2.80339357836184 4.56673783852413 1.76773471817082 4.28273569861287 6.82358174337853 4.31513463131745 1.97348011130229 2.57147810507625 6.71425728236821 4.89435739740691 2.25189499159667 2.10658707885024 2.36501844772019 3.8109352514702 4.2075207020776 3.58080861342948
2.67151373746803 2.77491611400889 3.72562101273811 1.67998407128059 1.43934165352573 1.67310558342721 1.55312750490583 1.79149341771985 1.75111680953619 3.42408918993038 3.0130663185976 2.27150197586346 1.94552277554286 1.48467198008515 1.35431002445327 1.31460220017123 1.35162006139901 1.71069895117031 1.78166773663793 3.59033739441628 2.82277489205602 1.41024998538671 4.07335210454884 7.69008134289536 5.48187330599705 4.88979727277283 4.65004894999086 2.9262117309258 1.58474375439534 1.64518455322254 3.84720356478556 2.14243937079235 3.18816678560282 5.81019819982373 5.98199947543626 7.3272654092284 4.90534288866417 7.04253031467159 8.03706701748636 4.95634656123869 2.72636579925852 4.23272894947287 3.87839910840412 3.94852814607653 4.69085971661316 3.69680555642282
2.76327063899669 2.04408505363789 3.26486307327129 3.26852117035023 2.63602511182477 2.77814003281474 3.6671950841598 3.0113321234604 2.7622068173562 3.37887397753278 3.16031752210152 1.70532216258553 1.48850518024271 1.29906179574796 1.33746343072887 1.24707850578434 1.41309308080506 1.32726669504791 1.49008428852588 2.12045821909273 1.71169456002056 1.4671906146 1.38067335505541 2.68971208000011 4.25207047377348 4.6076984774941 4.20357556620653 1.44257588214336 1.51100686015869 2.46248352154448 3.64437984474394 4.35625328473326 5.48366571503712 7.35566360916604 3.17760905683159 6.77867477857853 9.70547974245009 8.54404432019407 9.71641605093361 6.90305050473697 3.68956205736464 4.80944948381518 3.99345524769556 4.46279029085632 4.16854116430655 1.9157516175056
2.68611418535316 2.36765827690956 2.84173332659354 2.7694516385975 3.21218062238218 3.4118448478485 2.94116338627604 2.72152261301852 3.13335606624572 3.03177681065913 3.0414370729407 3.03004444792682 2.56583675107777 2.36957774244705 1.66579009986393 1.3039701290991 1.35693839289076 1.10260279071599 1.25463624522553 1.60892199312005 1.63703590311141 1.76594860026109 1.39519025322709 1.57821285482937 4.09087203736167 3.93823973380771 3.14236324686818 1.41702777527174 1.50039340850151 3.88999067995047 4.81069697229826 4.79579567972908 2.51477310518256 2.83777053990659 2.4245579712284 1.84944586468904 3.30309317614946 8.71204781475948 7.51204053770291 6.18415592885722 2.31639323490824 4.78383177987701 4.34360063586721 4.2075207020776 4.02978340220191 3.80567998256229
2.66396487677366 2.92333105524509 2.63275821656553 2.05948357519621 2.04051625191682 2.15864615646531 1.82239998739371 1.91583963732343 2.05556086595114 2.3938066100062 2.44033496132105 3.31773990995282 2.33708308436929 3.22749709131442 2.99757060097769 2.37984264317036 3.18565913757554 2.79509137177981 1.84263219432588 1.74235968929542 1.41394834485513 1.75751587905271 2.15808444468689 1.35611687500012 1.71512091463222 3.56539360854718 2.33656076480234 1.51244496864942 2.16501158290706 3.9505792111066 4.32817810444002 3.1239679503118 2.7479394379614 2.39950840994075 2.48282735932457 2.00182832080595 1.65446131557304 8.34742959303528 6.47719369346184 4.82887122192029 4.71275648341164 2.31219530081889 4.20325771371504 4.46279029085632 4.46279029085632 3.53594759376002
3.40510849785313 2.7601695459389 1.92848130085169 1.87314503280852 1.96284120655052 2.5107787925259 3.33287749112034 3.55551495161972 2.81318428856399 2.83425921817101 2.76119678763786 3.89041700469315 3.35298321431356 3.18748953376055 2.6890738178735 2.13482462733422 3.13118902337466 2.97741456642313 2.3819494731826 2.10959948953735 1.62722596625216 1.86144124400128 1.50824396368585 1.40412123228035 1.45232919205884 4.06551707342008 3.02218640259169 2.11346190682056 3.89785370422084 3.87034574162839 3.08207797418208 2.7393709239358 2.5703190838818 2.37917247641515 1.80267775550698 1.52327870477091 2.15801536036206 2.9292169033342 3.34494352108419 4.09591572380599 4.20693588033368 4.68999425599135 4.19956667926674 3.4880752504928 4.11253562120779 3.90912378569803
2.48977180159052 2.78210154777097 2.43867548400301 2.20085334543142 2.24255386915624 2.00240609094192 2.85263765015221 3.82506277370602 4.53013885781681 5.20119769408733 6.67767368234027 4.43462736900088 3.33985004519851 2.84748176771859 2.98223023931173 3.5800517849287 3.62268184149923 2.29261441924864 1.59135661363854 1.66513243649541 1.82978392170127 2.1417299265266 1.72679199060167 1.76299676668806 2.24720324674273 3.47390932812558 2.96391613143727 4.64614968306832 3.90910820635663 3.16156165600377 3.00971085960651 2.36337192949164 2.39374705834691 2.92001031061361 2.48593490636028 1.67144957200303 1.66146370844985 3.04560468159527 2.01934773784331 2.76555921326204 3.9433909765979 4.3966052159615 4.82887122192029 3.88941409271521 2.82326064457131 1.88359132880238
1.64712435604612 2.3646655089844 2.72754492424013 7.19029351801382 7.84706057638406 6.48468809258627 8.16514216780639 4.36220144608159 4.07246288326565 7.71707735862456 2.53595244164063 1.52823755892443 1.82116021138082 1.91713056462106 2.11612789896829 2.55222973394518 1.86167235717188 1.48656235452098 1.5845567339612 1.67805438924646 1.95541998168759 1.67689010539427 1.63585254732014 1.4726555460674 2.71596135200028 3.59687034851532 2.96360259311999 4.02580447647784 2.7606297958824 3.25005014508174 2.58308622741904 1.95906233655229 1.71333981285844 2.77376627093037 2.85867261200311 1.86576072830853 2.14119193204007 2.42447773142744 2.62186319591429 2.03745335430204 2.17701244774868 4.75311017272307 5.25059587077133 5.88578882118578 2.72260683338858 1.58077932361458
2.91027646228118 3.92482354418515 3.77246976586056 3.48493555833266 5.35787447516755 6.01839650006219 6.62446420677438 4.32608473952971 7.18215393366231 6.2906950434729 3.7901574819248 3.77577324833281 3.80070818224635 3.62614778530224 2.90231033190013 4.44620038640943 3.31845696873411 1.85206076333614 1.73944349461656 2.22336470840575 2.38133430705521 1.92318519903757 1.69299506261091 1.6321429420089 2.57658077908317 2.16469011798374 1.43306841676242 2.16705567424488 2.82413001914902 3.11291658011089 1.96608440262647 1.7355742706277 1.72808271762564 2.58745833483992 2.67864278200102 2.01530273940414 2.09719656343532 3.47365091114113 3.26579519141582 2.47274833660224 4.76584707691989 5.03618526835235 4.58202885903869 5.16389768175769 1.98802560832204 1.63790939324129
2.19512259090642 3.19011961045648 2.4710725278206 2.18051016974714 2.01250367273874 2.48653415754812 6.65026740879267 6.21674056672863 6.72179884709175 4.8158871110801 6.34914732165187 5.2908660890671 4.425301988155 4.23271348583077 5.19484079865828 5.91910574536599 3.14554998376609 2.30656364405547 2.06553138583575 1.93683038166622 2.32907844794888 4.39253156602118 5.00324722014478 3.7082273076836 8.03683214857437 3.34058996914635 2.39146685669194 2.02823112113177 2.34963544308745 2.15586362443047 2.40068534909798 2.09372301139646 2.3422968433043 3.05479057400153 2.76610662214298 2.60365483525576 3.68148287305849 4.11305215021738 3.30338054126476 2.21507128449937 4.01959186851548 5.02161820342547 4.07576673539178 4.2075207020776 3.89779477337937 2.27891389718569
2.35488655345806 3.04631476482105 2.65715137332629 2.23437559567883 2.83875971709835 1.74975283122636 1.75100008307335 3.37442957312473 8.21723250816495 6.69680866770926 5.51257308791123 5.42538173399031 4.74517029168864 3.39728601187635 4.32913702680774 5.88566152057762 4.07197934100362 3.8620186911994 2.44103060180862 3.27433039887133 4.35733695360619 4.43998647307091 4.72419079573761 9.23841159293918 9.32763742278726 6.94292046616858 5.86590372510545 4.58830518846236 2.6590303488086 2.29017269474391 1.83534171576235 2.46126850031016 3.07166575766211 5.16930038902513 3.07950813125695 2.46281584948728 3.42293850962875 3.24982432935778 2.55510968496411 2.83189794477816 4.72958945774179 2.68587117565501 3.57711419314184 4.2075207020776 4.07639826244832 3.516886831739
2.37989430502961 2.33725108145525 2.48284291978395 2.08939671809531 3.1209473282906 1.41791292637914 3.00890153122528 3.04100111332838 2.62204949737745 2.22408515644476 2.00748540810809 3.69607611211769 3.75641620510092 2.95855763443629 2.69198173533225 3.36688100384914 7.643100805938 3.1884067312891 4.25382184429014 4.40233681685873 5.1154016941239 5.44082086514433 8.11349858800481 6.45966052316424 4.33357290843757 6.05383969983798 4.9897049108509 5.0268061617438 4.48603865707561 5.50946012753567 4.56543346036798 4.38943976648351 4.73169875426878 4.77512706955654 3.69344932607379 5.07631116967406 3.95806061260912 5.27510933007537 2.42594476992491 2.57749426424141 2.95376792474994 2.47158369143248 4.40518001374946 3.76190211331722 4.19971685472748 3.57749283760173
