IBR/IBR_outputs/all.combrep_1/FireFreq_2000_2008_Total.PersistForestCover_Total.Spinifex_Total/FireFreq_2000_2008_Total.PersistForestCover_Total.Spinifex_Total.asc
NCOLS 160 
NROWS 95 
XLLCORNER 210004.651214014 
YLLCORNER 7350008.22228844 
CELLSIZE 4999.99999999997 
NODATA_value -9999 
[rows 63 to 83 of 95, columns 46 to 91 of 160]
1.95074839561666 1.65100927654875 1.6485296589937 2.26804068204636 2.37415970117743 2.79894823284112 2.04513850549776 2.31288103980131 1.78908383948107 1.91946619317821 1.86085754143207 2.13177717444503 2.14055043407446 2.2022196536597 2.73712198425958 2.43961352710235 3.51024131652273 4.01766691206364 3.8441903019216 3.05174188586537 2.21597394030728 3.12582980678634 2.72025524190438 1.47517836130152 1.75411674818333 2.03273661137444 3.75277905468065 4.23355768841945 1.67389018453629 2.00671751603156 2.99322027335617 2.3920519852633 3.13217396603623 2.05612373540021 2.10528925232912 1.49308304327717 1.44830054588909 1.71848670713177 1.46325220394946 1.93971980829533 1.81347746728653 2.39056611380643 3.1914512500922 2.91542422503678 2.97431031688887 1.94226399151341
2.33191167052903 1.94024787483831 1.72965443171317 1.6013959898059 1.8647863535577 1.99943143836309 1.98233927289962 1.90120883399772 1.51588025455618 2.0531771412477 2.42888117327355 3.87050330995053 2.99616971368745 2.73153651764072 2.70232091008704 3.05023770857877 2.61424264122518 2.20620317606428 1.87279281078696 2.25132285029797 2.70968974842961 3.62578848099486 2.63150009173251 1.99359843304075 2.04578305678641 2.44494482698117 1.42285959589368 5.08449603276164 3.55321674492878 2.04732741915481 2.67479833214028 2.63502849442008 3.59530079074492 4.03679645511568 3.63646548511647 2.38185285548101 2.95585199563302 2.33013938467499 1.62707498195062 1.53174029710295 2.61607958699222 2.45809397391829 2.1965982638357 2.25371825852532 2.50934934499383 1.62862423884639
2.15969169376298 1.97898509135482 2.30350801658647 2.31086961310733 1.9995429731355 1.73956823610414 1.86611952606851 1.80466554196281 1.60070400190804 1.93029793199086 1.81555053654719 2.23524661378679 1.76778516623377 1.91863480970296 1.98370407772057 2.30545266609678 2.45589159791751 3.26479032153081 2.58784234171206 3.68629886018667 3.88403956424212 2.75519308020539 2.42558345592338 1.91468298564329 1.99766036403498 1.65934286173312 1.62733904996756 1.66249336062185 3.0166079097023 2.87216847595274 1.76881693366279 1.89718155512431 2.96360073784314 2.68562801179011 3.43421175457234 3.28350278662178 4.02476277691823 2.5680506650511 2.06606858184333 2.10549678868338 2.29945225242746 2.71160194150431 2.44047995964073 2.75871116353132 2.59925340566966 1.68722500194454
2.01653119599569 1.9643645902775 1.70363636548311 2.43486619993035 2.88537203233246 2.1679746769528 2.05451392006896 1.99262271703462 1.91228484755108 1.69493200476467 1.55797688157457 1.80297934954994 1.76876059061712 2.34687969882041 1.95422725033971 1.78461030032641 1.722866886515 2.69002365030506 2.22815445037952 2.58338336185941 2.51461329283466 2.19543503195476 2.1652171776127 1.98759838237211 2.00871278492147 1.57496256210538 1.82207884050479 1.9282746408427 1.79377447828116 1.72869908541718 1.54454063028866 1.59309711725762 1.98303768258869 1.90097855058354 1.90335718195449 1.79855091862192 2.52293957930948 2.27057555688673 1.55428862759142 2.68495042824501 3.42300841146425 2.86391941557321 2.02815386774733 1.80871358606348 1.58042118106767 1.63005538116686
2.52534892837301 2.29629374437516 1.70699208296718 2.57905173721287 2.37254625515038 2.24724371139971 2.18085374210448 2.11650937763374 2.00173891345763 1.9132258371821 1.7358412701955 1.80592268195253 2.34036183373006 2.06860287556564 1.65212284921467 1.75578584328586 1.68571356071233 2.71200257853603 2.88985722409617 1.94300433341844 2.20266360811159 2.13720598580378 2.68620682080923 2.38797780565192 1.70961355317749 1.45970725848281 1.38815196994335 1.57020657328277 1.85370410612708 1.84228633799172 1.63062686086237 1.65086281912781 1.63424495585807 1.35721723462799 1.28230433834875 1.62218034837818 2.24496150962261 2.31915641664974 1.93543127983791 1.63845938131506 2.46752835707773 1.69453805625368 1.54388308283929 1.54252413172488 1.47320421902845 1.46577714918888
2.60229504491646 2.47919379669596 1.8382622056625 2.10165798045708 2.1990680423386 2.12541122035026 2.95354118529272 2.32322478181371 1.80750861308872 2.2385630454782 2.25606830689638 1.99148416918384 2.13410045230707 2.15776214363304 1.98914675275563 1.75315147980069 1.99302546786608 3.31014767198076 2.11266958991949 1.78117887547231 2.34730491327935 2.102275824471 2.26430152873116 1.98405326069488 1.63724293502644 1.68818153468962 1.51628204016251 1.60042870080408 1.60841473498182 2.20066563486764 1.99484690026731 2.00466548100803 1.74560713169494 1.84272010554255 1.50330472116422 1.7492371371714 1.95907958439187 1.99445707412894 2.00983522149622 1.92978702153861 2.60197266781883 1.6662273043003 1.40218218446196 1.32903404128683 1.52516619651919 1.90208171903394
3.50981242709196 2.81446385042784 2.59176885729671 2.37971646380138 2.30429827380223 3.70598354666417 2.08878774872316 2.02572797701481 2.54904543257441 3.15898152554028 2.85276518203378 2.32209141864145 2.33670175119474 2.50490111481392 2.14570812671841 1.80267925398773 2.85482553750187 1.72788139117174 1.80737258395074 2.08903388658731 2.26322532254483 3.7968371064031 2.5941039157633 1.96306359710088 2.06042636320158 2.14849895658056 1.51306168303735 2.36251833742931 2.25933110184393 1.63307537882657 1.44185306830451 1.72026080296026 2.77347809596418 2.19003351635686 1.9229090554956 1.87123517172696 1.66150603309789 1.76282896287372 1.88198853416509 2.39094460953296 2.6243954937537 2.69813766695543 1.87352359594304 1.4347575254689 1.48061069424803 2.26227301620122
4.07639826244832 3.90767958091586 3.71167204070368 4.30522251648049 3.75077890823321 5.0621708220117 4.32484852797734 2.89377219104231 1.92384802697522 2.49156369142862 3.28317532826047 2.99778709801471 3.30263521679007 3.08455009225027 4.20863383205278 3.10546240516422 2.22070738037618 1.72636685446793 1.94497011623323 1.96957093146958 2.50375261931108 4.64650893596492 2.13663692898538 2.87746563549988 1.97804066115763 2.4321554921491 1.58093907969984 1.67723267367001 2.29872525077333 1.98421909893651 1.67020557967563 1.7217496350684 1.75567680274526 2.64825611410037 1.88778028814093 2.16405733859857 1.79373092397313 1.69842108660044 1.80093094840149 1.83945564296631 1.77555969215173 2.92043852668842 2.91207406502754 2.11868752134502 2.39896800642573 2.87551288753715
4.2075207020776 5.39674471460806 6.29859241207158 5.17570879239299 5.2872213520038 4.58702014358035 4.33630413690366 4.07639826244832 3.67310210770999 2.94318064848093 2.13348454794072 2.33998491624515 2.40673080566637 3.31170322354153 3.96024297143138 2.60266661122626 2.40380050692059 2.2433814561618 1.98897108806297 3.14396524164025 5.75884819044617 2.42412506365604 2.36529492198551 2.79940140912829 2.39993401949468 2.70549115396805 2.29171849333438 2.01679852605183 1.51851912637397 3.03608784755641 1.95350115510883 1.66469394531369 1.61690423254866 1.98527210042341 2.04651594995721 2.56483208920592 2.63420607584448 1.77056544686093 1.89892353800515 2.05467868651941 1.84859271255243 1.9980866751387 2.38095466898101 1.75420781575538 2.08114295923993 2.59597202815329
4.07639826244832 4.07639826244832 4.07639826244832 4.2075207020776 4.07639826244832 4.33630413690366 5.71373138279938 5.91574366588493 5.81564659715551 4.32239075383622 3.96755056105408 3.96159565586814 4.01534686926401 3.66710656426625 2.98265673787704 2.4418720341107 2.2895619205483 2.17902061315496 3.93320571278744 4.41171411135034 2.91038285860509 1.63515329000908 1.59471687569799 2.26967959242475 1.81185197565813 1.90074298240373 1.75105402593711 1.46458727327421 1.67214640897759 2.88773424027613 2.08060770311725 1.75127944758627 1.69960755197519 1.56642048246296 1.74229618436085 2.37174104013965 1.65199277792256 2.41531406859465 2.69569080629518 3.05086012049915 3.13557757693665 2.75041604155213 2.43838712898464 2.00076397636227 2.11801197199656 2.64817035540738
4.07639826244832 4.07639826244832 4.07639826244832 4.2075207020776 4.07639826244832 4.07639826244832 4.07639826244832 4.07639826244832 4.33630413690366 4.70903396623519 4.07639826244832 4.06202978149959 3.97580632527331 4.07229240206145 4.38626570063779 3.86844148373399 4.32905829758017 4.85998967328015 2.62167021723031 1.43487231221478 1.70110847320091 2.01154212477073 1.98234199495771 1.63479265974481 1.48504738862567 1.6573692614779 1.90123115304974 1.87155004161032 1.90075455085165 2.20647937890669 1.66541733266557 1.82587796067462 1.57373758173495 2.29006602558009 1.94202630885294 2.30431749859734 1.8068886330956 2.07812632239701 2.87107932479762 3.39360006409212 3.13266988026388 3.75802958204808 3.28541149894385 1.4269344898982 1.69014055928581 2.64123843645266
4.07639826244832 4.82887122192029 4.2075207020776 4.07639826244832 4.07639826244832 4.07639826244832 4.07639826244832 4.07070503823195 4.07639826244832 4.07639826244832 4.07639826244832 4.07506033627251 4.07639826244832 4.07639826244832 4.00669840387924 2.90442635724325 2.3171084756456 2.01667965036479 1.5419756501965 1.51463866097394 1.52576885040785 1.87899000475233 2.18035473227149 3.14663109616852 2.3517357963601 1.71532040851842 1.8597421889271 2.13942003965491 1.94630703410087 2.27744330641303 3.71615142623215 1.89600004490162 2.63287195849894 4.64197047160392 2.95479240334827 2.48580395124404 1.82164397092686 1.67595348169003 1.74343977006113 2.2826012808482 2.59449831450794 3.03884751950151 3.74591345817224 2.71389648595814 2.69432278020137 2.57206181618896
4.07639826244832 4.07639826244832 4.07639826244832 4.07639826244832 4.07639826244832 4.07639826244832 4.2075207020776 4.46279029085632 4.2075207020776 4.07639826244832 4.20333850321627 4.19690869660036 4.2075207020776 4.58702014358035 4.2075207020776 3.97343208886494 3.34568612225605 2.35652588849742 1.64478718194417 1.64656836927164 1.53704606923344 1.66107961056256 2.66270193789486 3.08196119947832 2.0209059474156 2.80096756118034 1.98739897863115 1.77802745961298 2.31584239911303 3.66809002782022 3.48694340327089 3.25984133005095 2.99429964026794 3.27104881146436 3.29124548596225 1.92690732722193 1.74657557662559 2.42507287801025 1.73710045082913 1.53053807076738 2.20841268252411 2.28797921266501 2.25370976755456 2.40443720476583 2.3579990280772 2.53649170985168
4.07639826244832 4.33630413690366 4.07639826244832 4.07639826244832 4.07639826244832 4.33630413690366 4.46279029085632 4.70903396623519 4.2075207020776 4.2075207020776 4.06215839695782 4.04932988055861 4.19690869660036 4.2075207020776 4.35458974535869 3.96589511297456 4.15760683985293 3.64711265216748 3.51015583238964 2.67456144706434 1.88483882314819 1.88199612001861 3.05707473994604 2.01455891415965 2.06063843437938 2.02276545225075 2.26927996024901 2.18942460140291 3.23231285349537 4.44038301121951 2.8640005229976 3.26586748638725 2.76773371370492 2.48947832711061 2.60697274532699 2.63708813081644 3.8085455261287 4.04932988055861 3.43958435114735 1.72447920810747 1.56731374326095 1.92546386425395 2.46534911268766 3.84890041078426 3.29319531188593 2.94171412067882
5.39674471460806 5.17570879239299 4.70903396623519 4.07639826244832 4.82887122192029 4.2075207020776 4.58702014358035 4.2075207020776 5.39674471460806 4.07639826244832 4.46279029085632 4.30155148298078 4.01962470978292 4.06215839695782 4.65320310642252 3.55377898926438 3.6936156272035 4.07462335648908 4.05784786645591 2.96064212451009 2.68298152339428 2.13367240402102 2.33456283099896 2.86055560652149 1.93407181746793 2.32364647955188 3.42682998674808 4.35284684209819 4.08854383127224 2.55462294814856 2.45157413956642 2.20051369412673 2.23595162664383 3.24161248189176 3.95009188987074 3.23369479623113 2.99158296851005 2.55821819866734 3.77405683344372 3.8977365243771 2.54764862769025 2.95103693858226 2.24371763972493 2.23897743538721 3.44287314281882 2.62283609815933
4.07639826244832 4.07639826244832 4.2075207020776 4.07639826244832 4.07639826244832 5.17570879239299 4.70903396623519 4.33630413690366 4.33630413690366 4.2075207020776 4.46279029085632 4.7063027377691 4.06913147197241 4.06749277718035 5.71373138279938 4.46279029085632 4.33630413690366 4.33630413690366 4.2075207020776 4.2075207020776 4.07639826244832 4.06236609194838 3.52708938318678 2.70732393241433 2.16383276691589 2.75141063568923 1.93528533884022 2.07667265889326 2.13613426574428 2.2340235708968 2.05513885852942 3.75588402169762 4.07554822854072 4.19690869660036 3.23120445984004 3.97916754639604 3.6752323547195 3.34186803274921 2.68533316646466 4.03296715970701 4.01943117525577 4.01854924629839 3.0608287180512 2.40511755751978 2.5652718291301 2.22638724598013
4.07639826244832 4.07639826244832 4.46279029085632 4.07639826244832 4.07639826244832 4.07639826244832 4.46279029085632 4.15987760129566 4.19186968766893 4.46279029085632 4.07639826244832 5.0621708220117 4.07639826244832 5.39674471460806 5.60996515157426 4.46279029085632 5.17570879239299 4.46279029085632 4.2075207020776 4.07639826244832 4.2075207020776 4.2075207020776 4.07639826244832 3.82442092782289 2.69170804284306 2.22375062010391 1.9634368900871 2.33822687723096 2.00045352622112 2.88533928783403 2.24032651933319 2.03850899661041 3.38009298412471 3.90537635053784 4.17273567481558 2.90817344369693 2.8202324717239 3.70958186757636 4.0225633708079 4.03296715970701 3.98275722109989 3.779201910525 3.13130359264468 1.85605915975117 2.40481920684013 2.67373051267536
3.87704630773335 4.06453286608754 4.33630394009603 4.05522679355772 3.97036880356853 4.2465361050528 4.62642593917628 5.05514268427195 4.31883693987323 3.38820544519603 4.02973875264956 4.07639826244832 4.07639826244832 4.07639826244832 4.07639826244832 4.07639826244832 4.07639826244832 4.07639826244832 4.58702014358035 5.39674471460806 5.91574366588493 4.94657082543823 4.07639826244832 4.07639826244832 4.03117917391846 3.33136843293106 3.38110148588991 3.17154148953037 2.33323476515554 2.55258041199294 2.54826250707943 2.41829009230178 2.37218955597297 3.45626880126238 3.45774031166268 3.58267101919792 3.58902477344784 4.02764499156113 4.13753548334982 3.77824616016988 3.48866741190133 2.73409642663228 2.73272728977817 2.55331187385387 1.81985699987403 2.69336182365033
4.44975700245828 5.00750237938093 5.13804522730066 3.75958746109189 4.06109302999266 4.46005906239023 4.04526735947897 3.90648385239587 3.97638582359023 4.80433366402654 4.17230149974326 4.68021094801338 4.2075207020776 4.07639826244832 4.07639826244832 4.07639826244832 4.07639826244832 4.33630413690366 4.82887122192029 4.2075207020776 4.07639826244832 4.33630413690366 4.33630413690366 4.07639826244832 4.07639826244832 4.07639826244832 4.08442360968613 2.68441547635079 4.09337634761733 4.07563323109503 3.88205730623631 3.84634040792991 3.42955009920235 2.77031782411816 2.73060716006794 2.5342725541813 2.90461704535898 1.70659301235455 2.73512991654413 2.14469196402307 2.30628209374617 1.91958389746408 1.41271556234297 1.93368972614243 2.54834068972686 1.88320618048435
4.86390666334727 4.93725823840554 3.92518871581853 4.27867115238044 4.50762790299317 4.07289867286166 4.05613386368462 4.07070019609806 3.9946725904342 4.79062976003076 3.86756402938888 4.0326848788622 4.58702014358035 4.46279029085632 5.0621708220117 4.33630413690366 4.07639826244832 4.07639826244832 4.07639826244832 4.07639826244832 4.2075207020776 4.07639826244832 4.07639826244832 4.07639826244832 4.07639826244832 4.07506033627251 4.2075207020776 3.25589298035622 2.22991016642877 3.53360644448561 3.80670844554634 4.07952814300846 3.82832867362252 2.544039026644 2.24848105298601 1.73194508970387 1.53356109379353 1.40590109721386 1.67339737803145 1.64261153038796 1.92023126849149 1.53709826859251 1.58465903463196 1.46760848846639 1.89427623065799 1.90167766612582
4.38180803417095 4.2075207020776 4.70903396623519 3.9950434675277 3.87864339258714 4.07003215484609 3.54551929675869 4.05948692263618 4.33630413690366 4.2075207020776 4.2075207020776 4.07636370107262 4.07639826244832 4.07639826244832 4.33630413690366 5.17570879239299 4.07639826244832 4.07639826244832 4.07639826244832 4.07639826244832 4.07639826244832 4.07639826244832 4.07639826244832 4.07639826244832 4.07639826244832 4.07639826244832 4.2075207020776 4.2075207020776 3.79760134173329 2.64714179670742 1.96836361471397 2.00732317507136 2.70853083555609 2.96830353723713 2.19564530386931 2.29775033262074 1.51302984245008 2.32226921497544 1.53042234889148 2.169228488763 2.21697139092776 1.83722792223935 3.46059509975606 1.92807025914461 1.69922801571291 1.80049045802522
