IBR/IBR_outputs/all.combrep_1/FireFreq_2000_2008_Total.PersistForestCover_Total.Spinifex_Total/FireFreq_2000_2008_Total.PersistForestCover_Total.Spinifex_Total.asc
NCOLS 160 
NROWS 95 
XLLCORNER 210004.651214014 
YLLCORNER 7350008.22228844 
CELLSIZE 4999.99999999997 
NODATA_value -9999 
[rows 42 to 62 of 95, columns 46 to 91 of 160]
1.49986319345915 2.16262921836812 2.29826269624434 2.48547668899372 1.95063134304902 1.80357160479342 2.28799849935837 2.78835147595813 1.85037003531469 1.73521500516285 2.76745650999317 3.69043871279172 4.69413664644577 9.51683366990053 6.94708970391036 2.09989908166445 1.75235647187216 1.49528743013892 1.48576305171378 1.66497574993803 2.04074861481883 1.79537050228239 1.56737321260751 2.17783752317193 3.34996054221343 3.9790137754263 2.9473739362627 1.64228668186052 1.41516851777548 1.58645645317381 2.05634818547221 1.52161479261435 1.66080639030492 1.97294748323191 1.45966497326392 1.19604219408557 1.25607278610898 1.76414817909648 1.58693720195933 1.65432633493021 1.87844891208535 1.74805525878864 3.09062409618308 1.95004019884219 1.70754367578733 3.14002185545562
1.68001475985023 1.59793811252386 2.20805257264869 2.47283298593042 2.61568024946402 2.14319036578972 1.75824651087207 1.84873970666104 1.90390670230667 2.61493242359563 3.70192131204625 3.95383876609004 3.18888976394285 2.41903991823701 7.72423932796766 5.20563717729319 3.01591901283601 1.70030830206886 1.7074645088578 1.77410866761067 1.80621258458124 1.85869016276133 1.60448761452421 1.53966175085339 1.97237207538249 2.99772479269576 3.86638515304073 2.6051442312867 1.92081087268184 1.91828481541462 1.44259344484437 1.98451364486882 2.9165098181114 1.48925844873919 1.41232104530885 1.26661699509414 1.28524828217196 1.89525204673213 1.6604035692672 2.00448336604416 1.58126717550092 1.69658669267991 2.23635819929095 2.19785805940278 2.02543407173826 2.3958102089694
4.29835223899958 4.26342168122312 4.50367355242139 3.13745100809101 2.18567220715938 1.78686087199007 1.67951232331288 1.97922697775971 2.48975042832141 3.44376065801762 2.76338066877674 2.13787593781776 1.81590942839738 1.42884352622159 4.04897165385191 6.86371590299057 7.35616667664281 4.40107256697668 2.11069331250364 2.2810188402544 1.59593339810398 2.77739318572108 1.66023953960883 1.40242097367352 1.41078616508805 1.35475591666967 2.48069030337073 2.75655087779326 1.50173152902258 1.63473636810206 1.3545871992918 1.82795125148865 2.00141144229627 1.41483067159614 1.54951929326693 1.35801710924287 1.32812678695712 1.32636442452557 1.52907487725368 1.54390976564602 1.41669662919455 1.74360565412562 2.21273481105577 1.92318968561805 1.98997129141843 2.47043784509965
2.31416346539648 2.00878915882496 3.76573734943039 2.60986794136221 1.69096333961201 1.94295686841866 2.66008226983252 2.46097430525685 2.38990431902742 2.02179619464991 1.95170350043418 2.08527493139495 1.72723900503958 1.35038852510092 1.66775126223392 2.15647264740276 8.25118989578824 8.129137755684 3.84542709872194 2.12793365603353 2.35527066931037 2.52848720543787 3.75916803460953 1.44802239469723 1.44260016345125 1.33393410076331 1.21689070716163 1.83637246597785 1.45235327853389 1.69492461924498 1.41011584104016 2.5240429511796 1.26725106713911 1.51850204833122 1.61673658187608 1.67506472079991 1.3927904178615 1.31725778841041 1.51047263007173 1.26803503682831 1.35728646377092 2.43447197940776 2.85449389315432 3.02902606650572 2.30374792464925 3.45542978937725
1.60869440454041 1.67140044203185 1.58646948199828 2.38695899050927 2.5914512800988 3.13132721231826 2.81908823533713 2.11917158493895 1.73293776985974 1.70995728681369 1.6789886720655 1.76862821151374 1.66758541555468 1.50970772934957 1.60708817637413 1.19424489972408 1.67336495192681 5.12315793501641 5.02044624747173 4.47987118318168 3.10961153464547 2.31424454429452 4.02431847337414 3.03081378360634 2.62259583834278 2.1944387632702 2.8832851373678 2.18916629828873 2.12011895471573 1.53819957591184 1.61244581488489 1.76893027234368 1.70659705057658 2.07582083927497 2.46689533772422 2.5381772873365 1.92474918424989 1.38743383615054 1.30714272336657 1.21139551334732 2.06926062625804 3.12927846504114 2.55949985589426 2.68158888438209 2.68753717416266 2.92641041850825
2.00588199850212 1.99336840994236 3.02265341830103 2.56617613279446 1.99635506529242 3.11924914659717 2.12234541780924 1.57994470164782 2.1486911967288 1.52934136359314 1.49566441322218 1.38446949533067 1.48436270102648 1.43959732713025 1.23417667530695 1.46003147810423 1.25945776852553 1.37005379752784 1.78292925413222 1.7702052244122 1.51930255757054 1.39020892300448 1.4221305821928 2.43935315954248 2.31227275060554 2.67412939103165 5.28846724633471 4.28699002841435 4.06734940729241 3.68185784060474 3.05352177022498 2.24935577060404 1.58828190640709 2.10662786699027 2.93265860091612 3.51288008107543 2.42651457304743 1.70597129951484 1.49298191929408 1.85934545587744 2.20495179461537 1.9195257452409 2.3758471307961 2.73244994223706 1.67786930329418 1.88590879915853
2.23504023953179 3.1998379629115 3.17043630922207 2.52677836609386 1.55890576378025 1.70272210739908 1.98076793109636 1.73756838275343 1.38451422129876 1.62739497428771 1.83966029111538 1.62581896653475 1.42466390966714 1.31691336352761 1.35012249972128 1.55815644616961 1.39190253654179 1.16852193034839 1.32875206880967 1.4281859640467 1.5366471946292 1.33234858647571 1.30746549143125 1.54689005446805 1.65320502634743 2.02516129016498 3.28894593217832 3.7530229481322 4.38461865167857 5.90847687540903 4.41354560322979 5.80777447939604 3.58454931500886 2.48944866314697 2.72059695072653 4.01958659074621 2.51521204339233 1.79645371988552 2.50902981865197 2.75659577723805 1.79779307099246 1.58516843071258 2.46835093961257 2.51655012936716 1.85887795963242 1.98958317780158
1.97050471807011 2.03527175521083 2.03959887744128 1.59515185528245 1.74791648573641 1.66302645161063 1.92820532621935 1.44240049463379 1.3091633702192 1.42502604393953 1.3725224036904 1.35533335284011 1.42062912233744 1.54831269692548 1.55176105564844 1.4617102702292 1.49021516138749 1.53033459552735 1.5253370604232 1.66295066492685 1.64770604309629 1.68520244936715 1.36078790834155 1.42173130841632 1.43719084556152 1.48277459504575 1.48039610312573 1.55066979844272 1.66652013136128 2.46617852571814 3.43929966115318 4.34402471621831 3.66719289264354 4.70665918592011 4.91501596394442 5.05798862315037 4.72647797139308 3.20873197208573 2.71090351809068 1.85239688523873 2.18167743839241 1.98103367746453 2.11234340520256 1.61846928144667 1.42895108815488 2.26034309830855
1.93656283368743 1.91567850762572 1.86711540723965 1.97949076606963 1.88409648619507 1.46754284938897 1.77986769259731 2.33798920646328 1.57255685692179 1.4564897007431 1.55457069318538 1.42737295087814 1.31324544651948 1.25289251487852 1.41101451103928 1.59449920634304 1.35694989883691 1.3224690045285 1.30966380322201 1.61696353863989 1.74707247419188 1.677076541095 1.48410895861729 1.46590154172505 1.60488249714942 1.27137514396025 1.26666436088031 2.23206495847874 2.11153292926104 1.58825811837364 1.74659713482868 3.10871159095965 4.54178508875847 5.91716088147326 2.18980502572228 3.98237896330241 3.1564550256116 2.20766835500491 2.10843888375979 1.75269485657329 2.81559319742098 3.06549725888659 3.39920488427313 2.56714368233778 1.40196056327646 2.00283108945683
1.71907673992456 1.76381560274877 1.76798007802758 1.8520513678467 1.72864058184904 1.54464109795257 1.73045427930863 1.70871248651276 1.87481881709602 1.97187652921346 2.03124086638345 1.41041203926225 1.64301407211837 1.33487201864636 1.33005760917649 1.45222575351495 1.37211016842888 1.37955042370318 1.32759907068305 1.63399747798397 1.85726969630196 1.64473465100831 1.5373537696907 1.50958819192189 1.63955987988006 1.39886206225207 1.49254371032821 1.60765112059695 1.45500085339939 1.42710333034096 1.88206863476354 2.13125072178132 4.00158432313067 8.11831788633475 3.00582040713119 1.90897165729506 1.46359341185158 1.6549574629613 1.50692571052471 1.71686275591114 3.08116257704862 2.46144285936648 2.14893506727673 2.74977992847459 2.48039091870616 2.14232305113229
1.83226154876322 2.04781982320286 2.54584911800833 1.80552406776769 1.72304264788066 1.89549534836029 1.63777214003129 1.97182226869404 2.04224532130366 2.17120763112928 1.99699556457952 1.95392445893904 1.63054568966499 1.94127085835474 1.66878857617518 1.36110912616533 1.36730010733155 1.39783369344937 1.55578069395422 1.55000435677845 1.98495777614866 1.84192568302131 1.81350400868811 1.69479668047675 2.23335061895507 1.93919119091807 1.33681213311545 1.42472379866127 1.31928529639336 1.34067842422621 1.82213466502056 1.80948529234481 3.08035897102922 9.06116432289516 5.01126018606741 1.90263175297433 2.81076522447625 2.40735380097445 1.67360002048455 2.01423247812062 3.94916195253361 2.0195945489982 1.73508988051485 1.95967037163579 1.78090838851613 1.9561259939045
1.78061685100678 1.87043674175585 1.72276956858084 1.69280302586361 1.68003214659695 1.57190325835691 1.65356582827867 1.80388797713893 2.08137316655993 1.92021703970946 2.0234251572501 1.93988753091495 1.58660030571013 2.07249214487836 1.36340020395646 1.41245960364791 1.48078294980869 1.43842012794385 1.31175826460117 1.3601281808467 1.31803577555579 1.45335381558854 1.40998725171631 1.60040388338131 1.61714703439396 1.59998480131235 2.27635140613556 1.44241613294111 1.45738450462278 1.95130316801841 2.56619991676067 1.43201583074935 1.42032710020676 3.28798742078238 8.51255515189969 8.17150571524533 8.37202867085227 8.72585130600739 7.3652090248148 6.6132262604249 5.12955310940304 4.19108843665367 2.83603366274444 3.03003933609597 2.58587575491351 1.55941127469714
1.61952429303503 1.72115055877711 1.71984364199258 2.06655593232824 1.8146580112799 1.49873682234344 1.66594260541162 1.85490227882408 1.69423725928928 1.68740098481123 1.66165988611746 2.34392762214129 1.77331743223661 1.62763488063691 1.43743539859728 1.45899404315625 1.51586263396553 1.47749122774885 1.7724129949157 1.33406209879391 1.40786887884349 1.48460482878433 1.43440479045831 2.06399650099603 2.11669801883252 1.83865623702344 1.72890756710196 1.57443922218318 1.45805410607743 2.11991411086734 2.00013919183024 1.66768539982546 1.44400836727968 1.44239946995097 2.24657409013235 3.42327582023872 3.04623048352607 5.44792983133557 5.37631298082362 4.06215839695782 8.38409075623944 6.29859241207158 7.21366633463736 8.25265519855402 5.13102799350841 3.50814315881259
1.62436971867577 1.76057530138695 1.74479892246644 1.51367419890053 1.531544766621 1.52228169538302 1.81318673552323 1.70562075769699 1.47806476080441 1.97917965619261 1.49067741950527 1.51763633613209 1.44827433295428 1.66037300599919 1.58469980709804 1.70629967972308 1.53029368254095 1.5740821481181 1.32053416049709 1.68150253328586 1.30942191636194 1.48016258727469 1.36236301186372 1.69184584257375 2.06805597006994 1.8506309839401 1.63663858291214 1.52886020518758 1.4160297372431 1.42964346693132 1.5912679208924 2.12348670828117 1.61821137090429 1.45985236930306 1.39330763415108 1.38987471077625 1.51018578892072 1.47312325263011 1.74960460230563 2.69224584138947 3.28122406638308 7.95597399581307 8.92176574481296 6.97396241184304 5.90150380039443 6.98065834469352
1.86723620348268 1.70896027631209 1.71592139664085 1.70068658164263 1.63247214736764 1.46952627048227 1.92673194337741 1.78361648423017 1.77162189537741 1.53538741140164 1.78044119571771 1.7315756221266 1.7035354254844 1.86319159899592 2.64047992571143 2.46759726389738 1.86953112470551 1.46624688414617 1.3522294922354 1.4154377163131 1.30496499272943 1.53597658979664 1.54681185661312 1.82967236392666 2.01819642406144 1.55182349345078 1.84103384711494 1.86140597003575 1.73868294935209 1.59317275636645 2.03226915309876 1.95768324277819 1.71741450044965 1.91117929571962 1.42548035911246 1.72877261998415 1.6096242396421 2.56572883562828 2.15895057443434 2.63614862874738 1.88032408093023 3.08542961451247 3.69443510033526 5.45448244325388 5.97652634439196 5.19629928025785
1.66646721044795 1.58916798847216 1.76589535632313 2.30794473775962 1.61399071940005 1.63915434931708 1.9161735032732 1.57135027474054 1.49618683094708 1.49549904847031 1.92802574979159 1.85640355225121 3.14636277099196 2.57564641181958 1.54940019552243 1.55908464702881 2.73383088632975 2.21164020195201 1.9707486903953 2.16352947399109 2.2892669647955 2.45357504455562 1.81912819384355 2.00801038794265 1.91231482908376 1.80052639237054 2.42799281863121 3.98763771561212 4.05761791240368 3.31331439763841 3.97470812842433 3.98686356066254 2.34712788899086 1.67423768489483 1.82657441181179 1.87086194945337 2.00263154780625 2.28739806967585 2.79328316800753 2.81539794736724 1.80229661046948 1.36950863921736 2.21178585948187 2.13155686411345 2.37261751627794 4.194955397231
1.938920805019 1.80317841174039 1.56150657550392 1.86427496450055 1.95857137682909 2.15466484746487 1.83992638268419 1.67281670446764 1.98735936884944 2.18208740144087 1.94875817400927 2.06267609946374 2.96041367552321 1.90311824641382 1.59698080633669 1.70048096659486 1.884833350621 2.91563316592365 2.01159511437232 2.24322152202239 2.60231368501049 2.64066689507708 3.81931567227367 2.88715360462812 3.11639139198366 3.20128678624428 3.12454309777578 4.6803940493378 4.16698084994344 3.15716883426762 2.42116394791443 4.02095052097911 2.44267911920768 1.74831716196305 1.63426229506036 1.59274939861037 1.47239911704917 1.33835667283239 1.56426460753758 2.82476390665277 2.30796922855625 2.54792405597186 2.0651959992644 1.65519188210824 1.43620833395362 2.55482790986298
1.58475532236291 1.53143760087729 1.85301016533949 1.72625814431323 2.7464881531906 2.16627286814314 2.20826229768512 2.29364318130864 2.46560997138238 2.11152416637098 2.10534180432435 2.36622062599236 2.1015861839213 1.71259368004949 1.77255810648807 1.81669608763111 1.92887844037485 1.88636460455528 1.84397701958718 3.33073316945114 2.90206358653713 2.96419719434362 3.63159963054927 2.38288589086502 2.84008728403631 3.5953218384995 3.98759389823272 4.1872563033139 4.06853231121626 4.0459163103214 2.14882156099216 3.37872706197194 2.01959447964599 1.96122655409094 1.40768351806342 1.30001836077074 1.4697025495459 1.43738171337223 1.54153944095092 1.78319792596858 1.73903451058611 2.23499305757486 2.22843152827076 1.79285333987308 1.98468799646844 2.24390320836663
2.08417662683199 2.00061501264467 2.25015385849025 3.0213060176386 2.48925066698637 1.97791926482986 2.0474737939982 1.67566281362181 2.10028945700717 2.46783763650721 1.96374894106988 1.70077495157621 1.47699195607003 1.43416074221248 1.61276501328279 1.57265179737754 1.7317279346444 2.0055480312158 2.07324433648372 3.00471482520813 2.8628983190898 2.89576624877916 2.36756444901822 3.25418838290898 3.91148930864207 4.46279029085632 4.58702014358035 4.10973783229466 2.60610839075739 4.29468277867055 2.38054707864762 3.94422935507022 1.93144279054279 1.92286628330705 1.51195439246596 1.52036100958175 1.70502671291862 2.45745314687347 2.01607991653564 1.61501114981003 1.68298901972105 2.37061463455939 2.37978829305586 1.54907932485367 2.04739672565317 2.45583286751974
1.93124329842091 2.06330234919593 2.14157603497749 2.40069947517132 2.87472908302126 2.21743953275929 2.32057893109262 2.52862362218226 2.17037183837597 2.18744026449651 2.45983955236434 1.83495542478456 1.5815238987316 1.73396350604406 1.65590439169609 1.66255384621852 1.70803137453558 3.26261878834016 2.11599081860083 1.70384732914645 1.80538924966701 2.76715490107629 2.25428949064419 2.74593714886144 3.05930237698754 5.47026578957319 4.45388480558835 5.39098441317891 3.48343800503022 5.2324989841898 2.54069509259223 3.38048324817449 3.17154436099847 2.03616511784741 2.16380971028107 1.61023795261505 1.64497462964054 2.21073851762455 3.85486188644318 3.19389440772259 1.68840106843204 2.2089420313401 2.43902669458018 1.90850719824517 1.71460871908704 2.945382791313
2.3296572841726 3.07499769492373 2.42744591019453 2.41559503424189 2.50695856641639 1.90582434642738 1.72924948383034 2.31736270401998 2.28555391029977 2.13464524701882 1.76790320133467 1.78889263309218 1.55927508807783 1.69982920366673 1.94493746970581 1.8146319191994 2.30078113768027 2.93993767888343 3.01878980496077 2.45411494300704 2.28655148227682 2.3857130970311 2.71656433654988 2.10460689001384 2.13651763996518 4.08691245746704 4.8602800118636 3.03220120350404 2.17493862241602 1.64837074060499 2.26903821242442 2.47922442286128 2.6392499990233 1.54676214599311 1.80655651189054 1.47367887629731 1.39797595012518 1.55660489997912 1.82910691338815 2.08971388381136 1.39617458814427 1.69955644998377 2.80975601216874 2.96889584342548 3.38367795242039 3.05733064649514
