0,27.2617343963233,23.2654815389882,26.2525646705444,32.7439255395465,28.7382500582911,32.2235093858247,28.9706657128182,61.6117803695072,64.0962992437519,82.1002484380486,52.7246629385592,53.6999382169679,58.6454328866412,50.1298713818906,50.7788259558253,54.1526847276812,57.1148272969275,55.0989807214988,52.3792241197948,38.5188121639206,40.3894826615466,38.6639960815571,60.828677630233,92.6796537755276,108.015392299264,56.3605713056086,56.3816365178815,53.6415003571119,49.1416257352386,48.4766645756215,55.5021473691249,61.8854742094057,41.3477172623049,52.5017463103688,51.6779703823786,51.9272957711466,71.0195202552693,76.0051253360033,80.8675040855045,66.3273886767659,66.8771501781541,67.6786200896708,67.2519732968242,73.3635696015088,75.1154740181623,90.0260612990339,73.079597104457,85.2816662177234,74.4422223471013,76.9920877836827,45.6356995251185,43.8448885963773,45.6026202087075,44.9584546735886,47.0057819025104,43.5734394877957,43.4307569963259,33.9834509768876,36.1561626374425,36.0692684044978,35.3612606336472,35.4097529026833,93.2764442444781,39.6265697685097,49.4583882281996,81.1444075606229,81.2697777916916,79.2079790600734,75.7116882225985,68.974205008472,68.4220102320431,73.2191499103477,71.8733440278106,68.5021383496873,46.8439460353338,48.2247017907872,56.4464111877684,40.5620031915341,39.7788774206263,50.2861507539862
27.2617343963233,0,27.2688688573078,25.5491128983423,29.1136644360402,31.3076547713925,34.213734040544,29.4457153399652,62.7501842861164,65.2399062143672,84.1967745293763,53.8856904851915,54.8552993686867,59.7982336778793,52.3683849557474,52.9774356298322,55.8179745393454,58.7970131916261,56.7562250034967,54.0731268551765,40.8833311187995,42.8063296784629,41.0855688628753,62.7078942063093,94.8573325313442,110.181293457401,58.0904831693387,58.15530596792,55.9485584442885,50.3219155217682,49.6535170061534,56.6813254413268,64.057919340362,43.8161972170717,54.687653808023,53.867816075705,53.1005028265105,73.1356259886733,78.1247042590707,82.9853148376745,68.4309812941591,68.9803120337851,69.7800905060581,69.3531301745008,75.4685024272686,77.224496404783,92.1325761188954,75.1867076846777,87.3883422945238,76.5487385078795,79.1036709404198,47.5566053688375,45.7867357539028,47.5635692129697,46.7939005765749,49.1395874213978,45.6966540603118,45.5191654499099,36.5334539769837,38.6524572475142,38.6532028037418,37.9664182393735,38.1419751073589,94.8321575274978,40.9862062335263,51.0295568913969,83.2776554904301,83.404944058788,81.3422139033693,77.8448842564834,71.06941980259,70.517254357897,75.3210425848643,73.9756513613524,70.5911414740715,48.7229636431384,50.119918217275,58.5322275679228,42.7035825734696,42.6145245546092,51.3784323349967
23.2654815389882,27.2688688573078,0,29.1225998981745,32.5098899645292,20.0662243414869,25.9735601205858,21.5369910412352,59.3561701858065,61.8303790070749,79.4184358186065,50.5630858331234,51.532094428067,56.4404875689387,47.4960595299899,48.1038373726334,52.5682885003478,55.5144313418713,53.4976322553617,50.7920180737413,36.8584051556021,38.5728747147053,36.9156884715158,57.9716229345192,90.0874646488474,105.406950073828,53.4896309375511,53.5034351287105,51.1506002146026,46.5122103502685,45.834779688832,53.007750360528,59.2702247346484,39.316324726197,49.8053356178804,48.9732517385316,49.8088107373591,68.3519274790762,73.3411163582732,78.2024813932127,63.6473096224112,64.1972119774262,64.996727123635,64.5703203607284,70.6878081728073,72.4433430046308,87.3522112752195,70.4056536340675,82.608176366905,71.7679141771586,74.3224132848618,44.0818517808064,42.3034029684096,44.0338229653384,43.4250268097879,45.3332441519635,41.9330557853258,41.8230389931545,30.140822146319,34.542143147383,34.4213150015744,33.8288085764696,33.8292285180012,91.5857512818106,35.7397926457284,46.4471189831085,78.4965854145387,78.6239632584266,76.5611314974836,73.0637019133453,66.2893033633158,65.7368734081392,70.5406574454521,69.1949876494339,65.8119712814714,43.766727076382,45.1805388547557,53.6988192485487,37.2484205990134,37.4460728184038,48.0223408797617
26.2525646705444,25.5491128983423,29.1225998981745,0,23.5880477149124,31.4028603885844,33.4676685864949,30.0557677829169,59.1154206752728,61.61627858909,81.0028063381615,50.1433917637014,51.1204005857425,56.1052479937131,49.1285381804302,49.7760430672899,51.439506885048,54.4401007472287,52.3975490451632,49.7015069275855,36.6973078708602,38.7876984015215,37.0016297520909,59.6826266037581,91.5772581699743,106.916819595168,55.0837912480901,55.1537310821028,52.5743807832832,47.1015601100279,46.4476109860699,53.310146530382,60.7999868706583,40.018473975856,51.5062897111305,50.6941087612135,49.3091470087564,69.9279181360919,74.9135562139362,79.775150208895,65.2352623324674,65.7844666732454,66.5861173834286,66.1589353638083,72.2686836590832,74.021183415163,88.9309265500885,71.9851371596895,84.1863498460303,73.347521833837,75.8979967030603,43.1715700859064,41.390373285248,43.2006452441049,42.3742443283262,44.9132214200277,41.4352067051107,41.2174125076937,34.238787668969,34.4595480170193,34.5213477491729,33.7312452617948,33.9980784097316,90.5704807139847,38.9615163622482,48.1667746737621,80.0509852726968,80.1763452856488,78.1146070110145,74.6183708018741,67.878387555982,67.3264434262454,72.1238517271803,70.7783253313934,67.405179570054,45.8980774759429,47.2644520910807,55.3999057703835,40.059818609522,39.1792107204855,47.7574417709027
32.7439255395465,29.1136644360402,32.5098899645292,23.5880477149124,0,33.8111640521781,35.4392724161395,31.5946155580153,60.0842055154149,62.5907389278715,82.8682484986122,51.1374950960423,52.1081258842069,57.0899263699249,51.1181622970579,51.7284544084859,53.0123717793998,56.0276688551674,53.9593439296195,51.3032923835297,38.9354347371613,41.0380197920099,39.2696507211674,61.3489019950263,93.5212283596071,108.849040056572,56.6175617132342,56.726641874793,54.6365231959263,48.1235147489843,47.4672326809134,54.323745219945,62.7369217938278,42.2729548985892,53.446082125608,52.6364500495623,50.3173215922342,71.8115607169047,76.8005259912928,81.6605048100374,67.1069644027627,67.6558107324843,68.455823818713,68.0283935599676,74.1419406685948,75.8983037897486,90.8057248510524,73.8604407544851,86.0613205429772,75.2222790069368,77.7775533805076,45.0090900490889,43.252101922562,45.074672500058,44.1305998360762,46.9350462794622,43.4534774993529,43.2089792856887,36.3915516754053,36.8214896733119,36.9449681412723,36.2032200914789,36.5524177970284,92.0148299446292,40.3222734541044,49.5675257063833,81.9512674360631,82.0784705754466,80.0158313129483,76.5185917082015,69.7424209128779,69.1904812710441,73.9942340375607,72.6490781512123,69.2633732389912,47.5655409041911,48.9452406130634,57.2508908392106,41.9359877964701,41.6481631036353,48.6758639823619
28.7382500582911,31.3076547713925,20.0662243414869,31.4028603885844,33.8111640521781,0,19.9656915454844,18.9678342855427,58.8454995547549,61.3110384097493,78.5942023434514,50.1287601888791,51.0928220132369,55.9708706520786,46.7283134806618,47.2960822365388,52.6039223947913,55.5391046059433,53.5202216401799,50.8271504406966,36.893575970928,38.4965248991597,36.8927154905178,56.9746136569423,89.34715615808,104.651728657776,52.4706476302846,52.4802395224199,50.5119634530844,45.6893151782791,45.0014149597642,52.2985039255827,58.5100422117756,39.0805708346139,48.9776896069303,48.1388430214499,49.4094365652057,67.5416525276672,72.5342269489111,77.3945602405207,62.8251957110442,63.3751796058956,64.172864633779,63.7466354406453,69.8695168819008,71.6285325274137,86.5357011760664,69.5891171456762,81.7919895481807,70.9510114179731,73.509939288923,44.1553343114352,42.3872406183728,44.0989332069872,43.5080302677918,45.3329643184902,41.956475580676,41.8682731562163,28.2579585874947,34.6319490253444,34.5022116045277,33.9964617384194,33.9889308490502,91.5357619436709,33.6698906040624,45.2888467068994,77.7047822743465,77.8340516050242,75.7702521561783,72.271754574385,65.462297060222,64.9096673500473,69.7197507040261,68.374234748559,64.9798869283553,42.5623349489887,44.0089783170164,52.8163623144459,35.8394113650314,37.0658502439104,47.5069057457573
32.2235093858247,34.213734040544,25.9735601205858,33.4676685864949,35.4392724161395,19.9656915454844,0,20.893233718032,58.9023433079905,61.3592693326387,78.3245926894302,50.2545634386059,51.2145464815186,56.0645580283638,46.5184365614108,47.0457657594198,53.1344369982589,56.0599501312663,54.0396774611061,51.3567854244856,37.4242956839194,38.9331244427126,37.3760035882812,56.5305868481138,89.1599755854254,104.449989533024,52.0063137122339,52.0104615570324,50.4281806363168,45.4478579337078,44.7503380945231,52.1651648714999,58.3038976147005,39.3799651550137,48.7075626510743,47.8622881038396,49.5667132164245,67.2859001517166,72.28181232657,77.1411125400798,62.5577585053512,63.1078132568861,63.9036954428279,63.477632564336,69.6058028952766,71.3682591793425,86.2737388444277,69.3271398116592,81.5303428958097,70.6886690902263,73.2519719921916,44.7149644906118,42.9554139590609,44.6511225926399,44.0765267131174,45.8279593587186,42.4721710775992,42.4028049208663,26.9799243018226,35.2149114866854,35.083504442167,34.6495948786064,34.6457405278764,91.9941848790397,31.9886874643911,44.6810805209323,77.4671857549339,77.598316890155,75.5335663969384,72.0340188026835,65.1899741250485,64.6371508140265,69.4534517943078,68.1080918335065,64.7025356098244,41.8963255471183,43.3786627544932,52.4893624623511,34.9574384239293,37.2920575472377,47.5641575573214
28.9706657128182,29.4457153399652,21.5369910412352,30.0557677829169,31.5946155580153,18.9678342855427,20.893233718032,0,57.4409086239671,59.9100119304897,78.0929181149455,48.7525694513988,49.7112894698781,54.5837088957301,46.3683067905157,46.9011801475584,51.6693167774373,54.6168918177669,52.5783815022778,49.9148135854171,36.5092020269384,38.1785350456175,36.565624303733,56.2691335165942,88.9167722397549,104.211556492018,51.6102489743058,51.6656923161806,50.1990321993398,44.2782925084189,43.58463784881,50.9065797459382,58.0777619776061,38.8410929263561,48.5730519667851,47.7398524216036,48.0472136957085,67.0586163803124,72.0542650771381,76.9129080228389,62.3310157044481,62.880528278116,63.6767474095515,63.250154188643,69.3760739113299,71.1387998642845,86.0436160994827,69.0976676135015,81.3000176573433,70.4589976710529,73.0225018218989,43.4241512600663,41.6717281423078,43.4003004640652,42.7086957731105,44.7802282723352,41.3913987979576,41.2725401707726,28.7611519790131,34.3316611522138,34.27004300261,33.7526879084795,33.841846366267,90.5086510658306,32.1755608589581,44.2556893295207,77.2365954138887,77.3675579694457,75.302945419249,71.8035389141495,64.9601136370227,64.407550104084,69.2235542935424,67.8784499100006,64.4720268351968,41.8765322156803,43.3380325596074,52.3139834712542,35.5173554327445,37.2011987026906,46.0608108873035
61.6117803695072,62.7501842861164,59.3561701858065,59.1154206752728,60.0842055154149,58.8454995547549,58.9023433079905,57.4409086239671,0,34.2360874909169,98.2270479098733,39.5280229580505,39.6786423493399,40.0839574483846,67.8654978711878,68.1317264740297,65.8845309721272,68.6867086020601,66.3683277535188,64.3725288497229,58.0058592598359,60.0191675762222,58.4045543173349,74.7948073729765,109.71176143786,124.919447121733,68.3506674784207,69.0702523014264,71.9983240448351,50.8968288070348,50.7337455791117,51.3880131554141,78.8709520850533,61.1410569365986,69.7486567402344,68.987454545524,41.8035171221606,87.3762636688483,92.4004547967739,97.2417322230073,82.5447228990257,83.0885031724859,83.8717675886694,83.4404525638608,89.5895823455887,91.3881745021893,106.269056235834,89.3307115869171,101.526042183986,90.6862096353535,93.2936513079273,61.2235731245865,59.8087492880317,61.5771559686996,59.6734444649891,64.5392314557928,61.0900727307901,60.6989786278684,56.4876268945105,56.5504857072934,56.9043925804783,56.4686918301799,57.0778253099968,101.244635426404,58.7827151006969,61.4952702467416,97.6889083313171,97.8357196853063,95.7635870370876,92.2557580413547,85.090665270985,84.5394220932158,89.4105432816227,88.0699782666184,84.5475480717304,62.5395420358769,63.8522950693109,72.6215296488807,59.5154028608784,61.6177576830132,40.0675154444229
64.0962992437519,65.2399062143672,61.8303790070749,61.61627858909,62.5907389278715,61.3110384097493,61.3592693326387,59.9100119304897,34.2360874909169,0,100.595969173788,42.1272296626352,42.5515383386828,42.9498474966529,70.2669098208594,70.5244440731561,68.4364642051296,71.23522719211,68.9200602986097,66.9206408562735,60.4966472570175,62.4992228400446,60.8885769980678,77.1181614813274,112.103181483169,127.307486435975,70.6353308283255,71.3694856137145,74.4183227394841,53.10410030468,52.960344210119,53.3221893005752,81.2600943718492,63.6062941901123,72.1385569471567,71.3781876802975,44.2852118535512,89.7504891375033,94.7756193173692,99.6164253486301,84.91558207744,85.4592456066724,86.2420584975326,85.8106572190853,91.9607945242477,93.7604944670774,108.640695102314,91.7025139006521,103.897723998191,93.0578505401928,95.6666649318127,63.7499437656727,62.3334293456144,64.099359303229,62.2084708779659,67.0417108427738,63.5952702826438,63.2085413370905,58.922160603162,59.0390341339436,59.3893258338902,58.9575449768186,59.5624002136827,103.798485043516,61.2047323412821,63.8100343989255,100.067823266135,100.215159912112,98.1427707366878,94.6346561469818,87.4592577604378,86.908025675596,91.7809327643833,90.4404813996234,86.9144713792782,64.9033836009754,66.2138796095595,74.9894742758189,61.921300593291,64.0739290104268,43.3113622497576
82.1002484380486,84.1967745293763,79.4184358186065,81.0028063381615,82.8682484986122,78.5942023434514,78.3245926894302,78.0929181149455,98.2270479098733,100.595969173788,0,89.7991744846566,90.7728088100107,95.4792290231094,65.2078430262407,63.5300681396231,92.8780996088041,95.665655014152,93.7451098143005,90.9707996217965,75.0456901814693,75.2661642060165,74.4362610411385,77.8450015594188,90.2195765485381,102.41074711244,77.8445523698871,76.9572203097698,73.2158559603286,83.6344993257004,83.0146283382564,90.2622538018598,61.6348274175764,73.956221209252,65.5789931741466,65.8784120050732,89.2239807159253,53.1215157142294,58.5572871120938,61.22922634111,48.5126987569438,47.7607763991972,49.726971281754,47.9955391031773,43.4905970976387,47.6741309787665,56.9133085775479,45.1459210887187,50.2773444807255,45.1007155943555,50.2454702223687,83.5257239186103,81.7805673666133,83.1906155305489,83.3627127840728,82.7564639946452,79.8402627372019,80.1993140853658,72.7345661777695,73.7341644246899,73.7883653835374,74.0581305385237,74.3472323825101,131.751659450954,78.4180071286136,79.3038428233195,63.8906586512488,64.9818859957909,62.5516944646888,58.6391315894509,43.4252722150851,44.151582920855,42.6337712290465,43.0911384384561,45.7863523971896,74.3323103083413,74.5775915035755,65.4426172228335,73.5443820615772,75.8168177711986,87.2517953737565
52.7246629385592,53.8856904851915,50.5630858331234,50.1433917637014,51.1374950960423,50.1287601888791,50.2545634386059,48.7525694513988,39.5280229580505,42.1272296626352,89.7991744846566,0,16.8450494711399,28.6251789560195,59.2664037198433,59.5891937058103,55.1827547644703,57.912314229015,55.5495061832964,53.6986265708652,48.6821080711155,50.7944838914426,49.1521262101012,66.6681579546262,101.144066816033,116.3738879814,60.4295027122127,61.0818050726747,63.2599584954236,44.1946757671788,43.9661510820587,45.5085721528219,70.3229476996128,52.0593388354383,61.2275522510597,60.4653222891605,22.2140378418419,78.9182896128226,83.936698474763,88.780550935652,74.1073391232192,74.6515903652223,75.4377382409882,75.0067126479584,81.1487587276554,82.9407835655267,97.8254834666994,80.8864388909017,93.0821208750488,82.2428237344953,84.8420703593244,51.2490988681307,49.9019860926329,51.6752384750454,49.5436261783124,54.9585230936935,51.4874203202691,51.0389853806175,47.8902906821436,47.2975737624812,47.7014918951098,47.247676491175,47.912731440178,89.6213601625116,50.4414623038361,53.6429371285583,89.2012996937296,89.3448793296429,87.2743463704649,83.7682937898071,76.6656203186947,76.1144294058212,80.9746125540337,79.6334752805053,76.132326809245,54.3333249879721,55.6403306478787,64.2263214035124,51.0826011799486,52.7127528369551,35.332234916962
53.6999382169679,54.8552993686867,51.532094428067,51.1204005857425,52.1081258842069,51.0928220132369,51.2145464815186,49.7112894698781,39.6786423493399,42.5515383386828,90.7728088100107,16.8450494711399,0,28.0575284066532,60.2467663132768,60.5664744065127,56.370424194648,59.1139544191793,56.7549614336689,54.88544408727,49.7115881707081,51.8166204670739,50.1757691305573,67.6252213230444,102.124987401739,117.353576982831,61.3785088973205,62.0327082931477,64.2491811872497,45.0484772437958,44.819444160098,46.3728058061665,71.3024535786078,53.0704230618245,62.2034608514062,61.4409974040978,25.3506555127515,79.8932970353574,84.9120031589196,89.7557457096725,75.0812977635594,75.6255416938946,76.411534418303,75.9805103979906,82.1229803504244,83.9153255329201,98.7998546983874,81.860825259315,94.0565157425135,83.2171718005195,85.816822216217,52.3485928186231,50.992767016335,52.7670402350034,50.6596801594209,56.0169458400821,52.5472548039846,52.1042211563318,48.8552072231406,48.3186400637367,48.7178624535738,48.2642248043514,48.9242100168905,90.9475955845784,51.3817013306268,54.573030992865,90.1778834123532,90.3216291252872,88.2510124661845,84.7448672532241,77.6390549730152,77.0878532191995,81.9485944161092,80.6074778978185,77.1052876568984,55.2833298995131,56.5919081531806,65.1964888909783,52.0410344800896,53.7054808478293,35.7106501114056
58.6454328866412,59.7982336778793,56.4404875689387,56.1052479937131,57.0899263699249,55.9708706520786,56.0645580283638,54.5837088957301,40.0839574483846,42.9498474966529,95.4792290231094,28.6251789560195,28.0575284066532,0,65.0336219216715,65.3286642612868,61.9212486904985,64.6824390339418,62.3401456187386,60.4238964504846,54.7945104120365,56.8603870792669,55.2313359560146,72.2012330993806,106.893391827936,122.112336901051,65.8586589177658,66.5460729661578,69.094205280014,49.1293357913799,48.9338659928602,50.0335789818951,76.0629528618279,58.0582766723239,66.9567485421886,66.1953587870743,33.5249898434684,84.613492309232,89.634769463011,94.4773171679177,79.7923170818442,80.3363137592973,81.1210402540596,80.6898506218605,86.8353356558465,88.6306397368093,103.513413759349,86.5747423883184,98.7702169226177,87.9306782600962,90.534011890657,57.6583137732962,56.2807113848913,58.051282763129,56.0237820077663,61.1873710281186,57.7266651398764,57.3046991066738,53.6710875127082,53.3782701157541,53.7592904706904,53.3144926802925,53.9539224731024,96.7702786807995,56.1103089524412,59.0634062163086,94.9111405851374,95.0563238002667,92.9849988385725,89.4780663984475,82.3443408894066,81.793134374382,86.6587477413102,85.3179051794436,81.806136470263,59.9207269676194,61.2288533535111,69.8924750292423,56.7829600598436,58.6323549425441,39.7331384154922
50.1298713818906,52.3683849557474,47.4960595299899,49.1285381804302,51.1181622970579,46.7283134806618,46.5184365614108,46.3683067905157,67.8654978711878,70.2669098208594,65.2078430262407,59.2664037198433,60.2467663132768,65.0336219216715,0,25.7283685080081,61.0310388590983,63.8086582845997,61.9208843197454,59.0891221810103,42.2769145965155,42.2576301032348,41.526237322767,52.9837430076271,74.4604727063979,89.7768078569734,51.991428948923,51.2211984635742,36.5766448834901,53.8437361679017,53.2044254894979,60.4488826060469,42.4136899954502,40.5212314017144,30.3467239953175,30.322306817402,58.6044413455044,53.4379809712184,58.3376811671581,63.2777148912395,49.0823152485919,49.6627224519346,50.5027265778094,50.1022103739568,56.1824821698328,57.8143860017223,72.8156733696883,55.8306142263704,68.0739532727114,57.2162922650943,59.6224356223846,51.3118324487655,49.5400251998533,50.9198960408899,51.2645487676117,50.2171613450842,47.3287367620538,47.747515918073,40.6099225889147,40.9683081281832,40.9804365510812,41.3576690294977,41.6135102032876,100.13387584797,47.1899478236699,50.1502769283326,63.2587853744069,63.3433509893253,61.2980209484644,57.8210111891565,52.0675028733786,51.5072131099367,56.1265832139022,54.7611695101869,51.7934763813969,44.3661614127721,44.8448472724632,40.4110972551295,41.7276145627338,42.6184106184668,56.8194582455379
50.7788259558253,52.9774356298322,48.1038373726334,49.7760430672899,51.7284544084859,47.2960822365388,47.0457657594198,46.9011801475584,68.1317264740297,70.5244440731561,63.5300681396231,59.5891937058103,60.5664744065127,65.3286642612868,25.7283685080081,0,61.8171258541651,64.602573573295,62.7001038025042,59.8914640904358,43.4126540262109,43.5058137987032,42.7156045997321,51.618974273516,74.2010498045579,89.249448350605,51.0781479624083,50.219449949855,40.001353043581,53.9104800960034,53.2726978256882,60.550773452808,41.8948245509223,41.937261172181,21.3057948973831,23.3363934731811,58.9552295330384,51.869743665724,56.8321330311676,61.7717007155166,47.3053497931468,47.902479511348,48.7034425758077,48.3208568145476,54.5488828981939,56.2293894318149,71.2207394877496,54.2183344736666,66.4893643453043,55.60337035791,58.0751143732422,52.2565093082953,50.4923486013509,51.8940902282383,52.1527814198208,51.3482868925566,48.4280922694033,48.8088497890743,41.1400266737907,42.0529774990694,42.0592900567503,42.3870627554747,42.6311027095564,100.838336136465,47.4958986678389,49.898993449915,62.0632019540269,62.1806595524119,60.1177536783548,56.6214091306552,50.2989578481824,49.728576604027,54.4556758887527,53.0859689748772,49.9633207195284,44.0042325802222,44.3779885293153,37.0513040154231,41.9871683467804,43.6681908096417,57.097020979943
54.1526847276812,55.8179745393454,52.5682885003478,51.439506885048,53.0123717793998,52.6039223947913,53.1344369982589,51.6693167774373,65.8845309721272,68.4364642051296,92.8780996088041,55.1827547644703,56.370424194648,61.9212486904985,61.0310388590983,61.8171258541651,0,31.5312065726769,23.3364581430571,23.8511304916907,44.1286633988878,47.1129425065207,45.2999673905821,72.1796167158811,103.058568300579,118.475990767845,67.4818031370311,67.6366920941395,63.8145089773752,57.8260675756983,57.2965140046574,62.7008258801405,72.4191118144455,49.7267637346854,63.6391791000965,62.8798864497708,53.4553552570904,81.7537210536159,86.724251583413,91.5886345365604,77.1128279357559,77.6604160589289,78.4706328005218,78.04146364445,84.122952643678,85.8611624873731,100.776645988795,83.8324847033087,96.0302115259886,85.1959739718481,87.7279315663896,37.2225673583858,37.1285207938223,38.7769087047373,32.821962819926,46.5747316538716,42.9349872997852,41.780341028229,50.5377532487827,43.8087074874943,44.7672255462424,44.3217391482299,45.5650243872749,75.0678597633002,55.2774216097512,61.1988225811426,91.7892527005138,91.9060344595519,89.8488247345334,86.3575538387404,79.7696014668783,79.219094377169,83.9889313955003,82.6433344506076,79.3165355935447,59.4144405863001,60.6526318207593,67.6255822761936,54.6827334292177,52.474914503395,55.386054000398
57.1148272969275,58.7970131916261,55.5144313418713,54.4401007472287,56.0276688551674,55.5391046059433,56.0599501312663,54.6168918177669,68.6867086020601,71.23522719211,95.665655014152,57.912314229015,59.1139544191793,64.6824390339418,63.8086582845997,64.602573573295,31.5312065726769,0,25.0809669397887,21.0323015925271,46.8195525112435,49.7961111241173,48.0008032002226,75.008577460398,105.822786430244,121.244456311782,70.3236032587885,70.4758235069277,66.5621077355231,60.7041327942121,60.1769595251512,65.554675733196,75.1896125221005,52.4385327803386,66.4289201052161,65.6712303633501,56.1412092828504,84.5374715285618,89.5070830606995,94.371741277222,79.899779323388,80.4473467024721,81.2580553854626,80.8288403325777,86.9088775622391,88.6461395772271,103.562087954765,86.6179314430197,98.8155662655763,87.981520979351,90.5122727097913,38.7964933592418,39.1446577939997,40.3774081860868,34.8301800843863,48.7578070470834,45.1679709484059,43.9823579997465,53.4180191977995,46.5866515777339,47.5627230430979,47.1462483897354,48.4000309885749,70.6589505559578,58.1842235652376,64.0664130797981,94.5679396659085,94.6842015885633,92.6272590609427,89.1362826106305,82.5578895196946,82.0074339556909,86.7755678831294,85.4299276624676,82.1061980342378,62.2658781435792,63.5001594455187,70.4266999532751,57.5431132153804,55.2976618724483,58.2481421245819
55.0989807214988,56.7562250034967,53.4976322553617,52.3975490451632,53.9593439296195,53.5202216401799,54.0396774611061,52.5783815022778,66.3683277535188,68.9200602986097,93.7451098143005,55.5495061832964,56.7549614336689,62.3401456187386,61.9208843197454,62.7001038025042,23.3364581430571,25.0809669397887,0,20.5438012792477,45.1272586419176,48.0880985292901,46.2854926787419,73.0108738193954,103.94141992805,119.356433659619,68.2869900789436,68.4505812328743,64.7194380205292,58.5125811502039,57.9885611866398,63.3231816857522,73.3002807581225,50.6814639210461,64.5197777839279,63.7608777745028,53.7568500345265,82.6243525542898,87.5955471651443,92.459611573174,77.981082082566,78.5286000843029,79.3384911321084,78.9092733659182,84.9915214847576,86.7305015874253,101.645522806647,84.7014613700146,96.899123021736,86.0648419732528,88.5977568418919,38.017618583522,38.0731794401515,39.5530968261977,33.8645523850216,47.4699436371968,43.8546470996093,42.705949292892,51.4376146498684,44.8131915863003,45.7646857335885,45.3289014662669,46.5620586670962,71.7355793583366,56.1374869123142,61.9988115864754,92.6632256184909,92.7803771650666,90.7229861320831,87.2315134904861,80.6363337861598,80.085827867338,84.8569272544217,83.5114040041806,80.1821081223391,60.2586050823692,61.4972796555509,68.4901277201404,55.5582266785347,53.4203059492304,55.9427816530134
52.3792241197948,54.0731268551765,50.7920180737413,49.7015069275855,51.3032923835297,50.8271504406966,51.3567854244856,49.9148135854171,64.3725288497229,66.9206408562735,90.9707996217965,53.6986265708652,54.88544408727,60.4238964504846,59.0891221810103,59.8914640904358,23.8511304916907,21.0323015925271,20.5438012792477,0,41.9711741380632,44.9706339816637,43.168351261838,70.357654104968,101.107460991849,116.532386013531,65.7010976517672,65.8441734232185,61.8214209504364,56.2061617623315,55.6740372672743,61.1148564948418,70.4772361335174,47.6401767394932,61.7210550105185,60.9633077155799,51.9829976143025,79.8382499593098,84.8070153833842,89.672045511286,75.2035685616712,75.7512010983422,76.5623332422936,76.1331568807818,82.2121444770074,83.9484493637742,98.8649508237287,81.920696449985,94.1183768948392,83.284414146541,85.8139706348419,33.8772594932381,34.1619886714695,35.5210517579941,29.5711309979624,43.914912621086,40.3053101056853,39.1029498421332,48.7102762370358,41.7515687899249,42.738767521918,42.3188720924757,43.5853119042557,70.4256739978525,53.5215126240607,59.454481745741,89.8643709336482,89.9801600907757,87.9234518803592,84.4327355746437,77.8634597583681,77.3130136283902,82.079548125953,80.7338260702967,77.4131986588267,57.6069611525476,58.8399376878436,65.7370827523068,52.8551651870195,50.5322348185982,53.8740420788142
38.5188121639206,40.8833311187995,36.8584051556021,36.6973078708602,38.9354347371613,36.893575970928,37.4242956839194,36.5092020269384,58.0058592598359,60.4966472570175,75.0456901814693,48.6821080711155,49.7115881707081,54.7945104120365,42.2769145965155,43.4126540262109,44.1286633988878,46.8195525112435,45.1272586419176,41.9711741380632,0,19.4103083426253,14.9698403877857,56.0542450796709,84.4483302822549,99.9904419221645,52.3166693868022,52.1853681968641,44.1333029062903,46.5318584511887,45.9168487023391,52.4831143490583,53.9240304010637,25.9138230481755,45.3742629117438,44.6236786094681,47.6664811475894,63.759305004541,68.6976117816267,73.5756508493381,59.2329154817523,59.7825688557313,60.6091063854236,60.1810001650282,66.2210161754259,67.9232097620902,82.8591239311118,65.9117471817398,78.1105612131516,67.2799377518386,69.7668216216759,32.2259360270497,30.1781357780665,31.5560471314457,32.8560370655434,30.3334211992129,26.7797157884328,27.1924145234634,33.6537289928555,17.8007103566458,20.4702262161933,21.3953536347531,23.5693598203438,84.4091750450825,40.2281264630422,46.7405588799639,73.6283540546794,73.7271774720169,71.6788942629086,68.19752985051,61.9548037611754,61.4048662628873,66.1138662974617,64.765368924512,61.5554711347915,43.4026767783781,44.5418439739683,50.0508590589964,37.9787437653657,32.2702597738116,46.9453003785263
40.3894826615466,42.8063296784629,38.5728747147053,38.7876984015215,41.0380197920099,38.4965248991597,38.9331244427126,38.1785350456175,60.0191675762222,62.4992228400446,75.2661642060165,50.7944838914426,51.8166204670739,56.8603870792669,42.2576301032348,43.5058137987032,47.1129425065207,49.7961111241173,48.0880985292901,44.9706339816637,19.4103083426253,0,14.5484107308714,56.7718717319243,84.4344290306784,100.01524847898,53.2526062172166,53.0634151443787,43.7661994134456,48.2003563663485,47.5792567298977,54.252618374037,53.9503125383249,22.6308297366846,45.5159906878732,44.775081036883,49.8268304132456,63.9340193159967,68.8626662296786,73.74443497426,59.4417844314076,59.9917821840656,60.8233192982814,60.3952652064493,66.4219004291679,68.1135778018217,83.0552069273916,66.1071985710015,78.3059158171013,67.4766815492765,69.9503384118537,35.4177770202134,33.4609594578297,34.7144764649629,36.0381697543064,32.8771843660214,29.697067787043,30.3534967884587,34.7513708981335,21.3621173142169,22.6777196280897,24.2144670630282,25.700316145729,87.2132562834235,41.5933259478035,47.9218064393121,73.7523222842441,73.8457657264758,71.8001799118269,68.3218043201308,62.1813996288559,61.6317612796695,66.3226133764034,64.9733847620092,61.7976491938736,44.2854088350611,45.3842876822248,50.378485184298,38.875537913974,32.7036487061904,48.9516267959931
38.6639960815571,41.0855688628753,36.9156884715158,37.0016297520909,39.2696507211674,36.8927154905178,37.3760035882812,36.565624303733,58.4045543173349,60.8885769980678,74.4362610411385,49.1521262101012,50.1757691305573,55.2313359560146,41.526237322767,42.7156045997321,45.2999673905821,48.0008032002226,46.2854926787419,43.168351261838,14.9698403877857,14.5484107308714,0,55.6710712317677,83.7470243804802,99.303044105003,52.0521945052928,51.8878070433586,43.2471204374117,46.6946625239127,46.0748425933077,52.717501160042,53.2312084128332,23.5665567693231,44.6972338855197,43.9475561926877,48.1713145178163,63.12942412141,68.0638115366552,72.9436351295845,58.6170568231367,59.1670344199627,59.9955438429193,59.5676342820221,65.6028352599195,67.3005798607499,82.2390838341537,65.2912284600768,77.4902868073154,66.6600213761447,69.1413564203364,33.6629192714269,31.6744935312613,33.0083529225615,34.221731618364,31.5884364493509,28.2506660887246,28.7661974396974,33.3552058374545,17.8473832394061,19.7587766173227,21.4913094785325,23.3136272849143,85.4417998394746,40.1376478881873,46.5939416531528,72.9786680485918,73.0753327389369,71.0281101621401,67.5479262274674,61.3473433869032,60.7974478833996,65.4990019444098,64.1501175065883,60.9547071151233,43.07425756018,44.194891097373,49.472597316891,37.6117290481606,31.4121561549269,47.33365774535
60.828677630233,62.7078942063093,57.9716229345192,59.6826266037581,61.3489019950263,56.9746136569423,56.5305868481138,56.2691335165942,74.7948073729765,77.1181614813274,77.8450015594188,66.6681579546262,67.6252213230444,72.2012330993806,52.9837430076271,51.618974273516,72.1796167158811,75.008577460398,73.0108738193954,70.357654104968,56.0542450796709,56.7718717319243,55.6710712317677,0,92.8535449700918,107.51020784956,44.9012481100449,41.458616976253,60.1501390274811,59.0817662215433,58.4662639707438,65.9454070804914,61.6205940119243,56.0824812573733,52.7023207739174,52.1536780979564,66.2409093175082,67.7236965249308,72.8995871332024,77.6779648475596,62.3478847394902,62.8845808259799,63.5875327342476,63.1542669077081,69.5144608268967,71.4792472369462,86.2694996967766,69.341622302392,81.5378674849532,70.6764945240933,73.4925788387187,63.6582406258106,61.9494244474294,63.4804074552948,63.1974492379066,63.9009118772051,60.7913955142771,60.9424644353535,51.1792070170877,54.4707748725297,54.4877719133165,54.5369365988718,54.770857028405,110.626099407667,55.4795613031193,52.4569435940378,78.8121136245806,79.0414961161381,76.9284575087555,73.3751540680553,64.6045912425611,64.0479402716882,69.2108430017411,67.881823141528,63.8078117142474,48.0636461248735,47.6986054107222,50.6018105006106,51.1180101649798,56.412479996103,63.8758665770584
92.6796537755276,94.8573325313442,90.0874646488474,91.5772581699743,93.5212283596071,89.34715615808,89.1599755854254,88.9167722397549,109.71176143786,112.103181483169,90.2195765485381,101.144066816033,102.124987401739,106.893391827936,74.4604727063979,74.2010498045579,103.058568300579,105.822786430244,103.94141992805,101.107460991849,84.4483302822549,84.4344290306784,83.7470243804802,92.8535449700918,0,74.3108014217749,92.2549814884261,91.4552666274321,80.3271314983403,95.5905298241396,94.9630588502445,102.157857994855,64.4278598616461,82.8899609465065,76.9107943355779,77.1841979393643,100.498915462599,76.6038592515585,80.5473305208284,85.3531989216857,75.2943235122137,75.6545453067258,77.041978259568,76.4126099952112,80.2718805701584,81.0672025979758,96.254256402174,79.549011111912,91.3354731725739,80.950629323609,82.2291026971701,93.2880463583804,91.5289562750476,92.86900498861,93.2805132460252,91.9612930831201,89.1668005885992,89.6433519469385,83.5606252923726,83.3232392150144,83.4225384260087,83.7946804916192,84.1370463521244,142.135047505461,89.6997846468743,91.8579842654344,78.8466319642059,78.1580567616794,76.5934433979669,73.616418261868,78.3843442128934,77.9552806628888,80.8546680213779,79.5435078627769,79.1539579201827,86.6930825288123,87.0984666019872,80.0467265449053,84.795693347703,85.7144062085118,98.7024054554036
108.015392299264,110.181293457401,105.406950073828,106.916819595168,108.849040056572,104.651728657776,104.449989533024,104.211556492018,124.919447121733,127.307486435975,102.41074711244,116.3738879814,117.353576982831,122.112336901051,89.7768078569734,89.249448350605,118.475990767845,121.244456311782,119.356433659619,116.532386013531,99.9904419221645,100.01524847898,99.303044105003,107.51020784956,74.3108014217749,0,107.023097347717,106.204286286841,96.1753656296878,110.722863712035,110.09618803966,117.302024941454,79.5125935044147,98.5045928462415,91.8830878421291,92.1850480788585,115.739759970107,88.7305170203503,92.4874421583799,97.1469455935732,87.9794145414669,88.2714359048485,89.7736766769714,89.0780081323281,92.3341540540158,92.9464173895021,108.124293702288,91.5403653793643,103.141624838702,92.9301717358646,93.9489540331635,108.77600039743,107.018853164442,108.371596571931,108.741645826667,107.547921302697,104.730677356891,105.18618419739,98.8429221750497,98.8294642726449,98.9189287673913,99.2741739728076,99.6053378504236,157.519758545111,104.918417644127,106.887673109995,88.0529528214613,86.9856924812075,85.7188913439706,83.0248723376207,90.9527758745782,90.5610035240747,93.0598019911982,91.7758809653218,91.92480895731,101.727208232808,102.105752078943,94.5719679813434,100.001039609159,101.149575043979,113.914423778271
56.3605713056086,58.0904831693387,53.4896309375511,55.0837912480901,56.6175617132342,52.4706476302846,52.0063137122339,51.6102489743058,68.3506674784207,70.6353308283255,77.8445523698871,60.4295027122127,61.3785088973205,65.8586589177658,51.991428948923,51.0781479624083,67.4818031370311,70.3236032587885,68.2869900789436,65.7010976517672,52.3166693868022,53.2526062172166,52.0521945052928,44.9012481100449,92.2549814884261,107.023097347717,0,28.0872867787987,58.4201742548373,51.8778858425509,51.285086440818,58.8212163092296,61.138920335139,52.8679331146362,52.3316835912669,51.727493549372,60.1051905836488,67.669757742574,72.8178113761635,77.5989243097136,62.3929837518793,62.9234203219832,63.6454244195082,63.2049041341583,69.4966287728748,71.4389908657142,86.2337499947486,69.3138717625499,81.4972834324583,70.6491109403208,73.4351872981202,59.3936823674254,57.7117275780975,59.2869336930737,58.7924058315279,60.0673372805365,56.8953418569487,56.9636278571629,47.1219519068697,50.6928319056337,50.7356052455527,50.6900333140995,50.9483188592594,105.661882317582,50.4939999263749,44.3543191356667,78.6017686253601,78.8171716534597,76.7114939779271,73.1663121403314,64.653410088164,64.1020966281859,69.2105368802317,67.8836193856115,63.8917959430448,44.7171024645274,44.9924642533495,51.8870011399574,47.3373254115334,52.9550861492881,57.5156617919616
56.3816365178815,58.15530596792,53.5034351287105,55.1537310821028,56.726641874793,52.4802395224199,52.0104615570324,51.6656923161806,69.0702523014264,71.3694856137145,76.9572203097698,61.0818050726747,62.0327082931477,66.5460729661578,51.2211984635742,50.219449949855,67.6366920941395,70.4758235069277,68.4505812328743,65.8441734232185,52.1853681968641,53.0634151443787,51.8878070433586,41.458616976253,91.4552666274321,106.204286286841,28.0872867787987,0,57.812032089975,52.8231828440231,52.2169611800427,59.7768113754706,60.3118307519599,52.597308412775,51.4340585157114,50.8326928506314,60.7228905714889,66.7809722314356,71.9332418540335,76.7150267354662,61.4893864147739,62.0216686090357,62.7403032741871,62.3017789947426,68.6073590859348,70.5521654679179,85.3476760131448,68.4254106697996,80.6122677578532,69.7609993210375,72.5506477028237,59.4198837851908,57.7292534575037,59.2931384040467,58.8586971341183,59.9746328341838,56.8181665095116,56.9086542717273,46.9667480737056,50.5652021019514,50.5973098547985,50.5760798421854,50.8231214213421,105.901683480164,50.58070746224,45.1314859260552,77.7386363739889,77.9560510592152,75.8492515466858,72.3028417250373,63.7551137732191,63.2024878130254,68.3192439607947,66.9915108726391,62.9895578243447,43.8709674403113,43.915424414608,50.7001819971107,47.0263782576328,52.710735960606,58.196451258171
53.6415003571119,55.9485584442885,51.1506002146026,52.5743807832832,54.6365231959263,50.5119634530844,50.4281806363168,50.1990321993398,71.9983240448351,74.4183227394841,73.2158559603286,63.2599584954236,64.2491811872497,69.094205280014,36.5766448834901,40.001353043581,63.8145089773752,66.5621077355231,64.7194380205292,61.8214209504364,44.1333029062903,43.7661994134456,43.2471204374117,60.1501390274811,80.3271314983403,96.1753656296878,58.4201742548373,57.812032089975,0,58.4665750807222,57.8289519088117,64.9594767352057,49.7015568499222,41.5941795154406,42.9046473492575,42.4823951923178,62.5295894693886,61.3963925167125,66.2281877998428,71.1537222191886,57.2526723592316,57.8087531782838,58.6906471670314,58.2653661728985,64.1658927536772,65.7501117905129,80.7528585027613,63.7950364857486,75.9973367512701,65.1786258420376,67.5179602550004,53.6186813442005,51.8321422967902,53.1279122733782,53.7537457556504,51.8674307559518,49.1170745912783,49.676103401171,44.7304972012323,43.0949089209447,43.183558021598,43.7046605009628,44.0561652466925,103.130687073951,51.6049190506843,55.5596110083034,70.7386584144423,70.7811074701758,68.7601463575667,65.3093522900986,60.1874099938896,59.640014592906,64.1468899355089,62.7891138259092,59.9660857528189,50.2714962541345,50.9416714095195,49.7878008558589,46.6146857159439,45.4094639912174,60.9409568188912
