0.0548644 0.698038 0.115562 9.9982E-05 0.119489 9.9982E-05 0.0118474
0.0336271 0.528396 0.0445893 9.9991E-05 0.0418565 0.343285 0.00814557
9.9973E-05 0.763337 0.170226 9.9973E-05 0.0281584 9.9973E-05 0.0379786
9.9982E-05 0.68778 9.9982E-05 0.00924664 0.23356 0.0568587 0.0123552
0.0101557 0.800023 9.9982E-05 0.0710491 9.9982E-05 0.108834 0.0097388
0.095861 0.661186 9.9973E-05 9.9973E-05 0.0190814 0.223572 9.9973E-05
0.0888519 0.448457 0.0610353 9.9982E-05 0.0373721 0.364084 9.9982E-05
9.9973E-05 0.608388 9.9973E-05 9.9973E-05 0.151455 0.186045 0.0538132
0.0379489 0.148866 0.0843598 0.0574364 9.9982E-05 0.671188 9.9982E-05
9.9982E-05 0.228192 0.146598 9.9982E-05 0.252969 0.328935 0.0431071
9.999E-05 0.0772205 0.0372899 0.0508644 0.444615 0.333925 0.0559853
0.00621607 0.173471 0.128609 0.0458157 0.155391 0.469587 0.0209089
0.0324587 9.9991E-05 0.00271603 0.0458001 0.708422 0.176545 0.033958
9.9973E-05 9.9973E-05 0.0475941 0.0920886 0.0875531 0.772464 9.9973E-05
0.0556792 0.400294 0.0837935 0.0174508 9.9991E-05 0.388662 0.0540212
0.0147808 0.207756 0.0314162 9.9991E-05 0.13421 0.602952 0.00878482
0.0309553 0.253727 0.135952 9.9982E-05 0.0424207 0.536744 9.9982E-05
9.9964E-05 0.438603 9.9964E-05 9.9964E-05 9.9964E-05 0.538889 0.0221083
0.116766 0.00355228 0.488867 0.0863677 0.116252 0.136509 0.0516863
9.9973E-05 9.9973E-05 0.635551 0.0139033 0.108439 0.241807 9.9973E-05
9.999E-05 0.0636894 0.71818 0.0543993 0.0460474 0.109767 0.00781678
0.0517167 0.0286149 0.739353 0.00866048 0.113237 0.042383 0.0160342
0.0848423 0.0123581 0.847349 9.9982E-05 9.9982E-05 0.0218167 0.0334339
0.119571 0.00972982 0.703557 9.9982E-05 9.9982E-05 0.140056 0.0268862
0.0693624 0.154645 0.652147 9.9982E-05 0.0137974 0.109848 9.9982E-05
0.0744297 0.0911634 0.834007 9.9964E-05 9.9964E-05 9.9964E-05 9.9964E-05
9.9964E-05 9.9964E-05 0.839674 0.147652 9.9964E-05 9.9964E-05 0.0122742
0.119185 9.9973E-05 0.774585 9.9973E-05 9.9973E-05 0.0792541 0.026676
9.9964E-05 0.0836486 0.851081 0.064871 9.9964E-05 9.9964E-05 9.9964E-05
0.132179 0.100535 0.766886 9.9964E-05 9.9964E-05 9.9964E-05 9.9964E-05
0.096513 9.9982E-05 0.847333 0.0138727 9.9982E-05 0.0400915 0.00199034
9.9964E-05 9.9964E-05 0.744452 0.10262 9.9964E-05 0.152528 9.9964E-05
0.0960541 0.0699968 0.726089 9.9982E-05 9.9982E-05 0.0339752 0.0736851
9.9982E-05 0.317913 0.115614 9.9982E-05 0.223194 0.285032 0.0580474
0.0356092 0.466622 0.201125 0.0112476 9.9982E-05 0.285196 9.9982E-05
9.9973E-05 0.765861 0.0884196 0.0988038 0.0466153 9.9973E-05 9.9973E-05
0.00253684 0.781645 0.0119767 0.0216743 0.157593 9.9991E-05 0.0244742
0.0296279 0.289954 0.164247 0.0810608 0.130722 0.293639 0.0107493
9.995E-05 9.995E-05 9.995E-05 9.995E-05 9.995E-05 9.995E-05 0.9994
9.9973E-05 9.9973E-05 0.756333 0.0642239 0.150238 9.9973E-05 0.0289048
0.0895174 0.694213 0.158897 0.0339133 9.9982E-05 9.9982E-05 0.0232592
9.9973E-05 0.307218 0.163146 9.9973E-05 0.183014 0.346322 9.9973E-05
0.195978 0.159654 0.216957 9.9991E-05 0.134661 0.277133 0.0155162
0.0941183 9.9991E-05 0.0368462 0.0374221 0.559274 0.219698 0.0525408
0.010225 0.0792481 9.9973E-05 9.9973E-05 0.899888 9.9973E-05 0.0103385
9.995E-05 9.995E-05 9.995E-05 9.995E-05 9.995E-05 9.995E-05 0.9994
9.999E-05 0.302296 0.105009 0.029316 0.214822 0.270114 0.0783436
0.210712 0.195616 0.0400674 9.9982E-05 0.257831 0.295574 9.9982E-05
0.0443693 0.197959 0.333495 0.0887393 0.129147 0.196358 0.00993178
0.658892 9.9982E-05 9.9982E-05 0.1845 0.0368958 0.114956 0.00455605
0.437571 9.9991E-05 0.0126015 0.41899 0.0411021 0.0741589 0.0154769
0.406873 0.0525766 9.9973E-05 0.45586 9.9973E-05 0.0843902 9.9973E-05
0.206675 9.9973E-05 9.9973E-05 0.522944 0.210277 9.9973E-05 0.0598047
0.181866 9.9973E-05 9.9973E-05 0.678964 9.9973E-05 0.104263 0.0346071
0.15747 9.9973E-05 0.057414 0.717158 9.9973E-05 0.0676581 9.9973E-05
0.0150833 9.9964E-05 9.9964E-05 0.716866 9.9964E-05 0.26765 9.9964E-05
0.713427 9.9973E-05 9.9973E-05 0.178838 9.9973E-05 0.105867 0.00156832
0.986471 9.99549E-05 9.99549E-05 9.99549E-05 9.99549E-05 9.99549E-05 0.0130295
0.139358 9.9982E-05 9.9982E-05 0.684581 0.0278415 0.120435 0.0275847
0.290712 0.145591 9.9982E-05 0.394323 0.127671 9.9982E-05 0.0415034
0.9994 9.995E-05 9.995E-05 9.995E-05 9.995E-05 9.995E-05 9.995E-05
0.304385 9.9982E-05 0.0403019 0.456071 0.127759 0.0712831 9.9982E-05
0.10353 9.9982E-05 9.9982E-05 0.208251 0.55323 0.0812229 0.0535674
9.9991E-05 0.0696085 0.691238 0.0964446 0.0479854 0.0767663 0.0178571
0.0537814 0.220592 0.685922 9.9982E-05 0.00263017 9.9982E-05 0.0368752
0.00994778 0.188221 0.774843 9.9973E-05 9.9973E-05 9.9973E-05 0.0266879
0.10377 9.9982E-05 0.0319832 0.63486 0.0990991 0.130089 9.9982E-05
0.0795219 0.0563611 9.9982E-05 0.470242 0.326089 9.9982E-05 0.0675868
0.131471 0.0107949 0.0715882 0.639343 0.0956857 0.0366869 0.0144298
0.165257 9.9982E-05 0.014005 0.546868 0.211636 9.9982E-05 0.062034
0.0140241 0.0857011 0.0140918 0.848204 9.9991E-05 0.0247655 0.0131137
0.153694 9.9973E-05 9.9973E-05 0.0227956 0.565428 0.257782 9.9973E-05
0.0704299 9.9973E-05 9.9973E-05 0.0247042 0.551393 0.353173 9.9973E-05
0.202773 9.9973E-05 0.0237099 9.9973E-05 0.65594 0.117277 9.9973E-05
9.9955E-05 9.9955E-05 9.9955E-05 9.9955E-05 0.976075 9.9955E-05 0.0234247
9.9964E-05 9.9964E-05 0.136158 9.9964E-05 0.845076 9.9964E-05 0.0183656
0.0020165 9.9964E-05 9.9964E-05 9.9964E-05 0.98674 9.9964E-05 0.0108438
0.0942166 0.161322 0.104385 9.9982E-05 0.626201 9.9982E-05 0.0136756
0.299649 9.9973E-05 9.9973E-05 0.383338 0.200833 0.11588 9.9973E-05
0.156176 0.185464 9.9982E-05 0.29588 0.264659 9.9982E-05 0.0976208
0.235613 0.00842873 0.0332214 0.531592 0.173724 9.9991E-05 0.0173204
0.239595 9.9991E-05 0.0371204 0.549107 0.0483368 0.0791032 0.0466373
0.0290454 9.9973E-05 9.9973E-05 0.714932 9.9973E-05 0.230332 0.0253906
9.9982E-05 9.9982E-05 0.643105 0.0677603 0.0918232 0.179787 0.0173246
0.146445 0.124759 0.0971189 0.14849 0.482987 9.9982E-05 9.9982E-05
0.0648459 0.0307573 9.9973E-05 0.0692949 0.834802 9.9973E-05 9.9973E-05
9.995E-05 9.995E-05 9.995E-05 9.995E-05 9.995E-05 9.995E-05 0.9994
0.0139677 0.591034 0.0702826 9.9982E-05 0.178847 0.145669 9.9982E-05
0.0416731 0.637837 0.0337084 9.9982E-05 9.9982E-05 0.252366 0.0342155
0.137745 0.130473 0.0567945 9.9991E-05 0.036237 0.62295 0.0157003
0.0552448 0.00954712 0.158179 0.0154015 0.176363 0.544482 0.0407828
0.0341716 0.505158 0.0774375 0.0796234 0.0595675 0.243941 9.9991E-05
0.299205 0.00885145 0.00122815 9.9982E-05 0.66784 0.0226754 9.9982E-05
0.00311749 0.191818 0.483962 0.0384065 0.178043 0.0528371 0.0518156
9.9973E-05 0.0918668 9.9973E-05 0.201998 0.627435 9.9973E-05 0.078401
9.9991E-05 0.172499 0.263387 0.0478713 0.329139 0.133165 0.0538383
0.00245687 0.351207 0.159552 9.9982E-05 9.9982E-05 0.464788 0.0217965
9.9973E-05 0.549277 0.0281381 9.9973E-05 0.302768 0.119517 9.9973E-05
9.9982E-05 0.369151 0.130801 0.0113325 0.13813 0.350386 9.9982E-05
0.0441754 0.00408903 9.9982E-05 0.0324982 0.0249769 0.89406 9.9982E-05
9.9964E-05 0.587719 0.0240647 9.9964E-05 0.387816 9.9964E-05 9.9964E-05
9.9964E-05 0.101886 9.9964E-05 9.9964E-05 0.0459726 0.851742 9.9964E-05
0.0644751 0.110433 0.0365788 0.195655 0.57182 9.9991E-05 0.0209379
0.0390032 0.0544344 0.0421659 0.117445 0.637035 0.025999 0.0839182
0.0360763 0.0374801 9.9991E-05 0.164554 0.6366 0.0443166 0.0808725
9.9964E-05 9.9964E-05 0.179645 9.9964E-05 0.509978 0.309977 9.9964E-05
0.0629673 9.9982E-05 0.180499 0.0742928 0.392671 0.28937 9.9982E-05
9.9982E-05 0.197461 0.381892 0.0951577 0.00570482 0.319584 9.9982E-05
0.221959 0.123178 9.9982E-05 0.560262 9.9982E-05 0.0911064 0.00329496
0.0557709 9.9991E-05 0.0474041 0.708333 0.12473 0.0305882 0.0330735
0.192801 0.176695 0.0686229 9.9982E-05 0.553723 9.9982E-05 0.00795848
0.268333 9.9982E-05 0.0604586 9.9982E-05 0.243741 0.395359 0.031908
0.273788 0.197696 0.181357 9.9982E-05 0.312566 9.9982E-05 0.034393
9.9955E-05 9.9955E-05 0.670505 9.9955E-05 0.328995 9.9955E-05 9.9955E-05
0.0103641 9.9982E-05 0.0315131 0.65052 0.284019 9.9982E-05 0.0233833
0.292335 0.0753796 9.9982E-05 0.437989 0.147558 0.0465377 9.9982E-05
0.174449 0.0969582 9.9982E-05 0.291359 0.384428 0.0526049 9.9982E-05
9.9982E-05 0.300747 0.423917 0.094063 0.123204 9.9982E-05 0.0578694
0.0475928 0.584234 0.229664 0.00589277 9.9991E-05 0.125639 0.00687771
0.0286371 0.626454 0.0130198 9.9991E-05 0.147605 0.158922 0.0252626
0.0808988 0.679334 0.00932244 0.0405287 9.9982E-05 0.189716 9.9982E-05
9.9973E-05 0.364839 0.351312 0.0113342 9.9973E-05 0.272215 9.9973E-05
0.0308551 0.614842 0.0640488 0.0182352 0.0346448 0.237274 9.9991E-05
9.9982E-05 0.673876 0.0843515 0.0443956 0.0658224 0.131354 9.9982E-05
0.0565922 0.598219 0.00511299 0.0441928 9.9991E-05 0.292767 0.00301611
9.9982E-05 0.370829 0.344423 0.0290651 0.170084 0.0853995 9.9982E-05
9.9973E-05 0.0641775 0.0427906 0.0490932 9.9973E-05 0.843639 9.9973E-05
0.0158631 9.9964E-05 0.00751303 9.9964E-05 9.9964E-05 0.976224 9.9964E-05
0.0417976 0.0958372 0.0319621 9.9991E-05 0.0489591 0.769951 0.0113933
9.9991E-05 0.280181 0.228218 0.0901854 0.118163 0.274156 0.00899778
0.0262302 0.0708776 9.9982E-05 0.0452873 9.9982E-05 0.82839 0.0290154
0.00499766 9.9973E-05 0.126642 9.9973E-05 0.223814 0.644246 9.9973E-05
0.0775447 0.65674 0.0175998 9.9982E-05 0.0102135 0.237701 9.9982E-05
9.9964E-05 9.9964E-05 0.839845 0.0129105 0.146845 9.9964E-05 9.9964E-05
9.9964E-05 0.0566729 0.860105 9.9964E-05 0.0828223 9.9964E-05 9.9964E-05
9.9964E-05 9.9964E-05 0.815931 9.9964E-05 9.9964E-05 0.171756 0.0119131
0.041765 9.9991E-05 0.703298 0.0242707 0.0585908 0.168763 0.00321211
0.0752837 0.182134 0.699071 0.0124424 0.0190544 9.9991E-05 0.0119149
9.9982E-05 0.536893 9.9982E-05 0.062452 0.20177 0.189702 0.00898291
9.9973E-05 0.705887 0.135001 9.9973E-05 0.136005 9.9973E-05 0.0228074
0.659749 9.9964E-05 9.9964E-05 0.334895 0.00495655 9.9964E-05 9.9964E-05
9.9982E-05 9.9982E-05 0.0555277 0.856562 0.00364063 0.0704965 0.0135732
0.0295047 0.0257334 0.00236299 0.881072 9.9991E-05 0.0590715 0.00215501
0.0148814 0.0232787 0.0584188 0.64584 0.235396 0.0220847 9.9991E-05
0.154912 0.0192536 9.9982E-05 0.734988 0.0878065 9.9982E-05 0.00284036
0.247591 9.9982E-05 0.108755 0.591523 9.9982E-05 0.0367086 0.0152218
0.00487333 9.9973E-05 9.9973E-05 0.899662 0.0864425 9.9973E-05 0.00872232
0.536254 0.0294781 0.0428847 0.375058 0.0161257 9.9982E-05 9.9982E-05
0.238491 0.0713639 0.00279768 0.614177 0.0695068 0.00356364 9.9991E-05
0.371322 9.9973E-05 0.0819291 0.530353 0.0160959 9.9973E-05 9.9973E-05
9.9982E-05 0.0408944 9.9982E-05 0.785168 0.132976 0.0121634 0.0285983
0.0827663 0.00883038 0.0589408 0.699338 9.9991E-05 0.122089 0.0279354
0.192098 0.0168455 9.9982E-05 0.632865 9.9982E-05 0.149054 0.00893789
0.220722 0.00632807 0.0498829 0.720855 9.9982E-05 9.9982E-05 0.00201213
0.216778 0.101757 9.9982E-05 0.62607 0.0433931 9.9982E-05 0.011802
9.9964E-05 0.0830005 9.9964E-05 0.911455 9.9964E-05 9.9964E-05 0.00514426
0.0723963 0.0546137 0.0404935 0.82829 9.9982E-05 9.9982E-05 0.00400671
9.9973E-05 0.0720275 0.0052451 0.136777 0.785651 9.9973E-05 9.9973E-05
9.9964E-05 9.9964E-05 0.0468694 9.9964E-05 0.873073 0.079658 9.9964E-05
0.198264 0.018676 9.9973E-05 0.664699 0.118061 9.9973E-05 9.9973E-05
0.336443 0.20973 9.9991E-05 0.385228 0.0181672 0.0393654 0.010966
0.9994 9.995E-05 9.995E-05 9.995E-05 9.995E-05 9.995E-05 9.995E-05
0.192527 0.0230835 9.9973E-05 9.9973E-05 0.684711 0.0993782 9.9973E-05
9.9991E-05 0.840122 0.017358 0.0613467 0.0513137 0.000903124 0.0288562
9.9982E-05 0.524316 0.175828 0.00188717 9.9982E-05 0.252658 0.0451097
0.105444 0.350366 0.398 9.9982E-05 0.0897107 0.0562805 9.9982E-05
9.9973E-05 0.0671901 0.54365 9.9973E-05 0.125476 0.263384 9.9973E-05
0.0143611 9.9991E-05 0.744433 0.016025 0.107621 0.116591 0.000868932
0.0321298 9.9991E-05 0.766706 0.0153497 0.123094 0.0613797 0.00124016
9.9982E-05 0.0358687 0.703525 9.9982E-05 0.0626675 0.181154 0.0165853
0.0182915 9.9982E-05 0.714894 9.9982E-05 0.104144 0.15527 0.00720006
9.9982E-05 9.9982E-05 0.667697 0.0712608 0.131428 0.105101 0.0243124
9.9991E-05 0.107348 0.710852 0.118436 0.00574698 0.00646069 0.0510558
0.0497153 0.680541 0.0876783 0.00945857 0.0622062 0.110301 9.9991E-05
0.0547149 0.798868 0.00724702 0.0201057 0.0726904 9.9991E-05 0.0462741
0.10914 0.680227 9.9982E-05 9.9982E-05 0.0266964 0.16123 0.0225062
9.99551E-05 0.738744 9.99551E-05 9.99551E-05 0.260756 9.99551E-05 9.99551E-05
0.0479197 0.685198 9.9982E-05 9.9982E-05 0.0838103 0.160765 0.0221066
0.0338817 0.580071 9.9973E-05 9.9973E-05 0.310007 0.0757404 9.9973E-05
0.0485781 0.117836 0.070957 9.9991E-05 0.0523771 0.682291 0.0278609
0.084554 9.9964E-05 0.0502158 9.9964E-05 9.9964E-05 0.86483 9.9964E-05
9.9973E-05 9.9973E-05 9.9973E-05 0.0434693 0.0522985 0.861278 0.0426547
0.0194603 0.122931 0.111453 0.0354047 0.12837 0.582281 9.9991E-05
9.9982E-05 0.102106 0.0303445 0.0708316 9.9982E-05 0.777711 0.0188075
0.0281186 9.9991E-05 0.584859 0.0998123 0.00827223 0.171018 0.10782
0.631421 9.9991E-05 0.0387372 0.170163 0.111295 0.0239843 0.0242995
0.0803054 9.9982E-05 0.0792902 0.697794 0.110523 9.9982E-05 0.0318872
0.0603022 9.9973E-05 9.9973E-05 0.829403 0.0398389 0.070156 9.9973E-05
9.9973E-05 0.125151 9.9973E-05 0.740559 0.107647 0.0263434 9.9973E-05
0.0453042 0.168424 0.0430664 0.736274 9.9982E-05 9.9982E-05 0.00673202
0.0789214 0.194107 0.148173 0.103142 0.0555485 0.38571 0.0343979
0.0305414 0.202611 0.220376 0.00338215 0.0390069 0.464968 0.0391143
0.0255867 0.100408 0.0355081 9.9982E-05 9.9982E-05 0.808189 0.0301074
0.00683513 0.238018 0.18841 9.9991E-05 0.163057 0.341395 0.0621852
