0.761741 0.0408156 0.00985667 0.124814 0.0626724 9.9991E-05
0.790196 0.079021 0.0195046 0.0947079 0.0164708 9.9991E-05
0.634279 0.19965 0.021652 9.9991E-05 0.0955941 0.0487248
0.765824 9.9982E-05 0.00938948 9.9982E-05 0.144061 0.0805256
0.888232 9.9973E-05 9.9973E-05 0.0687129 9.9973E-05 0.042755
0.819118 9.9973E-05 9.9973E-05 0.157777 0.0228045 9.9973E-05
0.73298 0.0198368 9.9982E-05 0.100808 0.146175 9.9982E-05
0.694529 0.0205165 0.0421565 9.9991E-05 0.213873 0.0288257
0.627746 0.24452 0.000622671 0.0545608 9.9991E-05 0.0724507
0.415575 0.191932 0.0420722 0.00888622 0.341434 9.9991E-05
0.347471 0.0430854 0.080056 9.9991E-05 0.413125 0.116163
0.437654 0.214957 0.0352591 0.050028 0.262003 9.9991E-05
0.0410907 0.0462473 0.067651 0.105857 0.739054 9.9991E-05
0.466236 0.22066 9.9982E-05 9.9982E-05 0.172208 0.140696
0.68005 0.173701 0.0332523 0.0414355 9.9991E-05 0.071461
0.610078 0.130947 9.9982E-05 0.0369528 0.221822 9.9982E-05
0.657578 0.16803 9.9982E-05 9.9982E-05 0.0953521 0.07884
0.820712 0.0797401 0.0107592 0.056953 0.0317356 9.9991E-05
0.0379224 0.560153 0.065884 0.0994932 0.177601 0.0589458
0.0858155 0.699474 9.9982E-05 0.0407939 0.173716 9.9982E-05
0.238593 0.697239 0.00628591 9.9991E-05 0.0125194 0.0452629
9.9991E-05 0.80841 0.00271073 0.00975996 0.110956 0.0680637
9.9973E-05 0.894645 0.0340465 0.0710087 9.9973E-05 9.9973E-05
0.145287 0.730061 0.0465948 0.0778573 9.9982E-05 9.9982E-05
0.263917 0.621109 9.9973E-05 9.9973E-05 0.114675 9.9973E-05
0.0512557 0.87553 0.00325349 0.0697609 9.9982E-05 9.9982E-05
9.999E-05 0.866454 0.0245568 0.0306994 0.017261 0.0609284
9.9982E-05 0.857903 0.0293513 0.111185 9.9982E-05 0.00136145
9.9973E-05 0.940925 9.9973E-05 0.00410951 9.9973E-05 0.0546654
0.0156985 0.809654 9.9973E-05 0.174347 9.9973E-05 9.9973E-05
9.99776E-05 0.903126 9.99776E-05 0.0820997 0.0144744 9.99776E-05
0.0527931 0.831119 0.0342491 9.9982E-05 9.9982E-05 0.0816393
0.0589626 0.807492 0.0821568 0.0445414 9.9991E-05 0.00674763
0.495718 0.190457 0.0479917 9.9991E-05 0.225094 0.0406391
0.635925 0.27347 9.9982E-05 9.9982E-05 0.00977672 0.080629
0.637561 0.149992 9.9982E-05 9.9982E-05 0.0873129 0.124933
0.65196 0.0411542 0.0256793 0.0328846 0.248222 9.9991E-05
0.467583 0.141537 9.9991E-05 0.0164776 0.274667 0.0996347
9.996E-05 9.996E-05 0.9995 9.996E-05 9.996E-05 9.996E-05
9.9973E-05 0.761615 0.0255758 9.9973E-05 0.212509 9.9973E-05
0.648167 0.153291 9.9982E-05 0.16121 9.9982E-05 0.0371311
0.613222 0.143553 9.9982E-05 0.00837834 0.234647 9.9982E-05
0.252881 0.259788 0.00467294 0.23302 0.249538 9.9991E-05
0.191457 0.0572321 0.0473796 0.0959215 0.546312 0.0616983
0.0146248 0.0752526 9.9982E-05 0.036024 0.873899 9.9982E-05
9.996E-05 9.996E-05 0.9995 9.996E-05 9.996E-05 9.996E-05
0.386167 0.248467 0.0565019 9.9991E-05 0.27175 0.037014
0.271046 0.123308 9.9982E-05 0.166112 0.439333 9.9982E-05
0.236997 0.383695 0.029706 0.00280554 0.209183 0.137613
0.0137892 9.9991E-05 0.00955947 0.577145 0.0956889 0.303717
9.9982E-05 9.9982E-05 0.0160998 0.32489 0.134899 0.523911
0.0978562 0.0359542 9.9982E-05 0.307118 9.9982E-05 0.558872
0.0270851 9.9991E-05 0.0351992 0.257276 0.138979 0.541361
9.9982E-05 0.0799766 0.0408467 0.133661 9.9982E-05 0.745316
9.9973E-05 0.0515044 9.9973E-05 0.235349 9.9973E-05 0.712847
0.206778 9.9982E-05 9.9982E-05 0.0432101 0.0145586 0.735254
0.0330305 0.00768255 0.0108471 0.606886 9.9991E-05 0.341454
9.996E-05 9.996E-05 9.996E-05 0.9995 9.996E-05 9.996E-05
0.10147 9.9991E-05 0.0460907 0.0549971 0.0231872 0.774155
0.196072 9.9991E-05 0.0329161 0.329832 0.0833308 0.357749
9.996E-05 9.996E-05 9.996E-05 0.9995 9.996E-05 9.996E-05
0.0173596 0.0723381 0.00545757 0.237575 0.12083 0.546439
0.0490913 9.9991E-05 0.0572522 0.177341 0.515787 0.200429
0.0725908 0.761773 0.00944588 9.9991E-05 0.117149 0.0389422
0.040769 0.855285 0.0162327 9.9991E-05 0.0201406 0.0674723
0.132769 0.809239 0.0327452 0.0250475 9.9982E-05 9.9982E-05
0.0694821 0.0719046 0.0137655 0.132878 0.0742919 0.637678
9.9982E-05 9.9982E-05 0.070939 0.101168 0.324948 0.502744
0.120944 9.9991E-05 0.0480364 0.160693 0.0712119 0.599015
9.9982E-05 9.9982E-05 0.0552282 0.109935 0.245719 0.588918
0.0478012 0.0208335 0.028139 0.0957003 9.9991E-05 0.807426
0.241338 9.9991E-05 0.00389603 0.169843 0.54936 0.0354632
0.0870548 0.0253822 0.0147042 0.0380973 0.788555 0.0462067
9.9973E-05 0.0167715 9.9973E-05 0.120694 0.862234 9.9973E-05
9.9973E-05 9.9973E-05 0.0112596 9.9973E-05 0.974233 0.0142075
9.9982E-05 0.117436 0.0528035 0.0287086 0.800852 9.9982E-05
9.9973E-05 9.9973E-05 0.0268027 0.103235 0.869662 9.9973E-05
0.120252 0.0837265 0.0140054 0.0206144 0.696119 0.0652833
9.9973E-05 9.9973E-05 9.9973E-05 0.114441 0.286843 0.598416
0.105703 0.00677324 0.123351 0.196213 0.244626 0.323334
9.9991E-05 0.093748 0.020701 0.246983 0.073295 0.565173
9.9991E-05 0.0619343 0.0535334 0.194255 0.084327 0.60585
0.176349 9.9982E-05 0.0220143 0.0342725 9.9982E-05 0.767164
0.0927747 0.656636 0.0381786 9.9991E-05 0.138461 0.0738498
0.152988 0.122585 9.9991E-05 0.19745 0.388248 0.13863
9.9973E-05 9.9973E-05 9.9973E-05 0.12315 0.83112 0.0454297
9.996E-05 9.996E-05 0.9995 9.996E-05 9.996E-05 9.996E-05
0.673726 0.146204 9.9982E-05 0.0656897 0.11418 9.9982E-05
0.751256 0.116663 0.0325453 0.00685592 0.0925799 9.9991E-05
0.558639 0.120341 0.0498237 0.12684 0.144257 9.9991E-05
0.332882 0.252339 0.0644015 0.0438093 0.208195 0.0983729
0.667205 0.0693105 9.9991E-05 0.00836639 0.193775 0.061243
0.0357266 0.0185898 9.9982E-05 0.298117 0.647366 9.9982E-05
0.104842 0.607189 0.0418798 0.00875686 0.219682 0.0176494
0.0538281 9.9982E-05 0.0542644 9.9982E-05 0.69663 0.195078
0.259228 0.273235 0.0284569 0.0028474 0.35644 0.0797933
0.691905 0.223836 0.00173821 0.0823213 9.9982E-05 9.9982E-05
0.586624 0.044933 9.9982E-05 9.9982E-05 0.332616 0.0356273
0.488964 0.201755 9.9982E-05 0.0232028 0.285878 9.9982E-05
0.560865 9.99916E-05 0.0167685 0.0109503 0.378464 0.0328523
0.569139 0.00449928 0.00972535 9.9982E-05 0.416437 9.9982E-05
0.683334 0.0439509 0.00928614 0.00304985 0.260279 9.9991E-05
9.9991E-05 0.038332 0.0216995 0.131566 0.738284 0.0700183
0.0359061 0.0861923 0.0784703 0.0419692 0.611845 0.145617
0.0162394 0.0224373 0.0974441 0.0950698 0.676564 0.092245
0.0977975 0.201424 9.9973E-05 9.9973E-05 0.700478 9.9973E-05
0.249201 0.146321 9.9991E-05 0.0833056 0.440292 0.0807801
0.429394 0.43574 0.00512004 0.00207026 0.0243669 0.103309
0.155939 9.9982E-05 0.0103439 0.170712 9.9982E-05 0.662805
9.9991E-05 0.0624914 0.0260711 0.0971412 0.141028 0.673168
9.9982E-05 0.238777 9.9982E-05 0.130025 0.520023 0.110975
0.198069 0.121156 0.0407765 0.252662 0.387236 9.9991E-05
0.139266 0.265597 0.0384905 0.271024 0.285522 9.9991E-05
9.9964E-05 0.732927 9.9964E-05 9.9964E-05 0.266673 9.9964E-05
9.9991E-05 0.0439845 0.0438446 0.0258026 0.275866 0.610403
0.0170066 0.0636765 9.9991E-05 0.314171 0.147228 0.457818
0.0864235 9.9982E-05 9.9982E-05 0.153537 0.390436 0.369404
0.337794 0.478335 0.0572027 0.0101445 0.0818377 0.0346858
0.666732 0.223919 9.9982E-05 0.0596934 9.9982E-05 0.0494553
0.716419 0.010748 0.0265926 0.127959 0.118181 9.9991E-05
0.710575 0.120691 9.9982E-05 0.0802865 9.9982E-05 0.0882474
0.569255 0.394461 9.9973E-05 9.9973E-05 9.9973E-05 0.0359835
0.628303 0.198334 9.9982E-05 9.9982E-05 0.168506 0.00465776
0.848458 0.0602443 9.9973E-05 9.9973E-05 9.9973E-05 0.0909973
0.879325 9.9982E-05 0.00492492 0.101095 9.9982E-05 0.0144544
0.456887 0.359218 9.9982E-05 9.9982E-05 0.147212 0.0364826
0.743378 0.0876106 9.9982E-05 9.9982E-05 0.12926 0.039552
0.6641 0.120183 0.0129623 0.0660497 0.136605 9.9991E-05
0.711257 0.0364278 0.00474402 0.0241195 0.223352 9.9991E-05
0.4559 0.314231 9.9982E-05 9.9982E-05 0.112496 0.117173
0.739061 9.9991E-05 0.0352423 0.060876 0.103259 0.0614616
0.363837 0.234577 0.00496801 0.0155199 0.380999 9.9991E-05
0.81536 0.0463631 9.9991E-05 0.128659 0.00106362 0.00845398
9.9973E-05 0.843033 9.9973E-05 0.0277443 0.128923 9.9973E-05
0.0260996 0.921756 9.9973E-05 9.9973E-05 0.0518445 9.9973E-05
0.0158906 0.954349 0.0294605 9.9973E-05 9.9973E-05 9.9973E-05
0.0579278 0.80673 0.0102489 9.9991E-05 0.0327241 0.0922693
0.100624 0.778839 0.00756115 0.0130343 0.0675764 0.0323653
0.670181 9.9982E-05 0.0135671 9.9982E-05 0.198761 0.117292
0.591544 0.157967 0.0219442 0.0105083 0.217937 9.9991E-05
9.9964E-05 9.9964E-05 9.9964E-05 0.653656 9.9964E-05 0.345944
9.9982E-05 0.0519123 0.0222201 9.9982E-05 0.102316 0.823351
0.0206562 0.0260089 0.00607239 0.17252 9.9991E-05 0.774642
9.9973E-05 0.0313046 9.9973E-05 9.9973E-05 0.340047 0.628349
0.0532426 9.9991E-05 0.0152542 0.192585 0.001093 0.737726
9.9973E-05 0.114271 9.9973E-05 0.256131 9.9973E-05 0.629298
9.9973E-05 9.9973E-05 0.0210845 9.9973E-05 0.0323621 0.946253
9.9982E-05 0.0658032 9.9982E-05 0.282285 0.0508053 0.600906
9.9973E-05 0.0995355 9.9973E-05 0.176033 9.9973E-05 0.724131
0.0474585 0.0236793 0.00833585 0.414777 0.00812738 0.497622
9.9973E-05 9.9973E-05 0.0326108 9.9973E-05 0.15348 0.813609
0.0197143 0.053059 0.0444125 0.124929 0.0361661 0.721719
0.04881 0.0817882 0.0186702 0.165752 9.9991E-05 0.68488
9.9982E-05 0.0503673 0.0115324 0.195166 9.9982E-05 0.742734
9.9991E-05 0.0266888 0.0104274 0.258965 0.0981333 0.605685
0.0404083 9.9973E-05 0.00777753 9.9973E-05 9.9973E-05 0.951514
0.00897056 0.0537975 0.0122956 0.163398 0.0456843 0.715854
0.0114703 0.0529319 9.9991E-05 0.0368778 0.724854 0.173766
0.0577687 0.0365582 9.9973E-05 9.9973E-05 0.905373 9.9973E-05
0.0291268 9.9982E-05 9.9982E-05 0.0482213 0.0727656 0.849686
0.180624 9.9982E-05 0.0157084 0.457295 9.9982E-05 0.346173
9.996E-05 9.996E-05 9.996E-05 0.9995 9.996E-05 9.996E-05
0.139428 9.9973E-05 9.9973E-05 0.237153 0.623119 9.9973E-05
0.859767 9.9982E-05 0.0245135 9.9982E-05 0.0153196 0.1002
0.641805 0.265508 0.0256617 9.9982E-05 9.9982E-05 0.0668257
0.278959 0.466047 9.9982E-05 0.0717596 0.183034 9.9982E-05
0.265154 0.611174 9.9982E-05 0.0438395 0.0796327 9.9982E-05
9.9964E-05 0.776436 9.9964E-05 9.9964E-05 0.223164 9.9964E-05
0.0401138 0.852191 9.9991E-05 0.0702149 0.0143095 0.0230712
0.111933 0.735961 0.030891 0.0159946 0.105121 9.9991E-05
0.118862 0.732789 0.0164504 0.0794371 0.0465197 0.00594221
9.9991E-05 0.75002 0.0276862 0.0611613 0.123874 0.0371593
0.0858153 0.770589 0.0474249 9.9982E-05 9.9982E-05 0.0959711
0.708051 0.126337 0.00346378 0.0227709 0.1103 0.0290767
0.749307 0.0274818 0.054381 0.0961562 0.0558847 0.0167894
0.695716 9.9982E-05 0.044427 0.111537 0.14812 9.9982E-05
0.576512 9.9973E-05 9.9973E-05 9.9973E-05 0.397656 0.0255325
0.705723 9.9973E-05 9.9973E-05 0.0950957 0.198882 9.9973E-05
0.556777 9.9982E-05 9.9982E-05 0.0157036 0.402463 0.0248567
0.599218 0.151944 9.9982E-05 0.0681932 0.180445 9.9982E-05
0.506127 0.19814 0.0139753 0.062775 0.196417 0.022565
0.571394 0.0725208 0.0746329 9.9991E-05 0.238006 0.0433466
0.494552 0.248285 0.0106067 0.00988964 0.17618 0.0604869
0.718252 0.0583199 0.0374371 9.9991E-05 0.0848222 0.101069
0.0460674 0.717903 0.142121 9.9991E-05 0.0302064 0.0636017
0.0465078 9.9991E-05 0.0206465 0.786031 0.0337575 0.112957
9.9991E-05 0.0771386 0.0302205 0.194338 0.041373 0.65683
9.9973E-05 9.9973E-05 9.9973E-05 0.0360489 0.132818 0.830833
0.137764 9.9982E-05 9.9982E-05 0.0348436 0.074142 0.753051
0.0176066 0.0885054 0.0208612 0.0282158 9.9991E-05 0.844711
0.348387 0.273091 0.0206813 0.0589599 0.198839 0.100042
0.493254 0.280905 0.0391689 0.0517611 0.11879 0.016121
0.785627 0.103198 0.068867 0.033368 9.9991E-05 0.00883979
0.413584 0.271348 0.0421849 0.0108518 0.261931 9.9991E-05
