IBR/IBR_outputs/all.combrep_1/PersistForestCover_Total.Silt_Total.WeatheringIndex_Total/PersistForestCover_Total.Silt_Total.WeatheringIndex_Total.asc
NCOLS 160 
NROWS 95 
XLLCORNER 210004.651214014 
YLLCORNER 7350008.22228844 
CELLSIZE 4999.99999999997 
NODATA_value -9999 
[rows 63 to 83 of 95, columns 46 to 91 of 160]
9.8831602151192 10.2727770364729 11.360581919787 10.5595915224614 9.77897805144769 10.5329195163826 9.57610843752869 9.07524819722384 9.38734022975916 9.11224078797293 8.69784676100928 9.00778663965132 9.00447682454804 8.93778772825889 9.22508470562803 9.3985283362478 9.35962222383194 10.5466785117538 10.9131843282054 11.049597379157 9.1847469636349 9.65168846899843 12.748552865854 9.8599369182313 11.6225996019988 12.0716887573039 14.1655409433241 13.2971958696629 9.42987447537413 11.2419615312272 12.2774724458712 11.1346314640423 11.9444942349423 9.76915336674706 9.38222365219296 9.08907456953022 9.54691955079622 10.2198286075017 9.1829459436348 9.73594763204459 9.42354520597267 9.68203598938297 10.0431363504693 8.93591941960059 8.8864977556224 8.80075931313588
9.13623337009093 9.3172155035748 9.27445079172993 9.76663577337367 9.58934566169564 9.63541535709327 9.64275572535499 9.71597572791778 14.0333770544251 9.57031530667054 10.1027369407807 9.10214798080213 8.28901921477386 9.5402543556571 9.05430854875017 8.88769361154589 8.66062603670429 9.27058259677983 9.11103214971693 8.82717465653398 9.25967079508339 9.41659521491839 11.5937633679705 10.7934899369019 11.6744370972638 13.9449682490165 13.9440795717295 15.1442743986626 10.9702635133004 9.81144174244377 10.6494136098644 12.3385512980156 10.7368346300898 12.3947839373678 12.1463275827931 10.4836617656439 11.1051931815537 10.2653210902198 9.76774335368366 9.31403369747437 10.3565345020509 9.9856181842282 9.7798754393758 8.89671405986755 9.67509965903898 8.75282757648952
10.139858401728 10.0246667131601 9.49078764295292 9.0317772115051 9.46680288226219 9.14502802564804 9.32021389204935 9.03832206626428 10.0451620276441 9.3439548014467 8.96323073743234 9.15011508978026 9.1050209086855 8.94978456748359 9.04777596602828 9.35973594468078 9.79300751814101 11.5249551243917 9.33843536146306 9.04015654488796 9.40370444102983 9.80975915225198 9.92081508420174 9.97647507532223 9.40208450182821 10.065850183666 9.33710415968078 11.0649065284397 12.7857490316521 11.4296032170317 11.2751010644181 10.4934173050813 12.9653042241077 11.3023494389553 11.3748877491846 10.2705959667274 9.86503919124891 10.1110340744808 10.547563663116 10.4031437367014 10.0092915777782 10.7996172463095 10.1688520017426 11.2436372615736 10.2101218752671 9.01831970573084
9.00681832705983 10.9342641826152 9.73543964630968 9.51392223218113 9.32830065155707 8.96436865721462 10.0131534454582 9.50495910237596 9.45530517192266 20.4890070844457 39.6961155997276 8.91973043228855 9.29036920011782 9.06370846260987 9.76917196570436 11.6279413655788 12.1400198695131 11.0298228666112 12.489895850297 9.97541765345696 8.99108881166581 9.18950090186069 9.15180666733985 9.21638173787235 8.8736789610677 9.28842259548576 9.00033320428021 9.30530967104833 9.19701001083536 9.266931850431 10.3978923598057 15.8990338095783 10.5497323347178 11.3930807048821 10.717137160699 9.08894773198177 9.80254625013927 10.0971529116962 9.00354776564914 9.92705874735447 10.4363964625883 10.4573944731468 9.85899361552079 8.9330596648243 9.49024302605782 9.33684125962527
10.3707953033707 10.9753738631605 10.1270327474074 9.10560426200388 9.48529471423089 9.17806592970092 9.25687610230531 8.87199423491472 8.7949799211427 9.16550840793433 9.11553036422399 8.79507567797343 8.9442246991985 9.45831173872089 10.3272385531228 10.5906018011996 9.30252656486481 9.08682440674867 9.43857558356236 9.77966138549948 9.08804567007157 8.95786116145414 9.02052018464787 9.16934212507583 9.33220919446261 9.75929592534604 10.5746709135512 8.99123499753382 8.93464124059861 9.2385643173913 9.21369590649152 9.56720957229425 12.6457806569263 9.58592707622519 10.0034075640311 9.11009075054977 9.81169330569369 9.72534244965852 9.36206929187065 9.27219082098789 10.1330953673537 9.4713794157764 8.89392467425624 9.30462488904033 9.4017107079035 9.39817030702894
10.4257520990495 10.3058180927085 10.4183746476706 9.72779980032854 10.0541393725128 9.74538457978008 9.92450610182268 8.95802849731726 9.73463580171317 8.83727286308863 9.66726240432367 9.02955120596867 9.03205354649529 10.0246021962687 9.994486187988 9.23730265623301 9.35095913641756 8.10994826787053 7.78813349825926 8.31786687409083 8.90261124841909 10.2499925604779 9.44321893720987 9.20160557480765 9.29018315368225 9.39832801301652 9.42120692783007 8.77737692990414 8.77890414532501 9.1274545867455 9.09310133818321 10.1935501884444 11.2447575367707 10.637641502293 12.6879928293975 9.84801828326007 10.0542364004481 9.84282200126466 9.18698023958998 9.12342703630457 10.8435935023049 9.52393149798411 8.89697404864033 9.26898992946503 9.51586483422289 10.4069685474606
9.16296202663687 9.5438859924013 9.16544116739536 9.55882073280966 9.83121219630236 9.62663508248599 9.54245372482478 9.73563736459475 10.2187131462842 10.0842458335922 9.62433968133255 8.97171075565495 9.07579962458573 9.95993575127721 9.86057533680524 9.44474590112399 8.57688928083156 8.03659813921699 7.91880101678939 8.03172134702432 8.12324928694319 9.42260752932412 10.2423181616356 9.85480071118604 9.08878426952316 8.80826382650003 9.26849447371487 10.478625018543 10.2266952993785 9.64017203043399 9.76247657090934 9.37447443402669 8.4857893486243 8.70867800930727 9.12991796909881 11.018556356073 8.9907245350358 9.12576720851964 9.77334170855901 10.491790773331 9.83377683832156 9.5057857367362 10.0551389138449 9.28302029627127 9.86981578324784 10.3093607215368
8.87085516167978 8.94232554227156 8.70518382408477 8.3808677179821 9.47486300062342 9.45853471316119 8.7595767931765 9.53606708820312 9.86000891437138 10.6934300756513 11.3657770326464 11.4841759604187 10.6897291798016 9.60230013493664 9.50073553730907 9.16534373995345 8.88440168260047 9.27967722135424 8.19413872339309 7.96042865168393 8.34054155864524 9.2572761753622 9.5384264157199 9.78620177843093 9.08068396446503 11.071720753618 9.10547989215592 9.78331558469944 11.5487748882606 9.89665555368828 9.7034048659677 8.59222129481076 8.16346025823855 7.35303876187766 7.6604485516714 12.6291297686104 9.70394047070913 9.26138728520413 9.45077363846388 9.31981157052233 9.63711307852504 10.2833914713538 10.3321905887699 9.23865420522093 9.3528695082465 9.5874825875824
8.21547418613419 8.65603538557689 8.38189925399333 8.14376802902913 7.75572160429732 8.71065903962514 8.42718185699172 9.92083469625555 11.4674480685579 10.1807014633525 9.63579343326803 10.7637479437749 10.4524266293654 8.2062800505654 10.4964469028984 9.61767385696703 9.30380493390619 9.5631415447857 8.71705076534548 9.16846337670339 9.94309368715297 10.4142372734409 9.57238519451956 10.4658275329858 9.7863127824334 8.78153819730455 8.92928037314512 9.41707283113872 9.78940106031228 9.86018984121926 9.90161634169375 9.80688951207096 9.16257019180997 9.07615047891179 9.00826166127202 9.3135315518671 9.23388384789407 9.62866340245674 9.6420472596858 10.0469597000901 9.19797002904859 9.87090604747705 10.5540906656403 10.2951093878503 9.74649591552441 10.9019230506764
8.01499034141436 8.72697025787418 9.04335298290304 8.82613781079801 8.9322080735936 9.13996598651384 8.80475741144219 8.15278149114979 8.03568567474973 8.93564804111648 8.79623400574216 8.47221497025568 8.68006556443292 8.12837114476828 10.7547033656224 9.76626111804288 9.31950980570516 9.1214230084074 9.23956923509194 9.7837258090116 10.5389996325666 9.44376373315354 9.28321747206431 11.5145082078737 9.62235728085693 9.36226875492825 9.41911499499025 9.66363234846381 9.87418327790308 11.3879526164426 10.395839033601 12.6634074606008 10.1086683353425 11.4080825047497 10.7492314996672 10.708369774394 10.2441191746225 9.97097003250536 9.32820007632007 10.2703539012646 10.1754728914349 10.0783377296678 9.97185180143037 9.88930902194365 10.2080437800765 10.3499828141107
8.5838222038702 8.38596073698135 11.7368977734559 15.9307524767752 11.2315001684618 16.2377670394982 19.8658399651076 16.8574317438172 11.2019930485001 8.74839938089814 8.41222225094518 9.83524428007181 9.92053799183305 7.57215199759522 7.59149966678501 9.19333053931732 9.89690579535081 11.541730919969 11.7633305979969 10.613233290681 11.2697009216785 12.5101378279977 10.7891773955747 10.4187140209558 9.86668267358637 10.861747237306 14.4539117497247 16.7974793993503 12.8578061918703 12.3827952647677 10.3124267730642 9.75336636116958 9.93096216270621 11.3490469906001 9.18506110450228 9.3085013372888 9.30924637860807 9.31202044440063 8.96857079258661 8.90188432143388 9.28446405149013 10.9296663578217 9.83133720462269 9.53263094601641 10.3427317369429 9.76026959202748
8.42576020312171 8.09693522043996 8.89476668475768 8.57844133004165 8.33201515645667 8.71998470692358 10.3545370228634 14.12849953134 12.8861920378121 21.6344399012986 9.79908716556533 8.83849884141097 8.34899331879432 9.63819016439454 9.65249699870227 9.90939829599857 15.0663393798401 19.017172870694 17.0770680827026 14.6067435876478 10.8163764479886 16.183639263311 13.335407110636 12.073413538866 11.702168599164 9.53108925366401 10.5893077715276 14.1933050339064 18.7085397111341 13.1298822825883 12.0602069751741 10.4486456355153 9.93674686405351 9.30445230919731 9.09753453536657 9.22628530983528 9.15145073864903 9.32021769452923 9.42540116957357 9.14233721285404 9.70127882469735 9.22112944321324 9.47011580068462 9.6279798697024 10.5826671269551 11.1741884220477
8.29627003370755 9.30693812370777 11.3128737547435 8.45038332013768 7.92153168682202 8.70283213203509 8.09699977924868 8.08047814904521 9.79558400524276 11.8603521693172 21.8492100292664 19.0581613362771 9.00435907231824 8.95360577314447 9.44387229578688 9.61748275794844 11.3037432777489 14.3939368468109 13.2824129350451 15.8892359366067 10.8144718233472 12.8697861106103 12.2152580287004 10.5589946222552 11.0714509839108 12.2349592240624 11.584055107865 11.790922425047 11.8917574141776 10.8885048929794 9.13663974035918 9.11903479119922 8.231418816367 7.82933576074152 8.52524180357214 8.75734526300347 9.47649716035332 8.84455682769779 9.23467574204223 9.39019160868584 9.18120022733949 9.15920607653471 9.26810193513474 9.17318124031459 9.04194794385819 10.2611055635812
9.26389522988865 8.76213951157476 8.65852975313631 7.53920200077964 7.91379016932553 7.94121296137513 8.31057083674155 10.283184122206 15.6089575724181 15.8289515059284 14.9503479471752 22.1619055152346 10.3601143402514 8.5523704402974 8.2982342924847 9.06586981535127 10.3581955204737 10.4378459358913 11.1102240650036 11.6546380646401 11.5296331656066 13.1894767472483 12.143780737917 10.5395104589162 12.2129120834024 14.1730791383294 10.8449769573771 11.9118791130939 10.4589249363825 9.59115935243581 9.26465431257155 8.96830053813361 8.7192622935501 8.64713248738065 8.62215669440364 8.75419044716898 7.415546317051 6.63400406876218 8.39297076912749 10.0210210531919 9.06844086590829 9.329776107151 9.13625798997923 9.29299137630192 10.1890444100641 10.3674148348946
7.75799682455052 7.65737635933537 7.76216916067433 7.62958822459677 7.40362402555336 7.42808958671538 8.98275483330373 17.8589697029473 13.5011206471714 20.4454529629172 16.7250439732904 18.1649890793545 25.0921148157491 10.8497020051533 7.75880128581007 8.54018989548178 8.20847569874939 8.70670746428543 9.39878051200258 9.03118099740961 8.9288731927064 9.85004146567903 11.1347415858681 9.69946446417873 10.9253048292346 10.1789514612713 9.26670793006517 8.7575182075099 9.19176531935403 9.00713583765956 8.98350893675768 8.79696453499378 8.9059758715452 8.20665005665048 7.34999356330171 8.03948588496648 9.62181631199732 9.80433906167261 8.62972661151091 9.78347222675744 9.17093666768837 9.97856440479424 9.09472189986911 9.0737436924054 10.0250607643675 9.7911287920826
8.34084433346031 7.46694965114766 9.32753828552234 14.0277034852401 14.7307457661833 8.23807057010891 7.4787882160439 9.07012695749386 11.5327362980432 22.3106581145745 9.3310948737474 9.86212190370156 12.6777866751586 10.987330445118 7.29918214065288 8.38114273348328 8.15888579425138 8.24319315381348 8.07019117604948 7.73411465529641 7.7273692653254 7.28000693084704 7.99793115416458 7.97024270635261 8.68954607369283 8.81414906132722 9.65193440374952 8.89662477774957 9.21237755228241 8.99527002820768 8.87847839299214 7.94204796630045 7.07671310951361 6.66385696914346 8.39007129506394 9.75882100334249 9.06213515632855 9.96987271240358 8.28825657399822 8.64228294919145 7.00065461068647 8.16179771141611 8.84796920725971 9.29311444843566 9.12306355888446 9.26810658674341
8.71612179876566 8.64492235497085 8.01334780959121 15.2230934005268 31.5113268630194 15.1124422087959 8.73522082566764 8.90987911533479 9.31746461037127 15.8297646624607 18.5409260117644 8.3817178884007 7.98745579789718 7.51994158954297 7.21800039839993 7.64196507854116 7.39423163565409 8.11907799850612 13.0279411401616 10.8499395416798 8.05669147736606 6.96202659072888 6.68921185653258 6.69297301396192 8.98056932550951 8.60228215670129 8.96224285801515 8.692971927282 8.94645892913912 9.62817977868498 9.10037049777257 8.69190318277595 7.47098699836649 6.48058478623038 6.92654252197195 6.80000986716924 6.03558048116323 5.77058770678545 5.98159144218917 6.42173853968366 6.68078245564389 8.14967341915433 9.10864334144224 9.39798294489871 9.44006423285975 9.48983531934468
8.50696373026346 8.68582582759404 10.8417618452399 11.3045865348796 13.7275479642014 29.8703038754932 24.1509352190393 13.8924544771723 14.0436162894754 17.3026876170567 12.227357950766 8.31269095953132 7.62266952881252 8.04407492979883 10.0361287453136 8.76575662007699 7.62702198925869 7.3347897525852 7.7858636398828 7.27427003820365 6.94691991537235 7.39065765185775 8.22373464257804 7.94103525932592 8.15449194057098 7.99181535485404 8.33917522055739 8.54752008502097 8.31456460581382 9.07913217990277 8.95798896622479 8.78040143191529 8.20780464040689 7.33638607551144 8.0165569583639 7.25365050434199 7.10356445794974 7.58476026711593 7.82662981476965 7.46577714699182 8.52672359070256 8.76922797320542 9.29247083235434 9.88394230475673 9.19088543865597 9.5350226357502
8.05577037078664 8.38013211916923 8.69187827539123 10.2270839972837 23.4999016430986 33.7185671742862 34.8837332324256 30.284674328238 20.4455939493586 10.7431114234095 9.39966489307126 7.21950855525515 7.35324166991862 7.82723873038421 9.85248132436701 13.8201543151392 11.0233268004801 8.48940000329762 7.82295663657083 7.94675830531507 12.9309258528996 11.1936919738941 8.24115878353803 7.55747264328693 7.24240841413536 6.94658070659761 6.60593441985131 7.45838326886359 7.15088691505657 7.66459141592696 8.0159235510142 8.06740881108088 8.00494400336787 8.219650217894 8.50708726308993 8.87760080862202 9.03817265636928 9.37649487409095 10.1666988473872 9.49165303787999 9.24067923190517 9.24035226492289 8.79892754195012 9.43242938729198 9.52921096121425 9.01204196608034
8.44717048318663 8.70134827212875 10.0254487773608 8.57345290255524 9.17273698975283 30.4574313766016 27.7442202073018 27.6997845450613 32.0801050430699 29.4214634547489 18.5369784243736 10.5385899837752 8.93818340403267 7.57887528050946 7.38766954281289 7.86752807944591 9.43977262471751 17.3509045166681 12.8068613309267 13.0119655757725 14.4560948701436 23.8136204475897 8.61693513595469 7.33607122308668 6.96749027408348 6.75935070282595 6.72599026404301 7.15344154524703 8.0988045914547 6.59710988728847 6.61430054392071 7.11856159285472 8.2103012106376 8.84979521144369 8.81419643768724 8.81449310642064 9.55412290257934 13.4599862798772 9.07251228427803 9.02698437515953 10.2359772928725 9.12934360425348 8.7852909394974 8.74607604946012 9.63172852873614 9.10711396964548
9.30899418723328 9.14212472727728 8.50225008302588 9.18365325173599 9.26385163862385 8.77004377620293 11.5902685251654 36.1871384375219 27.8686015709601 26.8145139475656 30.5156158579125 38.6856660547588 30.3012698180509 19.6919369552096 11.1470461137199 7.52421742791841 11.9354720673831 22.6477853926582 27.2990854870293 20.7120260302679 14.2812286455367 13.3436471777823 8.12761663968945 7.27219977530216 6.84892330468218 7.23003491923377 7.57297014244403 7.15943753765771 7.65292115714545 8.12960983110094 8.4531753852552 9.414305021636 8.77620884661073 8.87994554394108 8.89086953418264 8.8356094158457 9.00270549761597 9.08060053270992 9.15202424496617 9.29743723694807 10.0754002165473 9.4744270167798 9.22312431635021 8.97849534969815 9.62991731341395 8.80692512677042
