IBR/IBR_outputs/all.combrep_1/PersistForestCover_Total.Silt_Total.WeatheringIndex_Total/PersistForestCover_Total.Silt_Total.WeatheringIndex_Total.asc
NCOLS 160 
NROWS 95 
XLLCORNER 210004.651214014 
YLLCORNER 7350008.22228844 
CELLSIZE 4999.99999999997 
NODATA_value -9999 
[rows 63 to 83 of 95, columns 92 to 137 of 160]
8.81810219434377 8.94342152127513 9.52106337777244 9.49496292616302 10.4194242774472 10.4260315019526 8.68233893422945 9.01769350324231 9.36771051660784 7.85768495149388 6.02872286500993 12.0411169076224 15.0489734081627 12.6565773895064 12.6896332092237 12.2051967682669 11.630131196218 10.8256665963385 22.7851824066882 23.4657204987804 15.8425479268972 14.7884261395206 12.2960733907825 8.47913247325207 9.94154836116133 10.2429721300218 7.50091341691884 7.88601598654066 8.53106215554184 8.75697150663155 6.81557143947923 11.3073739843721 11.6173175296365 13.7089105182491 12.1175543066407 8.5446271928728 7.80787165720941 8.78750951948028 8.97232832557776 9.45766950720756 8.57294698419697 9.09084727020347 9.31712255579304 7.69689385601563 6.74710721551008 7.08614053116495
8.70757656362444 9.21940395797343 13.5461352198705 10.7494257903238 10.8692641778557 9.89342359113541 10.3174409595936 9.81905307377653 10.2573791132452 8.92956455235938 7.78591325748551 6.08085244046283 9.90438283676696 9.780355114097 9.47849640141824 9.77418545325436 10.8143047532343 10.797703722915 10.2600180936632 12.7408438765055 11.508574954567 11.6991805128414 11.7542904908095 12.6435202168001 8.78939234578975 8.59091695962424 8.91025084500736 8.01548647674346 7.90300792385931 7.43383966732565 7.34500247065152 10.1477347609695 11.7516130759473 11.8499139473688 9.4861380635141 9.52389597464126 10.5642335006629 10.3609786957586 9.42209689855548 8.62477636122422 9.67927239373032 8.59825631589442 8.49366868146717 7.81922537226676 7.39134776638053 7.79112020044762
9.16762770657203 10.8747529834381 13.0681422323447 13.3865901299626 10.6163729981444 10.0914858634398 9.44102789091969 8.95801538100173 8.76111751335364 10.3853781317128 9.69371710182229 8.89904393855974 7.19762507852578 7.23992283792553 7.02639619403921 7.29190451634448 7.99430897441003 9.98017824236747 10.168416618781 9.42408876585008 10.2565915901037 13.9120933711655 21.3670689482256 10.475989842753 9.46111332394726 9.4839399031414 8.66482817946374 9.7990346922734 10.0449871423527 7.02426529245117 8.33124224306717 8.88429787827422 9.7110656789467 9.60834731911174 9.36114821763223 10.2574235886627 11.3126701781219 5.58342731110245 6.45636891806094 8.60194506803227 9.50748452651409 9.33231988377196 9.17639543580974 8.5439912736699 7.53336251761549 7.30915538837426
10.0952525933817 9.44757206396194 9.57940914034995 9.21402249197857 9.33090052279194 9.68590525842147 9.31100052988718 8.59632539849191 8.62708023754308 8.66380745411862 8.67853020428119 8.83106285307024 8.59947157082598 5.90005317817389 6.22692616562327 5.99330805180863 6.15432043178477 7.30728298462676 9.03873433742191 10.2404995787682 14.7575963949474 26.5280734288704 33.6511653709753 14.1431070582386 11.2126167921755 7.87660136968962 8.30185894522257 9.55879525155388 17.8892041734798 18.675007149858 8.00138917673649 7.65604009811672 7.87795867055223 6.95157082325074 7.34037772857627 7.10353780963368 6.10955225667651 6.13018937588074 6.58697348843775 5.99860533895412 7.94234848552993 15.4565678104944 8.75808067414136 8.10324496054601 7.49167815767587 8.03457206872158
10.0943946722949 9.78815062509015 8.85636475027283 9.10735534250914 9.16591217317958 8.54820773216258 8.55242407444683 8.82424172946174 8.84336391493377 8.89925989361707 8.65730629605154 8.62097293721542 9.16346269005022 8.2863349750266 5.41451427454356 5.29392584475491 5.06585327820208 5.35850537205959 6.71403673607359 8.45809967104305 11.0498637070416 9.59494165736475 5.60287520743811 4.7846114779457 5.04957388890372 5.17311616003404 5.17535712627618 6.95394802417452 12.9065914868894 30.0800819508001 23.571220396319 11.1924744602513 5.78072558139484 4.78351389329255 4.68645759940958 4.59730945886399 4.60980617821272 4.87421433228474 6.44331401868535 5.83775735126999 6.3253726194731 19.4627172668378 7.73604094361599 8.75812445718942 7.83071208604629 7.98317054703895
10.47574884401 9.5406768043788 10.0807767913808 9.50491940650724 9.2183856356633 8.7046826761751 8.54949879645691 8.54979761698198 8.71457210645214 8.70764027580733 8.80817704694205 9.18943136218346 8.88872321613734 8.30145126504611 7.79301234158922 6.42912297741176 5.20553281185141 5.09230120271579 5.57137922764036 7.25838746141765 7.38533513748081 7.50861600278843 5.49632680247241 5.04122710755371 4.58929811482275 4.57695404740458 4.62814771471852 4.92193709746641 5.10794968714786 6.70804568805207 14.2609871987857 7.50558084564284 4.79954789723882 4.65181130406935 4.59536335704251 4.52189625334579 4.52628766060655 4.59377661855665 6.23991304005323 6.590237089039 7.60535208350623 17.0383350316081 8.92905878285769 8.74394942798444 8.82433342715446 8.49604182853193
9.5183342896554 9.86008371937475 9.91358187961494 9.70020226846168 9.55105706094699 8.78000740864715 8.68610546832493 8.63605430296904 8.6808009343498 8.79478048810068 8.79206162227343 8.95078522919778 8.68068334750268 7.65913042473275 9.04758643367164 9.06006614015656 7.52076000364393 4.99666470632471 5.08827714253804 6.956746418891 4.48649377890694 4.3882138339375 4.60261066272867 4.50505627689778 4.22358746878974 4.41681289991053 4.69922479380752 5.17361898631028 5.43574983282789 5.6450710786564 8.97255266586303 9.68023682163954 4.73803696678013 4.72741471758782 4.68394318670033 4.52247660856939 4.54055082747682 4.94447905465744 7.59339632930318 5.92878311470045 6.72829806906963 6.54987134841509 7.96899368823198 9.2445240822926 8.4037122900614 7.77644788701903
9.69651439818081 9.74196709905572 10.0513262764686 9.30301581036105 10.2968434092885 8.86355702580359 8.94030924775065 9.1791445019322 8.6374215458584 8.57338812119268 8.5908944670955 8.60445225009045 9.49268590216653 8.9755312620788 8.8829597530516 8.37723004615724 8.20753314424625 7.25928151435421 5.79391628665417 5.62155252851728 4.34737808551482 4.17204222835531 4.43466642471609 4.54108275304014 4.61421712388511 5.14769616547603 5.90626900956218 6.11962410662651 5.98182494566323 6.05894492005176 5.98551567023671 12.4144982823899 7.45975933502723 4.51652348051835 4.58112712645779 4.55069718438217 4.68730087602614 7.36840057363682 8.22474022680117 6.88123272366578 6.89721026819408 8.7686796533255 8.9393684397609 8.0720613020694 7.62503327966325 7.18362612791157
9.55661742979814 9.7504865636524 9.72007292949904 9.68415112102341 9.38889967900145 9.04247057110763 8.81297458188418 8.77125075291513 8.78716169729068 8.75905865074413 8.68745999884365 8.7408924378362 8.69305945458147 8.56190809567289 8.57658972415747 8.25824521996961 9.0174278217825 8.88129252597859 7.88489673283888 5.82413683177241 5.0775782108753 4.95163308968755 4.69794978754416 5.08688721340273 5.85648847457431 6.0422839259427 5.86063151536373 5.75058170433884 5.69661072775251 5.94116489292564 5.23527947956767 9.04895654932353 13.4999550188237 7.56296085460314 6.29324911696582 4.89914056650675 4.98631458555578 5.6342002939456 6.18114393895893 7.16277893498325 7.0803102286252 9.95671151490734 8.34014720675013 6.43162592436691 5.83318161904155 6.4618002130727
9.44994626240058 9.61309212311969 9.59786395691217 9.76653883363388 9.48901819634113 9.38997055905272 8.92585118314922 9.05989962968859 8.72660432095093 8.89540440946419 8.0192671607391 8.01809154075593 8.76374617640344 8.57003554765311 8.37398384527772 8.62109636034119 8.72931123657208 8.75168690869245 8.82495464063573 7.12126944720022 5.16078077399064 5.800761507443 4.99675813014711 5.44747343576129 6.17907005678106 6.56767975868402 6.30977037776146 4.99415738088289 5.05974490148223 5.38237336387953 5.80295253497443 9.12468471607598 11.6746726567502 7.07629607142624 7.77482804707742 5.59107925891082 5.32249488398136 7.06405102868342 6.99199758171185 6.88300381578694 7.80984101989752 9.73348984368037 8.6362663782656 6.31944949720566 6.25442854148953 7.14470640480294
10.0638034687924 10.373835094395 9.41168217861247 9.47772458099226 8.95216696465216 8.81722497854317 8.84407306841548 8.98179375575816 8.68064000335867 8.37508428099535 8.20235577645484 8.93003806368997 8.92099202012158 8.84676071144262 8.74529120823644 8.52172013801184 8.60030949421769 9.19387488454101 9.32669629794724 8.35653975597743 6.68800340930448 5.9358688938056 5.20209079736578 5.2989513217248 6.20043924764104 6.80276869358581 6.32986196665818 4.95053011794016 4.63412833772727 4.60017334006838 5.60941865092391 10.0934314704164 10.0200823082475 6.99315439910123 7.64589905562082 14.9942387372367 14.9015249749736 15.6364117014786 6.2375698261697 6.74936053635305 9.37347311002454 9.56944570337412 8.01540481756625 7.08020171891471 6.52940796690551 6.13703859339519
10.1697665902186 10.3853656916764 9.85519529378628 10.6348939992915 9.7369054770758 9.83017112684448 9.10369249060687 9.07152210591259 8.99262953276738 8.97948251697922 9.34877227049731 9.11350328950001 8.89327470285003 9.1291656320105 8.27928830754653 8.3142536567934 8.57845422289487 8.8838668461573 9.2285167052579 9.26256264792173 9.0338935932392 8.55328327240211 5.32169333998953 5.3394276976847 6.41897704199412 7.3243407818925 6.72386171910309 4.77225720527262 4.83113586284065 4.72424700936994 6.24991667096581 9.65409154909631 5.30228313414783 4.71732430883672 4.69591195693673 5.50932736956879 6.18982938093211 6.80958556170994 6.09142723946895 7.04386570752383 8.05472749925188 6.78025668468666 6.47755285816966 6.61822058352111 7.81173746699872 6.91710270544088
11.188342010459 10.5487123329518 11.0846813994648 10.6104734727191 10.4933467901735 9.85493518154939 9.47648825947227 8.71164183899233 8.680327631034 8.58163393048576 8.8009555905989 8.73475819008159 8.38204154322706 8.46838378201913 8.85913365449943 7.75898982049085 8.12154009910866 8.43787964448726 8.62818981054185 8.59729055504093 8.48472080488502 8.26239427518325 6.28457109717619 5.2963351765125 6.27115871184233 7.58214993045573 5.76833467386114 4.84599218259714 4.95063608490702 5.54258212312142 9.57975146289281 5.46741730487591 4.57544092607314 4.83429327256419 4.53809894788688 4.59531428893634 5.11490600022916 6.35497029034202 6.42239994456792 6.90067705441917 7.16740631462836 6.79689861768166 7.09367248258002 8.94578454689815 9.46975076577309 8.25987777310869
9.92869953372318 10.1611189984359 10.1620914589665 9.30787019757098 8.8165683791269 8.64481919742173 8.24189434859659 8.20045824577834 7.98489785523825 8.18764599975966 8.49515667550403 8.06082099876989 8.25024126979098 8.32265507137368 9.47625449411436 9.68008473027827 8.76231226166966 7.48442517249743 7.39281455355346 8.11320297935739 8.49759068503929 8.67220455293169 8.16406730779597 7.83736549713685 6.23709994106425 7.53200957824003 5.44823837175991 4.92813954887675 5.34079353965063 7.57747757729817 7.44893415986678 5.75634151978344 4.99896799313938 4.64167523010012 4.54318162434485 4.52935987721549 4.71235480449716 5.5922850096933 6.69304250767621 6.66932695791809 6.85483087157228 7.22677471075465 7.72650206765959 7.72032462668927 8.14846814699411 6.90451300473087
10.7156719006514 9.85140535068236 9.26533028983723 8.82928341980525 8.69000841594687 8.26554020226818 7.60613354446696 8.19489251255344 8.438978383047 8.28203502672543 8.12220698538386 7.60163612191041 8.55173864745888 9.24074552428332 9.96867893764765 10.1371582634463 8.51852127778919 7.94885234495553 8.02667598442629 8.11393624408795 8.48529678164658 8.70784854788783 8.90677391810513 8.22111710376487 7.34871978691111 6.62572964739017 6.15463992666975 5.97553158902496 6.39445504318839 6.8690971295424 5.1775204841723 5.93497264848085 6.13533788815933 4.79544964596159 4.648071272124 4.59570507819642 4.84942187077194 6.72847529113292 7.78069188049719 7.51070403959786 6.65190528041525 6.50492032825372 6.96459758254872 6.0835186535124 6.52256929374114 7.06791601142622
10.6811306399259 9.60187141750881 9.78229782345035 9.86286007595125 9.98511766462199 9.45253590925588 9.20726088717759 9.2454111794764 8.90068552915927 8.42543670367805 8.5116395959989 8.68875777317361 9.3352963733149 9.57110929519861 8.97993522110433 8.6425553800691 8.42923469438878 8.56246846727324 8.60688566470423 8.78880417731293 8.8188657630457 8.52655334816175 8.42250396593147 7.51396473297464 6.92660746469831 6.49775907484508 7.74511012683493 7.06637394009105 7.3397614580031 4.85182096091134 4.72987741011464 6.00666366488028 5.79336925246183 5.02496803368902 5.20402428175574 4.75392981448089 4.68553533923173 5.95513367374478 6.93271040806296 7.35776899335221 6.80701733946532 6.21573318403219 6.18002846972006 6.78243597592036 5.07557437104307 4.99014791410958
9.948764969872 10.1654064937372 10.0543486887273 9.77046462587953 9.18259797153152 9.00579494325632 8.08707231952831 8.96024561288698 9.22499995087099 8.89613250925501 9.56097938167833 9.03478669162589 8.85660174267049 8.79867296664565 8.9152338327678 8.45043607903569 8.40923913455524 8.70831531047933 8.90878455549383 8.71483862556967 8.34313628423934 8.43305845239245 8.64166996279035 8.57525561817194 6.05123691598186 5.71971808413608 7.47731881322705 6.54367684462307 7.59013454482362 6.26855395710032 4.79768348754643 5.66186220232678 5.31835725247913 5.40759742329443 5.44722051833249 4.69073603266871 4.76931647976564 5.23491635934078 7.34503096849992 7.86880714136192 7.7390855003014 6.83984550514223 6.3698266569744 6.86949634643371 5.83550613605926 4.67423098873179
9.50316066107663 8.68495631490075 8.21538002467013 8.21583529550058 7.93978583838672 7.45515339584774 7.60652377534946 8.23498798545979 7.35704298743223 7.57445635992886 8.02528171332911 7.74488956493573 7.56548879446022 8.17138231850846 8.02556853433646 8.04980326941619 8.42631302533322 8.87363784779978 9.55088195823514 9.72914563125494 8.4688521621425 8.23116085341587 9.13512826299109 9.19954606376735 7.49380534911055 7.46956454320942 8.72330590785244 7.56589541248857 8.04934257235893 8.19281241231701 5.41032225848351 5.1359054850341 5.14659019711804 5.33763583603668 5.57360709119307 4.82507782956322 5.18008774576978 4.93662996504881 7.62640150212042 8.18920702512179 6.8141184555011 6.75601744549906 6.60812058427822 6.31047089235257 5.639857323595 5.64934550433958
9.17807899386887 9.18963885878026 9.44396048543815 8.86053923741546 8.5203576217758 7.94620490223789 7.22884985874413 7.08030532754873 6.6101595767861 6.89480480652584 6.81901015850452 6.70828147317176 6.70281257529261 7.82272152874316 8.20317028282855 7.86844187828065 8.13866947421011 8.3070310465845 8.52750833276304 9.44680776642295 8.53967275130761 8.8692479650742 11.2130535846965 9.24674764339994 5.93048712106082 7.58603159706816 8.74687340301862 9.70971893553903 9.65188423773335 7.77825145070888 7.17839254748544 5.23694870766975 5.32711445448691 6.03085131505925 5.28874301378285 5.18049880530799 6.77773907372573 5.72442702454234 7.35818934310378 8.13444044631007 7.90964470534025 6.74058458920778 6.38209417848447 7.48282041262743 6.41712856243603 5.59753103558591
9.03734699693891 9.02721793988666 8.93557377075894 8.90247256511119 8.47850049881443 8.52636151005094 8.25482512263574 8.04106784817754 6.57149396114568 6.71478470585696 7.18121192547953 7.19031469080409 6.97265826729628 7.43809640982094 7.77872130206241 8.70131002487367 8.72492960715675 8.53147393659295 7.81833310100713 9.79391107663881 7.913835491467 8.25070540745269 12.0627689149757 6.22028600090803 4.94604618875154 5.58074157007486 5.62274835071783 5.5624776201895 6.75412942202679 9.03816731966745 8.38787073604201 6.44802718629192 7.37243997236419 5.71999736860739 4.79130592438111 4.99461071563391 6.06348857697085 8.05711960359371 8.3432831685989 7.43106892812915 6.42317578163509 6.85175218317629 7.04386869624856 7.48449426307963 7.40080885307515 6.45838295082387
8.87712371827495 8.56008767562268 8.3186042564711 8.51289545082378 8.28004924800085 8.36301765726992 8.24412042862803 8.52264285510556 8.04334023541527 8.25717401591372 8.28410487553869 8.15381610220259 7.54460826733103 7.843824601312 6.78944847538731 9.16165323243865 9.9623452942048 11.5674418997163 9.74142438777808 10.3077863213361 9.72639994714187 9.26261927231386 6.20093780321021 5.14282788485386 5.31412327423086 7.57451810353447 8.17068671226777 5.9336082071626 5.06353446154539 5.54479817308855 5.11898986232796 5.69069463332222 5.7986879337656 5.06520652044293 4.85813759962009 4.87403016506186 4.83527109736602 5.45988587608244 6.29881381031001 5.65018530508776 5.42980183656617 7.11343965061477 7.02315221487366 5.68830453136656 5.92980568141882 6.62372210619565
