IBR/IBR_outputs/all.combrep_1/PersistForestCover_Total.Silt_Total.WeatheringIndex_Total/PersistForestCover_Total.Silt_Total.WeatheringIndex_Total.asc
NCOLS 160 
NROWS 95 
XLLCORNER 210004.651214014 
YLLCORNER 7350008.22228844 
CELLSIZE 4999.99999999997 
NODATA_value -9999 
[rows 21 to 41 of 95, columns 46 to 91 of 160]
-9999 -9999 -9999 -9999 -9999 7.46252788413884 8.35044614369895 6.64714139734479 -9999 -9999 -9999 6.58381383537088 7.25561253069564 7.3253612202243 7.85461559912413 7.33066425774047 8.01667488920813 -9999 -9999 -9999 -9999 -9999 -9999 -9999 -9999 -9999 -9999 -9999 4.7210697500252 6.85770827216018 8.15493303879065 6.87069741496336 7.16333292485498 7.14664637648354 7.15840004915686 7.16993275497527 7.17406020608227 7.57301799369178 7.96491563982175 8.67190994909895 8.03444477677994 7.59793801032151 8.0314490243777 8.2687424012463 7.68094845883651 6.51914695111947
-9999 -9999 -9999 -9999 6.24288994981888 5.60455670942787 6.92014716907893 5.93574345538279 5.22058400170795 -9999 4.11143008007927 7.10950090324544 9.99938269890588 11.5284297223533 9.50412902021573 6.00482755184726 5.20875193219516 5.09420230389376 -9999 -9999 -9999 -9999 -9999 5.30198727643499 4.89003710695981 4.57610136272322 4.89485338570042 5.79154907931578 6.05494651975181 8.52808903312198 8.68353303114429 5.61934438650866 6.85281158997567 7.10044302074091 7.10833782499958 7.11336698968511 7.4586241293161 7.83458088255375 8.43189420621971 8.35414989775373 8.2350946176044 7.66365836178162 7.8296417982097 8.4961412406753 8.00056401573124 7.09059955676
-9999 -9999 4.17314254349264 3.5849573702749 4.36661970590087 4.58545243099604 5.64210297544551 11.7865331653402 9.01940516036953 10.7581236811592 5.88963457619796 9.98740997080284 14.8183331690369 12.3663891736936 19.0498655828032 10.9830654694283 7.35099759384205 5.96994554449046 5.47710308564618 4.78662938468929 5.24478612996018 5.48688588496194 6.32083224142524 5.70506857277673 7.76382370646113 6.99826124729092 8.78860193934648 14.5904797860016 17.0648762667498 12.8857075794159 10.0833909731901 6.29142343236822 5.36773954374592 6.064874681443 6.94745361075204 7.15969254644476 7.5201484784009 7.71717503556484 8.6988814754918 8.16883561531247 7.85556606419071 7.97759830264675 8.13664777454643 8.20296332483491 8.1912592168887 7.6877244408018
-9999 5.76571031818439 6.96255685844094 11.2150220760187 8.94153370848051 10.4512494440965 16.7874846514376 15.2403434998133 11.7124002303339 13.6362758206561 26.7765203022675 19.6002927148584 13.8487479505281 19.6044850327835 14.5491181376677 21.3619747285728 13.5011672955528 13.8009333223499 7.43944779969951 5.5189058871528 6.29790638843563 7.58314090810879 9.86348690484874 10.8292013139809 9.33003425379431 13.2937289285731 17.0719143854347 20.0427057560728 15.9224033527145 10.4456266827547 9.59615069967476 5.78034938440436 5.09680081934177 5.91997220668372 5.18180421796785 6.02544503053398 7.44470388104197 8.02212076704607 8.50924321146824 8.2217558068195 7.74163318689166 7.70608216913752 7.85454799007775 8.29232005983553 8.1654177907842 8.19066668337131
6.23508809948484 9.43318861703206 24.5593939408976 33.0002739615549 25.5210762869584 26.7233574139339 13.2443219800687 16.8407808027468 14.0520488832922 16.8171994330963 14.8694877034984 11.7602931035453 17.3392283751516 13.8467133859049 13.8503169496919 9.9955535019968 12.7208776518639 25.9610140895035 27.3148200116741 11.1234928862643 16.7386297668925 18.1548180158978 35.410638714347 45.9173980497135 15.3391093727685 10.6857028671469 10.1275878096402 11.3850548957504 17.8821313685564 12.708801651733 10.903164498881 6.69954768667651 5.88061011563452 6.79905745652247 6.20122979731127 5.08382632930721 6.21214216288268 7.74988320027728 8.38643141437349 7.7391962599956 5.9189594807372 7.19415517868717 7.62169105142766 8.46014857584433 7.95882619556373 8.0457001422778
15.3118621061312 25.7911909559359 44.2024666396243 17.0404993934585 10.5029510843309 13.8228847522621 19.8430472649446 20.0816060012634 14.569273938708 12.3307626784812 11.0934128317202 12.0397069215314 10.3995682896517 10.0079522145408 14.0375827850119 13.4683265065945 20.5966358189219 38.964896343338 36.044998237236 31.5438781655939 53.7286078740864 28.4231591594708 37.3793503666109 60.8487077574928 23.5241802981957 26.7016199642689 15.4765663508196 9.06734507056219 11.2312717228719 11.3698289580273 10.6008131394403 11.2431279166223 8.87438755374914 9.69301027586505 8.42991946129921 6.44266000056948 7.36761347612572 7.57789921899476 7.28135371562059 7.04757564881571 5.15965310416414 6.47583188572996 7.64276298455138 8.69385112022805 7.90250570606545 8.79875342152669
17.3541171771165 31.3696800603151 36.3075392082986 20.1813987287291 10.5198827522272 11.5038740039987 16.7568356162951 19.767054199728 17.9943048042452 16.5809378246705 13.3055844082536 13.1881625029347 13.1692544014776 14.8041204733428 13.2005584215935 11.5142133204515 10.9931612391591 13.6745824416539 12.9213171488378 29.0489655708241 53.8994104018224 26.412056119392 16.4458485004927 16.763757907223 14.1606026966458 25.4088836303374 16.9356185255793 11.7088803431775 10.4577983245326 12.3460901257859 10.8073090433924 10.3984885817342 8.62962977200564 10.1082101577766 7.03135010059112 7.003570751874 7.13197963629316 7.7261604736755 7.18839964595407 7.46830354628428 5.25499983458407 5.70408100034814 6.87294467322215 7.57585319051403 8.44213700730135 8.19761529703117
11.9430903735842 13.1433513210356 20.7994356691946 14.7609617547979 10.6505887833543 9.91648294436006 13.5376188262868 21.1544762367159 25.7081464337189 13.2263269119185 12.4444132435888 11.9947946397802 10.2330770462148 10.6645784344423 11.7208201435662 11.4633001672317 10.3927769019836 10.3296407107795 12.7285648996046 13.5758609783103 13.3306125491632 22.400226506965 13.9556281077851 11.0155074470937 11.7888006848162 13.2629306353965 11.5823235548396 10.3841943241084 8.23687032051431 7.28933980711359 6.94435186660474 7.53193549803164 7.62159209507807 6.90108722889093 6.32886367476418 6.3579923457628 6.11062457155478 6.4874079072082 6.6241692276936 6.9475277105451 6.41058234876221 5.42614004740323 6.99764266091703 6.83961314870515 7.078458195566 8.26277448825556
10.0430395809891 11.1253057637733 11.2166333708377 10.5199159998092 11.2038525023627 13.6524633307971 11.7925195429135 10.028899313776 28.0546792255287 15.2479544972043 10.0055364576041 10.5642704141284 11.0873517130387 12.2088464387114 10.8369290492556 11.9935394013411 14.1332219138287 14.5527655338223 13.0002850172897 15.3283121785294 16.5952674234953 13.9599782673187 15.3287301192095 12.2781620428031 10.8031223442415 11.3063194019196 8.3563458623814 7.15045162014838 6.92034267177402 10.5625691614757 5.95688502621333 7.41683357021806 6.99767979281232 6.28693171568615 7.9891323527464 8.70509684771619 7.35115749226205 5.71740290544466 5.50706605503995 6.23900257180592 6.85222188795935 4.96762060370757 5.80368002724287 6.6785199841391 6.82645775254009 7.16056604100246
9.03261790128011 9.33874549382535 9.66201819584615 13.2167108754529 10.5486174228817 11.1103203324527 13.9970821533042 11.330998929495 21.0401284687321 20.0495443825827 11.828752516024 12.0221773229248 11.1357706785545 14.5018749655052 14.8026011709034 14.8215567045056 17.0811789045616 12.5710301165475 13.6639842951708 15.5186139955771 27.6016000138302 21.709206559545 19.1178458042849 10.86854044246 10.2271872138882 7.86941021786888 7.90327098736422 15.4107198594388 9.59930763916815 10.9812639837925 5.87758388754972 7.07429140750393 8.5257721677021 14.5221499613938 10.6755590255463 12.6736983364752 9.13672572459809 5.38645319740139 4.90762669575744 5.18414244792174 6.33031140155554 6.38810341872303 6.52070500602956 6.24197921067277 6.15788886508345 6.97085810459288
8.76976424475315 8.20351140761696 8.97149203989187 10.4020616690582 10.1940525861593 10.9619623857406 9.90069107965546 11.0104732556037 14.5436173086354 10.99860559094 10.8409134781047 10.5794190707109 12.3217598163172 11.556168318112 13.836996151574 12.0986781711562 16.404250725108 10.6808111763756 11.2486524571877 10.9690259001466 20.8626284409016 11.8478447104827 11.3912223186567 10.4628217677821 11.1433176473873 10.4270487197396 9.42851557683096 10.820078221458 9.60452163447279 10.6366758491186 8.76271073968991 7.538297881489 7.72002421837051 10.1281195653487 12.8671123576277 14.330466727435 15.0300359891485 7.65633211378865 5.6517988264722 4.99041449496082 5.28142667860239 6.09210510560868 11.765240822751 7.51252853906772 5.74808815405452 6.02395845261936
9.3027014462692 9.25208618995116 9.31739650248452 9.55391130959545 10.0994817077474 10.4725587336586 9.27457955978455 8.66019951458062 10.886927116178 12.5487890806229 10.7092056444347 9.56171557265512 11.5887299312008 11.1784489515803 14.6921170099893 14.7033357078583 14.1075338287607 11.3490182261821 10.201390171149 13.9762858462722 24.5840116570945 19.2706410009981 10.3143257859706 10.5696810751353 10.8231805283341 11.4796675237424 10.8471705019297 7.03948635350885 7.17784460761252 8.63548096316508 8.84359950727959 9.33333265781321 9.05172442755185 10.7538240870779 9.18543659862548 13.9591946905192 13.3557516503824 11.2355497718826 11.0444927027259 15.3524502836358 9.09415164594205 8.44163880750962 6.74941504847308 7.74442253290919 7.46753088666155 7.08807556743266
9.96477924209154 17.7175296274192 11.0040770783046 11.1202122175873 9.10525699529063 9.42447077403765 12.6703792253551 12.3213834944693 11.0782925151771 9.6791567587508 8.41226101078214 8.93781337333144 9.57415301370773 9.42513174531801 10.4879638132804 12.9141837123841 15.7611200056 11.3605620045719 11.618899865622 15.3588346405682 23.1209760616544 27.599724400594 14.8460589546116 10.1912729632499 10.1860196409443 10.3401880046364 12.0059334263759 10.9069433341709 5.9163140916725 7.36238815571854 8.97407964691229 8.8743095332615 10.5395000796124 17.8811865801901 8.38484266468476 11.3988218854584 12.209698097427 9.69850695801563 9.39815661517787 10.1914379327099 13.3147033536475 6.7271092578685 7.64345935350781 7.34764745252421 8.11317391740415 7.5609463101071
12.8796208513826 13.9768448300897 15.9203980410093 17.9179824887081 14.3217737693188 22.7407958290256 29.0830816944386 14.6815038895731 10.0442692448105 9.5201687154076 8.79908980232692 8.46220977950183 8.79922289447174 9.2834261878611 11.96393351621 10.9150862994252 12.3711832081752 14.1816783181319 16.8022879063588 40.6849633809633 42.2294953112492 18.1111441865319 14.1368671636131 10.873706765959 10.9031394873903 11.1704404333189 11.4306466097923 30.5400775814773 17.8600528063472 7.81132816739093 8.68860062816936 9.89377076604461 13.1943825640547 13.4667064535526 8.98965093244409 10.113502566977 10.9222355463892 9.59785158913676 9.62813071755538 8.50797934654461 7.42410312952728 7.32981600829981 6.97607869930861 8.03893748855068 10.7075843428282 8.07291182183255
9.60633481549717 10.2613253858752 14.0789419934041 15.3452704352187 20.0657352785015 16.8955035373398 13.1742490637011 15.6546236941729 19.6799375952567 15.3956352802786 16.2031336288183 11.2109008308264 13.9618675262945 9.26279612267819 13.0310571523654 11.2301055240197 9.54581273645841 20.8503122671408 51.176187297025 46.5305180944195 49.6404901526226 13.8548558669489 12.1463777736192 17.8936657134288 16.3696523040332 12.886366237861 10.4932167216612 17.6494067002922 49.9578223220123 17.254912128599 6.80969394761093 12.4345487980679 9.39897065613399 8.88774414776152 9.66181517919664 11.0606598801771 11.2684393517034 9.4875092541731 7.61443037113106 7.65686199941417 6.98199806078026 6.52341195644434 6.77494352523246 9.27456443958181 16.2452115876504 9.48322875072948
8.75232600579226 8.5915868855919 9.66275537955248 12.195756439078 16.2964199058414 22.0398716776166 20.641416341222 21.0582248694869 21.0004218510183 22.2900800586348 25.6406455368415 16.7437513829373 22.4106421868251 11.7926239806698 21.757868884792 15.2614399833057 11.981484999972 16.7033418278068 53.4801831258233 36.1912119916076 41.4043444152575 11.3871490853818 11.4875692119194 12.9000970735845 12.0369422586263 11.1087579088033 13.0263999339692 11.9096638304945 26.8941974011131 24.3159095048184 14.9094271903345 9.80892192777605 9.2386646798671 11.2982809194205 11.4001263767521 18.945089693741 9.87055640334603 7.46099656553558 6.65440565108568 6.80331482548635 7.38742207814329 6.99500562096009 7.45503269273667 15.5380634307304 22.3699759395217 17.2002848687108
9.05198250267116 8.55096291805795 9.14615270184053 9.04405209247962 9.80946327352721 19.2466649987878 26.3278988976394 35.7675452589344 39.8669650595332 38.7970877353889 48.8391694670165 43.9188247401093 36.7214666385343 24.5845156430494 27.1763592966005 25.7165718589148 13.1391038670533 11.0827166021756 13.527761336952 13.1707418850996 10.4575812667006 8.6781556575215 8.24943997943489 10.2408416469636 12.1690073812852 8.95667740372834 10.8073196067027 10.2924023705613 10.4529220427797 12.4569944525697 12.3272511903499 11.1216962155586 10.425709047456 10.5659289403478 15.1590280077576 10.7388509480614 8.26578698425362 8.72037032694005 7.19910950436636 7.37157771944463 9.3885727184579 7.61163799045206 8.08794209362582 12.0250536752109 8.36502992594894 26.1285843311274
9.18876441789603 8.0570287218284 8.261090807892 15.4890870576915 24.3732556927692 36.3260496066689 43.5017683102709 59.0372581633718 61.8695257412532 58.9062420309164 56.6623258529165 54.5409300418396 45.7884191563934 39.7105358284 35.307891255452 25.1921196565554 17.7341269576663 10.1720803568111 9.56700785068474 12.6687156884563 10.6760766852754 13.4922538190976 10.1791755578861 12.6634614904408 14.3477470239109 16.6534227786884 9.55435855251445 9.15443177881819 11.9530146873747 11.7902541670532 10.9530066826392 11.6295670137961 10.43023272651 10.5501244013363 9.50934094447984 9.05119584916998 11.3377024310089 9.87109395038775 8.24414896496542 9.42357627279535 7.74899118889684 6.62009480129797 6.74690120316253 19.9792134490694 28.2384638057416 30.3266312137423
11.5534278700619 18.2302478492922 14.6971633978762 8.67081341858248 12.3683182860199 18.1892916644333 32.860063018038 15.6355329742371 32.1210816923305 43.3062890077181 43.8633013465405 42.0936104291685 39.8463509511457 30.2985575299878 27.3636310487584 19.3508533514579 23.126003792895 21.0006115445408 17.1015753791842 20.416043059158 21.4555811346304 27.7317846369931 20.387920551253 17.0628580517432 12.1638818865681 10.4363304461956 10.1285578311047 17.898050302939 15.8212811234968 9.30328681967948 13.7984804283517 10.2530083539321 9.23361622010462 9.16481338573955 10.0154899788642 13.3942944055192 12.1920375697948 8.01189811784222 8.0596483560657 10.7748882613201 7.81101485641964 6.25106880885099 7.92916572927905 6.75658756405009 12.5178508245515 16.7715385028329
8.75328100938639 11.867688959835 25.2984293533707 12.2929368686459 9.58492787734953 13.4822871097461 10.040701685121 19.2588891493659 23.3719092639503 13.8718469493607 11.8974521562464 13.4610681272701 14.9684729397157 13.0785405600091 13.0988621922518 11.300382103274 13.2168384741382 14.5137121126793 15.8861776938926 13.3067084304699 12.4129003301016 16.7789161265079 18.209072684306 16.4038879851492 11.6628028244585 17.0743851646648 11.0947291064573 19.3664815952249 19.5769658768096 11.8391276618081 9.49858352271573 9.12802760968169 9.93826953398059 8.42338952487864 10.2335374444063 23.1565438481473 23.2638323340468 10.6037257584264 16.0807519519738 8.34214686460844 8.52750858739021 6.78700853540631 8.0763867532523 6.28448397140325 6.05276718339219 6.37194639370054
15.117365509723 12.1746809124481 15.080067381955 15.1520659633466 16.2682891560819 17.4168238889658 12.8446928419243 12.3150704509466 12.7249341569528 12.4704340133911 12.4985746123123 10.7161764789447 9.02045488519442 9.25954544585553 10.6356608705025 11.672417666688 11.4822590956526 11.7445342278001 10.6745162615548 11.6564577655786 12.3397307984243 12.4507154279845 10.9152766763211 15.2425477625855 19.1623831823708 17.3443065118232 12.2862231876691 15.4169979352757 12.6113031420174 18.3337977219126 9.43846026495034 9.69967249366425 10.3924535613516 8.71077792400613 13.3035137972025 16.1639768003697 23.4487243424884 12.8042489381302 20.1711992287893 19.3753058334476 8.14932783741516 6.93537573839698 8.43779271176013 6.91338615845105 5.84662504926676 5.88776718772594
