IBR/IBR_outputs/all.combrep_1/PersistForestCover_Total.Silt_Total.WeatheringIndex_Total/PersistForestCover_Total.Silt_Total.WeatheringIndex_Total.asc
NCOLS 160 
NROWS 95 
XLLCORNER 210004.651214014 
YLLCORNER 7350008.22228844 
CELLSIZE 4999.99999999997 
NODATA_value -9999 
[rows 42 to 62 of 95, columns 46 to 91 of 160]
18.2077530221604 18.1870402722835 17.0680998766659 15.8884125101539 14.1641907474557 13.4592154911514 12.9725050385254 12.6282770126285 12.3877913583051 13.6317997267878 11.6196749111985 13.1761703477775 10.3540859997388 8.31483451078152 9.16556587334851 12.0360206327484 17.8679559426182 13.2993712601955 12.2122197954083 12.2510238315686 14.2184511227977 12.0176115271704 11.5182071117833 12.0407671065574 17.9041896110552 23.1612122349474 26.019360623677 16.3699350661245 16.0758845452756 14.3630258909251 8.85162643962763 10.7417454017047 11.9896032141194 10.1399461884462 17.3362023249998 12.2348171776784 10.6475400879896 9.27060531153542 15.2516338298278 23.3359646464371 8.18571204004415 7.25400563525699 9.49734434368136 6.871196283967 6.15342015908021 5.91558234220453
18.2738516949911 17.6212762515645 15.5418906097187 13.5205384403929 12.8528845887011 12.705069404095 12.6017448518687 13.1345548762364 13.7703709114176 13.457806146766 18.3994161639626 24.6578983416965 35.9608067499775 16.8403330029077 13.0226491438212 15.8900860980565 18.7557343939799 22.0930214242166 12.5118195503851 13.2360263396884 12.4617430643083 13.0412706839892 14.1707727010277 13.4263058500164 15.81840147718 20.5604468385411 25.7391941285873 23.244970927865 11.5909919425493 9.1172617281709 15.3611133699071 8.5487955023634 8.40314927595382 11.4354989712962 14.436344653707 16.4082222145036 15.1409861130139 15.6852779872259 24.9460881398347 13.0712865666208 8.89365669448606 8.78477294705918 9.4639475205791 8.8973366828004 7.24969201994554 6.31883347351357
9.69354599695181 11.0930423841139 11.4882771687618 11.9391100355347 12.2110173000268 12.5868839629133 12.7866894373229 13.0752397000309 20.312296071324 25.2454096582648 19.9720746950242 14.3014193944326 18.6804600406312 30.5077771126833 24.5498797590471 19.304871798491 16.0414437693346 16.7999862739489 22.0024713189073 23.2660704938267 32.6449055227868 18.4269487529061 9.67930723572107 11.8083673428259 12.0667318261228 13.5774138260677 20.151848783098 24.3077474964596 16.9197109857957 11.5315903432451 8.67660437491073 8.84805596195772 10.8228111340212 27.5293448571795 14.2713867003889 16.5259893567839 14.5659359265853 14.4636158219847 11.70710567233 9.84761897608258 10.8623492525833 10.0879656934441 9.32914789784224 9.31700576989186 9.23651990116114 7.68092801238933
8.511697283931 8.40360355543317 8.34012946332195 11.7481684635889 12.6388081215594 11.7494809714842 10.5663946305746 14.9757119462725 24.8001440838196 13.3832874827416 9.49689063642899 9.37616054623819 11.520020551229 15.4608667250593 24.8747518944672 26.7498162472352 16.4521470690365 18.1428094625923 28.1632721569114 51.8743026474708 45.1702337486631 36.1325646175473 14.272927724981 11.2383540310738 10.3266853530576 9.46455247682832 11.0308194458168 15.2636448291564 19.3681270667073 17.1284305432058 13.6598332676599 9.15904684332992 13.2226164777209 21.6239720626392 19.3152046391279 11.7938348643397 13.9735344348985 16.3359677121008 13.6321298475007 15.2172193151214 13.0481363364401 9.20822433901513 11.5510252182264 10.4128751266193 9.73874371779373 7.49185061480738
8.43901680908841 8.10942464307805 7.82317458816631 8.26075315989034 8.73907737244144 7.8569833682903 8.24932297819183 8.35790989830425 9.22109955808831 9.42079719162018 8.37715324306763 8.40641572557635 8.7115789794812 10.3485245001765 9.89771005395634 11.5732509859262 15.9335650335406 15.1520895425842 15.7132393694983 25.5916746350953 19.1160059835716 16.6227039539441 13.9674089980778 11.9867854239739 10.7854478782952 9.57159108173919 10.6341233792188 11.5902090888168 11.1455875662716 17.1175908937441 14.8394613030071 11.5113468816293 13.3201606528517 21.2645454172469 19.2080807785836 14.9440607192635 13.7793631889438 16.3885890701152 17.9124233852431 15.8256500884851 11.3542563913965 10.0617702486291 13.0045983463181 10.7011108717544 8.62851382744028 6.73562762896172
8.25873979089488 7.8572065414845 7.77350326008528 8.73869900171338 8.59018163704972 7.62608749164241 7.6413490528959 8.37199316240779 8.6874570631646 8.57531568372888 8.43359264856705 8.01049580570269 8.09425156460321 8.65521384965983 9.7702721127713 11.1949263280195 12.8992311007989 9.40372638393218 11.4594471433543 11.0173037796872 10.5703718857303 9.8118904146025 10.69284142498 11.5952564552095 10.5696945151454 8.39553297583135 12.0421918061068 23.0253790108214 41.0810169736189 29.2288016843102 13.2495671114027 11.9219388380714 12.7163637817918 15.8585092836593 19.0145129733042 21.5062375093449 18.5414437130044 17.6887854124722 16.6733026055985 12.5747802465994 11.8382064181288 13.8062698880287 13.4041309027982 9.91601951929346 10.7313622570694 7.0069599210842
8.60543421498733 8.56593398250819 8.1109331497541 7.97856968698226 7.6063741922476 7.69116218102726 8.42622941377757 9.07649683647868 8.50778318494133 8.38817324924381 8.46221292973188 8.2559388015595 8.26397893679459 8.3785422856515 8.8120681739538 8.70967651022805 10.9974749229726 11.7936078501873 10.5591485873253 10.7064799331575 11.3412266379936 8.22950969908096 8.48454880110807 11.2021357942163 12.1405296637444 15.4433176416068 32.7386042976648 49.8141989948564 49.1475895474761 41.3712781682776 45.0021292932821 23.5677171479737 13.1181190736234 17.118679066048 16.8335262173571 18.8731336727916 17.2617298867015 16.5684218658316 15.6137573264295 16.1289867045546 16.0442872214622 16.1894111933117 13.4011331505513 14.3540175859469 14.412054702672 7.78379782602006
9.81556895343869 8.99893386158349 8.6960520935685 8.72017757851483 8.2247473010285 8.77457452649243 8.77352544420102 8.99451553633855 8.12158986798572 7.82676569506531 10.213798779081 10.3206745686134 8.69699717920557 8.33631244137707 8.55775102473778 8.78790385174461 9.60063291364403 9.66649450309382 9.2396420685683 9.64743419007828 10.1567002393985 9.98812914920503 9.56431722139341 11.4915400769839 10.5045373453048 12.9737497697729 18.2101711479 15.1124516346399 15.4782852097376 19.9864313799624 31.4524805869952 55.1872192372939 31.760726546739 15.4622215738718 21.516271012514 16.1044066099072 16.4393534431132 15.3127426024702 17.5117288811308 17.7646610252914 16.923325598888 16.9552367032591 14.2807226047066 14.9111371822127 12.891453583629 8.55844671921264
9.39050975888574 8.96824752636804 8.30587303198903 8.27208492532968 8.06106722531078 7.97844930799613 8.56631333861423 8.89915224339066 8.20792437700174 8.70543270907879 14.1827357917568 26.6785305163056 16.4044309483214 10.8483550954813 9.07806666674314 8.94372017643541 9.01198307307235 9.03798569946193 9.01887160108536 10.0512879467833 10.5114527046265 9.88070729472436 9.78784622744642 10.8188140547377 10.7521908347106 10.6896507245672 13.2561749859148 11.5358940352791 14.0606933115234 10.9974104517029 12.0456703262784 16.2841532371192 29.9557628639504 15.4193854713032 15.0878464506174 16.6157666330905 16.0150924327101 14.1154903488598 15.9217367381867 13.9389482003874 16.974679517578 17.1388784250383 21.1288235722984 16.4216153959212 12.265386082993 10.1271563078609
8.4027993568981 8.66620087775244 8.63823493114283 8.59704549446402 8.43830254793089 7.78310755700474 8.1828699166294 8.3587957741834 8.64451782306047 8.38974968352773 9.32503811304409 24.4195077358107 10.5910162445904 10.4544560142108 11.9034955113485 10.6970853579762 10.8574741856957 10.442266033537 8.67126043578022 10.1448615322862 9.81345751471881 9.94208841515691 9.4640798147308 9.93349706448028 10.5529911507148 11.4153909964238 10.7372360230314 9.31277770653036 9.46283299480088 9.24235231314976 9.07318892593594 10.1468137283781 10.4142371670834 20.186143710681 15.6267649796909 15.2787411519803 14.7858610291966 13.6294365826803 11.8720018809739 11.8743225222162 13.7619587697579 16.411640602738 16.2075049408283 18.7329225921313 19.934992636493 10.5042903385606
8.5361127845418 8.73567449967303 8.68679158970731 8.68060639713611 8.47300771419064 8.12565998093104 7.66383143496842 8.32581793996298 8.82495449114256 8.91851843495441 8.8624917212145 8.78914174315392 8.99370798812507 9.47099020937448 10.1111780252951 10.639305381778 12.0178655910506 9.33661325851351 8.69265648184532 8.95011474897406 9.85237918917395 9.99368640753355 10.077920016356 9.85862297239907 10.3049974972626 10.1338437486398 10.5952799578135 9.68025760149245 9.62327477243082 10.1772702079442 10.3452256269086 8.95269129844229 8.5146617741551 24.9824867789774 13.6380785873915 13.8881738359892 12.787529148011 12.7123222664697 14.1630936455103 13.8652583292514 13.7895205429383 13.4828287701912 13.1085150389708 14.3549988203833 13.4267058183268 16.5233729851727
8.64010974921645 8.47526653664259 8.66432546550092 8.78241741143943 8.68973888126756 8.78854505977678 8.70753944957399 8.80427851606898 8.90662186332391 8.91288847640039 8.96008872122081 8.77322998412597 9.67498323529305 10.1629604387853 10.3490680098509 11.1856949462696 10.9356228867054 9.09300023766245 9.20401090816569 9.2061254122471 10.1797246968745 10.3795644532299 10.4838651910251 10.1437241119204 10.3141466938089 10.38884491064 9.650686301869 9.54172787859108 9.21798459885743 10.1645464459391 11.4868947774202 10.4428580324726 11.1385210695405 19.6977317258922 33.8357912850878 25.1908719674134 21.9462438859651 16.1124674155608 19.0463115540835 17.0106383736049 16.4920773542471 11.5816822970318 12.236227429738 11.9656461363806 13.5400396554567 11.8690978259147
8.5690918505781 8.55327084345643 8.72617122146732 9.15309614862508 8.90561945577943 9.2219761135702 8.93869483785202 8.91831546451785 8.96238949542606 8.97726452342964 9.19861205885714 8.72967574535328 9.04150303877148 10.7736723472851 11.4785043669823 10.0463315889719 11.509684926731 9.57719491051058 8.65262979178419 9.38335753794488 10.4214111631619 10.1392208545236 10.9207868359166 9.81910020196231 9.46507285300093 9.8345708478646 9.68070882649197 9.47807495660524 9.96427894356789 9.23713009760329 9.08309940346047 9.77875642698747 10.0734006119882 9.30104175233262 10.9174836830751 21.512457893796 17.8756928886524 24.2067850606649 43.7451761395341 52.7165940143247 52.5966095001447 39.1212067622288 34.4782769813421 12.1713952745542 9.94278405318798 10.2432951392047
9.04850857317204 13.7022066761499 10.126622052552 10.6397551459462 10.2969661565409 9.67433081558931 9.13187012451532 9.09310977290372 9.07262931586835 9.15314161726607 9.17005762626383 10.2967510416516 9.32257970221878 9.69734912641912 11.1026087579348 10.6529056066751 11.7350608141703 11.1914571091806 9.77108644858941 9.08344041483336 10.0231478358679 10.8404296325265 11.0899314952908 10.7043966760331 10.4947436031586 9.62359447762279 9.62648782781058 10.0537527988858 10.6926067206635 9.52770299228975 9.25332937506203 9.21408489566289 11.7105630563185 10.8623545358377 12.394894877338 12.2429036268258 10.0469742498451 12.4899131884881 12.4789218606381 9.32273025339329 14.8719533822299 27.8868271672251 24.8499874806782 23.8909980031101 29.0209487080748 14.128389990795
8.77641449759371 9.40570508187845 9.72126228055576 10.0195707416 10.4137346444156 10.9896364584321 10.1419562132216 9.61763912996573 10.0704960540301 9.51218521277629 9.4804481440194 9.72772529467349 9.68542611539261 9.50547278863115 9.37351977273222 9.84864700462837 10.5292407725885 11.4216142593884 10.7697432921484 10.4967500455666 10.5841851995945 10.7438891259154 11.501326182377 10.3246345307304 9.84409370090136 9.56252686066562 9.7393338622376 9.29141469124008 9.79190666206373 9.52054525694283 9.53209319897247 9.08638630341625 9.1037630127283 10.1520623240566 11.1573005422924 13.0889597047782 12.2871571722672 13.3433325799853 11.9248117514257 9.20446818295394 10.2647174253669 20.6234724526412 26.0683466291476 15.6724558261351 30.4359511805331 37.742394370286
8.75014343441846 8.82828168144814 9.40549119090807 9.44260442420197 9.98800699262538 10.6370305218853 9.62477055768323 10.6370452210989 10.4857591925652 10.5131590563402 9.39105454228331 9.05921580548542 9.19643293490084 9.26231093133789 9.11195769073868 9.30641262666316 10.5370824674284 11.7745752197637 10.8303033379032 10.2692715012201 10.3567229339002 10.319712285831 10.7420533726037 10.6158434081425 10.5509012610983 10.8937637124688 13.4969010239558 15.2573240923693 20.6327784228189 17.6953827563205 26.2973294565513 16.9068723288407 9.5806337484814 10.0040708121111 9.28513220023486 10.5843359283235 9.50225248860252 10.1703412103079 10.9938402065294 13.4126237620228 12.9643897988521 10.9563347200544 9.33138344423917 18.1995973852459 16.1720441326721 11.3581686182675
8.70270801431439 8.73074536254639 9.08330281012937 10.4697604787321 9.63761530910144 9.40167404940878 10.0574394885708 10.0468568728403 9.96387267977741 9.82037448519198 9.48266702781985 10.0577837650345 8.58334083777045 9.09650583260668 9.20868499302481 9.33491817504108 10.2874235902335 17.6561608130872 10.0370599955581 10.4241405604924 10.980495401554 11.6285223217683 19.2058442091504 12.9501316167529 13.2924274210931 23.0141975573794 19.6318967128343 16.8089846117051 39.9570474056915 17.5622834648292 11.3740370886281 17.3869368131155 12.2264901491385 9.75598595865462 11.5807114495568 9.28090263814241 9.19849428282918 8.97844657863569 8.87839117800091 10.2769389484277 10.9808354386107 10.7322669229858 10.8309273915333 11.7051003708923 8.5612989675412 6.21433669270087
8.52978260545838 8.72506341393828 9.17148038133832 9.27948824684584 9.48548117755582 9.11542122843648 9.08904360915267 9.28940955071641 10.2243635797562 10.1102971796295 9.17811378224913 9.67151064617907 9.3851829502674 9.68625884447307 9.92858475316179 9.77429411546746 9.53275701832606 9.12111351332861 9.18665253029888 9.35732361361354 9.82895042541939 10.6669968080441 12.6232254559497 10.5619833017971 12.6434799197713 15.1442915167912 30.1213299248618 26.0830723168417 36.1248879668472 23.0627087691094 11.0973678295326 24.3342711759268 10.3534462411791 8.96256088789401 9.96943900040403 9.59170996247422 8.98116254436943 9.0283023666783 8.81577151631027 9.04803313782951 9.07512520467398 9.33973014190294 9.85178093406771 10.287313241982 10.9326876712475 7.32410522764003
9.46692771376721 9.24248270921371 9.09404515178153 9.25084571727606 9.08518526000726 9.04693760883717 9.01336192525265 9.35939110631549 9.1737007551257 9.03964894975666 9.20141027310777 9.27714603866875 9.37284262881387 9.17092826081672 10.1722291182778 10.5747763010016 9.10354934053007 8.90493406920088 8.99338023372664 10.189457536991 10.8220646321869 11.0874895618291 10.3715329464486 10.7869811255357 14.1037866284281 19.9576646100942 13.1977905042604 11.820943245389 11.9047458958694 12.188879483226 11.5732042507651 29.6630694571279 10.8822867316408 9.82779462632469 9.64657653827199 10.6091094485831 10.6897793804354 9.54042760814458 8.99898063817346 9.0316665783117 9.06445908152021 8.93586524149898 9.46366473845682 9.76979598238114 10.8173456157035 10.5638276656783
10.3740139701869 10.5345999096912 9.64571898980471 9.3652171931849 9.33037994289965 9.09256217587839 9.1406218991324 9.31128898281029 9.14419438162139 9.51885492599147 9.55616875464764 9.60716843592505 10.1920169940756 9.42996497405206 9.64864652546494 10.6758693927081 9.62693288627414 10.7533669285626 9.56959408220438 10.2131791544931 10.2264256404703 10.8392412410097 10.4881654343268 9.32794273831314 10.4146398706051 11.8597752824957 8.50062289843392 10.5284330201158 12.4167136005252 10.2147264862583 11.7351538175303 18.8352052098637 13.2021617648732 9.07323227993747 9.71671682531129 10.1879290594167 9.81039095590091 11.4160543130137 10.1185558495904 9.97631849112921 8.85807542393266 8.69330269059184 9.37521250125055 10.4485478186376 10.7532814581085 11.7387450173669
9.38969472491142 9.07378148981057 10.1000848613642 10.0652529478689 10.1786771313965 9.58324088995444 8.93182445196949 9.07959615963053 9.17533930715491 9.05682494437521 9.22079547555511 9.63634314043304 10.2456771171745 9.89359851907706 9.39478230062389 9.74891762184151 9.63268723023059 9.68702570702359 10.2262086324538 10.6537125985917 9.41025144036616 9.46043441534043 11.0015407782831 11.2433051790392 12.1702043170084 8.96614607848377 11.094280330766 10.5352234554595 10.8326076805764 12.8460750735143 11.34250884037 13.0304417432319 13.3876438334843 9.50440117835259 9.35507121671803 9.53915178896242 9.34773258071449 9.86183407259275 10.5152489718288 10.612862891592 9.26047772665731 9.78708202222969 10.8007785196635 9.43882364199399 8.91532920442525 8.25245795036534
