0,25.6646018972869,25.5146169073538,28.6973700943883,36.140788966879,33.0013350723245,37.6690223762913,35.1290317584961,64.8597996957703,64.3618442996132,99.3112363800726,60.9424238202127,62.3397691982104,64.5860987190836,73.3571220797126,80.7455153589771,57.8447014596555,64.1549402724494,61.9629665955636,59.8312276797086,50.9830635527559,52.6543711538247,52.314261055764,72.5607701322526,110.430083248874,114.268113139784,72.2016183136476,72.5769196349265,67.6224865381305,62.1102845121359,61.7864330810996,63.3564475865207,96.0751417110772,50.8655831466844,85.7765284325804,81.3113986638017,60.5668059165185,91.8535858893887,96.6119064726838,94.188059046225,88.9993006190846,89.6403704292014,89.0865876458803,89.6013204155988,95.295393972124,95.5776716490316,101.741976233347,95.506215385369,101.278245428765,94.8287338263793,97.088947109248,56.605901165555,56.3683369017917,56.4364573326468,55.9792982258658,56.7091240882626,55.5815921348475,55.5365361991946,55.3554485757911,50.5630684087575,49.9193061574344,49.8790201659191,47.2341676872339,82.3294848635938,47.9314656423324,68.2755726492389,109.258664561565,111.400680717239,107.425246593975,103.038132042781,94.1370172832287,92.947564314648,95.8353593849653,94.9664693878436,94.0042826372717,73.2227360081208,81.2410780828156,79.6578027675482,50.907625708069,49.7555533243468,59.617762532488
25.6646018972869,0,28.6751328504207,26.2996227493356,30.1646618840349,34.852961208444,39.0735139772945,34.864077643836,64.9983271795979,64.5058442998404,100.372654325391,61.1079821189492,62.4969390162018,64.7405596265324,74.6680775578107,81.9870453094927,58.4779353871437,64.8328530463351,62.5986040975733,60.5114144352105,52.4873569025715,54.23328030754,53.9006585473323,73.403500385491,111.648815947762,115.462983716467,72.8965446820777,73.3199600410939,69.020650234306,62.2415526306294,61.9090725246865,63.5138565607164,97.2853718477902,52.4990907949501,86.9911161987131,82.5294003671807,60.7496108719758,92.9455436220579,97.706826112642,95.2804754889286,90.0750076876079,90.7152737852233,90.1592017022581,90.6732804713443,96.3712618721061,96.6593408826168,102.819768532248,96.5854725227971,102.356857432403,95.9068800253847,98.1731586061918,57.5591433844097,57.3451075588746,57.4426250903833,56.8234767290176,57.912664465446,56.7811085642674,56.6977969216759,57.2283940599531,52.2553288261725,51.7509124753156,51.7403188462239,49.2789460794223,82.8933914230064,48.3927957115542,68.8652360782539,110.378212533626,112.524814157199,108.54769792997,104.158564433965,95.1983557414088,94.009410766284,96.90655940364,96.0386093901379,95.055031446838,74.161708492831,82.1784867263524,80.72824180641,52.1003638254328,51.9093617454962,59.6904000702417
25.5146169073538,28.6751328504207,0,35.2237766697896,39.1671869850743,25.2975406368336,32.727389510451,28.572891783073,65.2168096847682,64.705890683111,99.230520529158,61.4068256110188,62.7970237970376,64.9987161617933,73.3781444897498,80.6884836794632,58.8619534891367,65.1536318781205,62.9644401463019,60.8430074704704,51.9972033968423,53.4878252583544,53.2245542131641,72.2261333913293,110.529693579343,114.335633206102,71.8670033245864,72.2235789310216,67.8581781242697,62.0846947505694,61.745651466265,63.4630224971064,96.1325748262426,51.5041551923643,85.6744135978269,81.1973407730018,61.0790945332839,91.7948782768107,96.5565292285121,94.1318536512915,88.9229566707183,89.5642303314037,89.0074125131205,89.5224813632984,95.2254846762865,95.513132543296,101.674871172943,95.4392140982731,101.212391169686,94.7610908142668,97.0270503179447,57.6551524285409,57.4392087433232,57.4671139239334,57.0538129784606,57.6444994579327,56.5561065539265,56.5450709048911,53.1753780423475,51.6427567147424,50.9564654424792,51.0749531412928,48.372766079534,83.2311466456672,46.1423027525751,67.7391877890521,109.235861502751,111.382951266204,107.405478709075,103.01595636016,94.0522293725668,92.8626514906699,95.7609300123866,94.8924344097657,93.9097393588534,72.5655796148102,80.6514725911074,79.4677841973773,49.9265601782214,50.1591085221317,59.9588162821809
28.6973700943883,26.2996227493356,35.2237766697896,0,27.5797174607161,39.4494930387919,42.6044356430086,40.150966149665,64.9213640692028,64.4415076521129,100.717743969541,60.9202520807559,62.3169580929465,64.6059988010065,74.9333099397927,82.3156287140545,57.7372969749874,64.1179408859993,61.8757680960482,59.7822961484059,51.8830654158577,53.8129553442462,53.4121997786248,73.9603281021978,111.842123226388,115.683433190988,73.4553918745877,73.8938297064831,69.1060223792711,62.5496742073611,62.2333100117386,63.6873094528713,97.5152134016514,52.2662906340865,87.3566987704493,82.9049661204013,60.5124824426569,93.272304081065,98.0307917269886,95.6051075520143,90.4165528486961,91.0566354433656,90.5031128244651,91.0168981619781,96.7073371843054,96.9909211316452,103.153482086483,96.9191169773177,102.689516814318,96.241056126823,98.5025228510279,56.8214922746493,56.5879619733625,56.7310564685547,56.0451761694373,57.3227789618917,56.1528907560848,56.0303806119755,59.0893772980456,51.6402389937418,51.2148634265374,51.0716018310258,48.7211509836425,82.272773159376,50.1844809201915,69.6028613287842,110.674741875017,112.817080720113,108.84168053652,104.454573127356,95.5469005206359,94.3580669338639,97.2464208054992,96.3781469858414,95.4117354433977,74.980310129141,82.9422716156867,81.1648731706794,53.160681445903,51.987420273675,59.6359973715669
36.140788966879,30.1646618840349,39.1671869850743,27.5797174607161,0,42.1688196152805,44.7244321494318,42.0046799863922,65.1535152991065,64.6806712518774,102.043548614891,61.1921020340907,62.5771191132329,64.8611537043891,76.5423707725249,83.8433562749536,58.6683740214515,65.1008204564715,62.8066220447713,60.7707244223011,53.8497644953637,55.8121449871746,55.4374420018302,75.0293912545758,113.358486398715,117.170457417483,74.3551167631558,74.8492877632038,70.8288988903356,62.7730765077662,62.4468735675277,63.9399043907639,99.0181073152429,54.2811786957232,88.851951867778,84.4032870435348,60.8095451420613,94.6341079771696,99.3961686846355,96.9676097410488,91.758811098629,92.3979998547455,91.8416888934979,92.3547574602499,98.050213946268,98.3407194405643,104.498725276407,98.2660215816656,104.035772214083,97.5866619657369,99.8553745787853,58.1550091484697,57.9566127610835,58.1238396452138,57.2521466606326,58.9286713528365,57.7637601445973,57.6046632531335,61.1449701551026,53.8212549536675,53.5198527042982,53.4576360376976,51.2589509279578,83.0967410294954,51.0140175726322,70.3958314437553,112.070226965919,114.218100252154,110.240655680325,105.851097882602,96.8723525684382,95.6840866871802,98.5837150632548,97.7165306222525,96.7245678989885,76.1628162960544,84.1210642175614,82.495247401004,54.616825754053,54.4318415164918,59.7790157702072
33.0013350723245,34.852961208444,25.2975406368336,39.4494930387919,42.1688196152805,0,24.7138445645555,25.3648868893318,65.1294492283648,64.6051740468347,98.6935927822724,61.4229875987054,62.8068907482592,64.9647703754101,72.9610828210831,80.1850764215644,59.3960469481364,65.671773469403,63.4843951179265,61.3729391386788,52.5668480733665,53.9043822533864,53.7118989880723,71.4112116834901,110.186074498968,113.957846286512,71.0506369709847,71.3869001665862,67.6683650603582,61.615395328416,61.261610765126,63.1251097756172,95.7455136005371,51.7478121300952,85.1219063488393,80.6323707649212,61.1409996631732,91.2819949897789,96.0472273503512,93.6215922320829,88.3910755448854,89.0325345549729,88.4724628976432,88.9878613218623,94.7003340199377,94.9937903602462,101.152715317106,94.9172174080233,100.691569470625,94.2383854980875,96.5105549823773,58.224233878137,58.027863835897,58.0212211466266,57.6424387573378,58.1197782364532,57.0667580899557,57.0846356734825,50.3965602599291,52.2932666499323,51.5923348295644,51.8475007035609,49.1303565617275,83.6592642474534,43.6116369034518,66.6990905552229,108.761381701124,110.913922400074,106.934266948963,102.542164472237,93.5110319446144,92.3213389670324,95.2308974726679,94.3628456903677,93.3579790589131,71.3930226144208,79.5550678880142,78.8151565821855,48.3972159734176,50.3142844930189,59.8624750389922
37.6690223762913,39.0735139772945,32.727389510451,42.6044356430086,44.7244321494318,24.7138445645555,0,28.0944710453384,65.0689877770028,64.5315343230061,98.205756838031,61.460171709224,62.8385040999435,64.9545446195145,72.6132271470628,79.7441127951043,59.9184586403495,66.1818170972974,63.9944348986527,61.8934556167211,53.1719378645515,54.3857720132534,54.2562784603748,70.6251965728875,109.90154393817,113.637692957261,70.2579461070464,70.5740956982087,67.5537723005186,61.1854280409766,60.8177079271785,62.821983447225,95.4175899150311,52.082607206685,84.6290050299823,80.1270759114004,61.2211352459676,90.8201439935336,95.5891543160612,93.162399615495,87.9091404839193,88.550739220707,87.9872545770815,88.5029475286511,94.2251859224057,94.5248260182173,100.680693119905,94.4454410783957,100.220937348186,93.7658311251277,96.0446035206224,58.7904020644888,58.6119485426935,58.5769003438735,58.220613654767,58.6164700032542,57.5945613371414,57.6355657683596,47.8939777804066,52.9894171434724,52.2970163462978,52.6642415342744,49.9648485209582,84.0848445495484,40.8332144941334,65.6633647613272,108.339744458745,110.498032656598,106.516086039172,102.121273125156,93.0188807532376,91.8290995125909,94.7505638874845,93.8830131101483,92.8545707857578,70.2271714087912,78.472075728547,78.2097172816943,46.8653788703428,50.707459935519,59.7980155913053
35.1290317584961,34.864077643836,28.572891783073,40.150966149665,42.0046799863922,25.3648868893318,28.0944710453384,0,65.9142270572196,65.3933651219312,100.292110942805,62.2408967759504,63.6172642971032,65.7685585021849,74.78835963821,81.9556106373352,60.61880168083,66.9273796239884,64.7080287025007,62.6309677042115,54.4458175601864,55.8662772145863,55.6674151216648,72.8231067306086,111.914751880364,115.667324269833,72.316634076659,72.7008452621906,69.5509433826998,62.3468643737291,61.9820352247738,63.900488981296,97.4708789446797,53.7813474691408,86.8723496547486,82.3878565741793,61.9773289759594,92.9073195829653,97.6750091954167,95.2470599270312,90.0028399369833,90.6434997964102,90.0815830310877,90.5963109784072,96.3114871776209,96.6098941658659,102.765389167492,96.531290103601,102.304884360563,95.8514641854516,98.1287938373931,59.691810678051,59.5121172962382,59.5301234327551,59.0263554539057,59.7868048549148,58.7266324504985,58.712382131043,53.6947717118178,54.2961051264538,53.7029152341536,53.9444438068305,51.3675008778088,84.8210746547929,44.3832733284342,67.8449563987761,110.409014015252,112.565368968292,108.584335259192,104.190573993501,95.1099540910955,93.9207650417802,96.8380907539903,95.9708976115766,94.9478552226833,72.92761984985,81.0835347746681,80.4358710033442,50.2702145388401,52.8392310845837,60.5889233801092
64.8597996957703,64.9983271795979,65.2168096847682,64.9213640692028,65.1535152991065,65.1294492283648,65.0689877770028,65.9142270572196,0,23.5128578467614,107.719107107734,39.3820889190732,39.7427046646904,36.5795550239729,85.2953129803296,91.8786696103059,61.6767031901814,68.1191532829331,65.4596311716966,64.1197286307167,65.5774983553188,67.5302512579708,67.3764705499416,78.6401812445847,120.96304339478,124.485840551483,75.8936761801843,77.2325283797647,80.4389557686716,55.0704617112539,55.3769545095827,50.2817022197639,106.530563604477,65.9849644398299,96.6415591086922,92.263854332746,42.5756088452438,100.704873428782,105.502786121294,103.040367740544,97.6324547086608,98.259631435542,97.6768576806308,98.1797361331968,103.912689687007,104.275911886046,110.383232056763,104.17144487117,109.929568470239,103.477374456712,105.821864673278,65.3201719256407,65.5990579745945,65.7029670775236,63.5202341344216,68.0464988416739,67.0169015501079,66.6614280054673,77.0165059289147,66.7701303267286,67.0323407860811,67.4804081910287,65.9105005239425,82.3033269212346,64.0520292568903,73.4479642914631,118.46864824901,120.672690994521,116.674888651107,112.260858695639,102.556170635906,101.375645613782,104.388115883837,103.533724360507,102.276293574202,83.1117193538066,90.5929289035531,88.6211420283727,65.2011255039609,68.6345605493188,40.5297609600544
64.3618442996132,64.5058442998404,64.705890683111,64.4415076521129,64.6806712518774,64.6051740468347,64.5315343230061,65.3933651219312,23.5128578467614,0,107.00196271458,39.3179337352463,40.0394598672404,36.941421999082,84.6657383510996,91.2255765449557,61.3042010830323,67.7374736919521,65.0859032907361,63.7384873377133,65.0932960593403,67.0268440308546,66.8797527028458,77.8557841439128,120.312812430794,123.82509868079,75.0547776428222,76.4162511154254,79.8484799879894,54.1638431159279,54.4984206114215,49.0677147801108,105.873758196983,65.4602894019728,95.9792000568973,91.6025741054009,42.2964432347898,100.000232484111,104.799377549017,102.335974415318,96.9211013816417,97.5479623963119,96.9642410915051,97.4668627324859,103.201499665331,103.56712133972,109.672856156078,103.461652443051,109.219541231947,102.767129591771,105.114131714526,64.8969888545754,65.173234886072,65.2713559382188,63.113898741384,67.5812853595838,66.5557346773805,66.2075957733596,76.4480787710263,66.2812404335805,66.5359897147381,66.9912233836037,65.4133264793262,81.9305845404553,63.4659712316052,72.6723178552033,117.775732888219,119.98170372705,115.983185904867,111.568299714768,101.838968964107,100.658650256395,103.67499283602,102.820983311681,101.554744434033,82.4095699961595,89.8795499001959,87.9098267148857,64.5705809204413,68.1026482962753,40.862546790464
99.3112363800726,100.372654325391,99.230520529158,100.717743969541,102.043548614891,98.6935927822724,98.205756838031,100.292110942805,107.719107107734,107.00196271458,0,104.630473903607,106.046741351231,107.832788466689,91.9200730324297,95.051965591873,104.122216134311,110.018225327165,108.079198168955,105.808803164346,95.1291211879184,94.6020105885596,95.4843079543133,90.8285046304592,104.437276398444,102.853163322843,95.8605178635844,95.2253197613938,91.6751214147338,102.242607459172,102.098492650133,103.437259304432,93.422988727694,90.3802290952025,100.061862277079,96.77718887053,104.603274145149,61.5159411290129,66.4328132850132,61.1563380649713,59.5931761110834,58.7755690183401,59.6097917204312,58.6671508654182,52.1798042561589,54.8688150809024,55.6356503617777,54.4303082579848,53.7617262331682,52.0726902478116,56.8059676940122,101.549001981531,101.489687750953,100.879185086294,101.757775243041,98.8207774829009,98.4523966169349,99.0799704253116,106.867027346313,96.5018956454249,96.272316754515,97.7764088715455,95.725512494675,127.900578365785,97.144512455341,101.351671845039,77.3623405129202,81.0084799112081,76.7094829541862,71.9081917114982,55.836305485342,56.2034152263547,52.2471615923089,53.2920039111775,59.3183326843883,104.852929166105,110.747655649107,87.3848600874352,89.7129807772407,95.3180904114717,103.238706411437
60.9424238202127,61.1079821189492,61.4068256110188,60.9202520807559,61.1921020340907,61.4229875987054,61.460171709224,62.2408967759504,39.3820889190732,39.3179337352463,104.630473903607,0,21.2713004825051,31.6644131601438,81.7519637123411,88.4758457557399,55.6146407998084,62.0363179060642,59.3217082008503,58.1054862043491,61.0520573707444,63.1488614883706,62.9561003037717,75.9951242942072,117.484352565855,121.070058199221,73.5345730327277,74.7682654612738,76.6301662589516,54.0645918735574,54.2758182703395,50.2937998181955,103.10085510615,61.7701032911749,93.2995475172868,88.920823465765,28.1361466983209,97.5482885964848,102.339016344391,99.8815721577577,94.5148017288999,95.143376570445,94.566329119092,95.0702730273621,100.791565783866,101.141265348138,107.257106351139,101.04253709394,106.8012797148,100.350860385151,102.681142270298,60.0053929650007,60.3568877295964,60.4791577677778,58.0263225434679,63.1957953695443,62.1493664585102,61.726490970779,73.4889469014004,62.3435372420035,62.6870659919184,63.1046362735211,61.6198813063116,75.4272387262238,60.8515206315469,71.0203556207113,115.241932272494,117.43479092003,113.441204649,109.03220665404,99.4695328260441,98.2880931836143,101.27796795971,100.421617706328,99.2141798042737,80.1927338161469,87.7029990540148,85.5490757394724,61.9400477426764,64.6044523242428,41.3222923709767
62.3397691982104,62.4969390162018,62.7970237970376,62.3169580929465,62.5771191132329,62.8068907482592,62.8385040999435,63.6172642971032,39.7427046646904,40.0394598672404,106.046741351231,21.2713004825051,0,31.3106369036764,83.1824959916767,89.8997579307142,57.2894856159372,63.7273740057726,61.0141074607144,59.7814470819822,62.5400313380625,64.627273235641,64.4358859528732,77.3865059209171,118.91825019027,122.500931132778,74.9169524444163,76.1524627251078,78.0767400527561,55.31523413492,55.5232393614599,51.5729245651082,104.53134706999,63.2364800221967,94.7200176651959,90.3407659842367,32.0860886207498,98.9670925323283,103.758144611397,101.300558752617,95.9318708751296,96.5604301269098,95.9831027963317,96.4870449154292,102.209061826946,102.559321802085,108.674855635069,102.460345441382,108.219140666128,101.768586873799,104.099463392921,61.5858300285079,61.9256164183461,62.0502932499281,59.6244774803065,64.7271760426645,63.6801677001186,63.2632433883052,74.8761878517534,63.8179200023675,64.1534353110905,64.5704268856312,63.0775459215704,77.2769896146181,62.2019795203459,72.3767968379831,116.664095362442,118.857453199668,114.863671537613,110.454441814641,100.885532853428,99.7041037059359,102.695000040461,101.83870943787,100.629161682413,81.5748366549263,89.0876144698998,86.9592339151524,63.3280614419777,66.0453102497702,41.9049451823067
64.5860987190836,64.7405596265324,64.9987161617933,64.6059988010065,64.8611537043891,64.9647703754101,64.9545446195145,65.7685585021849,36.5795550239729,36.941421999082,107.832788466689,31.6644131601438,31.3106369036764,0,85.1885666209337,91.8413971357273,60.2815434362398,66.7119101805241,64.0244146587888,62.748651914194,64.9780229791606,67.0038626449134,66.8306466900236,78.9764680544324,120.884783545123,124.438639048778,76.3695093136875,77.6581621376699,80.199179570396,56.3354101119839,56.5949450755099,52.0682354077855,106.477058441111,65.5431837129676,96.6346912627349,92.2568178048539,37.7070537847294,100.785436832538,105.579813254814,103.119793066142,97.7321672050098,98.3600028824574,97.7800611541028,98.2834354628871,104.010527474145,104.367125027767,110.478591264758,104.26547569842,110.023854518505,103.572567299529,105.910093426073,64.3121644990088,64.6290109752313,64.7417791653556,62.4200151156217,67.2773540250028,66.23954764082,65.8495872324558,76.9380794556437,66.222675584415,66.5269870632467,66.9602220957553,65.434426081623,80.4792663516931,64.1497815343601,73.9137116488395,118.514581997471,120.713124461455,116.717399811219,112.305848778194,102.670944972255,101.489988993724,104.491336365167,103.635998560346,102.403084610632,83.3268374274163,90.8199430384242,88.7463719781304,65.2506941516367,68.2910694652821,43.0688905971426
73.3571220797126,74.6680775578107,73.3781444897498,74.9333099397927,76.5423707725249,72.9610828210831,72.6132271470628,74.78835963821,85.2953129803296,84.6657383510996,91.9200730324297,81.7519637123411,83.1824959916767,85.1885666209337,0,53.7990437091991,78.4712192226798,84.2527629896259,82.442670619492,80.0193870587738,67.0115045659934,65.8240486526847,66.9734920376217,76.4623159070169,100.624150011408,104.44827880646,80.2946536919305,79.6924514212243,55.8735487838302,81.0583830955702,80.8473460009777,82.2471039764206,83.3168254027729,60.7163990056122,64.6895266022798,60.955485471545,81.51509242289,83.1851048332071,87.8786680310744,85.6249449538547,80.7456752417113,81.4588687503906,80.941605577652,81.5213698811929,87.341498187432,87.4435067156158,93.7798719506765,87.4353476429284,93.3161011424249,86.812005658363,88.8910057101999,74.8434937351798,74.7283731202531,73.9866204446861,75.4115125656193,71.1544714294735,70.8769749085912,71.6807756380937,80.8392654318551,68.4134569056019,68.0614760054908,69.8763837218059,67.7338038203856,102.667248151553,72.6542254852866,81.4467293689826,100.344945913793,102.397539669733,98.442819258841,94.0836032449232,86.5781176341591,85.3476653847746,88.0172462109667,87.0963415337103,86.7969473484767,82.6127806586901,89.288440000804,71.480029714452,63.8071733533887,66.4379956303393,80.627276670033
80.7455153589771,81.9870453094927,80.6884836794632,82.3156287140545,83.8433562749536,80.1850764215644,79.7441127951043,81.9556106373352,91.8786696103059,91.2255765449557,95.051965591873,88.4758457557399,89.8997579307142,91.8413971357273,53.7990437091991,0,86.1115564922629,91.9450318730073,90.0822495100907,87.7169732426897,75.4883352223969,74.5504258289833,75.577829824272,80.1617244720729,106.856855897133,110.10857239069,84.7931716929005,84.0357339449533,68.1761609676672,87.2258680807546,87.0240538465659,88.4681067263695,88.9391620582774,69.7409849646251,52.0003151323227,51.7053159284866,88.30424901862,86.3908246775659,91.1485583506122,88.9331913423433,83.6333726817937,84.3829952515397,83.7955118890921,84.4129921815528,90.5273913179809,90.6979794597942,97.0352970866028,90.6507016772069,96.6036115766576,90.0320182316151,92.1889261927715,82.89194986267,82.7889391357868,82.115822898001,83.309971012953,79.6297975037365,79.2868321924809,80.0068808773767,87.8960736639155,76.7915302460933,76.436414499272,78.1320112184813,75.9741904921688,110.178283820379,79.3401526034728,86.8708660247327,104.347510166328,106.490358484438,102.495815094219,98.0899488836687,89.5297631258578,88.2780441403268,91.1391198422367,90.2073834750346,89.6327647001411,87.9818963814404,94.3634677036799,71.1145495316327,70.2699713457497,74.7864852285547,87.2427921857098
57.8447014596555,58.4779353871437,58.8619534891367,57.7372969749874,58.6683740214515,59.3960469481364,59.9184586403495,60.61880168083,61.6767031901814,61.3042010830323,104.122216134311,55.6146407998084,57.2894856159372,60.2815434362398,78.4712192226798,86.1115564922629,0,31.6560087375201,23.116394120249,23.7135787992586,51.2089023892498,54.2601744229747,53.8960196471451,78.4327580158957,114.404669953066,118.411062790691,77.6687408955419,78.3008344463951,71.4864728118909,64.4477696821067,64.3344421513998,63.8549237891207,100.385214243351,54.0883376003622,91.3488831863072,86.9804843490346,54.1164399945458,96.607760319383,101.3512246505,98.9241153144122,93.8295996856277,94.4660506803905,93.927217723784,94.4368936714665,100.076063200566,100.338180313067,106.507931133057,100.276906793867,106.037479590619,99.6002506513066,101.838344060047,41.0613151148666,42.5285141966284,42.6413731328541,36.4863130249769,49.3664930855491,48.3201466695141,47.2859063859013,71.8644004545105,53.6825592577867,54.7261312930847,55.1446950516121,54.3503341962759,59.059479919831,61.5713631648285,75.0133966817706,113.834115903929,115.953484480959,111.987819584748,107.612099083944,98.9791555410571,97.7925289070247,100.63380185544,99.765357649079,98.8825631108865,81.3499099879974,88.9614648226032,85.2871362367187,61.3235926127426,58.9370819805424,57.5679722188145
64.1549402724494,64.8328530463351,65.1536318781205,64.1179408859993,65.1008204564715,65.671773469403,66.1818170972974,66.9273796239884,68.1191532829331,67.7374736919521,110.018225327165,62.0363179060642,63.7273740057726,66.7119101805241,84.2527629896259,91.9450318730073,31.6560087375201,0,28.0907425460701,23.1376803349405,56.7747556839007,59.7964783001092,59.4770514663282,84.5152465636743,120.139434436623,124.173783973704,83.8198583302535,84.4323638018913,77.1286999278209,70.8432311042588,70.730940299004,70.2559077200339,106.153851861915,59.6728975001287,97.2098884790379,92.845920209065,60.5106437159519,102.48055130109,107.221088931816,104.795273739573,99.7180025938778,100.354623159829,99.8182841344712,100.328008463205,105.960790929827,106.217812802074,112.390386173333,106.158788606022,111.91893229834,105.482887691938,107.715577130674,44.9476075524409,47.0533392826566,46.4683792027433,41.2137565002904,53.8547534999781,52.976655789802,51.9338671437184,78.0324448288514,59.4488464295958,60.5379002840836,61.031005153281,60.2648652534951,58.457525528653,67.8453406253598,81.2223889777453,119.676465586413,121.79129345783,117.827408642282,113.453797524935,104.877407493687,103.690657636831,106.522740297557,105.653737313293,104.790024433604,87.4540515451652,95.0557554195053,91.2292852343998,67.4094125121558,64.824533421444,64.0735612925643
61.9629665955636,62.5986040975733,62.9644401463019,61.8757680960482,62.8066220447713,63.4843951179265,63.9944348986527,64.7080287025007,65.4596311716966,65.0859032907361,108.079198168955,59.3217082008503,61.0141074607144,64.0244146587888,82.442670619492,90.0822495100907,23.116394120249,28.0907425460701,0,23.5913991125717,55.244742021262,58.2647498735569,57.9190205451927,82.3930910826709,118.358536210023,122.365910779539,81.6201008951668,82.2566200369486,75.4493905638206,68.3611095674028,68.2526731525294,67.7246681185906,104.342843553398,58.0826664975499,95.320429776078,90.9531331700902,57.7735627970684,100.565361861088,105.308780838193,102.881529417472,97.7873869507986,98.4237527937828,97.8849932301337,98.3945854449528,104.033297385635,104.295425869182,110.465078196645,104.234168003141,109.994584334702,103.557475313727,105.795568771689,44.7507817758648,46.4176557931568,46.2761848545855,40.5629145053178,53.1280706695769,52.1414176789381,51.1205065738937,75.9164179397477,57.7565226733567,58.7988759858737,59.2408766070718,58.4399612279335,59.6957964495505,65.6091283730256,78.9814213336383,117.790823653077,119.910123743098,115.944501085717,111.568827301856,102.936484268622,101.749910120515,104.591044413593,103.72264394167,102.839862359863,85.3368207367956,92.94412181186,89.2531799077443,65.3351452095072,62.9849298124305,61.4178404553058
59.8312276797086,60.5114144352105,60.8430074704704,59.7822961484059,60.7707244223011,61.3729391386788,61.8934556167211,62.6309677042115,64.1197286307167,63.7384873377133,105.808803164346,58.1054862043491,59.7814470819822,62.748651914194,80.0193870587738,87.7169732426897,23.7135787992586,23.1376803349405,23.5913991125717,0,52.4523120545429,55.505031093984,55.1708389854459,80.3189482015997,115.919056896452,119.954877316924,79.6380591012148,80.2446793897306,72.8912916153383,66.7187632244951,66.602026856639,66.1724156618678,101.932752962196,55.3979772637265,92.9834368210655,88.6188026921469,56.6239272975871,98.2685231560785,103.008850748631,100.583284356265,95.5071492822172,96.1438662422956,95.6076730161956,96.1174818419314,101.750149861579,102.006719474971,108.179631869946,101.947875087608,107.708131806972,101.272074671246,103.504295986852,40.7017784680163,42.6746742118067,42.3373618878548,36.4000768296272,49.7126506977418,48.7793348858498,47.7125518123648,73.7575598239509,55.1102791950364,56.2060907994631,56.6835053234814,55.927455394391,57.8569468042111,63.5939758043986,77.0302099274417,115.462660327203,117.577160869427,113.613389526598,109.239916104738,100.667847418423,99.4810366022767,102.312455933306,101.443362594466,100.581290713712,83.234691733725,90.8395064791032,87.0152343368076,63.1651878158196,60.5263717408967,60.0172301536694
50.9830635527559,52.4873569025715,51.9972033968423,51.8830654158577,53.8497644953637,52.5668480733665,53.1719378645515,54.4458175601864,65.5774983553188,65.0932960593403,95.1291211879184,61.0520573707444,62.5400313380625,64.9780229791606,67.0115045659934,75.4883352223969,51.2089023892498,56.7747556839007,55.244742021262,52.4523120545429,0,29.8548827682068,24.8825036477404,71.9747591142787,103.40528918998,107.731661498068,72.5546285215972,72.7455543484176,58.431278521426,64.3602637003124,64.1427841662606,64.9418304309473,89.6056576387517,35.653289030021,81.0962111554118,76.7384002294237,60.357493044218,87.266389808932,91.9724219051577,89.5706940179715,84.6913256011937,85.3345406994593,84.825939152463,85.3406212590708,90.9167201461593,91.1090174766367,97.3223025697939,91.0774764137503,96.8404761058248,90.4130070944187,92.5776930930396,44.8929259671792,44.2747144351744,43.7629916639435,46.2154783257656,40.6870918992928,39.0778111982815,39.6734222662772,63.899624601507,30.642857491942,34.8127247068439,37.1372862664273,37.9466147986257,76.5214727159856,56.1175724075423,70.3579525572205,104.12800500185,106.189532514702,102.245657300263,97.8959614673675,89.9988394498853,88.8078633740732,91.5312346117566,90.6529187786782,90.0292563070678,74.3428910889077,81.9304561877037,76.5147566052582,53.1722919377816,44.6267664193982,60.8269560273987
52.6543711538247,54.23328030754,53.4878252583544,53.8129553442462,55.8121449871746,53.9043822533864,54.3857720132534,55.8662772145863,67.5302512579708,67.0268440308546,94.6020105885596,63.1488614883706,64.627273235641,67.0038626449134,65.8240486526847,74.5504258289833,54.2601744229747,59.7964783001092,58.2647498735569,55.505031093984,29.8548827682068,0,23.1430712268093,72.1541654986472,102.357197539294,106.765530026854,73.0382371936609,73.1399647791511,56.7206903260296,65.8618236835679,65.6391998967217,66.5553929437322,88.6049421858825,30.159648051771,80.2718292540976,75.9231571524061,62.5213978279012,86.6494301693785,91.3455951979521,88.9503500371948,84.1279437307219,84.7727633157124,84.2722502366934,84.7880684804227,90.3467790737665,90.5208836150931,96.7453548327707,90.4971251426689,96.2604928252838,89.8357720252615,91.9813129935045,48.1926074608957,47.7786413826607,46.9789989717461,49.5464154277979,43.0382364719666,42.1043443317758,43.0898597876237,64.6218034300316,35.1815487176158,36.666637680079,40.1091784876364,39.5424629621439,79.3436792456341,57.1613366994345,71.0680438276716,103.414958826809,105.461365577086,101.52318511657,97.1802960483152,89.4758491860507,88.2838597423306,90.9761217333751,90.0953146678976,89.5394496149368,74.5766380798218,82.1229946982583,76.0869708533555,53.321936521572,43.9105075007808,62.7754340002211
52.314261055764,53.9006585473323,53.2245542131641,53.4121997786248,55.4374420018302,53.7118989880723,54.2562784603748,55.6674151216648,67.3764705499416,66.8797527028458,95.4843079543133,62.9561003037717,64.4358859528732,66.8306466900236,66.9734920376217,75.577829824272,53.8960196471451,59.4770514663282,57.9190205451927,55.1708389854459,24.8825036477404,23.1430712268093,0,72.6563779479249,103.544959591056,107.902231502514,73.4121315514387,73.5482648138991,58.1977501138098,65.8389853260557,65.6161297080412,66.5057370226592,89.7429141682936,33.2847478771671,81.2373369134346,76.8786117936961,62.3115004842641,87.5780698485718,92.2799042169039,89.8818526725268,85.0261687748553,85.670539805592,85.1652135783608,85.6808297236764,91.2514384968894,91.4355186475764,97.6543269211407,91.4073870492674,97.171358303762,90.7445034572146,92.9006048189719,47.9298096802419,47.4430633408033,46.7964287408234,49.1822196443997,43.3744286845855,42.1889762983689,42.9796400965839,64.6799860320998,31.917661496449,34.5857981182644,38.3307678013706,38.3983255494208,79.0545958155012,57.1838286328632,71.3187463698274,104.401398295963,106.456524366802,102.514967150098,98.1680644115686,90.3541618225698,89.1624720653039,91.8725614049587,90.9929061090445,90.3996572479987,74.9934309932805,82.5669903351046,76.8763177275974,53.7128551484475,44.1881565349293,62.6127129007975
72.5607701322526,73.403500385491,72.2261333913293,73.9603281021978,75.0293912545758,71.4112116834901,70.6251965728875,72.8231067306086,78.6401812445847,77.8557841439128,90.8285046304592,75.9951242942072,77.3865059209171,78.9764680544324,76.4623159070169,80.1617244720729,78.4327580158957,84.5152465636743,82.3930910826709,80.3189482015997,71.9747591142787,72.1541654986472,72.6563779479249,0,110.365556239792,112.842948846548,55.3523814526044,51.1669986983107,76.0082151339481,71.6835725073372,71.5379223355099,73.2251826404397,95.0783953338912,68.6130414035358,83.639963315398,79.3488071057246,76.1733121937799,84.7112661180571,89.6310703839577,87.1169524798294,80.976024740975,81.6018506390533,80.9073333564811,81.4148575253348,87.448065060436,88.0156744881599,94.0164942691839,87.8195664598841,93.6059490430588,87.0976345211604,89.6593384360618,77.2458827733099,77.2105460399069,76.8628061945164,76.9304113324566,76.052621437973,75.3969629071351,75.7171130421656,79.1697246526157,72.9138223675914,72.6096143107834,73.7639054838742,71.6150422996724,101.809068538403,68.0302893347969,66.1363825458579,103.712981329871,106.098358044313,102.029939982952,97.5319278202669,85.5294265872045,84.3472725548586,87.7527165998262,86.9170063414304,84.8652890334537,70.0305211176651,74.2823699820259,68.7183861204262,60.5537994472303,71.3506543658329,74.2107048911353
110.430083248874,111.648815947762,110.529693579343,111.842123226388,113.358486398715,110.186074498968,109.90154393817,111.914751880364,120.96304339478,120.312812430794,104.437276398444,117.484352565855,118.91825019027,120.884783545123,100.624150011408,106.856855897133,114.404669953066,120.139434436623,118.358536210023,115.919056896452,103.40528918998,102.357197539294,103.544959591056,110.365556239792,0,58.1476194654311,114.399818516954,113.880029704054,95.6044317428962,116.592209924802,116.413198960254,117.68841311515,90.7218747773307,97.7317228736228,113.30322595253,109.949411422438,117.275313130688,93.8103273537968,97.7000454833291,94.8464749839549,95.2366828946609,95.6007565842173,95.8748857805991,96.1024222901918,98.4826406046284,97.5190305184503,103.973955439813,98.0851616784545,103.062112125544,97.4428197270823,98.3281321720197,110.639618817238,110.566915957401,109.719045343068,111.302830844487,106.559309988613,106.468871120422,107.369669759486,118.677197778883,105.204127503783,105.079558541466,106.842456836199,104.906338422287,138.531023249552,109.830199456664,117.18376749368,98.5220470985354,99.0092028350174,95.8555839209392,92.3791680994936,101.064662648627,100.021462158011,100.127027257532,99.2888683356027,103.055084867204,119.91491093324,126.338278299518,106.619624944113,102.541155342217,104.601633281622,116.380926225463
114.268113139784,115.462983716467,114.335633206102,115.683433190988,117.170457417483,113.957846286512,113.637692957261,115.667324269833,124.485840551483,123.82509868079,102.853163322843,121.070058199221,122.500931132778,124.438639048778,104.44827880646,110.10857239069,118.411062790691,124.173783973704,122.365910779539,119.954877316924,107.731661498068,106.765530026854,107.902231502514,112.842948846548,58.1476194654311,0,117.072081015757,116.523331526041,100.457666031576,119.93463771881,119.76042460333,121.050370422481,94.0071776667457,102.193530683732,116.377790148903,113.069341279433,120.890401613627,92.2597635840356,95.9993128531799,92.8806054948026,94.396187667663,94.6609511008934,95.099999601256,95.2317647309322,96.7213183997346,95.5454091639725,101.951277138015,96.2398171827747,100.908274830313,95.5683715896129,96.2082930530416,114.847103293555,114.775482488995,113.969754469248,115.432516591285,111.001068723176,110.859526818693,111.712541415654,122.380239066341,109.450286963539,109.302833067906,111.024223129893,109.06413619967,142.481604290755,113.40338886711,120.265407727036,93.1292593103676,93.0927038758313,90.3087928498975,87.1952410789879,100.039073571167,99.050463590117,98.5743290529269,97.776010998403,102.374504475761,123.074490550108,129.411069915765,108.84061959316,106.049429030062,108.719739923473,119.918096684112
72.2016183136476,72.8965446820777,71.8670033245864,73.4553918745877,74.3551167631558,71.0506369709847,70.2579461070464,72.316634076659,75.8936761801843,75.0547776428222,95.8605178635844,73.5345730327277,74.9169524444163,76.3695093136875,80.2946536919305,84.7931716929005,77.6687408955419,83.8198583302535,81.6201008951668,79.6380591012148,72.5546285215972,73.0382371936609,73.4121315514387,55.3523814526044,114.399818516954,117.072081015757,0,41.085277154032,78.7849720088826,68.0384996168089,67.9294449004342,69.6707912612373,99.3690444308852,69.8392839189448,88.6828596741419,84.3797577272951,73.8430556007755,89.7439131900969,94.6413468969776,92.1144092232701,86.1296076210189,86.7411059977414,86.0758151006374,86.5678385185111,92.4810045039724,93.0271489039142,99.0230570377291,92.8442221931548,98.6004131939388,92.1191910549084,94.6562415224693,77.1134044485899,77.1070722299659,76.844242486286,76.5817702158243,76.5115811485582,75.7799579877313,75.9904289593901,79.3471125431879,73.4584570130242,73.20853214404,74.2213813727473,72.1217645372231,100.790489917498,67.2042544540454,61.2319700591881,108.480144942497,110.836774957722,106.781256219691,102.29832795095,90.6494465070124,89.4782729744779,92.8070298418721,91.977170685576,90.0331684105404,71.7277014373438,77.1704657861242,76.0984956359479,61.7465952647559,72.287269180189,71.5789320763432
72.5769196349265,73.3199600410939,72.2235789310216,73.8938297064831,74.8492877632038,71.3869001665862,70.5740956982087,72.7008452621906,77.2325283797647,76.4162511154254,95.2253197613938,74.7682654612738,76.1524627251078,77.6581621376699,79.6924514212243,84.0357339449533,78.3008344463951,84.4323638018913,82.2566200369486,80.2446793897306,72.7455543484176,73.1399647791511,73.5482648138991,51.1669986983107,113.880029704054,116.523331526041,41.085277154032,0,78.4327774001364,69.662956765624,69.5287634395381,71.3169727206721,98.7865111766023,69.8391610177576,87.8296338421435,83.5135853952432,75.0287831311,89.0820353811353,93.9824481068271,91.4609858094917,85.4520744854134,86.0678361184424,85.3973607116387,85.8937911650721,91.8332081513534,92.3796526482309,98.3801324414171,92.1955447178066,97.9597818656433,91.4722445924488,94.0101632321537,77.543400060416,77.5258614587892,77.2397645352351,77.0780405208219,76.7644546775996,76.0520445579692,76.2942304144057,79.4398366159442,73.6451186333901,73.3707385222771,74.4230308950307,72.2992541556628,101.515109135505,67.5758491361736,62.279188871365,107.860882287223,110.220748573393,106.163441294956,101.678470697527,89.9927888632428,88.8184921755367,92.1579836340222,91.3258691520041,89.3740366551437,70.4871913119238,75.4371783722168,74.8587671675909,61.3598940612272,72.3088574768065,72.8566390295064
67.6224865381305,69.020650234306,67.8581781242697,69.1060223792711,70.8288988903356,67.6683650603582,67.5537723005186,69.5509433826998,80.4389557686716,79.8484799879894,91.6751214147338,76.6301662589516,78.0767400527561,80.199179570396,55.8735487838302,68.1761609676672,71.4864728118909,77.1286999278209,75.4493905638206,72.8912916153383,58.431278521426,56.7206903260296,58.1977501138098,76.0082151339481,95.6044317428962,100.457666031576,78.7849720088826,78.4327774001364,0,77.006644314219,76.7919627583549,78.0400845358138,80.9618299458464,51.1471440364379,75.5490627211242,71.5621944930544,76.2685670671738,82.9027540227721,87.5149436811706,85.1906984465721,80.8484298017105,81.5115220964159,81.0804860010463,81.6097967658844,87.0390150997196,87.0552254525699,93.382681435015,87.097702193183,92.8745875363219,86.4656249180029,88.4459180316254,66.8944056598232,66.7755597319944,65.8259949262075,67.8427302472649,62.0544271431476,62.0154402545062,63.0580673090466,76.28909349653,60.3211437865791,60.1330717822351,62.1859121663269,60.2230565314412,95.92163550389,68.4346585182682,78.9147232011852,98.928831072099,100.853941271841,96.9585505625229,92.667780452299,86.5720251866428,85.3695829899114,87.7960864888273,86.8914229148157,86.9288456017701,80.8358830267056,87.8457504994679,74.8524808036692,60.9863374303679,59.4572409484976,75.74862473851
