0.12918 0.00179025 0.693139 0.0221461 0.153645 9.9991E-05
0.0330081 0.030566 0.81189 9.9991E-05 0.0822262 0.0422097
0.224009 0.041769 0.604152 0.0337862 0.0961844 9.9991E-05
0.0235313 0.0207331 0.697477 0.0344581 0.223701 9.9991E-05
9.9973E-05 9.9973E-05 0.908381 0.0680938 9.9973E-05 0.0232255
9.999E-05 0.0208323 0.841498 0.0305784 0.0252315 0.0817601
0.0789134 9.9982E-05 0.663324 9.9982E-05 0.188458 0.0691046
9.9973E-05 0.0420577 0.622841 9.9973E-05 0.334802 9.9973E-05
0.175176 0.0064776 0.661151 9.9982E-05 9.9982E-05 0.156996
0.208301 0.00934759 0.474968 0.0075146 0.277078 0.0227918
0.0734441 0.051088 0.292571 0.0736986 0.509098 9.9991E-05
0.20617 0.0407905 0.474129 0.0232918 0.17553 0.0800886
0.0476117 0.0305204 9.9991E-05 0.0704633 0.813939 0.037366
0.253132 9.9982E-05 0.427248 0.133186 0.186235 9.9982E-05
0.195189 0.0400336 0.663646 0.0492089 9.9991E-05 0.0518218
0.0530996 9.9982E-05 0.65358 0.0131862 0.279934 9.9982E-05
0.198135 9.9973E-05 0.729126 9.9973E-05 9.9973E-05 0.0724387
0.0716124 0.0323095 0.875378 0.0205 9.9982E-05 9.9982E-05
0.520172 0.0530635 0.129584 0.0558626 0.11642 0.124898
0.695687 9.9982E-05 0.0926839 9.9982E-05 0.196391 0.0150388
0.712161 9.9973E-05 0.238136 0.049403 9.9973E-05 9.9973E-05
0.799041 0.00829288 0.0175171 0.0834924 0.0915564 9.9991E-05
0.87076 0.0318048 9.9982E-05 9.9982E-05 0.0429315 0.0543038
0.74436 0.0420735 0.142652 9.9982E-05 9.9982E-05 0.0707145
0.706266 9.9973E-05 0.174955 9.9973E-05 0.118479 9.9973E-05
0.891553 0.0147632 0.0452261 9.9991E-05 0.00636316 0.0419943
0.90621 0.0164213 9.9973E-05 0.0770687 9.9973E-05 9.9973E-05
0.834063 0.0166823 9.9973E-05 9.9973E-05 9.9973E-05 0.148955
0.889972 9.9982E-05 0.0602672 0.039458 9.9982E-05 0.0101025
0.799711 9.9973E-05 0.045465 9.9973E-05 9.9973E-05 0.154524
0.893738 0.00935462 0.0072487 9.9982E-05 9.9982E-05 0.0894588
0.797153 0.00349116 0.0914949 0.107661 9.9982E-05 9.9982E-05
0.765935 0.0338099 9.9982E-05 9.9982E-05 0.116707 0.0833485
0.19259 0.0801956 0.463248 0.0164272 0.247439 9.9991E-05
0.218891 9.9991E-05 0.668163 0.0412647 0.00781418 0.0637667
0.13699 9.9982E-05 0.690929 0.160983 0.0108972 9.9982E-05
0.072966 0.0258216 0.63691 0.0268012 0.237402 9.9991E-05
0.123134 0.0232651 0.584722 0.000381096 0.169062 0.0994362
9.996E-05 0.9995 9.996E-05 9.996E-05 9.996E-05 9.996E-05
0.743498 0.0170973 9.9973E-05 9.9973E-05 0.239105 9.9973E-05
0.121569 9.9982E-05 0.697482 0.141223 9.9982E-05 0.0395261
0.160495 9.9973E-05 0.591611 9.9973E-05 0.247594 9.9973E-05
0.221158 0.00779703 0.313606 9.9991E-05 0.278368 0.17897
0.0755523 0.0500334 0.0848838 0.109482 0.620671 0.0593773
0.0586954 0.00291516 9.9982E-05 9.9982E-05 0.863213 0.0749767
9.996E-05 0.9995 9.996E-05 9.996E-05 9.996E-05 9.996E-05
0.130707 0.0625927 0.47289 0.0867862 0.246925 9.9991E-05
0.170561 9.9982E-05 0.223982 9.9982E-05 0.43008 0.175177
0.340226 0.0410981 0.344945 0.133601 0.140029 9.9991E-05
9.9991E-05 0.0491147 0.0962784 0.211525 0.00473515 0.638247
0.00267902 0.0358955 0.0151336 0.446518 0.0313335 0.468441
9.9973E-05 9.9973E-05 0.138401 0.418808 9.9973E-05 0.442491
0.00238115 0.0596209 9.9991E-05 0.606576 0.206838 0.124484
0.0384136 0.0590815 9.9982E-05 0.739882 9.9982E-05 0.162423
0.0660889 9.9982E-05 0.0126819 0.517213 9.9982E-05 0.403816
9.9982E-05 9.9982E-05 0.222572 0.605286 0.00651864 0.165423
9.9973E-05 9.9973E-05 0.101988 0.0530032 9.9973E-05 0.844709
9.9964E-05 0.0121617 9.9964E-05 9.9964E-05 9.9964E-05 0.987438
9.9991E-05 0.0340608 0.0836765 0.714142 0.0287003 0.13932
9.9991E-05 0.0233504 0.148609 0.353762 0.110664 0.363515
9.996E-05 9.996E-05 9.996E-05 9.996E-05 9.996E-05 0.9995
0.0465247 9.9991E-05 0.105542 0.371975 0.0411213 0.434738
9.9991E-05 0.0692366 0.019605 0.232788 0.500383 0.177886
0.785353 0.0139497 0.0218276 0.125857 0.0529133 9.9991E-05
0.674812 9.9982E-05 0.152377 9.9982E-05 0.0578067 0.114804
0.819939 0.0162773 0.124577 9.9982E-05 9.9982E-05 0.0390069
9.9991E-05 0.0124135 0.0690421 0.508162 0.138244 0.272038
9.9991E-05 0.0595449 0.00119941 0.41294 0.354599 0.171616
0.0591423 0.00120062 0.00112199 0.632626 0.160551 0.145357
9.9982E-05 0.0419867 9.9982E-05 0.495496 0.167648 0.294669
9.9982E-05 0.0314486 0.0595276 0.887781 9.9982E-05 0.0210433
9.9982E-05 0.0155995 0.112101 9.9982E-05 0.713788 0.158312
9.9982E-05 0.00342466 0.150602 9.9982E-05 0.678532 0.167241
0.0287627 9.9973E-05 9.9973E-05 9.9973E-05 0.877737 0.0932005
9.9982E-05 0.0145584 9.9982E-05 0.0186954 0.934036 0.0325104
0.135455 0.0286053 9.9982E-05 0.041056 0.794683 9.9982E-05
0.0145048 9.9973E-05 9.9973E-05 9.9973E-05 0.881902 0.103293
0.00881239 0.0348112 0.159102 9.9991E-05 0.696668 0.100506
9.9982E-05 9.9982E-05 0.139681 0.303607 0.130458 0.426054
9.9991E-05 0.114394 0.104281 0.421567 0.272926 0.0867316
0.0345568 0.0128053 9.9991E-05 0.41711 0.117429 0.417999
0.0224566 0.053435 9.9991E-05 0.325668 0.0854588 0.512881
9.9991E-05 0.035646 0.110411 0.685503 0.0715068 0.0968339
0.703968 0.0434893 0.0609191 0.063754 0.12777 9.9991E-05
0.0783159 9.9991E-05 0.0156665 0.295002 0.578165 0.0327508
9.9973E-05 9.9973E-05 9.9973E-05 0.0945868 0.855933 0.0491808
9.996E-05 0.9995 9.996E-05 9.996E-05 9.996E-05 9.996E-05
0.184281 9.9982E-05 0.58527 9.9982E-05 0.207452 0.0227978
0.0730591 0.0314197 0.76683 9.9991E-05 0.0694176 0.0591735
0.104285 0.0461103 0.594544 9.9991E-05 0.196077 0.0588834
0.246789 0.0199134 0.347642 0.0946845 0.290016 0.000955082
0.0980208 9.9982E-05 0.764743 0.131746 0.00529025 9.9982E-05
9.9973E-05 9.9973E-05 9.9973E-05 0.0372322 0.7607 0.201768
0.563703 0.03493 0.215894 9.9991E-05 0.0205211 0.164852
9.9991E-05 0.0925452 0.0437038 0.156917 0.652704 0.0540301
0.269416 0.0306035 0.159734 0.0550708 0.485075 9.9991E-05
0.157543 9.9973E-05 0.750171 9.9973E-05 9.9973E-05 0.0919862
0.038644 9.9982E-05 0.617071 9.9982E-05 0.343437 0.000647557
0.182816 9.9982E-05 0.505892 9.9982E-05 0.309612 0.00147918
0.0977226 0.0249752 0.616023 0.0187639 0.124806 0.117709
0.0101521 9.9973E-05 0.536224 9.9973E-05 0.453324 9.9973E-05
0.071256 9.9973E-05 0.652653 9.9973E-05 0.275791 9.9973E-05
0.0261816 0.0247851 0.0297181 0.072637 0.62256 0.224118
0.101069 0.0693128 0.0718001 0.165911 0.572594 0.0193122
0.00553662 0.0781166 9.9991E-05 0.202373 0.660451 0.053423
0.248839 0.0156874 0.123058 9.9982E-05 0.612215 9.9982E-05
0.165362 9.9991E-05 0.188779 0.013187 0.562591 0.0699816
0.415079 9.9982E-05 0.416065 0.101193 0.0674632 9.9982E-05
9.9982E-05 0.0158327 0.134684 0.629507 9.9982E-05 0.219777
0.0134436 0.0243568 9.9991E-05 0.67218 0.174445 0.115475
0.0979915 9.9982E-05 0.0923545 9.9982E-05 0.490389 0.319065
0.0964901 0.0294923 0.258596 9.9991E-05 0.3251 0.290222
0.208793 0.0384242 0.0830298 9.9991E-05 0.379258 0.290394
0.750725 9.9964E-05 9.9964E-05 9.9964E-05 0.248875 9.9964E-05
0.0543594 0.0165691 9.9982E-05 0.660537 0.268335 9.9982E-05
9.9982E-05 9.9982E-05 0.0452632 0.26585 0.197472 0.491214
9.9982E-05 9.9982E-05 0.0673412 0.348844 0.432874 0.150741
0.478234 0.0543336 0.284046 0.0505685 0.102911 0.0299063
0.201246 0.00750539 0.659298 0.121642 0.0102083 9.9991E-05
0.0447378 0.0234133 0.671742 0.0267738 0.215798 0.0175357
0.0288853 9.9982E-05 0.784119 0.02527 9.9982E-05 0.161525
0.360358 9.9973E-05 0.596186 0.0431561 9.9973E-05 9.9973E-05
0.211346 0.00587055 0.670954 0.000297722 0.0443502 0.0671817
0.0889155 9.9991E-05 0.81761 0.0511856 0.0202778 0.0219109
9.9973E-05 0.0136674 0.857836 9.9973E-05 9.9973E-05 0.128197
0.360444 9.9982E-05 0.418711 0.0721887 0.148457 9.9982E-05
0.11027 9.9982E-05 0.732242 0.0541381 0.10315 9.9982E-05
0.170606 0.0597168 0.572575 9.9982E-05 0.196902 9.9982E-05
0.102379 0.0400886 0.753206 9.9991E-05 0.0745127 0.0297146
0.210102 9.9982E-05 0.517442 9.9982E-05 0.127136 0.14512
0.0123163 0.0413347 0.706284 0.0646414 0.134508 0.0409162
0.254416 0.00930881 0.470039 9.9991E-05 0.179415 0.0867215
9.9973E-05 0.00976096 0.855115 9.9973E-05 9.9973E-05 0.134824
0.796815 9.9964E-05 9.9964E-05 9.9964E-05 0.202785 9.9964E-05
0.891745 9.9982E-05 0.0483564 9.9982E-05 0.0478586 0.0118399
0.88912 0.0253987 0.0683431 0.0169382 9.9982E-05 9.9982E-05
0.777424 0.00631911 0.106602 0.0538642 0.0110923 0.0446984
0.782299 9.9982E-05 0.00858763 9.9982E-05 0.117701 0.0912129
0.0368822 0.00688656 0.666902 0.0972005 0.192028 9.9991E-05
0.127242 0.0393268 0.567858 9.9982E-05 0.265374 9.9982E-05
9.9964E-05 9.9964E-05 9.9964E-05 0.349737 9.9964E-05 0.649863
0.0283386 0.0222638 9.9991E-05 0.798655 0.0839495 0.0666934
0.00975087 9.9982E-05 0.025119 0.836236 9.9982E-05 0.128694
0.0303905 9.9982E-05 9.9982E-05 0.637086 0.297442 0.0348817
9.9991E-05 0.0251253 0.0192205 0.793768 0.0031885 0.158598
0.121917 9.9973E-05 9.9973E-05 0.710624 9.9973E-05 0.167159
9.9964E-05 0.0263109 9.9964E-05 0.973289 9.9964E-05 9.9964E-05
0.0426981 9.9973E-05 9.9973E-05 0.370534 9.9973E-05 0.586468
0.0243702 9.9982E-05 9.9982E-05 0.561304 0.0633405 0.350786
0.0480597 0.00746703 9.9991E-05 0.600906 0.0208708 0.322597
9.9973E-05 0.0305619 9.9973E-05 0.847033 0.122105 9.9973E-05
0.0554887 0.0283586 9.9991E-05 0.767374 0.119504 0.0291741
0.0603481 0.0239674 0.0981782 0.55846 0.0202435 0.238803
0.0584599 0.00530214 9.9982E-05 0.7399 9.9982E-05 0.196138
9.9982E-05 0.00314716 9.9982E-05 0.733336 0.0919695 0.171348
9.9973E-05 0.0144564 0.033672 0.951572 9.9973E-05 9.9973E-05
0.0130407 0.00173893 9.9991E-05 0.793351 0.0527445 0.139024
0.0301817 9.9982E-05 0.00465476 0.197297 0.767667 9.9982E-05
0.0356871 0.00781793 0.0161682 9.9982E-05 0.940127 9.9982E-05
9.9973E-05 9.9973E-05 9.9973E-05 0.689616 0.120889 0.189194
9.9982E-05 0.0104954 0.205885 0.332109 9.9982E-05 0.451311
9.996E-05 9.996E-05 9.996E-05 9.996E-05 9.996E-05 0.9995
9.9973E-05 9.9973E-05 0.209249 9.9973E-05 0.577036 0.213415
9.9982E-05 0.0299797 0.823295 0.0795123 0.0670135 9.9982E-05
0.248523 0.0222365 0.702014 0.00563305 9.9991E-05 0.0214929
0.389573 9.9982E-05 0.292998 9.9982E-05 0.182909 0.134321
0.596382 9.9991E-05 0.216778 0.0113558 0.165648 0.00973616
0.771331 0.00603318 0.00411903 9.9982E-05 0.218317 9.9982E-05
0.827059 9.9973E-05 0.0438451 9.9973E-05 9.9973E-05 0.128796
0.767223 0.0323476 0.102187 0.0126924 0.0716119 0.0139382
0.745053 0.00894798 0.121706 0.0428065 0.0560327 0.0254538
0.733499 0.0330617 9.9991E-05 0.0400581 0.164421 0.0288595
0.781041 0.0453129 0.0605526 0.112893 9.9982E-05 9.9982E-05
0.103037 0.00143329 0.766733 9.9991E-05 0.0512118 0.0774839
0.037483 0.0528548 0.725971 0.0130254 0.0521781 0.118487
9.9982E-05 0.0526366 0.573102 9.9982E-05 0.316957 0.0571042
9.9973E-05 9.9973E-05 0.535624 0.0223174 0.441759 9.9973E-05
9.9973E-05 0.0141347 0.674564 9.9973E-05 0.311001 9.9973E-05
9.9964E-05 9.9964E-05 0.472987 9.9964E-05 0.526613 9.9964E-05
0.120688 0.0078815 0.568597 9.9991E-05 0.193446 0.109288
0.119892 0.0157006 0.660979 9.9991E-05 0.0236147 0.179714
0.0916395 0.0583674 0.657529 0.0558139 0.130643 0.00600673
0.112945 0.0211931 0.568761 0.0353724 0.214797 0.046931
0.118639 0.0392941 0.683039 0.040698 0.107782 0.010548
0.673163 0.170185 0.0163677 0.0799202 0.0602641 9.9991E-05
9.9991E-05 0.0300986 0.0179252 0.178243 0.122455 0.651178
0.0508388 0.0331077 9.9991E-05 0.576619 0.0712281 0.268107
0.0139923 9.9982E-05 9.9982E-05 0.768853 0.124124 0.09283
9.9982E-05 0.00550816 0.0497517 0.769099 0.175441 9.9982E-05
0.0445466 0.00676259 0.0828049 0.85474 9.9991E-05 0.0110455
0.259093 0.0210335 0.375131 0.00224461 0.154686 0.187812
0.241949 0.0351403 0.508402 0.0073711 0.163743 0.0433946
0.144244 0.0802695 0.67596 9.9991E-05 0.0632824 0.0361434
0.248381 0.0513881 0.459401 9.9991E-05 0.211755 0.0289744
