0.17919 9.9982E-05 0.82061 9.9982E-05
0.14258 0.00841463 0.848906 9.9991E-05
0.218058 0.016719 0.756314 0.00890855
0.0561653 0.00887317 0.920635 0.0143268
0.123668 0.00962338 0.837553 0.0291557
0.0325889 0.00531429 0.934837 0.0272594
0.146332 9.9991E-05 0.81853 0.0350381
9.9982E-05 0.0405245 0.959276 9.9982E-05
0.282918 0.0226015 0.628638 0.0658418
0.235209 0.0398035 0.666269 0.0587187
0.0871232 0.068487 0.671607 0.172783
0.267255 0.0170456 0.638313 0.0773857
0.0836073 0.0423982 0.528571 0.345423
0.265875 0.00894335 0.62943 0.0957524
0.274679 0.0355967 0.652515 0.0372089
0.193981 0.00435967 0.801559 9.9991E-05
0.321141 9.9982E-05 0.678659 9.9982E-05
0.126232 0.0181302 0.855538 9.9991E-05
0.591089 0.062395 0.168992 0.177524
0.779876 9.9991E-05 0.202378 0.017646
0.733963 0.0253245 0.22746 0.0132525
0.93428 0.0123404 9.9991E-05 0.0532795
0.949829 0.0499711 9.9982E-05 9.9982E-05
0.893404 0.0337279 0.061973 0.010895
0.797954 9.9991E-05 0.193799 0.00814692
0.978935 0.00206922 0.0188955 9.9991E-05
0.902153 0.0251118 9.9991E-05 0.0726352
0.939346 0.0141463 9.9991E-05 0.0464081
0.9997 9.998E-05 9.998E-05 9.998E-05
0.871568 0.0170321 0.0337211 0.077679
0.945204 0.00439841 9.9991E-05 0.0502977
0.902261 0.0284109 0.0597496 0.00957842
0.886022 0.0581514 0.055727 9.9991E-05
0.220831 0.0756925 0.669021 0.0344553
0.271866 0.00525237 0.722781 9.9991E-05
0.138896 0.00578276 0.796344 0.0589771
0.10181 0.0452529 0.831909 0.0210284
0.154674 0.00644507 0.7075 0.131381
9.998E-05 0.9997 9.998E-05 9.998E-05
0.831811 0.0285827 0.0577318 0.0818748
0.259981 9.9991E-05 0.655208 0.0847116
0.199596 0.0120327 0.788272 9.9991E-05
0.298006 0.0236008 0.491273 0.18712
0.138107 0.086376 0.456193 0.319324
0.108775 0.0156123 0.570989 0.304623
9.998E-05 0.9997 9.998E-05 9.998E-05
0.253504 0.072029 0.607849 0.0666183
0.177623 9.9991E-05 0.597596 0.22468
0.426184 0.0597392 0.395698 0.118379
0.0715551 0.0343472 0.0204289 0.873669
0.0370862 0.0135604 0.0293086 0.920045
0.0428899 0.00729195 0.0761055 0.873713
0.0273327 0.0615724 0.103554 0.807541
0.0844026 0.0459178 9.9991E-05 0.86958
0.121001 9.9982E-05 9.9982E-05 0.878799
9.9982E-05 9.9982E-05 0.199965 0.799835
0.0407654 0.0269077 0.0342898 0.898037
0.0349932 0.0389784 9.9991E-05 0.925928
9.9991E-05 0.0295616 0.110245 0.860093
9.9991E-05 0.049781 0.232401 0.717718
0.0984859 9.9982E-05 9.9982E-05 0.901314
0.101085 0.000225782 0.140548 0.758142
0.0735968 0.0857503 0.310008 0.530644
0.837138 0.027774 0.0947985 0.04029
0.809248 0.0297705 0.0913169 0.0696647
0.923686 0.0214642 0.05475 9.9991E-05
0.0970159 0.01771 0.104218 0.781056
0.0146366 0.0758453 0.192532 0.716986
0.0329215 0.0161406 0.104886 0.846051
9.9991E-05 0.0534283 0.101982 0.844489
9.9991E-05 0.0458955 0.0464323 0.907572
9.9991E-05 0.0211982 0.637233 0.341469
0.0443691 0.0180252 0.618583 0.319023
0.0245815 0.00351101 0.603101 0.368806
0.0806186 0.0528943 0.53367 0.332818
0.14374 0.057825 0.497623 0.300812
0.058537 0.0383431 0.575362 0.327758
0.101244 0.0400307 0.565776 0.29295
9.9982E-05 9.9982E-05 0.194484 0.805316
0.05551 0.150002 0.210307 0.584182
0.112259 0.016722 0.0436854 0.827334
0.0869955 0.0520069 9.9991E-05 0.860898
9.9991E-05 0.0487311 0.19529 0.755879
0.814044 0.0332175 0.0811127 0.0716257
0.134989 0.00584235 0.4047 0.454469
9.9991E-05 0.00837024 0.563525 0.428005
9.998E-05 0.9997 9.998E-05 9.998E-05
0.173732 0.00274227 0.823426 9.9991E-05
0.166358 0.0454632 0.788079 9.9991E-05
0.200906 0.048552 0.730482 0.0200602
0.263387 0.0214067 0.602439 0.112767
0.122797 9.9991E-05 0.850446 0.0266564
0.0584056 9.9991E-05 0.510884 0.43061
0.5927 0.0412478 0.294229 0.0718229
9.9991E-05 0.109365 0.488038 0.402496
0.28259 0.0459642 0.503949 0.167497
0.254109 9.9982E-05 0.745691 9.9982E-05
0.115878 9.9991E-05 0.880661 0.00336076
0.183007 9.9991E-05 0.775135 0.0417589
0.0619772 0.0238351 0.811533 0.102655
0.0488503 0.0132871 0.917521 0.0203415
0.116837 0.0190438 0.864019 9.9991E-05
0.0741308 0.00826802 0.459237 0.458364
0.157658 0.050993 0.432646 0.358702
0.0299519 0.0967499 0.463509 0.409789
0.271784 0.00749418 0.567351 0.15337
0.161311 9.9991E-05 0.573708 0.264881
0.5028 9.9991E-05 0.466556 0.0305439
9.9991E-05 0.0189468 0.176754 0.804199
0.00758331 0.0175351 0.132793 0.842089
0.197414 9.9991E-05 0.415483 0.387003
0.180145 0.0476244 0.439873 0.332358
0.286262 0.0560944 0.339644 0.318
0.803134 9.9991E-05 0.180923 0.0158426
0.106717 0.0511947 0.0545674 0.787521
0.0206546 9.9991E-05 0.160139 0.819107
9.9982E-05 9.9982E-05 0.35139 0.64841
0.5519 0.0663292 0.372241 0.00952929
0.277851 9.9991E-05 0.704223 0.0178268
0.0188213 0.0340408 0.906941 0.0401963
0.104955 9.9991E-05 0.803661 0.0912834
0.445378 9.9982E-05 0.554422 9.9982E-05
0.241852 0.0214971 0.73495 0.00170018
0.215337 9.9982E-05 0.784463 9.9982E-05
0.0502844 0.0092045 0.894983 0.0455283
0.425809 9.9991E-05 0.546152 0.0279394
0.175593 0.00519981 0.819107 9.9991E-05
0.27365 0.0551797 0.67107 9.9991E-05
0.179621 9.9982E-05 0.820179 9.9982E-05
0.288961 0.00423321 0.597686 0.10912
0.111197 0.0536259 0.829497 0.00568059
0.287084 0.0174686 0.664015 0.0314327
0.142803 9.9991E-05 0.843251 0.0138455
0.91392 9.9982E-05 0.0858798 9.9982E-05
0.919742 9.9982E-05 0.0800585 9.9982E-05
0.951591 0.0482089 9.9982E-05 9.9982E-05
0.852968 0.0207164 0.0402823 0.0860333
0.866512 0.00773371 0.0477548 0.0779994
0.0478975 0.00963988 0.827895 0.114568
0.15351 0.0371961 0.809194 9.9991E-05
9.998E-05 9.998E-05 9.998E-05 0.9997
0.0718346 0.0487384 0.0477236 0.831703
0.0130973 0.0111821 0.0413468 0.934374
0.0441888 9.9991E-05 0.173011 0.7827
9.9991E-05 0.0255908 0.0341328 0.940176
0.14149 0.0080733 9.9991E-05 0.850336
9.9982E-05 0.0377103 9.9982E-05 0.96209
0.0820469 0.00750161 9.9991E-05 0.910351
0.109294 9.9982E-05 9.9982E-05 0.890506
0.0733846 0.0265585 0.00450963 0.895547
9.9991E-05 0.0500952 0.0768643 0.87294
0.118598 0.0386539 0.0206476 0.8221
0.0523368 0.0254527 0.114598 0.807612
0.045458 0.0326745 9.9991E-05 0.921768
9.9991E-05 0.0342598 0.0496681 0.915972
9.9991E-05 0.0445143 0.0137662 0.941619
0.0373938 0.0370869 0.0119021 0.913617
0.0641179 9.9991E-05 0.551723 0.384059
0.0562979 0.0322665 0.703511 0.207925
9.9982E-05 9.9982E-05 0.094845 0.904955
0.00164697 0.0149938 0.255121 0.728238
0.0516531 0.000170713 9.9991E-05 0.948076
0.0307262 9.9991E-05 0.616301 0.352873
0.0121212 0.0209701 0.966809 9.9991E-05
0.238198 0.0315264 0.730176 9.9991E-05
0.523409 9.9991E-05 0.425007 0.0514842
0.607134 0.0160536 0.343056 0.0337559
0.875473 0.00189534 0.0647938 0.0578379
0.889002 9.9991E-05 0.0581612 0.0527366
0.820578 9.9982E-05 0.179222 9.9982E-05
0.90673 0.0321119 0.059391 0.00176756
0.821624 0.0289191 0.0359834 0.113473
0.842853 0.042483 0.0323423 0.0823215
0.193973 0.010512 0.795415 9.9991E-05
0.0941824 0.0795871 0.786963 0.0392675
9.9991E-05 0.0596599 0.920935 0.0193054
9.9982E-05 9.9982E-05 0.982224 0.0175756
9.9982E-05 0.0461817 0.953618 9.9982E-05
9.9991E-05 0.000946475 0.918425 0.0805289
0.258894 0.0218591 0.699249 0.0199977
0.235412 0.0172019 0.675426 0.0719601
0.154076 0.0731583 0.772666 9.9991E-05
0.154553 0.0249695 0.736765 0.083713
0.163279 0.0544355 0.75135 0.0309356
0.781078 0.113376 0.0389792 0.0665665
0.0621414 0.0362297 0.0721321 0.829497
0.102172 0.0561049 9.9991E-05 0.841623
0.00420119 0.00435604 0.025328 0.966115
9.9991E-05 0.00977576 0.188971 0.801154
0.134113 0.00367901 0.0306749 0.831533
0.322956 0.0383322 0.476591 0.162121
0.29643 0.0517047 0.635105 0.0167596
0.105885 0.0836344 0.81038 9.9991E-05
0.336375 0.0363422 0.597055 0.0302275
