9.9991E-05 0.132078 0.695356 0.155716 0.01675
9.999E-05 0.123929 0.746897 0.103423 0.0256507
0.016641 0.174966 0.595571 0.212722 9.9991E-05
0.00748107 0.170785 0.808045 9.9991E-05 0.0135889
0.103589 9.9991E-05 0.885731 0.00539693 0.00518355
0.0390324 0.121992 0.838776 9.9982E-05 9.9982E-05
0.0710348 0.103688 0.801438 0.0237396 9.9991E-05
9.9982E-05 0.168826 0.796371 9.9982E-05 0.0346024
0.106655 0.00820157 0.617141 0.243684 0.0243182
9.999E-05 0.27324 0.503083 0.1923 0.0312772
0.0739127 0.47822 0.272569 0.117633 0.0576649
0.0418474 0.213979 0.54019 0.170743 0.0332399
9.9982E-05 0.901007 9.9982E-05 0.0414137 0.0573791
0.061025 0.233369 0.478941 0.226565 9.9991E-05
0.0863419 9.9991E-05 0.784686 0.114404 0.014468
9.999E-05 0.193654 0.77121 0.0279107 0.0071254
0.0065382 0.0583155 0.689967 0.245079 9.9991E-05
9.9982E-05 9.9982E-05 0.909914 0.0785364 0.01135
0.111546 0.193394 0.0893862 0.529614 0.0760596
9.999E-05 0.158425 0.128298 0.706562 0.0066145
9.999E-05 0.0455818 0.261305 0.665592 0.0274219
0.0369777 0.0844467 0.0179788 0.842013 0.0185834
9.9982E-05 0.000274528 9.9982E-05 0.957964 0.0415614
0.029093 9.9991E-05 0.104268 0.817933 0.0486059
9.9982E-05 0.145156 0.225685 0.628959 9.9982E-05
9.9982E-05 9.9982E-05 0.0829868 0.908657 0.00815593
0.0824661 9.9982E-05 9.9982E-05 0.870907 0.0464271
0.0918001 9.9982E-05 9.9982E-05 0.888413 0.0195872
0.0439984 9.9982E-05 0.0111079 0.944694 9.9982E-05
0.0870912 9.9982E-05 0.0346804 0.878028 9.9982E-05
0.0117516 0.0671146 0.0106069 0.892448 0.018079
0.0188835 9.9991E-05 0.0694748 0.862314 0.0492274
9.9991E-05 0.0893143 0.00840957 0.833309 0.0688672
9.9991E-05 0.251332 0.554706 0.126164 0.0676983
0.0355676 9.9991E-05 0.652364 0.306508 0.0054605
0.0978595 0.0255847 0.790768 0.0798841 0.00590359
9.9982E-05 0.297807 0.682785 9.9982E-05 0.0192079
0.0534467 0.373121 0.450534 0.122799 9.9991E-05
9.997E-05 9.997E-05 9.997E-05 9.997E-05 0.9996
9.9982E-05 0.202745 9.9982E-05 0.769759 0.0272955
0.1521 9.9991E-05 0.740678 0.100657 0.00646456
9.9982E-05 0.241421 0.619539 0.138839 9.9982E-05
0.10774 0.33333 0.23399 0.303841 0.0210986
0.103339 0.63399 0.074599 0.128347 0.0597244
9.9973E-05 0.921781 9.9973E-05 0.0779187 9.9973E-05
9.997E-05 9.997E-05 9.997E-05 9.997E-05 0.9996
9.9991E-05 0.341552 0.409616 0.167586 0.0811468
0.0211917 0.645427 0.205914 0.127368 9.9991E-05
0.115035 0.166537 0.318203 0.361723 0.0385029
0.75882 0.210068 0.00640944 9.9991E-05 0.0246034
0.780728 0.201318 9.9982E-05 9.9982E-05 0.0177538
0.811897 9.9982E-05 0.183852 0.00405009 9.9982E-05
0.775277 0.111629 0.0557327 0.00420582 0.0531559
0.842308 9.9991E-05 0.0388969 0.0794319 0.039263
0.860352 0.0425506 0.0465133 0.0504837 9.9991E-05
0.747588 9.9973E-05 0.252112 9.9973E-05 9.9973E-05
0.79657 0.18674 9.9982E-05 9.9982E-05 0.0164901
0.829595 0.0419632 9.9991E-05 0.108201 0.0201402
0.784063 0.0655283 0.103236 9.9991E-05 0.0470732
0.626853 0.222697 0.118516 9.9991E-05 0.0318346
0.836893 0.00963723 9.9982E-05 0.15327 9.9982E-05
0.714702 0.181012 0.0390165 0.0651695 9.9991E-05
0.321386 0.595527 0.00221405 9.9991E-05 0.0807726
0.0709646 9.9991E-05 0.0991335 0.795951 0.0338509
0.0266291 0.00634943 0.075495 0.85025 0.0412767
9.9982E-05 9.9982E-05 0.11481 0.86196 0.0230298
0.684711 0.18724 0.093456 0.0133254 0.0212674
0.533135 0.377298 0.0184625 9.9991E-05 0.0710049
0.680753 0.207596 0.0862103 0.0119743 0.0134664
0.725214 0.227179 9.9982E-05 9.9982E-05 0.0474076
0.825848 9.9991E-05 0.122591 0.00560996 0.0458512
0.101302 0.717525 0.157176 9.9991E-05 0.0238972
0.0678247 0.804623 0.102168 0.0124174 0.0129676
0.0925986 0.798356 0.0878597 9.9991E-05 0.0210857
9.9973E-05 0.973955 9.9973E-05 9.9973E-05 0.0257448
9.9991E-05 0.861458 0.0079807 0.0951135 0.0353474
0.0132125 0.925681 9.9991E-05 0.0375942 0.0234119
0.000103602 0.817368 0.0512381 0.0943138 0.0369768
0.629066 0.359294 0.0114402 9.9982E-05 9.9982E-05
0.467596 0.246143 0.137034 9.9991E-05 0.149127
0.688565 0.210094 9.9991E-05 0.0561325 0.045108
0.781079 0.0609498 9.9991E-05 0.104577 0.0532941
0.705376 0.0940142 0.165942 9.9991E-05 0.0345682
0.0612179 0.103273 0.106783 0.710239 0.0184867
0.29467 0.529462 0.0792367 0.0965311 9.9991E-05
0.131458 0.868242 9.9973E-05 9.9973E-05 9.9973E-05
9.997E-05 9.997E-05 9.997E-05 9.997E-05 0.9996
9.9982E-05 0.16098 0.619327 0.219493 9.9982E-05
9.9991E-05 0.0890492 0.741404 0.125309 0.0441379
9.9991E-05 0.240184 0.588344 0.14605 0.0253222
0.065644 0.279445 0.355341 0.266298 0.0332708
0.0711318 0.0328919 0.849133 0.0467435 9.9991E-05
0.20664 0.777971 9.9982E-05 0.0151889 9.9982E-05
0.0468759 0.172495 0.251598 0.512918 0.0161132
0.215032 0.597342 0.108997 9.9991E-05 0.0785287
0.0446805 0.393113 0.2425 0.274252 0.0454549
9.9991E-05 0.069095 0.75431 0.171101 0.00539365
9.9982E-05 0.300968 0.649193 0.0496388 9.9982E-05
9.9982E-05 0.378315 0.486805 0.13468 9.9982E-05
0.0137589 0.292686 0.526386 0.131662 0.035507
9.9982E-05 0.467133 0.524004 9.9982E-05 0.00866362
9.9982E-05 0.293372 0.639494 0.066934 9.9982E-05
0.232963 0.652658 0.0725433 0.0163178 0.0255183
0.17413 0.517942 0.140265 0.0974182 0.0702445
0.164637 0.716843 0.0366055 9.9991E-05 0.0818143
9.9991E-05 0.641252 0.121957 0.193799 0.0428921
0.0793714 0.559933 0.183899 0.176696 9.9991E-05
0.0545811 0.0827342 0.391372 0.471212 9.9991E-05
0.806174 9.9973E-05 0.193526 9.9973E-05 9.9973E-05
0.770497 0.133379 9.9991E-05 0.0755184 0.0205057
0.217731 0.57961 9.9991E-05 0.17504 0.0275196
0.123847 0.568865 0.132491 0.130031 0.0447673
0.141091 0.474075 0.0129479 0.308505 0.063382
9.9973E-05 0.30035 9.9973E-05 0.69935 9.9973E-05
0.601454 0.319156 9.9991E-05 0.0317263 0.0475631
0.645152 0.353781 9.9982E-05 0.000867059 9.9982E-05
0.454616 0.466574 0.0786097 9.9982E-05 9.9982E-05
0.0737692 0.0545754 0.418801 0.406226 0.0466283
0.0771091 9.9991E-05 0.64442 0.27112 0.00725038
0.0745811 0.127203 0.782911 9.9991E-05 0.0152048
0.155198 9.9982E-05 0.789527 0.0550753 9.9982E-05
0.0300953 9.9982E-05 0.574447 0.395258 9.9982E-05
0.0249742 0.126463 0.72944 0.104781 0.014342
9.9982E-05 0.150372 0.701992 0.147436 9.9982E-05
0.0911595 9.9982E-05 0.88596 9.9982E-05 0.0226806
0.0313524 0.102617 0.518175 0.347756 9.9991E-05
0.0220243 0.0699756 0.798658 0.0945897 0.0147522
9.9991E-05 0.228905 0.598701 0.141758 0.0305358
9.9982E-05 0.189477 0.803739 9.9982E-05 0.00658409
0.0978497 0.100052 0.581542 0.220457 9.9991E-05
0.0646264 0.078369 0.821689 9.9991E-05 0.0352158
0.000879427 0.29813 0.39539 0.292291 0.0133099
0.0413087 0.0920119 0.751231 0.113242 0.00220629
9.9973E-05 0.140386 9.9973E-05 0.859314 9.9973E-05
9.9982E-05 0.0396303 0.0157976 0.944372 9.9982E-05
9.9973E-05 9.9973E-05 9.9973E-05 0.968329 0.0313714
0.106575 9.9982E-05 0.0940973 0.799128 9.9982E-05
0.0205334 0.118829 9.9991E-05 0.819778 0.0407602
0.0324134 0.352518 0.589049 9.9991E-05 0.0259203
9.9991E-05 0.194993 0.668043 0.112101 0.0247635
0.957364 0.0374152 9.9982E-05 9.9982E-05 0.0050212
0.822987 0.0165163 0.0444333 0.0925397 0.0235234
0.86913 9.9982E-05 0.0805831 0.0500874 9.9982E-05
0.624781 0.314246 9.9982E-05 0.0607734 9.9982E-05
0.86281 9.9982E-05 0.085379 9.9982E-05 0.0516109
0.821861 0.0269057 9.9991E-05 0.143508 0.00762523
0.88046 0.0697355 0.0405787 9.9991E-05 0.009126
0.83966 0.0625769 9.9982E-05 0.097563 9.9982E-05
0.837479 0.0790208 9.9991E-05 0.0825792 0.000820531
0.852366 0.0757278 9.9991E-05 0.0457477 0.0260584
0.82679 0.0754108 0.0589987 9.9991E-05 0.0387005
0.768362 0.0942152 0.0922037 9.9991E-05 0.0451189
0.760194 0.0739139 0.131248 0.0256445 0.00899967
0.901655 0.00135841 9.9982E-05 0.0967868 9.9982E-05
0.814891 0.176231 9.9991E-05 0.00642383 0.00235452
0.883589 9.9982E-05 0.0869787 9.9982E-05 0.0292319
0.882217 0.0138363 9.9991E-05 0.0903079 0.0135389
0.13563 0.796777 0.0378529 0.0292032 0.000536985
9.9982E-05 0.911637 0.0848247 0.00333848 9.9982E-05
0.843887 0.122189 0.0337248 9.9982E-05 9.9982E-05
0.70107 0.0361211 0.226907 9.9991E-05 0.0358023
0.870446 0.115125 9.9982E-05 0.0142292 9.9982E-05
0.0699402 0.829895 0.0936411 9.9991E-05 0.00642327
0.027368 0.067277 0.892504 9.9991E-05 0.0127515
9.9982E-05 9.9982E-05 0.712453 0.256866 0.0304814
0.0345302 0.200343 0.324729 0.440298 9.9991E-05
9.9982E-05 0.102758 0.276599 0.620443 9.9982E-05
9.9982E-05 0.18065 9.9982E-05 0.793214 0.0259356
0.075595 9.9982E-05 0.0617298 0.862475 9.9982E-05
9.9991E-05 0.104657 0.108177 0.767033 0.0200336
0.0178425 0.0998733 0.106356 0.75783 0.0180983
0.0338388 0.214305 9.9991E-05 0.691829 0.0599275
0.0832294 9.9991E-05 0.108814 0.751005 0.0568509
0.0565616 0.0368323 0.770438 0.136068 9.9991E-05
0.0898872 0.0328014 0.767903 0.0694155 0.0399924
0.0081944 0.23595 0.710293 9.9991E-05 0.0454626
9.99731E-05 0.367586 0.632114 9.99731E-05 9.99731E-05
9.9982E-05 0.340389 0.647277 9.9982E-05 0.0121335
9.9973E-05 0.545453 0.454248 9.9973E-05 9.9973E-05
9.9991E-05 0.203765 0.571531 0.208988 0.0156163
0.0776052 0.154333 0.625632 0.140893 0.00153675
0.0146588 0.180396 0.662613 0.107125 0.0352079
0.0440032 0.219697 0.570753 0.165446 9.9991E-05
0.0355351 0.137808 0.631518 0.14132 0.0538199
0.0778911 0.0431442 0.113962 0.632003 0.133
0.74689 0.215697 0.0127373 0.0206488 0.00402625
0.795983 0.0490804 9.9991E-05 0.0899262 0.0649105
0.829663 0.147053 9.9982E-05 0.0230841 9.9982E-05
0.736063 0.0934902 0.148611 9.9991E-05 0.0217353
0.787429 9.9991E-05 0.0852295 0.100504 0.0267372
0.10777 0.150719 0.359694 0.342016 0.0398008
9.9991E-05 0.194988 0.472098 0.289732 0.0430818
0.0379165 9.9991E-05 0.790632 0.115716 0.0556358
9.9991E-05 0.320884 0.430024 0.211556 0.0374357
