0.79141 0.0143756 0.179559 0.0146552
0.830597 9.9991E-05 0.121152 0.0481508
0.705194 9.9991E-05 0.267442 0.027264
0.863362 0.0254264 0.0898484 0.021363
0.899294 0.0348486 0.0527574 0.0130997
0.937494 0.0581101 9.9991E-05 0.00429546
0.897438 0.0270244 0.0754371 9.9991E-05
0.893461 9.9991E-05 0.042268 0.0641709
0.627055 0.094694 0.270701 0.00754934
0.683036 0.0316381 0.261 0.0243261
0.687519 0.205606 0.0431483 0.063727
0.629958 0.0521786 0.29473 0.0231335
0.515085 0.327832 0.121804 0.0352792
0.593696 0.103036 0.299212 0.00405581
0.636425 0.050326 0.24374 0.069509
0.816091 9.9991E-05 0.145067 0.0387416
0.68181 0.00284611 0.315244 9.9991E-05
0.827001 9.9991E-05 0.157262 0.0156377
0.170424 0.177406 0.591312 0.0608581
0.233711 0.0322656 0.733923 9.9991E-05
0.250189 0.000514634 0.729289 0.0200081
0.0276022 0.0723984 0.885262 0.0147376
9.9982E-05 9.9982E-05 0.946676 0.0531237
0.101849 0.0235746 0.830852 0.0437241
0.254162 9.9982E-05 0.745638 9.9982E-05
0.018045 9.9991E-05 0.967151 0.0147039
9.9991E-05 0.0511626 0.905344 0.0433937
9.9991E-05 0.0860254 0.880293 0.0335814
9.998E-05 9.998E-05 0.9997 9.998E-05
0.0121349 0.0648382 0.922927 9.9991E-05
9.9991E-05 0.0390154 0.956034 0.00485021
0.00501763 0.0361392 0.923339 0.0355044
0.0504612 9.9991E-05 0.866642 0.0827972
0.728264 0.0063608 0.167203 0.0981719
0.659708 9.9982E-05 0.340092 9.9982E-05
0.728164 0.0881888 0.183547 9.9991E-05
0.870511 0.0308279 0.0569336 0.0417274
0.677063 0.12697 0.178711 0.0172551
9.998E-05 9.998E-05 9.998E-05 0.9997
0.0713503 0.0456298 0.847801 0.0352187
0.68204 0.130406 0.187454 9.9991E-05
0.797578 9.9982E-05 0.202222 9.9982E-05
0.495534 0.158403 0.321359 0.0247045
0.482192 0.311773 0.143525 0.062509
0.628547 0.284012 0.0563798 0.0310614
9.998E-05 9.998E-05 9.998E-05 0.9997
0.615171 0.0793111 0.241389 0.0641282
0.583966 0.240584 0.17535 9.9991E-05
0.479788 0.122029 0.3656 0.0325833
0.0891318 0.858277 0.0205511 0.0320399
9.9991E-05 0.909212 0.0417051 0.0489824
0.0970049 0.873019 0.0298759 9.9991E-05
0.14294 0.770482 9.9991E-05 0.086478
9.9991E-05 0.854577 0.0899566 0.0553666
0.0193963 0.924467 0.0560363 9.9991E-05
0.206114 0.793686 9.9982E-05 9.9982E-05
0.0108787 0.907856 0.048767 0.0324978
9.9991E-05 0.916754 0.0731193 0.0100271
0.112396 0.817543 9.9991E-05 0.0699607
0.269903 0.693801 9.9991E-05 0.0361957
9.9982E-05 0.902439 0.0973608 9.9982E-05
0.165283 0.782518 0.0486449 0.00355396
0.356871 0.539272 0.0529737 0.0508834
0.088445 0.0475521 0.833767 0.0302361
0.125776 0.024673 0.823934 0.0256162
0.103806 9.9991E-05 0.87172 0.0243743
0.12982 0.821419 0.0249714 0.0237889
0.237477 0.692238 9.9991E-05 0.0701854
0.0740941 0.806881 0.0910858 0.0279395
0.0566592 0.822096 0.0536561 0.0675883
0.0250842 0.879039 0.0253191 0.0705578
0.635813 0.337743 9.9991E-05 0.0263439
0.595156 0.312063 0.0662114 0.0265701
0.622993 0.346844 0.0253081 0.00485421
0.590496 0.318753 0.0604483 0.0303024
0.501458 0.27515 0.167881 0.0555119
0.568797 0.343981 0.0473507 0.0398715
0.56742 0.254645 0.151363 0.0265723
0.248165 0.751635 9.9982E-05 9.9982E-05
0.239741 0.602986 0.0106744 0.146599
0.0246964 0.800441 0.139214 0.0356482
9.9991E-05 0.840545 0.0899345 0.0694201
0.168563 0.791928 9.9991E-05 0.0394092
0.179252 0.0908082 0.697037 0.0329031
0.334886 0.476839 0.188175 9.9991E-05
0.562656 0.437144 9.9982E-05 9.9982E-05
9.998E-05 9.998E-05 9.998E-05 0.9997
0.79809 9.9982E-05 0.20171 9.9982E-05
0.730853 9.9991E-05 0.236961 0.0320852
0.653443 0.0516426 0.22607 0.0688451
0.523484 0.151654 0.293781 0.031081
0.848557 0.0280128 0.12333 9.9991E-05
0.472002 0.44141 0.0864879 9.9991E-05
0.279188 0.0348656 0.643803 0.0421433
0.469492 0.411061 9.9991E-05 0.119347
0.485447 0.179222 0.299792 0.035539
0.751525 9.9991E-05 0.237155 0.0112199
0.89337 0.0123423 0.0924187 0.00186886
0.743491 0.0612873 0.195121 9.9991E-05
0.884981 0.0969789 0.00501336 0.0130268
0.873094 0.0112463 0.076952 0.0387074
0.869226 9.9991E-05 0.107748 0.0229264
0.441888 0.474011 0.0479064 0.0361942
0.505055 0.321896 0.0841092 0.0889397
0.451554 0.407251 0.0460074 0.0951879
0.604302 0.0879216 0.285483 0.0222942
0.562137 0.231466 0.206298 9.9991E-05
0.457878 0.0558276 0.486195 9.9991E-05
0.119122 0.81519 0.0408948 0.0247937
0.0519409 0.845116 0.061602 0.0413413
0.401338 0.390577 0.204335 0.00375005
0.458973 0.347844 0.158609 0.0345745
0.330308 0.285382 0.311388 0.0729214
0.157047 0.0690351 0.773818 9.9991E-05
0.037296 0.766954 0.130205 0.0655453
0.160849 0.779765 0.0592856 9.9991E-05
0.320215 0.679585 9.9982E-05 9.9982E-05
0.380658 0.0692488 0.484143 0.0659507
0.659571 0.0528846 0.280409 0.00713496
0.807736 0.0695814 0.0792566 0.0434258
0.747528 0.102145 0.150227 9.9991E-05
0.564626 9.9982E-05 0.435174 9.9982E-05
0.717642 9.9991E-05 0.275622 0.0066356
0.813411 0.017211 0.163134 0.00624437
0.886124 0.047189 0.0511825 0.0155045
0.585888 0.00877838 0.405234 9.9991E-05
0.806329 0.0233385 0.168244 0.002089
0.691326 9.9991E-05 0.270444 0.0381302
0.820453 9.9991E-05 0.164791 0.0146563
0.541302 0.143048 0.304533 0.0111161
0.792022 0.0775825 0.0906864 0.0397087
0.653421 0.0571395 0.283032 0.00640673
0.837225 0.0510233 0.105865 0.00588645
0.0394356 9.9982E-05 0.960364 9.9982E-05
9.998E-05 9.998E-05 0.9997 9.998E-05
9.9982E-05 9.9982E-05 0.95919 0.0406105
0.0559764 0.0970955 0.846397 0.000531406
0.0488485 0.053864 0.872419 0.0248689
0.898729 0.0853311 9.9991E-05 0.0158403
0.76384 9.9991E-05 0.204111 0.031949
9.998E-05 0.9997 9.998E-05 9.998E-05
0.0352778 0.87353 0.0643282 0.0268635
0.0412375 0.922731 0.0239827 0.0120486
0.105454 0.770615 0.123831 9.9991E-05
0.00935776 0.955092 9.9991E-05 0.0354504
9.9982E-05 0.838787 0.161013 9.9982E-05
0.0414954 0.932055 9.9991E-05 0.0263493
9.9991E-05 0.920207 0.0717276 0.00796501
0.0450647 0.915121 0.0375561 0.00225822
9.9991E-05 0.888804 0.0890734 0.0220224
0.0370394 0.91964 0.00277474 0.0405456
0.00988354 0.833644 0.120905 0.0355671
0.0850545 0.820572 0.0627358 0.0316381
9.9991E-05 0.903705 0.0848153 0.0113792
0.0570704 0.903371 0.0104021 0.0291562
0.00713922 0.942204 9.9991E-05 0.0505569
9.9991E-05 0.925325 0.0566127 0.0179628
0.567992 0.376082 0.0526423 0.00328394
0.731542 0.226408 0.0268358 0.0152147
0.0630808 0.936719 9.9982E-05 9.9982E-05
0.228267 0.751218 9.9991E-05 0.0204153
9.9982E-05 0.973704 0.026096 9.9982E-05
0.637306 0.358332 0.00426132 9.9991E-05
0.986484 9.9991E-05 0.00930138 0.00411418
0.706074 9.9991E-05 0.255471 0.0383557
0.435593 0.0354489 0.528858 9.9991E-05
0.32317 9.9991E-05 0.675039 0.00169066
0.1616 0.039523 0.798777 9.9991E-05
0.0222458 0.0495994 0.928055 9.9991E-05
0.193332 0.000470268 0.793642 0.0125558
0.150281 9.9991E-05 0.830687 0.0189316
9.9991E-05 0.0981466 0.843951 0.057802
9.9991E-05 0.0331135 0.877087 0.0897
0.812251 0.0158194 0.142538 0.0293917
0.788774 0.0786689 0.0631283 0.0694292
0.918856 9.9982E-05 9.9982E-05 0.0809445
0.95221 0.0368623 9.9991E-05 0.0108276
0.959332 0.0264334 9.9991E-05 0.014135
0.914896 0.0761687 0.00883491 9.9991E-05
0.70777 9.9991E-05 0.280546 0.0115842
0.616191 0.0926434 0.276762 0.0144041
0.73746 0.058733 0.15763 0.0461772
0.678608 0.0750433 0.241462 0.00488668
0.784029 0.00566005 0.172119 0.0381922
0.050765 0.102355 0.706792 0.140088
0.128595 0.851807 9.9991E-05 0.019498
9.9991E-05 0.867197 0.0840076 0.0486952
9.9991E-05 0.954296 0.0381515 0.00745275
0.10693 0.788509 0.0675765 0.0369844
9.9991E-05 0.877211 0.0847664 0.0379223
0.515625 0.157286 0.307942 0.0191467
0.621529 9.9991E-05 0.343623 0.0347483
0.736814 9.9991E-05 0.197264 0.065822
0.657484 9.9991E-05 0.297434 0.0449815
