0.0380066 0.0528012 0.73712 0.172072
0.0346758 9.9991E-05 0.863946 0.101279
0.0119559 9.9991E-05 0.797584 0.19036
0.0410201 0.0250149 0.905243 0.0287218
0.0114323 0.023015 0.892409 0.0731441
0.0278687 0.0376889 0.924327 0.0101152
9.999E-05 0.0521702 0.870351 0.0773784
0.0428766 9.9982E-05 0.956923 9.9982E-05
0.040118 0.0774401 0.692977 0.189465
0.0221825 0.0171739 0.737579 0.223065
0.0364978 0.2037 0.718815 0.0409874
0.0392782 0.0766062 0.667298 0.216818
0.0781307 0.32547 0.562304 0.0340954
9.999E-05 0.115074 0.684382 0.200443
0.0557364 0.0513655 0.692286 0.200612
0.00728813 0.0137851 0.859101 0.119825
0.0099073 0.00485285 0.708749 0.27649
0.0494063 9.9991E-05 0.894534 0.0559599
0.0740353 0.173634 0.164842 0.587489
9.9991E-05 0.035283 0.155563 0.809054
0.0280949 9.9991E-05 0.228194 0.743611
9.9991E-05 0.0603691 0.0460921 0.893439
0.0495763 9.9982E-05 9.9982E-05 0.950224
0.0546556 0.0232432 0.0843938 0.837707
9.9991E-05 0.0104187 0.205106 0.784375
0.00941856 9.9982E-05 9.9982E-05 0.990381
0.0269379 0.0522227 9.9991E-05 0.920739
0.036733 0.0476007 9.9991E-05 0.915566
0.00278517 0.023694 9.9991E-05 0.973421
9.9991E-05 0.0843947 0.0591155 0.85639
9.9991E-05 0.0442371 0.000407692 0.955255
0.0395771 0.0264879 0.0719687 0.861966
0.0470364 0.0187412 9.9991E-05 0.934122
0.0767397 0.0306507 0.688716 0.203894
0.000473053 0.00451125 0.678194 0.316822
0.00997036 0.0814014 0.752348 0.15628
0.0398005 0.0126542 0.885822 0.0617233
0.0223515 0.125443 0.714846 0.13736
0.9997 9.998E-05 9.998E-05 9.998E-05
0.0275818 0.0421541 0.0634101 0.866854
9.9991E-05 0.112328 0.66857 0.219002
0.0057706 9.9991E-05 0.765379 0.228751
0.0278274 0.202466 0.425762 0.343945
0.0432416 0.316169 0.46659 0.173999
0.01405 0.276007 0.578743 0.1312
0.9997 9.998E-05 9.998E-05 9.998E-05
0.0586405 0.0614184 0.632229 0.247712
9.9991E-05 0.231297 0.631884 0.136719
0.0536683 0.0953301 0.476413 0.374589
0.0431251 0.861077 9.9991E-05 0.0956983
0.0418421 0.884511 0.0640512 0.00959577
9.9991E-05 0.848668 0.149992 0.00124078
0.067391 0.82756 0.104949 9.9991E-05
0.0550693 0.882194 9.9991E-05 0.0626365
9.9982E-05 0.894835 9.9982E-05 0.104965
9.9982E-05 0.756975 0.242825 9.9982E-05
0.0290196 0.912611 9.9991E-05 0.0582692
0.0109255 0.880789 9.9991E-05 0.108186
0.0295444 0.847691 0.122664 9.9991E-05
0.0376868 0.722734 0.239479 9.9991E-05
9.9982E-05 0.87375 9.9982E-05 0.12605
9.9991E-05 0.790266 0.0810742 0.128559
0.0645086 0.55563 0.322885 0.0569763
0.0294648 0.0266357 0.110378 0.833522
0.049417 9.9991E-05 0.0936838 0.856799
0.0231187 9.9991E-05 0.059008 0.917773
0.0103304 0.799752 0.109059 0.0808591
0.109288 0.695178 0.187318 0.00821638
0.0176514 0.844437 0.080404 0.0575081
0.0721309 0.850509 0.0330429 0.0443168
0.0786291 0.889349 0.0140399 0.0179824
0.0183982 0.335891 0.645611 9.9991E-05
0.0232096 0.333691 0.594288 0.0488112
0.0385042 0.351793 0.599 0.0107027
0.0452444 0.353453 0.56255 0.0387527
0.0321692 0.252306 0.588985 0.12654
0.0463778 0.356629 0.563431 0.0335621
0.0314855 0.278743 0.583506 0.106266
9.9982E-05 0.761149 0.238651 9.9982E-05
0.146031 0.594483 0.259387 9.9991E-05
0.00997318 0.847913 0.0122361 0.129877
0.0563647 0.831991 9.9991E-05 0.111544
0.0271444 0.785386 0.18737 9.9991E-05
0.0240413 0.0591597 0.134184 0.782615
9.9991E-05 0.473005 0.342814 0.184081
9.9982E-05 0.409177 0.590623 9.9982E-05
0.9997 9.998E-05 9.998E-05 9.998E-05
9.9982E-05 9.9982E-05 0.77254 0.22726
0.0509571 9.9991E-05 0.759495 0.189448
0.0652425 0.00917457 0.768282 0.157301
0.0401361 0.134899 0.544119 0.280847
9.9991E-05 0.0810211 0.862975 0.0559042
9.9991E-05 0.478511 0.482695 0.0386941
0.0393093 0.0344582 0.290889 0.635343
0.104277 0.38843 0.482521 0.024772
0.0408496 0.164311 0.500581 0.294259
0.0224322 9.9991E-05 0.76982 0.207648
9.9991E-05 0.0254674 0.87879 0.095643
9.9982E-05 9.9982E-05 0.836336 0.163464
0.0159431 0.0937159 0.839954 0.0503868
0.0176306 0.0570764 0.872204 0.053089
0.0188512 9.9991E-05 0.88898 0.0920687
0.0107943 0.421745 0.466974 0.100487
0.0906036 0.358572 0.416326 0.134498
0.0745888 0.450539 0.436291 0.0385814
0.0192286 0.135046 0.609409 0.236317
9.9991E-05 0.285948 0.585521 0.128431
9.9991E-05 0.0379964 0.50245 0.459454
0.0302575 0.820207 0.149436 9.9991E-05
0.0521536 0.776861 0.115395 0.0555907
9.9991E-05 0.364843 0.426836 0.208221
0.05302 0.343672 0.484557 0.118751
0.0814456 0.321573 0.253588 0.343393
9.9991E-05 0.0037314 0.195286 0.800883
0.0572839 0.780356 0.0511144 0.111246
9.9991E-05 0.784878 0.178593 0.0364285
0.0129124 0.652984 0.334004 9.9991E-05
0.0574017 0.0449921 0.332029 0.565577
0.0159971 0.00623363 0.648974 0.328796
0.044192 0.0494623 0.873846 0.0324995
9.9991E-05 0.112657 0.805718 0.0815248
9.9982E-05 9.9982E-05 0.583397 0.416403
0.037875 9.9991E-05 0.724276 0.237749
0.00332605 0.0337736 0.77959 0.18331
0.0218101 0.0482728 0.897826 0.0320916
0.00944529 0.0426628 0.54653 0.401362
9.9982E-05 9.9982E-05 0.885593 0.114207
0.0402883 9.9991E-05 0.796735 0.162877
0.0241093 9.9991E-05 0.819462 0.156329
9.9991E-05 0.105112 0.548153 0.346635
0.0265717 0.0485059 0.852653 0.0722693
0.0182483 0.0426375 0.641784 0.29733
0.00418822 0.0254669 0.833682 0.136663
9.9991E-05 0.00526999 0.0704901 0.92414
9.9982E-05 9.9982E-05 0.0193051 0.980495
0.0316035 9.9982E-05 9.9982E-05 0.968197
0.0167513 0.0404004 0.125209 0.81764
9.9991E-05 0.0438588 0.044118 0.911923
0.0199007 0.142257 0.837742 9.9991E-05
0.0453386 9.9991E-05 0.793972 0.160589
9.998E-05 0.9997 9.998E-05 9.998E-05
0.0573588 0.871146 0.018924 0.0525714
0.0253269 0.949608 0.00588788 0.0191775
9.9991E-05 0.723214 0.261744 0.0149421
0.0394981 0.935435 0.0249671 9.9991E-05
9.9982E-05 0.846335 9.9982E-05 0.153465
0.0250776 0.947825 0.0269978 9.9991E-05
9.9982E-05 0.928214 9.9982E-05 0.0715865
9.9982E-05 0.909769 9.9982E-05 0.090031
9.9982E-05 0.916357 9.9982E-05 0.083443
0.0459152 0.914746 0.0392386 9.9991E-05
0.0231428 0.866623 0.0763383 0.033896
0.00209299 0.848826 0.0630499 0.0860312
0.0196173 0.951765 9.9991E-05 0.0285176
0.0267226 0.915852 0.0573253 9.9991E-05
0.0447888 0.903723 0.0513885 9.9991E-05
0.0249811 0.906219 0.00475944 0.0640405
9.9991E-05 0.397989 0.559541 0.0423701
9.9991E-05 0.23255 0.735651 0.0316993
9.9982E-05 0.969209 0.0305914 9.9982E-05
0.0263658 0.730208 0.243326 9.9991E-05
9.9982E-05 0.95362 9.9982E-05 0.0461796
9.9991E-05 0.382587 0.613165 0.00414811
0.0264446 9.9982E-05 0.973355 9.9982E-05
0.0281458 9.9991E-05 0.755615 0.216139
9.9991E-05 0.0493797 0.404733 0.545787
9.9991E-05 0.0227508 0.303293 0.673856
9.9991E-05 0.0518862 0.0550221 0.892992
9.9991E-05 0.0222495 0.047935 0.929716
9.9982E-05 9.9982E-05 0.19129 0.80851
0.0233153 9.9991E-05 0.117395 0.85919
0.0543641 0.100056 9.9991E-05 0.84548
0.04031 0.0732998 0.0138745 0.872516
0.0380952 0.000293045 0.826429 0.135183
0.0642796 0.063575 0.795711 0.0764341
0.0610575 0.0270429 0.9118 9.9991E-05
9.9982E-05 0.0224578 0.977342 9.9982E-05
0.0218187 0.0305205 0.947561 9.9991E-05
0.00359174 0.0859359 0.910372 9.9991E-05
0.0222728 0.00374677 0.742439 0.231541
0.023989 0.0847689 0.602239 0.289003
0.0573886 0.0195366 0.838959 0.0841162
0.0150734 0.0615587 0.704526 0.218842
0.0434856 0.0448011 0.761352 0.150361
0.141903 0.0800668 0.041761 0.736269
0.0101138 0.84336 0.122702 0.0238244
0.0465788 0.855598 9.9991E-05 0.0977232
9.9991E-05 0.957214 0.00328801 0.0393977
0.0149549 0.773523 0.174749 0.036773
0.0247744 0.859914 0.0594684 0.0558436
0.0383777 0.155049 0.50802 0.298553
0.0387397 9.9991E-05 0.601309 0.359851
0.0584463 9.9991E-05 0.805334 0.136119
0.0423212 0.0196636 0.648902 0.289113
