0.012982 0.668698 0.0136017 0.131697 9.9991E-05 0.13562 0.0373012
0.0214732 0.641657 0.130063 9.9982E-05 9.9982E-05 0.0438375 0.16277
0.0158618 0.704635 9.9973E-05 0.206435 9.9973E-05 0.0727684 9.9973E-05
0.0138027 0.603471 0.0126657 9.9982E-05 9.9982E-05 0.194678 0.175182
0.0153053 0.703356 9.9982E-05 0.0451531 0.0438264 9.9982E-05 0.19216
9.9982E-05 0.667538 9.9982E-05 0.0297489 0.0207737 0.10425 0.17749
9.999E-05 0.296197 0.0154547 0.0879798 0.0123969 0.143437 0.444435
0.039048 0.535405 0.0127321 9.9982E-05 9.9982E-05 0.143986 0.268629
0.0140643 0.144295 0.157124 9.9982E-05 0.0454927 9.9982E-05 0.638824
0.0241463 0.237791 0.102471 0.146694 9.9991E-05 0.221472 0.267325
0.0686042 0.162689 0.0958112 9.9991E-05 0.0712497 0.367734 0.233812
0.012186 0.178546 9.9991E-05 0.353843 0.00888615 0.15172 0.29472
0.0360748 9.9982E-05 0.148741 9.9982E-05 0.0651222 0.58863 0.161232
9.999E-05 0.0523873 0.00732189 0.264291 0.0592598 0.0424496 0.57419
0.0115276 0.240615 9.9982E-05 0.311296 0.0305804 9.9982E-05 0.405781
9.9973E-05 0.199404 0.209436 9.9973E-05 9.9973E-05 0.132588 0.458272
9.9982E-05 0.215583 0.0867647 0.145258 0.0155063 9.9982E-05 0.536687
0.0238092 0.552277 0.102171 9.9973E-05 9.9973E-05 9.9973E-05 0.321443
0.0605651 9.9991E-05 0.295444 0.30736 0.101753 0.118665 0.116112
9.9982E-05 0.0653703 0.113124 0.647162 9.9982E-05 0.120037 0.0541063
0.0100604 0.223092 0.6514 0.0279619 0.000755571 0.00898451 0.0777463
0.00305918 0.0788653 0.643631 0.185943 9.9982E-05 0.0883012 9.9982E-05
0.0316417 9.9955E-05 0.967858 9.9955E-05 9.9955E-05 9.9955E-05 9.9955E-05
0.0195258 0.143151 0.806551 0.0304721 9.9973E-05 9.9973E-05 9.9973E-05
9.9982E-05 0.106359 0.588988 0.112266 9.9982E-05 0.0445352 0.147652
9.9964E-05 0.0801785 0.551692 0.367729 9.9964E-05 9.9964E-05 9.9964E-05
0.0065353 9.9973E-05 0.449647 0.526136 0.0173816 9.9973E-05 9.9973E-05
0.0229344 9.9982E-05 0.794395 0.10454 0.0565834 9.9982E-05 0.0213474
9.9964E-05 0.114159 0.312289 0.573152 9.9964E-05 9.9964E-05 9.9964E-05
9.9973E-05 0.0146601 0.861197 0.0486686 0.0751748 9.9973E-05 9.9973E-05
0.00535515 9.9973E-05 0.691216 0.246735 9.9973E-05 9.9973E-05 0.0563936
0.0448045 9.9991E-05 0.709327 0.10423 0.0103228 0.0188419 0.112374
0.0315939 9.9982E-05 0.843215 0.0313198 0.0261326 9.9982E-05 0.067539
0.066364 0.363047 0.022809 0.182038 9.9991E-05 0.2241 0.141542
9.9973E-05 0.565183 0.0164801 0.238928 9.9973E-05 9.9973E-05 0.179109
9.9973E-05 0.327681 9.9973E-05 0.22702 0.0529854 9.9973E-05 0.392015
0.0121501 0.491104 9.9982E-05 0.196534 9.9982E-05 0.172179 0.127834
0.00598513 0.286447 0.164946 9.9991E-05 0.0437072 0.186765 0.31205
0.9994 9.995E-05 9.995E-05 9.995E-05 9.995E-05 9.995E-05 9.995E-05
0.00583877 9.9973E-05 0.391286 0.409803 9.9973E-05 0.192773 9.9973E-05
9.9982E-05 0.598961 0.138332 0.00595578 0.0946817 9.9982E-05 0.161869
0.0104486 0.491212 0.0401868 0.137633 9.9991E-05 0.213725 0.106694
9.9982E-05 0.207716 0.337049 9.9982E-05 0.0951714 0.276881 0.082982
0.0544312 0.0646425 0.0805045 0.0408847 0.0640919 0.679919 0.015526
0.000248745 0.0584274 0.105644 9.9973E-05 9.9973E-05 0.83538 9.9973E-05
0.9994 9.995E-05 9.995E-05 9.995E-05 9.995E-05 9.995E-05 9.995E-05
0.0469011 0.114068 0.0140787 0.177138 9.9991E-05 0.217157 0.430557
9.9982E-05 0.0108339 0.17519 9.9982E-05 0.125278 0.296676 0.391822
0.0299491 0.171348 0.0586343 0.393212 0.0574453 0.123589 0.165822
0.00824331 9.9991E-05 0.0631929 0.0568318 0.729288 0.0690735 0.0732704
0.0147553 9.9982E-05 0.0463702 9.9982E-05 0.726577 0.0596415 0.152456
9.9973E-05 0.0511129 0.0797391 9.9973E-05 0.746879 9.9973E-05 0.121969
0.0368186 9.9991E-05 0.04748 0.0109044 0.642756 0.157261 0.10468
0.0320181 9.9973E-05 9.9973E-05 0.130076 0.768483 9.9973E-05 0.069123
9.9964E-05 9.9964E-05 9.9964E-05 0.135373 0.750821 9.9964E-05 0.113406
9.9964E-05 0.12468 9.9964E-05 9.9964E-05 0.678881 9.9964E-05 0.196039
0.0114507 9.9973E-05 0.0296231 9.9973E-05 0.73362 9.9973E-05 0.225006
0.035957 9.9973E-05 0.163236 9.9973E-05 0.788134 0.0123731 9.9973E-05
0.0398482 0.099867 0.0640886 9.9982E-05 0.749049 9.9982E-05 0.0469471
0.0386435 0.0941173 9.9982E-05 9.9982E-05 0.603768 0.197072 0.0661991
9.9964E-05 9.9964E-05 0.191729 9.9964E-05 0.733719 0.0741526 9.9964E-05
0.0136537 0.0487605 9.9991E-05 0.150368 0.640324 0.122492 0.0243013
0.062298 9.9982E-05 0.0768657 9.9982E-05 0.339784 0.446586 0.0742664
0.0295037 9.9982E-05 0.8294 9.9982E-05 0.00459881 0.00901572 0.127282
0.0159487 0.20335 0.517115 0.243972 0.019414 9.9982E-05 9.9982E-05
0.0142191 0.0794924 0.668324 0.205981 9.9982E-05 9.9982E-05 0.0317837
0.0153751 9.9991E-05 0.0534379 0.044806 0.63756 0.108722 0.139999
0.0767625 0.000314793 9.9982E-05 0.114334 0.4506 0.357789 9.9982E-05
9.9982E-05 0.168143 0.0180392 0.0305692 0.681526 0.101523 9.9982E-05
0.0561178 9.9973E-05 9.9973E-05 0.0430483 0.603514 0.29702 9.9973E-05
0.0364793 0.065516 9.9982E-05 0.0854952 0.767521 9.9982E-05 0.0447889
0.0143497 0.250626 9.9982E-05 9.9982E-05 0.0824297 0.650653 0.00174124
0.0120836 9.9982E-05 9.9982E-05 0.000750309 0.0912715 0.621326 0.274369
9.9973E-05 9.9973E-05 9.9973E-05 0.108225 0.0348625 0.82482 0.0317923
0.00610969 9.9964E-05 9.9964E-05 9.9964E-05 9.9964E-05 0.989771 0.00371989
0.0353046 9.9973E-05 0.121522 9.9973E-05 9.9973E-05 0.780837 0.0620364
0.0152326 9.9964E-05 9.9964E-05 0.117061 9.9964E-05 0.867306 9.9964E-05
0.014393 0.0278782 0.109622 9.9991E-05 0.0298122 0.697002 0.121193
9.9964E-05 9.9964E-05 9.9964E-05 9.9964E-05 0.617713 0.0687682 0.313119
0.110486 0.107838 9.9991E-05 0.129381 0.390395 0.260766 0.00103445
0.0192312 0.0069107 0.0925343 0.017853 0.714015 0.149356 9.9991E-05
0.0524883 9.9991E-05 0.0836773 0.0723027 0.703668 0.0856179 0.00214557
0.0196232 9.9973E-05 9.9973E-05 0.0319724 0.642688 9.9973E-05 0.305417
0.00650111 9.9982E-05 0.0383666 0.867213 9.9982E-05 0.0348712 0.0528485
9.9982E-05 0.153909 0.0853111 0.0332803 0.270244 0.457057 9.9982E-05
9.9973E-05 0.0344603 9.9973E-05 9.9973E-05 0.087054 0.823712 0.0544741
0.9994 9.995E-05 9.995E-05 9.995E-05 9.995E-05 9.995E-05 9.995E-05
9.9982E-05 0.572322 0.178795 0.00988646 9.9982E-05 0.168265 0.0705321
0.0240266 0.659936 0.185921 9.9982E-05 9.9982E-05 0.0955867 0.0343301
0.0383854 0.171817 0.219428 0.00450178 9.9991E-05 0.15617 0.409598
0.0194734 9.9991E-05 0.122134 0.169343 0.0744928 0.123136 0.491321
9.9973E-05 0.348197 9.9973E-05 0.174018 0.037999 9.9973E-05 0.439486
9.9973E-05 9.9973E-05 0.0209107 0.0250941 0.122507 0.831188 9.9973E-05
0.0555213 0.0178891 0.226898 0.408542 9.9991E-05 0.118878 0.172172
0.0667085 0.0915494 9.9982E-05 0.0659588 0.154984 0.6206 9.9982E-05
0.0462386 0.00908069 0.300404 0.0457429 0.0197952 0.378015 0.200724
0.0201798 0.479181 0.209429 9.9973E-05 9.9973E-05 9.9973E-05 0.29091
9.9973E-05 0.212461 0.156049 9.9973E-05 9.9973E-05 0.0872091 0.54398
9.9973E-05 0.427379 9.9973E-05 0.143726 9.9973E-05 0.242351 0.186244
9.9973E-05 9.9973E-05 9.9973E-05 0.117488 0.0167674 0.0829951 0.782449
0.00385123 0.109187 0.0881556 0.00832366 9.9991E-05 0.283931 0.506451
9.9973E-05 0.104876 9.9973E-05 0.271619 9.9973E-05 0.0239923 0.599213
0.0157923 9.9991E-05 0.0223326 0.0626289 0.170001 0.610348 0.118798
0.0638833 9.9982E-05 9.9982E-05 0.258308 0.102432 0.524594 0.0505828
0.0771287 0.0957212 0.0045463 9.9991E-05 0.174742 0.638313 0.00944875
0.00294119 9.9982E-05 0.137114 0.130039 9.9982E-05 0.490384 0.239322
9.9991E-05 0.130654 0.0430038 0.129892 0.126438 0.374902 0.195009
9.9982E-05 0.166966 0.305448 0.147008 0.0384148 9.9982E-05 0.341964
0.0160147 0.0122765 0.06871 9.9982E-05 0.702044 9.9982E-05 0.200755
0.0147417 0.00431495 9.9982E-05 0.149484 0.644856 0.186403 9.9982E-05
9.9982E-05 0.20072 0.0549353 0.0763909 0.128908 0.538846 9.9982E-05
0.0137507 9.9991E-05 0.0211118 0.118836 0.107683 0.400663 0.337855
0.0154767 0.0838989 0.326521 9.9982E-05 0.101417 0.472487 9.9982E-05
9.9973E-05 9.9973E-05 0.345003 0.457634 9.9973E-05 0.158334 0.0387285
0.0396958 9.9982E-05 0.00543542 0.0598281 0.57651 0.318331 9.9982E-05
9.9982E-05 0.011636 0.0707126 9.9982E-05 0.610947 0.225269 0.0812359
9.9973E-05 0.149949 9.9973E-05 0.00821341 0.432654 0.408884 9.9973E-05
0.0465424 0.315314 0.0281793 0.551658 0.00708811 0.0511182 9.9991E-05
9.9973E-05 0.670849 0.0220453 0.275596 0.0312093 9.9973E-05 9.9973E-05
0.0132139 0.607769 0.047949 9.9991E-05 0.0432239 0.127193 0.160551
9.9973E-05 0.739004 9.9973E-05 0.105057 0.0664921 9.9973E-05 0.0891462
9.9973E-05 0.334884 0.105702 0.333477 9.9973E-05 9.9973E-05 0.225638
0.0019581 0.594754 0.214183 9.9982E-05 9.9982E-05 0.0574627 0.131442
9.9982E-05 0.895623 0.00917781 0.0316777 0.00894499 0.0543768 9.9982E-05
0.032908 0.830546 0.0137633 9.9982E-05 0.0214338 9.9982E-05 0.101149
9.9973E-05 0.46448 0.434854 9.9973E-05 9.9973E-05 0.0815878 0.0187782
9.9964E-05 0.0671135 9.9964E-05 0.269053 9.9964E-05 9.9964E-05 0.663434
0.0206682 0.00435992 0.263859 9.9973E-05 9.9973E-05 9.9973E-05 0.710813
9.9973E-05 0.00706715 0.0266653 0.122207 9.9973E-05 9.9973E-05 0.843761
9.9982E-05 0.299156 9.9982E-05 0.415145 0.0660336 0.055336 0.164129
0.0338789 0.118663 0.0782507 9.9991E-05 0.0200536 0.0734819 0.675572
9.9964E-05 9.9964E-05 9.9964E-05 0.334627 9.9964E-05 0.134714 0.530259
9.9982E-05 0.780367 0.0311296 9.9982E-05 0.0482221 0.0221161 0.117965
9.9973E-05 9.9973E-05 0.685829 0.153834 9.9973E-05 0.127324 0.0327134
9.9964E-05 0.0815895 0.49889 0.41912 9.9964E-05 9.9964E-05 9.9964E-05
0.00611296 9.9973E-05 0.674568 0.209822 9.9973E-05 9.9973E-05 0.109197
9.9982E-05 9.9982E-05 0.886023 0.000149577 0.0390292 0.0244744 0.050124
0.000107222 0.0990486 0.614391 0.230769 0.0423885 0.013196 9.9991E-05
0.00436879 0.631712 0.0352013 9.9991E-05 0.0713811 0.158935 0.0983021
0.0190948 0.32592 0.250293 9.9982E-05 9.9982E-05 0.0994723 0.305021
9.9955E-05 9.9955E-05 9.9955E-05 9.9955E-05 0.881136 0.118364 9.9955E-05
0.0294733 9.9982E-05 0.129576 9.9982E-05 0.731114 0.0429769 0.0666594
0.0169582 0.015009 9.9982E-05 0.0431399 0.797321 9.9982E-05 0.127372
9.9973E-05 0.0833162 0.0240552 9.9973E-05 0.564601 0.327728 9.9973E-05
0.0271279 0.0850896 9.9982E-05 0.0705893 0.802064 0.0149295 9.9982E-05
9.9964E-05 9.9964E-05 0.181732 9.9964E-05 0.725142 0.0927263 9.9964E-05
0.0263743 0.144159 9.9973E-05 9.9973E-05 0.804958 0.024209 9.9973E-05
9.9973E-05 0.0567204 0.021056 0.126612 0.795312 9.9973E-05 9.9973E-05
9.9973E-05 0.00162774 9.9973E-05 0.246389 0.751281 0.000401993 9.9973E-05
0.010756 0.0814366 0.0716151 0.0497184 0.76182 0.024554 9.9991E-05
0.0212946 0.00613801 0.0674101 9.9991E-05 0.719553 0.0844603 0.101044
0.0260854 0.0134932 0.0563727 0.0542318 0.706887 0.0445341 0.098396
0.00769188 0.158253 9.9973E-05 0.124188 0.709568 9.9973E-05 9.9973E-05
0.00656705 9.9973E-05 9.9973E-05 0.137786 0.775848 9.9973E-05 0.0794989
0.00588891 0.153061 9.9973E-05 9.9973E-05 0.776817 0.0639332 9.9973E-05
0.0322279 0.118555 9.9973E-05 9.9973E-05 0.814148 9.9973E-05 0.0347689
0.032588 9.9973E-05 0.0974951 9.9973E-05 0.781059 9.9973E-05 0.0885578
9.9973E-05 0.19653 0.0344206 9.9973E-05 0.122168 0.646581 9.9973E-05
9.9964E-05 9.9964E-05 9.9964E-05 0.0683121 9.9964E-05 0.850148 0.0811404
9.9973E-05 0.115151 0.0024795 9.9973E-05 0.780992 0.101078 9.9973E-05
0.017627 0.158082 0.099269 9.9991E-05 0.628094 0.0195895 0.0772387
0.00301984 9.9973E-05 0.148062 9.9973E-05 0.775893 0.0727255 9.9973E-05
9.9982E-05 0.0126725 0.0207083 9.9982E-05 0.129261 0.597911 0.239246
9.9955E-05 0.953751 9.9955E-05 9.9955E-05 9.9955E-05 0.0457493 9.9955E-05
0.0250397 0.658278 9.9973E-05 0.212871 9.9973E-05 9.9973E-05 0.103511
9.9973E-05 0.316953 0.449103 0.032922 9.9973E-05 0.200722 9.9973E-05
0.00433383 0.307803 0.383813 0.196663 9.9991E-05 0.0495255 0.0577609
9.995E-05 9.995E-05 9.995E-05 0.9994 9.995E-05 9.995E-05 9.995E-05
9.9982E-05 0.00468824 0.375905 0.559088 0.0168511 9.9982E-05 0.043268
9.995E-05 9.995E-05 9.995E-05 0.9994 9.995E-05 9.995E-05 9.995E-05
9.9982E-05 0.0311738 0.152208 0.682456 9.9982E-05 0.0266674 0.107295
0.0322935 9.9982E-05 0.282233 0.545416 0.00276243 0.137095 9.9982E-05
0.0471066 0.143135 0.366872 0.402545 0.0401413 9.9982E-05 9.9982E-05
9.9991E-05 0.735867 0.00112141 0.139616 0.0080553 0.107147 0.00809242
0.0415415 0.538645 9.9991E-05 0.125817 0.0172649 0.108096 0.168536
0.028596 0.0770648 0.036593 9.9982E-05 9.9982E-05 0.0884852 0.769061
9.99551E-05 9.99551E-05 9.99551E-05 9.99551E-05 9.99551E-05 0.18628 0.813221
0.0231418 9.9973E-05 0.0107552 9.9973E-05 9.9973E-05 0.085654 0.880149
9.9991E-05 0.0997005 0.00495146 0.0310745 0.00764299 0.26766 0.58887
0.00470181 0.0584586 9.9982E-05 0.415256 9.9982E-05 0.0623086 0.459075
0.018417 9.9991E-05 0.121969 0.08931 0.0604523 0.0109381 0.698813
0.0418729 0.0405526 0.0211474 0.109919 0.0223327 9.9991E-05 0.764075
9.9982E-05 0.0544265 0.0561667 0.192695 0.0372441 9.9982E-05 0.659268
0.0293068 9.9964E-05 9.9964E-05 0.217505 9.9964E-05 9.9964E-05 0.752789
0.124888 9.9973E-05 9.9973E-05 0.796439 0.0396905 9.9973E-05 0.0386824
0.0310939 0.0257665 9.9991E-05 0.0708938 0.651105 0.17897 0.0420705
0.0465282 0.0175138 0.11242 9.9982E-05 0.731036 0.0923016 9.9982E-05
0.0108903 9.9982E-05 0.0304041 0.0675851 0.786876 0.104044 9.9982E-05
0.00981617 0.105362 0.122144 9.9991E-05 0.617271 0.0580763 0.0872314
0.0163324 0.0856029 9.9982E-05 0.162954 0.72355 0.0113603 9.9982E-05
0.02163 9.9982E-05 0.339298 9.9982E-05 0.0827805 0.0839174 0.472175
0.0158247 0.275508 0.0990376 0.247858 0.00193703 0.021832 0.338003
0.0624242 0.186471 0.0426798 0.0776357 9.9982E-05 9.9982E-05 0.630589
0.0302905 0.285439 0.183391 0.0596981 9.9991E-05 0.151179 0.289903
