IBR/IBR_outputs/all.combrep_1/Silt_Total.VRM_Total/Silt_Total.VRM_Total.asc
NCOLS 160 
NROWS 95 
XLLCORNER 210004.651214014 
YLLCORNER 7350008.22228844 
CELLSIZE 4999.99999999997 
NODATA_value -9999 
[rows 63 to 83 of 95, columns 92 to 137 of 160]
14.4363994654894 13.2057697739217 18.2179773507569 17.730475250416 41.0434089922897 46.0743063449442 18.4150713332365 14.016405985552 14.3267717762701 11.438215400309 9.52033224459577 13.2839968294709 14.0092900403023 13.4194904160158 13.4276738590821 13.3300185465479 13.1520934493676 12.8283012692693 15.1986109695713 15.2751226033908 14.1558212165939 13.937273137782 13.3178211357794 11.7419411278327 12.4764422309725 12.6038375370893 11.0992986470393 11.7107475806685 12.2602518000848 12.0994234173054 10.7323758950974 13.0201227442775 13.141122046172 13.7142161150459 13.2900177533853 11.8718254874443 11.3817199122237 11.9842187821089 12.0583570244242 12.409249002479 12.0008895177436 12.1537775984228 12.255449469168 11.284137459144 10.617198264723 10.8105487067937
17.9380720185667 12.8251370087785 13.6767925709318 13.1818214494392 13.4243258269436 18.2753166653893 46.1618680666072 40.6109544342111 64.5659274018677 16.9871431593894 11.7450004507244 9.62344834507964 12.4565936688474 12.4006755084461 12.30654757579 12.4611787441233 12.8990387080952 12.934845973472 12.6601777571391 13.43630255602 13.0687432875443 13.1302413959143 13.15191772553 13.4153397693891 11.9797606802645 11.8303768025549 11.995004022068 11.4964940640436 11.4397997600458 11.1772051304763 11.114780074134 12.6266248548047 13.1718009956436 13.1922302116707 12.3254888374314 12.3455002833409 12.7981970688545 12.6930320315957 12.324072920396 11.8951722120827 12.440064971183 12.0595651748858 11.8668352207451 11.5148987525861 11.1766963860361 11.3880675439131
15.6786129623794 12.8917822535466 13.565414074385 13.6472798874429 12.7632986025633 12.6110573884157 13.2987752105608 17.7444756270446 17.6184055254832 36.6873191312423 36.5437159100495 13.9207107435623 10.9976808717623 10.8413984277776 10.6660708786272 10.9627377333506 11.5349883079868 12.593709923708 12.6950106059496 12.2592514929787 12.6090785824956 13.7385989007627 15.0239211243829 12.6913566850231 12.2892247840786 12.3007840371484 11.9628863704925 12.4332572395918 12.5695827622699 10.7430872401363 11.8310700704178 12.1277611256883 12.4655222425443 12.3721732215802 12.2549545197866 12.6641399975685 13.0571680550799 8.48062934518893 5.949387502124 11.8850284898482 12.3590378478062 12.3122442924769 12.2762424863912 11.9514651472332 11.2345035730922 10.9889428664944
13.2238916443286 12.2814867171285 12.3644725978864 12.1700105629851 12.2435693382605 12.4026302757371 12.3474596929525 12.3664704886832 12.2353021158794 13.1167839674038 16.032659177283 28.357545352774 18.1364267734431 9.44807523005899 9.75659923695928 9.47427673276109 9.8026195517729 11.1334200534455 12.309662993311 12.7374467025761 13.9276994326056 15.5914928594213 16.187906566678 13.8124234703888 13.0953154883017 11.4871431204916 11.6888490490205 12.301849559691 14.5206284179271 14.6471083093765 11.4385000545927 11.2945140031074 11.4752180842368 10.7339643072771 10.9868815832342 10.7346120847708 9.63136558202166 9.71441382297884 10.1642195144697 9.24647582953487 9.32557246629039 10.3054797401467 12.0384736689293 11.5975567900451 11.1417890331988 11.567550494654
13.9023981539431 12.7446196153381 12.448268393371 12.2127124938182 12.1474942536052 11.8841529740197 11.9168123626656 12.5005335394468 12.4730971577313 13.0945944771701 13.1276025931475 14.6973787430159 22.8846506683591 13.5935088194606 8.44845044591823 8.0016727068723 7.30927889302493 8.40681283745567 10.8188540130444 12.1773996528614 13.0556136476521 12.4543379823409 9.23588625730805 6.34504658822044 7.8722104108995 8.41080947010048 8.08784865396177 10.6043795823589 13.4777877646642 15.9040579626584 15.2866948389358 12.954102386756 9.14553708988171 5.86829911718835 5.1764344228897 4.41151081007383 4.63233448189446 6.79988935372907 10.0483368235505 8.8324563212853 7.03388773829116 8.47663836082297 11.2247837816002 12.0066471793106 11.3857411437164 11.5359222653444
12.7270773052753 12.8811241017618 12.5840549850104 12.3036745840979 12.1938555422608 11.973857410377 12.0300702017857 12.1121135119049 12.5110563387505 12.7507762135015 12.8319914111185 13.1532347115093 14.1210343392056 12.1415984180923 13.9864498503528 10.7256180367274 7.73221509674478 7.34839192588962 8.85331107225135 11.2952992363631 11.4354458132175 11.333454734188 9.78670605357067 8.66073820460787 7.17672781389391 6.16339660612892 5.68285494842353 6.47056025446518 7.27076649938478 10.3655834974417 13.8365406588439 11.3254867186163 6.0080044220932 4.90681343739181 4.4795708624413 3.82675125976937 3.84054547042918 4.22456794851832 9.79541655100911 9.84846000954031 6.13919912696463 8.71366659493121 9.97258524333219 11.9424233457738 12.0566741475233 11.9011703790806
13.0953768856572 12.7701938517006 12.4855687741624 13.0054965269704 13.0993113747435 13.9754703082545 12.8908022211446 13.9189549321041 14.514579923356 12.789512894822 12.9834089507924 12.5290182384998 12.3002911378996 11.5122493083496 12.6381427674794 16.6287423191579 11.7195122095041 7.00379591148638 7.30513525398498 10.6391667056148 10.0793937483227 9.17343867763158 7.00393516091248 5.65930809239684 4.54104977539086 5.1927548589678 6.51201019743313 7.85001785224591 8.42967635171449 9.0745505387293 12.0865869484143 12.3659092821488 6.39923777039725 5.80412638413365 5.22596432709902 3.77519163320479 3.88074265578082 6.77945712071867 11.1734334340296 7.92625777903461 7.78767811956314 10.1098732155133 11.3008936288327 12.1322073523267 11.79667930238 11.6522926610347
14.0229574580247 14.5226771390398 13.9496633717349 24.9678049733918 13.7239271742098 16.8510993775863 23.9108850345726 35.2141724305163 20.928586534019 13.9502894564869 14.7989208412256 13.4410645439866 12.6048851989398 13.0757501612534 12.5332660515987 13.3777476679042 13.0989418291372 11.060522855454 9.03862727953558 8.7259084268059 8.60277719063614 7.7829713735412 5.78316612975138 6.25874423705605 6.3061338527932 7.62763713078886 9.4217692959164 9.59694507415244 9.386151605229 9.58040377993855 9.92410209827385 13.3433426586915 11.2514463565739 6.75209181077606 5.14609338215497 4.09294502074266 5.36546905443437 11.0302084239897 11.577948598362 10.4453056354387 10.5785281745663 11.9497999235716 12.0312586244264 11.5172338220045 11.1882528819658 10.8635921826145
12.3937883170017 12.6688401929221 12.8024959662042 16.8510322274534 21.9990600958136 23.6481329447049 14.30138162962 16.8331590688587 12.6664631158407 13.9429144744157 14.2392898946376 14.9585864418946 14.5406656452944 15.8591351383928 13.2518715394724 16.2847294521443 16.0276084999091 12.9563954936977 11.4123887377103 9.24027554161804 8.65319628669289 7.82191681239704 6.49422286237894 7.80577276348212 9.27379441255245 9.51659742586458 9.20146839706621 8.95915268287218 8.82639516199056 9.33753708071049 9.36996279155181 12.1094780326421 13.6476049229315 11.3208642605245 10.0984851584287 6.55374953128847 6.8641008819651 8.74487509479854 9.76630369648374 10.941523613588 10.7450082333335 12.5007276201331 11.6943460505193 10.0585870061244 9.20679339777027 10.199609307093
15.0939466220532 12.9905354281194 12.8833911553393 12.683672809984 12.924224063265 14.3070632763343 12.7536211469373 13.2706996416819 12.0251662531496 13.3349087810022 13.0302556605425 12.1587325218267 16.476871409424 12.2008039065077 12.7120526942883 16.2041346891894 15.0005326180641 16.7369875973156 12.1975407840954 10.8357641867664 8.23269746889076 9.22058588961234 7.76435652073622 8.64195325746718 9.69431929865056 10.2042696608447 9.82878206329218 6.85881127461864 7.09426696913763 8.04753144927269 8.97796476398669 12.1648883426517 13.118439657073 10.7133010676271 11.380546180786 8.81370094923066 7.9600295156579 10.7031668070556 10.7972239721574 10.592045412039 11.3460250528042 12.6599960136131 11.9150146571843 9.91339514270133 9.82217550294266 10.8372882608395
14.6024451084108 13.7730668570521 12.2669372728543 12.770677744222 13.0411804118343 14.7932550938031 12.4293122155814 14.0187495951517 14.0201932402798 11.8359557647051 12.3407732514702 12.7162899636161 12.4739534960105 13.2833898944483 14.1425148389499 13.1202533441921 14.0539597776904 24.9640648053995 21.9267018101374 14.1376969031051 10.4089209968637 9.33103521273136 8.05748068722808 8.55143135600643 9.77270681632803 10.4589932215964 9.89869750503413 6.79592330405591 4.63885633749016 4.43213082677313 8.80886605874792 12.5478131398815 12.5402779117385 10.7713277543602 11.2571301044792 14.0232148448527 13.9705091203422 14.1511017483197 10.1074739406569 10.4576313639674 12.4255322753158 12.4924151908205 11.4987493144903 10.7334898747178 10.2028312632311 9.72007023837312
12.9835446823557 13.2046039578423 12.7334656371272 13.4138694295618 20.7834708496545 14.0168788477743 12.4342013300642 14.9612053976502 16.7577785003199 13.8441765305066 13.8046508520918 15.686181185316 14.8258943383707 15.0777515641864 11.9544935837102 12.4777684990716 13.6633231108913 15.2291404926992 22.1098306235992 25.2208520906346 15.0285484592602 12.4376812785553 8.07583220965928 8.15964904111339 10.0040225736009 10.9393723518672 10.3708495935357 5.67186677699473 6.07340169626242 5.44912779882613 9.77629122460805 12.374078640926 8.32146918624237 7.06773995696941 5.68058508567677 9.02276802686627 10.2990148787361 10.7424149243578 10.2170765495875 10.8426238945625 11.6251677787743 10.4630598951681 10.0970251466043 10.2777410768784 11.3568693392303 10.6324273342357
14.3472039683485 15.0895177211747 14.5703761161075 14.7156065956611 13.1832997942315 12.6291320856846 12.6231859715955 12.125926596837 12.2266814413799 12.6082615197318 14.5440443792021 14.1501755571292 11.9606317163276 11.9768539038836 12.2702222963517 11.4486577565865 11.8797307771027 12.649808532193 18.5060221205869 15.8967674414315 12.9388741913239 12.3911876961799 10.0195227848004 7.9816054401581 9.85613907759271 11.1264683630167 9.00612447262372 6.19551457964941 6.68845433570183 8.60902126686573 12.3314701433582 8.33232360031177 4.21243975475545 6.1372496766987 3.97031421901293 4.55160906249002 7.56630724173653 10.3479748040723 10.260746633476 10.658593051634 10.8066901721618 10.5086685742219 10.7670863527359 12.006399745679 12.2781246605199 11.6638813113194
16.8119301971348 13.0654089209595 13.0792550825172 14.0611214153009 13.000117251379 12.257211674786 12.0851775315964 11.8594607684094 11.646694401757 11.8063733305542 11.9785858806137 11.6103227015566 11.6758064343895 11.7330598274984 12.4155706861087 12.9515540994974 12.0154298489878 11.1436447336676 11.2065955884043 11.8456381856919 13.0387496696035 13.8462144588681 12.4585953546284 11.6799718622469 9.82651270288021 11.0857765235168 8.32215979987108 6.61650289335343 8.04235780230051 11.1310692705443 11.0255167604951 6.09974058314878 3.95586489846104 4.75810993396387 4.04032014926958 3.89599456950624 5.53428365156783 9.55799032426241 10.4699269137024 10.3340637643349 10.5417405745017 10.8534192239305 11.2443532909899 11.2446323483615 11.550300837916 10.5742396928901
12.9893951172298 12.5491677139241 12.4439635516993 12.7703691417567 12.4647301779195 11.8446864226524 11.2155489983479 11.791161172848 12.0084303143693 11.7931035981928 11.6094326148459 11.1893997087921 11.8498210335274 12.4868751640095 13.5443476237552 13.6025916326938 11.8181865954818 11.4680876210089 11.5327774327258 11.6910998780566 12.4810923917049 14.3617020657215 13.2641384713187 12.461701752887 11.2230982929808 10.2568565167755 9.627989187689 9.36821524852629 9.98300722549187 10.5150712254315 5.82265134473648 4.91017329556535 3.94217302054133 4.53016851388026 4.99815227956364 4.60165279961246 6.37871285886988 10.4418676660932 11.3082344004454 11.1068763502426 10.2996306742548 10.1588952423558 10.6198025795411 9.58565029193804 10.153818118806 10.7315476553886
39.2411298019009 21.6780628812335 17.1854888691416 16.2599390318727 15.9025080639556 22.7907878452736 15.8994970243645 13.8147359099489 12.2316081037434 11.9095087136789 11.9528266548291 11.9350452203923 12.235978293181 12.4425245588077 12.1255468473234 11.9301081838942 11.9079400292346 12.9218551152251 12.6123719313739 12.6970885923133 13.2052783638195 13.3320500608972 12.9030137298421 11.3865159425177 10.8901870527654 10.1707429102719 11.3048722285657 10.72534017804 10.9469192693919 6.28993042496187 3.88295634713814 4.52356166106273 4.22252279178884 5.06617724595476 7.6865964231895 5.72856222659037 5.26459217827246 9.42655369771865 10.6201539594953 11.0255697664175 10.4975161185062 9.8024508868315 9.76527554075829 10.4433754775981 7.48500625687654 7.06309843605434
32.3328229104253 14.7474687936063 18.5962901784381 13.3894963645508 15.9759358564865 12.4995777821273 11.8083859072971 12.7301934872957 12.4003411133912 12.2504154569069 16.5528420947617 13.6089635163436 13.9002457316013 20.0284776417026 19.4011482544342 12.1317133408276 11.961649771869 13.4974770221695 13.8923041258885 13.3527234552572 12.444677354794 12.8382578183482 13.3171820919935 12.792531271897 9.56113981278782 8.94069673799416 11.1468639552528 10.1666625184042 11.2150585231667 9.83262758607062 5.20755607590376 4.61634040478612 4.61777643974142 7.63097583463671 8.27792973107818 5.33269333541921 5.83617606788231 7.79849384362641 11.001082679042 11.47632442886 11.3188438083255 10.5662938603284 10.0598869053443 10.6157696040395 9.18660045624723 5.50729671555153
14.9655578712503 12.0710049792341 11.724305104814 11.7970648921988 11.6134342107029 11.1747319954686 11.3258346659298 11.8331115369428 11.1369507637064 11.2776028306008 11.5688660547769 11.3200985592874 11.2167211420181 11.6970366862564 11.6037634151532 11.7768350283687 12.179327505145 14.7522889517738 17.4074456315989 13.5204111113952 12.943765308024 12.7295615281011 14.842141497791 13.1487698061603 11.2953114272942 11.703502499899 12.6749209718126 11.5954982570036 11.5262103336358 11.5907469023865 8.2118430868885 5.11944703618123 4.52931463325846 7.82511846844594 8.5764037264938 6.11927086137859 7.60494535827495 6.8956535376193 11.3170360065783 11.8439983874544 10.5360767311753 10.4882138016728 10.2798882289266 9.96716815256083 8.85903332893195 8.91669422449291
13.5275746571313 12.8047844101789 14.9184836440585 13.6551565363426 12.1214870832992 11.6634453372002 11.0309949887286 10.8745674311286 10.4245219224135 10.62776865395 10.6660757446178 10.485739792829 10.422834901813 11.4230137289378 11.7037546577298 11.5111670675734 11.7112824036328 12.032506595896 12.760781801657 13.4242779748844 12.8516680745911 12.312339847916 13.5106066338497 13.4225749599517 10.0627040734886 11.895309349109 12.6899004428889 13.736304241137 13.3728516364521 11.3845356124226 10.8996057519202 6.19594512791342 7.00865610255189 9.18807799109816 7.87584751482876 7.56254572671344 10.414466156145 9.05096150148471 10.9988172683667 11.6260622797189 11.4512844466095 10.4448080245287 9.9815956485416 11.0755342256749 10.1079548743766 8.76685998540774
13.1078125236389 12.6527372487016 18.0040033130191 13.7448215608859 12.1292553847278 13.0149431059611 12.0439760344029 11.6140330289946 10.5255085237176 10.5755884445444 10.9563693159927 10.9360720827744 10.6979839437547 11.1347831784623 11.443881133625 12.0413783665934 11.9723463875042 11.936710301958 11.6021676413672 13.9316909489785 16.6810159132056 12.874559828588 13.3068125364472 10.3037033776895 8.10085055254478 5.46022665657241 6.6272760706653 8.4513192490052 10.4666998438977 13.2171880282736 12.3227508364144 10.1275922785239 11.0698907859126 9.14784245369058 6.05673534647209 6.9281387500675 9.54944735664255 11.6919860472745 11.8924913655161 11.0944016081645 10.1091379623843 10.5349486838322 10.7220273654117 11.0774156529539 11.0088479560497 10.0939947495845
15.4093890190325 12.116261279471 11.8466329551787 12.4493281597398 11.8913758896507 12.725238585001 11.8256488047516 12.7222911500696 11.574283930341 11.6947497384444 11.7116721125103 11.6393333066834 11.2136014254818 11.4352420233642 10.5473382212151 12.2126709773987 12.6471175092573 13.188109053647 12.8281088714932 13.2340944108866 12.5620655677962 12.2424681453444 10.0815740492003 7.8808693752841 6.76774896304727 5.1672956033968 5.6570242917893 5.60859529732661 6.86202406583122 8.71827518415892 7.55282960937412 9.0645048312972 9.31182859337695 7.3279974705283 6.43233603802125 6.85542858989964 6.44022729339151 8.72532574152664 9.91535812902819 8.87271725633578 8.40529448746538 10.8039003457888 10.7144059640871 8.95381122097809 9.35086687339501 10.2993521113539
