IBR/IBR_outputs/all.combrep_1/Silt_Total.VRM_Total/Silt_Total.VRM_Total.asc
NCOLS 160 
NROWS 95 
XLLCORNER 210004.651214014 
YLLCORNER 7350008.22228844 
CELLSIZE 4999.99999999997 
NODATA_value -9999 
[rows 42 to 62 of 95, columns 92 to 137 of 160]
8.22733207791326 9.2765399586132 10.000173476693 9.61420138776926 8.98967057421524 8.86462141360187 8.87030335203446 8.80754320811813 8.40177575559501 12.5108575301698 16.0745550116556 13.2792600056701 10.5641666282723 10.6155938721788 7.42078402350054 7.58606676690032 8.0198144659411 7.93222491374418 7.41878666332772 7.5732552395992 9.92501110972644 15.2821877236145 11.1688538351167 8.7139079751292 8.70056001046136 9.08918728144641 9.43927800649548 9.43657877609469 12.4447443424703 12.8541119920465 12.0660875406947 12.4606633345879 11.7079505530988 11.4495152605988 12.9679667049149 12.0800686830119 12.928163154308 13.1855346535903 12.1940929638646 11.3218841518022 9.57314207155199 7.98469709209865 8.24486987333598 8.11715813448655 8.29706244743064 9.94151836970547
8.81580976985131 8.4359437211324 8.95434876673852 9.39704778444152 8.92230810011611 8.30157073922788 8.64521502245907 8.90410596065439 8.98299035663086 9.7526147115595 10.6993094066764 11.2619498594695 9.07891238471782 8.4656879428175 7.81173289790478 7.74572020917645 7.84659748185887 7.64812502608916 7.35001410440633 8.34097880245235 11.0335308591134 12.8273680558803 11.4871458838439 9.1034607369255 8.79006864766406 9.26128955563804 9.42116116364576 9.59112060315595 14.0441285757139 12.1468882596057 12.2476674625859 11.1468281745745 10.9002387067755 11.9343776188347 11.6983821537012 13.5581732929862 11.8494625387684 10.500580057837 13.3844206015569 12.0331644474182 12.1210990652388 9.7471397476974 8.99279185704705 9.15821968444114 8.46992120917462 10.739623266307
9.37980514650192 9.57712693391336 9.13009196287607 9.16040340227441 9.56514677586902 8.97867961641472 8.8523758343565 9.02182347672404 9.09810088258391 10.5294215900675 10.2633691121023 11.6118615826895 8.25045958145095 7.71537271212251 8.79735697115428 8.75523489570652 8.16535274332778 7.43615238694485 8.74387923088864 9.57303988915902 11.1130058337884 12.790448410648 10.3885375300473 8.76682520137564 9.50264678177829 9.37478132178888 8.68733071483686 10.9653154387264 13.9400984433087 11.4334146988306 11.4999465503637 10.9067068824219 11.2338700222782 11.7238028850313 11.2498850001003 11.3368595747312 11.7705818532856 9.84787561264443 14.1444785302276 13.0960310805434 12.4359155890964 11.3170212231109 11.3395133439128 9.03915828678122 10.0027759585383 10.8855867723444
10.311312015859 9.7997213149371 9.56068097346774 9.3420072668618 8.93542490484804 8.97756979804401 8.9882807622395 9.23089760441359 9.3938713348668 7.51845522961623 8.554191938195 11.5413958578693 9.33047413564234 8.32866495529197 8.69829043638264 8.97716696553836 8.60045273223504 9.07714537646624 9.67894582088692 9.83608001807901 11.7655731263341 12.0391094386064 9.71984902325544 8.97080108031522 9.09326292350662 8.61361818089166 9.06619168579674 11.870710888115 9.88589883484465 8.95300973284245 11.8746730617052 10.686064309779 10.6537960986551 12.1480790049245 11.5556704931545 11.3268698703579 10.2320001846002 10.7739801177148 12.5360027077148 14.8285126368942 15.3476800470658 11.7949087997089 11.3638604429651 10.8463443393687 11.6364626332748 11.9659512425607
10.4617261524015 10.8648478676274 9.50569219913362 9.58672756647714 9.0550424109956 8.6899532025494 9.17662975103539 9.17375954822584 8.13377751117619 7.07661441282964 7.89150827703986 11.0146628111052 9.27596796803404 8.97230875416543 8.87262250755148 9.24993138184614 8.80220749816287 9.48992315132962 10.0467479694867 9.90969356618003 12.5747670549968 12.4009380239271 9.4872644032509 9.37658762350393 8.36867129671975 8.76657730820422 10.970958700199 10.4669482912337 8.35751107283411 8.25859692732585 9.71881449206294 10.6151949127225 10.9293279777876 11.6735498532271 11.6750753067011 12.2346496592231 12.5997748831771 11.6112229385373 12.033782291862 12.1480324571512 11.9454692457276 11.9900427967126 12.0575100392609 11.3594769311799 11.7753076702755 11.8055053687575
11.1004561544225 11.945401729235 11.1192773719833 9.58440068742785 8.95057805497543 8.51039534070608 9.39907755983767 8.306381400193 7.08790159508322 7.11629859883986 7.22807644827447 11.4715018711032 10.1856607102522 9.20639883941818 9.12789790271457 9.24245242114182 8.70720099014456 9.63976287414243 9.957799770421 9.82844668251498 12.5780755057547 13.8951355756541 10.8201037931243 9.90035961378929 9.28793485302983 10.6613952888596 11.5933833917214 9.06485473054018 8.97219509016039 7.91081874236098 8.42105440540363 10.8883475058308 11.9896827147321 12.3966286634196 12.6367543915061 12.9244186330802 13.0196840142817 12.5605842000955 12.3592052860794 12.2419809979996 12.3991791626202 12.436512853856 12.9702774186974 11.9541945553968 11.8852107053991 11.3298042258872
11.223993671458 13.0731697980517 13.117393370303 10.8381432640328 9.01327169721278 9.37099669474636 8.07760533476233 7.91203180425391 7.81373473139777 7.22777662837582 7.29097847499943 12.0960819428153 10.1726052503391 8.90739030102085 9.52995665429161 8.81639618440596 9.04119209214907 9.57383703234623 9.52261113997454 9.64765716291099 11.1776091700306 12.3759582110456 12.7149894603093 12.1268464813988 11.7236075190144 15.465445227171 9.51950985308233 8.79815797031897 9.44252481120056 10.0017650879631 10.4801141877095 11.1683922822995 12.221873599099 11.9616555011885 11.977066501475 12.0755868247622 12.5325070981638 12.3260093800405 12.1284241474858 12.8723053775905 12.3231204689554 12.7395622555477 12.2970080199411 11.7623211225065 11.1982137205845 11.6569560908654
11.8778007283335 14.4891650252192 15.6152605227637 10.2385191252665 8.8579620427123 10.4654338182868 8.1581467978061 8.28185198741268 8.31035977754782 7.54628470406166 7.8915560659266 11.4663892273285 9.99939715003324 9.21239221331709 9.43800118832294 8.85631119294894 9.17908461033819 9.43909333125754 9.58182756709608 9.68041451726277 10.5415658890555 12.610645392545 14.1051283545442 12.6251317320504 14.3089492449259 10.918062657384 10.2098201790017 10.9546190907845 11.3809879142736 11.5774566534939 11.8391428899188 10.9570357341358 11.9538917668885 12.1798010015757 12.3560537129753 12.0285743274735 12.0558026467767 12.3231015888419 11.7847584732818 11.9416025666467 12.3109993900656 12.2727965441935 11.8185767853805 11.1922098189737 11.3801827938786 10.8669660099824
13.2138056737088 14.5464386332122 15.3521591943268 10.9886080530035 10.6601222501169 11.3776516392399 8.43486797601427 7.76554615812059 8.22165830866438 7.20561078646557 7.78777714818073 10.9699239094018 11.4081053564463 8.93689269185763 9.24497061816159 8.77419613700653 9.37310645025276 9.61865710357098 9.30890484477124 9.54803432148957 9.32733565543272 11.602655136048 12.1211723614967 12.3350387812095 13.1810171720072 14.5149173037177 14.7427490754602 14.578049168726 12.0418038729517 14.1120838347451 11.1667999845069 11.1215761543109 11.2733843399698 12.2599560087285 12.012443596954 11.4743597549547 10.9569363327677 11.0241110718514 12.258675989257 12.0701747158958 11.9211974330404 11.7736128496079 11.7400520423474 11.118465076525 10.7230687128195 10.696410331094
14.0767279371871 14.4409168256764 15.2804604452021 14.30479328476 14.2243509325076 13.2524174410905 11.27067230904 8.9258149967249 8.67335982016141 8.74497142049872 9.7269103491112 12.045438148338 10.9200487809856 8.8598852728727 9.24672218414936 9.58935209002017 8.89546913266769 9.2746033796808 9.44652941088578 8.9659177111321 8.59909481035547 8.71937989034022 10.5824901523061 12.1999779871672 15.0733533303603 14.9674114463059 15.0247540220579 14.9211446714266 13.2511328004094 14.8779373586009 11.0022773453193 10.9383079903534 10.1730666038834 10.0887307033084 9.35967913548477 9.24820374921588 9.74709181363416 10.9840555144097 11.6262233245489 10.4754374779777 9.83563395223977 10.8257045800945 11.1195011744961 11.0424252252423 10.8927665848618 11.1610227005673
15.5375335053749 15.3283791239824 14.9323143111398 14.8957133357936 14.9690586495035 15.3400544774112 14.9341304888831 12.5683471213024 12.9240961355619 13.6558454941124 10.3866683902081 11.0503467967098 9.88755119377313 9.58445007939584 9.92393813869225 9.63034824283472 9.29385523544697 9.16063290163568 9.19923090494939 9.40763767514662 8.93225362159902 8.74887456850847 10.7974091700891 14.3767585678477 14.800576468134 14.1586475290539 13.9220314134406 15.5806934232585 14.7917614814082 14.4792823650368 9.15616902806195 8.32660436831183 8.16115232570356 7.78553905452017 8.11384394771641 9.29650247000185 8.37718504150712 10.710677247965 9.31333246747201 8.39958877438979 9.74400341982673 10.7304925242182 10.610166023499 11.1256532841689 11.0138907622686 10.7819428821528
12.6262754812103 13.574686404713 14.8898293149531 15.1794172168119 15.2677387535604 15.8983526577722 15.1281926456613 14.8894598677487 14.3695588287399 14.0475675059809 11.3134923459055 11.5088546803456 10.5901040518706 10.5357096236491 9.58167789460098 8.63991630664885 8.68708896382503 9.30879559730766 9.40066146998992 9.60264550090328 9.51915472115772 9.29526916510483 13.7409554400034 14.8952655671076 15.2815581492658 14.696562841684 14.7493830592209 15.8871326297577 14.1661619761826 13.485805176775 7.8799880583569 7.45547190197098 7.45607070463186 7.63786222694301 8.08179652773691 10.5484240031153 11.3400664708414 11.8629595946671 11.1721759548904 11.2581949864929 11.2292599762431 11.1069182786013 10.8172672328922 11.3037763746015 11.5205562258182 10.2510141885287
13.104636210355 13.0601746142084 12.7748285235654 12.8023224007621 13.2404633251247 14.2760830384586 14.3814832519854 14.8931182558853 15.212456151448 14.8777265408038 14.7563871772272 13.6651482979402 12.1761979623417 11.921304851161 14.440710809844 14.7046156712422 9.59828395072789 9.20435439793918 10.3008005654381 9.67241877680002 9.67309906107752 10.4710546950872 15.1281731901132 14.1701083559934 14.3039394694163 14.1275479138948 14.023198435015 14.2525899788081 11.8881591705716 11.5127032369135 7.57669456106173 7.45630106296185 7.99342403839925 8.63042987100683 9.39803216934026 11.8444240632763 11.4113243644341 11.68720226226 11.2868891747231 11.5484614253567 11.2964140297626 10.7639970669868 11.3336265398799 10.3790939717238 10.4877520227171 9.96340948343591
12.7037921736606 12.5525444695554 13.052588635065 12.8248384322693 12.8254094765501 13.2276471937491 13.207581082507 13.4417101185511 13.6344203509171 13.7926542551552 14.1259110244825 14.685983919305 14.0676656617004 14.4187565289076 14.4375542461106 15.0191876421817 14.2244604404436 11.3872459908356 12.8599337825724 12.3168303399304 10.9916564050945 13.2258050750526 15.4258701478948 14.3444024971645 13.8247294416092 14.6403449445037 13.7560544995147 14.2332765560752 9.93755868494634 7.6273906129918 7.58013947292878 8.09194871976086 11.1499619210309 11.9258673474693 12.7496090707574 12.9923848061021 11.7349401557895 10.7054265192936 11.2830307818104 11.3455871344227 10.9541529197911 11.9900281207423 12.3717281564352 11.3646067141397 10.5037937671796 10.669412361109
14.6665261273243 12.5177971718836 12.238854400191 12.2672080790736 12.2198098072566 11.9979938983249 12.1458142387615 12.5361914099957 12.3712110368549 13.1587778809229 13.2583635740595 13.6444903048017 13.2589552394069 12.8563070561894 13.5032051450699 15.1476500450406 16.1517680813835 14.5087298321086 15.0448099821878 14.7733058177225 14.3637934247946 13.7985590104107 14.0201154405077 14.1141674914266 15.0285472981735 14.5270120501991 13.7903380406373 15.203655914681 10.8781600945755 9.31147180394764 8.68858822204018 10.3358109231218 13.4314185359487 12.2509160137618 10.7075629479176 11.1713369354839 8.1501676808173 9.36900062294697 10.446223350141 10.9170941363892 10.9976253867001 10.7559740104567 11.2358425436219 11.3051362612327 11.0169378928702 11.320865620113
13.5095375229475 14.3608882120516 13.6307735109756 12.9436628587343 12.8775858587034 13.0426583123402 12.0895506390872 12.5957307110818 12.2589949823537 12.570500761288 11.9829300116225 12.5688324966637 12.3017008447212 12.9844994411597 13.1264264099289 13.2654040857035 14.3036950466052 15.2947907204246 15.4216678389697 15.137265023825 14.0924685449408 13.2373257401534 14.6177009384752 14.8846625365897 15.4166367712137 15.6468596486977 13.5348606292517 14.7346322533818 12.2943723487053 13.2363182819 13.1650050499333 13.2822749442374 12.2751804724976 9.89210891122861 7.34172833777076 10.5852052730543 8.33418261445633 8.13159793410656 10.0568303753949 10.4967043279284 10.3187453451705 10.1421084834848 10.7512532605818 11.2151072349825 10.6493286771178 10.7759340744491
10.1750828130449 12.1777354570534 13.3539803661889 14.0297060292004 12.8888113794554 12.6197357571459 14.2896088919 12.0766712093972 12.6065472954798 13.1826502630402 13.414079314497 12.1618380456307 12.7982265875655 11.8418067786239 12.7718504108849 13.025443079571 12.7247995849387 13.0186400386716 14.6777489027125 15.1048622093685 14.4129427275259 14.2861174523652 14.6642425062793 13.3016586513471 13.3524194194196 14.1093080050672 12.9273298140885 13.1064884906744 12.413041995999 11.4074554573881 13.0963320671892 13.4365459087757 8.50591004919697 6.89855908835573 6.30772944296512 9.68574575915612 10.8450769356587 10.6343832546074 10.4761177922916 10.3318408200687 10.4613470484066 10.1406904551768 9.8597694210704 10.5858097790575 9.58000335438065 9.77545450138617
9.74051985160733 8.86754312349861 10.2762108279693 12.3001542662579 11.802394614505 12.0413831725973 13.6477502033982 13.2047342059353 13.4542898518956 15.3659942783857 16.1386674691226 14.8351845930761 13.533943690217 12.1531072828261 11.3919789420566 11.5961236973095 11.4337058690023 11.7017480615311 12.3422123909132 13.5208340365519 12.8024576176045 12.2682191113324 12.568553346328 12.2351675928017 11.9577811141462 12.9091103309663 12.5154459590193 12.2218767797388 12.5627859693552 11.3633090425112 12.2190747047519 10.0139227925753 6.7566094155079 8.66211754846197 10.5098221342241 11.9898613256146 12.4810694249826 10.8679940274345 10.2511220295933 10.1541599555886 10.3237002513879 10.1700532386887 9.94225174750818 9.97511885650845 10.4267824394688 10.5930764052827
28.6429230101888 9.40886444810138 11.0581342286937 11.1285319473126 10.8268664508388 10.4196870260288 11.112618131911 12.3024400109226 13.5841094053198 15.2370049207483 16.6373977904474 16.7894142687042 15.8992953463262 16.1688454250803 14.4731446542694 12.3827441659097 11.5385259108887 11.6060947315814 11.322953823653 10.7946750741058 11.7977972676344 11.2854093196989 11.0484709467056 11.7442104203827 12.1365160429828 12.3737288044816 12.9037481446025 12.391264481092 12.2194169637977 12.5209223956607 12.6277884515268 11.9882741607155 12.8610412593976 12.7989551236399 13.557717614163 12.6874370708625 12.1785396578706 11.5379823169338 10.4363285306319 10.9273407433235 10.5721233683817 11.254513136586 11.0608579015859 10.1155407835815 11.229687975509 11.1827899666236
22.8127539784087 20.0038380469868 36.8609874606993 16.5438221093377 12.9858836503217 11.9862037294006 10.6882666223629 10.6340685141739 10.8503332032817 12.5714367967997 15.0140996978489 15.0080919692212 15.1348021583525 14.4051132494406 14.7144202072022 15.3748788083954 16.0527529452555 13.8338517844587 12.9174577148427 12.29936831313 11.452839329812 12.1260700143347 12.2052708735333 11.3678558249255 11.0378482541025 11.3423544997579 12.0911642707451 12.5372500067108 11.9957386593416 12.9093674709481 12.6387792309884 12.1592069077779 11.8090368461942 12.0478539053376 13.409583582486 12.8199625147417 11.6776418976927 11.4235186640559 12.5300590997845 11.8485404361096 11.7528446197754 11.1526359467635 11.847918403724 11.6518094579824 11.0487545172881 10.8279468928777
20.9256418952623 25.0758318652351 38.2288312589955 39.9057017938396 36.113712796678 16.4869866825983 13.9914245531837 12.0607692086192 10.8571472588634 10.79322548625 12.7713590817502 13.8820531397986 13.9959498589793 13.6974939000744 13.5833293063231 13.0779050959899 12.9926261367934 14.5500290533109 16.2687046590279 15.545910343303 14.3391461054537 12.7853494374771 11.3076297289185 12.7570837113807 12.4342344367592 11.0763763601301 10.7791531752141 12.0911182046122 12.1035192723076 12.3512805040705 11.2391067174564 11.0123696488252 12.0240405888946 12.310575276764 13.3408209954339 13.177127440336 11.7653867064122 11.6676069295973 12.3833128526099 12.606318965755 12.3378570671808 12.135515909023 11.9762730353045 11.965373659555 10.7073892686001 10.4132590401255
