IBR/IBR_outputs/all.combrep_1/Silt_Total.VRM_Total/Silt_Total.VRM_Total.asc
NCOLS 160 
NROWS 95 
XLLCORNER 210004.651214014 
YLLCORNER 7350008.22228844 
CELLSIZE 4999.99999999997 
NODATA_value -9999 
[rows 21 to 41 of 95, columns 92 to 137 of 160]
10.436652894824 10.4204415801451 10.0039653840315 10.0719953569675 9.41975908281678 8.50970542755427 10.0427843937307 9.17177585719497 8.69138351233364 9.37288783663471 9.35671987589246 10.0866562294869 10.02412293153 9.51718631528372 10.0143904427903 9.70377458519502 8.74072128639895 10.7815560735579 12.6631934046397 10.9235088625011 9.91244468352184 9.92143029992667 9.72500672429271 9.6182502331159 9.83936238127273 10.8095314626741 11.5308564104493 11.0118222294615 11.1522755061704 10.7905808638356 10.1729103661873 10.4647438673912 10.7507112233778 14.8941437013214 14.4167742595293 13.628586394052 11.1645927579404 8.09174214868431 7.69329471450199 5.58375692700874 4.48962080955325 4.5959873650813 3.82155940522488 5.0425825486393 5.39747801269518 5.61309209903356
10.3632945494936 9.47389415698809 10.0275879549409 9.53344796826421 8.81949418256725 8.27378042588008 9.26965973367611 8.87921525997607 8.5278390315417 8.86521959114495 8.22379707995096 8.95754833581225 9.69200095104754 9.78227816620523 9.55246722413071 8.84256439570096 8.13060146797325 9.28948514118302 10.6569864841086 10.7996025401297 10.2165521338945 9.80609260788343 9.47984367234004 9.20848674828332 9.27661663793799 9.69096254315309 9.65506869587497 9.85808594651643 10.6034225784805 11.4546299271272 11.2766679027649 11.0918291937086 12.1277162660382 14.0166887255798 18.5473460096149 11.8435073291988 10.8840401341335 7.787357322956 9.72997644220703 9.33408059358366 10.9146360216457 9.01276308196918 7.09579272311637 6.32633484957969 6.13538903731387 4.52778148033054
11.1225385571295 10.7987645228292 10.7635775833448 10.35913910001 12.3218510545732 10.0337172082854 9.14677681289052 8.50973069040302 7.49626011028282 9.12155482343644 9.15143111890334 9.19750428675474 9.9750493844919 10.2508401250376 9.41871612039253 8.37010450177152 8.65712093972885 10.4433728778012 11.1903782148749 9.44030154784874 10.375300962196 10.5636252327858 9.80304604778575 9.26896375268541 9.59936127294104 8.5201250607825 8.73851901642406 9.67445243213979 9.46669731112956 10.4412103184198 11.1398106073482 11.939101327272 12.053717140278 13.368573944732 12.665706055998 11.543730522295 11.7764824865716 11.1228084516069 10.9925863568328 11.176329591245 11.2401100909173 12.5423863452027 13.1587475521515 11.357286277515 8.44943676725759 6.44583307288117
11.0831399015814 11.0361030177934 12.8958198059297 10.3974968425862 8.80772542280268 8.7766307403058 8.54235360577993 7.77835377912793 8.14427329957633 8.60377165042592 8.93919065631289 9.46570457983777 10.2929006554944 10.3370965126334 9.39205669788731 8.88519773335029 9.93403813090214 12.7331646934638 13.2138409192931 10.6715181651947 10.211856397369 10.7057465860557 10.4192110485198 9.76535684988876 9.70938134454939 8.33776590820687 8.95335601818692 9.48687245618472 9.80043477246911 10.5178730250602 11.7063367890869 13.4208229082255 13.5404654803613 13.4434048400699 12.3890191781621 11.0953495802352 11.1268366743606 12.0289665279496 10.9800152468942 10.7165259165633 10.3752946218511 12.1856339274915 12.7390833904756 14.0041262572357 12.7952290146154 9.70551584943141
10.58281333289 9.90942522857114 8.17849739090214 7.73325171147452 8.61510107995563 8.99623356656022 8.77394275003765 8.4238863099987 9.22654244145137 9.01568051587852 8.67568692475377 9.60127687096228 9.94463888420397 10.7745312368695 9.7235345286598 10.1107449114548 11.2208287225424 11.2958142204328 12.999456752841 13.2340345032385 11.2239261427691 10.3769393357312 10.8987830638799 10.6716333924864 9.65872080620742 8.71418674015349 10.1771065159339 9.18698291565899 9.03312458087648 9.17129397727942 10.6649466130695 12.2949981063236 13.0176749688437 13.6734309349485 12.6872908772179 10.9809576068352 9.56907637680453 10.1722217111719 9.62120790133464 9.28340317074287 9.31831815729534 10.5414002245143 13.2064989794242 13.0183462593834 12.6010141991504 13.5205821375988
9.64768619531479 8.9279876816944 8.68451149940441 8.66291984650658 9.48964267325604 8.82238365084587 9.31413265206409 9.6656520167315 9.38535992591061 9.24296753462741 9.99657831475571 9.66692256493205 10.8365626853529 10.0769424162703 9.72451403566322 11.3192453106066 12.6552350068368 17.1313618242868 21.0810851029683 16.5629444456132 12.4253491633527 10.6735016268987 12.5891429080251 10.8445551675832 10.1803731871009 9.47916303190149 9.97623874077395 9.44512845807774 9.23640882992822 9.48274152460096 9.94222065226606 11.3431662871977 11.5742105781421 13.5580055963473 12.4994876710895 11.5430660906602 9.4839570832017 9.59293097730762 10.509436434738 9.32743120131024 9.55054130535467 9.6393253926894 11.4562493153052 13.4987494963775 11.7471905036378 11.0410615041872
9.16855769968091 9.0926894436356 9.53276593227267 9.16298607582373 9.27470746335316 8.87793548507097 10.4323591426032 9.66663425464996 9.3606851631378 8.93846586587072 8.44572907574111 9.49508018875436 11.4726087908474 10.606437769013 10.9190589742845 13.0747821450301 19.5256677366161 20.3963579969385 15.6226677268794 16.3209644708811 13.0222550370357 12.8808605567307 12.8682077324624 11.4718118797558 9.82881396622238 10.1075114248531 9.66544875527437 9.80798702603538 10.2797507668882 12.9903655090936 13.7155562733148 18.3393302831259 11.5225269550654 12.1668892636048 11.8632195486311 11.6950487057226 10.4826111645414 9.77493956302845 10.3758780169447 9.33052305273896 9.10125854276078 9.3039480474158 11.0542016903677 13.1586002996803 13.1718773889248 11.6296701496024
9.37160839641093 9.58769171897718 9.65072257766544 9.29344631595364 9.39461615057107 9.79350371671618 10.3524232629016 9.61234887964598 9.65665290914425 9.40812276461173 10.0593153398741 10.6482075076809 11.087515816641 10.5196514597601 10.6134071902248 13.63666515609 13.5654300199883 14.4728652363986 14.6940610711386 12.799984036306 12.7439369969195 13.7498782470828 17.8734102460856 19.2163649089929 14.2241518459222 12.7047526733397 11.8275518513864 12.2274394330383 11.4877777412147 10.6832642117959 8.54812602482579 10.9715323272316 12.7879184205253 8.84768421237963 11.0174083554145 11.4383905944778 11.2538438747218 9.57951857046705 9.57403112049832 9.24946988521427 9.59037908126585 9.61451145159615 10.646073064488 13.3993125743008 12.9324688435156 10.9746190921005
8.86603992638633 8.70830025789186 9.39170422547211 9.20221260259565 9.4634736209345 10.3553573120022 11.884708452359 10.4179962697375 11.5219043060701 14.2430831465756 13.4985873155202 12.6817176673734 11.6154743587967 12.5036450104291 11.548222599458 12.8776374435835 15.2902941375131 19.1975773087896 15.0066892177357 14.1662734817359 13.9031655299958 13.9466232740689 15.640745969184 11.5605636660696 12.4320574075055 11.2756043308931 11.5381292637383 10.2553528843231 10.2133804000507 8.13113174087827 8.1812468850404 8.44932333099384 10.9085155567589 10.3172058764327 10.4808758751109 12.1891507232216 11.9801915103963 11.8434875514587 10.9478398547595 11.0495710763181 11.0555918273434 10.3989341773802 10.7410650375322 13.1214102880312 12.7088016814265 10.7654614576081
9.88736902137148 8.82969424764528 9.36342032436356 9.5167945638611 10.7707867212285 11.6838952210384 12.0043992741454 11.2058004881104 10.7327239732219 12.0533821622569 13.8550601922566 14.8502940033697 12.5787880707957 14.0585435820859 13.2585274309247 13.9600616015482 13.8288331107712 12.7634300819178 14.8845870289195 13.70670231207 14.5404117627287 13.7730116189095 13.0748144035404 11.7893200165488 13.0404295431426 10.0084008694907 7.4088283479016 7.13679791590183 7.91279800469196 7.051695539408 6.75917211049263 6.68932437418042 7.63981881784131 7.9256505843611 10.1205497291969 11.5212627322888 11.9129418656261 11.9349874988862 12.0654597304924 12.4066077603369 10.8935390868293 9.89040627978824 10.3819427007676 10.6137709551864 12.1210452311186 10.6206337247464
9.6323975652433 8.32773046158102 9.48931795993647 11.9661966534302 14.0455548205831 12.7725236600069 12.2781144371246 11.9965962272054 12.0515546789799 13.0097484114769 13.4720117482917 13.7074366869951 13.369359096219 17.4013193599027 18.049546405972 13.4877968730557 12.9465318705412 12.4396529195214 15.576019592606 12.835602501987 13.6252756753802 14.8918361327745 12.0449809954484 12.151735918274 11.2939264751885 8.57504680892244 7.79840094906649 7.80249442166744 8.04334472748815 7.41333080485968 7.00088681780843 7.49851704530229 7.57212681057497 7.56194480755169 8.47445775687406 10.0575352330026 10.1003935632079 11.5101203822241 11.7100291362847 11.5039135361924 9.05161994384648 10.2025865572124 10.3415031195385 9.94344625591901 11.1260520414401 11.2192833271301
12.4015268683164 10.6795492343541 8.52114708869044 10.6786599390394 14.0110896461708 12.9142776672971 12.3257389100603 12.9123592248296 12.7657988603287 14.382025268702 19.5771607413199 25.9643128900797 15.5250080064589 18.1114184738555 13.5426852172082 12.6486343433323 13.7666871025793 12.2859248224966 13.1380916758504 12.5397136877425 13.3126284121077 17.7317983082198 11.6132000076265 12.6746631151333 10.2279665642326 8.23296448722793 6.86745706504641 6.75629087951553 7.41895268009827 7.79391139221883 7.99800522084713 8.11827374219077 8.20243655176745 7.77123950207207 8.53327755730106 9.37776916941421 10.4218579473729 10.4411090778342 12.0725158914577 12.3861358732014 10.8805107205839 10.5978837034826 10.0671374429867 10.0672512571503 10.6273237969558 10.5108562390755
17.3596323975337 12.2013015674382 9.16623945609647 9.5384860830001 13.0230470458443 12.9403402236726 12.8702377249704 14.1655918625813 15.234351347987 16.3861469601174 10.8256453736788 13.1911781401192 18.096336496744 18.9028276052259 13.7790546645541 13.2446093186064 13.7350108873318 12.3794856924335 12.052689177359 13.5670701524896 14.714722266574 22.206203978879 12.207750002782 10.1850309043039 9.33284497670295 8.14834873216379 7.55142713339967 7.46293025384703 7.476044500225 8.58755290360677 8.28508079442314 8.50931924584506 8.33378918142705 8.39762942090012 8.61077085579352 9.08102700746348 11.7710026782572 11.6398732250971 11.4484707997519 11.6727534670643 12.0756248424452 10.9344868489061 10.1648389296095 10.2514719323759 9.71161112038219 10.0897366371025
15.9283723110617 9.1749135574373 9.08652357875951 9.22339167200009 11.5377927961312 14.3867699290727 15.8837685736621 14.6437169751024 15.807893069917 14.070573142142 9.42152166569934 8.66184077338894 18.768899639985 19.1328766940955 12.9530142375046 16.0445747614893 12.9574251569783 12.1037945184298 12.1939892937143 12.5460145342716 12.3932142844368 13.7065024213688 13.2077035880078 10.0588527998148 8.12876684508715 8.57828849231724 8.2244061261472 8.13832742681884 8.82954169805826 8.93929703141019 8.7834741010629 8.75270017285147 8.72959080459179 8.9494983918365 8.6895065255591 9.71412889591692 13.1662479284492 11.512208697386 11.4892814763624 10.6705780647407 12.275643972643 11.6087843504578 12.111853611333 11.4896397322741 10.1968531442891 10.0229813746812
10.4799358687875 8.83443801187713 9.95225915943836 9.83504127005048 9.58815320792547 10.2345472243413 13.1465195082638 13.7006093348895 16.7840340362597 13.8730650981133 9.69990303137769 9.51246120173506 17.6695479668516 14.8289389759531 21.3931729583319 17.1195172407907 15.2667642588392 14.062968082327 12.2002144260726 12.7393879510603 10.8836341666636 11.91491530845 12.404863997909 14.5588048985249 10.6308853152258 8.33577699714307 8.87527234037664 9.22130362423501 8.94231610938978 8.91379346830941 9.05743045165175 8.9123740453489 8.76334225341625 8.8792945458506 8.90879716768394 9.54284170452945 11.3533306370252 10.5443128190772 11.4545313581752 13.0524622600335 11.7364874976026 11.7179908156392 11.9970191140235 11.31390205321 10.8122939710486 9.97495943014081
9.97099810617778 9.41481439363852 9.55454027423624 9.96802475856157 9.73820132908734 9.85587383862993 11.8965829560129 11.5695026909441 17.4646764303072 11.7572267520328 9.61862738937742 19.7086494805041 19.2899535525696 16.7102170855536 17.6945426761533 13.4695992809396 12.6438274364504 12.0261869973011 12.3362864165803 11.7092099645142 11.3486048506123 12.435746358645 11.3563914573669 11.7714934963888 12.4178307559188 11.4016689569283 8.94651424525531 9.38001915348987 9.07527145614527 9.11365570775228 9.0569508972887 9.10180578539125 8.71508070486147 8.80666540138352 10.5509934101746 12.7258599092319 11.9453468851649 11.4647145290454 12.2492833131945 15.0084184348491 10.8376322194415 10.775688756027 11.6051756090667 11.1867893047699 10.599120545436 9.99181517017307
10.0701175221241 9.83101104815907 9.76328335903299 9.59036531549023 9.73138495139311 9.31891284992221 11.0495153529757 10.8315485853444 12.9254969998183 12.1592626505675 13.247986219577 22.6012302155414 20.2703787455351 18.8459575675273 11.1713879447299 11.0813713940758 10.8232749024802 12.1510400442761 11.9542142320011 11.6684951886945 13.9562178769356 13.4229902280915 12.3489537782725 12.1441350013984 11.2288839456763 11.5410067558802 10.9056700920135 9.30817096339001 9.09466613636443 9.16374226391735 9.0331260862004 8.95948049000781 8.92706941826146 10.0359165920253 12.4402499676817 10.8912304660739 12.1018401235324 11.7598509798528 10.9028462434247 14.4002384173864 11.2004734390058 10.3562377185496 10.2194010074471 12.0119075261064 10.7660079725598 10.4970786161193
9.7772289190274 9.7562854059087 9.93359852178799 9.72396824491361 9.7616235351199 9.66287728996266 10.297691186603 10.478195755079 11.1107093453175 13.7640942715678 13.950838858153 13.5150171723869 16.9072729536178 11.8060263702452 10.5982395513672 8.55326503363172 9.28040354729801 10.4196783421101 11.8500381775018 11.4494665412285 12.5720295617721 17.7159229989279 11.9618076111566 10.4522898418416 8.61193221315248 8.19630158178363 8.43672716597246 9.43019463950927 9.61006715018588 8.64263858320089 9.26227823114974 9.14719188500149 9.17984455565477 12.6975666705755 11.8912677941924 11.6051160595219 13.6432475211066 12.0534303465514 13.0652431170134 13.1203346474339 11.2587114284761 10.6769969724053 9.78985587628967 10.6884492383412 9.95669436163917 9.77042936106254
9.78022272450519 9.75416650444019 9.63190430918155 9.72368304915798 9.80966327110103 9.62349706544576 9.68475670834311 10.9669016982272 12.0659555700192 17.1616908523927 13.7018342366441 12.7404654153346 15.9458189153186 11.0267744683133 9.05449915500883 8.42260228627798 8.57612290766969 8.62204874033464 9.10568177975674 10.8660194517463 13.3740974416668 18.080350170865 11.1565713341639 8.56517107341375 8.56755247710992 8.54228111534692 8.62841143711055 8.98970615061359 9.73216714444647 10.0617377608243 8.9240077730549 10.0725740486857 12.0947229770626 10.2405680616375 11.2507921931092 13.0671261108404 12.0917301630956 10.818387372403 13.5759459073391 11.900557431622 9.05770162867185 9.82034583868009 9.64216102103575 9.69056816122088 9.41845595284156 9.62378436980167
9.55870657711687 9.22050849683694 8.894639739939 9.29540748124577 9.51468309357831 9.45758682126472 9.27424991629632 9.1375676088995 11.4294831408808 14.9560454264611 13.9112744983667 14.24088783466 18.8173548343558 16.7043674467138 9.24099169088968 8.42704413640522 8.96163426527065 9.49162278935729 9.60291152132227 9.61415777962895 12.3344817497412 15.5440154677621 10.8251009405047 9.18832903092708 8.66623023510189 8.77031848483783 8.56217835132937 9.27916131394062 9.38840994826128 11.4933669572594 12.3466344014378 12.4281244132933 12.7605798719729 12.6209685505774 12.1668507702703 11.9809793592017 11.9551473400749 13.3969930038765 10.7777483810954 9.85665387728539 8.56626005261623 8.3061846343001 9.19681757429835 10.2013975061276 8.78508556231196 9.19545018163877
9.51462636922853 9.50370356447373 9.53910724357242 9.05166181230758 8.89578988255896 8.86998012290902 8.93468687064443 8.63408521393881 10.1148214263478 12.1978275468284 14.3188251356163 19.2133772349664 11.6795828825607 26.8238840866285 10.0704185919226 8.70442127244787 8.984625100469 8.75624775762851 8.80069409609466 9.09374263832976 11.191806464792 15.7352066707184 11.8932903470958 8.98774818137644 8.95177512956066 8.62104095533208 9.23635385345387 9.42730620424996 9.96755968883856 13.8434564865928 12.8359845290435 13.0937704605619 14.0210244713975 11.5268677180371 13.1298793822097 12.3626431140815 14.955442808511 13.122391632504 10.9064012181678 10.2874327352687 8.6527222664897 8.13002331753285 8.35624005349187 8.74476847912696 8.58740648994575 9.47163665144761
