IBR/IBR_outputs/all.combrep_1/Silt_Total.VRM_Total/Silt_Total.VRM_Total.asc
NCOLS 160 
NROWS 95 
XLLCORNER 210004.651214014 
YLLCORNER 7350008.22228844 
CELLSIZE 4999.99999999997 
NODATA_value -9999 
[rows 21 to 41 of 95, columns 46 to 91 of 160]
-9999 -9999 -9999 -9999 -9999 11.2237634954259 12.0766697279234 11.5398362366509 -9999 -9999 -9999 10.2994002653381 11.5760204077537 11.2077325316431 11.6186795198448 11.4939557288484 11.6979765254253 -9999 -9999 -9999 -9999 -9999 -9999 -9999 -9999 -9999 -9999 -9999 8.24709533868283 10.5294376363575 11.4476676762227 9.53444365854934 8.52625125972109 8.7069569291796 8.68715001476946 8.60401265923538 8.62781915855449 9.46399320706616 9.9427931479698 10.5517349294841 10.0788339571358 9.52912416278082 9.946924726363 10.2892891920975 9.90766066568284 9.79512141961852
-9999 -9999 -9999 -9999 7.1866015433973 8.94371479119947 10.8891883144998 9.58309456507648 8.75035152481257 -9999 8.47217428965841 11.0745933733295 12.6564372421691 13.7569605100559 13.1141363054289 10.1204613569213 8.99741852109877 8.64931302384277 -9999 -9999 -9999 -9999 -9999 8.47653154480068 8.70726972034827 8.27725099145415 8.40260308890522 9.64642635316776 9.80069178186272 11.7692020823554 11.839727890908 8.38915252718775 8.4138391521155 8.53747247445021 8.59393137556776 8.54081664281043 9.06813275933828 9.80436281626149 10.4868093146965 10.3489410006323 10.2893526341775 9.6312715324949 9.69445695877253 10.4643137246073 10.3059071284332 10.6760285766278
-9999 -9999 8.55275288505224 8.64501434221322 6.1810781348702 4.7879678085198 8.85605562040106 13.1661151266646 12.3636053318892 13.1617652523876 9.50406567335852 12.5339039391255 13.9859684309844 13.6600008982283 14.879078511047 12.9297964885078 11.0036484495786 9.55500264989543 8.58264754292845 8.30298209338076 8.41353092489007 8.7712739888073 10.1458530682953 9.29717753914463 11.2966222507548 10.7308635841674 11.9163313068267 13.8934992274645 14.3884956720998 13.4814650111064 12.5516694394053 9.98915961821965 7.84799877756059 7.96680226924537 8.34048849366434 8.55745172384515 9.17017098407506 9.62174054883659 10.6159495585149 10.2047164712168 10.5071563834103 10.2608874539955 10.0834967795421 10.5053490301578 10.4726910488853 10.3862985560656
-9999 9.64733467726074 10.779466725582 12.967965494492 12.0121020075939 12.7277119156916 14.3695785197049 14.0552803900743 13.19708045057 13.6893191690838 15.6201410701818 14.8353692277072 13.8405952783624 14.8433570767142 14.0735389004191 15.093171568974 13.6721176949667 13.7079905606365 11.0110558872508 8.71322556358241 9.92889513866409 11.135441279982 12.4281755026807 12.8200257793624 12.162630210394 13.5613559941771 14.382417866441 14.8464190837165 14.1778034557945 13.2101327829911 12.4424226441095 8.94508036089339 7.21479095837083 9.22007452848751 7.25931052893158 7.54717148730351 9.21085037518214 10.1305161610646 10.5693907658473 10.3236078896475 10.3415528437062 10.1962714320914 10.6458595746533 10.5220185240879 10.6023397480393 10.6314066294888
10.0620857398872 12.2914677458756 15.3971379168037 16.1322747478267 15.5058149734419 15.6456249263943 14.2745954954726 14.3903314489809 13.7818615524982 14.3799884831407 14.0300249108146 13.3005956412383 14.4989722663771 13.8165499587773 13.9366245281469 12.792429643354 13.6471250695369 15.5413642915586 15.6659049455113 12.930875295965 14.3249935330637 14.5648740481255 16.2929405031069 16.8801732264415 14.0377003426156 12.6282449484336 11.8243318378783 12.7579205071949 14.527643108724 13.4461974851479 13.3997634156971 10.4286210674299 9.12145477057964 10.387166023433 9.66789683803354 6.97729065501951 8.96982066530965 9.91205586882702 10.473777993131 10.1228138392131 8.97996801543439 9.90545213007904 10.3689174471714 10.7504458081503 10.7178134940127 10.7949163528671
14.0771499702425 15.5289389062804 16.797939660893 14.3820888277599 12.8057977018543 13.7487051744733 14.8332214108988 14.869486246761 13.9444286110002 13.4031527011348 13.0287940250493 13.2945215054471 12.5948045785995 12.7188665980246 14.2522387742835 13.6501123306213 14.9288647981671 16.5175829602693 16.3369363520653 16.0216386101998 17.2178841455988 15.7740796867149 16.4194336948737 17.4780538885279 15.2843573175911 15.6112641216014 14.037685316326 11.537945938359 13.149210467369 13.1358887615204 14.3600598514897 13.8930731965978 11.9450154308236 12.3571276843029 11.6900790631292 9.9900021582564 10.9351872655457 11.0934766745516 10.5212745905107 9.90587579041494 7.41595917536446 9.81483868177721 9.91817651791017 10.6938234850788 10.294502475224 10.5813787427823
14.5072055869357 16.0361491485067 16.352903954075 14.8665485949323 12.6784495552332 13.0460845035319 14.3287525237093 14.8144625552315 14.5679047537321 14.4066274304567 13.7683328529459 13.5925696046032 13.657051542855 14.4235433146385 13.977548568585 16.0694136267831 14.8023556820972 14.5391197210363 14.1918655107646 15.8468016448738 17.2244360381261 15.6004424186679 14.2834834836502 14.3296718140778 13.7918935016211 15.4868089337202 14.3728140738611 13.2291383995524 13.1281719268594 13.567439933488 13.827098480909 12.7613048063715 11.8007358596732 12.5278334357191 10.6407495635177 10.6255358103814 10.7452668329291 11.2251368585383 10.7638402301279 10.381742194382 7.67579522563569 8.81808032759501 10.1040484720175 10.5108401180537 10.3861719319041 9.94244508667811
14.0216954226145 14.1513792906645 15.4111029958783 14.0180632464292 12.6662389463538 12.3646991830563 13.6329490625318 15.005178033555 15.5603909240099 14.1278950346533 13.7667522070012 13.3349133983344 12.8602462706633 13.827463832549 14.6107287674638 13.9957159823696 13.2636360549267 12.9840701667917 13.7378877459173 13.8488125114391 13.608645068329 15.1603724994458 13.7773746505135 12.9349185650452 13.1727694157882 13.7347288151555 13.2142772392502 12.7345524509073 11.6841889261144 11.1223330395891 10.5769331724537 11.05944866016 10.5246926189846 9.01567774882679 9.72271344620066 9.91758728326246 9.59790377593631 10.0603770126111 10.2182646250609 10.0832803083709 9.15399370600647 8.28386851650876 10.6068363727571 10.2415095230983 9.93814181605686 9.72465598076512
13.18924305906 13.7123570592296 13.9618743522503 14.6686125966029 13.5531958907494 13.8480621842341 13.1979754080792 11.5170864849629 15.7446833208497 14.2759928242996 12.9525866933043 13.1429060632146 13.2718284050817 13.8135288914122 14.6288478421163 13.7569278613968 14.1375176407079 14.205043875326 14.0034166046359 14.2731440547067 14.3118666063035 14.1433792039509 14.2724524643432 13.8893264861477 12.91145052864 13.15512881886 11.622945595232 10.7996044967262 10.5556623398085 13.9270783379209 9.63927397670873 11.0181646755807 10.5841948102825 9.70672040264591 11.4232299550981 11.8782071212295 10.9797952445766 9.24473979909713 8.47494011455436 9.68844528902327 9.65160491548255 6.62764263705024 9.03127286735049 10.2544340898998 10.3901806290436 10.4703483585512
12.9552467923825 13.1515703425596 14.097381640939 14.0440101861232 12.8196949185522 13.3020889259967 13.8743367437823 12.2867399104467 14.9812734507071 15.0309529142241 13.523312669871 13.5019657616246 13.5694346672092 14.7974283778423 15.0016328072547 13.9681213452973 14.5784402996691 15.7481063543351 15.3881383731412 15.3472370918947 15.7177020067591 15.0697054798117 15.2355397227919 13.886581998357 13.0990373584451 11.7275021536934 11.3646244867848 14.0718450090689 12.4931705877416 17.5537900738135 9.75709875736516 10.6748135728908 11.7294299216466 13.8915184916213 12.8090884690781 13.5973862763325 12.3204611107752 8.5090732064989 6.60374784651159 7.57258262423154 9.54799128731399 9.47852466431825 11.416797827002 10.4655681596078 9.74899615798678 10.510085278265
12.56955817439 12.8701928966327 14.2189506638277 14.1904016975286 14.1469834223845 13.6885918288773 13.5637460534145 13.7539553950061 14.0648111223919 13.1706179219828 13.5419193667502 13.1362539470808 13.9849873131382 16.0759573614434 14.3486212645025 13.3459983457159 16.0337470103397 15.2430525710339 16.6036981328075 19.9550307994442 15.3104499455929 13.3219566931942 14.9141548448255 13.3695950171631 13.3783847603045 12.9158187035954 12.3546031072294 12.8192253246738 13.0462802563804 13.6630460089913 12.3478794899212 10.8424343991604 10.2539753788575 12.826585664239 13.4837839560453 13.9283624951256 14.0263878777422 11.297091430171 8.79107427300328 6.89366050938819 7.79850546554291 8.33045644602674 13.4985942258854 11.5375521318348 9.2313423986438 9.36404937565706
12.1735945410188 13.3587907217298 14.4956773531553 14.9885498951729 13.7876387476635 16.5357903177531 13.665317907059 13.0144174370199 13.3724775330593 13.6626716673954 13.373881483835 12.5533603069395 13.7764060160407 17.0255112985811 14.089637162668 13.9741722189612 14.7477460435032 14.6200457839244 13.7215930190348 16.6900884515892 15.4345968939698 14.8222372534844 12.6948457766561 12.8274081150137 13.8923131029775 14.6840019651908 14.2258154829228 10.8820507240901 10.8293286096364 10.8608434057953 9.91063955076533 9.83588510289789 8.66651147001366 8.80950309350615 12.2467633868175 14.503135455281 13.8361746646877 14.7300820540913 13.1274195402098 14.2822371123308 13.4662600778743 13.4134827754261 8.68708870284917 8.32293298915328 8.6072489462263 9.02227773857887
12.8419521475542 15.147662255054 14.0919111223114 14.3729176157775 13.7995061286509 14.3097036313729 14.4407383643007 14.4806093558922 13.7209113681955 13.3054323523541 12.1205840117916 12.1395707629344 12.699872192411 12.6913349506577 12.8816778804469 13.5639105320741 14.1982121024339 15.2299307478918 15.4472021607617 16.1369121945152 15.2755083048217 15.6976394271298 13.9733543341738 12.7170841621883 15.189463044999 16.0127005414853 16.0246120494241 12.89874003127 9.38812131856314 9.61087085440894 9.64797028924439 9.71916872425366 9.31653864319277 9.21388307786488 11.4500008554657 18.1020195720352 14.1760581866514 14.3322018098597 12.8655036606625 13.1038928372129 15.3351282676064 10.0477421640407 7.45248149264188 8.05356655331546 8.38265728989541 10.8063317935372
13.6205129352392 14.0357054131616 14.4776168994461 14.898741446091 14.3819028144135 15.6008575845472 16.1338271013916 14.7355973011351 13.3813024868904 13.3650281895181 11.5373078531008 11.4920236156241 13.2902444056828 12.546680555224 15.2127797381426 14.5966350271631 13.8850886476028 17.3162954850821 14.9748983097386 16.6777480016652 16.6998310362921 16.2828865109877 17.3570835230266 13.3032427025002 16.0890762957016 17.6832929862146 17.9226651372562 16.1050599821018 14.5199589191016 11.3297548617309 9.39752277485371 8.42119197351138 8.6467552556496 9.41125702735604 12.7943752039284 14.1871582510294 13.597961627478 15.1185532466659 12.5091538724836 11.8304192318407 10.2198586400044 7.85908242357466 7.77154085826848 8.91036665610624 9.09836827881766 11.7710200281423
12.618698502932 12.6405948492426 13.9766259773488 14.0167995836292 14.7148735393032 14.6120401840206 13.6503583081728 15.3359609303783 15.5900573902165 15.3140032517166 15.5176322541763 15.7541900377662 16.3310271450261 14.4703772719961 14.70448034147 15.4030513718468 16.8364563477381 15.6456967023947 17.1363219580531 16.9188822403177 17.0545473142711 16.8775678458314 15.7272622606164 14.7494318053856 14.3353258159008 14.4632090669047 16.3145503775711 16.4908177644246 17.0642648598828 14.439163513188 10.1476307468667 9.61080144035018 11.7263434666755 12.7670715391058 12.7807882816495 13.8200623650211 15.8566551023534 12.8671531665633 11.0709790967727 10.394041208522 10.2409275948302 8.20158181288418 8.17426309167094 9.03185511202115 9.67375886572535 11.7714362542372
12.2813282581989 12.2649490478202 12.4160198772428 13.3125377018297 14.1964731853345 15.5306551530258 15.2709436497079 15.2419985310144 14.9649064575399 15.3121311325399 16.1349282629438 15.2260882068971 15.6996701931522 15.2232405375796 15.4594864817948 16.8776444421724 15.3295509254381 15.0222052219536 17.2449706356043 16.5092752989096 16.7416514875718 17.2474715454004 15.508795258145 15.336672376644 15.187517448768 14.7178922520575 15.1925116345482 15.3330771394418 16.1713596074685 15.7407399198242 14.2432918809161 14.2392419786764 14.4660438490198 14.1301801379551 20.3855749804104 17.289248834299 13.8269798705961 11.2578786681818 10.1739734774579 10.2624302940807 8.82079892761384 8.11376402474736 8.84148886414174 9.76017951007213 10.0415063841077 9.67678155869552
12.6704650155024 13.0347908504406 12.9498092444896 12.6386950275732 12.5968722656981 15.0088653477324 15.8664622643514 16.4341074352362 16.6475217232144 16.5686380002885 17.1090724228616 16.8685153959112 16.4944044166283 15.8427651079087 15.7159868279788 15.7064654659831 15.5753356888054 16.2324226528538 16.6146251126204 16.6683258027195 17.1243573684277 15.9793402548103 14.8427139341998 14.7363060769839 15.0334444393862 14.8639623381646 15.4059216333894 14.1788665578169 13.6192299518911 15.4367807554972 15.0852457701046 14.6573451119718 17.0280354118732 13.2437937186562 14.6014421680022 13.7354782796472 11.9493505029593 12.2142742508293 10.7439774418153 9.22284987684194 9.7634284761291 8.83488577435501 8.97212385880685 9.82211779400255 11.6096067496685 9.67763281462281
13.7148122077341 14.7190742363337 15.3169368244557 15.546077589674 15.7187221662328 16.5460038460432 16.8984948501949 17.5442004720912 17.585075115507 17.4954245568651 17.4043560856547 17.2973368068452 16.9352744871108 16.5891842755395 16.3115617020468 15.5078402980209 17.3873105933499 15.2711000484941 18.2965384670617 16.2399429260793 21.3897070094926 15.8245152533587 15.4960520932587 14.5337527285453 16.5058565372389 17.7391447725768 14.7190282256989 14.8543373126942 15.4871620417755 17.0519317600422 17.3487224757294 13.8386738710296 14.4257643275319 14.2735875140117 12.7964640086078 12.2762846240635 14.7565914827863 17.6668015224543 10.6931907883468 9.20414075457555 9.09313614539878 9.00684158827629 9.45076419736451 9.48207287327565 9.88003391460642 9.86923068337692
13.713452475508 15.058832762592 15.0092344084414 13.1245403252189 14.040505317877 14.9556159629787 16.4371700130427 14.5107351953262 16.2060273484349 16.888469823359 16.857275877597 16.7360708229126 16.6022211374836 15.9565536819246 15.7014687668472 14.7760146419446 15.3608868911026 16.7917189107528 17.7291082565423 16.5606273897537 17.2714660971643 16.1380971658713 16.1363515891097 15.0849167892578 14.8139691905921 17.6771016086038 14.3760597718744 16.7058149919564 16.9545969415959 18.1394438517446 18.7979998127251 22.4667219572175 17.6207579227223 14.8246643068474 14.1854517840888 14.8613212222182 14.1957378237247 12.3172473866301 10.9218450235134 9.30618810075839 8.65995082594875 8.89091848589041 11.4037987395019 8.52062875630377 8.86967935141968 9.68663298804713
12.685325803734 13.6616445135591 15.8041630996684 13.8753806908195 13.4705289136531 14.259578251343 13.1667773076812 14.9174933982616 15.3659109386932 14.0068635581924 13.3864413050296 13.6992350783125 13.9921417923986 13.5618453107301 13.5636039230659 13.0320234190686 13.6091566877186 14.0449170306405 14.4344393712172 13.8152089954952 13.4653536635117 14.4308424057753 15.2112710732747 16.7026601077892 14.4309767393437 15.5855818070476 15.0373599907796 15.6825112290902 15.9979486831062 16.3296907096055 17.7290088116458 18.5945315823199 15.1043648001822 14.7336347459073 14.3650526260162 15.6499177887184 15.5232015553435 14.3312900985216 9.81991856770034 10.5165523676714 9.46893434836496 9.27083733622444 11.5038503884321 9.75725043512757 8.87857848081284 9.22441665986133
15.1068579788253 13.57524043965 14.1440547871196 14.2882803775711 14.6266694583072 14.6135632065325 13.7226930202452 13.4081194565527 13.4893153072951 13.6428324683634 14.4240190874866 13.3776212216917 12.3830199882953 12.2815954496713 12.8039062206481 13.1528811394665 13.0925341751112 13.1944869632241 12.8760160691687 13.1767346319227 13.3440825799588 13.4511478574577 13.3094375898165 14.6163925656805 15.3473654417833 15.314373169553 14.5034601350228 15.2749422648026 14.6426326862255 15.8124988074497 17.2579107456512 17.8714106909909 13.7477075079704 14.0819327335656 15.9381465610384 14.825825960739 15.793250501426 13.5693961025333 10.0362595631676 9.89958502006673 9.94757546962153 10.2071980634157 11.7595374680087 10.462455682873 8.93661743843945 9.02054007270025
