0.00946145 0.765382 0.195779 0.0293774
0.0414223 0.882203 0.0762751 9.9991E-05
0.0163052 0.747273 0.231843 0.00457827
0.0222847 0.895058 0.0287655 0.0538916
0.0118599 0.903337 0.0467093 0.0380936
0.0159464 0.92208 0.042117 0.0198563
9.999E-05 0.85754 0.0907334 0.0516264
0.0634483 0.936352 9.9982E-05 9.9982E-05
0.00286733 0.660497 0.242264 0.0943717
0.0380931 0.629681 0.293696 0.0385302
0.0623248 0.62635 0.115502 0.195823
0.0247001 0.544324 0.350185 0.0807911
0.060558 0.536501 0.0670519 0.335889
9.999E-05 0.665985 0.202556 0.131359
0.033579 0.622045 0.287968 0.056408
0.0164858 0.831866 0.151548 9.9991E-05
9.9982E-05 0.738464 0.261336 9.9982E-05
0.0482723 0.77402 0.177608 9.9991E-05
0.0656439 0.137241 0.590794 0.206322
9.9991E-05 0.197165 0.768523 0.0342117
9.9982E-05 0.178816 0.820984 9.9982E-05
0.0321314 0.0122968 0.89993 0.0556422
0.0542139 9.9982E-05 0.945586 9.9982E-05
0.0174858 0.101793 0.845313 0.0354077
9.9982E-05 0.26457 0.73523 9.9982E-05
0.01944 9.9982E-05 0.98036 9.9982E-05
0.0356304 9.9991E-05 0.85935 0.10492
0.0269922 9.9991E-05 0.908292 0.0646162
9.9982E-05 9.9982E-05 0.992083 0.00771658
0.00295428 9.9991E-05 0.887992 0.108953
0.00781607 9.9991E-05 0.954812 0.0372718
0.0339372 0.0254973 0.913227 0.0273388
0.0717527 0.0882973 0.83985 9.9991E-05
0.0788709 0.644146 0.269367 0.00761693
0.000937208 0.693671 0.279552 0.0258401
9.9991E-05 0.783553 0.158521 0.0578258
0.0394698 0.830425 0.0746758 0.055429
0.0275473 0.702889 0.13177 0.137794
0.9997 9.998E-05 9.998E-05 9.998E-05
0.0421296 0.0423723 0.850943 0.0645554
0.0282765 0.656591 0.227174 0.0879585
0.00910343 0.82615 0.164647 9.9991E-05
0.0139846 0.426461 0.350636 0.208918
0.0550795 0.482865 0.147094 0.314962
0.0171461 0.5651 0.105927 0.311827
0.9997 9.998E-05 9.998E-05 9.998E-05
0.0705977 0.602377 0.224949 0.102077
9.9991E-05 0.595705 0.144521 0.259673
0.0439032 0.460206 0.374373 0.121518
0.0198029 0.0840331 0.00609103 0.890073
0.0316583 0.027111 0.0248362 0.916394
0.00541494 0.12086 9.9991E-05 0.873625
0.0546962 0.109026 0.000337286 0.835941
0.0526677 9.9991E-05 0.082902 0.86433
9.9991E-05 0.00601563 0.0819741 0.91191
9.9982E-05 0.204462 9.9982E-05 0.795338
0.0308461 9.9991E-05 0.079896 0.889158
0.0495574 9.9991E-05 0.0774996 0.872843
0.0448899 0.0889132 9.9991E-05 0.866097
0.0595028 0.220578 9.9991E-05 0.719819
9.9982E-05 9.9982E-05 0.083319 0.916481
0.0243503 0.0751935 0.119938 0.780518
0.086933 0.316 0.0609438 0.536123
0.0209998 0.109675 0.832289 0.037036
0.0280954 0.131212 0.797793 0.0428999
0.00544687 0.0367988 0.957654 9.9991E-05
0.0243208 0.109697 0.0650896 0.800892
0.0882835 0.193878 0.0231007 0.694738
0.0171676 0.0841719 0.0502615 0.848399
0.0485682 0.0406944 0.0373505 0.873387
0.0647111 0.0212754 0.0187171 0.895296
0.0038448 0.625255 9.9991E-05 0.3708
0.0307273 0.543917 0.110941 0.314414
0.0267558 0.554416 0.0429272 0.375901
0.0453055 0.601753 0.0308841 0.322057
0.0579118 0.516551 0.145213 0.280325
0.0472255 0.493379 0.114118 0.345277
0.036429 0.553494 0.16546 0.244617
9.9982E-05 0.218083 9.9982E-05 0.781717
0.139364 0.327603 0.0054719 0.527562
0.0277947 0.0019782 0.092006 0.878221
0.0637797 9.9991E-05 0.11121 0.824911
0.0642673 0.150893 9.9991E-05 0.784739
0.022424 0.0933041 0.811309 0.072963
9.9991E-05 0.328785 0.178038 0.493077
0.00610384 0.591855 9.9991E-05 0.401941
0.9997 9.998E-05 9.998E-05 9.998E-05
9.9982E-05 0.839735 0.160065 9.9982E-05
0.0376509 0.833048 0.129201 9.9991E-05
0.0516338 0.707155 0.18017 0.0610411
0.0348681 0.455673 0.327583 0.181876
9.9991E-05 0.828331 0.0921284 0.0794411
0.00517196 0.454374 0.0824775 0.457977
0.050903 0.246239 0.642611 0.0602474
0.0841451 0.492906 9.9991E-05 0.422848
0.0494314 0.434014 0.372796 0.143758
0.0146685 0.735821 0.24941 9.9991E-05
9.9991E-05 0.894477 0.0793798 0.0260431
9.9991E-05 0.811895 0.136392 0.0516132
0.0236927 0.814672 0.0640827 0.0975524
0.0366279 0.912465 0.0153909 0.0355162
0.0180422 0.82952 0.152338 9.9991E-05
0.0419503 0.466742 0.0512372 0.44007
0.10974 0.434737 0.11348 0.342043
0.0860723 0.410058 0.0823322 0.421537
0.00900792 0.554804 0.301267 0.134921
9.9991E-05 0.614452 0.129919 0.255529
0.010681 0.393113 0.537664 0.0585421
0.0362962 0.0823439 0.0336648 0.847695
0.0171428 0.0466926 0.104235 0.83193
9.9991E-05 0.404872 0.196436 0.398592
0.0308285 0.453847 0.155399 0.359925
0.0423248 0.304681 0.333087 0.319908
9.9991E-05 0.114339 0.842302 0.0432588
0.0523203 0.0349082 0.0814556 0.831316
9.9991E-05 0.127804 0.0142376 0.857859
0.000741996 0.349358 9.9991E-05 0.6498
0.0768637 0.378438 0.507727 0.0369718
0.0142538 0.612904 0.347266 0.0255769
0.051597 0.881175 0.00505998 0.0621682
9.9991E-05 0.834321 0.0361666 0.129412
9.9982E-05 0.58687 0.41293 9.9982E-05
0.0134862 0.789422 0.196992 9.9991E-05
9.9982E-05 0.873917 0.125883 9.9982E-05
0.0274757 0.926628 9.9991E-05 0.0457966
9.9991E-05 0.531302 0.435771 0.0328271
0.00431449 0.836563 0.159022 9.9991E-05
0.0332968 0.766349 0.200254 9.9991E-05
0.0239578 0.833819 0.140685 0.00153802
9.9991E-05 0.549583 0.310523 0.139795
0.0484857 0.828876 0.0457107 0.0769271
0.0130285 0.636002 0.28317 0.0677992
9.9991E-05 0.91735 0.0676224 0.0149272
9.9991E-05 0.0151526 0.939615 0.0451327
9.9982E-05 0.0446002 0.9552 9.9982E-05
0.0357943 9.9982E-05 0.964006 9.9982E-05
9.9991E-05 0.0451692 0.84917 0.105561
0.0171865 0.050291 0.851745 0.0807771
0.0170112 0.852202 0.00770582 0.123081
0.0423957 0.779489 0.178015 9.9991E-05
9.998E-05 9.998E-05 9.998E-05 0.9997
0.0357368 9.9991E-05 0.0838345 0.880329
9.9991E-05 0.0613907 0.0222118 0.916298
0.0130481 0.101736 0.126337 0.758879
0.0503949 0.0283107 9.9991E-05 0.921194
0.0275611 9.9991E-05 0.116208 0.856131
0.0277144 9.9982E-05 9.9982E-05 0.972086
9.9982E-05 9.9982E-05 0.064393 0.935407
9.9991E-05 0.00383323 0.106199 0.889868
0.0107431 9.9991E-05 0.0758917 0.913265
0.0635904 0.0583595 9.9991E-05 0.87795
0.0474669 0.0455333 0.055289 0.851711
0.0304616 0.0610914 0.0896077 0.818839
0.0250771 9.9991E-05 0.0630095 0.911813
0.0269847 0.0081842 0.0359833 0.928848
0.0432877 0.0360633 9.9991E-05 0.920549
0.0265613 9.9991E-05 0.0702082 0.90313
0.0125813 0.571734 0.0542319 0.361453
0.00556205 0.670305 0.0532599 0.270873
9.9982E-05 0.0803344 9.9982E-05 0.919466
0.0602733 0.183647 0.0178081 0.738271
0.00770304 9.9982E-05 9.9982E-05 0.992097
0.0196839 0.55974 0.0222563 0.39832
0.0287518 0.929998 0.0411506 9.9991E-05
0.0303933 0.688138 0.281369 9.9991E-05
9.9991E-05 0.448279 0.498478 0.0531434
9.9991E-05 0.333688 0.651315 0.0148978
0.00272648 0.0599368 0.873844 0.0634932
9.9991E-05 0.0357739 0.910618 0.0535083
0.00692091 0.189396 0.803583 9.9991E-05
0.0216492 0.126817 0.833921 0.0176133
0.0225954 0.0869433 0.774529 0.115932
0.0430404 0.0133946 0.854355 0.0892105
0.00844182 0.860887 0.109726 0.0209449
0.070544 0.764867 0.0789504 0.0856389
0.0545547 0.877632 9.9991E-05 0.0677134
0.0111504 0.985345 9.9991E-05 0.00340476
0.05544 0.929441 9.9991E-05 0.0150185
0.010868 0.892657 9.9991E-05 0.0963748
0.00947646 0.67809 0.312313 0.000120569
0.0142466 0.638041 0.237099 0.110613
0.0464955 0.792353 0.133164 0.0279876
0.0182234 0.688645 0.232566 0.0605653
0.0337662 0.835931 0.0979697 0.0323336
0.142494 0.0885751 0.729319 0.0396119
0.0345555 0.0700943 0.0889623 0.806388
0.0530961 9.9991E-05 0.104211 0.842593
9.9982E-05 9.9982E-05 0.0363244 0.963476
0.0179815 0.169363 9.9991E-05 0.812556
0.0322543 0.0272367 0.11242 0.828088
0.023983 0.496171 0.319968 0.159878
0.0402373 0.663678 0.280028 0.016057
0.0762288 0.748012 0.175659 9.9991E-05
0.0752949 0.619715 0.30489 9.9991E-05
