IBR/IBR_outputs/all.combrep_1/FireFreq_2000_2008_Total.PersistForestCover_Total.WeatheringIndex_Total/FireFreq_2000_2008_Total.PersistForestCover_Total.WeatheringIndex_Total.asc
NCOLS 160 
NROWS 95 
XLLCORNER 210004.651214014 
YLLCORNER 7350008.22228844 
CELLSIZE 4999.99999999997 
NODATA_value -9999 
[rows 63 to 83 of 95, columns 92 to 137 of 160]
1.63615034614623 1.74123572498807 1.45344881471465 1.46501170328973 1.18509561229962 1.18507021705685 1.50203344242871 1.65771535620639 1.67936108890501 2.05863662918137 1.94548886459648 2.06098528991257 3.03560664537428 3.04388875586935 3.03470927180839 3.01393290504252 2.27562094807784 1.63455028175383 3.07723891894528 3.05896237700745 3.07124950000761 3.06583910654507 3.01854030549373 3.06331437252441 3.07234632735601 3.07948941911137 1.6689807592933 1.63584317156894 1.62898438388776 1.69206732064053 1.89659490961677 3.32153358806198 3.16174152029478 3.28292747936072 3.41339057429043 2.5127150461378 2.71624606976253 3.84348714177165 3.18772878888666 2.47520051136011 1.65536691319961 1.87694945836846 3.26486941949102 2.45722212825176 2.03832180341568 1.995754875083
1.41005756932309 1.89448501875066 2.04220824698632 1.93813033504267 1.87403874589278 1.47791393964168 1.19771332559933 1.22430713198001 1.18936316669784 1.42513739358543 1.79971034673042 1.87503017474357 2.02102835200404 2.75997478156827 1.90630962748853 2.28243304223148 2.10951074145444 2.6899466059779 2.28529441523328 1.86798028711347 1.68324578182411 1.74062776804736 1.61493999236338 2.54559625834825 3.05070777541196 3.0773219108743 2.75290229045974 1.69794214620085 1.92052073365763 1.71187970208131 1.60815394804857 2.58267626042937 3.23657777175998 3.34861479535413 3.5049419049454 2.91887703482032 2.96547963476458 3.64751293955273 2.6976419514411 2.07153416440442 1.99119938539523 1.65656104240675 1.67080313971321 2.79342048324568 1.79392023467612 1.96590358899281
1.52604033291134 2.01998346252514 1.93227769558797 2.07426757427607 1.94721103816013 1.97296490616257 1.84711501744899 1.55436464133877 1.4895698829104 1.19258981898311 1.22711566878627 1.5377154521934 1.69258388880595 2.75272915394905 2.77933715112115 1.66186803341952 1.54878911152986 2.00145572830642 2.99224014258354 3.03365971189443 1.59356950400627 1.55343244141216 1.49389586833926 1.64685029940013 2.34666090704982 3.14624465960015 3.06356047980091 3.04275233342286 2.74204862230229 1.69684864284427 1.74960410103993 1.57413804077675 2.22279306143635 3.17005968447128 2.72851935061377 1.84080719833756 1.7674246971669 1.44414680917235 1.18838315488076 2.61844174372221 1.94265442820988 2.33481893956205 3.11325557994195 2.6863965691388 1.83186464421264 1.8784407449372
1.81264480435481 2.0142645995559 2.09665015589832 2.3739210193916 2.26806338293853 2.31310134243473 2.14179793445703 1.91287173582098 2.15744720572671 1.78172621282797 1.64287575289902 1.33751440233986 1.44587292214168 1.77977354990066 1.61484653880641 1.65050307450657 1.59565557739437 1.64945135795415 2.95071812271256 2.97738744926254 2.13948499474789 1.4835476976051 1.46110565839255 1.4925490471117 1.49506209153991 2.45159902712544 3.0624187871518 3.0552491502729 3.03497362591412 3.05450054241529 2.20461295606199 1.74080006473736 1.67342854582466 1.83191131192517 1.66897871095237 1.81648743243255 2.00587036327165 1.43839462096627 1.332381635862 1.38806222685836 1.26857800878105 1.22696320501157 3.10918117664065 2.49122392991231 2.09599431939824 1.92861876708415
1.68202436933524 1.99481652990072 1.75506903900835 2.35714567469911 2.30434234061559 2.19849059716553 2.12901510089038 1.70520007507035 1.87299484217894 1.62983998021871 1.64139035610678 1.63715952335427 1.27701461068305 1.62692460193283 1.63015472402103 1.60632734881923 1.61777303202023 1.5072634686986 2.96194897317288 2.88947072282214 2.96281048346422 2.70782749979042 2.66439243350407 2.96867251092001 2.91657474466993 1.65781599321236 1.87439805144369 3.01332412062542 3.05422861019645 3.06160211784778 3.03649124261891 3.05016762143632 1.70767467619859 1.46177923288223 1.46182677078951 2.45939918669287 3.02408385918888 3.02343374485994 1.8539272717755 1.36841505139732 1.21232834097075 1.08551722283407 1.54087906114459 2.94322198728846 3.30007647884919 2.6503982838061
2.11822395323411 1.97159323617372 2.19583272417587 2.27958755155052 2.26189631736543 2.1632623823551 2.0438014877232 1.92316529890611 1.66451134926587 1.6734750086749 1.50883561914729 1.78395407265418 1.86203733888092 1.90792601593587 1.49443931912886 1.62192836256017 1.54994234674552 1.51354286363265 2.00529876144571 2.42704807776757 1.72480085635832 1.5857894030449 2.88438102480603 2.90512986921885 2.63551206238812 1.54310853945623 1.65401446471084 1.63236192108334 1.41147848473146 2.27791155212319 3.08072617262993 2.98013789056824 2.10498885883789 1.50630270707922 1.46453592726299 1.49747635963397 1.48332900180505 1.49921460895366 1.49437301487262 1.31277452961733 1.37778719336098 1.08168005424896 1.1977244629037 3.00567517092639 3.08255129898633 3.31477325516249
1.84002319702751 2.09883755634286 2.1928111552859 1.90005615695026 1.82054365759953 1.64727057268014 1.7496409220588 1.51743773272765 1.50259565119116 1.69628061353584 1.60913796661292 1.68411627571039 1.71711900792497 1.71033966650436 1.66509848542004 1.42703765643586 1.54227681044934 1.54361668095348 1.59081733063879 2.72575895709533 1.45931967725805 2.52572566331602 1.75595078258987 2.26655000177782 2.98086406358255 2.98207957311341 2.43278411063226 1.65226945718959 1.42516580029821 1.65934609408803 3.04321293387458 1.9260333702179 1.44775297761853 1.46683317491499 1.64149176783446 1.47060618411167 1.45100657482771 1.50241910663841 1.59278419492672 1.91237324188818 1.21889935240206 1.42666554155112 1.99122534302495 2.92716817581217 2.02912437159516 2.39610126145998
1.72495099185695 1.67754639558188 1.68949254946587 1.32679955063464 1.78243748878955 1.47970169455432 1.41054491568599 1.26884568074058 1.48171911202048 1.57016051558665 1.48468321899923 1.51746810426073 1.64815758495959 1.70735032000799 1.87056362728214 1.56233577774993 1.49456928168447 1.54619862411062 1.47445609592919 1.49490202356494 2.27572042625821 2.91208016523456 2.10644490943313 2.47969075955944 2.44970179445713 1.46555539667283 1.48028416115583 1.96215960655703 1.43548085436639 1.44952491925395 2.05083406502421 3.09750796089014 1.8852021125619 1.42067186233149 1.48712436081178 1.48022663841449 1.47369080462685 1.70030907392007 1.45006863601087 1.54202563537884 1.62228409035068 1.97196785171551 3.07553769134397 3.1295314619722 2.94621136902093 3.12920426091273
1.99880690098338 1.98697321438813 1.98745100954486 1.51486323372211 1.33872804524096 1.30046378265842 1.60296938200773 1.56299943059795 1.93581850600155 1.55635976351554 1.42227060077179 1.41707147114427 1.5457637523858 1.59545414910774 1.6909214220187 1.38776645738078 1.30492645090534 1.5290721431047 1.57852167486245 1.48399339413741 2.94911864787347 3.03356464291182 1.45465737254821 1.47823314782024 2.50136958347578 1.49206432708229 1.46624623927951 1.41895869419117 1.41318459695719 1.42216561327573 1.72911030674026 2.31642748914063 1.60464454853183 1.49176149906956 2.72418670836051 1.73780038321849 1.47936147719395 1.51550607577491 1.72031701726642 2.10027938552858 2.04319327106981 1.65748928452681 2.65889100488398 3.76474177199281 3.83106338770452 2.98297196230786
1.6008864656688 1.92391235279649 1.91915577689904 2.00871984658837 1.95818071882004 1.74019073489436 1.85255808515153 1.81503833155297 2.19165360704167 1.81068024076043 1.64293989719838 1.78620299851457 1.56301468124508 2.06646998383549 2.04526829990615 1.43636591107166 1.41753667052728 1.3809852896604 1.66149038585806 1.60247937389063 2.10267946058571 1.72572043268456 1.48990384649573 1.46613948130606 1.60898118288733 1.49143568996272 1.46657217647581 1.42596848070781 1.45611683715195 1.42900051288384 1.67222052174457 2.35985259783847 2.80052534260429 2.52163575739742 3.08411103455181 1.5416321787697 1.46397349096838 1.5636936442887 2.36969094909081 3.66006467873779 1.98857824897293 1.3806949277894 1.81401503227821 3.79724523945821 3.67370019271055 2.55260494138449
1.64595818282455 1.67569680946382 1.87929402591573 1.98342842835602 1.88922843466593 1.69197120250233 1.9781224001263 1.69760862819664 1.66372151516215 2.09022954518122 1.88283236177399 1.94310709552531 2.06945402281077 1.81470842801964 1.51819927362862 1.81315391224348 1.61513957961715 1.27873744871686 1.30506339121902 1.49276475272471 1.56108286063141 1.54838695157354 1.51741489365306 1.62174348368515 1.55489357191086 1.49330759026443 1.48393757629825 1.53912798916302 2.98981676247173 1.53645394876555 1.83656252935211 2.83082225954132 3.11829587510154 1.83649451745377 3.05499284974422 2.32686301607307 1.54745779457947 1.72676861411298 3.80660190549438 3.86179083616244 1.80387147141594 2.72299126794371 1.83028063214185 2.05718684840204 2.3085591461553 2.19075120308159
1.78851654503996 1.83503617858364 1.80827843531696 1.83900720965339 1.41267599831082 1.81100951855653 2.04165751704314 1.63611878094135 1.55438592580311 1.97213484075789 1.85291815852206 1.61154602958919 1.49149670975527 1.63885169565292 2.16866285836602 1.95569729649768 1.62118053019364 1.49573254601299 1.34171643026071 1.29198366723905 1.31786603087089 1.47920377914408 1.58010853518346 1.53303759678279 1.50243873138505 1.513132767318 1.5058130470545 1.43880506469669 1.50351466977012 1.72659699648673 1.80958121854002 3.1162881849378 2.11273548511697 1.43301224894096 1.64405260092762 2.25887111992044 2.68471297116216 3.08336110995208 3.44627905464748 3.29717663356777 2.03251686956642 3.29479370254475 3.02471127496897 3.55830627227004 2.0532516997156 1.64273112005753
1.76805105591484 1.65203521010865 1.67358769349497 1.62895760123437 1.78118911146598 1.94505251875727 1.9591084565805 2.04834675794392 2.06145705534686 1.83230724897682 1.5680929538812 1.74332262468905 2.23165093616588 2.12377852867483 2.16531010070894 2.28417791732008 2.06905217209564 1.74657230263456 1.46781790031111 1.54926858973438 1.71377331802963 1.59716805871406 1.64769193715178 1.54129896713206 1.53896361864722 1.52448599171028 1.48420728546099 1.47507635875805 1.492759358051 1.48639727944624 1.69396818445809 1.38450516971315 1.46115939160975 1.47759304948358 2.29000800388256 2.00473123401041 1.56775047624775 3.24165754650645 3.26386695181169 3.14638643764686 3.55652723045635 3.30868113933514 3.35192328563338 3.10477508276686 3.16093622904275 2.94272965569546
1.52045429463177 1.85752490844974 1.82156364761081 1.53578303590556 1.63234456637529 1.73353260516604 1.71543255519248 1.73846572512825 1.82145256000363 1.81391471158249 1.7970279499898 1.99721232615014 2.1505886556333 2.15907106887231 2.1107261027669 1.97469446629386 2.2455176184636 2.28588448699304 2.06487389862408 2.04236609773296 1.67731672229497 1.45616646941319 1.53277966529556 1.62563242449798 1.63502928731767 1.51558431626608 1.4814148963823 1.47027476529309 1.47547990315314 1.56490510071259 1.48238563277834 1.23704075358047 1.61875389461528 1.71397024078892 3.03559977667695 2.13555895130504 1.50947661415391 2.59529581728159 2.82874153204741 3.11761471241966 3.11840206734933 2.1023311285064 3.11007540694941 3.08377786176506 3.11873287002764 3.27329647101412
1.81247252026642 1.77757333658751 1.73798897827241 1.63127649493517 1.70963574819009 1.88846111402223 2.19164998018406 2.05509693195688 1.83056770740805 1.88189860845629 1.88683244153899 2.0646030439208 1.93240902368911 1.75931984418134 1.68837232914053 1.76701530880025 2.3228466390368 2.38932370647786 2.29074715746657 2.23038532140884 1.63807867137483 1.43772895596931 1.53835085785435 1.52977444094046 1.60356785017799 1.51633909479137 1.47816043648156 1.49469739123426 1.53135516732026 1.55896651151908 1.34182241942128 1.20726209969792 1.1880176928021 1.37625427085493 1.47245978438991 1.4926831608185 1.49773443084538 1.91673230906286 1.99755137739802 2.32659249796217 3.44139864990994 3.51067197774799 3.40053411669737 2.8695781792478 2.58082046750203 3.48377258535824
1.18987596851791 1.34432614197539 1.47636454043228 1.50847531229254 1.59527682792192 1.421300916244 1.53335740834492 1.72958802207937 2.01399621947287 2.08800851310416 2.06809052355226 2.08091159451392 1.9774787388807 1.92058136737688 1.95127299179248 2.00724405872154 2.21423157921373 1.87233038788545 1.71857325261586 1.72175905432138 1.58574812739813 1.58307474971927 1.56441128178328 1.66138698445048 1.5884095006721 1.52804656971592 1.6135380624044 1.55897537310835 1.54624524228354 1.48486121055874 1.36718063313796 1.19370944175007 1.20529544426064 1.33679773166963 1.47064101558378 1.5102616301422 1.47413242681451 1.63339523644139 2.29363294367993 2.58621704874113 2.10593684203479 3.49731210861294 3.91814110451635 2.86377591436828 2.02467901125051 1.84932446085932
1.2163559087389 1.70131450474455 1.55524996599405 1.87444993090066 1.5461535313215 1.90344775328266 2.16468266712997 1.87112644618315 2.03637660393783 2.02311975564374 1.55761517568861 1.663979529765 1.57587301161941 1.33484733961306 1.30770895815014 1.90340481373607 2.01976133725359 1.70504749058441 1.53187205885214 1.43265671025933 1.56562151192401 1.55922272684061 1.43260866227018 1.44872842436888 1.58157008962094 1.52825448851207 1.68865800718458 1.61967612030234 1.66094217869095 1.55920079871644 1.36105086636545 1.21461480782363 1.24199749780569 1.371480930116 1.43891907834374 1.49739354902601 1.47638426097664 1.48592502090429 2.00368407100905 1.96627819812154 2.23681143196145 2.84135817249135 3.14589136203954 3.46867590678263 2.62240882036177 2.08587111641707
1.62736992642641 1.97740277211187 2.11602857793627 1.99943544446783 2.11304190536472 2.29323776090039 2.25809669772715 2.02433374766732 2.25691889279242 2.11651329414003 1.94584357476092 2.01570060637019 2.09176212355452 2.058819253686 1.97669784387432 1.97968059467196 1.89868544334163 1.56883346053806 1.53920938436547 1.71127585273705 1.50861415302382 1.49349141195873 1.44038389813493 1.50548423503939 1.53768879800891 1.37991698994942 1.34871137928069 1.56761108139443 1.76206885675255 1.75120067432338 1.4643738047455 1.27069910254863 1.26358823500299 1.38868702000231 1.45446996532737 1.47103180902999 1.46538281693338 1.45984202228065 1.75047422822822 2.01935342205178 2.96087928980972 2.76192616873325 3.01334127177724 3.92523176103434 2.11943693637523 2.27484094028502
1.66518277961108 1.81307724219508 1.6008054102769 1.59039080391922 1.70608292627963 1.86629813505389 2.26901731837353 2.66055985564104 2.470282910079 2.3081394154353 2.19954956066515 2.31129023645325 2.44130493390225 2.07261255401115 2.02608292381825 1.89704644980799 1.76098087824878 1.68981485882685 1.57369709672005 1.57581991845327 1.58017113092555 1.63861624567318 1.5952632188492 1.570492016337 1.50013953561779 1.57102448996283 1.57440161863029 1.52344249584258 1.68502531582629 1.83909398832708 1.72730905694396 1.28823412322675 1.30194225022991 1.35297287975306 1.46322026064361 1.47589055296311 1.48411323250428 1.58869327713275 1.97893242378007 2.17035211297642 3.17514615875139 2.62646931910966 3.6598274683974 3.29405628155165 2.69723958125187 2.33251096789475
1.78521073826903 1.92870047538732 1.45918472187131 1.58241877133245 1.68137058648461 1.50168714650882 1.63708444484144 1.8728202889789 3.34820469547577 2.4958926180618 2.10305678638372 2.12600674071433 2.29862951651315 2.04643872345617 1.8374408034977 1.90868364510963 1.9748170492927 1.89207052105027 1.82884329142827 1.58914192903369 1.79952634530911 2.77844848093702 1.70888431389275 1.65227919200888 1.61822896960736 1.20888334837404 1.23187624356268 1.38314980005676 1.68357263275591 1.66864588967601 1.79482482997892 1.84174943618883 2.10189794955924 1.71049663117077 1.53166466729108 1.48026400080694 1.53509242399376 1.87757107377008 2.29593913673183 2.76122983559021 2.32040230748037 3.52725229723539 3.69452579979369 3.23034593419935 3.36943780774965 2.04407254633088
1.61652310527098 1.84829950012594 1.77226224012752 1.98194629074771 1.80085397766636 1.48581449575291 1.77044416102526 1.60442734732969 1.86021354192032 1.7883277774061 1.8177946928981 1.95450622065013 2.14894709805111 1.88629649857859 1.8729198138416 2.11166659743437 1.98392372841517 1.98691749937971 1.71159433976081 1.69531337412032 1.68444816577697 1.77091172426787 1.63812503663249 1.60478020908695 2.30289034906285 1.13781645666674 1.13336563897543 1.25961072742686 1.36845408631938 1.45305095842388 1.54280274599143 1.60685707081373 1.90539553631146 1.4320651602123 1.53979220046017 1.58329371989664 1.50908001557322 1.61352536253993 1.99054770991093 2.05186840723728 2.11840565824294 2.24411957978334 2.90697755334899 3.1320318768253 2.27760019025894 1.84443252189185
