IBR/IBR_outputs/all.combrep_1/FireFreq_2000_2008_Total.PersistForestCover_Total.WeatheringIndex_Total/FireFreq_2000_2008_Total.PersistForestCover_Total.WeatheringIndex_Total.asc
NCOLS 160 
NROWS 95 
XLLCORNER 210004.651214014 
YLLCORNER 7350008.22228844 
CELLSIZE 4999.99999999997 
NODATA_value -9999 
[rows 42 to 62 of 95, columns 92 to 137 of 160]
1.25954123042979 1.43850764220015 1.4940979480059 1.44115282677188 1.15903453686378 1.24039766894123 1.18255540130153 1.07331656070789 1.13763951570694 1.41569745357261 1.23112301929826 1.34851904581375 1.41344267413903 1.34579076928232 1.22812260183171 1.44249331445459 1.20427861528588 1.02130468489348 1.01710952573297 1.00629805865757 1.10205558519027 1.46315917923349 1.3417659342218 1.26224361533382 1.15812207066745 1.16387966420749 1.12267252373701 1.16552049573313 1.3109687089193 1.45015528965146 1.35325188498682 1.5324528291307 1.46225720256829 1.47316471015395 1.35961702781703 1.61939605123679 1.5985583632774 1.65193792494509 1.54976640158135 1.57785072593462 1.36168073478751 1.06110407737988 1.08622998168573 1.07494340783374 1.1139704105989 1.30174677946535
2.31260349294365 1.5075713467256 1.44562911515029 1.740573787798 1.20227980267993 1.22859428912072 1.25956855577085 1.16048189934197 1.10298965304287 1.22206795138751 1.34148932200019 1.43118955218136 1.59259005713126 2.66027947496875 1.18843252978379 1.03117544224602 1.15559032072399 1.0647864703013 1.04245972349659 1.01731725244653 1.37081817759399 1.5496658737277 1.41515735565165 1.16824476330186 1.15993557553099 1.12939263411861 1.08925502635231 1.18722356604957 1.41039896528863 1.48231403996631 1.56313741790953 1.59444255233337 1.5828479877605 1.62685523250449 1.57255872482691 1.49579614031128 1.31721228259296 1.21412363542643 1.4774227941609 1.60111513502516 1.62908561830851 1.16467895079161 1.1266922494011 1.16015440994153 1.0868575106287 1.33708343253169
1.65728566143477 1.52857875863244 1.77587156600439 1.66458323839147 1.5802811981828 1.25041869582206 1.14800841771103 1.15142466984489 1.08984405949286 1.251298142481 1.28374366801953 1.45174087121964 1.10312768391432 1.85031867453978 1.39622449600824 1.09284494383387 1.01789543695545 1.005441453752 1.03156130699514 1.124660023197 1.62935019574711 1.46811723769374 1.37709620429279 1.14750452493032 1.11678485868387 1.11059553295203 1.09213760766753 1.29721950278263 1.34847774971053 1.39977115028972 1.57838151234213 1.52260308718569 1.50939284961939 1.41453738055116 1.48817864679102 1.53760510355227 1.50831660899821 1.27323956262448 1.38546152025671 1.48596459134495 1.53492199258594 1.35601525350803 1.29238920567339 1.13503665807426 1.17394312614168 1.27633029712897
1.60313012164804 2.05481164389394 1.53746388936179 1.5535960729905 1.36758443965092 1.23320978485301 1.08958036838743 1.15188523891863 1.07789425167498 1.0247611439223 1.08030476860014 1.49193346340656 1.21926321691411 1.76650381973855 1.79539217927295 1.14676840705387 1.38822733035608 1.08372198676122 1.07027972901866 1.30253568226443 1.55188591683621 1.5646653727433 1.32448873623576 1.13354028061342 1.05990269384176 1.01971401503858 1.25541919297853 1.26113269559032 1.08569213783016 1.17357521147558 1.48072894238672 1.4403822158009 1.43713415609064 1.43022028274128 1.48874393566578 1.4751453097164 1.29613870422571 1.41322653136392 1.48971517489409 1.36569080561748 1.33471595872962 1.4881207694409 1.4558443285655 1.36367774415158 1.30485143617373 1.38504778587678
1.49142951869228 1.87772025084103 1.54345843910428 1.49909925421893 1.40365856248186 1.30084816941245 1.0903412704406 1.07725847714994 1.07665210888232 1.00399088940118 1.04505664860522 1.43400187202511 1.15469054268674 1.11083467428992 1.1795784770375 1.21867139702816 1.12970471710797 1.11895424987196 1.048332889153 1.32751167705453 1.51106984668206 1.57877024191609 1.2736193671681 1.17057052185883 1.00729066863577 1.09917899869769 1.27706065237725 1.20968237619219 1.05980020077532 1.0161580339003 1.22461172401086 1.44276442438596 1.44776496193026 1.45450213707601 1.46804230976657 1.4408743965793 1.47490953619999 1.45795198075476 1.67248725523517 1.55195918432333 1.58417604751404 1.4854518320742 1.45532790265928 1.48797384659876 1.46546499934266 1.39843606213264
1.57984788671532 1.57713501070102 1.50171267064675 1.61815878670227 1.25906257498889 1.56878957660526 1.13873752424406 1.02727881933425 1.03066956885559 1.05083338222227 1.02729800001152 1.42207191401995 1.13499472226804 1.05804227414929 1.08983337220808 2.65917651340203 1.15848258147107 1.12116764192518 1.04971985387086 1.17627200967218 1.52810599949781 1.492722208133 1.36861082522288 1.17708771205441 1.18157900844009 1.26891820212361 1.3417180673991 1.11015819335602 1.19244562653899 1.01842923592259 1.08627115246907 1.44273172605917 1.47045355401884 1.4172303767822 1.46620891503359 1.45999175215829 1.45559771863076 1.50187200327062 1.4915078906463 1.50758607507099 1.56341870664273 1.49143232461728 1.47796293360071 1.49249773051629 1.47422371965558 1.41388424196263
1.49575929750237 1.49075572319927 1.50279167258944 1.45187450754157 1.17590372883854 2.45969215177049 1.0781580035264 1.07278114788158 1.31613871676823 1.14184520515073 1.10733293706107 1.52887335287685 1.23364655435498 1.10036215946413 1.12416749564569 1.399096045218 1.30305806060602 1.1099225693056 1.0921665762246 1.07470163720946 1.5020013392385 1.57106704700224 1.58341406329742 1.62303502274551 1.48944166103565 1.31076307143755 1.12372770840344 1.23574149358369 1.1927470863602 1.26808294279477 1.29576951694619 1.48377686852573 1.46630343235381 1.49589537344827 1.57579042211385 1.48381790998063 1.65750507914015 1.51324959947908 1.44455234519343 1.41472371559362 1.51428264018506 1.45447283854528 1.46461094064525 1.44410125471154 1.37136292047377 1.48082391682746
1.41368718049163 1.49931874528887 1.46673160167137 1.23399683983055 1.10466310760646 1.93638517740312 1.08600717478388 1.15295373139014 1.54935725277141 1.32242736568236 1.05558156077868 1.63606092475361 1.28204468395732 1.15323618742071 1.20694138970944 1.17067671242026 1.13287136776032 1.11215491842655 1.08545001243133 1.10717483183849 1.41146571113791 1.59218970124978 1.46315977864756 1.51746390688569 1.34599683986702 1.15417140490915 1.16015673048633 1.31538354404874 1.39352402144821 1.35754371422098 1.59805877370054 2.04868676015424 1.49643708503859 1.4771932047491 1.48409976181134 1.5941504177875 1.49516442007869 1.48766346522933 1.47796829050684 1.51942185532754 1.49930878425535 1.47445110681719 1.50391538541504 1.37366528931106 1.49270529775967 1.41157516726409
1.29506782309586 1.44033764231574 1.48256173905304 1.25800276107121 1.09017681248698 1.3822500800779 1.1435967886329 1.12105923381907 1.20568112507582 1.84777109447518 1.09036092746689 1.49741964413694 1.21687349392196 1.07308154218655 1.28044620483032 1.1481470071299 1.13489511805434 1.13970698511607 1.09842695509355 1.07372556835639 1.16332534245053 1.51494244825869 1.63354074490557 1.54121999719707 1.35113357387221 1.38480320074233 1.48786782432124 1.52775014220616 1.44555006915437 1.3092027518612 2.21554214594725 2.22913990814601 1.47325074231409 1.48174867942465 1.40564922684359 1.35657799543253 1.28499436927479 1.246121521901 1.4898749677856 1.51107755736858 1.5396152279771 1.56984307448397 1.54428034689426 1.40898648468031 1.32328066531011 1.26494709479498
1.29529927606356 1.38560862382711 1.47521047893761 1.38799868402801 1.36366448873111 1.25407101837365 1.17389682879912 1.12467134154336 1.08913489654629 2.0793142407842 1.23312903176176 1.49586367301193 1.35232182406973 1.06479645262907 1.19049169200811 1.16559969153126 1.14754994388109 1.13991129663338 1.11232148141229 1.09062683662815 1.04362722778496 1.07944493603031 1.30972014481641 1.4955431096616 1.44370230842057 1.53205779902368 1.4986671038788 1.38614810768257 1.38338821797007 1.34159574203979 1.33881858362208 1.3305673772065 1.25155825080057 1.12228300898746 1.05335359709653 1.07189824315069 1.16968388118858 1.30836763765945 1.43816332948651 1.32241955754158 1.24462707784883 1.46356497386467 1.4135578755848 1.41338501864607 1.2861824838564 1.32979669808694
1.55051449295796 1.56437966020746 1.51746855461968 1.43858292452182 1.42635511025479 1.36436128254319 1.30166987368677 1.28537169180718 1.2854112921026 1.34258452004876 1.2952577592887 1.47256214982121 1.40485277446551 1.29574069266875 1.2406460175664 1.12679511392467 1.10215834982972 1.15143804187712 1.15337492168553 1.1194846111226 1.08035826738322 1.04027332661097 1.20098735537736 1.46261585410057 1.63753171942808 1.77388756779185 1.68869350588989 1.55793020061629 1.52328045993887 1.33795385753957 1.06922633505772 1.00386466429123 1.00434924603495 1.00827081641569 1.03464839788587 1.06977841687377 1.15576867054549 1.29427915110125 1.15508540069293 1.0678294176309 1.35419563107835 1.68186911815399 1.45996708159035 1.40843470834008 1.34900756292552 1.53713735843288
1.23899461064403 1.30401477963569 1.50369008104597 1.55753507577801 1.6438579513395 1.60902541170134 1.47989823903213 1.52326009204144 1.51738918034257 1.40552685589431 1.24494151828582 1.36649875105042 1.30303424544697 1.2412097525412 1.12923957402101 1.0739616862733 1.07668526016042 1.12492765913484 1.26799302157039 1.13345385780813 1.11118417372348 1.10608907420926 1.33372693773449 1.55549966611636 1.71463472555904 1.93261763726558 1.75158747603615 1.57193948734911 1.38126708590132 1.11612239087017 1.04771272334318 1 1.00567955518071 1.12210056644977 1.21466266325656 1.20683079709548 1.51669874479761 1.53337958230244 1.55026212480094 1.55382043066411 1.67344379522783 1.79076884263478 2.13825818293291 1.57233183006492 1.67929623226588 2.01980945015227
1.69107607604225 1.50526793403098 1.33427340182294 1.26375397781125 1.31020786511251 1.3968137032288 1.42985703580498 1.5327989862611 1.66351844625937 1.53732345296123 1.41648965711558 1.40340830873068 1.39743178629892 1.31260809522512 1.49289313796209 1.33934607241519 1.10619450568787 1.13627199556329 1.26902619173283 1.22752834491238 1.21606629035407 1.23493655388081 1.52904617260981 1.79040985900802 1.85606150768688 1.89984596082721 1.59545094900196 1.51014419582292 1.10490078552972 1.05150829016585 1.17705572646353 1.00174981711058 1.07724610169094 1.83120011605555 2.36125656821093 1.64642746494103 1.64471292328637 1.26746451117077 1.5179977577443 1.65394141592476 1.57179506151931 3.00833146033278 3.11838697037388 2.06875888507055 1.99638594200256 2.19329194277742
2.64384654635308 1.71899433605631 1.78472806036542 1.79552237806032 1.44045288042328 1.52008210176615 1.47960659859705 1.45440399098485 1.33571594410189 1.6753686795048 1.50123115781167 1.43645217843077 1.44790392700742 1.41940736299459 1.50925580160752 1.51639120889522 1.43698204388107 1.30840433428775 1.49893393667535 1.4454469666699 1.37377718013363 1.58898192932191 1.69495361156271 1.70241993271499 1.78621620547069 1.67675951791524 1.52114578099899 1.60735130858439 1.11474147456201 1.03237071332105 2.01309075518768 1.03895163300007 1.68774123203503 2.11992516064083 2.44839812905119 2.00935111493905 2.55229668372018 2.08978520323172 1.49019772698402 1.57716208377176 1.79716844697393 1.98550585046371 1.87543304572431 1.77676608257559 1.91140585606208 1.91995430366721
1.53668399514224 2.3598187789917 1.98305948258828 1.8809691695016 1.82179039914267 1.81072836636748 1.99767590069114 1.97377942342473 1.90680775573266 1.67885353544044 1.48785585448991 1.40069430010271 1.43023597491435 1.37298715093655 1.32523421096 1.49439180192564 1.57577425831232 1.52613899555955 1.48355565702239 1.55194201801205 1.60290146245959 1.61316762197553 1.58177685609419 1.63309658133426 1.66072380369175 1.61523147661599 1.6564524536902 1.80825057951246 1.30080624821896 1.1184338709281 1.19854659578621 1.42978065117983 2.04554969558043 1.83473670159905 1.66314277563427 1.74418662106737 1.68559049031533 2.22095876214847 2.4577190716187 1.75695673399903 2.51934343905094 1.8257555325196 2.06184371698928 1.96257350268751 1.76480711158193 1.7010312332623
1.50054288773474 1.55782163610325 3.07700035655923 3.1251591483043 3.07504298045003 3.09202802421037 3.13057176110053 3.10063824958599 3.0554477500467 3.10764898655665 2.15952733267002 2.04311984775216 1.85447238756526 1.89664436217747 1.35871198358317 1.2288528661019 1.41727221864709 1.55380927848072 1.53599528817528 1.51478876499755 1.5700586817951 1.55344463819523 1.57396119568762 1.59996376084468 1.51497149443274 1.56071797217983 1.6995218420719 1.75760012976444 1.61344741104285 1.98361369494685 2.32995611543356 2.48656515540058 1.81212565831464 1.49982149223679 1.51383175159698 1.67556274986212 1.63192416075584 2.80714070121658 2.76835976850835 2.36099265354041 2.15849135929096 1.99617775592636 1.73873943918382 1.71192659593602 1.83529478800102 1.93072823341457
1.58087891981595 1.74234762467694 2.33236143921779 1.92565465805087 3.06462485167166 2.07822926938637 3.1124738395372 2.40326678281347 1.987729368212 3.08762502643485 3.0737100969996 3.07604892482484 2.56860511304516 1.77617496858557 1.77362439000698 1.66321968467636 1.47434671923384 1.44029820024629 1.45833942712842 1.4400205602393 1.49504041161159 1.46661372717396 1.47780542140916 1.41641586549208 1.48668135663776 1.53216304926307 1.73260813118179 1.70664045191847 2.14543949964893 2.39388300582702 2.5290051617316 3.23493874136597 1.46520963311988 1.44534951042752 1.52322919289616 2.18607603007986 2.53893735283308 2.09605210526312 2.14498113330168 2.23687039264306 2.15744675527347 2.24498569351174 2.21946330588717 1.84727566926908 2.31459037780179 2.35913720554728
1.66666660926575 1.70084200537701 1.73541423477569 2.04251531495649 1.83839629779671 1.74727071180191 3.09477889628897 2.22363479903699 2.5545438795034 3.0328669533873 3.04534152528288 3.12359394857919 3.07358382376769 1.7181316274646 1.65720614038599 1.8154479103495 1.83941377760035 1.86139455280257 1.70660291348194 1.6224412367941 1.64708685174476 1.61132120172001 1.67809351351814 1.6274178630533 1.43962693244724 1.45887697008118 1.44217613630185 1.5875221607677 1.92857034956664 2.40450776027066 2.29615965780971 2.14791241677408 1.60782955240474 1.72535527040002 2.61898435182669 2.39119238823225 3.13078693666413 3.21374945914146 2.59913993629286 2.72660812425405 2.68087263329121 2.30325065572541 2.14347928636726 2.28118269208848 2.17842697878848 1.88206922038691
1.24890436402578 1.62642822695239 1.82762299724096 1.7520984629777 2.12414974402211 2.05762813120022 3.05260871751164 2.37421482109644 2.76618040882608 3.05139969031696 3.06086916786728 3.12847522128324 3.08903306795897 3.11964798105382 3.09981377601379 2.04634059121119 1.97743917144943 1.62618590439529 1.56403259707574 1.57631888214185 1.55580809762505 2.00433960280405 1.8843619935971 2.07836807051049 1.90479146019489 1.8216040907462 1.74431413570201 1.49731803207519 1.59245585059969 1.97027695137204 2.22389745070459 2.41987766967569 1.95799727191438 3.11629372330346 2.69181731314801 3.3677079087708 2.85777818892459 3.10732385700657 2.90371571790909 2.51542513546097 2.48597280770848 1.62619848171273 1.89581367603887 2.29553514449421 2.13484190971765 1.8162349282692
1.40367681896346 1.2930545069591 1.28181153805299 1.45090410501529 1.79779320052724 1.88058792148261 2.04133770853546 2.01994999755212 2.25979065531103 2.20195100568827 3.09694852892326 3.0998613783267 3.08183155533646 3.0686384866351 3.08124162649676 3.09048229618604 3.15428229268812 3.15810702290694 3.06469912897594 3.11872679380168 2.54680756372347 3.11468533069082 3.0939590494977 1.64574320485889 1.65075305019137 2.04950849287179 1.89665775246427 1.5270497574709 1.49156056753676 1.82787984640049 2.24768451039504 2.14536090503125 3.86708775610649 3.38202385235216 2.8737814165811 3.17523499408399 2.48904329443836 2.28126407819179 3.30085435222599 3.27500969304783 1.71363528433473 2.04372769246688 1.90003321958495 1.65197987676653 2.0622558642253 2.180140846538
1.5288077721961 1.33942405889919 1.26433277433393 1.21191549730692 1.25427534113326 1.53019121301822 1.70044493102771 1.88115179560237 2.07937615581035 2.76501458165441 2.32126758687277 3.0251846096546 3.0171403365861 3.01217924136084 3.03590756646841 2.15359316286489 1.67406794368335 2.76995206257161 3.04597685518162 3.1192216161974 3.00558573666275 3.0225186155862 3.07730663866146 3.090113888158 3.05545311231967 3.06473020699236 2.26696797977565 1.69653371652406 1.52403633598839 1.80663172076732 2.24446867447359 3.15228332376659 3.8258550014513 3.80409578084888 3.4478212820276 2.17914790682783 2.62127903283487 3.33075650919114 3.63543568263126 2.68771611315012 1.63392165304222 2.08814881841939 3.33396971006198 1.85422784212507 2.49689745745622 2.88353780269601
