IBR/IBR_outputs/all.combrep_1/FireFreq_2000_2008_Total.PersistForestCover_Total.WeatheringIndex_Total/FireFreq_2000_2008_Total.PersistForestCover_Total.WeatheringIndex_Total.asc
NCOLS 160 
NROWS 95 
XLLCORNER 210004.651214014 
YLLCORNER 7350008.22228844 
CELLSIZE 4999.99999999997 
NODATA_value -9999 
[rows 63 to 83 of 95, columns 0 to 45 of 160]
-9999 -9999 -9999 -9999 -9999 3.03671280098877 3.01646777697466 2.72548718742351 1.51131285964119 1.47583713026221 1.47562013857815 1.47230100451746 2.66426632162992 2.92692914560715 2.97354131970384 3.02497146067801 3.03289111614752 3.03923684325618 3.01526843680414 3.019513814394 3.01244286216223 3.03968849771512 3.08911365751264 1.79283842655793 3.08077858576262 3.04737101748614 2.32494206552259 2.29091050016382 1.55312033811592 3.02622616371858 2.8352576738992 1.49034103801935 1.29293348962395 1.15965107248756 1.19913867525485 2.15566933339865 3.0268746445727 3.01800244460686 1.33132185506513 1.53846539790767 1.69416459140706 1.5330780120381 1.71968943220901 2.3183005845388 1.56596835409833 1.37133530875478
-9999 -9999 -9999 -9999 -9999 1.83822108207937 3.02225422275888 1.53554459824024 1.5847939776322 1.464427875955 1.4580562438126 1.46738388283636 1.67066646818337 2.95831824609286 2.97488235261574 3.01336758519868 3.07273332773036 3.03171602249317 2.99678080967847 3.0004006539142 2.91106085847772 2.68712598038254 1.50304970907794 1.49250231804457 1.86505941574782 1.61625494514031 1.26226827494024 1.36869673750429 1.67797585338731 1.86678961779364 3.14164103433388 2.26461172605152 1.34151665014079 2.86086602215251 2.68207735216062 2.95491855334159 3.01648951101767 3.0757050923985 1.60742127037198 1.53413399653886 1.71437874026003 1.79403719404624 1.88822299688122 1.52285227758893 1.50191135737229 1.33224305785388
-9999 -9999 -9999 -9999 -9999 1.6521179945394 1.53612197435388 1.82208159742001 2.00312120060828 1.47736223300515 1.45106223216741 1.4481934338462 1.47518389019638 2.69421419602846 2.99329123303115 3.03359656799643 3.03384194710212 3.04942871566808 2.99281130933323 3.05390102566953 2.97033788186958 2.85747593658263 1.3631297272115 1.34466937138423 1.34629142491807 1.17998871260003 1.11134194695552 1.12961362981672 1.19535704565201 2.25778349532217 2.53465477498761 2.38721111076965 3.05118723749131 3.07995555801493 1.78841968780412 2.74771514616029 2.88536392996095 3.059225428903 2.19947712285864 1.74057681450874 1.62790689988959 1.78013800510565 1.50957652104075 1.60872352235003 1.53210565589022 1.45191092823733
-9999 -9999 -9999 -9999 -9999 1.50057421141252 1.51347890619229 1.49803155620815 1.47817002237403 1.74562738217978 1.46151686243012 1.44208031040125 1.4473457552509 1.61044777427175 2.99216208455527 3.01330053910558 2.99887918268882 3.0541046205397 2.68978602630077 1.90895028600959 1.62299611961576 2.57434477614701 1.42092671630825 1.34447115366021 1.34518247757702 1.24403736464171 1.19101656301195 1.20039940286928 1.26683305332675 2.61434155758651 3.05339364502823 3.11472981584495 1.84677702090084 1.6103185415886 1.37621831976225 2.38696801460085 2.96018667390964 3.06641200326115 3.01085309505403 1.70328145573699 1.69160943694973 1.65938368495413 2.33553458567184 2.09313151654497 1.50003882876803 1.49775400219375
-9999 -9999 -9999 -9999 -9999 1.51399741660495 1.48075760514709 1.58949510807362 1.52327957306443 1.48169351385544 2.70168583459265 2.9913784835922 1.68995042008564 2.67767065458872 2.99563278124999 3.01508107718298 3.01182902610303 2.46879232010461 1.49372658515372 1.46657383005098 1.48957382007813 2.26138863366035 1.49547920498377 1.83237671866036 1.44530663720231 1.48525234834077 1.5199457015609 1.36209242026269 1.199839026122 1.40880940240415 2.76332137181748 2.31715137251871 1.36540201073899 1.31068837915421 1.25638879413655 2.84562256672166 2.975480603627 3.01920887039478 2.77884889986843 3.07871259456093 3.17820363544524 2.88474367972017 2.84439327723458 1.53530124408166 1.59609949645017 2.22289216962674
-9999 -9999 -9999 -9999 -9999 1.81944103660011 1.52271192421078 2.4844690694017 2.71975762769481 1.58262656094802 3.00754877268628 2.45064251805212 1.45069785214634 1.59459206200726 2.99183992679698 3.00353330710358 2.46652873313247 2.71055264535566 1.53623558722742 1.59878816415135 1.78427196495271 2.32126983879329 2.0734386654981 1.53340544013983 1.52197638543234 1.61274842594313 1.84503201269899 1.50543815231252 1.20216902825563 1.30955299366678 1.51882200366501 3.0678780500808 2.87162910739063 1.79772371411414 1.34051618914493 1.357190321941 2.71886215404686 2.74696261527515 2.60184592368399 2.89534069270077 3.00268207869607 3.09688125612885 3.16134422382279 3.19792283549062 1.67137194635569 1.59623660152978
-9999 -9999 -9999 -9999 -9999 3.01901504912105 3.00033523975373 3.02843455679022 3.0196946801272 3.02733453090923 3.0102928284782 2.98840617643408 1.85635992679469 1.50476265884387 2.09509552302726 3.00302482404274 3.01833045096831 3.02338505729033 2.97508587194421 3.08698209208544 3.23481264481218 3.1173369154229 1.58913515374931 1.53016766787912 1.46387545551122 1.57256279727204 3.08511529583986 2.09149821647344 1.16633316535403 1.34660663318285 1.41843133922455 3.04490773017644 3.10001928175821 2.86059633750599 2.44279685040715 2.57349622324985 2.92931194488311 2.68373432039875 2.67552424165024 2.75961169154216 2.93105251564463 3.01309189810101 3.0774096389134 3.03401173663387 3.20883637707417 3.18744526851662
-9999 -9999 -9999 -9999 -9999 3.01956862752311 3.04467286258284 3.04934604920631 3.03725028274458 3.00997293393191 3.01197293391371 3.01566008121136 2.6856316708604 1.70785500291185 1.483306246914 2.45663838451931 3.07948620226978 3.13180566461149 3.08775731007549 3.18841411438556 3.28144349433974 3.19617993949022 1.70287029792352 1.56052648760386 1.5420883809514 1.46986450312345 1.50638051698086 2.18074884590443 1.14818684662165 1.2887205887208 1.5492123360919 2.57279640291023 2.79180326997595 1.97661065377121 2.25481138888471 3.01817614365214 3.02782230372563 2.62545517781166 1.13383973993846 1.21483770589315 2.9958929798689 2.90414535421782 3.03944687200096 3.05084856614243 3.05229182275727 3.11420168845487
-9999 -9999 -9999 -9999 -9999 3.14264164367314 3.09751952348904 3.08094053258279 3.05663990654487 3.0223441116997 3.02082873364139 3.0225260180609 2.70065746151798 1.53094083510469 1.45270848260352 1.86781414446558 3.02952397779103 3.06877565059167 2.40412865876275 2.56311080229221 3.33260816269132 3.05399272649426 3.08261857512577 1.98584388532309 1.57612099971712 1.5673314264955 1.43212328521511 1.51418568776576 1.29716925806602 1.7352069856788 2.32483567067513 1.90905417962202 1.36198188527802 2.81002075347117 2.58373481075742 3.07850748972195 3.03880442297285 1.52447936163481 1.2010824075173 1.13880291364368 1.69423496895549 2.93197530319076 2.91246525114602 3.04781968706657 3.06282241780187 3.03913651372507
-9999 -9999 -9999 -9999 -9999 3.26811757561297 3.15047761390721 3.07035560908401 3.06457367579347 3.05171857727318 3.04778989886359 3.02475397498416 3.01390183519432 1.47222486200546 1.44771776393342 2.09677289320758 2.45582437738905 2.32414799361582 2.23435503818883 1.74173474240656 1.51970388349332 2.7239578932712 1.80658326681 1.63638176012768 1.43745078322692 2.43546500867118 1.40706888095519 1.25583539242363 1.30761241644016 1.28838835300156 2.68606778995499 3.01645398266953 2.08860193162415 3.11700963415335 1.96088414868973 1.53198523373592 2.15981500509862 2.43627928892182 1.62864841807543 1.47225483232733 1.27036793810593 2.78745481931282 2.87775096794333 2.96600385513306 3.06642177648839 3.04661542962748
-9999 -9999 -9999 -9999 -9999 1.74830587343255 2.55617889742964 3.09638782665777 3.08117614121515 3.10296914701695 3.09926914265344 3.06118763881185 3.04426648148418 1.57059900456665 1.54451650380482 2.25440291389766 2.99148513305138 2.11088248875523 2.73058999459954 2.30180663014405 1.75801375218562 2.02114512758926 1.81852795222509 1.43342205928172 1.27423195581329 1.32395860377349 1.25709965983621 1.49108391222648 2.53896635927846 2.9488392999308 3.21373787133725 3.23225922002409 3.05021209563312 2.55608783442398 2.09945965049494 1.29564856954544 1.41279390980032 1.6503925682242 3.03490316900872 1.60521838597728 1.5806601445522 2.30642482153928 3.04808025131057 3.01317813014145 2.99298262642521 2.89986346649926
-9999 -9999 -9999 -9999 -9999 3.13982390145467 3.04551541960344 3.05955593036462 3.13598837804477 1.72376867471036 2.52276502713609 3.06946692715889 3.0543364682818 3.05915389939743 2.28423089158492 1.84146025610564 2.24033882651127 2.24415814040391 1.56387479843536 1.49935789414251 2.61881785502276 2.08389767349222 1.33748280424556 1.16808519438455 1.20404504934439 1.23499710632698 1.20842761585785 2.38278029611511 2.81842312185178 2.66416708091341 3.29826424246059 2.68060859038177 2.27816737792197 2.47846050704176 1.76222895986971 1.4529693882415 1.6884058284003 1.60731284598346 2.13523793320519 3.20797711002947 2.06711094337946 1.44350290252614 2.44531619397803 3.02406476369813 3.04256977452308 2.99122819459563
-9999 -9999 -9999 -9999 -9999 2.02963175220839 2.30696300586994 2.02224668781794 3.19319859598628 3.09558172703179 3.02652451767677 3.07037406815339 2.50105214792685 1.81938859472414 1.71153255655688 1.5890960876399 1.56579259378655 1.51340246359711 1.48085045723278 1.21309954045013 1.25403847634555 1.74030614012459 1.47358846433839 1.50997996828471 2.22650372911653 1.35915551017953 2.62754633700631 2.60396259054136 2.66967023442221 2.64811697368137 2.95561999612715 1.82233453761902 1.68574171305334 3.18221693286429 2.45257193163864 1.75216464726151 1.538699058121 1.58530731047934 1.57819054383 2.23436395212467 3.43772381006223 1.53136084890967 1.69550828224678 2.81570349472891 3.04279429376312 2.42714858639985
-9999 -9999 -9999 -9999 -9999 3.06634552890297 1.89577066480827 3.11086095082232 3.17372147338576 3.04859836424818 3.03534607303138 2.83552297348936 1.87102318975343 1.499128052382 1.72747339852191 2.05301501296539 1.79721348799494 1.46422397241867 1.82822064204671 1.69259031164962 1.69210473091653 3.07707225815797 3.04792010724804 2.7510753166042 2.92157131409373 2.70625842141013 2.65841185021559 2.67653355051 2.68659512763093 2.68984441772408 2.70086234752453 1.940829323268 1.69702324325944 3.16929563045233 3.21438881486284 1.92519358901543 1.5063471796655 1.75548246396245 1.54584314741845 3.19159177108087 3.17886113804135 3.63711689362815 1.72927786270734 2.13524412210463 3.08155841365677 2.97482693379
-9999 -9999 -9999 -9999 -9999 3.07978238924553 3.10087001354269 3.07272650649672 3.03366306841757 3.05849106017044 1.94983222692814 1.5396898891354 1.56325810653532 1.58239923545109 1.64560380239156 2.26521109909163 2.80291316228437 1.47051670085414 1.47167799590908 1.67748080976377 1.57269145794866 1.54215331182941 1.32227162560742 1.57637915306012 3.06391451781073 2.86187444692108 2.80504580541053 2.81947817542972 2.9423269186138 2.7399018969344 2.58756111953657 1.70785506568238 1.88858767164003 1.52827471751756 1.5286384331632 1.57183972961314 1.51417204314102 1.45134176795158 1.29998417319415 2.00624308475647 3.25333719312925 1.43372885493519 1.6774264262144 2.72539149429939 3.15469960189451 3.02093537953093
-9999 -9999 -9999 -9999 -9999 2.03532904307812 3.07820662895924 2.31481377571395 1.56433081766893 2.76385652289046 2.78455463309405 2.16871069607314 1.78870087860592 2.53208358740376 3.07727372738497 1.63187990025234 1.64017080194496 2.23417789039562 2.45255490730427 1.95249743849547 1.40355899039119 1.32785101835911 1.21406673844871 1.18352808842295 3.05605764286811 3.05326118231851 2.94124284100542 2.68272204894126 2.94279170099571 2.76627446159218 2.59504593084243 2.57349741238074 2.00699205638439 2.4959064380148 1.41163074781882 1.27437430371541 1.72941728174662 1.46796588771176 1.394399278765 1.45409128518461 3.12275023843836 2.84681749452736 2.3096778790239 3.00541969950818 3.0990924372919 3.10100174690071
-9999 -9999 -9999 -9999 -9999 1.52333878196625 2.74324746483654 3.08872120231241 3.05559593144734 2.16029998792974 3.06324546144097 3.0687060690314 3.09132909976482 3.11915877601331 3.06751412916721 2.78346636139833 1.68092339940434 2.64916782651511 1.88927480640818 1.35943022733234 1.50865547919664 1.79694762382463 2.87324337440482 1.63975738708321 2.99548044457336 3.03716711060707 3.02265195044692 2.85792503507095 2.81406707994222 2.960497156452 2.6035695007982 2.57503171371741 2.85396147981 1.96014203123448 1.37392463923884 1.34294534250523 1.7509222299259 1.39367990415296 1.41408446747154 1.49288672395195 2.1860586051698 3.03633466462933 3.02265771824499 3.29944715225022 3.06550909216298 3.16067954212279
-9999 -9999 -9999 -9999 -9999 -9999 1.70856845876218 3.06456515796575 3.05507532363646 2.31534187351091 2.3149680991748 3.0163312398877 3.03093166722197 1.52683783854105 1.53117734972794 1.78608168436819 1.81019455051714 1.43884938701611 2.80036446272251 1.30822145659214 1.30198378144081 1.36818725446447 2.39782336264828 2.98394907032534 1.94664579627024 2.67533152024975 3.00234782113939 3.02098443157337 2.9123986916106 3.10194670970408 2.77712244487046 2.72539395828233 3.10757078648263 2.58361202166326 1.50221397059479 1.39242398191933 1.49531390961428 1.45603592521359 1.50056689788026 1.56784662973086 2.10624724753619 3.07393158996689 3.14046252757746 3.34794692547332 2.96098854179111 3.02219912462115
-9999 -9999 -9999 -9999 -9999 -9999 -9999 3.06604912803034 2.75398623315544 2.49934270891105 2.72817196142762 3.06320169517541 3.08476780426104 2.53383133760819 2.7594251236372 1.57151057406622 1.70435318010077 3.02163186540728 2.02085492903091 2.29190382129975 1.19951072072821 1.23579025199244 1.26185440204417 1.5248772280461 2.90666189774856 2.9955301338965 1.84752321156546 1.34620361688054 2.79791770681491 2.87793320987504 3.14831427061603 3.11455946161801 3.07106920523365 3.05269002508834 3.05148054706359 1.7063905874465 1.45411461156987 1.36975669943954 2.22771333457292 1.7249677347912 1.73730436501765 3.0424511050784 3.136061241576 3.14768691892513 3.15667625324405 2.9506518172745
-9999 -9999 -9999 -9999 -9999 -9999 -9999 -9999 3.03680325722279 3.04848558810927 3.05782063622438 3.04594218599262 3.043025116041 3.0983069667967 3.11346770764535 2.72283024273249 2.00458703149721 2.75289991600676 1.7704058722858 2.63310769121384 1.3668445278596 1.95344958143875 1.78221408517649 1.38819759958911 2.96634577934759 2.85462299955491 1.64900178767635 1.35882706756503 1.75608870818843 2.96230954736422 2.58841644462821 2.70850800793557 3.14975240168889 3.1122942659473 3.07625255154228 3.0465982245928 1.9197349161027 1.61081031477347 3.13463946650293 2.85701847931725 3.07683797009379 3.11344012976566 2.96212911184067 3.07826404706615 3.14587400825956 3.02025470409799
-9999 -9999 -9999 -9999 -9999 -9999 -9999 -9999 -9999 3.03668734035794 3.0628173134013 3.04383056076325 3.02086024483085 3.07028129606843 3.11226129571779 3.05022780152859 3.03558215431974 3.03194286620127 3.08289550218262 3.03713192235076 2.94001945638458 2.80908166952781 2.68590420968532 2.72046913302787 2.9669196776224 2.82770644315035 3.00290720451052 2.69563282946526 2.3810673597565 2.81340017872109 3.01967724783007 2.13126019456118 3.18008156436174 3.07246691352996 3.050329677835 2.29846697972438 3.13219114861987 2.75042895870743 2.54001503362328 3.13489529342093 3.12107504953951 3.05708472816562 2.57527401537845 2.24445791192393 3.14184697340323 3.02613739196341
