0,16.8812454580439,16.7673840805243,18.860030249135,22.0522178702229,21.7290447065398,24.4489475054201,21.6305449410626,46.1040687052908,47.6852815132296,76.6160855848495,50.1571386062324,47.4901286071776,47.0620530250762,43.1590065727432,44.269145744179,40.6479593139761,45.3753063363221,43.2918794385954,41.8640095830248,34.3008462248156,34.3713510831373,33.6983767040687,47.7592480681024,75.9046635165084,90.9309590327012,47.4785709026162,46.4685653196679,40.7334218180566,42.6489969002388,41.5850290644971,44.5898060010963,51.04259705278,36.3026547633826,45.7026460582256,44.3577306050124,52.4675467975735,66.1469111820189,63.1843707112083,62.1548401647068,60.5098858153312,60.679730671436,60.4867735910518,60.261355331415,65.7301128641696,65.2930591385231,68.7489491632743,64.6707817356268,69.8089784220732,65.511332930855,66.0806030009652,39.968763528912,41.2339402851791,39.5575386581465,37.9865975268098,39.5593882823133,38.2967847168546,38.6658316463582,27.3643083665061,31.634560016644,31.2201261683631,30.320778591424,30.0212453071335,70.4735878246467,31.4421718918543,40.4871384573042,77.8215805834235,79.4031547003957,71.8755379086084,67.9662881533202,64.0361014668594,62.4385816836762,66.6201045724619,65.2197858686676,63.0319414821693,39.3326050945451,40.8474500405416,46.2734372185703,35.7919913950692,31.9950412827302,41.6780246807374
16.8812454580439,0,18.214763676034,16.6796751884752,17.6123433402514,22.0132814319184,24.3018228308504,20.3492348839504,45.1530678428161,46.7375101926661,76.4619735174736,49.2233602426989,46.5508492818081,46.1200783893474,43.1263521574875,44.1983541310431,40.0825847132995,44.8337400205418,42.7250407573812,41.3285445036674,34.3925814669766,34.5024111612786,33.8388927664122,47.4210741525204,75.8280038397701,90.8435669405554,47.0050587562946,46.0382064756581,40.7518741489677,41.7283776540747,40.6599354316788,43.670068534871,50.9637253022306,36.4669966643963,45.6160229590915,44.2728914896337,51.5496437083967,66.0144410430565,63.0544910159386,62.0227077572735,60.3639962963527,60.5335375804058,60.3386968916091,60.1130563814144,65.585607988084,65.1522800428485,68.6059016147243,64.5284400482055,69.6665175512085,65.3682722979955,65.9414899165928,39.6477573310522,40.9331950363737,39.2777610101578,37.5809536904883,39.4360872831692,38.1654746738835,38.501436310949,27.628541188236,31.8518183014938,31.5137946546029,30.6377229134981,30.443749554622,69.8443613311061,30.6988580327728,39.8987345612801,77.7033213204221,79.2871734872102,71.7584697409121,67.8482817122194,63.8813294753782,62.2837154115964,66.4726498598504,65.0728430892221,62.8701170166463,38.9952006551554,40.5242469903842,46.1106738310311,35.677389556176,32.4852177095991,40.6901161872862
16.7673840805243,18.214763676034,0,22.3769559531251,23.2756754232641,16.5205099344832,21.1144654824349,17.5031072088793,45.7369556214843,47.3090612043677,75.9551496433308,49.8652937367808,47.1912726590996,46.7310849697265,42.5412111142929,43.6125814708143,40.7398083146521,45.4575689273944,43.3749929580442,41.953498779129,34.3489796522129,34.3055929295238,33.6823309286196,46.9468449299594,75.3216009501874,90.334460905307,46.6566613600427,45.6412876246647,40.2234132913128,42.0010873908354,40.9269319112934,44.0402852897369,50.4448306160592,36.096256384894,45.0239521039747,43.6723674122655,52.2179847283521,65.50171679617,62.5416424807407,61.5106143244232,59.8522301362862,60.0222017020282,59.8272969207399,59.6020671216407,65.0760616045976,64.6420961389295,68.0964476856556,64.0184415135787,69.1571094642739,64.8585308045833,65.4311220219302,40.0716917523172,41.3498677457843,39.6466448625955,38.1091586103252,39.5655560162404,38.330629052311,38.7280805449491,25.7894469959702,31.7375644586652,31.303045211182,30.5028271889942,30.1730843941185,70.5075455870354,29.9355958982439,39.5738806715764,77.191668603721,78.7754511885226,71.246712473841,67.3365024961182,63.372971227003,61.7751654469097,65.9635426245991,64.5634735067829,62.3630024330381,38.3824222638486,39.9234753844079,45.5525828775581,34.6549538306502,31.5637423024301,41.3025579313684
18.860030249135,16.6796751884752,22.3769559531251,0,16.2629667471818,24.9685739331504,26.6446771833392,23.633530626966,45.4828867309831,47.0772070094217,77.0829960684237,49.4673330115853,46.803068949662,46.4085463476636,43.7054076315666,44.8133283263467,39.8968796846983,44.6620044800409,42.5499046447891,41.1485743076531,34.3439482184248,34.5721996628925,33.8635221287348,48.1867731401037,76.3747445361164,91.4030795741484,47.7865975012022,46.8222861901162,41.2309885228169,42.367820001957,41.3113568879147,44.1999606247645,51.5243546407102,36.6760256157817,46.2514575057991,44.9143256685833,51.74518770541,66.6202985218364,63.6579972772535,62.6276605480693,60.9817402118861,61.1511741360079,60.9581841211108,60.7323771264367,66.1999902783625,65.7637028437103,69.2188113180216,65.1411796273126,70.2788263968989,65.9814594515492,66.5514961387887,39.4718601625259,40.7449893265051,39.1216497655793,37.3737968403847,39.3865774849547,38.086628587645,38.3883932557759,28.9216590680914,31.7825101570763,31.4851209969764,30.5234354536577,30.3916228848409,69.7235180170676,32.1265026953362,40.7738790152592,78.2946479849198,79.8763933335383,72.3487583115139,68.4394850834404,64.504388769291,62.9070404450799,67.0894356280032,65.6893830390007,63.4987416287598,39.8822254885101,41.3875531900241,46.7865010044411,36.6987159894702,32.9548529684845,41.0333791895109
22.0522178702229,17.6123433402514,23.2756754232641,16.2629667471818,0,25.0716479583109,26.3933533471514,23.1058820108966,44.3004711765338,45.8984513755159,76.6367910894628,48.3016776090035,45.6315760637577,45.2348805765286,43.3629799853389,44.4365437761708,39.1280122184382,43.915481955717,41.7782468006487,40.4092676564123,34.1945631003927,34.4329149974778,33.7419583858279,47.5775018843063,76.0000474697371,91.0182276193115,47.0601864011528,46.1336446441451,40.9405838133629,41.2308507876974,40.1713651270718,43.0555748802208,51.1463772853004,36.5400150204422,45.8599364751239,44.5237400161774,50.5960079035354,66.1935650044278,63.2336382452155,62.2012885284748,60.5427366656524,60.7119238612514,60.5171976804433,60.29121690653,65.7624265968869,65.3295200017898,68.7825957784317,64.7055726705487,69.8431543543561,65.5452102190757,66.1188328155865,38.9467657168514,40.2430507165303,38.633779221682,36.7699077460342,39.0326994926534,37.7306421274822,38.006785407938,28.7580439946417,31.7522165229538,31.510587874846,30.5940996259365,30.5328403349764,68.883289879427,31.2872511158674,39.9556295685917,77.8810951490219,79.464934817029,71.9362945473246,68.0261543713834,64.0574701067203,62.4600216352863,66.6491904871965,65.2495895718607,63.0454316267274,39.2770169394369,40.7933159165559,46.3291101388643,36.2710315578103,33.0206188905359,39.8120074226522
21.7290447065398,22.0132814319184,16.5205099344832,24.9685739331504,25.0716479583109,0,16.3721748242894,15.8858517075389,45.7788356217198,47.3419390078255,75.6959793497258,49.9768710453217,47.2967461865676,46.8063558924657,42.3302930567931,43.3610852784661,41.1883978616115,45.8976646408735,43.8160907461117,42.3997434611228,34.7687401174983,34.6283903436949,34.0500273597276,46.5293449361468,75.141587669519,90.1409020628775,46.2299354695949,45.2082838117037,40.1207176725366,41.7699777085818,40.6862558527158,43.9047832699058,50.2504885684072,36.2954955051721,44.7496091103836,43.3914465133492,52.3681215711574,65.2587396241477,62.3011828572985,61.2686059559143,59.5965166343056,59.766606823166,59.569715498789,59.3446681978349,64.823971196494,64.3931696764641,67.8459350419087,63.7681064872629,68.9072404252454,64.6077186202165,65.1837108023093,40.5279945485434,41.817127366795,40.0910634540519,38.5824550193114,39.9385092633363,38.7279454890211,39.1497713526219,24.5308093146443,32.2150084651717,31.7723758798888,31.0566489170197,30.7171057060715,70.906634217845,28.7036127523977,39.0494803656633,76.9642223540155,78.5502547655698,71.0203756572876,67.1091892713157,63.1115914049069,61.5134975624428,65.708881699599,64.3090730704933,62.0956649441059,37.8136039231245,39.3840228409959,45.2327389315143,33.8805860753523,31.6201954025228,41.3406202096608
24.4489475054201,24.3018228308504,21.1144654824349,26.6446771833392,26.3933533471514,16.3721748242894,0,17.304122580781,45.606775023323,47.1610390915587,75.207068937,49.8686259098596,47.1833045002411,46.6647696132772,41.8934199360632,42.8824238728273,41.3709437570986,46.0723743895396,43.9922166785385,42.5796191186773,34.9236523833186,34.7006006564555,34.162108568479,45.8773977093282,74.7319543854903,89.7177876663551,45.57085109381,44.5413379913211,39.7911539026122,41.3352077879729,40.2428133426712,43.5614642600269,49.8269984046587,36.2599862698665,44.2476629051744,42.8830554175581,52.2946207768142,64.78617864509,61.8311527287923,60.797005850393,59.1111396843029,59.2813428766957,59.0824544636943,58.8575850698586,64.3422049627711,63.9145904703772,67.3657523878666,63.2881098223963,68.4277034911168,64.1272390676517,64.706656058041,40.7124250026865,42.0105701280672,40.2646572951221,38.7828212866568,40.0481069260435,38.8591178554922,39.3024052731578,23.040224662152,32.4248725817256,31.9807257093324,31.3352957964507,30.9966286577391,71.0476262174614,27.0952307286752,38.2875271995457,76.5072226871606,78.0955124900279,70.564490988662,66.6523261836039,62.620472628787,61.0220908967607,65.2245270576828,63.8249833916728,61.598538615492,36.9951181437134,38.5983986649416,44.6827553334732,32.8360318084779,31.5099895284137,41.1692268216171
21.6305449410626,20.3492348839504,17.5031072088793,23.633530626966,23.1058820108966,15.8858517075389,17.304122580781,0,44.4567700418936,46.0220523457015,75.1660954261885,48.6767846013528,45.9912382410165,45.4956716084638,41.9237048970649,42.9216068376488,40.2229304612017,44.9516186277679,42.8491175064795,41.4589442654275,34.3436604120636,34.2617240861364,33.6783930160974,45.8272212047691,74.6797418379084,89.6701719475757,45.3809334630014,44.4068607142741,39.7452471937892,40.4455249968339,39.3550838741669,42.5958609965256,49.789249428198,35.9911864322391,44.2977737998827,42.9431476942349,51.0853860040614,64.7491174755772,61.7938644912591,60.7591487190349,59.0748928730475,59.2446260665321,59.0460913411339,58.8207627313403,64.3031021237259,63.8757100536992,67.3263284502065,63.2492340237238,68.3881402683136,64.0881603500323,64.6677546595558,39.7664690268461,41.0707525030327,39.3653238700786,37.7490004140798,39.3544046855105,38.1322486212431,38.5223782496875,24.9532551179509,31.8705087175224,31.4903702217792,30.7623248076304,30.5077792656356,69.8855240755775,27.4219445593927,38.0730980094134,76.4668722594437,78.0549224340018,70.5240947379331,66.6120878183669,62.5814439152499,60.9833068472533,65.1853268076961,63.7860229774239,61.5590538393701,37.1329715140094,38.7157207511442,44.7061712799087,33.5269279968715,31.6737420799997,39.9835894022666
46.1040687052908,45.1530678428161,45.7369556214843,45.4828867309831,44.3004711765338,45.7788356217198,45.606775023323,44.4567700418936,0,18.5811530712346,88.4636177013371,35.2385732409722,31.6416712022513,26.67715993758,56.3156999296122,57.0948112835877,47.6376114270762,52.4041252367022,50.0401357934912,49.148369459337,48.6576218396189,48.8841160681561,48.3269156755174,57.9800502524224,88.5501110493653,103.470074886775,55.9408359784264,55.5970554737587,54.2860384356948,42.5243553205846,42.0084530039853,38.8595856868077,63.6796249627347,50.9897791349213,58.4062654614458,57.0980930549271,41.4701035584295,78.2308144266564,75.2948641650211,74.2405579376043,72.4556514618968,72.6211832429658,72.4094984502671,72.1806164206783,77.6832871995225,77.2858345481717,80.7166109753108,76.647187528022,81.7824565906418,77.4797055227514,78.0908007469526,50.4289222562581,52.0613749803378,50.4366211599525,47.5592241871261,51.9466606642871,50.6759767188599,50.7861974322031,45.0586944569481,46.9378848817213,46.9664177613298,46.3336667696159,46.5677254842396,75.0238230548379,46.059407233646,49.1657709454414,90.0479054313399,91.6529852178877,84.1142908209989,80.1954676627953,75.882154043996,74.2843216684117,78.5421343085031,77.1477914587003,74.8033496092945,50.8460348731292,52.2805746774382,58.2252578402233,50.1313109757617,48.7682465859014,30.1881091241663
47.6852815132296,46.7375101926661,47.3090612043677,47.0772070094217,45.8984513755159,47.3419390078255,47.1610390915587,46.0220523457015,18.5811530712346,0,89.9433670819415,37.2362045683391,33.873966704597,28.8468495888683,57.8271947813663,58.5961343394977,49.335972876727,54.0982976836858,51.7392788856852,50.8411001917663,50.2581048431196,50.4728968912901,49.9194136127248,59.4138992675436,90.0557246478088,104.971898413185,57.3341944660875,57.0061261652529,55.8166590616216,43.8060272968946,43.3133449739799,39.8712245126044,65.1832925135582,52.5639313914205,59.9031364304025,58.5951476655139,43.2901200022065,79.7174817065932,76.7823724865865,75.7273592059293,73.9379904283291,74.1034336939218,73.8911402287104,73.6621944599382,79.1661220699616,78.7698694748509,82.1999228141536,78.1307172797199,83.2659610216808,78.9630067302469,79.5753749667587,52.0821087363909,53.7111592835124,52.0827903763611,49.2265267515312,53.5643591887673,52.296927284675,52.4134776960502,46.594704271614,48.5343397993948,48.5582648620743,47.9295013789199,48.1583000204469,76.7346228710515,47.5769490399641,50.5810551241647,91.5392952155137,93.1451253886542,85.6060688711089,81.6869338530153,77.3616831653952,75.7638190976806,80.0240182747759,78.62983735624,76.2806252106866,52.3091567306146,53.7418664783803,59.7027629121606,51.6364118840774,50.328798405945,32.3048712352345
76.6160855848495,76.4619735174736,75.9551496433308,77.0829960684237,76.6367910894628,75.6959793497258,75.207068937,75.1660954261885,88.4636177013371,89.9433670819415,0,92.9473282297238,90.2700733299028,89.6150384911768,66.5004376431543,65.6911615602349,84.2106961796924,88.7268992521936,86.7919356077553,85.2418839485875,75.3384383284294,73.9368163827941,74.0797335834191,73.9296306294393,84.2132566821249,95.9989426513344,77.4836070809762,75.5927403476974,67.1291984585599,83.1532871109814,82.1600703667702,85.3080540118584,61.7384995441654,74.1040627583126,67.4140244235221,66.9198445625972,95.4673676291072,58.3350771867137,55.8021335971054,52.5293807486593,52.4792350576763,51.4896011852911,52.3439328896758,50.9718448737119,46.0475675316182,48.0072962110508,46.8413771297,46.9448436269904,46.94023606681,46.263368479236,49.3196076365648,82.2556150445045,83.5890269626797,81.4500810167873,80.9535756639606,79.4436257538165,78.7365857380723,79.6833209831285,71.9167802082451,73.9125457530813,73.7097240226083,73.7854705936364,73.7668650832766,113.937115832397,75.8903823364469,76.6834786283687,70.3339238024147,73.123739314788,65.1714459577871,60.8996458441641,48.3575414569875,48.0631218994297,46.2710766420354,46.6148936670875,50.418920660435,73.1917213443441,73.6083665297436,65.3513867594906,74.6540505314727,73.3911025220566,84.3325210151217
50.1571386062324,49.2233602426989,49.8652937367808,49.4673330115853,48.3016776090035,49.9768710453217,49.8686259098596,48.6767846013528,35.2385732409722,37.2362045683391,92.9473282297238,0,20.7956123326915,28.8155406680151,60.6127596295819,61.4619022663415,49.9475809163201,54.6870517516062,52.2836041202667,51.4951866178027,52.2686400307442,52.5929427571363,52.0113581476973,62.7851093453019,92.8635832519484,107.809401818637,60.9796222302038,60.5520590858358,58.438350219873,48.6604142293664,48.0534694853767,45.9804316878728,68.0098512173155,54.8250945526922,62.8062337065862,61.4996683616528,34.3524630905191,82.6712860525322,79.7298267987602,78.6798924655788,76.9243784791542,77.0903145632853,76.8826937668356,76.6540581915505,82.1477819812004,81.7426649285851,85.1779117090578,81.1072796339906,86.2424646431636,81.941199455459,82.5441438787834,53.3887129623987,55.084670229144,53.4782671704641,50.3547664143152,55.3114580784808,54.0175566885292,54.0643847595242,49.3679134131248,50.620028745217,50.699609364648,50.0465055290621,50.3366871990577,76.7014964322032,50.6137997031301,54.2165545287519,94.4568060536243,96.0569691083026,88.5206725871762,84.6039118436459,80.3680306388916,78.7704956715931,83.012731769329,81.6174316235959,79.3036332403058,55.5642168456859,56.9954432932976,62.7476116909469,54.6166050692453,52.7890360753543,37.7546083721273
47.4901286071776,46.5508492818081,47.1912726590996,46.803068949662,45.6315760637577,47.2967461865676,47.1833045002411,45.9912382410165,31.6416712022513,33.873966704597,90.2700733299028,20.7956123326915,0,24.7223342728337,57.9491008447949,58.7921404612724,47.5339649928354,52.2855881136107,49.8847945876002,49.0803558593012,49.6708902455303,49.9852812378441,49.4055324022745,60.0795909893429,90.2006212251477,105.144187256905,58.2576646972866,57.8353676277063,55.7885020187384,45.8333651755396,45.2285610772022,43.1319440902246,65.3451214516203,52.2041139454676,60.1334164658498,58.8264650662731,34.6682334356776,79.9974586824593,77.0564592025499,76.0061828659883,74.2482018106548,74.4141194956531,74.2061529366456,73.9775117196968,79.472044331865,79.0675498202677,82.502446724041,78.4318964288755,83.5671102721119,79.2657075632724,79.8693158762191,50.879320965953,52.5648021215496,50.958120085426,47.8667321019701,52.749284860678,51.4572861025505,51.5116338347312,46.6865201264134,48.0114505458011,48.0847216361702,47.4324005255419,47.7158551839836,74.423964969613,47.902088029722,51.4818272775678,91.7856707236966,93.3862444683439,85.849745406647,81.9328106973224,77.6905324979869,76.0929649441568,80.3364958021842,78.9412665489552,76.6249640051814,52.8571689407407,54.2899360044523,60.0650682463683,51.9242252210807,50.1429775403207,34.4757138630524
47.0620530250762,46.1200783893474,46.7310849697265,46.4085463476636,45.2348805765286,46.8063558924657,46.6647696132772,45.4956716084638,26.67715993758,28.8468495888683,89.6150384911768,28.8155406680151,24.7223342728337,0,57.3815072566965,58.1933253576128,47.7562686724832,52.5091006315627,50.1265244262647,49.2843075428235,49.3998139278867,49.6727463059137,49.1040917973839,59.2821166976907,89.6225271033378,104.554533945688,57.3502609682567,56.9684641384335,55.2837217174648,44.495073859351,43.9370631084968,41.2919646102165,64.7600019807932,51.8385061419592,59.5202387333698,58.2129499638127,37.9740874739774,79.3622850285674,76.4237790445341,75.371487634001,73.600225805923,73.7659359502492,73.5561407468856,73.327364050326,78.8258462485788,78.424848269165,81.8576845678239,77.7877119337979,82.9229288523136,78.620875251701,79.2281990619485,50.8590774152754,52.522087638719,50.9059286916865,47.9108200840985,52.5704424514387,51.2887963131574,51.3687857451493,46.1369529798818,47.7144969777539,47.76752490415,47.1253080567715,47.3862974133268,74.8352898271325,47.2580980126518,50.5911630118132,91.16469787763,92.7674968658511,85.2299160707739,81.3120505971991,77.0346186214773,75.4369290383792,79.6875178942503,78.2927364053385,75.9624797643538,52.1135737166398,53.54572453304,59.3958904192979,51.2915225126918,49.7067289309124,33.0630192005401
43.1590065727432,43.1263521574875,42.5412111142929,43.7054076315666,43.3629799853389,42.3302930567931,41.8934199360632,41.9237048970649,56.3156999296122,57.8271947813663,66.5004376431543,60.6127596295819,57.9491008447949,57.3815072566965,0,26.43883730289,50.7835698939163,55.269635159531,53.3730909070251,51.7705345457533,40.9599635919422,39.3233382596141,39.5632979250728,46.0335309219508,64.1491285590741,79.2066333463991,48.917893368759,47.101882791759,29.399121360333,51.5972322975145,50.5806089293295,53.7042763566958,38.2223022899926,39.1142165553334,30.9061016150166,30.1428118788512,63.0272496197989,55.2239663624423,52.1869553098456,51.253698312868,49.99936765874,50.1938507611959,50.053557726536,49.8489654646364,55.2631229926644,54.7022509668491,58.2467302665927,54.1287215932852,59.2931837184711,54.998359115928,55.4385924254784,48.4303533452614,49.7400272814496,47.5519245052447,47.2690005289328,45.2335556810429,44.5672874774097,45.590318591989,38.3262843513778,39.5694242171756,39.3372200415558,39.5283535141811,39.4892760058738,80.6586789212885,43.115597137046,45.7362797808753,66.6069898761494,68.1317153742367,60.6268199022845,56.7378742291513,53.8968175782993,52.2966163420132,56.2490048968209,54.8255688792,53.1379398581516,41.6137966725742,42.2625119197298,36.9034774685946,41.4003523433655,38.7268318282128,52.1365087127738
44.269145744179,44.1983541310431,43.6125814708143,44.8133283263467,44.4365437761708,43.3610852784661,42.8824238728273,42.9216068376488,57.0948112835877,58.5961343394977,65.6911615602349,61.4619022663415,58.7921404612724,58.1933253576128,26.43883730289,0,52.0894587034813,56.5947898338874,54.6772038946417,53.1010020350085,42.6863786645036,41.1718406948835,41.3456440377005,45.2441492200812,64.8875558900167,79.6612286123191,48.5738976487807,46.657520263006,33.3258241397821,52.1422254298957,51.1276237026264,54.2961702355595,38.7480516882459,41.1190385698059,23.0093893019606,23.9464987618546,63.9168321859128,54.6013886073864,51.6168582394781,50.670513768766,49.1225748851913,49.3330541126119,49.1470665549706,48.9592177206499,54.5316824987547,54.0215624055733,57.5519790997837,53.4226478802055,58.613566829935,54.2891472721219,54.7856563386033,49.9459719649797,51.2618065981713,49.1117996785098,48.7029118892397,46.9992160211406,46.2889223012068,47.2581401584439,39.3138234526548,41.2137162322603,40.966392489709,41.0976611039372,41.0385087474306,81.9025986958611,43.871011114126,45.9114986543006,66.3462591490044,67.9162577466658,60.3871152925041,56.4774497349929,52.9988609873053,51.3870742880817,55.4742730096658,54.0490800562059,52.1492621339029,41.6122825049675,42.1393892755862,34.0310982377288,42.0543561534426,40.276725464757,52.9216863958695
40.6479593139761,40.0825847132995,40.7398083146521,39.8968796846983,39.1280122184382,41.1883978616115,41.3709437570986,40.2229304612017,47.6376114270762,49.335972876727,84.2106961796924,49.9475809163201,47.5339649928354,47.7562686724832,50.7835698939163,52.0894587034813,0,23.3910134222545,17.1239298055751,17.5558926542666,37.7396409466937,38.7343441376889,38.0532510243983,56.1303984959059,83.0214978369044,98.1394825095117,55.6469649752953,54.7645157432164,47.5913234370639,48.630889085635,47.7195097611422,49.1132994311913,58.2964284804218,41.9106927993655,53.657890960071,52.374270170043,51.09711057484,73.6637915836247,70.6867612260262,69.6639665868067,68.0988356120018,68.2666732869031,68.0855717089414,67.857842584751,73.2909851967013,72.8371649165933,76.3002110739026,72.222651660493,77.356290373072,73.0652414221083,73.616305519995,31.3298520723948,34.0521926523991,32.4084371869311,26.1250316392689,37.7705184080139,36.3689860173247,35.8298636302384,40.6127069802329,36.9763313969949,37.5132736083211,36.8638755093466,37.6217958186404,54.1329399992849,43.6542578675548,49.2146244523599,85.2425709565933,86.8109342229081,79.2902588821533,75.3869209781969,71.6481398931368,70.0528692095107,74.194832222893,72.7937606744514,70.6752622308189,48.6808468156871,50.0463933067639,54.3502685949065,46.610196130518,41.7124969055613,43.9352426916622
45.3753063363221,44.8337400205418,45.4575689273944,44.6620044800409,43.915481955717,45.8976646408735,46.0723743895396,44.9516186277679,52.4041252367022,54.0982976836858,88.7268992521936,54.6870517516062,52.2855881136107,52.5091006315627,55.269635159531,56.5947898338874,23.3910134222545,0,20.1642905138675,16.607314757934,42.0907037080279,43.0766736600445,42.4179067475821,60.734713739532,87.4884370986996,102.614728829027,60.2862295866053,59.3936787000328,52.0231287102393,53.382065520551,52.4710082280961,53.8683602582202,62.7721649293456,46.2875498191095,58.1740663139914,56.8930899001583,55.8027756207653,78.1693124685261,75.1907330273744,74.1689706428601,72.612206498831,72.7800320337991,72.6001201648397,72.3723392673324,77.8024716313549,77.3466349287616,80.8107493922472,76.7330056293669,81.8664424130611,77.5759219575386,78.1248262011722,34.5052046109596,37.6877244726413,35.6199694327315,29.7103946177467,41.541799010158,40.2128472351893,39.6500456311582,45.2574385361813,41.4379909907713,41.9995953408419,41.385632629069,42.1598375550356,53.2227593276686,48.3561773810831,53.8879866191301,89.7386721638454,91.3056391461485,83.7856658238074,79.8829291897124,76.1654304732337,74.5703032042666,78.7079449037108,77.3066764478116,75.1963320900415,53.3078362725631,54.6668981445609,58.8923743077149,51.2360275230928,46.2529570744576,48.7392745676651
43.2918794385954,42.7250407573812,43.3749929580442,42.5499046447891,41.7782468006487,43.8160907461117,43.9922166785385,42.8491175064795,50.0401357934912,51.7392788856852,86.7919356077553,52.2836041202667,49.8847945876002,50.1265244262647,53.3730909070251,54.6772038946417,17.1239298055751,20.1642905138675,0,16.8250178687003,40.373410887632,41.3516223311607,40.679578169933,58.703756468532,85.6060312227546,100.723672122787,58.210270480131,57.3316779824978,50.1817399370659,51.1465200579242,50.2386715864089,51.5938957999676,60.8814062153151,44.5206672536485,56.2451328687398,54.9618562934281,53.3785283884901,76.2462007698803,73.2692866210953,72.2463646065147,70.680630609496,70.8484377618724,70.6672581954674,70.4395027999585,75.872748599482,75.4191141318888,78.882033076625,74.8045263154013,79.9381356143087,75.6470747089655,76.1983336800575,33.7323965589701,36.5963482608723,34.7966206203559,28.743485439467,40.2725403368499,38.8994497453788,38.366175016682,43.2256632474965,39.62647791103,40.1617250868534,39.5227927896741,40.2762520801413,53.8434787399203,46.2520506347202,51.7801446042639,87.8255458628742,89.3940096293338,81.8732891569319,77.9699119474891,74.2294152050662,72.6341484555285,76.7764512458969,75.375412435872,73.2561852007745,51.2622136112176,52.6272556892745,56.9331594103578,49.207435084123,44.3374114243653,46.3809335118196
41.8640095830248,41.3285445036674,41.953498779129,41.1485743076531,40.4092676564123,42.3997434611228,42.5796191186773,41.4589442654275,49.148369459337,50.8411001917663,85.2418839485875,51.4951866178027,49.0803558593012,49.2843075428235,51.7705345457533,53.1010020350085,17.5558926542666,16.607314757934,16.8250178687003,0,38.5171074025723,39.5205318142037,38.8557874698911,57.2736757121657,83.9912193529603,99.1193453295417,56.8419084834299,55.9435426303745,48.5133987888298,50.0071581662024,49.0925242301693,50.5302597879679,59.276034351207,42.7463343505765,54.6827442822637,53.4018787372075,52.6616173626803,74.681172149029,71.7021955623735,70.680750276131,69.1261054100484,69.293960800901,69.1143421790925,68.8865796267419,74.3160687849638,73.8596789037043,77.3241166184217,73.2462848728776,78.3797166334613,74.0893026168705,74.6376186958117,30.9116915364434,34.0261633985902,32.0897456095616,25.7893558527135,38.0111699132801,36.658503836811,36.0797561159103,41.7626622241663,37.868289481115,38.436745065069,37.8182746231264,38.6006251010894,52.9938471870731,44.8877554850636,50.4475693943143,86.2482653028331,87.8148788589723,80.2950775478263,76.3924889266703,72.6805709672964,71.0854650791107,75.2219824545782,73.8206446801506,71.7125137690947,49.8426033133395,51.2010104858212,55.4102482064947,47.7541042642622,42.726103210583,45.4452645431653
34.3008462248156,34.3925814669766,34.3489796522129,34.3439482184248,34.1945631003927,34.7687401174983,34.9236523833186,34.3436604120636,48.6576218396189,50.2581048431196,75.3384383284294,52.2686400307442,49.6708902455303,49.3998139278867,40.9599635919422,42.6863786645036,37.7396409466937,42.0907037080279,40.373410887632,38.5171074025723,0,19.9209692430985,16.3456719197107,49.062003396596,73.2504788052513,88.5068048832206,49.5795355684425,48.3771126547301,36.8398103327622,46.2306780424861,45.2293589998459,47.7593297331903,48.6182966782906,27.071909400269,44.4590363184795,43.1996766234591,54.2812885498357,64.5705708340829,61.5643266624425,60.5637596301,59.1552217926236,59.3244973208365,59.1653023197352,58.9381824438541,64.3209472930801,63.8272860360952,67.3129690792641,63.2298716560836,68.3620777078722,64.0795131875538,64.5881272404079,33.4549321272643,34.4359759978465,32.3420149517999,32.8819604569953,29.8297187206948,28.3521831054376,29.269534088527,32.9683455988519,19.6231586445336,22.0966346244273,22.8438543188089,24.6108114229677,68.322704128838,37.8863427822295,43.7634272442165,75.9800727380661,77.5224619978611,70.0145276419565,66.1221438985621,62.7904342115256,61.1971220919441,65.2566411513063,63.850914441832,61.8925986090112,41.7674997969679,43.0209003273276,45.8028012563472,39.0871703438374,30.6219184133736,44.4935218343744
34.3713510831373,34.5024111612786,34.3055929295238,34.5721996628925,34.4329149974778,34.6283903436949,34.7006006564555,34.2617240861364,48.8841160681561,50.4728968912901,73.9368163827941,52.5929427571363,49.9852812378441,49.6727463059137,39.3233382596141,41.1718406948835,38.7343441376889,43.0766736600445,41.3516223311607,39.5205318142037,19.9209692430985,0,14.2726055750021,48.134592802991,71.6148094347956,86.9074946862591,48.8568365328002,47.5949127451541,34.9006741845655,46.1324793922214,45.1258287355623,47.7533859766723,47.0073467405762,22.316111552298,43.0051852410366,41.7568968357616,54.6632794234528,63.1129930422475,60.0991066247255,59.1041387537199,57.7367160971789,57.9062095279005,57.7528200128774,57.5257039472695,62.8946505196067,62.3907465473303,65.8821149843473,61.7977604167157,66.9293753246814,62.6491621755975,63.1468443258602,34.5921982057751,35.70412039928,33.4214706530743,34.0493253972429,30.2099271334782,29.1718730430286,30.3829643668428,32.3971823523736,21.53859202607,22.5133399003283,23.9041893312202,24.9527791494797,69.1945394014942,37.549922284921,43.2292529972512,74.4777958772337,76.0134129043452,68.5088164650204,64.6193017125372,61.393272509853,59.8005547122975,63.8385590180123,62.4317070849658,60.5147477387589,40.9692327459807,42.1835170817709,44.5129493502738,38.3110807327843,29.4084169320356,44.7107584936048
33.6983767040687,33.8388927664122,33.6823309286196,33.8635221287348,33.7419583858279,34.0500273597276,34.162108568479,33.6783930160974,48.3269156755174,49.9194136127248,74.0797335834191,52.0113581476973,49.4055324022745,49.1040917973839,39.5632979250728,41.3456440377005,38.0532510243983,42.4179067475821,40.679578169933,38.8557874698911,16.3456719197107,14.2726055750021,0,48.0089541177494,71.9048553714899,87.1730949039356,48.640205062277,47.4030091659445,35.337205812834,45.6664579336666,44.6603410656805,47.2641326199785,47.2735666218269,24.0400827395052,43.1426974456194,41.8848356549041,54.0683517065034,63.2880417670975,60.2788368073162,59.2807491950011,57.8880164032623,58.0575600086633,57.9005600634625,57.6736155585545,63.0517226774842,62.5538942458088,66.042053512252,61.9582423234536,67.0904809906751,62.8086639802153,63.312854710319,34.0144076463063,35.0808445577519,32.9054838313245,33.3867526162918,30.1255456541295,28.9178099215455,29.97309698808,31.9844746953732,19.0195693077882,20.6352479994929,22.2271301525854,23.6114830693571,68.5408263897663,37.1017691869741,42.9140599709765,74.6811935545051,76.2210052426288,68.714304308916,64.8229858127073,61.5328202409258,59.9396584151876,63.9907285725455,62.5844630067478,60.642890069836,40.7542261607762,41.9899086379122,44.570910387257,38.0366859838036,29.06838087407,44.1508504834383
47.7592480681024,47.4210741525204,46.9468449299594,48.1867731401037,47.5775018843063,46.5293449361468,45.8773977093282,45.8272212047691,57.9800502524224,59.4138992675436,73.9296306294393,62.7851093453019,60.0795909893429,59.2821166976907,46.0335309219508,45.2441492200812,56.1303984959059,60.734713739532,58.703756468532,57.2736757121657,49.062003396596,48.134592802991,48.0089541177494,0,77.2638447754769,91.6878169198203,39.0108636652375,34.665535014289,46.5436718625745,51.5392966296055,50.5490987105927,53.9612543319421,52.1200320455417,48.7969725800868,45.8516641092514,44.6077640852363,65.4901442314417,64.4747646839417,61.6478170945401,60.513681769546,58.1368079279272,58.300398740724,58.0033000349183,57.7758610691373,63.486550581695,63.2334775341895,66.5859662833082,62.5320086204828,67.6785626476564,63.3404012100539,64.1056852339319,55.1301424169491,56.4877235272146,54.5281688456975,53.454318510397,53.4789651244609,52.5505825012565,53.2467757995267,42.7669894090602,47.2640591641455,46.9896721330479,46.8271047971976,46.7255000808177,85.5753208398383,45.4745443469924,42.6651090441233,76.9216362322275,78.6215112884358,71.0362546470755,67.0773568944632,61.2667874784066,59.6584886047416,64.2289875986812,62.8493311163637,59.9089901672802,39.2442877199079,38.9680708499981,42.1178849406605,44.4849049657676,46.3844189824966,53.8714536202994
75.9046635165084,75.8280038397701,75.3216009501874,76.3747445361164,76.0000474697371,75.141587669519,74.7319543854903,74.6797418379084,88.5501110493653,90.0557246478088,84.2132566821249,92.8635832519484,90.2006212251477,89.6225271033378,64.1491285590741,64.8875558900167,83.0214978369044,87.4884370986996,85.6060312227546,83.9912193529603,73.2504788052513,71.6148094347956,71.9048553714899,77.2638447754769,0,61.612829944112,80.2954915478036,78.4898778533681,62.6152759868487,83.7852148561386,82.7807768593474,85.8579933925439,53.8946031293229,71.593906882174,67.4320272385766,66.9329062437364,95.2854047205927,70.8085886718643,67.1385455415097,66.1854037522969,68.4924172176836,68.4958884976627,68.8692374568101,68.4751404452191,71.9072676472874,70.6885874475423,74.3745740794688,70.4511911437671,75.1989700039791,71.3478133323652,71.0522298234127,80.5466013062062,81.8714303554837,79.6266415752645,79.4522502801226,77.0708441745481,76.5029315662363,77.5950863511768,71.4221816159928,72.0676719964426,71.9258671185572,72.1190395464051,72.165082894471,112.895521930097,75.8710348362512,77.9625614127829,75.9597260103501,76.619797843977,69.6663430078065,66.2225293790455,72.6616992494089,71.1922721039797,73.4600886840897,72.0622087838114,73.0296281765677,74.3335310528639,74.9293626490264,68.3107875502172,74.6510805064829,71.9296931531674,84.3961968127931
90.9309590327012,90.8435669405554,90.334460905307,91.4030795741484,91.0182276193115,90.1409020628775,89.7177876663551,89.6701719475757,103.470074886775,104.971898413185,95.9989426513344,107.809401818637,105.144187256905,104.554533945688,79.2066333463991,79.6612286123191,98.1394825095117,102.614728829027,100.723672122787,99.1193453295417,88.5068048832206,86.9074946862591,87.1730949039356,91.6878169198203,61.612829944112,0,94.8169518486767,92.9925865408052,78.173204315269,98.6216390515593,97.6184059020753,100.708953393877,68.6475976455904,86.9097956467011,82.1123482878595,81.6364952162092,110.246215489811,82.4235381834887,78.6126937322996,77.5409376122604,80.7250656976604,80.6610129308607,81.1568825174097,80.6993301518574,83.5133620455472,82.1416474947264,85.806075730355,81.9933221304781,86.55005334224,82.8768078523754,82.4033872480862,95.7495255761057,97.075191820599,94.8487493802726,94.6206291058942,92.3862875804326,91.7934636067626,92.86071230484,86.4024592436465,87.2795651632352,87.1254320049735,87.3001719556239,87.3334704582212,127.990596157254,90.7872482590071,92.6916827873143,84.8792013104323,85.0835589031739,78.4985109448219,75.3272129009324,84.8075571809306,83.3793294880647,85.2087875501671,83.8341896046845,85.4232205840884,89.0581635163729,89.6250964218092,82.6152234724602,89.5461579117982,87.0603054564647,99.3186812878067
47.4785709026162,47.0050587562946,46.6566613600427,47.7865975012022,47.0601864011528,46.2299354695949,45.57085109381,45.3809334630014,55.9408359784264,57.3341944660875,77.4836070809762,60.9796222302038,58.2576646972866,57.3502609682567,48.917893368759,48.5738976487807,55.6469649752953,60.2862295866053,58.210270480131,56.8419084834299,49.5795355684425,48.8568365328002,48.640205062277,39.0108636652375,80.2954915478036,94.8169518486767,0,25.6545641137835,48.7924735008436,48.6918149174046,47.7337700959893,51.2121972243658,55.2406599718606,49.7737397894808,49.4066516275367,48.1511304757625,63.8154303326167,67.9701172098056,65.1240336337068,63.995685991903,61.7309911509105,61.8885487713223,61.6104024322634,61.3762890048051,67.021519497902,66.7504643828754,70.1066003253282,66.0582601407299,71.1933400138401,66.8672874765306,67.6126146832701,55.1133906994408,56.4951557587701,54.598630970216,53.2714762849704,53.9342579436357,52.9386191883763,53.5398318001521,42.9212056708347,47.725024538318,47.4715414719173,47.2097466163528,47.1287049512526,84.9143464775942,44.7366855303716,38.9909351539248,80.2920921048449,81.9765836882615,74.399516458712,70.4476334412878,64.8677126841768,63.2652221304281,67.7798152822699,66.4016538295764,63.5489344523123,40.3951190106257,40.8679456313586,46.8517481912469,45.0461369688349,47.1316225370266,51.8980747795166
46.4685653196679,46.0382064756581,45.6412876246647,46.8222861901162,46.1336446441451,45.2082838117037,44.5413379913211,44.4068607142741,55.5970554737587,57.0061261652529,75.5927403476974,60.5520590858358,57.8353676277063,56.9684641384335,47.101882791759,46.657520263006,54.7645157432164,59.3936787000328,57.3316779824978,55.9435426303745,48.3771126547301,47.5949127451541,47.4030091659445,34.665535014289,78.4898778533681,92.9925865408052,25.6545641137835,0,47.1366095225058,48.61987209793,47.6438611140483,51.1335713365016,53.4109313541792,48.4369266332976,47.4341090111432,46.1736199584267,63.3413129488332,66.0797629761577,63.2368982584341,62.1086253474733,59.8241598700903,59.9835031124586,59.7017395358213,59.4695160838668,65.1291398974901,64.8602272507346,68.2169563996231,64.1666760959491,69.3048213588426,64.976027409138,65.7238622304609,54.0838644691408,55.4570412081355,53.5426934021865,52.2927416611665,52.7637844644229,51.7864965790504,52.4154048490381,41.7262585678663,46.5314055052496,46.2679555380656,46.0341406024747,45.9425389585748,84.0924361122869,43.7966023560063,38.7408814735908,78.4248589775536,80.1118408725648,72.5333554740332,68.5802641555237,62.9652404311703,61.36132063175,65.8853217993558,64.5064279737108,61.6412121982533,38.4262740784736,38.6299676678337,44.6518261815156,43.6459309511131,45.82468919515,51.5223020405203
40.7334218180566,40.7518741489677,40.2234132913128,41.2309885228169,40.9405838133629,40.1207176725366,39.7911539026122,39.7452471937892,54.2860384356948,55.8166590616216,67.1291984585599,58.438350219873,55.7885020187384,55.2837217174648,29.399121360333,33.3258241397821,47.5913234370639,52.0231287102393,50.1817399370659,48.5133987888298,36.8398103327622,34.9006741845655,35.337205812834,46.5436718625745,62.6152759868487,78.173204315269,48.7924735008436,47.1366095225058,0,50.0486991006463,49.0334534088306,52.0402223722153,37.7661924695471,34.3912194493623,36.1499611617834,35.1984098038487,60.7679081834207,55.6989725353524,52.604279915768,51.6732464199176,50.7412539618392,50.9141812800136,50.8230173281461,50.5967547867004,55.8230692234941,55.2100915619107,58.7634767101938,54.6639245712265,59.7918060144167,55.5346355298561,55.9161770872372,44.6993763866846,46.0036500125566,43.6979284491408,43.7596843833089,40.7828373252038,40.2671382148117,41.4510612562938,36.4120892210699,35.7766905526994,35.6420759369648,35.973950678152,36.0419431119942,77.6028716594107,41.440574090889,44.9351346172942,66.620851971478,68.088730784481,60.6163343878498,56.7547471981626,54.6320809654502,53.0456063687475,56.8542703697676,55.4349573557228,53.9616266904115,41.3117871327846,42.1362032451444,39.3707291907305,40.2416395489975,35.6950352552643,50.1071917233329
