IBR/IBR_outputs/all.combrep_1/FireFreq_2000_2008_Total.PersistForestCover_Total.WeatheringIndex_Total/FireFreq_2000_2008_Total.PersistForestCover_Total.WeatheringIndex_Total.asc
NCOLS 160 
NROWS 95 
XLLCORNER 210004.651214014 
YLLCORNER 7350008.22228844 
CELLSIZE 4999.99999999997 
NODATA_value -9999 
[rows 63 to 83 of 95, columns 46 to 91 of 160]
1.30001372081527 1.29189455193804 1.1823834717847 1.31159944868594 1.56209905152037 1.64752034640489 1.28170633635464 1.55021066764992 1.28640447639364 1.39501102522539 1.5043223916087 1.43592116139848 1.3710531730269 1.67036797767429 1.59457554280772 1.61587321838201 1.95421525994527 2.09986725953509 2.03385460477177 1.80736895033764 1.46304657233649 1.8901766730057 2.32293252737953 1.45709222659859 1.59454014921592 1.97724844715421 1.74202868295354 1.72978175864427 1.33896214176784 1.73776817921158 1.67160510802563 1.86209835876278 1.96836417323349 1.50094717759554 1.41554147743055 1.29848323531075 1.23866940542744 1.19003219377934 1.39285172005766 1.59092975519706 1.43876904826131 1.51762851869497 1.68799344830802 1.61168402780077 1.77386728951387 1.81801943344557
1.41667790659781 1.41102366772642 1.30761513475486 1.26244906809689 1.27759568106176 1.29844945560364 1.28497415482058 1.25677088847368 1.12311710371744 1.69874891217119 1.83966832378194 1.81617940106534 1.57970790678754 1.67199597340184 1.64352089009738 1.91363911143818 1.93751796159543 2.00940867386244 1.46958008281839 1.47526698140643 1.81444673353044 2.32837815158326 2.70261762667935 1.62697992754542 1.59222630663343 1.6334768343671 1.64908014570539 1.60374968402724 1.50182714083217 1.54121486539313 1.46172533627057 1.67159904288975 1.98313635785521 1.92119477953291 1.72326365106013 1.58223085226085 1.894381432682 1.73860776408816 1.59858717236067 1.46263432236545 1.80567353942655 1.6964876628266 1.7506059358952 1.75240413413209 1.86910460872111 1.47093418841212
1.49977467538027 1.46860903777603 1.55382060312807 1.62928475028898 1.28501082581435 1.32293661498144 1.30126150940441 1.34055218577854 1.22616948040125 1.60682957634885 1.80046324288772 1.44530564110496 1.34992244141031 1.62906992113871 1.49391839282628 1.69863814868236 1.79770734318977 1.84431755629342 1.93813627393136 1.85963713187718 1.887777678171 1.83740233755676 1.87849051509555 1.52488064579503 1.65769969116927 1.56818530402945 1.37587714770333 1.3908654174367 1.44179338542149 1.51307387442186 1.42296365922193 1.29891607544912 1.58594279841496 1.73484837630181 1.73435936392109 1.66694545451188 1.7837624822487 1.72493193508082 1.76494627120605 1.87101550780164 1.95812445129819 1.90151510530861 1.67543269300425 1.65715264717811 1.98496369956298 1.44184871640065
1.38624143750741 1.6234081348994 1.52175013282145 1.52082835963226 1.55118977738928 1.53972596844471 1.23048071809811 2.03503743144209 1.43459155616663 2.32322342043222 1.12600039334138 1.56458418631068 1.27999778923732 1.48488356494941 1.4826938586313 1.53226929481156 1.55341369004044 1.53564152993648 1.56682579017605 1.59498662540511 2.02426558328242 1.6541592790615 1.59120787735858 1.65930216113726 1.65377905905869 1.55911483962163 1.44771153460005 1.46462838656728 1.32876034476269 1.29236737984834 1.28035685290238 1.0888382848586 1.29694108728649 1.38518392079086 1.58629779452618 1.57539475587917 1.83209616760322 1.72761879083731 1.81338338784343 2.13843314987697 2.11412700297059 2.03940685667426 1.75444180392779 1.3951240864382 1.62855538571278 1.55759062845435
1.98639206758585 1.97768030157767 1.58144895237352 1.51641074569243 1.30959256426815 1.49694788409461 1.33082964463394 1.81579084250458 2.5313016490635 2.82285942843312 2.82061574513585 1.81990366631509 1.5118373362258 1.51235826947242 1.3290953538994 1.18890384144477 1.31542393583479 1.40311113455855 1.55300425037484 1.56127256574964 1.51281955012155 1.66087717615669 1.8674137228319 2.04490452225218 2.11953217893445 2.12693450979861 1.78643632766576 1.32130959407705 1.62377184866361 1.40526850029559 1.32156930056325 1.22942420525049 1.12392742278516 1.28775090919516 1.25117214262245 1.3777397647436 1.70442549809069 1.88729468247274 1.86351549685546 2.07419739939207 1.82748865818911 1.85373517499081 1.41906614804918 1.25655574349332 1.47391033730851 1.41743461115474
3.09443365855658 3.21877958573713 1.97828217295712 1.39859647435991 1.2254772117801 1.27155795373339 1.37537822575044 1.61151442865584 1.23408421968629 1.898248927709 2.78301233058871 1.72246035464964 1.45332038063432 1.57019400483729 1.43631505770393 1.34175388489984 1.47003238671162 1.47826380360823 1.50361219348633 1.35870012816275 1.60244779297756 1.75358629657436 1.8506729612204 1.54063790338969 1.52562576214455 1.45313684868267 1.50478928685571 1.86085473784903 1.77073633535386 1.56523901637264 1.84214898958318 1.73997327173196 1.63089272672242 1.62788040249042 1.58217795500942 1.47077847413747 1.63964838064345 1.75044361008275 1.58653639403162 1.65937344239827 1.89546486916383 1.63215435065599 1.38882178518715 1.3638714138568 1.48145024724993 1.76480096330371
3.08665098958659 3.08879804837863 2.54008871129759 1.80519266779965 1.45236017250444 1.65203776757097 1.65406466337355 1.30823452461613 1.30172486109121 1.49805464976255 1.68215609941268 2.8753150211468 1.49300819561871 1.58996137012913 1.52137256151749 1.4404256694577 1.5315943284943 1.21404428604466 1.73854972698641 1.83424542795602 2.61936724985368 2.27820221816037 1.92793476551162 1.6258586669687 1.26759629024763 1.48086473939282 1.49947504510723 1.85403278089864 2.03251929923103 1.67265452255125 1.49328104852948 1.33025126212198 1.56548521388129 1.64038813488696 1.22565677213708 1.16945225451144 1.31798543701073 1.5138739869286 1.55683291894123 1.88389614612662 1.69120562270627 1.4519983408635 1.20231029738115 1.37026516165339 1.2143170074219 1.93612608290982
3.11905434311194 3.13670174100085 3.21667593129942 3.25973426284782 3.17450512965016 3.09207579297762 2.54414289883819 1.59350503497528 1.42903007003825 2.92270815675199 2.32191411187626 2.4462994203751 2.21473004041248 2.8378192461742 1.8167227349742 1.40616274632604 1.38820665938688 2.01532108045503 2.18674354162644 2.02265938206372 2.34937350735525 2.30327967308334 1.69921540413393 1.93245888558884 1.48170746899126 1.16121099888375 1.51174826426095 1.57878015032074 1.82969287643732 1.5747930896205 1.35455559231532 1.28113240705881 1.25476319932229 1.65517227377243 1.24386394629938 1.10580498778353 1.22585607489249 1.30215175829676 1.54123512782069 1.83592035607084 1.61669173637539 1.9618865558416 1.8830847204455 1.42556056608361 1.54185128419695 1.59674196858656
3.03583626930961 2.93110714796673 2.94101732031117 3.05202523315756 3.07782280029814 3.13288054470301 3.14394839170927 3.13298473655599 2.75757854656637 2.9487374147258 2.84975901440122 1.5884625992718 2.37223384670592 1.94026191616432 1.80310575734682 1.3156101580563 1.45168838868509 1.74031410537172 1.69223973081342 2.69943729979918 3.15668292159159 2.2377809051236 1.7428670372591 2.26997317656434 1.61213810096107 1.43594669131544 1.48248255484763 1.42564236603904 1.44637916442232 1.51323050451117 1.35704379705453 1.2233636335582 1.29746795912978 1.40016510442358 1.63518382617642 1.58243576091528 1.62457276134795 1.48223816135204 1.36728940711882 1.45859968261876 1.42943126560876 1.49097541097456 1.77669201908007 1.6667559842271 1.69796869943519 1.92329060689074
3.03155161502199 2.9014890033937 2.86892183464463 2.89635909944599 2.87366046144232 2.83052317238109 2.83854630684015 3.00656693962934 3.09302844761369 1.82106884119922 3.0435541516356 2.99124440191421 2.15882651669312 2.98327237803158 1.77763013467061 1.36166168224135 1.40614055179581 1.3638929224559 1.4782144625523 2.02441943173851 1.6048182928738 1.38289521843335 1.26319724116437 1.60293906190541 1.52384102530102 1.43297439837743 1.40970922898855 1.36226838962009 1.40754234222373 1.59899090082941 1.19289927089446 1.13523843701911 1.24733970843641 1.50175356971187 1.45003167317501 1.61079832535008 1.56842765306243 1.58197708583902 1.66849342329999 1.87562955146071 1.89817177397631 1.6165762663755 1.4584159833306 1.42017611165026 1.79144406674892 1.82034050558128
2.9028691228481 2.96970990669159 2.71123740687702 2.65491383718568 2.72115747724999 2.65296272398052 2.6295046339232 2.64808338790124 2.71590913608386 2.84620643817677 3.02641439203738 1.69484119537259 3.04484354423921 3.13839849449364 3.17876361011625 3.0678289534484 3.03055271214863 3.0881546492247 2.1011102873267 1.46057985459377 1.48882099920675 2.58904255180455 2.2828213479999 1.42016995062107 1.28219198156404 1.52306363672909 1.78458232627876 1.73565206366857 1.66630267244708 1.51214838187987 1.40705177741449 1.33648418888861 1.35451751249872 1.50007103253701 1.4710887229398 1.5062820978482 1.46194961492692 1.36075332462264 1.49565167606391 1.86508135442421 1.94937188539288 1.9950870732105 1.7840471623857 1.22780352945108 1.18658787233996 1.27559836749883
2.91285025052326 2.99827989735344 2.85693227453517 2.91179199980805 2.92338374195745 2.86697202658104 2.74604372362858 1.77108394393559 2.68816339966259 2.6209943299015 2.77123846402812 2.61760646928254 3.06516147685723 3.10441197476689 3.16072241988703 2.83146179262404 3.12944204493429 2.43258539840324 1.54575713658784 1.48454839243232 1.32489308352291 1.60087267669678 2.74154649675606 2.80517030062268 1.75955503564061 1.35837212956671 2.67517543817045 3.10164980587265 3.18198952763682 3.08830194164363 2.45761536618942 1.58839161619749 1.70848617520979 1.87767442323748 1.69633457947743 1.50728872138928 1.40354356777717 1.44980024788139 1.86432041790468 1.57534891250091 1.66749250976187 1.46009541553424 1.56921095416179 1.50782138841317 1.40674996806119 1.58297317371425
2.94932960050464 2.78825823550462 2.71343769293943 2.8836811703945 3.01795262934973 2.86491689529606 2.95750985657849 2.92957580732601 2.7549095832099 2.704282942717 1.8762995714542 1.41717574341586 2.845260328678 3.34406613556591 3.25214166826152 3.15544694676338 3.11486979659632 3.14388941147694 1.49205680992979 1.55953220993295 1.3745510048126 1.44257187221218 1.88196518624648 2.93733142982523 2.97185900628325 3.07665381373415 3.01801888854982 3.06766013157063 3.0788658345222 3.22529269714587 2.54729639213477 2.51889513050953 1.80834766730717 1.79128185101834 1.59454781970678 1.42851508017635 1.83538332034939 1.77856494295347 1.62987227037801 1.47702005934003 1.43647602914537 1.59037960732208 1.48535546334279 1.69428851388197 1.6153704768598 1.51125551230958
2.80107421845507 2.81543065230814 2.85084400833354 2.97221011106808 2.94281033994876 2.91516480218553 2.89802748210864 2.74282037218985 2.65793546128476 2.6568356450382 1.32630249674763 1.11705901023241 1.52716370832348 3.01421475428214 3.35091739815812 3.18929654154786 3.14520165127495 3.06347465579261 2.69266011761838 2.63831882938892 1.82638642316861 2.61470517812072 3.053566127824 3.03068898110038 3.16363606557844 3.1388893017377 3.04200076788874 3.19740412996123 3.226401852639 3.22280300445028 3.253910967478 1.98396093728405 1.49923743576636 1.39655173430039 1.52033285474178 1.84967372459608 1.97732085197136 2.00768852069882 1.75963076074309 1.25016030022123 1.43744455013085 1.27649840328776 1.41252484033194 2.04626005615732 1.85077559485327 1.69092053483572
2.94931955816122 3.00123274921941 2.94547935138412 2.97108942724765 3.02232216953244 2.98859711394618 2.79593063574061 2.64022955663185 2.67004430812824 2.62838288493029 2.64807342790884 1.10551355660183 1.04970327162808 1.38853167342844 3.08590700300581 3.00448595647565 3.237907837151 3.2972702888494 3.29968033421321 3.19578690963834 3.05101014500136 3.05268131334122 3.22370914946171 3.09987763086658 3.14094927309406 3.09325536850719 3.10127553557342 3.25451311932245 3.32217152704851 1.31522068547197 1.80138366778228 1.82929232385515 3.22158862313076 1.86787601552252 1.94957920759069 1.84494208687931 1.69559194250642 1.55496038409708 1.61797372004007 1.61377564965657 1.68731790883135 1.69909280389075 1.47025198092883 1.30431658170292 1.93463765864108 1.71310902369595
2.90183103916283 2.95587911292523 2.78508066896233 2.6756246404431 2.66800179711955 2.88606585801941 2.98293442331999 2.78596152825889 2.70844174558361 2.61732048414124 2.7871626651981 2.21438437565974 1.66225274933755 1.58849535445106 3.02267915227483 2.9707716339614 3.02049107774495 2.96879205451248 3.0051608478788 3.10668035454492 3.24038435048263 3.53059521777562 3.32109744993046 3.07289507152709 3.15471265269879 3.17792242577061 3.20224245395496 2.19253455337722 1.61736095394217 1.34680575632992 1.90473809408356 3.35876950236551 3.45025081856069 2.2611079170197 1.86625631757194 1.76492965182099 1.70187974340168 1.74318674205299 1.61042319674628 1.71182927994204 1.91243852840428 1.85876959328177 1.79264703645606 1.52819928648481 1.6560938386967 1.45051765824257
3.01481813404875 2.89413382995046 2.90178701491006 2.66945663173343 2.58935816257225 2.67123796490339 2.91633889905026 2.81930927029821 2.79408268269979 2.65379760337226 2.63602932311202 2.83767433752231 2.96574946486928 3.03864046792024 3.02105559800952 3.07865616045273 3.00144007650671 2.89570606461241 2.68177980403915 2.72249013885803 2.94446526192549 3.16411015726968 3.16667794227353 3.27015756902881 3.15457961565789 3.05607718822085 1.70546329738652 1.68917571328493 1.5361871948846 1.22790896082297 1.55130312300831 1.89708473581993 2.76926446507331 3.45320447883625 3.3540339307029 3.29252978007725 3.00425667999392 2.7726628454641 1.80354991165145 1.85046145942561 1.95217382018776 1.94565028105225 1.88524496643139 1.60173852418153 1.66400645657889 1.59226154230743
2.97923260278765 3.01230328012105 2.73931960940852 2.72482753361218 2.67827118684042 2.59070011220761 2.60686271920928 2.6711338341671 2.6695787665496 2.64424837426482 2.69898994189986 2.86191725634672 3.03261880802897 2.98449179759893 2.74480313943539 2.79364617920866 2.97103260826484 3.04868304492112 2.90203495060491 2.9377687488198 2.98494565076503 3.00481904613513 2.97220945956822 3.06109504424248 3.32469255049293 3.30379144921929 2.94647364306691 2.75689335717306 1.95911588572796 1.37050317805566 1.40423163562695 1.45282091918368 1.61752359132001 2.41131843074228 2.61822679845237 2.67899860737537 1.52501418462894 1.4793867096919 1.63981755827946 1.72058746900698 1.99486251216976 1.98687904122631 1.67966297217323 2.04065581346701 1.47139333546885 1.36417858997825
2.89434648273969 2.8484060298506 2.96003283124585 2.75829548215169 2.61459468296393 2.03547236310313 1.36541405121735 2.29028908548844 2.62834460782311 2.7283657288731 2.77933290509228 3.02215153673518 3.07435187364395 2.93928709602953 2.74494904369114 2.67014947300096 2.71327340529022 2.82491286305205 2.92709300978418 2.8792984898448 2.68269694405272 2.70780581202304 2.87286388194207 3.16557761592907 3.22001871819214 3.19141420604911 3.25679460562321 3.03353301430814 3.27659340596843 3.57232343072928 3.56776512959482 1.88793041320579 1.6781346409072 2.77630401836945 1.68185427658227 1.74097258158868 1.32875198959558 1.2967914719578 1.36279632241388 1.8198925885833 2.02055215148126 1.65003702434585 1.49602425955894 1.70897734406055 1.90047989604549 1.58382149458872
2.84597951772902 2.75897739137015 2.72856608727604 2.89100635251403 2.82075514354722 2.59227683630686 1.15366586971851 1.69783316563428 2.58833855952047 2.59037520625599 2.63823203873641 2.73660857395592 2.79801737475983 2.94457168275185 3.02514673647484 2.90677197147658 2.76265013291829 2.64265568567516 2.68501826333125 2.68104871731509 2.66101153655956 2.61071979489595 2.80561372100903 3.04323949808922 3.11071965664833 2.81309944285473 3.36181393685849 3.3568917032826 2.98056414252788 3.071868762525 3.07256797608549 3.12339329063241 3.44101460256399 1.9928553726911 1.39635159014852 1.62751605412151 1.22197180058146 1.11792736024202 1.31362014526671 1.57332204966018 1.74022082771578 1.6050856448143 1.63941805295174 1.44441963066831 1.24811461613812 1.65104127270026
2.91130236906542 2.98866860196601 2.81710191654126 2.80635811542305 2.812514549837 2.88800862305212 2.71931745173362 2.57970918036621 2.59796254996859 2.60184920002152 2.59044317467113 2.5734414924786 2.59157424097494 2.62939675109408 2.70561805100184 2.92494563444101 2.69253343880496 2.61538615240647 2.59942755680518 2.62419200935216 2.66682259076092 2.67378799047676 2.82278343942167 2.96954180831339 3.17182097897348 3.08360034473379 3.01617299456808 3.16276984536841 3.19474640758376 2.94747423066724 2.90728682307956 2.80568394693627 2.9584676703699 1.79786885351693 1.4906598218021 1.54332356409337 1.60193051202125 1.63776685184849 1.44794353749451 1.50453024921667 2.0173885490108 1.95102606859798 1.95756579727833 2.04299324442898 1.8714306109689 1.42945168208812
