IBR/IBR_outputs/all.combrep_1/PersistForestCover_Total.VRM_Total/PersistForestCover_Total.VRM_Total.asc
NCOLS 160 
NROWS 95 
XLLCORNER 210004.651214014 
YLLCORNER 7350008.22228844 
CELLSIZE 4999.99999999997 
NODATA_value -9999 
[rows 42 to 62 of 95, columns 0 to 45 of 160]
-9999 -9999 -9999 -9999 -9999 -9999 -9999 -9999 -9999 -9999 -9999 -9999 -9999 -9999 -9999 -9999 -9999 -9999 -9999 -9999 -9999 50.6678051416993 64.5105641471734 58.8625238695099 55.9363984354094 56.3113462607282 56.4940573438011 56.6314071827992 56.4448082074877 56.3414970387448 56.4171098343077 56.1420018787231 56.2554814469226 56.4690936633724 58.4245219082039 62.1446483609095 67.5595218292732 75.9730425757025 95.6239090682274 105.574210615351 97.5247067306868 83.8957018718647 77.3728905659319 65.5223973370956 68.3176653038053 72.3230451216726
-9999 -9999 -9999 -9999 -9999 -9999 -9999 -9999 -9999 -9999 -9999 -9999 -9999 -9999 -9999 -9999 -9999 -9999 69.0118530350421 65.2215517099188 58.6881129889922 63.0668913132624 59.6605834345983 56.6518004659045 55.6029367520335 55.536464731148 56.6504041937421 56.5983353210133 56.3876702768065 56.3151639869261 56.5138549242543 56.3383543000698 56.2924152883423 56.8197741555894 59.8310466439054 68.2704067975276 70.3746744882747 74.85114880422 94.3744414761491 106.614438494251 95.4667371586037 78.4246518815087 84.3480718601873 85.8155662803779 69.8039289453228 85.2624345040331
-9999 -9999 -9999 -9999 -9999 -9999 -9999 -9999 -9999 -9999 -9999 -9999 -9999 -9999 -9999 48.2950898548165 56.3187128492518 62.898305897272 62.5606363998712 62.3121449593405 62.5388036507193 63.6738650367798 57.3790200811527 56.2483425310068 56.4539028518814 56.0464681252333 56.4703431916752 56.4449836876693 56.486421907211 56.7000298039612 59.0615322846482 56.4683007815898 56.4980349840577 58.4984188288851 62.5656077488722 70.6419279773876 87.7787023675774 57.670432508351 111.669129127511 84.2143857651958 83.3344352678828 85.5621524606946 97.4563189542625 101.609348285771 82.6249856804865 96.1768672569101
-9999 -9999 -9999 -9999 -9999 -9999 -9999 -9999 -9999 -9999 -9999 -9999 -9999 82.0420589277985 61.5726676433382 56.4340271876189 60.1608434364359 60.7187498885104 68.7602777118076 66.5229739163091 63.2331971104863 59.623122975783 57.2078219962633 56.3778984261826 56.3737838065625 56.1057781916993 56.2445457821475 56.4443654309395 56.8165261187894 58.2439396026704 68.6282289445375 57.1813577650513 57.2392914920211 61.6498988631539 62.4046958964088 77.3373863366031 78.1551086635394 58.0681143487667 78.8718406848363 87.021772782136 111.822919666423 88.3929598028756 101.636029978331 80.3798360165406 84.4518059820875 98.3957639666235
-9999 -9999 -9999 -9999 -9999 -9999 -9999 -9999 -9999 -9999 -9999 -9999 67.1335181394494 60.6705217554852 58.2160264025568 57.1784809991778 58.7473783564973 61.990336429595 66.0215753048332 60.7566028602776 58.935634313587 57.3116883196046 56.3221003526386 56.4361073661053 56.3960676634651 56.4303441861849 56.4015719318957 56.3375094722987 57.4471927614945 66.9683896466298 58.5124111925072 58.0412392463728 59.2132441038439 65.8380393750401 57.4586561508622 69.1431574847132 71.2941296948207 94.4419865387347 64.3596690232082 73.369312595343 113.009996647635 112.297598023641 88.0139146070362 98.5692293777734 97.836680446716 100.870055050159
-9999 -9999 -9999 -9999 -9999 -9999 -9999 -9999 -9999 -9999 66.1572037575721 59.3695168210235 58.9894550633414 57.2052744481946 57.6090326429369 57.4915204710383 56.8728172809973 57.4607835712175 59.027463101158 58.765617190099 59.7533060322298 56.8059228698496 56.3712927899673 56.3406102273085 56.3309535387761 55.9816852351545 56.41237429782 56.4273953875956 56.4416071975261 59.0421330131428 58.1166643714857 57.6903001957524 61.8258847458866 68.6858557518469 77.6450459119403 65.6962345356222 59.1894788773638 62.4642161146519 57.3801705726993 68.8021476484949 106.521868480375 116.274962559704 115.892975208334 88.4205022651248 69.0403913245333 78.7409375948939
-9999 -9999 -9999 -9999 -9999 -9999 -9999 -9999 -9999 63.086393783398 57.3294179942667 57.4010289391146 57.4105217634862 57.7764560557467 58.3695074597614 56.8380179215594 56.5046110997282 56.977053524054 58.7421155491296 61.2262152894494 58.2969874385134 57.110162201503 56.3769682367439 56.4002510255611 56.2844207219506 56.4794002096455 56.5786411175598 56.5257824832297 56.4598981910239 56.7488503115835 57.5227951226087 62.390591495557 74.1321580005514 65.699298713377 79.8053284409429 101.91146778726 94.6949299482526 97.1463543538807 57.7411672586961 99.0360612902926 111.856837459071 115.994599115403 115.382403375155 116.374282563645 104.57765170497 82.3201915174798
-9999 -9999 -9999 -9999 -9999 -9999 -9999 -9999 -9999 61.7053911740536 56.7946941461433 59.3477454041609 58.2481486974548 57.7276798411314 58.5611366321668 57.6774177034564 56.5816048395464 56.5208416137189 57.4692732286983 60.6175263785342 56.7948265181617 58.1021695844132 56.3876536316229 56.4149974708728 56.4381427172161 56.3945774533627 56.0976570477952 56.7087551115311 56.5947159940913 56.863296214119 58.4537322289019 59.7953344757458 61.9676088264595 65.5367579958595 65.0259666885732 95.478925663323 78.6050785414932 60.2536294936041 57.8968129031556 76.8539009218589 108.312078640051 116.091282982083 108.22685076926 113.969671668751 115.734779234841 115.860208419939
-9999 -9999 -9999 -9999 -9999 -9999 -9999 -9999 37.3511912057009 54.9924769958199 56.9234849000732 59.3640426806941 59.7715887444894 57.8550444684168 57.1936946861294 56.499868588072 56.3575049740808 56.3684076688905 56.8606653327221 57.4091405279077 57.3005816573706 57.5904110790191 56.8529930439684 56.3975483052186 56.4676710770503 56.3989246715542 56.4547714026818 56.8284908942346 58.0208426130754 58.0843869024712 60.4603488750283 57.221780041979 57.0186795727363 62.1765887488399 64.9166638724583 57.5982173472084 88.403501966585 66.3246941180607 73.0507035843568 78.3405524414988 109.461344922233 115.261558436629 115.500285895759 113.718334986824 103.222735312314 116.309273646868
-9999 -9999 -9999 -9999 -9999 -9999 -9999 -9999 40.2215197979893 56.380757199211 57.6668310187502 59.2138989795142 59.8849001277704 59.0842122675812 57.6404519323778 56.4062585068731 56.3570175457962 55.9958918870007 57.3395316353661 56.3586565348613 56.3709472527482 56.4626599761955 56.8236214693898 56.361925105666 56.6068459655975 56.5255576779347 56.471242673163 56.6669855972808 58.3611341080678 58.857390433769 60.4442586983579 56.9548473766689 56.9664560040229 57.8788186492949 81.6843495211629 58.0269763547158 60.823923013964 76.9431305544673 61.1803403621087 61.6460826988471 75.6579780289911 109.957946373324 113.10344618899 116.051394453097 101.687708147344 112.913469359084
-9999 -9999 -9999 -9999 -9999 -9999 -9999 28.694550434588 55.8912861468945 57.7981019357388 58.0161436841415 60.8497652928973 57.8485463769465 57.6690664368156 62.5116061129219 57.3856795223028 56.3084327393837 56.2199295046027 56.8626714303907 56.5589398897824 58.3064137703527 58.6818153328377 56.4808607463279 56.5104734272522 56.6448605517386 56.8828064325839 57.2830137693381 57.9652087970363 60.9297666551779 63.1994338983928 64.9659080193986 61.2374823532401 58.4410049830144 62.7732427831054 75.4097896370044 60.5579299909007 57.7195255865157 62.2424044235514 64.1544720755245 63.8400598303325 60.3471865506922 91.0660296515241 106.532025009531 107.394373633056 113.627457061697 103.105111555714
-9999 -9999 -9999 -9999 -9999 -9999 45.3968182497028 52.1408070435204 56.3842336823609 57.5780742287684 60.8842481286571 58.1917411273564 57.3216757096729 56.8686469696366 58.401512344486 59.1077417115635 56.4122269589881 56.2671341789314 57.6558982572648 56.4140827141727 57.9730305570646 57.3507297445311 56.6778535503182 56.4128664265571 56.7182013718696 56.8232097101296 57.326575198437 78.8640545553393 85.6043535660407 64.6875035333003 57.559535981349 58.9304636477534 70.0800409840142 62.9496352644306 63.3633763599731 59.742110525062 58.4269655816658 59.0222700039393 82.2687883361454 64.4184481714203 82.4870176956853 82.137725688549 112.788361034667 115.00639243708 113.62428746338 113.08067720783
-9999 -9999 -9999 -9999 -9999 -9999 43.2041256009724 57.0674248917468 56.8792679585258 57.8513399370058 60.2105981647077 57.4428318427634 56.9807716092171 56.3846148590782 57.3540682620835 57.5116180968371 56.6064779805001 56.6204390330531 56.5151141503452 56.9543786148871 56.3817421404853 56.6987189945857 58.8227545091408 58.1798766424825 56.8955835884227 56.6609390944087 56.9466148770317 69.1916278367103 89.3942238406697 57.7551229792534 57.4122972203675 57.5889145919109 62.6587842100924 71.2058189450092 60.188004331302 60.329759546115 58.5893332355735 63.4987038793568 79.9563844006385 61.1435007638315 72.7703104230459 77.2184475530847 109.587117121644 108.857181560982 114.059159345689 114.800558240223
-9999 -9999 -9999 -9999 -9999 56.2736346487154 49.5942618603169 59.3898026683684 59.2682903703027 59.2909901924648 59.5071500891582 57.237285363523 56.9196469389799 56.3421232713149 56.497207623391 57.7173069771036 56.9580824915375 56.6202808254 56.563237831821 56.5578465050077 56.330907399437 56.5161944714134 56.7027280923451 57.101760582843 57.2225512704448 57.1315786523855 57.1959683308224 58.3069123674601 65.0303722843379 57.1586819955409 58.1057432486835 57.8640279661479 61.2235827835445 60.7132838661449 57.1922008111914 60.9419921611437 68.1533831828723 58.2263555167988 58.7283146193882 63.6391852832727 66.0511244909344 67.4655894626576 98.8986663520963 116.396381136661 109.98616328733 110.036526017077
-9999 -9999 -9999 -9999 -9999 40.6217944201854 53.4432676978181 56.8163137107697 59.6402162901112 61.092782407424 59.3041343867955 57.6182126020485 56.5966365364661 56.3968465145815 56.3440930243273 56.3352912872493 56.3448944971525 56.3328496437845 56.333723525648 56.3800787695573 56.4151628254444 56.5015132605285 56.5780903004166 56.7979712861401 57.5792479985327 56.7197944091735 57.6427321195514 57.3363155978701 102.242105269624 57.7014779339943 57.7859421620846 58.3874400404826 60.9483917476022 60.559582975947 92.7526580998415 110.392194203708 58.0772505380958 59.4293821648529 60.5384286090427 60.8925659587786 61.1808018786635 69.032496020538 63.9552023652095 109.061797133513 115.301136527643 115.56465212999
-9999 -9999 -9999 -9999 -9999 47.9688976053562 57.9559343072744 57.3421707376358 60.2647408643608 61.1334579451152 62.2534228589351 57.1465009601952 56.4309035906236 56.3566151797402 56.285482547898 56.3060819058353 56.3004868761911 56.3153315269181 56.2584120596338 56.6753083845299 56.5276697212142 58.7990416193106 57.3921066717112 57.6132097776239 57.0019407239023 56.5262945025663 58.1012425214501 58.0381845345029 108.566506546591 58.2238670201587 68.9713306489435 57.9760659905603 57.9700711392258 58.4153566133514 101.107912742074 114.639110683183 62.2868590614684 59.9841013329633 60.3685574922193 58.9733176529956 58.0066818206901 62.0394738100962 70.7669159953696 87.7817551075736 105.27409338662 116.347028946732
-9999 -9999 -9999 -9999 31.3606890847485 51.7241647646205 56.8446904074461 59.7801399357714 60.3605755728844 60.2040961329511 59.5351370104817 57.4316431650748 56.7683025280949 56.3326636367464 56.2778405356671 56.3215172532183 56.3498486493066 56.3547741273673 56.2960357363534 56.3469567960536 56.6446317991833 57.554989265925 59.876497506376 58.6290461146607 57.8285137702854 57.6973448981087 57.6458992244727 59.9098624277285 76.0121951217454 59.6621839267337 66.0533831283815 57.9994350176556 57.846298703101 58.7330341785285 59.9206983674864 58.4936001292467 57.407459153676 60.0218285465927 91.4778076123453 57.688156169341 58.3394558683089 58.7532539793698 95.8711682957344 107.421183920883 89.9564349476524 115.240169400819
-9999 -9999 -9999 -9999 45.4723466522719 55.8504796495283 56.8820809721181 59.3740673761463 57.3333420426033 57.3314066395921 56.9966272374617 57.8905731623149 57.1858138202789 57.4083828682602 56.4645567790473 56.3727731195154 56.3179978197362 56.304805378476 56.3570722185259 56.3190413499461 56.3401709022547 57.0004787425303 61.8253230116854 61.0411410371344 60.1306556035883 61.5159264251922 57.5300431689564 60.1970274778658 83.8482043703405 80.2321853743168 70.2111544748198 58.2129627475805 57.8027865123705 62.1876438499934 59.7253943891013 60.8111399872967 57.1289775350772 56.5345937370596 58.2796739325248 56.606553071803 63.1183100139441 70.1175632504263 87.6661325716144 85.9057844879009 98.5068117420506 105.329291495054
-9999 -9999 -9999 -9999 51.0756027250892 56.1731096440151 58.5102023983829 57.5435709872169 55.2617112291277 57.2634219033086 56.3352088849848 56.3107212787766 56.106291519575 56.5347479739492 56.1577465097087 56.1632684901538 56.2471449789188 56.3712354668116 56.3256511682862 56.365374191971 56.3290312103154 59.2361042148232 59.5441451482647 81.1928135942668 71.7066132156703 74.4126758441285 59.2823111477822 88.1628112984555 114.822009876176 78.657175036402 67.9128205948948 57.30187184103 57.8685421941735 57.7822609887696 60.6204263278505 61.1711836609886 57.4850034977744 56.4436973274571 104.52605971533 60.1926998821165 56.9112832292012 74.6852107605532 81.0503898664226 85.7026329481888 89.1582751252466 108.927819703883
-9999 59.2078311788899 57.974878479029 -9999 49.8034130258516 56.8855558395902 58.0940546905606 57.9689724262459 56.3053311575691 54.534248825411 56.0303500962291 56.3836622170592 56.2150855602071 56.2364640318252 56.35835119411 56.3823756941516 56.2671653850172 56.3928025222028 56.3274719024401 56.3484575414712 56.3926384907338 56.7765835907532 60.3930685869611 77.240408003306 66.629845755554 58.9336092753831 64.462226887232 87.8885367667386 108.128846093561 90.0813852498919 67.7598006904056 56.8503964103838 68.0259239806813 59.1980257652039 60.7141486449745 59.1717555497747 56.8769961031347 59.2057378917618 80.8627000932345 56.4094402366375 56.5306324548602 59.5486117968582 105.052539995673 77.2684549004643 96.1642526255836 113.083110800323
-9999 57.7477633573541 57.8310087037942 1 51.5991262780928 57.2640861984957 58.1890174227559 56.4993747990312 57.0797927787262 57.0722524942127 55.8363271112188 56.2853769489145 56.3027262344434 56.2729268905397 56.368829841946 57.5451963073739 56.6621929174675 56.3265226734176 56.3435441688943 56.3141454140822 56.2939533437873 56.8353819910182 60.7181705418526 76.9568070408533 67.637570204614 61.7218617472136 58.6856395784481 68.8788715048196 76.6106954619022 75.9030710986246 73.7546763176803 58.1703925308349 65.3642408749441 64.8531018548331 64.7023230610526 58.8345969230632 56.5184883429996 57.5536940237096 68.8014479103729 63.6673411072677 79.9690128254768 83.6251306653031 76.455275078888 81.0707357784755 103.287087669564 109.665702134531
