IBR/IBR_outputs/all.combrep_1/PersistForestCover_Total.VRM_Total/PersistForestCover_Total.VRM_Total.asc
NCOLS 160 
NROWS 95 
XLLCORNER 210004.651214014 
YLLCORNER 7350008.22228844 
CELLSIZE 4999.99999999997 
NODATA_value -9999 
[rows 0 to 20 of 95, columns 92 to 137 of 160]
-9999 -9999 -9999 -9999 -9999 -9999 -9999 -9999 -9999 -9999 -9999 -9999 -9999 -9999 -9999 -9999 -9999 -9999 -9999 -9999 -9999 -9999 -9999 -9999 -9999 -9999 -9999 -9999 -9999 -9999 -9999 -9999 -9999 -9999 -9999 -9999 -9999 -9999 -9999 -9999 -9999 -9999 -9999 -9999 -9999 -9999
-9999 -9999 -9999 -9999 -9999 -9999 -9999 -9999 -9999 -9999 -9999 -9999 -9999 -9999 -9999 -9999 -9999 -9999 -9999 -9999 -9999 -9999 -9999 -9999 -9999 -9999 -9999 -9999 -9999 -9999 -9999 -9999 -9999 -9999 -9999 -9999 -9999 -9999 -9999 -9999 -9999 -9999 -9999 -9999 -9999 -9999
-9999 -9999 -9999 -9999 -9999 -9999 -9999 -9999 -9999 -9999 -9999 -9999 -9999 -9999 -9999 -9999 -9999 -9999 -9999 -9999 -9999 -9999 -9999 -9999 -9999 -9999 -9999 -9999 -9999 -9999 -9999 -9999 -9999 -9999 -9999 -9999 -9999 -9999 -9999 -9999 -9999 -9999 -9999 -9999 -9999 -9999
-9999 -9999 -9999 -9999 -9999 -9999 -9999 -9999 -9999 -9999 -9999 -9999 -9999 -9999 -9999 -9999 -9999 -9999 -9999 -9999 -9999 -9999 -9999 -9999 -9999 -9999 -9999 -9999 -9999 -9999 -9999 -9999 -9999 -9999 -9999 -9999 -9999 -9999 -9999 -9999 -9999 -9999 -9999 -9999 -9999 -9999
-9999 -9999 -9999 -9999 -9999 -9999 -9999 -9999 -9999 -9999 -9999 -9999 -9999 -9999 -9999 -9999 -9999 -9999 -9999 -9999 -9999 -9999 -9999 -9999 -9999 -9999 -9999 -9999 -9999 -9999 -9999 -9999 -9999 -9999 -9999 -9999 -9999 -9999 -9999 -9999 -9999 -9999 -9999 -9999 -9999 -9999
-9999 -9999 -9999 -9999 -9999 -9999 -9999 -9999 -9999 -9999 -9999 -9999 -9999 -9999 -9999 -9999 -9999 -9999 -9999 -9999 -9999 -9999 -9999 -9999 -9999 -9999 -9999 -9999 -9999 -9999 -9999 -9999 -9999 -9999 -9999 -9999 -9999 -9999 -9999 -9999 -9999 -9999 -9999 -9999 -9999 -9999
-9999 -9999 -9999 -9999 -9999 -9999 -9999 -9999 -9999 60.9661785284542 57.1887127058574 56.6646880683479 57.6046140006924 -9999 -9999 -9999 -9999 -9999 -9999 -9999 -9999 -9999 -9999 -9999 -9999 -9999 61.6433257314576 57.9458277391226 58.496142820109 -9999 -9999 -9999 -9999 -9999 -9999 -9999 -9999 -9999 -9999 -9999 -9999 -9999 -9999 -9999 -9999 -9999
-9999 -9999 -9999 -9999 -9999 -9999 -9999 -9999 -9999 60.9841296259785 56.4422653443311 59.2142722171736 56.6861771443343 56.8860742509955 58.787378556442 57.8681488811919 58.2997941681191 59.7264439834059 -9999 -9999 -9999 -9999 54.9264102502734 49.8359261888711 58.5781041923936 58.9483525094081 58.0975419152211 56.5261750871714 57.3099058225079 57.6931991451753 57.1772837287797 56.8454016216776 58.1387255250679 58.2822686120031 58.4518225699641 58.5142940559901 57.9920633356216 58.1956381936128 59.1591782866181 56.9698333015786 57.2289925225123 57.687828146465 -9999 -9999 -9999 -9999
-9999 -9999 -9999 -9999 -9999 -9999 -9999 59.1584538886922 60.1144099090135 57.5707002958696 56.5847503012244 58.9629634624592 61.1340982802427 56.3008284200005 56.2896051136415 56.2638653218042 56.350001663719 57.1076048086913 58.292272114584 -9999 -9999 59.4054848330154 54.7303569482101 55.9825421596254 57.1896053005398 57.4828269724087 58.1813589701421 58.489098987458 57.5199163458035 56.9461972462966 57.621745549556 57.1552659766996 58.087113909976 57.8959292519551 58.0256653453441 58.6821023579007 59.281988353886 59.3485010360787 59.2528149338516 59.1290242499406 57.8979505174321 57.3428138213364 56.9171266326318 57.4639247445929 57.9590866286918 58.2022736337571
-9999 -9999 -9999 -9999 -9999 -9999 -9999 61.2456312562319 57.3950012908603 56.5502401495523 56.5039013182775 56.5571357155485 56.6696023978402 56.3482246816574 56.2627061627861 56.2702009983732 56.290046869033 56.8979882541115 57.8204072784677 58.6805095558733 58.2426414788537 57.0290385195438 56.6066364015662 56.6666571624334 57.4000715444713 56.7639262149214 58.1392730838034 57.432393767524 56.8350752221885 57.2330854231277 58.1715370716416 57.5688935430273 56.6808144653245 57.8339402958932 57.333037740507 58.7885254062413 59.6937011964328 59.6019704359297 58.5416809788382 58.3202217266467 58.5245611367412 57.9043595437593 56.7242383617844 57.4350455149542 57.0267973617315 57.9116663599037
-9999 -9999 -9999 -9999 -9999 -9999 66.9170619147197 59.0057653333471 56.44340384644 56.5584802310512 56.3653344963046 56.5157994690904 56.9815239831089 56.2994185637131 56.3472943301731 56.5280267645027 57.6593753592546 58.078494891728 56.6083856842293 56.8269114611001 56.8748403765812 57.3764948525689 56.8107312549817 56.7931385807499 56.5642607527597 57.7586921751001 57.2200997606042 57.2975523949634 56.8234156890357 57.4425363972061 57.8384926057889 57.8474520295387 56.6999234634655 57.4805847917153 58.251024301476 58.3656658604655 59.197097576284 59.4980489812651 58.2482778780272 58.1127734257121 59.7877457067401 58.3370949611092 58.2186916428363 58.3633120547404 57.4139015303872 57.0805037265213
-9999 -9999 -9999 -9999 -9999 63.8214843580443 58.1216259756965 57.3019398974166 56.5500603083827 56.456250946433 56.4391231886194 57.338416416991 56.7115553348229 56.3767835739487 56.3895332542551 57.9035814695457 60.2410722630379 58.9286186554201 57.4650834301559 58.1519276884771 57.0587385020485 57.0263513255859 57.1741728326401 56.6146402193848 56.9630856536094 57.6154069091974 57.3669495555898 57.3572892508206 57.0263006711953 57.7627796885138 58.4888761154959 57.7217379960947 56.9529393753566 57.0027678837185 57.8384447465897 58.1691119468676 58.137467779775 58.6054384731226 57.9334003463088 56.8706486339135 58.7039646726466 58.4749007336179 57.9306955509334 57.6610516130939 58.5396036973604 58.7804915561384
-9999 -9999 -9999 -9999 64.7187638788661 60.748115884829 59.0978711868763 57.948995367678 56.6355307642682 56.8194164600543 58.0940124671184 57.8028386208443 56.6998667648582 56.3800686697507 56.4162269700942 56.9854345406709 58.5203953805197 58.985355585988 58.2668389824302 58.5643731865669 57.3117503870482 56.996874496179 57.1409633187178 56.7955420270757 56.7338072952436 57.9653879530331 57.893185921899 58.354149169339 57.8683562296712 57.0107832504895 57.8999367980836 57.8103903571122 57.5069005307099 57.0391619710233 56.8855265835143 57.0328280416568 57.0934523598587 58.4451892922303 59.5999501790954 57.4705357542608 57.8090476108404 58.7579341762437 59.2443129826103 57.7525363338819 57.6695759355894 60.0831745170144
-9999 -9999 60.2743483957675 56.5759249188253 62.7714299793854 69.8265032264708 58.1336868776583 57.7978646513736 56.4383454095491 61.9265305025117 94.2531388524724 73.4952939090489 57.6135947685709 56.5319268162094 56.2749285807381 56.3735957217148 57.0332855702748 57.6633633271696 58.8524828644688 58.1711451245547 58.8964268803512 57.8988712270164 58.2972657415832 57.2236525851585 57.004490717259 57.5709533415672 57.9706429996933 58.355848148098 58.0238708363863 57.2978257758899 57.9242025182223 57.7046299840379 57.762889616286 56.9128494759469 58.1662960394214 61.6969861400923 57.9745628137441 60.6564838743295 59.350154405223 58.2955495087185 57.2920884041688 59.484760510604 58.9742562962656 57.665260546358 57.5886064055103 59.5581084555964
64.7854901969553 58.9763079422243 56.9531792232623 56.4952690272364 56.7698948766829 60.644658472251 57.1386233571794 57.0277502225249 56.9573691038983 57.4128698425815 83.8412453445859 103.303519377204 57.1465688874505 56.9778946497972 56.6447560577868 56.8993032787025 60.6839870491668 61.4985305167085 59.2911024907907 64.51288668402 58.8258459237821 58.6622076309045 59.6311274519525 59.3660540885444 57.3584091276445 58.0443214741729 58.09683698038 57.8958211671251 58.0894765972817 57.4552911879665 60.147663961951 59.7049232775005 57.7478885989768 57.2609740730553 58.3374778835084 60.9601004097017 59.1774598511025 60.447605309819 58.3212415138094 58.9826374166655 58.5539133182955 59.4611215112986 58.9660272861983 58.173473407312 57.5552126592834 58.65060786219
61.0343476389218 57.4924826932687 56.9264864120913 56.7061095718901 56.5948215190831 57.0044443098891 56.5371133641849 57.9534210658043 58.0484291241334 58.4544775916054 64.4619227855442 63.2582919029642 56.7053169034964 56.6927321575169 57.4465039262148 58.8141041325961 113.73131851134 72.0325654174431 97.4541546390716 82.5754329750088 57.116490089253 58.1824726014817 57.714096746357 57.6850891712159 57.4554951890732 57.4068779546875 58.0635469319066 59.6688498636466 58.7954045994531 58.5019744834972 59.4929736097257 58.4173024005944 59.5296291765227 70.5783157034527 60.6364114765485 57.5870912293379 66.1507115325184 59.6221499325583 61.0658590816804 60.3545194032016 58.9614740714203 58.742839807365 58.3044382035382 59.5636442193175 57.9290798538823 58.1649222148547
56.5775374520877 56.3634586696177 56.4346523852078 56.6720460616624 57.5826002353592 58.2694886932656 58.3347273431944 56.6280018621168 56.4546488742704 56.5790710223478 56.4334990377011 56.8172841119252 56.7604915143642 56.7960628906269 56.4864683197136 56.8312809436089 91.9570116103884 64.2310701982105 56.4676811139344 57.0262996419329 61.7162329057731 66.3095880617123 58.341024433135 57.7869213887429 57.977278747849 58.5233733469576 59.2728110790051 58.0103542287301 69.0381209418849 76.2288072744011 59.6180832189941 57.5365056944891 65.4594437146581 60.2864517203743 61.295221651952 60.0686380948628 59.3784577106531 60.2631718133211 59.3389667378257 59.9374409632397 61.3702763248172 57.6449903132639 58.6848801951029 58.0019760784801 60.8174341509023 59.0564026749601
56.364519335536 56.383832520347 56.7255350123832 57.2289252624746 58.7189075047162 58.8793245901371 59.5443065377815 56.688703372583 56.3854159270706 56.4515336403523 56.5902164575249 57.0043198702975 56.6060749141269 56.6647577447929 56.5310547401569 56.5018414043683 56.5389403920777 56.3613571765955 57.0125356472763 56.4203616899917 59.2110638690379 59.3481090921249 57.1737083952288 58.6710038270396 57.6649691963517 58.4167257176924 60.0710535124959 57.9620380213428 81.8570372988905 98.7273325718754 80.1984204085495 60.4061725115681 62.8182076033511 60.0719064312534 60.2180362430922 72.7925679979182 67.3650175546077 62.2097872885108 58.9843943731959 62.2336486208857 57.7045610838112 58.3484435203706 58.138505634421 61.7123642651911 61.9727901699253 64.4317687826971
56.5845635089517 56.6938365571433 57.0479265368096 57.4534626642599 61.8105752874807 59.1871653529182 57.2992908776761 56.9697062875172 56.925475811198 56.4206116212032 56.5784709246538 56.3826108946366 56.5686036902108 56.5441628205994 56.7894868205955 56.6416842920299 56.4592166228609 56.6120723536264 56.5594573248258 57.2576599869684 56.6215664909571 56.6110861386294 56.6738428204448 56.8383198517713 57.3924409030324 57.2854011031183 59.4461600605641 57.6904691439184 57.7010935828065 94.955924540084 111.972771200044 111.789339650569 68.9579265198176 59.0233759979626 58.6238429353369 58.8111307260943 60.0612039747853 62.2594303690576 60.8483581394734 59.4961109963963 58.2292169719191 58.3068699261568 62.0320496383683 62.2892204583737 59.3769749089887 63.2269825586416
57.3725161640189 56.7513765851248 56.9359084104942 63.6153449646421 65.0859758543122 57.5204013281328 57.4777939857271 58.2435599369049 58.4156182866489 56.5250987789279 56.4605412555561 56.4737230318131 56.325688668665 56.4738273443218 56.970081683663 57.2774477041983 56.7518688894115 56.4088968616747 56.4799139734974 56.69973816973 57.0577695793904 57.1008762750216 57.6841689576023 56.8461652208538 56.4716944342439 56.4766020336748 56.7221903974829 56.4974121003615 61.1559101702169 63.5702084363071 70.842898439317 114.277168228868 106.354428733487 87.7302199336412 82.625100031406 96.2614481181893 107.838686148285 100.837368397536 67.9682284096961 58.5066304738011 58.4164072185535 65.6652106239902 80.8308107483542 72.6612854843107 61.999433762202 59.108526626312
57.0278695404105 57.8777054464767 57.8129708567439 62.9472246273474 61.7655564393288 58.0540341897711 64.5354923206655 64.8431604277423 57.3249512777178 56.7447397010787 56.6895940778908 56.447599979709 56.4605890523736 56.5739900939718 56.585020607063 56.757383889711 56.6157449666568 56.3598503232249 56.4771818575502 56.407182559996 56.7914776740858 56.4823002602413 56.435391193881 57.2425902130402 57.088702886358 56.821736308477 56.4272791143252 56.6874007097254 57.7900305355154 56.4703589910471 56.8667993049036 63.3522403936943 110.854406469098 107.249305180465 105.347390533604 100.382173079288 107.389842105229 58.020496234124 57.8651683162538 57.4401336478875 61.5453407926442 73.271016401955 60.671175967992 66.6160622590785 61.7834421432015 59.9015696521048
