IBR/IBR_outputs/all.combrep_1/PersistForestCover_Total.VRM_Total/PersistForestCover_Total.VRM_Total.asc
NCOLS 160 
NROWS 95 
XLLCORNER 210004.651214014 
YLLCORNER 7350008.22228844 
CELLSIZE 4999.99999999997 
NODATA_value -9999 
[rows 42 to 62 of 95, columns 92 to 137 of 160]
57.8258754231864 58.2341206025212 58.2726528781911 58.4648298812695 58.3242761737483 58.1875752233796 58.2580355828896 61.5853009681525 66.4042184863123 113.150874984758 116.362818208404 115.106094762736 93.7257959255287 101.863161758428 66.2499855294435 67.1532369262145 65.1558944486237 88.5438854547411 69.6520225123928 88.5526320519036 111.805331944953 116.203145209248 108.166160524644 59.8139206326928 58.3108749538977 59.2194506759011 60.9057327840912 75.508607811213 115.108332056604 113.1814401018 110.466573333802 110.517490410151 109.283954927462 102.259840217545 115.106165962968 103.611690543874 112.563826750667 113.929860589172 107.196405624601 91.1084638564384 76.2838195678116 84.6262386076132 65.8345176733228 67.850341063773 85.2854698125615 94.0776540756548
58.2458222459652 58.0720451059134 58.1450390917549 58.7983333361263 59.4170814258247 58.3594627149918 58.6373621310963 59.0293692934513 58.8885319777163 74.5059417079513 93.5037798311743 110.069908595207 78.1156034686945 62.7475928016946 69.5401414105003 75.5870320233244 97.2976361748173 66.3721503213628 72.6451651307675 76.7584791597045 101.670976988003 112.339975661075 107.483743839642 67.435869642734 58.9516261733004 59.1029099642763 60.4331204558494 95.6300904220938 115.712705567829 109.856192299037 107.158555861018 80.8704626823 72.7160437464111 98.2056174952655 100.213441559762 115.149536101531 113.684318491225 111.610278987731 114.770631713344 100.772426116662 103.769260495372 108.82723278243 93.4844487806929 86.0909852619255 94.3784859270264 96.0357345553456
60.006285257798 58.1594177944978 58.6178352176642 58.7145407208361 58.7740589891639 59.1633918044317 60.3860541763124 58.873665247464 73.0043098883528 92.2657377037171 78.8404491613672 100.51523563937 85.2228337258901 71.2196666423347 63.9559178099118 72.4245220038325 101.062301375083 89.2556784020989 91.5510058012237 67.4005076645246 83.8320716603433 113.074717184623 92.8584750827891 59.2795693119005 60.1567359204832 61.3316723360059 85.4269335359061 110.757551297636 115.937134014617 107.65387094625 91.3428352331491 75.3541139318075 96.5839526632832 108.258997363946 97.9994062990677 89.1220807028711 105.286667709613 103.38353384929 115.958078088117 114.15989582014 109.669151937102 110.352449933916 107.944673348339 86.125333856944 95.594219950239 92.4661595216361
87.4046043642743 65.0751213154935 58.937352661499 59.2533402843345 59.7430799435637 59.4194014210659 59.3350273026004 60.4844704800944 70.8476667834123 83.0549422691869 67.1873511286763 97.2149793581093 86.3397648003109 62.9619927324194 60.9178134080371 92.509709419356 70.0058131897333 67.4320589771196 83.4980619327185 66.4006192736701 105.649115435356 102.432819107962 85.753091669158 59.0584558803377 71.7496005796157 88.7394023910592 68.7826383351049 115.280503238596 114.295806648816 102.742407039576 108.562573970276 89.3858096766458 89.969512247915 112.5080459108 105.00458646911 101.772764565839 75.3958318698584 89.5587375752614 111.931819422846 116.225712212192 116.2739833424 99.7319176907807 81.1759322183717 79.2115058189808 98.5630861759949 91.0014738793817
63.4647398589234 69.1484803039125 60.0056631913897 59.8437070951796 62.5983130244745 60.964781997192 60.3039692966573 64.2492604048389 68.7009446639433 85.2818039150607 66.7576580047044 90.6188136563227 78.2141724818157 63.6654847404419 60.7878515488516 94.6192188192156 60.5734822327819 62.1669799858302 82.6857029959983 71.0469996739793 113.108260746691 107.90531706672 71.597682875359 72.4378198425819 85.5377299722917 71.4662596526819 112.803647512148 112.115761134409 103.309347339728 112.728007454192 108.077551784021 83.6380262199038 90.7783023192807 104.670221465839 99.440789557555 108.321474974146 110.155033913335 87.7151164920797 76.9231245875519 104.213025295043 87.7083308577027 83.040532390528 100.33728531919 90.3202219707381 76.9653212280281 79.8325975624702
60.1765338567635 67.9588126674156 88.0452796731019 59.1940201868293 60.6296660340999 59.8280889634987 62.2635767717229 90.9405089771603 74.1304691839703 71.2055475723307 75.678914005948 106.140542779563 111.207085372547 85.3797118637271 89.171842791237 87.5156879982653 59.5193768316346 63.4663099658188 79.8460176051802 66.7135898264034 112.609551199901 115.35679556132 91.6898314783407 87.8880871307648 91.1884405570933 109.671331582678 111.237336010268 84.4062138700309 76.4207654032141 87.7734336504548 90.6785076087468 71.1817843186213 103.336192181191 108.004365697204 108.969413622864 111.041985686398 111.846317440996 104.4850859647 96.4441492839506 86.1511351084313 87.8624701897164 92.4567363565976 112.038057869694 72.6231129313225 69.8856267401908 76.5455852905296
60.9677867451918 101.303700643355 104.338601064643 61.9603420370396 60.8628096211446 60.7236996377428 83.830691022033 85.8973015416932 71.7200694927913 65.9729746125084 78.2031551677388 109.164560330086 97.3351332895762 61.5131368118865 76.1028879060506 68.1952059101822 59.4059887380623 65.2895383205456 66.9779750503411 73.9430403218045 95.5802196703297 107.421576728197 111.343250903208 102.036177816091 108.109439313865 116.320776931138 94.2890365454342 86.3633825869439 66.2278346603875 76.3614938057353 94.3822011350028 67.1626362905055 96.5098430746616 82.9341498896955 75.552629987352 91.4550440699742 100.40714874393 97.4671819248766 101.605551973016 109.777205373048 92.5696290212055 108.147048375003 99.8602654004114 74.8273464751143 81.5158304887431 85.1229350109354
102.762699318935 105.859428887721 113.275276428617 80.0454503429782 60.7065166032272 61.7234195842988 64.9894879627164 59.3243848338092 59.0879578016787 62.7574564408169 74.6320373729181 85.7527158845077 78.9926807471137 66.5034133382298 67.8198396925952 60.2498557772078 60.5619507490546 62.5656621479661 62.0890064377369 73.3360060312185 80.1654140615478 111.088623062318 115.584565404143 111.656465167257 116.009814205809 109.519666435892 92.3426132880066 102.975998119574 108.141764622488 104.116596264462 80.1354198506918 64.4591211420961 76.704635917221 89.374074331886 95.6101646883293 80.0328788313819 77.7148419215395 95.3027536336411 76.3042801733787 79.9200343081024 99.1025885459179 96.0010910292421 77.7907372199762 76.3223650538595 77.6611086490876 71.2568469385846
114.894792606805 99.9225314828436 104.241988072043 89.4070694149478 111.805793146189 72.5480606669257 82.9268097439945 59.9917779018174 59.8923191458296 68.5776137344938 70.0302978521197 92.4585753136194 114.344690909806 79.9752229672827 78.3003164668376 61.5261312696673 61.9626923225401 61.6909054389016 63.6357182422056 72.1588789614406 70.794047026685 101.978111650383 97.464187522855 105.938434715758 111.367669252207 83.3618467634171 74.8223534069041 76.6654554703966 91.5618725151425 107.63755241389 70.2714936828673 62.7438953967926 85.1147030635648 94.6015649785184 96.7319242712333 91.1736458365007 94.1519109924972 102.27335533904 103.263023387335 93.7705125119892 91.6332071327784 78.9866728266258 80.2622927290485 73.7863197679777 73.5851101111873 83.2518122408937
110.378490612162 106.528742349861 94.0967119840262 109.295370756341 97.3454151018554 112.435663722167 110.4018940067 97.6748001327208 103.454922749279 100.94814897049 77.1309892741611 111.634773707511 110.415947517715 83.4915461947483 62.2406096191129 61.177618035474 59.104275869507 59.6342415000078 59.8068193000803 65.1682876312711 83.5865177460379 89.7125349882528 87.963201119046 95.7147149669927 90.163533543033 64.7146107675275 65.2686769919811 79.3666925578436 94.4250792427004 91.1379694463613 99.0382043322295 76.1912798252733 73.4906462339507 89.6103081933298 90.0743239153911 79.0850273033966 83.5694587330908 94.9904223081074 90.4662297262066 74.478770775302 76.8092485810797 68.1602667884776 69.530366066929 69.4326410634314 76.3286338842239 93.027571608562
67.4914549512756 90.9240109310972 79.3283891483761 101.900656635804 102.738703998288 114.779007698424 114.897284473122 115.447761558381 103.924081332312 110.734637008588 110.131268846139 75.8883099977788 66.2458981341769 67.5812114817881 60.6679630760073 58.9580204429698 60.7561585676769 60.0847820036223 60.0879953486802 60.0104847948336 69.4580892763125 77.0027705966628 74.5418895143437 89.2224551574106 73.575198921172 66.7518178110194 71.7207984226912 80.9065212403031 94.2942026530369 95.9267816962715 83.0185044069433 77.0815218924128 70.6644121640162 74.5409122585348 70.8483392946668 83.9982503919202 78.5289425015234 78.1496480156733 86.7047529520752 81.4957189132699 71.2812940278863 66.3192683375096 65.3372923880207 69.585566393658 79.5510531219261 81.0529640963908
76.996338858094 96.9518053964739 85.3898055713924 66.3699367016843 78.2341354501968 81.0397890396351 95.8980401743038 81.8821663007206 81.9127501959632 100.661027530043 91.7368974162875 62.6749953245676 63.3226112077983 60.6810834509682 92.473950163547 94.4782659369925 65.3643849779482 61.0155846973005 60.1137669545332 61.2304688898311 61.5542418798444 64.7100486684674 75.3939976085424 77.4572853102216 72.232648857877 65.5805672898948 69.4403180646622 76.5095262228294 82.6641303864396 95.4174927069324 67.5664033355815 73.417862813976 66.4641138408609 70.4315440229633 66.4969804373015 74.0710094105021 75.2106014666819 80.7009776959665 85.1373689712217 83.7633716842315 71.203048455861 63.594592676686 59.8420524348292 83.6193904095859 111.851286260703 82.3922775905504
76.3072394332103 79.0279354140162 88.7288420821885 84.5096442301719 85.6246729920297 78.0345559979524 80.8434112894361 75.0250060326753 62.2884629999351 87.8992096121173 106.674316947675 96.1149302428526 71.2246621166084 86.0834866929641 98.7900128789438 112.970580266527 88.5703002501039 61.01487350299 64.6294505832346 66.1877860367576 63.1166150938107 66.7598942247151 77.3715043581686 74.6302244629549 68.5597175940144 66.9587122545063 69.1593713692132 70.3846229891232 83.6170295665281 101.34619402668 71.043713686549 73.4703103309344 64.264297201008 59.862926070654 59.7435444328746 70.1885271507725 67.3794536020325 73.0558286560955 70.8493620343832 71.299441965898 78.5051542419517 63.5495937552412 74.6986996169198 89.6664676527 102.20252817482 87.9074549351279
58.1159867498287 61.0240771373564 72.1946876895724 84.3813773832108 82.5537544151182 88.3146618611992 79.6924687444786 87.2802213833599 76.0224888978984 76.4131645058946 83.6911867880944 93.0352026521807 94.7568330355888 101.961378421122 83.2355541706325 84.8976394727396 91.5329892918391 80.1709945265766 83.1805062788869 79.2458885459973 76.7633777914044 82.6416885546144 78.1004950681897 71.2491952471132 68.9206655468299 64.1418968511387 62.9855643921427 66.7883084024956 80.3681552879375 80.5864239039862 72.4298857135675 69.4733618211868 63.00497344464 61.465649329538 59.5033131126896 66.7228672683958 64.7549771964515 64.0436901357198 69.2110204971235 68.8912782495777 85.9107413047071 97.0413010586513 81.597122974198 111.806306760689 92.2543823361585 108.801965018797
56.4878939498271 56.5890883266952 57.3105347178129 58.2579287665904 62.186996733849 67.5549881791817 67.2107897419764 83.8907963153799 74.2859672910989 79.572692959531 77.0792576928317 79.0508182492567 76.3293724575836 82.0286161761099 88.6611206960286 83.6177522887146 87.2111690629601 89.5132539754737 76.9320885790235 81.7475209345003 85.7696090808703 80.2111834890942 73.8192349960661 64.7830274722633 67.2710852549069 66.3057439182767 65.6781807252069 64.8515854075846 72.2462100787352 77.9117937324242 65.191169649739 60.5672342706201 62.2725678116709 59.4717480579042 58.0098888571949 59.5932825127732 56.6029595994379 59.196494925421 61.0248995890803 68.8182960112541 66.6581833693855 69.5343591483218 63.692864629445 81.4227716218081 104.905430375973 111.477540712481
56.285843000927 56.2405154372613 56.6782560552551 56.6389793623182 56.6715294678264 56.3743899942206 56.4593039505417 56.1106100145893 56.0587735490229 56.5825541261364 64.2067135130395 67.1629872341086 61.4045499282536 74.577784961739 78.6196841200391 85.525344259994 84.6060117290902 78.7722299354855 75.9504745125339 79.4140478481377 67.9031983173475 71.1771036548653 69.6437995546603 74.4191231166193 71.8340542054864 66.4096807108888 63.9345620722011 67.5589750220085 70.7471219024073 62.4155830432189 60.9489330398092 60.4012340779258 58.1392541860621 58.1441394584211 56.7191055348712 58.5224524550251 57.6305068387434 57.1468788880187 57.8562233447289 60.6784546911396 60.8997669273266 68.0894715666452 68.3520307354182 73.8775476559357 98.1316084353395 105.273200579992
56.8068356623456 56.6031859907299 56.3852484994781 56.3588516403716 56.6754687523514 59.1863270381319 57.0067138467076 64.2352821405509 64.2967232149652 56.0256317878633 56.0061694942017 56.5861311876452 57.0710030016575 63.7038466325575 75.8420093065352 90.8706870866931 75.0864603986062 74.2491786739272 73.7192811716078 82.3111634661911 79.8928190635368 78.2356045282644 76.6669006804362 92.4306898134361 79.2860769175323 72.2800468617529 64.9160993212588 64.4600420494636 60.3994143116272 57.1773432918292 57.3523695308978 57.8963045416625 55.8404155367464 56.2153337532378 56.6869742710367 59.2644067850975 62.9121988737353 61.3103100604583 59.8385046954391 60.4352946653731 60.6834085718226 60.8526261894656 64.4931372975264 86.3413043478029 67.0232024824111 74.5879965770039
58.4902476106406 57.6880005913435 57.286477619036 55.8925080731453 56.8284061715016 63.0343253374668 57.9441831679895 63.2466377641385 58.9719092239454 56.294591518629 56.3373016012176 56.4548121340915 56.53905087523 56.6975550495545 57.8905272293296 61.8182194681506 63.4939748094264 69.4167249757038 74.5666635415013 77.8103709216604 73.0171935814765 75.2198164372252 97.5012274275185 93.0791960751437 88.6400761260601 91.5142302295237 98.063922440023 81.0846874698699 64.731970220729 57.735228096681 56.6467274559424 55.7786935626425 56.6323042555256 56.5956301083235 57.185563638669 58.8516717345043 61.2052687387826 61.4171416214271 59.512108984262 59.208734319114 59.8600490268137 60.245557567887 60.0190884010312 72.7352553419128 75.2051773326489 75.1368901778433
116.449931554555 67.5985180876893 59.3810252671478 58.4483963059885 58.2683161160695 57.6149206706101 57.5840703733704 57.9689601048514 56.3530188205318 56.2712047905131 56.241542240235 56.2576043579615 56.2411478215039 56.2475489037104 56.4624914562155 56.477288090172 56.4407114481431 56.9221989204047 57.1434243977375 57.5680165190633 56.7617417542068 56.7611936679729 58.2406577868103 76.4115622987431 88.2248832070548 103.688162692557 111.181314835103 98.5961162268719 86.4116234175926 67.4615729892922 58.2745380719447 56.3642061175721 56.4216623512337 57.2806055478954 58.406227051857 62.6406294222446 66.1211702317055 62.1742467462479 59.910805753344 64.1338473454227 65.4276783159551 66.7254599322129 70.9140848125561 61.1800267279828 67.8358348316599 69.7730897374118
116.447134316716 116.439504668447 116.450394673585 116.323098761705 101.186296281487 71.0466437634113 58.3098431882265 57.3984572694068 56.8654084875138 56.4047701528928 56.3005047780575 56.2942527679278 56.2657910346013 56.2935515834734 56.240895499024 56.2633487672839 56.2464039626385 56.2907630297354 56.2388623851908 56.1856705815602 56.4889844807177 56.4188171087357 56.5289412575503 56.9772596906619 57.0499701499801 59.7402057988807 92.2725826324328 101.45069333203 83.3354133058748 72.4008084678085 58.6440431840166 56.1805259344174 56.6384128210934 57.3272995648147 59.4952850349835 63.3103350737392 63.5731754598088 60.3032966656936 61.3351124356948 63.7302172572811 64.2849453740936 62.1401440380379 65.8579898614318 72.2724180153531 62.2424242221756 74.8685890742814
116.40556423312 116.448944315299 116.450412114523 116.450432331373 116.450384277896 116.332816245519 114.621199106728 80.5271897701657 58.0548628597748 56.828852271533 56.3168197487454 56.0076164081314 55.6683220534471 55.7324719209397 56.3245644015612 56.1869308115703 56.3137814083731 56.325686148855 56.2438206361015 56.2412019442261 56.1824882646908 56.2434240933447 56.3562880390935 56.5112654364078 56.5285024880228 56.7519300020255 58.4088214617095 98.0673676369771 87.5280410116185 73.9899630280704 58.6188792353826 58.5465401498221 59.6931011433534 58.9372171054934 60.3859800895808 60.814437968282 62.1895652296133 62.1585971500387 61.1965582456834 63.6398634756819 66.1972431276337 61.7274318063404 62.5931671868138 65.4233867053537 61.6061417646804 62.4328544273712
