IBR/IBR_outputs/all.combrep_1/PersistForestCover_Total.VRM_Total/PersistForestCover_Total.VRM_Total.asc
NCOLS 160 
NROWS 95 
XLLCORNER 210004.651214014 
YLLCORNER 7350008.22228844 
CELLSIZE 4999.99999999997 
NODATA_value -9999 
[rows 21 to 41 of 95, columns 92 to 137 of 160]
56.6994500986707 58.2113235729208 58.3795780559438 58.0046055601382 60.7409840684883 73.8335586558277 62.0258838707847 59.323062902391 57.0298125576587 56.8881208857134 56.7905919563877 56.6812791042855 56.4924091588532 56.5114255388573 56.8322234414089 56.8927630081936 56.4070789513149 56.3357709767685 56.4194485159382 56.5745172330676 57.0653614946191 56.4813608682962 56.4141461243718 56.4396671435253 56.8108724432542 56.749974223167 56.7951609058845 57.1775781130689 56.8156784185918 56.7299203004547 56.9821364081991 56.6238287255871 58.5190559910642 115.468006337062 115.282079756632 113.644212645598 86.7873384497764 57.0833730471172 57.4525488191022 56.9183802072664 57.1920649254994 57.4063181020305 56.8671857970233 57.7630901577022 58.8770837700839 61.2735042708139
57.3414898393645 57.6885230119041 57.6177902936328 58.0985616764453 69.8111673081446 79.4145434441311 59.8482727881172 57.7848997743298 56.8774685300427 59.0337290299803 57.0347531077686 56.8698560109127 56.7018273078896 56.589148527922 56.8840270558015 56.406402844102 56.3925517329828 57.1309122557943 58.7906078833415 56.6694032600939 56.8796279851004 56.6408217142853 56.4881974647041 56.4028110617085 56.4405793418285 56.5745213814177 56.7799045882687 57.1986255687077 56.5315656148789 56.4495040969341 56.7269477499225 56.9836206768513 59.3923654528658 112.817828429863 116.412687992131 83.9149424574376 56.6412805324971 63.9928868424115 57.7020319244176 67.202849867889 57.9310299597838 57.4259205150607 58.0189356163996 60.4006532751039 60.4920913841833 61.3688398213641
57.9770949983613 57.9989591586212 57.5524747894952 59.4419382822006 58.8058195550566 61.5468694196841 57.7230987260144 57.7126669171392 57.2954206470058 58.449815975484 58.0258752528855 57.1393776964863 56.8869534821296 56.518266942054 57.4012960293702 56.3960872814829 56.3083705631054 56.8804082440291 66.4607366362344 56.9200414844247 56.7200416036115 56.9906816737289 56.5640896693975 56.4514092495788 56.6833791593005 56.9874145518367 57.3674749035116 58.2548857226964 57.1893015430061 56.6460435542513 56.6200856593543 56.6102801420476 72.1568955257773 113.30483350647 109.887756868251 65.1662352903124 57.4067861053847 57.4437508397894 57.8623179448484 58.2780332287079 57.2778260149481 56.4672517868147 56.4405213105208 56.8790789897661 57.8959638796264 58.9950396187558
57.8362402805165 58.149323444222 58.1445378980278 59.2754113998627 57.6644187838124 58.8041792373724 57.3735001719846 57.4857620100975 57.5482255710735 57.5526323293937 57.8782582099009 56.9433707693053 56.7851049374479 56.7280217938972 57.2266449670039 56.4844179062773 56.4176301660786 61.6691778082187 98.7730357015382 67.8436371185768 56.7431726700687 56.70052607689 56.9872131299753 56.4888322949816 56.8629562883509 57.2393263615009 61.6263314220432 60.8267337429391 57.8501415325811 58.4167672172262 57.0307948488961 57.3912441468693 112.466617219672 102.212806648759 66.0366369700742 56.9103732769765 56.7208870235785 56.4399003265335 57.0576998728283 56.6220250601075 57.225218132286 56.8660069911288 57.0847342416018 56.4474544980777 58.8048921394363 56.3791641262348
57.7533108963831 57.4318629364315 56.9535036631244 57.0622184939728 57.6656698594039 57.6521102483326 57.5948858946423 57.8882898001403 60.063976607113 58.0143684027365 57.4559909197705 57.3352233934487 56.8088006276951 56.6667785367197 57.2521261022313 56.6536853723408 58.3837359785157 62.8958804832189 86.9797089646265 59.40981544816 56.9055281836363 56.8045768997293 57.1014899362651 56.8393533567643 57.4098560422961 57.3038314381525 91.8990989362697 58.2737856375952 57.4376048588209 57.8750606897155 57.6067875161685 59.8273301507255 110.99233467191 114.302724206145 92.1114507524753 56.9285185606392 57.0901384831284 57.1515208719557 58.0733475963244 57.92847095128 58.138797523203 57.8516784701823 57.179552128349 56.8737771694467 57.1496090049766 56.561185100206
56.9337685203217 57.2050242106263 57.7784548780914 57.8256983058353 62.2198194838433 57.7066674464075 59.0170779589953 63.6461520138847 58.9491289344026 58.4609826773365 58.4823322758432 57.8133206700226 56.9443917412947 56.5904043802827 57.1297333180956 57.5190227780117 108.370685930722 116.364493899634 116.419737383734 116.136603551445 61.806019112636 57.1522450418013 57.6100174432402 57.5864750590449 57.0025825428348 61.8146411490097 66.2719945225017 58.6843400467304 57.6179259683663 57.8211106204489 57.6800843264182 89.6929784707252 108.60025484052 114.088156754152 108.608770836096 108.336097205421 58.5512171474764 57.6763624801988 58.4120501528878 59.2978900481559 58.089339988299 57.5101077933894 57.2496368498394 56.8361546215544 58.7898773025708 59.9050926416593
57.5483969681736 63.4054607936832 61.9855734542455 58.2690520567838 60.4046498457115 58.2676725922055 67.3182834750427 65.9111171932355 58.5924463825693 58.4632685323697 57.9167493913297 57.4703094765255 56.6799453696557 56.5208565908227 56.9612023895314 92.348467044826 116.43428246562 116.439278538215 116.03256402927 116.28638795457 100.849704963105 104.102216308886 107.782496991261 90.934617612208 73.1692449386339 71.1763963022352 59.4674951947328 64.8600191203627 79.9101450393822 115.249460341553 115.714380341361 116.401035258919 114.762894031705 109.738433051205 83.3343788921583 103.089596986309 108.174669764796 65.0000209386826 57.707194061594 58.6065364137627 59.0522327009168 58.8984641631097 57.5852335676365 57.3101518437129 58.3223176647252 60.1016076860777
59.6595759023669 65.6528108332565 66.4783949243676 59.9666137603958 63.1447906413317 61.3653299069481 64.3243195690286 60.8690199600929 59.6053696282135 58.987199761373 57.1792894702462 56.7143069453759 56.6545773763416 56.9433651544135 60.3616993296535 113.64934704918 111.081004405812 113.187385989178 115.679527038852 103.069676969612 103.85723565117 113.915897770935 116.408995703414 116.434292189915 115.701516758697 113.930060276641 99.4482843355655 107.283297106452 75.1262688453402 76.5505772486645 59.9234124497726 77.5814784531856 112.552395101289 101.917745061851 99.774902196041 77.8475993485231 96.4943828377683 76.3589697330347 61.7259127896911 67.0931472966663 99.1491789578821 95.9913558203814 61.4458510466149 56.8037554297942 57.3650547702306 62.5506981940717
57.5270104549556 57.5004070067912 58.9448959578147 58.7797980447338 61.0043602042069 70.7589890762674 89.4283592982953 59.3207709355419 59.246357484099 57.2333474472088 57.1110662267836 56.8964323559412 57.0624982151702 57.2671363619955 83.1207140697625 108.038143919571 116.025327167447 116.412186263633 115.826418988321 115.066783689077 114.504784891233 114.498243731549 116.308920340191 95.2637417769037 101.79708620357 93.3004469818286 96.749409464358 91.2643310804242 77.3369152490265 58.6250116382839 58.4500753068273 59.9979050814981 88.4407415145995 98.8613216052001 110.79921555916 111.036836382046 96.1824318768658 100.426758261554 87.9213263774404 96.557479834073 102.092210293513 96.9623612892085 67.668313409048 56.7356987935852 60.164785007845 66.8873336625329
57.0183447492513 57.3786027465324 57.6971617806713 58.0352886572994 57.9026685120875 82.9476342882666 74.2841796670049 60.6558671623945 58.6815455895731 59.9071914787187 57.2193349430022 57.0431202327022 59.4843630179811 107.580260693558 113.932856063795 115.29559849925 114.863654533498 106.382841874218 115.934540129207 113.990031331902 115.632999380148 114.450206090928 114.252024062574 81.551647316726 112.325662696694 67.0220173835437 61.4239512419655 64.165173374965 59.963273907586 61.6648993016349 64.684056131998 63.61929193028 59.4647265313012 59.5389198518672 100.982052319969 114.121284998066 91.3050418519827 87.5930906142706 101.508704987857 107.230075020523 84.5987711124656 72.969905960999 74.3639798412152 58.5454976119973 60.2771021081822 64.7577804887205
60.8140922938206 57.2418754406735 57.6031629354897 57.1679495970696 57.9078580636951 93.4630252646828 73.2267658656962 59.739271381578 84.6811476265265 67.4076003092932 62.6589370558948 88.7853538401749 111.422328654505 116.319281871066 116.41194021603 110.435543260631 104.775677265762 81.2583978333205 116.164677503309 109.675112624981 114.561849877852 116.018124090075 80.7131247444622 73.2991940658538 88.2196719728867 72.3779256737709 58.5044726459557 58.0698458144343 58.7663514079216 60.3275858614931 63.2674358814846 60.7653297902318 60.8796988990991 61.3045109676315 64.9429631856745 111.367602444002 100.511646816039 78.4228046749461 83.5958554167069 95.6177474881673 59.0586667887942 71.6217312197196 89.6430957265118 58.6448266286688 61.4304057499405 59.4399176986968
96.490003840897 62.5895076608655 57.4450381107032 57.9053156438813 57.9551251055186 63.9748240605371 81.889851070437 109.177550869698 105.963795450709 115.360622200101 116.260820225507 116.430688623381 116.112970025708 116.392033443426 114.477828471814 92.5354996106684 113.793032344801 97.5458440865626 112.425095132921 110.223925951835 113.869331997951 116.408430742159 87.3050264319602 64.1211632170516 77.0678832104456 59.8155459516382 64.5330906339086 62.7807692838209 60.7747292908418 58.6730498040761 59.1267588235414 61.1402394044497 59.1178185080035 60.3420380285071 64.2388465846566 84.3029996742937 107.508847076726 80.7758305446784 102.629008666575 104.528195791359 86.0485465371845 92.7364735822266 99.3313268273836 68.6108189593001 59.4630620968341 58.8471680921567
116.376530046344 111.328882978518 61.0772335053494 65.4643587056832 65.6873604370037 84.1997262644027 105.267350072903 115.235223946576 115.903570412009 116.05043240741 111.918409197758 115.835891987266 116.413593073382 116.391811085829 115.093029629122 110.63329671194 114.689758498496 102.260761834456 91.9449835146123 114.44632719984 115.961120196268 116.389900579394 112.172823947347 71.2061478215656 58.5482377470236 61.2824210341923 63.8310163885917 63.6198027970984 66.279942132565 60.4061089986461 58.3753921016761 61.5844826199252 60.0119413620642 59.5751422352873 60.73104945039 64.6086514247747 109.986062965148 108.195097041322 103.565371377392 72.8442517763021 105.121315062903 106.448071195628 105.03123617703 104.438049165703 70.7417404501722 60.9672017309313
116.293100881297 61.4851802987924 58.2132699706114 58.7685371506903 83.1856386024869 115.478637501147 116.259900252536 115.85199232047 116.225304073457 115.002664362825 73.1644363060948 84.6572905517037 116.353472033407 116.202661085798 109.654664428953 116.252356053025 111.468973830809 96.0390934065429 106.000514166665 110.959930294548 103.34967597887 114.65234022306 114.422035495738 94.9377395490845 61.5820774634741 61.1512898632612 61.033919611262 66.4749237152913 60.8553613607614 60.5053835254086 59.4807521920053 60.8082767416417 60.2116493570389 61.3951625008875 60.2495573510601 89.1329430146332 114.323092603555 104.964521939492 103.005163512034 100.695085543273 109.70238230738 110.591550226685 115.700720710773 115.107323560859 107.0544697999 78.2277986278855
94.3979008530151 58.4023711299876 61.9455390568957 60.9790412563313 59.760265384921 66.5379880935119 112.379701968132 114.368169553699 116.357369612343 115.674028700175 65.4820392704495 97.6890428403403 116.360197316563 116.034353670482 116.443919454586 116.380736707478 116.14996303699 115.480676525985 109.905241082519 111.233336326556 61.5663672877037 91.9841222995681 107.047052197155 115.837348205296 102.374825335455 62.1115301215135 60.4279134008139 62.4751967573136 59.4249554787917 60.9542743278589 60.1510118581364 67.5007752759803 60.9255025264612 60.5998022753116 61.248494807573 98.9312396373948 114.477011177724 89.5251035408297 94.0493779915094 115.3920208043 106.971450036405 104.445458531252 115.286377312323 114.457183586285 113.32407778542 97.997029352356
69.3291274483378 60.5491016737266 59.8984962998525 65.6668864195877 59.4716967743039 60.6353745766263 102.180464992839 100.531198879974 116.396051945362 99.9669727088082 88.8965179143096 116.440138482352 116.378844874195 116.311637793832 116.316428512695 114.000053348951 108.174774490447 98.0131225507539 106.647344407178 95.1417295719645 89.9584047042664 77.9775319091521 88.1872233078039 101.145246906528 107.194572136103 104.938168433808 59.9786879112825 60.1760782530175 59.6342740988328 61.3318480392767 60.013286174559 60.9973433701068 59.3211715486893 59.8241443150834 96.3461457747365 114.961468535869 112.657798457934 93.0275052203659 107.87697402301 116.160492111804 102.308086820355 93.0373469039622 112.848621351019 113.77024982161 111.405279024123 88.6350590440932
83.4010775918443 71.2592064812476 65.1467303803424 61.512773047597 63.6680707486658 60.673124096697 103.848963246963 97.5218729566351 113.735906253909 103.666812498265 115.114583386183 116.446750937757 116.439545218736 116.392513249934 106.115661093262 67.0710214722453 62.8517946255487 103.335566364677 97.48399998369 98.6518195645417 115.360987485237 111.373528857145 106.289238555526 101.339078807329 95.4675571523266 110.731386581592 106.575914628775 79.1749887318005 60.8525849957047 58.4438379997592 58.79642575113 59.136496742272 59.5504130097154 95.5807398826074 113.110823562926 107.542190242504 105.079801700822 99.8383455615338 112.516860356921 115.976835897901 104.753687054931 80.3231824803366 81.0301077141501 114.754035680304 107.158455110423 84.3768956938895
69.5869569796857 64.4131230782164 78.8347807693863 68.5110316386723 65.3474053299917 60.0085197924438 60.4875871835838 59.479007378146 73.3452001181224 115.246017481504 115.361994365503 114.276230692663 116.296493256468 105.775572780739 79.9018185739064 58.5773372130864 62.7322040543229 78.0414780110646 99.8359576242288 88.9969379265896 115.085701939503 116.40850249225 98.8561574549264 90.9318200089142 64.8080091678314 58.0411794125176 63.3125663016174 87.6828989272301 99.8837978039166 62.0656493280223 60.9294351886369 59.8716595546578 69.2567461893976 114.750794331778 110.196819735432 109.870205067814 115.069790036429 106.738907559873 115.405770737592 114.928495784286 93.5952369319755 88.1617656778618 72.3708364356425 80.2545429952025 71.5966750338491 96.226740644686
59.8061311228398 58.8463815953253 62.306567270051 60.5423863506046 60.327557809973 59.4553715640879 59.3808493281655 63.3222792262502 106.497466433643 116.390907473656 115.007799808621 110.468284473061 116.324518796739 98.7963127369221 60.3567093820796 59.9583235850575 65.0765837028454 63.5441108975929 78.8658027518363 89.4255669651702 115.556995592836 116.421118498818 102.443662048187 59.6064714011498 58.2619666572202 58.8816465176326 58.5391334077991 61.3136088098276 85.0309725643701 86.8618167808266 73.6115252711527 69.9176750890446 107.676234020576 93.4264800075548 109.141193022698 115.125729270004 112.388742506013 96.8572028212414 115.642002565857 114.114930634912 76.0924941513968 85.0847212415808 81.3807531739451 80.8606708510252 89.3317913839797 88.5170180506792
58.3931330969927 57.9720080913704 58.2036160235712 58.5132921348057 58.9754819137507 59.5969349929981 58.6239091834542 84.4087592512781 101.508351934984 116.177070231854 115.557492657867 115.822201988279 116.29786848001 116.387523105514 69.0430301184328 64.5431703956879 65.0396843464911 75.2131532733425 96.0715946140458 67.2137814988115 111.28316044154 116.289076312948 102.074049162668 64.3917136559753 58.6038948926929 58.3658748339054 58.1202609126884 60.4428811943855 88.6647466497364 104.673360762148 108.4453845668 110.869486354478 114.70308702055 112.849769146203 112.961163984799 112.88825704221 114.189229672843 115.683120037456 106.447308573402 85.0016650569363 66.4872543668922 68.0993317160098 85.1404866217945 95.4091807715545 77.4773147993108 96.3080850608214
58.6484307959835 58.5458205606647 57.8146559190255 58.3073238306937 58.1227462329746 57.7996501382324 58.2019662085879 77.7034828472329 95.0435585190997 110.106564697349 115.684726494434 116.432712225027 107.808590009885 116.449635501809 97.0610446066962 68.5242659049603 64.8600186097469 100.999370070992 67.8008016453397 70.2537322887829 111.191336736058 116.300619018818 111.974678331776 65.7561071837065 58.5512200127618 58.8655150218333 59.4767884211366 59.8367820802177 109.388046276293 115.556545575073 112.890684526593 114.065307844018 115.56263677505 96.354902274494 114.501026957123 115.22861897172 116.269088824899 115.496081444125 92.4380363430473 80.8221638818008 61.1201658004903 79.4087029078143 61.8229592314232 64.6726984843211 92.8979120997335 99.3021415833107
