0.000336194 0.852092 0.147572
9.999E-05 0.821669 0.178231
9.999E-05 0.715905 0.283995
0.0441995 0.926083 0.0297175
0.020972 0.978928 9.99996E-05
0.0417205 0.958179 9.9991E-05
0.069201 0.820134 0.110665
9.999E-05 0.960964 0.0389358
0.0373406 0.720683 0.241976
0.0527676 0.637432 0.3098
0.243575 0.621927 0.134498
0.0868335 0.666413 0.246753
0.373026 0.477693 0.149281
0.110482 0.657525 0.231993
0.0649729 0.712246 0.222782
9.9991E-05 0.870727 0.129173
9.9991E-05 0.733072 0.266828
9.9991E-05 0.888261 0.111639
0.202785 0.150186 0.647029
9.9991E-05 0.242872 0.757028
9.9991E-05 0.234656 0.765244
0.0526001 0.0332824 0.914118
0.0235192 9.9991E-05 0.976381
0.0207863 0.10716 0.872054
9.9991E-05 0.220728 0.779172
9.9991E-05 0.0312739 0.968626
0.0559348 9.9991E-05 0.943965
0.0852593 9.9991E-05 0.914641
0.0241453 9.9991E-05 0.975755
0.057418 0.00210222 0.94048
0.00402236 9.9991E-05 0.995878
0.0367063 0.118014 0.84528
0.0279394 0.0411381 0.930923
0.039475 0.688456 0.272069
9.9991E-05 0.720561 0.279339
0.0572447 0.800568 0.142187
0.0134446 0.859358 0.127197
0.136753 0.690785 0.172463
0.373114 9.9991E-05 0.626786
0.039824 0.109304 0.850872
0.0942311 0.663418 0.242351
9.9991E-05 0.824669 0.175231
0.201132 0.473302 0.325566
0.306134 0.500854 0.193013
0.299288 0.585517 0.115195
0.39333 0.0165213 0.590148
0.0872961 0.646334 0.26637
0.210526 0.632432 0.157043
0.105488 0.497105 0.397407
0.90746 0.0486225 0.0439175
0.916494 9.9991E-05 0.0834056
0.862558 0.127499 0.0099433
0.831449 0.134873 0.0336774
0.908831 9.9991E-05 0.0910694
0.895866 0.0154489 0.0886854
0.788009 0.211891 9.9991E-05
0.880865 0.0826953 0.0364398
0.92762 9.9991E-05 0.0722799
0.865232 0.134668 9.9991E-05
0.744517 0.255383 9.9991E-05
0.934433 9.9991E-05 0.0654671
0.810028 0.0950603 0.0949117
0.558706 0.402477 0.0388178
0.0314136 0.136984 0.831602
0.0644604 0.0691113 0.866428
9.9991E-05 0.105302 0.894598
0.805443 0.13837 0.0561871
0.741428 0.258472 9.9991E-05
0.828264 0.100631 0.0711059
0.865911 0.0374749 0.096614
0.860869 0.101092 0.0380387
0.366954 0.632946 9.9991E-05
0.331085 0.612331 0.056584
0.362081 0.600404 0.0375158
0.330918 0.585839 0.0832426
0.306565 0.47514 0.218295
0.351995 0.498786 0.149219
0.273816 0.548531 0.177652
0.777855 0.222045 9.9991E-05
0.627874 0.25321 0.118916
0.846175 0.036201 0.117624
0.877723 9.9991E-05 0.122177
0.793822 0.206078 9.9991E-05
0.0892634 0.185244 0.725492
0.454464 0.411339 0.134197
0.400435 0.599465 9.9991E-05
0.376111 9.9991E-05 0.623789
9.9991E-05 0.796597 0.203303
9.9991E-05 0.817463 0.182437
0.0169876 0.772218 0.210794
0.116491 0.54826 0.335249
0.0180295 0.927465 0.0545051
0.414833 0.585067 9.9991E-05
0.00358724 0.277796 0.718617
0.40847 0.518573 0.0729564
0.125893 0.467063 0.407043
9.9991E-05 0.770032 0.229868
0.00274071 0.922394 0.074865
9.9991E-05 0.834174 0.165726
0.10165 0.816827 0.0815233
0.0195295 0.846154 0.134317
9.9991E-05 0.942941 0.0569589
0.458149 0.436796 0.105055
0.340716 0.501403 0.157881
0.444939 0.467071 0.0879898
0.139967 0.579494 0.280539
0.241068 0.590745 0.168187
0.0134827 0.493575 0.492942
0.846568 0.153332 9.9991E-05
0.844985 0.0715313 0.0834835
0.385082 0.418987 0.19593
0.339687 0.469029 0.191284
0.331812 0.364181 0.304007
0.0298876 0.107684 0.862429
0.823741 0.0330472 0.143212
0.808917 0.190983 9.9991E-05
0.635768 0.364132 9.9991E-05
0.0689603 0.347497 0.583542
0.0150067 0.666717 0.318277
0.0719874 0.90552 0.0224926
0.100078 0.817526 0.0823964
9.9991E-05 0.560748 0.439152
9.9991E-05 0.771835 0.228065
0.00792691 0.81205 0.180023
0.013792 0.926108 0.0600999
0.00461869 0.581842 0.413539
0.00199489 0.855798 0.142207
9.9991E-05 0.851574 0.148326
9.9991E-05 0.895054 0.104846
0.0825679 0.617557 0.299875
0.070637 0.87612 0.0532433
0.0904175 0.624938 0.284644
0.0338502 0.853992 0.112158
9.9991E-05 0.0713863 0.928514
9.9991E-05 0.0617336 0.938166
9.9991E-05 0.043252 0.956648
0.0736748 0.115101 0.811225
0.0627866 0.114424 0.822789
0.138835 0.861065 9.9991E-05
0.00363223 0.755689 0.240679
0.9998 9.999E-05 9.999E-05
0.903167 0.0432559 0.0535772
0.944581 0.0448612 0.0105575
0.752487 0.16734 0.0801721
0.964915 0.0349854 9.9991E-05
0.861065 9.9991E-05 0.138835
0.953233 0.0466674 9.9991E-05
0.960235 9.9991E-05 0.039665
0.931064 9.9991E-05 0.0688362
0.902841 9.9991E-05 0.0970587
0.93745 0.0624501 9.9991E-05
0.857515 0.0516251 0.0908602
0.845912 0.111563 0.0425254
0.938607 9.9991E-05 0.0612927
0.922391 0.0775091 9.9991E-05
0.961671 0.0382294 9.9991E-05
0.928367 9.9991E-05 0.0715326
0.393183 0.569666 0.0371511
0.273954 0.718289 0.00775624
0.936943 0.0629572 9.9991E-05
0.765719 0.211434 0.0228471
0.995768 9.9991E-05 0.0041319
0.34534 0.65456 9.9991E-05
9.9991E-05 0.952867 0.0470329
9.9991E-05 0.693121 0.306779
0.0659373 0.425141 0.508922
9.9991E-05 0.312379 0.687521
0.0204472 0.145393 0.83416
0.0113766 0.0772604 0.911363
9.9991E-05 0.151392 0.848508
0.0153962 0.139509 0.845095
0.103631 0.0471405 0.849228
0.089398 0.0590064 0.851596
0.00549729 0.899624 0.0948784
0.0682531 0.832711 0.0990361
0.0673374 0.932563 9.9991E-05
0.0251051 0.974795 9.9991E-05
9.999E-05 0.9998 9.999E-05
0.0777977 0.906707 0.015495
0.0181264 0.73435 0.247523
0.0992816 0.680746 0.219972
0.0368338 0.868668 0.0944985
0.0970709 0.652794 0.250135
0.0358356 0.859497 0.104667
0.14575 0.0762454 0.778004
0.886073 0.0702308 0.0436963
0.868756 9.9991E-05 0.131144
0.991119 9.9991E-05 0.00878063
0.804422 0.176339 0.019239
0.847608 0.110029 0.0423629
0.165279 0.588248 0.246473
0.0148034 0.620816 0.364381
0.0113986 0.796397 0.192204
0.032374 0.581903 0.385723
