0.00713174 0.096961 0.0808039 0.706016 9.9991E-05 0.108988
9.999E-05 0.0581286 0.0777873 0.590846 0.0306119 0.242526
9.9982E-05 0.0908681 0.150292 0.731956 0.0266839 9.9982E-05
0.00631732 0.121914 9.9991E-05 0.837461 0.00601286 0.0281953
0.0709352 9.9973E-05 9.9973E-05 0.871543 9.9973E-05 0.057222
0.0664202 0.0742505 9.9991E-05 0.815832 0.0042739 0.0391233
0.0045691 0.141418 0.0304259 0.515619 9.9991E-05 0.307867
9.9982E-05 0.206655 9.9982E-05 0.672379 0.0205099 0.100257
0.0794327 9.9991E-05 0.0365125 0.157251 0.0191778 0.707526
9.999E-05 0.201936 0.169264 0.302868 0.020656 0.305176
0.0485046 0.395888 9.9991E-05 0.0710184 0.0546367 0.429852
0.0268198 0.153835 0.161644 0.266236 0.00226712 0.389199
0.0375508 0.703981 9.9982E-05 9.9982E-05 0.0392763 0.218992
0.0491649 0.0928054 0.0846574 9.9982E-05 9.9982E-05 0.773172
0.0399666 9.9991E-05 0.0982508 0.411407 0.0347772 0.415498
9.9982E-05 0.145565 0.0607127 0.197937 9.9982E-05 0.595585
9.9973E-05 9.9973E-05 0.159523 0.286412 9.9973E-05 0.553765
9.9982E-05 9.9982E-05 0.0691926 0.580912 0.0271041 0.322591
0.135476 0.114774 0.454729 0.071517 0.054284 0.169219
9.9982E-05 0.138057 0.541813 0.00203624 9.9982E-05 0.317894
9.9982E-05 9.9982E-05 0.649748 0.228098 0.0109609 0.110993
9.9982E-05 0.140288 0.812005 0.0415577 0.00594926 9.9982E-05
9.9973E-05 0.0985797 0.850328 9.9973E-05 0.0507929 9.9973E-05
0.0453999 9.9991E-05 0.705642 0.110178 0.0410988 0.0975813
9.9982E-05 0.00821345 0.609027 0.214576 9.9982E-05 0.167983
9.9982E-05 0.00148548 0.839577 0.142419 0.0163181 9.9982E-05
0.0489086 0.0100131 0.901424 9.9982E-05 0.0394539 9.9982E-05
0.0728627 9.9982E-05 0.795605 9.9982E-05 0.0306161 0.100717
0.00981645 9.9982E-05 0.877965 0.105056 9.9982E-05 0.00696254
0.0773372 9.9973E-05 0.790458 0.131904 9.9973E-05 9.9973E-05
0.0361615 9.9982E-05 0.873113 9.9982E-05 0.00412387 0.0864015
0.0198568 9.9982E-05 0.770175 9.9982E-05 0.0370443 0.172724
0.0168265 0.0418304 0.772785 0.0390305 0.0500616 0.0794662
9.999E-05 0.280837 0.0805342 0.371906 0.0705553 0.196068
0.0547506 9.9991E-05 0.167438 0.557695 0.00905229 0.210964
0.0759725 0.0431495 0.111441 0.704859 9.9991E-05 0.0644782
9.9982E-05 0.183346 0.0148488 0.775317 0.0262883 9.9982E-05
0.0551469 0.170492 0.0949713 0.319359 0.0105854 0.349446
9.996E-05 9.996E-05 9.996E-05 9.996E-05 0.9995 9.996E-05
0.00137126 0.188583 0.789011 9.9982E-05 0.0208339 9.9982E-05
0.110452 9.9982E-05 0.205528 0.678717 0.00510361 9.9982E-05
9.9982E-05 0.108448 0.10147 0.504754 9.9982E-05 0.285128
0.109984 0.219828 0.264004 0.169553 9.9991E-05 0.236532
0.0919085 0.614155 0.0243139 9.9991E-05 0.039112 0.23041
9.9973E-05 0.881623 0.0571852 0.0608921 9.9973E-05 9.9973E-05
9.996E-05 9.996E-05 9.996E-05 9.996E-05 0.9995 9.996E-05
0.00219268 0.199199 0.175615 0.236737 0.0989889 0.287268
0.0797093 0.422614 0.0553551 0.104712 9.9991E-05 0.33751
0.107522 0.0652858 0.326137 0.176717 0.0167171 0.307622
0.734787 0.128417 0.0322275 0.0155048 0.0221222 0.0669411
0.730085 0.179865 0.0203044 0.000782654 0.0133962 0.0555666
0.776368 9.9982E-05 0.0098025 0.11294 9.9982E-05 0.10069
0.694925 0.174029 9.9982E-05 9.9982E-05 0.0408721 0.0899742
0.819796 9.9982E-05 0.029811 9.9982E-05 0.0298666 0.120327
0.849865 9.9982E-05 0.0875093 0.0140492 9.9982E-05 0.0483766
0.701778 9.9964E-05 9.9964E-05 9.9964E-05 9.9964E-05 0.297822
0.750923 0.0337324 9.9982E-05 9.9982E-05 0.00576989 0.209375
0.850776 9.9973E-05 0.0974856 9.9973E-05 0.0514382 9.9973E-05
0.742627 0.087751 9.9991E-05 0.0479357 0.0424221 0.0791642
0.59355 0.15446 9.9991E-05 0.149931 0.0371192 0.06484
0.792523 0.102561 0.104615 9.9973E-05 9.9973E-05 9.9973E-05
0.690775 0.135141 0.0312114 0.120849 9.9991E-05 0.0219244
0.28317 0.540725 9.9982E-05 9.9982E-05 0.0634124 0.112493
0.0566811 9.9991E-05 0.707776 0.146595 0.0192141 0.0696341
0.0173706 0.00233044 0.694882 0.175329 0.0352568 0.0748313
9.9982E-05 0.0195943 0.803334 0.17223 0.00464192 9.9982E-05
0.698177 0.0649898 9.9991E-05 0.086569 0.0107111 0.139453
0.483386 0.416445 9.9982E-05 0.0361902 0.0637793 9.9982E-05
0.69036 0.111085 9.9982E-05 9.9982E-05 0.00206351 0.196292
0.660533 0.221596 0.0535138 9.9982E-05 0.0641565 9.9982E-05
0.816277 9.9982E-05 0.0046305 0.122608 0.056284 9.9982E-05
0.116741 0.566584 9.9991E-05 0.0961771 0.0105224 0.209875
0.070854 0.645688 9.9982E-05 9.9982E-05 0.00856194 0.274696
0.0938965 0.736108 0.0184358 9.9982E-05 9.9982E-05 0.15136
9.9973E-05 0.968934 0.0146316 9.9973E-05 0.016134 9.9973E-05
9.9982E-05 0.86405 0.0813599 0.018807 0.0355834 9.9982E-05
9.9973E-05 0.974924 9.9973E-05 9.9973E-05 0.0165878 0.00818844
9.9982E-05 0.757736 0.149522 0.0638217 0.02872 9.9982E-05
0.634601 0.218781 9.9973E-05 9.9973E-05 9.9973E-05 0.146318
0.449195 0.282704 9.9991E-05 0.121412 0.121588 0.0250005
0.700167 0.125719 0.0958933 0.0556878 0.0224325 9.9991E-05
0.730879 0.053913 0.0797373 9.9991E-05 0.0337361 0.101634
0.670212 9.9973E-05 9.9973E-05 9.9973E-05 0.0222895 0.307198
0.0454471 0.0843371 0.636525 9.9991E-05 0.00882978 0.224761
0.259175 0.549916 0.153711 0.0321435 9.9991E-05 0.00495341
0.0840291 0.885815 9.9973E-05 0.0298555 9.9973E-05 9.9973E-05
9.996E-05 9.996E-05 9.996E-05 9.996E-05 0.9995 9.996E-05
9.9973E-05 0.157558 0.188056 0.654086 9.9973E-05 9.9973E-05
9.9991E-05 0.059904 0.0766319 0.703986 0.0418336 0.117545
9.9991E-05 0.119773 0.117945 0.112599 0.0340957 0.615488
0.0557922 0.132827 0.228567 9.9991E-05 0.0161498 0.566564
0.0744167 9.9982E-05 0.089687 0.635734 9.9982E-05 0.199962
0.129999 0.838335 0.0313653 9.9973E-05 9.9973E-05 9.9973E-05
0.0117446 0.11818 0.611403 0.218872 0.0397001 9.9991E-05
0.156223 0.660807 9.9982E-05 0.0992184 0.0835522 9.9982E-05
0.0776784 0.313599 0.222479 0.207458 0.0294146 0.149371
9.9982E-05 0.0237071 0.134889 0.453953 9.9982E-05 0.387251
9.9982E-05 0.268008 0.0588923 0.600609 9.9982E-05 0.0722901
9.9982E-05 0.236354 0.103554 0.380874 9.9982E-05 0.279018
0.0405193 0.167499 9.9982E-05 9.9982E-05 0.0132676 0.778514
9.9982E-05 0.354642 0.00588513 0.61997 0.0193019 9.9982E-05
9.9973E-05 0.144887 9.9973E-05 0.04338 9.9973E-05 0.811433
0.174933 0.59768 0.00131551 0.199369 0.0266028 9.9991E-05
0.137582 0.533517 0.108472 9.9991E-05 0.0797754 0.140554
0.102266 0.759387 9.9991E-05 0.0211408 0.0747317 0.0423743
9.9991E-05 0.566641 0.18782 0.0540514 0.0153606 0.176027
0.0876758 0.472788 0.0953999 9.9982E-05 9.9982E-05 0.343937
0.032284 9.9982E-05 0.395666 0.260442 9.9982E-05 0.311408
0.7649 9.9991E-05 0.00323175 0.0786266 0.0313519 0.12179
0.663533 0.259207 9.9982E-05 9.9982E-05 0.0186379 0.0584216
0.164398 0.570881 0.128285 0.136237 9.9982E-05 9.9982E-05
0.149057 0.416788 0.0906566 9.9991E-05 0.00829953 0.335098
0.106961 0.444902 0.278488 0.116568 0.0529816 9.9991E-05
9.9973E-05 0.253233 0.71611 9.9973E-05 9.9973E-05 0.030357
0.565406 0.345221 0.0508647 9.9982E-05 0.0383091 9.9982E-05
0.62345 0.232915 0.0554269 0.0318082 9.9991E-05 0.0562997
0.422233 0.470756 9.9982E-05 0.105354 9.9982E-05 0.00145726
0.0330521 0.0700687 0.495805 0.341055 0.0599196 9.9991E-05
0.0298911 9.9991E-05 0.210365 0.580264 0.0112504 0.168129
0.0422813 0.101695 0.021095 0.656451 0.00959409 0.168884
0.103115 0.0875529 0.0774495 0.731683 9.9982E-05 9.9982E-05
9.9973E-05 9.9973E-05 0.379468 0.404777 9.9973E-05 0.215455
9.9991E-05 0.109956 0.193558 0.643018 0.0135395 0.0398284
9.9973E-05 0.0834599 0.0777518 0.838488 9.9973E-05 9.9973E-05
0.0657436 9.9982E-05 9.9982E-05 0.788651 0.00972491 0.13568
0.00566972 0.0953794 0.359196 0.419861 9.9991E-05 0.119794
9.9973E-05 9.9973E-05 0.0415151 0.0789603 9.9973E-05 0.879225
9.9973E-05 9.9973E-05 0.0187786 9.9973E-05 0.0104499 0.970472
9.9991E-05 0.0558074 0.0406172 0.0973424 0.0149167 0.791216
0.0531949 0.12517 0.231848 0.340359 9.9991E-05 0.249329
0.0609408 9.9982E-05 9.9982E-05 0.163609 0.0306582 0.744592
9.9973E-05 0.265585 0.185689 9.9973E-05 9.9973E-05 0.548426
9.9982E-05 0.119102 0.00197063 0.611929 9.9982E-05 0.266798
9.9973E-05 0.112419 0.841642 9.9973E-05 9.9973E-05 0.0456389
9.9973E-05 0.0713288 0.825116 0.103255 9.9973E-05 9.9973E-05
9.9973E-05 9.9973E-05 0.825812 9.9973E-05 0.0370839 0.136804
0.0308965 0.019343 0.762565 0.110352 0.00373571 0.073108
0.0283621 0.0800333 0.772744 0.0872234 0.0315372 9.9991E-05
0.0527047 0.161326 9.9991E-05 0.57131 0.0290591 0.185501
0.00690137 0.124966 0.0847691 0.755581 0.0276823 9.9991E-05
0.938436 0.0611638 9.9964E-05 9.9964E-05 9.9964E-05 9.9964E-05
0.772504 0.063202 0.0411755 0.0435843 0.0329946 0.04654
0.85552 9.9982E-05 0.012355 0.0800033 9.9982E-05 0.0519221
0.583837 0.25346 0.0648376 0.0695534 9.9991E-05 0.0282123
0.824797 0.0471842 9.9982E-05 9.9982E-05 0.0205953 0.107223
0.757739 0.0417204 0.118997 0.0114523 9.9991E-05 0.0699913
0.828173 0.0190811 9.9982E-05 0.112558 0.0399877 9.9982E-05
0.779254 0.0714582 0.052508 0.085923 0.0107571 9.9991E-05
0.807785 0.0499591 0.10554 9.9982E-05 9.9982E-05 0.0365161
0.795761 0.116353 0.0677267 0.0143164 0.00574282 9.9991E-05
0.731107 0.158563 9.9982E-05 9.9982E-05 0.0428018 0.0673284
0.701156 0.109864 0.00242448 0.0472022 0.0274443 0.111909
0.731899 0.099145 0.0659297 0.0579568 9.9991E-05 0.0449699
0.829108 0.00798911 0.0967988 0.0385025 0.00740697 0.0201947
0.772772 0.109565 9.9982E-05 0.107609 0.00985415 9.9982E-05
0.852124 9.9973E-05 9.9973E-05 0.130513 0.0170632 9.9973E-05
0.840514 0.000368595 0.110808 0.0446323 0.0035765 9.9991E-05
0.1225 0.690423 0.0612841 0.0898404 0.0055117 0.0304407
9.9973E-05 0.8861 0.000440108 0.11316 9.9973E-05 9.9973E-05
0.780771 0.130523 9.9973E-05 0.0884067 9.9973E-05 9.9973E-05
0.649515 0.0898429 0.0309032 0.207822 0.0218174 9.9991E-05
0.838585 0.10109 0.0569574 9.9982E-05 0.00316708 9.9982E-05
0.132097 0.659216 9.9982E-05 0.185262 9.9982E-05 0.0232251
9.9982E-05 0.0385836 9.9982E-05 0.904456 0.014694 0.0420665
9.9982E-05 9.9982E-05 0.176316 0.604909 0.0144457 0.204129
0.00555484 0.163632 0.441434 0.341295 9.9991E-05 0.0479836
9.9991E-05 0.128029 0.50091 0.196513 0.00342617 0.171021
9.9982E-05 0.170808 0.777938 9.9982E-05 0.00431783 0.0467362
0.0188391 0.0353794 0.804441 9.9982E-05 9.9982E-05 0.14114
9.9991E-05 0.0388287 0.748015 0.00796239 0.00208622 0.203007
9.9982E-05 0.0449086 0.733233 9.9982E-05 0.00111443 0.220544
0.0227092 0.149076 0.685159 9.9991E-05 0.00610205 0.136854
0.0435738 0.0421323 0.761617 0.117447 0.0351294 9.9991E-05
9.9991E-05 0.112398 0.0946338 0.756738 0.000992609 0.035137
0.075744 0.0387982 0.0613539 0.773642 0.0503616 9.9991E-05
0.0238085 0.128419 9.9991E-05 0.704995 0.0461142 0.0965631
9.99641E-05 0.290665 9.99641E-05 0.708935 9.99641E-05 9.99641E-05
9.9982E-05 0.198659 9.9982E-05 0.627686 0.00387641 0.169578
9.9973E-05 0.315445 9.9973E-05 0.452337 9.9973E-05 0.231918
9.9991E-05 0.0869245 0.139162 0.124349 0.00995764 0.639507
0.0354474 0.0372642 0.0723151 9.9991E-05 0.00877553 0.846098
9.9973E-05 0.0158182 9.9973E-05 9.9973E-05 0.0237442 0.960138
0.0486719 0.0116175 0.0402658 0.0789039 9.9991E-05 0.820441
0.02268 0.047179 9.9991E-05 0.055903 0.0189701 0.855168
0.0552928 9.9982E-05 0.59103 9.9982E-05 0.145088 0.20839
0.706125 0.244535 9.9982E-05 9.9982E-05 0.00888365 0.0402565
0.748205 0.0848363 0.113749 9.9982E-05 0.0530097 9.9982E-05
0.783959 0.108683 9.9982E-05 9.9982E-05 0.0189802 0.0881776
0.681235 0.131135 0.0219855 0.0999276 9.9991E-05 0.0656165
0.75151 9.9982E-05 0.0906605 0.134372 0.0232575 9.9982E-05
0.119331 0.0531672 0.239402 0.178656 0.0129627 0.396481
9.9991E-05 0.0550836 0.265614 0.328615 0.03523 0.315357
9.9964E-05 9.9964E-05 9.9964E-05 9.9964E-05 0.0486423 0.950958
9.9991E-05 0.192901 0.178909 0.374253 0.0409147 0.212922
