0.163251 0.826328 0.0104213
0.107175 0.892725 9.9991E-05
0.241637 0.746635 0.0117275
0.0474839 0.94244 0.0100758
0.0673719 0.924895 0.00773267
9.999E-05 0.986296 0.0136039
0.0459861 0.906624 0.0473896
0.0196876 0.978744 0.00156883
0.181898 0.748712 0.0693901
0.241998 0.707823 0.0501795
0.112384 0.664191 0.223424
0.21693 0.686613 0.0964566
0.054344 0.623975 0.321681
0.244681 0.648398 0.106921
0.228313 0.693692 0.077995
0.126978 0.872922 9.9991E-05
0.262926 0.736974 9.9991E-05
0.0550586 0.944841 9.9991E-05
0.602109 0.178143 0.219749
0.751119 0.19989 0.0489904
0.784611 0.215289 9.9991E-05
0.895893 0.0515816 0.0525254
0.998549 9.9991E-05 0.00135064
0.874789 0.0879266 0.0372848
0.737379 0.262521 9.9991E-05
0.988423 0.0114765 9.9991E-05
0.942695 9.9991E-05 0.0572049
0.90096 9.9991E-05 0.0989398
0.9998 9.999E-05 9.999E-05
0.839235 0.0544404 0.106325
0.958801 9.9991E-05 0.041099
0.928313 0.0518129 0.0198744
0.91919 0.0512131 0.0295973
0.264666 0.701394 0.0339397
0.330249 0.64308 0.0266718
0.192776 0.782493 0.024731
0.134872 0.855493 0.00963564
0.184371 0.700025 0.115604
0.634932 9.9991E-05 0.364968
0.894052 0.0334247 0.0725236
0.196032 0.690111 0.113858
0.171482 0.828418 9.9991E-05
0.397353 0.420156 0.182491
0.109039 0.535762 0.355199
0.0726475 0.620615 0.306738
0.603784 9.9991E-05 0.396116
0.333984 0.565241 0.100774
0.0805194 0.702032 0.217449
0.430926 0.490478 0.0785958
0.0240438 0.0876356 0.888321
0.035123 0.0643552 0.900522
0.0100596 0.0996464 0.890294
0.0488778 0.132513 0.81861
0.0862258 0.0116122 0.902162
0.118902 9.9991E-05 0.880998
9.9991E-05 0.241084 0.758816
0.0696534 0.0327262 0.89762
0.0755386 9.9991E-05 0.924361
9.9991E-05 0.105061 0.894839
9.9991E-05 0.239258 0.760642
0.0769415 9.9991E-05 0.922959
0.0810595 0.104815 0.814125
0.158804 0.296151 0.545045
0.857668 0.0749168 0.0674153
0.889068 0.0773937 0.0335381
0.953366 0.0465343 9.9991E-05
0.0631794 0.124717 0.812104
0.133529 0.151544 0.714927
0.049808 0.102805 0.847387
0.11685 0.0259405 0.85721
0.054184 0.0130869 0.932729
9.9991E-05 0.658536 0.341364
0.0687877 0.610444 0.320769
0.0538811 0.598767 0.347352
0.0174989 0.660745 0.321757
0.170604 0.565752 0.263643
0.141621 0.513464 0.344915
0.165356 0.55852 0.276124
9.9991E-05 0.216622 0.783278
0.146542 0.259375 0.594083
0.100383 0.016561 0.883056
0.112365 9.9991E-05 0.887535
9.9991E-05 0.218246 0.781654
0.822525 0.113691 0.0637844
0.149974 0.361047 0.488979
9.9991E-05 0.605609 0.394291
0.555249 0.0433122 0.401438
0.233445 0.766455 9.9991E-05
0.215158 0.784742 9.9991E-05
0.185469 0.797865 0.0166658
0.306347 0.541907 0.151747
0.0617407 0.909452 0.0288077
0.0895875 0.438195 0.472218
0.702181 0.202352 0.0954679
0.0344251 0.531349 0.434226
0.355271 0.506106 0.138624
0.212471 0.787429 9.9991E-05
0.103938 0.889417 0.00664449
0.193631 0.769768 0.0366006
0.0696375 0.833645 0.0967174
0.0193711 0.947509 0.0331198
0.145311 0.854589 9.9991E-05
0.0949124 0.478268 0.426819
0.1658 0.41651 0.417689
0.0618544 0.488866 0.44928
0.255767 0.654071 0.090162
0.17244 0.575795 0.251765
0.482227 0.491542 0.0262314
9.9991E-05 0.159171 0.840729
0.0679265 0.0781836 0.85389
0.216274 0.419572 0.364153
0.218979 0.426742 0.354278
0.413873 0.236259 0.349868
0.852959 0.110979 0.0360624
0.133815 0.0723261 0.793859
0.00664663 0.191226 0.802127
9.9991E-05 0.351181 0.648719
0.54534 0.396748 0.0579122
0.313793 0.666668 0.0195389
0.0694004 0.886049 0.0445508
0.0544761 0.861069 0.0844551
0.412757 0.584195 0.0030479
0.227901 0.748002 0.0240973
0.115144 0.875413 0.0094435
9.9991E-05 0.957349 0.042551
0.380159 0.619741 9.9991E-05
0.173525 0.826375 9.9991E-05
0.238506 0.761394 9.9991E-05
0.0965706 0.903329 9.9991E-05
0.315439 0.581996 0.102565
0.145055 0.812472 0.0424731
0.233181 0.676791 0.0900274
0.079212 0.917496 0.00329191
0.949335 0.0330104 0.0176548
0.960279 0.0396211 9.9991E-05
0.9998 9.999E-05 9.999E-05
0.81753 0.0971457 0.085324
0.896554 0.0433896 0.0600566
9.9991E-05 0.898377 0.101523
0.184547 0.815353 9.9991E-05
9.999E-05 9.999E-05 0.9998
0.0631999 0.0353027 0.901497
0.0502732 0.0391228 0.910604
0.0824569 0.149534 0.768009
9.9991E-05 0.0670118 0.932888
0.152066 9.9991E-05 0.847834
9.9991E-05 0.00574865 0.994151
0.108428 9.9991E-05 0.891472
0.0447311 9.9991E-05 0.955169
0.0607499 0.0140669 0.925183
9.9991E-05 0.0881195 0.911781
0.0338203 0.118696 0.847484
0.0465829 0.105051 0.848366
0.105373 9.9991E-05 0.894527
0.00149096 0.061908 0.936601
9.9991E-05 0.0178959 0.982004
0.0530522 0.00408986 0.942858
0.0426343 0.538603 0.418763
0.0559734 0.7204 0.223626
9.9991E-05 0.0814267 0.918473
9.9991E-05 0.26585 0.73405
0.0333396 9.9991E-05 0.96656
9.9991E-05 0.616767 0.383133
0.0122191 0.987681 9.9991E-05
0.285389 0.714511 9.9991E-05
0.442143 0.478436 0.079421
0.674693 0.324217 0.00109034
0.912281 0.0568955 0.0308237
0.968216 9.9991E-05 0.0316844
0.833263 0.166637 9.9991E-05
0.792538 0.157287 0.0501757
0.837188 0.0183295 0.144483
0.838389 0.070866 0.0907451
0.0933248 0.906575 9.9991E-05
0.0887077 0.827884 0.0834087
0.0737089 0.880843 0.0454483
9.9991E-05 0.969306 0.0305942
9.999E-05 0.9998 9.999E-05
0.0350182 0.880451 0.0845309
0.256769 0.71073 0.0325012
0.217393 0.676153 0.106454
0.109526 0.832551 0.0579233
0.19989 0.747367 0.0527428
0.17632 0.780568 0.0431119
0.745293 0.0997158 0.154991
0.0293474 0.0870055 0.883647
0.122503 0.00459486 0.872902
0.0156472 0.0449957 0.939357
0.0150269 0.159282 0.825691
0.114991 9.9991E-05 0.884909
0.325368 0.532072 0.14256
0.372377 0.607607 0.020016
0.189536 0.810364 9.9991E-05
0.339375 0.628185 0.0324401
