0,18.543358725414,20.9643024159926,20.1271760532801,25.2890889726947,26.7003032595704,30.7148304673644,25.8859311872822,42.6806835649913,41.6475012357403,74.0851469991202,49.9948664359461,46.997992137143,45.8940824808474,53.0613108302284,52.1622778046039,44.1419522533134,37.4837643923498,40.6030584591244,43.8999532360815,37.0726540038294,34.8522745077344,35.5931435558708,58.2007657124884,60.6735671898015,70.0330893255526,67.3679106808649,70.8026713686646,46.5471185610789,42.8142335532691,41.9098725797449,48.2108828388412,56.6045657489075,52.3005276312119,49.2155581065975,47.8824010293565,57.7868247130744,62.3204214540364,59.7577963244913,61.0209968173902,70.6033378756583,75.3242091201501,72.901348328871,73.0807801845825,67.887494477785,66.0146946576849,66.2201874639832,69.137461742318,67.6362893509165,63.8907161814068,65.4087779424498,43.5783283097762,46.7588512010136,41.2895363273018,46.1502087299473,38.9650483658971,41.7382592062048,39.9959781020676,31.1576421094227,40.8946768053302,35.4976053215539,36.4220768206516,30.5210294278169,39.8643714970309,38.2173887434172,44.7947086509996,63.0284459118365,65.5593154202214,64.5034548799453,63.771348898005,69.8277383482624,70.1069965668609,69.5218055471219,74.7892176283691,88.3109565221023,39.1061980064539,40.518471166106,87.737484725268,36.5346668695139,37.3261211240752,45.4359829003015
18.543358725414,0,22.6393427051106,18.0979140516964,20.8415405017256,26.941978813533,30.5881637106975,24.3193517249756,41.8225751172395,40.7903974554594,74.1314971707594,49.1593715865527,46.1571701609387,45.0471022323356,53.2195029335819,52.2927459473303,43.6545506804081,37.0621744096968,40.1331667938599,43.4711501130962,37.3955368764633,35.2621722333985,36.0111030914041,58.0218176264896,60.7845897595487,70.135605900666,67.0277384268849,70.5199585829214,46.7379666800355,41.9679709203955,41.0584695864005,47.3621718475912,56.7148423467184,52.7163071919348,49.3362943334226,48.0056174060889,56.9680348303055,62.3935014299352,59.8323250277832,61.093144685657,70.6620172627593,75.3820669536534,72.957598627321,73.1361136894875,67.9461605572078,66.0771741379148,66.2805582012743,69.198556832407,67.6973521454384,63.9509614618321,65.4724458734027,43.4100469596967,46.6191339811044,41.1583226109028,45.8581414378757,38.9648826039403,41.7572010855303,40.0029342598904,31.7601466307067,41.4093660560364,36.1221771329061,37.0497067949896,31.2824468194854,39.3999607217514,37.5885970660446,44.3186714558481,63.1083817097436,65.6407963402694,64.5842162566678,63.8514032711797,69.874962038521,70.1546706606873,69.5766718829806,74.8444224028785,88.3473012014233,38.9443506216464,40.3768154908367,87.7946660799353,36.6154304611515,38.1584253959849,44.5492031479102
20.9643024159926,22.6393427051106,0,26.6324434474159,29.3676844256726,22.8799241716935,29.4962350932949,23.5531175930178,44.9762475543325,43.9339862222816,76.0897021684704,52.3649322778088,49.3611892236075,48.2281251592353,55.0562192301012,54.1291677438838,46.8270262990934,40.153385628146,43.2782496751848,46.5754330040589,39.7832298664175,37.4751047465751,38.2427888654566,60.0157007717005,62.7539500138036,72.0978830551089,69.1856445885294,72.6108425031051,48.6385608666456,44.8403836253559,43.9271452173003,50.3354781559369,58.6560751438561,54.7629661482884,51.1612620606537,49.8174527614644,60.1933460766101,64.3425985150167,61.7814320325748,63.0434887423523,72.6116417740622,77.332656799942,74.9076496218169,75.0872427293469,69.9003856787549,68.0305583116931,68.2347868490763,71.1521622971644,69.6516519782362,65.9049476000575,67.4256349353435,46.2631540977771,49.4564754000531,43.965541944136,48.854192289601,41.6045102049684,44.4010886266416,42.6757994357477,32.0291884588219,43.6563398020381,38.2183243612724,39.2660546344349,33.2922942503106,42.5223301187034,39.3141697286045,46.527508973509,65.0616598935911,67.5942696350916,66.5374648347272,65.8044165270047,71.8303524311387,72.1096597336522,71.5314889094134,76.7988533276941,90.3053581572824,40.7873743386814,42.217413818927,89.6553658070702,38.0187957276156,39.517436335367,47.7259711398551
20.1271760532801,18.0979140516964,26.6324434474159,0,18.5117989351511,29.4007089038046,32.2550830006242,27.2731457891644,41.121427008363,40.0998864647219,73.7348936618931,48.3685023460354,45.3746383611538,44.2996032753572,52.8316420145881,51.9304873161068,42.4966786167821,35.9321024388748,38.9902377935531,42.3327167092957,36.3392029693685,34.3136278865549,35.0379992626829,57.807665297268,60.3145867485406,69.6806506209072,66.8194019964507,70.3172661545493,46.2603133904619,41.5807448709098,40.6825105323305,46.860346248068,56.2726861040729,51.9210130913855,48.9936077410397,47.6727734800374,56.1331556287297,61.9796781197325,59.4170920541597,60.6790384421153,70.2616067545863,74.9815380700372,72.559131024861,72.737513572461,67.541411277196,65.6695334250428,65.8741562969038,68.792045397906,67.2902128869773,63.5449110797694,65.0638405075719,42.2936120784091,45.4924242893902,40.0571222802025,44.7013733715251,37.9217437263411,40.6928333256174,38.9187337018119,32.1814611096339,40.3473665092721,35.1320209708921,35.938354492817,30.2874335129426,38.2801726322852,38.0711317418994,44.2018748290185,62.6839359089312,65.2146668225275,64.1589989592216,63.4270961194346,69.4801732198985,69.7598253814204,69.1750370118809,74.4428256111938,87.9605059424265,38.8475948605234,40.2633893345656,87.4784193088027,36.6575853103661,37.6802983781201,43.857700887421
25.2890889726947,20.8415405017256,29.3676844256726,18.5117989351511,0,31.259943210227,33.7857706815242,28.5038667221114,41.639151541458,40.6198909161482,75.0032019630898,48.8950376080832,45.8973894655782,44.8213278105383,54.181532702685,53.2609673592374,43.2940642282533,36.7875395149846,39.8032239991399,43.1817845897572,37.8370292662536,35.8662656198789,36.5998846589715,58.9172166325212,61.6294133780004,70.9894299664038,67.8081305301696,71.3499600825764,47.6328230883947,42.1532414858559,41.2529023320727,47.4124309016086,57.5872866569344,53.4669795486176,50.317517136034,48.99868941601,56.6692595600804,63.2674104624325,60.7058673339528,61.9660778583991,71.538965476279,76.2582860817468,73.8347337446399,74.0124345242621,68.8186694734674,66.9495542582965,67.1526425470206,70.071064895532,68.5691965699319,64.8233113548782,66.3447211043882,43.3715160582531,46.5965771996576,41.1667944895734,45.6716926636931,39.1423775627448,41.9320442917354,40.1493625545067,33.8585772201141,42.0027189126409,36.858677906434,37.693105855968,32.1177613462117,39.0989840935406,39.0087086318295,45.1030230664184,63.9765451522496,66.5083878092377,65.4522040525099,64.7197945437645,70.7491697466071,71.0291546492935,70.4495470622476,75.7175870454485,89.2216187797584,39.9818243939297,41.4104632183587,88.7569723571171,37.9738055657559,39.49066925671,44.3509413755033
26.7003032595704,26.941978813533,22.8799241716935,29.4007089038046,31.259943210227,0,23.1406805600416,21.1150814632398,44.7845117414738,43.7329401500465,75.5843271437156,52.2468917465383,49.2365702217373,48.0744889192552,54.5457938098387,53.5867347812071,47.0110770942875,40.323692680285,43.4533515800424,46.7510700927252,40.0139914692192,37.6329281387937,38.4269460988035,59.2976209503747,62.3307880450104,71.6579978574698,68.4716263151651,71.8853133422353,48.2328402514779,44.3711138296807,43.4491353806147,49.968362557182,58.2026026434155,54.7629810667818,50.5953627411462,49.2401733694861,60.1109723207709,63.856708768133,61.2971357982045,62.5579065276293,72.1105709201559,76.8317193158234,74.4043777066516,74.5841209320966,69.404211799525,67.5376524900548,67.7404776688668,70.6579805302465,69.15817380598,65.4102433654216,66.9338188918754,46.4499901522602,49.6556282656787,44.1446901409203,49.0570296230041,41.7513431513334,44.5708295837963,42.861275538034,30.1865472206011,43.9520570672992,38.4927565956681,39.6486268550349,33.6335041549075,42.6814551318255,37.6936420016321,45.7169641725353,64.5876789533539,67.1221790308212,66.064352677287,65.3302852174776,71.322921741179,71.6022918369961,71.0317966302832,76.2991185807875,89.7888857515935,39.9120728455348,41.3636298262652,89.0563771856712,36.9088289401122,39.3230724847425,47.5314065595779
30.7148304673644,30.5881637106975,29.4962350932949,32.2550830006242,33.7857706815242,23.1406805600416,0,23.8897198125934,45.5971140624412,44.5370676489808,76.0404610108879,53.1224110479376,50.1068434778648,48.919672926364,54.995763053478,54.0056145551581,48.1232005466884,41.4214156239332,44.5573358298538,47.8534983043955,41.139910954456,38.699862114103,39.5164810825408,59.5531583863507,62.8628743490135,72.1745312594386,68.7426721209618,72.1401499723487,48.7824319939174,44.9314294920072,44.0024039403239,50.621742167566,58.7062838061992,55.6919280222651,50.9915143235874,49.6252953436634,61.0162974817856,64.3305309702676,61.7724305612357,63.0320504637218,72.570375177231,77.2916808715321,74.8621607410785,75.0420811951919,69.8687004796848,68.0051303449335,68.2066874739906,71.1242877312797,69.6251525920302,65.8760807466356,67.4022962840628,47.5497408491765,50.764506333141,45.2364292766107,50.1752975577948,42.8102662142503,45.6488989761861,43.9531484403101,29.2766580022628,45.1348272770346,39.6639020085878,40.9043285898891,34.8653266830606,43.772027076056,36.9669246609969,45.8986712232399,65.072598978837,67.6088455151136,66.5500725071375,65.8150602667214,71.7770524402045,72.0564655889021,71.4930568357606,76.7603260327523,90.2347536394497,39.99931606843,41.4732326097723,89.4211494920223,36.7294806524077,40.1308603607597,48.3457327980619
25.8859311872822,24.3193517249756,23.5531175930178,27.2731457891644,28.5038667221114,21.1150814632398,23.8897198125934,0,42.8380423881713,41.7868005600597,74.6520218573791,50.3299184663561,47.3136807936593,46.142769971748,53.7468303013601,52.7632965773088,45.4561049191814,38.8296126248415,41.9142208102358,45.2504180321953,39.1904214013975,36.9100479045548,37.7035951562202,58.1445422686346,61.455802839523,70.7768336305808,67.1238687392835,70.6086214218054,47.4452325363461,42.4127831305459,41.4830846313973,48.0189881806743,57.333660736622,54.0942793991383,49.7663418826248,48.4170071605473,58.2139009204629,62.9514574678454,60.3932243641038,61.6514804789424,71.1918460635845,75.9119903488707,73.4832952454181,73.6619176359037,68.4843201816473,66.6215061758983,66.8221657476896,69.7404955425651,68.2404859408021,64.4918755317816,66.0188230963343,45.1910077065434,48.4208999420274,42.9209619919332,47.6829623495306,40.6549453626602,43.4866521960494,41.7626059059069,30.6177278656798,43.2807038246688,37.9261288254875,39.0466015742644,33.1614200683098,41.146034209795,35.8828143420809,44.2074346433031,63.6877523005603,66.2236382334191,65.1651992554754,64.4305334508876,70.3921317864299,70.6720201821627,70.1082344479812,75.3759668053425,88.8473431545788,38.8114370622169,40.2839364315997,88.1596487874624,36.2015877325512,39.1621299469654,45.5539267353008
42.6806835649913,41.8225751172395,44.9762475543325,41.121427008363,41.639151541458,44.7845117414738,45.5971140624412,42.8380423881713,0,9.71007514831236,79.1246622014177,28.7160719801392,25.0599059692575,20.5720319436796,59.3016647638346,58.1920248938978,43.1721439145912,36.9386197876545,39.6049140476508,43.4011189254417,44.7603822043702,43.030876439322,43.8810755167146,61.4198816558478,66.3383675480221,75.6224397024848,68.6521382642267,72.8583533466026,52.9650081113776,35.2376241306649,34.8351546096319,35.2375870088305,62.2907828025904,60.4245786889406,55.1964495213729,53.9119398085095,39.6542333773909,67.6378961987977,65.0893245192716,66.3271932424962,75.7804508248692,80.4913650489374,78.0541479081572,78.2224406987191,73.0551250281434,71.2211128169343,71.404453847732,74.3299618123538,72.8271952236111,69.0742074443923,70.6271601644968,46.3412790835577,49.9401847670869,44.3982981218502,47.7588006308196,43.3749783979323,46.4236330174784,44.6198344228558,42.973926692452,50.2170299343881,45.4468221814533,46.7409196469188,41.4170113371281,38.3829355193338,45.1973147050924,46.0889453793655,68.4066006950694,70.9524285069955,69.8897822489435,69.1510325040679,74.8818398432902,75.166343828282,74.6512567456587,79.9227479631239,93.2541643702918,43.5727415280058,45.0391789832964,93.1333524795986,43.7332432105436,48.2028895066646,27.2998320137131
41.6475012357403,40.7903974554594,43.9339862222816,40.0998864647219,40.6198909161482,43.7329401500465,44.5370676489808,41.7868005600597,9.71007514831236,0,78.0166278117927,28.1008376531361,24.6063154872779,19.96597775079,58.2147600676481,57.0983647776709,42.2822321600841,36.0389025312222,38.7133972653113,42.5020445896346,43.7613540696183,42.0210795750204,42.8726532806744,60.2552017326059,65.2552101983141,74.5352193049829,67.4455261657709,71.6684010442961,51.8939411898132,33.9033103870512,33.5224359501229,33.6633176760515,61.2031215271461,59.3998079040742,54.0994373594216,52.8145083692502,38.9527631341592,66.538364577585,63.9903042177445,65.2274720289806,74.6759271545466,79.3866468654987,76.948817822299,77.1168923868015,71.9510531805464,70.1183027473606,70.3009871193225,73.226684953707,71.7239824408523,67.9706699751164,69.5247505650091,45.3985945191573,48.9932295626457,43.4501170016666,46.8335988371745,42.4059188868088,45.4536799251133,43.6523937037759,41.9032721089179,49.2069353153788,44.4304735026842,45.7273026001814,40.397302261263,37.4905292206115,44.0948336617084,44.8974938712152,67.3100262716739,69.8564348887182,68.7935003006372,68.0544655261663,73.7738510921921,74.0584765215251,73.5459016397686,78.8174740341957,92.1426161699658,42.4318796534712,43.8993610329979,92.0222193804035,42.6266597328446,47.1583020574458,26.6570765579385
74.0851469991202,74.1314971707594,76.0897021684704,73.7348936618931,75.0032019630898,75.5843271437156,76.0404610108879,74.6520218573791,79.1246622014177,78.0166278117927,0,86.7592431392941,83.7578696231122,82.5053517014458,66.2126012143124,63.8030489962844,80.6326956283372,73.3971732166722,76.8908831109417,79.9198085565371,71.9485325294628,68.9042891201501,70.1866285654451,76.9141874202628,57.5999345993894,63.3749977855923,90.4009138210044,92.7456177174298,61.4531596504782,77.6901032288787,76.8589680833598,83.3833874759259,54.9411995608244,83.5629871708925,61.7515337627486,61.7613487651662,94.6683040302187,45.6126286216448,43.341146954161,42.2846971698476,52.4040798719097,55.785034661091,54.3206693121223,53.0256844022645,38.5383654376561,39.0338940630122,36.2209192326769,41.5841603405392,37.1561246460158,35.0427505923441,39.0376774411135,78.1687662343,81.4624714207483,75.5210170731118,81.6794308461712,71.7532958556653,75.0893178687362,73.7771211771279,70.7800071175727,77.5869607447648,72.5677373913256,74.6805676841046,69.0600716168455,75.9816048207409,76.5349759559561,75.154751553111,44.8396177648007,48.2990301951664,46.9010163591774,45.8563659290311,43.9770125782813,45.1078478589409,39.3970126055436,46.2234839403107,63.9379874709856,66.3162109918552,66.8532042210335,97.6785968165558,67.9909882806999,73.3326767014394,82.1271914540292
49.9948664359461,49.1593715865527,52.3649322778088,48.3685023460354,48.8950376080832,52.2468917465383,53.1224110479376,50.3299184663561,28.7160719801392,28.1008376531361,86.7592431392941,0,17.8147053221185,24.70806308587,66.8125127565783,65.7555228613786,48.7388032792924,42.5172680342336,45.137024226713,49.0047196496977,51.5512865708186,49.9244038637465,50.7670179145142,69.5012066113288,73.7860922508369,83.1022289197094,77.0076432937563,81.1097251238839,60.3395283150117,44.7127394635928,44.2152251030819,45.7465904100254,69.7797337213777,67.4446343650509,62.7894064069348,61.5119275943239,34.4105603147982,75.2125675229769,72.6602049732233,73.9028664977765,83.3919634003986,88.1039907844163,85.6715003125249,85.8410418657832,80.6617292086197,78.8186572275494,79.0065791617021,81.9308878859692,80.4274189286933,76.6769361359111,78.2218055236557,52.4705845770977,56.1308913040691,50.5826446398672,53.7195617138358,49.783691471707,52.8547507859124,51.0303186795904,50.5204727823719,57.1525756985508,52.4496797146111,53.7363512300551,48.4730117379541,43.7235275771057,53.0834521135585,54.4656757230445,75.9581110405993,78.49959183017,77.4391419196635,76.7025675699059,82.5170677673029,82.8008121421542,82.2671626550151,87.5381842402731,100.914874605734,51.5668555484472,53.0170011679079,100.825901258966,51.5076286157484,55.4657407178196,37.4676991986014
46.997992137143,46.1571701609387,49.3611892236075,45.3746383611538,45.8973894655782,49.2365702217373,50.1068434778648,47.3136807936593,25.0599059692575,24.6063154872779,83.7578696231122,17.8147053221185,0,20.812580366849,63.820261949249,62.757957807949,45.9830986733577,39.7745520052312,42.3935419992433,46.2539542964836,48.6336902569641,46.9947928007245,47.8377265576482,66.454451425408,70.8033064627336,80.1161159324098,73.9375859389362,78.0481026474335,57.3622579909687,41.5378479010612,41.0443373783187,42.5278718222076,66.7921798344875,64.5016745863791,59.7885789076077,58.5100667059876,34.7448212940567,72.2168068531042,69.6648165410309,70.9070427130606,80.3926007211656,85.1045471171293,82.6715764075099,82.8410270767126,77.6629827512783,75.8207750242408,76.0082719878037,78.9326804066664,77.4293002018984,73.6785628405026,75.2242019930285,49.6448699396409,53.2952883422855,47.7503361297044,50.9128082708238,46.9220618671503,49.9888128830083,48.1663760360637,47.50906848758,54.2139122399696,49.5024160158161,50.7879524509749,45.5174155739034,41.036335356117,50.0327205799541,51.3846881545565,72.964735222739,75.5066469371785,74.4459759044827,73.709182184781,79.5155464891493,79.7993534159321,79.2675210142707,84.5385773387598,97.9109296504026,48.5216015648027,49.9739381729118,97.815882704981,48.4795751052901,52.4892766024269,33.9600208546186
45.8940824808474,45.0471022323356,48.2281251592353,44.2996032753572,44.8213278105383,48.0744889192552,48.919672926364,46.142769971748,20.5720319436796,19.96597775079,82.5053517014458,24.70806308587,20.812580366849,0,62.6190907551576,61.5363769049165,45.5007631229366,39.274567911601,41.9167759643064,45.7492849179228,47.7094269960544,46.0322696463346,46.8785149643095,65.0291918619422,69.6236553008002,78.924096265879,72.4017852229106,76.5547263824507,56.2127958355042,39.5755770911036,39.1238621432817,40.1145318276846,65.5971041012143,63.4907214597659,58.5558609054954,57.2749404918623,38.0071706765952,70.9879954811454,68.4374880183945,69.6778041162989,79.14936327005,83.8608456587703,81.4260424565782,81.5949726009031,76.4215298141108,74.5828915448697,74.7685716042002,77.6934672875824,76.1903419728814,72.4386333316687,73.9874585833104,48.9552051033599,52.5850242369344,47.0402329294778,50.2868528054021,46.1308150648719,49.1906491336605,47.3762742270026,46.3082523042169,53.2392183389004,48.5032519302314,49.7932321439215,44.5002339406218,40.6000460747908,48.7061421996709,49.8510727492901,71.7448742590186,74.2884825596858,73.2269576787525,72.4893186132423,78.2628608659389,78.5469771206438,78.0224111842665,83.2936626978125,96.6481972993765,47.1378588420271,48.5958984888602,96.5436988858152,47.1852765064157,51.3922595134362,31.9355582284415
53.0613108302284,53.2195029335819,55.0562192301012,52.8316420145881,54.181532702685,54.5457938098387,54.995763053478,53.7468303013601,59.3016647638346,58.2147600676481,66.2126012143124,66.8125127565783,63.820261949249,62.6190907551576,0,35.9660066795446,60.1651502644936,52.9139521833657,56.4242664027346,59.4343555680753,50.7959781934942,47.5712977017315,48.8707110284649,61.2658196138877,52.0082153746504,61.1445744160867,74.0903216663009,76.4718969810065,36.4408252151048,58.2423769820507,57.3842898537147,63.9211031732859,46.1648891246359,61.8553417181959,36.5672146815342,36.0761158902502,74.6635415227462,53.3880826932645,50.7865381115022,52.1681146419166,62.0983697756266,66.8754576270309,64.4817923759452,64.723203281453,59.5482665545902,57.5429103816162,57.8375218757517,60.7105268605683,59.2393288409481,55.5011621493066,56.8984575249236,57.5419857446231,60.8026633234578,54.8841685375805,61.1007236946974,51.0823043131346,54.3602724540325,53.036531218442,49.4119326766307,56.2529528203677,51.1325753026155,53.3249098143959,47.6189960278799,55.5294094747969,55.9095161967992,55.8359092205785,54.137701133739,56.6439013708947,55.5920268279217,54.8631311965832,61.8388862477734,62.0930007048444,61.3047599227136,66.5491746407657,80.7162931387952,46.065922323977,46.6633052715049,80.1901526377525,46.5251827435828,51.2547444514359,62.2623315433262
52.1622778046039,52.2927459473303,54.1291677438838,51.9304873161068,53.2609673592374,53.5867347812071,54.0056145551581,52.7632965773088,58.1920248938978,57.0983647776709,63.8030489962844,65.7555228613786,62.757957807949,61.5363769049165,35.9660066795446,0,59.4179861353177,52.205611671688,55.6872844172868,58.7213260258143,50.3202699879291,47.150949568912,48.421236122805,58.8673438967286,50.8219285358163,59.6898903166599,72.074766023439,74.3608136693062,38.765272624467,56.9604197172851,56.1031609974271,62.6849383015733,44.6403367317803,61.6077893908722,26.8387372032396,28.0751282931574,73.6333281626938,51.1329787710422,48.5589967654514,49.9393468175791,59.5921274100376,64.3915822675347,61.9467968666029,62.2133009684473,57.2135896341296,55.2459787168539,55.5324532590219,58.3969297020146,56.9484276160126,53.1857792538404,54.6156104808575,56.9689429612621,60.2334370996149,54.336162619778,60.4562847554412,50.6334110343933,53.8911409279144,52.5449278870679,48.4109652953927,55.7119118960132,50.577332840401,52.7222763810186,47.0034017665107,54.7933098766087,54.7209611823901,54.2431294695013,52.1254613561649,54.6614671257833,53.5924195584489,52.8461829372714,59.3436598477216,59.5908897671324,58.9241943100684,64.1607393584718,78.1271173443545,44.2546860194786,44.7724769326483,75.2769737948663,45.1774440608791,50.6575462215314,61.1536544045788
44.1419522533134,43.6545506804081,46.8270262990934,42.4966786167821,43.2940642282533,47.0110770942875,48.1232005466884,45.4561049191814,43.1721439145912,42.2822321600841,80.6326956283372,48.7388032792924,45.9830986733577,45.5007631229366,60.1651502644936,59.4179861353177,0,20.1177969412033,18.4706775467055,22.9838844706635,40.5777212050803,39.6802561272955,40.517836410033,66.0142171790281,66.5560030953517,76.0703624180757,74.8667127779553,78.4791109772274,52.8037101849105,47.743475682305,46.9803522499785,51.6788113539862,62.8366462454108,57.9736515637166,56.6440328070627,55.4288295001604,55.5308323623697,68.7541929145229,66.1797830441972,67.4481195730431,77.1468342149529,81.8635973228706,79.4595689584929,79.6344277445481,74.3798064740608,72.485597919825,72.6986305659692,75.6170814793178,74.1082986045801,70.3729241113625,71.8722515618709,35.2377828296646,39.5384245582677,33.9194148297812,34.3768006990352,35.1463912829757,38.4905815162943,36.5270270704183,45.1843970525876,47.5726588672796,43.4039268051335,44.8237986080439,39.9860265963124,24.2414110062465,49.8444249203135,52.8167810885098,69.3579686227154,71.8738808040601,70.826566381405,70.1030245550619,76.3994152780381,76.679475392543,76.0382273195533,81.307215575145,94.9405769383976,47.9597959353027,49.2891374819042,95.2136120104065,46.9810122924944,48.1100647025284,46.4818771528255
37.4837643923498,37.0621744096968,40.153385628146,35.9321024388748,36.7875395149846,40.323692680285,41.4214156239332,38.8296126248415,36.9386197876545,36.0389025312222,73.3971732166722,42.5172680342336,39.7745520052312,39.274567911601,52.9139521833657,52.205611671688,20.1177969412033,0,13.0505760006409,14.646613905125,32.931997462112,32.1059353437205,32.9668156833733,59.119326912088,59.1707813288605,68.7142943252048,68.0889380684726,71.6628964463385,45.4166441762871,41.3449196262905,40.5788258311922,45.3361986639965,55.5017514866024,50.4543303294886,49.4607643777904,48.2587600346963,49.2975090466619,61.4791282008248,58.9018261905067,60.1729903225689,69.8994741583069,74.6164428218886,72.216374362364,72.3914665225956,67.1256430039698,65.2250969700382,65.4410544852679,68.3590078171206,66.8492272815703,63.1159691567661,64.6096734330487,26.4369467696638,31.0912563753707,24.9588762297621,26.7986235981291,26.3972701947675,29.9328613374507,28.0289072388871,38.3609839396799,40.2342184001233,36.1446290143957,37.6490245728694,32.8549675848915,13.8107419696729,43.2026794379638,46.1417524870938,62.0624984546008,64.5749722212122,63.5294790516672,62.8077495520944,69.1662757675248,69.4460261553225,68.7907519405314,74.0596405866126,87.7250750997932,41.117705666721,42.4292035476237,88.0855489512736,40.1145201619122,41.0241891651261,40.2797213690976
40.6030584591244,40.1331667938599,43.2782496751848,38.9902377935531,39.8032239991399,43.4533515800424,44.5573358298538,41.9142208102358,39.6049140476508,38.7133972653113,76.8908831109417,45.137024226713,42.3935419992433,41.9167759643064,56.4242664027346,55.6872844172868,18.4706775467055,13.0505760006409,0,17.6509321341181,36.762410855379,35.8767565825734,36.7238838378341,62.3632803620774,62.7731999079596,72.2957553991622,71.2419623067008,74.8462588620408,49.0245331151446,44.1941609264718,43.4320485566745,48.1259943743912,59.068710651084,54.1762130573936,52.921504728511,51.7103312918375,51.8994134902482,65.0020606730649,62.4268687366199,63.6959186824543,73.4021672891118,78.1189471880648,75.7160104322588,75.8908890633937,70.6331150280615,68.7372272726664,68.951016226182,71.8693580711554,70.3602769998113,66.6254876436896,68.1233272510898,31.1252715073464,35.5645894095986,29.7077100980416,30.93824994149,30.9562743474231,34.3779615499213,32.4462644444315,41.5811451450666,43.8484058448668,39.6993917214501,41.1490558474474,36.3196783520091,18.5142346840695,46.2767714285943,49.2212620669712,65.6001434091059,68.1151170903527,67.0683049379418,66.3452633987106,72.6583601192382,72.9383525896213,72.2933200442527,77.5622969786372,91.2041818784057,44.3283609452145,45.6528849066942,91.5044605600901,43.352032769627,44.4415171893206,42.9428964867859
43.8999532360815,43.4711501130962,46.5754330040589,42.3327167092957,43.1817845897572,46.7510700927252,47.8534983043955,45.2504180321953,43.4011189254417,42.5020445896346,79.9198085565371,49.0047196496977,46.2539542964836,45.7492849179228,59.4343555680753,58.7213260258143,22.9838844706635,14.646613905125,17.6509321341181,0,39.4647696871151,38.6401724895513,39.4948102703421,65.5991688844582,65.713190981844,75.2526769544396,74.557950912527,78.1351034509649,51.9556655172136,47.7853970703547,47.0184414914917,51.7824203112668,62.0366095822697,56.992218842642,55.9725065287506,54.7684349074177,55.8051440705192,68.0065717177949,65.4296433471683,66.7004837006727,76.4233601700014,81.1403334722586,78.7397368225926,78.914833597295,73.6505567572938,71.7508017429482,71.9664092996656,74.8844063193113,73.3747777072825,69.6412356860991,71.1356401296589,32.9827830802971,37.5556892203551,31.636340902944,32.5545161586729,33.1431406546981,36.6206850749374,34.6851970466281,44.8106017307649,46.7266005894871,42.630386610065,44.1189889439704,39.3235170632414,21.852021442221,49.640399644287,52.5968390683992,68.5927220056861,71.1056473973009,70.0599107712785,69.3379386208123,75.6885125265361,75.9682900081142,75.3148211565718,80.5837101007893,94.2451212283041,47.5869849235435,48.9007194223541,94.5914707400621,46.5800605953719,47.5003685560174,46.7241434504974
37.0726540038294,37.3955368764633,39.7832298664175,36.3392029693685,37.8370292662536,40.0139914692192,41.139910954456,39.1904214013975,44.7603822043702,43.7613540696183,71.9485325294628,51.5512865708186,48.6336902569641,47.7094269960544,50.7959781934942,50.3202699879291,40.5777212050803,32.931997462112,36.762410855379,39.4647696871151,0,19.0922243819214,17.6275195860115,59.2825807496019,57.1978090262977,66.8182669700632,69.2233437345731,72.4488161144525,42.8109997471753,46.0658767773435,45.2216985274778,51.0462094311597,53.5726833411572,42.2687732736647,47.6787645246221,46.4858878945625,59.0332930912684,59.8344344069639,57.2456813004583,58.5336410830436,68.3675675062318,73.0894285732477,70.7029295575221,70.8834796536634,65.5863472278099,63.6570985044841,63.8883241500306,66.8015644734773,65.2909334404238,61.5646131692632,63.0326222503544,35.1772033332121,37.8616756776682,32.3017354165171,39.7460532086749,27.9593458525958,30.0457626645835,28.43554648302,37.0796301030487,28.8939576078194,27.0254427361576,29.7939348978246,25.9846127019891,35.921612253407,44.2761076787515,47.8280258517502,60.357267662045,62.8572907026188,61.8177967938914,61.101985113298,67.7152715287458,67.9921226010793,67.2804472899832,72.5472909080035,86.3554596735819,41.2220862893605,42.4248727965068,86.7250363201921,39.443794443753,36.4173679195372,47.7454916040347
34.8522745077344,35.2621722333985,37.4751047465751,34.3136278865549,35.8662656198789,37.6329281387937,38.699862114103,36.9100479045548,43.030876439322,42.0210795750204,68.9042891201501,49.9244038637465,46.9947928007245,46.0322696463346,47.5712977017315,47.150949568912,39.6802561272955,32.1059353437205,35.8767565825734,38.6401724895513,19.0922243819214,0,11.6461091398481,56.5170240368589,54.0935794600878,63.7184621165019,66.6276624046666,69.7945403845504,39.4821406389645,44.0253496442954,43.1750903274146,49.1056382285697,50.4493207889513,35.3334289715873,44.5285286784404,43.3339618356261,57.4612889912744,56.7583916518857,54.1680579098092,55.4590580627494,65.307544562322,70.0305615300025,67.6457072964673,67.8275411326864,62.5276479540063,60.5940178478831,60.8278000938369,63.7400475007385,62.2296977859844,58.5041381328932,59.9681991067108,34.9053019783392,37.7800392426788,32.0550665398672,39.2568743542691,27.6072545580949,30.1098796264481,28.7080293395048,34.3702144524258,27.3501228589675,23.5030124835504,27.5841570761199,22.9074797179214,35.0250721804302,41.8711860312542,45.359623748878,57.2757909002785,59.7743043082609,58.7354422702781,58.0202455669035,64.6693233183279,64.945582015473,64.2260298842523,69.4923933506505,83.3221164886554,38.4791524496571,39.6563517852374,83.6657218827872,36.6273211593172,32.8487040212391,45.9996560342907
35.5931435558708,36.0111030914041,38.2427888654566,35.0379992626829,36.5998846589715,38.4269460988035,39.5164810825408,37.7035951562202,43.8810755167146,42.8726532806744,70.1866285654451,50.7670179145142,47.8377265576482,46.8785149643095,48.8707110284649,48.421236122805,40.517836410033,32.9668156833733,36.7238838378341,39.4948102703421,17.6275195860115,11.6461091398481,0,57.6005693490241,55.4564813734739,65.0662666669288,67.656190263255,70.83949865218,40.8894776399634,44.909311371062,44.0588453793681,49.9798376710382,51.7889733847143,37.9982788504959,45.7792304166926,44.575945910006,58.3007843874759,58.0629405338211,55.4742187367513,56.7635896478183,66.5965971230254,71.3194872072661,68.9324220265617,69.1141141879141,63.8204051861357,61.8903142354388,62.1224462119607,65.0349911567689,63.5251673461601,59.7984493597217,61.2656527473024,35.766884453916,38.6037166872264,32.9371181736652,40.0917215190238,28.6208825878752,31.0289044567019,29.5539317634494,35.2381014979152,26.8850521225797,23.6470222798601,27.8346371689442,23.3788420331804,35.8811839505036,42.7520598451507,46.3252708568846,58.5913304679245,61.0917132943844,60.0518722376833,59.3357017386314,65.9503716284217,66.2268057686543,65.5150621182032,70.7814886230567,84.5933003760293,39.511713821474,40.700337494945,84.8822611148751,37.6261135715458,33.7629539181566,46.8472477761712
58.2007657124884,58.0218176264896,60.0157007717005,57.807665297268,58.9172166325212,59.2976209503747,59.5531583863507,58.1445422686346,61.4198816558478,60.2552017326059,76.9141874202628,69.5012066113288,66.454451425408,65.0291918619422,61.2658196138877,58.8673438967286,66.0142171790281,59.119326912088,62.3632803620774,65.5991688844582,59.2825807496019,56.5170240368589,57.6005693490241,0,68.0548771690758,76.7015291755211,59.5683045273947,58.0450747445651,57.265314215485,58.4595276787969,57.6307503007217,64.600494096006,63.3871398942332,72.0633889796073,55.3041307943063,54.0725648127314,77.6376438612259,66.7354305256311,64.2721644411948,65.4022124831683,74.0386325815842,78.7290803203656,76.1794187505942,76.3252796433352,71.4468556150435,69.8123091656452,69.8958112965353,72.8463549863995,71.3607364005023,67.5515470684689,69.282338728298,65.0334852461069,68.339585906789,62.6058727862228,67.9300637353412,59.7062875823721,62.8116309920107,61.292279086968,54.4220557070751,64.3074527690665,59.1320099049759,60.93219961577,55.1880335130729,61.4654247376632,58.4923084751017,52.6069488194028,67.9996437978121,70.6382351465417,69.5294464803452,68.7450055199433,72.6322499739735,72.9306488112819,72.8372181055297,78.1170789405982,90.4361132919691,43.7271268647364,43.6711269524217,89.5414342040733,49.9907463916447,59.4265255985484,64.4258302921721
60.6735671898015,60.7845897595487,62.7539500138036,60.3145867485406,61.6294133780004,62.3307880450104,62.8628743490135,61.455802839523,66.3383675480221,65.2552101983141,57.5999345993894,73.7860922508369,70.8033064627336,69.6236553008002,52.0082153746504,50.8219285358163,66.5560030953517,59.1707813288605,62.7731999079596,65.713190981844,57.1978090262977,54.0935794600878,55.4564813734739,68.0548771690758,0,28.7515693498357,80.864302614063,83.3297428974954,44.8593244427314,65.4777169536797,64.6354758110286,71.0526158998181,38.4331143292079,68.5016894760734,49.3184536071959,49.2755583485245,81.600297539476,43.151508966309,40.2583723458749,41.4770621126884,54.3880567520629,58.9589489802533,57.0645560529233,57.0830700400923,49.8984311300821,47.4268954434032,47.773538077242,50.8043734666203,48.9615848800763,45.598838488527,46.602687219276,63.4629177245042,66.7608829688635,60.7179952453817,67.2383572575514,56.5657635216952,60.025499157264,58.810787702387,57.6244793914933,63.1643495620065,58.2460063199375,60.4678581418664,54.92758957689,61.856332730829,63.8321667721687,63.5993840269035,39.2760731190752,41.1598472513209,40.5212449987455,40.2059158685053,54.2084860880959,54.5215164990989,52.2493286653079,57.5909470098587,74.3045296925179,54.6946228040166,55.3422064085442,88.065252581116,55.4417444940666,59.4292959585801,69.3299995706779
70.0330893255526,70.135605900666,72.0978830551089,69.6806506209072,70.9894299664038,71.6579978574698,72.1745312594386,70.7768336305808,75.6224397024848,74.5352193049829,63.3749977855923,83.1022289197094,80.1161159324098,78.924096265879,61.1445744160867,59.6898903166599,76.0703624180757,68.7142943252048,72.2957553991622,75.2526769544396,66.8182669700632,63.7184621165019,65.0662666669288,76.7015291755211,28.7515693498357,0,89.6404089787824,92.0780803014572,54.5965485810784,74.6626495350576,73.8214050067566,80.2610625584987,46.7538559740559,78.1603769582075,58.1383637374731,58.1446351672582,90.9329151919911,49.04147663752,46.0984669534591,47.1542673730717,60.6768963603272,65.1793983893496,63.3893688169763,63.3359116610429,55.5447607316773,52.992234785981,53.2891674758583,56.4153121826245,54.3996735043552,51.1842922641937,52.128465463075,73.0959663224097,76.3917273398633,70.3699659977972,76.8206901794919,66.2927751309747,69.7254895606009,68.4909431347258,66.9187262979807,72.7127592877302,67.7705317656404,69.9738907930867,64.4144367118817,71.3809904613159,73.0647453625294,72.6532568863876,42.9909184925629,44.5602787247029,44.1637648776415,44.0860396930191,60.3486533596098,60.6853350827602,58.0354632340075,63.4209089443537,80.6697274714294,63.7158657695572,64.3417495455897,96.5433118949307,64.6075757768907,68.8471710573225,78.6144041703647
67.3679106808649,67.0277384268849,69.1856445885294,66.8194019964507,67.8081305301696,68.4716263151651,68.7426721209618,67.1238687392835,68.6521382642267,67.4455261657709,90.4009138210044,77.0076432937563,73.9375859389362,72.4017852229106,74.0903216663009,72.074766023439,74.8667127779553,68.0889380684726,71.2419623067008,74.557950912527,69.2233437345731,66.6276624046666,67.656190263255,59.5683045273947,80.864302614063,89.6404089787824,0,56.0107917151226,69.4948299872948,64.7538603036027,63.964294542659,71.0726382115834,76.3602246224293,82.5455391268191,68.7015750474635,67.4579260566171,85.2769140711614,80.0688660094362,77.589298061818,78.7298929278038,87.5330189277378,92.2169884335286,89.6963986649288,89.8346400373891,84.8661152587955,83.2028917274349,83.2968051179591,86.2486409072085,84.7535069142334,80.957368737947,82.6630376931019,74.4748668150126,77.8094254668306,72.1236482204876,77.1441965305256,69.5195385466467,72.5915655461143,71.0170558348821,64.1020997366604,74.2177440894701,69.0747070884185,70.7567332220672,65.05041012926,70.3323915955389,67.1219408962206,58.3015578163139,81.2199725844394,83.8422379776981,82.7421521601287,81.9664248224463,86.1620837009415,86.4628171321258,86.2887953840326,91.571359002108,104.049176920388,54.8011058180766,55.4975320485259,104.284931613517,60.4271257283242,69.6997158877992,71.7150056062201
70.8026713686646,70.5199585829214,72.6108425031051,70.3172661545493,71.3499600825764,71.8853133422353,72.1401499723487,70.6086214218054,72.8583533466026,71.6684010442961,92.7456177174298,81.1097251238839,78.0481026474335,76.5547263824507,76.4718969810065,74.3608136693062,78.4791109772274,71.6628964463385,74.8462588620408,78.1351034509649,72.4488161144525,69.7945403845504,70.83949865218,58.0450747445651,83.3297428974954,92.0780803014572,56.0107917151226,0,72.0524262882088,69.3098333770437,68.5005045686923,75.5768387184867,78.7765861407754,85.5933226353506,70.9298817972903,69.6753491131409,89.3291178771884,82.4273858957232,79.9507109125576,81.0910038304719,89.8633385064156,94.5498714376243,92.0232066354968,92.1644016888491,87.2165088125173,85.5570934913097,85.6503749647703,88.6011128378371,87.108590354837,83.3097622912469,85.0186828414556,77.8869566130169,81.2103581434195,75.5105029581483,80.6322987886185,72.8091867881933,75.8891070310089,74.331601012714,67.3044965242139,77.4399412877138,72.2804217159709,73.9998304236775,68.275328864309,73.9421588137512,70.668441751669,62.6840115784166,83.6025662678923,86.2277299013273,85.1259749050434,84.3485621142744,88.4945563792834,88.7942327258652,88.6343873511041,93.9158911897509,106.370539072138,56.9788796731023,57.3879417002561,106.254023690156,63.2502271845539,72.7693291132124,75.8938893444978
46.5471185610789,46.7379666800355,48.6385608666456,46.2603133904619,47.6328230883947,48.2328402514779,48.7824319939174,47.4452325363461,52.9650081113776,51.8939411898132,61.4531596504782,60.3395283150117,57.3622579909687,56.2127958355042,36.4408252151048,38.765272624467,52.8037101849105,45.4166441762871,49.0245331151446,51.9556655172136,42.8109997471753,39.4821406389645,40.8894776399634,57.265314215485,44.8593244427314,54.5965485810784,69.4948299872948,72.0524262882088,0,52.342082782474,51.4875826062622,57.8893737834463,40.3754874852811,53.3175595522867,37.4753142463423,36.8236784089095,68.1193237193007,48.4066658190842,45.7633118958666,47.1383606089701,57.4872989839754,62.2308367451104,59.912275118176,60.1165090358345,54.6708126641686,52.6072124917649,52.9120987335546,55.8008343381295,54.290350188848,50.5932694027787,51.9406849357043,49.618714532766,52.8835335472953,46.872838734807,53.4174300519385,42.7164786016804,46.102264609271,44.8705179125534,43.3893117456952,48.6424244688987,43.6471515488301,45.9629136519373,40.3646331939799,48.1190481458462,50.0976871936318,50.7171603659433,48.7152014149654,51.1665681361014,50.1478322499962,49.4523806598146,57.2117447369303,57.4759073920073,56.4994135220882,61.7564380503665,76.2341956312171,41.6022273208585,42.3374653868436,78.5264144231996,41.4669850312932,44.4301213504537,55.9353229146323
