IBR/IBR_outputs/all.combrep_1/EucDistWater_Total.VRM_Total/EucDistWater_Total.VRM_Total.asc
NCOLS 160 
NROWS 95 
XLLCORNER 210004.651214014 
YLLCORNER 7350008.22228844 
CELLSIZE 4999.99999999997 
NODATA_value -9999 
[rows 42 to 62 of 95, columns 46 to 91 of 160]
24.323594205283 14.621354275867 20.794491593181 15.0796237254544 14.4537601368532 19.4788482071143 10.8508478950664 11.5607987263651 26.6280979341581 34.8441633519422 28.4779382883689 28.1023935460855 19.7660275597256 7.8611823865725 13.9837598683787 44.0042235691139 70.9516525038012 74.5949401587111 70.647993769156 70.807432525413 50.4841263439772 29.1426431422848 22.272010391858 10.5648152950968 13.679054206817 11.2501459879379 33.9602841570687 23.9648034353943 22.8466426716428 36.7505883046401 33.5966425704628 42.8336537481466 33.4308330726775 28.888092481345 25.5236372208778 37.1353600739472 34.1828688986459 20.2624687960158 16.5658013834329 21.0008171305199 14.778589298991 40.2605825188899 55.8581834288094 37.0125887053186 19.6115249524301 10.2517207852724
38.0863277570124 35.2515048208583 26.3573691374867 12.9878851619392 28.7884341034682 17.8873881273712 27.752026068833 38.8404355138211 50.4955588149395 61.9043922861105 58.4280917297585 59.2229754616744 45.1106973683577 28.9551316600364 17.443874840261 40.7542900337995 56.6808003456723 61.5207778513228 49.0594648800245 50.1020502298086 62.8425893292343 55.1176125438513 30.9448159326405 21.620594648093 32.1026753902381 30.0054518210686 40.5361502069411 22.9607036631865 42.3961685247595 37.8276565141164 26.7522922341788 31.1039784407054 29.6198915017561 33.2599906492059 21.493404334912 36.0569240383229 38.8414674616708 38.0015489181036 48.8785087212415 12.0990578447641 40.2520387850877 59.9315951855905 55.4686550603629 44.2626978573281 19.7060887176295 12.4705292790491
20.0757966985785 21.6113554630889 16.0524121510937 12.2311905801465 31.9849803673989 45.6969417745486 51.3935911661472 57.7173356283095 70.0435717641667 66.0887468431108 52.2215570947259 56.1441651134453 66.2651902798397 56.2207372459858 47.3732977415052 37.4774712111819 25.7398650394352 37.5182360680259 19.5060804013425 24.308945810931 53.870065511641 57.3634929489848 29.5812863572689 15.0819092629928 14.7887168279755 19.7759507176893 33.4367874824534 19.7398613130373 44.5541133211073 43.8397805315041 32.5166102256474 26.6066396162448 33.5151324769614 19.3995997416418 19.8530361032123 29.2635258986191 24.198332176162 24.5929745300959 36.6546150207704 38.5725209847267 70.0209219673697 53.1207212806142 43.2370702531872 64.7102037113428 53.633935527007 20.6316563038246
31.5240838502562 33.0064958854166 20.0001042486347 14.5881029256572 29.1476684560974 37.9679644731846 32.1511421307663 35.989966582063 59.0494772304583 50.500077657888 48.6514699151636 57.5908637917191 66.3033252825013 80.7516154851211 64.2358034743212 34.2669506077851 15.2948416440555 17.6300712237695 25.6056623274251 31.2359108646495 38.073234464174 39.4437743796624 41.8685921304266 42.0058680479421 33.6837241486939 30.6967091058946 37.7226632066063 16.0335781897175 27.3376281872594 48.0670381288548 47.4647216029296 28.4714333161025 26.637360863155 22.144617912563 18.2799087219898 15.1097791018286 15.9369149895175 26.7618580679762 35.6325674566139 35.8151603806012 33.3915394807314 31.5806032922797 39.4180154594939 50.310521644159 54.9002860348082 19.5936305855838
62.1991133006981 54.5886945054102 32.3331076281854 19.8870724841567 12.9902660966864 11.3665601306628 11.152949639316 28.2184578105671 49.1539821027541 64.9433391949451 44.8694190357655 50.451584534096 80.5508212324331 110.297340551033 67.9928291432728 54.5662081899417 39.25909565805 33.735455087328 44.1615525971756 23.2366224266979 11.3870393304601 10.6612410360336 16.1594075906644 32.8535696725573 48.3479437635707 54.8400878666711 52.3140919635722 26.8827157045246 16.9994659023101 37.6777751072197 27.7396296455313 25.3263016759058 34.4105622440272 20.8662132445598 14.8675838938981 11.6846537636812 16.7800851460661 33.1477932512379 20.6600117168504 30.5602560968593 25.2496148156165 27.3758553361792 37.2936144220938 25.8450059795552 24.8015721045301 13.1904104133097
53.0537937923006 38.3015325607501 31.5759324976376 40.0255085877811 35.0375055453834 19.3202412088853 22.341509415575 63.6714489421059 43.5329374044427 37.8901053280039 50.7509610025995 40.7029293261264 65.1404447667956 85.2937962221486 67.4407441328616 83.5241953299388 63.2092783107049 64.7159318418871 52.9810784004856 27.4996954358139 26.1304141417668 29.6578591363323 18.0042604300776 10.1933740810276 21.2310252611194 33.092450610443 39.5884785784895 28.7211535030828 16.1356037497498 23.9633534355593 34.3491999126453 35.5224629844085 42.8100577829641 18.7344139110987 20.6126524461109 32.4459291669913 25.4882173468426 18.4236167695133 17.8924057094513 31.4168516749089 36.6127837301663 44.6050017354136 36.2502651398796 24.2690800305954 31.4968122473738 28.6995071049274
32.8431397673965 16.6822009951527 20.2897028779821 42.8495978746128 59.4100785251966 44.5194689118104 27.4077141925686 61.8303591136341 44.9110475568489 26.8380892922924 35.5585989961957 22.0664766210896 47.0206861146219 54.7888422043865 47.7557968223384 67.0786973416796 74.1050645234282 101.126393084204 109.39730218957 88.0403648512277 69.4833616680497 61.001553113395 42.0404725272829 24.6524858852907 14.8050901864965 10.3125182920217 21.5540081091786 28.7373155478083 11.4359173853651 21.2724011947048 47.1215243304903 62.8828846098472 51.8147868281794 25.9962023660683 12.5958979051948 30.6378144980294 23.8645154160756 18.9214530488607 19.0454199334068 23.0695907537257 23.9466871248166 21.5205858666185 33.1903091740852 28.0409487143604 35.3385399731538 32.968929131041
65.9853138132136 53.6147975098925 32.0358224550278 43.4929498932417 69.8975061438392 66.8005577962599 41.0719109147164 56.6457560580508 27.5354301880352 18.4952507812313 34.1508600976125 34.4783216295766 48.4801847332465 26.7848725161714 24.8495055050859 51.538728313867 96.3729111620557 127.320354555072 135.827685464464 119.78651231165 120.201698206876 106.110678183067 83.7857601604208 56.1330137834019 41.6492271412623 36.3641373931413 39.7139023486229 48.1725121579845 43.9127804855319 49.931487583544 66.4184492100089 80.8384663356101 57.7440906102784 30.8476028608456 18.1387085891356 8.84624818151887 14.0274325225423 27.9856803087889 29.4130262211585 16.1933942901307 29.6660859845015 29.9794382181625 19.6969668457495 18.4218460487774 27.5655410787596 26.4910256704506
89.5626579662201 69.7882275178495 44.5853285395707 45.2982002767046 64.4020358003628 58.2999905131357 50.6738272549043 46.6680141581226 23.9327812207653 28.9499218908855 13.1190225992026 22.9837191937931 42.1883219212535 26.8491720703594 21.8240249255064 43.4401523508862 88.5406531778508 115.178112406654 98.2291563360972 107.960831078825 102.447690494778 107.554718553089 117.736519830035 104.918736596169 75.0890029858306 65.3987555472508 78.6801750591631 112.395703758963 120.317122053116 118.317393625138 111.999226001947 77.2586065113852 51.9058289826346 36.0687053260588 20.4758762524604 25.0316665985161 40.8535584431658 55.7440433445829 45.8492259505659 21.1250203427329 33.2562572180285 45.7938903864962 24.356537167793 18.956411238733 20.427569895704 35.442971157727
68.1793555198411 61.9231746564913 41.6648664767202 32.1396420029003 50.6823958897486 27.8228896082805 27.6065629718942 42.0850444318515 28.3970827127978 25.1162563763705 20.6929222142942 26.2017580999422 28.4591207636508 15.5415293080687 19.8959757502563 22.722277516832 53.3778411790183 78.2441663629628 82.3521760687703 77.2259932557706 68.1090897222151 86.3943907212645 118.155830849995 107.312834692827 83.4575582861464 58.6609598484069 103.505421264558 80.0223239486819 86.5756603600011 101.458396583709 126.10818678328 86.4628248327694 37.0276729811065 14.2225366713107 36.8174655320189 56.2009580071836 71.8933080119366 77.8477738527079 65.7663124284826 51.2648290866164 56.417389681369 54.0639904345001 29.716821634359 22.1860938282946 20.012810298588 32.0332809046826
45.6428413634902 48.2824870173688 57.7063304266365 37.2209242027118 33.588967375275 20.8542947832337 26.6001967836382 35.0264072760252 32.5204484753919 31.4348152858785 23.1469519559247 18.4019285098439 23.1920182396303 19.7487453192789 23.5979215495473 29.7314632801734 41.2720669423164 58.149841948075 69.0706073139433 42.4952310348814 46.3234043046441 83.2067969898007 90.3258313592216 92.3394427453825 39.1067435982746 18.7283796462286 53.5510920672005 41.8884524038511 43.3519577099342 89.7431051758553 124.900571559703 96.111500690883 48.7829363381646 34.654813163066 49.3864287140656 71.6379418777761 60.8683348323754 55.3617367454141 66.7425496814108 77.3034778799437 74.2542022421633 47.9257885329533 18.7039403639299 15.5570909458287 22.5209413603336 15.8772860846705
42.3312337540221 41.7067081479469 64.0781004691101 45.2243533033694 28.2291405738825 24.2859040257435 21.4051231956277 25.2975434887093 25.3952871576707 26.1064973003924 18.621674685369 25.8807646573853 37.2879898722788 37.9429910760514 51.8208614960907 42.7881492779834 26.7818228810412 49.374594061138 87.3707971569703 78.0503992997604 83.0153351980086 97.1922791400288 99.9897309016663 89.169647096858 58.5255544155299 38.2497334133919 26.5727316265188 60.9858027444364 42.4340373426454 95.3888034607317 130.222455148059 135.620365832304 75.2111836352651 67.0111451167877 73.4029705782474 63.6067489615309 34.8044022322076 23.2009588274161 46.4881333842507 76.0913469240711 80.8762799751118 54.9587308398743 37.3227851507762 39.721395442435 44.0133421202968 39.4806523737224
36.6866189306586 32.1230657645163 54.4192867134383 82.9875380222007 62.7211649427992 25.0101299674225 35.3332693318981 19.1124151259293 26.0777521100469 26.5230403224333 25.5536028565881 19.7461186586803 50.0092109916349 68.2782486104877 67.2654949800665 64.6079714334552 43.2941573139938 62.1627513437028 88.142790746198 111.696506226404 122.673065155897 126.259142072361 126.782956332838 127.248291663761 92.3653497745743 83.4426002364594 41.8152787253774 64.633705272102 57.7428456670186 81.2995245804902 114.393039553278 146.826966567426 108.635385071675 97.6831768921222 91.0939712490962 63.3636510405696 33.7465460677277 21.2703634940736 45.3967876454238 75.1998539574788 74.070260706477 43.8406462640403 19.7529433564453 34.4821874439799 62.6717862194349 66.8583520996344
59.7699879912337 45.7332982595589 53.8639225557551 75.0155392042977 43.3224440966167 27.7537551011357 45.3185172045719 14.6775784822936 26.3802304736375 44.0097919246355 22.7067872719467 27.1379411821511 63.6438983383768 90.7680571777454 69.2073402721011 84.7378261824517 72.2899366485565 88.27399426634 119.494456935782 101.17306252252 122.193972884953 124.245580866626 108.070489705163 124.907223289821 131.12614799449 103.679260466746 83.3427214286051 71.5038394235069 59.255884603417 85.890013003476 104.938913255974 146.098011687672 151.534463620413 126.831492431069 104.881696315145 82.6040315589724 63.014957556264 53.1519823070012 60.6224065056564 67.6114177110874 69.6888509782217 45.5149810595373 23.7912048760677 37.1535982700938 60.090117451987 48.3696519315195
85.3650811727903 84.322198178568 77.790195495512 73.4353444956552 52.3507818911901 45.1313616728009 72.2682840677501 39.5453223222207 20.9859105005862 62.4789083259648 58.3205749701215 55.0322071062927 61.6587311251412 58.8943441407074 53.1875030256728 48.6757668777179 64.2968349506822 74.4576465179194 114.454424118039 92.595268456633 93.6317083441565 101.820509996029 85.9540147017034 103.602162991036 119.120478585678 111.422661757098 86.1639163580798 87.1235018936093 86.334752833182 99.2288759840333 115.4237723276 145.802230949869 176.559367903469 158.418053761397 145.921615369059 127.937760340867 114.547698915154 114.907356946811 76.0586605020116 37.9436902467042 54.8442898987757 64.8236349716146 55.5331120589752 61.8307690014962 57.8162472952959 27.1235603934468
76.433961323425 69.6237711412523 65.7783258135253 79.4247382310963 76.3676090436647 75.5161328856829 88.0904437317488 57.6385546779703 37.7917775799019 55.0561077389174 79.5788737542694 54.3836950244108 22.9332443322327 33.5637651001071 32.587502160842 26.809931759843 48.1813023883146 81.010465224599 96.2984221432848 83.6436783303891 69.1656959840959 67.7746486568604 62.7006577715357 75.4700468348712 79.1442319807204 82.9208894208958 82.4443485477177 78.1502627560635 77.5008507232499 87.635142584112 104.630334499234 126.627560653872 166.039834477836 158.034009819185 122.430104783535 107.917264518439 86.2918540005751 88.5510826601945 78.6050195156215 64.007904412799 66.0224571603031 73.1702113445622 82.074973109912 82.9208724503708 64.050191234375 38.6305362602716
65.3295412174651 39.0323871297438 51.4704119169593 66.302040377793 54.5246262095037 42.1243365054726 49.1970102536066 66.5726222102037 73.2566592921633 89.3190425586749 86.3201202174326 40.7065098194404 17.0746146643929 39.2398564085418 56.6264614227685 57.6419934181538 66.8846149276349 48.6116174262465 41.119781347399 39.6391918559403 19.0788461124755 15.418775237204 9.40936910041622 31.1552116991933 48.2014901912428 42.0801218658289 60.4746081729478 55.6617071794471 64.1407989522577 84.8045738150773 110.093310336809 133.315496661211 137.484623660041 155.739845644484 128.223563983011 86.2400648927773 58.2651212332658 57.6122580492696 63.9988408126152 62.7593885143025 84.4983415017992 100.778672868694 90.3655531647927 71.6591781641688 57.1117326408325 58.9983082175266
66.2814079033423 46.3739687527937 70.4820826417916 82.2156111738674 45.0770490626274 32.1322695097971 17.915064517166 28.677899719476 32.6859777547961 53.0782408040228 40.6635386243128 20.7912902204412 30.392596079774 37.3120107834897 27.8681489543978 50.2945326245087 65.5886001097971 37.3067592006758 17.0910889788104 39.640186953087 42.1912449401622 42.7318794379492 34.7605523775684 35.9183742942961 14.6132934720838 28.4171836505584 40.6698619016583 23.5355752147715 40.5845112336161 69.8547627944021 100.867049297494 126.821778972905 178.01701442829 152.620955240722 114.856358209434 75.9558723295235 36.9213542581967 32.1140624993883 43.1769319859023 54.3840936636215 67.6458600928436 67.4216461500629 77.750882020845 85.4222923848639 60.4050103172469 42.7199546687193
84.806377217536 87.9345366069682 83.5157597402339 54.5731479989802 31.799634754104 31.1062792292413 32.0531098498432 36.1882498481594 23.4735025959336 21.9960871224641 22.2966869852269 24.0058214871924 46.3208729840208 35.2492842815684 19.3356460245248 50.7295273828568 72.1153525505943 52.7760559528605 45.2850273811423 56.2200992965631 80.2078242440855 73.1149625516659 63.2011485208375 41.9570835812983 14.1813121174794 23.8142341459984 37.9837731887135 20.6364518162299 40.6777869492008 68.8106179087142 104.487864670576 117.570036219629 155.272263854903 161.213116936519 122.410260949374 72.0316494736052 28.0287068281092 12.2997212762851 17.0705803704116 18.5122912377781 37.5361948195302 50.5851657608772 64.3578840393771 71.1414649409615 70.3141005605666 63.4049621560467
45.5706827176442 53.1796018357295 73.61755321597 57.4993924209283 42.1716012811152 58.5724297322317 59.01845222412 58.5133060314703 34.4579116829683 30.4606055959409 46.4162931594155 62.5647312453075 68.8369961213046 57.1927932366138 50.0327071136698 70.3006865240419 87.4447321987317 82.0520402771687 104.107661655944 118.695313124689 126.224730648948 104.565308203149 51.5237266661632 33.284421076174 36.8171853392324 44.0186257585942 57.662159066787 53.5567409309214 64.7610904345282 81.8839503206649 100.664657836231 92.8160008146912 99.2864186973208 138.364881558005 142.006282219748 89.5270073086174 69.5984101049318 44.5010153514504 43.2133685569196 41.6859403452015 33.8490652565433 43.9985118576056 75.1904756074753 48.4729651839364 39.9844451055143 57.1787398488084
22.530135227159 18.8281554980807 20.104349174058 47.5444351964074 35.7148250855828 63.0812608851621 78.1334066180956 71.8911707527866 38.8143619882914 40.4380442565184 80.1700394181371 101.237983632624 95.0871248542713 86.9841431180233 82.4182316687809 94.5429722350506 113.270965058706 129.983114551013 129.444167955534 119.213748006849 135.995808090747 81.5115213359021 42.1181935910746 18.7797730913764 41.8493134536213 63.1936117071923 70.1780145407537 80.6751241830565 90.8320477037073 80.5215406863718 76.1115773886767 64.2836925492868 67.8341204773128 98.1281962859206 127.746991832789 112.573513854778 106.719339833145 121.341777774507 80.0215475122512 69.9334780190928 65.6106999964033 81.5767012981633 51.3930046617536 28.3881673784291 34.7326895862498 45.6366814412691
