IBR/IBR_outputs/all.combrep_1/EucDistWater_Total.VRM_Total/EucDistWater_Total.VRM_Total.asc
NCOLS 160 
NROWS 95 
XLLCORNER 210004.651214014 
YLLCORNER 7350008.22228844 
CELLSIZE 4999.99999999997 
NODATA_value -9999 
[rows 63 to 83 of 95, columns 92 to 137 of 160]
35.2738109327996 26.5017330217834 69.5107699014131 72.3213925335473 62.8098798912155 76.3572819399596 85.7033381620687 52.1462666106649 35.9704000582771 42.3838230975237 67.8715775416222 68.2637907086878 70.1552406807619 84.9397090664789 103.868844615894 119.878586057813 120.378337261984 94.9703988922142 66.7544188635516 40.7631969693274 31.5073877590479 39.0039504585729 14.3527243798259 16.0222407902567 28.4171189866489 33.2919442775799 49.7686181876945 70.2864307978065 95.0691805530946 116.439325057661 116.56731163771 102.259318574235 92.2522605530672 82.8924533488457 75.6524055938865 71.0965896464653 61.5633617589759 67.1902245434855 84.9889226705426 108.124869392325 107.14748639403 90.650997904988 64.2955882376077 35.2013211297215 26.4418543191222 46.3374683409148
63.8858986071414 32.3141382512125 25.2832824455496 41.6582070276155 49.3459335534775 77.804031408263 100.960328546974 82.4045791254143 64.3541092730557 57.106902445144 57.3823547113778 37.6589746700623 40.8250698408002 64.5097105745972 92.0944280524971 119.181896118241 119.721399587169 91.5054864673756 61.1541404465277 29.7008479273604 15.3124425953643 40.2117607868179 36.3165915581966 28.1503592827879 11.3693801887205 8.96184962731927 20.4260892766889 46.5426749639156 74.3699768749283 97.6340871697806 94.0841848316874 76.2322159991923 64.5365237102324 67.9323813236011 83.8262215855033 95.2818021534129 92.4154876821622 95.5826301392274 107.851468979774 125.503344050193 121.110720543093 95.8468459500987 64.3018779106245 35.8132164531782 24.1743824985686 47.9889759270135
69.6142330714347 28.4507905205503 12.8268454292864 33.0070756128941 58.4656158038623 56.602590452301 41.7620669765136 52.7526197911896 63.8137440357311 88.990863256184 84.93031460969 30.803490810991 26.8670692584951 56.4499275529224 87.1848927066685 115.928808488022 123.914048894534 98.5456554266527 72.2363370090842 49.7707687067229 42.7002801053992 57.5783494774812 64.9861465791523 49.9830081212601 34.2181225870368 23.2646214358926 9.76439847145168 30.0085945361217 58.6001346383065 73.7531685975824 67.8250187703527 54.0261075009029 33.6657654178684 40.031274791343 65.7053144184313 94.2268109379558 115.949179554829 123.385077468435 130.966373739036 129.630738954749 116.891927572518 100.661573888564 79.8101664542107 60.250358824001 54.5162531197841 66.9090879673767
28.3302905354939 27.1602937551335 39.5266740124052 53.1520195520919 45.8146066145049 31.5587990869806 30.052904088377 30.9951525518713 48.398544547015 61.9247909519935 59.6502408216667 54.7034869468666 58.2786882694152 59.91080038224 89.5729448489431 118.036895287038 133.090711649926 113.596992812318 93.1822239239957 78.4802074839465 74.5327027280242 83.2370686271552 91.1107479532132 75.4954785387831 64.5732443317403 43.2351854318832 14.6428341141 22.8337587426055 35.1134535014765 48.0009854463549 33.9758035987429 32.8126479102746 17.9373967330449 28.7865291821788 60.282486124062 90.2382963503785 118.759790888276 141.289954714893 132.248939054478 110.776358222727 92.2888705704546 81.198779629073 80.1519376146383 82.067698635966 79.861009372132 82.7650800804466
40.2769798716304 38.706565121836 66.0565611357325 66.9312127164566 36.6252793541381 13.7541784981631 14.8545961743303 31.095272932926 29.4033505430303 33.4536728976077 34.5252656212531 40.4403329839425 81.7764424187384 86.2837832008851 96.9103841992898 122.580897311942 142.626202363708 132.866234301432 117.411819154822 107.210908334133 104.591477787519 110.368366135462 114.81094529606 102.496655237399 84.0680868783246 58.7590846216163 40.7468280207043 21.5975055769455 15.3732998495044 34.2949736290953 13.2080072044443 18.552216294645 39.3955929997934 49.2266782749857 71.138247280054 97.3212270334956 123.619803872173 140.212642358566 119.987670007671 94.0032131488478 68.6513024322232 50.7939827435114 49.721243632494 66.9827491416277 62.3392005863324 56.5203430847635
48.5574008964537 55.0372862399874 48.4031949405431 61.2581873940559 53.6251645435664 30.1321612732008 16.4405938392836 17.6132227982395 33.678413534328 23.3620642922631 33.6781075233213 38.0332145826589 54.2378655437056 68.9944451086202 111.982580236092 123.607300722171 128.848573215332 139.595310492003 140.311942443317 134.585645883143 132.761719288317 136.9273747289 138.819278020327 123.326630486131 101.785187896696 83.2431827081547 65.1058800682021 43.6573199614874 38.3389783914138 47.1247630733584 27.1770963181447 22.01421321356 42.3072476710239 62.0948208270664 85.2541877556486 109.196863219836 133.386816436557 139.582003481134 114.280132738951 85.3630555874298 54.6318169076824 25.1132196558353 22.9898593815954 50.4038248106425 38.5722025347657 25.2800600347533
64.6741449004516 32.8599251389961 19.4636143066384 54.3529834249912 74.1248618635053 57.4106568456594 32.4359106257129 55.9118337276865 67.867275331802 35.6863816740171 40.8592790616702 25.7493269555593 33.0767382092353 58.4917103229431 85.1325376663567 117.809634359374 111.089680399601 119.202631541284 133.661775258599 142.72136884504 143.949255442051 149.896904671073 154.91867998836 140.819583431928 123.418299864665 107.118705678988 87.6066029577645 73.0144092870128 69.8592322145932 59.7930424231826 30.8327350766843 14.3552859130755 18.1317036442272 46.1930325173936 75.6571564716749 104.270421241294 131.425319509813 140.622752129333 115.868792805495 87.7748880374503 59.2880706165921 34.1248408447441 32.8557124784755 53.3882493083419 36.7557358158156 25.4519839845069
77.964543268362 53.7275708977302 42.6808380941512 89.7941041515045 86.0147268522388 89.4134728100282 90.8503619495849 107.248814538967 104.56141819329 73.8468545215193 71.8209520454073 54.0755135592198 30.8519181734705 46.0037922310193 58.1678936310078 78.100902889205 93.155216427811 97.20962953045 111.995519589136 117.139452642398 119.170071892815 128.042610401171 141.868194574343 153.168467962477 145.195488890176 127.908370029774 112.225762130868 102.26712887106 96.2530712885727 75.5770398040054 54.5086576227942 30.022656164761 16.0539431795403 42.0788632989215 73.1846471701537 102.699958967033 127.117733746326 133.619018761916 123.8562824702 100.950427098728 79.1024269847121 64.0658471302446 62.899021199394 72.8256565475709 58.947106194153 52.0853096731105
81.9573668640052 67.2822554468029 65.5947441371728 98.3871695546298 106.810377612621 93.563406041481 75.421672220895 99.9875803318838 93.683223583833 79.414627651023 53.9403631073913 40.1422561679572 39.4218099008559 48.0244921662197 34.3569344936003 61.131052874692 77.769415998501 81.0891691521409 90.8228483605949 88.0329894067044 90.9852860266798 103.437796451378 121.564494207704 142.203700706516 156.778236908944 147.73976482422 137.106187525243 129.798203760308 116.947348715322 97.5253940845783 75.2127083983166 53.2640501666145 45.3122497664866 58.8877612271999 82.4597301212652 105.214448231594 107.291404804919 106.876274104685 114.475405388814 117.390355717242 103.200333509375 93.3071950180772 93.0819311135874 97.7520120274707 87.3424554830315 83.3243247265426
125.476072632583 100.848961895733 97.5141274283858 86.3294743979317 62.1480157351647 44.7315428265958 37.0266848973149 68.4222005965946 81.6668009027514 71.9987843315558 42.8683958806562 24.3627901676166 65.5948813895575 39.4903092424563 26.0406911113636 43.8181410203916 47.5325811566312 81.3282828364872 71.1651784345108 57.5705687307498 61.9291157194515 80.5407374431539 104.284829401444 128.999829344602 141.31461280621 136.426819828829 136.331613779575 139.617446148048 125.817510976475 105.061534012933 83.5541885390953 61.4846032351988 49.0309345965949 54.5773667510059 74.1090146650312 88.3150116999731 78.1221763614558 77.2813508370103 88.53745930146 107.249996396491 122.74209560828 125.774843700002 122.232849050409 123.719218191451 115.500843939622 113.100158287954
147.012390843005 132.934803646034 111.000853407841 90.0863924036444 64.9622903282656 47.1415294788265 33.2027351467089 72.7521277608858 99.3751839901582 72.8622833257957 60.8453044764244 55.2905822832342 66.2312107281626 72.3906272221478 62.5982721572334 42.5774088320547 47.4991973776168 90.0628605584699 79.250956862526 44.6909481439037 36.500435077887 64.415427064137 92.0149392752833 115.504494707803 116.671757071982 108.866425588064 109.019097270266 117.036099453699 112.47417157165 87.2193291192727 63.7549658661269 41.1752552951235 18.1331903464778 29.5146551461841 59.3080552129931 67.3340330022426 48.0143883810538 46.3981930802288 64.7801018037583 90.2382692613242 119.199370571533 141.415820349772 148.008100463766 148.811013213324 142.31034579125 137.600628271725
159.194465006793 149.557794614168 124.068576742548 102.710312970384 104.946596954656 69.5436514264682 59.7301301115561 92.3415092336826 96.0243274253292 72.4653903617395 72.0101370606981 89.4131897508465 103.323125554834 106.952982282687 77.1431043873278 67.820805503693 73.830972406817 72.0010947413845 56.7112785837099 49.2839500758623 48.6472175499631 59.1547261425661 75.2035197615617 98.5018605155586 90.9557485005163 79.4956711224379 79.7054858484741 91.5110260559702 100.885036080998 75.8743494770527 45.4249009850233 19.6024983456647 16.8679099335798 33.1594893427813 60.5788630317637 55.0626586814038 24.3206671051588 20.8525544086857 50.8078781725525 81.6225585800984 112.696268742837 137.663820153493 161.085198243744 161.188540588162 148.873653783766 129.841762654282
188.42200750587 174.529183496748 149.116650384837 130.23212727138 101.720308778152 87.8437209308428 89.4980195110839 79.4576319375189 53.4153516143717 34.1744711755919 46.0650748055215 65.3685766298375 79.4119958616919 104.465451971657 103.125731654105 90.220964188861 74.6987971756314 49.6088712503216 43.2436932962919 35.6293471328088 26.5270822302096 41.2722114395964 65.3791283586866 84.7528451802416 67.331455440837 48.8809521862711 49.2530404785951 68.100713984045 90.9629691506573 77.4357272291656 48.2035803393318 25.7643956453528 36.1031545159965 58.2020586482662 75.8070261042655 60.6957251561572 35.8584990559233 33.5301926879035 56.8191201534008 85.0892063108818 112.917294003503 139.359011181991 154.073690466992 141.196944623952 129.012050025551 112.536881501989
214.323274506257 175.604610994759 157.439988601232 151.160561630636 132.867196016184 119.282027103709 106.312488399126 75.2908924868365 42.9209071756959 16.6412088124407 19.649366858333 43.9564375937889 74.1495830628006 103.759214455995 117.83266679326 109.511651903071 76.9542797133357 46.2527546827634 18.025197294236 22.6874181696937 27.0468330136883 42.3143661461839 58.5968179956131 77.0779671223968 53.3670206172159 22.6812603866293 23.5290998656807 53.7643917671094 84.2366510814843 90.6267494852982 69.4813935333612 57.3862858003256 62.38193093345 75.6552396186842 81.7597170622877 77.7797685024271 65.2398335984942 64.1270265507197 77.7303446738409 99.1130728603643 122.862636596542 144.986024727016 138.663975354234 119.372045977683 103.516756051321 93.1515707730829
200.339558797289 184.641660531936 172.931673645144 166.104965298942 153.910949849624 135.251382267777 107.529320345435 82.781685340025 58.2913658218974 42.2097660232529 46.7736669663299 60.3868188555394 84.5599110815832 107.930616858276 106.512302368817 97.968460606345 79.8809540742396 54.8208717873746 30.068411574072 30.6300357476578 36.7507668668826 36.3159434030266 56.57436359784 80.0130691343976 55.2439299967806 21.6682612747795 24.0999782324916 54.5941630455342 85.1449132444436 106.378712580698 96.007546688761 86.2538214542021 73.0553419885222 55.827058202433 52.7038433198225 67.8188993528222 86.2472858253239 94.5595253769249 103.420048301187 118.981027438915 138.03823161332 145.45436196363 123.709565121095 99.8626653507896 78.2943927431265 64.1392847189724
228.799306129877 205.229693632521 187.144900188423 178.091976497079 174.135744528984 177.506085110909 143.957940111194 113.068200056948 83.319663763361 74.3673537365088 77.9856214746662 86.8710223182821 101.235826839965 93.3492976236484 70.8185951587106 57.3255344711464 60.3914087656466 64.1802495471138 31.5229946983723 22.9684051587878 38.2407636524782 30.7410895170332 53.3441482323555 62.68681690601 67.8365304633433 49.1671328280423 49.716316969865 68.5864246278421 93.674119311925 105.135022394861 101.330444109233 88.4959815055486 59.1565094714172 29.7815659749702 22.8876458341965 49.7876422187794 79.112845324855 101.622635531653 119.586216886763 137.764716963861 153.397538591561 140.393751044379 114.057473276732 86.213795565234 57.794349493471 33.7996087533945
207.935146002306 167.154060857478 165.938160933656 137.515547998506 149.482748317848 134.168971084034 133.302727930692 128.157303363842 110.738731930581 104.264545756253 131.373182855648 127.672984993125 123.555216279289 112.243350335238 81.731915063438 30.0675903571781 30.9311824740892 64.671554206039 60.8069912267937 50.4829559564204 26.3999004218929 35.7982110092308 34.596561915978 45.6481789031122 56.4728043699642 62.8474654842233 76.257322153726 91.0842461666152 95.1741613576462 79.3087284745254 71.8252149332081 75.8995134989153 60.2271369886884 32.120919889922 25.7657654585986 44.9136633345429 60.12734165049 80.9805541104799 106.395017085371 132.600875456246 153.283707478122 138.831374399884 111.66701809961 82.4587079375925 51.3191691719349 19.3251485114446
167.611199375734 131.377634822797 113.558855928617 102.76408054526 98.7688544290182 103.601621089533 117.308170990519 134.848414323074 134.275197569707 130.668579852658 133.348557491405 132.051248469225 108.07343840985 79.7673919751557 49.8862075150525 25.0105424624691 27.9676145020538 71.1280394726658 98.1946543460679 66.7992098173015 46.8628519106995 40.0827276552757 36.6296880660264 41.5047380996016 28.9546030906487 48.4587327874258 78.0077227282201 99.1236483710492 78.1952809363442 52.8297313243946 39.8246746555595 51.3453961558643 69.0073808454551 58.4577305444462 40.4147901081812 20.7686623197182 37.1137558719975 66.9767346953422 98.2739832142701 127.815590726539 149.167915127163 139.993351524388 112.989538449955 84.4024169804813 54.8434379645184 27.0143937562453
139.114507696532 118.090928134732 108.502953263945 86.8162671110327 70.7734866326581 79.3031748063124 95.8428437915953 118.79130723925 132.041474375 125.481078000602 124.213016280309 127.388998541679 115.388682077048 90.9127269716712 67.3443922914765 52.9760649541157 53.7975088434745 72.4034289959514 98.6426356313424 89.7563542002958 69.4469539400679 33.9899312463718 27.1260169472316 48.9697843296789 21.2817370628162 43.7554587848242 74.7383695592585 103.139333460416 79.8638206186404 38.8007465473327 15.4303093843163 35.676567865584 67.1662222994817 72.5232865935657 43.5186619699615 22.7214532797746 38.2266218168059 67.6185622700363 97.0469261500827 125.655390640091 150.701112364796 145.326239509705 120.43326476869 95.1802866014369 72.1580606610129 54.3887083176728
109.387737582829 98.5749897870639 99.3633116426994 59.8375642654353 38.849580576015 64.3737530007227 84.2920705818687 107.857318626389 108.614778851689 97.6707037407164 95.4769687345894 102.405336537595 114.88454544237 109.938077496748 93.8076141306894 84.0373484112663 83.3643253984803 94.0725983649734 111.845920180204 113.159936657252 102.862824217648 67.3057117860287 51.2971489662891 57.9345028647814 49.0137504983205 57.0435259395543 78.7781689102045 97.2408860942813 76.3533334301754 60.901168822643 41.906923438553 48.3960688358487 74.5212660863027 85.398959339964 65.3190969322239 54.597876273144 62.2808766020467 85.0885999668283 109.654556321847 132.154366617575 151.489238949832 146.863580446921 129.011912522307 105.370220363053 83.692784748267 68.3467853601782
92.9354810060405 67.8185277169005 62.7540618759286 39.4273608801011 18.2620878287583 53.1069978963508 76.0636684147454 107.971965315752 85.6938270836528 68.9138009597699 65.0717005095391 76.3329431797998 96.4905113073038 118.205145120709 120.008846814817 113.534785584011 112.553733876223 119.909318171253 134.163438489336 123.052373000728 99.0647074197205 84.9644417326169 80.6634162637158 74.2180582818354 63.6363150832496 67.2113582964668 83.6997806038426 102.856321504274 92.9736967054799 75.6142413953317 67.1780822944972 75.3303313531424 93.3943455922836 104.920346843929 92.5171995148853 86.0039324396182 90.4777683192978 104.375556999607 123.62587513716 141.40495122862 136.411555940471 124.103509394386 114.857701787041 94.2721814311625 66.583022428509 42.2501907265051
