IBR/IBR_outputs/all.combrep_1/EucDistWater_Total.VRM_Total/EucDistWater_Total.VRM_Total.asc
NCOLS 160 
NROWS 95 
XLLCORNER 210004.651214014 
YLLCORNER 7350008.22228844 
CELLSIZE 4999.99999999997 
NODATA_value -9999 
[rows 63 to 83 of 95, columns 46 to 91 of 160]
60.8328133685193 62.0756922072575 38.9515738328351 35.9425864070752 36.9692975023924 56.6654484360835 97.796974518343 57.1145740663546 37.1454508254148 47.0421267689427 63.4914194999547 80.6314884823773 111.724844392425 129.217707144523 118.33541090645 125.945161317236 132.022294588474 132.19476936852 129.745919070983 135.443837999853 125.572341798278 84.4113283368113 55.3571650304871 54.5296488606303 60.668180471949 44.0996744929273 41.5556523992958 54.6624496464283 86.1587824675638 55.2237937464284 44.8653679946559 38.1373597587695 28.8505905554118 80.8301699551591 114.16924473709 145.946317477857 149.697536671118 149.031376647093 136.490536300072 111.99622361625 111.073093542917 96.8778640610584 60.1553196309774 32.4490948837165 30.9788352748035 26.9772099300868
51.5065287021118 60.5169501923238 35.1855412452864 30.1219292427849 46.4640001789433 63.3959747309434 86.7896904995965 55.948121143965 24.4229293643446 26.265467279812 29.523613361484 44.3605687112593 68.8238218663699 96.2744481253747 121.006466166823 141.009052648733 156.779613568574 154.862010651004 163.207456268979 151.620753517808 119.329519933519 97.0800822917554 81.3478595638793 83.5721743157059 58.4268010601295 24.9745437427733 16.689172429014 36.8226968217603 66.2462132133532 42.9754467007394 22.5879777379304 26.2267038732242 18.1718980520529 43.9982192846775 80.2833433656296 120.927562045506 115.737285491451 127.457608122317 130.759118238814 138.638277424565 114.136248127996 91.5611895340654 61.5668907163575 37.1265571106142 36.1331295900399 45.9065418896515
59.8900104074806 66.3424342816026 56.5434444667478 44.5842170294298 43.0932755297848 42.9281071506648 71.6230736121987 39.0834425677804 28.2920316009629 36.7943411489004 31.942587430747 35.6603875405737 63.3043960872444 105.04684461779 135.668679235021 143.671336723728 149.560611978599 139.265972450305 119.077887215524 104.02042538399 95.8721165615578 98.2282930720288 104.622427091444 102.234005022324 69.7273086214413 51.9301542391809 41.4957275813611 42.1721044049669 54.4354787089517 29.6415350593722 38.5217987794991 61.1618882050709 45.0945887460062 67.8937652136235 91.9642398850076 110.063507108701 82.6270535260887 88.6927858179493 97.3433032687483 109.278648011316 115.978252306153 94.8707548659843 82.9667966357524 64.9912606545726 55.3880175759313 87.3015283652456
27.2842583532308 23.7848404692696 37.491481102355 37.5054887397598 51.7626588113285 53.9769720206322 76.1206485826082 40.6890018777297 34.8770847489484 25.7663033531595 15.6701669567877 40.0801190843147 85.1869217545518 111.239039496821 121.226245046294 117.951434935375 128.497929181637 132.619360793025 101.898282684207 87.2648412673403 84.6874555462222 80.9243268850263 99.8674978856544 111.000322840821 97.1292770758563 79.4237953952907 56.0111684132765 51.1800415363561 63.9757622637906 38.6218941484745 54.1643767634591 99.1346332376022 91.0938163637935 88.3361528670499 82.9305987101876 75.0994666404545 58.207199026143 59.5050365020037 66.6743313122258 80.0533734005509 94.3490468648623 104.325217368164 99.3762831122822 104.30168665652 76.602354311126 72.2608250406548
15.4148465814866 11.9750005319669 38.270661010297 51.9465746941787 45.3727026934643 38.0699891243252 71.0198534898435 64.037294424335 56.9224113924638 43.0097336597714 37.3918381950401 61.7683908758331 95.7273976037774 102.168446759447 95.2043311085977 109.820529330258 116.922410100047 121.871762747696 92.8411811845933 65.2759752479866 57.4343006938933 50.709950123042 69.2931110038293 93.2138904240752 92.577505562621 70.9699500031237 66.5192740518788 98.3946152702479 67.1514025775737 47.2888312728605 44.6012269968376 69.3949244988372 83.9186675405501 71.447927294628 80.1680557340258 51.2647268846231 32.2037224496052 19.3909575250802 45.2135970929723 55.8885435018309 72.3170638218307 97.8610119809698 117.152139619218 98.0312439378975 56.824383101577 55.6245383319946
41.8976688715084 17.9570857327634 19.258812507999 68.1521398304147 64.4980666398043 49.8151489653039 44.2758163299376 54.5414069991066 86.5055122211048 87.0122935408175 91.9512789024282 87.7679460782081 97.0031230167565 70.084802435065 63.2591508344857 77.9980975204913 81.4109256598943 87.3317455426073 73.394367131077 60.2813676667243 24.6887666945424 30.6451976267434 61.2967751300291 111.012276661016 135.395461016102 129.666001032785 108.449796061779 117.724727054273 78.9947003980537 44.935033412689 20.8396325740893 43.6183485969942 29.6673919432451 27.4614123081269 48.5869569023068 26.7108626353818 20.8783967930373 27.7268111234333 33.1914336123707 41.8121780545659 61.4668872430661 98.5504902409393 115.015070421102 90.8505930267611 59.8077454001581 40.6233811524031
26.7356039548971 24.6234962757672 36.0784949160292 73.8088948320551 56.8203288754501 26.6164562485949 29.2895617126417 62.027839881754 83.6445827626582 67.8812153706368 71.6321945993956 91.5004323788208 96.4038219114933 54.5907666947093 27.9119675083649 42.756055315992 46.7878282804478 54.7407205862962 40.7746616630477 45.4033428829053 33.3416756086711 37.1209083280782 59.7860973759824 88.2800755192376 151.459292489033 138.136694303337 102.043496507804 69.6693684161789 44.4546160038826 46.014982726462 58.1610245708626 63.4448100752484 38.4597853105434 36.2666483545073 58.7346400170538 30.4535362607064 41.9931662242963 24.9920421203821 32.3199861170742 32.9129144823362 71.5689126722078 118.976769296593 141.431161922565 104.722115131264 100.598637856441 58.7082854707535
28.9428468003769 17.715411940813 31.7496260179168 43.0747549710728 43.3439333174381 27.3637360677884 11.6074200405194 45.2716667964086 73.8370007708389 49.2216609508515 34.5995737969624 53.3290449826334 71.5051312066946 57.2873765693762 36.8712674037424 33.1966456100013 34.6073099976939 41.8928157669537 15.8098697182616 28.6995787691514 20.106282750897 22.7489734043776 39.4260684409295 62.6645941697091 113.774692712722 133.779649154333 89.1592135150697 59.6888528221961 23.6699426352344 28.4616823218851 64.6369686662369 80.8677941419621 65.1992193686307 57.0615432025394 32.4107981482857 14.2290970781369 45.6893609282328 57.7223543123892 51.6969555929465 58.6975418563247 78.6019963184588 99.1151431092159 121.096069073701 133.940824085034 109.221814430636 103.712441554646
25.5452791461832 12.8685748438762 12.9468708948031 15.7416723695508 17.5089299057674 21.895700038451 28.6886416581209 33.087457995138 36.1879720820839 38.5692164387419 58.1826712212059 79.4094850183912 74.3537732703771 39.169937361967 42.9115921199895 65.7085420303669 63.7865361966143 58.963187233854 24.2094604371099 21.731176558719 27.9387835519633 28.8511308979284 36.1562145856412 58.6352780369388 94.1064871679531 106.852507383268 58.0813593254268 39.7141372798916 46.515638347846 41.2252979847253 62.0807574394487 87.9284862158612 94.4550260541957 69.5253858181555 34.9850013548266 11.2144682457984 34.7802702700703 40.5790597705238 28.9642848775354 58.972402830248 82.9984147882892 104.137559533322 118.809253611339 124.438077768094 115.215465895255 103.365573839987
15.3469382695395 29.8722516101794 39.5215135904337 36.4315857114767 30.4023613732558 32.8120084505046 32.9379285845386 12.4296654217168 13.4293009957867 10.8940644596939 24.1602060743506 47.9499246613636 63.5875112006243 66.5396367192816 58.3723194038885 53.4233130650711 63.4255677157892 76.5498800284328 59.3663145822457 30.7609891447865 33.3451629386286 64.7244722942619 78.6300889651357 76.4802107215607 88.3324193166823 73.4990110397659 53.9931256375113 42.3695131245562 44.5171712522073 17.5355365739069 63.8411135686558 92.0690946843273 92.9256974458448 70.8157825565466 44.2627627061187 14.5528992607862 37.7137318822348 45.971224930915 29.8002954019981 32.4801243536408 51.490870739576 93.8095562960639 137.017097520013 162.067391206956 150.774701973932 132.284148245805
36.5070704000863 50.6831430456652 70.0807082227655 71.0062900900514 63.6208973450552 64.1337817642558 56.2833975878361 43.9126520862889 33.1665091007935 22.0874430888238 16.6023963334468 32.0464371674457 39.8794134521603 50.0456160863743 36.6285641262617 25.4715910482488 42.0558566677236 67.0679762165347 85.0376351829415 67.6802383916124 67.3334475463646 64.0434605509792 61.4736699442451 71.0482190961895 82.7662262959002 43.9383214028938 30.5668059279214 20.4751767628673 39.5410094515783 35.6549101263299 50.460349571939 77.1670668414294 86.0892616444575 55.2912733573282 34.6989578018632 26.6101796156525 59.7083893174986 87.4454063294761 51.0681958002573 20.0186882842783 47.6817446820772 77.0936846577708 107.419942799733 169.482816224379 198.513893796807 186.577658151592
26.006051282549 34.9162690863374 56.1500822968427 78.1315886424155 78.1688917294799 75.3959321914236 72.7491097061561 70.2322741058317 60.5574161433476 50.6815449792233 50.3787465174268 40.975871287641 15.4859822748091 34.4473046391184 51.1807027691291 70.9498896679491 56.7133723371446 65.2116042499352 69.6929115946603 72.5791789955356 85.4304702834219 55.0816696491271 27.9056768500255 34.2723358964618 58.3866589281535 49.0822080134195 35.6696447880092 24.1972158867839 21.7693608262249 32.2072765464781 21.8884777588343 56.7640829202799 66.9737454424228 33.8491596315795 15.7408702321784 50.0944916058495 87.5528178273555 94.8155360086492 56.66321410542 59.2581811575943 76.2752153487675 104.527187984501 129.946462897382 163.498963017237 184.974389940205 176.905362379827
15.7872745311006 17.2600924571091 43.6311727907633 51.3842532361919 50.7685805990558 48.0647967401665 48.7631853762911 66.5799507570089 72.6169618582745 54.0315677909594 49.7457503983532 55.7078088209356 39.0284687370733 46.8379743909493 68.0665955226813 72.7991628039913 74.3074619472909 45.9506401634749 38.6482476956603 42.9646947100436 54.9113240979875 47.0913419744063 32.6778119429052 39.2366759007114 62.6648568877302 51.8260087100244 54.3521577084977 41.6331626488735 23.669502534123 22.2405033338714 26.8411580423191 52.732941109185 48.7986918599102 21.1010403588331 23.8420824548846 66.6153773892035 79.333764450133 99.0889881993779 89.5416933607265 94.9694682151587 108.223279211582 112.356564303618 141.419248693112 153.521094009439 179.408917295692 204.70725562675
23.5832181216051 17.454702475656 24.0768026581819 17.2881930583686 18.6383891646604 17.0072828156182 22.8106717201483 54.2745369441725 65.8944490747054 41.7326644876911 24.5706550081988 49.5929547685165 66.7277244731556 75.4956679139877 90.5638716445043 90.4341857383814 63.3662720793887 41.3726694905418 14.7827160854618 23.072453782366 20.7432812646643 24.7770321472227 29.0167435161176 58.4652500193389 71.2617395789287 66.1224859065894 68.6849047377673 57.6170779743791 45.0385810130238 29.6514227601717 38.7858026194537 67.7209636641819 69.9342819079247 39.2561863010777 48.4890090430156 55.7047523387168 73.7999042516565 88.8578188809171 102.90051225978 124.136713633584 129.547047688537 154.173294153728 168.281320014404 158.848580821413 184.006019685134 209.387601710411
8.53523022190954 6.04136713675947 12.3817301407097 16.5445674415361 13.5462560618467 6.17256029022478 18.8983982675798 50.5673572143743 69.1479449571861 49.7151053467563 39.0448806691225 54.0933692623811 81.0157114529374 85.5791903002017 89.5624945680247 99.189773442161 76.9613521432824 54.4629105273282 44.1884568196284 51.8178203557057 57.7484279328931 62.7162181633352 38.8177510101223 41.5365065544155 41.7556631063193 44.9070415372553 57.2041939625293 73.1132207718943 70.3416261183264 89.4202771520477 82.1716738755095 96.1612134634569 62.7312041569497 24.6779164069219 14.6086080361933 37.6069117587532 56.2415837138557 77.5201667672748 91.3499519324116 116.751596964112 145.608983476854 160.515373084 185.499855336605 209.033534213597 196.680064195015 218.87978103259
15.0086415508114 13.0437592619901 30.9135319626486 49.4150638478271 42.7665886336042 16.3919079952576 11.8303535922045 36.8608017560416 61.9816598021916 71.3482737937313 67.9928518650617 66.8241632485417 53.6991329140836 51.7771118085991 64.5329025543706 89.547211375438 96.2504618387394 83.7621556383898 77.516222621521 74.1224945684339 69.7276238862114 54.5698382016589 38.0322400771048 41.038302362264 27.0838922500621 27.3327913968171 52.0953955516252 56.7388235591054 75.295875427705 109.605433758463 92.0833741925556 80.7990374509234 49.9298167034306 19.1373948088751 26.8177114222028 24.6782157875553 22.948283726422 54.1589843418943 91.0871053155142 108.077461395528 134.81370556661 163.355237684716 192.171948247942 214.116204009004 216.960467295123 223.308986448687
46.0145629628594 38.300376307825 27.1597502552291 53.8049091432719 98.9439515180066 66.1908500179882 13.2866710068626 23.2140979357417 37.1812544274162 51.8082491942338 59.5018842424719 45.4698218119071 25.7930029699865 19.3140879193257 47.3361438590323 78.0659714249959 105.935671193329 111.676391501317 112.021908995086 108.170650027086 92.9280458198295 65.8631862099986 45.7876859235974 44.1399758842332 49.3900530482001 69.0772898590286 77.051714788245 42.696513615926 63.6381228791906 117.10268074137 115.305865079902 80.9891317685661 50.2038031670833 24.9228095041238 16.2970376223466 14.2360416666089 14.60209681688 41.5700907005447 73.1243999503639 102.668698723847 130.249817792129 160.640355336134 187.378621600391 215.053047887057 209.214190599324 202.624943479283
51.6810623365442 39.1853311949859 34.6340727586423 54.901755672235 86.7931326825997 84.837238188569 45.8205654463288 45.3667679960718 29.6631981523977 29.8356008289164 34.2034355460938 16.2869648374848 19.762622967436 27.1863013340603 51.9679861663814 77.2472123158194 97.8405848688944 115.316260927483 128.79767354341 128.280940333105 109.573952192701 89.6751216671397 77.9829883787987 74.6898103573297 68.1706648362139 56.2975363393278 33.6084495180649 30.9638404241607 73.8415339655647 104.175639666251 103.776319595573 86.0412292654217 43.8325118293501 14.6040026225855 25.9556628986742 33.0186904079703 31.8680341673138 50.0693717828713 79.1749382126632 106.134164897444 133.008073246318 158.013151337203 195.217894988826 188.506455070227 197.224842172484 195.766194301618
44.9617036149009 36.3550675424697 28.814580380208 38.6187087420538 52.3154892705151 55.6649384052895 61.0897654142296 75.6792968689427 56.146187872259 25.8821122271785 21.6127018873788 6.91139938511304 21.4517866703328 46.1532564173489 48.625890381942 56.169089700897 75.9860525543921 99.3237935021813 115.52141322604 116.385135762446 123.206382356986 117.382008755612 107.416257396789 102.860067199039 84.3244810397597 54.8336972836622 27.4683957725354 39.7987095009083 33.1759938112614 31.3611896435312 46.7515403761674 42.4738584402068 50.9911613375196 38.6722927741248 55.0173209018341 62.3243296267379 60.7228891451212 71.8916592207122 80.1085354368636 100.373934829135 121.873285377907 158.405231747855 178.93638538388 178.838306690884 159.82270175086 158.228123251645
34.6045722377895 28.5128246040564 46.7387644463148 21.4247739726619 17.6853129670045 58.330114554305 53.5159168315241 63.3009829455148 51.4497492640291 32.9272644781969 49.4695563984339 43.7801071557276 42.8391813730212 27.2666418246952 18.4771631953745 28.1826033815144 53.1945025707641 75.1424685870725 85.2682017323451 94.4552598906777 104.618844365022 121.318605510742 121.545391036172 118.303591360488 95.480231055249 71.4094130668382 54.0154223262291 46.5658706581291 39.9064009291147 39.691674315752 49.6258127728439 30.0969454524923 39.2641823982661 96.522948213226 101.67337562554 72.2155287476124 46.4598485998064 40.1512186531976 64.4871333030296 93.2663392013875 111.769853402443 138.508501771268 152.760189208669 170.29079807769 167.255961128374 120.407965859471
42.2268121057969 19.2336068570381 30.1766930944016 54.4316431860607 38.9486894022024 24.0786348239755 33.0114901544249 54.6896869207259 49.289506175346 53.8312347227574 34.1612101161728 36.7908084621799 45.9112712307098 31.22864920688 27.9255956896203 18.266483671522 29.583595023057 50.2070969324016 50.3491968298057 70.3751233540369 89.1016069421947 91.6766847857348 95.3194880151896 107.892718524193 111.276572266337 95.6329663953878 84.3917935273628 70.2080106175491 60.5979192781122 75.754192421645 75.5999488393301 88.168131958043 87.9865114301678 104.368571272058 112.585444762654 75.3659366802376 34.7675851227087 20.5980039500924 56.7312573694433 78.3866559126625 93.1413213610939 108.92049409565 117.408318191429 128.990467871478 114.4281184011 109.049927138848
