IBR/IBR_outputs/all.combrep_1/EucDistWater_Total.VRM_Total/EucDistWater_Total.VRM_Total.asc
NCOLS 160 
NROWS 95 
XLLCORNER 210004.651214014 
YLLCORNER 7350008.22228844 
CELLSIZE 4999.99999999997 
NODATA_value -9999 
[rows 42 to 62 of 95, columns 92 to 137 of 160]
29.9446573504739 53.1745134215385 31.6846691630049 22.1538691416877 39.5521194494629 45.2093162431686 51.7998016074159 33.5468476787196 37.0607418280399 42.5129690597262 38.0510464321088 41.2631645250565 31.0289523223433 23.5142735739994 9.30233494045975 19.7307127654501 9.37481927734265 17.5073313647414 24.6487126015199 18.3551235942199 34.7037957571461 44.9538355048418 18.8315219631126 25.7952351066058 42.0472073956628 23.9481041833499 8.5458695479916 10.2844342679388 28.6048822262484 41.5412548863839 36.4940982551313 39.5300060444018 45.2220014009783 35.74636162519 33.7614129596589 22.4923591076139 23.9876356398966 22.0100753290333 30.866909369524 48.4330914491646 50.5352694527187 29.3073685310015 11.8638322166397 24.9754346227079 17.8314309893409 15.760586811296
21.9030737838973 48.9445402625061 32.214802195702 23.0038898254813 17.9146986438324 21.1661905852566 35.1101646156267 17.1668530711793 28.178377615567 50.9107204920589 45.6825609394676 54.7799891961989 31.0690858945342 11.3528547599313 14.4306029747703 38.7262679207067 26.9291624069139 14.7727068352018 25.8272588111885 40.739289052718 50.4410395368725 53.891137936896 23.8725254486568 16.2243450962192 32.9857899898521 30.6645869186937 26.2669305959187 13.9213204833004 36.4411304353549 19.8019227672113 23.6646022403825 32.0974744712797 21.1825179600531 22.5832030244118 41.461230481067 43.3106036071275 30.66948131164 20.0328838402068 49.2709893110992 61.8868021722441 59.2443820546841 31.2278304308722 12.630484210418 16.9384337610517 14.4380398571925 16.760031765193
15.8120714906781 42.3672518108929 27.567706801908 14.2014050428444 28.9455407116378 31.4926431171521 15.8202590521819 28.0720125514935 49.6977452694196 73.0670584288726 73.9160507784416 75.6165723779488 53.7396040779488 29.3800713797498 10.380467229552 33.8329926585598 35.0456895433078 17.2287168417575 37.5440862449675 62.0551601175118 56.9087349448626 38.2501066792793 21.8580113184567 20.6241311765923 23.6152925890715 10.9220083832473 17.4509145990125 21.8966420361675 35.3536658372589 30.1088399023015 31.8144639912397 23.1182730112107 14.9457339150306 24.2406382021916 29.7418517160562 15.1548311578628 17.1058250311696 13.2038949049497 42.1114472396392 44.9106548208318 55.5684953975693 30.7817043617303 22.6534998576198 37.5560955526121 35.3530917392992 22.5190124231294
21.3970050291647 43.2021484429037 35.2150340393521 29.6612929465504 44.3023626886942 39.7239546847329 32.143851672421 41.9010132516155 48.5261796151783 59.509845331296 64.4769869037714 80.9435421901795 60.8381530489927 26.0721956726127 14.5809387413293 20.6173113273319 22.3211494485873 17.5349254830877 44.9408592352817 64.8607611850479 60.260376026661 39.3326570286015 28.3494503144965 20.0910977735017 10.2742352329831 19.669097307211 12.8665614918434 28.1600775965679 31.8262422908542 30.7603385871561 25.8292325901077 25.9004109713885 14.7353538733374 24.0620044830399 19.1927607510537 17.20714846067 25.5208551020805 25.1558260005334 29.4384073720306 47.9706830662443 68.7925966246033 28.806222071258 25.9297480787871 29.0989447667293 28.2483930857982 12.4888322574481
18.2585527817742 29.9577096092667 17.6035064606958 42.7815399966176 44.9277501787766 18.9021731870754 24.3076492941656 35.8530115322979 18.2103765351115 30.1002560274777 35.4695181444131 55.7428463378903 55.5465211545382 43.4940567432811 36.4948293973645 21.2757405388099 15.8829306965812 29.7535405530007 43.7922095107987 45.3790619250033 40.4338684725449 38.6138770890031 13.7754214060802 16.4350952614816 14.8340035485814 13.6015578417569 27.0693089543331 25.0696743060736 21.7414736767693 40.5823264270553 31.4372511529048 15.8731528425143 28.3346401920692 36.9266693852905 16.3470424875198 35.6689432657294 57.9291882029816 53.7842737912388 46.8530963033797 46.7580376426948 50.3584259425608 52.0656503262348 51.435157054629 27.2987261150551 18.6980647564069 13.1852753364331
14.4020797565316 29.4631320512997 28.3805431086278 43.9374534906434 30.187655120056 13.2859620982681 20.6066068166275 25.3858361859209 16.0783567719593 11.4097944252121 26.611771195838 32.360029425878 41.9770019706014 59.3749726312555 51.9752003305563 22.3811119870335 12.5732294046649 34.1516910335765 23.5493634111996 24.8748374236823 33.6323852482737 38.8877656582382 24.0613539593493 14.4743949239772 13.4768077877192 23.5816463486005 20.0367472824423 28.7250190218337 23.5302886267981 13.6010828961428 13.4361748455025 15.9635213260538 35.6223886435468 41.1576790375671 34.0056021088239 53.3746864464292 79.5200407218379 80.2511813614306 51.5112165266566 20.5364269998644 31.3587219113894 61.6645514084554 60.3853945385162 31.3380597823603 35.3427850396833 38.8935934231476
25.7379792756619 25.5983294900109 43.1403677731544 46.5030251564766 33.1044426253014 24.6452794025654 34.1564993474636 35.7729692655512 24.897265761033 18.4981427228553 30.706272637158 27.4252308660578 30.7087224365648 47.8952024245437 36.2714050056027 11.5308108348142 16.6144718922828 21.0576415286743 32.3703965549982 37.1560681226575 36.8664919375543 25.4842854678816 34.4039772350648 16.9584365459871 24.0096763125425 31.4825061017876 13.6067596725161 28.7665448560487 15.2621027342652 17.6416955240179 25.9328738488548 14.3001291484907 35.6288773172732 18.8992426752987 26.4657992364257 54.9673203747301 61.2482211088232 67.32169010505 53.9489451173242 33.3088393932366 37.7429673510793 67.8145085099716 46.3280370476173 15.5310437470822 33.8503004792569 59.2155430150286
35.9634284272838 17.9609072906237 28.0741738898946 23.5585747222887 30.0038112431236 40.4434755067895 19.8649904118031 26.7620968126223 43.7785558353556 43.7619601709506 30.2948233089835 22.3145787784126 15.9432116768808 35.7376880921809 20.6184804149414 16.3712203127588 31.6300392892681 16.9636259713268 33.1842895624557 51.4376962843234 44.7130651197647 27.1729913153768 34.2308890833983 24.1472165970298 39.491192267842 17.0063591466717 15.5347079340034 20.2688779679472 27.3415798075618 25.7735544366505 11.2376381928812 12.0066775877019 34.1597504667406 44.3751051382967 47.0940545752718 36.4815959058194 24.9157897553062 37.1194491932423 48.6302608611517 54.7613945106365 64.1897741900255 75.9319661572105 50.9229027517987 28.2740563962419 26.1238859034496 41.0649317408944
42.473741745692 15.6014279666121 26.4322514157403 18.3813128604946 28.0800542669013 20.344277391841 14.3006721792732 21.804170734329 44.9490582278771 47.585337838846 23.7913768578346 31.9705015194288 53.8220349803758 37.9947009065221 13.1025446208983 28.9899268512245 39.5176699682801 20.0688021920481 14.5631088344054 37.1893414372366 50.9514102345425 39.9114363096589 36.2330054680142 17.4424397302128 29.6616287309688 11.6331546607429 22.2246436986859 18.9069111860901 20.6513936050674 17.3943753133985 16.6613779531894 34.9015318655932 40.2988718680291 50.5218411101462 42.7222961612246 16.7181884111684 11.5250516622757 14.4073664095667 39.1717286873671 52.5119372635088 59.5944377824286 71.498209446544 49.0899521858414 20.0527045940322 19.1745235072325 27.0110491563409
24.4623437291901 17.3984087368557 25.9113889934506 19.1532879500051 15.0604221646255 25.8685885976481 31.2445280138378 21.5444476029985 32.2581559527331 27.3870486631263 19.6436482526355 42.5134851004694 55.8202939183751 28.9593581826667 12.1211575340451 36.9867041306665 27.9316507352312 15.7989262585298 24.6453476972405 43.266351525421 69.2380465836467 65.1471728141904 41.0871289723857 16.3029410305477 16.8233494208945 19.7412398258621 12.8376021803268 11.8511394046541 12.5295347369981 18.5872864321651 19.2436387688979 31.3537673092525 13.5081827242474 26.0140697428486 32.4664838570354 12.5246953463813 16.2105038543602 16.4045699801066 25.7046127851189 19.8277774146 33.3897010534974 55.7785524595024 52.9834976408915 42.6268147188791 22.7629588596565 16.7821667225645
17.1627749682997 13.2419806756927 20.257515207496 22.4705137401314 18.2192282080285 27.4999195955913 37.6739179261042 34.9038673655408 16.452572254917 24.5591458475091 24.4857444504731 24.4533843575115 16.3223109083691 9.32681907774683 19.4877390053761 24.0987967488169 23.4694205299743 19.2866182983848 11.6215627958674 34.9871739884299 63.0913348695805 58.8104459207712 37.1023589369977 19.3460569044432 12.2451802049998 19.1061699572158 12.7430402894254 12.642561066559 14.8125600684469 25.7214007991249 11.3273091284734 27.7742056444812 11.6184476603195 15.7592318039636 36.0988321114839 31.3567433006308 22.3362012576226 25.1490909665792 18.7238597391343 22.2872006141626 35.448016883952 33.7901079684306 27.4653359390934 45.4942898308705 31.2284173944106 26.1747539572825
40.2058649869829 34.255692936916 31.8725161843506 36.4445905837151 20.0159821389263 19.8083088347529 17.8325781611358 19.8885706553164 14.8922141566281 16.204752098035 22.8947046488159 26.9827478290694 17.6839667178781 20.8304209716126 28.9161697559089 31.793941794029 24.3187892698919 19.8799342491595 11.2339664609941 18.7429059754669 39.9203771395583 38.8896963156099 17.7412723943841 29.1616871795844 30.551192695493 27.1823361179247 28.319994718682 14.8676851282996 10.763482405203 26.0353413236304 12.8934088353271 26.0453944583484 14.3407997209304 16.4547394468875 35.3999607608424 17.8405511375385 13.1920953308983 23.7086246574042 20.0102430642314 45.5812944443383 55.2307220068637 30.3035869140831 22.3051172742686 50.1952444717428 63.1547206266775 46.8376809074089
64.4668106611019 62.3583378314097 63.8567858998875 63.5987187566591 50.5981398910863 43.4096301098595 32.8245188064258 23.3438885217222 37.4465534855359 25.84269090133 25.9545777382793 23.8505291712841 40.4908560579542 30.1176215726003 16.633885522367 50.9230662052891 39.474300025582 23.838539784811 21.8683306703641 13.1865804392734 19.4314261292245 20.3399436571288 35.7730993393291 45.4571104286187 59.7281918374599 45.2711098577251 26.2900285051304 19.3264328055274 29.5560135212017 34.4207862972539 18.3456036789268 33.722759494539 39.2143879319837 37.1798313728978 42.0556441269713 23.238079955645 28.1957531622252 30.3378212930824 32.673538509766 56.6614472361693 73.5728713405672 55.5964748994112 49.3771942845694 42.8811848370444 34.0344248290537 33.2250775868775
42.933207226839 54.7852817854776 75.5872732602635 78.8980796094788 77.8935238238404 75.1877828615338 60.8133786415227 56.1912820780956 58.0465972732314 31.3976203363582 17.3787742386332 29.8212059431143 51.9942331514034 43.3403085154807 17.1917419421062 30.1898167804368 49.8954868489263 26.6886033710041 14.5830658108093 19.5584318386416 24.7231809670569 18.1509959732567 38.7006378918804 47.2590778795022 64.0063552457039 43.4295624063688 18.7114625064273 21.357118745016 22.5807143744817 18.2256917688439 32.0787226318892 52.4292393604564 69.1967830630971 69.023588084117 64.945832200853 53.2220527415972 44.2784235121822 17.7162337674579 26.1042224106579 57.4222461192834 87.2049764091681 78.5452031121109 46.165783785716 29.4854512135512 21.2149736744087 46.0922702080666
12.9773526030842 35.6072963590706 53.4553515528561 48.9136466371955 62.4577429028585 84.3917930928512 87.5514253877257 86.6874691817394 72.7669919955683 50.3295593515769 43.106171289366 56.9336301010402 70.0638483939 56.4794432886282 34.0697432596325 35.9194385574852 29.5681338788242 19.9006790169546 21.7092010486537 34.3843807325818 34.1509492800835 11.1203470578283 16.1956723154348 26.3190274352571 57.7918908399833 59.7566711744612 47.1077868431074 32.9934064106689 22.4845614753092 24.8593045221671 21.743437961577 51.2046960740787 81.0263739920833 77.0938444078318 54.7888253088501 43.4003668853968 48.679823203072 42.3394077123065 46.3287980409437 68.6048548228849 92.2663582485901 78.4046489979523 49.2317637236068 30.5898615514501 30.1166970726491 41.4097146138569
29.0152438203023 31.0549739209303 27.8958925337749 18.454984118727 42.9469093289708 66.421767263014 86.6346499806436 103.546468189937 91.5546170460973 76.4895920622427 73.4554667737033 83.2184542959391 88.3697799085501 73.81940929334 62.5644704976975 52.2489353334606 26.2000105160281 22.8698321325716 44.8519703143349 60.7722021828499 41.5873239147844 30.2238548328138 35.348128763396 41.5957130382303 61.6062910304923 47.1332390435333 33.3830858240712 43.6510336583752 50.2402558717961 49.3070157552904 47.51017059039 65.526997925577 85.5318777739246 65.8673826168295 34.6284385985515 14.4007877815657 35.9187742011942 47.5396825591994 53.607692996023 74.6482879413923 92.4300290459222 81.2211167523741 68.1812830693347 52.3030584024662 31.1588048882932 27.0789757592287
51.4801582713529 22.7856035969241 20.3158012258365 24.9089011638081 26.3609072653795 42.734311810119 70.6827327268612 100.013701722759 114.423882615282 105.197020785698 102.530642280266 96.8821434278487 75.2799108770534 56.80838651285 54.4991039079323 64.3645786581705 54.4281056448505 53.0828234815398 66.7966831331906 83.1154671231748 69.3235675041402 63.2962429578062 67.6824708881119 73.4536952252117 68.3380885337618 37.0717676910287 14.6680972392187 20.2756778643804 44.0083661575097 69.9734897977984 78.0356147072906 89.1465508665357 92.224105714934 65.7142485606456 38.1849826841373 26.5672855588118 37.6634133670503 19.2755686520769 31.5146892362401 62.2328678975437 74.0110417937535 54.2855741406677 48.493863630282 60.6961441267501 43.4044190306973 18.7419025741398
47.021560498634 34.3351013233731 41.8669784662199 38.6907300157136 16.5791317039472 36.996860213217 67.5798213929279 97.9155642706571 124.024805609059 129.413275277613 117.201260850249 89.8793908747306 59.9887026399904 30.4567500514568 22.5967278119278 49.5627699706509 75.6283038360245 83.8385589758588 92.8762910574307 105.373688498051 97.1244252459737 93.8050461118133 101.248889982851 100.284647457698 80.5000393611889 56.8609328617862 41.1453903308922 26.4896645351116 46.2101784410197 75.0457606107614 101.340619725047 108.879964962408 87.5269543004581 57.7026692452537 26.6035018883471 18.6845509637299 40.9310714807148 28.1601559570927 37.5613290217547 63.3016647592139 55.9496208480963 30.6047830339728 18.6088434677761 45.3075093149021 35.5789730856695 14.4989328988575
66.8697325569801 15.1599814971151 37.4531770812122 55.4662261415656 46.8194222384118 56.5557697215587 79.1905937252106 102.242370669725 110.073406654492 115.210140169745 115.818479741932 90.5535479215065 61.0907332206501 32.7450218058106 25.5190931960559 50.4715405393491 80.0950229839683 105.982805176113 116.465380754172 119.74770359621 112.86634088206 100.138819545604 90.786235557619 92.3849370904046 94.7152555748994 86.5876655420254 73.9933461746998 61.800390475793 70.5614358934894 89.6055390376331 112.820268079631 107.926610693526 79.090199790789 49.1345160752133 21.9445302993468 26.1877299985606 42.823385429549 48.5084720885862 62.3715553732471 71.0628808317436 43.7767962012535 16.1630804567706 25.3864814006883 49.6029171485042 49.6323167859435 38.6341999572534
63.8121441696889 64.5457680174809 93.9226915838229 93.6020313093946 68.9935611871833 68.4074842842198 84.2169476517477 85.3729646133839 80.6781364550524 87.9267584281735 103.450951949259 100.910877463252 77.7204655886 59.639421029922 56.2501012694655 70.143178995461 92.6404588989866 114.106197815079 108.808846829295 97.3971999989788 91.7170581761698 75.2953706157656 60.4656979930658 60.2514072247951 75.5726658478736 89.3396870607634 92.9383424185653 93.8042948573983 96.9370863871511 110.655812406325 125.094715942804 107.325557125955 78.013060948531 46.9278068008829 17.6412813701055 24.9514567270639 17.402909280971 32.2721328737034 63.4530210571328 78.4538469363183 54.3773178061023 36.3710190486391 45.2312934978608 69.0030952221945 72.7095671546482 68.2997589504572
46.8509242756791 64.6281338229577 100.940477501819 98.7277307408018 77.4176574427939 66.9029552645243 80.6140201532425 59.7186645237983 49.1292298911811 61.3080320497456 84.2210336778173 97.3205491423552 93.04782647135 88.2271393403305 87.1626501126372 95.8554481355373 111.171448153786 107.176216632068 85.2401762617345 68.3836337174995 63.3919188396165 52.4925475516462 30.1564292958324 30.5854780000836 53.026516996907 62.3159782172498 77.9990838141277 97.0260630327826 110.559167802228 126.93740820027 133.423222329724 112.972464429282 86.9820723653575 61.5791392480807 44.5313466725069 43.2606577484407 29.7241039444292 40.5833024462112 67.544040723868 90.3308067848447 78.709634256186 68.2452065447604 68.2778743034712 60.4099463781218 55.2472595054417 59.6535836049352
