0.643448 0.00730364 9.9991E-05 0.0376608 0.0791898 0.0339881 0.19831
0.764939 0.0207107 9.9982E-05 9.9982E-05 0.0659454 0.024751 0.123454
0.652409 0.0137273 0.0132306 0.146464 0.00243134 0.171637 9.9991E-05
0.582855 0.0100399 9.9982E-05 0.0378469 9.9982E-05 0.168879 0.200179
0.657368 9.9973E-05 0.0450516 9.9973E-05 0.0266361 9.9973E-05 0.270645
0.680392 9.9973E-05 9.9973E-05 9.9973E-05 0.0840751 0.0304063 0.204827
0.457872 9.9982E-05 9.9982E-05 0.0315578 0.133004 0.0203623 0.357004
0.611523 0.048559 9.9991E-05 0.023316 0.015786 0.0362057 0.264511
0.703393 0.0166292 0.0420781 0.109707 0.0672367 0.00635685 0.0545995
0.486597 0.0244714 9.9982E-05 0.160614 9.9982E-05 0.261109 0.0670088
0.220529 0.054334 0.125172 0.0221261 9.9991E-05 0.4281 0.149638
0.411822 0.00601308 0.0630986 0.205461 9.9991E-05 0.15828 0.155225
9.9982E-05 0.0377293 0.0361276 0.035217 9.9982E-05 0.778389 0.112337
0.433832 9.9982E-05 0.0960527 0.191582 9.9982E-05 0.230058 0.0482756
0.476633 0.0411974 0.0614159 0.131486 0.0144487 9.9991E-05 0.274719
0.593127 0.0190142 9.9982E-05 0.0391673 9.9982E-05 0.245844 0.102648
0.562322 9.9982E-05 0.0408812 0.180768 9.9982E-05 0.0601258 0.155703
0.906763 0.0215772 0.0366708 0.0346894 9.9973E-05 9.9973E-05 9.9973E-05
0.0773626 0.0440381 0.0776956 0.526618 0.103989 0.0688636 0.101434
0.21173 9.9973E-05 9.9973E-05 0.633963 0.0425873 0.111419 9.9973E-05
0.176911 0.0227467 0.00718387 0.681014 9.9991E-05 0.045463 0.0665818
0.0885015 9.9982E-05 0.0584162 0.742649 0.0147084 0.0955248 9.9982E-05
9.9982E-05 0.0362311 9.9982E-05 0.854864 0.0390942 0.0382231 0.0313875
0.216807 0.0523444 9.9973E-05 0.691147 0.0394013 9.9973E-05 9.9973E-05
9.9973E-05 9.9973E-05 9.9973E-05 0.619725 0.0239534 0.0528935 0.303129
0.0370559 0.00797426 9.9982E-05 0.867545 0.0329964 9.9982E-05 0.0542281
9.999E-05 0.0481859 0.0138589 0.888283 0.0383496 0.00984283 0.00137975
0.00144281 0.0377617 9.9973E-05 0.832126 0.128369 9.9973E-05 9.9973E-05
0.116125 9.9964E-05 9.9964E-05 0.821575 0.0619 9.9964E-05 9.9964E-05
9.9973E-05 9.9973E-05 0.00713811 0.809424 0.0850545 9.9973E-05 0.0980837
0.0526584 0.0108936 9.9973E-05 0.860182 0.0759664 9.9973E-05 9.9973E-05
0.044607 0.046237 0.0851196 0.814858 9.9982E-05 0.00897854 9.9982E-05
9.9973E-05 0.0582645 9.9973E-05 0.786474 0.0416024 9.9973E-05 0.11336
0.305958 0.0545267 9.9982E-05 0.128561 9.9982E-05 0.23715 0.273604
0.506866 9.9973E-05 0.0461033 0.270727 9.9973E-05 9.9973E-05 0.176003
0.129688 9.9973E-05 0.0836246 0.129606 9.9973E-05 9.9973E-05 0.656781
0.289078 0.00677343 9.9991E-05 0.0641454 0.0207937 0.118839 0.50027
0.304877 0.00308829 0.0845038 0.184196 9.9991E-05 0.25981 0.163425
9.995E-05 0.9994 9.995E-05 9.995E-05 9.995E-05 9.995E-05 9.995E-05
9.9982E-05 0.0197882 0.0448639 0.781082 9.9982E-05 0.118044 0.0360219
0.59843 9.9982E-05 0.0442304 0.0741239 0.104329 9.9982E-05 0.178686
0.673665 9.9973E-05 9.9973E-05 0.0927038 9.9973E-05 0.167384 0.0659477
0.262313 9.9982E-05 9.9982E-05 0.230382 0.150704 0.243759 0.112641
0.209759 0.0551936 0.0668323 0.0221963 0.0583259 0.587593 9.9991E-05
9.9982E-05 0.0117887 9.9982E-05 0.0306156 0.103285 0.80212 0.0519907
9.995E-05 0.9994 9.995E-05 9.995E-05 9.995E-05 9.995E-05 9.995E-05
0.239327 0.0482363 0.0734597 0.200105 9.9991E-05 0.188708 0.250064
0.0723842 9.9982E-05 9.9982E-05 0.0785656 0.154628 0.371604 0.322619
0.317856 0.0276564 0.103687 0.327261 0.0150692 0.13246 0.0760102
0.00800493 0.0244504 0.377989 9.9991E-05 0.456129 0.0746266 0.0587003
9.9991E-05 0.0314374 0.501255 0.0204306 0.350489 0.0700781 0.0262094
0.0730847 9.9973E-05 0.447996 9.9973E-05 0.406396 9.9973E-05 0.0722241
9.9973E-05 0.0561681 0.492484 9.9973E-05 0.200805 0.250243 9.9973E-05
9.9982E-05 0.0405745 0.735496 0.0280733 0.121896 9.9982E-05 0.0737605
9.9973E-05 9.9973E-05 0.542824 0.0487516 0.332791 9.9973E-05 0.0753339
0.226087 9.9964E-05 0.724648 9.9964E-05 0.0488645 9.9964E-05 9.9964E-05
0.0131365 0.0331348 0.359922 0.0242226 0.526983 0.0357507 0.00685078
9.99549E-05 0.000884371 9.99549E-05 9.99549E-05 0.998616 9.99549E-05 9.99549E-05
0.0445079 0.0331959 0.746386 9.9982E-05 0.0705209 0.105189 9.9982E-05
0.139485 0.0338124 0.232463 9.9982E-05 0.419253 0.174787 9.9982E-05
9.995E-05 9.995E-05 9.995E-05 9.995E-05 0.9994 9.995E-05 9.995E-05
0.0272422 9.9982E-05 0.487576 0.0660035 0.218447 0.200532 9.9982E-05
0.0764536 0.0728115 0.141661 9.9982E-05 0.182545 0.526329 9.9982E-05
0.156934 0.0183106 0.0846173 0.705847 9.9982E-05 9.9982E-05 0.0340915
0.212881 0.0237613 9.9982E-05 0.674757 0.0480866 0.0403145 9.9982E-05
0.0660027 0.0247912 9.9982E-05 0.804444 0.0314884 9.9982E-05 0.0730733
0.069244 9.9991E-05 0.684579 0.0416826 0.0670714 0.0784384 0.0588848
9.9982E-05 0.079367 0.41435 9.9982E-05 0.113725 0.370317 0.0220413
0.0565645 0.000206212 0.708341 0.0500334 0.0502648 0.13449 9.9991E-05
9.9973E-05 0.0420971 0.517498 9.9973E-05 0.15457 0.285535 9.9973E-05
0.0895419 0.0504184 0.785422 0.000928131 0.0734897 9.9982E-05 9.9982E-05
0.259051 0.00262237 9.9973E-05 9.9973E-05 0.14267 0.595356 9.9973E-05
0.15747 0.0104877 9.9982E-05 9.9982E-05 0.126827 0.685101 0.0199146
9.9964E-05 9.9964E-05 9.9964E-05 9.9964E-05 0.157018 0.675932 0.16665
9.9955E-05 0.0267695 9.9955E-05 9.9955E-05 9.9955E-05 0.972731 9.9955E-05
9.9973E-05 0.0281562 9.9973E-05 0.0322942 9.9973E-05 0.839843 0.099407
9.9973E-05 0.0173082 0.00692604 9.9973E-05 0.0278399 0.947626 9.9973E-05
9.9991E-05 0.0132494 0.020093 0.108436 0.0113848 0.717964 0.128773
9.9973E-05 9.9973E-05 0.529787 9.9973E-05 0.147042 0.232693 0.0901778
0.0803357 0.0958985 0.35517 0.0722366 0.129109 0.214195 0.0530559
0.0196501 0.0140261 0.533617 0.0500604 0.307314 0.0752326 9.9991E-05
9.9982E-05 0.0588311 0.501812 0.0739641 0.289945 0.0752477 9.9982E-05
0.0106924 0.0346071 0.741182 9.9982E-05 9.9982E-05 0.0361786 0.17714
0.0886455 0.015815 0.0547882 0.652691 9.9982E-05 0.18786 9.9982E-05
9.9982E-05 9.9982E-05 0.146994 0.101216 0.177752 0.480971 0.0928664
0.0254944 9.9973E-05 0.087496 9.9973E-05 0.00416979 0.88254 9.9973E-05
9.995E-05 0.9994 9.995E-05 9.995E-05 9.995E-05 9.995E-05 9.995E-05
0.624596 9.9982E-05 9.9982E-05 0.157322 0.055781 0.0562085 0.105892
0.864327 0.0204137 9.9982E-05 0.0106771 0.0586511 0.0457307 9.9982E-05
0.493809 0.0378173 9.9991E-05 0.0914853 0.113445 0.145578 0.117765
0.395085 0.0361761 0.104149 0.201558 9.9991E-05 0.204145 0.0587856
0.433685 9.9982E-05 0.047846 0.0851511 0.032693 9.9982E-05 0.400425
9.9964E-05 9.9964E-05 9.9964E-05 9.9964E-05 0.210148 0.759432 0.03002
0.0697879 0.0515087 0.0271894 0.567985 9.9991E-05 0.106789 0.17664
0.0693737 0.0878526 0.229138 9.9973E-05 9.9973E-05 0.613336 9.9973E-05
0.0331925 0.0304511 0.0934869 0.274962 0.00659768 0.176753 0.384557
0.916612 0.0112489 9.9982E-05 0.019324 0.0430934 0.00952201 9.9982E-05
0.324287 0.00248197 0.0148878 0.0768494 9.9991E-05 0.198923 0.382471
0.49626 9.9973E-05 9.9973E-05 0.12247 9.9973E-05 0.356271 0.0246985
0.340548 0.000781535 0.0269017 9.9991E-05 0.0565164 0.212274 0.362878
9.9973E-05 0.0167327 9.9973E-05 0.0254801 9.9973E-05 0.0219007 0.935587
0.694465 9.9964E-05 9.9964E-05 0.0140157 9.9964E-05 0.291119 9.9964E-05
9.9991E-05 0.0173598 0.110848 0.05748 0.139704 0.502782 0.171727
0.0508101 0.0396255 0.0105421 0.0869698 0.147215 0.649035 0.0158026
0.0226269 0.0763922 0.121855 0.0208681 0.0758601 0.682298 9.9991E-05
0.20278 0.0146851 9.9973E-05 0.173282 9.9973E-05 0.608953 9.9973E-05
0.370768 9.9982E-05 0.0591451 0.0470716 0.054661 0.468154 9.9982E-05
0.286305 9.9973E-05 0.0907224 0.435459 9.9973E-05 9.9973E-05 0.187214
0.0149693 0.0155146 0.624009 9.9982E-05 0.161563 9.9982E-05 0.183744
0.0371567 0.0224179 0.557359 9.9982E-05 0.176949 0.205918 9.9982E-05
0.0995425 0.00135208 9.9982E-05 0.115073 0.266827 0.517006 9.9982E-05
0.0477969 0.0311063 9.9991E-05 0.12725 0.241596 0.309484 0.242666
0.0631592 0.043761 9.9991E-05 0.207926 0.319996 0.259393 0.105664
9.9964E-05 9.9964E-05 9.9964E-05 0.698228 9.9964E-05 0.232517 0.0688551
9.9973E-05 0.0327918 0.641161 0.0543006 9.9973E-05 0.271447 9.9973E-05
0.0925158 9.9973E-05 0.412568 9.9973E-05 0.305404 0.189212 9.9973E-05
9.9973E-05 9.9973E-05 0.327817 9.9973E-05 0.191078 0.366202 0.114603
0.12747 0.0524209 9.9991E-05 0.454318 0.037848 0.0217712 0.306071
0.733535 0.00503073 0.0548419 0.155832 0.00968042 9.9991E-05 0.0409803
0.560929 0.0458067 0.0427488 0.00163935 9.9991E-05 0.141654 0.207122
0.642774 9.9973E-05 0.0679363 9.9973E-05 0.0872485 9.9973E-05 0.201742
0.425398 9.9982E-05 9.9982E-05 0.311706 0.00293682 0.0408512 0.218908
0.598014 0.00782293 9.9991E-05 0.100406 0.0304179 0.0954624 0.167777
0.810837 0.000945614 0.045849 9.9982E-05 9.9982E-05 0.0404166 0.101752
0.926794 0.00455197 0.0105978 9.9973E-05 0.0577563 9.9973E-05 9.9973E-05
0.451247 9.9973E-05 0.0496359 0.360986 9.9973E-05 0.137831 9.9973E-05
0.546521 9.9982E-05 0.0423729 0.204613 9.9982E-05 0.0592882 0.147005
0.500727 0.0416464 9.9982E-05 0.0909097 9.9982E-05 0.184529 0.181989
0.54512 0.0264831 0.0106072 0.051084 9.9991E-05 0.0450215 0.321584
0.419154 0.0144074 0.0686964 0.211104 0.0365136 0.158059 0.0920656
0.690184 0.0525956 0.0174735 9.9991E-05 0.00449875 0.144262 0.0908862
0.319917 0.00162197 9.9991E-05 0.198193 0.0477871 0.265478 0.166904
0.875331 9.9982E-05 0.0164381 9.9982E-05 0.0342551 0.0381803 0.0355959
9.9973E-05 0.00298317 9.9973E-05 0.78159 9.9973E-05 0.0240589 0.191068
0.0163317 9.9964E-05 9.9964E-05 0.896966 9.9964E-05 9.9964E-05 0.0863028
0.00268191 0.0295972 9.99816E-05 0.894539 9.99816E-05 9.99816E-05 0.0728818
0.190467 9.9973E-05 0.0215682 0.690854 0.0968114 9.9973E-05 9.9973E-05
0.122318 0.0470868 0.0193726 0.750638 0.0603618 9.9991E-05 0.000122887
0.429498 0.0207359 0.042942 9.9991E-05 0.0198344 0.185957 0.300932
0.0458889 0.0128571 9.9982E-05 0.168546 0.0231084 9.9982E-05 0.7494
9.9964E-05 9.9964E-05 0.344373 9.9964E-05 0.616279 0.038948 9.9964E-05
0.0151624 0.0503159 0.776224 0.0481383 0.0154612 0.0752007 0.0194977
9.9982E-05 0.0184072 0.749986 0.00855859 0.103873 9.9982E-05 0.118975
9.9982E-05 9.9982E-05 0.592296 0.0849382 0.0873796 0.225532 0.0096544
0.0974787 0.0383899 0.754054 9.9973E-05 0.109778 9.9973E-05 9.9973E-05
9.9982E-05 0.0155468 0.652431 0.15533 0.171332 0.00515987 9.9982E-05
9.9973E-05 0.0087704 0.829544 9.9973E-05 0.0582881 0.103097 9.9973E-05
9.9982E-05 9.9982E-05 0.49143 0.0568757 0.368855 0.049292 0.0333473
0.0531387 9.9973E-05 0.723899 0.0683829 0.154279 9.9973E-05 9.9973E-05
0.0111324 9.9973E-05 0.74516 0.0814258 0.161982 9.9973E-05 9.9973E-05
9.9973E-05 0.0221041 0.825403 9.9973E-05 9.9973E-05 0.0279435 0.124249
0.0633578 0.0383686 0.657727 0.011349 0.129837 0.035678 0.0636831
0.141994 0.010582 0.683651 9.9982E-05 0.133674 9.9982E-05 0.0298988
9.9973E-05 0.0082362 0.675673 0.0932724 0.222519 9.9973E-05 9.9973E-05
9.9982E-05 0.00565025 0.655644 9.9982E-05 0.207075 0.104822 0.026609
0.0289589 0.00465811 0.809106 9.9982E-05 0.116671 9.9982E-05 0.0404061
9.9982E-05 0.0243982 0.833078 0.0555101 0.0299924 9.9982E-05 0.0568216
0.0993978 9.9973E-05 0.1486 0.02667 9.9973E-05 0.725033 9.9973E-05
0.17422 0.00482737 0.0152381 9.9973E-05 9.9973E-05 0.805415 9.9973E-05
9.9973E-05 9.9973E-05 0.859158 9.9973E-05 0.0319254 0.0302716 0.0783454
0.152634 0.0218439 0.43498 9.9982E-05 0.259319 9.9982E-05 0.131024
9.995E-05 9.995E-05 9.995E-05 9.995E-05 0.9994 9.995E-05 9.995E-05
0.0611949 9.9973E-05 9.9973E-05 9.9973E-05 0.261165 0.513279 0.164061
0.828679 9.9973E-05 0.0387977 9.9973E-05 9.9973E-05 0.0848168 0.0474066
0.627993 0.0129577 0.0111406 0.136292 0.00914933 9.9991E-05 0.202367
0.415767 9.9982E-05 9.9982E-05 0.357918 0.0985683 0.111292 0.0162551
0.364026 0.00512479 0.0102357 0.562223 0.0249694 0.0333214 9.9991E-05
9.9973E-05 0.00878291 9.9973E-05 0.71153 9.9973E-05 0.243366 0.0360209
0.0804522 9.9964E-05 9.9964E-05 0.819373 0.0997751 9.9964E-05 9.9964E-05
0.16051 0.00333817 9.9973E-05 0.709805 9.9973E-05 0.126047 9.9973E-05
0.00355854 0.0234808 0.00307239 0.749095 0.0158753 0.125816 0.0791024
9.9991E-05 0.0311466 0.00750479 0.647555 0.0422835 0.195177 0.0762331
0.186298 0.0190911 0.10182 0.692492 9.9973E-05 9.9973E-05 9.9973E-05
0.674123 0.0025495 0.0744932 0.00636445 9.9991E-05 0.0100434 0.232326
0.437715 0.0381552 9.9982E-05 0.00960419 0.113784 9.9982E-05 0.400541
9.99639E-05 0.0396282 9.99639E-05 9.99639E-05 0.0664479 9.99639E-05 0.893524
9.995E-05 9.995E-05 9.995E-05 9.995E-05 9.995E-05 9.995E-05 0.9994
9.995E-05 9.995E-05 9.995E-05 9.995E-05 9.995E-05 9.995E-05 0.9994
9.9955E-05 9.9955E-05 9.9955E-05 9.9955E-05 9.9955E-05 0.147455 0.852046
0.410053 9.9982E-05 9.9982E-05 0.135778 0.0421942 0.245489 0.166286
0.613567 0.0174825 9.9982E-05 0.10374 0.122992 0.142019 9.9982E-05
0.490522 0.0524348 0.0883346 0.0769673 9.9991E-05 0.14 0.151641
0.231958 0.0414184 0.056614 0.133001 9.9991E-05 0.0664666 0.470441
0.371653 0.0327225 0.0561776 0.112505 9.9991E-05 0.0617851 0.365057
0.0965395 0.137236 0.0902515 0.648693 0.0150485 0.0121309 9.9991E-05
0.0773254 0.00727959 0.20015 9.9991E-05 0.647314 0.0253257 0.0425053
9.9982E-05 0.0526801 0.557088 0.0702788 0.261524 9.9982E-05 0.0582297
9.9955E-05 9.9955E-05 0.842864 9.9955E-05 9.9955E-05 0.156637 9.9955E-05
0.10268 0.00461937 0.737206 0.0474257 0.0288041 0.0791643 9.9991E-05
0.0213277 9.9991E-05 0.754509 0.0848708 0.0659982 0.0157015 0.0574926
0.209273 0.0201965 0.0408965 0.258443 0.0822407 0.15732 0.23163
0.449121 0.0289537 9.9982E-05 0.22082 9.9982E-05 0.151454 0.149452
0.739519 0.065557 9.99859E-05 0.0441039 0.0659 9.99859E-05 0.0847206
0.570478 0.0485468 0.00178074 0.159152 9.9982E-05 0.219843 9.9982E-05
