9.9991E-05 0.697571 0.138056 0.164273
0.00608355 0.807958 0.0696846 0.116274
0.0135228 0.689868 0.219324 0.077286
0.00590588 0.763449 0.0215959 0.209049
0.053567 0.946233 9.9982E-05 9.9982E-05
0.0575517 0.926247 9.9991E-05 0.0161014
0.0239042 0.766752 0.0640672 0.145277
9.999E-05 0.809285 0.00601274 0.184602
0.13069 0.703607 0.102474 0.063229
9.999E-05 0.517787 0.1837 0.298414
0.114504 0.320502 0.109305 0.455689
0.022507 0.538764 0.219515 0.219215
0.0453572 0.0889747 0.0146504 0.851018
0.0632493 0.493274 0.218378 0.225099
0.0989218 0.725318 0.17566 9.9991E-05
9.9991E-05 0.684292 0.0721814 0.243427
9.9991E-05 0.655776 0.223145 0.120979
0.00845057 0.898868 0.092581 9.9991E-05
0.158914 0.156246 0.574196 0.110643
0.00660822 0.224513 0.644661 0.124217
0.0597085 0.280343 0.659849 9.9991E-05
9.9991E-05 0.0306658 0.811636 0.157598
9.9982E-05 9.9982E-05 0.896397 0.103403
0.024231 0.129995 0.83383 0.0119437
9.9991E-05 0.213154 0.673393 0.113354
9.9982E-05 0.100547 0.899253 9.9982E-05
0.0649645 9.9982E-05 0.934836 9.9982E-05
0.079648 9.9991E-05 0.89059 0.0296619
0.0130824 0.130571 0.856247 9.9991E-05
0.0798939 0.104781 0.815226 9.9991E-05
0.0689027 0.030719 0.900278 9.9991E-05
0.0480772 0.0512948 0.884755 0.0158726
0.0430435 0.041967 0.843363 0.0716267
0.0144539 0.552167 0.194321 0.239058
0.0371127 0.664766 0.298022 9.9991E-05
0.0790917 0.737951 0.123315 0.0596422
9.9991E-05 0.680575 0.0683394 0.250985
0.0847727 0.564137 0.143346 0.207744
0.337231 9.9982E-05 0.662569 9.9982E-05
0.0344872 0.00603822 0.784041 0.175434
0.117026 0.727435 0.155439 9.9991E-05
9.9991E-05 0.666728 0.136886 0.196286
0.149434 0.320954 0.236536 0.293076
0.149571 0.102658 0.122662 0.625108
0.0297138 0.028858 0.0205268 0.920901
0.36765 9.9991E-05 0.618393 0.0138574
0.0161591 0.507826 0.177957 0.298058
0.0827727 0.33213 0.084498 0.5006
0.0748456 0.28289 0.372129 0.270136
0.784863 0.0812581 0.0332758 0.100603
0.783886 9.9991E-05 0.0531886 0.162825
0.819422 0.180378 9.9982E-05 9.9982E-05
0.71601 0.0570317 9.9991E-05 0.226858
0.830278 0.0671646 0.102458 9.9991E-05
0.85147 0.0619761 0.0864539 9.9991E-05
0.74481 0.196131 9.9991E-05 0.0589587
0.858111 0.0714508 0.00156128 0.0688768
0.881902 9.9982E-05 0.117898 9.9982E-05
0.867235 0.112066 9.9991E-05 0.0205989
0.618041 0.0999147 9.9991E-05 0.281944
0.892667 9.9991E-05 0.0946426 0.0125901
0.711688 0.0696733 0.0763511 0.142287
0.359608 0.00100187 0.0661942 0.573196
0.0623073 0.118209 0.771981 0.0475028
0.0549204 0.182309 0.762671 9.9991E-05
9.9982E-05 0.124309 0.875491 9.9982E-05
0.71597 0.122024 9.9991E-05 0.161906
0.532883 0.0567353 0.00987947 0.400502
0.747906 9.9991E-05 0.0300526 0.221942
0.706639 9.9991E-05 0.0509875 0.242273
0.858762 0.106065 0.0350736 9.9991E-05
0.152417 0.225272 9.9991E-05 0.622212
0.0934117 0.204578 9.9991E-05 0.70191
0.0547721 0.0401603 0.0534441 0.851623
9.998E-05 9.998E-05 9.998E-05 0.9997
9.9982E-05 9.9982E-05 0.0886711 0.911129
9.9982E-05 9.9982E-05 0.0301378 0.969662
0.0799922 0.0752275 0.146503 0.698278
0.635186 0.0984685 9.9991E-05 0.266246
0.468677 0.116826 0.0814059 0.333091
0.709746 9.9991E-05 0.0751815 0.214972
0.756402 9.9991E-05 0.0689572 0.174541
0.756212 0.243588 9.9982E-05 9.9982E-05
9.9991E-05 0.049938 0.723927 0.226035
0.279288 0.0840907 0.108689 0.527932
0.0834647 0.0640519 9.9991E-05 0.852383
0.393481 9.9982E-05 0.606319 9.9982E-05
9.9991E-05 0.643246 0.216457 0.140197
9.9991E-05 0.703908 0.148806 0.147186
0.0105662 0.57803 0.177797 0.233607
0.067284 0.359506 0.279046 0.294164
0.0803546 0.864638 0.0504343 0.00457307
0.153129 9.9982E-05 9.9982E-05 0.846671
0.020703 0.190235 0.576725 0.212337
0.281023 0.131888 0.044591 0.542498
0.0598498 0.237893 0.303107 0.39915
0.00381027 0.824104 0.171986 9.9991E-05
9.9991E-05 0.6465 0.0753672 0.278033
9.9991E-05 0.569227 0.0833337 0.34734
0.0492676 0.678669 0.0106668 0.261396
9.9991E-05 0.458392 0.0969937 0.444515
9.9991E-05 0.756487 0.0180028 0.22541
0.247703 0.119753 0.0378238 0.59472
0.165766 0.0808514 0.0791044 0.674279
0.235298 0.102892 0.0341608 0.62765
9.9991E-05 0.166409 0.16239 0.671101
0.0422935 0.258697 0.0823281 0.616681
0.056664 0.465614 0.44305 0.0346729
0.770176 0.229624 9.9982E-05 9.9982E-05
0.713344 0.0478508 0.0223398 0.216465
0.178958 0.0640825 0.166974 0.589985
0.198801 0.252818 0.126383 0.421998
0.144567 0.0408182 0.319349 0.495266
9.9982E-05 9.9982E-05 0.723362 0.276438
0.629765 9.9991E-05 0.0462932 0.323842
0.657268 0.017059 9.9991E-05 0.325573
0.474972 0.101092 9.9991E-05 0.423835
0.0737412 0.348411 0.512374 0.065473
0.0640909 0.693311 0.242498 9.9991E-05
0.0300706 0.736621 0.0405509 0.192758
0.089588 0.807018 0.0191996 0.0841945
9.9991E-05 0.590743 0.343445 0.065712
9.9991E-05 0.678506 0.174258 0.147137
0.0253239 0.820098 0.120001 0.0345772
0.0871957 0.912604 9.9982E-05 9.9982E-05
0.0125124 0.514562 0.346113 0.126812
9.9991E-05 0.754861 0.107747 0.137292
9.9991E-05 0.644752 0.176173 0.178975
9.9991E-05 0.699402 0.0931662 0.207332
0.105117 0.552148 0.263633 0.0791018
0.0804042 0.765129 0.0532487 0.101218
9.9991E-05 0.501742 0.150918 0.347239
0.00205231 0.790636 0.0515065 0.155805
9.9982E-05 9.9982E-05 0.856455 0.143345
9.9991E-05 0.00581388 0.879664 0.114422
9.9982E-05 0.0267456 0.973054 9.9982E-05
0.0932488 0.118835 0.786176 0.0017402
0.0397177 0.0729764 0.78497 0.102336
0.049228 0.665876 9.9991E-05 0.284796
9.9991E-05 0.642623 0.181356 0.175922
0.949037 9.9982E-05 9.9982E-05 0.0507633
0.786246 0.031888 0.0150892 0.166777
0.880131 0.115816 0.00395321 9.9991E-05
0.602892 0.0699186 0.00582151 0.321368
0.910696 0.0588698 9.9991E-05 0.0303338
0.831242 0.0692155 0.0994421 9.9991E-05
0.883569 0.0692567 9.9991E-05 0.0470748
0.869823 9.9991E-05 0.0643605 0.065717
0.857442 0.00224953 0.0728541 0.0674547
0.831895 9.9991E-05 0.0865761 0.0814285
0.789425 0.0451617 9.9991E-05 0.165313
0.797445 0.0918505 0.0567623 0.0539417
0.835863 0.131213 0.0328234 9.9991E-05
0.899712 9.9982E-05 0.100088 9.9982E-05
0.791818 9.9991E-05 0.0229409 0.185141
0.910327 0.0894729 9.9982E-05 9.9982E-05
0.864576 0.0336922 0.0726199 0.0291118
0.117643 9.9991E-05 0.012749 0.869508
9.9991E-05 0.15551 0.0196055 0.824784
0.828934 0.0521206 9.9991E-05 0.118845
0.675971 0.237364 9.9991E-05 0.0865644
0.860599 9.9991E-05 0.0513719 0.0879296
0.0962671 0.14327 9.9991E-05 0.760363
0.0382916 0.860212 0.0115679 0.0899283
0.00913891 0.774338 0.216423 9.9991E-05
0.0154781 0.367602 0.481898 0.135022
9.9991E-05 0.22579 0.605503 0.168607
9.9982E-05 9.9982E-05 0.779158 0.220642
0.0766555 0.0968604 0.824933 0.00155084
9.9991E-05 0.166573 0.787672 0.0456554
0.00540036 0.112465 0.791972 0.0901625
0.101835 0.0266948 0.746141 0.125329
0.0671016 0.144373 0.788425 9.9991E-05
0.0297936 0.772088 0.121518 0.0766
0.0962008 0.752423 0.100237 0.0511391
0.0452676 0.736524 9.9991E-05 0.218108
9.9982E-05 0.694722 9.9982E-05 0.305078
9.9982E-05 0.774884 9.9982E-05 0.224916
9.9982E-05 0.556483 9.9982E-05 0.443317
9.9991E-05 0.620215 0.168161 0.211524
0.0406379 0.520862 0.194209 0.244292
0.0329737 0.643796 0.127821 0.195409
0.0190112 0.541585 0.194672 0.244731
0.0322415 0.72744 0.0810266 0.159292
0.115742 0.0619969 0.735587 0.0866736
0.738351 0.0322474 0.0224173 0.206984
0.803184 0.0586173 0.0912017 0.0469966
0.82876 9.9982E-05 9.9982E-05 0.17104
0.709944 0.118478 0.00571819 0.16586
0.814657 0.0747208 0.0713221 0.0392997
0.126484 0.480002 0.250559 0.142955
0.0303513 0.540028 0.287952 0.141669
0.033007 0.770905 0.144072 0.052016
9.9991E-05 0.469603 0.302275 0.228022
