0.0126254 0.209395 9.9991E-05 0.77788
0.0653652 0.0699149 9.9991E-05 0.86462
0.0189679 0.302077 0.0264048 0.65255
0.00625103 0.104214 0.0182881 0.871247
0.0240748 0.0796301 0.0295381 0.866757
0.00218423 0.0398303 0.0429554 0.91503
9.999E-05 0.104035 0.0308845 0.864981
0.0534496 9.9982E-05 9.9982E-05 0.94635
0.0327624 0.245164 0.0851765 0.636897
0.0382797 0.250033 0.0244784 0.687209
0.0576078 0.100294 0.219387 0.622711
0.0190823 0.311359 0.0782639 0.591295
0.0621506 0.129944 0.30313 0.504775
0.00681948 0.308538 0.109889 0.574754
0.0457048 0.296932 0.054423 0.60294
0.0279283 0.0993662 0.00251337 0.870192
0.00802901 0.318327 9.9991E-05 0.673544
0.0214165 0.103066 9.9991E-05 0.875418
0.0650402 0.578655 0.186624 0.169681
9.9991E-05 0.74262 0.0215533 0.235726
0.010147 0.713258 0.0093019 0.267293
0.0121226 0.900477 0.051874 0.0355263
0.0496052 0.950195 9.9982E-05 9.9982E-05
0.0228837 0.916656 0.00492333 0.0555369
9.9982E-05 0.729372 9.9982E-05 0.270428
0.0022151 0.997585 9.9982E-05 9.9982E-05
0.0302972 0.958536 0.0110668 9.9991E-05
0.0315375 0.922662 0.0457003 9.9991E-05
9.998E-05 0.9997 9.998E-05 9.998E-05
9.9991E-05 0.873606 0.0896376 0.0366564
0.0024845 0.973282 0.0241333 9.9991E-05
0.0490811 0.901309 0.0117924 0.0378172
0.0770035 0.866306 9.9991E-05 0.0565904
0.0754178 0.232203 0.0241743 0.668204
0.0100416 0.318772 0.00878774 0.662399
9.9991E-05 0.133417 0.0472315 0.819252
0.0171537 0.0797256 0.0479822 0.855139
0.0147673 0.211208 0.109396 0.664629
0.9997 9.998E-05 9.998E-05 9.998E-05
0.0098981 0.854207 0.0483476 0.087547
0.0118026 0.216907 0.0763997 0.69489
0.00927362 0.201395 9.9991E-05 0.789232
0.00803808 0.353389 0.189078 0.449494
0.0535765 0.165151 0.310783 0.470489
0.0492911 0.0460845 0.28005 0.624574
0.9997 9.998E-05 9.998E-05 9.998E-05
0.0817263 0.266475 0.0553502 0.596448
9.9991E-05 0.197619 0.194848 0.607433
0.0435378 0.415099 0.146721 0.394643
0.0453381 0.0194468 0.849406 0.0858093
0.0297539 0.0194944 0.892663 0.058089
9.9982E-05 9.9982E-05 0.840592 0.159208
0.0623456 9.9991E-05 0.833538 0.104016
0.0535931 0.0960186 0.850288 9.9991E-05
0.000730163 0.0860998 0.901684 0.011486
9.9982E-05 9.9982E-05 0.706243 0.293557
0.0376753 0.0282451 0.890434 0.0436454
0.0500721 0.0869766 0.862851 9.9991E-05
0.0347417 9.9991E-05 0.910291 0.0548669
0.0397847 9.9991E-05 0.702299 0.257816
0.0130418 0.0772807 0.909577 9.9991E-05
0.00178431 0.131394 0.788555 0.0782658
0.0944856 0.0730802 0.518786 0.313648
0.00676687 0.831274 0.0207124 0.141247
0.0299416 0.836213 0.0181871 0.115658
0.00254024 0.822861 9.9991E-05 0.174498
0.00286674 0.0924995 0.792155 0.112478
0.0858089 0.00543256 0.66806 0.240698
0.0186508 0.0798002 0.838555 0.0629939
0.057839 0.01228 0.843245 0.0866357
0.0278757 0.083479 0.888545 9.9991E-05
0.0436408 9.9991E-05 0.307564 0.648695
0.0118469 0.0946424 0.336534 0.556977
0.00989571 0.0508381 0.334879 0.604387
0.0366833 9.9991E-05 0.288747 0.67447
0.0463915 0.164861 0.241839 0.546908
0.0397868 0.0129348 0.332056 0.615222
0.0213002 0.128925 0.275541 0.574234
9.9982E-05 9.9982E-05 0.775333 0.224467
0.12394 0.0477629 0.537647 0.29065
0.0340463 0.0906944 0.849437 0.0258226
0.0462062 0.13399 0.819704 9.9991E-05
0.0270504 9.9991E-05 0.778312 0.194538
0.0148765 0.772628 0.0359226 0.176573
9.9991E-05 0.109128 0.455555 0.435217
0.00877659 9.9991E-05 0.388013 0.60311
0.9997 9.998E-05 9.998E-05 9.998E-05
9.9982E-05 0.239046 9.9982E-05 0.760754
0.0473598 0.187914 9.9991E-05 0.764626
0.0514968 0.302159 0.00985472 0.636489
0.034112 0.307429 0.132232 0.526227
9.9991E-05 0.111389 0.0336959 0.854815
9.9991E-05 0.0645619 0.459249 0.47609
0.0294626 0.593988 0.0752909 0.301258
0.104552 9.9991E-05 0.386891 0.508457
0.0340274 0.359548 0.134748 0.471677
0.00497303 0.199594 9.9991E-05 0.795333
9.9991E-05 0.132849 0.0322334 0.834818
9.9991E-05 0.176082 0.0116182 0.8122
0.024119 0.103457 0.0802987 0.792125
0.0229721 0.0174461 0.0422554 0.917326
0.0139448 0.118696 9.9991E-05 0.867259
0.0466056 0.0205215 0.460055 0.472818
0.105777 0.0156786 0.317326 0.561219
0.10269 9.9991E-05 0.411425 0.485785
0.0149549 0.270324 0.0999432 0.614778
9.9991E-05 0.180755 0.244436 0.574709
9.9991E-05 0.472718 0.0399328 0.48725
0.0236779 9.9991E-05 0.827724 0.148498
0.0438563 0.0650301 0.822372 0.0687417
0.00827458 0.182365 0.360748 0.448612
0.0491301 0.102524 0.297317 0.551029
0.0704713 0.303919 0.31129 0.31432
9.9991E-05 0.860308 0.0166036 0.122989
0.0508424 0.118643 0.795436 0.0350788
9.9982E-05 9.9982E-05 0.805819 0.193981
9.9982E-05 9.9982E-05 0.655869 0.343931
0.0778388 0.525201 0.0295701 0.367391
0.00817051 0.339647 0.0631174 0.589065
0.0254363 0.0424012 0.063704 0.868459
9.9991E-05 0.0890032 0.0804942 0.830403
9.9982E-05 0.464409 9.9982E-05 0.535391
0.0242234 0.246343 9.9991E-05 0.729333
9.9991E-05 0.169507 0.0210554 0.809337
0.0213196 0.0259583 0.0442974 0.908425
9.9991E-05 0.430536 0.00998547 0.559379
0.00514538 0.164171 9.9991E-05 0.830584
0.0369087 0.259057 9.9991E-05 0.703934
0.0173564 0.129139 9.9991E-05 0.853404
9.9991E-05 0.276983 0.140822 0.582095
0.0414715 0.0910639 0.0449904 0.822474
0.0217856 0.271557 0.0676679 0.63899
9.9982E-05 0.105137 9.9982E-05 0.894663
9.9982E-05 0.910662 9.9982E-05 0.0891377
9.9982E-05 0.97874 9.9982E-05 0.0210601
0.0260774 0.973723 9.9982E-05 9.9982E-05
0.0100301 0.851612 0.055926 0.082432
0.00359684 0.907236 0.0493368 0.0398303
0.0417849 0.00859852 0.114315 0.835302
0.0335954 0.187755 9.9991E-05 0.778549
9.998E-05 9.998E-05 0.9997 9.998E-05
0.0401799 0.0821019 0.845309 0.0324095
0.00649615 9.9991E-05 0.916956 0.0764475
0.0119944 0.0637793 0.776082 0.148145
0.0169061 9.9991E-05 0.927009 0.0559854
9.99889E-05 0.135993 0.863807 9.99889E-05
0.0113211 9.9991E-05 0.9508 0.0377787
9.9982E-05 0.100153 0.899647 9.9982E-05
9.9982E-05 0.0986634 0.901137 9.9982E-05
9.9982E-05 0.0817123 0.918088 9.9982E-05
0.020489 9.9991E-05 0.876903 0.102508
0.0271088 0.0774077 0.802781 0.0927023
0.00486228 0.0803417 0.81998 0.0948156
0.0202248 0.0719019 0.907773 9.9991E-05
0.00448787 0.0204379 0.939748 0.0353261
0.0480625 9.9991E-05 0.921832 0.0300057
0.00730929 0.085589 0.907002 9.9991E-05
0.00510362 0.103967 0.37608 0.514849
0.00936397 0.00393785 0.250143 0.736555
9.9982E-05 9.9982E-05 0.954172 0.0456277
0.0232216 9.9991E-05 0.73173 0.244948
0.00320464 0.0440945 0.952601 9.9991E-05
9.9982E-05 9.9982E-05 0.36412 0.63568
0.0148804 0.00579949 9.9991E-05 0.97922
0.0310786 0.307126 9.9991E-05 0.661696
9.9991E-05 0.487794 0.0651428 0.446963
9.9991E-05 0.704039 0.00736259 0.288498
0.0173358 0.854586 0.0187615 0.109316
9.9991E-05 0.908127 0.0315311 0.0602414
0.0110606 0.831905 9.9991E-05 0.156934
0.00411506 0.788248 0.0479196 0.159717
0.0398239 0.781498 0.108431 0.0702468
0.0495925 0.836649 0.0687192 0.0450394
9.9991E-05 0.108373 0.0107345 0.880792
0.0565464 0.0711109 0.0477699 0.824573
0.0715189 9.9991E-05 0.0251266 0.903255
9.9982E-05 9.9982E-05 0.0244086 0.975391
0.0420632 9.9982E-05 9.9982E-05 0.957737
0.000908492 0.0357444 0.0863234 0.877024
0.0127136 0.215858 0.0332571 0.738171
0.0109317 0.276313 0.0894982 0.623257
0.0548434 0.196565 9.9991E-05 0.748491
0.0236809 0.233073 0.0581965 0.68505
0.0477104 0.197831 0.0180034 0.736455
0.157473 0.683956 0.0774692 0.0811012
0.0289236 0.0346495 0.832111 0.104316
0.0487096 0.100602 0.850589 9.9991E-05
0.00530089 0.0680756 0.926524 9.9991E-05
0.0174166 0.0225353 0.789036 0.171012
0.052086 0.092971 0.846217 0.00872603
0.0132188 0.34449 0.140505 0.501787
0.040547 0.325157 9.9991E-05 0.634196
0.0720776 0.207548 9.9991E-05 0.720274
0.0661298 0.289755 9.9991E-05 0.644015
