0.0253179 0.138221 0.836461
9.999E-05 0.126254 0.873646
9.999E-05 0.242623 0.757277
0.024895 0.0488953 0.92621
0.034251 0.0280643 0.937685
0.0603803 0.0111256 0.928494
0.0597546 0.0737019 0.866543
0.00513058 0.0747291 0.92014
0.0920685 0.221904 0.686027
0.0571706 0.25565 0.687179
0.177784 0.120301 0.701915
0.0920412 0.309711 0.598248
0.340083 0.140356 0.519561
0.0953042 0.256253 0.648443
0.0670178 0.236621 0.696361
9.9991E-05 0.13135 0.86855
0.00180532 0.315172 0.683023
9.9991E-05 0.063196 0.936704
0.205855 0.61558 0.178565
0.0470004 0.752191 0.200808
9.9991E-05 0.797786 0.202114
0.0289041 0.878338 0.0927583
0.00337685 0.996523 9.9991E-05
0.0647312 0.866717 0.0685517
9.9991E-05 0.729993 0.269907
9.9991E-05 0.957722 0.0421781
0.0735133 0.926387 9.9991E-05
0.0675084 0.926079 0.00641244
9.999E-05 0.9998 9.999E-05
0.0766529 0.883745 0.0396025
0.0270968 0.972803 9.9991E-05
0.0425422 0.944085 0.013373
0.0131481 0.876387 0.110465
0.0612374 0.22361 0.715153
0.0163303 0.268195 0.715475
0.076282 0.144699 0.779019
0.0311258 0.104501 0.864373
0.143257 0.140559 0.716183
0.36969 0.63021 9.9991E-05
0.084114 0.915786 9.9991E-05
0.115375 0.177292 0.707332
9.9991E-05 0.20609 0.79381
0.211689 0.367109 0.421202
0.367167 0.174952 0.457882
0.3278 0.0690188 0.603181
0.409246 0.590654 9.9991E-05
0.105053 0.263921 0.631026
0.223918 0.115751 0.660331
0.145742 0.390102 0.464157
0.845215 0.0664684 0.0883167
0.893107 0.0333892 0.0735043
0.874462 0.0174806 0.108057
0.853614 0.0984947 0.0478917
0.917299 0.0826005 9.9991E-05
0.884517 0.0859738 0.0295095
0.763664 9.9991E-05 0.236236
0.882059 0.0307833 0.0871581
0.88854 0.11136 9.9991E-05
0.886499 0.035595 0.0779061
0.753664 0.000338756 0.245998
0.897383 0.102517 9.9991E-05
0.790086 0.12261 0.0873041
0.564164 0.0138939 0.421942
0.0794708 0.742309 0.17822
0.055123 0.86851 0.0763669
9.9991E-05 0.872022 0.127878
0.79246 0.0244881 0.183052
0.690332 0.0817288 0.227939
0.825675 0.102847 0.0714777
0.857965 0.0703367 0.0716988
0.917738 0.0297739 0.0524878
0.346476 9.9991E-05 0.653424
0.33413 9.9991E-05 0.66577
0.33866 9.9991E-05 0.66124
0.344777 0.0085132 0.64671
0.305206 0.125576 0.569218
0.338795 0.0676595 0.593545
0.258865 0.168486 0.572649
0.750183 9.9991E-05 0.249717
0.614934 0.135467 0.249599
0.856257 0.122175 0.0215675
0.875048 0.124852 9.9991E-05
0.79801 0.0148324 0.187157
0.0771715 0.741121 0.181707
0.448777 0.133126 0.418098
0.406951 9.9991E-05 0.592949
0.388913 0.610987 9.9991E-05
9.9991E-05 0.229522 0.770378
9.9991E-05 0.170893 0.829007
0.0386331 0.189324 0.772043
0.146222 0.242879 0.610899
0.0279176 0.0575761 0.914506
0.455109 9.9991E-05 0.544791
0.071416 0.691195 0.237389
0.441963 0.010417 0.54762
0.184905 0.321613 0.493482
9.9991E-05 0.267467 0.732433
9.9991E-05 0.126435 0.873465
0.0154985 0.201921 0.782581
0.0748255 0.111458 0.813717
0.0241906 0.120741 0.855069
9.9991E-05 0.0988979 0.901002
0.45385 0.0779072 0.468243
0.387913 0.197522 0.414565
0.445565 0.043862 0.510573
0.128881 0.240916 0.630203
0.239577 0.18264 0.577783
0.0422258 0.499775 0.457999
0.857771 0.0450637 0.0971655
0.853402 9.9991E-05 0.146498
0.359675 0.147725 0.4926
0.319379 0.171744 0.508877
0.358354 0.288126 0.353521
0.0493819 0.871032 0.0795859
0.819963 0.140622 0.0394142
0.77618 0.0488922 0.174928
0.648586 9.9991E-05 0.351314
0.0514396 0.559115 0.389446
0.0269924 0.269992 0.703016
0.0556314 0.0597404 0.884628
0.105302 0.0786079 0.81609
9.9991E-05 0.487104 0.512796
0.0103179 0.187949 0.801733
9.9991E-05 0.132253 0.867647
9.9991E-05 0.0480075 0.951893
0.0240041 0.439251 0.536745
9.9991E-05 0.144396 0.855504
9.9991E-05 0.192136 0.807764
9.9991E-05 0.121285 0.878615
0.114928 0.289046 0.596026
0.050668 0.0789028 0.870429
0.0783317 0.281843 0.639825
0.0148617 0.135094 0.850044
9.9991E-05 0.904927 0.0949729
9.9991E-05 0.974245 0.0256549
9.9991E-05 0.993895 0.00600481
0.0782376 0.775509 0.146253
0.0228095 0.856668 0.120522
0.112842 9.9991E-05 0.887058
0.0368401 0.226 0.73716
0.9998 9.999E-05 9.999E-05
0.904925 0.0412765 0.0537982
0.903358 0.055849 0.0407929
0.760042 0.0455291 0.194429
0.935659 9.9991E-05 0.0642413
0.86853 0.13137 9.9991E-05
0.9998 9.999E-05 9.999E-05
0.900667 0.0992334 9.9991E-05
0.901338 0.0985622 9.9991E-05
0.916109 0.0837908 9.9991E-05
0.895287 9.9991E-05 0.104613
0.831429 0.0748429 0.0937281
0.840777 0.0898402 0.0693832
0.934993 0.0649068 9.9991E-05
0.886905 0.00383726 0.109258
0.949606 9.9991E-05 0.0502944
0.920149 0.0797515 9.9991E-05
0.379305 0.0633975 0.557298
0.21661 9.9991E-05 0.78329
0.940403 9.9991E-05 0.0594972
0.730783 0.00439639 0.264821
0.965274 0.027103 0.00762331
0.356303 9.9991E-05 0.643597
9.9991E-05 0.0312385 0.968661
9.9991E-05 0.313648 0.686252
0.0590465 0.450018 0.490936
9.9991E-05 0.665364 0.334536
0.0204286 0.867722 0.111849
0.0575118 0.91377 0.0287184
9.9991E-05 0.833074 0.166826
0.0191012 0.835378 0.145521
0.0958549 0.855776 0.0483692
0.0966302 0.878569 0.0248009
0.0105123 0.134081 0.855407
0.0613656 0.121853 0.816781
0.0838842 0.00549968 0.910616
0.0482763 9.9991E-05 0.951624
0.0220809 9.9991E-05 0.977819
0.088972 9.9991E-05 0.910928
9.9991E-05 0.268768 0.731132
0.0908867 0.196558 0.712555
0.054983 0.103556 0.841461
0.0570524 0.203625 0.739322
0.0632791 0.15122 0.785501
0.148475 0.795291 0.0562336
0.842755 0.0777459 0.079499
0.88899 0.11091 9.9991E-05
0.971614 0.0266767 0.00170973
0.805561 9.9991E-05 0.194339
0.861716 0.108538 0.0297456
0.131485 0.322315 0.5462
0.0445983 0.380138 0.575264
9.9991E-05 0.238776 0.761124
0.0413264 0.266001 0.692673
