0.0997384 0.0213953 9.9991E-05 0.844252 0.0198346 0.0146793
0.0338001 0.0802447 0.333894 0.533515 9.9991E-05 0.0184466
0.158236 0.115141 9.9982E-05 0.687921 9.9982E-05 0.0385023
9.9973E-05 0.227369 9.9973E-05 0.749907 9.9973E-05 0.0224243
9.9973E-05 9.9973E-05 0.0440467 0.908524 0.0471292 9.9973E-05
9.999E-05 0.0769247 0.0441929 0.822868 0.0527089 0.00320591
0.0966872 0.140622 0.108142 0.63344 0.0210082 9.9991E-05
9.9982E-05 0.183104 0.158833 0.623029 9.9982E-05 0.0348335
0.106341 9.9991E-05 0.771975 0.0668769 0.047625 0.00708217
0.174192 0.187868 0.250798 0.357592 9.9991E-05 0.0294507
9.999E-05 0.479562 0.365034 0.0793872 0.0202572 0.0556598
0.158175 0.101303 0.416119 0.28071 0.0435919 9.9991E-05
9.9982E-05 0.681031 0.239895 9.9982E-05 0.0457089 0.0331648
0.110955 0.00299356 0.822478 9.9982E-05 0.0633734 9.9982E-05
0.0984159 9.9991E-05 0.370011 0.454494 0.0409581 0.0360211
0.060969 0.117914 0.492987 0.309378 9.9991E-05 0.0186521
0.22066 9.9982E-05 0.397863 0.370781 0.010496 9.9982E-05
0.00837251 9.9982E-05 0.356615 0.612113 9.9982E-05 0.0227002
0.490773 0.0725315 0.164283 0.0537159 0.151229 0.0674677
0.654522 0.124475 0.220703 9.9973E-05 9.9973E-05 9.9973E-05
0.707435 9.9991E-05 0.107308 0.162995 0.0043364 0.0178254
0.774625 0.126449 0.0307516 0.0576063 0.00072756 0.00984037
0.871515 0.0367743 0.024013 9.9982E-05 9.9982E-05 0.0674976
0.745045 9.9991E-05 0.129192 0.0516757 0.0389354 0.0350524
0.693792 0.0858456 0.0724062 0.147756 9.9982E-05 9.9982E-05
0.841343 0.03737 9.9982E-05 0.117369 9.9982E-05 0.00371775
0.895906 0.0234214 0.00607068 9.9991E-05 0.0527109 0.0217913
0.813159 9.9982E-05 0.0994748 9.9982E-05 0.0748535 0.0123123
0.896123 9.9973E-05 9.9973E-05 0.0703353 0.033242 9.9973E-05
0.77425 0.103725 9.9982E-05 0.0680848 0.0537409 9.9982E-05
0.856685 9.9982E-05 0.0820544 9.9982E-05 0.0563375 0.00472311
0.762873 9.9991E-05 0.134101 0.0454915 0.0249248 0.0325094
0.70944 0.0412082 0.177169 9.9982E-05 9.9982E-05 0.0719828
0.136616 0.24779 0.259694 0.287949 9.9991E-05 0.0678522
0.219856 9.9982E-05 0.3351 0.431845 0.0129989 9.9982E-05
0.0933143 0.0213352 9.9982E-05 0.788766 0.0963845 9.9982E-05
0.0315766 0.280035 9.9982E-05 0.673295 9.9982E-05 0.014894
0.0921813 0.25798 0.215282 0.364147 0.0602224 0.0101879
9.996E-05 9.996E-05 9.996E-05 9.996E-05 9.996E-05 0.9995
0.732318 0.246398 9.9973E-05 9.9973E-05 9.9973E-05 0.0209839
0.122481 9.9973E-05 9.9973E-05 0.759793 0.117426 9.9973E-05
0.104411 0.084472 0.280006 0.530911 9.9982E-05 9.9982E-05
0.309078 0.262135 0.260801 0.0686469 0.0979514 0.00138764
0.0313755 0.525247 0.273373 9.9991E-05 0.122529 0.0473759
0.0584038 0.891647 9.9991E-05 0.0298478 0.00218805 0.0178134
9.996E-05 9.996E-05 9.996E-05 9.996E-05 9.996E-05 0.9995
0.205042 0.0979451 0.28181 0.281873 0.0413923 0.091937
0.132665 0.435015 0.275767 0.0837872 0.0726657 9.9991E-05
0.373072 0.10628 0.216249 0.230112 0.059894 0.0143926
9.9991E-05 0.126413 0.0366627 0.102736 0.701555 0.032533
9.9982E-05 0.106553 0.115028 9.9982E-05 0.755557 0.0226623
9.9973E-05 9.9973E-05 0.0994252 0.106744 0.793531 9.9973E-05
9.9982E-05 0.269023 0.0583131 9.9982E-05 0.611995 0.0604697
0.013294 9.9991E-05 0.051854 0.0842525 0.799751 0.0507486
0.104916 9.9973E-05 0.0925747 9.9973E-05 0.80221 9.9973E-05
9.9964E-05 9.9964E-05 0.363818 9.9964E-05 0.635782 9.9964E-05
9.9973E-05 9.9973E-05 0.222955 9.9973E-05 0.765187 0.0115587
0.120748 9.9973E-05 9.9973E-05 9.9973E-05 0.843261 0.0356911
9.9991E-05 0.0755137 0.019215 0.114631 0.738865 0.0516756
9.9991E-05 0.286127 0.0155537 0.0913175 0.562248 0.0446533
0.0886257 0.0999889 9.9982E-05 9.9982E-05 0.810577 0.000608585
0.027897 0.137411 0.078832 0.0726968 0.683064 9.9991E-05
0.000991487 0.51422 0.144797 9.9991E-05 0.275932 0.0639597
0.725749 9.99947E-05 0.165538 0.0178305 0.0643859 0.0263967
0.73574 0.132692 9.9982E-05 0.0842697 9.9982E-05 0.0470984
0.79556 9.9973E-05 9.9973E-05 0.181124 9.9973E-05 0.0230157
0.0483362 0.155281 0.150131 9.9982E-05 0.646051 9.9982E-05
9.9982E-05 0.467232 9.9982E-05 0.020358 0.438005 0.074205
0.00840626 0.18873 0.0315226 0.0506431 0.69466 0.026038
0.0302149 0.245897 0.00489294 9.9991E-05 0.663486 0.0554092
0.0118333 9.9991E-05 0.0576584 0.0968307 0.794033 0.0395446
9.9991E-05 0.560898 0.272671 0.0418183 0.112793 0.0117201
9.9973E-05 0.604849 0.361367 9.9973E-05 0.0334843 9.9973E-05
9.9982E-05 0.79074 0.15057 9.9982E-05 0.056202 0.00228885
9.9973E-05 0.960816 0.0142306 9.9973E-05 9.9973E-05 0.0246533
0.100825 0.843738 9.9982E-05 0.0143207 9.9982E-05 0.0409166
9.9973E-05 0.880019 0.0879207 9.9973E-05 9.9973E-05 0.0317602
0.0496258 0.648148 0.136807 0.0991824 0.0353962 0.0308406
9.9973E-05 0.108914 0.27519 9.9973E-05 0.615596 9.9973E-05
0.0124721 0.335975 0.0646573 0.0534562 0.413442 0.119997
0.105297 0.103443 9.9991E-05 0.0422032 0.714871 0.0340866
0.073447 0.00912344 0.103277 9.9991E-05 0.747013 0.0670396
9.9982E-05 0.0328562 0.27317 9.9982E-05 0.65142 0.0423538
0.627272 0.143638 0.198438 9.9982E-05 9.9982E-05 0.0304523
0.0982346 0.521813 0.0642702 0.0224137 0.293168 9.9991E-05
9.9982E-05 0.775307 0.0927435 0.0117011 0.120049 9.9982E-05
9.996E-05 9.996E-05 9.996E-05 9.996E-05 9.996E-05 0.9995
0.172217 0.182524 9.9973E-05 0.644959 9.9973E-05 9.9973E-05
0.17793 0.0457155 0.210123 0.556887 9.9991E-05 0.00924399
0.0568813 0.166416 0.579409 0.162385 9.9991E-05 0.0348092
0.1463 0.129049 0.588388 0.0120387 0.094753 0.0294719
0.0529303 0.0714587 0.206725 0.644645 0.0241413 9.9991E-05
0.000398345 0.793101 0.0442251 9.9982E-05 0.162076 9.9982E-05
0.530241 0.121973 0.172886 0.110141 0.0281496 0.0366092
9.9982E-05 0.577771 9.9982E-05 0.150562 0.192486 0.07898
0.27062 0.283466 0.0156014 0.315793 0.0807864 0.0337331
0.134014 9.9982E-05 0.545196 0.313585 9.9982E-05 0.00700551
0.0692652 0.28744 0.123494 0.5196 9.9982E-05 9.9982E-05
0.123627 0.180393 0.470402 0.225378 9.9982E-05 9.9982E-05
9.9973E-05 0.17089 0.817718 9.9973E-05 9.9973E-05 0.0110921
9.9973E-05 0.415384 9.9973E-05 0.571074 9.9973E-05 0.0132425
0.0464416 0.050012 0.903246 9.9973E-05 9.9973E-05 9.9973E-05
0.0251498 0.591257 9.9991E-05 0.146068 0.203427 0.0339985
0.00227626 0.635588 0.0447842 0.0700704 0.153593 0.0936884
0.000351308 0.605581 0.144546 9.9991E-05 0.178036 0.0713858
0.188173 0.540448 0.249297 0.0146929 9.9991E-05 0.00728913
0.130506 0.512648 0.256817 0.0204524 0.0794769 9.9991E-05
0.423292 9.9982E-05 0.188829 0.314068 0.0736109 9.9982E-05
9.9982E-05 9.9982E-05 0.129428 0.108068 0.739915 0.0223887
0.101399 0.162776 0.0261475 9.9991E-05 0.697257 0.0123204
0.139184 0.606332 9.9982E-05 0.0989611 0.155323 9.9982E-05
0.105929 0.413469 0.305119 9.9991E-05 0.164685 0.0106982
0.294642 0.485447 9.9991E-05 0.0344755 0.132297 0.0530388
0.746563 0.253037 9.9964E-05 9.9964E-05 9.9964E-05 9.9964E-05
0.0601839 0.351883 9.9982E-05 9.9982E-05 0.539108 0.0486249
0.0377362 0.164133 0.130941 9.9982E-05 0.66699 9.9982E-05
9.9973E-05 0.435855 9.9973E-05 0.102833 0.461012 9.9973E-05
0.484275 0.0457808 0.088262 0.281261 0.0604383 0.0399828
0.214706 9.9982E-05 9.9982E-05 0.720418 0.0437648 0.0209113
0.01608 0.167651 0.133274 0.609519 0.041258 0.0322174
0.0661014 0.060037 0.087877 0.702403 0.0834819 9.9991E-05
0.349605 0.0337914 0.320687 0.294362 9.9991E-05 0.00145561
0.180483 0.0531857 0.261998 0.504133 9.9982E-05 9.9982E-05
0.111225 9.9982E-05 0.0811123 0.75956 0.0479024 9.9982E-05
9.9982E-05 9.9982E-05 0.209211 0.727604 0.0423095 0.0206753
0.390502 0.0935916 0.125267 0.379808 0.0107317 9.9991E-05
0.0278632 0.0441575 0.73225 0.19553 9.9982E-05 9.9982E-05
0.0504812 9.9982E-05 0.913377 0.034803 9.9982E-05 0.0011391
0.0388045 0.0850813 0.569413 0.301507 9.9991E-05 0.00509365
0.263283 0.066174 0.217079 0.339384 0.11398 9.9991E-05
9.9982E-05 9.9982E-05 0.851453 0.123891 0.000848346 0.0236077
0.172575 0.229677 0.525588 0.0540209 9.9991E-05 0.0180386
0.0309043 0.0670024 0.204224 0.684034 0.0137353 9.9991E-05
0.78852 0.17091 0.0402705 9.9973E-05 9.9973E-05 9.9973E-05
0.820806 0.135381 9.9973E-05 0.0435124 9.9973E-05 9.9973E-05
0.825108 9.9973E-05 0.133317 9.9973E-05 9.9973E-05 0.0412758
0.767897 0.00264221 0.125251 0.0390385 0.0650712 9.9991E-05
0.78892 0.110089 9.9991E-05 0.0431213 0.0394472 0.0183228
9.9982E-05 0.158209 0.186112 0.575756 0.0797233 9.9982E-05
0.0985847 0.202198 9.9982E-05 0.676115 9.9982E-05 0.0229027
9.9964E-05 0.121427 9.9964E-05 9.9964E-05 0.878173 9.9964E-05
9.9982E-05 0.0296746 0.192195 9.9982E-05 0.742931 0.0349998
0.0423861 0.014967 0.0236637 0.0941594 0.8089 0.0159238
0.0234999 0.237223 9.9982E-05 0.114242 0.624835 9.9982E-05
9.9982E-05 9.9982E-05 0.0902757 0.0574707 0.818335 0.0337187
0.186024 0.0117694 0.0307083 9.9982E-05 0.771299 9.9982E-05
9.9991E-05 0.0342336 0.0157056 0.0529276 0.857839 0.0391944
0.0679868 0.0813265 9.9991E-05 0.0390187 0.809894 0.00167374
0.074861 9.99799E-05 0.0859845 9.99799E-05 0.838855 9.99799E-05
0.0186987 0.169281 9.9991E-05 0.0256036 0.779523 0.00679387
9.9982E-05 0.188476 9.9982E-05 0.0261106 0.742496 0.0427167
0.029437 0.0656844 0.123263 0.0310911 0.712093 0.038431
0.0116664 9.9991E-05 0.135131 0.0902553 0.762532 0.000315699
0.0736156 9.9982E-05 0.0817877 9.9982E-05 0.818056 0.0263405
9.9973E-05 0.173495 9.9973E-05 0.0722285 0.753977 9.9973E-05
9.9973E-05 9.9973E-05 9.9973E-05 0.135146 0.842138 0.0224157
0.01662 0.0371303 0.063443 0.0301636 0.836221 0.0164223
0.0296709 0.818312 0.0403078 9.9982E-05 0.111509 9.9982E-05
0.00353299 0.845189 0.0621512 0.0889271 9.9982E-05 9.9982E-05
9.9973E-05 0.110919 9.9973E-05 0.0860463 0.802735 9.9973E-05
9.9982E-05 0.0892868 9.9982E-05 0.234394 0.646276 0.0298438
0.0343024 0.172045 9.9982E-05 9.9982E-05 0.785896 0.00755664
9.9982E-05 0.647047 0.147558 0.101696 0.103498 9.9982E-05
9.9991E-05 0.0719976 0.0822391 0.822515 0.00861367 0.0145351
0.176846 9.9991E-05 0.239428 0.555832 0.0101342 0.0176601
0.418131 0.167728 0.0252735 0.371793 0.0169743 9.9991E-05
0.562148 0.0492069 0.288874 0.089943 0.00141143 0.00841678
0.833704 0.0816661 0.0498837 0.0180068 0.0166398 9.9991E-05
0.842597 0.0346516 0.0776428 0.0148149 0.0301935 9.9991E-05
0.732013 0.073117 0.0778902 0.0967184 9.9991E-05 0.0201612
0.657798 0.128303 0.179689 9.9991E-05 0.016945 0.0171655
0.712656 0.103048 0.0933536 9.9991E-05 0.070281 0.0205622
0.707436 9.9991E-05 0.0221062 0.153159 0.0697988 0.0473997
0.110909 0.0294612 9.9982E-05 0.842394 0.0170356 9.9982E-05
0.0268853 0.180114 9.9991E-05 0.688783 0.037495 0.0666225
9.9982E-05 0.284199 0.163745 0.49219 9.9982E-05 0.0596664
9.9973E-05 0.322822 0.00467822 0.6722 9.9973E-05 9.9973E-05
9.9982E-05 0.179842 0.245999 0.557024 9.9982E-05 0.0169357
9.9973E-05 0.409491 0.194171 0.396038 9.9973E-05 9.9973E-05
0.101873 0.185025 0.460523 0.221963 9.9991E-05 0.0305173
0.0913006 9.9982E-05 0.827046 0.024853 0.0566001 9.9982E-05
9.9964E-05 9.9964E-05 0.992084 9.9964E-05 9.9964E-05 0.00751655
0.0979197 0.216081 0.630299 0.0554999 9.9982E-05 9.9982E-05
0.0650288 9.9991E-05 0.822929 0.0611571 0.0398191 0.0109655
0.536159 0.0153434 0.234449 9.9991E-05 0.0806675 0.133281
0.0242666 0.143007 9.9991E-05 0.0930129 0.721498 0.0181153
0.0991053 0.124527 9.9982E-05 9.9982E-05 0.724469 0.0516989
0.001546 9.9982E-05 0.16557 9.9982E-05 0.831239 0.00144447
9.9991E-05 0.116193 0.179356 0.0151409 0.676866 0.0123441
0.0465081 9.9982E-05 9.9982E-05 0.148387 0.772003 0.0329018
0.252665 0.151488 0.426507 0.0673499 0.0676137 0.0343762
0.192599 0.0710522 0.452035 0.24418 0.00911522 0.0310189
0.0369477 9.9982E-05 0.768365 0.159961 9.9982E-05 0.0345261
0.23162 0.170955 0.161636 0.360983 9.9991E-05 0.0747065
