0,21.5795910975591,21.5787698209139,23.875599879699,29.0390648082553,28.0548629346762,32.1003780457909,29.0322168864109,57.8680511720121,58.3991112472025,81.957621972529,58.279953790597,57.8047119033952,58.4039722023522,55.9912704191094,57.1072218508528,53.3720636790081,56.1639326096208,54.6317439867329,54.6924915652103,46.1303585516801,47.0300946664528,46.2135350744219,57.4597686210003,79.1036141392218,83.2048987457203,57.3551318436391,57.0364402758499,55.145472112726,54.6004147881129,54.1049900686469,58.0464415433435,64.4941217435432,47.7419704738822,56.9551724437732,56.4502050102718,58.4097162865226,71.6043653572947,71.6825573639634,72.728643208022,71.0141691545414,71.4990088205189,71.0513124159671,71.5322657475125,75.6078804553488,75.2107251883,76.8900187333945,75.1310852806613,77.6145488328775,75.6735698836502,75.3124666880748,51.6302156679164,50.5223306456136,51.9537343421859,51.2202921304548,52.8542394106343,51.1683712616566,50.6438815871547,38.8450591167464,43.7763781763602,43.013033492565,41.9613487687989,41.109918249189,67.1276842852426,41.128018343857,52.7695252009077,79.7428970278016,79.7675719471704,78.8186255337055,78.0463410210586,74.1112427022477,73.6212224268347,75.5327364724662,75.0070417725105,73.4782641514972,51.3384592218692,52.0989564471163,58.5945087962876,45.7026120619331,42.2357868458471,54.5935441498821
21.5795910975591,0,23.8751012289635,21.5789560728573,23.8754515229529,29.0353256335726,32.5934825757067,28.0547045747764,57.3254011374607,57.861918777699,82.3298480405302,57.7576449527239,57.2751285993847,57.8727850124073,56.5245756231415,57.5880657309668,53.2520255225778,56.0699052999829,54.5083769282562,54.6066868060022,46.8459979624829,47.8012426302901,46.997461019735,57.6312493886321,79.5773431395439,83.6653660026193,57.3728645437769,57.1018887313736,55.7462199501462,54.0981319414672,53.5956413181183,57.5502024413128,64.9638339070847,48.5563683278157,57.41558976684,56.9137313382492,57.9034499438723,72.0053872356089,72.0862630882128,73.1295022543059,71.3990945005713,71.8832660301234,71.4332643684367,71.9136723617009,75.9930857036634,75.6010013710628,77.2771848064846,75.5192778695874,78.0024689329586,76.0607911574269,75.7048077015807,51.8188490327505,50.7357474133484,52.1907077785843,51.3077089268461,53.2789176491701,51.5870127010621,51.0254800905488,39.8176478105811,44.6705434271881,44.0182104822815,43.0010402499683,42.3014077596558,66.9527689025519,40.8321842520115,52.6815729218814,80.1609674338046,80.1891905466217,79.2386680968506,78.4647512077309,74.4830060155511,73.99323350364,75.913879512157,75.3889024337825,73.8406726831542,51.5325966644647,52.3042616868083,58.9702093315005,46.1684665520974,43.4966422100148,53.9941796664508
21.5787698209139,23.8751012289635,0,29.036478915417,31.3292538731402,21.5785647626914,28.0540934922762,23.873144018691,58.0119272335334,58.5314672678183,81.6941456620398,58.5184543921668,58.0347242131718,58.5940780446296,55.7805128440188,56.8445250953405,54.0770526612404,56.8494884104127,55.3215511468717,55.3905960964218,46.812474200549,47.5493231000138,46.8042009462434,57.0108236131739,78.9455828238364,83.0297102199057,56.8949208847884,56.5688988491401,55.0769095994751,54.3788370568199,53.8707192864303,57.9508067291442,64.3123261228409,48.0699210466916,56.662968699658,56.1493928791369,58.6966309187394,71.3611786263668,71.4420408233232,72.4865258988546,70.7554791175651,71.2403902364948,70.7900993667239,71.2712280408684,75.3535859184982,74.9606961335092,76.6380070722317,74.8791569529543,77.363442879789,75.4210757855761,75.0643473155657,52.3604062237123,51.2716106920152,52.6653337606974,51.9747980370948,53.462651085312,51.8163802287775,51.3270284968446,37.2441686439584,44.5337391224753,43.7424164847878,42.8325886836558,41.9399576785057,67.76456344795,39.6656630735614,52.2005180016967,79.5202721141591,79.5485195927627,78.5978784800551,77.8238403405311,73.8446896325929,73.3544933860324,75.2748934552518,74.749515714725,73.2038682324033,50.7122467409769,51.5074714126829,58.2527888397134,44.8076927921612,42.3023438999193,54.7248463320106
23.875599879699,21.5789560728573,29.036478915417,0,21.5797334232514,32.5956117575658,35.3054650012145,32.1018484040082,57.1855738326507,57.7342148662707,82.6052114241175,57.513036382332,57.040184171336,57.6815695742663,56.7534297393924,57.8626315821033,52.5067733092801,55.3505104779056,53.7807223856974,53.8734407072037,46.253972158689,47.3777240671453,46.509799316367,58.0746742258286,79.7566357323645,83.8603107361787,57.8310982847447,57.5651196793506,55.8480057676037,54.3518954337347,53.8640367804873,57.6666734116595,65.1650018758551,48.3203442605606,57.7162914761566,57.2220512457832,57.605232846072,72.2622475793102,72.3406956741811,73.3853946767325,71.6700473717653,72.1541590183188,71.7065121516101,72.1867661205606,76.260070701939,75.8641020456523,77.542095463325,75.7841070397691,78.2665565887371,76.3261373448684,75.9661704771342,51.0796956771833,49.978906066699,51.4777788582217,50.5289506203346,52.6985042329465,50.9659717869192,50.362795709594,41.0670992951236,44.0556231539446,43.462883078324,42.3254899398805,41.7155943185867,66.2818945934402,42.2030310844935,53.2452426745042,80.3991255996788,80.4240961020534,79.4751166877181,78.7027963865897,74.7611437942576,74.2715275057501,76.1840948216835,75.6588267020397,74.1259491075962,52.1284586094016,52.8699401010747,59.3151587439197,46.9646221760332,43.5792225957619,53.8734407929346
29.0390648082553,23.8754515229529,31.3292538731402,21.5797334232514,0,33.8805643608712,36.1129661187398,32.595143057161,56.6250042976502,57.1802312373147,82.9728532296685,56.973273450669,56.4921447373979,57.1327704298389,57.2701943258965,58.3293071437291,52.4319845810672,55.3013033081235,53.7002657697983,53.8349076096038,47.0424030208019,48.1855157884369,47.3423534084557,58.2516837899017,80.2243610622309,84.3147208354886,57.8634635048807,57.6431177588441,56.4356110908278,53.8580089685732,53.364594087106,57.1672598811862,65.6272659004971,49.1363266665885,58.1629485552904,57.671027540182,57.0831026681346,72.657678694052,72.7387594493464,73.7807387919466,72.0497275741271,72.5332241021882,72.0833028960233,72.5630605094789,76.6402483870321,76.2492122321064,77.9242155417503,76.1671823760921,78.6494253835736,76.7082818238771,76.3532988949671,51.3413569968829,50.27133796191,51.7869568765192,50.6873979397237,53.185186590548,51.4536435909584,50.8188678819996,41.9104486535393,45.0238889952447,44.5196015102188,43.449187865784,42.9503822712761,66.1395106550502,42.1270752690279,53.1893829552093,80.8115173058422,80.8399765610047,79.8894404494995,79.1155080212828,75.1281997542654,74.6388050445824,76.5603141803661,76.0357286904228,74.4839141891281,52.3342520836759,53.0839652053407,59.682712813553,47.4133052545336,44.7122851398837,53.2485694583304
28.0548629346762,29.0353256335726,21.5785647626914,32.5956117575658,33.8805643608712,0,21.5783845284379,21.5791963758237,58.1719063037085,58.6797964429822,81.4454659863793,58.7679666837031,58.2766808373155,58.7976594140832,55.5950492827168,56.6026334060494,54.7523238226601,57.5076835140205,55.9834234473842,56.0598797087537,47.4917795352907,48.0887346779308,47.4093763432682,56.5619110586209,78.8075142434568,82.8738285979528,56.4317855432995,56.0981600189585,55.038253818285,54.177692898615,53.657423172379,57.8739351829824,64.1505322282789,48.4392317135562,56.3896888174277,55.8675419986716,58.9914924883741,71.1342199156372,71.2178954183258,72.2606376112873,70.5121542544653,70.9971104530205,70.5440949570031,71.0253796315053,75.1147250299408,74.726360323872,76.401536752058,74.6428135179812,77.1279197518867,75.1841197413976,74.8320286982979,53.0596267549598,51.9876937430325,53.3488782949438,52.6941841373103,54.0578569515102,52.4471598876006,51.9881199962498,35.5381998528221,45.2974767038232,44.4974623703576,43.711095126111,42.8092046588741,68.3792023388036,38.0042059693475,51.6169605799115,79.3147855689216,79.3467888938034,78.3943716091874,77.6184953333431,73.5928650874231,73.1024991612724,75.0322743475158,74.507246482147,72.9437154007557,50.0671650235415,50.9018617836976,57.9238309880441,43.8697004909828,42.5240290450874,54.8782906684278
32.1003780457909,32.5934825757067,28.0540934922762,35.3054650012145,36.1129661187398,21.5783845284379,0,23.8742858338798,58.3465515001668,58.8427389048022,81.2109346993355,59.0270479582742,58.5290706204026,59.0132735682233,55.4349088683636,56.3816979912108,55.400596381311,58.1408801295299,56.6198130905163,56.7029227620666,48.1620982191004,48.639776639703,48.0199745151716,56.1119248404024,78.6884743153941,82.7363846848999,55.9642561463451,55.6227188411847,55.0282911792208,53.9977519660307,53.4660840937997,57.8154620421825,64.0079806185907,48.8412122036483,56.1356074192734,55.6050551426863,59.2929684733071,70.9228368555512,71.0094624508311,72.0503165866628,70.2835753293488,70.7685461644219,70.3126833156217,70.7941004870372,74.8906467385136,74.5070606796414,76.1799495728079,74.4214014923304,76.9073182726768,74.9620475071676,74.6148499679056,53.7305573594422,52.673570009134,54.0065063569669,53.3819550168459,54.6394952732795,53.0607360548775,52.6279472259206,33.8774201477901,46.0545429917423,45.25854006351,44.5769229506963,43.6853817215576,68.9732721566876,36.0891328805326,51.0160812785049,79.1257149993072,79.1616484436573,78.2073783979922,77.4295845172667,73.3551406977659,72.864613870045,74.8042338996081,74.2795901199726,72.6971874805478,49.4000059166352,50.2796776845525,57.6075672904339,42.8886397950756,42.8822904080074,55.0519836609753
29.0322168864109,28.0547045747764,23.873144018691,32.1018484040082,32.595143057161,21.5791963758237,23.8742858338798,0,57.6568646577487,58.1685780621203,81.8242238078915,58.2814864634836,57.7828645597882,58.2981625061944,56.1398836818552,57.099853710854,54.6443350118355,57.4201455273658,55.8718024539691,55.9797718273545,48.0655498892399,48.7378907478714,48.0543272104004,56.7484070916074,79.2789917398242,83.3337356110022,56.4503494994817,56.169326779102,55.6298666819579,53.6515009712248,53.1208852448764,57.3758696762336,64.6214660592738,49.1627173984881,56.8699627522514,56.3528872138378,58.5240533854515,71.5408524714541,71.626998169426,72.6669178443114,70.9038855591124,71.3881057809728,70.9330171857828,71.4136820380995,75.5060394774804,75.1224702249153,76.7946019342195,75.0369770178502,77.5216536078714,75.5773235884631,75.2300629365554,53.2084953724073,52.1555148420641,53.5391776024864,52.758245546285,54.4143016304489,52.7932660244242,52.2996714358137,37.2468532185922,45.991046254842,45.2808506748932,44.4842725494085,43.7029504637357,68.2211683184147,37.4600914822106,51.5123140589917,79.73651938683,79.7717817232575,78.8179344453222,78.04057680814,73.9716219152644,73.4815528939935,75.4197686667532,74.8954662792297,73.3136187298752,50.297691362769,51.1417804097247,58.3195798419225,44.4971270465723,43.7184667269808,54.3087694535929
57.8680511720121,57.3254011374607,58.0119272335334,57.1855738326507,56.6250042976502,58.1719063037085,58.3465515001668,57.6568646577487,0,21.5820540810904,94.3338675327913,38.9708206946776,37.3259261818273,32.6232947605371,70.2946958413293,70.9015694413974,59.4343783718733,62.0849151955903,60.2715435063692,61.0265418014457,62.5451531796713,63.6301235095552,63.0104455522369,67.9678990684295,92.6445692869702,96.5991255461084,65.7852419513037,66.2377286907559,70.0369638386474,52.8204664692314,52.965943157522,49.4950904631675,78.0122488352915,64.5321488170685,70.5752864106069,70.1305687543806,43.2833461443776,84.332096664792,84.4408877780468,85.4514966877789,83.5577487554163,84.0329326215198,83.5600393029928,84.0327365979159,88.1430676938065,87.8059543988635,89.4466965881656,87.7020422884132,90.179432133328,88.2323431108823,87.9316879908207,62.5264859454489,61.9343401542647,63.3645033255356,60.9899131100829,66.2379212802129,64.6094371905025,63.7812628130786,60.1569081633531,61.6706571775818,61.5976938294467,61.0094030556323,60.9767317158698,70.596244424915,58.2736485870377,61.6993623837417,92.6579524764367,92.7233930998579,91.7565538083182,90.9657415167981,86.4903111560879,86.0044097024431,88.0202043602061,87.5038229770518,85.7470331547392,63.7048313298469,64.290149207652,71.2991326625317,61.9642287973833,62.1274249002436,38.5928642860988
58.3991112472025,57.861918777699,58.5314672678183,57.7342148662707,57.1802312373147,58.6797964429822,58.8427389048022,58.1685780621203,21.5820540810904,0,94.7082299251723,39.9658924638365,38.6273486299996,33.9130955123511,70.714228499248,71.3064428390456,60.1014741892479,62.7466142618293,60.9392780022701,61.6868508491919,63.089627670296,64.1572443961239,63.5434082151051,68.2901875671937,93.0557751649211,97.0052481139456,66.0617870352341,66.5316411052127,70.4826596839731,52.9897225189903,53.1623283837068,49.3438061977568,78.4200797677252,65.0386442518683,70.9741080883497,70.5298909830816,44.0735288337751,84.7163844186274,84.8261239383288,85.8357801947938,83.9363961914604,84.411366081687,83.9376595143054,84.4101835702283,88.5219305073958,88.186588625457,89.8262646890729,88.0819439137885,90.5592730617078,88.6119135552491,88.3130496603742,63.1372785890634,62.5414154547455,63.9666952843754,61.6180610659423,66.8040185009381,65.1799618978383,64.3595880544868,60.624507928945,62.2101677986374,62.130942025221,61.5487622095326,61.5092045412081,71.2704045711642,58.7238853358567,62.0051291716718,93.0484959689048,93.1152098319625,92.1477981809062,91.356393517149,86.8644662392452,86.3786447399252,88.3976447600849,87.8815063377619,86.1179431838344,64.0674435549807,64.648983091413,71.6749056696945,62.3855643665799,62.6216050046873,39.9096505285097
81.957621972529,82.3298480405302,81.6941456620398,82.6052114241175,82.9728532296685,81.4454659863793,81.2109346993355,81.8242238078915,94.3338675327913,94.7082299251723,0,95.3679997738002,94.8832095931214,95.1492890261089,70.3374771133487,69.1072572179451,91.9999822033361,94.4723665047298,93.1448317151328,93.0683246727439,82.1207350836935,80.9935686920077,81.3089944665671,74.8594351259079,77.1107473479849,78.0317796358852,79.1559242539645,77.8522882943541,72.8789832977366,88.3647614423155,87.988478413689,92.0799934676678,65.2509090470279,79.3686557888772,69.2694230780222,69.7261641149273,95.7904439552994,54.2770250037203,54.6189404676443,53.2974983920961,53.8019255770862,53.1001032520961,53.749504532074,53.0501272728769,46.82975929011,48.5906994268852,45.7587263519236,48.1654869653881,45.5040251529619,47.2181889297903,49.085263807055,88.7878282575058,87.8080167962861,88.6154023788496,89.1989422565036,87.0472679377191,86.1274800699297,86.2982397260412,79.611995991673,81.5024728910511,81.0812361916251,81.4275046862832,81.0398955413887,105.476967827782,81.1847144775642,80.6032679932212,61.2428286916176,62.6707527270315,61.2350208518555,59.9750793381075,49.3995508559393,50.2036771553259,46.3290113261306,47.3595719033308,51.8122639498845,77.0635994352019,76.5876305380486,68.6585581622904,77.9140349166893,78.9413572146485,91.556948951658
58.279953790597,57.7576449527239,58.5184543921668,57.513036382332,56.973273450669,58.7679666837031,59.0270479582742,58.2814864634836,38.9708206946776,39.9658924638365,95.3679997738002,0,21.5851474438711,31.3670000772883,71.0747281124774,71.7796423849889,57.5053823422107,60.0879821687813,58.2403218683161,59.1238687859946,62.3853660791678,63.6131744479524,62.9571028970765,69.3738511275331,93.4408045904687,97.4295039380161,67.4553659896837,67.8164401454471,70.6209977640463,55.7835570893093,55.8301176971517,53.5785549622257,78.8374551238818,64.692332515911,71.4976683396369,71.054033683331,31.393254044877,85.3062101554438,85.4088994320491,86.4250980347491,84.5679710298671,85.0441944773746,84.5766891845638,85.0501688315508,89.1500013141434,88.8018524953449,90.4489424010587,88.70257224674,91.179853278552,89.2348198071776,88.9229750383896,61.4753232357039,60.9682625733663,62.4147425170031,59.7331039735484,65.7146556108069,64.0600939083224,63.1531721511742,60.9092069403044,61.6184297829836,61.6201721840113,61.0055077163369,61.0519039376113,68.0518009761999,59.3258872675724,63.366740606032,93.5903494481789,93.6476055099911,92.6844898394864,91.8975311799034,87.5270429986918,87.0408299658479,89.036061733909,88.5183017915671,86.8040054412693,64.9906194641967,65.5784104738569,72.3641685843448,62.9503446865399,62.5138181311001,43.7166529998381
57.8047119033952,57.2751285993847,58.0347242131718,57.040184171336,56.4921447373979,58.2766808373155,58.5290706204026,57.7828645597882,37.3259261818273,38.6273486299996,94.8832095931214,21.5851474438711,0,29.0601440971271,70.6071252960475,71.3038627921398,57.374601822709,59.9787519145263,58.131352437708,58.9954010422082,62.0046153786126,63.2184066901381,62.564856611667,68.8563452713023,92.9753394897944,96.9611475484769,66.9196409571418,67.2862257037462,70.1716528649148,55.1175041738672,55.1652812370367,52.8962632175157,78.3689875891151,64.2793624702548,71.0178647309234,70.5737599356312,33.9758332157277,84.8259386449391,84.9291212027642,85.9449151536295,84.0847968223202,84.5609655073181,84.0930113619897,84.5664565687574,88.6672580384403,88.3199700287554,89.9665911790834,88.2203223820233,90.69765562363,88.7524285436442,88.441459376116,61.2162781250181,60.6950433359259,62.1427642189452,59.5000950510381,65.3877064724123,63.7346253872699,62.8368503420262,60.4171440362257,61.2210448023576,61.2134605910269,60.5991725412907,60.6359755578155,68.0502780697249,58.7949270257919,62.8171588301919,93.1135806962971,93.1714981988268,92.208077664907,91.4208035222393,87.0419336223807,86.5557282892267,88.5526167935704,88.0349522982977,86.3173156067662,64.4711464352038,65.0605523162347,71.8734529925035,62.4469341830645,62.068170197468,42.4149383443731
58.4039722023522,57.8727850124073,58.5940780446296,57.6815695742663,57.1327704298389,58.7976594140832,59.0132735682233,58.2981625061944,32.6232947605371,33.9130955123511,95.1492890261089,31.3670000772883,29.0601440971271,0,70.9923984221784,71.6456618049702,58.8146778702624,61.4303704386149,59.6008366036964,60.418956641041,62.7930923675005,63.9469547794428,63.3100077894558,68.9609208459818,93.3480717613701,97.3187589983612,66.9017584528362,67.312106766496,70.6410007162291,54.6246014855011,54.723747955671,51.8380156180709,78.7297424234178,64.9345335736055,71.3405366203326,70.8965511713769,38.737450606883,85.1194993121254,85.2254204588074,86.2386292959328,84.362126040602,84.8377803855747,84.3674301392137,84.8404771338147,88.9457935532133,88.6035096491983,90.2472093693897,88.5017716034655,90.9790829240957,89.0329779663859,88.7270783034589,62.3375717892705,61.7874573336421,63.2250898506531,60.7005829313046,66.3066629424352,64.665817976477,63.7993819691197,60.853852433593,61.9720366836372,61.9357078443511,61.3352207210187,61.3413169711578,69.6691504313633,59.1224345100187,62.8270382805015,93.4256566324231,93.4872485545917,92.5221626081659,91.7331648796449,87.3070258944539,86.8209891696395,88.8271149344406,88.31009532105,86.5732334712536,64.6491774465239,65.2344267973945,72.1313235368171,62.7700006754143,62.6424322321983,41.7903322182767
55.9912704191094,56.5245756231415,55.7805128440188,56.7534297393924,57.2701943258965,55.5950492827168,55.4349088683636,56.1398836818552,70.2946958413293,70.714228499248,70.3374771133487,71.0747281124774,70.6071252960475,70.9923984221784,0,35.2991190548761,66.228773032,68.6694969822578,67.3923895859724,67.2407117698373,54.9218528836334,53.4248886955939,53.889035762427,55.1947637466086,65.456826524325,69.5924930139612,58.9088283095224,57.6488106396932,40.9343975455581,65.1470904069444,64.7346477112789,68.8019431067675,49.338786188506,51.2330835153314,39.1366291078703,39.2710924801999,71.3635114779349,58.8845858748571,58.8904538961042,60.0718154704206,58.7694777926458,59.3004148178716,58.9101467262802,59.4317762838021,63.5098838892088,62.9480484300254,64.7539712913582,62.9301366924177,65.4654707719894,63.5143521263823,62.9900792996145,62.4233172815385,61.4071917933166,62.1507295444131,63.0291296792294,60.1499391931717,59.2799476600428,59.5503846460117,53.4395119781049,54.3287037211268,53.8519130434006,54.374464960644,53.9483499703963,79.8745042669494,56.1393147950621,58.1299662806073,66.7858485591649,66.7286639752073,65.8095628763906,65.0685002290707,62.4224713467468,61.9126171972644,63.5618254398718,63.0022152782045,62.1065722359994,53.4176094921979,53.190280622795,47.2194835648692,52.0743241024259,51.2696598694364,67.4410378795858
57.1072218508528,57.5880657309668,56.8445250953405,57.8626315821033,58.3293071437291,56.6026334060494,56.3816979912108,57.099853710854,70.9015694413974,71.3064428390456,69.1072572179451,71.7796423849889,71.3038627921398,71.6456618049702,35.2991190548761,0,67.5567809889595,70.0210819658816,68.715325838635,68.601345328038,56.8717188838241,55.5601300401788,55.9284939332208,53.9101986578159,66.1369946979744,69.9408899552188,58.1613530092604,56.7858795310424,45.8243600167961,65.4194711835938,65.0113669660357,69.1381583132371,49.6824849449973,53.6051872164667,29.0293186871247,31.3189459155525,72.1206012254337,57.8419572356269,57.9002433460086,59.0793190652318,57.4367592964484,57.9883800278367,57.5401624315898,58.0839826609891,62.3650563164729,61.8656831718478,63.6602254837136,61.8157916554402,64.3924449606171,62.3987959269712,61.9405849153945,64.058351064476,63.0519228221561,63.8463132633848,64.5526549098789,62.1231472004535,61.1950799285166,61.3968451097332,54.3855557458758,56.1773639191442,55.685051402651,56.1172178515481,55.6667627237472,81.1347506687654,56.7527694566294,57.8874573028803,66.2096660664143,66.2189719449705,65.2666018423713,64.4909919890772,61.0726323199292,60.5491517011508,62.3615107078413,61.7983429744444,60.646262184414,53.0268342135871,52.6530214643344,43.3628244500739,52.5639834154051,53.0281073852347,68.0579512015135
53.3720636790081,53.2520255225778,54.0770526612404,52.5067733092801,52.4319845810672,54.7523238226601,55.400596381311,54.6443350118355,59.4343783718733,60.1014741892479,91.9999822033361,57.5053823422107,57.374601822709,58.8146778702624,66.228773032,67.5567809889595,0,29.2855885372955,21.6236178691028,23.9485196202403,51.3418317939914,53.5183986142565,52.7010158710902,68.393747547928,88.5487219926951,92.7607576879785,67.9823326568516,67.8398568686754,64.4405293026908,62.2593507156148,61.96702794416,63.710159165185,74.1576280708181,55.8588871358963,67.5689755584763,67.1466870271721,56.2428754680455,81.566753986243,81.6305078713913,82.6806824926674,81.0582405974445,81.5400831005782,81.1073813848153,81.5848624828167,85.6135971105548,85.1961064478244,86.8821654584631,85.1261426036906,87.6012181218934,85.6702590253311,85.2880056035211,41.1508669822692,41.7526025442086,43.2052729973943,36.7571547722371,50.686559945789,48.926599835569,47.3416239188977,57.0974571899042,51.7709667414679,52.4057455896415,51.796949725864,52.4756520939624,46.1831997288229,57.6189672671401,64.0846743879943,89.5797718851229,89.5847486786323,88.6455654911859,87.88337276694,84.1792598804123,83.6916459058992,85.5559208286165,85.0299135180779,83.583378353299,63.5816175771442,64.1357193499791,69.3050360339552,60.0932811464191,55.864843661446,57.3455867384014
56.1639326096208,56.0699052999829,56.8494884104127,55.3505104779056,55.3013033081235,57.5076835140205,58.1408801295299,57.4201455273658,62.0849151955903,62.7466142618293,94.4723665047298,60.0879821687813,59.9787519145263,61.4303704386149,68.6694969822578,70.0210819658816,29.2855885372955,0,23.9761621043603,21.6489832204872,53.6695550556558,55.8176934037101,55.0359987491095,70.9657189159313,90.9557980520803,95.1783439772936,70.5886365261764,70.4372967281686,66.8126202738131,64.9658002030237,64.6768447973245,66.3944733112347,76.5794104390995,58.1904422985466,70.0469193839118,69.6281251282679,58.7687550703845,84.0257701409822,84.0878944407788,85.1391654460516,83.5267315961888,84.0086179978425,83.5774491801981,84.0549117035929,88.079899761136,87.6597083795232,89.3471085793182,87.5909271760682,90.06562343841,88.1354358589988,87.7504210520733,42.1920955996186,43.3309795362889,44.1790586059529,38.5870225619179,52.1846153297199,50.5559307834654,48.9693931016648,59.76126794584,54.244799042244,54.9084452231986,54.3532944117917,55.0483490792632,42.2752380240955,60.3373779044734,66.7270571975685,92.0264583661038,92.0292291451446,91.0910851496821,90.3299672205871,86.6531692339634,86.1656058058884,88.0244513079305,87.4982020885436,86.0622288132256,66.1839979657296,66.7305162125942,71.8100133000573,62.7093555341139,58.4089460383746,60.0731748335295
54.6317439867329,54.5083769282562,55.3215511468717,53.7807223856974,53.7002657697983,55.9834234473842,56.6198130905163,55.8718024539691,60.2715435063692,60.9392780022701,93.1448317151328,58.2403218683161,58.131352437708,59.6008366036964,67.3923895859724,68.715325838635,21.6236178691028,23.9761621043603,0,21.6147274664365,52.6071122385738,54.7502470594507,53.9489692535674,69.5219913841324,89.7031931514767,93.9140947853028,69.092403719139,68.9566104499121,65.6096490753369,63.287261614664,63.0008680874816,64.6773417601532,75.3124248704325,57.0719080336033,68.7258572817367,68.3041597908669,56.9068862231714,82.7146830281077,82.778694954366,83.8285511778051,82.2046058647001,82.686356877033,82.2534456326886,82.7308475467214,86.7598353464839,86.3428612276691,88.0285797661102,86.2726906021995,88.7476991415779,86.8166987128701,86.4349643233082,42.2017707772061,42.9787884983134,44.1937096994711,38.2078026774622,51.7531518343808,50.0461269634409,48.4801229650864,58.3020876989279,53.0552914963876,53.6837921443542,53.0920426629212,53.7603329646242,43.8930266975336,58.7940698718186,65.1991984537338,90.7292124506117,90.7345296408651,89.7951991302786,89.0328537631247,85.3241661373162,84.8365921828945,86.7017502787935,86.1758268676643,84.7273331824928,64.7249030455854,65.2777821448541,70.4532606272321,61.2669702331818,57.0963153147461,58.2576060340589
54.6924915652103,54.6066868060022,55.3905960964218,53.8734407072037,53.8349076096038,56.0598797087537,56.7029227620666,55.9797718273545,61.0265418014457,61.6868508491919,93.0683246727439,59.1238687859946,58.9954010422082,60.418956641041,67.2407117698373,68.601345328038,23.9485196202403,21.6489832204872,21.6147274664365,0,52.1073165610637,54.289917803302,53.4958167755732,69.594663389023,89.5315642834874,93.7569210289168,69.2419547531918,69.0822585947301,65.3673092915555,63.720336280518,63.4258245845857,65.2079833714712,75.1570791474305,56.6900385369798,68.6310681001381,68.2121963259618,57.8686945408491,82.616424161019,82.6780253668926,83.7298009017285,82.120494221361,82.6024836619222,82.1717721017779,82.6493150416089,86.673458141856,86.2523063559455,87.9402718633826,86.1839252796815,88.6586335335676,86.7286084908391,86.3426213065082,40.5474990502029,41.5877651842254,42.6591006564442,36.366004708511,50.7155303568908,49.0379905896841,47.4203758521288,58.3254540342751,52.6882878694353,53.3645742476257,52.8001385594536,53.5099922143475,44.6687012105137,58.9417700929556,65.3816369455373,90.6136204284321,90.6156927632712,89.6778640240269,88.9170724455988,85.2493035244259,84.7617058532051,86.6187837155951,86.0924088836334,84.6601271851843,64.8021945501862,65.3487556112945,70.4075011274144,61.2980408755044,56.9241136236212,58.949788530548
46.1303585516801,46.8459979624829,46.812474200549,46.253972158689,47.0424030208019,47.4917795352907,48.1620982191004,48.0655498892399,62.5451531796713,63.089627670296,82.1207350836935,62.3853660791678,62.0046153786126,62.7930923675005,54.9218528836334,56.8717188838241,51.3418317939914,53.6695550556558,52.6071122385738,52.1073165610637,0,29.0699741919663,23.8868049223973,60.7354648350839,77.3692647514203,81.7677853257476,61.6038832086499,61.0616876988474,51.8419931120773,60.6044476207725,60.1978425767683,63.4917222713634,63.1286680067264,37.385421115773,57.1695559339368,56.7687378224107,62.1704140955144,71.3643950213068,71.3944890291316,72.4746028845292,71.0550853683921,71.5419532251291,71.1394209690486,71.6204928332315,75.5882844220445,75.1107231463226,76.8307370390868,75.0661110029508,77.5396132733951,75.6205872377613,75.1773676398462,44.6658520505258,43.1625170112718,44.0993226199929,46.0803402235096,41.7780883242005,39.6581155365628,39.7792622475835,48.3980597713042,29.0591246465655,32.6369487413138,33.9321032711441,36.1849503785284,65.7897416121994,51.4085923309532,58.2718749034851,79.1460977869767,79.1062211592757,78.1874819163164,77.4464534170229,74.3173219504305,73.8284675169622,75.5793191684339,75.0461035665873,73.8318896038688,55.931239524411,56.3821520027809,59.7293691599817,51.5253919990757,42.3316640844369,59.707935292071
47.0300946664528,47.8012426302901,47.5493231000138,47.3777240671453,48.1855157884369,48.0887346779308,48.639776639703,48.7378907478714,63.6301235095552,64.1572443961239,80.9935686920077,63.6131744479524,63.2184066901381,63.9469547794428,53.4248886955939,55.5601300401788,53.5183986142565,55.8176934037101,54.7502470594507,54.289917803302,29.0699741919663,0,21.5859425842423,60.2113243264808,75.9036739313082,80.3507702091241,61.3552768082541,60.7349729587152,49.9148547306554,61.2049854824586,60.7927384036858,64.2232294375159,61.7004258257537,31.3670332857859,55.944839063703,55.5558627508026,63.4750178415171,70.1548207285363,70.1760710477114,71.2637545496658,69.89781250958,70.3857784950933,69.9912989383603,70.4730897771216,74.4239493141646,73.9308551467747,75.6594605171354,73.892842245411,76.3656277503666,74.4499224207462,73.990919687178,47.1558954223421,45.8440256900071,46.514615242183,48.5770372199971,43.3231431451966,41.8479844092093,42.3462155950139,48.3707027905513,32.6532999479889,33.941013520905,36.2094254391032,37.3492153402368,67.8026431725968,51.7044205063846,58.2250175368984,77.8752666057008,77.8236822303878,76.910293628477,76.1748060967089,73.1955774203833,72.7065394192519,74.4276211339052,73.8926333556872,72.7387589728472,55.539378440334,55.9451058635245,58.7212466982438,51.146705867796,41.3066688875274,60.7782178500916
46.2135350744219,46.997461019735,46.8042009462434,46.509799316367,47.3423534084557,47.4093763432682,48.0199745151716,48.0543272104004,63.0104455522369,63.5434082151051,81.3089944665671,62.9571028970765,62.564856611667,63.3100077894558,53.889035762427,55.9284939332208,52.7010158710902,55.0359987491095,53.9489692535674,53.4958167755732,23.8868049223973,21.5859425842423,0,60.1865304820626,76.4294224444529,80.8441474947033,61.209354680301,60.6210952658502,50.6498096711984,60.7242489016187,60.3119670566439,63.7096169991044,62.1890025340513,33.9456003188028,56.2627734129355,55.8623350787114,62.8005162447063,70.5161951323583,70.5428112542666,71.626545635089,70.2277837181311,70.7154383424226,70.3159533131488,70.7976485397508,74.7601864358645,74.2761499640558,76.0000813786583,74.2342111597795,76.7079743631773,74.7899061610513,74.3401444503296,46.428357932258,45.0503384774859,45.8654506248928,47.7549461119643,43.2110745861927,41.4936573784632,41.7965569548202,47.938303148136,29.0623338486039,31.3603537609,33.9357449159572,35.6063067921055,67.0321701182799,51.228903890281,57.9721262431551,78.2759362233396,78.2315336979123,77.3147997929825,76.5758501633313,73.5065185099105,73.0173992649201,74.7564212640081,74.2223191119595,73.0330750401727,55.412812348529,55.8442754640719,58.9356840462907,50.9425206862576,40.9895616577106,60.1530424783759
57.4597686210003,57.6312493886321,57.0108236131739,58.0746742258286,58.2516837899017,56.5619110586209,56.1119248404024,56.7484070916074,67.9678990684295,68.2901875671937,74.8594351259079,69.3738511275331,68.8563452713023,68.9609208459818,55.1947637466086,53.9101986578159,68.393747547928,70.9657189159313,69.5219913841324,69.594663389023,60.7354648350839,60.2113243264808,60.1865304820626,0,76.7476280799373,80.1735350543151,44.7030997205855,40.8478256962824,57.9659618424795,60.6324668686435,60.2557947400068,64.6976778417771,61.670767887302,59.1843590021101,52.7355950461377,52.3486568312813,69.993759477066,65.6636663587367,65.8680941044561,66.8057848536554,64.32033046779,64.7907679285395,64.2249817459586,64.6973899113674,69.0261137283813,68.848881995771,70.4082914998189,68.6754425281859,71.1718030022627,69.181711530729,69.0440880171842,66.4006320711333,65.4472630119775,66.4777811169848,66.3592713350608,66.0728689365795,64.869605887736,64.7499881772777,54.6568734723055,59.659907630326,59.1432551203151,59.1844527758702,58.6837718568878,81.6154867696654,54.7712508445016,49.6863953979395,74.6660201949681,74.8553709585702,73.831338102462,72.9812641214107,66.9190245833846,66.4293517472482,68.7714234830677,68.2697649139585,65.8741193921283,46.399480957241,45.1736936524972,50.013416715866,51.7328192888067,56.6220436349792,65.2042309951941
79.1036141392218,79.5773431395439,78.9455828238364,79.7566357323645,80.2243610622309,78.8075142434568,78.6884743153941,79.2789917398242,92.6445692869702,93.0557751649211,77.1107473479849,93.4408045904687,92.9753394897944,93.3480717613701,65.456826524325,66.1369946979744,88.5487219926951,90.9557980520803,89.7031931514767,89.5315642834874,77.3692647514203,75.9036739313082,76.4294224444529,76.7476280799373,0,41.6136864998144,80.5265178056874,79.3041818650507,65.1073566257398,87.4514275539535,87.0570027186868,91.0524992167904,54.5156359552026,74.0183728811211,67.2877788107653,67.7502789031958,93.7362366352308,63.7328650363239,63.1604214356317,64.1371952384985,66.6407706426241,66.9483847316991,67.1531454894485,67.4487220740804,69.1575975538107,67.8292857181991,69.7195529085881,68.2132103569679,70.1417572796941,68.7931426193078,67.4520700567517,84.5582553159492,83.5671608666604,84.2222249303339,85.2625133903868,81.8820316102714,81.1673141627767,81.5324004146948,77.0766601787996,77.088866298931,76.7564747292826,77.275101901103,76.9824232812502,102.185657041958,79.296729244648,80.5529974254698,64.1067477517119,62.9272600568899,62.6481897128756,62.5536294793935,70.5496998163309,70.1766891300347,69.900709410407,69.3877023502775,71.5368604516426,76.6409818287602,76.3589836128713,69.6557254628357,76.0311179510144,75.0486916174668,89.8338430800179
83.2048987457203,83.6653660026193,83.0297102199057,83.8603107361787,84.3147208354886,82.8738285979528,82.7363846848999,83.3337356110022,96.5991255461084,97.0052481139456,78.0317796358852,97.4295039380161,96.9611475484769,97.3187589983612,69.5924930139612,69.9408899552188,92.7607576879785,95.1783439772936,93.9140947853028,93.7569210289168,81.7677853257476,80.3507702091241,80.8441474947033,80.1735350543151,41.6136864998144,0,84.049997597405,82.8093460151505,69.8501547126258,91.2937373849719,90.901263600062,94.913845711227,58.3123823376253,78.4951954124715,70.985814850562,71.4734780079146,97.7432215663229,64.6447753678858,63.9699434130368,64.7879934884307,68.0623295097035,68.3027053883422,68.6246255900715,68.8560764402247,69.940988459784,68.466640053223,70.3116269635438,68.9393308707033,70.647234242174,69.4958402944984,67.9937083397349,88.8892060844848,87.8990447393313,88.5788741545249,89.5478480592406,86.3610624516731,85.6119741071309,85.9460036198168,81.1151108488117,81.4294614246913,81.0801846353076,81.5735917947739,81.2633994477288,106.374638415707,83.2528756105447,84.2584252683687,62.4447851468252,60.8561530188039,60.8601713444012,61.0372615856255,71.8608391998139,71.5272660293148,70.8291982082284,70.3435280729203,73.0862493978625,80.3659394689845,80.0539950253218,73.0089991147468,79.9601811189939,79.2861016727971,93.7918164738993
57.3551318436391,57.3728645437769,56.8949208847884,57.8310982847447,57.8634635048807,56.4317855432995,55.9642561463451,56.4503494994817,65.7852419513037,66.0617870352341,79.1559242539645,67.4553659896837,66.9196409571418,66.9017584528362,58.9088283095224,58.1613530092604,67.9823326568516,70.5886365261764,69.092403719139,69.2419547531918,61.6038832086499,61.3552768082541,61.209354680301,44.7030997205855,80.5265178056874,84.049997597405,0,32.5885771195572,60.9395152607124,57.4645241711241,57.1186369478623,61.6977218990183,65.5878659452951,60.6566351711232,57.2598491661117,56.8621014905754,68.2127831623662,69.9358564277942,70.1245444117833,71.0612065265365,68.6859142371784,69.1477366925764,68.6031798919097,69.0660670111825,73.3170237425043,73.123910302695,74.6821640895855,72.9594921250944,75.438797737585,73.4645116237389,73.3098385125121,66.5953629414451,65.67191694753,66.7796395623622,66.3507339495825,66.8512588106327,65.563361985789,65.3320012029114,55.0714432445191,60.4660802233288,59.9799147235712,59.8893694531406,59.4159298607327,81.0346895015071,54.0824980003639,45.1758731418004,78.8005461223508,78.9718689453165,77.9570385529938,77.1165358515727,71.2730432524175,70.7905036726934,73.077548849408,72.5788847750591,70.263086148994,47.8861172008666,47.4938735135456,55.7265529552234,52.7411363193301,57.786524196436,63.0934045163075
57.0364402758499,57.1018887313736,56.5688988491401,57.5651196793506,57.6431177588441,56.0981600189585,55.6227188411847,56.169326779102,66.2377286907559,66.5316411052127,77.8522882943541,67.8164401454471,67.2862257037462,67.312106766496,57.6488106396932,56.7858795310424,67.8398568686754,70.4372967281686,68.9566104499121,69.0822585947301,61.0616876988474,60.7349729587152,60.6210952658502,40.8478256962824,79.3041818650507,82.8093460151505,32.5885771195572,0,59.8611900478,58.2398718406644,57.8759180388062,62.4453042229018,64.3303641963956,59.9421053552273,55.818989443031,55.4146102175878,68.5264012970768,68.6249325401802,68.8161906311359,69.7544746744064,67.3599949664367,67.8242033315844,67.2756376083774,67.7410615008342,72.0089334817633,71.8173408592797,73.3772887126334,71.6516955641977,74.1352404099459,72.1574590088952,72.0045694259644,66.2668659696324,65.3329195309075,66.4197519728633,66.0825556794602,66.3535047406832,65.0876888485274,64.8879230055676,54.5305897233313,59.9310913366878,59.4308964556299,59.3763146022973,58.8889392234166,80.9491194009506,53.8470080676819,45.8054022072346,77.5155201160338,77.6896382029888,76.6732656179933,75.8311571354076,69.9559548498829,69.4716110486823,71.7676442000043,71.2679381708766,68.9419569382166,46.4303941018069,45.7472351214394,54.0678289369502,51.9183500240012,57.1119461792538,63.5099654962372
55.145472112726,55.7462199501462,55.0769095994751,55.8480057676037,56.4356110908278,55.038253818285,55.0282911792208,55.6298666819579,70.0369638386474,70.4826596839731,72.8789832977366,70.6209977640463,70.1716528649148,70.6410007162291,40.9343975455581,45.8243600167961,64.4405293026908,66.8126202738131,65.6096490753369,65.3673092915555,51.8419931120773,49.9148547306554,50.6498096711984,57.9659618424795,65.1073566257398,69.8501547126258,60.9395152607124,59.8611900478,0,65.552711574011,65.1397418083145,69.0539627984638,50.5093560302004,47.2923891436546,47.4767918893926,47.4261211361866,70.8042131351431,61.2608042311211,61.2025118697647,62.3687193654427,61.4836870800058,61.9845515682218,61.6633708257696,62.1540854620081,65.9644646188309,65.329554283797,67.1406585637069,65.3508841273738,67.8240551553682,65.9333274502333,65.3307472873261,59.8821915616451,58.857948419177,59.4464691604986,60.7789314792318,56.6714601563311,56.0004602873695,56.4694975704735,53.3025663128433,51.671778710381,51.3251643314881,52.0487088369184,51.7681210720201,78.223834588915,56.3270470413743,59.547362702321,68.4896436565811,68.3395666704668,67.4693811739628,66.7788205563196,65.1227171139586,64.6310842718952,66.0828006165907,65.5302514815273,64.93067176165,55.3817202919639,55.3490989583622,52.3136428419573,52.9990501158502,49.575569366648,67.185126181195
