0,19.9497551260506,20.1180288678218,21.3582199598189,26.353021477755,25.7026699662313,29.1913765794955,26.3125117690025,53.0695682828364,54.7855445225512,80.3048534846947,49.8288693598039,49.9707965076452,47.3126116952666,46.7049729922127,47.6413878211241,49.9411211235129,52.0648543213474,50.4172965124451,48.8959244148474,42.4902661846181,41.0382452477536,40.6399454961407,51.6875513690385,82.5985056037166,91.8443510284999,50.7363717149935,51.3109334314942,48.4854775676264,44.4392454190311,45.5158324058516,50.5695017763741,57.985977164915,39.7332034172544,48.3364350040904,47.4604603434057,47.4007255840809,72.369643679815,71.4446428806166,71.0978580707819,67.5826521883991,67.8323880212581,68.9264442204579,68.4652608178193,74.1039810932874,72.685882262995,76.3929540971626,72.2584565152938,76.0585469122471,73.5697095815452,73.2126487621831,50.5593902758683,49.8713724865018,50.2624140570768,46.6377165677127,50.9249563510574,47.6762619977751,49.3916471503799,33.679467380263,38.4260448757978,38.9788229560845,36.771148673003,35.0427914213278,72.0913215791268,36.4559234643974,47.9903869584627,84.1548501046715,84.9770185214133,81.2658343024281,77.3813716221359,70.9153260097847,70.5660700605862,73.3689973202145,72.8270181003131,71.2290835814014,46.4599502751953,48.0560113944134,54.9979851566547,44.8168137798592,39.6102058296472,46.6747455807243
19.9497551260506,0,21.602141873541,19.0994551686796,21.5419059127991,26.0382845236219,29.1737793084099,24.9015215672578,52.2534635550583,53.9740560243439,80.3629419512881,49.030952161146,49.167393254118,46.5086526897792,46.8986397471108,47.7934939940547,49.5168042036391,51.6655364391193,49.9894517512476,48.5045373540061,42.8883576062369,41.4799442035353,41.0953377707373,51.5398725366274,82.7502895605018,91.9830683235989,50.4506295992246,51.068528677178,48.7521726424787,43.6578218587538,44.7303552655952,49.7884228118359,58.1307637004658,40.21306220447,48.4718005413944,47.596676920675,46.6144471057461,72.4520928123364,71.5300569852347,71.1805540258273,67.650551437869,67.8999045490748,68.9916684699095,68.5301532625278,74.1728817066098,72.7592207263151,76.4635777911692,72.3299273591695,76.1297306933125,73.6403822426372,73.2879398375251,50.4321575588181,49.7703052370044,50.1844078757345,46.4022777084652,51.0465449561928,47.7929650262723,49.4679473764329,34.2180055662259,38.9947195087629,39.6434098951595,37.4795706325269,35.8847659805047,71.5938439428323,35.8394440290564,47.5781929744323,84.2539720541697,85.0792471438021,81.3666320048357,77.4808332137339,70.9725403326053,70.6233286283652,73.4345852517794,72.8931843378018,71.2777494387913,46.3201573449331,47.9297976066555,55.0440658428562,44.9174036199966,40.4863109217256,45.8104575896602
20.1180288678218,21.602141873541,0,25.6622182291535,28.1766960468754,19.64841066281,25.3832830889789,21.4412108449768,53.0900220695194,54.7978595894919,79.9556859570262,49.9218866997008,50.0580721384104,47.3713694187995,46.4065890076321,47.3007161217259,50.4473782202932,52.5567974505867,50.9099506247926,49.3978462015498,42.9646607112813,41.3768148003137,41.0376379637604,51.175763516308,82.3392131874419,91.5696707992308,50.2134668847152,50.7834760011416,48.3170351852117,44.1297762155868,45.1956374997232,50.3802904751515,57.7052516462988,39.9241846544595,47.9718845273757,47.0889882151346,47.5322201426629,72.0369720932468,71.1146499342791,70.766209068176,67.2371145241441,67.4870006798463,68.578778134688,68.1177874696564,73.76203774407,72.3474423018025,76.0528227373214,71.918439465367,75.7190345841084,73.2292309286604,72.8758764814664,51.0904709140979,50.4208246605884,50.7775056736895,47.1923980493703,51.3450047778408,48.1301267169785,49.8770459081167,32.1013874580995,38.9883759426867,39.5292743386526,37.4438940641196,35.6944299396533,72.5229247917681,34.9798300340481,47.3590500345735,83.8395768439872,84.6646121202144,80.952020501748,77.0662511035733,70.5635167256002,70.21404772471,73.0243681236159,72.4826361662162,70.8705783062015,45.7781230799475,47.4062082472271,54.5831584309802,43.8612898893424,39.6073009388414,46.6812616540464
21.3582199598189,19.0994551686796,25.6622182291535,0,19.0940813175092,28.6792957187878,31.0398353386953,28.0685158171839,51.5188492983875,53.2478907715808,80.0011792697186,48.2152530851125,48.3583847525841,45.7309501321111,46.4915296506583,47.4232427171549,48.2516158495859,50.4202968967017,48.7403112014024,47.2481579190421,41.7804248927001,40.5111167757863,40.0743166519385,51.3244754446768,82.3076910940363,91.554305016532,50.2499453715291,50.8702479187634,48.2307880944075,43.2785048851526,44.3632161692505,49.2786396639643,57.7074864677778,39.3896256456037,48.122408312529,47.2532500945407,45.7558662363951,72.075424947907,71.1509833786941,70.8029780555028,67.2854389033498,67.534665221056,68.6284708172479,68.166790960492,73.8045855911399,72.3877692683625,76.0936578741112,71.9598944507926,75.7592563420131,73.2707681277574,72.9149885794289,49.1702953856793,48.4912870655689,48.9462254989345,45.1005495921231,49.9346048020881,46.6462837209703,48.2825789523631,34.7323527569202,37.8485636054929,38.5365692923283,36.2727445384173,34.7412073065401,70.4106638057734,36.5089869089427,47.4825735125387,83.8616934824267,84.6843911332292,80.9730407045221,77.0884161166964,70.6131158569976,70.2640907501213,73.0687067805248,72.5270791418949,70.9243540735246,46.2494892768178,47.8314013004567,54.7396310860223,45.0465236652121,39.9072508573644,45.0963660570388
26.353021477755,21.5419059127991,28.1766960468754,19.0940813175092,0,30.3636229958908,32.355692304249,29.044283520904,51.6884458956745,53.4230930184212,81.0522856486699,48.4030782506257,48.5400127654646,45.9129814497416,47.6676065488305,48.5601674046238,48.8632417488444,51.0563287915945,49.3462724553542,47.8940117901886,43.2188685053315,41.9648804694262,41.5503663030917,52.1831321748743,83.4489102531844,92.6827973938818,50.9789880624324,51.6406118235208,49.4797135950942,43.5079735684914,44.5898844249593,49.4971271100956,58.8410736450347,40.8557946361882,49.2432678746879,48.3745968595036,45.9560303903165,73.1496347035547,72.2280306288504,71.8774585833653,68.3457427358743,68.5946217709088,69.6862283587898,69.2242493238061,74.8659487495353,73.4533607979491,77.1566801331115,73.0237025486307,76.8228191876958,74.3338222193327,73.9824455716425,50.0970917066756,49.4493007801167,49.9207680534152,45.9195540899767,51.0963246160007,47.808729553777,49.4099018352355,36.1680045403571,39.4585166382543,40.2244557214195,38.0278732372719,36.5964125024995,70.9356809528415,37.1054011762569,48.1041547591369,84.9519789692044,85.7776567213063,82.0649292505714,78.179019331194,71.6633245810367,71.3143333660654,74.1269111250046,73.5858267949849,71.9664258286485,47.1249645886554,48.7171720004155,55.7778298153141,46.1383542807333,41.6584698844359,45.2113999309744
25.7026699662313,26.0382845236219,19.64841066281,28.6792957187878,30.3636229958908,0,19.5261897928594,19.3290483125329,53.2452719184456,54.9448117118666,79.7329710757391,50.1446969996127,50.275945171871,47.5620149073887,46.2406500662086,47.0899214317066,51.0395644403375,53.1365140182603,51.4903460583078,49.986207109948,43.5474532361079,41.8424887945467,41.5576453141672,50.7808228315512,82.209545180879,91.424188431618,49.8070137865559,50.3717719094436,48.2845357748605,43.9618864366492,45.0175434177815,50.3301097793865,57.5540798457768,40.2591795063564,47.7360948916309,46.8461799428625,47.790689562633,71.8315509535258,70.9120137607079,70.5618262576875,67.0183018622281,67.2683314255733,68.357742535437,67.8969399452133,73.54689362395,72.1359530744508,75.8395554003623,71.7053080478678,75.5064075926432,73.0156128658863,72.6661231066529,51.704642025171,51.0509734029902,51.3781993365172,47.8262628613192,51.8644220287387,48.6798648763541,50.4538444948566,30.5435746559283,39.663456522367,40.2063642557923,38.2285756104042,36.4822522909415,73.0500229725941,33.4619708808234,46.8355147971082,83.6521523596239,84.4801618448659,80.7661133507703,76.8789909391733,70.3380946899865,69.9884096271893,72.8064239327112,72.264955871109,70.6381637377346,45.1961631060066,46.8600958242244,54.2927832734062,42.9798824645316,39.8412434544091,46.8285887796076
29.1913765794955,29.1737793084099,25.3832830889789,31.0398353386953,32.355692304249,19.5261897928594,0,21.3894328654014,53.459852757677,55.1509328491607,79.5517300324756,50.4220002294195,50.5490830464083,47.8091629825871,46.1211463769108,46.9236933634704,51.6439594390892,53.7295423935621,52.0844595752951,50.586686191774,44.144245241837,42.3382589881304,42.10231193157,50.4198164276094,82.1231202672758,91.3217497447689,49.435149695964,49.9935296194141,48.2997823365765,43.8604620979863,44.9065791302674,50.3433183157962,57.4463493076125,40.640146334893,47.5441205361176,46.647196252594,48.1009658075731,71.668112642963,70.7514243848863,70.3994296435076,66.8411508104712,67.0913169651807,68.1783088922764,67.7176891615298,73.373442292229,71.9662501839455,75.6680183269135,71.5339233562819,75.3355229705038,72.8437251091789,72.4981973776262,52.3240560222403,51.683982588127,51.985354050596,48.4640158112595,52.3983401855764,49.2410821052851,51.0390982998775,29.0486849963059,40.3483788807954,40.9002488807011,39.0139812032408,37.2826455773651,73.5981910790767,31.7801020393704,46.3378330569002,83.5070442864509,84.3380901026734,80.6225570618433,76.7340556165151,70.1541124753375,69.8042103174823,72.6301022999445,72.0889094268531,70.4470028916408,44.6295010461059,46.333587564961,54.0426412877938,42.0911617624074,40.1993281821423,47.0411505266553
26.3125117690025,24.9015215672578,21.4412108449768,28.0685158171839,29.044283520904,19.3290483125329,21.3894328654014,0,52.5943359778648,54.2975046598641,79.9344721877753,49.515166287693,49.6412216259684,46.9248136891348,46.5753247793676,47.3903748025165,50.7417791580599,52.8588103079636,51.1892490476247,49.7152584596715,43.9162541087215,42.2763922599978,41.9882196804209,50.7955220469579,82.4908149793088,91.6949585176426,49.6755322899906,50.2869376857546,48.665623341483,43.312949029234,44.3626469510262,49.6962560662851,57.8326023458455,40.7587418883251,48.0243533578311,47.1370984251867,47.1737759356348,72.0553103509931,71.1383336418556,70.7856210131584,67.2294323334314,67.4790212149235,68.5664980484518,68.1052996606873,73.7582936389394,72.3512978182446,76.0523872770689,71.9190154121392,75.7196982473932,73.2285734991923,72.8831755452123,51.6517073304228,51.0175776531239,51.36718193356,47.6830653611371,52.0292365196144,48.8350569179394,50.5717215326779,31.9294855994226,40.1388843100644,40.7560741316418,38.7761733052074,37.1323038570585,72.6892716635999,32.8206265778121,46.5681512625284,83.8897911256967,84.7204700677919,81.0052112574254,77.1169570911909,70.5392466604347,70.1896554240298,73.0148948727057,72.4739870332636,70.8317026170301,45.245225553118,46.9196890591745,54.4963848544716,43.4004614709602,40.7518515164779,46.1324404574883
53.0695682828364,52.2534635550583,53.0900220695194,51.5188492983875,51.6884458956745,53.2452719184456,53.459852757677,52.5943359778648,0,23.6890336177402,92.9393904942895,34.3744967389429,33.6600667157533,26.9159732986142,60.8568637840548,61.4248926816326,56.2075977224494,58.2768242389829,56.3023457751254,55.4486687691215,58.4607350590446,57.1976037823017,56.955706866708,62.3885129340464,96.2054589558069,105.321837889985,59.6332248115578,60.8625480379442,63.2109225623495,43.8306044802852,45.3905062667029,44.1373148166201,71.5468743426399,56.1287962224775,61.9913397594784,61.1465350752098,35.26173646596,85.2757329940456,84.381535150615,84.0041122065257,80.3371841282989,80.5812907486003,81.6524092537182,81.1861044001855,86.8598079605598,85.4895463736111,89.1658489208683,85.0423295177126,88.8368991293798,86.3444189780633,86.036952045436,61.2996871397915,61.1219512089591,61.514113625406,56.2216815437289,64.2242502595631,61.0174742697633,62.3934767749283,53.9442190144297,55.7626728889742,56.9191594424564,55.1524736417091,54.1676257655262,75.4124296670929,52.822589032333,56.9756462795212,97.2284012077108,98.0829590454038,94.3570732958399,90.4588708643407,83.5476536454986,83.1997874649631,86.089366547611,85.5543416551682,83.7695135858997,58.7429277195559,60.2235595812575,67.729596310385,60.658525711203,58.7562479090369,34.5717092858729
54.7855445225512,53.9740560243439,54.7978595894919,53.2478907715808,53.4230930184212,54.9448117118666,55.1509328491607,54.2975046598641,23.6890336177402,0,94.538977005288,36.2444079694242,35.7842898195026,29.0562771589991,62.4859392148746,63.0453816297205,57.9939563159516,60.0580412250728,58.0875328857053,57.2301465483855,60.1744725849095,58.8999914656081,58.6619703657192,63.9465214315643,97.829043125892,106.941960808188,61.1581850004303,62.399815072301,64.8584935117361,45.262691041414,46.8395383107672,45.3338671086033,73.1678871321571,57.8185443136145,63.6082874225502,62.7636319705857,37.0082838175567,86.8814288009211,85.9879718691342,85.6098766314141,81.9392621596152,82.1832714883661,83.2538244653536,82.7874338650069,88.4621221791551,87.092972952139,90.7685935658429,86.6452882448586,90.4397839347946,87.9471771605459,87.6408680696535,63.0556763792583,62.8762244736705,63.2645689099258,57.9894349354539,65.9504367770696,62.7467554371157,64.1282707200369,55.613040153923,57.4751416076067,58.6284668383682,56.8662011211875,55.877741743015,77.1949839448234,54.479857930711,58.5195960026089,98.8383294681407,99.6936748940012,95.9674240123928,92.0688810735117,85.1470528329677,84.7992016560719,87.6908512096678,87.1559727833863,85.3667850656236,60.3319309205742,61.8101294903469,69.3277736249024,62.2924347134282,60.4418534297013,36.9784487472984
80.3048534846947,80.3629419512881,79.9556859570262,80.0011792697186,81.0522856486699,79.7329710757391,79.5517300324756,79.9344721877753,92.9393904942895,94.538977005288,0,90.148329776299,90.2881970676553,87.3878422523928,64.9526779917944,64.1491272639393,91.4944786461009,93.3499055659826,91.8734050746235,90.2236434543459,80.902754850027,77.6210661177766,78.1946865776675,72.8572114852223,85.4412919406794,91.2849775781657,75.9216619268569,75.4795317180811,70.3261177540306,81.7941445399407,82.9209749216818,88.3698260889098,63.4416612861509,74.3855279882862,65.2242041517241,65.0615773582078,87.9625546296553,58.3916641037301,57.8084608848113,54.838242809122,53.9735768736336,52.8463205724176,55.2723090814585,53.4345677184526,47.5917213168354,48.5645035392462,46.9038135296544,47.7778226483448,45.3472249689182,47.4284196623951,49.5117857583621,90.6449218453221,90.0633991011307,89.8744000982242,87.5887824767413,88.0785943645837,85.5087951852621,87.8925903531722,76.8681513958921,78.606178233385,79.5211764378961,78.6529206604353,77.4305641533237,113.431163512354,78.9472137707162,79.6260526517394,69.2411643945564,71.5436631534423,67.3304869791627,62.9878373196764,49.2179377354884,50.2467742289832,46.3538547743192,47.6626608725335,52.9472457258946,75.4940361407264,75.9925587221212,69.2911076022109,80.2203159958983,79.0259764857021,86.9163161969932
49.8288693598039,49.030952161146,49.9218866997008,48.2152530851125,48.4030782506257,50.1446969996127,50.4220002294195,49.515166287693,34.3744967389429,36.2444079694242,90.148329776299,0,18.5818285769901,22.2419326856732,57.8969431414508,58.524639372538,51.1675656942243,53.192515067627,51.1794869786944,50.4327048518284,54.8266686523874,53.6656101665186,53.3987913321478,59.886677815384,93.2561274639505,102.396407162549,57.3211945054814,58.4854058820596,60.1075172714503,42.6044323683963,44.1007750350531,43.7241734418718,68.619743045301,52.7187047420609,59.1183124606119,58.2752970580174,23.1516349258045,82.4471817259648,81.5481390200644,81.1747743503891,77.5322033437335,77.7767262881676,78.8516482571052,78.3856835351048,84.0520762212278,82.6747681113394,86.3551890657195,82.2305606183384,86.0252730514862,83.5338455065792,83.2190178086101,56.9526567334912,56.8484959821696,57.2485469825248,51.7010447702506,60.3140470440108,57.0895956691529,58.3996478383318,50.9608070983895,52.203144199096,53.4082402393703,51.6250272871581,50.6931452952821,69.7616043832537,50.0703300568175,54.7054865575635,94.371262281536,95.2206626240458,91.4972022045265,87.6012590055435,80.7586960339915,80.4108506697089,83.2869224668245,82.7510644001215,80.994041613452,56.159836304572,57.63887507272,64.9732682874434,57.8525012451296,55.4930160289061,35.3139506810067
49.9707965076452,49.167393254118,50.0580721384104,48.3583847525841,48.5400127654646,50.275945171871,50.5490830464083,49.6412216259684,33.6600667157533,35.7842898195026,90.2881970676553,18.5818285769901,0,21.0204625675016,58.0464843017249,58.6698702654034,51.5559839320778,53.5940898448166,51.5839391451499,50.8217136668325,55.0309980058658,53.8609458015179,53.5956110486655,60.0058066665401,93.4069467016682,102.545490899792,57.4296462978514,58.597086609571,60.2685723690508,42.6252439657874,44.1220287506906,43.7408703079211,68.7686218536162,52.9026144474244,59.2613881535344,58.4180407505699,25.3816761236123,82.5894343642196,81.6907233760289,81.3171060762535,77.6728490803678,77.9173597723269,78.9920137216472,78.5260419823762,84.1929993141588,82.8161569137787,86.4963210396986,82.3717470480922,86.1664748658074,83.6749586479052,83.3606194323929,57.2459522783751,57.130427256358,57.5322014703606,52.0147458068558,60.5554077231169,57.3316772941149,58.6488048257497,51.0925040375715,52.3963187365065,53.5957425435167,51.8122826999879,50.8743865079766,70.2647590879626,50.175800818918,54.8007216180439,94.5155415804545,95.3652958985693,91.6416664247282,87.7455659446759,80.8983551939166,80.5504997074408,83.4274936240795,82.8916834288296,81.1328094156753,56.2759261161381,57.7563053684978,65.1088961207594,57.9774453129227,55.656651494962,34.8619042662739
47.3126116952666,46.5086526897792,47.3713694187995,45.7309501321111,45.9129814497416,47.5620149073887,47.8091629825871,46.9248136891348,26.9159732986142,29.0562771589991,87.3878422523928,22.2419326856732,21.0204625675016,0,55.2227685978285,55.8209626145344,49.4620850342778,51.504123315824,49.509657562573,48.7146423924237,52.4796058603523,51.2697386678428,51.0152786480217,56.9835312827775,90.5746883168454,99.7031168197247,54.3216188417582,55.5194725655513,57.5032402446097,39.1440290687872,40.6730251373049,39.8532511805744,65.9276295328201,50.2648782124735,56.4013729066361,55.5576873110582,25.3329640178928,79.7056488482481,78.8090287804948,78.4336066125621,74.7788776495597,75.0231738576554,76.0962030880432,75.6300496256903,81.3000240305546,79.9262587253236,83.6045914755043,79.4805421833412,83.2751544293959,80.7832195044144,80.4720903417182,54.932631088833,54.7956702513279,55.1908645125442,49.7612802397185,58.0920695510329,54.8765037549592,56.2174178872293,48.3153494095256,49.8232068247957,51.0059818198112,49.2316676887378,48.2754269600053,68.3199504494877,47.3225053106466,51.7015878068222,91.6439500389633,92.4959291153419,88.7712588421164,84.8741884496363,77.9972320755014,77.6493864689971,80.5322146511917,79.9967837701859,78.2257986977949,53.3078360827282,54.7861591705894,62.1975903806094,55.1161318324945,52.9741843585827,31.3854396022923
46.7049729922127,46.8986397471108,46.4065890076321,46.4915296506583,47.6676065488305,46.2406500662086,46.1211463769108,46.5753247793676,60.8568637840548,62.4859392148746,64.9526779917944,57.8969431414508,58.0464843017249,55.2227685978285,0,23.7713094577833,58.068092443921,59.8914609806582,58.4621131726032,56.7456130004261,46.1828585120268,42.597453286764,43.2910235809688,45.1114957257152,65.5501950235494,74.7953820663967,47.5625363769055,47.2333631808418,32.0980756630311,50.4011200325409,51.5126897713295,56.8769831893653,39.6433153075568,38.9347650610732,27.5101048695692,27.2530548896754,55.6152935597291,56.12133903103,55.1177862824912,54.8887244918982,51.7500312718822,52.0322495334244,53.1835741110907,52.7522417077025,58.3634662296515,56.8064086478442,60.6196011844314,56.4326335969791,60.276250900292,57.7767939881789,57.2782761903516,56.6933928866158,56.078224633088,55.8292046918136,53.8299542996726,53.6101275827891,51.086800640001,53.5683494151656,43.1471092890659,43.9445638227372,44.8324741891582,44.1166850676939,42.8830405058533,80.1889045409749,46.1319674399225,49.0028367465947,67.6424471027951,68.3959295569415,64.7099052061805,60.8496920906035,55.5207685687963,55.1613639276182,57.7293264779135,57.1602434343497,56.1159156337464,43.9375375975893,44.6372526225923,40.3263190425058,46.788282434785,44.028141367245,54.7885049326321
47.6413878211241,47.7934939940547,47.3007161217259,47.4232427171549,48.5601674046238,47.0899214317066,46.9236933634704,47.3903748025165,61.4248926816326,63.0453816297205,64.1491272639393,58.524639372538,58.6698702654034,55.8209626145344,23.7713094577833,0,59.1465600196177,60.9891857871903,59.5366944218985,57.8502666224784,47.7918683321983,44.3457129752743,44.9703407224721,44.1948010763535,66.2026475611096,75.1856889233227,47.0223118534256,46.6038672261999,35.8117865613245,50.719178026734,51.8311503635562,57.2541748214478,40.0242618009907,40.8432368390869,19.5054006370895,20.7070559634659,56.276510316118,55.4661352376732,54.5095281682187,54.2702622721366,50.8766961979741,51.1748223900961,52.2810655806553,51.8663138266474,57.6208466543436,56.1110712143282,59.9137660738941,55.7131447282279,59.583515535557,57.0557289175609,56.6089525545481,58.0180626919532,57.4117628041276,57.2037157234574,55.0560217095547,55.2231599778388,52.6543834594421,55.0779029073854,43.9302181998232,45.4616452747554,46.3337113227509,45.543271407043,44.2855294619979,81.1973602235601,46.6777056480175,48.9116088341848,67.3291583479793,68.1304274733648,64.4197353044058,60.5365968663474,54.6281157768186,54.2587764432701,56.9486232946416,56.3769873974517,55.136983834461,43.6894237886162,44.2907762611001,37.5584054780744,47.205473161273,45.4660014626416,55.3600313132374
49.9411211235129,49.5168042036391,50.4473782202932,48.2516158495859,48.8632417488444,51.0395644403375,51.6439594390892,50.7417791580599,56.2075977224494,57.9939563159516,91.4944786461009,51.1675656942243,51.5559839320778,49.4620850342778,58.068092443921,59.1465600196177,0,28.4179912977274,21.5075516908359,22.3364678763452,49.7000869704415,49.3511672520565,48.9557861040609,63.3858206102388,93.4028597639784,102.728063467351,62.0987197574165,62.8346193361867,59.1291062146268,52.8716018316096,54.1065465236735,57.1960121313198,68.9545506447305,49.466431899899,59.9545031866232,59.1339939339175,47.6778889947181,83.5181349553762,82.5826090391651,82.2387621061231,78.780275678323,79.0272938105383,80.131120857274,79.6670831248186,85.2759607408118,83.846240788458,87.5566913706919,83.4245539322923,87.2193519908415,84.7365054704019,84.3668475829383,42.7843447008126,43.9204030923523,44.1740525643439,34.9144505090382,51.5252271129873,48.2477151211623,48.8666642701047,52.0296614973441,48.1352849874179,49.8464861995988,48.1062535379979,47.6930891785267,55.4475299177105,52.9823127291749,59.8697242963392,95.223837826832,96.0343087042269,92.3292700115433,88.4504770277198,82.1230643975578,81.7757008588585,84.5502303800623,84.0084532860458,82.4586338029123,59.3056043466619,60.7382002618281,66.6489471126663,59.7620344229512,54.007629617557,50.9403439703946
52.0648543213474,51.6655364391193,52.5567974505867,50.4202968967017,51.0563287915945,53.1365140182603,53.7295423935621,52.8588103079636,58.2768242389829,60.0580412250728,93.3499055659826,53.192515067627,53.5940898448166,51.504123315824,59.8914609806582,60.9891857871903,28.4179912977274,0,22.4981115608827,18.5489782246961,51.3722454370968,51.0128904889586,50.6424092777564,65.3325356767017,95.2036205922809,104.538028305273,64.0794101483581,64.8056661433655,60.8903620329543,54.9648785190083,56.201300123342,59.2802984497411,70.7679933370432,51.1744716912101,61.8079768693336,60.9900754068499,49.669369617045,85.362789786008,84.425651542823,84.0829035740004,80.632682165634,80.8796858730101,81.9848408450055,81.5207648688919,87.1266207964736,85.6947109401254,89.4062966910879,85.2739922184748,89.0686001481252,86.586261290345,86.2142963556604,43.0618574121714,44.7845581740747,44.4284696696774,35.8415034923136,52.4497994772153,49.2932790727097,49.8898261728858,54.0495067653886,49.9486637077425,51.6892595207326,49.9959570300443,49.6031008534534,51.4198755440444,55.0582863013467,61.8896228318875,97.0582168037846,97.8669462182924,94.1627547292875,90.2847484214302,83.9797597356493,83.6324805822069,86.4025562296891,85.8605867724069,84.3194994094018,61.2778180391933,62.7034985166216,68.5314607774865,61.7445907466654,55.9008894783878,53.0716103345812
50.4172965124451,49.9894517512476,50.9099506247926,48.7403112014024,49.3462724553542,51.4903460583078,52.0844595752951,51.1892490476247,56.3023457751254,58.0875328857053,91.8734050746235,51.1794869786944,51.5839391451499,49.509657562573,58.4621131726032,59.5366944218985,21.5075516908359,22.4981115608827,0,19.0700402870649,50.1741942176026,49.7993208457299,49.4159876923482,63.7462779512598,93.7906936719659,103.114750504403,62.4428637860198,63.1846225471377,59.529189527965,53.1362008714592,54.3758386422472,57.4052882054592,69.3422009091499,49.9028912558436,60.3432792746564,59.5230374799459,47.6356041027864,83.8996112764775,82.9643718382038,82.6202349009034,79.1603387142673,79.4073023514957,80.5109161396078,80.0468288146483,85.6560243040808,84.2267511518589,87.9369122377398,83.8048799260042,87.5996229466194,85.1167450868463,84.7475500789563,43.0074879664699,44.3355634044166,44.3493557612686,35.4943981589176,51.8259553327231,48.5971811706944,49.2293113343068,52.45789648378,48.6283381132657,50.3354733425691,48.6093870068835,48.1887038558135,52.5522238051684,53.3832857235819,60.2147746433973,95.6068485337481,96.4176183615906,92.7124448710319,88.8335257851703,82.5019759736858,82.1546261227509,84.9299630410353,84.388251744824,82.8366852217897,59.6788430571205,61.1107200140893,67.028673077206,60.1628276504919,54.4595397109985,51.1082712651638
48.8959244148474,48.5045373540061,49.3978462015498,47.2481579190421,47.8940117901886,49.986207109948,50.586686191774,49.7152584596715,55.4486687691215,57.2301465483855,90.2236434543459,50.4327048518284,50.8217136668325,48.7146423924237,56.7456130004261,57.8502666224784,22.3364678763452,18.5489782246961,19.0700402870649,0,48.1203762633017,47.7858915745882,47.4077927036715,62.2390528008532,92.0597880201373,101.396822561392,61.0068781605709,61.7260554578768,57.7282531574426,51.9851802344396,53.2175560585914,56.349796477215,67.6264654832553,47.9677418357281,58.6721789864745,57.8544729195589,46.9535525277961,82.2323212755689,81.2946423262521,80.9523515230901,77.5048470639574,77.7518992199445,78.8574784132122,78.3934422566296,83.998489291788,82.5657911759177,86.2778396094546,82.145408646373,85.9400357912901,83.4578121845006,83.085024134527,39.7321790586412,41.3753180047772,41.1964317752462,32.0636027828212,49.2437265611256,46.052420453095,46.6253626113126,50.9061239614361,46.7051435764744,48.4554757003019,46.7571898254362,46.3756140273653,51.5496107779021,51.9502294269864,58.8231213306146,93.92457550795,94.7327308674277,91.0288086759224,87.1510533057828,80.8537266371742,80.5064490307657,83.2750159616139,82.7329524735428,81.1949762599612,58.1769753074522,59.6021108440699,65.409067721671,58.6200569673759,52.7124828256174,50.1867679896967
42.4902661846181,42.8883576062369,42.9646607112813,41.7804248927001,43.2188685053315,43.5474532361079,44.144245241837,43.9162541087215,58.4607350590446,60.1744725849095,80.902754850027,54.8266686523874,55.0309980058658,52.4796058603523,46.1828585120268,47.7918683321983,49.7000869704415,51.3722454370968,50.1741942176026,48.1203762633017,0,25.8291181479574,21.6269442041442,55.1524461079495,81.5658079540881,91.0810551382833,55.1102468302076,55.4536654468579,45.9056448248004,50.7854820876898,51.9193908667782,56.5003766437375,57.2979125574238,30.9237057855991,48.8504692127665,48.0614192358883,52.1677663816124,72.640011737774,71.6662165922983,71.3532167334777,68.0881953605649,68.3376242244303,69.4719807042207,69.0097355809386,74.5573448899986,73.0728971074753,76.814527580292,72.6747658825777,76.4693752837205,73.9957017374469,73.5687741904596,45.587672928346,44.5047431096952,44.3795646333163,43.6218898933025,41.5326284548018,37.8855634309499,40.3450219349564,43.1107987995833,26.3742089142448,30.6712713950065,30.7469827683255,31.8109895799783,72.7333984094346,46.453354585426,53.7182904329269,84.1174095897051,84.8872907318701,81.2014324373257,77.3405041133219,71.5516115977325,71.2049112102387,73.8728167250051,73.3249590053532,71.9920633643326,51.1777744137344,52.4826970060679,56.4657352669553,50.8895402444468,40.2111612784993,52.43851235557
41.0382452477536,41.4799442035353,41.3768148003137,40.5111167757863,41.9648804694262,41.8424887945467,42.3382589881304,42.2763922599978,57.1976037823017,58.8999914656081,77.6210661177766,53.6656101665186,53.8609458015179,51.2697386678428,42.597453286764,44.3457129752743,49.3511672520565,51.0128904889586,49.7993208457299,47.7858915745882,25.8291181479574,0,17.9128978043476,52.4216357111022,78.0025522807094,87.5603667757129,52.6218272067978,52.8940159130931,41.9510353051617,49.1103130393019,50.2379910917077,54.9485964614289,53.7719650030288,23.69916315772,45.4704212476957,44.6922712648132,51.0636289246062,69.2938635119832,68.3113132757009,68.005273339915,64.7846477734241,65.0345306445971,66.1759425352335,65.7140046759411,71.2471958605512,69.750338078163,73.4989540831193,69.3575676243066,73.1519990534799,70.680509161885,70.2405855016701,45.5328252816193,44.6378435111926,44.2721879319941,43.5585342633906,40.6523050171556,37.5979635568035,40.3819924226494,40.8821996879941,27.4744942340237,29.831626803321,30.6396557209093,30.7387513693697,72.2150570550179,44.492663343258,51.4616236570883,80.7190613231037,81.4797212892319,77.7982190002745,73.9413497522745,68.2750074595204,67.92852051109,70.5720259886915,70.022833647965,68.7392892986349,48.577777379301,49.8391317177874,53.2999983855562,48.3417951203613,37.034722178779,51.1580193729634
40.6399454961407,41.0953377707373,41.0376379637604,40.0743166519385,41.5503663030917,41.5576453141672,42.10231193157,41.9882196804209,56.955706866708,58.6619703657192,78.1946865776675,53.3987913321478,53.5956110486655,51.0152786480217,43.2910235809688,44.9703407224721,48.9557861040609,50.6424092777564,49.4159876923482,47.4077927036715,21.6269442041442,17.9128978043476,0,52.7096696284995,78.7387059750355,88.2701189148591,52.8077832963712,53.108587961772,42.8631955359658,48.9842436930938,50.1127616991191,54.7906973321619,54.4762872727241,26.0301598244869,46.058555056223,45.2718755828785,50.7832994167334,69.9009950458491,68.9233444874586,68.6138167666866,65.3681282229954,65.6179867832563,66.755373901188,66.29348828871,71.8356118164085,70.3454713013983,74.0905308947918,69.9497480505179,73.7446409129783,71.2716878532123,70.8388298873082,45.2216464426694,44.2673215772771,44.0250414338263,43.1601755611422,40.8732784061221,37.6142125164709,40.2353939815116,40.8003238026363,24.6677356380645,27.8670309902113,28.975124127815,29.5428163502118,71.8576718335177,44.3783855448394,51.5349958106816,81.3567825090049,82.122676659662,78.4386510935488,74.5794358241005,68.8449833437358,68.4982679365408,71.1553427620132,70.6067717499116,69.2964317125485,48.7767329552597,50.0607725413434,53.7910983476122,48.4580613823982,37.0881493565384,50.9132249394858
51.6875513690385,51.5398725366274,51.175763516308,51.3244754446768,52.1831321748743,50.7808228315512,50.4198164276094,50.7955220469579,62.3885129340464,63.9465214315643,72.8572114852223,59.886677815384,60.0058066665401,56.9835312827775,45.1114957257152,44.1948010763535,63.3858206102388,65.3325356767017,63.7462779512598,62.2390528008532,55.1524461079495,52.4216357111022,52.7096696284995,0,79.5666122317468,88.1603575204466,37.4591369430477,34.9427900827773,50.3826610367992,49.9786434496167,51.1042780621667,56.8825076580033,54.4701219413739,49.6976664946921,44.1280479957632,43.3256870001019,57.8625149436885,65.9576170464705,65.1731674346466,64.7116906539836,60.4801181333145,60.7220222542072,61.7006437391871,61.2343657173209,67.108313669646,65.8895753508566,69.4846935433072,65.3760236677549,69.1792651428819,66.6551039098277,66.5066708495012,63.7007877984943,63.1556512992614,63.16837557438,60.1765801869912,62.5240122174758,59.7094466884645,61.8132562620854,47.9064964923975,52.4243045283912,53.2620014121752,52.0902085796301,50.7675862002489,84.9897353558063,48.6073813446401,45.1594397714825,78.5637975778,79.5316610938434,75.7521324732768,71.8039129295275,63.3757654933857,63.0219910037054,66.2227085201746,65.7018376229304,63.2998420354156,41.46556407744,41.3688526981164,46.1299816032381,50.2447231525443,52.551271619768,56.3824232785889
82.5985056037166,82.7502895605018,82.3392131874419,82.3076910940363,83.4489102531844,82.209545180879,82.1231202672758,82.4908149793088,96.2054589558069,97.829043125892,85.4412919406794,93.2561274639505,93.4069467016682,90.5746883168454,65.5501950235494,66.2026475611096,93.4028597639784,95.2036205922809,93.7906936719659,92.0597880201373,81.5658079540881,78.0025522807094,78.7387059750355,79.5666122317468,0,56.2279693971737,82.1318157599136,81.8009247185747,68.397243478811,85.701620263844,86.8222608256284,92.1506798440696,58.8495331899991,74.5727819500276,68.0550729023274,67.9167449678335,90.980770669874,74.9227607508887,73.2497161053413,72.884634838652,73.4485961820355,73.4830091532851,75.232762928717,74.559853316274,77.9286247617487,75.6486181853546,79.5367600454882,75.6604226051331,78.9493511341386,76.9992719759554,75.6970418882613,91.8853994344183,91.2896213576666,90.9735727372091,89.1035512087021,88.4820570543795,86.0789928928696,88.6337081140968,79.4356985324958,79.568421045169,80.55314215461,79.8452393946832,78.7022300680396,115.522590956205,82.0684490033696,84.3509640789625,78.9143759945408,78.5411406994213,75.550309817307,72.3084208265817,77.3650700019476,77.1446213003455,77.8883112317096,77.3754788685296,79.1977566709521,79.9562496842671,80.6179865234831,75.2409613479804,83.3571348619662,80.3642332888984,90.1646278811531
91.8443510284999,91.9830683235989,91.5696707992308,91.554305016532,92.6827973938818,91.424188431618,91.3217497447689,91.6949585176426,105.321837889985,106.941960808188,91.2849775781657,102.396407162549,102.545490899792,99.7031168197247,74.7953820663967,75.1856889233227,102.728063467351,104.538028305273,103.114750504403,101.396822561392,91.0810551382833,87.5603667757129,88.2701189148591,88.1603575204466,56.2279693971737,0,90.8191105246233,90.4666067617391,78.2306813125177,94.7208752661805,95.8420458090285,101.190920816216,67.7019608570724,84.152669944906,76.9554873504662,76.8337135995746,100.134555351055,80.7551807549501,78.9378267362084,78.4112370677977,79.8818907626923,79.8323032461747,81.7241160180699,80.9722747645755,83.6472225902461,81.1993629014129,85.0388228625414,81.3134352165441,84.3635808850621,82.6283332251347,81.1319535459753,101.318283552674,100.7240215386,100.429847358318,98.4914070464363,98.0547888178107,95.6218886196714,98.1477841958372,88.6246027998084,89.0295398930714,90.0003150649045,89.2673630712001,88.10910335239,124.819726871387,91.1832981450545,93.2372194254797,81.670896245279,80.7740172921568,78.1794292579276,75.2691443457748,83.6647434919497,83.4892180806827,83.7559661520065,83.2763886642558,85.7682402559233,88.8493874620873,89.4849832101569,83.7528490966853,92.4448183330557,89.7443081600568,99.2825840440473
50.7363717149935,50.4506295992246,50.2134668847152,50.2499453715291,50.9789880624324,49.8070137865559,49.435149695964,49.6755322899906,59.6332248115578,61.1581850004303,75.9216619268569,57.3211945054814,57.4296462978514,54.3216188417582,47.5625363769055,47.0223118534256,62.0987197574165,64.0794101483581,62.4428637860198,61.0068781605709,55.1102468302076,52.6218272067978,52.8077832963712,37.4591369430477,82.1318157599136,90.8191105246233,0,26.6037403423701,52.1831889952616,46.3588672569917,47.4990765282184,53.4426641361326,57.1534182018088,50.1669816745282,47.135337949403,46.3244930771608,55.4034349893833,68.9823083735021,68.1802285225375,67.7228143974543,63.5925457701434,63.8275454070809,64.8259584051309,64.3521471024535,70.1622877795794,68.9270248399839,72.5235359403983,68.4223737527633,72.2127117661975,69.7012115934364,69.5345769487816,62.9720301351784,62.4578928489625,62.5412948193101,59.2415145160891,62.3678246758539,59.4791655143133,61.4736951971216,47.3993771787461,52.305444818877,53.1603124828468,51.8671612711793,50.5571046163894,83.5043465009009,47.1599116503606,40.443140246446,81.4661365231946,82.4175324626981,78.6465263541573,74.7062402548631,66.4899559696324,66.1418044301766,69.290594113198,68.7718549745954,66.450804401077,41.965356770231,42.5354452669581,50.2707844306302,50.2533089794171,52.7174122031549,53.6782200066112
51.3109334314942,51.068528677178,50.7834760011416,50.8702479187634,51.6406118235208,50.3717719094436,49.9935296194141,50.2869376857546,60.8625480379442,62.399815072301,75.4795317180811,58.4854058820596,58.597086609571,55.5194725655513,47.2333631808418,46.6038672261999,62.8346193361867,64.8056661433655,63.1846225471377,61.7260554578768,55.4536654468579,52.8940159130931,53.108587961772,34.9427900827773,81.8009247185747,90.4666067617391,26.6037403423701,0,52.0238909219446,47.8761453029903,49.0075681533265,54.915806254181,56.7921701879048,50.3592341442452,46.6713617267628,45.8579789540481,56.5308257976382,68.5472080816062,67.7490088639158,67.2909402154896,63.1381996579015,63.3748668167869,64.3688535033791,63.8968475911195,69.7216427650073,68.489862812324,72.0863065085587,67.9832851202449,71.7767070412579,69.2622575932698,69.0994868847908,63.5332026078446,63.0084249346536,63.071644295271,59.8656831578976,62.7567763923325,59.888737419675,61.9156131617208,47.7881546824494,52.664301082042,53.5107790926848,52.2519309145922,50.9341218994661,84.3063514838397,47.8167507311094,41.90757202935,81.0586560356286,82.0136902613652,78.2407761005815,74.2987158513885,66.0362291821788,65.6867560985206,68.8469777354135,68.3276817939368,65.9892428604849,41.5663606292342,41.9028817203876,49.5776964455983,50.4064549759094,52.9686421939746,54.8833213433663
48.4854775676264,48.7521726424787,48.3170351852117,48.2307880944075,49.4797135950942,48.2845357748605,48.2997823365765,48.665623341483,63.2109225623495,64.8584935117361,70.3261177540306,60.1075172714503,60.2685723690508,57.5032402446097,32.0980756630311,35.8117865613245,59.1291062146268,60.8903620329543,59.529189527965,57.7282531574426,45.9056448248004,41.9510353051617,42.8631955359658,50.3826610367992,68.397243478811,78.2306813125177,52.1831889952616,52.0238909219446,0,53.3465699208489,54.4613278352103,59.666246009686,43.9856498112228,37.9711879459989,37.8890405358705,37.3800804572775,57.7452816472385,61.3864977914965,60.322520725715,60.086464702015,57.2789294990109,57.5339673250484,58.7421036564525,58.2836238873385,63.6859793867344,62.073482533799,65.8888671511993,61.7303012465039,65.5259020646092,63.0725466466159,62.51181646279,57.0472492053556,56.4201576856728,56.0289306875931,54.4816133659426,53.0469243936992,50.7026357100702,53.374720104881,45.5719626122888,44.0675078584475,45.0643160000328,44.5487538142762,43.4426248425021,81.4255944098147,48.8747021409911,52.9078790039556,72.3625297277457,73.0425840446169,69.3977411393575,65.5752771392303,61.0267662445594,60.6823000666661,63.0978393483717,62.5357397512714,61.7157549121664,48.4223029164073,49.2944631997721,47.6215333021128,50.2127416114439,44.9143146246924,57.1487310587723
