IBR/IBR_outputs/SS_Optim/FireFreq_2000_2008_Total/Results/FireFreq_2000_2008_Total.asc
NCOLS 160 
NROWS 95 
XLLCORNER 210004.651214014 
YLLCORNER 7350008.22228844 
CELLSIZE 4999.99999999997 
NODATA_value -9999 
[rows 0 to 20 of 95, columns 92 to 137 of 160]
-9999 -9999 -9999 -9999 -9999 -9999 -9999 -9999 -9999 -9999 -9999 -9999 -9999 -9999 -9999 -9999 -9999 -9999 -9999 -9999 -9999 -9999 -9999 -9999 -9999 -9999 -9999 -9999 -9999 -9999 -9999 -9999 -9999 -9999 -9999 -9999 -9999 -9999 -9999 -9999 -9999 -9999 -9999 -9999 -9999 -9999
-9999 -9999 -9999 -9999 -9999 -9999 -9999 -9999 -9999 -9999 -9999 -9999 -9999 -9999 -9999 -9999 -9999 -9999 -9999 -9999 -9999 -9999 -9999 -9999 -9999 -9999 -9999 -9999 -9999 -9999 -9999 -9999 -9999 -9999 -9999 -9999 -9999 -9999 -9999 -9999 -9999 -9999 -9999 -9999 -9999 -9999
-9999 -9999 -9999 -9999 -9999 -9999 -9999 -9999 -9999 -9999 -9999 -9999 -9999 -9999 -9999 -9999 -9999 -9999 -9999 -9999 -9999 -9999 -9999 -9999 -9999 -9999 -9999 -9999 -9999 -9999 -9999 -9999 -9999 -9999 -9999 -9999 -9999 -9999 -9999 -9999 -9999 -9999 -9999 -9999 -9999 -9999
-9999 -9999 -9999 -9999 -9999 -9999 -9999 -9999 -9999 -9999 -9999 -9999 -9999 -9999 -9999 -9999 -9999 -9999 -9999 -9999 -9999 -9999 -9999 -9999 -9999 -9999 -9999 -9999 -9999 -9999 -9999 -9999 -9999 -9999 -9999 -9999 -9999 -9999 -9999 -9999 -9999 -9999 -9999 -9999 -9999 -9999
-9999 -9999 -9999 -9999 -9999 -9999 -9999 -9999 -9999 -9999 -9999 -9999 -9999 -9999 -9999 -9999 -9999 -9999 -9999 -9999 -9999 -9999 -9999 -9999 -9999 -9999 -9999 -9999 -9999 -9999 -9999 -9999 -9999 -9999 -9999 -9999 -9999 -9999 -9999 -9999 -9999 -9999 -9999 -9999 -9999 -9999
-9999 -9999 -9999 -9999 -9999 -9999 -9999 -9999 -9999 -9999 -9999 -9999 -9999 -9999 -9999 -9999 -9999 -9999 -9999 -9999 -9999 -9999 -9999 -9999 -9999 -9999 -9999 -9999 -9999 -9999 -9999 -9999 -9999 -9999 -9999 -9999 -9999 -9999 -9999 -9999 -9999 -9999 -9999 -9999 -9999 -9999
-9999 -9999 -9999 -9999 -9999 -9999 -9999 -9999 -9999 13.0821218964529 13.0821218964529 13.0821218964529 13.0821218964529 -9999 -9999 -9999 -9999 -9999 -9999 -9999 -9999 -9999 -9999 -9999 -9999 -9999 10.9958315632459 9.07168097030266 8.58374260835807 8.58374260835807 11.3260254663358 9.15031058348315 11.3260254663358 11.6630371900995 7.26462084238174 7.51777273817237 5.20470804472951 5.5761407270437 9.15031058348315 8.30902568557549 7.90733542801612 7.90733542801612 8.72322105701321 6.7735769560824 4.21382699348677 5.73943800166558
-9999 -9999 -9999 -9999 -9999 -9999 -9999 -9999 -9999 13.0821218964529 13.0821218964529 13.0821218964529 12.6441504055249 10.0047500045048 12.1300970861436 13.0821218964529 13.0821218964529 -9999 -9999 -9999 -9999 -9999 13.0821218964529 12.6607975685399 11.8654422143181 12.1020441769238 12.0070075860943 9.68040490772562 8.80759469149991 7.98669126410004 9.86148116130173 7.36526116977563 6.630134998335 7.82846465701326 6.630134998335 6.48844169312349 7.21460836674189 4.91697996960157 6.48844169312349 7.51777273817237 6.630134998335 9.50153556061715 11.7997824131339 7.82846465701326 5.41532742368707 6.7735769560824
-9999 -9999 -9999 -9999 -9999 -9999 -9999 13.0821218964529 12.5619382208958 13.0821218964529 13.0821218964529 13.0821218964529 12.402470944986 10.0447912755287 10.0447912755287 9.32484648449726 11.5950827646585 10.8009303102264 9.24701062584084 -9999 -9999 13.0821218964529 13.0821218964529 13.0821218964529 11.5950827646585 7.36526116977563 7.98669126410004 6.07363893459501 5.54378056612425 5.41532742368707 5.93872803690054 6.07363893459501 6.91878828113748 5.54378056612425 5.03928483123675 7.06579123420008 7.36526116977563 4.91697996960157 5.54378056612425 4.4424875291168 4.55893770139103 7.36526116977563 10.0447912755287 12.6441504055249 10.418225053247 10.6084044571217
-9999 -9999 -9999 -9999 -9999 -9999 -9999 13.0821218964529 10.6084044571217 12.0070075860943 13.0821218964529 13.0821218964529 13.0821218964529 10.9958315632459 8.30902568557549 6.7735769560824 8.47318173608797 9.32484648449726 9.32484648449726 12.508060344251 12.3580801811556 13.0821218964529 9.86148116130173 10.2303633616487 8.30902568557549 5.54378056612425 5.93872803690054 7.67216646847105 7.36526116977563 5.16309833251368 5.16309833251368 6.48844169312349 8.30902568557549 6.07363893459501 6.7735769560824 8.80759469149991 8.14687056300465 6.07363893459501 4.79616608529134 5.6738185728794 5.8054613928608 5.8054613928608 9.68040490772562 12.6441504055249 6.21021478239436 9.86148116130173
-9999 -9999 -9999 -9999 -9999 -9999 13.0821218964529 10.7123961086693 8.14687056300465 9.68040490772562 12.8617935014691 13.0821218964529 13.0821218964529 12.6441504055249 8.30902568557549 8.30902568557549 8.30902568557549 7.06579123420008 7.67216646847105 10.9958315632459 9.68040490772562 8.14687056300465 7.98669126410004 11.7997824131339 11.1931375240612 7.82846465701326 7.51777273817237 7.06579123420008 6.21021478239436 6.7735769560824 4.79616608529134 5.28843945387475 8.30902568557549 6.21021478239436 6.91878828113748 7.82846465701326 7.82846465701326 4.91697996960157 5.54378056612425 6.91878828113748 6.48844169312349 7.51777273817237 7.51777273817237 10.6084044571217 6.07363893459501 7.67216646847105
-9999 -9999 -9999 -9999 -9999 13.0821218964529 12.8617935014691 8.47318173608797 8.80759469149991 13.0821218964529 12.8617935014691 13.0821218964529 13.0821218964529 13.0821218964529 10.9958315632459 8.97790213229541 8.14687056300465 5.54378056612425 7.36526116977563 7.36526116977563 5.28843945387475 5.41532742368707 5.41532742368707 8.6393629099096 7.82846465701326 7.21460836674189 6.07363893459501 5.93872803690054 4.32745593525644 3.99070685812962 4.32745593525644 4.79616608529134 7.98669126410004 7.82846465701326 7.67216646847105 5.41532742368707 4.91697996960157 4.91697996960157 5.41532742368707 4.91697996960157 6.630134998335 5.6738185728794 5.6738185728794 6.630134998335 5.8054613928608 5.8054613928608
-9999 -9999 -9999 -9999 13.0821218964529 13.0821218964529 13.0821218964529 13.0821218964529 13.0821218964529 13.0821218964529 12.6441504055249 13.0821218964529 13.0821218964529 13.0821218964529 11.1931375240612 7.67216646847105 7.67216646847105 5.41532742368707 6.48844169312349 7.21460836674189 6.34847530352018 4.79616608529134 5.28843945387475 5.41532742368707 8.47318173608797 8.6393629099096 6.630134998335 6.7735769560824 6.34847530352018 4.32745593525644 3.56055150558517 5.8054613928608 5.03928483123675 7.82846465701326 7.21460836674189 6.91878828113748 5.41532742368707 8.14687056300465 7.21460836674189 7.36526116977563 5.28843945387475 7.21460836674189 7.67216646847105 6.630134998335 5.16309833251368 3.88118211335411
-9999 -9999 13.0821218964529 13.0821218964529 13.0821218964529 13.0821218964529 13.0821218964529 8.30902568557549 4.4424875291168 8.97790213229541 8.30902568557549 9.50153556061715 12.6441504055249 11.5950827646585 10.6084044571217 7.06579123420008 5.28843945387475 7.51777273817237 7.36526116977563 9.86148116130173 7.06579123420008 5.93872803690054 4.91697996960157 5.28843945387475 6.91878828113748 7.67216646847105 5.03928483123675 4.21382699348677 4.32745593525644 4.79616608529134 4.55893770139103 4.91697996960157 4.91697996960157 5.28843945387475 4.91697996960157 5.03928483123675 4.91697996960157 6.07363893459501 7.21460836674189 7.82846465701326 5.8054613928608 7.06579123420008 11.3928780118884 5.93872803690054 6.34847530352018 6.91878828113748
13.0821218964529 13.0821218964529 10.7123961086693 12.0070075860943 12.2167895990249 12.429159880969 10.418225053247 6.91878828113748 4.21382699348677 7.21460836674189 8.30902568557549 9.50153556061715 12.8617935014691 12.2167895990249 10.9958315632459 8.80759469149991 6.21021478239436 4.4424875291168 6.91878828113748 10.6084044571217 6.7735769560824 4.67682464445465 4.91697996960157 6.21021478239436 9.32484648449726 7.98669126410004 6.07363893459501 5.16309833251368 3.77299222339729 4.91697996960157 7.21460836674189 4.79616608529134 5.41532742368707 4.21382699348677 5.16309833251368 5.6738185728794 5.93872803690054 6.07363893459501 5.93872803690054 5.6738185728794 7.82846465701326 10.6084044571217 8.14687056300465 5.6738185728794 5.8054613928608 7.82846465701326
13.0821218964529 12.6441504055249 4.55893770139103 5.41532742368707 10.8009303102264 11.1931375240612 9.50153556061715 9.50153556061715 7.06579123420008 7.82846465701326 10.6084044571217 8.97790213229541 8.97790213229541 10.2303633616487 10.0447912755287 11.3928780118884 4.67682464445465 7.21460836674189 8.6393629099096 5.41532742368707 5.28843945387475 5.93872803690054 6.630134998335 7.21460836674189 8.47318173608797 7.51777273817237 5.8054613928608 4.91697996960157 4.67682464445465 5.03928483123675 7.82846465701326 7.51777273817237 4.91697996960157 2.21080387466033 4.55893770139103 5.93872803690054 6.07363893459501 6.21021478239436 5.41532742368707 3.45626936554074 6.7735769560824 9.50153556061715 6.21021478239436 5.16309833251368 4.79616608529134 6.34847530352018
10.6084044571217 12.0070075860943 8.30902568557549 6.7735769560824 8.97790213229541 8.80759469149991 10.2303633616487 9.68040490772562 8.30902568557549 7.21460836674189 8.14687056300465 9.32484648449726 8.30902568557549 8.47318173608797 7.06579123420008 8.6393629099096 10.418225053247 12.429159880969 9.50153556061715 6.630134998335 5.03928483123675 6.91878828113748 6.7735769560824 6.34847530352018 6.21021478239436 4.67682464445465 5.28843945387475 7.67216646847105 6.7735769560824 5.6738185728794 6.21021478239436 8.30902568557549 5.54378056612425 2.29971936988535 4.10158292726075 4.10158292726075 5.6738185728794 5.54378056612425 3.45626936554074 3.6661202863425 4.79616608529134 9.32484648449726 4.67682464445465 4.21382699348677 4.91697996960157 6.07363893459501
9.68040490772562 11.1931375240612 8.80759469149991 10.418225053247 11.5950827646585 9.68040490772562 7.21460836674189 7.21460836674189 8.6393629099096 7.21460836674189 8.14687056300465 9.50153556061715 9.32484648449726 7.06579123420008 6.07363893459501 6.7735769560824 8.6393629099096 12.429159880969 12.6441504055249 12.0070075860943 6.7735769560824 5.54378056612425 6.48844169312349 4.91697996960157 5.03928483123675 4.79616608529134 6.7735769560824 7.51777273817237 5.8054613928608 7.06579123420008 5.54378056612425 7.98669126410004 6.34847530352018 2.95361549366478 3.35325818501717 2.66648856141598 4.4424875291168 4.91697996960157 4.67682464445465 4.4424875291168 5.03928483123675 6.21021478239436 4.67682464445465 6.07363893459501 7.82846465701326 6.630134998335
9.50153556061715 12.6441504055249 11.1931375240612 7.98669126410004 12.8617935014691 12.2167895990249 7.98669126410004 8.14687056300465 9.86148116130173 7.67216646847105 7.98669126410004 9.32484648449726 8.80759469149991 7.98669126410004 7.82846465701326 5.28843945387475 7.67216646847105 8.80759469149991 10.0447912755287 13.0821218964529 11.7997824131339 6.7735769560824 7.21460836674189 6.21021478239436 5.8054613928608 6.91878828113748 7.51777273817237 5.8054613928608 6.21021478239436 7.82846465701326 7.36526116977563 8.6393629099096 6.7735769560824 3.25150247394009 3.88118211335411 3.56055150558517 3.88118211335411 5.93872803690054 4.79616608529134 5.93872803690054 7.36526116977563 5.93872803690054 5.93872803690054 8.14687056300465 9.68040490772562 7.98669126410004
7.36526116977563 11.5950827646585 9.86148116130173 7.82846465701326 8.14687056300465 9.32484648449726 8.30902568557549 8.30902568557549 5.54378056612425 6.21021478239436 6.630134998335 8.6393629099096 10.2303633616487 7.67216646847105 10.0447912755287 6.48844169312349 6.21021478239436 8.14687056300465 6.07363893459501 9.68040490772562 10.9958315632459 10.6084044571217 10.0447912755287 9.50153556061715 7.06579123420008 7.51777273817237 8.30902568557549 8.47318173608797 6.7735769560824 7.21460836674189 6.630134998335 8.6393629099096 5.54378056612425 4.91697996960157 6.91878828113748 7.21460836674189 6.91878828113748 7.06579123420008 5.16309833251368 8.30902568557549 7.21460836674189 7.51777273817237 6.7735769560824 7.36526116977563 9.15031058348315 9.50153556061715
8.6393629099096 8.97790213229541 10.0447912755287 8.30902568557549 6.7735769560824 5.93872803690054 9.50153556061715 8.14687056300465 6.630134998335 7.21460836674189 6.7735769560824 7.36526116977563 12.0070075860943 9.50153556061715 9.86148116130173 8.30902568557549 6.21021478239436 6.91878828113748 7.51777273817237 7.98669126410004 12.6441504055249 6.34847530352018 10.0447912755287 8.47318173608797 9.50153556061715 9.15031058348315 9.15031058348315 10.0447912755287 9.15031058348315 7.21460836674189 6.7735769560824 8.80759469149991 6.91878828113748 4.32745593525644 4.91697996960157 6.07363893459501 6.630134998335 5.8054613928608 4.55893770139103 6.34847530352018 8.47318173608797 10.2303633616487 6.07363893459501 4.79616608529134 9.32484648449726 11.7997824131339
