IBR/IBR_outputs/SS_Optim/FireFreq_2000_2008_Total/Results/FireFreq_2000_2008_Total.asc
NCOLS 160 
NROWS 95 
XLLCORNER 210004.651214014 
YLLCORNER 7350008.22228844 
CELLSIZE 4999.99999999997 
NODATA_value -9999 
[rows 42 to 62 of 95, columns 92 to 137 of 160]
9.50153556061715 7.36526116977563 8.80759469149991 10.2303633616487 8.30902568557549 10.2303633616487 9.86148116130173 8.14687056300465 9.68040490772562 8.30902568557549 8.6393629099096 7.98669126410004 8.47318173608797 8.47318173608797 10.9958315632459 11.7997824131339 10.9958315632459 8.80759469149991 8.47318173608797 7.82846465701326 6.630134998335 8.6393629099096 8.6393629099096 10.418225053247 8.80759469149991 7.98669126410004 8.47318173608797 10.0447912755287 9.32484648449726 7.21460836674189 4.79616608529134 5.54378056612425 8.30902568557549 6.07363893459501 7.06579123420008 5.41532742368707 9.15031058348315 10.6084044571217 5.93872803690054 5.03928483123675 6.630134998335 7.98669126410004 8.6393629099096 8.14687056300465 9.32484648449726 8.47318173608797
12.6441504055249 10.9958315632459 9.86148116130173 11.3928780118884 7.21460836674189 9.68040490772562 9.15031058348315 8.97790213229541 8.6393629099096 9.50153556061715 9.50153556061715 10.6084044571217 11.7997824131339 13.0821218964529 10.8009303102264 8.47318173608797 10.8009303102264 9.86148116130173 9.68040490772562 7.67216646847105 7.21460836674189 7.36526116977563 7.36526116977563 9.15031058348315 9.32484648449726 8.47318173608797 7.82846465701326 8.6393629099096 7.36526116977563 6.48844169312349 5.03928483123675 5.16309833251368 5.6738185728794 5.93872803690054 6.7735769560824 10.0447912755287 8.30902568557549 8.30902568557549 7.06579123420008 5.03928483123675 6.21021478239436 8.30902568557549 8.97790213229541 8.30902568557549 6.34847530352018 5.28843945387475
10.9958315632459 8.97790213229541 11.5950827646585 11.1931375240612 10.2303633616487 7.21460836674189 6.07363893459501 8.47318173608797 6.07363893459501 5.6738185728794 7.06579123420008 7.36526116977563 9.50153556061715 12.429159880969 11.3928780118884 8.47318173608797 8.6393629099096 8.47318173608797 8.30902568557549 8.30902568557549 10.2303633616487 6.7735769560824 6.7735769560824 7.51777273817237 7.67216646847105 8.30902568557549 8.97790213229541 8.30902568557549 6.34847530352018 5.93872803690054 5.41532742368707 4.79616608529134 6.630134998335 6.34847530352018 4.67682464445465 6.630134998335 8.30902568557549 8.47318173608797 8.14687056300465 7.36526116977563 6.48844169312349 7.82846465701326 5.93872803690054 7.51777273817237 5.16309833251368 5.41532742368707
10.6084044571217 12.0070075860943 10.0447912755287 10.6084044571217 9.15031058348315 7.67216646847105 6.21021478239436 6.91878828113748 7.67216646847105 5.28843945387475 6.7735769560824 8.30902568557549 9.86148116130173 12.2167895990249 12.2167895990249 9.86148116130173 11.3928780118884 7.51777273817237 8.30902568557549 9.50153556061715 8.97790213229541 8.80759469149991 8.47318173608797 8.30902568557549 8.6393629099096 8.14687056300465 8.47318173608797 8.47318173608797 5.93872803690054 5.16309833251368 5.41532742368707 5.54378056612425 8.47318173608797 7.98669126410004 8.30902568557549 8.14687056300465 8.30902568557549 8.47318173608797 9.50153556061715 9.50153556061715 5.54378056612425 6.07363893459501 6.630134998335 5.6738185728794 5.16309833251368 5.03928483123675
9.50153556061715 10.9958315632459 10.0447912755287 10.0447912755287 10.9958315632459 10.9958315632459 6.7735769560824 6.7735769560824 9.32484648449726 7.82846465701326 6.630134998335 8.30902568557549 7.51777273817237 8.6393629099096 9.86148116130173 10.6084044571217 8.14687056300465 4.79616608529134 5.8054613928608 5.93872803690054 7.82846465701326 8.6393629099096 9.15031058348315 10.418225053247 7.82846465701326 7.98669126410004 7.51777273817237 9.15031058348315 6.07363893459501 5.03928483123675 5.41532742368707 8.6393629099096 6.21021478239436 8.80759469149991 8.30902568557549 8.47318173608797 9.68040490772562 8.47318173608797 10.8009303102264 10.2303633616487 10.418225053247 7.98669126410004 5.6738185728794 5.16309833251368 5.41532742368707 5.54378056612425
10.8009303102264 8.6393629099096 7.82846465701326 10.9958315632459 10.2303633616487 11.7997824131339 7.51777273817237 6.630134998335 9.32484648449726 9.50153556061715 8.47318173608797 7.36526116977563 4.67682464445465 5.6738185728794 8.47318173608797 13.0821218964529 9.50153556061715 5.6738185728794 4.91697996960157 6.48844169312349 7.67216646847105 8.97790213229541 6.91878828113748 8.97790213229541 9.32484648449726 8.14687056300465 8.30902568557549 8.97790213229541 5.8054613928608 5.16309833251368 6.34847530352018 7.82846465701326 8.47318173608797 7.06579123420008 8.80759469149991 8.6393629099096 8.80759469149991 9.68040490772562 8.30902568557549 7.82846465701326 10.0447912755287 7.98669126410004 9.86148116130173 4.91697996960157 4.79616608529134 5.16309833251368
10.0447912755287 8.97790213229541 8.30902568557549 8.80759469149991 9.32484648449726 12.8617935014691 8.6393629099096 9.32484648449726 11.1931375240612 10.6084044571217 10.418225053247 6.91878828113748 4.91697996960157 5.8054613928608 5.28843945387475 11.3928780118884 10.9958315632459 8.6393629099096 7.21460836674189 7.51777273817237 9.15031058348315 7.36526116977563 5.93872803690054 6.630134998335 5.93872803690054 8.47318173608797 8.30902568557549 7.67216646847105 8.30902568557549 8.97790213229541 8.97790213229541 9.86148116130173 8.30902568557549 9.15031058348315 10.2303633616487 8.97790213229541 10.9958315632459 9.68040490772562 8.6393629099096 7.51777273817237 8.30902568557549 8.6393629099096 6.7735769560824 6.07363893459501 6.91878828113748 4.67682464445465
8.30902568557549 9.32484648449726 9.32484648449726 8.30902568557549 8.6393629099096 12.2167895990249 8.97790213229541 9.86148116130173 11.7997824131339 11.3928780118884 8.80759469149991 5.6738185728794 6.91878828113748 9.68040490772562 7.98669126410004 9.32484648449726 8.6393629099096 9.32484648449726 7.82846465701326 7.82846465701326 9.15031058348315 8.30902568557549 6.07363893459501 5.28843945387475 7.67216646847105 7.51777273817237 7.67216646847105 7.36526116977563 8.30902568557549 7.82846465701326 10.418225053247 12.2167895990249 9.50153556061715 7.67216646847105 8.80759469149991 10.418225053247 6.91878828113748 6.34847530352018 7.82846465701326 8.97790213229541 7.06579123420008 5.93872803690054 5.54378056612425 4.79616608529134 5.93872803690054 5.41532742368707
8.6393629099096 8.30902568557549 8.97790213229541 8.6393629099096 7.98669126410004 10.418225053247 10.0447912755287 8.6393629099096 10.418225053247 12.429159880969 9.15031058348315 8.80759469149991 8.80759469149991 9.15031058348315 10.8009303102264 8.47318173608797 8.14687056300465 9.32484648449726 8.47318173608797 7.67216646847105 8.47318173608797 7.82846465701326 6.630134998335 7.06579123420008 8.47318173608797 8.80759469149991 6.91878828113748 6.91878828113748 8.30902568557549 8.14687056300465 12.429159880969 12.429159880969 10.2303633616487 8.30902568557549 7.36526116977563 7.36526116977563 7.98669126410004 6.21021478239436 5.28843945387475 7.21460836674189 7.21460836674189 5.28843945387475 5.41532742368707 5.16309833251368 5.03928483123675 4.67682464445465
7.67216646847105 7.21460836674189 8.30902568557549 6.91878828113748 8.14687056300465 6.48844169312349 9.15031058348315 9.32484648449726 8.30902568557549 12.6441504055249 9.32484648449726 9.15031058348315 8.30902568557549 8.80759469149991 9.86148116130173 8.97790213229541 8.80759469149991 8.97790213229541 7.98669126410004 6.07363893459501 6.21021478239436 4.91697996960157 7.67216646847105 7.36526116977563 7.67216646847105 7.21460836674189 8.14687056300465 8.6393629099096 7.67216646847105 6.07363893459501 9.68040490772562 8.6393629099096 9.50153556061715 8.47318173608797 8.47318173608797 8.80759469149991 8.47318173608797 8.47318173608797 5.93872803690054 6.91878828113748 7.67216646847105 7.36526116977563 5.6738185728794 5.03928483123675 4.79616608529134 6.34847530352018
8.80759469149991 9.68040490772562 8.6393629099096 7.51777273817237 8.30902568557549 8.6393629099096 8.6393629099096 10.8009303102264 7.82846465701326 9.15031058348315 10.0447912755287 9.86148116130173 10.8009303102264 10.8009303102264 10.0447912755287 8.30902568557549 8.30902568557549 8.97790213229541 8.47318173608797 8.14687056300465 7.98669126410004 7.36526116977563 6.630134998335 6.07363893459501 8.14687056300465 7.67216646847105 7.98669126410004 7.06579123420008 7.82846465701326 5.93872803690054 8.14687056300465 8.47318173608797 8.30902568557549 8.97790213229541 8.80759469149991 8.6393629099096 10.418225053247 9.15031058348315 7.36526116977563 8.30902568557549 10.418225053247 9.86148116130173 6.630134998335 5.93872803690054 5.16309833251368 6.07363893459501
8.30902568557549 8.80759469149991 8.97790213229541 10.0447912755287 10.418225053247 10.2303633616487 7.98669126410004 9.32484648449726 8.6393629099096 8.30902568557549 9.32484648449726 9.32484648449726 9.86148116130173 8.80759469149991 6.48844169312349 9.15031058348315 8.97790213229541 8.30902568557549 10.6084044571217 8.97790213229541 7.36526116977563 8.30902568557549 8.6393629099096 6.07363893459501 9.15031058348315 10.9958315632459 7.67216646847105 8.30902568557549 8.80759469149991 5.6738185728794 9.86148116130173 8.47318173608797 8.47318173608797 10.2303633616487 9.32484648449726 8.80759469149991 10.9958315632459 10.418225053247 8.6393629099096 10.418225053247 10.8009303102264 10.8009303102264 12.0070075860943 6.07363893459501 5.03928483123675 5.8054613928608
8.6393629099096 8.14687056300465 6.630134998335 6.07363893459501 5.6738185728794 8.30902568557549 6.630134998335 9.32484648449726 8.97790213229541 8.47318173608797 6.21021478239436 6.7735769560824 8.47318173608797 5.54378056612425 5.54378056612425 6.7735769560824 6.48844169312349 7.82846465701326 8.14687056300465 7.82846465701326 9.68040490772562 8.6393629099096 7.67216646847105 5.8054613928608 6.48844169312349 8.97790213229541 6.91878828113748 8.14687056300465 6.630134998335 6.7735769560824 10.9958315632459 8.80759469149991 9.15031058348315 9.68040490772562 10.9958315632459 10.418225053247 9.86148116130173 9.68040490772562 8.97790213229541 11.5950827646585 10.6084044571217 12.8617935014691 13.0821218964529 9.15031058348315 8.14687056300465 8.30902568557549
12.6441504055249 9.68040490772562 7.21460836674189 8.14687056300465 5.8054613928608 6.07363893459501 7.98669126410004 7.21460836674189 8.14687056300465 8.6393629099096 9.32484648449726 9.32484648449726 7.36526116977563 6.34847530352018 6.630134998335 5.28843945387475 7.98669126410004 7.51777273817237 5.03928483123675 6.630134998335 8.47318173608797 7.21460836674189 6.7735769560824 5.28843945387475 5.8054613928608 7.51777273817237 7.36526116977563 10.0447912755287 7.98669126410004 9.50153556061715 12.6441504055249 9.32484648449726 11.3928780118884 9.68040490772562 11.5950827646585 11.5950827646585 12.429159880969 11.3928780118884 9.50153556061715 10.8009303102264 9.86148116130173 11.7997824131339 11.5950827646585 10.418225053247 9.32484648449726 8.80759469149991
9.50153556061715 12.429159880969 11.7997824131339 11.5950827646585 9.68040490772562 9.86148116130173 9.68040490772562 8.97790213229541 5.8054613928608 7.67216646847105 8.97790213229541 8.30902568557549 8.47318173608797 8.30902568557549 7.36526116977563 7.51777273817237 7.98669126410004 7.82846465701326 5.54378056612425 5.54378056612425 5.6738185728794 5.41532742368707 6.91878828113748 6.91878828113748 8.30902568557549 7.51777273817237 8.47318173608797 10.8009303102264 8.97790213229541 8.47318173608797 8.47318173608797 10.2303633616487 11.7997824131339 8.14687056300465 8.97790213229541 10.9958315632459 9.86148116130173 9.86148116130173 11.1931375240612 9.15031058348315 12.429159880969 10.418225053247 12.2167895990249 11.5950827646585 8.30902568557549 8.30902568557549
7.21460836674189 9.86148116130173 13.0821218964529 13.0821218964529 13.0821218964529 13.0821218964529 13.0821218964529 13.0821218964529 13.0821218964529 13.0821218964529 11.5950827646585 10.418225053247 9.32484648449726 8.30902568557549 8.14687056300465 5.54378056612425 5.6738185728794 8.30902568557549 6.91878828113748 5.03928483123675 5.93872803690054 5.03928483123675 6.91878828113748 9.68040490772562 6.91878828113748 7.82846465701326 8.80759469149991 9.15031058348315 8.97790213229541 10.0447912755287 12.0070075860943 12.2167895990249 10.9958315632459 9.32484648449726 9.50153556061715 10.6084044571217 10.418225053247 12.8617935014691 12.6441504055249 11.7997824131339 11.7997824131339 10.8009303102264 10.2303633616487 10.0447912755287 8.47318173608797 8.6393629099096
7.51777273817237 11.1931375240612 12.429159880969 11.7997824131339 13.0821218964529 12.0070075860943 13.0821218964529 12.429159880969 11.7997824131339 13.0821218964529 13.0821218964529 13.0821218964529 12.6441504055249 8.47318173608797 8.30902568557549 7.67216646847105 5.6738185728794 6.21021478239436 6.7735769560824 5.16309833251368 5.03928483123675 5.16309833251368 5.28843945387475 7.21460836674189 5.6738185728794 8.6393629099096 10.6084044571217 8.47318173608797 9.32484648449726 8.97790213229541 11.7997824131339 13.0821218964529 9.32484648449726 7.36526116977563 8.80759469149991 11.7997824131339 12.2167895990249 10.8009303102264 11.5950827646585 10.9958315632459 10.2303633616487 11.3928780118884 9.15031058348315 9.32484648449726 9.50153556061715 8.30902568557549
8.30902568557549 7.67216646847105 8.97790213229541 12.0070075860943 11.1931375240612 10.6084044571217 13.0821218964529 12.2167895990249 12.6441504055249 13.0821218964529 13.0821218964529 13.0821218964529 13.0821218964529 10.9958315632459 8.97790213229541 8.30902568557549 8.14687056300465 6.91878828113748 6.21021478239436 4.79616608529134 5.03928483123675 7.82846465701326 6.48844169312349 5.93872803690054 7.98669126410004 8.14687056300465 7.36526116977563 4.91697996960157 5.54378056612425 7.21460836674189 10.6084044571217 12.0070075860943 10.2303633616487 9.50153556061715 11.7997824131339 12.0070075860943 13.0821218964529 12.8617935014691 11.5950827646585 11.5950827646585 11.7997824131339 10.0447912755287 6.630134998335 8.30902568557549 10.0447912755287 9.32484648449726
9.68040490772562 6.91878828113748 7.21460836674189 9.50153556061715 10.6084044571217 10.6084044571217 12.8617935014691 12.429159880969 12.8617935014691 13.0821218964529 13.0821218964529 13.0821218964529 13.0821218964529 13.0821218964529 13.0821218964529 12.0070075860943 11.7997824131339 10.2303633616487 9.50153556061715 8.97790213229541 8.6393629099096 11.7997824131339 10.9958315632459 8.30902568557549 8.97790213229541 8.30902568557549 7.36526116977563 5.16309833251368 5.28843945387475 4.91697996960157 7.51777273817237 11.3928780118884 10.9958315632459 12.6441504055249 12.429159880969 13.0821218964529 12.6441504055249 12.8617935014691 12.2167895990249 12.2167895990249 11.7997824131339 10.0447912755287 10.6084044571217 10.6084044571217 11.1931375240612 9.68040490772562
10.8009303102264 7.36526116977563 8.30902568557549 7.36526116977563 8.30902568557549 8.6393629099096 10.0447912755287 10.2303633616487 12.0070075860943 12.2167895990249 13.0821218964529 13.0821218964529 13.0821218964529 13.0821218964529 13.0821218964529 13.0821218964529 13.0821218964529 13.0821218964529 13.0821218964529 13.0821218964529 12.6441504055249 13.0821218964529 13.0821218964529 10.2303633616487 10.0447912755287 11.3928780118884 6.91878828113748 5.28843945387475 4.79616608529134 5.6738185728794 7.98669126410004 9.50153556061715 13.0821218964529 12.6441504055249 12.6441504055249 13.0821218964529 11.3928780118884 9.86148116130173 13.0821218964529 13.0821218964529 9.68040490772562 11.1931375240612 11.3928780118884 8.80759469149991 9.68040490772562 11.3928780118884
10.9958315632459 7.36526116977563 6.48844169312349 6.21021478239436 8.30902568557549 8.30902568557549 8.30902568557549 7.21460836674189 9.50153556061715 12.6441504055249 12.429159880969 13.0821218964529 13.0821218964529 13.0821218964529 13.0821218964529 12.2167895990249 10.8009303102264 12.8617935014691 13.0821218964529 13.0821218964529 13.0821218964529 13.0821218964529 13.0821218964529 13.0821218964529 13.0821218964529 13.0821218964529 12.0070075860943 6.07363893459501 4.79616608529134 5.28843945387475 8.14687056300465 12.6441504055249 13.0821218964529 13.0821218964529 13.0821218964529 11.7997824131339 11.3928780118884 12.6441504055249 13.0821218964529 12.6441504055249 8.30902568557549 11.5950827646585 13.0821218964529 11.3928780118884 12.0070075860943 12.2167895990249
