IBR/IBR_outputs/SS_Optim/FireFreq_2000_2008_Total/Results/FireFreq_2000_2008_Total.asc
NCOLS 160 
NROWS 95 
XLLCORNER 210004.651214014 
YLLCORNER 7350008.22228844 
CELLSIZE 4999.99999999997 
NODATA_value -9999 
[rows 21 to 41 of 95, columns 46 to 91 of 160]
-9999 -9999 -9999 -9999 -9999 13.0821218964529 13.0821218964529 13.0821218964529 -9999 -9999 -9999 13.0821218964529 13.0821218964529 12.249292636934 13.0821218964529 13.0821218964529 13.0821218964529 -9999 -9999 -9999 -9999 -9999 -9999 -9999 -9999 -9999 -9999 -9999 13.0821218964529 13.0821218964529 12.429159880969 10.6084044571217 10.8009303102264 6.48844169312349 8.47318173608797 8.6393629099096 9.50153556061715 11.3928780118884 12.429159880969 6.7735769560824 5.54378056612425 5.93872803690054 6.7735769560824 9.50153556061715 8.97790213229541 6.7735769560824
-9999 -9999 -9999 -9999 13.0821218964529 13.0821218964529 13.0821218964529 13.0821218964529 13.0821218964529 -9999 13.0821218964529 12.5619382208958 8.14687056300465 6.630134998335 9.15031058348315 12.2167895990249 13.0821218964529 13.0821218964529 -9999 -9999 -9999 -9999 -9999 13.0821218964529 13.0821218964529 13.0821218964529 13.0821218964529 13.0821218964529 12.6441504055249 11.1931375240612 8.6393629099096 10.6084044571217 8.47318173608797 6.630134998335 8.47318173608797 9.68040490772562 7.36526116977563 9.68040490772562 8.6393629099096 6.21021478239436 6.34847530352018 5.03928483123675 6.48844169312349 7.51777273817237 8.14687056300465 7.67216646847105
-9999 -9999 13.0821218964529 13.0821218964529 13.0821218964529 13.0821218964529 13.0821218964529 13.0821218964529 13.0821218964529 13.0821218964529 13.0821218964529 11.3928780118884 8.30902568557549 7.21460836674189 11.1931375240612 11.5950827646585 13.0821218964529 13.0821218964529 13.0821218964529 13.0821218964529 13.0821218964529 13.0821218964529 13.0821218964529 13.0821218964529 13.0821218964529 12.6441504055249 12.8617935014691 10.6084044571217 9.50153556061715 7.21460836674189 7.67216646847105 9.86148116130173 7.21460836674189 7.98669126410004 8.97790213229541 10.2303633616487 7.67216646847105 7.98669126410004 7.36526116977563 11.1931375240612 9.32484648449726 5.28843945387475 7.82846465701326 7.36526116977563 5.03928483123675 8.30902568557549
-9999 13.0821218964529 13.0821218964529 13.0821218964529 13.0821218964529 13.0821218964529 13.0821218964529 13.0821218964529 13.0821218964529 13.0821218964529 13.0821218964529 13.0821218964529 9.86148116130173 8.14687056300465 10.8009303102264 12.0070075860943 13.0821218964529 12.8617935014691 12.8617935014691 13.0821218964529 13.0821218964529 13.0821218964529 13.0821218964529 13.0821218964529 10.9958315632459 7.21460836674189 9.50153556061715 7.98669126410004 7.98669126410004 6.34847530352018 6.48844169312349 5.54378056612425 5.8054613928608 9.32484648449726 10.2303633616487 10.6084044571217 8.14687056300465 8.80759469149991 9.68040490772562 11.5950827646585 8.6393629099096 7.21460836674189 7.21460836674189 6.91878828113748 5.93872803690054 7.82846465701326
13.0821218964529 13.0821218964529 13.0821218964529 13.0821218964529 13.0821218964529 12.0070075860943 10.9958315632459 13.0821218964529 13.0821218964529 13.0821218964529 12.0070075860943 10.2303633616487 9.50153556061715 7.98669126410004 12.0070075860943 10.0447912755287 10.418225053247 13.0821218964529 13.0821218964529 13.0821218964529 13.0821218964529 13.0821218964529 13.0821218964529 13.0821218964529 10.8009303102264 5.8054613928608 5.54378056612425 5.54378056612425 8.80759469149991 6.21021478239436 5.6738185728794 5.6738185728794 6.91878828113748 7.21460836674189 9.86148116130173 8.30902568557549 7.51777273817237 6.07363893459501 8.47318173608797 10.8009303102264 10.8009303102264 10.0447912755287 6.7735769560824 8.80759469149991 5.6738185728794 7.21460836674189
13.0821218964529 13.0821218964529 13.0821218964529 11.1931375240612 11.7997824131339 12.6441504055249 12.6441504055249 13.0821218964529 13.0821218964529 13.0821218964529 10.6084044571217 9.68040490772562 9.50153556061715 10.8009303102264 11.5950827646585 11.7997824131339 9.86148116130173 9.50153556061715 12.429159880969 13.0821218964529 12.6441504055249 12.8617935014691 13.0821218964529 13.0821218964529 12.8617935014691 9.68040490772562 7.36526116977563 6.21021478239436 7.82846465701326 7.51777273817237 4.67682464445465 5.16309833251368 11.7997824131339 10.2303633616487 8.6393629099096 8.30902568557549 8.80759469149991 8.14687056300465 8.47318173608797 11.3928780118884 10.2303633616487 8.6393629099096 7.06579123420008 5.54378056612425 8.14687056300465 7.51777273817237
13.0821218964529 13.0821218964529 13.0821218964529 12.2167895990249 9.15031058348315 12.0070075860943 11.7997824131339 10.6084044571217 12.8617935014691 11.1931375240612 11.7997824131339 10.418225053247 9.68040490772562 8.97790213229541 11.1931375240612 8.6393629099096 10.418225053247 9.86148116130173 10.418225053247 13.0821218964529 13.0821218964529 13.0821218964529 13.0821218964529 13.0821218964529 13.0821218964529 12.429159880969 11.7997824131339 6.7735769560824 6.630134998335 8.14687056300465 5.16309833251368 5.8054613928608 7.67216646847105 9.86148116130173 8.6393629099096 8.80759469149991 8.80759469149991 9.15031058348315 7.36526116977563 9.15031058348315 10.9958315632459 7.98669126410004 6.630134998335 6.21021478239436 5.93872803690054 9.15031058348315
13.0821218964529 13.0821218964529 12.429159880969 12.429159880969 10.2303633616487 10.9958315632459 11.1931375240612 9.15031058348315 12.429159880969 10.0447912755287 9.15031058348315 10.418225053247 10.2303633616487 8.80759469149991 11.1931375240612 11.5950827646585 9.32484648449726 8.30902568557549 10.0447912755287 12.429159880969 11.7997824131339 12.8617935014691 10.418225053247 10.2303633616487 10.418225053247 8.47318173608797 7.06579123420008 6.91878828113748 4.79616608529134 7.67216646847105 7.21460836674189 6.21021478239436 7.82846465701326 7.06579123420008 7.98669126410004 6.07363893459501 7.21460836674189 7.82846465701326 6.48844169312349 7.51777273817237 7.82846465701326 6.7735769560824 5.6738185728794 7.36526116977563 6.91878828113748 7.67216646847105
13.0821218964529 13.0821218964529 12.429159880969 10.2303633616487 7.98669126410004 9.32484648449726 10.8009303102264 10.418225053247 12.429159880969 8.80759469149991 8.47318173608797 9.68040490772562 9.50153556061715 9.32484648449726 10.2303633616487 9.15031058348315 6.7735769560824 7.67216646847105 8.97790213229541 10.6084044571217 10.2303633616487 11.1931375240612 10.0447912755287 10.0447912755287 11.5950827646585 9.32484648449726 6.91878828113748 7.36526116977563 5.8054613928608 6.21021478239436 7.98669126410004 7.67216646847105 5.6738185728794 7.67216646847105 7.36526116977563 8.80759469149991 7.82846465701326 7.21460836674189 6.21021478239436 5.41532742368707 9.86148116130173 7.21460836674189 5.8054613928608 5.28843945387475 5.8054613928608 6.21021478239436
13.0821218964529 13.0821218964529 13.0821218964529 11.1931375240612 10.9958315632459 9.15031058348315 8.80759469149991 8.6393629099096 10.9958315632459 12.0070075860943 11.7997824131339 9.15031058348315 8.14687056300465 8.30902568557549 8.47318173608797 7.98669126410004 7.21460836674189 8.6393629099096 9.50153556061715 10.2303633616487 10.2303633616487 10.8009303102264 9.15031058348315 8.14687056300465 7.98669126410004 7.36526116977563 7.06579123420008 7.67216646847105 6.91878828113748 6.7735769560824 7.51777273817237 6.91878828113748 5.6738185728794 7.21460836674189 7.21460836674189 8.47318173608797 6.91878828113748 6.630134998335 7.82846465701326 7.06579123420008 7.51777273817237 10.0447912755287 6.21021478239436 5.6738185728794 5.6738185728794 7.98669126410004
10.0447912755287 12.6441504055249 8.97790213229541 8.80759469149991 11.1931375240612 8.80759469149991 8.47318173608797 11.3928780118884 10.9958315632459 10.8009303102264 12.6441504055249 9.32484648449726 10.9958315632459 12.0070075860943 8.97790213229541 8.30902568557549 9.50153556061715 11.7997824131339 10.6084044571217 10.8009303102264 10.2303633616487 8.97790213229541 7.82846465701326 8.6393629099096 11.7997824131339 9.15031058348315 7.67216646847105 8.80759469149991 7.98669126410004 7.51777273817237 7.21460836674189 5.41532742368707 6.91878828113748 6.91878828113748 7.21460836674189 8.30902568557549 7.51777273817237 7.36526116977563 7.67216646847105 5.8054613928608 6.48844169312349 7.67216646847105 9.32484648449726 6.91878828113748 6.630134998335 6.48844169312349
8.80759469149991 9.68040490772562 8.30902568557549 11.7997824131339 10.6084044571217 8.80759469149991 8.30902568557549 10.6084044571217 8.97790213229541 10.418225053247 10.418225053247 11.7997824131339 12.8617935014691 12.2167895990249 8.6393629099096 10.2303633616487 8.97790213229541 11.1931375240612 8.80759469149991 10.0447912755287 7.82846465701326 7.06579123420008 6.7735769560824 7.82846465701326 10.418225053247 9.32484648449726 7.21460836674189 9.50153556061715 10.418225053247 6.48844169312349 6.48844169312349 7.51777273817237 8.30902568557549 7.36526116977563 7.98669126410004 8.6393629099096 7.06579123420008 7.06579123420008 6.630134998335 5.16309833251368 7.06579123420008 8.97790213229541 10.6084044571217 7.98669126410004 10.9958315632459 6.91878828113748
7.06579123420008 7.21460836674189 9.32484648449726 10.0447912755287 11.5950827646585 9.50153556061715 8.80759469149991 7.98669126410004 9.15031058348315 8.97790213229541 10.2303633616487 12.8617935014691 10.8009303102264 8.14687056300465 8.47318173608797 9.86148116130173 8.14687056300465 8.80759469149991 11.1931375240612 8.80759469149991 7.36526116977563 6.21021478239436 7.21460836674189 7.06579123420008 7.36526116977563 7.82846465701326 7.98669126410004 9.86148116130173 12.2167895990249 8.47318173608797 4.91697996960157 8.80759469149991 5.8054613928608 6.48844169312349 7.98669126410004 8.14687056300465 7.36526116977563 8.30902568557549 7.67216646847105 5.16309833251368 6.07363893459501 10.418225053247 8.30902568557549 6.7735769560824 9.50153556061715 7.67216646847105
5.93872803690054 6.07363893459501 8.30902568557549 8.6393629099096 10.8009303102264 8.47318173608797 7.21460836674189 7.67216646847105 8.30902568557549 8.80759469149991 8.6393629099096 9.50153556061715 9.86148116130173 7.98669126410004 5.8054613928608 8.6393629099096 7.67216646847105 7.51777273817237 6.34847530352018 6.7735769560824 8.80759469149991 7.06579123420008 8.6393629099096 5.6738185728794 5.93872803690054 7.36526116977563 7.51777273817237 10.9958315632459 12.429159880969 11.3928780118884 6.48844169312349 6.21021478239436 8.30902568557549 7.98669126410004 8.14687056300465 7.36526116977563 6.91878828113748 7.51777273817237 7.98669126410004 7.21460836674189 7.67216646847105 10.2303633616487 7.51777273817237 7.06579123420008 10.418225053247 10.9958315632459
8.30902568557549 8.80759469149991 8.30902568557549 8.6393629099096 8.80759469149991 7.51777273817237 8.30902568557549 9.86148116130173 6.630134998335 8.14687056300465 7.98669126410004 9.68040490772562 5.54378056612425 7.36526116977563 9.68040490772562 10.418225053247 9.15031058348315 10.2303633616487 8.47318173608797 7.82846465701326 10.418225053247 6.7735769560824 8.97790213229541 7.36526116977563 5.54378056612425 6.48844169312349 8.97790213229541 10.6084044571217 9.50153556061715 9.50153556061715 10.8009303102264 7.67216646847105 8.14687056300465 6.7735769560824 7.21460836674189 7.51777273817237 4.91697996960157 5.54378056612425 7.82846465701326 8.97790213229541 9.32484648449726 10.418225053247 8.47318173608797 9.32484648449726 8.6393629099096 10.418225053247
9.68040490772562 10.418225053247 8.97790213229541 8.30902568557549 8.80759469149991 6.48844169312349 6.48844169312349 7.98669126410004 7.06579123420008 8.30902568557549 7.06579123420008 6.34847530352018 6.07363893459501 9.15031058348315 5.6738185728794 7.98669126410004 8.30902568557549 8.80759469149991 8.97790213229541 8.30902568557549 5.6738185728794 5.93872803690054 7.06579123420008 8.47318173608797 6.07363893459501 6.630134998335 7.82846465701326 9.50153556061715 7.98669126410004 9.68040490772562 10.0447912755287 7.21460836674189 8.6393629099096 5.6738185728794 6.07363893459501 4.79616608529134 8.14687056300465 7.82846465701326 7.98669126410004 7.36526116977563 8.30902568557549 10.2303633616487 10.8009303102264 10.2303633616487 8.97790213229541 10.8009303102264
12.8617935014691 10.2303633616487 12.6441504055249 10.6084044571217 9.15031058348315 8.30902568557549 8.14687056300465 8.14687056300465 6.630134998335 7.98669126410004 6.630134998335 7.82846465701326 7.98669126410004 6.7735769560824 5.93872803690054 5.93872803690054 5.6738185728794 6.48844169312349 6.91878828113748 8.14687056300465 8.6393629099096 8.30902568557549 8.30902568557549 8.14687056300465 6.91878828113748 7.36526116977563 7.67216646847105 9.15031058348315 7.21460836674189 6.34847530352018 5.41532742368707 8.6393629099096 8.47318173608797 5.16309833251368 5.28843945387475 5.41532742368707 8.47318173608797 7.51777273817237 5.03928483123675 7.82846465701326 8.14687056300465 11.7997824131339 10.9958315632459 11.3928780118884 8.14687056300465 10.9958315632459
12.0070075860943 10.9958315632459 12.6441504055249 10.2303633616487 8.14687056300465 12.0070075860943 8.30902568557549 9.68040490772562 9.32484648449726 10.418225053247 7.51777273817237 9.68040490772562 8.30902568557549 5.6738185728794 4.79616608529134 5.6738185728794 5.6738185728794 7.98669126410004 7.98669126410004 5.8054613928608 7.67216646847105 6.91878828113748 7.67216646847105 6.21021478239436 5.8054613928608 5.16309833251368 6.630134998335 8.6393629099096 8.30902568557549 7.06579123420008 5.93872803690054 7.82846465701326 6.7735769560824 4.79616608529134 6.34847530352018 8.14687056300465 7.98669126410004 8.80759469149991 8.14687056300465 7.82846465701326 7.98669126410004 10.418225053247 9.86148116130173 12.0070075860943 9.68040490772562 10.418225053247
8.97790213229541 8.30902568557549 9.68040490772562 11.1931375240612 10.0447912755287 13.0821218964529 13.0821218964529 9.68040490772562 11.7997824131339 11.5950827646585 9.86148116130173 7.98669126410004 8.14687056300465 5.16309833251368 5.16309833251368 8.47318173608797 5.41532742368707 7.98669126410004 8.97790213229541 6.07363893459501 5.41532742368707 6.21021478239436 5.41532742368707 4.91697996960157 5.16309833251368 5.41532742368707 6.7735769560824 7.67216646847105 8.80759469149991 7.51777273817237 6.91878828113748 8.47318173608797 8.97790213229541 9.32484648449726 7.98669126410004 8.80759469149991 7.06579123420008 6.91878828113748 8.47318173608797 8.14687056300465 7.51777273817237 8.14687056300465 8.14687056300465 12.429159880969 10.6084044571217 8.6393629099096
9.15031058348315 8.47318173608797 8.47318173608797 10.6084044571217 10.418225053247 10.6084044571217 12.6441504055249 9.50153556061715 11.3928780118884 10.6084044571217 8.30902568557549 6.48844169312349 7.82846465701326 7.67216646847105 7.51777273817237 8.6393629099096 8.47318173608797 11.3928780118884 8.6393629099096 5.93872803690054 5.41532742368707 5.03928483123675 4.79616608529134 7.67216646847105 9.50153556061715 6.48844169312349 7.51777273817237 6.21021478239436 7.82846465701326 5.16309833251368 5.16309833251368 7.82846465701326 7.98669126410004 9.15031058348315 8.14687056300465 8.47318173608797 8.47318173608797 7.36526116977563 10.0447912755287 8.80759469149991 8.6393629099096 7.67216646847105 9.50153556061715 11.5950827646585 9.32484648449726 9.50153556061715
9.32484648449726 8.30902568557549 8.30902568557549 9.68040490772562 8.80759469149991 8.97790213229541 8.80759469149991 9.68040490772562 11.7997824131339 9.32484648449726 9.32484648449726 8.47318173608797 7.06579123420008 7.36526116977563 7.36526116977563 6.7735769560824 7.98669126410004 8.6393629099096 7.82846465701326 6.34847530352018 7.51777273817237 6.630134998335 7.36526116977563 7.98669126410004 8.14687056300465 7.98669126410004 7.98669126410004 5.93872803690054 6.7735769560824 4.91697996960157 5.93872803690054 7.21460836674189 6.48844169312349 8.47318173608797 6.07363893459501 5.8054613928608 6.7735769560824 7.21460836674189 13.0821218964529 9.50153556061715 7.98669126410004 7.82846465701326 7.82846465701326 8.80759469149991 10.0447912755287 8.97790213229541
