IBR/IBR_outputs/SS_Optim/FireFreq_2000_2008_Total/Results/FireFreq_2000_2008_Total.asc
NCOLS 160 
NROWS 95 
XLLCORNER 210004.651214014 
YLLCORNER 7350008.22228844 
CELLSIZE 4999.99999999997 
NODATA_value -9999 
[rows 63 to 83 of 95, columns 92 to 137 of 160]
7.21460836674189 5.28843945387475 5.03928483123675 5.03928483123675 7.67216646847105 7.98669126410004 8.14687056300465 6.630134998335 5.41532742368707 6.21021478239436 7.06579123420008 12.0070075860943 13.0821218964529 13.0821218964529 13.0821218964529 13.0821218964529 12.429159880969 10.8009303102264 13.0821218964529 13.0821218964529 13.0821218964529 13.0821218964529 13.0821218964529 13.0821218964529 13.0821218964529 13.0821218964529 10.9958315632459 7.21460836674189 5.54378056612425 5.54378056612425 9.50153556061715 13.0821218964529 13.0821218964529 13.0821218964529 13.0821218964529 10.6084044571217 11.1931375240612 13.0821218964529 12.429159880969 11.5950827646585 8.80759469149991 8.97790213229541 13.0821218964529 12.2167895990249 9.15031058348315 10.9958315632459
5.28843945387475 4.91697996960157 5.03928483123675 6.07363893459501 6.07363893459501 6.07363893459501 8.14687056300465 8.14687056300465 7.67216646847105 5.03928483123675 5.6738185728794 8.47318173608797 12.0070075860943 12.8617935014691 11.7997824131339 12.429159880969 12.2167895990249 12.8617935014691 12.429159880969 11.5950827646585 9.68040490772562 10.418225053247 9.15031058348315 12.6441504055249 13.0821218964529 13.0821218964529 12.8617935014691 10.0447912755287 8.30902568557549 5.8054613928608 8.47318173608797 12.6441504055249 13.0821218964529 13.0821218964529 13.0821218964529 12.2167895990249 12.429159880969 13.0821218964529 12.6441504055249 10.0447912755287 10.2303633616487 10.8009303102264 10.8009303102264 12.6441504055249 10.2303633616487 11.7997824131339
5.41532742368707 5.41532742368707 6.630134998335 9.86148116130173 7.67216646847105 6.7735769560824 5.93872803690054 6.34847530352018 7.21460836674189 5.6738185728794 6.7735769560824 7.06579123420008 9.32484648449726 12.8617935014691 12.8617935014691 10.6084044571217 8.47318173608797 12.0070075860943 13.0821218964529 13.0821218964529 9.68040490772562 7.06579123420008 7.36526116977563 10.8009303102264 12.429159880969 13.0821218964529 13.0821218964529 13.0821218964529 12.8617935014691 10.0447912755287 8.30902568557549 8.80759469149991 12.2167895990249 13.0821218964529 12.6441504055249 10.6084044571217 10.6084044571217 10.9958315632459 8.6393629099096 12.429159880969 10.6084044571217 12.429159880969 13.0821218964529 12.429159880969 10.418225053247 9.68040490772562
5.8054613928608 4.91697996960157 7.67216646847105 6.630134998335 6.7735769560824 5.93872803690054 4.32745593525644 4.67682464445465 5.16309833251368 4.91697996960157 5.03928483123675 7.06579123420008 8.47318173608797 10.6084044571217 10.2303633616487 9.86148116130173 8.30902568557549 10.9958315632459 13.0821218964529 13.0821218964529 12.2167895990249 8.6393629099096 8.47318173608797 9.32484648449726 10.2303633616487 12.6441504055249 13.0821218964529 13.0821218964529 13.0821218964529 13.0821218964529 12.2167895990249 9.68040490772562 9.32484648449726 11.3928780118884 10.0447912755287 11.3928780118884 12.0070075860943 9.32484648449726 8.80759469149991 9.68040490772562 10.418225053247 10.8009303102264 13.0821218964529 12.0070075860943 9.50153556061715 10.6084044571217
5.03928483123675 6.07363893459501 7.67216646847105 8.14687056300465 8.97790213229541 6.630134998335 5.8054613928608 5.8054613928608 6.91878828113748 5.93872803690054 4.79616608529134 7.82846465701326 7.67216646847105 9.15031058348315 9.50153556061715 8.30902568557549 5.93872803690054 8.6393629099096 13.0821218964529 13.0821218964529 13.0821218964529 12.8617935014691 12.8617935014691 13.0821218964529 13.0821218964529 11.5950827646585 12.0070075860943 13.0821218964529 13.0821218964529 13.0821218964529 13.0821218964529 13.0821218964529 11.1931375240612 7.67216646847105 8.97790213229541 12.6441504055249 13.0821218964529 13.0821218964529 11.3928780118884 9.32484648449726 8.6393629099096 9.50153556061715 10.9958315632459 12.8617935014691 12.8617935014691 12.2167895990249
6.21021478239436 6.34847530352018 7.67216646847105 9.32484648449726 9.32484648449726 9.15031058348315 9.50153556061715 7.82846465701326 7.82846465701326 7.82846465701326 7.51777273817237 9.68040490772562 11.3928780118884 11.1931375240612 8.47318173608797 6.07363893459501 6.91878828113748 8.6393629099096 12.0070075860943 12.6441504055249 11.3928780118884 10.418225053247 13.0821218964529 13.0821218964529 12.8617935014691 10.9958315632459 11.3928780118884 11.3928780118884 9.68040490772562 12.429159880969 13.0821218964529 13.0821218964529 12.2167895990249 10.0447912755287 8.47318173608797 9.15031058348315 8.80759469149991 10.2303633616487 8.6393629099096 8.6393629099096 11.1931375240612 8.97790213229541 9.68040490772562 13.0821218964529 13.0821218964529 13.0821218964529
6.7735769560824 9.50153556061715 7.82846465701326 6.21021478239436 7.51777273817237 8.6393629099096 8.80759469149991 5.28843945387475 7.06579123420008 8.47318173608797 8.30902568557549 7.21460836674189 9.32484648449726 10.0447912755287 7.98669126410004 5.28843945387475 8.97790213229541 8.97790213229541 10.418225053247 12.8617935014691 11.5950827646585 12.8617935014691 11.5950827646585 12.429159880969 13.0821218964529 13.0821218964529 12.6441504055249 11.1931375240612 9.32484648449726 11.3928780118884 13.0821218964529 11.7997824131339 8.30902568557549 9.32484648449726 10.9958315632459 7.98669126410004 6.7735769560824 8.30902568557549 10.0447912755287 12.2167895990249 9.32484648449726 8.80759469149991 12.2167895990249 13.0821218964529 12.0070075860943 12.429159880969
8.47318173608797 8.80759469149991 7.21460836674189 7.36526116977563 5.93872803690054 6.7735769560824 6.7735769560824 7.82846465701326 8.80759469149991 8.80759469149991 8.97790213229541 7.51777273817237 8.80759469149991 10.418225053247 10.6084044571217 8.97790213229541 7.67216646847105 7.06579123420008 6.91878828113748 9.15031058348315 12.6441504055249 13.0821218964529 12.2167895990249 12.6441504055249 12.6441504055249 8.97790213229541 9.86148116130173 12.0070075860943 8.97790213229541 9.68040490772562 12.2167895990249 13.0821218964529 11.7997824131339 7.82846465701326 9.86148116130173 8.80759469149991 8.14687056300465 10.6084044571217 8.80759469149991 10.8009303102264 10.0447912755287 12.0070075860943 13.0821218964529 13.0821218964529 12.8617935014691 12.6441504055249
8.30902568557549 9.32484648449726 7.67216646847105 7.06579123420008 6.21021478239436 7.21460836674189 6.91878828113748 7.21460836674189 8.47318173608797 8.30902568557549 8.47318173608797 9.15031058348315 10.418225053247 9.68040490772562 8.80759469149991 7.36526116977563 5.54378056612425 7.98669126410004 7.36526116977563 7.98669126410004 13.0821218964529 13.0821218964529 9.15031058348315 9.68040490772562 12.6441504055249 9.32484648449726 8.30902568557549 8.14687056300465 8.47318173608797 8.30902568557549 11.7997824131339 12.429159880969 10.2303633616487 8.80759469149991 12.8617935014691 11.3928780118884 8.97790213229541 9.32484648449726 9.68040490772562 12.0070075860943 12.0070075860943 10.9958315632459 12.6441504055249 13.0821218964529 13.0821218964529 12.2167895990249
6.7735769560824 6.91878828113748 7.51777273817237 7.06579123420008 9.86148116130173 8.97790213229541 8.6393629099096 8.30902568557549 8.80759469149991 8.97790213229541 7.82846465701326 9.32484648449726 10.0447912755287 8.30902568557549 7.82846465701326 5.54378056612425 5.16309833251368 6.21021478239436 6.91878828113748 8.14687056300465 12.2167895990249 11.1931375240612 9.68040490772562 9.15031058348315 10.8009303102264 8.30902568557549 8.30902568557549 8.6393629099096 9.68040490772562 8.80759469149991 11.3928780118884 12.429159880969 12.8617935014691 12.6441504055249 13.0821218964529 10.2303633616487 8.80759469149991 9.32484648449726 11.7997824131339 13.0821218964529 10.0447912755287 8.6393629099096 10.418225053247 13.0821218964529 13.0821218964529 11.1931375240612
7.06579123420008 6.21021478239436 7.67216646847105 5.41532742368707 8.97790213229541 10.418225053247 9.15031058348315 8.47318173608797 9.32484648449726 9.86148116130173 8.30902568557549 9.32484648449726 8.30902568557549 8.30902568557549 6.91878828113748 5.41532742368707 6.48844169312349 8.30902568557549 7.21460836674189 5.6738185728794 8.6393629099096 8.30902568557549 8.80759469149991 10.8009303102264 10.418225053247 8.30902568557549 8.30902568557549 10.418225053247 13.0821218964529 10.418225053247 11.5950827646585 12.8617935014691 13.0821218964529 11.5950827646585 13.0821218964529 12.429159880969 10.0447912755287 10.9958315632459 13.0821218964529 13.0821218964529 11.1931375240612 12.8617935014691 10.8009303102264 10.9958315632459 10.8009303102264 9.32484648449726
5.8054613928608 4.91697996960157 7.51777273817237 6.21021478239436 8.30902568557549 8.14687056300465 7.82846465701326 8.97790213229541 9.50153556061715 11.1931375240612 10.418225053247 7.06579123420008 6.91878828113748 6.630134998335 5.16309833251368 6.630134998335 6.630134998335 6.630134998335 6.48844169312349 7.36526116977563 8.14687056300465 9.15031058348315 8.30902568557549 8.80759469149991 8.47318173608797 6.7735769560824 6.7735769560824 8.6393629099096 10.0447912755287 11.3928780118884 11.3928780118884 13.0821218964529 12.2167895990249 9.86148116130173 10.9958315632459 12.429159880969 12.8617935014691 13.0821218964529 13.0821218964529 13.0821218964529 12.0070075860943 13.0821218964529 12.6441504055249 13.0821218964529 11.1931375240612 8.97790213229541
5.03928483123675 5.16309833251368 5.8054613928608 6.7735769560824 6.630134998335 6.48844169312349 7.21460836674189 7.98669126410004 8.30902568557549 8.97790213229541 8.30902568557549 7.51777273817237 6.07363893459501 6.07363893459501 5.6738185728794 6.630134998335 6.91878828113748 6.21021478239436 4.79616608529134 5.28843945387475 6.48844169312349 8.80759469149991 8.14687056300465 8.30902568557549 9.15031058348315 5.93872803690054 5.6738185728794 9.15031058348315 9.68040490772562 8.80759469149991 10.8009303102264 8.97790213229541 8.97790213229541 9.50153556061715 12.429159880969 12.0070075860943 10.2303633616487 13.0821218964529 13.0821218964529 13.0821218964529 13.0821218964529 13.0821218964529 13.0821218964529 13.0821218964529 13.0821218964529 12.8617935014691
8.14687056300465 8.97790213229541 8.14687056300465 7.98669126410004 6.630134998335 6.630134998335 6.34847530352018 6.21021478239436 7.21460836674189 8.47318173608797 9.50153556061715 9.68040490772562 7.98669126410004 8.47318173608797 7.98669126410004 7.98669126410004 9.68040490772562 8.47318173608797 5.54378056612425 5.28843945387475 4.79616608529134 5.03928483123675 5.93872803690054 6.7735769560824 6.91878828113748 2.76102632781775 6.21021478239436 8.30902568557549 7.67216646847105 8.30902568557549 8.6393629099096 8.80759469149991 11.5950827646585 11.3928780118884 13.0821218964529 12.2167895990249 8.80759469149991 12.6441504055249 12.6441504055249 13.0821218964529 12.6441504055249 11.1931375240612 13.0821218964529 13.0821218964529 13.0821218964529 12.8617935014691
8.47318173608797 8.14687056300465 8.47318173608797 8.30902568557549 7.98669126410004 8.30902568557549 7.98669126410004 6.48844169312349 6.21021478239436 6.7735769560824 5.93872803690054 6.48844169312349 5.41532742368707 6.48844169312349 7.36526116977563 7.21460836674189 9.32484648449726 9.86148116130173 6.91878828113748 6.630134998335 6.21021478239436 6.21021478239436 6.07363893459501 7.51777273817237 6.91878828113748 5.54378056612425 6.630134998335 8.80759469149991 6.34847530352018 8.14687056300465 10.0447912755287 8.14687056300465 6.48844169312349 9.86148116130173 7.21460836674189 8.6393629099096 8.80759469149991 9.68040490772562 10.6084044571217 12.0070075860943 13.0821218964529 13.0821218964529 13.0821218964529 12.8617935014691 12.6441504055249 13.0821218964529
8.30902568557549 8.6393629099096 7.82846465701326 6.34847530352018 6.07363893459501 6.91878828113748 7.67216646847105 6.48844169312349 5.8054613928608 7.21460836674189 5.8054613928608 5.03928483123675 5.03928483123675 5.16309833251368 5.16309833251368 5.41532742368707 8.14687056300465 7.67216646847105 5.8054613928608 7.51777273817237 5.41532742368707 6.21021478239436 5.54378056612425 5.16309833251368 6.21021478239436 8.47318173608797 8.47318173608797 8.6393629099096 6.48844169312349 8.30902568557549 9.68040490772562 6.07363893459501 6.34847530352018 9.86148116130173 5.93872803690054 9.68040490772562 8.30902568557549 8.30902568557549 10.8009303102264 11.5950827646585 10.9958315632459 13.0821218964529 13.0821218964529 12.6441504055249 10.9958315632459 10.0447912755287
8.30902568557549 8.30902568557549 7.36526116977563 8.6393629099096 7.98669126410004 6.34847530352018 6.7735769560824 6.7735769560824 5.41532742368707 7.06579123420008 6.91878828113748 6.21021478239436 8.6393629099096 8.6393629099096 8.14687056300465 8.6393629099096 8.14687056300465 7.51777273817237 7.51777273817237 7.82846465701326 7.21460836674189 7.36526116977563 8.30902568557549 6.91878828113748 8.30902568557549 9.15031058348315 8.6393629099096 8.80759469149991 8.6393629099096 8.14687056300465 7.82846465701326 6.7735769560824 6.48844169312349 9.86148116130173 5.93872803690054 9.15031058348315 6.34847530352018 5.93872803690054 9.86148116130173 9.15031058348315 10.6084044571217 12.429159880969 12.429159880969 13.0821218964529 12.2167895990249 10.418225053247
8.14687056300465 8.30902568557549 8.30902568557549 8.14687056300465 9.15031058348315 10.0447912755287 9.86148116130173 8.47318173608797 9.68040490772562 8.14687056300465 6.91878828113748 7.98669126410004 7.82846465701326 8.47318173608797 8.30902568557549 8.14687056300465 8.6393629099096 8.14687056300465 7.06579123420008 7.21460836674189 7.21460836674189 6.630134998335 7.82846465701326 8.30902568557549 9.68040490772562 8.97790213229541 8.47318173608797 8.30902568557549 8.6393629099096 6.630134998335 8.47318173608797 6.91878828113748 7.98669126410004 7.82846465701326 6.630134998335 8.14687056300465 1 7.98669126410004 10.2303633616487 10.8009303102264 12.2167895990249 12.2167895990249 12.429159880969 13.0821218964529 9.50153556061715 10.9958315632459
8.30902568557549 8.47318173608797 8.30902568557549 8.47318173608797 8.30902568557549 8.80759469149991 10.2303633616487 11.7997824131339 10.8009303102264 10.0447912755287 8.80759469149991 8.6393629099096 10.0447912755287 8.6393629099096 8.30902568557549 8.14687056300465 8.47318173608797 8.47318173608797 8.6393629099096 5.6738185728794 7.82846465701326 8.47318173608797 10.0447912755287 9.50153556061715 9.68040490772562 8.80759469149991 8.30902568557549 8.47318173608797 8.47318173608797 9.32484648449726 9.86148116130173 8.6393629099096 7.82846465701326 8.30902568557549 8.30902568557549 8.80759469149991 1.69961092838723 4.91697996960157 9.50153556061715 10.2303633616487 12.6441504055249 12.0070075860943 13.0821218964529 13.0821218964529 12.0070075860943 10.6084044571217
8.30902568557549 8.47318173608797 8.47318173608797 8.6393629099096 8.80759469149991 8.47318173608797 8.30902568557549 9.15031058348315 12.6441504055249 11.3928780118884 9.50153556061715 8.30902568557549 8.30902568557549 8.30902568557549 8.47318173608797 8.30902568557549 9.32484648449726 9.15031058348315 8.80759469149991 8.80759469149991 11.5950827646585 12.8617935014691 10.9958315632459 10.9958315632459 11.1931375240612 8.97790213229541 8.6393629099096 9.50153556061715 8.80759469149991 10.0447912755287 9.32484648449726 10.0447912755287 10.9958315632459 10.2303633616487 8.30902568557549 7.51777273817237 4.10158292726075 10.2303633616487 11.7997824131339 12.0070075860943 10.6084044571217 12.8617935014691 13.0821218964529 13.0821218964529 13.0821218964529 9.32484648449726
8.97790213229541 10.2303633616487 8.6393629099096 11.5950827646585 10.6084044571217 8.47318173608797 8.47318173608797 8.6393629099096 10.0447912755287 8.14687056300465 8.47318173608797 8.30902568557549 8.30902568557549 7.36526116977563 9.32484648449726 11.7997824131339 10.8009303102264 11.1931375240612 8.14687056300465 8.30902568557549 8.6393629099096 8.97790213229541 8.97790213229541 10.6084044571217 12.6441504055249 8.30902568557549 7.67216646847105 10.0447912755287 9.15031058348315 10.0447912755287 10.0447912755287 10.2303633616487 11.5950827646585 8.6393629099096 8.80759469149991 7.82846465701326 6.7735769560824 6.630134998335 8.47318173608797 9.15031058348315 9.50153556061715 10.9958315632459 12.429159880969 12.8617935014691 12.0070075860943 9.86148116130173
