0.0603423 0.0385394 0.710864 0.0272214 0.0231704 0.0358766 0.103986
0.0725347 0.0706521 0.740452 0.0286249 9.9982E-05 0.0875363 9.9982E-05
0.0951868 9.9991E-05 0.563239 0.0338003 0.022678 0.0959255 0.189071
0.0334496 9.9982E-05 0.749267 9.9982E-05 0.0644701 0.142564 0.0100495
9.9982E-05 0.0130011 0.854755 0.00740352 0.0866326 9.9982E-05 0.0380081
9.9964E-05 0.178296 0.800654 9.9964E-05 9.9964E-05 0.020651 9.9964E-05
9.9973E-05 0.154844 0.578232 9.9973E-05 9.9973E-05 0.0497788 0.216845
0.0110622 9.9991E-05 0.652789 0.0330386 0.00271452 0.184445 0.115851
0.0517654 0.0939528 0.528496 0.0350064 0.0185896 9.9991E-05 0.27209
0.0884476 0.0269408 0.359784 0.0144889 9.9991E-05 0.183248 0.326992
0.0895631 9.9991E-05 0.159774 0.0700472 0.0833998 0.421654 0.175462
0.0151122 9.9991E-05 0.272425 0.000926435 0.0132485 0.144067 0.554122
9.9973E-05 0.0533064 9.9973E-05 0.0353215 9.9973E-05 0.686531 0.224542
0.0675972 9.9982E-05 0.197081 9.9982E-05 0.120449 0.132772 0.481901
0.0500848 0.0851662 0.525384 0.0156076 0.0176736 9.9991E-05 0.305984
0.0785586 0.03955 0.566066 9.9982E-05 9.9982E-05 0.151506 0.16412
0.18908 9.9973E-05 0.520844 9.9973E-05 0.0814028 9.9973E-05 0.208373
0.0131715 0.0362391 0.73045 0.02937 9.9982E-05 9.9982E-05 0.190569
0.3705 0.132816 0.0221229 0.0577214 0.0520029 0.0143732 0.350464
0.385052 9.9964E-05 9.9964E-05 9.9964E-05 9.9964E-05 0.0617747 0.552773
0.757552 9.9982E-05 0.195307 0.00637711 0.0350031 9.9982E-05 0.00556018
0.759798 9.9982E-05 9.9982E-05 0.00744636 0.0322999 0.119629 0.0806269
0.924232 0.0356614 9.9973E-05 0.0358528 9.9973E-05 0.00395374 9.9973E-05
0.756213 0.0612963 0.132992 0.0467888 0.00250915 9.9982E-05 9.9982E-05
0.657237 0.00452717 0.185179 9.9991E-05 0.0035047 0.0510926 0.09836
0.79415 0.0139653 9.9964E-05 9.9964E-05 9.9964E-05 9.9964E-05 0.191484
0.685366 9.9973E-05 9.9973E-05 0.0141613 0.0718527 9.9973E-05 0.22832
0.763294 0.0699841 9.9982E-05 0.0353338 0.0168041 9.9982E-05 0.114384
0.699943 9.9964E-05 9.9964E-05 9.9964E-05 0.0264126 9.9964E-05 0.273245
0.801524 0.0853527 0.092886 9.9973E-05 0.0199378 9.9973E-05 9.9973E-05
0.833732 0.0938941 0.00565106 0.000359502 9.9982E-05 9.9982E-05 0.0661635
0.833766 9.9982E-05 0.0352969 0.0163122 0.0959037 9.9982E-05 0.0185211
0.794741 0.0371312 0.0479601 0.0523129 9.9982E-05 0.0676547 9.9982E-05
0.0710762 9.9982E-05 0.405072 0.0651191 9.9982E-05 0.170956 0.287577
0.199005 9.9982E-05 0.553249 9.9982E-05 0.0489678 0.00105758 0.197521
0.115016 9.9982E-05 0.605631 9.9982E-05 0.088389 0.0456774 0.145086
0.0570751 9.9991E-05 0.587348 0.0341761 0.00678548 0.236982 0.0775335
0.146432 0.0150179 0.410549 0.0114573 0.0690459 0.178855 0.168643
9.995E-05 9.995E-05 9.995E-05 0.9994 9.995E-05 9.995E-05 9.995E-05
0.587706 9.9982E-05 9.9982E-05 0.00664499 0.0707385 0.0781733 0.256537
0.136317 0.188939 0.674345 9.9964E-05 9.9964E-05 9.9964E-05 9.9964E-05
0.068493 9.9982E-05 0.537198 9.9982E-05 0.00451317 0.153075 0.23652
0.322205 0.166347 0.246483 0.00777776 9.9982E-05 0.256987 9.9982E-05
0.000436003 0.107822 0.00197439 0.0620097 0.0377866 0.578656 0.211315
0.0786959 9.9955E-05 9.9955E-05 9.9955E-05 9.9955E-05 0.920804 9.9955E-05
9.995E-05 9.995E-05 9.995E-05 0.9994 9.995E-05 9.995E-05 9.995E-05
0.184006 9.9991E-05 0.308018 0.0850876 0.0821232 0.179785 0.160881
9.9973E-05 0.184731 0.190122 9.9973E-05 9.9973E-05 0.366834 0.258013
0.163431 0.0184439 0.305095 0.0526915 0.0997731 0.0843663 0.276199
9.9991E-05 0.6056 0.0030409 0.0240745 0.214029 0.121865 0.0312899
0.0414787 0.25857 9.9982E-05 0.02695 0.545709 0.127092 9.9982E-05
9.9973E-05 0.436476 0.0610626 9.9973E-05 0.413723 9.9973E-05 0.0884378
9.9982E-05 0.147881 0.0704597 0.0415824 0.607099 0.132778 9.9982E-05
9.9973E-05 0.167108 9.9973E-05 0.0222452 0.652875 9.9973E-05 0.157472
9.9964E-05 0.238106 9.9964E-05 9.9964E-05 0.628894 9.9964E-05 0.1326
9.9973E-05 0.0500953 0.0732038 9.9973E-05 0.705736 9.9973E-05 0.170665
9.9982E-05 0.615001 0.0332159 9.9982E-05 0.288397 0.0542967 0.00888872
9.995E-05 0.9994 9.995E-05 9.995E-05 9.995E-05 9.995E-05 9.995E-05
9.9982E-05 0.12573 0.0396332 0.054058 0.713394 0.0669855 9.9982E-05
9.9982E-05 0.305971 0.13066 0.0349567 0.388585 0.139627 9.9982E-05
9.995E-05 0.9994 9.995E-05 9.995E-05 9.995E-05 9.995E-05 9.995E-05
0.00147563 0.287429 0.0145317 9.9991E-05 0.506021 0.0695966 0.120846
9.9991E-05 0.18102 0.0122288 0.0643444 0.180194 0.508602 0.0535103
0.671959 0.0256017 0.130156 0.0160893 0.0622569 9.9991E-05 0.0938369
0.740908 0.0177541 0.180858 0.0324871 0.00702505 0.0208677 9.9991E-05
0.810916 9.9973E-05 0.104933 0.0121142 9.9973E-05 9.9973E-05 0.071737
9.9982E-05 0.0712967 9.9982E-05 0.00497953 0.613324 0.161039 0.149162
9.9973E-05 0.041875 9.9973E-05 0.0511404 0.418351 0.488334 9.9973E-05
0.0976021 0.208983 0.0944954 0.0502968 0.548423 9.9982E-05 9.9982E-05
0.00901225 0.126019 9.9982E-05 0.0369773 0.553819 0.273972 9.9982E-05
9.9982E-05 0.0886583 0.0281176 0.0451724 0.72754 9.9982E-05 0.110312
9.9982E-05 0.172083 0.213949 0.00354378 0.0429156 0.56731 9.9982E-05
9.9982E-05 0.101284 0.0628326 0.0134977 9.9982E-05 0.687665 0.134521
9.9973E-05 0.099768 0.0041025 9.9973E-05 9.9973E-05 0.83691 0.0589193
9.9955E-05 9.9955E-05 9.9955E-05 0.0343536 9.9955E-05 0.965147 9.9955E-05
0.0866399 0.0717588 0.0412619 0.0543117 9.9991E-05 0.719309 0.0266188
9.9973E-05 0.0579914 9.9973E-05 0.00994837 9.9973E-05 0.78244 0.14932
0.0850805 0.0210415 0.0938346 0.0205938 0.00700889 0.772341 9.9991E-05
9.9982E-05 0.123236 0.000612446 9.9982E-05 0.529967 0.337444 0.00854002
9.9982E-05 0.199906 0.158008 0.101181 0.255846 0.28486 9.9982E-05
0.043615 0.233845 0.00376824 0.0156499 0.532022 0.171 9.9991E-05
9.9982E-05 0.264052 9.9982E-05 0.0249091 0.523953 0.0373019 0.149584
9.9982E-05 0.0335505 9.9982E-05 0.0320397 0.678865 0.033053 0.222291
0.260046 9.9973E-05 9.9973E-05 0.0140704 0.0481821 9.9973E-05 0.677401
0.102872 0.0723254 0.0942513 9.9982E-05 0.230735 0.499616 9.9982E-05
0.0475075 9.99794E-05 0.0406774 9.99794E-05 0.160726 0.750789 9.99794E-05
9.995E-05 9.995E-05 9.995E-05 0.9994 9.995E-05 9.995E-05 9.995E-05
0.145867 0.0741289 0.600369 9.9982E-05 9.9982E-05 0.124901 0.0545344
0.088174 0.0581298 0.653159 0.0405783 9.9982E-05 9.9982E-05 0.159759
0.0143604 0.111434 0.360501 0.0353942 9.9991E-05 0.0867835 0.391428
0.0118411 0.0639177 0.145726 0.0122632 0.0333453 0.105841 0.627065
9.9973E-05 9.9973E-05 0.57153 9.9973E-05 0.0802934 0.0437804 0.304096
9.9955E-05 0.205979 9.9955E-05 9.9955E-05 9.9955E-05 0.793521 9.9955E-05
0.403646 0.0675829 0.11287 0.0364769 0.014407 0.0412813 0.323736
9.9982E-05 9.9982E-05 0.0712277 0.0834149 0.198936 0.627846 0.0183747
0.251967 9.9991E-05 0.179262 0.0332058 0.0376159 0.40342 0.0944293
0.202715 0.0702301 0.625849 0.0120235 9.9982E-05 9.9982E-05 0.0889825
0.112164 9.9982E-05 0.659897 9.9982E-05 0.0463023 0.174025 0.00741187
0.147671 9.9973E-05 0.379229 9.9973E-05 9.9973E-05 0.28242 0.19038
9.9982E-05 0.0464564 0.237209 0.0100094 9.9982E-05 0.115763 0.590362
0.0690378 9.9973E-05 0.552958 0.0134515 9.9973E-05 0.364253 9.9973E-05
9.9973E-05 9.9973E-05 0.265832 0.00145915 9.9973E-05 0.0540552 0.678354
0.0587426 0.131434 0.0656036 0.0232232 0.108697 0.597131 0.0151686
9.9982E-05 0.0563822 9.9982E-05 0.0875195 0.0259572 0.563574 0.266367
0.00688727 0.0117908 0.103518 0.103776 0.175773 0.584302 0.0139527
0.0903174 9.9982E-05 0.07883 0.00123744 9.9982E-05 0.583035 0.24638
0.110445 0.0594536 0.190523 9.9991E-05 0.0449197 0.492183 0.102375
0.369715 9.9982E-05 0.342924 9.9982E-05 0.0660213 0.0488848 0.172255
0.0457171 0.228313 0.0894037 0.0228937 0.586698 9.9991E-05 0.0268747
9.9982E-05 0.0464884 9.9982E-05 0.0237257 0.678975 0.134089 0.116522
0.137013 0.155231 0.0513948 0.018921 0.0713263 0.524104 0.0420096
0.0111161 0.231821 0.124566 0.0367647 9.9991E-05 0.36086 0.234772
0.254042 0.250857 0.111507 0.0349101 9.9982E-05 0.348483 9.9982E-05
0.551802 9.9964E-05 9.9964E-05 9.9964E-05 9.9964E-05 0.192461 0.255336
0.0940326 9.9973E-05 9.9973E-05 0.042559 0.626661 0.236447 9.9973E-05
0.0464456 0.310849 0.036629 9.9982E-05 0.412538 0.193339 9.9982E-05
9.9982E-05 0.132266 0.0403254 9.9982E-05 0.384021 0.41723 0.0259585
0.303918 9.9991E-05 0.229999 0.0619222 0.0530233 0.0321165 0.318921
0.116933 0.0258597 0.541336 9.9982E-05 0.0412134 9.9982E-05 0.274458
0.0867446 9.9982E-05 0.645909 0.0153696 0.0958928 0.155884 9.9982E-05
0.0700004 0.0268486 0.651656 9.9991E-05 0.0940559 0.0341955 0.123144
0.186375 0.0110394 0.46016 9.9973E-05 9.9973E-05 9.9973E-05 0.342125
0.191097 0.0079962 0.648977 0.0330018 0.00215682 0.116672 9.9991E-05
0.21423 9.9973E-05 0.700537 9.9973E-05 0.037759 0.0471746 9.9973E-05
0.0195284 0.0507128 0.804571 0.0169866 0.0413433 0.0667575 9.9991E-05
0.319641 9.9982E-05 0.414876 9.9982E-05 0.0667685 0.0848317 0.113683
9.9982E-05 9.9982E-05 0.456358 0.006514 0.0223621 0.00793233 0.506634
0.0747166 0.00576011 0.456364 0.0320517 9.9991E-05 0.055017 0.37599
0.0372454 0.0322959 0.604178 0.0406071 9.9991E-05 0.0118839 0.27369
9.9982E-05 0.0433646 0.297256 9.9982E-05 0.062573 0.0245343 0.572072
9.9991E-05 0.0349196 0.529776 0.0469177 0.0308073 0.0425759 0.314903
0.026323 0.0285161 0.197295 0.0170082 9.9991E-05 0.193141 0.537616
0.10561 0.00174907 0.692907 9.9991E-05 0.0639376 0.127721 0.00797444
0.770169 9.9973E-05 9.9973E-05 0.00438321 9.9973E-05 0.180781 0.0443673
0.858144 9.9955E-05 9.9955E-05 9.9955E-05 9.9955E-05 0.141356 9.9955E-05
0.764497 9.9964E-05 9.9964E-05 0.0231396 9.9964E-05 9.9964E-05 0.211963
0.598563 0.033605 0.0395604 0.00300772 0.0360627 0.0206783 0.268523
0.723202 0.0501608 9.9982E-05 0.0307207 9.9982E-05 0.0775565 0.118161
0.0103538 9.9982E-05 0.609739 9.9982E-05 0.112972 0.241395 0.0253402
0.177322 9.9973E-05 0.59648 0.0371937 9.9973E-05 0.188704 9.9973E-05
9.9964E-05 0.53013 9.9964E-05 9.9964E-05 0.403718 0.0657522 9.9964E-05
0.0567455 9.9982E-05 9.9982E-05 0.0245424 0.768636 0.00260138 0.147274
0.0053742 0.200347 0.0753135 0.0149972 0.703768 9.9982E-05 9.9982E-05
0.106025 9.9964E-05 9.9964E-05 9.9964E-05 0.672425 0.22115 9.9964E-05
9.9991E-05 0.294376 0.0643941 0.0415031 0.590834 0.00103792 0.00775491
0.129368 0.141895 9.9982E-05 0.00803714 0.689887 0.0306131 9.9982E-05
9.9982E-05 0.0141776 0.0310059 0.0166193 0.909165 0.0288318 9.9982E-05
0.111486 0.285257 9.9973E-05 0.00676902 0.596188 9.9973E-05 9.9973E-05
9.9964E-05 0.224666 9.9964E-05 9.9964E-05 0.612194 9.9964E-05 0.16274
0.0948868 0.35694 9.9982E-05 0.00453899 0.536373 0.00706125 9.9982E-05
0.0215536 9.9973E-05 9.9973E-05 0.0420851 0.809405 0.126656 9.9973E-05
0.0354925 0.109076 0.00880563 0.0211295 0.647911 0.115951 0.061634
0.010756 0.323068 0.0784476 0.0187519 0.509687 9.9991E-05 0.0591891
0.00444728 0.241078 9.9982E-05 0.0128414 0.600975 9.9982E-05 0.140458
0.0453626 0.172079 0.027043 0.00237666 0.677416 0.0756223 9.9991E-05
9.9964E-05 9.9964E-05 0.0659859 0.0098319 0.923782 9.9964E-05 9.9964E-05
0.0780729 0.144498 0.0352069 0.00479788 0.737224 9.9982E-05 9.9982E-05
0.101026 9.9973E-05 0.0491756 9.9973E-05 0.167635 0.681864 9.9973E-05
9.9964E-05 9.9964E-05 0.0727259 9.9964E-05 9.9964E-05 0.825053 0.101822
9.9964E-05 0.1261 9.9964E-05 9.9964E-05 0.73728 0.13622 9.9964E-05
0.0143778 0.36145 0.226724 0.0166672 0.380581 9.9982E-05 9.9982E-05
9.995E-05 0.9994 9.995E-05 9.995E-05 9.995E-05 9.995E-05 9.995E-05
9.9964E-05 0.193717 0.170917 9.9964E-05 9.9964E-05 0.634966 9.9964E-05
0.0199297 9.9982E-05 0.785941 0.0151246 0.0651298 0.113675 9.9982E-05
0.0874676 9.9982E-05 0.57898 0.0143775 0.0132062 9.9982E-05 0.305768
0.388933 0.0865965 0.282362 9.9982E-05 9.9982E-05 0.18887 0.0530389
0.441662 0.0146116 0.139705 0.00286195 0.0011042 0.0224259 0.377629
0.105708 9.9955E-05 9.9955E-05 9.9955E-05 9.9955E-05 9.9955E-05 0.893792
0.460124 0.0677064 9.9964E-05 9.9964E-05 9.9964E-05 9.9964E-05 0.47177
0.0353287 9.9955E-05 9.9955E-05 9.9955E-05 9.9955E-05 9.9955E-05 0.964172
0.495883 9.9964E-05 9.9964E-05 0.00951772 9.9964E-05 9.9964E-05 0.4942
0.420637 0.0546084 9.9991E-05 0.0131914 0.0314936 0.0509245 0.429045
0.737904 9.9991E-05 0.103857 0.0385323 0.0669448 0.00611521 0.0465472
0.0695903 0.023652 0.648808 0.0192253 0.0187129 0.119636 0.100375
0.0340403 0.125704 0.669304 0.0351179 0.00955129 0.108994 0.0172884
9.9964E-05 0.10168 0.733482 9.9964E-05 9.9964E-05 0.164438 9.9964E-05
9.99641E-05 9.99641E-05 0.686822 9.99641E-05 0.0586643 0.254114 9.99641E-05
9.9973E-05 0.0749825 0.736257 0.0145926 9.9973E-05 0.173868 9.9973E-05
9.9982E-05 0.0155258 0.566708 9.9982E-05 0.00308592 0.354192 0.0602885
9.9982E-05 0.0150868 0.289717 0.00961079 9.9982E-05 0.0852962 0.600089
9.9982E-05 0.05916 0.270782 9.9982E-05 0.0127295 0.0951488 0.561979
9.9982E-05 9.9982E-05 0.366548 0.0442324 0.0238044 0.0904673 0.474748
9.9964E-05 9.9964E-05 0.357387 9.9964E-05 0.0668076 9.9964E-05 0.575406
9.9982E-05 9.9982E-05 0.281747 0.0243951 0.0444883 0.0219875 0.627182
0.158082 9.9964E-05 9.9964E-05 0.0920963 9.9964E-05 9.9964E-05 0.749422
9.9982E-05 0.639239 9.9982E-05 0.0213633 0.181822 0.0203292 0.137046
0.121899 0.160914 9.9982E-05 0.0331373 0.666209 0.0176405 9.9982E-05
9.9973E-05 0.00204524 9.9973E-05 9.9973E-05 0.860334 0.0174432 0.119877
0.0797097 9.9982E-05 0.0968743 0.0105481 0.738963 0.0737048 9.9982E-05
0.0739053 0.117139 0.03657 0.0253459 0.700336 0.046604 9.9991E-05
0.2821 0.0300619 0.241691 0.0164781 0.113046 0.147878 0.168745
0.125367 0.017733 0.372367 0.0189014 9.9991E-05 0.131317 0.334214
9.9973E-05 0.00307704 0.299057 0.0275954 9.9973E-05 9.9973E-05 0.669971
0.158876 0.043054 0.480812 0.0563157 9.9991E-05 0.094955 0.165887
