0.0430402 0.00445577 0.824527 0.0105828 9.9991E-05 0.117294
0.0441109 0.0449214 0.61653 9.9991E-05 0.211804 0.0825345
0.126867 0.0327391 0.651565 9.9982E-05 9.9982E-05 0.188629
0.208379 0.0110738 0.717334 9.9982E-05 0.0630136 9.9982E-05
9.9973E-05 9.9973E-05 0.901847 0.0429592 0.0548942 9.9973E-05
0.0693014 9.9982E-05 0.692229 0.0671729 0.171096 9.9982E-05
0.168622 9.9982E-05 0.566035 9.9982E-05 0.252513 0.0126303
0.0622421 0.044426 0.683996 9.9982E-05 0.209136 9.9982E-05
9.999E-05 0.0122852 0.198731 0.0699602 0.643483 0.0754411
0.179006 0.0279229 0.411194 9.9991E-05 0.254978 0.126799
0.407743 0.0354073 0.0752063 0.0601633 0.371762 0.0497184
0.0990454 0.00983999 0.230774 0.0714964 0.458408 0.130436
0.759063 0.0238346 9.9982E-05 0.0362214 0.180681 9.9982E-05
0.109129 9.9991E-05 0.0815073 0.0664459 0.61333 0.129487
9.9991E-05 0.0256133 0.416448 0.0699357 0.353248 0.134655
0.138863 0.0113813 0.256612 9.9991E-05 0.577945 0.0150992
9.9982E-05 9.9982E-05 0.291361 0.0366214 0.511875 0.159943
0.0230796 0.00745968 0.530921 9.9991E-05 0.416729 0.0217103
0.142678 0.0601165 0.0243265 0.12917 0.156543 0.487166
0.121298 9.9982E-05 9.9982E-05 0.00125344 0.268163 0.609086
0.0299697 0.0123895 0.144059 0.00422859 0.12507 0.684283
0.118697 0.0166269 0.0518204 9.9982E-05 9.9982E-05 0.812655
0.0185029 0.0496076 9.9982E-05 9.9982E-05 0.0609194 0.87077
9.999E-05 0.0311147 0.0541327 0.035895 0.0925294 0.786228
0.0530388 9.9982E-05 0.250006 9.9982E-05 0.0877363 0.609019
0.0273258 0.00452174 0.121394 9.9982E-05 9.9982E-05 0.846558
9.9973E-05 0.0233272 9.9973E-05 0.0659616 9.9973E-05 0.910411
9.9982E-05 0.0179305 9.9982E-05 0.0713877 0.117125 0.793356
9.9973E-05 9.9973E-05 0.142901 0.0324681 9.9973E-05 0.824331
9.9973E-05 9.9973E-05 0.102364 0.0853442 9.9973E-05 0.811992
9.9982E-05 0.0180873 9.9982E-05 0.0426216 0.080966 0.858125
9.9982E-05 0.0394242 9.9982E-05 0.0099417 0.146864 0.80357
0.0423966 0.0611963 0.0100475 9.9991E-05 0.145367 0.740893
0.200272 0.0608531 0.445394 9.9991E-05 0.140257 0.153124
9.9982E-05 9.9982E-05 0.492673 0.00125103 0.300097 0.205779
0.024655 9.9991E-05 0.722648 0.0695698 0.104718 0.0783087
0.160855 0.0295638 0.737891 0.0165374 9.9991E-05 0.0550532
0.176772 0.00236239 0.269576 0.0667623 0.37136 0.113167
9.996E-05 0.9995 9.996E-05 9.996E-05 9.996E-05 9.996E-05
0.281838 0.0363055 0.00338891 9.9982E-05 9.9982E-05 0.678268
9.9973E-05 9.9973E-05 0.791892 0.0924952 9.9973E-05 0.115313
0.187459 9.9982E-05 0.402332 9.9982E-05 0.271706 0.138303
0.324474 0.0109212 0.153312 0.086769 0.175799 0.248724
0.580373 0.0204547 0.00891134 0.0908601 0.234076 0.065324
0.824389 9.9982E-05 9.9982E-05 0.0165159 0.0854962 0.0733991
9.996E-05 0.9995 9.996E-05 9.996E-05 9.996E-05 9.996E-05
0.238651 0.0770949 0.228326 9.9991E-05 0.279577 0.176251
0.363871 9.9991E-05 0.103936 0.100684 0.322267 0.109142
0.178438 0.0108111 0.145033 0.0757256 0.240485 0.349507
0.137147 0.0366785 9.9982E-05 0.743332 0.0826425 9.9982E-05
0.082191 0.013402 9.9991E-05 0.745384 0.135998 0.0229251
9.9973E-05 9.9973E-05 0.110556 0.747305 0.141839 9.9973E-05
0.0798846 0.0617536 9.9991E-05 0.674624 0.181452 0.00218595
9.99843E-05 0.0313523 9.99843E-05 0.790152 0.15406 0.0242358
9.9973E-05 9.9973E-05 9.9973E-05 0.821091 0.132073 0.0465359
9.9964E-05 9.9964E-05 9.9964E-05 0.684066 0.315534 9.9964E-05
9.9973E-05 0.0172832 9.9973E-05 0.72568 0.256737 9.9973E-05
0.0512985 0.0427026 9.9982E-05 0.833984 9.9982E-05 0.0718155
9.9982E-05 0.0370358 0.0708453 0.742401 0.149518 9.9982E-05
0.24605 0.0180214 0.074256 0.579743 0.0818299 9.9991E-05
0.148638 0.00415635 9.9982E-05 0.764493 9.9982E-05 0.0825128
0.17984 9.9991E-05 0.094694 0.635008 0.0197106 0.0706474
0.604569 0.0592621 9.9991E-05 0.253195 0.0790959 0.0037785
9.9991E-05 0.0322411 0.134639 0.0451357 0.0369004 0.750984
0.0450591 0.0403299 0.112524 9.9991E-05 0.0491287 0.752858
9.9973E-05 0.0083048 0.206341 9.9973E-05 9.9973E-05 0.785054
0.129967 0.00952539 9.9982E-05 0.656761 0.203547 9.9982E-05
0.423933 0.0594432 0.0578675 0.458556 9.9982E-05 9.9982E-05
0.127977 0.0260005 0.0613278 0.69221 0.0458695 0.0466152
0.303284 0.0429056 9.9982E-05 0.629403 9.9982E-05 0.0242075
9.9982E-05 0.0522183 0.00591668 0.795384 0.146281 9.9982E-05
0.619013 0.00220989 0.0809561 0.0959997 0.201722 9.9991E-05
0.687466 0.0266994 9.9982E-05 0.0560971 0.229537 9.9982E-05
0.721095 9.9982E-05 9.9982E-05 0.0980764 0.132514 0.0481147
0.970843 0.0287571 9.9964E-05 9.9964E-05 9.9964E-05 9.9964E-05
0.801359 0.0286147 0.0142704 9.9991E-05 0.00710353 0.148552
0.857467 0.0297992 9.9973E-05 9.9973E-05 0.112434 9.9973E-05
0.716834 0.00557628 0.161223 0.0116843 9.9991E-05 0.104583
0.158078 9.9982E-05 0.00252192 0.602108 0.237093 9.9982E-05
0.360954 0.116249 0.148674 0.373924 9.9982E-05 9.9982E-05
0.109338 0.0247022 0.0802173 0.719602 0.0166005 0.0495393
0.0516356 0.0455294 9.9991E-05 0.703567 0.165177 0.0339915
0.0028445 0.0330348 9.9982E-05 0.665842 0.298079 9.9982E-05
0.160512 0.0277344 9.9982E-05 9.9982E-05 0.135523 0.676031
0.494775 9.9991E-05 0.102688 0.269889 0.0271863 0.105362
0.876604 9.9973E-05 9.9973E-05 0.0828193 0.040277 9.9973E-05
9.996E-05 0.9995 9.996E-05 9.996E-05 9.996E-05 9.996E-05
0.147842 9.9982E-05 0.52719 9.9982E-05 0.116135 0.208633
0.0338532 0.0363634 0.529307 9.9991E-05 0.267582 0.132794
0.190227 0.0191455 0.139129 9.9991E-05 0.629703 0.0216961
0.0856173 0.0512251 0.0361043 0.0874018 0.583876 0.155776
0.0184968 9.9991E-05 0.60761 0.0583365 0.226018 0.0894379
0.859407 9.9982E-05 9.9982E-05 0.100456 0.011519 0.0284184
0.163543 0.0329555 0.257835 0.0154986 9.9991E-05 0.530069
0.683806 0.0925065 0.107706 0.115782 9.9982E-05 9.9982E-05
0.385846 0.0134198 0.141167 0.0335112 0.104046 0.32201
9.9973E-05 9.9973E-05 0.473354 9.9973E-05 0.424083 0.102263
0.263539 9.9982E-05 0.528342 9.9982E-05 0.157911 0.0500078
0.189719 9.9982E-05 0.344368 9.9982E-05 0.424565 0.0411486
0.131694 0.00820685 9.9982E-05 0.0136129 0.846287 9.9982E-05
0.332251 0.0077294 0.65972 9.9973E-05 9.9973E-05 9.9973E-05
9.9973E-05 9.9973E-05 0.0260768 9.9973E-05 0.949021 0.0246024
0.630511 0.0257345 0.112415 0.181091 9.9991E-05 0.050149
0.644844 0.0824196 0.047826 0.120143 0.0577565 0.0470116
0.608195 0.0668167 0.0173782 0.166117 0.101028 0.0404649
0.495734 0.00547718 9.9982E-05 9.9982E-05 0.276945 0.221644
0.408363 9.9991E-05 0.00159888 0.0960017 0.332887 0.161049
9.9982E-05 9.9982E-05 0.238421 0.0320879 0.302058 0.427233
9.9982E-05 0.0130703 0.118395 0.728279 0.140057 9.9982E-05
0.201306 0.0340768 0.00689115 0.672137 9.9991E-05 0.0854887
0.575827 0.0111039 0.0798599 0.137591 9.9991E-05 0.195519
0.333615 0.0276928 9.9991E-05 0.198606 0.339748 0.100239
0.526208 0.0376897 0.127289 0.0849516 9.9991E-05 0.223761
0.277073 9.9964E-05 9.9964E-05 9.9964E-05 9.9964E-05 0.722527
0.366968 0.0449738 9.9982E-05 0.58349 9.9982E-05 0.00436795
0.226335 9.9982E-05 9.9982E-05 0.661226 0.110994 0.00124514
0.381504 9.9982E-05 0.0633164 0.464478 0.0905022 9.9982E-05
0.036425 0.0737864 0.330477 0.0809567 9.9991E-05 0.478255
9.9973E-05 9.9973E-05 0.682463 0.0538734 9.9973E-05 0.263363
0.158698 0.0108213 0.580943 0.0363574 0.209247 0.00393348
9.9982E-05 9.9982E-05 0.73107 0.107361 0.121135 0.0402349
0.0179784 9.9982E-05 0.477463 9.9982E-05 0.205772 0.298587
0.0558787 9.9982E-05 0.551547 9.9982E-05 0.221418 0.170956
0.0445721 9.9982E-05 0.767881 0.044483 9.9982E-05 0.142864
9.9982E-05 0.00702717 0.765567 0.0440174 0.183188 9.9982E-05
0.0631305 9.9982E-05 0.292258 9.9982E-05 0.323509 0.320903
0.0400333 9.9982E-05 0.156676 9.9982E-05 0.789577 0.0135132
0.060798 0.0189881 9.9982E-05 9.9982E-05 0.872899 0.0471144
0.00542977 0.00356583 0.270111 9.9991E-05 0.681727 0.039066
0.0440096 0.00385652 0.223673 0.080856 0.434749 0.212856
0.0160753 0.0287136 0.13244 0.0581954 0.764475 9.9991E-05
0.204131 0.0235211 9.9982E-05 9.9982E-05 0.632476 0.139672
0.090651 9.9991E-05 0.71299 0.00129853 0.110511 0.0844489
0.158069 9.9973E-05 0.017952 9.9973E-05 9.9973E-05 0.823679
0.0379179 9.9973E-05 0.0927477 9.9973E-05 9.9973E-05 0.869034
9.9973E-05 0.0303833 9.9973E-05 9.9973E-05 0.172341 0.796976
0.00395071 0.00844391 0.0735436 0.0641478 0.124923 0.724991
0.0942924 0.0171618 0.0380805 0.0100559 9.9991E-05 0.840309
0.197954 0.0193085 0.589538 0.0705562 0.122543 9.9991E-05
0.148986 0.0182522 0.732596 9.9982E-05 9.9982E-05 0.0999658
0.0946297 9.9964E-05 9.9964E-05 0.90497 9.9964E-05 9.9964E-05
0.0049671 0.0310112 9.9991E-05 0.772924 0.109023 0.0819749
9.9982E-05 0.0146245 0.143628 0.841239 9.9982E-05 0.000308503
0.293949 9.9982E-05 0.0732073 0.580699 9.9982E-05 0.0519448
9.9982E-05 0.0285864 0.0909694 0.796612 0.0836318 9.9982E-05
9.9982E-05 0.0207851 9.9982E-05 0.761801 0.0582395 0.158974
0.0877887 0.00290168 0.0952945 0.813815 9.9982E-05 9.9982E-05
0.0582394 9.9982E-05 0.0590716 0.774689 9.9982E-05 0.1078
0.0459229 9.9991E-05 0.0780532 0.796969 0.0100794 0.0688758
0.0103509 0.00188395 0.12469 0.819757 9.9991E-05 0.043218
0.0408352 0.0326697 0.0691756 0.774881 0.0823388 9.9991E-05
9.9982E-05 0.0479887 0.0850284 0.745641 0.121142 9.9982E-05
9.9991E-05 0.0139719 0.116325 0.762211 0.084664 0.0227281
9.9991E-05 0.0106105 0.000615856 0.834265 0.0705103 0.0838984
0.0861365 0.0191478 0.125534 0.768982 9.9982E-05 9.9982E-05
9.9973E-05 0.0216012 0.158597 0.819502 9.9973E-05 9.9973E-05
9.9982E-05 0.0148326 0.0681478 0.835379 9.9982E-05 0.0814406
0.835638 9.9982E-05 0.0359215 0.0723124 0.0559285 9.9982E-05
0.85114 0.00157474 0.0821182 9.9982E-05 0.064967 9.9982E-05
0.0564134 9.9973E-05 0.120129 0.823157 9.9973E-05 9.9973E-05
0.0635261 0.0125284 0.202788 0.64563 0.0232543 0.0522731
0.271582 0.0181302 9.9973E-05 0.709987 9.9973E-05 9.9973E-05
0.737184 9.9982E-05 0.119796 0.0716239 0.0711953 9.9982E-05
0.108075 0.0187836 0.829165 9.9982E-05 0.043777 9.9982E-05
9.9991E-05 0.0217227 0.668256 0.00956922 0.0976221 0.20273
0.234875 9.9973E-05 0.282551 9.9973E-05 9.9973E-05 0.482273
0.071177 9.9982E-05 0.0736847 9.9982E-05 0.332119 0.522819
0.0610926 9.9982E-05 9.9982E-05 0.0433367 0.118881 0.77649
0.0240001 9.9982E-05 9.9982E-05 0.031964 0.184002 0.759834
0.0167318 0.0167807 0.027291 9.9991E-05 0.230646 0.70845
0.0440338 0.0308296 9.9991E-05 0.0376028 0.21065 0.676784
0.117654 0.0398634 9.9991E-05 0.0648975 0.110787 0.666698
9.9982E-05 0.0745466 0.146541 0.0696063 9.9982E-05 0.709106
0.113631 9.9982E-05 0.738746 0.00681821 9.9982E-05 0.140604
0.164451 0.0498151 0.758191 0.0230302 9.9991E-05 0.00441219
0.186578 0.0391469 0.704952 0.00680906 0.0624144 9.9991E-05
0.241166 9.99641E-05 0.758434 9.99641E-05 9.99641E-05 9.99641E-05
0.1695 0.00914007 0.70547 9.9982E-05 0.11569 9.9982E-05
0.376042 9.9982E-05 0.577035 9.9982E-05 0.0190831 0.0276402
0.116485 0.00504989 0.209817 9.9991E-05 0.569 0.0995486
0.106649 0.00208893 9.9991E-05 0.0273392 0.780646 0.0831773
9.9973E-05 0.0352134 9.9973E-05 9.9973E-05 0.959883 0.00460417
9.9991E-05 0.00300785 0.143998 0.0713496 0.755818 0.0257263
9.9991E-05 0.0201629 0.035455 0.0343084 0.863665 0.0463091
9.9991E-05 0.151459 0.000496361 0.109316 0.193595 0.545033
0.158806 0.0227511 9.9991E-05 0.705954 0.0975822 0.0148061
0.0557097 0.0438968 0.0290559 0.753334 9.9991E-05 0.117903
0.0611176 9.9982E-05 9.9982E-05 0.802708 0.087437 0.0485372
0.121069 9.9982E-05 0.0789735 0.694244 0.105514 9.9982E-05
9.9982E-05 0.0212749 0.133005 0.765205 9.9982E-05 0.080315
0.1354 0.0308952 9.9991E-05 0.0725968 0.547437 0.213571
0.00752755 0.0249805 0.275055 0.0435604 0.447704 0.201173
9.9973E-05 0.0386386 0.0245818 9.9973E-05 0.93648 9.9973E-05
0.169388 0.0393024 0.301498 9.9991E-05 0.244326 0.245387
