0.799662 0.0263969 0.0109714 0.162969
0.827282 0.028589 9.9991E-05 0.144029
0.682067 0.0243041 0.029469 0.26416
0.927313 0.0235861 0.00275867 0.0463422
0.898363 0.00283403 0.0382177 0.0605857
0.9071 0.0137369 0.0521241 0.0270385
0.837684 0.00474152 0.030809 0.126765
0.935005 0.0542319 9.9991E-05 0.0106629
0.679685 0.0352586 0.0770534 0.208003
0.643651 0.0392597 0.0240636 0.293026
0.654695 0.0597136 0.180914 0.104677
0.675134 0.00833924 0.0309252 0.285601
0.565371 0.0701098 0.316226 0.0482939
0.580787 9.9991E-05 0.0898055 0.329308
0.627225 0.0553767 0.0339983 0.2834
0.807536 0.00717319 9.9991E-05 0.185191
0.694951 9.9982E-05 9.9982E-05 0.304849
0.884691 0.0121724 9.9991E-05 0.103036
0.133903 0.0827256 0.177469 0.605902
0.183805 9.9991E-05 0.0204715 0.795624
0.210594 0.0176865 9.9991E-05 0.771619
0.071234 0.0258715 0.0702934 0.832601
9.9991E-05 0.0453731 0.0211385 0.933388
0.10127 0.037473 0.0247825 0.836474
0.260264 9.9991E-05 0.00169093 0.737945
0.0192278 0.017166 9.9991E-05 0.963506
9.9991E-05 0.0324922 0.0497664 0.917641
9.9991E-05 0.0363251 0.0671591 0.896416
9.998E-05 9.998E-05 9.998E-05 0.9997
0.0361521 9.9991E-05 0.0718572 0.891891
9.9991E-05 0.0165539 0.0465543 0.936792
0.0204344 0.0230714 0.0891869 0.867307
0.0235271 0.0667155 9.9991E-05 0.909657
0.66596 0.0815257 9.9991E-05 0.252414
0.602851 0.00455553 0.0120901 0.380503
0.747062 9.9991E-05 0.080611 0.172227
0.831671 0.0217164 0.036477 0.110135
0.690619 0.0261808 0.134756 0.148444
9.998E-05 0.9997 9.998E-05 9.998E-05
0.0333096 0.0472877 0.09085 0.828553
0.693749 0.0209737 0.0857191 0.199559
0.816381 0.00687966 9.9991E-05 0.17664
0.425347 0.0146742 0.203765 0.356214
0.477573 0.0755067 0.321364 0.125556
0.571167 0.0246475 0.277707 0.126478
9.998E-05 0.9997 9.998E-05 9.998E-05
0.577507 0.0772614 0.0622287 0.283003
0.60425 9.9991E-05 0.250232 0.145418
0.438952 0.0227035 0.147725 0.39062
0.124412 0.0311903 0.844298 9.9991E-05
0.0623261 0.0447951 0.892779 9.9991E-05
0.0699684 9.9991E-05 0.878468 0.0514641
0.132238 0.0709806 0.796682 9.9991E-05
0.000175717 0.0705484 0.860018 0.069258
9.9982E-05 9.9982E-05 0.912767 0.0870325
0.212087 9.9982E-05 0.787713 9.9982E-05
0.0699982 0.0136624 0.839331 0.0770081
9.9991E-05 0.0325671 0.906451 0.0608818
0.0900061 0.0450141 0.86488 9.9991E-05
0.247334 0.0370781 0.715488 9.9991E-05
9.9982E-05 9.9982E-05 0.905804 0.0939963
0.0699762 9.9991E-05 0.793786 0.136137
0.36427 0.0870042 0.548626 9.9991E-05
0.157552 0.0184964 0.0303911 0.793561
0.122456 0.0271165 0.0369916 0.813436
0.083257 0.00255677 9.9991E-05 0.914086
0.126698 0.034378 0.767888 0.0710357
0.242654 0.0835132 0.673733 9.9991E-05
0.034347 0.0342601 0.848853 0.0825394
0.0728009 0.056971 0.838263 0.0319646
9.9991E-05 0.0397669 0.906782 0.0533511
0.656725 0.027653 0.315522 9.9991E-05
0.604187 0.0158655 0.330596 0.0493509
0.543463 9.9991E-05 0.347296 0.109142
0.585752 0.0501773 0.328833 0.0352375
0.504587 0.0390913 0.233861 0.222461
0.533094 0.0549485 0.320606 0.0913509
0.688581 0.0184069 0.246035 0.0469767
0.252959 9.9982E-05 0.746841 9.9982E-05
0.206921 0.155067 0.581709 0.0563028
0.0077097 0.0181066 0.840479 0.133704
9.9991E-05 0.0555614 0.845788 0.0985508
0.183342 0.0486478 0.76791 9.9991E-05
0.124818 0.0270347 0.0772769 0.770871
0.321964 9.9991E-05 0.463353 0.214583
0.593382 9.9982E-05 0.406418 9.9982E-05
9.998E-05 0.9997 9.998E-05 9.998E-05
0.762698 0.00929261 9.9991E-05 0.22791
0.745282 0.0148456 9.9991E-05 0.239773
0.735448 0.0431568 0.0189536 0.202442
0.5348 0.0424139 0.145348 0.277439
0.892263 9.9991E-05 0.0279375 0.0796999
0.486271 9.9991E-05 0.431939 0.0816898
0.306033 0.0465256 0.0424765 0.604965
0.50104 0.085174 0.413686 9.9991E-05
0.50162 0.0188621 0.177779 0.301739
0.701118 0.0113931 9.9991E-05 0.287388
0.885058 0.00177296 9.9991E-05 0.113069
0.761279 9.9991E-05 0.0144466 0.224175
0.817877 0.0176202 0.0847225 0.0797806
0.878395 0.0323559 0.0170701 0.0721786
0.848283 0.0125566 9.9991E-05 0.139061
0.526775 0.0386111 0.39035 0.0442641
0.405065 0.0822581 0.366407 0.146269
0.407552 0.0994508 0.424066 0.0689311
0.61697 0.0258056 0.0968847 0.26034
0.587151 9.9991E-05 0.227298 0.185451
0.420518 9.9991E-05 0.0563769 0.523006
0.137843 0.0159281 0.828505 0.0177237
0.0199418 0.0301594 0.859539 0.0903602
0.458446 9.9991E-05 0.360952 0.180503
0.509202 0.0266042 0.330881 0.133312
0.342065 0.0497901 0.296268 0.311877
0.110426 9.9991E-05 0.0255071 0.863967
0.00501971 0.0588204 0.783707 0.152453
0.154048 9.9991E-05 0.825485 0.0203674
0.363791 9.9982E-05 0.63601 9.9982E-05
0.349067 0.0684421 0.0403579 0.542133
0.66077 0.0204979 0.0197214 0.29901
0.839605 0.0295152 0.0539446 0.0769351
0.839333 9.9991E-05 0.0752294 0.085338
0.523535 9.9982E-05 9.9982E-05 0.476265
0.682547 0.0370045 9.9991E-05 0.280349
0.801784 9.9991E-05 0.0117601 0.186356
0.920924 0.00577394 0.0120563 0.0612457
0.533505 9.9991E-05 0.0168277 0.449568
0.838095 0.00949648 9.9991E-05 0.152309
0.747131 0.0432114 9.9991E-05 0.209558
0.805239 0.0190246 9.9991E-05 0.175636
0.550601 0.00368285 0.113079 0.332638
0.802888 0.0577856 0.0448296 0.094497
0.64281 0.009319 0.0531234 0.294747
0.838261 0.00225449 0.0327845 0.1267
0.06079 9.9991E-05 0.0420172 0.897093
0.0366356 9.9982E-05 9.9982E-05 0.963164
9.9982E-05 0.041596 9.9982E-05 0.958204
0.103182 9.9991E-05 0.0791315 0.817586
0.0817417 9.9991E-05 0.0611788 0.856979
0.867855 0.0277688 0.104276 9.9991E-05
0.785087 0.0344345 9.9991E-05 0.180379
9.998E-05 9.998E-05 0.9997 9.998E-05
9.9991E-05 0.0331406 0.890309 0.0764503
0.0618012 0.0105112 0.927588 9.9991E-05
0.108583 9.9991E-05 0.780735 0.110582
0.0472496 0.0284521 0.924198 9.9991E-05
9.9991E-05 0.0101354 0.858602 0.131163
9.9991E-05 0.0367394 0.959726 0.00343414
9.9991E-05 0.00990214 0.922698 0.0672999
9.9982E-05 9.9982E-05 0.929213 0.0705868
9.9991E-05 0.0178815 0.921733 0.0602855
0.0620035 0.0414183 0.896478 9.9991E-05
0.028832 0.0385708 0.828935 0.103662
0.122071 0.0280024 0.84793 0.00199686
9.9991E-05 0.0100556 0.937632 0.0522122
0.0386361 0.0128095 0.948454 9.9991E-05
0.0546852 0.0209716 0.924243 9.9991E-05
0.000568211 0.0168261 0.891081 0.0915244
0.51828 0.0249368 0.378281 0.0785017
0.702927 0.0192946 0.228802 0.0489756
0.0863499 9.9982E-05 0.91345 9.9982E-05
0.238941 0.0237648 0.736524 0.000770458
9.9991E-05 0.0298142 0.967244 0.00284181
0.653954 0.00613492 0.329114 0.0107969
0.926626 0.0355216 9.9991E-05 0.0377524
0.678647 0.0344194 9.9991E-05 0.286833
0.448304 9.9991E-05 0.0653714 0.486225
0.34925 9.9982E-05 9.9982E-05 0.65055
0.109781 9.9991E-05 0.0373561 0.852763
0.0701103 0.00880961 0.0386765 0.882404
0.190212 0.00852398 9.9991E-05 0.801164
0.126712 0.0341533 0.0392211 0.799913
0.0625974 0.0474036 0.0988442 0.791155
0.00749046 0.0480376 0.0536688 0.890803
0.774983 0.0342019 9.9991E-05 0.190715
0.790364 0.0866084 0.045408 0.0776191
0.89867 0.0464434 0.054787 9.9991E-05
0.98937 9.9982E-05 0.0104298 9.9982E-05
0.983622 0.0161779 9.9982E-05 9.9982E-05
0.877671 9.9991E-05 0.0766869 0.0455421
0.685191 0.0179373 9.9991E-05 0.296771
0.700038 0.0353002 0.0363488 0.228313
0.782613 0.0554465 0.0144315 0.147509
0.686652 0.0160287 0.067351 0.229968
0.835777 0.0262074 0.022997 0.115018
0.116688 0.161496 0.0539442 0.667871
0.118515 0.0138449 0.854106 0.0135346
9.9991E-05 0.0445659 0.86188 0.0934539
0.00385051 0.00740631 0.941795 0.0469483
0.187045 0.0224869 0.777429 0.0130385
9.9991E-05 0.0381852 0.864656 0.097059
0.519392 0.031166 0.140229 0.309213
0.641689 0.0227453 0.0137154 0.32185
0.757224 0.0753876 9.9991E-05 0.167289
0.581655 0.0348778 0.0300442 0.353423
