0.018715 0.674639 0.0104415 0.126347 9.9991E-05 0.0352972 0.13446
0.041609 0.811485 9.9973E-05 9.9973E-05 0.0185266 0.12808 9.9973E-05
0.0479203 0.414645 0.190585 0.0537438 9.9991E-05 0.0412259 0.25178
9.9982E-05 0.515874 0.0187623 9.9982E-05 0.0421823 0.0514243 0.371558
9.9964E-05 0.653078 9.9964E-05 0.119773 9.9964E-05 9.9964E-05 0.226749
9.9964E-05 0.628788 9.9964E-05 0.14268 9.9964E-05 9.9964E-05 0.228133
9.9982E-05 0.508177 0.00900137 0.127191 9.9982E-05 0.125851 0.229579
0.0563718 0.5006 9.9973E-05 9.9973E-05 9.9973E-05 0.130713 0.312015
9.9973E-05 0.712018 0.105571 0.0520753 0.130035 9.9973E-05 9.9973E-05
0.039994 0.512127 0.125805 0.0220237 9.9991E-05 0.241758 0.0581923
0.0230872 0.330325 0.0413508 9.9991E-05 0.132662 0.315931 0.156544
0.0278203 0.539534 0.169782 0.00622184 0.0598432 0.148752 0.0480458
0.046889 0.0825763 0.0776651 0.0217322 0.083907 0.658903 0.028327
9.9973E-05 0.552942 0.12062 9.9973E-05 0.155992 0.170146 9.9973E-05
0.0526548 0.552046 0.0686841 0.151269 9.9982E-05 9.9982E-05 0.175146
0.0166248 0.639219 0.00624183 9.9982E-05 9.9982E-05 0.255479 0.0822354
9.9973E-05 0.489822 0.215537 0.0382161 9.9973E-05 9.9973E-05 0.256124
0.0351106 0.945202 9.9964E-05 9.9964E-05 0.0192874 9.9964E-05 9.9964E-05
0.0580707 0.161616 0.50195 0.0359176 0.187274 0.0484096 0.00676106
9.9973E-05 0.201224 0.627719 0.0306194 9.9973E-05 0.140138 9.9973E-05
0.0143128 0.164677 0.658889 9.9991E-05 0.0362225 0.0459946 0.0798042
0.00440102 0.0788875 0.764831 0.0211748 9.9982E-05 0.130506 9.9982E-05
0.0585979 9.9973E-05 0.850642 9.9973E-05 0.0300292 0.0604314 9.9973E-05
0.0341978 0.184266 0.653405 9.9973E-05 0.127831 9.9973E-05 9.9973E-05
9.9982E-05 0.0276736 0.685803 0.00692153 9.9982E-05 0.0833078 0.196094
9.9964E-05 0.0413582 0.843279 9.9964E-05 9.9964E-05 9.9964E-05 0.114963
0.0293757 9.99834E-05 0.846562 9.99834E-05 0.0864705 0.0280234 0.00936851
0.0287091 0.0793044 0.766556 9.9982E-05 0.0856264 0.0396037 9.9982E-05
9.9973E-05 0.110612 0.844819 0.0252317 0.0190379 9.9973E-05 9.9973E-05
9.9973E-05 9.9973E-05 0.79827 0.0413833 0.0412332 9.9973E-05 0.118814
0.0110048 0.0721064 0.854918 0.0236792 0.0380917 9.9982E-05 9.9982E-05
0.0427588 0.0287372 0.831023 9.9982E-05 0.0970738 9.9982E-05 0.000207829
0.0654422 0.061535 0.721683 9.9991E-05 0.040724 0.0660083 0.0445073
0.0495724 0.355476 0.119264 9.9991E-05 0.0625718 0.251803 0.161213
9.9973E-05 0.575435 0.18636 0.096092 9.9973E-05 9.9973E-05 0.141813
9.9973E-05 0.0703097 0.106609 0.107268 9.9973E-05 9.9973E-05 0.715513
0.0321427 0.197767 0.0337024 0.0155083 9.9991E-05 0.109228 0.611552
0.00409102 0.333102 0.112406 9.9991E-05 0.163727 0.0898608 0.296714
0.9994 9.995E-05 9.995E-05 9.995E-05 9.995E-05 9.995E-05 9.995E-05
0.0351474 9.9982E-05 0.700353 9.9982E-05 0.0151566 0.237076 0.0120673
9.9964E-05 0.751381 9.9964E-05 0.178482 9.9964E-05 9.9964E-05 0.0697374
9.9982E-05 0.641812 0.0846669 9.9982E-05 0.0391541 0.180815 0.0533526
0.00775855 0.333276 0.256329 0.150958 0.0119479 0.23963 9.9991E-05
0.0377628 0.167339 0.0196492 9.9982E-05 0.215958 0.55909 9.9982E-05
0.00702332 9.9973E-05 9.9973E-05 0.0299538 9.9973E-05 0.852447 0.110276
0.9994 9.995E-05 9.995E-05 9.995E-05 9.995E-05 9.995E-05 9.995E-05
0.0788945 0.259535 0.16089 9.9991E-05 0.0608374 0.240654 0.19909
9.999E-05 0.209412 0.0649551 0.0888497 0.0472037 0.360684 0.228795
0.0420367 0.356018 0.25228 0.0734455 9.9991E-05 0.249636 0.0264837
0.00427226 9.9973E-05 9.9973E-05 0.54577 0.179599 0.27006 9.9973E-05
0.0472457 9.9973E-05 9.9973E-05 0.315516 0.508081 0.128858 9.9973E-05
9.9973E-05 0.0332355 9.9973E-05 0.326389 0.535075 9.9973E-05 0.105001
0.0348159 0.00222956 9.9991E-05 0.558224 0.231402 0.0947853 0.0784426
0.0578017 9.9982E-05 0.0271093 0.272336 0.625206 9.9982E-05 0.0173467
9.9982E-05 0.0254927 0.0303377 0.152148 0.775544 9.9982E-05 0.0162786
9.9955E-05 0.170364 9.9955E-05 9.9955E-05 0.829136 9.9955E-05 9.9955E-05
9.9973E-05 0.0436456 9.9973E-05 0.0745584 0.814731 0.066765 9.9973E-05
0.000567478 9.9964E-05 0.0586252 0.940407 9.9964E-05 9.9964E-05 9.9964E-05
0.0508784 0.116747 9.9973E-05 0.328316 0.503759 9.9973E-05 9.9973E-05
0.040131 0.0377577 9.9991E-05 0.432677 0.213898 0.219814 0.0556217
9.9964E-05 9.9964E-05 0.0546616 0.936325 9.9964E-05 0.00861337 9.9964E-05
0.00368406 0.0756099 0.0691856 0.189459 0.580047 0.0819142 9.9991E-05
0.0627726 0.0275507 9.9982E-05 0.165656 0.194853 0.548968 9.9982E-05
0.0132925 0.130599 0.705156 0.0597591 0.0373048 9.9991E-05 0.0537891
0.0337618 0.190455 0.665407 0.0435248 0.0121006 0.0546501 9.9991E-05
0.0085996 0.116129 0.750507 0.00862782 9.9982E-05 9.9982E-05 0.115937
0.00471369 0.0329103 0.0078001 9.9991E-05 0.804513 0.0435895 0.106373
0.0672921 9.9982E-05 9.9982E-05 0.392251 0.13181 0.343429 0.0650183
0.0175501 9.9991E-05 0.0180537 0.0418485 0.791533 0.125111 0.00580388
0.0521315 9.9973E-05 9.9973E-05 0.126003 0.646759 0.174807 9.9973E-05
0.0425182 0.0525032 9.9982E-05 0.808377 0.0609884 9.9982E-05 0.0354129
9.9973E-05 0.223929 9.9973E-05 0.0294227 0.122449 0.6239 9.9973E-05
9.9973E-05 0.149543 9.9973E-05 0.0581254 0.046333 0.745698 9.9973E-05
9.9964E-05 9.9964E-05 9.9964E-05 0.173996 9.9964E-05 0.592168 0.233436
0.0100796 9.9964E-05 9.9964E-05 9.9964E-05 0.0250762 0.964444 9.9964E-05
0.0281865 9.9982E-05 0.0858706 0.0486049 9.9982E-05 0.771655 0.0654835
0.0313477 9.9964E-05 9.9964E-05 9.9964E-05 0.00776462 0.960488 9.9964E-05
0.0292163 9.9982E-05 0.0411084 9.9982E-05 0.173691 0.594848 0.160936
9.9982E-05 0.0483325 9.9982E-05 0.0646416 0.706899 0.144775 0.0351518
0.0935846 0.0428036 0.0123058 0.472585 0.0296936 0.238237 0.110791
9.9982E-05 9.9982E-05 0.0724635 0.377521 0.422863 0.0947386 0.0322143
0.0522772 9.9982E-05 0.0473336 0.306373 0.505546 0.0882699 9.9982E-05
0.0369315 0.113603 9.9991E-05 0.217789 0.566246 0.00037458 0.0649564
0.0110719 0.0753252 0.651009 0.0252304 0.00726706 0.229997 9.9991E-05
9.9982E-05 0.087144 0.152193 0.321648 9.9982E-05 0.392697 0.0461173
9.9964E-05 0.0151235 9.9964E-05 9.9964E-05 0.17953 0.804946 9.9964E-05
0.9994 9.995E-05 9.995E-05 9.995E-05 9.995E-05 9.995E-05 9.995E-05
9.9982E-05 0.579492 0.140127 0.0182617 9.9982E-05 0.100825 0.161094
0.0382484 0.715164 0.0739264 9.9982E-05 9.9982E-05 0.134497 0.0379645
0.047772 0.489261 0.0819982 0.000145538 9.9991E-05 0.212644 0.168079
0.0534382 0.45419 0.149424 0.0443727 0.101074 0.197254 0.000247738
9.9982E-05 0.449005 0.00384249 0.0550407 9.9982E-05 0.0110897 0.480822
9.9964E-05 9.9964E-05 9.9964E-05 0.265901 9.9964E-05 0.565259 0.16844
0.0508302 0.0401048 0.526001 9.9991E-05 0.105485 0.187576 0.0899032
0.0774154 0.0550782 9.9982E-05 0.0809171 0.0842318 0.702157 9.9982E-05
0.0224984 0.0499662 0.266679 9.9991E-05 0.0916238 0.245929 0.323204
0.0123163 0.889166 0.065087 9.9973E-05 0.0331307 9.9973E-05 9.9973E-05
9.9982E-05 0.30931 0.093164 9.9982E-05 0.0376247 0.0719741 0.487727
9.9982E-05 0.527473 0.106673 9.9982E-05 0.0110491 0.313306 0.0412981
0.0191734 0.485658 9.9991E-05 0.0270028 0.0291666 0.24268 0.19622
9.9964E-05 9.9964E-05 0.0565312 9.9964E-05 9.9964E-05 0.0585865 0.884482
0.00998088 0.735632 0.0223095 9.9982E-05 0.00779263 0.224085 9.9982E-05
0.0168791 0.00113738 0.0324576 0.124526 0.146094 0.536372 0.142533
0.0329102 0.0308896 0.0893853 0.170994 9.9991E-05 0.612946 0.0627756
0.0606669 9.9982E-05 9.9982E-05 0.13356 0.106879 0.57232 0.126374
9.9973E-05 0.180758 0.20439 9.9973E-05 9.9973E-05 0.573019 0.0415325
9.9973E-05 0.303888 0.135458 9.9973E-05 0.144928 0.415425 9.9973E-05
9.9973E-05 0.301929 0.367002 9.9973E-05 0.107082 9.9973E-05 0.223688
0.0110576 9.9982E-05 0.00537359 0.306371 0.502771 9.9982E-05 0.174227
0.00568469 9.9973E-05 9.9973E-05 0.476396 0.27968 0.23794 9.9973E-05
9.9982E-05 0.093473 0.0618581 0.0215002 0.177468 0.645501 9.9982E-05
0.0211466 0.177695 0.104553 0.1296 0.0753166 0.491589 9.9991E-05
0.0588505 0.0719656 0.179376 0.0456776 0.141195 0.502836 9.99942E-05
9.9973E-05 9.9973E-05 0.697427 0.0237661 9.9973E-05 0.224283 0.0542238
0.0464407 9.9982E-05 0.022515 0.171587 0.552488 0.206769 9.9982E-05
9.9973E-05 9.9973E-05 0.0300587 0.177329 0.541269 0.251043 9.9973E-05
9.9982E-05 0.0490112 9.9982E-05 0.264402 0.231307 0.339291 0.115789
0.0561008 0.153265 0.432704 0.0706468 9.9991E-05 0.049608 0.237576
9.9973E-05 0.684795 0.10039 0.170507 9.9973E-05 9.9973E-05 0.0440088
0.0347628 0.527745 9.9991E-05 0.025572 0.00258171 0.174231 0.235007
9.9982E-05 0.603867 0.0103352 9.9982E-05 0.169186 0.000799451 0.215612
9.9982E-05 0.504399 0.305856 0.0437588 9.9982E-05 0.0209163 0.12487
9.9991E-05 0.604074 0.0903019 0.000366316 0.0342372 0.0827805 0.18814
9.9973E-05 0.727821 0.0517101 9.9973E-05 0.103852 9.9973E-05 0.116317
0.00764258 0.848904 9.9973E-05 0.104822 9.9973E-05 9.9973E-05 0.0383323
9.9973E-05 0.289593 0.371845 9.9973E-05 0.118119 9.9973E-05 0.220143
9.9973E-05 0.812062 0.0384244 0.0394368 9.9973E-05 0.109777 9.9973E-05
0.028019 0.725592 0.0931088 0.0251352 9.9982E-05 0.127945 9.9982E-05
0.0199385 0.580221 0.0548847 9.9991E-05 0.0160096 0.202324 0.126523
0.00683945 0.540528 0.218265 0.0344587 0.0885683 0.100323 0.0110172
0.032197 0.779022 9.9982E-05 9.9982E-05 0.0972708 0.0872694 0.00404111
0.0101053 0.432071 0.190553 9.9991E-05 0.0444928 0.28757 0.0351079
0.0123376 0.798734 9.9982E-05 9.9982E-05 0.0589132 0.0978211 0.0319946
9.9964E-05 9.9964E-05 0.709632 9.9964E-05 9.9964E-05 0.115214 0.174755
9.9955E-05 9.9955E-05 0.909493 9.9955E-05 9.9955E-05 9.9955E-05 0.0900076
0.0497478 0.0395298 0.843991 9.9973E-05 9.9973E-05 9.9973E-05 0.0664318
0.00822423 0.117646 0.710669 9.9982E-05 0.131191 0.0320694 9.9982E-05
0.0225391 0.0825192 0.746002 9.9982E-05 0.0647738 0.0839662 9.9982E-05
9.9982E-05 0.473181 9.9982E-05 0.0211698 0.0846628 0.186552 0.234234
0.0303134 9.9973E-05 0.153666 9.9973E-05 9.9973E-05 0.0301411 0.785579
9.9964E-05 9.9964E-05 9.9964E-05 0.783816 0.169685 0.0460998 9.9964E-05
0.0320609 0.0624847 9.9973E-05 0.114464 0.79069 9.9973E-05 9.9973E-05
0.00400044 0.058 9.9982E-05 0.307511 0.617612 9.9982E-05 0.0126766
9.9991E-05 0.0894693 0.00102039 0.24274 0.457004 0.198378 0.0112882
9.9964E-05 0.0945731 9.9964E-05 0.79361 0.111417 9.9964E-05 9.9964E-05
9.9973E-05 0.0361659 0.102427 0.756798 0.104309 9.9973E-05 9.9973E-05
0.000217513 0.0425149 9.9973E-05 0.598846 0.358122 9.9973E-05 9.9973E-05
9.9964E-05 9.9964E-05 9.9964E-05 0.153522 0.724538 0.12154 9.9964E-05
9.9973E-05 9.9973E-05 0.0426728 0.117257 0.782632 0.0571381 9.9973E-05
0.0250974 9.9982E-05 0.0545688 0.136738 0.770272 0.013124 9.9982E-05
0.0133661 9.9982E-05 9.9982E-05 0.242148 0.590557 0.0646302 0.0890983
0.0362921 0.0317406 0.0582521 0.461326 0.325448 0.0868418 9.9991E-05
0.0206044 0.0890245 0.0383086 0.125818 0.726044 9.9982E-05 9.9982E-05
0.00397115 9.9982E-05 0.0245761 0.440766 0.477529 9.9982E-05 0.0529574
9.9973E-05 9.9973E-05 9.9973E-05 0.307301 0.572896 0.0170324 0.102471
9.9964E-05 0.0371133 9.9964E-05 0.942182 9.9964E-05 9.9964E-05 0.0203051
9.9973E-05 9.9973E-05 0.0147748 0.2262 0.708298 9.9973E-05 0.0504279
9.9982E-05 0.0555035 0.0533413 9.9982E-05 0.173608 0.696247 0.0211
9.9964E-05 0.107547 9.9964E-05 9.9964E-05 9.9964E-05 0.884672 0.00738069
9.9973E-05 9.9973E-05 9.9973E-05 0.425373 0.475423 0.030279 0.0686247
0.0190209 0.00790346 0.0292051 0.159958 0.584996 9.9991E-05 0.198817
9.9955E-05 9.9955E-05 9.9955E-05 0.906297 9.9955E-05 0.0932032 9.9955E-05
0.012351 0.099216 9.9982E-05 0.138306 9.9982E-05 0.636922 0.113005
0.00558019 0.652313 9.9982E-05 0.0576045 9.9982E-05 0.0198023 0.2645
0.0213193 0.748119 0.0850135 0.0398581 9.9982E-05 9.9982E-05 0.10549
9.9982E-05 0.312722 0.397316 0.0848065 9.9982E-05 0.187146 0.0178095
9.9964E-05 0.377437 0.500117 9.9964E-05 9.9964E-05 0.122047 9.9964E-05
9.9964E-05 9.9964E-05 0.702733 9.9964E-05 9.9964E-05 0.187658 0.109209
9.9982E-05 0.145933 0.741459 0.040845 0.0169324 0.0546313 9.9982E-05
0.0379176 0.183802 0.673816 0.00759191 9.9991E-05 0.07249 0.0242822
0.0224004 0.0135566 0.70403 0.00496924 9.9991E-05 0.163995 0.0909492
0.0240363 0.00442723 0.698653 0.0829564 9.9982E-05 0.189727 9.9982E-05
0.0640229 0.155751 0.630341 9.9973E-05 0.149585 9.9973E-05 9.9973E-05
0.00751936 0.569953 0.0630463 0.0334019 9.9991E-05 0.108513 0.217466
0.046237 0.393091 0.0220371 0.0957968 9.9982E-05 9.9982E-05 0.442638
0.0258469 9.9964E-05 9.9964E-05 0.0171325 9.9964E-05 9.9964E-05 0.956621
9.995E-05 9.995E-05 9.995E-05 9.995E-05 9.995E-05 9.995E-05 0.9994
0.000831415 9.99549E-05 9.99549E-05 9.99549E-05 9.99549E-05 9.99549E-05 0.998669
9.9964E-05 9.9964E-05 9.9964E-05 9.9964E-05 0.0351592 0.154191 0.81025
0.0189943 0.480049 0.133661 9.9982E-05 9.9982E-05 0.20867 0.158425
0.00889771 0.654867 0.0475805 0.0492111 9.9982E-05 0.239244 9.9982E-05
0.0392583 0.652426 9.9973E-05 9.9973E-05 0.0714472 0.236568 9.9973E-05
0.0200625 0.402797 0.107001 9.9991E-05 0.109263 0.0537539 0.307022
0.0226544 0.42292 0.0839361 9.9991E-05 0.132389 0.0291339 0.308866
0.144237 0.111061 0.578027 9.9991E-05 0.118915 0.0399837 0.00767527
0.0391905 9.9991E-05 0.025997 0.503955 0.278177 0.125664 0.0269169
0.0285008 9.9982E-05 0.0425113 0.200402 0.674114 9.9982E-05 0.0542718
0.00698197 9.9973E-05 9.9973E-05 0.0035568 0.955392 0.0337694 9.9973E-05
0.0179929 0.0498967 9.9991E-05 0.114837 0.690466 0.0599523 0.066755
0.00287555 9.9982E-05 0.0895628 0.519979 0.318503 9.9982E-05 0.0688797
0.0234441 0.22273 0.227499 9.9991E-05 0.172486 0.0746332 0.279107
0.0239661 0.532161 0.197842 9.9991E-05 0.0396661 0.151285 0.0549794
0.0772264 0.670016 0.0876145 9.9982E-05 0.0368991 9.9982E-05 0.128044
0.0476381 0.475986 0.163992 9.9991E-05 0.0605499 0.202436 0.0492985
