0.966997 0.0329033 9.9991E-05
0.967133 0.0306959 0.00217086
0.950684 0.0162929 0.0330232
0.913557 0.0169334 0.0695094
0.8791 9.9991E-05 0.1208
0.910262 9.9991E-05 0.0896378
0.930827 9.9991E-05 0.0690733
0.928721 0.0638415 0.00743784
0.886317 0.0379606 0.0757221
0.900656 0.0476988 0.051645
0.704743 0.0706553 0.224601
0.858909 0.0522494 0.0888412
0.589896 0.0746484 0.335456
0.868521 0.0136587 0.11782
0.886507 0.0499891 0.0635041
0.956274 0.0195918 0.0241347
0.973636 0.0188228 0.00754156
0.968326 0.0315741 9.9991E-05
0.70895 0.0915212 0.199529
0.97698 0.0229203 9.9991E-05
0.962992 0.036908 9.9991E-05
0.938941 0.0169873 0.0440721
0.921611 0.0782886 9.9991E-05
0.926072 0.0557137 0.0182147
0.970787 9.9991E-05 0.0291126
0.959038 0.0408621 9.9991E-05
0.877206 0.0770066 0.0457879
0.832038 0.0537549 0.114208
0.9998 9.999E-05 9.999E-05
0.921817 0.00392004 0.0742629
0.975782 0.0140751 0.010143
0.929342 0.0507475 0.0199107
0.933102 0.0667975 9.9991E-05
0.845406 0.0969411 0.0576527
0.952475 9.9991E-05 0.0474247
0.921973 0.00163021 0.0763967
0.913189 0.0384555 0.0483555
0.829783 0.0204083 0.149809
9.999E-05 0.9998 9.999E-05
0.902883 0.0376639 0.0594526
0.883405 0.0104726 0.106123
0.9998 9.999E-05 9.999E-05
0.75056 0.0389643 0.210475
0.585944 0.0640007 0.350055
0.626982 0.0265972 0.346421
9.999E-05 0.9998 9.999E-05
0.777775 0.0980184 0.124207
0.752103 9.9991E-05 0.247797
0.789497 0.0468743 0.163628
0.0823189 0.0327822 0.884899
0.00116817 0.0472081 0.951624
0.0273302 0.0173293 0.95534
0.0570072 0.0517919 0.891201
9.9991E-05 0.0801681 0.919732
0.0499623 0.0053751 0.944663
0.169649 9.9991E-05 0.830251
0.0676623 0.0222363 0.910101
9.9991E-05 0.0374626 0.962437
0.0394674 0.0466552 0.913877
0.177481 0.0352999 0.787219
0.0285313 9.9991E-05 0.971369
0.150581 0.00862791 0.840791
0.335586 0.0628425 0.601571
0.947994 0.0394788 0.0125273
0.93005 0.0698504 9.9991E-05
0.96707 0.0328296 9.9991E-05
0.12986 0.00887863 0.861261
0.195838 0.0709039 0.733258
0.10022 0.0237335 0.876047
0.00995157 0.0978212 0.892227
9.9991E-05 0.0699334 0.929967
0.567349 0.0290186 0.403633
0.602349 0.0304716 0.36718
0.572388 0.0117083 0.415904
0.559926 0.0542329 0.385841
0.650698 0.0522897 0.297012
0.566981 0.0475047 0.385514
0.677458 0.0382008 0.284341
0.140208 9.9991E-05 0.859692
0.175434 0.153651 0.670915
0.0797935 0.023337 0.89687
9.9991E-05 0.0714522 0.928448
0.118439 0.0283846 0.853176
0.851284 0.04954 0.0991757
0.499354 0.00253904 0.498107
0.529518 0.00840451 0.462077
9.999E-05 0.9998 9.999E-05
0.976221 0.0236787 9.9991E-05
0.952397 0.0475026 9.9991E-05
0.86838 0.0714911 0.060129
0.787637 0.0491292 0.163234
0.925028 9.9991E-05 0.0748722
0.51776 9.9991E-05 0.48214
0.889061 0.0419979 0.0689408
0.404029 0.107908 0.488063
0.789621 0.041874 0.168506
0.985971 0.0139293 9.9991E-05
0.950704 9.9991E-05 0.049196
0.97253 9.9991E-05 0.0273697
0.837712 0.0306637 0.131624
0.906576 0.0142108 0.0792131
0.993567 0.00633343 9.9991E-05
0.454198 0.0394499 0.506352
0.482943 0.0966888 0.420368
0.440427 0.104122 0.45545
0.795206 0.052194 0.1526
0.720144 9.9991E-05 0.279756
0.930153 9.9991E-05 0.0697469
0.100844 0.0263664 0.87279
0.108832 0.0336816 0.857486
0.60355 9.9991E-05 0.39635
0.63076 0.0250318 0.344208
0.607573 0.0701679 0.322259
0.985083 0.0107594 0.00415732
0.107783 0.0396053 0.852612
0.16188 9.9991E-05 0.83802
0.285821 9.9991E-05 0.714079
0.90799 0.0648677 0.0271422
0.966157 0.0012824 0.032561
0.866127 0.0376393 0.096234
0.908181 9.9991E-05 0.0917194
0.999382 9.9991E-05 0.000518191
0.97443 0.0254705 9.9991E-05
0.959172 0.00277918 0.0380489
0.883011 0.0200633 0.096926
0.948754 9.9991E-05 0.0511464
0.998643 0.00125719 9.9991E-05
0.940224 0.0596761 9.9991E-05
0.9474 0.0243083 0.028292
0.855556 9.9991E-05 0.144344
0.819776 0.0631155 0.117109
0.884509 0.019549 0.095942
0.969584 0.0134087 0.0170074
0.979057 0.0136809 0.00726167
0.9998 9.999E-05 9.999E-05
0.929456 0.0704437 9.9991E-05
0.897374 0.0283444 0.0742811
0.942209 0.0252449 0.0325463
0.801449 0.015222 0.183329
0.956889 0.043011 9.9991E-05
9.999E-05 9.999E-05 0.9998
0.0411888 0.0493653 0.909446
0.0334105 0.0198308 0.946759
0.163787 0.0148905 0.821322
9.9991E-05 0.0464743 0.953426
0.0382062 0.0106924 0.951101
9.9991E-05 0.0430013 0.956899
0.026884 0.00186108 0.971255
0.0625977 0.00101389 0.936388
0.0266591 0.00635324 0.966988
0.0090424 0.0490322 0.941925
0.0861593 0.0459521 0.867889
0.0824192 0.0316553 0.885925
9.9991E-05 0.0131904 0.98671
0.00389575 0.0358999 0.960204
9.9991E-05 0.0514869 0.948413
0.0354254 0.0224547 0.94212
0.536064 9.9991E-05 0.463836
0.697868 0.0216304 0.280502
9.999E-05 9.999E-05 0.9998
0.178135 0.031871 0.789994
9.9991E-05 0.000550006 0.99935
0.602417 9.9991E-05 0.397483
0.971881 0.0145306 0.0135881
0.932648 0.067252 9.9991E-05
0.951366 9.9991E-05 0.0485341
0.990835 0.00643799 0.00272669
0.967488 0.0141858 0.0183265
0.904958 9.9991E-05 0.0949416
0.968661 0.0312395 9.9991E-05
0.919292 0.0334428 0.0472653
0.844261 0.0494099 0.106329
0.849669 0.0791209 0.0712099
0.937081 0.0186555 0.0442633
0.825055 0.0698446 0.1051
0.836949 0.0733429 0.089708
0.87489 0.000905525 0.124204
0.929812 0.0566379 0.0135503
0.869558 9.9991E-05 0.130342
0.963712 0.0331297 0.0031582
0.849631 0.0309281 0.119441
0.885379 0.0502646 0.0643564
0.931257 0.0401647 0.0285779
0.893251 0.0592012 0.0475481
0.761994 0.166435 0.0715708
0.0937356 0.0164249 0.88984
0.0281025 0.0597959 0.912102
0.00577609 0.0124544 0.981769
0.132479 0.0077231 0.859798
0.0858948 0.0359789 0.878126
0.791004 0.0213178 0.187679
0.909654 0.0527008 0.0376457
0.88072 0.104709 0.0145713
0.905452 0.0463775 0.0481707
