9.9982E-05 0.160335 0.0946265 0.638823 9.9982E-05 0.106015
0.0462803 0.0404406 0.355107 0.479119 0.000685727 0.0783677
0.019092 0.0988969 9.9982E-05 0.678898 9.9982E-05 0.202913
0.0271716 0.0866529 0.116292 0.754037 9.9991E-05 0.0157463
9.9973E-05 9.9973E-05 0.220452 0.754572 0.0246755 9.9973E-05
9.999E-05 0.0670195 0.133483 0.74245 0.0563537 0.0005936
9.999E-05 0.0893539 0.23974 0.558686 0.0323747 0.0797456
0.0475693 0.162117 0.156745 0.633369 9.9982E-05 9.9982E-05
0.00216243 9.9991E-05 0.696911 0.155641 0.0652772 0.0799079
0.0131866 0.182601 0.383833 0.256882 9.9991E-05 0.163397
0.0509377 0.424864 0.372306 0.0653821 0.034215 0.0522956
0.0186099 0.133778 0.497659 0.0836343 0.0336746 0.232644
0.0155943 0.766839 0.201042 9.9982E-05 0.0163252 9.9982E-05
9.9982E-05 0.085862 0.726845 9.9982E-05 0.0699342 0.117159
0.0602015 9.9991E-05 0.555727 0.273775 0.0426246 0.0675711
9.9982E-05 0.131952 0.67244 0.142938 9.9982E-05 0.0524704
9.9982E-05 9.9982E-05 0.635656 0.196031 0.00179623 0.166316
0.0350833 9.9982E-05 0.547196 0.41349 9.9982E-05 0.00403055
0.0618171 0.225161 0.0853873 0.0739823 0.0718069 0.481845
9.9982E-05 0.0475729 0.357698 9.9982E-05 0.00578282 0.588746
0.0112333 9.9991E-05 0.186991 0.157212 0.0177304 0.626734
0.000459871 0.120001 9.9991E-05 0.0954167 0.0254843 0.758538
0.0519445 0.0620147 9.9982E-05 0.0299072 9.9982E-05 0.855934
0.0444074 9.9991E-05 0.195338 0.0174851 0.020938 0.721732
9.9982E-05 0.115023 0.116093 0.171011 9.9982E-05 0.597673
0.0113348 9.9973E-05 9.9973E-05 0.133507 9.9973E-05 0.854858
0.0230355 0.0459947 9.9991E-05 0.0307286 0.0665051 0.833636
0.0246043 9.9982E-05 0.108095 9.9982E-05 0.06887 0.798231
9.9973E-05 9.9973E-05 9.9973E-05 0.112343 0.00112014 0.886237
9.9973E-05 9.9973E-05 9.9973E-05 0.155522 0.0996375 0.74454
0.0115604 9.9982E-05 0.0914542 9.9982E-05 0.042413 0.854372
0.0517792 0.0130479 0.180411 9.9991E-05 0.0481423 0.70652
0.0655736 9.9982E-05 0.116342 0.0289306 9.9982E-05 0.788954
0.0776216 0.194 0.266258 0.290404 9.9991E-05 0.171615
9.9982E-05 9.9982E-05 0.210705 0.583017 0.0110067 0.195072
9.9991E-05 0.0829801 0.00402565 0.784967 0.042024 0.0859035
0.0173044 0.173797 9.9982E-05 0.723412 9.9982E-05 0.0852866
0.00451378 0.169995 0.350854 0.273962 0.0787351 0.12194
0.9995 9.996E-05 9.996E-05 9.996E-05 9.996E-05 9.996E-05
0.0529994 0.120628 9.9991E-05 0.0452837 0.0287634 0.752226
9.9982E-05 9.9982E-05 0.050317 0.682248 0.123226 0.144009
9.9982E-05 0.201735 0.460952 0.250044 9.9982E-05 0.0870689
0.00262829 0.286013 0.203239 0.158874 0.120138 0.229107
0.0517362 0.592207 0.143536 9.9991E-05 0.0886897 0.12373
9.9982E-05 0.876019 0.0139227 0.0768601 9.9982E-05 0.0329986
0.9995 9.996E-05 9.996E-05 9.996E-05 9.996E-05 9.996E-05
0.0919236 0.142531 0.190662 0.362492 0.0179073 0.194484
9.9991E-05 0.42733 0.182908 0.194086 0.0620539 0.133523
0.034522 0.193372 0.269073 0.152803 0.0759467 0.274283
0.0211483 0.161989 0.0935742 9.9982E-05 0.723088 9.9982E-05
0.00521077 0.131691 0.112546 9.9982E-05 0.750351 9.9982E-05
9.9973E-05 9.9973E-05 0.0940136 0.114658 0.791029 9.9973E-05
0.0551584 0.133544 0.132875 9.9982E-05 0.678223 9.9982E-05
0.059422 9.9982E-05 0.150174 9.9982E-05 0.785644 0.00455967
9.9973E-05 9.9973E-05 0.128694 9.9973E-05 0.804898 0.0661081
9.9964E-05 9.9964E-05 0.331097 9.9964E-05 0.668503 9.9964E-05
0.00717591 0.00972048 0.24069 9.9982E-05 0.742214 9.9982E-05
0.0642966 9.9973E-05 9.9973E-05 9.9973E-05 0.777151 0.158253
0.0362227 0.0141183 0.130151 0.0421965 0.777212 9.9991E-05
0.0342374 0.0720055 0.156245 0.0971676 0.640244 9.9991E-05
0.00078829 0.157668 9.9982E-05 9.9982E-05 0.766119 0.0752246
0.00769001 0.161728 0.111311 9.9991E-05 0.665355 0.0538166
0.0790393 0.550587 0.0761839 9.9982E-05 0.29399 9.9982E-05
0.00780606 0.0169308 0.0376054 0.143724 0.0659413 0.727993
0.0402248 9.9991E-05 0.0198149 0.175577 0.0214095 0.742874
0.0243687 9.9973E-05 9.9973E-05 0.195585 9.9973E-05 0.779746
0.00732781 0.100715 0.186608 0.0273169 0.67738 0.000652832
0.111426 0.365779 9.9982E-05 0.0535581 0.469037 9.9982E-05
0.00050009 0.158171 9.9991E-05 0.0877246 0.715837 0.0376669
0.05836 0.211755 9.9982E-05 9.9982E-05 0.683028 0.0466571
0.0622273 9.9982E-05 9.9982E-05 0.129226 0.790668 0.0176795
0.00610568 0.527197 0.304013 0.0129243 0.14966 9.9991E-05
9.9973E-05 0.681587 0.27307 9.9973E-05 0.0450427 9.9973E-05
0.00540631 0.723617 0.168303 0.0128726 0.089701 9.9991E-05
0.0247678 0.964125 9.9973E-05 9.9973E-05 9.9973E-05 0.0108077
0.0208813 0.829282 9.9982E-05 0.0857226 9.9982E-05 0.0639138
0.0230343 0.956032 0.0206337 9.9973E-05 9.9973E-05 9.9973E-05
0.0345713 0.679379 0.0148245 0.137055 0.0236731 0.110497
9.9973E-05 0.184528 0.212726 9.9973E-05 0.602447 9.9973E-05
0.125507 0.337428 9.9991E-05 0.182219 0.348678 0.00606804
0.0412495 0.0473027 9.9991E-05 0.119902 0.734259 0.0571876
0.048173 9.9982E-05 0.124268 9.9982E-05 0.772923 0.054436
0.0371719 9.9982E-05 0.256189 0.0147492 0.69169 9.9982E-05
0.0108507 0.0978209 0.262123 9.9991E-05 0.0404181 0.588688
9.9991E-05 0.560422 0.0216995 0.0476434 0.246964 0.123171
9.9973E-05 0.899039 0.0183802 9.9973E-05 0.0822807 9.9973E-05
0.9995 9.996E-05 9.996E-05 9.996E-05 9.996E-05 9.996E-05
9.9982E-05 0.146541 0.133807 0.564688 9.9982E-05 0.154764
0.0325895 9.9982E-05 0.323421 0.522278 9.9982E-05 0.121512
0.0489015 0.151775 0.580569 0.128953 9.9991E-05 0.0897018
0.0489129 0.134718 0.53667 0.0101517 0.0879076 0.18164
9.9982E-05 9.9982E-05 0.253066 0.643522 0.0781978 0.0250138
9.9973E-05 0.84193 9.9973E-05 9.9973E-05 0.131052 0.0267181
0.0458949 0.103558 0.0217045 0.219486 0.0393001 0.570057
0.0946002 0.644234 0.0397906 0.0658064 0.155469 9.9991E-05
0.0328869 0.233214 0.103431 0.306689 0.0826193 0.241159
9.9973E-05 9.9973E-05 0.626964 0.288068 9.9973E-05 0.0846689
9.9982E-05 0.188135 0.148141 0.640927 9.9982E-05 0.0225972
9.9982E-05 0.23554 0.294819 0.360203 9.9982E-05 0.109238
0.00562638 0.0626019 0.666254 0.192114 0.0733042 9.9991E-05
0.015592 0.260713 9.9973E-05 0.723395 9.9973E-05 9.9973E-05
9.9973E-05 0.151375 0.844036 9.9973E-05 9.9973E-05 0.00428947
0.0283922 0.581627 9.9982E-05 0.202317 0.187464 9.9982E-05
0.0540819 0.487919 9.9991E-05 0.187854 0.19026 0.0797854
0.0856488 0.656917 9.9991E-05 0.080902 0.167186 0.00924608
0.0142489 0.476012 0.336472 0.00115535 9.9991E-05 0.172012
9.9982E-05 0.362171 0.40463 9.9982E-05 0.11228 0.12072
9.9982E-05 9.9982E-05 0.348245 0.227442 0.0704279 0.353685
0.022568 9.9973E-05 9.9973E-05 0.264623 0.712509 9.9973E-05
0.0294675 0.20326 0.000273958 0.0592507 0.707648 9.9991E-05
9.9982E-05 0.55609 9.9982E-05 0.125312 0.163882 0.154516
0.0321874 0.367584 0.373893 9.9991E-05 0.131488 0.0947478
0.0529815 0.463986 9.9991E-05 0.13422 0.131919 0.216794
9.9964E-05 0.304894 9.9964E-05 9.9964E-05 9.9964E-05 0.694707
0.0422951 0.254524 9.9982E-05 9.9982E-05 0.61777 0.0852114
9.9982E-05 0.140535 0.13853 9.9982E-05 0.681985 0.0387501
9.9973E-05 0.424019 9.9973E-05 0.131359 0.444322 9.9973E-05
0.0661167 9.9982E-05 9.9982E-05 0.426067 0.0566815 0.450935
9.9982E-05 9.9982E-05 0.278935 0.3958 0.0534441 0.271622
0.0236566 0.0717799 0.14835 0.722256 0.0166756 0.0172821
9.9991E-05 0.0846793 0.0354182 0.790395 0.0515152 0.0378927
9.9973E-05 9.9973E-05 0.284192 0.354302 9.9973E-05 0.361205
0.0261373 0.0408086 0.180306 0.610977 9.9991E-05 0.141671
9.9991E-05 0.00242799 0.188909 0.65721 0.0244235 0.12693
9.9973E-05 9.9973E-05 0.390869 0.551722 0.0571096 9.9973E-05
9.9982E-05 0.113389 0.280412 0.30078 9.9982E-05 0.30522
9.9982E-05 0.0190223 0.838231 0.120832 9.9982E-05 0.021715
0.0433105 0.00474843 0.881141 9.9982E-05 9.9982E-05 0.0705997
0.00902147 0.103189 0.865826 0.0217642 9.9982E-05 9.9982E-05
9.9991E-05 0.103358 0.344591 0.223875 0.0828041 0.245272
0.0133393 0.0382596 0.857769 0.0513184 0.0392139 9.9991E-05
0.0200919 0.221119 0.55719 0.014429 0.0138708 0.1733
0.00335368 0.090783 0.338589 0.504819 9.9991E-05 0.0623562
9.9973E-05 0.181743 9.9973E-05 0.0238997 9.9973E-05 0.794057
9.9964E-05 9.9964E-05 9.9964E-05 0.128281 9.9964E-05 0.87132
0.0304826 9.9973E-05 0.201245 9.9973E-05 9.9973E-05 0.767973
0.0148665 0.00352593 0.14435 9.9991E-05 0.0780335 0.759124
0.0318291 0.0929316 9.9991E-05 0.117564 0.00565532 0.75192
0.00594154 0.161079 0.295408 0.485119 0.0523532 9.9991E-05
0.0261188 0.0725565 9.9982E-05 0.782203 9.9982E-05 0.118922
9.9973E-05 9.9973E-05 0.030249 0.0364749 0.932976 9.9973E-05
0.0312917 9.9991E-05 0.125555 0.00500236 0.798865 0.039186
0.0350655 9.9991E-05 0.0580786 0.0313912 0.834917 0.0404478
9.9982E-05 0.224132 9.9982E-05 0.0740882 0.6358 0.0657804
0.0293596 0.019784 0.0812547 0.0295333 0.839968 9.9991E-05
0.0195355 0.0595915 0.0404825 0.0255339 0.769914 0.0849427
0.010697 0.0564838 9.9982E-05 0.0644941 0.868125 9.9982E-05
9.9982E-05 0.0820117 9.9982E-05 0.02431 0.81406 0.0794181
9.9991E-05 0.0884492 0.00153787 0.0415085 0.798747 0.0696575
9.9973E-05 0.103397 9.9973E-05 9.9973E-05 0.766049 0.130255
0.0185351 0.155372 0.000280247 0.0666764 0.759037 9.9991E-05
0.0416775 0.0690461 0.0923795 0.0377126 0.728955 0.0302295
0.00778843 0.0134093 0.140391 0.0361327 0.76186 0.0404186
0.0205847 0.000673619 9.9991E-05 0.049076 0.799516 0.130049
0.014585 0.115596 9.9982E-05 0.0926797 0.776939 9.9982E-05
0.0358127 9.9973E-05 9.9973E-05 0.131843 0.832045 9.9973E-05
0.022993 9.9982E-05 9.9982E-05 0.078002 0.845368 0.0534367
9.9982E-05 0.787001 9.9982E-05 0.0933219 0.0996398 0.0198372
9.9973E-05 0.900584 0.082784 0.0163317 9.9973E-05 9.9973E-05
9.9973E-05 0.0432815 9.9973E-05 0.142003 0.814415 9.9973E-05
0.0109048 0.0494455 0.0505257 0.213217 0.663377 0.0125301
0.0012381 0.210131 9.9982E-05 9.9982E-05 0.768098 0.0203325
9.9982E-05 0.805623 0.0942993 0.0293789 0.0704987 9.9982E-05
0.0096042 0.00801623 0.0802327 0.891117 0.0109295 9.9991E-05
0.0279334 9.9982E-05 0.198995 0.571109 9.9982E-05 0.201763
9.9982E-05 0.219929 0.157197 0.227231 9.9982E-05 0.395444
9.9982E-05 0.106465 0.2935 0.00734044 9.9982E-05 0.592494
9.9982E-05 0.141742 0.0861275 0.0223703 9.9982E-05 0.74956
9.9973E-05 9.9973E-05 0.14833 9.9973E-05 0.0396433 0.811727
0.0104811 0.0433489 0.0647812 0.159544 9.9991E-05 0.721745
0.0449511 0.0967944 0.16375 9.9982E-05 9.9982E-05 0.694305
0.0259357 0.203305 0.0375902 9.9991E-05 0.0306448 0.702424
0.0670032 9.9991E-05 0.118235 0.0119432 0.0588243 0.743894
9.9991E-05 0.0504682 0.0980592 0.774953 0.0176701 0.0587491
0.0427876 0.00375415 0.0686603 0.794141 0.067283 0.0233737
0.0592589 9.9982E-05 0.0319553 0.864702 0.0438841 9.9982E-05
9.99641E-05 0.101955 9.99641E-05 0.897645 9.99641E-05 9.99641E-05
0.0207785 0.0462687 9.9973E-05 0.932653 9.9973E-05 9.9973E-05
9.9982E-05 0.227245 0.000617539 0.747895 0.0240425 9.9982E-05
0.0117047 0.101523 0.65194 0.0861341 9.9991E-05 0.148599
9.9982E-05 0.0975989 0.836548 9.9982E-05 0.0478011 0.0178524
0.043121 0.103317 0.853262 9.9973E-05 9.9973E-05 9.9973E-05
0.0119673 0.0773239 0.721245 0.0674481 0.0457104 0.0763055
0.0239274 0.0105587 0.777686 0.100415 0.0561781 0.0312356
0.155679 0.00271451 0.159501 9.9991E-05 0.0410946 0.64091
0.0182447 0.245786 9.9991E-05 0.02841 0.661092 0.0463674
0.0468793 0.0174905 9.9991E-05 0.0289664 0.774248 0.132316
0.00232523 9.9982E-05 0.0939126 9.9982E-05 0.846698 0.056864
9.9991E-05 0.0874291 0.102316 0.0973719 0.673986 0.0387975
0.0262174 9.9982E-05 9.9982E-05 0.163008 0.752871 0.0577031
0.0229338 0.035273 0.406401 0.181487 0.117013 0.236892
0.0324958 0.0893201 0.406884 0.259208 9.9991E-05 0.211992
0.0576606 9.9973E-05 0.891069 0.0509709 9.9973E-05 9.9973E-05
0.0379703 0.193386 0.361007 0.211655 9.9991E-05 0.195881
