0.015177 9.9991E-05 0.110919 0.701785 0.0778693 0.09415
0.032168 9.9991E-05 0.199642 0.61915 0.135509 0.0134318
0.0330213 0.0118545 9.9991E-05 0.732975 0.142351 0.079698
9.999E-05 0.00357819 0.122949 0.70818 0.0464524 0.118741
9.9973E-05 0.0793653 0.118414 0.80192 9.9973E-05 9.9973E-05
0.000697843 0.0660659 0.308421 0.612054 9.9991E-05 0.0126616
9.999E-05 0.0318303 0.285007 0.555945 0.0345835 0.0925342
0.0407925 9.9982E-05 0.182689 0.617612 9.9982E-05 0.158707
9.9982E-05 0.0633601 0.691335 0.169384 0.0757209 9.9982E-05
9.9982E-05 9.9982E-05 0.387079 0.237563 0.161887 0.213272
0.0346796 0.0712376 0.366033 0.026594 0.0555763 0.445879
0.0112767 0.0115888 0.447253 0.14605 0.157948 0.225883
0.0486464 0.0261072 0.144151 9.9982E-05 9.9982E-05 0.780895
0.00198506 0.0617022 0.716621 0.0802334 0.0773711 0.0620874
0.0443608 0.0493062 0.523203 0.322632 0.060398 9.9991E-05
0.00190571 0.00596241 0.67633 0.177067 0.0227271 0.116008
9.9982E-05 0.0209188 0.489921 0.378375 0.110586 9.9982E-05
0.0123813 9.9982E-05 0.501742 0.474361 0.0113163 9.9982E-05
0.0491537 0.162566 0.256474 9.9991E-05 0.443203 0.0885028
9.9973E-05 9.9973E-05 0.31034 9.9973E-05 0.601723 0.0876368
0.0125958 0.0129708 0.101081 0.187418 0.666576 0.019359
0.00239204 0.0407314 0.0833373 9.9991E-05 0.7565 0.116939
0.0544047 9.9973E-05 9.9973E-05 9.9973E-05 0.846115 0.0991805
0.0269442 0.0228903 0.167838 9.9982E-05 0.782127 9.9982E-05
9.9964E-05 9.9964E-05 9.9964E-05 0.322823 0.676778 9.9964E-05
0.0138157 9.9973E-05 9.9973E-05 0.120541 0.865343 9.9973E-05
0.041814 0.081672 9.9973E-05 9.9973E-05 0.876214 9.9973E-05
0.0460806 0.0541955 0.0895997 9.9991E-05 0.762977 0.0470472
0.00886649 0.0162251 9.9982E-05 0.0842891 0.890419 9.9982E-05
9.9982E-05 0.09816 9.9982E-05 0.105164 0.766099 0.030377
9.9973E-05 0.0465418 0.0677653 9.9973E-05 0.885393 9.9973E-05
0.0186749 0.0509619 0.10487 0.00431935 0.821074 9.9991E-05
0.0589603 9.9982E-05 9.9982E-05 0.0693806 0.726842 0.144618
0.0526159 9.9991E-05 0.328757 0.264514 0.172815 0.181198
0.00466678 0.00194441 0.190782 0.562285 0.240222 9.9991E-05
9.9982E-05 0.0959752 0.0641217 0.713097 0.126606 9.9982E-05
0.0444477 0.0140565 9.9991E-05 0.763145 0.04724 0.131011
0.0104577 0.0505731 0.325909 0.299348 0.0708018 0.24291
0.9995 9.996E-05 9.996E-05 9.996E-05 9.996E-05 9.996E-05
0.0312067 0.0134529 0.011361 9.9991E-05 0.78516 0.158719
0.0191656 0.114713 0.151718 0.577923 0.136381 9.9991E-05
9.9982E-05 9.9982E-05 0.28977 0.458115 0.109189 0.142725
0.0221382 0.0610614 0.264066 0.092302 0.272639 0.287793
0.0499261 0.104454 0.16544 9.9991E-05 0.0803852 0.599695
0.0187269 9.9982E-05 9.9982E-05 0.0149197 0.0531313 0.913022
0.9995 9.996E-05 9.996E-05 9.996E-05 9.996E-05 9.996E-05
0.0577121 9.9991E-05 0.377043 0.17712 0.179257 0.208767
9.9991E-05 0.042241 0.133078 0.237582 0.0974041 0.489596
0.0215509 0.0856129 0.418171 0.0738629 0.271127 0.129675
0.0217995 0.721005 0.129229 9.9982E-05 9.9982E-05 0.127767
0.0417581 0.741321 0.0366179 0.01793 9.9991E-05 0.162273
9.9973E-05 0.759836 0.144544 0.0953202 9.9973E-05 9.9973E-05
0.0536885 0.660827 9.9991E-05 0.0320112 0.00580676 0.247566
0.0394787 0.825712 0.125015 0.00959374 9.9982E-05 9.9982E-05
9.9982E-05 0.835909 0.134568 0.00714365 0.0221792 9.9982E-05
9.9964E-05 0.64621 0.35339 9.9964E-05 9.9964E-05 9.9964E-05
0.00563371 0.771573 0.221277 9.9982E-05 9.9982E-05 0.00131655
0.0408086 0.820563 9.9973E-05 9.9973E-05 0.138328 9.9973E-05
0.0447398 0.76449 0.171142 0.019429 9.9982E-05 9.9982E-05
0.020841 0.549347 0.165783 9.9982E-05 9.9982E-05 0.263829
0.0011867 0.780704 9.9982E-05 9.9982E-05 0.137132 0.0807769
9.9991E-05 0.653633 0.0600426 0.055761 0.0495074 0.180956
0.0687014 0.310856 0.164508 9.9982E-05 9.9982E-05 0.455734
0.0273157 0.0344708 0.137925 0.0654043 0.734784 9.9991E-05
0.0166937 9.9991E-05 0.0530957 0.111023 0.730864 0.0882234
0.013841 9.9982E-05 0.0916734 0.143044 0.751242 9.9982E-05
9.9973E-05 0.694195 0.244033 9.9973E-05 9.9973E-05 0.0614717
0.0635844 0.439843 9.9982E-05 0.0717632 9.9982E-05 0.424609
0.0210059 0.713668 0.109067 9.9991E-05 0.0418544 0.114304
0.0441377 0.651266 9.9973E-05 9.9973E-05 9.9973E-05 0.304296
0.0415772 0.803502 0.0467512 0.10797 9.9982E-05 9.9982E-05
9.9982E-05 0.107845 0.13013 0.128053 9.9982E-05 0.633771
9.9973E-05 0.040984 0.361914 9.9973E-05 9.9973E-05 0.596802
0.00434778 0.0647188 0.116774 9.9991E-05 0.00165933 0.8124
0.0289493 9.9964E-05 9.9964E-05 9.9964E-05 9.9964E-05 0.970651
0.0629167 9.9982E-05 0.0922987 9.9982E-05 0.104972 0.739612
0.0399955 9.9973E-05 0.120077 9.9973E-05 9.9973E-05 0.839628
0.0246509 9.9991E-05 0.00364592 0.112183 0.120675 0.738746
9.9973E-05 0.617208 0.108403 9.9973E-05 9.9973E-05 0.274089
0.129928 0.411758 0.0948828 0.101935 0.00946685 0.252029
0.0180813 0.700377 9.9991E-05 0.0504014 0.0575992 0.173441
0.068406 0.719177 0.107902 9.9991E-05 0.0204948 0.0839204
0.0237764 0.676761 0.299163 9.9973E-05 9.9973E-05 9.9973E-05
0.00152439 9.9982E-05 0.228987 9.9982E-05 0.611029 0.15826
9.9982E-05 0.257932 9.9982E-05 0.121855 0.0919764 0.528037
9.9982E-05 0.124496 0.0125313 0.0722123 9.9982E-05 0.790561
0.9995 9.996E-05 9.996E-05 9.996E-05 9.996E-05 9.996E-05
9.9982E-05 9.9982E-05 0.316321 0.465718 0.149271 0.0684899
0.0542936 9.9991E-05 0.160906 0.654729 0.100497 0.0294739
0.0409083 0.00458056 0.633822 0.145194 0.0808423 0.0946535
0.0231111 0.0688074 0.642408 9.9991E-05 0.131039 0.134534
9.9982E-05 0.035657 0.402191 0.514938 0.0470143 9.9982E-05
9.9982E-05 0.129477 0.0212053 9.9982E-05 0.0509365 0.798181
0.0319894 0.0181396 0.0953421 0.227836 0.532965 0.093728
0.0690242 0.144382 0.00671556 0.0997587 9.9991E-05 0.680019
0.0219974 0.043293 0.0426395 0.290522 0.272725 0.328824
0.00444521 9.9982E-05 0.656531 0.254378 0.0844457 9.9982E-05
9.9973E-05 9.9973E-05 0.167435 0.628096 9.9973E-05 0.204169
9.9982E-05 9.9982E-05 0.242106 0.312527 0.12004 0.325127
9.9973E-05 0.00539043 0.908101 9.9973E-05 9.9973E-05 0.0862087
9.9973E-05 9.9973E-05 9.9973E-05 0.653168 0.0424044 0.304128
9.9973E-05 9.9973E-05 0.760439 0.0628305 9.9973E-05 0.176431
0.0255011 0.239519 9.9991E-05 0.122964 0.0544874 0.557429
0.0742911 0.139991 0.223589 9.9991E-05 0.0478173 0.514212
0.0907728 0.187611 0.108373 9.9991E-05 0.00261923 0.610525
9.9973E-05 9.9973E-05 0.265445 9.9973E-05 0.167337 0.566918
9.9991E-05 0.0907597 0.238777 0.0824428 0.124825 0.463095
9.9982E-05 0.0306489 0.118697 0.443 0.407454 9.9982E-05
0.0239503 0.760698 0.021393 0.179981 0.0138777 9.9991E-05
0.023237 0.690985 0.00301517 0.0815064 0.0219413 0.179315
9.9982E-05 0.173191 9.9982E-05 0.1385 0.122185 0.565924
0.0223593 0.139122 0.343456 0.00987437 0.0288418 0.456346
0.0554728 0.110252 9.9991E-05 0.146863 0.222285 0.465027
9.9973E-05 9.9973E-05 0.06086 9.9973E-05 0.693332 0.245508
0.0306039 0.614877 9.9982E-05 9.9982E-05 0.122466 0.231853
9.9973E-05 0.652553 0.0554903 9.9973E-05 9.9973E-05 0.291656
9.9973E-05 0.437136 9.9973E-05 0.154536 9.9973E-05 0.408028
0.0594729 0.01011 0.114629 0.278633 0.414821 0.122334
0.022819 0.0354623 0.175021 0.539902 0.20955 0.017246
0.0267578 9.9973E-05 9.9973E-05 0.775361 9.9973E-05 0.197582
9.9991E-05 0.10423 0.115382 0.626276 0.132041 0.0219712
9.9973E-05 9.9973E-05 0.280027 0.420687 0.298986 9.9973E-05
0.0222451 9.9991E-05 0.244497 0.58806 0.0969329 0.0481646
0.0171134 9.9982E-05 9.9982E-05 0.804651 0.0542846 0.123751
9.9973E-05 0.0451141 0.108063 0.846523 9.9973E-05 9.9973E-05
9.9991E-05 0.0192234 0.190624 0.389875 0.347017 0.0531601
9.9973E-05 9.9973E-05 0.890641 0.089305 0.0197544 9.9973E-05
0.0149568 9.9991E-05 0.85662 0.0381021 0.0659579 0.0242633
9.9982E-05 9.9982E-05 0.743487 0.21625 0.0216986 0.0183651
9.9991E-05 0.0879419 0.254587 0.353544 0.217963 0.085864
0.0109893 0.0133044 0.960975 0.0145313 9.9982E-05 9.9982E-05
9.9973E-05 9.9973E-05 0.766598 9.9973E-05 0.111367 0.121735
0.00759485 0.0283676 0.157276 0.692099 0.0491675 0.0654955
9.9982E-05 9.9982E-05 0.0174219 0.0465414 0.814494 0.121342
9.9973E-05 9.9973E-05 9.9973E-05 0.115072 0.818264 0.0663647
0.0279155 9.9973E-05 0.177222 9.9973E-05 0.794563 9.9973E-05
0.0153016 0.0791391 0.222187 9.9982E-05 0.683172 9.9982E-05
0.0223668 0.0373148 9.9991E-05 0.0812448 0.757037 0.101937
0.00990586 0.0692523 0.151756 0.572346 9.9991E-05 0.19664
0.0390795 9.9982E-05 9.9982E-05 0.698672 0.170189 0.0918587
9.9964E-05 0.856471 9.9964E-05 9.9964E-05 9.9964E-05 0.143129
0.0406785 0.769215 0.118692 9.9991E-05 0.040074 0.0312402
0.0132676 0.810645 0.0958917 0.0781361 0.00195945 9.9991E-05
0.0042283 0.561012 9.9991E-05 0.0573861 0.0159755 0.361298
0.0512884 0.835046 0.113365 9.9973E-05 9.9973E-05 9.9973E-05
9.9982E-05 0.759758 0.100909 9.9982E-05 0.0746463 0.0644869
0.022362 0.809861 9.9982E-05 0.073037 9.9982E-05 0.09454
0.0107115 0.775439 9.9991E-05 0.00143959 0.102515 0.109795
9.9982E-05 0.775514 9.9982E-05 0.0775057 0.0638204 0.0829601
0.0129536 0.810565 9.9991E-05 0.0675998 0.0281247 0.0806573
0.0332066 0.762916 0.0815981 0.031505 9.9991E-05 0.0906746
0.0488388 0.693151 0.124875 0.0126603 0.0510354 0.0694391
0.0287215 0.773294 0.11786 0.0748467 0.00517789 9.9991E-05
0.0216568 0.831961 0.0616482 0.0266204 0.0580135 9.9991E-05
0.0160906 0.802193 9.9982E-05 0.0967209 9.9982E-05 0.0847958
0.0309564 0.810375 9.9973E-05 0.158369 9.9973E-05 9.9973E-05
0.0225834 0.7948 9.9991E-05 0.0759687 0.03856 0.0679883
9.9982E-05 0.139994 9.9982E-05 0.129653 0.0275865 0.702566
9.9973E-05 9.9973E-05 0.227267 0.00861779 9.9973E-05 0.763815
9.9973E-05 0.814194 9.9973E-05 0.0760624 9.9973E-05 0.109443
0.0222216 0.666258 9.9982E-05 0.255769 9.9982E-05 0.055552
0.0189306 0.783759 9.9982E-05 9.9982E-05 0.0286617 0.168449
9.9982E-05 0.120614 0.180123 0.0290305 9.9982E-05 0.670033
0.00762754 0.00996581 9.9982E-05 0.962523 9.9982E-05 0.0196835
0.0355777 9.9991E-05 0.236632 0.573602 0.151502 0.00258641
9.9973E-05 9.9973E-05 9.9973E-05 0.34733 0.413069 0.239301
9.9982E-05 9.9982E-05 0.188949 0.16648 0.564527 0.0798439
9.9973E-05 9.9973E-05 0.12291 9.9973E-05 0.717632 0.159158
9.9982E-05 0.00208984 0.152003 9.9982E-05 0.758115 0.0875921
0.011924 9.9982E-05 0.251757 0.0548733 0.681246 9.9982E-05
0.00714869 0.0141058 0.271607 9.9991E-05 0.668848 0.0381904
0.0113032 0.0642621 0.0736405 0.0023703 0.72315 0.125274
0.0345691 0.0812149 0.040075 0.136978 0.707063 9.9991E-05
0.00562126 9.9991E-05 0.0915363 0.757497 0.0490693 0.0961758
0.0644795 0.0331575 9.9991E-05 0.826425 0.0189776 0.0568606
0.0399981 0.0284137 9.9982E-05 0.796973 9.9982E-05 0.134415
9.99641E-05 9.99641E-05 9.99641E-05 0.753467 9.99641E-05 0.246133
0.00444227 9.9982E-05 0.133555 0.784237 9.9982E-05 0.0775664
9.9973E-05 9.9973E-05 0.0590801 0.616324 9.9973E-05 0.324296
9.9982E-05 9.9982E-05 0.607183 0.127591 0.128787 0.136239
0.000744715 0.0445637 0.928641 9.9991E-05 0.0197179 0.00623226
0.0116134 9.99738E-05 0.967993 9.99738E-05 9.99738E-05 0.0200937
9.9991E-05 0.0329751 0.721867 0.136957 0.0737944 0.0343061
0.0349121 0.0206997 0.737317 0.143791 9.9991E-05 0.0631797
0.114725 0.0487023 0.327758 9.9982E-05 0.508614 9.9982E-05
0.0295586 0.670947 0.085828 0.0351686 9.9991E-05 0.178398
0.0317735 0.762157 9.9991E-05 0.00959116 0.0928504 0.103528
0.0146575 0.805956 0.104999 9.9991E-05 0.000737769 0.0735504
0.00601639 0.675876 0.113352 0.112223 0.0139114 0.0786217
0.0148463 0.740317 9.9991E-05 0.115893 0.0730991 0.055744
0.0103777 0.104365 0.503938 0.144605 0.179703 0.0570099
0.0281223 9.9991E-05 0.388086 0.324256 0.218728 0.0407067
0.0346548 9.9973E-05 0.83985 0.125195 9.9973E-05 9.9973E-05
0.0531441 9.9991E-05 0.419161 0.23624 0.166672 0.124683
