IBR/IBR_outputs/all.combrep_1/EucDistWater_Total.PersistForestCover_Total.Spinifex_Total.VRM_Total/EucDistWater_Total.PersistForestCover_Total.Spinifex_Total.VRM_Total.asc
NCOLS 160 
NROWS 95 
XLLCORNER 210004.651214014 
YLLCORNER 7350008.22228844 
CELLSIZE 4999.99999999997 
NODATA_value -9999 
[rows 42 to 62 of 95, columns 46 to 91 of 160]
1.98476505920271 1.67290533707125 2.21137161536689 1.99338988799199 1.58694295481751 1.85518617714163 1.53038927527492 1.74448691695278 2.43153870838542 2.80498652311506 2.76976980237806 2.9460609636354 2.50763447037336 1.94215288326693 1.54554112943134 3.08096898314749 4.37809184477416 4.68043662694975 4.48091012706034 4.65469808778736 3.65643269070828 2.29858064985398 1.86728614530034 1.55030676408125 2.25140736131053 2.3514789560146 3.39909355961843 2.19875173495829 2.40862169877234 3.48489800822795 3.52395965317368 3.57163139028829 3.23644590042723 3.15342235159424 2.56215792787926 3.14553412834923 3.25041581821372 2.49037678221185 1.63806626116984 1.83833835674227 1.6188073518404 2.97150280761971 4.17316566991358 2.90403989594578 1.74252270412402 1.81202161238775
2.73214690597772 2.65252074920298 2.33313591447238 1.77259357324837 2.81779154708454 1.95087837603432 2.37140905897424 3.13443878514225 3.76032221317536 4.41494324496388 4.95942868231377 5.18470421497559 4.02605934786015 2.58651384890495 2.14905090413924 3.77446417091787 4.548448996934 4.00708722442682 3.29164852410287 3.39189860635684 4.1245726426625 3.77049636292839 2.34913651723576 1.81325915060173 2.74771665152307 3.13846610629146 4.12890134013844 2.54884080639224 4.14296302482048 3.55910010389993 2.37576376114115 2.79570390378035 3.37010224800446 3.62767063040836 2.26414275615163 2.75718727218312 3.3682775877069 4.10547107356184 4.75591879853722 1.74954466536527 3.30291383533257 4.78230817295584 4.18995277092611 3.32490399286051 1.86236118373656 1.604689899214
2.31913236615485 2.43737546292656 2.16074027647041 1.58752716686768 2.59381452381701 3.34804304804669 3.63416580498535 4.01964064778744 4.94923996964163 5.29653156237028 4.19255470658308 4.07807716530275 4.4349238348232 3.66249027175994 4.39954635827716 3.94791647615852 2.84804822007087 3.61810349995706 1.77853099850554 1.97679349232433 3.58973493832781 3.9253007340275 2.23655039756538 1.34063285842957 1.40168019632187 1.74154030124985 3.09498245429684 2.40122004442609 3.53438738025943 3.77367851361263 3.08710958716322 2.416402980914 3.65343717412463 2.00076237413241 1.72431160025998 2.20486127385662 2.25499082607019 2.50149439946203 3.79109162981609 3.96540383442441 5.84140890801886 4.8069952484991 4.2559120352651 5.29735920711542 4.52830261663627 2.57810479916746
2.94287495375581 3.18578415291853 2.34832301865478 1.76594828756797 2.50741954262319 3.07244029009571 2.93373785579049 3.05858573042642 4.36584444453541 3.79203151738262 4.77181076539168 5.38213081578433 4.70475998301627 4.95588446209248 4.25936242905891 2.89123312802768 2.57284688020966 2.47237361615554 3.27239102634174 2.66135138998969 2.79724248241201 2.85486329229278 2.98341628487116 2.9163413484109 2.44387292298166 2.24555940887034 2.61070433740233 1.58166370281068 2.11375368493484 3.40533858720076 3.86499886977413 3.16325772593846 2.58367195420998 2.49483569097081 1.85743442838431 1.55899919387866 1.49300268778714 2.13823245825834 3.64527526317916 2.89873004232677 3.03395707732997 3.1861979626432 4.13579785724713 4.6295694671943 5.05947562071147 2.83980563006196
4.49721421545737 3.97078266309189 2.53237987967391 2.28511948224685 1.86383911302326 1.86630807098563 1.78045286380732 2.71050720576852 3.97031959882402 5.48355632122228 4.13657614625803 4.41142416269247 6.11014939979646 8.05357724564875 4.44910269399726 3.4754179201192 2.89594096506378 3.07781134160051 4.26874949593424 3.15916213855663 1.86646512694392 1.6006584404546 1.78260296544241 2.51556486347753 3.40256408747318 3.66739576344294 3.75378477079802 2.38038789349355 1.78488554396202 2.72014678086108 2.35728137585886 2.71274150726639 3.63974526200265 2.52255693567052 2.18747223000331 1.70082608333435 1.64095251720694 2.45789657137325 1.84161862174253 2.65390865504604 2.82630991910809 3.26296201994983 3.97946243291727 3.49699917551589 2.98742473966419 1.97779257543389
4.11036608221814 3.34254065515712 3.24640092957125 3.43062405575746 2.84871610490075 2.3728039564129 2.18081921910651 5.53114351328361 4.63010039064719 3.34902742726005 3.94507419283338 2.99547513994207 4.81092175856516 6.4653320681338 5.38365561258256 6.826505981994 4.19798250850472 4.11856259239863 3.5399838577222 2.25666573669855 2.0042250477127 2.12657183546739 1.49750689711979 1.3451874675735 1.93357862116643 2.44447614245893 3.88702758651836 3.51088461582139 2.79319493717187 2.87481268379238 2.89742170625704 2.86899226769354 3.27315227981696 1.99368615523554 2.54686182132002 3.48971410503236 2.56172034448393 1.76659330770456 1.78320592010012 3.63836955115637 3.75179150668354 4.11931798233696 3.92917807473774 3.13076452019718 3.40891646897576 2.76466538738943
2.90697462813073 2.61983923491885 2.90063600773624 3.60202228950872 3.92953268429667 3.35977810235569 3.11163148613581 5.70495097357218 4.12204667163542 2.92976879367268 3.31408611737693 2.25180916107551 3.45756247316522 4.10558131359333 4.4134904262272 5.98962594522744 5.57968703041946 6.92185717558517 8.1047099596497 6.81854728007332 5.03716318527423 3.8486173948472 2.76778778199044 1.95275700831143 1.48752085191096 1.43555012347797 2.53627651898858 3.37228168672813 2.38153523809317 3.08408046615711 4.51675671725749 5.35406985107269 4.16686098758646 2.57858539404291 1.95764983365254 3.63033656678024 2.52183859033574 1.92919962435163 2.2318795422038 3.09362467858316 2.42904429363954 2.26787708411986 3.95251652704788 3.6258118808253 3.71204864709878 3.25937822505514
5.77370754297964 4.85850842292427 3.5202467867068 3.67420998409808 5.094993728146 5.37611334525411 4.34931459211628 5.18995180821857 2.3668664918515 1.67146732879001 2.51883578820699 2.44784281631896 3.44853715566715 2.39255511843058 2.24482613604827 4.05555958377186 7.3210000807081 9.11517299361637 9.72632526229845 8.86413504132561 8.89651647023313 7.5669853169701 5.96018789313409 3.64742079969592 2.85835671053799 2.59004020243674 2.75462769736178 3.28413226082576 3.2552086838109 3.90414867267997 5.2996429793439 6.31806179034119 4.43696530047329 2.7084182556295 2.74178592145712 2.40110223045173 2.42241953526913 3.13800186621111 2.99639016138763 1.9261902531426 2.70670167586421 2.71211636649768 2.43612597113635 2.22475000596882 2.87780194397624 3.0966137969599
7.24388529270519 5.68432574858531 3.98051918171508 3.91691949033111 4.87281173368525 4.42714620326467 4.79610440516003 5.12801301764953 2.54012647940273 2.40139146205537 1.40427679395276 1.81217609121692 2.80641818150504 1.90626082192063 1.79853735319403 2.96813248135319 6.46794146301802 7.99386783329676 6.79853285161528 8.3574517327483 8.09982582523136 8.13954590908109 8.39791213870495 7.40859724521065 5.09687452648596 4.12013995528968 5.42504324178548 8.91628038789602 9.39445029644397 8.83713033738738 8.00523293229342 5.74513776449298 4.67516753430547 2.88163998033213 2.22865125833802 3.29921482732968 3.80918300195427 4.16054998494861 3.53920853115602 2.04992044588726 3.30442555431789 4.05386967360736 3.04142007083241 2.34296422015997 2.01377434658198 3.92231314785758
5.68439359645772 5.24557596748676 3.87338514110769 3.37542518835225 4.26571168480011 2.33786329486938 2.81453996781869 4.08244412036199 3.20864347415097 2.58073354189655 2.39822959634239 2.09049853192726 2.07194440851489 1.31797490459488 1.55375473907825 1.71536146717233 3.46431894115344 4.86872740852893 6.02798865896044 6.62239230290503 6.19462961079939 6.95984786091166 8.69725298304167 7.78982377323534 6.52221143443684 4.34223293534426 8.09169042345854 6.46608810372195 6.93760426185466 7.67326834878471 9.40276205139994 6.66299560695907 3.96931846006875 2.40147060657943 3.0355421776765 4.22658507532116 4.7347291869018 5.05734255408501 4.4317638370864 3.68064358670982 4.25354821041602 4.23572537745243 2.70694254940269 2.55006075020745 2.4101920078169 3.389177041724
4.41429351710143 4.92712883535382 5.83951852897539 3.72255604149021 3.21000773928148 2.1021237302882 2.16686489750609 2.9283662149437 3.58210382966065 3.45544789022322 2.56928015034909 2.17710560955265 2.13315794166603 1.66287899579676 1.82281075735197 2.13852911086317 2.76954098632855 3.88022830581593 5.03398786498075 3.6982262742729 4.39540315628187 6.92513967290507 6.34944261648853 6.83550224485773 2.98647787899939 1.76697359431167 4.33882248639682 3.70165519064009 3.92273266398186 7.06105836032 9.3777866764068 7.11986368306353 4.17014088648783 3.80769268779837 3.73084019243176 4.79815505925348 4.40623173557294 3.92649170683787 4.36014165082679 5.19032836332272 5.19291102835697 3.68372679026477 1.88898445170664 1.7716381880941 2.09171895822201 1.90229453883368
4.05215443979831 4.08936039859792 5.39468715814071 4.1326506902922 3.03100423962673 2.48551661558323 2.14164944541005 2.59634106813213 3.04330949517229 2.6946455612394 2.37507687045442 2.24005046276985 2.67165984780338 2.77268631531751 3.43527156863008 3.30390277306205 2.63624455399495 3.85567126445937 6.40756220148105 5.99771933867941 6.52276258527878 7.351438868518 6.78929978981337 6.61361893081359 4.83327904966348 3.5378561981661 2.55681359853224 5.39765813195866 3.45748894101205 7.52320946560241 9.73684890651705 9.67386346624774 4.71551172885583 5.25640372778592 5.94836158967122 5.39333082266464 3.83981609696798 3.18314069535154 4.37790109082862 6.07200167594234 6.16085089154729 4.3655758586749 3.10473989711916 3.10019551788518 3.23691678697582 2.83918265683573
3.30270037267656 3.3636546391619 4.76476683032955 6.98372262200594 5.58499787606295 2.18130605074665 3.15652571557243 2.33596219550946 2.59664956792339 2.37106070239676 2.26346129072994 1.94249073027053 3.50306243766996 4.47919261822987 4.28895735991928 5.10037540068329 3.52655755814417 4.78652905987464 6.09321819936236 7.9640816748836 8.94326839110488 9.03954222842065 8.65925419882243 9.65435046829072 7.39942198712602 7.10344583877955 3.86694806715375 5.6730200283538 4.96448675549649 6.44745167508402 8.47857928635821 10.3597561289034 6.80312020041939 5.8642880705208 6.00173559364928 5.0603030495551 2.89289803488128 2.31495573724704 4.29435143865087 6.07233670376017 5.99654832138942 4.35265215265033 2.99329455822903 3.78065769153996 4.84407190902314 4.8494105830078
5.15647121469543 3.79396299188081 4.07678165704148 5.51206543822516 3.56918426638549 2.79768957640965 4.03481019141215 1.75842187873575 2.39833977288155 3.32334872401959 1.87619566155942 2.13280684770698 4.54816434009561 7.02526317220044 5.58522795383828 6.9953152156095 5.6365698558461 6.42206450704462 8.38238667237436 6.32029329638545 8.51069756461444 8.7538124908692 7.187893020437 9.0005673896342 9.91929245414732 8.12906552435085 6.68863845440251 6.27501767975617 5.43621835843931 6.90425532735094 7.69889908933767 10.5423004301849 10.0396618819496 7.60391574430512 6.34182441870074 5.31010313564571 4.34456169177121 3.53972182946547 4.07738095650719 5.00390425898496 5.21198166491219 4.43783406041213 3.21393364626092 3.97659902895321 5.25094105494661 4.60350932826863
6.8130005411249 6.35849877579277 5.3962295025897 4.80200477560348 3.74455701664216 3.36268000491836 6.19775912815864 3.92851209821045 2.12417879282453 5.35675008266653 5.33124403645972 4.86927376902341 5.01843467061237 4.82083117084233 5.25618152664001 4.83418365790171 5.70300861916692 5.26802232633215 8.12988883470187 6.7046028771657 7.09485937454344 7.88825013518974 6.49670884866954 8.09212312751274 9.22297977008053 7.97302628654591 6.33812799460798 7.22626153169085 7.20106651754339 7.71875482725008 8.58722779881706 10.2447258890589 11.9117874528383 10.7667526046508 10.2707412518749 9.54489861297792 8.73675830340811 9.33511150159307 6.6225345027439 3.4177320862867 3.86278339123379 5.11392805583834 4.85810142849049 5.34467960992446 5.12391825618044 3.41800733017369
5.79066445401028 5.59803013441393 4.95492233471752 5.45931430580352 5.34522680795834 5.69286304586917 7.09567492950725 4.62588890048751 3.29751070831027 4.36223359609054 6.311046179757 4.61501018834538 2.81246350855396 2.78153131694634 2.50652385406427 2.26391513248889 4.42334734579381 6.44967374929403 7.55916115925525 7.20838601382145 6.51666012946722 6.47583124153747 5.69938426935209 6.70367984814444 6.53045107622322 6.12554129052693 5.66682001590122 6.33935873268787 6.32223524085187 6.53331182277347 7.61839975574714 8.77389788952466 11.4157907928794 11.1038076817781 9.15177660357992 8.57796030813739 7.430077799141 7.72117015100002 7.47638367850191 6.63286095795671 5.54514083591704 4.53769708122831 5.53161805351048 5.56624060230924 4.69291052533767 4.04977069380266
5.45242379512367 3.80992096273947 4.35303718519128 4.63993766038908 4.14648781971643 3.86433474784299 4.36628707869771 5.68653961082629 6.26645902018122 7.54726239415529 7.16343653792822 3.75659192504075 2.49508725181735 3.16719834447357 4.05849079520113 4.08770775259273 4.9260367544915 4.18592611005816 3.38435946147883 3.45999866855901 2.59341451258571 2.16277051333483 2.39221487301574 3.92735210877073 5.04122477032809 3.85196986677872 4.84320184430253 5.00633943562427 5.47351711404935 6.16793099562212 7.17942805754207 9.09573060449541 8.68802406545387 11.0558481572879 9.54388193122571 7.01584992911687 5.373410954504 5.08171415832902 5.73811600537562 6.4361654840248 7.51703466505536 8.50812449784782 7.21298225714046 5.02487095330793 3.69032519991989 4.46463332043711
5.26737293620828 4.09278469639232 6.07896037808499 6.73252453037485 4.09704212507855 3.86204183069826 2.52126273885053 3.49843496967788 3.80147838220045 5.28418280073602 4.21590551438152 2.3081147986285 2.847110280916 2.96985613249414 2.35996885048784 3.67907795758894 4.70915190998606 3.17765693462228 1.83527536654469 3.82202214844834 3.75687589487951 3.94592260357575 3.70964716317371 3.21909917474041 2.18725575929839 3.29848660337689 4.08763933956862 3.21761166562137 4.17621981394016 5.7771216104612 6.58372110450693 8.48171205192169 12.2289933796423 10.7650793758798 8.23614969825114 5.64743805028973 2.90598361931316 2.61826967455661 4.29296296324049 5.37583131692557 6.12454595541979 6.44787295508214 7.06609077587209 7.23497059180033 5.71744353124729 3.49726720687072
7.03721237781907 7.30971291953905 7.03801934873701 5.71198412466524 3.83474519971263 3.5802556238261 3.26850702040327 3.44019295663783 2.95474035269869 3.00678462739325 2.5682076249399 2.1556911303628 3.46015748515877 2.68752037698924 1.75149850299065 3.80210784332278 5.0609761096674 4.12675086345071 3.86007075717762 4.68897751115237 6.26226649169278 5.59906696327012 4.74518064400159 3.93184396704687 2.62167039915209 3.23261673631087 4.03166432978539 2.7677515879113 3.52508521660194 5.55131474538611 7.16698990004714 8.27777529156553 10.8764326525792 11.4153705896226 8.84222558278457 5.3552732695755 2.33463812101356 1.8196035367504 1.97035158378744 1.89535986547895 3.82655136052767 5.39370710320677 6.3791593836428 6.18690015873314 6.60025822896382 6.37553620391185
4.35152751387393 5.06332602893099 6.62023281367406 5.77411310296973 5.12365270683359 5.57436142818305 5.14577074924702 4.99994560792886 3.306839931735 2.84633695773142 3.92274318921292 4.70494686656797 4.73580472516806 3.99459909747248 3.52398983917037 5.01721094784999 5.80452081625997 6.49010963872952 8.21147276822999 8.88195762504788 9.21840761247547 8.53085753201127 4.20972770778182 3.15984010081384 3.52137094288331 4.3532881295871 5.12150727854493 4.83933131576899 5.0502187706304 6.28381909779236 6.84849521595285 6.73188267736275 7.4961424754779 10.1899758977334 10.5360467020615 6.54474992483314 5.53110134148337 3.69552407287953 4.24814672440424 3.8688410299093 3.0492592405387 4.09321769898503 6.82479782245045 4.44540161768327 3.74391255640231 6.29477390013661
2.52212304180544 2.44275386675526 2.63578676484918 4.99894297245469 4.39660064458505 5.86112297111008 6.05880618013103 6.05697757503906 4.05234479359555 4.11832455956141 6.48777969818686 7.45393354508108 6.12367134356343 5.65418174459869 5.51978247686015 6.3154837463598 7.75041866168502 9.77790636037832 9.89247327990333 8.41914031873196 10.1579473467755 6.36176243127768 3.61607750005867 1.93389113240872 3.489178647485 5.33993162769436 5.73972226431268 6.14817832349717 6.26725930211588 5.28543084152799 5.26885036576268 4.81035112960334 5.51451495995465 7.35070832565209 9.34928762911741 7.78286694292312 7.8107343352321 9.16437749224043 5.55215080964869 4.92269667567833 4.82910729254521 6.50327495302276 4.67614720814664 3.7072018897831 4.68370920163194 5.52739461928895
