IBR/IBR_outputs/all.combrep_1/EucDistWater_Total.PersistForestCover_Total.Spinifex_Total.VRM_Total/EucDistWater_Total.PersistForestCover_Total.Spinifex_Total.VRM_Total.asc
NCOLS 160 
NROWS 95 
XLLCORNER 210004.651214014 
YLLCORNER 7350008.22228844 
CELLSIZE 4999.99999999997 
NODATA_value -9999 
[rows 0 to 20 of 95, columns 92 to 137 of 160]
-9999 -9999 -9999 -9999 -9999 -9999 -9999 -9999 -9999 -9999 -9999 -9999 -9999 -9999 -9999 -9999 -9999 -9999 -9999 -9999 -9999 -9999 -9999 -9999 -9999 -9999 -9999 -9999 -9999 -9999 -9999 -9999 -9999 -9999 -9999 -9999 -9999 -9999 -9999 -9999 -9999 -9999 -9999 -9999 -9999 -9999
-9999 -9999 -9999 -9999 -9999 -9999 -9999 -9999 -9999 -9999 -9999 -9999 -9999 -9999 -9999 -9999 -9999 -9999 -9999 -9999 -9999 -9999 -9999 -9999 -9999 -9999 -9999 -9999 -9999 -9999 -9999 -9999 -9999 -9999 -9999 -9999 -9999 -9999 -9999 -9999 -9999 -9999 -9999 -9999 -9999 -9999
-9999 -9999 -9999 -9999 -9999 -9999 -9999 -9999 -9999 -9999 -9999 -9999 -9999 -9999 -9999 -9999 -9999 -9999 -9999 -9999 -9999 -9999 -9999 -9999 -9999 -9999 -9999 -9999 -9999 -9999 -9999 -9999 -9999 -9999 -9999 -9999 -9999 -9999 -9999 -9999 -9999 -9999 -9999 -9999 -9999 -9999
-9999 -9999 -9999 -9999 -9999 -9999 -9999 -9999 -9999 -9999 -9999 -9999 -9999 -9999 -9999 -9999 -9999 -9999 -9999 -9999 -9999 -9999 -9999 -9999 -9999 -9999 -9999 -9999 -9999 -9999 -9999 -9999 -9999 -9999 -9999 -9999 -9999 -9999 -9999 -9999 -9999 -9999 -9999 -9999 -9999 -9999
-9999 -9999 -9999 -9999 -9999 -9999 -9999 -9999 -9999 -9999 -9999 -9999 -9999 -9999 -9999 -9999 -9999 -9999 -9999 -9999 -9999 -9999 -9999 -9999 -9999 -9999 -9999 -9999 -9999 -9999 -9999 -9999 -9999 -9999 -9999 -9999 -9999 -9999 -9999 -9999 -9999 -9999 -9999 -9999 -9999 -9999
-9999 -9999 -9999 -9999 -9999 -9999 -9999 -9999 -9999 -9999 -9999 -9999 -9999 -9999 -9999 -9999 -9999 -9999 -9999 -9999 -9999 -9999 -9999 -9999 -9999 -9999 -9999 -9999 -9999 -9999 -9999 -9999 -9999 -9999 -9999 -9999 -9999 -9999 -9999 -9999 -9999 -9999 -9999 -9999 -9999 -9999
-9999 -9999 -9999 -9999 -9999 -9999 -9999 -9999 -9999 2.00053240901223 2.18616803894297 2.1924883008923 2.67527694964929 -9999 -9999 -9999 -9999 -9999 -9999 -9999 -9999 -9999 -9999 -9999 -9999 -9999 5.80196196964712 4.66779105856015 2.99388101742801 -9999 -9999 -9999 -9999 -9999 -9999 -9999 -9999 -9999 -9999 -9999 -9999 -9999 -9999 -9999 -9999 -9999
-9999 -9999 -9999 -9999 -9999 -9999 -9999 -9999 -9999 2.0693219210733 2.20522958181798 1.92087326077146 2.30741529973072 2.54218702401677 2.54038457542429 2.14057118827666 3.19253297756512 2.64825500108956 -9999 -9999 -9999 -9999 2.78357986427431 2.76965183524223 2.87241059835055 4.24856890528644 5.78418779937015 5.31467832900391 4.19396486807412 3.85834145465339 4.07088907557331 5.15565116705315 6.61602639456802 6.82914436726537 5.26460625434424 3.67328448339385 3.29027083829825 4.42298526516094 5.51162133868408 6.78035454185923 8.01836363121979 9.21396571511087 -9999 -9999 -9999 -9999
-9999 -9999 -9999 -9999 -9999 -9999 -9999 1.94450574177433 2.10848530250218 2.51453248476722 3.06154167259209 2.27360346671901 2.34336620115682 3.67619364160695 3.64224785213269 3.05606603277886 3.74583041039842 2.79817954905709 2.39453237953547 -9999 -9999 3.02470186946403 2.233620413937 2.49757131296414 3.56457024139298 4.97470347213561 6.41151547395018 6.56431018741827 5.87054507665767 5.66191204110362 5.72487456839528 6.12891360541917 6.90630070264671 6.79781396240551 5.23842667537141 3.41030209558168 2.41977949379041 3.47729860004669 5.07173924764724 6.54817614888741 7.9639864092501 9.20639920425616 10.2524063065983 10.35320755757 10.0561311909075 10.1720350402767
-9999 -9999 -9999 -9999 -9999 -9999 -9999 2.65293553947103 2.89259901053502 3.60702204421048 3.20396273871309 2.30568434024742 2.29237734810517 3.19515307485277 4.68699393059717 4.8740471770781 5.02378295115802 4.12990190321009 3.16152906527818 2.09019201999278 2.97853635511184 3.98008462538972 3.61930679182048 3.06374005523499 3.07314396221339 4.8123998953788 6.51038748537046 7.65407009197602 7.15311805143079 6.10877547457076 5.30683815727026 4.99979523655101 5.5718312078415 6.22727273386195 5.392779519948 4.19428418523155 4.06836891869752 4.49986553009603 5.86880541157601 7.02475202243571 8.29728105949805 9.45873789039458 10.628267349187 11.2251460405677 11.1351239459078 11.1947427758751
-9999 -9999 -9999 -9999 -9999 -9999 3.4951310060195 3.73968041391751 3.58440200172131 3.57246435659215 3.01403745618433 2.32791911101256 2.2672249769807 3.22544211283458 4.97287386119531 6.32928615517502 6.14682043353494 4.68396727247006 2.61703938687958 2.10828627180858 3.21694523212959 4.66082753075229 5.22636644082819 4.24930792870233 4.21113170602668 5.28420626412819 6.34836006213951 7.16358509303685 5.99161597803653 4.32883319560165 2.84028960449897 2.15347931588314 3.31798233471098 4.91995017962002 6.12774526123777 5.78444462274126 5.69062214184588 6.11455378740844 6.87498147222419 7.98160319398713 8.90513003584775 9.89289304584996 10.9335414487895 11.7935406995914 12.1594140081523 12.2135875265081
-9999 -9999 -9999 -9999 -9999 2.60305128520895 2.43955468979041 2.52178274305889 2.38274203188264 2.7451888766311 3.0353410256869 2.41383759383032 2.84096062415125 4.29176474553267 5.54215463820351 6.77140275269753 6.29219297262376 4.45727352688613 2.39203720903796 3.44586373562201 4.76249156179306 5.69798177714502 6.3072102429703 5.41767371286021 5.12065039894532 5.51070322273758 6.49873787500119 7.19462160219309 5.91079753132671 4.28549704716317 2.58615579834407 1.83318931381658 3.21958739540032 4.82808109645385 6.19821437018275 6.67170751180452 6.58002868321291 6.72466903290557 7.17565818400722 7.99915229090727 9.20339523954558 9.97464875203545 10.8597804306772 11.7401047962525 12.5133087156747 12.9896291408959
-9999 -9999 -9999 -9999 2.27824756115989 2.21627017378876 2.59225732998095 2.23804294973785 2.04488213287385 2.10931818631528 2.24666407030279 2.2232956811497 2.97558558322081 4.14784433470649 4.72971889478682 5.98468921970737 6.60277516363949 5.5287152244601 4.67234816780894 4.64265845009008 5.41117006507282 6.0417253216629 6.56599417754736 6.34029161563154 6.26812086156441 6.644554273632 7.41147711977545 7.60937707726938 6.39281247800301 5.09835226308077 3.96124973551595 3.38408489258769 3.23874701733374 3.81809370279889 5.03255310257004 5.24861624102088 4.9807295167172 5.22316412019466 6.01561705087707 7.09320070550716 8.30032348989933 9.45095151051171 10.5661750473147 11.4039412236678 12.222238091744 12.9203934526651
-9999 -9999 2.3379917463226 2.12126301069536 2.10559302605802 2.76198048395961 2.9162035648559 1.31064947928277 1.44845420870919 1.99504169913471 2.50248590023886 1.84898279353785 2.69027854377363 2.7108765983806 3.56078566500202 5.08682116245639 4.72014962764275 4.14906018828028 3.66160020144871 4.24197606600489 5.41397987646631 6.6828538155578 6.63656041133053 6.5222217807772 6.80014417792424 7.31036391136696 7.94095203958627 7.75601725763183 7.07612816273147 6.00854756150053 4.52219879264434 2.90428582788645 1.59886638558688 2.71021428545709 4.15873581453527 3.78487657833047 3.04106069767813 3.61076147052229 4.99162080599543 6.29462967845591 7.75352666680594 8.92524588287395 10.203270069958 11.1915409458954 12.076280148442 12.8219583094908
2.20874177497307 2.173765566994 1.58520697267252 1.98018168846015 1.88537039891633 2.07601225724599 2.17794663778781 1.98201004075858 2.99744244395182 3.25844083126882 2.72749497676611 2.90340979379134 2.2482359669323 2.21181875351562 2.8103599943032 3.56119046021831 3.27441315363546 2.41291064883977 1.76355228264739 3.30567578214413 4.93636738879276 5.86847656884457 5.16266823694943 5.0430544566054 5.38607268155766 6.20803364717782 7.12954352449073 6.6772716288835 6.36931811976895 6.02972112748897 4.69255180165747 2.96305124799261 1.81400652523403 2.76382859967586 3.94976432992406 3.03021896648954 1.52388391085641 2.58232148369535 4.38885877118696 5.95433328902212 7.39490042245723 8.78537087564474 9.95649233978513 11.103775638756 12.122790575029 12.8998736102224
2.03118892964254 1.89031066569245 1.98729445146392 2.78471366254868 1.79347571738306 2.25193498331303 3.05490437197725 2.95220333651697 3.71482422322336 4.3286006982059 3.92062195480482 2.89081556368836 2.94277206888627 2.82878474956822 2.14072192628504 2.01979280302684 3.32498698500737 2.47695852637906 2.84585438932971 3.60364052214406 4.83885673184001 4.67017789429357 3.50609006488114 3.1331868447613 3.98825665122928 5.29062782273996 6.05772590688003 5.25828754973594 4.73414266219966 4.82704969824988 5.0150413695532 3.72771869779204 2.75245445134084 2.70930700430329 3.75133875152759 3.46338796591198 2.39087581576567 3.10732663696082 4.67030884040747 6.16055116431547 7.62825397663034 8.93256287985326 10.0913850175963 11.1502382391509 12.0778149695375 12.8911394808753
2.17486307199239 2.50703354963095 1.71989409407158 2.77622280352959 2.96027840096701 3.50710744026952 2.57041246598841 1.60990625568897 2.83139287886639 4.10189068997053 3.033404095011 2.49967911716499 3.11104983224854 3.0191214942963 2.20312282728673 2.10838118044671 2.41758861734122 2.82957444318858 3.61576677087957 4.12091950879284 4.21605841809132 3.92725147236663 2.32347715270735 1.48413823901757 3.02817051771867 4.75803999930702 5.15112659208604 3.82971644860877 3.11935557084975 3.6916445352664 4.31801371335675 3.68308235964776 1.97782909880945 1.84291926416769 3.60633702587524 4.5022214572757 4.04884059804188 4.45128856262371 5.54735840436308 6.7480939814505 8.09046096604135 9.31687603458019 10.2758105600232 11.2910162595533 12.0115885419741 12.4027372555617
2.51628665711489 2.56090394957085 2.53837649292356 1.66337332433006 2.16025784740505 3.60931959378236 2.8904610184141 1.5356979097734 2.65665513277366 4.1465635065147 3.40922953567997 3.09005416337162 2.75999496804106 3.25402473396841 2.74192197367404 2.94604764871688 2.67030023034489 2.1611894406893 2.37664606986789 3.35058957233019 2.97163009124152 2.88293464946752 2.83980024522435 2.46942107372544 3.47879670838397 4.95693004061855 4.70643786033386 2.98400091128559 1.86361540552877 3.11066717815776 3.07617837017613 3.38340974696255 3.27305479801372 3.1918853693877 4.16537700417489 4.47635491822109 4.54245802583897 5.35666050538082 6.41105164931162 7.79864801187026 8.83780671391079 9.57716307979289 10.2447002173873 10.6116559346629 10.9213092797622 11.4518314024879
1.61848361189398 2.78096546501937 3.2471834974 2.60156470000996 2.92418693980938 4.21074591056418 3.73741081275414 3.15983625118056 3.64274732885601 4.74844551189219 4.5503381523677 3.79152991648339 2.63910125419006 2.65471104986156 2.40305918986273 2.9986148490465 2.90142694162038 2.29236780639822 2.31766120965767 2.20759319076639 2.57011043133474 1.88590270356831 2.18110808571134 3.36201812227819 4.13156304785187 4.76854204187825 4.82886054336685 3.43024217598176 2.45694368263371 2.72324677518242 2.68166602717463 3.35162112953634 2.92582758741877 2.875386061777 3.57547164875465 2.88061937628122 3.08883286555643 4.54090161488973 6.07447895895032 7.64656968121609 8.36879083776841 8.58582441291622 9.17462508867038 9.52766233001623 9.79228102217226 10.3143885386323
2.43189713820733 1.65077018266267 2.21660378058881 3.66626197315985 4.24007975432859 5.38256957238111 5.10206230636898 4.8988532328481 4.46075179387341 4.00336114295785 4.1619282735541 4.85556877487734 3.34951238296989 2.56179920675562 2.18187727391235 2.46997053505468 3.52533098055814 3.58338522454087 2.76318733520115 2.22967766271703 1.68505062296336 1.66178101574413 2.04651000373996 2.62262048560362 2.75736979205817 3.42485085172497 3.85673134699371 3.78340148793331 3.85079064675515 3.22390966213502 2.26516209193522 3.07330710665671 2.6176679900454 1.99998886939447 2.77230861679731 2.40940176618844 3.12673432226248 4.36943970576282 5.30954744203656 6.55140591430926 6.97384361458698 7.45380511001721 8.26800244046764 8.52254249197377 8.83081855507214 9.32919944252765
3.24444227867215 2.13108020396467 2.17759990604075 2.45558485591214 3.66311708300546 5.19798545197254 6.32255811473226 5.46651182631188 3.72863111845862 2.34547005322072 3.33389392427353 4.62932913397011 4.0208037125855 2.44995497774022 2.5007291744926 2.35949427191779 3.52994428945794 2.82266918187809 2.397062635551 2.58175460964098 1.63456467278231 2.08419949025035 2.21121602628528 2.0250579777822 2.27922049918045 2.59279302907755 2.57207135447601 2.3100165353747 2.72699048818678 3.03659862239344 2.57837377107219 2.58207624904549 2.74190324216231 2.62830643523451 2.96299234308886 2.83430206961407 2.80939115876027 2.97793034844143 4.49806205341384 5.16122493868454 5.44924448058156 6.34534384199743 6.77211693751927 7.20067043324015 7.72342580800411 8.53172145831402
