IBR/IBR_outputs/all.combrep_1/EucDistWater_Total.PersistForestCover_Total.Spinifex_Total.VRM_Total/EucDistWater_Total.PersistForestCover_Total.Spinifex_Total.VRM_Total.asc
NCOLS 160 
NROWS 95 
XLLCORNER 210004.651214014 
YLLCORNER 7350008.22228844 
CELLSIZE 4999.99999999997 
NODATA_value -9999 
[rows 42 to 62 of 95, columns 0 to 45 of 160]
-9999 -9999 -9999 -9999 -9999 -9999 -9999 -9999 -9999 -9999 -9999 -9999 -9999 -9999 -9999 -9999 -9999 -9999 -9999 -9999 -9999 2.03379102828517 2.30700438514233 3.68998786951709 2.61796892932257 2.55673166817091 3.49600382397627 2.20552402905566 2.83748154273748 4.55780853492098 6.16644850664032 7.12517525046944 6.6191831866236 4.5996000374501 2.81276713529243 2.10417924905541 3.24967605693918 3.70013678956533 3.5168426837883 4.51808250833954 4.79971366895914 4.5059048377329 3.23620281830512 2.82571505291719 2.99571401850931 1.67626219179008
-9999 -9999 -9999 -9999 -9999 -9999 -9999 -9999 -9999 -9999 -9999 -9999 -9999 -9999 -9999 -9999 -9999 -9999 2.55193678068693 2.67557402987605 3.73669205536254 3.00879424775288 3.35698599131852 4.43636047393462 3.0288725491187 2.16649601401627 3.73723936058869 3.92233318151763 4.37148483006951 5.38487777148761 6.20508673550387 6.80606604318512 6.7361027857568 4.36646621761621 2.42625149881068 2.11822842341906 2.17346719357052 2.6674799478421 2.01227384688803 3.69910954227959 4.78163728700386 4.56022839200543 4.16094348549161 3.52436604755816 2.91481115309806 2.59291635315509
-9999 -9999 -9999 -9999 -9999 -9999 -9999 -9999 -9999 -9999 -9999 -9999 -9999 -9999 -9999 1.77924172408386 2.17856137071654 2.31849100967789 3.18441875017407 2.49676818697346 3.72940517346313 4.63458032165465 4.07858115469976 4.83237780604773 4.14930461649803 3.89657608540093 4.64492027322577 5.08825435005634 5.11623747187529 6.22328950108939 5.13667068640503 4.99528717122378 6.11332153820615 4.89531511003593 3.83526186863303 3.36255539179211 2.26966787104034 2.92831942777381 3.4478387542546 3.30228798133436 3.03057174218437 2.8463444101074 3.02861110600694 2.34405938841322 1.95183109449975 2.08667176615783
-9999 -9999 -9999 -9999 -9999 -9999 -9999 -9999 -9999 -9999 -9999 -9999 -9999 3.79563160953448 2.46471138821236 2.15233709184017 2.75584331149696 2.91905010561202 4.01896104446361 4.12621445906062 4.77366220062039 5.45426531937345 5.50144331053633 6.10363013666186 5.39448535328989 4.9612399852666 4.83150899717606 3.97989666752065 3.81568271437916 4.24324450891709 3.72733001557008 2.8870020704844 3.5483681404157 4.84113861902714 5.04012712529631 3.7139436225028 2.63494162844542 1.53228138488583 2.19225847277812 2.87147684729924 2.89771741689646 2.18922429163184 1.90808558684417 1.94460633994146 2.7868323950107 3.110904855938
-9999 -9999 -9999 -9999 -9999 -9999 -9999 -9999 -9999 -9999 -9999 -9999 6.00646829669832 5.0025885037588 3.73658598217535 2.45444537176992 3.13896029710995 3.17461531309809 3.36160127160524 2.64906343145302 3.20257839587862 4.74127312217317 7.10643716980271 6.76583131417171 4.71006222545059 3.61477354665085 3.94250518886658 2.82082091481057 2.33116673861886 2.91822993385375 2.05860196085141 1.31218674504311 2.43881741304239 4.29591245665152 5.09162839746664 4.35385281481359 3.96388726529599 3.28423892840453 1.94862258418592 1.57136505637917 3.31842960523094 3.4551295643689 2.77496827780516 3.55686488114133 4.62463973502026 4.77999373546319
-9999 -9999 -9999 -9999 -9999 -9999 -9999 -9999 -9999 -9999 2.79812162176083 4.12829914102985 5.50038324095604 5.42992703024335 4.62282143725914 3.02077441629675 2.55380685369546 3.36926522159569 2.97599751691216 1.59411339969387 2.62729916508112 4.43070368698061 6.73799747885638 6.20727380227842 4.34072209937467 2.04329648976165 2.95404238286187 3.3736319229866 2.43990807993711 2.47345586679032 1.13091921791989 1.24398068789126 2.29516360193846 4.04995687728238 3.88899874374348 3.21127835768286 3.51170729557983 3.45507238557088 2.32669315558648 1.51736907970634 3.61978052382298 4.42405274670481 5.17447980039642 4.96411857376231 4.36570464562339 3.88472420297238
-9999 -9999 -9999 -9999 -9999 -9999 -9999 -9999 -9999 2.05562089208192 2.42775041584726 4.06182108665951 4.34719993321212 3.75596722732367 4.21306626558852 3.38526933120559 2.38094438209643 3.24594511106748 2.31331520295545 2.64919330271286 3.63260924810467 5.01903860391272 6.71068373063615 6.28499089153311 4.71577037703205 2.88577881034279 1.84996513625822 4.04074833767311 4.63153962792462 3.07167917108509 1.89799133759792 2.66746747372345 3.68816328852079 4.15683180172583 2.88936050194385 2.29066567482116 3.05987392430546 2.34038875377852 2.4386848293562 2.73647304346801 4.73484171062885 5.89640466636964 5.78182392309519 6.56790853098986 3.69803402841403 2.30608181522376
-9999 -9999 -9999 -9999 -9999 -9999 -9999 -9999 -9999 2.12022704805976 3.00609820208608 4.52796947380804 3.58459837552438 2.49970310179911 3.65774487445043 4.40905663589145 2.99141883100425 3.01246828579198 1.75164921022243 2.36163576107779 4.15846118963863 5.8256828950965 6.36544630647241 5.82829120523383 4.63577385872622 3.90058948666556 2.65047525499024 2.52846143760966 4.46306524816688 3.65617514321749 2.61494566652146 3.16041853426156 4.48916365540853 4.4181370812629 2.75097554222871 1.97866934284487 2.77256800800175 1.67974746828845 2.23849154313556 3.76552649600406 5.6847730143849 6.2356503876655 3.57373068291453 3.9414843831245 3.7582009134918 4.41274613021969
-9999 -9999 -9999 -9999 -9999 -9999 -9999 -9999 3.06192278478361 2.60225349313886 3.68586030179955 5.1116581574494 4.48107869275298 3.90075083797318 4.5025359270541 4.4824138959778 2.94500962931561 2.64934384447605 3.6975162843916 3.66342954897026 4.91990778497111 6.56224371997049 6.16374340740889 4.9629088271068 3.56289052328775 2.7437275082131 3.17900832739052 1.55503894882122 1.91310578770079 2.94655389862175 1.57131376342276 2.37428164596297 3.90100354978741 4.35484304617366 3.35372077554565 2.67125348225404 3.34851401083514 1.82419955273452 1.49443479011331 3.03229474373464 4.67190693697008 4.68962095580766 3.68965404391888 3.60275339201211 2.36921994358765 5.58246514267171
-9999 -9999 -9999 -9999 -9999 -9999 -9999 -9999 4.89133959866035 4.28817170114346 4.91213669001147 5.24456559749506 3.4199118809867 3.05768553614687 4.09313296110884 3.1792469505361 3.09431769824482 2.31938927566812 3.75445778822393 5.46648711081086 6.49483238547615 7.00776631810861 6.16050621683683 4.66090532924697 4.12350540093668 2.95395972678284 3.79457306558764 2.84079368747204 1.24331722259761 2.51536651103296 2.58421867514451 2.68918950403387 2.50774372536729 3.40511623437691 4.64435342555606 4.54754459333328 3.40955792043801 1.95992547338821 1.47043116120708 1.75694973983106 2.85890762668379 2.70021518972757 3.82703896387101 4.53895233274777 2.16874568675016 4.12431689953886
-9999 -9999 -9999 -9999 -9999 -9999 -9999 7.03206076895354 6.38938758966089 5.74869265776113 5.96952020986271 4.41216648405886 2.83028590233371 1.95276346564158 3.2502345158297 3.12356751492641 3.36440693887752 2.41757761790491 3.73878947558947 5.37525093914755 6.32522127101814 6.8213386209472 6.72357443157534 5.44901036794382 5.3162512652368 4.68628714460451 5.04789215840179 4.52858026210211 2.86189153062916 3.51630880539115 3.86325521775161 2.33501936492585 1.58960841259894 2.95765191343224 4.73130785404052 5.29652503885278 4.40402184420998 3.17352043016686 3.11572514250695 2.6342493088579 3.25500750641803 3.06441158867937 3.09687660416953 2.6404313845792 2.98576527045491 2.54260038693437
-9999 -9999 -9999 -9999 -9999 -9999 8.89827739616365 8.42106495211146 7.85714152425332 7.14412690090196 6.59039336131795 5.15758337845839 4.16312266725065 3.65873537533286 3.77450659231108 4.02103470678582 4.13822371508261 2.6405615041448 3.02664667950708 4.41319000595973 5.19162551952978 5.74106308527689 7.01162465587497 6.37703338912265 6.40059305524931 6.24039614099649 6.46683401847461 5.84219654567511 4.91800858380637 4.60593014106175 3.94105012213207 3.00888161305107 2.7445749325309 3.44153897373418 4.48886421285625 4.86032330829773 4.85289802148215 4.82712691098109 4.82962024952588 4.40247962791338 4.21764058322487 2.87374974004535 3.05033602245993 3.7951802124661 2.99464183510075 3.11405549225456
-9999 -9999 -9999 -9999 -9999 -9999 10.0613990959236 9.51686907147536 9.2086840846117 8.79303610000356 7.22392252175345 6.17123548655657 5.26299254420751 4.20966839601885 3.01253685708129 3.01743818862191 4.25371828854793 3.38780789265899 2.29418312351975 3.1878129099224 3.88614837388102 4.96019549239628 6.4948071644309 6.03411881526691 5.66433814724826 5.38982043019329 5.90588074107464 6.53957279009164 5.71207347957623 3.92052796297509 2.65340763664866 2.5875870481917 1.99676742142676 2.08216713204616 3.38642420917829 3.19843511059065 3.41683340308791 4.18084625520588 5.70093827559095 5.73827047014496 4.7368779507964 2.82878317580017 2.39633266186322 2.19524683348857 2.96518194272199 2.79296449347032
-9999 -9999 -9999 -9999 -9999 11.7347827314492 11.2299299317004 10.6533056603349 10.0028351738827 9.22827046933615 7.82510767502027 6.49615317366143 5.78096828373995 4.5024076674011 2.90765734430518 2.93843961195354 4.35920054690303 4.38310695262163 3.05780239935432 2.43985278143629 3.6459534257423 4.80451918194507 5.84626019865585 5.5290332821988 4.31666997485184 3.60778988287211 4.59839545633455 5.49095826486836 5.18150085296535 3.6190276969177 2.0089348159361 1.99982682316086 1.93472579447027 2.09831774257316 2.43973817476542 1.49803631436703 1.81082896677677 3.20863813413864 4.85753465842429 6.00890705735457 4.84652778866491 3.31176266086695 2.55705702404792 4.24697692664886 2.44732550608834 2.59454297922041
-9999 -9999 -9999 -9999 -9999 11.062237625792 11.7260894555604 11.6559561528428 10.7311281817061 9.30831982547534 8.07377179240929 6.80672336120993 5.68298195178159 5.21278546772649 4.44133905312362 4.59274767575159 5.38457551977682 5.41306073903965 3.74956303904411 2.32958520632336 3.44272409598278 4.98118019822629 6.36222271336346 5.54948686737626 3.82459199505708 2.78087691621419 4.18061982887845 4.90909910559558 6.2894787157145 4.34088571432848 3.31097761778821 3.39412308559048 2.47835172430315 2.47445116101092 3.02298527618563 3.04643522585445 2.00866684880775 3.2713723454581 4.78468912938232 5.46290589570557 4.34345485852244 3.87814810469328 3.12165439983008 2.90970502225152 3.46043718010354 4.90559808414005
-9999 -9999 -9999 -9999 -9999 10.3860978422409 10.8481178252374 11.5437735165266 10.1781301881072 9.09048948296139 7.92385418455449 6.52153832836387 5.30705117353152 4.62803536527028 4.53080115764576 5.04756437422417 6.17354191127058 6.0289239800989 4.5345931809291 3.01995855182111 2.66390008644951 4.35575848940283 5.66945743844542 6.0206195318153 4.88909302617819 4.37817380704416 4.55700136485217 4.67510506931742 5.76242381997049 4.98677443419959 4.64506623221563 3.79165923910499 2.98651475580483 2.06484882616398 3.53974408081387 5.35165913436049 3.7272586499495 4.31830732730027 5.02301046017139 3.99734952438998 2.73434203928764 1.96510890457311 3.08049885916914 3.9341497214752 4.23265855981906 6.90303085666228
-9999 -9999 -9999 -9999 8.32485712513981 9.32251533328128 10.066470527467 9.85644553347862 9.97898703929119 8.93570102545833 7.57601062084307 6.21394027808796 4.7271562899501 3.56474809740895 2.84237664592494 3.95369265706833 5.66001130423479 6.63784109711235 5.55344305218828 4.22862896160682 3.38706690913372 3.22694318305985 4.25735203037466 5.35581646863315 5.18312744534653 5.04009596788321 4.41600371427089 3.2937765744755 3.13825525323332 3.64152660177829 3.86090180449701 2.55445597615218 1.8667284061017 1.45496657015733 2.72571653024876 4.48978296951997 5.2669097674865 5.5939739711635 5.45167514668502 3.38189368460109 1.75916638986716 1.65771737488155 3.60084734306752 5.40808415133831 5.39264666146183 6.63317438585921
-9999 -9999 -9999 -9999 7.5674359044027 8.35339704655075 9.15897886859908 9.14626621138972 9.46383343741142 8.86318587973454 8.37386695365846 7.37761549182954 5.88005748775964 4.40523979913691 3.4223346190207 4.27513847338702 5.45847210453023 5.7992454324914 6.17153176987835 5.26540056671413 3.50358760606242 2.40189914666932 3.09996015522642 4.70299217556063 6.01310807078445 5.5876462273774 4.34647481389207 2.34223132739275 1.81389740076437 2.25636892883726 2.8445679033554 2.5837613081729 1.74900894892522 2.04734455342784 3.35119924156003 4.79840283889762 5.23477688391276 5.21757378271128 4.80077963393756 3.70304951506275 2.81665425719192 3.53046839988152 4.59087326787431 5.55744071146164 6.1432750652741 5.61643785855853
-9999 -9999 -9999 -9999 6.38079065514932 7.43322513581036 8.34716048741163 8.61220787463275 9.40530101257072 8.77078158233729 7.7697916917679 6.96876251334344 6.33650232490639 5.66336649850999 5.21299572430543 5.08716568470081 4.15687999478168 4.12189527603199 5.3167119724292 5.69740382237505 4.29507478422814 3.31834546559041 3.59938730478128 5.22815603317862 6.45681786603058 6.74787879625594 4.52241108561082 3.58643110249897 4.27972787940177 2.18387394297918 2.8322418799015 3.73146818324466 2.30257354528898 1.56611273397888 2.77677769389875 3.49545399139109 3.67874860719198 3.74085151930021 4.06378961923916 4.00014014422983 4.13292564651676 4.54859437366989 5.10643364619551 4.72965863399851 4.33601136687218 4.76634162701688
-9999 3.12798160734958 2.76040116833575 -9999 5.39722386685847 6.58569438855113 7.21321759852579 8.59595363116308 8.71679778943331 7.70569906381325 6.67637753677369 5.53184759342478 4.92994742870287 5.31310932009648 6.03192237428471 4.87400812812561 3.11741838693281 3.05279136584235 4.7963567367822 6.21345705301886 5.64156902431717 4.95161958691256 4.09099163107428 4.85801351831557 6.10829252106644 6.40677708666461 4.79441767704063 4.05882349541163 3.98464671744148 3.77146274103329 3.60195490168957 3.73809138181631 2.82777231554356 1.23873546653678 1.69675413322732 1.76143446738831 2.13792144947654 2.78431174403667 2.07440886364947 2.7479019769527 2.57938088971147 2.94172854239845 4.16010257160204 3.12924248854626 2.63534315855593 3.34542590339145
-9999 2.81950540808244 3.32063459479537 4.17799758848861 5.45768931587479 6.42525394841298 6.93076985793349 8.14845040350353 8.19660322323103 6.88546348572737 5.47900903346618 4.20302540365776 3.13995520070738 3.96021703164437 5.53813839770947 5.4365202867695 4.24607019940525 4.20894869986769 5.37036080385372 6.53249578327979 5.48566658665205 3.91792133891205 2.98282191244842 3.70962935101875 5.53471459753377 5.60360218462658 5.06035860265876 3.04765211446231 1.59952985684161 2.97911402147477 2.22601704790721 2.43774725456287 3.3409028830121 2.20852137677155 1.83639106493975 1.40568227056341 1.63451265226161 1.75789728965151 1.83063881132617 1.65500167275418 1.84643829714395 1.79929176105432 1.95207418156632 1.76208136495442 2.23976421452376 2.75587520457137
