0,21.1946012760032,22.7787798244285,22.1919935689197,27.8969891663154,28.804989963042,32.3001591440551,27.5676734851406,46.0747150727641,45.4615566656034,70.6612746399884,48.9010873989546,47.3263194333112,47.0992005694811,52.6599885242557,50.0318923077428,45.700615401626,43.1847519942384,44.282946308382,44.9142113369858,34.3414059291306,33.8811733545188,33.6830665825528,59.0852211790165,66.423697062602,75.6395350335916,62.9075337444529,65.3122792072352,45.7899157559722,44.0348421273346,43.5408543207104,49.936883847729,57.9380119611836,44.0950858843978,47.6906653994564,47.4327719658663,51.9620516078639,61.910032275767,60.0483066083279,61.0193924933777,68.3316113909791,71.8422169697134,71.189552882238,71.1843186999432,66.6838681756849,66.2642234140512,67.2476632275441,67.7961999748589,67.660701899856,64.2246198986,65.5999617525243,41.0391109612383,42.1503109251427,39.6931095148542,42.4234065006526,38.8435260271331,39.0023889438982,37.8761450875203,30.052416259246,35.6196551842452,32.6954273940304,32.8988667441507,29.7380353597327,52.6879047831208,39.6388609090552,42.9674541376797,65.1111007256918,66.8374250735014,66.0390052568436,64.454292573019,66.9556459095933,68.6216163929383,67.0481668101933,70.7091202016421,77.1526266752841,39.8805361495711,40.5803609017141,75.2074503575948,34.8525281231479,37.4015925394021,45.6602842665351
21.1946012760032,0,24.7095401306439,20.2793689569166,23.4123695171681,29.1846170773459,32.2469827406089,25.9261855456983,45.4960269353075,44.8845769971084,70.9568079527657,48.3453419656776,46.7650216639752,46.532634305706,53.0731172145041,50.4096031535051,45.5514023189729,43.0784012914747,44.1392502793898,44.8098569264249,34.9274909648997,34.5260761186612,34.3362899346873,59.1452898032089,66.7937125157675,75.9990711535397,62.806073061937,65.2642830875496,46.254569419741,43.4689338101166,42.9694096243191,49.3721661353832,58.3026650882741,44.7583295691446,48.0563493327649,47.8001589516672,51.422271989221,62.231513655643,60.3715169825674,61.34020600974,68.6387482674567,72.1485296805162,71.4940372724672,71.4879592629061,66.9903408215958,66.5751027846148,67.5558685786355,68.1054152965366,67.9696039327231,64.5328468526053,65.9124024969529,41.1949345161727,42.3309967867528,39.8888806833418,42.4621980321375,39.1869381058377,39.3487041148166,38.2024795518339,30.7657183848328,36.3557736408911,33.5239633737817,33.7365287257636,30.6940387752613,52.5133881788264,39.1997473987658,42.7399601728468,65.4416767502321,67.1698336001993,66.370522572343,64.7849008969861,67.2507893677697,68.9171473049581,67.3507728079592,71.012227709399,77.438456851644,39.9488871026519,40.6661080700846,75.5033943372727,35.1514045767528,38.4120318755791,45.0511056868053
22.7787798244285,24.7095401306439,0,28.3465150717646,31.4552450662861,24.1652842582535,30.4778926589774,24.5180324891813,47.9268010387671,47.3036130362044,72.1817721170292,50.84173577989,49.2591159402099,48.9991780618177,54.1902196138158,51.526429719862,48.0447311731125,45.5150119473963,46.6161190221537,47.2513063941514,36.673376201549,36.1130744216861,35.9490206607612,60.4059384004533,68.0257653164364,77.2258627769772,64.2242786862949,66.6199411518362,47.4376208945776,45.5719485257196,45.0682273934521,51.5848739061119,59.512477575366,46.1552888994597,49.1629976462151,48.8948756745522,53.9443993693576,63.4481663477513,61.5881626390203,62.5579841644635,69.8560636305241,73.3667385523122,72.7118235290384,72.7067139034856,68.2119097412998,67.7957413026199,68.7774509818817,69.3263225957642,69.1912391120517,65.7541259309437,67.1327980327135,43.3870399847932,44.5087022246019,42.0306854431591,44.7921128239288,41.1260441561462,41.3094786195018,40.2033885011542,30.461456995589,37.9948404449946,35.032947650828,35.3522754328733,32.1299821985798,54.9895962668639,40.1622688549618,44.1922594341124,66.6614850620789,68.3897267364676,67.5902646855413,66.0044900096598,68.4737287486376,70.1396998526762,68.5729956638668,72.2340928144601,78.6634954827217,41.0482339109801,41.7710429440696,76.642963881557,35.8179293676617,39.1867007262112,47.5036043564078
22.1919935689197,20.2793689569166,28.3465150717646,0,20.3840416907568,31.1063966384223,33.30701121225,28.4572789838305,43.955803752552,43.3561470399458,69.7675759162294,46.6975590158946,45.1268972942631,44.9341993721012,51.8722619224279,49.2425906560056,43.4348541521798,40.9858564925556,42.0378008726535,42.7087028256623,32.9529743712405,32.6681648118839,32.4465393983667,58.1539843417772,65.5238502115384,74.7446717812071,61.8291255328442,64.2921986587184,44.9419960050859,42.2998318925781,41.8128709180739,48.0718912675616,57.0596812951557,43.0727546893939,46.9103442977139,46.66367882945,49.7237702898841,61.024553491642,59.1628543774073,60.1328303517774,67.4453298780224,70.9550749750738,70.3027905908504,70.2966247239202,65.7935269279346,65.3748187656757,66.3573281175614,66.9065204073701,66.7703238845485,63.3345745991782,64.710806187865,39.1168430389409,40.2448260642112,37.8289596425767,40.3409976569964,37.2109481185266,37.3474459405226,36.1761052934197,30.4029414424619,34.3791861975925,31.6145792641596,31.7151041593568,28.7768823335179,50.4489824172463,39.0212153449938,41.8646749393663,64.2226915119039,65.9489521480511,65.1506689557722,63.5660945570636,66.0638689594698,67.730211861637,66.1571587125242,69.8184586510671,76.2587413211782,39.095283433953,39.7906725777493,74.3938926401144,34.4415572742068,37.0524326915364,43.5249154754206
27.8969891663154,23.4123695171681,31.4552450662861,20.3840416907568,0,33.3140212043783,35.1836833648098,29.9633380133408,44.9975280302065,44.4007343340339,71.5417126649626,47.7489318729651,46.1740737903019,45.9807953177605,53.731649808673,51.0764964703663,44.8196315582118,42.4088784816783,43.4275337424758,44.1335291593428,34.9764113015931,34.7240739273009,34.5124515669664,59.7583404067058,67.3534083443958,76.5663837011941,63.3123077214407,65.8164365711396,46.8399546234769,43.39763675883,42.9081642379023,49.1524176048345,58.8849468748008,45.1291618483513,48.7355903162243,48.4901256406576,50.7847360061111,62.8179075766281,60.9574901812427,61.9256946128191,69.228058833287,72.737194530796,72.0835561997044,72.0767661178825,67.5757701311256,67.1603271844976,68.1408563558117,68.6907956158694,68.5543691057115,65.118117934684,66.4974718360961,40.7726569770681,41.9238137758853,39.5192058781238,41.89447486777,39.0260181294485,39.1672848930134,37.9805990062135,32.4699905070435,36.5251366814096,33.8195236494839,33.9493906585896,31.0777655538623,51.8121609819784,40.4254720754861,43.2660696296553,66.0228174085218,67.7504398837355,66.9514933312468,65.3662423962936,67.8377180387341,69.5043481966758,67.936536529357,71.598207761118,78.0256937581452,40.7170877421177,41.4232476340529,76.1689078779173,36.2335392837258,39.3153868787553,44.5401753331107
28.804989963042,29.1846170773459,24.1652842582535,31.1063966384223,33.3140212043783,0,24.1648558319788,22.1640493566699,47.7919716736432,47.1589165174491,71.7057510126799,50.7902988882235,49.2005707807591,48.9094606225689,53.7292183508915,51.0268189702376,48.3618912706798,45.8204526356381,46.9237416078063,47.5627648513861,37.0022502414727,36.3580229649333,36.226173551403,59.716920536487,67.6341196340845,76.8180686608366,63.5327103969658,65.9175955553791,47.0981363633603,45.1283888054598,44.615613011375,51.2504186299559,59.0930533963596,46.2408789747706,48.6399355272261,48.361380064148,53.9318205343091,62.990668361879,61.1324556376479,62.1009334665172,69.3843121617502,72.8950404448572,72.237790396932,72.2327904993927,67.7438021503905,67.3312684742295,68.3111581742376,68.8603932324363,68.7257239025925,65.2875472052148,66.6697011217179,43.7113633119308,44.8427130115161,42.3465010826837,45.1328368577696,41.3951259608236,41.6012784767697,40.5128837345414,28.7341538989032,38.3780667143472,35.3974109538293,35.8165754827538,32.5632284845958,55.2690426582522,38.529336596186,43.4023333420645,66.2166235205606,67.9468524047427,67.1463134015141,65.5594412496115,67.9952333665096,69.6612123509096,68.101533443774,71.7627875151428,78.1774489865601,40.1877786084643,40.9368247738483,76.0790073178234,34.7271019938452,39.0816792260783,47.3635810771575
32.3001591440551,32.2469827406089,30.4778926589774,33.30701121225,35.1836833648098,24.1648558319788,0,24.421410740047,48.0042417622697,47.3622008811268,71.5504381240116,51.0734215678524,49.4780727906979,49.1600749402539,53.5878446423916,50.8485923999921,48.9349921351516,46.3823626187023,47.488903501628,48.1294740756988,37.5667355485761,36.8545751490995,36.7501107740769,59.3624966805922,67.5557834404107,76.7249583516777,63.1854932870357,65.5558747967939,47.0699011620243,45.0628208576072,44.5427960069246,51.2828124184787,58.9892609216182,46.6015995919896,48.4394282673954,48.1510179359007,54.2473765544844,62.852089253324,60.9955135797463,61.9627857447958,69.2327081371476,72.7435073565181,72.084109025791,72.079234018653,67.5956351387532,67.1864009613182,68.1646494660642,68.7142010854832,68.5799265709107,65.1407703419552,66.5260850489218,44.2787151667643,45.4171758013421,42.9054570210134,45.7177035182031,41.9101350341155,42.1355696324564,41.0625725738415,27.3530124428304,38.9910381238523,36.0006356650866,36.49803769304,33.2287681343433,55.8124387098045,37.15806911761,42.9636571493684,66.0896337578168,67.821675943931,67.0201527831035,65.4322776455911,67.8376020113609,69.5035776088261,67.9503163311587,71.6117048493889,78.0129617597199,39.6537642043156,40.4300415726495,75.839753162661,33.9413152229431,39.3268860625109,47.5757190414891
27.5676734851406,25.9261855456983,24.5180324891813,28.4572789838305,29.9633380133408,22.1640493566699,24.421410740047,0,45.3909287138827,44.7594936070951,70.293634235221,48.4142859973976,46.818905672573,46.5217772635456,52.4522275666413,49.7198377047884,46.3740657757418,43.8716409108394,44.9408569373142,45.615752315789,35.6703517750811,35.1056007670117,34.9704522451243,58.0839729302442,66.2851917804532,75.4615155129929,61.7069747146679,64.1581106584061,45.8437279579613,42.7326771876517,42.2122723039557,48.8619948143386,57.7459798795208,45.0587738151909,47.3259217913184,47.0527002187637,51.5724403017487,61.6037921144377,59.7470958478406,60.713132538094,67.9846722691404,71.4944081148829,70.8356847226484,70.8296524653853,66.3422940886524,65.9339018877953,66.9111641498976,67.4614876784411,67.3263243989256,63.8876635707842,65.2737757733004,42.0010128043813,43.1528627061168,40.6737872451347,43.3147535328837,39.8667389507982,40.069320718997,38.9584420952256,28.517086160728,37.1573153250986,34.2630497831584,34.6509927212761,31.5089382305525,53.2573040345226,36.197843759077,41.4332763461088,64.8367672216008,66.5685768243417,65.7673018832128,64.1796788327528,66.5833860978304,68.2498214240765,66.6964404387348,70.3582418954886,76.7568076481925,38.6075165902604,39.3717224963613,74.6938153020308,33.5336016772509,38.3317073635216,44.9300690136059
46.0747150727641,45.4960269353075,47.9268010387671,43.955803752552,44.9975280302065,47.7919716736432,48.0042417622697,45.3909287138827,0,14.4378572986404,77.2942257526598,29.6785653207313,27.4479561025202,23.7877739347292,60.5632503513215,57.6447556223111,47.1797693356332,44.8718509267628,45.5826923479342,46.7754352871828,43.8210943574283,43.6314335005576,43.536595708226,63.7144937725188,73.8049723161497,82.9210829086752,65.5603598975302,68.7171376190816,54.0627088092261,38.0434634310081,37.9962414402603,38.8437701822374,65.2888403748352,53.8787888262676,55.2271146762956,55.0090793723499,35.7080930768629,68.8207450560725,66.9763610301144,67.9212564484214,75.0977927055702,78.5981976172689,77.9283183252217,77.9124913697415,73.4340802642566,73.0606250362853,74.0152568795114,74.5753330362041,74.435200466191,70.9930551058818,72.412554714537,46.3556625625795,47.8364740326804,45.3981575637354,46.5937445952062,46.0085344700132,46.2580173068835,44.9843490585222,42.4853452821693,46.261981635476,43.8279351432944,44.3267173342322,41.6638615312221,52.7810723603139,48.0230813830055,45.6430844583268,72.1082388901072,73.8530287530053,73.0457909373179,71.4520871839651,73.5895198738168,75.2602758269061,73.758197669394,77.4249668000973,83.6889391174131,45.761115510515,46.470689869026,82.0869692930469,43.466244578785,49.2876101661862,29.4067368108254
45.4615566656034,44.8845769971084,47.3036130362044,43.3561470399458,44.4007343340339,47.1589165174491,47.3622008811268,44.7594936070951,14.4378572986404,0,76.5945845650122,29.3697680867464,27.3391218606745,23.5362691153361,59.8876138278443,56.9617659249231,46.6804349171055,44.3663825783805,45.0833082981387,46.2692776815865,43.2284510870366,43.0296701327404,42.9366878799677,62.9666181540848,73.1272010143973,82.2399456677579,64.7733105801116,67.9452967707604,53.402812496162,37.1542612601823,37.1267800931832,37.7181435154703,64.6078202587114,53.2629403887424,54.5413204972756,54.3232959048372,35.3163764284379,68.1281172178976,66.2842189894528,67.2284887022524,74.4011798834712,77.9013818717039,77.2309824593709,77.2149481817417,72.7374151127439,72.3651690234378,73.3190811912104,73.8794175250979,73.7392238749464,70.2968743220589,71.7175304761405,45.8094708856239,47.2868667923904,44.8464091620579,46.0633113324735,45.4346888837062,45.6855274213779,44.4153611942514,41.8296914810351,45.6628887269273,43.2240103289547,43.7261189562622,41.0581774097153,52.2862024341018,47.3417938126694,44.8740334094135,71.4183556336022,73.1636749173061,72.3561730092406,70.7622001369309,72.8897206331957,74.5605754890116,73.0604660871403,76.727365154884,82.9866022689471,45.0390277399128,45.748446375267,81.3869551603689,42.778990106809,48.657366315136,29.2533433817435
70.6612746399884,70.9568079527657,72.1817721170292,69.7675759162294,71.5417126649626,71.7057510126799,71.5504381240116,70.293634235221,77.2942257526598,76.5945845650122,0,80.5603108934477,78.9703043996834,78.5546477898254,62.6342680515106,58.0592235944882,77.8762188688965,75.0409188169264,76.350939586652,76.8130973251673,64.7072783038571,63.2227100112028,63.5980707487149,73.8742462769195,59.765961929635,65.8011710261099,81.9830986212188,83.4037420408991,58.4752334962786,73.3765503761635,72.9483542521425,79.6083895702821,52.8628869027259,71.1186818318863,56.4962037806762,57.4789148958685,83.8002711601981,41.7523464158104,40.1458958990086,38.9306370389133,47.3807362732374,49.5207265060746,49.9168872167653,48.4301681517733,34.5169627510145,36.523993445231,34.0340876937416,37.4443597424262,33.8514453751677,32.6078139881731,36.5130171506696,71.7681370183634,72.9342503391155,70.1049196475984,73.9054437030997,67.7338360319608,68.4103232683322,67.70503158643,63.462538162707,67.316882796241,64.6474843274721,65.8800738320755,62.9494589967534,84.694616071813,72.2676796267638,68.333935497,43.8935577915246,46.528177585582,45.389063375723,43.4700723702978,38.0505928336033,40.6805299705883,34.099175563097,39.2230472814012,50.1589135446455,62.7503958656894,62.5603197058103,81.8033753914231,61.9270003196428,68.166692469608,77.095559705474
48.9010873989546,48.3453419656776,50.84173577989,46.6975590158946,47.7489318729651,50.7902988882235,51.0734215678524,48.4142859973976,29.6785653207313,29.3697680867464,80.5603108934477,0,17.1246919324682,23.6040120036796,63.6792738447167,60.8183779649085,48.2787031598329,45.9648619693367,46.6235415581431,47.9150049279262,46.2218176144715,46.1218832310912,46.0148570129417,67.3677063725014,76.9068798728628,86.0495035311576,69.4741564475044,72.5358231172369,57.0420142265936,43.0023237703613,42.874147924436,44.7435668049818,68.4211891237095,56.4998374440187,58.4258910079994,58.2113208337466,27.587424396382,72.0375081197915,70.1895104298654,71.1386872952586,78.3440344886839,81.8456381037137,81.1797917508532,81.1651677893165,76.6792184409129,76.2970878779045,77.2567493532249,77.8151220007801,77.6751946822939,74.2346896494681,75.6458893481769,48.1197988559049,49.6614842225025,47.2309935938657,48.1667505378144,48.121436959546,48.3664247151253,47.0555779601492,45.5953677916896,48.7661803312915,46.3894881927155,46.8731145510195,44.2659009216391,53.4903696543999,51.4461522689677,49.5658371738705,75.3036092779578,77.0444470781288,76.239214045818,74.6475532191468,76.8575247168855,78.5276843924398,77.0110455086893,80.6769736435152,86.9751277666192,49.3177556158599,50.0179023543366,85.3879406283408,46.7912835435725,52.1071863621596,35.1093395027169
47.3263194333112,46.7650216639752,49.2591159402099,45.1268972942631,46.1740737903019,49.2005707807591,49.4780727906979,46.818905672573,27.4479561025202,27.3391218606745,78.9703043996834,17.1246919324682,0,21.0619216763758,62.099828159456,59.2337450628943,46.9484506422004,44.6451437760925,45.3073447739293,46.5850224185642,44.7117904636775,44.602206236888,44.4959210194942,65.7423133260044,75.3313222257137,84.4715067929034,67.8290518528534,70.8974175292245,55.4760760022437,41.2620630163698,41.1357630462896,42.9812272262451,66.8424311909739,54.9667379023081,56.8387353929561,56.6235661490798,28.7817100477283,70.4515641927,68.6038813257776,69.5527162153496,76.7555367315737,80.257061452207,79.5908505304211,79.5761495934812,75.09093938428,74.709538417007,75.6687883610162,76.2272903086255,76.0873656841437,72.6467076793526,74.0586055695887,46.6969704753342,48.2290423435453,45.7993623940878,46.7678403667444,46.6529474016703,46.8974832908689,45.5909148944166,44.0029169569243,47.2411849432588,44.8574636612281,45.340989697561,42.7273932966442,52.2490654949236,49.8184864246259,47.9104754818117,73.7196121558215,75.4607957783672,74.6553844952871,73.0635420340313,75.2672904647655,76.937490718636,75.4221131044284,79.0881042101561,85.3833667132912,47.6934788707051,48.395209618352,83.7923104473053,45.1836446394028,50.5478951757023,33.0034543987713
47.0992005694811,46.532634305706,48.9991780618177,44.9341993721012,45.9807953177605,48.9094606225689,49.1600749402539,46.5217772635456,23.7877739347292,23.5362691153361,78.5546477898254,23.6040120036796,21.0619216763758,0,61.7439608743997,58.8562537977571,47.2852812241747,44.974368982251,45.657558189106,46.9025976387233,44.6187989301566,44.4771828220436,44.3757734511549,65.1821724411627,74.9778723021657,84.1081310770077,67.1669549723929,70.2731563174455,55.1702661040232,40.2308462525391,40.1403551666919,41.5388853139308,66.4780327712579,54.7944947256373,56.4520938816328,56.2359498474568,31.949031159557,70.0549148412648,68.2086045099577,69.155777265312,76.3476747958508,79.8487143573241,79.1809873371811,79.1657968916406,74.6833531525306,74.3052778923827,75.2625863549279,75.8217576316418,75.6817310696839,72.2404617391092,73.6555412236102,46.8144522896056,48.3275534779288,45.8935573870394,46.9506803338716,46.6531472424302,46.9001448260311,45.6066118066797,43.6633799515906,47.1147558492129,44.7113711280419,45.2018602515241,42.5688105815952,52.6796971969188,49.3704803272221,47.2580630834375,73.3309933744289,75.0736766090355,74.2675078345495,72.6748934663071,74.8509760644398,76.521416172102,75.011577163354,78.6778997582149,84.9600790851269,47.1789091935299,47.8832509493724,83.3664678783276,44.7599579660483,50.3094536371755,31.9835608726078
52.6599885242557,53.0731172145041,54.1902196138158,51.8722619224279,53.731649808673,53.7292183508915,53.5878446423916,52.4522275666413,60.5632503513215,59.8876138278443,62.6342680515106,63.6792738447167,62.099828159456,61.7439608743997,0,34.260096918523,60.2340775407198,57.374579843489,58.7125559684174,59.1400718161216,46.3632912050658,44.72786554762,45.1323023084005,61.2352683078357,57.4777802477196,66.5577519588403,68.550896282747,70.0418741397158,36.5229140681103,57.1063891132598,56.6515627284533,63.3154215424735,47.5572102611344,52.27812798171,35.1864966365352,35.7296729723844,66.8496545165359,52.9630777583897,51.0619253085926,52.1397406382747,59.7541687868313,63.3176633779677,62.695527790051,62.7455559474422,58.2842773969119,57.7291912543588,58.8110234666466,59.3089045641459,59.2115785636335,55.7745745680888,57.020729669516,53.8711652618237,55.0107408508245,52.17960121963,56.0950491430126,49.7073824305789,50.3611147724439,49.6655999191551,45.2077933278943,48.8820996207793,46.1448685392448,47.4592015422883,44.4704685953291,67.1080002767969,54.7778849554012,52.300547804663,56.1445298166963,57.8411288348976,57.0506839783577,55.4742846763907,58.8687359566433,60.5125876051339,58.7608132653143,62.3967899567744,69.3646224813366,45.9149841070996,45.8398886447168,67.7578140046016,43.7794995050507,49.1740067117423,60.3243477506654
50.0318923077428,50.4096031535051,51.526429719862,49.2425906560056,51.0764964703663,51.0268189702376,50.8485923999921,49.7198377047884,57.6447556223111,56.9617659249231,58.0592235944882,60.8183779649085,59.2337450628943,58.8562537977571,34.260096918523,0,57.7368566490461,54.9024707781819,56.2178945997813,56.6693879657141,44.1765790598039,42.6123427026839,42.980728915146,56.9520978138095,54.1511547676344,62.9607482698421,64.7006959009868,66.094462921514,37.0288114155879,53.9985754213427,53.5456671567874,60.2512074121832,43.8312863768146,50.3298474909169,23.5964869507319,25.8660344428265,64.0166220849751,48.5033956591921,46.6314527600492,47.7108306013163,55.0756844420084,58.6611368406499,57.9911144542494,58.0657990022745,53.7603987754684,53.2424719186129,54.315537523226,54.8050732089177,54.729110978266,51.2684087515356,52.5503824377841,51.5553519742764,52.7013244332858,49.8920405692944,53.7061059148896,47.544967483318,48.1721454142706,47.4484867070776,42.4625534294666,46.6358466092042,43.8864760502466,45.1518083433102,42.1498511772305,64.5899902677621,51.8198468262861,48.8981577450164,51.9360320176915,53.6628618231353,52.8545861382488,51.2599332587753,54.2120108224426,55.8473937921102,54.1984693892925,57.8291731263953,64.6376742313368,42.3247457543696,42.1553855814006,61.0052179798222,40.7211029326802,46.8772587939436,57.4082248575341
45.700615401626,45.5514023189729,48.0447311731125,43.4348541521798,44.8196315582118,48.3618912706798,48.9349921351516,46.3740657757418,47.1797693356332,46.6804349171055,77.8762188688965,48.2787031598329,46.9484506422004,47.2852812241747,60.2340775407198,57.7368566490461,0,22.1524704563795,18.2586911948903,20.9053493411002,37.9753506474363,38.5576519329967,38.4228599704374,67.1437023822345,73.1784156500982,82.4970149717291,70.6521824107814,73.225424172893,52.6386433800227,49.3491276084891,48.9776520504577,53.9089874286354,64.9233304065835,49.871645749499,55.5207180673818,55.3475322749292,50.3781832669286,69.0583680257679,67.1876515957406,68.1617142126041,75.549196565193,79.0567036849935,78.417025530888,78.4081908651719,73.8696205747388,73.4346226480411,74.4241949322367,74.9730871561711,74.8331209641879,71.4035836642843,72.7641923724549,32.4901855419692,34.8739952237942,32.4217735402994,29.97595859051,36.3971374455497,36.7052561602056,35.0585725271638,43.1677852073501,41.7557071091134,39.9037795528564,40.4811923052586,38.322998568833,35.182890786069,51.1360888703154,51.1366730324204,72.1843093076957,73.9001562545668,73.1077926136076,71.529244725131,74.1892949686407,75.8564220885743,74.2487483228101,77.9100451079132,84.4174925271589,48.876106077345,49.4832125856405,83.0809519170889,45.2616027029247,47.4735529574608,47.3743781116874
43.1847519942384,43.0784012914747,45.5150119473963,40.9858564925556,42.4088784816783,45.8204526356381,46.3823626187023,43.8716409108394,44.8718509267628,44.3663825783805,75.0409188169264,45.9648619693367,44.6451437760925,44.974368982251,57.374579843489,54.9024707781819,22.1524704563795,0,15.8515922485537,14.7498065361648,34.8422683276594,35.4566496980108,35.3394088553472,64.4843605421802,70.2636870775184,79.5968961089218,68.0595616817138,70.6122820164146,49.6955757796599,46.958588315338,46.5859891786631,51.5460789569139,62.0324871135117,46.8250741496508,52.7014659769026,52.5343365235295,48.0503223943451,66.2036615216056,64.3312697852145,65.3068431874092,72.7079037786744,76.2155920468026,75.5779654646518,75.5692823804662,71.0260222674616,70.5873860966444,71.5788965473218,72.1272826597577,71.9871038772035,68.5584796551439,69.9156048463874,28.1854529408298,30.9301017012024,28.0699389104089,26.4268335508435,32.5070486735206,32.912277782216,31.2686683811095,40.5362469432318,38.8077264659385,37.0049890298266,37.6356190953128,35.5069410053377,27.8554520996187,48.6075930242358,48.5952682871653,69.3183236078966,71.0322969008067,70.2409298625665,68.6633970872367,71.3557455743873,73.0227590818361,71.4084565450399,75.0695137248242,81.5915109577434,46.2447794398595,46.8425946195435,80.2963728585193,42.6130299601928,44.6842045185711,45.0958567083975
44.282946308382,44.1392502793898,46.6161190221537,42.0378008726535,43.4275337424758,46.9237416078063,47.488903501628,44.9408569373142,45.5826923479342,45.0833082981387,76.350939586652,46.6235415581431,45.3073447739293,45.657558189106,58.7125559684174,56.2178945997813,18.2586911948903,15.8515922485537,0,16.6905759940719,36.4492896895364,37.0278485824815,36.9001725586864,65.6380410747333,71.6429750376081,80.9636902197925,69.1472261256786,71.7210072088906,51.1045926378831,47.8327581907577,47.4635750465695,52.369796043555,63.392233727127,48.3421632897605,54.0039698247979,53.8321197411442,48.6836779948468,67.5312098750942,65.6602902004392,66.6344700265975,74.0236288170612,77.5311065788742,76.8917016048749,76.8828297822771,72.3435273419497,71.9081405688992,72.8978938715319,73.4467637882167,73.3067292446733,69.8773239528994,71.2375599281757,30.7004477542326,33.212533104251,30.5822527090586,28.6129977853919,34.6573162709568,35.0045169842436,33.3693344489982,41.7031400805532,40.2693847709269,38.4236802663858,39.0176916246908,36.8604524043478,30.8661285250089,49.669008564138,49.6405692556362,70.655587786242,72.3712006074293,71.5789679376297,70.000553374783,72.6643447595061,74.331480212225,72.7230196237467,76.384307911734,82.893341262115,47.3816492813561,47.9873186909787,81.5663334541224,43.7778953716982,45.9956371348499,45.8135280340822
44.9142113369858,44.8098569264249,47.2513063941514,42.7087028256623,44.1335291593428,47.5627648513861,48.1294740756988,45.615752315789,46.7754352871828,46.2692776815865,76.8130973251673,47.9150049279262,46.5850224185642,46.9025976387233,59.1400718161216,56.6693879657141,20.9053493411002,14.7498065361648,16.6905759940719,0,36.5659722167958,37.1904929832311,37.0693028382187,66.2648894098348,72.0332726997502,81.3667465051572,69.8488801251824,72.3982769104265,51.4597775130797,48.7854723378747,48.4108685825785,53.395263799799,63.8017417823213,48.5684052730236,54.4686612014855,54.3012579137323,50.0306251161944,67.9746898471675,66.1022337498569,67.0779215617318,74.4794791479389,77.9872180353931,77.3496496993907,77.3410196650497,72.797718128827,72.3588975115429,73.3505284789796,73.8988618584658,73.758711175953,70.3301039136312,71.687052863981,29.8957026710986,32.5790942965461,29.8614368514054,27.6405007493573,34.3130627970809,34.6907578039428,33.030942013782,42.2868475363792,40.5268436754459,38.7270016393828,39.3515064986579,37.2270407384613,32.0212272555704,50.3752301492959,50.3845743891366,71.0890858192005,72.802993114246,72.0116556619792,70.4341530921278,73.1278922289321,74.7948825863553,73.1803105515673,76.8413410301307,83.364049813157,48.0200191294766,48.6177017368397,82.0667054903488,44.3769215766266,46.4221955468692,46.9736432987686
34.3414059291306,34.9274909648997,36.673376201549,32.9529743712405,34.9764113015931,37.0022502414727,37.5667355485761,35.6703517750811,43.8210943574283,43.2284510870366,64.7072783038571,46.2218176144715,44.7117904636775,44.6187989301566,46.3632912050658,44.1765790598039,37.9753506474363,34.8422683276594,36.4492896895364,36.5659722167958,0,15.6097859156447,13.5648119556282,55.8637092877152,59.2938202085087,68.7268810206761,60.4160477964417,62.6407600707447,38.0214572194237,42.7004048557686,42.2550428252346,48.2684820233812,51.1613937481655,30.7176746019779,42.0972149900836,41.9486761181767,49.0406988215484,55.674504956131,53.7877949897026,54.7805199343047,62.2959522877315,65.8083683847371,65.1868459901033,65.1828853381926,60.6096106978183,60.1366330640574,61.1480874365073,61.6896918702039,61.5503915519184,58.1282066868004,59.4524782663485,29.1139333000082,29.8681963975918,27.1726317530643,32.2378474601831,24.2156350898971,24.0598715810024,23.203407268334,30.7620643449221,20.6488605267913,20.5665460218926,22.372277065491,21.0431048103792,45.192442950071,40.8195612044217,41.4446613825462,58.7060018756257,60.4045413831133,59.6209488270521,58.0513427848692,61.0299543240793,62.6946478978665,61.0225570589362,64.6802920417118,71.3378765812395,37.6127966683815,38.1175866023709,70.1509511562711,33.2594535668871,31.9299751642631,43.6123177741914
33.8811733545188,34.5260761186612,36.1130744216861,32.6681648118839,34.7240739273009,36.3580229649333,36.8545751490995,35.1056007670117,43.6314335005576,43.0296701327404,63.2227100112028,46.1218832310912,44.602206236888,44.4771828220436,44.72786554762,42.6123427026839,38.5576519329967,35.4566496980108,37.0278485824815,37.1904929832311,15.6097859156447,0,10.2425388195528,54.7355922917561,57.6895411910818,67.1404998380471,59.4564389594015,61.6287999357786,36.207639495428,42.2322312449889,41.7825949284527,47.8847633980244,49.5698723528906,26.06547664112,40.5627503320472,40.4199243842745,48.9861075315997,54.1517718737535,52.2622787701999,53.2584025230272,60.7961011663518,64.3094449773249,63.6910732948102,63.6880354222102,59.1089492830505,58.6292907270695,59.6446418210685,60.1849073851483,60.04580872593,56.6248523179886,57.942732818826,30.0929181728693,30.967566610135,28.1602984534067,33.0964132545147,24.9584457157715,25.1218164945126,24.4509849677393,29.7924056877258,20.9110473804081,19.4005605436761,22.1298236945221,20.1673313226168,45.714037790526,40.0682158939224,40.6100047379128,57.1675688471,58.8631688025364,58.0810404858519,56.5129285986098,59.5469205484863,61.2111657112306,59.5278260411049,63.1849108378624,69.8689148387234,36.5434811193668,37.0232155663832,68.715002207478,32.1553568130723,30.3273505841372,43.4101602942638
33.6830665825528,34.3362899346873,35.9490206607612,32.4465393983667,34.5124515669664,36.226173551403,36.7501107740769,34.9704522451243,43.536595708226,42.9366878799677,63.5980707487149,46.0148570129417,44.4959210194942,44.3757734511549,45.1323023084005,42.980728915146,38.4228599704374,35.3394088553472,36.9001725586864,37.0693028382187,13.5648119556282,10.2425388195528,0,54.9005722533719,58.1565617796125,67.5908458695848,59.559415487692,61.7488645439147,36.7434169812362,42.185552098245,41.7358822386658,47.8248840232439,50.0109003567231,27.7247126530298,40.9101841378027,40.7584380920465,48.8737476863089,54.5495474061889,52.6620200075501,53.6564003537079,61.1781276497638,64.6913016634707,64.0704922347234,64.0673247735698,59.4938747282313,59.0184394255633,60.0315558131683,60.5723900581271,60.4335638740849,57.0115287195681,58.3334531156873,30.0082799838726,30.8552549715745,28.1017232371835,32.9713767839199,25.0912869998527,25.158960339431,24.4074908568674,29.753585439394,19.6078356790509,18.5845553655173,21.4316712714853,19.6663346777315,45.5933314483881,40.0295303355535,40.6513275974206,57.5785277292572,59.2763022532278,58.4930188364527,56.9237298418328,59.9201229198767,61.5844806374646,59.9089061884897,63.5662558618964,70.2333289803327,36.6514057494087,37.1435213932276,69.0212033096091,32.2287015285122,30.3255398903122,43.3132799669711
59.0852211790165,59.1452898032089,60.4059384004533,58.1539843417772,59.7583404067058,59.716920536487,59.3624966805922,58.0839729302442,63.7144937725188,62.9666181540848,73.8742462769195,67.3677063725014,65.7423133260044,65.1821724411627,61.2352683078357,56.9520978138095,67.1437023822345,64.4843605421802,65.6380410747333,66.2648894098348,55.8637092877152,54.7355922917561,54.9005722533719,0,73.6633856283679,82.2635620260809,57.9533019605679,56.0999177661405,57.1157439971915,58.4559602156379,58.0333420501168,65.0518289637799,64.6651898129944,63.3733471906366,54.0320677900774,53.8885535377135,70.7950515667924,66.3827703996739,64.6149193223029,65.4734359025786,72.0278397113933,75.509965549414,74.7474669237501,74.7144855253069,70.4247490499452,70.2276294119897,71.0828904284,71.674063482941,71.5345617416522,68.0555331618334,69.6436988106352,62.2777988360645,63.4760449216724,60.8136937274317,63.9087655293507,59.3382171045667,59.7871707264991,58.8737088046255,51.4239607268935,58.0269095405562,55.2500157712968,56.2099108652675,53.1818716455136,73.8254927805275,58.653407169035,50.6676686417865,70.1155758783146,71.9403837616115,71.0927343819693,69.4577883766905,70.1014510094951,71.7803196338828,70.5906439247205,74.2718979500209,79.8240802537316,45.1673150263815,44.3384837040966,77.4761441325473,48.582117064083,58.4319900363093,63.5233974404039
66.423697062602,66.7937125157675,68.0257653164364,65.5238502115384,67.3534083443958,67.6341196340845,67.5557834404107,66.2851917804532,73.8049723161497,73.1272010143973,59.765961929635,76.9068798728628,75.3313222257137,74.9778723021657,57.4777802477196,54.1511547676344,73.1784156500982,70.2636870775184,71.6429750376081,72.0332726997502,59.2938202085087,57.6895411910818,58.1565617796125,73.6633856283679,0,36.2107317109635,81.1325434224812,82.6563857832079,51.0321672212722,70.3972792739692,69.9568041978599,76.5426727658747,44.5250330945483,65.3540323456709,53.0934466974212,54.0461201625443,80.067455007672,48.3989216526089,46.131545459383,47.0667714062941,57.7885176174992,61.1382008622591,61.0505572057789,60.8679508577214,54.4808222543712,53.362379505762,54.565494495377,55.1991969413306,54.7527238795111,51.6995703069808,52.4046394708731,66.5281756707189,67.6864326182919,64.7745345234657,68.8907357345463,61.9883680221567,62.7865515153175,62.1818784145313,59.4739227132664,62.1508736581105,59.5562726954062,60.8915608414438,58.0264449551648,80.0515107768056,68.727191819177,65.8656612648642,46.662560327661,47.6875428935989,47.3460271478705,46.2186806438407,57.0008435132208,58.7229606019513,55.5430746800508,59.2379088511923,68.5922413466453,60.1517588825856,60.0810519958271,80.8913778957533,58.4211875091139,63.4102524257424,73.5925720944212
75.6395350335916,75.9990711535397,77.2258627769772,74.7446717812071,76.5663837011941,76.8180686608366,76.7249583516777,75.4615155129929,82.9210829086752,82.2399456677579,65.8011710261099,86.0495035311576,84.4715067929034,84.1081310770077,66.5577519588403,62.9607482698421,82.4970149717291,79.5968961089218,80.9636902197925,81.3667465051572,68.7268810206761,67.1404998380471,67.5908458695848,82.2635620260809,36.2107317109635,0,89.8498230518106,91.3511949133893,60.6803399013954,79.4303515759156,78.9911784325345,85.5924247540471,52.9965527038111,74.8376991478309,61.8575407540395,62.8495208351782,89.2230127712803,54.4890392689493,52.1573936171042,52.9464154573751,64.2899695011456,67.5720396872025,67.5904863401107,67.3375733958047,60.4040125157479,59.186434239815,60.3564249857873,61.077387203803,60.471723443103,57.5631368609865,58.1739642590655,75.9432664912977,77.1021080517145,74.2062212091027,78.2650496093299,71.4972341057641,72.2709052946724,71.6470095358421,68.6313348118481,71.5329007806343,68.9215282004074,70.2396327562708,67.3598557980631,89.361453024686,77.8231189233885,74.8020643997646,50.6159328186257,51.313729469727,51.2312057990178,50.3535081752439,63.3573787127653,65.1064204461131,61.5918809378066,65.3176044683519,75.1433815739014,69.0756411657758,68.9833370999207,89.3590117125774,67.4844235918259,72.6947767740893,82.7097489686319
62.9075337444529,62.806073061937,64.2242786862949,61.8291255328442,63.3123077214407,63.5327103969658,63.1854932870357,61.7069747146679,65.5603598975302,64.7733105801116,81.9830986212188,69.4741564475044,67.8290518528534,67.1669549723929,68.550896282747,64.7006959009868,70.6521824107814,68.0595616817138,69.1472261256786,69.8488801251824,60.4160477964417,59.4564389594015,59.559415487692,57.9533019605679,81.1325434224812,89.8498230518106,0,50.1883232941229,63.7763994980937,59.396707674912,59.0105595097329,66.146970865379,72.2779969435928,68.4175622163045,61.9627401849509,61.7994943841997,73.0232691736424,74.3634006103104,72.579075531985,73.447103371405,80.1448963054773,83.6217089398638,82.8856084237582,82.8459633250936,78.4830831329729,78.2575315153853,79.1247152562859,79.7158941526577,79.5692471430838,76.1014262318236,77.6623758709127,66.3399687101834,67.5679000205389,64.9538712193409,67.7618559506326,63.8089980487398,64.2068459300626,63.2276738379038,55.7163480076096,62.5445475141361,59.7948795491658,60.6480226775336,57.6501865762591,77.2431810398748,61.9221549030809,50.9127810486664,77.9855922410759,79.7946543409344,78.9554941151434,77.3292412119826,78.2515423531597,79.933397732827,78.6764065545174,82.3584619643955,88.037917111616,50.5688935024977,50.4864240770983,86.7257132304916,53.3608084005336,63.2700171180419,65.4220119832663
65.3122792072352,65.2642830875496,66.6199411518362,64.2921986587184,65.8164365711396,65.9175955553791,65.5558747967939,64.1581106584061,68.7171376190816,67.9452967707604,83.4037420408991,72.5358231172369,70.8974175292245,70.2731563174455,70.0418741397158,66.094462921514,73.225424172893,70.6122820164146,71.7210072088906,72.3982769104265,62.6407600707447,61.6287999357786,61.7488645439147,56.0999177661405,82.6563857832079,91.3511949133893,50.1883232941229,0,65.4378276616158,62.8741437575712,62.469180244902,69.5890720888116,73.7634685823193,70.4933542350827,63.3064308489507,63.136118243453,76.0409215546263,75.7937624942451,74.0121329246466,74.879959411638,81.5532508111856,85.0321668782303,84.2909938775692,84.2538024914046,79.907072237468,79.6848996218003,80.551413559612,81.1416785566603,80.9971699651044,77.5270515253111,79.09124154839,68.7339097803081,69.9511840340614,67.3233700390056,70.2220837443843,66.0763722944387,66.4875754654662,65.5277749368876,57.9083204875474,64.7692485364356,62.0061893878337,62.8906049833518,59.8781544578085,79.8488336979366,64.4248693946304,54.2148408272407,79.4370062884324,81.248574799117,80.4079583543353,78.7802125986855,79.662149841133,81.3429218674567,80.0967944664259,83.7782051269056,89.4406061065829,51.8769701121472,51.5162494603922,87.8287338824158,55.2948204418258,65.3650791765181,68.5529417531436
45.7899157559722,46.254569419741,47.4376208945776,44.9419960050859,46.8399546234769,47.0981363633603,47.0699011620243,45.8437279579613,54.0627088092261,53.402812496162,58.4752334962786,57.0420142265936,55.4760760022437,55.1702661040232,36.5229140681103,37.0288114155879,52.6386433800227,49.6955757796599,51.1045926378831,51.4597775130797,38.0214572194237,36.207639495428,36.7434169812362,57.1157439971915,51.0321672212722,60.6803399013954,63.7763994980937,65.4378276616158,0,51.0485642091602,50.5948495454682,57.1378427374368,42.5100954097261,43.3331716443674,36.104259107469,36.4140419430933,60.1448170341412,48.6666314159126,46.7237152713111,47.7897315548405,55.75760925862,59.2883958904385,58.7325503841174,58.7464569664383,54.0557992633074,53.4486599292946,54.5396125058014,55.0529024961387,54.9199582541324,51.520594803809,52.7165374505179,45.72403056288,46.8565324998247,43.9385893553238,48.1813288947783,41.0314375985104,41.8082999324845,41.2203196276665,38.8753943744423,40.864621821313,38.2362119291108,39.680349967102,36.794122363123,59.5591826401473,48.6995434308705,46.9424032059778,51.4223678172231,53.0673993844124,52.3089215392997,50.765073823129,54.8302313982754,56.4863928834071,54.5874191857391,58.23193758161,65.4224699262478,41.1120392894836,41.1896503560102,66.0565891300558,38.2666795677701,41.8832895683091,53.829838545322
