IBR/IBR_outputs/all.combrep_1/EucDistWater_Total.PersistForestCover_Total.Spinifex_Total.VRM_Total/EucDistWater_Total.PersistForestCover_Total.Spinifex_Total.VRM_Total.asc
NCOLS 160 
NROWS 95 
XLLCORNER 210004.651214014 
YLLCORNER 7350008.22228844 
CELLSIZE 4999.99999999997 
NODATA_value -9999 
[rows 42 to 62 of 95, columns 92 to 137 of 160]
2.56297079570023 3.63095267529945 2.44831638251599 1.87284941125871 2.60952958611995 2.90515534445978 3.36283385631316 2.25534688513714 2.70447915981923 4.15291154802567 4.26625837141108 4.16345915460155 2.81729610928973 2.89759243531986 1.43110659632449 1.638494137851 1.14656763372863 1.69024603459069 1.9347621982243 1.74340678870956 3.3868219097871 5.04983732934582 2.8906475261313 2.27323576601601 3.02029507661093 1.96006061663232 1.27794608041641 1.45233938765515 3.17909478094394 3.76034373721596 3.25696627767366 3.94748335030279 3.97538650339106 3.22432876229918 3.44377647001621 2.19637326224126 2.69391255372036 3.02864393119775 3.30210480389433 4.07943940847966 3.68479849994537 2.20847335186225 1.17568850539476 1.97805276371763 1.74608982628154 1.97745727047845
1.86208751102006 3.5552377049794 2.47154322522353 2.1239679074706 1.63333897183681 1.80670806308907 2.67318442171331 1.63786022970875 2.18019420150917 3.60056106932762 3.82523305322381 4.64710416208552 2.49858354806385 1.31949718494039 1.49223724473931 2.77642798617653 2.27978741594959 1.40500416562704 2.0275309985922 2.85877628321455 4.30652503517337 4.97956717581476 3.3927773212763 1.72691793880499 2.55946023155783 2.51237398480559 2.09054127966906 1.62553980206825 3.73096242203333 2.36668147364377 2.54804694958325 2.93276040658618 2.46713794902464 2.49863422979468 3.57206113195351 3.97738340419442 3.24107237376702 2.26437853719884 4.61543970659326 4.89177717017658 4.98930039042787 2.91102471972584 1.62614822380253 1.81202015899509 1.69715854487162 1.95842616918935
1.74760636019952 3.34690193915312 2.51858099683309 1.66207022155808 2.5459081639447 2.32453910289525 1.49728190059137 2.13965846241472 3.28752162986989 5.02416904537017 5.10245084404907 5.88600376511957 3.73275849480812 2.18685036392292 1.34682884337116 2.48589436547255 2.79665732084354 1.65564893567245 2.80948067476523 4.14085931694929 4.95167896517481 4.24871251525623 2.77351518217487 2.04482454951093 1.97710578742389 1.29469942841049 1.62234753805093 2.6752551907185 3.65130882751763 2.79707247611674 3.01689849482934 2.11356151025248 1.96860834674026 2.65183451534974 2.93660253790795 2.42650091103485 2.67781885825484 1.84730144982498 4.26491265191617 4.13875461281677 4.56300205862994 3.19090839828596 2.52842292787074 3.04767405074451 2.98160121970543 2.21527405463439
2.34510890138433 3.58111127416451 2.8196850501619 2.39012750631074 3.2878430521224 2.72046887084361 2.19065279758264 3.01927111071492 3.27338294436991 3.97199997148484 4.21022253634907 6.17814051247887 4.33969840370389 2.18649052529053 1.39164681880665 2.12018387761904 2.07592476881588 1.77912962965537 3.28025827308657 4.48904041639753 5.22627782633123 4.09500043526325 2.83175862103582 1.86747850742783 1.21103446025009 1.73027158563638 1.2755401279965 3.1689774174175 3.12051453570042 2.69296137227246 2.74693308349765 2.57310814704032 2.01683498052944 3.08548981318379 2.56428340015269 2.54705408829961 2.63631561370927 2.75177433880242 3.48034502478016 4.63717003328631 5.91144452289727 2.76627784532358 2.48978010719963 2.64916835555747 2.70360281619672 1.6192881093086
2.38532559149767 2.89309797509858 2.0029084603964 3.3370780475562 3.33238175120777 1.52204497367348 1.80296792122103 2.44647593026797 1.70118541872588 2.42496364827862 2.51971884388907 4.70289574605893 3.94189049186504 3.05439111811279 2.58624847466859 2.11426608241716 1.61155550827424 2.2615214166503 3.15703412001186 3.59709050252715 4.02613629075786 4.07261665521395 1.81652478834105 1.54117120702007 1.48371159500894 1.30122559992989 2.69364686734229 2.64895850579874 2.12217656759167 3.45834803146727 3.02078241729943 2.22732348585864 2.65954625468315 3.23096614771954 2.14543324641205 3.18437051049244 4.65483314652198 4.080721783526 3.65145493765222 3.90963449079216 3.73586326547917 3.77437034234918 4.17215848776336 2.83299394524054 2.08820174856 1.45677614030731
1.9208772781731 3.16130554436374 2.53648582946151 3.61706478111291 2.36792196926549 1.4631465948649 1.69605908279893 2.01769238930421 1.36277360657901 1.2229782110318 2.04615256009718 3.62766328199515 3.57678264000622 3.9628106429569 3.5477512529665 2.07281744991227 1.4232835166862 2.43938880049307 1.93778521556823 2.16901305238994 3.74177345870789 4.3291446997665 2.43410749396272 1.63562358378994 1.64191949629096 2.43265146025801 2.4315123231642 2.2899630777949 1.99667284898615 1.48636530829676 1.54440022969823 2.04728796510297 3.30896039404993 3.54200383170103 3.46561744802441 4.39701769105546 5.80404594323935 5.56203184228889 3.82839106318826 1.94173595603325 2.71090155075358 4.41614434295094 4.80039664441817 2.53395605841836 2.86426431234186 2.95348586929198
2.62537241433843 2.89776315911395 3.66995610239131 3.64227786971963 2.53744215982179 2.36812146358625 2.57296286448613 2.57902127280777 1.89818730878264 1.58489373587025 2.33837704456801 3.41602266869661 2.64878687038769 3.25493722415754 2.69186015681699 1.54331225365015 1.53737693380678 1.71266853046281 2.34295656628513 2.73274025569877 3.51798582169738 3.06177239193801 3.64600419277937 2.45029012328949 2.7526701074276 3.52705208708174 1.55663785769821 2.52074939760905 1.62454410633489 1.65434819270938 2.30736743590488 1.8987059453801 3.08447210426117 2.4180727523398 2.93070848166405 4.45714127461993 4.69713296647047 5.00082217205972 4.15037640338411 3.17589079807915 3.28432331845314 5.10026482926205 3.74941470320861 1.63219516680956 2.89547563504465 4.30606861084232
3.49048036083479 2.34874983016335 2.8977807198814 2.33223478971474 2.27346993074827 3.24211702475128 1.63479173648966 1.90714607354496 2.83809853320594 2.94205690045793 2.3422047994762 2.9688709046864 1.88286488558809 2.69949045493001 2.20196611012644 1.80123780932296 2.46467496051294 1.57621612907522 2.45729800473871 3.4734914126007 3.64157284742233 3.31524859151716 3.77252073966069 3.01477855396229 3.76796744307975 2.09720761335964 1.66950303878305 2.45076071051944 2.57821491522282 2.40369927451366 1.84306972576164 1.70267581975815 2.99636944123249 3.70891864651007 3.74686739586182 3.46406135737254 2.73558151341142 3.36018870372225 3.78212496452144 4.18084863346335 4.68007560370022 5.21005281123817 3.85329489248842 2.52787341471206 2.53656907567237 3.24255904480343
4.18446573390877 2.01602823792208 2.53700128911149 2.0855936312073 2.83776935404989 1.96309205874772 1.61842442198713 1.659492182107 2.9302211215611 3.13671575998216 2.01221908102469 3.34185377248596 4.56391616316191 2.76543534021311 1.61963192393071 2.50016215391639 2.9255256798937 1.76579009173899 1.45908926744176 2.63112469422403 3.58812554152684 3.76028266791506 3.4952299388091 2.46561766329415 2.89774536669008 1.53332894666172 1.95940314217339 1.83670841175562 2.04215076296436 2.09119226355614 2.43968229782391 3.09122788276959 3.52654864764899 4.29050101682396 3.66728244601944 1.92653971356359 1.72815935169323 1.93226716910353 3.4901640373671 4.37117785229341 4.70473546929127 5.01558949804851 3.7304087769909 2.0177363193779 1.95270704638968 2.50851989686736
2.7891780482558 2.14409489306843 2.20523352819541 2.36165953592016 1.84807328706371 2.84099676466261 3.12458142155487 2.21528197450106 2.61542847682006 2.43284314094156 2.06877961340879 4.21696157845481 4.51735770943092 2.33311976531236 1.27627335600393 2.73768413587166 2.39043204494598 1.53702919826783 1.90924467122297 2.96630712987539 4.56940135055041 4.50030699430207 3.57814008745968 2.29221345487685 1.81137717461573 1.69849884198868 1.28058449718433 1.43189889584974 1.74399228711814 1.79442854193666 2.62881690800997 3.04852188042682 1.88640893842853 2.31343028942425 2.53067699792705 1.26670797726783 1.62425293625135 2.06627940014166 2.79106361234779 2.32284234962935 2.81513948861195 4.14201418154008 3.75040569218151 3.23093492537156 2.25238360515022 1.96605427885654
2.39276715785867 1.98076392918308 1.87118152690019 2.45125278025818 2.01879219598633 3.28701297008352 3.92387857837109 3.91059334927465 2.11806509654905 2.6138670647997 2.71910094091087 2.51096052633779 1.87626606178588 1.46713187508107 1.86534344500202 1.86726989986691 1.73193130748093 1.65381386040279 1.34120706987905 2.55951292909028 4.13463810148144 3.97763902280252 2.92299536534864 2.10923785424889 1.53042372126448 1.80455585852269 1.59135375064106 1.46212669038434 1.79746337574379 2.29803988143872 1.32295723779291 2.22617576204632 1.23383296896466 1.5288255823544 2.63413835183379 2.54281957572432 1.92734833157187 2.26675144266681 1.91651894302365 1.95586502272804 2.99260019559048 3.02770660143335 2.54337683648844 3.35407184353951 2.67183620663024 2.87576803663976
2.80201249964786 2.82846878607915 2.94843172071211 3.38489317072208 2.35785337813215 2.41484210892562 2.08100006405659 2.01652779640286 1.70342974282476 1.87374657794189 2.23170979058879 2.39636186828451 1.92669236773822 2.11016973103857 2.4581296485313 2.49815014566288 1.84812782679246 1.63681172314618 1.31995519785865 1.63926368304877 2.81195114123639 2.84562398832217 1.74638065358596 2.29491762191023 2.55295521699051 2.34937432505901 2.43891654109995 1.59715005925971 1.36989979824897 2.14144580997392 1.26137684758187 2.07433005312099 1.40952904885719 1.51548132781712 2.61257605569767 1.8828406593837 1.8306797706066 2.45928655582048 2.39928467517366 3.75525949405217 4.23169958326097 3.00073799735849 2.88623114723341 4.05508645696563 5.68068763852043 4.11262126244892
4.44980039056965 4.28499357189391 4.33024584165643 4.3352691887421 3.6664820645936 3.29189817085346 2.5716182531272 2.46473996772572 3.39728794470956 2.85988305171563 2.53282583312886 2.31371456602283 3.23412212361737 2.4345282722052 1.84748744990162 4.06879930575253 2.96083703522365 1.94041990506053 2.00730801470486 1.50143944660175 1.81942104359293 1.85158885129837 2.69405311889254 3.22784059107775 4.13915538533153 3.31019265761999 2.18125758301633 1.87949412463906 2.28585385392102 2.73467802293592 1.61511537296088 2.5031184636339 2.82760371593085 2.64994880835442 3.22384247859713 2.29412318715014 2.56451038904046 2.59249197464005 2.67783080946654 3.99755445536679 4.94569673880441 4.34150902560545 4.24594244403998 4.26751291507861 3.54122576245765 3.16279781130285
4.11684543555188 4.51611182830946 5.23025749934824 5.55009473666587 5.28147705935192 5.14936743314292 4.37342257167216 4.13462227590597 4.17683972908844 2.59607833573078 1.80286517870437 2.43681472632943 3.92253347686399 3.53384718831815 1.81559126162211 2.46944328796685 3.69677087748179 2.32639196406811 1.59967415703631 1.85235098263497 2.35614006777995 2.00052749120978 2.80261472299189 3.19442958262291 4.13583467847043 3.1350539535478 1.83238468723429 2.07441779325303 1.86362519862493 1.64403940429157 2.36079093978592 3.49133481377819 4.62688719208531 4.75207300464394 4.64787507714357 4.07349614890782 3.74201272330977 2.36282370023178 2.47988555706645 4.10500336396445 5.99090640498491 5.99145790849261 4.06384985437418 3.34340580540822 2.42896688165878 3.88994237345178
2.61213084562379 3.89614046763772 4.87233694469339 4.60322422846372 4.9161161955119 6.1131105756099 5.95382024765641 6.10896728907858 5.02850017021928 3.93147106273392 3.1241560383394 3.90762270211737 4.68177730469181 4.07468077081772 2.8556246710681 3.20409233472724 2.58977700520339 2.00890331112189 1.93948279919322 2.61158473288365 2.66103812609444 1.37901153607823 1.69211827728187 2.24901051423745 4.22861425357423 4.50373294243737 3.71300137047845 2.69521067754524 2.0028247485583 2.02131777270741 1.99360325678991 3.82996686432853 5.39438621858355 5.22731296453271 3.93561534174576 3.54021442664892 3.79995149102442 3.63584540061222 4.39836809013122 5.44822019306093 6.86637647228092 5.86464571085488 4.24870954166604 3.00167809757951 3.05551759686667 3.71847409534116
3.52472175421494 3.6387374292643 3.4631212603581 2.92750441750358 4.30838714465994 5.59524770498014 6.67662192547615 7.5518025275718 6.92804378572773 6.09706480667283 5.65533882159327 5.93892216899483 6.19566146374978 4.87816601627475 4.37781585022502 3.87659102231855 2.28439789508665 1.8852097134132 3.09255078141666 4.01575343565248 3.01931207602421 2.53045288417432 2.77342906971447 3.31213036822068 4.19502801732922 3.4730412257264 2.82664861142245 3.20367461060802 3.59546544184654 3.61692321999938 3.55351915971117 4.52867935333988 5.62824887171913 4.3535582524518 2.56540092635428 2.32452208106929 3.16813727770923 3.66763334122365 3.99819664079349 5.69647521109224 6.41146508895226 5.55771174083461 5.21797618671155 4.12658757904773 2.90560201727771 2.81977739862342
4.61371579505405 3.17109488684651 3.03245958230207 3.29417648920565 3.29878558334021 3.9298641189487 5.58789916517009 6.95247761226682 7.68719858610075 7.64946036143537 7.51056422802957 7.21930803015163 6.03478076906714 4.75148274257899 4.11679474338326 4.58959401591848 3.86523248339811 3.71329391424447 4.33396556634038 5.20183453257304 4.48066213470449 4.25947051732069 4.60669738571231 5.16913123545736 4.54765811160621 2.81568703677761 2.01378965275188 1.89863310004879 3.7819644347484 5.75987405584931 5.28563008992825 5.84056423848742 5.98215882238231 4.41942075037958 2.81878970199197 2.93100598221942 3.59510209999097 2.43720151112008 2.80875412702064 4.66652499199676 5.13080701004765 4.22701578441052 3.85092458046684 4.51275015584384 3.23914518714421 2.04394545367855
3.71915385833558 2.93588213755626 3.41572382106075 3.31128379312198 2.7505622626337 3.53606634432056 5.42183504206688 6.87658566830325 8.38472573241762 8.89427709003641 8.27490585746106 6.85480755957862 5.24839878095839 3.61018518308029 3.10707854135655 4.32678971741849 5.71838464049765 5.91881459516428 6.13146685101456 6.59769812596318 6.17123609086079 6.21069050618121 6.75948675323237 6.67525301972171 5.60639975775393 4.37631265905824 3.86587312918488 2.22691460518334 3.41432368372006 5.99855433272575 7.0987870915247 7.01991692813317 5.4489244798176 4.15949632944076 3.24510928389309 2.3391282757204 3.20266362812032 2.6655634271057 3.30805473859274 4.61448422927087 4.29923312923862 2.73984948274738 2.21876179964375 3.53294601997268 2.84698055187202 1.89761819897456
6.0675908091785 1.82251940446708 2.59792101285923 3.59826725515027 3.37424545173937 4.46527813401764 5.98745512603209 7.38387296206363 7.90884733565859 8.17258578657697 8.20359956521603 6.88936227738935 5.30721459655469 3.73671457311606 3.32964763934254 4.72442070362441 6.33271412604766 7.70021027997821 8.24046767189435 8.41036015623288 8.05206980950724 7.39378744325541 6.59928189484429 6.388919637833 6.37625327565218 6.13716023964082 5.57643816316588 4.88430548073017 4.73974892480488 5.8224197696323 7.88741217392758 7.7167660037159 5.6783178845896 4.3668756238705 2.37836406919582 2.58527900689277 3.71360860945858 3.84534258987825 4.74243695486967 5.12262231960469 3.42838729792857 1.85443745779714 2.45827127230291 3.68692109525443 3.55948023838945 3.32484788155425
6.1999146027077 6.03340835133724 7.77972535363235 6.89173634805393 4.75219196804204 4.32478321253449 5.37900617836493 6.34811956723995 6.33841218268762 6.75123143916536 7.56551301290627 7.43317486594078 6.20673549043174 5.22821509992639 5.04214394942091 5.79896536688696 6.9991849335668 8.11533562347285 7.84111976456797 7.24654091583503 6.95036114609988 6.07520579939322 5.2738480872746 5.26338318504767 6.08063935583004 6.57954601950058 6.3142809534448 6.51583865919672 6.55743908295338 7.08736942958858 8.3265972916354 7.75991666379618 6.22218508464357 4.47785779647718 2.16001878784322 2.53180497485095 2.41924303343662 3.22651220423013 4.48236069598357 5.37032416832996 3.89048887647513 2.94119550094742 3.34437687413874 4.56702451193549 4.81110016612347 4.73687067211589
5.42570090663687 6.03152244277057 8.11383106244555 7.95787918973654 6.84434291940073 5.87961210208388 6.00397358980968 4.04278146769693 3.46928356108304 4.78502179896883 6.32402978985873 7.23955203870425 7.0118485975562 6.75729196163429 6.70903017994961 7.16644133932798 7.96434242495401 7.75895928770536 6.60785345046224 5.70367065471713 5.43160366099837 4.83390911320085 3.59020637545379 3.61649401299467 4.8659121359298 5.37597322001373 6.07914417848613 6.93677857285573 7.36568572737061 7.9340389704404 9.04543093732557 7.64196428331182 6.4121933370037 4.92361087147807 3.69778463648977 3.44236026668797 3.00486527611331 3.76530373505072 4.83321486452043 5.8837413299919 5.14353135385937 4.81210640756218 4.78995520494213 4.16879841791115 4.14883457008458 4.40562074606898
