0.0818674 0.159522 0.707399 0.0433949 0.00781677
0.0441591 0.0691159 0.829377 0.00560602 0.051742
0.114157 0.219268 0.600878 0.0260418 0.0396551
0.261644 9.9991E-05 0.712114 0.00493094 0.0212111
9.9982E-05 9.9982E-05 0.90487 0.0889488 0.00598097
0.0508228 9.9982E-05 0.880914 0.0680636 9.9982E-05
0.222258 0.0748527 0.655302 0.0474864 9.9991E-05
0.201979 9.9982E-05 0.75318 9.9982E-05 0.0446409
9.999E-05 0.169883 0.70757 0.112349 0.0100979
0.292358 0.200662 0.486833 9.9991E-05 0.0200461
0.503907 0.0840183 0.333531 0.0363828 0.0421607
0.181449 0.217574 0.542653 0.0235029 0.0348212
0.868425 0.0487856 9.9991E-05 0.0397684 0.0429213
0.203038 0.254193 0.436325 0.106344 9.9991E-05
9.999E-05 0.198395 0.654203 0.100417 0.0468851
0.157833 0.155653 0.668407 9.9991E-05 0.0180071
0.0802867 0.214391 0.678924 0.0262991 9.9991E-05
0.0545206 0.0686544 0.845829 9.9991E-05 0.0308961
0.164252 0.590917 0.0263492 0.15482 0.0636623
0.20164 0.730021 0.068139 9.9982E-05 9.9982E-05
0.0513879 0.706978 0.237622 0.00391238 9.9991E-05
0.143094 0.811057 9.9991E-05 0.0215662 0.0241825
0.077086 0.873829 9.9982E-05 9.9982E-05 0.0488846
9.9982E-05 0.765772 0.184533 9.9982E-05 0.0494955
0.119405 0.737122 0.143274 9.9982E-05 9.9982E-05
0.0390638 0.892197 0.0390675 9.9991E-05 0.0295719
9.9982E-05 0.881936 9.9982E-05 0.0856979 0.0321662
9.9982E-05 0.90165 9.9982E-05 0.0588083 0.0393421
9.9991E-05 0.934843 0.0502923 0.013838 0.000926933
9.9973E-05 0.928671 9.9973E-05 0.0710286 9.9973E-05
0.0221186 0.919226 9.9991E-05 0.043497 0.015058
9.9991E-05 0.866237 0.062431 0.0404613 0.0307707
0.0186971 0.852871 0.0754146 9.9991E-05 0.0529177
0.320496 0.137976 0.46092 9.9991E-05 0.0805075
9.9982E-05 0.244965 0.68876 0.0660755 9.9982E-05
0.114706 0.145387 0.649227 0.0905799 9.9991E-05
0.234307 0.0639086 0.670491 9.9991E-05 0.0311937
0.308977 0.147296 0.460487 0.0831394 9.9991E-05
9.997E-05 9.997E-05 9.997E-05 9.997E-05 0.9996
0.123127 0.809665 0.0131012 0.0214865 0.0326205
9.9991E-05 0.129834 0.734671 0.13028 0.00511576
0.20795 0.162303 0.629547 9.9982E-05 9.9982E-05
0.282648 0.289068 0.316674 0.10312 0.00849096
0.771194 0.0605541 0.0454943 0.0667618 0.0559955
0.954031 0.0268589 0.00911408 9.9991E-05 0.00989559
9.997E-05 9.997E-05 9.997E-05 9.997E-05 0.9996
0.293761 0.194988 0.421527 0.00412322 0.0856004
0.526065 0.156112 0.228641 0.0890819 9.9991E-05
0.277307 0.403177 0.241931 0.0494717 0.0281131
0.190956 0.0619668 9.9991E-05 0.721673 0.0253045
0.172886 0.0190878 9.9991E-05 0.786898 0.0210285
9.9982E-05 9.9982E-05 0.153511 0.837947 0.00834242
0.200826 0.05074 9.9991E-05 0.704169 0.0441655
9.9982E-05 0.117741 9.9982E-05 0.820717 0.0613419
9.9982E-05 0.107674 0.0543857 0.83774 9.9982E-05
9.9973E-05 9.9973E-05 0.270887 0.728813 9.9973E-05
0.0301504 0.0571662 0.0739679 0.83215 0.00656574
9.9982E-05 0.128463 9.9982E-05 0.84803 0.0233062
0.0436731 9.9991E-05 0.127469 0.790511 0.0382466
0.173134 9.9991E-05 0.133599 0.65488 0.0382868
0.122623 0.0704513 9.9982E-05 0.806725 9.9982E-05
0.13358 0.0993686 0.0554454 0.711506 9.9991E-05
0.570535 0.00548795 0.0199136 0.317525 0.0865381
9.9991E-05 0.735085 0.171448 0.0536536 0.0397132
0.0503361 0.840354 0.0559472 0.0212543 0.0321086
9.9982E-05 0.822873 0.159027 9.9982E-05 0.0178996
0.212391 0.00650449 0.0465766 0.734428 9.9991E-05
0.405557 9.9982E-05 9.9982E-05 0.511186 0.0830571
0.109664 0.0574427 0.0735636 0.74311 0.0162204
0.280516 9.9982E-05 9.9982E-05 0.673747 0.0455367
9.9991E-05 0.0406811 0.0816123 0.835839 0.0417677
0.643977 9.9991E-05 0.216969 0.138624 0.000329629
0.876527 0.0194717 0.0503378 0.0448972 0.00876681
0.882525 0.00798822 0.0102567 0.0860737 0.0131567
0.981933 9.9973E-05 9.9973E-05 9.9973E-05 0.017767
0.830129 0.12008 9.9991E-05 0.015778 0.0339134
0.970364 9.9973E-05 9.9973E-05 9.9973E-05 0.0293361
0.811901 0.0858127 0.0657435 0.00131853 0.0352245
0.237156 9.9982E-05 0.103042 0.659602 9.9982E-05
0.344937 9.9991E-05 0.100307 0.408422 0.146234
0.163091 0.0820082 9.9982E-05 0.754701 9.9982E-05
0.0683986 0.121811 9.9991E-05 0.760151 0.0495389
9.9982E-05 9.9982E-05 0.226933 0.754153 0.0187147
0.2253 0.745844 9.9982E-05 9.9982E-05 0.0286567
0.458474 0.126449 0.112565 0.302411 9.9991E-05
0.888405 9.9982E-05 0.0178586 0.0935362 9.9982E-05
9.997E-05 9.997E-05 9.997E-05 9.997E-05 0.9996
0.188743 0.160539 0.640359 9.9991E-05 0.0102595
9.9982E-05 0.167166 0.7832 9.9982E-05 0.0494343
0.240408 0.198073 0.504643 0.0244975 0.0323782
0.221701 0.285681 0.375552 0.0624956 0.054571
0.046471 0.0896533 0.806545 0.0572308 9.9991E-05
0.802037 0.023188 9.9982E-05 0.174575 9.9982E-05
0.232538 0.633333 0.103656 9.9991E-05 0.030372
0.753945 9.9991E-05 0.000140999 0.164043 0.0817709
0.442653 0.265874 0.216702 0.0590181 0.015754
9.9991E-05 0.246599 0.728531 0.0199303 0.0048399
0.308583 0.0153899 0.671193 0.00473382 9.9991E-05
0.259237 0.170459 0.570105 9.9982E-05 9.9982E-05
0.316481 0.0517647 0.594454 0.0372007 9.9991E-05
0.452657 0.0300184 0.511974 9.9991E-05 0.00525041
0.296387 0.121075 0.582338 9.9982E-05 9.9982E-05
0.755294 0.0617381 9.9991E-05 0.157979 0.0248884
0.59902 0.0139277 0.164903 0.121008 0.101141
0.692932 0.00160115 0.016553 0.20771 0.0812031
0.617586 0.23875 0.141423 9.9991E-05 0.00214057
0.540787 0.149038 0.220638 0.0894376 9.9991E-05
0.0452581 0.440696 0.435881 0.0780645 9.9991E-05
9.9991E-05 0.0287885 0.187724 0.772315 0.0110723
0.165928 0.0514666 9.9991E-05 0.750302 0.0322033
0.6505 0.172898 0.02192 0.154582 9.9991E-05
0.577852 0.139805 0.0986136 0.163515 0.0202142
0.487435 0.233755 0.0763526 0.148046 0.0544119
0.24312 0.75658 9.9973E-05 9.9973E-05 9.9973E-05
0.279197 0.0443843 9.9991E-05 0.619801 0.0565173
0.216883 9.9982E-05 0.0756978 0.707219 9.9982E-05
0.423042 9.9982E-05 0.113419 0.46334 9.9982E-05
0.18805 0.507009 0.218673 9.9991E-05 0.0861677
9.9991E-05 0.272522 0.637255 0.0629484 0.0271742
0.121412 0.110561 0.719772 0.028136 0.0201189
9.9982E-05 0.122929 0.747147 0.129724 9.9982E-05
0.0340145 0.374725 0.59106 9.9982E-05 9.9982E-05
9.9991E-05 0.178999 0.754798 0.0451415 0.0209615
0.068091 0.151945 0.70387 0.0759942 9.9991E-05
9.9982E-05 9.9982E-05 0.898155 0.0814982 0.0201464
0.0653805 0.410928 0.481973 0.0416184 9.9991E-05
0.11627 0.15801 0.725136 9.9991E-05 0.000483987
0.118926 0.229096 0.6263 9.9991E-05 0.0255773
0.191117 0.099114 0.684179 9.9991E-05 0.0254895
0.148729 0.281479 0.467005 0.102687 9.9991E-05
0.11733 0.0270598 0.782449 0.0470173 0.0261433
0.3145 0.264627 0.41319 9.9991E-05 0.0075832
0.0342166 0.0910375 0.826214 0.0484315 9.9991E-05
0.0995977 0.897265 9.9982E-05 9.9982E-05 0.00293731
0.0405086 0.898898 0.0603934 9.9982E-05 9.9982E-05
9.9973E-05 0.967974 9.9973E-05 9.9973E-05 0.0317266
0.0429548 0.768575 0.0897126 0.0780354 0.0207226
0.0748138 0.825256 0.0482141 0.0378343 0.0138818
0.379607 9.9991E-05 0.574847 0.017572 0.0278737
0.194126 0.133154 0.647792 9.9991E-05 0.0248277
0.0839633 9.9973E-05 9.9973E-05 0.915737 9.9973E-05
0.0641881 0.0836432 0.0386641 0.78249 0.0310144
9.9982E-05 9.9982E-05 0.109446 0.883199 0.00715555
0.201304 0.0480282 0.106199 0.644368 9.9991E-05
9.9982E-05 9.9982E-05 0.112555 0.856455 0.0307904
0.00791455 0.135313 0.0269748 0.824545 0.0052526
9.9982E-05 9.9982E-05 0.0669361 0.902585 0.030279
0.0626492 0.0914231 9.9982E-05 0.845728 9.9982E-05
0.0657189 0.11364 9.9982E-05 0.820442 9.9982E-05
0.0693527 0.0795971 9.9991E-05 0.822426 0.028524
0.0909844 0.0016939 0.0313224 0.81517 0.0608291
0.052124 0.0757985 0.063759 0.769039 0.0392798
9.9991E-05 0.0585443 0.140243 0.788519 0.0125943
9.9991E-05 0.0747117 0.0231946 0.880291 0.0217027
0.0559697 9.9991E-05 0.0732809 0.830359 0.0402901
9.9982E-05 9.9982E-05 0.108919 0.878301 0.0125797
0.0451302 0.0634515 0.0295773 0.835277 0.0265638
0.724435 0.0606516 0.0652088 0.149605 9.9991E-05
0.923934 0.038316 0.0375497 9.9982E-05 9.9982E-05
0.08095 9.9982E-05 0.0635341 0.855316 9.9982E-05
0.0163876 9.9991E-05 0.267074 0.68618 0.0302583
0.143448 9.9982E-05 9.9982E-05 0.835364 0.0209881
0.62682 9.9982E-05 0.225903 0.147077 9.9982E-05
0.0770835 9.9991E-05 0.896501 0.0118303 0.0144847
0.0357908 0.177214 0.722015 0.00880722 0.0561729
0.146994 0.52412 0.302538 0.0262472 9.9991E-05
0.101244 0.666212 0.225593 9.9991E-05 0.00685127
0.194611 0.805089 9.9973E-05 9.9973E-05 9.9973E-05
0.0675213 0.875738 0.0255803 0.0310602 9.9991E-05
0.0667801 0.781983 0.141944 9.9991E-05 0.00919302
0.118525 0.777091 0.0573322 0.0182234 0.0288284
0.174106 0.74757 9.9991E-05 0.0423574 0.0358668
0.0417853 0.801668 0.0408003 0.0559372 0.0598094
0.110408 0.123669 0.737597 0.0237367 0.00458947
0.0847415 0.106481 0.716993 0.0373602 0.0544241
0.23106 9.9991E-05 0.688538 0.0332079 0.047094
0.328904 9.99731E-05 0.670796 9.99731E-05 9.99731E-05
0.245155 9.9982E-05 0.725712 9.9982E-05 0.028933
0.472483 0.0501666 0.47715 9.9982E-05 9.9982E-05
0.245904 0.173972 0.579924 9.9982E-05 9.9982E-05
0.174806 0.209141 0.551412 0.0537401 0.0109003
0.168574 0.0570768 0.707192 0.0305069 0.03665
0.269669 0.246825 0.470078 0.0133279 9.9991E-05
0.0810593 0.119215 0.686558 0.0736858 0.0394818
0.106852 0.664667 0.0282961 0.0426208 0.157565
0.163328 0.026142 0.0671971 0.705078 0.0382552
0.0927758 0.0912947 9.9991E-05 0.77304 0.0427896
0.0819325 0.0179828 9.9991E-05 0.888895 0.0110898
0.0741272 9.9982E-05 0.169497 0.756175 9.9982E-05
9.9991E-05 0.0936406 0.0565781 0.82154 0.0281413
0.0887493 0.285796 0.450502 0.135699 0.0392534
0.171995 0.283392 0.513668 9.9991E-05 0.0308457
0.00404151 0.154278 0.746891 0.0119066 0.0828822
0.235304 0.307576 0.405407 9.9991E-05 0.0516129
