0.0625111 0.106664 0.00833626 0.0385232 0.679235 9.9991E-05 0.10463
0.0387754 0.0641088 0.0324021 0.0257175 0.531992 9.9991E-05 0.306905
9.9973E-05 0.151678 0.0350102 0.0808155 0.732196 9.9973E-05 9.9973E-05
9.999E-05 0.0343758 0.0123427 0.102924 0.708558 0.0295441 0.112156
0.0158444 9.9973E-05 9.9973E-05 9.9973E-05 0.753051 0.0508364 0.179968
0.103384 9.9964E-05 9.9964E-05 9.9964E-05 0.726432 9.9964E-05 0.169783
0.0810769 9.9973E-05 9.9973E-05 0.103226 0.531727 9.9973E-05 0.28367
9.9973E-05 9.9973E-05 0.0331211 0.100885 0.553786 9.9973E-05 0.311909
0.0887848 0.0720377 9.9973E-05 9.9973E-05 0.158824 9.9973E-05 0.680053
0.00987192 0.131598 0.0174293 0.221543 0.245862 9.9991E-05 0.373596
9.9973E-05 9.9973E-05 0.0270658 0.395482 9.9973E-05 0.121026 0.456126
0.00193017 0.145746 0.0196479 0.163683 0.153924 0.0519968 0.463073
0.0621491 0.0645703 0.0307251 0.709032 9.9982E-05 9.9982E-05 0.133324
9.9973E-05 0.0987217 9.9973E-05 0.0241103 9.9973E-05 0.101071 0.775797
9.9982E-05 0.117497 0.0239708 9.9982E-05 0.336335 0.102277 0.41972
0.00181013 0.0513998 0.00154367 0.129962 0.202499 0.00252291 0.610263
0.0440873 0.114176 9.9973E-05 9.9973E-05 0.337968 9.9973E-05 0.50347
9.9964E-05 9.9964E-05 0.0189854 9.9964E-05 0.397685 9.9964E-05 0.58293
0.0809037 0.497883 0.0634215 0.1019 9.9991E-05 0.0376784 0.218114
0.0114497 0.593862 9.9973E-05 0.104832 9.9973E-05 9.9973E-05 0.289557
9.999E-05 0.622236 0.00919361 0.0167712 0.178318 0.0247707 0.14861
0.0314961 0.800526 0.00701034 0.0642447 0.0643938 0.0322289 9.9991E-05
0.0115436 0.834085 0.0505506 0.0758946 0.0277264 9.9982E-05 9.9982E-05
0.0415302 0.707676 0.063842 9.9982E-05 0.0916265 9.9982E-05 0.095125
9.9982E-05 0.656564 9.9982E-05 0.130281 0.183486 0.00169607 0.0277733
0.0315284 0.815733 0.00902934 9.9973E-05 0.143409 9.9973E-05 9.9973E-05
0.0368258 0.877394 0.0372533 0.0471021 9.9982E-05 0.00122514 9.9982E-05
0.0775226 0.8042 0.0244954 9.9973E-05 9.9973E-05 9.9973E-05 0.0934823
9.9964E-05 0.896687 9.9964E-05 9.9964E-05 0.0838313 0.0190816 9.9964E-05
0.101978 0.78369 9.9991E-05 0.0284104 0.072585 0.00922349 0.00401264
0.0860717 0.780545 0.0210974 9.9973E-05 9.9973E-05 9.9973E-05 0.111986
9.9982E-05 0.739159 0.032977 9.9982E-05 0.0267079 0.0875519 0.113404
0.0263514 0.771522 0.0654328 9.9973E-05 9.9973E-05 9.9973E-05 0.136394
9.9982E-05 0.124542 0.0569559 0.189397 0.274568 9.9982E-05 0.354338
9.9973E-05 0.226571 9.9973E-05 9.9973E-05 0.58846 0.0723366 0.112332
9.9982E-05 0.0942351 9.9982E-05 0.0561281 0.704235 0.10914 0.0360613
0.0180534 9.9973E-05 0.0307778 0.20796 0.742909 9.9973E-05 9.9973E-05
0.00863963 0.0984019 9.9991E-05 0.151548 0.215297 0.0727617 0.453251
9.995E-05 9.995E-05 0.9994 9.995E-05 9.995E-05 9.995E-05 9.995E-05
9.9982E-05 0.751938 0.0346995 0.169859 0.0290031 0.0143011 9.9982E-05
0.121034 0.124147 0.0014201 9.9991E-05 0.636139 0.0357002 0.0814597
9.999E-05 0.132137 0.0161417 0.0387093 0.373038 0.0152664 0.424608
0.113493 0.2832 0.00127827 0.251939 0.122674 0.00379896 0.223617
0.0814204 0.058134 0.0308196 0.474324 9.9991E-05 0.0758948 0.279307
0.0372071 0.0945319 0.00411428 0.859554 0.00439302 9.9982E-05 9.9982E-05
9.995E-05 9.995E-05 0.9994 9.995E-05 9.995E-05 9.995E-05 9.995E-05
9.999E-05 0.162147 0.0609975 0.236365 0.136124 0.0536834 0.350583
0.148446 0.0888463 9.9991E-05 0.290951 0.158209 0.00172836 0.311719
9.9991E-05 0.269403 0.0425325 0.122151 0.216026 0.106603 0.243185
0.644676 9.9982E-05 9.9982E-05 0.10046 0.0480408 0.192405 0.0142183
0.250991 9.9982E-05 0.0194988 0.103395 9.9982E-05 0.564799 0.0611168
0.412074 9.9982E-05 0.00679458 9.9982E-05 0.0816764 0.441806 0.0574486
0.228835 9.9982E-05 0.0619082 0.168722 9.9982E-05 0.477129 0.0632067
0.0939343 0.0659004 0.040716 9.9982E-05 9.9982E-05 0.752594 0.0466554
0.303585 0.0206222 9.9973E-05 9.9973E-05 9.9973E-05 0.587145 0.088348
0.0289352 9.9964E-05 9.9964E-05 9.9964E-05 9.9964E-05 0.687708 0.282957
0.589638 9.9964E-05 9.9964E-05 9.9964E-05 9.9964E-05 0.227088 0.182874
0.994009 9.99549E-05 0.0054916 9.99549E-05 9.99549E-05 9.99549E-05 9.99549E-05
0.119657 9.9982E-05 0.0428902 9.9982E-05 0.0592689 0.725451 0.0525328
0.385062 9.9982E-05 0.0261056 0.0908768 0.155428 0.342328 9.9982E-05
0.9994 9.995E-05 9.995E-05 9.995E-05 9.995E-05 9.995E-05 9.995E-05
0.352794 0.0301482 9.9991E-05 0.0860589 0.0997552 0.386248 0.0448949
0.14335 9.9982E-05 0.067189 0.43965 9.9982E-05 0.212724 0.136887
9.9982E-05 0.802455 0.0125259 9.9982E-05 0.0614269 0.0612844 0.0621083
9.9991E-05 0.706344 0.0345964 0.119155 0.0682569 0.0132864 0.058261
9.9964E-05 0.792376 0.0242382 9.9964E-05 0.182985 9.9964E-05 9.9964E-05
0.107366 0.0265253 0.0145257 0.125813 0.000932817 0.61532 0.109517
0.137981 9.9982E-05 0.0681356 0.337101 0.057471 0.399111 9.9982E-05
0.0437824 0.0624395 0.0175764 0.0525612 9.9991E-05 0.728126 0.0954142
0.105876 9.9973E-05 0.0187664 0.292906 9.9973E-05 0.582152 9.9973E-05
0.0172339 0.0430025 0.0345829 0.00287237 0.0809545 0.821254 9.9991E-05
0.158275 9.9982E-05 9.9982E-05 0.522381 0.0528563 0.0439314 0.222356
0.13805 9.9964E-05 9.9964E-05 0.56287 9.9964E-05 9.9964E-05 0.29868
0.142295 9.9964E-05 9.9964E-05 0.707414 9.9964E-05 9.9964E-05 0.149891
9.9964E-05 9.9964E-05 0.0164847 0.967724 9.9964E-05 0.015391 9.9964E-05
0.0362213 0.114861 0.00666046 0.841957 9.9973E-05 9.9973E-05 9.9973E-05
0.0680885 9.9973E-05 0.0100149 0.861432 9.9973E-05 9.9973E-05 0.0601651
0.0396894 0.0990958 0.021218 0.63131 0.14015 0.0204241 0.048113
0.175797 9.9973E-05 9.9973E-05 0.115586 9.9973E-05 0.480905 0.227412
0.221549 9.9982E-05 0.141767 0.29713 0.145595 0.19376 9.9982E-05
0.301033 0.0568517 0.00374182 0.126568 0.0335136 0.478191 9.9991E-05
0.293622 0.0892355 0.0254069 9.9982E-05 9.9982E-05 0.569624 0.0219111
9.9964E-05 9.9964E-05 0.0206742 9.9964E-05 9.9964E-05 0.7288 0.250126
9.9982E-05 0.577167 0.0278937 0.100018 9.9982E-05 0.0345028 0.260219
0.0676263 0.0989587 9.9991E-05 0.482375 0.0408174 0.235692 0.0744306
0.0406129 9.9973E-05 9.9973E-05 0.854057 0.0279555 0.0770743 9.9973E-05
9.995E-05 9.995E-05 0.9994 9.995E-05 9.995E-05 9.995E-05 9.995E-05
9.9973E-05 0.152348 9.9973E-05 0.0993026 0.53213 9.9973E-05 0.215919
0.0127517 0.0749147 0.0497038 0.0621851 0.622965 9.9991E-05 0.17738
0.084293 0.0919004 0.017963 0.123516 0.178632 9.9991E-05 0.503595
9.9982E-05 0.158734 0.0269695 0.0937168 9.9982E-05 0.109857 0.610523
0.00958378 0.0574069 9.9991E-05 0.0171826 0.552225 0.068487 0.295015
0.241605 0.0402787 9.9973E-05 0.717336 0.000480099 9.9973E-05 9.9973E-05
0.0559629 0.486678 0.0103373 0.179039 0.252323 9.9991E-05 0.0155607
9.9973E-05 9.9973E-05 0.0649369 0.692444 0.100307 0.142012 9.9973E-05
9.9991E-05 0.241681 0.0101114 0.311735 0.280832 0.0864828 0.0690572
0.0073948 0.0737902 0.0101325 9.9982E-05 0.178074 9.9982E-05 0.730408
9.9973E-05 0.0909885 9.9973E-05 0.239527 0.56409 9.9973E-05 0.105095
0.0143308 0.111515 9.9982E-05 0.193967 0.366867 9.9982E-05 0.31312
0.0528646 9.9973E-05 0.0196204 0.148185 9.9973E-05 9.9973E-05 0.77903
9.9973E-05 0.0199131 0.00414699 0.334264 0.641376 9.9973E-05 9.9973E-05
9.9973E-05 9.9973E-05 0.000874181 0.0652566 0.0200756 9.9973E-05 0.913494
0.154605 0.00552965 0.0216122 0.565151 0.141979 0.111023 9.9991E-05
0.11463 0.0914786 0.0669761 0.59278 0.128215 0.00520443 0.000716278
0.0835958 9.9991E-05 0.102218 0.573081 0.0529291 0.145579 0.0424971
9.9964E-05 0.245165 9.9964E-05 0.513588 9.9964E-05 9.9964E-05 0.240848
0.0416371 0.121645 9.9991E-05 0.345067 0.0745766 0.104024 0.31295
9.9982E-05 0.348549 9.9982E-05 0.0117817 0.272939 0.0967276 0.269803
0.140518 0.0240172 0.0065398 9.9982E-05 0.155686 0.673039 9.9982E-05
0.128917 0.0348564 0.0112145 0.235617 9.9982E-05 0.589195 9.9982E-05
0.203052 0.0982056 9.9982E-05 0.511463 0.167468 0.0196113 9.9982E-05
0.236481 0.0748043 0.00939909 0.370899 0.00330216 9.9991E-05 0.305014
0.290173 0.198457 0.039662 0.225646 0.245862 9.9982E-05 9.9982E-05
9.9964E-05 0.704372 9.9964E-05 0.27214 0.0230876 9.9964E-05 9.9964E-05
9.9973E-05 0.0396771 0.016985 0.308854 9.9973E-05 0.634184 9.9973E-05
0.265743 0.0313731 9.9991E-05 0.213467 0.0410047 0.446729 0.00158306
0.201037 9.9982E-05 9.9982E-05 0.372096 0.035883 0.291815 0.0989691
0.0427195 0.454753 0.0658272 0.0826825 0.314762 0.0135972 0.025658
0.00964216 0.223697 9.9982E-05 9.9982E-05 0.535004 0.029753 0.201704
9.9991E-05 0.00834961 0.0339762 0.134914 0.594295 0.0635991 0.164766
0.0716144 0.0790314 9.9982E-05 9.9982E-05 0.704073 0.0557591 0.0893221
9.9973E-05 0.283852 9.9973E-05 0.038962 0.389743 9.9973E-05 0.287143
0.0427821 0.157958 0.0436957 0.0122546 0.596676 9.9991E-05 0.146534
9.9973E-05 0.119398 0.00386381 9.9973E-05 0.819994 0.0564448 9.9973E-05
9.9973E-05 9.9973E-05 0.0319651 9.9973E-05 0.738619 0.0483429 0.180773
9.9982E-05 0.376058 9.9982E-05 0.118279 0.407558 0.0355944 0.0623103
9.9964E-05 9.9964E-05 9.9964E-05 9.9964E-05 0.0349143 0.0440883 0.920598
0.00660952 0.0523668 0.0224607 0.0464931 0.00115934 9.9991E-05 0.870811
0.0321916 9.9982E-05 0.00780584 0.0595743 0.0675424 9.9982E-05 0.832686
0.0163894 0.183373 9.9991E-05 0.239103 0.272386 0.0495421 0.239106
9.9982E-05 9.9982E-05 0.0285519 0.0476086 0.0163961 0.0506703 0.856573
0.000807232 0.0898819 0.0199667 0.235291 0.0113691 9.9991E-05 0.642584
0.0326447 0.00212117 9.9982E-05 0.0321927 0.628098 9.9982E-05 0.304744
9.9973E-05 0.808498 9.9973E-05 0.116887 9.9973E-05 0.0236312 0.0506833
9.9964E-05 0.829927 9.9964E-05 0.0627742 0.106899 9.9964E-05 9.9964E-05
9.9964E-05 0.845577 0.0356052 9.9964E-05 9.9964E-05 9.9964E-05 0.118418
0.0315111 0.723873 0.00605567 9.9991E-05 0.00537727 0.0385253 0.194558
9.9982E-05 0.79612 0.0212232 0.114823 0.0296783 0.0379557 9.9982E-05
9.9982E-05 9.9982E-05 0.0106305 0.22968 0.482875 0.0625444 0.21407
9.9973E-05 0.144484 0.0181429 0.132172 0.704902 9.9973E-05 9.9973E-05
0.631805 9.9955E-05 9.9955E-05 9.9955E-05 9.9955E-05 0.367695 9.9955E-05
9.9973E-05 0.0243468 0.0554911 9.9973E-05 9.9973E-05 0.793542 0.12632
0.0951445 0.00871928 9.9982E-05 9.9982E-05 0.0725207 0.81648 0.00693597
9.9964E-05 0.0567712 9.9964E-05 0.319207 9.9964E-05 0.623622 9.9964E-05
0.18334 9.9982E-05 0.00818446 0.0177661 9.9982E-05 0.703363 0.0871464
0.121315 0.151861 9.99641E-05 9.99641E-05 9.99641E-05 0.726424 9.99641E-05
0.00911178 9.9982E-05 0.0224808 0.0318398 0.0544456 0.881922 9.9982E-05
0.427959 0.016106 0.00194451 0.097861 0.0292897 0.426739 9.9991E-05
0.221107 0.0771206 0.00194758 9.9982E-05 0.0362719 0.663353 9.9982E-05
0.168443 0.0786171 9.9973E-05 9.9973E-05 0.0441065 0.708534 9.9973E-05
9.9973E-05 9.9973E-05 0.0300686 0.17468 0.00278573 0.792166 9.9973E-05
0.0537047 0.0455103 0.0460528 0.0973498 9.9991E-05 0.710806 0.0464759
0.177491 0.0590928 0.017475 9.9982E-05 0.116053 0.629688 9.9982E-05
0.201924 0.028984 0.0129387 9.9982E-05 0.0681482 0.687805 9.9982E-05
0.237147 9.9982E-05 0.0151058 0.124462 0.0223632 0.600722 9.9982E-05
9.9964E-05 9.9964E-05 0.0258182 9.9964E-05 0.0860569 0.887725 9.9964E-05
0.0776947 0.0329518 0.01981 0.0164486 0.0443283 0.808667 9.9991E-05
9.9982E-05 0.05207 0.00448319 0.819675 9.9982E-05 0.0990431 0.0245288
9.9955E-05 9.9955E-05 9.9955E-05 0.905027 9.9955E-05 9.9955E-05 0.0944729
0.0424352 9.9973E-05 9.9973E-05 0.0596314 0.0839755 0.813658 9.9973E-05
0.399252 9.9982E-05 0.00829881 9.9982E-05 0.212048 0.370801 0.0094
0.9994 9.995E-05 9.995E-05 9.995E-05 9.995E-05 9.995E-05 9.995E-05
0.213068 9.9982E-05 0.0004591 0.552833 0.108324 9.9982E-05 0.125116
9.9973E-05 9.9973E-05 0.0267591 9.9973E-05 0.814616 0.0527489 0.105576
0.015909 0.225208 0.00529643 9.9982E-05 0.580176 9.9982E-05 0.17321
0.0386967 0.420467 9.9973E-05 0.154735 0.385801 9.9973E-05 9.9973E-05
9.9982E-05 0.529058 0.00303495 0.112978 0.047836 9.9982E-05 0.306893
0.0270508 0.73302 0.0152093 0.184575 0.0399449 9.9982E-05 9.9982E-05
0.0702089 0.716609 9.9973E-05 0.0442101 9.9973E-05 9.9973E-05 0.168672
0.0114433 0.707447 0.0118306 0.0508563 0.175078 9.9991E-05 0.0432444
0.0232667 0.660497 0.00926299 0.110568 9.9982E-05 9.9982E-05 0.196205
0.0297076 0.619335 0.0395311 0.191024 9.9991E-05 0.0299461 0.0903564
9.9982E-05 0.685022 0.0465409 9.9982E-05 0.0935641 0.0620771 0.112596
0.0411348 0.0558303 0.00313131 0.0481736 0.70878 9.9991E-05 0.14285
0.0735417 0.00808331 0.0686552 0.0634727 0.786047 9.9982E-05 9.9982E-05
0.078663 9.9982E-05 0.0340063 0.0920141 0.760774 9.9982E-05 0.0343428
9.99641E-05 9.99641E-05 9.99641E-05 0.197452 0.778648 0.0235008 9.99641E-05
0.0640201 9.9982E-05 0.00138534 0.000718927 0.788729 9.9982E-05 0.144947
0.0189709 0.0198109 9.9991E-05 0.319491 0.582519 0.00850553 0.0506026
0.077157 0.0506531 9.9982E-05 0.100441 0.114619 9.9982E-05 0.65693
0.0993296 0.0573712 9.9964E-05 9.9964E-05 9.9964E-05 9.9964E-05 0.842899
9.9964E-05 9.9964E-05 0.0333918 9.9964E-05 9.9964E-05 0.053218 0.91299
9.9982E-05 0.0547509 0.00653588 9.9982E-05 0.0670493 0.110731 0.760733
9.9982E-05 0.0347049 0.00756257 9.9982E-05 0.0955826 0.0927722 0.769178
9.9973E-05 0.549221 0.130693 9.9973E-05 9.9973E-05 0.0781581 0.241628
0.653452 9.9982E-05 9.9982E-05 0.0499739 0.00106579 0.197068 0.0982405
0.165964 0.10077 0.0416914 0.0311488 0.0110015 0.621512 0.0279119
0.0070625 0.00632894 9.9982E-05 0.0932833 9.9982E-05 0.863629 0.0294968
0.0398264 9.9991E-05 0.0172999 0.0769656 0.12291 0.697676 0.0452215
0.0405317 0.0961389 0.0209446 0.0702258 0.0337153 0.738344 9.9991E-05
0.0876432 0.177524 0.00847243 0.0262987 0.144956 0.0639219 0.491184
0.0556638 0.15454 0.0318118 0.058061 0.234011 9.9991E-05 0.465812
0.0408719 9.9973E-05 0.0427645 9.9973E-05 0.0498558 9.9973E-05 0.866208
0.0095715 0.20496 0.0463159 0.101382 0.231368 9.9991E-05 0.406303
