IBR/IBR_outputs/all.combrep_1/EucDistWater_Total.PersistForestCover_Total.VRM_Total.WeatheringIndex_Total/EucDistWater_Total.PersistForestCover_Total.VRM_Total.WeatheringIndex_Total.asc
NCOLS 160 
NROWS 95 
XLLCORNER 210004.651214014 
YLLCORNER 7350008.22228844 
CELLSIZE 4999.99999999997 
NODATA_value -9999 
[rows 0 to 20 of 95, columns 92 to 137 of 160]
-9999 -9999 -9999 -9999 -9999 -9999 -9999 -9999 -9999 -9999 -9999 -9999 -9999 -9999 -9999 -9999 -9999 -9999 -9999 -9999 -9999 -9999 -9999 -9999 -9999 -9999 -9999 -9999 -9999 -9999 -9999 -9999 -9999 -9999 -9999 -9999 -9999 -9999 -9999 -9999 -9999 -9999 -9999 -9999 -9999 -9999
-9999 -9999 -9999 -9999 -9999 -9999 -9999 -9999 -9999 -9999 -9999 -9999 -9999 -9999 -9999 -9999 -9999 -9999 -9999 -9999 -9999 -9999 -9999 -9999 -9999 -9999 -9999 -9999 -9999 -9999 -9999 -9999 -9999 -9999 -9999 -9999 -9999 -9999 -9999 -9999 -9999 -9999 -9999 -9999 -9999 -9999
-9999 -9999 -9999 -9999 -9999 -9999 -9999 -9999 -9999 -9999 -9999 -9999 -9999 -9999 -9999 -9999 -9999 -9999 -9999 -9999 -9999 -9999 -9999 -9999 -9999 -9999 -9999 -9999 -9999 -9999 -9999 -9999 -9999 -9999 -9999 -9999 -9999 -9999 -9999 -9999 -9999 -9999 -9999 -9999 -9999 -9999
-9999 -9999 -9999 -9999 -9999 -9999 -9999 -9999 -9999 -9999 -9999 -9999 -9999 -9999 -9999 -9999 -9999 -9999 -9999 -9999 -9999 -9999 -9999 -9999 -9999 -9999 -9999 -9999 -9999 -9999 -9999 -9999 -9999 -9999 -9999 -9999 -9999 -9999 -9999 -9999 -9999 -9999 -9999 -9999 -9999 -9999
-9999 -9999 -9999 -9999 -9999 -9999 -9999 -9999 -9999 -9999 -9999 -9999 -9999 -9999 -9999 -9999 -9999 -9999 -9999 -9999 -9999 -9999 -9999 -9999 -9999 -9999 -9999 -9999 -9999 -9999 -9999 -9999 -9999 -9999 -9999 -9999 -9999 -9999 -9999 -9999 -9999 -9999 -9999 -9999 -9999 -9999
-9999 -9999 -9999 -9999 -9999 -9999 -9999 -9999 -9999 -9999 -9999 -9999 -9999 -9999 -9999 -9999 -9999 -9999 -9999 -9999 -9999 -9999 -9999 -9999 -9999 -9999 -9999 -9999 -9999 -9999 -9999 -9999 -9999 -9999 -9999 -9999 -9999 -9999 -9999 -9999 -9999 -9999 -9999 -9999 -9999 -9999
-9999 -9999 -9999 -9999 -9999 -9999 -9999 -9999 -9999 38.2836364677615 21.1658666112013 6.90789923194554 16.4831912915674 -9999 -9999 -9999 -9999 -9999 -9999 -9999 -9999 -9999 -9999 -9999 -9999 -9999 60.8432964674076 41.7755682536586 16.5394020845823 -9999 -9999 -9999 -9999 -9999 -9999 -9999 -9999 -9999 -9999 -9999 -9999 -9999 -9999 -9999 -9999 -9999
-9999 -9999 -9999 -9999 -9999 -9999 -9999 -9999 -9999 51.2352776604813 11.9638436090646 35.0728614016091 6.97655185564138 15.3470974013975 9.85503746555803 6.94818051349815 19.4624180206945 11.385368338343 -9999 -9999 -9999 -9999 44.8090442967253 80.4736717020397 24.8477256632391 40.3442793795627 62.4026409188597 61.3806939797533 38.9897670894526 29.1863634569857 32.2896659614856 47.8457512429822 68.284587290817 71.2288534734023 49.3059825214345 26.4548599873388 21.30932017962 42.3871188501413 65.3881908859336 85.9573644586789 104.358743085079 119.922162657443 -9999 -9999 -9999 -9999
-9999 -9999 -9999 -9999 -9999 -9999 -9999 1 13.4988175788925 10.817430785111 17.6843835314256 10.4271603384828 7.2343516600224 26.626562939679 26.1353277406097 17.5864900791587 27.637947799532 13.7519804478087 10.0308907657681 -9999 -9999 16.9371860960614 36.2010917400353 32.6601710871428 27.4367445039449 46.8990298896719 65.4399617136973 67.5488314760901 57.9088972798022 55.0036431404223 55.8551215759254 61.5492119284904 72.3045260717231 70.815073490687 49.0032284445377 25.8711510352963 20.6610679674787 42.152464713438 65.2077338371764 86.0342928700663 104.334352322522 120.45663108988 132.502740886247 132.640055735259 131.626714180993 132.798123926856
-9999 -9999 -9999 -9999 -9999 -9999 -9999 11.3606375737442 15.1210207864137 25.6077093331001 19.7405613676132 7.76795439014184 6.3161256285184 19.6198343595452 41.2070263195493 43.8796615250203 46.011495075934 34.4058115684433 19.6195750826482 10.690598543293 16.5286571863974 30.9858688231794 25.7795752731575 17.6701034661515 19.4273346616957 42.9610628932342 66.8175823378341 82.5906375109364 76.7279122689078 64.2533547403825 50.4008614027791 45.5900270289128 54.777769922298 68.9012914189814 60.9723276196533 46.8887244027332 44.6612629317437 56.3136248204333 73.5949451849581 91.4574083365107 108.18966325607 123.24286457785 136.589977856572 144.55855111929 144.470420988347 145.413383102594
-9999 -9999 -9999 -9999 -9999 -9999 23.343516008231 27.3938365361299 25.285237029431 25.1058046431763 16.9633125509472 9.33875011941672 5.92628963477153 20.0651228396115 45.2811638578134 64.3865482742724 63.8480399352638 47.2136250473806 24.6684508104888 9.09506449062207 20.7351715831905 40.7606440518019 48.851600372412 34.8840174473311 34.7639102626022 51.1268672770092 71.319218327126 88.195814067939 75.4561689168911 53.6209396992266 30.7303905832098 20.2712549117327 38.4713601849523 61.47889180255 75.2084252289015 69.2332846684321 68.0351140253449 74.9410152087548 86.8937466084251 100.911104434394 115.173659391136 128.35505004057 140.529411703413 151.300480013577 155.668417238527 156.420769029215
-9999 -9999 -9999 -9999 -9999 10.461664106375 8.40565610955113 9.67108228344587 7.6636792236532 13.0120707655744 17.2753129587468 10.9717002565163 14.4075347453867 35.5273796857407 53.3519991983803 70.4507144547725 63.6691100196603 42.4702129300833 20.3280491140591 23.2449051300667 42.2320814902983 55.5121708432055 66.1548867094288 58.3660353576798 58.1362059518658 67.8106353299063 82.4106722261919 91.9058505479567 75.0476245563353 52.9191700515441 29.2503590361495 17.7764015641532 37.3149059868775 59.8918832525405 77.9960554048957 82.773393040748 80.2232859602743 83.7125700330267 92.1024481342588 103.271371165333 115.701358964244 127.858508732684 139.34879571605 149.969546759234 159.487868099279 165.391800412427
-9999 -9999 -9999 -9999 5.59821803429057 7.95418010511194 10.5977676522294 5.79119936911954 3.13762847808987 4.28381470080616 8.85811042760872 8.39147839878016 16.3834836118033 33.4545879219529 41.8116635297704 59.5431044509749 68.1256953369053 53.0366463414352 42.3492668536146 43.8992120697721 59.0243671046918 73.9297285620972 83.4384543270946 80.0820531142494 79.926232995064 86.1060429141121 96.4009904011092 98.7614905952014 81.7407409864943 63.4993048924104 47.8025101302211 39.0775941394818 38.5231684702335 47.851418490044 64.6449107308338 66.8481898110958 61.1624731102227 65.2361837061001 76.7733857781188 91.1852480799116 106.299119436994 120.739554601554 133.957852532953 145.695003756528 156.281317183832 165.896409285129
-9999 -9999 16.9677009870563 21.7884874322497 26.9364525266805 12.3959569595791 16.5099106241059 5.02935820414411 13.6813292488013 11.7510856591787 15.5242065392835 9.54432171512071 14.2158891862513 12.5004309997133 24.9568914614056 46.9199143942768 54.8280212623277 47.0981314177188 42.5315299094596 52.3581977483591 68.8990235246754 84.1541295596231 84.1255113023353 82.2688526194533 86.0800354276356 94.427103484805 104.292285652472 101.873476241976 91.6360817361391 76.5231255680473 56.8603293392866 33.0371386443021 15.2428701298254 31.246459504186 53.6682767349472 47.4686609119161 36.6337250356589 44.3044273663719 61.9820547384047 81.1249933653128 99.1027125021988 115.611163633129 130.061385420431 142.743743426718 154.000036695054 164.06948458908
22.8968123072827 33.7936503089611 22.5845298269359 11.4937428863309 5.95176676418431 10.3621319987847 20.6271828431416 20.3549390367217 37.0968689331338 35.010941556703 25.1847254884283 18.5642497867247 8.56455637332152 10.0467952706806 15.2136072703432 26.1243991436136 33.5554199540971 27.3097079198529 18.0510058925898 39.0972730577163 62.028915519444 73.3048438023947 63.8816573887315 60.92543515265 67.5201547131137 80.541027185207 92.0354281407288 86.1186050499794 81.8444962032155 77.1599592737264 58.1933880862114 34.2348106731703 15.8397878149769 30.9190503880859 50.2918329831213 34.1236940976981 13.756191580347 29.1126404076937 53.747512477516 76.2107989674367 95.8956690782649 113.266193438962 128.346409123092 141.501426110552 153.008904169939 163.216040749272
9.77025827773277 10.4144087215364 22.9538577979527 28.1357921045151 19.5784760933824 23.0555756741487 36.2723362731443 34.2089417839308 46.3045583009295 53.9116379747313 38.0483525223229 15.3765777180069 16.4241069543238 15.4342311772126 11.4885681194451 7.44934066664747 31.6948008801527 24.8472661758002 25.6873833779552 42.6257215498735 61.7696546857503 59.3260125169453 41.8531098182461 36.233777565819 48.4536426235488 67.4435580776956 78.2883783892203 66.9380287492483 60.0363471229925 63.0031899621246 64.0353374458302 45.4786831490004 27.8819039644463 29.8711270768254 46.6773339014091 39.9057598252051 26.5401296743308 36.1867646775974 57.5176350741389 78.4225554316947 97.3009024986404 114.153807532812 128.978767091059 142.14727528466 153.436471689358 162.994711811908
18.7763088954079 17.8454787800066 17.3831365844927 33.0597260893294 34.7830331609474 43.1556107304826 30.5149796615549 13.8937326086229 32.8981385004646 51.4892238934443 32.8697048516666 10.3776226087647 19.1094428828923 18.1712685884223 19.6664200468167 14.2484809733355 12.5466207334591 18.6942917520904 25.9525216714241 42.6949586739112 54.4249443918347 51.0355467896122 27.3310628964927 14.9129002774508 36.519698532185 60.8610095723648 66.691004888876 47.7333560890384 36.4260181436701 43.2204252571364 54.4319657244955 44.3710982668011 20.62568525678 18.5474685391403 43.3146675536306 56.8074084320625 51.3879150753541 56.46576936937 70.0980325001613 86.6784956811754 103.217759327565 118.120024167022 132.012242921035 143.985754260384 152.463751866511 156.906242541959
13.9798800800376 16.1909267032669 29.1356513913985 16.5670149128878 22.0705681538081 45.4327045436226 33.5605406069805 13.462264050914 30.1276693249858 52.1571849581704 41.6582107918962 24.604895219598 14.4356910045412 21.3006435421761 21.8008514139992 31.3694713062196 15.9635167503813 10.9415895095385 13.2826530392099 22.3633100896156 29.1231237085953 33.3624825638887 32.5390691057326 27.0976819407378 42.5974433046601 63.9081026253244 60.7400920928634 36.1666742924642 16.3612714339975 30.6327852906706 33.7968092614221 39.1511855704402 38.6398836260917 38.2555745246699 51.4928627948363 55.708434916089 57.0497025375871 67.1193417732386 81.2642408654679 96.7780730551336 110.9300250187 122.791674732216 131.468854295866 138.476922752807 142.484898147161 147.384830514906
15.3612213120052 30.996037981331 39.4312373505854 31.6458934839161 35.2151898180213 52.6937253386318 47.6726722574342 37.4539827085265 45.3065028191665 61.1544020448051 56.7654382019833 35.3890763157725 12.1209242035365 14.4748506222561 12.4541902578134 37.2156775620848 33.9561696255418 13.0208516694167 8.78935871840885 10.3679129641297 11.0695723958769 11.8012993164966 22.3183722457707 38.9742096508397 51.2282123322 62.3142285128506 62.0403631287398 42.9295602809613 27.6550778315173 28.1472178961349 21.6486960334185 33.2470987092393 32.126964133938 32.9850959635777 41.7137954244325 30.0180221308514 34.1944452021904 53.6833026736889 74.2900805234793 92.6015580857846 106.327860380436 112.323721452672 119.618798546331 125.673296146823 129.854462513929 136.661819464148
29.6689015913171 17.6337599793076 26.8449421460539 46.8838544144749 55.7480260490566 67.9945943014737 67.7884098962423 61.4187093848725 58.4964323093728 50.6286817134849 50.5685320053759 46.1142917614625 22.5128858839891 11.8583378839463 9.57787492089447 30.0504998232412 43.6413797026651 28.2050269386809 13.3056433527758 7.5335041791251 9.51321748779773 8.65552206823655 8.02609745804611 18.024676070885 30.0554936020121 39.7209591884375 47.1207821407542 46.9505818349192 46.6432786911657 36.9125513518269 23.092070085796 28.333411993059 24.5474713965276 18.1590674520278 26.9914982188512 20.5604629236629 31.3802808324196 50.8953934569223 65.5548365451539 82.7816326629814 90.0504767089835 96.9533366947253 107.5867989771 111.685535309542 116.431995089687 123.849865853842
41.5041458803634 24.1017637782129 25.153752106906 29.0016956606237 47.522676377126 69.3783656300524 83.8345645956131 68.6429190066616 46.7989066533303 26.53692273176 28.3426875852459 46.0532433050519 32.2763620115941 9.2938478432852 11.2423406511075 26.1701131780258 43.3788161673213 22.412602309516 7.8929148211737 10.8815095028919 3.83141718962017 20.1762592155999 21.3300246083612 7.20493140981237 8.19132035253816 15.9307884436015 20.5752879106771 21.8522913477665 28.561214976818 32.7992799471072 28.8749245427325 27.697306344708 25.1845842613553 29.312068899162 27.9944903406392 20.2055899943404 22.4298162491857 33.8073813900042 56.8852096609053 67.2772153448423 70.1838862350689 80.6854178531551 88.2517898492816 93.995232782958 101.571748281448 111.056352532306
