IBR/IBR_outputs/all.combrep_1/EucDistWater_Total.PersistForestCover_Total.VRM_Total.WeatheringIndex_Total/EucDistWater_Total.PersistForestCover_Total.VRM_Total.WeatheringIndex_Total.asc
NCOLS 160 
NROWS 95 
XLLCORNER 210004.651214014 
YLLCORNER 7350008.22228844 
CELLSIZE 4999.99999999997 
NODATA_value -9999 
[rows 21 to 41 of 95, columns 92 to 137 of 160]
43.0118805428981 24.5118824228785 18.8069169767637 16.8517341995384 43.141860736773 69.6754045537254 81.865515540529 67.3449857535594 43.6699887064742 19.2071043266283 21.9635262949106 42.5289727963764 32.2871059540606 12.4296973259799 10.4272597875008 25.3093629961322 45.2231606905928 31.8473728375616 19.03943262572 6.30177043558108 5.42762106942697 20.849974639529 38.0516429389359 27.3931686932691 14.076331817356 13.4004257360617 12.2334907387975 10.4557886633217 11.6614407445613 13.6453849084346 10.6634569473434 22.4428548154153 22.3912646706091 29.3847306088333 33.5193064906553 22.1603617074365 20.3038567592903 36.881770772961 49.7478740460776 44.0716823603637 48.1768122631207 61.6681323942949 67.3978675950953 74.4680538504772 85.3869798774602 97.9485036395284
35.6899933955644 17.0807370175891 12.7726347605432 17.8121523584676 44.1553651739972 66.5313366171894 82.2913137539382 74.3075253654679 55.5114557058165 41.2465603364059 41.9575024824975 37.5653132822297 15.7076047299895 12.2854910112155 11.9441881611124 27.9017805800566 52.0826664967861 53.7173927051603 37.6890566458207 14.4997700824157 4.77276607741378 13.3291724110038 33.7872031796106 46.0606866391584 39.2772874079329 34.3960457934426 33.3415880566928 33.9698147295415 27.7639248737921 22.7526494420141 16.6640025814019 10.7866793241695 13.2651134037565 25.2344863292306 42.1075023246605 20.0284172530163 15.3329190430437 24.5434461580984 27.8950372771358 20.0455473715441 27.4442625826404 38.7491625941633 44.1233155005804 54.8344397768861 69.3780914121988 83.3338702564734
24.1064097723975 28.8005704368913 19.66987931445 17.6339151306507 37.5841018733012 61.7200736782448 83.4348915140872 86.3831501823777 72.1646980845761 60.3672918679176 52.5328380575486 40.5780832904729 23.9852980960505 25.3060446397112 12.7280018723657 28.7466065322739 53.7889659478596 63.4771485542801 50.7660956119049 31.8052298079868 9.65000717763259 6.4606583697095 18.3489719082189 37.2737295895416 44.7490600748307 24.0130885469409 22.5255285108129 34.2279687225882 39.9331767951109 42.3816762598205 36.5184064673512 16.9205322457799 14.814128226507 26.8401157757272 24.7460067525231 13.1400151450874 9.94719037992946 10.2612165873525 10.007943377589 7.70165262670499 14.4875497324321 17.1424935036666 18.9676368731263 34.6036405735486 53.3431790905558 63.9714285500709
8.56773001638816 12.3244576079267 26.2865493268883 40.8180349967431 52.056058166542 70.0016345102847 85.6010299783252 87.1003643995085 68.4449556166748 48.3846002856434 31.1896588688928 29.7605419856413 21.5201665615642 20.4762981533426 9.66041811222417 28.2699875597217 51.1305955504909 47.7713663713686 46.2174832211972 37.8573794840055 14.6893088589744 8.69600269660136 9.09533006068844 20.6919915900771 34.7654461427699 24.6190942481556 20.38870534247 12.7268552060829 17.8285330198544 29.4537044798076 40.3844038334146 16.6292366510341 23.0910578808714 24.6866021498177 16.3925005680858 16.9250890796506 31.3493406077003 28.739774511952 23.4076531932367 12.217872576651 10.4950688152123 8.42261713573955 14.9733229682708 18.1046844484202 32.532734283107 41.8033924426858
28.080079995993 21.599509225456 28.6392420210548 34.2960994167568 44.7255375577253 62.5190358462359 70.5131830131718 75.4450702329574 62.7078263456348 37.8136183769631 13.2790370137873 17.2503444708907 10.7942883871656 13.8703866634731 8.82904414109782 26.4661413814658 45.9872415267242 28.5754618431209 19.193258289643 27.4732639536752 10.5019871626135 13.1333452141073 15.2609461432161 11.3461776197445 13.5732123018223 31.6441769275101 39.8682286886635 23.0147046382954 9.07241354694205 24.6666090197246 36.7793560687504 19.2773805070448 21.3184259575082 37.8280799581456 14.1256119616858 15.6623951007745 37.0933933916247 29.6541200363747 26.2630641184858 36.1808934526956 29.7235482124519 14.6529128656153 11.0333348638208 12.6517773008614 16.1602734486549 18.8907848765354
42.1731734949008 46.2014433226022 30.7427694281839 13.2401454165224 31.0581041108338 44.0524854450843 48.3576339380223 56.1157289912826 57.1560570530008 44.6977939144544 28.7223649077203 26.0437738031697 10.4725639409023 13.9218064141841 10.7359853579653 26.7598117025935 56.0196486068957 56.5794528553352 45.2358902162133 43.0218968827592 11.7840820066453 26.9101486344652 24.6343484073689 8.00953487016232 12.4053249828581 28.8949329411546 48.0844156213661 31.9899984074968 15.0442246059101 12.3370232772134 23.958214960215 19.2467989708027 19.3698235045134 26.158159436485 22.0483463094668 20.9644125451401 27.9750150486906 22.9230717862428 16.8336291336426 40.8128153175312 48.5638309127345 29.4065030447304 10.9795185069316 8.16668946040848 17.8529557542269 12.0708025915972
31.585477754177 51.1966352973233 38.787082781974 16.603775964695 17.9148009975524 19.1137937383605 26.0118758354158 35.8249085401394 38.7297253436287 39.8909645125705 38.5761975453755 40.0531894457783 31.5730060602404 24.2327429894649 13.1773954434924 29.9778328610388 70.5403626838104 63.3839036644871 43.0508700924718 50.8045043890436 16.8007102540628 20.4036307692755 25.6125730205391 18.1241339720337 10.4763588884285 29.133191425919 48.5318066475558 49.3071567603432 41.9732526867408 47.891343527634 37.0380067204454 47.7842216780168 26.8710136097206 19.3963883996996 17.7583803934208 17.9493348637374 22.3450680704085 23.2120166777325 10.4767040397855 32.314835496527 53.4510722066015 38.0917529179367 12.5411162137383 8.5500650092885 18.2630551899555 23.2153985951019
16.1496588416123 36.8836776368193 44.8136795768417 30.2277362462082 15.7624599314012 14.128267560236 10.8048147794417 15.6895197568205 20.7956926625496 17.5050508005476 19.7433238622125 43.4272787896759 46.7300370916501 23.1227368068945 9.07761564016717 28.0313555167514 25.2423795394975 26.4075782350324 35.9605522268887 24.2589314916189 16.2049895555118 24.0540130037808 45.226432307106 46.7893099367144 30.4950460887846 27.9756556702992 41.6140860587433 68.0528023222677 59.3852371757256 48.0596667091702 33.1141904571053 29.3753740908912 23.0880288856981 21.6211660715014 16.4546442699789 13.012573779408 28.8458459964678 34.5611241490724 23.4409816021628 37.1682478484624 54.123659804568 37.7525354386278 14.2638882299426 13.5925574707407 24.2289092020588 36.841203286765
7.06686139583991 13.7833533021243 22.8137597287788 30.2300017483948 19.3571473736106 21.4957780162167 20.0161835482491 13.6932381287139 12.2015739413681 13.4013894674193 21.514321462898 29.1635725026808 41.7638413198901 22.9997710112317 12.0141963572169 25.3155815040521 36.7499097585666 47.4048771526333 36.2348708026538 28.8250076204345 28.1534843019135 24.0933378458124 41.3887216503555 16.4118914848992 21.2133260974164 15.0574365499795 35.6207820187362 53.0534838882694 48.2047784902792 31.9780783481368 26.0906310412574 24.8352729339925 20.5195187574692 26.617262964577 20.8892382896088 19.8679244787093 24.3222438101462 41.5128610528051 41.242935793346 45.6887412267871 33.1533472373403 23.5569394775609 12.6902243966485 16.9777869857627 27.5938057361407 39.9140058633489
25.3475956754372 10.7834012904009 9.50190091199115 11.1854350971215 28.3091886674334 38.0628489020175 38.7480278078215 28.4175075747811 33.6480444172663 30.9433760555918 15.1947049015766 14.5655933651754 28.6907145867311 26.0133101853074 36.9343112402115 52.1055612998942 35.5098419219563 21.1404548481301 30.1507318716179 35.1746391851144 33.2959496392559 24.7272669386436 26.2417943965767 12.8271219246556 38.0199308072681 14.0375486809611 26.5325055578935 35.2137472790067 37.4306177554989 17.5542700522678 14.3479741475932 19.9730330010152 11.5214388880883 14.257229658287 15.7801954000499 29.470717986933 11.9159645256518 19.003388471758 23.5080965438163 31.2755618238595 14.7161973783056 12.9202085636815 21.1952538267083 20.5653246355293 18.7733542374021 39.9468688803872
43.450750385454 22.2512481369307 14.3962548059335 21.466071189405 25.0225959379586 24.3654634601904 39.1134072925139 43.080186432342 41.9348256951982 25.763511821056 8.83308707064871 24.8935642299158 24.8405440332643 39.3839728177996 48.8417493768225 38.6767113013156 26.6276878016077 14.8453642011852 33.3165245303248 18.3606278348622 29.5143167456592 32.2801068440088 11.815136795825 13.6204177052033 31.5338730696424 14.355246513593 14.537403004797 14.24451912121 17.9249705940102 21.2497722104984 16.0004981918968 16.0505936167198 17.0371960979018 20.5682954881004 10.0543571493005 31.2737173232476 21.9545034771158 10.9303654036295 17.7213445563998 15.1660392568573 10.4471180333102 15.6402205434275 38.3779626879104 28.1743855423043 26.7498545956222 39.0631073206431
36.4947300965627 31.4341549300496 19.6833223358152 11.9647646445234 22.2142081996054 17.2518922126337 18.7985633794324 35.864352682065 26.1427911458349 33.9628588579975 46.8862843492256 58.3195673990588 40.039614916769 41.2902119165265 28.0538351656594 14.7828665315169 35.1688677264456 19.0455615178794 25.5843409737501 19.7776701956997 27.9747908524826 38.6914616909608 14.5398948991433 15.5838372242463 28.6496782303948 10.052751471077 17.5079823065516 27.1783191334142 13.029487689744 10.9567762423067 9.38413326157974 15.8545010965762 19.0803210631198 20.2859997041147 11.7177718334339 27.0420458343668 29.0277392139586 15.8150228882122 36.426119028937 25.6372873559342 14.749050618771 24.3131986038118 50.6441271301506 50.1885691179737 48.8941836151877 36.8008232807506
41.6482295322346 37.8611052464168 32.1163243903669 13.1358410297527 17.1465054303062 16.8523695252239 22.6395635855323 39.0137727409337 34.8575517767461 40.7303855509806 24.6533889867612 37.1320301691563 48.4139988768169 45.6610806340171 31.9372727341617 26.7316915130828 35.1087314749152 25.7953275106355 17.8655384097641 26.5031574006247 37.1239557817386 50.2098791041158 20.0171886441097 19.708307696967 13.377000843849 9.20885634359808 12.5091355580526 14.0429962600621 16.5693514089705 17.0027138667856 18.551892220804 13.7750543631419 10.9492763815265 15.3350216064992 24.2744536543114 28.2136348293606 43.2877321133542 38.7409314484767 24.4860554428358 16.0794101357871 23.3437124940471 24.7323065733825 42.5466735842562 45.8223399074623 47.4385309425034 34.4338726747041
56.224326506444 27.0561285222426 33.0603253320374 19.0793098467853 11.0972562581231 38.1127109589595 36.9819416400544 41.5193046140594 43.6803321694145 33.9790764031924 28.4198221364837 30.5401026812768 47.2070320302382 48.3460308888568 19.9157280660749 44.516540047128 29.2020452433237 16.9729009497075 17.3523497941965 32.4334503432964 27.4534237231663 25.1035934279043 26.559918562046 34.9859927112137 26.0194090402584 24.9907434354323 22.37815306644 27.7166931046157 12.2879406388198 15.4276777496554 26.872710187686 16.0172571594902 18.1831054193347 14.1385201304499 22.0632616225735 17.3509330644447 43.3022239066314 38.2653839614928 17.09171849379 19.4537747673655 38.6960296828661 37.3440522781564 44.8898184855593 31.9641177103615 34.4573286290862 42.0785791950308
43.2409122095508 17.6481695403875 24.9572186449652 26.5324616946901 8.8162353902868 21.2719052485001 28.3926431924657 40.4605777561796 42.4154124185522 35.8310301702379 29.1917984631086 30.6349928074762 41.6047038964837 36.110974229849 50.903767304836 54.2152118621059 50.0980032273267 39.3873792535423 31.1696154895709 30.372028862187 11.2605572058534 14.281671371017 22.0869025654008 51.0840060192232 26.0348109635164 17.4379363910465 12.2231963921413 17.3052672025691 16.3707830717472 13.1829136506679 15.8186258720782 22.2857207878869 36.403498823344 28.2303105330697 30.0710405452596 29.21793929174 28.0550117606492 21.7173704776402 14.9189031510404 41.4272977909375 32.0536622697435 46.2097195612239 46.3672580879147 26.9777226728237 34.4695506187069 33.2660400736674
54.4057689216821 27.7691677493631 21.7081245977142 46.1463506166579 12.9872954512394 10.9676391284388 21.1477566852365 27.6911669464549 49.724414746113 21.4643136587237 30.6310932025963 50.4839289127873 49.9391207929703 45.4991880100244 43.1926154473487 28.2438132908418 27.4607485357584 13.9765660359227 21.9902831879349 13.8248398803355 19.2625754820373 10.4204830289061 11.4479314040933 21.8854628161849 34.6621932217583 32.0701850493373 11.703249528144 14.145910101591 18.6649510598664 8.67120760057814 15.9512241935976 32.2009585944326 35.8489040289316 33.0745081052077 22.1632881734852 31.5243549245104 28.9269305326181 13.922135930832 23.9598661646734 49.8177311031649 24.2598040845125 41.4835904945112 44.5151261298704 28.6341080612496 34.2834771860736 12.1286547037157
89.2506176979561 70.2657213856497 55.7967637227185 43.3665410663479 37.5357121286337 14.4798362664585 19.3915876263011 20.8354505547335 47.1222023690847 32.0519971061207 43.4508226188894 67.2940272875468 54.6964591783565 47.9622084504255 20.6439964235394 8.08188917551399 11.1832350674672 18.7082572875847 19.6109468656521 24.2323417975495 27.6600706951978 25.4183327629956 21.4870854894451 19.3866220067504 21.5179319371947 40.3437031465088 36.0794391495333 23.4843601696628 19.025894928478 16.6951224001637 31.0764979776951 38.017589523114 15.9405272507128 25.560889681003 23.8776302384816 17.7792416189859 19.3565606387012 16.3151230373306 23.3170019277502 51.4890418757499 34.4858071571498 24.0483935115753 27.7543506902254 36.0237332651709 26.0111451126676 17.9753173173943
98.082102512951 85.6808041708455 93.7591353905496 58.7384846416775 46.11412303883 37.5147648351561 15.2746293974487 14.9313778829309 36.683377457727 60.7455068768705 42.9816622198895 28.2293429908054 37.1056511234867 23.6432758846183 18.9695205578165 11.1712836080971 11.8817458766582 12.9858278503706 20.6838516155801 25.8380324035415 29.1349703299451 48.2471023138221 16.7048464896614 23.178256133361 13.6264113153134 15.2636360182031 37.8357671243632 30.2360565196429 19.6247851346966 22.1685865066842 25.7052394640483 41.1997454890958 30.012993327329 42.6745236230711 21.2258017352614 21.4975324023369 39.2808716435536 26.8499278968809 38.1731034141405 50.4609351485447 24.2582184748582 11.4423596987275 12.5835304551422 14.7552972445569 12.4770126883241 20.134428252394
81.4213878199227 70.1397189702861 52.232221182796 49.437768357364 52.4243366504181 41.7872747449281 20.6609708422039 21.3408711329584 29.8711005692142 67.3837823417882 44.7109746085226 25.1687157715513 41.4304952569445 19.5225641901843 14.9330570848988 19.1287093456835 36.5063615614893 26.1240756236014 15.6651685568137 27.725667303443 38.3288745412289 43.2193314227137 18.7772772849168 9.20175827038388 18.346857875797 25.0778515612254 41.3784726332318 28.0579124313846 19.9243023784982 20.2418592306592 22.0530483375911 32.1054298308429 39.3688130355177 21.1916203175703 22.6283948685737 30.8972062943116 26.4612512785453 21.185356252854 36.8315031293899 32.6333164240505 35.2212073637185 33.4048616276097 27.3296847964432 18.5075659361101 21.6687476610115 21.84099782181
54.6106065045455 47.6689406454785 23.146894178652 16.0584531419924 40.0739552889096 50.7052241002675 45.3398349978352 33.4240600322733 20.5338419778224 50.072181759535 40.7890683387591 35.4462845262841 48.1238535128078 50.5837734600584 20.1961447238585 24.7222800746244 23.3335110071765 39.155584570414 32.2252636881285 25.5904339170612 47.5136894608809 53.8117927881597 18.0347288628077 15.0723184649737 11.0896346146934 23.7725509584817 40.4409576100242 33.6118388693079 27.8926081776849 15.9436965161869 24.4632434293745 21.1925489328909 27.1695422442716 22.3455091401297 26.4706223239415 22.9607767616144 29.4877891087607 39.314491415962 18.6515346810364 18.2940646089124 32.2123168940051 39.5401633788194 27.5516484408015 20.579584571244 17.2157423952087 27.9552425310739
34.7004268668708 46.4547133277411 25.8618276959146 15.8153037853098 38.2479441175934 57.2175687182168 59.8247880069423 44.8509836563559 22.9890043289617 22.9042052211368 26.8668330565398 45.6215883158624 18.6798665726496 55.4295845178183 17.1180268812614 20.2434929967182 13.1095398378733 41.3384079576087 35.7234739641239 28.2702115838907 37.8169617027727 42.4237867249782 31.4316487127646 29.0687303006447 22.4791436262731 9.97991062780527 20.4951445836147 25.9690607554657 40.4223326275527 45.8217995748228 33.5172941233357 25.1906070362166 39.2330519628101 25.5627766691954 25.851797746856 27.376285412237 50.6942106624205 37.9634081605105 12.6146833157236 14.7326812419359 28.7676335194528 34.9545260087877 14.438690969355 14.0528487261358 29.4571854321341 33.2463375575529
