IBR/IBR_outputs/all.combrep_1/EucDistWater_Total.PersistForestCover_Total.VRM_Total.WeatheringIndex_Total/EucDistWater_Total.PersistForestCover_Total.VRM_Total.WeatheringIndex_Total.asc
NCOLS 160 
NROWS 95 
XLLCORNER 210004.651214014 
YLLCORNER 7350008.22228844 
CELLSIZE 4999.99999999997 
NODATA_value -9999 
[rows 42 to 62 of 95, columns 46 to 91 of 160]
20.8989716366406 13.5660787452666 17.7938295105183 12.9881824141085 12.9097983031868 16.7184400718262 10.3281997107091 11.2319602155513 23.1865337156081 29.8235820871671 26.2848695041955 26.2287865070966 22.9983638921576 45.000884549178 37.4495699066131 38.7578315334174 59.2870113722166 60.8473861915065 57.9227835135864 57.6261364060266 42.2293095273252 25.0559892269052 19.1435892716744 9.77734677112571 12.5964729439558 10.9736918933728 28.78697465704 20.8038109720179 21.4436744981791 34.1602995782377 33.9325258013758 38.2143653514032 31.1225495762135 29.9931495505404 24.6140256406381 33.7392983718871 32.7569358843881 20.2466482152842 20.7047817481959 32.8728077857751 13.3699029309531 33.715921187253 48.5171417436666 31.062598787253 16.726720795716 10.0872063622046
33.1242114240736 29.8061930053893 23.2817856846318 11.6135999207799 24.3420558963455 15.3343611537914 23.799093641803 33.9418750013401 43.0899496141768 52.5372140037587 48.4425480620806 48.5839299895316 37.4827790135723 25.2558875157262 39.9085382267536 41.307023333601 47.0385637374127 51.2131472022967 41.5400386040659 42.3810215485536 52.2682128027685 45.8809069406201 26.0706365864905 18.5221056850218 27.3812067654132 25.4457070443832 33.9039413836677 19.588984396128 41.5708175082679 38.4524727898218 31.5188642768408 29.8614722776289 33.1782123969656 34.730189547653 20.4443237846472 31.2023384739406 35.5880242075612 44.0797587281189 63.3647101857329 15.2417372377189 35.5525678481769 52.9219390416754 47.6152042189319 37.8439271181929 17.1939509640134 11.5325281365759
27.4967323896942 29.0179734485193 22.7285148061705 15.0034003491753 28.4669445020317 38.2286642169953 42.8739128780232 47.9985983852991 57.3314555462013 53.8801160909372 43.1277625380755 46.2201345226488 54.0422899968299 46.2586679432514 40.5600797297926 42.9443600213611 40.7847617340301 35.4904222201068 17.8275953213983 22.64925329071 44.4295913242072 50.460234126067 25.423928455279 12.9844851060888 12.9241359072465 17.2146851439183 28.3043449759911 16.8686629464074 39.1188743211001 40.2173226675836 31.0857619669885 25.7709212346324 34.4249669472966 18.1241263621507 17.5939993475169 24.8479462136938 21.8420806671773 23.375649482648 36.9829163266123 39.2958330001321 66.7105625788338 51.8283216541128 41.9082168963304 57.4672167389134 47.4850907061148 19.2626968420486
29.9371032200172 30.5487738968078 25.1654164227581 16.2382988664429 25.2974021591119 32.3110204669305 28.0987133624808 30.6144591052953 48.4623718447292 42.1872588695183 47.3922991063788 54.8623536388008 55.541808836592 65.0955469302649 52.4760175597608 28.7677317096122 33.8846374309237 38.6620357058536 21.6480582983776 26.2768158434769 33.8965767968325 35.8175543903374 42.6420060363947 35.2235488747771 28.6967255660676 26.2191483639517 31.9256638650558 14.847522500142 23.2871596472505 41.1922803506615 42.2106317023461 31.0231900843877 25.1928379864595 21.5321195126055 16.9530570434881 14.2725441245902 13.7926870632571 23.1984457263333 36.0079641849484 31.6493968463568 30.8296817764569 31.9130833433426 39.3690758206921 46.9618659617236 50.1806664701911 20.3208466061639
52.83186732398 46.1974915685598 27.6986333284193 19.3694689840935 12.9980733888911 12.1894611893398 10.4235222957598 24.6048785074054 43.0345257714753 60.0025873566525 42.109902749651 46.0562705937437 70.6005552735219 97.6282728316649 55.4116669928784 44.9992820095356 32.802598137244 37.9581285150051 40.8219991458775 21.3424396061015 10.9937605601372 9.13713799270332 20.6731347743113 32.1699079936829 43.5684464572434 47.4210820158841 46.6458603653572 23.8406007488367 15.712665181588 31.7111721898225 24.5456007182728 24.8537738172296 33.9295543102118 20.9829153126658 14.2318719013563 11.6449556611667 15.3368587499784 28.1807910824493 18.1097409986773 27.6221009791581 26.9771533482 28.2725832909704 34.3076403172385 25.2941627562801 25.2448876204417 12.3051066881281
45.0288495988412 33.3445850299201 26.7855858265948 33.4683285691565 29.5388825082536 17.7710500934194 19.0158883642135 61.1124601607572 43.3427867106124 34.7152295416101 44.6273874128042 34.9977526726884 56.3523656385282 76.5735351794891 62.8880212701566 81.0957174375577 52.5095011889052 52.8468900208992 44.5729438285726 23.2392773699728 22.091380870544 24.989090367482 15.3251127545915 10.3906164185829 19.7802961444892 31.5810121124336 39.177840599355 25.052499270967 13.7616020737264 21.5554311479245 32.3800720098977 31.9903380672032 36.9573246371073 18.0989933209343 17.6083180731149 27.3580232211968 21.6811706367529 15.7962017460472 15.7505318161772 33.5631901567071 36.2775158735592 40.6429202169884 33.8096642478597 25.9809245064294 31.0535652414404 25.7399175317642
27.8601759404483 14.8393984280007 18.223041827777 36.5578437461629 48.8935797476364 37.8206048445031 26.2196932419674 62.2409215689669 43.5031949436597 26.1668479658635 32.2034570354077 20.1804438338835 40.5018550570397 48.2162089413564 47.6939639218981 68.8781398207023 65.0294233771179 85.7536965668499 100.002317425352 80.6147551164545 59.4735657521686 49.9817292664038 35.0347966413415 20.864485902555 12.6696942583249 8.89054926895189 19.5343121385255 24.2347406442362 11.8545443574813 24.5484006416938 40.3314134226449 57.9252256559444 45.7644849950621 23.2991586030506 10.8545897734091 25.8924253646594 20.358304885193 16.3245200522704 20.1290052979412 25.0840760053937 21.241746017857 19.5811731600656 33.0003000381711 28.2546146844886 33.9057455545836 30.2429464890641
61.4833706513069 49.2799886768671 30.6831654710144 38.8887879073694 59.1741363795296 60.0493287515454 41.1133572919499 57.5902093356419 24.8094125681787 16.2437331588532 29.7783200330747 29.7855836123164 41.1795382619359 23.8404461810128 22.1247460762995 45.6818293069025 87.5891028694165 112.588646762657 122.500728646525 108.086537145249 108.798132012249 91.669744772784 72.0895177072617 46.2359664024805 34.7207174498648 30.4570531178597 33.1751236096496 40.0025567219732 37.1197333911936 41.3411623506214 54.145390893184 66.2576860865962 50.7291583863792 35.2736681236708 19.5491419050255 10.9492994534997 16.6381672040441 23.807275434544 25.0679781427288 14.5946859371384 25.2068550482721 25.7853077540245 18.7179456023574 17.5693315080668 26.5447871352362 24.7961381061094
81.8569509567647 62.3752963251074 40.3198544376138 40.0437503312821 54.9315829924041 50.7206729730484 48.9715752930079 48.8323990831103 22.6957942980063 25.3929608980958 14.9996882371841 34.7309399874282 40.0839348481073 22.8125513489066 18.8830337649688 37.4431990332073 77.8872895919717 99.0055039602297 83.829579068697 103.802344611863 97.8089458351532 97.5250378186139 102.738281691267 90.0245290800497 62.0709702500319 53.3659963613428 66.4816413876671 105.438718824571 120.241774281865 109.499708471035 95.6176464870155 62.4369542711713 45.3378197910105 46.7179276207662 17.7967174146486 21.2430594737113 34.2192260379603 46.2000598100301 38.2733905454204 18.3912838750051 28.3529031966998 38.2083164787054 20.8454475986462 16.452704042746 18.7261837000282 35.2672838464798
62.8795928246907 56.7296556933073 38.5726958455183 30.6361426325637 45.3741509460719 24.2244242422414 25.6015032203064 40.497961488326 27.591494375766 24.002776311945 19.7740321608301 35.926207520112 25.263163610971 13.3611233496855 16.9891940797486 19.7790917474285 44.1433720588272 63.4374363914814 72.475800032445 77.8740322540042 68.678883462973 80.9396299733251 106.676845434116 93.9639306532919 75.1364375633075 50.7232454546514 100.275161132907 74.2006772847578 83.0431346784575 93.2541365617164 113.497952370233 74.6593291237691 30.9981633479729 33.3252123718421 35.181774815784 47.4745859929696 59.35125386026 64.0493529174742 54.5006281729536 43.6007359675676 50.358512479421 45.6424493309378 25.3667157200519 18.9159047049643 17.5338919868808 29.8665009435641
43.9121554477243 48.2883622978547 57.5017150763978 35.3539908924013 30.8824988558414 18.8695117421329 22.6460596800356 29.8738216440126 31.3486602303176 30.4509933701345 21.1694647054314 16.807397935657 20.4437334656209 18.684042829499 20.9286319695286 25.1710198147516 34.4456435979689 48.4769496098987 59.2982689115427 38.7515498228491 46.4615370436143 78.5639432435925 76.6715575121263 82.4274174742245 35.186304381336 16.874337890937 48.3693569621331 38.9125803906244 41.5756201675931 86.1299176835116 115.927437258775 83.1131247109616 40.4125546137419 53.4081855462688 52.305472255658 59.741916822431 52.1408511550577 47.3781362887039 54.9930041435879 63.0144668985533 66.4469863162844 40.3434185468887 16.5248151915915 13.5868196466005 19.5494675916817 14.2203661247249
39.9478029410336 39.6106163083686 59.0743552176993 42.1566064608723 27.1914823149367 22.4899983435642 19.2261951684325 23.0622140927474 24.421066868925 23.6289005993033 17.6171779187739 23.1739052884813 31.8829477694068 33.6226972369053 43.1692406211749 37.3819343308547 25.0416759520963 43.550495748179 77.5302015155591 70.7737596769348 78.0706495318046 88.3064309713394 83.3937993190175 77.1729722414267 52.5462928684596 35.215432096754 26.6596403434763 60.0302320472316 37.775128433645 92.2358128584678 123.844112997956 122.923793473428 60.9836328947056 54.5979150084599 79.5486546454203 70.2737291180074 48.2084356669215 41.1870528852015 53.1862670537143 71.4958643002643 70.3664823710695 50.2898045241845 33.5101566045308 37.1474372346817 39.8709142917227 34.4409571980585
33.3822501868728 30.9797909578664 50.414034481271 77.8896882822515 59.9079821355216 22.0137060984504 31.8035503230947 18.2022004374507 23.8167168746372 23.1884260246909 22.2825310263219 18.7781877143942 42.8294685045368 56.6573232733947 54.9981647120161 58.1412274422215 39.2578015179095 54.8741947262276 75.9110731403497 98.1394246195221 113.075763041107 112.101104501273 106.94019622328 115.815607680028 82.6293618510877 81.6624071857268 40.0573995663086 63.0926881601517 54.6703326524378 75.9297362023936 102.492817278342 129.620015938571 87.1131779274785 77.3582579357953 72.5782574315966 52.2183744270765 30.8056729067114 29.2363022956828 43.4124204338247 60.8005049929829 78.9560251712396 44.5414094602071 29.1197249128058 47.9909354068253 59.9767150433551 59.0532679964603
56.012052033549 40.246487620233 46.0294906119352 64.9349499572116 38.5468638460677 26.1617399374065 42.0255852198297 14.1611179988269 23.8135325438857 38.8840544669205 19.4956390232828 23.0474164172118 54.1243777324792 82.2575921464566 62.9638361451673 81.6777296441964 64.6993777155135 77.2751101547873 104.059958222649 82.1531178215733 105.918768857065 107.785690207728 89.6340772803599 108.149204725218 121.612721684566 96.1802548057917 77.1919062202156 73.5929989811857 62.5074644778108 82.8854814985039 92.1467667277012 127.797986824107 124.289621616464 98.912886812171 83.1470120268041 67.5929059855969 52.7229061682958 44.0500139633202 49.7143901557083 55.0577237074256 57.8751130826572 54.2545174493105 43.0832484410738 42.2697399818079 55.7616674943148 51.2611988069803
77.3440020075457 73.7207779117644 64.7167620476804 59.8252153417609 44.0052346043401 38.7997065990857 67.7291059631417 37.8679947879244 20.112362658038 59.3479522157438 56.5045128739286 51.3293722018436 55.2476897491214 52.8553627319452 56.6096909115289 52.0293770280915 62.4698302517098 63.3622631492708 100.234985055885 80.4259504729181 84.7863680187517 94.7792964493684 76.2003274525801 95.0424878801975 109.762396391683 95.9720398337359 73.5163929131633 82.9353086978949 84.4483151204664 92.5686491815382 100.604631249119 124.188393815906 149.747262037254 135.738574814109 133.058214150417 123.282007343862 112.314357916242 115.161031800455 71.881061626053 32.0175677657365 45.1893788158825 52.9207722536826 45.7206451346346 55.5047267157054 54.3840567119792 26.9954065877079
66.7288948634524 63.2009177126814 56.4530504824632 66.921791869001 63.9391069162395 65.8001375303783 80.6847937583844 51.4380260986992 34.3443628737146 48.9413026242656 71.7148528112507 48.7769839500437 22.9027838032597 30.5364517399043 27.7981247856881 23.313009524932 43.3972863679257 70.869630849648 86.6463849191205 80.1065079083687 68.9586209625733 67.0165606888139 61.2887365024691 74.7707276691011 71.8026372152286 70.4624117442476 67.0567355275455 64.369169855435 63.7562042011633 70.5518314245864 82.3862978355256 97.7060830842981 136.457771425196 140.868010001665 110.288094842759 107.835411716846 89.7888125365427 91.3666120894181 84.89328864834 73.4202801075652 60.4216975960858 59.3278942540098 65.963373472821 66.5706252923378 52.3211815586759 33.1206790777869
60.8723220887527 38.7735516758404 46.9618493304928 55.5356332738411 45.9481562615161 37.5311048343474 44.897656873411 62.7017159095303 68.2821337473585 85.3976697091272 81.3790055927614 36.5652935719929 17.1417591913061 33.4008836104189 47.8168733811508 48.2588011871165 56.4838965361047 40.7191841947079 35.1342381397435 34.0354838825672 17.4229113371123 13.4635794807376 8.35802606377669 29.9094589245436 44.2599110167926 35.0818444115571 49.6023909194219 47.8697486560652 52.7975954631429 68.024054141549 86.5342652895199 101.973674158188 105.294258185933 139.712753180146 122.243718841198 82.5425796751579 60.6679292159113 56.9711098831862 64.4459489918044 73.6968814336477 87.7490882524529 98.3506387906064 81.2061877957441 59.9981181792164 46.9812051660061 48.4252103422375
59.383382052004 43.1261336973307 66.6262517611716 77.1140915959669 43.2469286212268 32.5156115416831 17.3004809120921 27.992006086098 31.3064709707197 52.7487221427378 39.0422541179581 19.358893248389 27.0865332011901 31.8468340234984 23.7924982329723 42.1218333988542 54.7108204354715 32.4545674702995 14.9981752513758 33.2393987388019 35.3402862149825 36.2670203001545 29.3374782705138 30.5346431905977 12.6538154990125 24.0715838499026 34.3516484699078 20.3475737402518 33.8591374342536 56.7613758688209 80.1889938922219 97.7131160158152 150.941688840623 132.631343460177 100.096373225768 66.7238092185919 32.0038938859386 28.2023025716772 43.575361867616 57.2865590504974 67.954112119146 69.8937899243501 79.854688620837 86.3713925843629 60.4759683192507 36.0678485148321
78.3066157471408 83.0590482935461 76.948540051872 52.3835584739715 31.9905806820326 30.9047882905044 29.4210684235856 33.7910133421192 22.8757712273356 21.2588175424602 20.746811777441 20.8356340922487 39.7670223909508 30.1247910975723 16.64339334687 43.5601619288273 60.2138714253174 44.9461334926573 39.3963385955708 46.8295431441642 67.0146498077814 60.1538202082611 52.3263993535328 35.1341978614423 12.1341617941957 21.4028382549949 33.4155482462912 20.1829075924222 34.8343743440542 58.0469760285319 84.1667399697628 91.3525784572905 132.715644732534 143.465012255397 107.815130694008 62.1116208743041 23.6821534728389 10.5954968739971 15.0671907628713 16.5658175563368 36.3396596989408 53.8596295980432 68.4220167167685 69.9350976395286 78.4086443241222 69.1387267631951
43.9853874409517 50.8118487628404 72.1892693179688 57.3975658645682 44.117947353698 56.350567428214 52.6252372610438 50.8000321771445 30.5025802026686 26.2689796045822 39.3375841797353 53.3758855262283 57.3538003582417 47.4950298038814 41.7596121427522 59.3054219320763 71.4321284807248 68.0285918445281 94.7034886267351 108.64296834905 111.524654395308 93.9548937169032 43.9392401321504 28.6748489823385 30.9392050867662 41.5174066368978 48.6169603566967 50.8460843044993 56.875200268905 71.1779287434947 80.4097604600875 74.0180458853265 81.4441201290871 123.246070356083 129.500175323497 76.8728857602795 62.1237265258129 37.769594570364 35.9897686030907 34.798027686366 30.8938790669704 41.891594665598 72.1946865553974 44.3735878370483 36.7701407871521 65.0346451288386
22.7922640889598 20.4871463907252 20.1125861317032 49.0700623646469 38.1593841985431 63.3133812191058 69.1725711349865 64.1781916378632 36.456335024707 38.2018181242963 73.3732990439871 87.5996939610469 76.9720621876335 70.4421992487398 66.8528868972522 76.9888131294342 91.4600844265057 110.20276983245 111.041302487449 97.2305913627182 120.850254743889 69.7508176280388 38.6130446169457 17.9255311713012 35.6670995927589 52.5386312361577 60.377370652948 67.6627757761073 76.1839415437381 65.3165167303343 63.0773296572507 52.9576072091791 57.5798892056086 86.7259002694327 112.743893976877 94.618523162813 93.9653193385307 115.554725322512 65.8532772621378 57.1950683498545 56.3786858255339 73.5978277683298 44.4593442932036 26.9981329325974 35.9274286531867 48.7324167732027
