0,21.4765072334256,22.6555636327008,22.0037861945976,28.3613950067948,28.5536685424796,32.5186934080698,28.131672863427,45.2269518458905,43.7313889566097,73.8864018966049,50.1408910354037,47.8249017709166,47.9550731303689,55.475244414997,53.3257174609046,44.2858869603198,38.9311211129085,41.5865735628332,44.3477166028451,36.809150967056,35.0602476190965,35.7144391968771,60.0829813108069,63.442418051588,72.3434690974263,69.337578602677,72.4945033491849,47.6745873691067,44.3210419932705,43.8342041483235,50.0770024602084,58.2980745636437,49.7258210042173,50.1354046022236,49.3401005343184,55.9453831845915,64.3262770256736,62.9292582616417,65.1914263836362,71.1781721327829,75.7827275265294,74.1144246823984,74.2588490880757,68.4061986919149,67.7575752619132,69.8315852735911,70.0286241096123,70.8830460637123,65.2321816201336,67.5873412669297,43.4677607995131,46.0641857102929,41.5289495697048,45.6134334285306,39.7739616413294,41.7506399830757,40.1674157347024,34.186511724915,40.3306075665786,35.6571285289958,36.5313649149845,31.0733501303874,42.946529004017,40.1308309471133,45.9914419504476,64.4986486293232,66.5480448156789,65.6303487502978,65.007697351506,69.8730379793546,71.1313915208489,69.4105104045551,74.3415502643854,85.2958585261498,40.8892472617282,41.8400136917596,88.0582682411797,37.2724639497497,38.3961442034526,46.3905395451157
21.4765072334256,0,25.1797958593653,20.6179716376724,24.3882424682976,29.6639334400609,33.2827961575922,27.3219789812178,45.2694993981342,43.775582028576,74.8549512507444,50.2032283637339,47.8821905275408,48.007583960235,56.5573319367096,54.3766969777662,44.6845577799359,39.3854478459884,41.9996320107384,44.797412831287,38.0606093044051,36.3994728602071,37.0603589280534,60.823863914322,64.4831632782172,73.3745874850864,69.918692743325,73.1314443368115,48.8002366287317,44.3841621685716,43.8917011370611,50.1362894570964,59.3363574575641,51.0767473180404,51.1755630951467,50.381969963783,56.0224911447608,65.3235862561315,63.9285270627406,66.1881611552182,72.1601599894684,76.7638136609857,75.0936933715307,75.2371375329144,69.3874494050613,68.7430143572591,70.814553243188,71.0125054951175,71.8668616770586,66.2150607616127,68.5742862043307,44.2036313121764,46.833291514603,42.3109572340879,46.2122155302278,40.7268727482328,42.7127169496843,41.109797748433,35.6798917185102,41.7688554389673,37.2093289979291,38.0845870235686,32.7676672201962,43.3538772174564,40.4180388025921,46.4439137617423,65.5045517181042,67.5558235720621,66.6371886314613,66.0136103606071,70.8424858048425,72.1013142728985,70.3879139233223,75.3193404171691,86.2543545890887,41.6563268483848,42.6234873426495,89.0335264642873,38.2570934024844,40.1599561440724,46.4041345351533
22.6555636327008,25.1797958593653,0,28.3965904498291,32.1606820610315,23.8207549531312,30.5352117438698,24.8079454842055,47.1711462649641,45.6647985889554,75.4807014356103,52.1707268146235,49.8471146677606,49.94415136298,57.0702726305646,54.8869548850277,46.6756677296041,41.3060447831098,43.9665058717742,46.7284995741923,39.1917983944513,37.3460216914757,38.0298435850575,61.4757012544118,65.115048169182,74.0010048731094,70.7324099912776,73.878705735128,49.3849718002848,45.9644946890292,45.4682855010466,51.8282365597637,59.9460298489219,51.8431856317221,51.6730596563958,50.8657834467237,58.0159878702872,65.9401774663938,64.5450997646769,66.805900440847,72.7774120532809,77.3820261971816,75.7114040737028,75.855920222538,70.0092759894713,69.3639653577439,71.4363724196742,71.6336983024061,72.4887439761927,66.8366310811774,69.195002139893,45.853356721046,48.4605677183297,43.9039358951101,48.0215569721078,42.0969043907183,44.0983154712025,42.5349151599953,34.4582589984443,42.760842023511,38.0437087791255,39.0445427832466,33.5112248062081,45.3064198921036,40.6526217177179,47.2921754311491,66.1245542831585,68.1759374111431,67.2571503757571,66.6334129901172,71.4656141518926,72.7240361610913,71.0103497270102,75.9414115247978,86.8800252062513,42.125692275463,43.096785457523,89.5625890218404,38.2815017325237,40.2524066075432,48.3287739969819
22.0037861945976,20.6179716376724,28.3965904498291,0,20.6106494659927,31.1089837233139,33.81592482393,29.3890883535523,43.0223953673079,41.5409805071803,73.006300808017,47.8548486185662,45.5428243790859,45.7073665541538,54.7118072194601,52.5604336094928,41.9322821868028,36.6613819269381,39.2624136902659,42.0651173609395,35.4857000443679,33.9448044691006,34.5785333668314,59.1568147912287,62.5629908411064,71.4683145406675,68.2519920508571,71.4734528250929,46.8505571602065,42.4838394189567,42.0030889334476,48.1118232217033,57.4393636455182,48.7850866650342,49.3803041102374,48.5976326400294,53.6259462644955,63.4572779634621,62.0604555731113,64.3213095155004,70.3071538356207,74.9107390127073,73.242731973128,73.3860762207781,67.5308831837139,66.8834518266827,68.9564326359749,69.1541349635171,70.0079117216745,64.3572515741673,66.713572500805,41.5136383447943,44.1372036041455,39.6412358061609,43.4709199863606,38.1439371608457,40.1062494619331,38.47873592143,34.8097927541442,39.1995771989165,34.7199998283901,35.471704972678,30.2803353574464,40.641600073377,39.5769208417697,44.8715932775522,63.6272488176736,65.6767089108532,64.759070997085,64.1364853288105,68.9954402330143,70.2542124648254,68.5342805628259,73.4656929860931,84.4149074671992,40.1258579464747,41.075057053655,87.2669164383006,36.8998241877344,38.1953339211336,44.166595661564
28.3613950067948,24.3882424682976,32.1606820610315,20.6106494659927,0,33.9838772326731,36.3614517294988,31.6067660453657,44.5088604343701,43.0302299806948,75.2950502876762,49.3498669183395,47.0339271175356,47.1978678373136,57.0875472227946,54.9130040452433,43.708215157408,38.4880417861224,41.0514670216953,43.8876308214385,38.0225886685002,36.5376305321346,37.1799782333806,61.2742612263837,64.9075027782507,73.8053945515431,70.2431198308253,73.5096107688317,49.2593335634658,44.0275506161829,43.5438141422474,49.6361493353792,59.7819339271214,51.3749391625962,51.7249473225497,50.9437132469414,55.1302736027186,65.7682828885139,64.3729708380141,66.6318631308658,72.6063512351997,77.2092315260949,75.5398309555898,75.6824083420975,69.8294650636685,69.1852707967851,71.2563386409145,71.4547508065673,72.3084708989869,66.6570912862728,69.0165546223893,43.5964073414878,46.2514236686241,41.7648270045464,45.4308552483035,40.4167518350141,42.3896820058924,40.7467414344279,37.4968674755046,41.8934850460497,37.489538107947,38.2690603866457,33.1597902190704,42.426065612718,41.5138585832567,46.7745826350203,65.9448670196511,67.9957750747491,67.0774126105919,66.4541117173708,71.2849136707038,72.5440566985249,70.8298909256909,75.7616051699897,86.6959176980624,42.2757809255554,43.2357903358768,89.5624865966908,39.223662648849,41.0512409062454,45.6269954473938
28.5536685424796,29.6639334400609,23.8207549531312,31.1089837233139,33.9838772326731,0,23.8466349232859,22.1014302385305,46.880217928032,45.3632717406582,74.8395482393837,51.9612673577908,49.630602948961,49.6959414576698,56.4362784101512,54.2153365316849,46.8023139575971,41.4209186275618,44.0848182895438,46.8484250232383,39.3492048215391,37.4266655422507,38.1386650743712,60.6133978668881,64.5573220186043,73.4274016210244,69.8715363914654,73.0062074293585,48.8728483329975,45.3772384384881,44.8722531833326,51.3478188416936,59.3630669002373,51.764611216304,50.9760033208194,50.1562838354292,57.8449833844506,65.3203408780941,63.9273437810486,66.1866349562124,72.1418339667573,76.746478909159,75.073385731151,75.2179647325347,69.3776557658202,68.7359239710044,70.8065835273313,71.0042390325956,71.8599279166342,66.2064894194042,68.568329961776,45.9850654519266,48.6028558321192,44.0275522708812,48.1691635605616,42.1786799762276,44.2034050962614,42.6572894436651,32.3351486536333,42.9820771211265,38.245428395462,39.353216596889,33.7823776160918,45.406730226651,38.752270091141,46.327401773925,65.5174270792684,67.5709298587052,66.6509829844706,66.0260913289681,70.8226971627014,72.0812054195906,70.3752400601059,75.306337578984,86.2280080646805,41.087618343038,42.0823242584457,88.8269828468998,36.9853340252521,40.0109967995886,48.034762830543
32.5186934080698,33.2827961575922,30.5352117438698,33.81592482393,36.3614517294988,23.8466349232859,0,24.820996963963,47.5244648248981,45.9979360347067,75.1056755888514,52.674971259884,50.3386450498449,50.3766382783022,56.7086844737227,54.4512023210553,47.7845652653985,42.3918770791274,45.0598785212555,47.8236189571481,40.3424110952413,38.3593611595659,39.0955850157417,60.6701702648027,64.9007843717455,73.7560860651465,69.9391830215113,73.0584854754825,49.2608530114119,45.7546714222198,45.2427505951782,51.8214938532522,59.6829523119125,52.559086816019,51.1872942213299,50.3555867293941,58.5909177928899,65.6060199741668,64.2149546491468,66.4728706557779,72.4129018127469,77.0176017425921,75.3421971509795,75.4868644277685,69.6525240786063,69.0140915592619,71.0831512549463,71.2810967584762,72.1373998313767,66.482723455748,68.8477622950875,46.9612446246777,49.5868664578059,44.995755600286,49.1621421217583,43.1070469632027,45.1516425345852,43.6205690803451,31.1531801771777,44.0342421518179,39.2896778946216,40.4803838076889,34.8916987276214,46.3672933321265,37.7023814989823,46.2979171448462,65.8149610250522,67.8704294478993,66.9494054915578,66.3234417275253,71.0871091387207,72.3456855510594,70.6468850964904,75.5780057585767,86.4840344742964,40.9597596141126,41.9788537531165,89.0014248567129,36.5748031908681,40.7235441131097,48.6803878653993
28.131672863427,27.3219789812178,24.8079454842055,29.3890883535523,31.6067660453657,22.1014302385305,24.820996963963,0,45.3296095792879,43.8133834346907,74.2819568406163,50.4384839396228,48.1021921645587,48.1596010422148,56.0065355878401,53.7590231436506,45.6241647380498,40.2911800592688,42.9186482987126,45.714959653544,38.9136274517006,37.0869663479428,37.797667218175,59.839882425224,64.0638894115572,72.9264386436004,68.9123741248095,72.1135855392047,48.4639179305802,43.8184135405822,43.3051726566293,49.7981200121527,58.8722425663193,51.4769159075457,50.5132586648681,49.6984410436194,56.3404457048614,64.7908939454182,63.3996772082178,65.6564080779637,71.5983505326656,76.2019600606199,74.5273335839253,74.670780629811,68.832467557449,68.1947311385836,70.2629541457317,70.4615792133117,71.3170529771507,65.6628356188311,68.0285555795094,45.1063164329687,47.7521816198642,43.1904559358415,47.1688097658017,41.4996455084395,43.5278332517141,41.961178816898,33.1339269613688,42.6898426466968,38.0562001799007,39.1310216849615,33.6893466710963,44.2333256631897,37.3073530225378,45.2190763467182,64.995008393003,67.050187969128,66.1294232111624,65.5037261521911,70.2665132480352,71.5255441668672,69.8264259370556,74.7579564796284,85.6613187397816,40.3770948278327,41.3873226342974,88.2982576442118,36.6275304174929,40.1946370633741,46.4533352254304
45.2269518458905,45.2694993981342,47.1711462649641,43.0223953673079,44.5088604343701,46.880217928032,47.5244648248981,45.3296095792879,0,11.8568362363028,78.8226244366064,29.1703375070012,26.2095510090258,22.9590561912282,61.689579406593,59.2825545028583,43.1613847625086,38.1122622083771,40.4000696009842,43.6061512043317,44.6627362344164,43.3843636425551,44.136509606638,63.0046228724609,69.1354895120354,77.9411720029726,70.2708416754001,74.2022035048321,54.1943775036224,36.0975434749797,36.0771067485231,36.7071576636627,63.9865878388784,58.0201722966584,56.0267536608814,55.2749753918476,38.0148857432665,69.5807893867231,68.2042425665174,70.4378947785397,76.2721552394975,80.865348801532,79.1792801568039,79.3112701633339,73.4831682533833,72.8800260141991,74.9265330423436,75.1343235519883,75.9867554758954,70.3266742696665,72.7259945102734,46.2533422459898,49.3135378879338,44.7552028597934,47.1048277411164,44.6900331890049,46.8325996570272,45.1111628802968,46.0218422077829,49.7138184922289,45.6729352741847,46.8862191816354,42.0381758698394,41.1076656226576,47.1181955152321,46.854805281118,69.838069183311,71.9071147735358,70.9797127441726,70.3474951065232,74.8243607224584,76.0885459765399,74.4460890054396,79.3819113563848,90.1280735320957,45.1765274257259,46.1608550817657,93.3100986166371,44.3255966972899,49.3088017023528,28.1637506722897
43.7313889566097,43.775582028576,45.6647985889554,41.5409805071803,43.0302299806948,45.3632717406582,45.9979360347067,43.8133834346907,11.8568362363028,0,77.2316494398969,28.0477187490326,25.2729308185794,21.8436732548974,60.1246071031352,57.7098880605446,41.8093547615645,36.7520285135378,39.0467376013225,42.2462096009363,43.1950979265078,41.9052359121397,42.6592721238377,61.3563949542082,67.5701079357152,76.3719330901583,68.5789665975502,72.5273817055018,52.6471052252045,34.274893066333,34.2770369860042,34.6322260045487,62.417983477246,56.52464239313,54.4507800444422,53.6987864379357,36.8102844478844,67.999043951901,66.6231601657524,68.8560312488151,74.6852813212719,79.2782219825015,77.5915174589074,77.7232328467439,71.8962959958972,71.2945260454805,73.340245038877,73.548308257543,74.4007606587843,68.7403407431112,71.1409929299855,44.8465399985941,47.9016956859729,43.3415216348635,45.717571654499,43.2488676914733,45.3921268734732,43.674501429864,44.4817924152149,48.2366357000003,44.1895410077118,45.4064581913468,40.5521789285935,39.7551423430568,45.5470841721152,45.1788587166902,68.2595301814574,70.3292326200547,69.4014933139473,68.7689420955406,73.2335636914973,74.4978898974169,72.8579449092388,77.7938785519455,88.533717272049,43.5570641544169,44.5419670055215,91.7184249561194,42.7448283162518,47.797197489294,27.0951143957396
73.8864018966049,74.8549512507444,75.4807014356103,73.006300808017,75.2950502876762,74.8395482393837,75.1056755888514,74.2819568406163,78.8226244366064,77.2316494398969,0,84.1823123968791,81.8510379692636,81.7842465409129,65.6224390638344,61.7811757375331,78.7762005738435,73.0077442386275,75.9258932862952,78.4971529376938,69.1431877048536,66.4561058118652,67.6740545649798,75.2688540592555,57.061219377844,62.7151649560048,88.9826209624068,91.040588796659,60.0347890007901,75.9914774185928,75.5803272437213,82.1306339108156,53.6796491448996,78.3596282510431,59.4761299092899,60.0444649418402,90.1644670565366,44.9334605552035,43.8898990467301,43.9136596231092,50.4027460817422,53.6357357445435,52.9493069181927,51.5851865575242,36.2626645136057,37.9329287155354,36.8474002311036,39.6373994281981,37.2192879676746,33.5769292552782,38.4203902485105,76.1933824126212,78.8202810215802,73.8744284110485,79.2594944954084,70.3659234145309,72.9065250141833,71.7928792229615,70.9839622702609,74.3593417389073,70.0463007088753,72.1063272404782,66.9436588744936,77.1799267181882,75.3902867498725,72.6584284606974,43.9738488804004,47.0039927376569,45.6741765166141,44.6638524547354,41.227300234684,43.3679034226339,36.5892259056682,43.0053706009411,58.3063853757501,64.5559842745291,64.6874191367671,94.9125300886872,65.2939973195992,71.6416349696007,80.2351746853952
50.1408910354037,50.2032283637339,52.1707268146235,47.8548486185662,49.3498669183395,51.9612673577908,52.674971259884,50.4384839396228,29.1703375070012,28.0477187490326,84.1823123968791,0,17.4295419654286,24.8910680864606,66.9000464795327,64.5482977867514,46.3511868033166,41.2961422037165,43.5508877231661,46.8191730488005,49.1235574524693,47.9482790706129,48.6888471444713,68.7809761426022,74.3199919054191,83.1533013548586,76.3180078725263,80.1481137678598,59.2651611876498,43.2703072559649,43.1585732814712,44.8885141603519,69.1986914788829,62.7162999123888,61.3194288124584,60.5728184256416,31.2900530464134,74.8805062028234,73.4994530222946,75.7380742740429,81.6066043560279,86.201219981336,84.5196455240003,84.6531690212714,78.8161781147884,78.2039706408679,80.2555717537812,80.4616991637275,81.3137818554077,75.6560986188746,78.0466216899675,50.0269834413604,53.1559485578728,48.5983092237193,50.6893915270969,48.8223334343669,50.9692038015877,49.2140565834605,51.2116207540376,54.2983394451215,50.3214947766334,51.5201939136399,46.7317114570101,44.0473642973904,52.6344705071768,52.9209424381755,75.1150283008816,77.1795867468465,76.2545149089168,75.6246045019588,80.1836839921579,81.4470401358658,79.7875632509524,84.7227426926739,95.5108485246825,50.8412945433997,51.8136697017622,98.7058862552784,49.7576042025725,54.2027899862818,35.9913946388437
47.8249017709166,47.8821905275408,49.8471146677606,45.5428243790859,47.0339271175356,49.630602948961,50.3386450498449,48.1021921645587,26.2095510090258,25.2729308185794,81.8510379692636,17.4295419654286,0,21.6817272453164,64.5794760331676,62.2226202553635,44.2702365162927,39.2293847035007,41.4823225550175,44.7441320941207,46.87614055567,45.6893937284361,46.4307086882066,66.410965827596,72.0044222029115,80.8351446161926,73.9266893862317,77.7643716923547,56.9586878390677,40.7778677505606,40.6690964283993,42.36200474451,66.8801400819522,60.4440421106299,58.9909896326976,58.2435914500516,32.0328721617751,72.5543233656254,71.1736708120917,73.4118802381656,79.2773453307762,83.8718603173407,82.1898715745515,82.3232876326371,76.4871710732829,75.8757468187779,77.9269178491576,78.1331765079902,78.9853086288827,73.3274037602484,75.7186867532114,47.8723319097083,50.9906351845845,46.4351289704721,48.5565982478657,46.6218129871789,48.766970608055,47.0155144157353,48.8777059990042,52.0332329943812,48.0485081515024,49.2469169975161,44.451608660318,42.0353621444885,50.2639148329236,50.5192569602363,72.790955616523,74.8559154017256,73.9306328031643,73.3005134895708,77.8523691993993,79.1157879324154,77.4578192838783,82.3930460363363,93.1775134493828,48.4743778884856,49.4484093177166,96.3687217318069,47.4074322526585,51.9036362905093,33.1558979231915
47.9550731303689,48.007583960235,49.94415136298,45.7073665541538,47.1978678373136,49.6959414576698,50.3766382783022,48.1596010422148,22.9590561912282,21.8436732548974,81.7842465409129,24.8910680864606,21.6817272453164,0,64.5739918024065,62.195661682082,45.0015822075791,39.950318252736,42.2207625932468,45.458897546163,47.1577686651692,45.9328433755081,46.6789262851831,66.1827728836231,72.0063571257266,80.8263577204532,73.5895337853751,77.468401187933,57.0062891054882,40.0186721710561,39.9505260280677,41.1599491926113,66.8717770900779,60.6373266443854,58.9538556423056,58.2047765273899,36.0546730942815,72.511361985399,71.1324805369203,73.3687048333359,79.2207213619252,83.8146494858152,82.1309105733559,82.2636925812119,76.430978248498,75.823141477851,77.8722857277361,78.0792159856824,78.9314655202492,73.2726272754122,75.667391818774,48.3942901204809,51.4897579682222,46.9320279179259,49.1480164550023,47.0160542350826,49.160707142051,47.4217998774596,48.8950014464594,52.2725116406197,48.264759445374,49.4702317158522,44.6530816902668,42.8212473049109,50.1620555401769,50.1857629185614,72.7568464206272,74.8235674351379,73.8973727070117,73.2663504912166,77.7858004784412,79.0495571842979,77.398282841162,82.3337729592227,93.1016578989042,48.29767466725,49.2756971432323,96.2906732383422,47.325430310408,52.0281387902225,32.3864758802558
55.475244414997,56.5573319367096,57.0702726305646,54.7118072194601,57.0875472227946,56.4362784101512,56.7086844737227,56.0065355878401,61.689579406593,60.1246071031352,65.6224390638344,66.9000464795327,64.5794760331676,64.5739918024065,0,36.8622698149524,60.8363035205874,55.0396104320351,57.9834335367325,60.527802108386,50.4613730963846,47.6018794591873,48.8442625561487,62.513922216201,54.0876467217676,62.8401510409173,75.4456189344653,77.5697903360899,37.7672420143782,59.3096361597469,58.8703669945347,65.4185270624818,47.4278991751615,59.1410835515189,37.1440257400627,37.2356975428278,72.8132906525779,54.9738665385931,53.5260468056465,55.9061523279573,62.2613535197996,66.9244925946975,65.2892707393138,65.4975506213767,59.6794191700364,58.8917391844082,61.0626855913854,61.2111012409984,62.0966577808691,56.4549138493056,58.6749458903043,58.0088708976023,60.603844865975,55.6619413914257,61.1632139661845,52.0563200702396,54.5646504754336,53.4554485275018,52.3045020158484,55.5456479896441,51.1467343145523,53.2943686843831,48.0585793215947,59.2599722594465,57.4298303804578,56.2037135840001,55.1288743994707,57.1449413345496,56.2381341873011,55.6258014349237,61.4976814375956,62.7301946340199,60.8036042634649,65.7112069373719,77.3016785434502,47.0800884421514,47.281459758175,80.1412998352236,46.5191751677454,52.1801171147358,63.055907938384
53.3257174609046,54.3766969777662,54.8869548850277,52.5604336094928,54.9130040452433,54.2153365316849,54.4512023210553,53.7590231436506,59.2825545028583,57.7098880605446,61.7811757375331,64.5482977867514,62.2226202553635,62.195661682082,36.8622698149524,0,58.7950256561165,53.0287203683852,55.9494449619488,58.5144517861925,48.7486263911721,45.9518331033254,47.1629842260118,58.7666849262173,51.4590356690175,59.9497163207345,72.0953873718176,74.1242522228206,38.751079386352,56.7207810183304,56.2831145423064,62.8762100968086,44.4693699718766,57.6640704650674,26.0188623850501,27.8717379321148,70.4885337797307,51.2861492906168,49.8723974718036,52.2504069165949,58.3276535516298,63.013024236999,61.3259998444306,61.5595773324085,55.9081991857957,55.1592571957517,57.3198224915532,57.4611443778189,58.3700073005663,52.7017393108893,54.9592801082807,56.1533923208973,58.7579427236284,53.8367973063312,59.2284220023088,50.3625922433429,52.8464666846809,51.7095245135509,50.0228497747748,53.7702434725972,49.3584015497164,51.4562216237152,46.2080237853466,57.2189808722685,54.9566332049491,53.2767142725779,51.6934011405889,53.7417840590688,52.8161855576168,52.1849743456664,57.5753932341099,58.8006337381764,56.9898889772433,61.8905465553777,73.2912618619753,43.9455224012289,44.0680192881944,73.8715677337717,43.8757999660747,50.3602360991717,60.6524340604767
44.2858869603198,44.6845577799359,46.6756677296041,41.9322821868028,43.708215157408,46.8023139575971,47.7845652653985,45.6241647380498,43.1613847625086,41.8093547615645,78.7762005738435,46.3511868033166,44.2702365162927,45.0015822075791,60.8363035205874,58.7950256561165,0,18.5462003073577,16.8520125097013,20.8072213436483,38.6346132154959,38.1820114100323,38.8905608422534,65.7172070365422,67.9380699775304,76.9321742926993,74.5484143482081,77.9136603811432,52.3329677528074,46.575107146026,46.2180851909397,50.9257433437744,63.0028667370732,53.7612431496869,55.7345674903544,55.0362766280263,51.1936994496676,69.1577990690105,67.7518909077773,70.0161215291037,76.0747112361439,80.6756502541035,79.0197132175289,79.159994699206,73.2690375130225,72.6081664316522,74.6865166679847,74.884455421887,75.7335172743068,70.0895676140028,72.4328739674341,32.9558944701948,36.8206365719852,32.2192561099273,31.4025219656423,35.0697973683631,37.3424930985622,35.3365959423902,46.0997722229467,45.0435985396024,41.5773093666809,42.8599187395248,38.4916808486674,24.3769345047574,49.5065518932723,51.5785861610116,69.2614185845909,71.3010490423673,70.3890675097902,69.772131778023,74.7798019804741,76.0392344819815,74.286193118238,79.2184058091977,90.2324695810239,47.5203310933345,48.4011540394541,93.6529905273495,45.4841675397071,47.0314702229212,44.8470011250072
38.9311211129085,39.3854478459884,41.3060447831098,36.6613819269381,38.4880417861224,41.4209186275618,42.3918770791274,40.2911800592688,38.1122622083771,36.7520285135378,73.0077442386275,41.2961422037165,39.2293847035007,39.950318252736,55.0396104320351,53.0287203683852,18.5462003073577,0,12.2217866472667,13.305624233529,32.4701013213828,32.0845171315016,32.8083848708904,60.1825873648478,62.0687465383935,71.080998454292,69.1016851415139,72.4384982405208,46.4305646498324,41.4191468400736,41.0608023897948,45.806051286749,57.1601090925275,47.7267090877916,49.988580312404,49.2992060371624,46.1182456964173,63.3603676478549,61.951954606008,64.2183864994632,70.2963370377683,74.8976001156582,73.2444170180479,73.3850300707711,67.4876194860027,66.8221186618203,68.9028857605328,69.1002038547093,69.9487321609413,64.3062741874344,66.645090085276,25.4923101875249,29.7379819505789,24.6821493631066,24.9132169616255,27.9937561266378,30.3894465876813,28.3961347657534,40.6156126354403,39.1277848014098,35.7297365975201,37.0780631854353,32.749466964147,15.0184591491551,44.1587487311195,46.2043584585673,63.4496121344511,65.4866830065945,64.5760772289503,63.9605078555452,69.012433841299,70.2716032680158,68.5092004387695,73.4412333943909,84.4769495461387,42.0165205459476,42.8857147962688,87.9502902539728,39.9600536831255,41.3254173024866,39.8327340702362
41.5865735628332,41.9996320107384,43.9665058717742,39.2624136902659,41.0514670216953,44.0848182895438,45.0598785212555,42.9186482987126,40.4000696009842,39.0467376013225,75.9258932862952,43.5508877231661,41.4823225550175,42.2207625932468,57.9834335367325,55.9494449619488,16.8520125097013,12.2217866472667,0,16.1009287045075,35.7106906847636,35.270291305455,35.9855212780852,62.9238402978657,65.0625586326185,74.0613680089815,71.7720078204916,75.1322183784211,49.4521414501123,43.8459887519784,43.4903153835813,48.1882841062289,60.1348208713163,50.859967160657,52.8943299297201,52.1986827424917,48.3622597725782,66.3006650774086,64.894138676877,67.1588701327437,73.2222608013891,77.8232451604688,76.1680064159562,76.3083311197862,70.4156690374262,69.7536855991926,71.8326014345613,72.030409726644,72.8793143604952,67.2357449370229,69.5779725892481,29.6556547927354,33.6699898312927,28.8599612542395,28.643281063529,31.8364249588999,34.1600806948168,32.1670922266289,43.346724358832,42.1931611933983,38.7438063052482,40.0498190365948,35.6892905503403,19.3865508062359,46.7761202062289,48.8217338718094,66.4006019511925,68.4395948794312,67.52795954686,66.9113679447476,71.9298582847741,73.1892404227615,71.4338962199795,76.3660777375178,87.3853613118778,44.7400012656117,45.6178229979629,90.8221608933369,42.7072705152598,44.2264705810354,42.114430369393
44.3477166028451,44.797412831287,46.7284995741923,42.0651173609395,43.8876308214385,46.8484250232383,47.8236189571481,45.714959653544,43.6061512043317,42.2462096009363,78.4971529376938,46.8191730488005,44.7441320941207,45.458897546163,60.527802108386,58.5144517861925,20.8072213436483,13.305624233529,16.1009287045075,0,37.9658211751673,37.5812432988345,38.3008399340338,65.6521260877784,67.5673301229563,76.5777880546734,74.5673126962764,77.9050414437368,51.9295263210974,46.8784672539853,46.5189910680377,51.2751904435835,62.655576807703,53.2245823849151,55.4722661449607,54.7817436951832,51.6631044240861,68.8520667650967,67.4438749296283,69.7101476888152,75.786370076396,80.3876331387378,78.7341915846116,78.8748072236836,72.9780590980791,72.3129421045274,74.3935213271822,74.5908754236868,75.4394720145898,69.7968722723412,72.1360602962487,31.0652349578252,35.2224517850246,30.3507964986729,29.829280848752,33.6522376202833,36.0102319453804,33.9995234599089,46.0589845407302,44.5951642192129,41.1926335183154,42.5295685231552,38.2003317042209,22.1506058964488,49.5997015777579,51.662536538179,68.9426935212825,70.979995439608,70.0692625182087,69.4535666257982,74.5016681312543,75.7608487859298,73.999266273786,78.9313042098762,89.9652109908176,47.4791567918167,48.349445644958,93.4312504842079,45.4177841759697,46.7839690485442,45.3079558132656
36.809150967056,38.0606093044051,39.1917983944513,35.4857000443679,38.0225886685002,39.3492048215391,40.3424110952413,38.9136274517006,44.6627362344164,43.1950979265078,69.1431877048536,49.1235574524693,46.87614055567,47.1577686651692,50.4613730963846,48.7486263911721,38.6346132154959,32.4701013213828,35.7106906847636,37.9658211751673,0,17.5177847613692,16.1240177965694,58.3238724221849,57.4605691907984,66.5877106198232,68.3446291043634,71.2986038387272,41.1253489935653,44.7338259531069,44.3016693736627,50.1366962365117,52.6527810819232,37.4249004741688,45.8506275168766,45.1911890236455,54.6654876824887,59.2382822392133,57.8103931921908,60.0982897492648,66.3246698087271,70.931870546559,69.2983367213734,69.4453256144546,63.5087976613619,62.8043219931653,64.9069566873313,65.0971701559434,65.9441400744196,60.3120290891413,62.6130239569123,32.9876980603121,35.0795451388504,30.3592738600929,37.2131996897819,26.2026657734987,27.7011534472417,26.3464534485013,37.5713468347262,26.3328778557043,25.0207523210419,27.6297058891124,24.2407123701412,37.1184457175678,43.4439153055557,46.0899724880995,59.2303585805903,61.2482870609957,60.3475879521862,59.7418279677059,65.1470721082605,66.4027775182968,64.5667987013282,69.4961300723195,80.7125575792382,40.1038668744384,40.864186510614,84.3099657380738,37.3044467913444,34.6838442523319,46.03190677403
35.0602476190965,36.3994728602071,37.3460216914757,33.9448044691006,36.5376305321346,37.4266655422507,38.3593611595659,37.0869663479428,43.3843636425551,41.9052359121397,66.4561058118652,47.9482790706129,45.6893937284361,45.9328433755081,47.6018794591873,45.9518331033254,38.1820114100323,32.0845171315016,35.270291305455,37.5812432988345,17.5177847613692,0,10.9276374537919,55.9616107780138,54.6781741950866,63.8169909315047,66.161516164662,69.0554889296818,38.1346700266229,43.1432326000205,42.7059983384631,48.644200704123,49.8669366226416,31.2050314666714,43.0777613464507,42.4201009397159,53.543442432366,56.5117164920596,55.0811202960974,57.3725410661814,63.6193463624045,68.2277559915072,66.5967766612158,66.745074177339,60.8043569160983,60.094135007755,62.2001634804306,62.3891206704411,63.2361896388421,57.6053551370752,59.9007718379141,33.1189858928898,35.3726458085521,30.5195762649128,37.1390363722065,26.1953295855442,28.077402760094,26.9277167078266,35.3319555032535,25.2602407229292,22.1135528931211,25.9237157909559,21.7084025019215,36.6547932054155,41.4756814083991,44.0394834163077,56.4923668683062,58.5077833155935,57.6083269463872,57.0037935941305,62.4588632632624,63.713933235815,61.8676362962017,66.7964441329284,78.0393954338878,37.7649584986179,38.5014988704269,81.6335026416323,34.9043711580578,31.5915766863383,44.7404043111792
35.7144391968771,37.0603589280534,38.0298435850575,34.5785333668314,37.1799782333806,38.1386650743712,39.0955850157417,37.797667218175,44.136509606638,42.6592721238377,67.6740545649798,48.6888471444713,46.4307086882066,46.6789262851831,48.8442625561487,47.1629842260118,38.8905608422534,32.8083848708904,35.9855212780852,38.3008399340338,16.1240177965694,10.9276374537919,0,56.9792523560285,55.9791871185066,65.1032399259872,67.1197588412605,70.0312522315861,39.4945284347425,43.9402560454556,43.5028756385958,49.4283515463469,51.1475538452295,33.7045331233861,44.2688838473352,43.6020520560325,54.2788846628508,57.7535990906588,56.3250999802609,58.6147003162358,64.8452626015353,69.4534391344891,67.8201254392137,67.9681895295688,62.0329901336496,61.3266078927583,63.430642531209,63.6201009245984,64.4676320379438,58.8355462241455,61.134686970796,33.8562766933821,36.0798428051912,31.2799735905229,37.8456117339542,27.1215853406433,28.9066867946047,27.6800027966169,36.1249089267558,24.7752769165637,22.2057287763484,26.1154581720748,22.1177758163841,37.3762415946568,42.2795889486743,44.9351479358232,57.7462214882116,59.7637565035919,58.8631631123248,58.2575002482412,63.6757919884999,64.9310643497775,63.0925927648791,68.0215377826082,79.2464994637044,38.7337852843244,39.4811954110754,82.7876203879559,35.841228456013,32.4363894174945,45.4903309375755
60.0829813108069,60.823863914322,61.4757012544118,59.1568147912287,61.2742612263837,60.6133978668881,60.6701702648027,59.839882425224,63.0046228724609,61.3563949542082,75.2688540592555,68.7809761426022,66.410965827596,66.1827728836231,62.513922216201,58.7666849262173,65.7172070365422,60.1825873648478,62.9238402978657,65.6521260877784,58.3238724221849,55.9616107780138,56.9792523560285,0,69.2955500686046,77.5343014556633,60.9698080517843,59.4698371930953,57.4940493279838,58.7283192896806,58.3235221581055,65.2866998381552,63.7140509866614,68.7243204069483,54.9857926602627,54.3054844915466,74.9665521605552,67.3037870148974,66.028497762222,68.1546591722278,73.2058543220475,77.7749815106428,75.979799230576,76.0867159715834,70.4894897687416,70.082820660837,72.0215092659134,72.2620809668559,73.1268279755882,67.4113166177065,70.0011934803531,64.541670675173,67.2295210228548,62.4583551746078,67.0018766309522,59.9851988749548,62.2943018192428,60.9541789225067,56.6125982510529,63.0119821437343,58.5694162887495,60.3252952428261,55.056817163704,64.1266018606917,59.4476018990862,52.0940863162686,68.0618011149679,70.2271997644162,69.2500150651608,68.5684728195744,71.2449213401808,72.523041157131,71.2671895666858,76.2140089374646,86.0332781133789,44.2100051193347,43.7989119090505,88.5941608956785,49.4233025740625,59.8099132977895,64.4389669745249
63.442418051588,64.4831632782172,65.115048169182,62.5629908411064,64.9075027782507,64.5573220186043,64.9007843717455,64.0638894115572,69.1354895120354,67.5701079357152,57.061219377844,74.3199919054191,72.0044222029115,72.0063571257266,54.0876467217676,51.4590356690175,67.9380699775304,62.0687465383935,65.0625586326185,67.5673301229563,57.4605691907984,54.6781741950866,55.9791871185066,69.2955500686046,0,30.2385429161051,82.3366565867277,84.5106463177312,46.1256319488973,66.8453522530946,66.4207119742609,72.8814967769684,39.1791321025186,66.3105781231191,49.7127999431144,50.2627296131621,80.216990025295,44.54902749568,42.7227090466497,44.9738299573559,54.438167964342,58.9020253662958,57.7872430855357,57.776485567916,50.0429121688647,48.7390355703085,51.0220194947695,51.2922931145199,51.8106797383296,46.5714767261188,48.2940071315975,64.7610264343992,67.3676083842455,62.3394798158161,68.0864320229528,58.3731412436633,61.031122456023,60.0218225752851,60.8021695495385,62.9533445451589,58.7229549402086,60.8933727549278,55.7976986426014,66.336711806639,65.6642880158736,64.1464105282002,39.9505644926741,41.2832534109385,40.8200246837054,40.6489797130499,53.8376912116729,55.1297085654062,51.743561453444,56.7322222070058,70.854604642286,55.8666482377655,56.096567905983,87.9385023778271,55.6731156935894,60.6452070264712,70.5278200295974
72.3434690974263,73.3745874850864,74.0010048731094,71.4683145406675,73.8053945515431,73.4274016210244,73.7560860651465,72.9264386436004,77.9411720029726,76.3719330901583,62.7151649560048,83.1533013548586,80.8351446161926,80.8263577204532,62.8401510409173,59.9497163207345,76.9321742926993,71.080998454292,74.0613680089815,76.5777880546734,66.5877106198232,63.8169909315047,65.1032399259872,77.5343014556633,30.2385429161051,0,90.6952414292313,92.8446859026298,55.4701138051313,75.5648401150957,75.1415770467523,81.6200688850271,47.2333341824742,75.4871643770001,58.1550471651229,58.7472629982971,89.0638750607965,50.2607398327553,48.3728052985169,50.4742463326184,60.5362030475547,64.9364645424676,63.9219627200005,63.843919785653,55.5629128186357,54.1693038577685,56.4224169642355,56.771916606792,57.1283412108372,52.0366800412155,53.6749417416931,73.8590736052594,76.4683261958978,71.4560058268067,77.138429483311,67.5731474772039,70.207564224632,69.1785868271105,69.6421165515752,72.0233029510666,67.7741886007329,69.9267654736511,64.8157725132336,75.3325451314919,74.4431422610491,72.7476340244814,43.5477646571383,44.5446632306618,44.3297728254639,44.4007502982976,59.803880045872,61.1184681754966,57.3892133342835,62.4143375348495,77.0292566185241,64.4541766212843,64.6658763610642,96.0598659740339,64.3982088000607,69.6151937997105,79.3354516817995
69.337578602677,69.918692743325,70.7324099912776,68.2519920508571,70.2431198308253,69.8715363914654,69.9391830215113,68.9123741248095,70.2708416754001,68.5789665975502,88.9826209624068,76.3180078725263,73.9266893862317,73.5895337853751,75.4456189344653,72.0953873718176,74.5484143482081,69.1016851415139,71.7720078204916,74.5673126962764,68.3446291043634,66.161516164662,67.1197588412605,60.9698080517843,82.3366565867277,90.6952414292313,0,58.2949794594448,69.8004427387171,65.0484586803829,64.6788468597625,71.8038971242222,76.877290492381,79.2913494495896,68.4871047477819,67.7842178366306,82.6306228309321,80.852912878699,79.5571590280317,81.695642809269,86.9158348891428,91.4795999112654,89.7140296934718,89.8142925827124,84.1347311105393,83.6974798216308,85.6491298524809,85.8893675510023,86.7449791334909,81.0434566867572,83.603758666748,73.9736144767498,76.7039564684062,71.9801623526705,76.1910495668687,69.8829992631962,72.1454323097018,70.7364746948985,66.3463254762345,73.0006396399418,68.5906622162271,70.2263732609604,64.9949156996935,72.9381096709103,68.1719140458267,57.6096819919429,81.4936551853726,83.6411876400015,82.6736768039781,82.0017902443398,84.9977911756333,86.2780921295434,84.9435638543643,89.8922390348218,99.8682755171708,55.2471595589128,55.5317754044419,103.462381115664,59.9509023890033,70.1491229988256,71.7649429532463
72.4945033491849,73.1314443368115,73.878705735128,71.4734528250929,73.5096107688317,73.0062074293585,73.0584854754825,72.1135855392047,74.2022035048321,72.5273817055018,91.040588796659,80.1481137678598,77.7643716923547,77.468401187933,77.5697903360899,74.1242522228206,77.9136603811432,72.4384982405208,75.1322183784211,77.9050414437368,71.2986038387272,69.0554889296818,70.0312522315861,59.4698371930953,84.5106463177312,92.8446859026298,58.2949794594448,0,72.1032241524894,69.3265555775374,68.9392445393179,76.0236495729952,79.0145835538246,82.0697189315784,70.4638817710096,69.7520576693709,86.4136975298887,82.9279401991267,81.6357450475958,83.7734056065568,88.9631440274399,93.5290871670715,91.7575658624368,91.8603947583375,86.1993541704721,85.7663126635518,87.7168050107619,87.9563092267094,88.8143692103403,83.1100326893422,85.6743936153799,77.1375041479032,79.8525207261661,75.1146823542906,79.4350608404373,72.8958755095114,75.1707759885694,73.7830546862606,69.2796238347257,75.9527500356571,71.5266297192811,73.1997563132222,67.950695072061,76.3120298504469,71.4299949263407,61.7730140620146,83.5922901759659,85.7429053945941,84.7736377629184,84.0999883904889,87.0451178446357,88.3244680806665,87.0035341057803,91.9513981892749,101.90422013556,57.1831880405337,57.2057197183698,105.187489462831,62.495514476747,72.9565432774588,75.6686795373846
47.6745873691067,48.8002366287317,49.3849718002848,46.8505571602065,49.2593335634658,48.8728483329975,49.2608530114119,48.4639179305802,54.1943775036224,52.6471052252045,60.0347890007901,59.2651611876498,56.9586878390677,57.0062891054882,37.7672420143782,38.751079386352,52.3329677528074,46.4305646498324,49.4521414501123,51.9295263210974,41.1253489935653,38.1346700266229,39.4945284347425,57.4940493279838,46.1256319488973,55.4701138051313,69.8004427387171,72.1032241524894,0,52.2667241923243,51.8291680917039,58.2436747739962,40.8006460672178,49.2255914066339,37.1441706455058,37.0431786179763,65.1084975497748,49.1648164375255,47.6647389053692,50.0395935990652,56.8184210016443,61.447603027905,59.8892282957808,60.0593646743981,53.9811165890114,53.1331262378167,55.3182289148924,55.4800126589104,56.3252026920245,50.7280288875463,52.8897168411815,48.9046004995349,51.4821240405489,46.4512537864165,52.326269473427,42.3662223747095,44.9988867002594,44.0027263492646,45.078269983869,46.5833217255099,42.3111845606761,44.5902118699112,39.4652329780936,50.7434990709912,50.4480237695401,50.0163428315673,48.8616614840712,50.8180937283332,49.9473095633934,49.3711295254566,56.0359795786597,57.2793062457316,55.1723634036553,60.0912402285308,71.9759633465639,41.5613335106652,41.8992846566767,77.5517015886755,40.3536994284992,43.9948618137733,55.5636071868227
