IBR/IBR_outputs/all.combrep_1/EucDistWater_Total.PersistForestCover_Total.VRM_Total.WeatheringIndex_Total/EucDistWater_Total.PersistForestCover_Total.VRM_Total.WeatheringIndex_Total.asc
NCOLS 160 
NROWS 95 
XLLCORNER 210004.651214014 
YLLCORNER 7350008.22228844 
CELLSIZE 4999.99999999997 
NODATA_value -9999 
[rows 42 to 62 of 95, columns 0 to 45 of 160]
-9999 -9999 -9999 -9999 -9999 -9999 -9999 -9999 -9999 -9999 -9999 -9999 -9999 -9999 -9999 -9999 -9999 -9999 -9999 -9999 -9999 62.5710626341036 17.7917499164007 54.0103523924506 46.1032484506567 14.2899411551007 30.4449476788241 20.8587193584309 29.6250327127875 52.2890786815783 74.2189226704483 88.0950056564691 71.8027571199554 50.7037879795715 32.3524632792503 23.9369930137326 40.4607557848877 45.1573818970756 41.8047815840557 53.535874921535 57.8561285463657 53.8434426904994 38.9297182933523 30.6841062028256 32.9790009516941 13.8952840302491
-9999 -9999 -9999 -9999 -9999 -9999 -9999 -9999 -9999 -9999 -9999 -9999 -9999 -9999 -9999 -9999 -9999 -9999 14.0483184093963 11.5260880267284 38.4038714194589 20.1923756587564 25.8796982227848 44.3602020489404 42.4722228327199 40.5438353772312 43.4238989716272 46.1700497457994 50.0977644213893 64.815638593815 77.8606334450752 80.0969020882036 76.1090167217027 50.1171284252078 26.8213645997184 23.5269076953268 38.1496321248062 29.7673561639557 19.1081957402414 40.0887191100962 56.3283061730596 54.7187613424671 50.2253596413534 40.2231801161765 33.4536075688686 26.8643921153487
-9999 -9999 -9999 -9999 -9999 -9999 -9999 -9999 -9999 -9999 -9999 -9999 -9999 -9999 -9999 74.8566880556918 45.2860924349502 11.2477000279426 19.2882361383917 11.0632048214836 27.0311834857557 40.7862189057993 49.1282913561262 64.5287219872845 49.2431883603772 53.73490940579 57.178710062368 64.2448799097993 65.263790788599 71.7120674708995 63.6439712774555 57.7501979154552 62.0434704386084 60.0526150149266 46.0538201768703 32.9752550438717 34.4881646906507 22.9379379598363 32.7015634290129 36.8467698316211 34.3258377686742 29.9204169174428 33.2713482076472 27.4262050289986 35.7002716687247 27.7632177504742
-9999 -9999 -9999 -9999 -9999 -9999 -9999 -9999 -9999 -9999 -9999 -9999 -9999 35.3321410849727 18.5348544578546 21.5396943344536 17.5836810702465 16.4495281446662 32.3007663774545 32.6227493557616 42.2333795467342 58.6983802783929 72.702380509511 73.572255999382 69.4297857129498 66.7696841201106 61.2393007517129 48.6690906971521 46.745553344296 52.6651134638376 43.6552893735404 32.6957099184088 41.9430415862469 61.2575973551214 63.0196634987101 44.8043648182769 23.8373535878978 25.8888418568553 19.504590636461 23.0436319857577 27.4112287541839 18.0911199211225 23.4516187970398 31.1823039795362 34.9108332267907 31.9410161315844
-9999 -9999 -9999 -9999 -9999 -9999 -9999 -9999 -9999 -9999 -9999 -9999 65.7021558269479 48.6602152332175 27.8192539114989 9.51757240072667 20.4220343804281 35.7473061950848 38.49492220186 23.9978106191849 34.6843287658645 56.2915562948056 76.4066108222956 70.6544089823637 55.2842691081043 45.2982083795378 42.3372474730737 27.6598213908764 22.9309628177296 33.8431881864009 20.4963037245138 11.8397411211069 28.6541900311498 53.9230248933632 65.1076000857584 56.3049001674357 39.7427429328014 34.9345992933437 13.7103683093455 11.4679540984619 29.9129602863828 30.6138027325347 29.4450201648192 42.5297718902508 55.2138912156139 56.3456397319957
-9999 -9999 -9999 -9999 -9999 -9999 -9999 -9999 -9999 -9999 16.9970275315068 33.8539162216395 54.253213784468 51.7241011543002 40.2122843015318 21.5284039986454 13.4743228679578 35.0774934908201 34.4778394443447 14.7006246069604 28.9250408735869 53.1902352173261 73.5229595834879 62.6911916938867 39.1042967741596 28.3461243698028 22.6474902763744 25.0570902410153 21.7803713545266 28.1695523708871 8.67987564943949 10.2967216907848 26.4455288691798 50.6599676986835 47.3311485858402 38.720077176711 43.250882690746 32.5620643731094 11.5019413026896 12.1121563531688 36.3599940851659 42.900702241071 53.3048811990686 58.747912660371 62.1178461711416 45.6370675931595
-9999 -9999 -9999 -9999 -9999 -9999 -9999 -9999 -9999 14.5482579554394 17.1776577636895 32.1478125843114 36.2669493469383 27.7074967582452 34.2825109640605 23.6148649150012 13.7782758767306 23.0443737901553 25.3049408833072 32.1624239302205 48.0074574030779 62.2923092649752 77.4448853087639 63.7688254024561 41.6087058597544 19.7043837685385 14.991311825878 32.4271223055325 43.8067010062382 36.1246593395121 19.9508907028865 31.5507935240011 45.1004581789346 51.4280838927807 31.7865433254616 21.3559800867723 34.0699005772411 18.7747266493994 15.9582954013468 27.5641821379189 51.4232942802705 63.865809762996 63.3099856688279 71.1812222571477 39.2577868746507 21.1648452329281
-9999 -9999 -9999 -9999 -9999 -9999 -9999 -9999 -9999 11.4973228052548 17.6549060561479 38.7525475882107 25.191018541798 9.32483227928557 26.2350388695859 37.1393806150681 19.1088381906802 16.9365169885654 11.1032785683907 28.9942429557551 54.3239574857087 73.3227173544746 77.1260673435756 58.3348941733563 40.4545105135058 29.8746933513899 28.3721630328607 21.0071958028351 38.5289626856753 42.9072708816511 31.5603576471903 39.1748430422475 56.9750163913172 55.0412976064198 34.5572621097969 17.7254977116312 31.4868682005121 17.3041921253454 14.6517717534635 40.9438460509353 62.3245902798682 66.1982681837508 37.3374493028262 38.2451565066992 35.4549446995015 41.8691436408846
-9999 -9999 -9999 -9999 -9999 -9999 -9999 -9999 107.29624726057 37.2727273563466 26.7329980806182 47.0915476179408 38.0698569028439 29.8020492884247 38.5107626972212 38.2585281996807 18.0326615377935 14.509087104215 28.8352837659157 41.0766281841562 64.5409160399108 78.1722064804689 72.9130492545957 50.0669084565708 24.967463104612 12.9889252745791 20.246971878676 12.9338623467324 19.3539916695739 31.3329713214541 17.1713459837306 29.9185964984812 49.1217368962847 55.0423768916556 42.2117348455902 31.5659486602534 38.6164424716633 18.8578673107092 12.3329766821579 30.3910798778243 51.9799160201868 48.2437399494721 33.3247116402481 35.6110000322243 21.4815209431848 59.4979384893076
-9999 -9999 -9999 -9999 -9999 -9999 -9999 -9999 128.872598439683 40.4019523745473 44.6083929642624 52.1301471556677 32.1359809085968 20.0422368507573 32.5926005144776 19.3829777200153 18.1459272758524 14.8942203479717 28.1257831837834 56.4119354235353 76.3809486269609 86.557762906212 75.5704149754978 54.6132469608368 33.080878472325 16.0688357765096 28.3310479602112 19.0157893550546 10.9848732044644 29.2585104450912 29.5645422532647 30.2439129057456 29.0015282456306 41.7385271043799 57.464068142813 58.70324236046 44.5512070479166 19.0583305928816 13.1624391340733 12.7429645390752 29.4063667227494 24.0443719383041 36.8256629026448 44.4768949277955 18.0565472778454 43.1902387311617
-9999 -9999 -9999 -9999 -9999 -9999 -9999 171.578108773786 81.82861902887 60.4602877732441 64.4699121172841 54.4229124456947 30.546044644328 17.5681069479183 32.5967441927797 20.9348476734369 22.0939398855907 12.7266439032181 27.5045992273912 53.8780672841468 74.4574801617684 86.2846195930089 84.3660777408923 67.4811969768591 51.3627392738098 44.0484847415224 46.2901118957969 39.1776860784904 31.2991128552556 45.5134807777669 47.7949893255412 24.6954963985783 11.4520951903719 33.2975949150176 59.4191364004476 68.6254164549641 57.3181098892625 38.1938816630751 36.337148998346 25.8300579437953 36.6074026735357 32.5036329201259 30.8734905557782 22.6744960741553 26.4318056535982 24.5414109955573
-9999 -9999 -9999 -9999 -9999 -9999 175.626468360888 143.473545603644 85.4042872241316 82.4112940877771 80.875227252785 64.6749617655229 48.757221159501 42.1479567242348 44.4113949399505 40.2188107786387 33.7297710192058 16.013959694915 19.9717866939808 41.3915026263737 58.9241723763928 74.6806937039281 88.5993876853458 79.6109924824343 68.9131662851514 64.3747035183735 67.9185772788581 63.6885108338124 60.0402839620923 61.2293643460261 49.2935107404396 35.504779514929 35.2573126066174 43.4595017030626 58.7646669214355 61.8032062497416 60.5354207128748 60.8691619952021 59.0308339774767 52.8966287256416 50.8137669810199 27.6515525076763 26.5981299087292 36.5873227717958 26.4376643547442 29.5897227775849
-9999 -9999 -9999 -9999 -9999 -9999 194.650739942537 117.459061383263 103.664296171427 101.456367849346 93.9726762903688 79.4233596110061 63.2889358846659 43.9958487816514 26.2963137645652 22.1458618577509 36.2133562717539 22.834512852763 16.0609979750592 20.7266597856445 42.8130129445531 63.9317033562351 81.0046968060622 69.9422219604857 57.8255442374613 55.7091615797308 62.9685286068071 72.4271792003724 72.035370034538 50.199530315836 31.5215390413741 29.3038960246063 21.3692727322226 22.8132656519317 41.3061315319384 37.9729113889821 40.3889932162685 51.7660264084197 69.6592899864339 73.6733921312706 55.6176845796981 31.2436716339539 20.5444157285508 18.8843406616867 27.8164057027556 24.4506456619164
-9999 -9999 -9999 -9999 -9999 159.677275197668 193.383080674292 125.028658902568 120.075871627272 115.934664275375 102.458628489422 83.8884210836743 62.5606022236781 38.5544572330512 15.3968419221414 15.7793697984432 38.1279745010877 37.2438433896629 19.67377332121 17.8229463080924 34.8277522159448 57.1488053690327 72.3712686903684 56.9849591698886 36.2481631663112 26.0068090687285 40.3131846699135 61.4607293563695 66.414244837434 42.6625016990454 19.4030006218155 20.6556250500047 19.680723400052 20.6407022589209 29.7451157896704 14.748801625867 20.7204853111693 38.1724546078674 60.8238322451702 75.4022423880998 60.3763374033617 37.740240944166 24.4500139730898 39.8275298807005 21.4145965360157 24.6999308406641
-9999 -9999 -9999 -9999 -9999 212.192642025494 180.800745456111 136.73088150216 132.377756806525 120.983687389665 105.332088461507 87.9184151256401 69.9465906484008 50.8596967061921 37.6749757410531 39.8467488517333 52.3708012394737 51.5286273254699 30.1795641110985 19.3075380711118 23.2265951360684 47.4791840048735 64.9150499829077 54.6809021940987 31.1963993250579 16.4273863493178 36.3990224327732 59.0852653447031 76.9786404739992 53.1542057773738 38.345582629067 37.0026504716976 24.769217291752 24.1869389920634 33.5534373018078 30.5233374846028 21.1299438189793 35.7923587432976 59.0720907323211 70.9688891034568 52.0033898389255 43.1436851986615 36.4618109081244 30.5032903449146 37.8189762862842 53.8881046979611
-9999 -9999 -9999 -9999 -9999 187.577070194567 128.964834094956 136.169041911117 132.209874422996 118.166054829746 102.405162305541 84.3763934114195 65.6271318745208 48.0468649458717 39.795840042476 46.3433610984694 62.2230382289806 60.6142958054222 40.2661666048696 21.5621648630216 21.9086106042309 38.387142644163 55.537289152622 60.0388136921927 48.6299313185309 40.9197100210707 48.0761319999125 59.7912851422755 69.4577292848993 62.3740226519047 58.0585238843997 45.9406003940397 32.4561892826903 19.0925277122783 39.2062113437558 61.0279408630426 44.991358619775 52.5940507785736 63.2311519650743 48.9873266168592 31.1649728823686 19.0949149894568 36.2828530681358 47.0716496722344 48.7598760138965 79.7962958236709
-9999 -9999 -9999 -9999 187.041225244859 158.36697180499 116.093997625972 127.859846068437 129.447143537442 115.91267365819 98.5323366289797 79.4747876195696 57.1325792641444 32.866253564505 14.4535801556999 30.6512119241305 55.0140093138716 68.6826905954585 53.9307827708424 34.6187505882446 24.4807739058539 28.5494636248101 39.7972996259871 60.9540602785283 66.033875484896 61.7296262027136 57.1257640917445 42.6423506639928 36.5222748633264 43.7183650907157 46.609661778161 27.9420091869468 17.8751659201502 14.388722603818 31.334676591058 55.5940096923139 68.1992253835627 72.053330171628 68.1561125912625 39.7790071003596 15.1727026871198 15.2745690851148 40.5308547800742 66.9944838329077 67.9521212261852 76.6882357033145
-9999 -9999 -9999 -9999 157.06701404172 109.253680194004 105.708340622592 119.822935686417 121.658613725601 109.994615469603 97.4647437828194 80.265831291834 59.3262929501571 37.2541809210176 22.9287849775558 35.2849934283234 52.1701853636037 56.9741382105207 62.192203195601 49.4412182286701 24.1252983981634 17.5212012722507 33.772073014793 58.6883224152361 78.4793556951513 73.5575112611302 51.8533961195163 29.2992849063639 16.5277376957447 22.1321201295095 31.4677020442046 28.0843224290233 15.2727064077555 20.8075332956556 41.2020832021115 60.6047027002059 66.1558152924985 67.9303167701659 60.1391331138843 47.1618970209709 32.0666766532068 36.6229947782383 55.9280383924293 69.0335578361434 76.1758683025002 68.3803446996857
-9999 -9999 -9999 -9999 119.454576987562 82.5804186073682 97.5297714038449 113.352123630422 132.86933656545 101.093552553557 87.9363156775844 74.5073117111481 69.4360919814554 55.8850261689544 51.5993074569936 51.0346725614861 35.6604986998684 34.3235613748247 50.5804104117677 55.5414352849193 35.5821450136648 36.7373376024816 41.66364497584 65.8622678375333 82.9893214467643 81.4597005556294 57.1199902485357 42.5332643958842 45.1981985109981 20.8232666841993 31.5086647001093 50.3549149330933 30.0903146474327 14.7695592912682 33.5013878907602 42.4725227767461 44.9224765435885 47.5181440675193 45.8314966286184 47.0853330153371 45.8243899956804 58.1490992263431 60.2001382188956 55.1528128678693 51.5141700699086 55.9862195764109
-9999 18.4649497550558 16.5869242579769 -9999 111.332765721613 72.8529957939379 92.8931221012797 109.825706082545 117.546022487183 116.582518518281 74.7153656569662 53.6240190156212 46.3337668215165 50.953486153105 63.1353611013132 45.1127790721915 19.7316942835007 19.1914934948345 43.5935091140072 62.7762840300049 54.7569259855539 52.3914245410454 47.1151630553317 59.4413550858647 73.8380774098949 78.8898475804489 60.0020675519351 45.2632154870972 43.3615696857151 44.4896290047307 42.2436671410692 54.6387770694166 35.5752003151567 12.7368643264793 18.372935895239 17.5647878700253 19.3163884412773 28.0806616826916 22.6595106586892 23.8961451621613 25.7545803462204 34.0740298251303 44.3954485273892 30.5658628125445 27.847462972979 32.9421840875804
-9999 14.5769235048978 30.5292242789523 145.958321699133 103.534875766653 72.2438527383296 88.2085472619131 101.209130497055 100.350330489258 94.6474676259769 74.7413282314567 43.2144717157963 19.3573422077977 31.1786387958418 53.7165634240684 51.7964545513132 34.850981085732 34.3357192017028 50.9256212850413 67.2252429857723 52.5627888422529 35.5154481980398 23.1373110456376 41.2118781400669 58.320434878274 63.3604309976665 52.5700853294412 28.7176537775471 15.257952556083 36.2005490003996 24.162982260206 29.7849167431391 46.1647931951601 28.8156054122633 21.8859135627769 11.705944850407 11.4120882439034 11.9609897185309 17.2342622255772 12.235189249696 13.1763112094115 17.3158340806707 18.1358217856713 14.3991130121223 19.6486630522444 26.6807276110641
