0.145357 0.841168 0.0134749
0.160843 0.839057 9.9991E-05
0.223713 0.776187 9.9991E-05
0.0527875 0.92459 0.0226228
0.0827436 0.873409 0.0438471
0.0286587 0.931163 0.0401782
0.0760959 0.873839 0.0500656
0.0625132 0.937387 9.9991E-05
0.215156 0.678848 0.105996
0.301415 0.657921 0.0406638
0.140784 0.662576 0.196641
0.327643 0.570884 0.101473
0.1075 0.568256 0.324244
0.318238 0.577052 0.104709
0.332521 0.596061 0.0714175
0.154114 0.845786 9.9991E-05
0.316134 0.683766 9.9991E-05
0.210327 0.789573 9.9991E-05
0.595538 0.179341 0.225121
0.769727 0.197793 0.0324803
0.797211 0.201064 0.00172497
0.888797 0.0535627 0.0576405
0.9998 9.999E-05 9.999E-05
0.848694 0.116772 0.0345341
0.722496 0.277404 9.9991E-05
0.980742 0.0191583 9.9991E-05
0.927767 9.9991E-05 0.0721327
0.943155 9.9991E-05 0.0567451
0.994686 9.9991E-05 0.00521398
0.908832 9.9991E-05 0.0910679
0.965905 9.9991E-05 0.0339955
0.902174 0.0533594 0.0444668
0.917859 0.0820409 9.9991E-05
0.280812 0.68039 0.0387982
0.322294 0.668914 0.00879222
0.133438 0.820025 0.046537
0.0864501 0.887334 0.0262158
0.155585 0.714524 0.129891
0.612836 9.9991E-05 0.387064
0.896814 0.00773257 0.0954537
0.244962 0.663138 0.0919
0.204286 0.795614 9.9991E-05
0.385029 0.419178 0.195793
0.152898 0.527153 0.319949
0.115258 0.561726 0.323016
0.591339 0.0254111 0.38325
0.300744 0.595231 0.104026
0.139244 0.62531 0.235446
0.42982 0.452492 0.117687
0.0121463 0.0966959 0.891158
9.9991E-05 0.0694591 0.930441
9.9991E-05 0.116625 0.883275
0.000520081 0.116808 0.882672
0.113666 9.9991E-05 0.886234
0.0479921 0.00152773 0.95048
9.9991E-05 0.241302 0.758598
0.0795882 0.00701149 0.9134
0.0609639 9.9991E-05 0.938936
0.00793468 0.105976 0.886089
9.9991E-05 0.250594 0.749306
0.0668018 9.9991E-05 0.933098
0.127464 0.105226 0.76731
0.110016 0.315458 0.574526
0.814464 0.137416 0.0481204
0.851014 0.115963 0.0330226
0.974659 0.0252405 9.9991E-05
0.0804169 0.0983329 0.82125
0.0117825 0.240132 0.748086
0.0309234 0.146981 0.822096
0.0489215 0.0631704 0.887908
0.0356757 9.9991E-05 0.964224
9.9991E-05 0.631304 0.368596
0.0727601 0.595934 0.331306
0.0459342 0.607302 0.346763
0.0720644 0.574241 0.353694
0.193436 0.504704 0.301859
0.137857 0.503311 0.358833
0.167434 0.580897 0.251668
9.9991E-05 0.22785 0.77205
0.0836388 0.272247 0.644114
0.0949998 0.0325368 0.872463
0.132198 9.9991E-05 0.867702
9.9991E-05 0.194275 0.805625
0.773956 0.171384 0.0546599
0.0869015 0.407618 0.50548
9.9991E-05 0.586052 0.413848
0.544339 0.0298483 0.425812
0.155208 0.844692 9.9991E-05
0.200557 0.799343 9.9991E-05
0.302768 0.6574 0.0398318
0.334604 0.518075 0.147321
0.104592 0.830054 0.0653546
0.0112555 0.522854 0.465891
0.737617 0.184069 0.0783142
0.0380908 0.527109 0.4348
0.374948 0.453131 0.171921
0.24742 0.75248 9.9991E-05
0.0915899 0.90831 9.9991E-05
0.173248 0.797151 0.0296016
0.102984 0.793531 0.103485
0.0480344 0.941761 0.0102048
0.11036 0.88954 9.9991E-05
0.08594 0.448183 0.465877
0.105812 0.512334 0.381854
0.0983875 0.43407 0.467543
0.29365 0.5795 0.126849
0.192225 0.581569 0.226206
0.479059 0.460266 0.0606747
9.9991E-05 0.130723 0.869177
0.0482691 0.0984908 0.85324
0.219548 0.391569 0.388883
0.199819 0.491249 0.308932
0.38382 0.269163 0.347017
0.857557 0.120637 0.021806
0.0883118 0.0630537 0.848635
0.014824 0.136467 0.848709
9.9991E-05 0.344601 0.655299
0.614509 0.319937 0.0655541
0.287037 0.701735 0.0112283
0.0897798 0.837945 0.0722751
0.123256 0.773145 0.103599
0.491787 0.508113 9.9991E-05
0.213655 0.786245 9.9991E-05
0.137302 0.862598 9.9991E-05
0.0544675 0.911997 0.0335355
0.406434 0.545854 0.0477121
0.184772 0.815128 9.9991E-05
0.295041 0.704859 9.9991E-05
0.157072 0.840986 0.00194201
0.320526 0.54859 0.130884
0.0957753 0.826644 0.0775812
0.325217 0.618345 0.0564388
0.140749 0.856885 0.00236565
0.882851 0.0618086 0.0553408
0.951285 0.0486146 9.9991E-05
0.9998 9.999E-05 9.999E-05
0.861528 0.0457343 0.092738
0.900301 0.0233536 0.0763459
0.00914435 0.851972 0.138883
0.248391 0.751509 9.9991E-05
9.999E-05 9.999E-05 0.9998
0.127629 0.0042931 0.868078
0.0192786 0.0469376 0.933784
0.115707 0.148652 0.735641
9.9991E-05 0.0334389 0.966461
0.115064 0.0138355 0.871101
9.9991E-05 0.0260998 0.9738
0.0776345 9.9991E-05 0.922266
0.0396168 0.0179156 0.942468
0.0744163 9.9991E-05 0.925484
9.9991E-05 0.0958178 0.904082
0.026865 0.114187 0.858948
0.0844806 0.0666742 0.848845
0.0515254 9.9991E-05 0.948375
0.0310251 0.000957035 0.968018
9.9991E-05 0.0293837 0.970516
0.0854317 9.9991E-05 0.914468
9.9991E-05 0.587173 0.412727
0.00233015 0.75774 0.23993
9.9991E-05 0.0630066 0.936893
0.00400713 0.231658 0.764335
9.9991E-05 0.00222127 0.997679
0.0257284 0.591688 0.382583
9.999E-05 0.9998 9.999E-05
0.348481 0.651419 9.9991E-05
0.535423 0.429533 0.0350443
0.671018 0.328882 9.9991E-05
0.834201 0.134742 0.0310578
0.921057 0.0143291 0.0646139
0.807531 0.192369 9.9991E-05
0.844832 0.134487 0.020681
0.783269 0.103388 0.113343
0.914503 9.9991E-05 0.0853966
0.155089 0.828688 0.0162228
0.111029 0.781562 0.107409
9.9991E-05 0.949779 0.0501207
9.999E-05 0.9998 9.999E-05
9.999E-05 0.9998 9.999E-05
0.00879593 0.905036 0.086168
0.276572 0.723328 9.9991E-05
0.274511 0.616093 0.109396
0.155087 0.814445 0.0304685
0.261341 0.703592 0.0350669
0.151137 0.840324 0.00853835
0.810522 0.0936946 0.0957829
0.0531676 0.123341 0.823491
0.137138 9.9991E-05 0.862762
0.0363233 9.9991E-05 0.963577
9.9991E-05 0.192969 0.806931
0.0666217 0.0900281 0.84335
0.365384 0.448313 0.186303
0.320015 0.650762 0.0292229
0.260952 0.738948 9.9991E-05
0.402623 0.583263 0.0141143
