0.0153158 0.0236327 0.693593 0.267458
0.0499596 9.9991E-05 0.894208 0.0557327
0.0301864 9.9991E-05 0.689074 0.28064
0.0300242 0.0271232 0.883231 0.0596212
0.0181141 0.0423604 0.877341 0.0621846
0.0208483 0.0498149 0.85553 0.0738071
9.999E-05 0.0390455 0.803953 0.156901
0.0304587 9.9991E-05 0.864919 0.104523
0.0204965 0.0655459 0.664242 0.249716
0.0326341 0.0298109 0.661247 0.276308
0.0564543 0.23507 0.58673 0.121746
0.027241 0.0643878 0.619325 0.289046
0.0369573 0.338321 0.587141 0.0375802
0.00821763 0.102915 0.711195 0.177671
0.0669112 0.0622643 0.621606 0.249219
0.0357979 0.0091323 0.807624 0.147446
9.9991E-05 0.0107136 0.681548 0.307638
0.0411176 9.9991E-05 0.737502 0.221281
0.0486787 0.180518 0.178584 0.59222
9.9982E-05 9.9982E-05 0.214 0.7858
0.0309206 9.9991E-05 0.222367 0.746612
0.0137714 0.0579477 0.0866522 0.841629
0.0296095 0.00210799 9.9991E-05 0.968183
0.0351468 0.0020862 0.0862023 0.876565
9.9991E-05 0.00254617 0.294024 0.70333
0.02144 9.9991E-05 0.0284152 0.950045
0.0612555 0.0563335 9.9991E-05 0.882311
0.0260741 0.0700955 9.9991E-05 0.90373
9.998E-05 9.998E-05 9.998E-05 0.9997
9.9991E-05 0.0929061 0.0423098 0.864684
9.9982E-05 0.0442209 9.9982E-05 0.955579
0.03625 0.0436623 0.0283815 0.891706
0.0557577 9.9991E-05 0.11375 0.830392
0.0833008 0.0214672 0.713689 0.181543
0.0091678 9.9991E-05 0.691281 0.299451
0.00296198 0.0419132 0.778369 0.176755
0.0387146 0.0227882 0.838028 0.100469
0.0228433 0.1101 0.663846 0.203211
0.9997 9.998E-05 9.998E-05 9.998E-05
0.0478313 0.0614969 0.0849152 0.805757
9.9991E-05 0.0864246 0.668573 0.244903
9.9982E-05 9.9982E-05 0.788666 0.211134
0.0151576 0.203123 0.474946 0.306773
0.0590389 0.301188 0.477346 0.162427
0.0315495 0.272102 0.661957 0.0343922
0.9997 9.998E-05 9.998E-05 9.998E-05
0.075258 0.064932 0.599714 0.260096
9.9991E-05 0.233553 0.636545 0.129802
0.0384961 0.120798 0.414531 0.426175
0.0402344 0.853756 0.105909 9.9991E-05
0.0411618 0.918284 0.0223833 0.018171
9.9991E-05 0.867504 0.0804064 0.0519896
0.0787074 0.803965 0.107412 0.00991527
0.0532058 0.862298 9.9991E-05 0.0843965
9.9982E-05 0.895756 9.9982E-05 0.104044
9.9982E-05 0.774139 0.225662 9.9982E-05
0.00860705 0.907691 0.0436958 0.0400058
0.0175778 0.900164 9.9991E-05 0.0821586
0.0581822 0.856088 0.0856299 9.9991E-05
0.0313019 0.710777 0.257821 9.9991E-05
9.9982E-05 0.888965 9.9982E-05 0.110835
0.00881824 0.809405 0.0674421 0.114335
0.0807555 0.534132 0.385012 9.9991E-05
0.0399221 0.0522127 0.085413 0.822452
0.0197072 0.0397723 0.14414 0.796381
0.00894672 9.9991E-05 0.0561323 0.934821
0.00415923 0.803243 0.153906 0.0386915
0.0682968 0.689444 0.228693 0.013566
0.0279685 0.810281 0.119868 0.0418826
0.0712426 0.852783 0.0475333 0.0284407
0.0531276 0.874462 9.9991E-05 0.0723107
0.0244378 0.303024 0.672438 9.9991E-05
0.0164863 0.291852 0.598267 0.0933947
9.9991E-05 0.376246 0.558284 0.0653694
0.0370375 0.346639 0.536859 0.0794648
0.0269393 0.268442 0.51903 0.185589
0.0375258 0.347808 0.602714 0.0119522
0.0223646 0.299759 0.58078 0.0970973
9.9982E-05 0.764398 0.235402 9.9982E-05
0.134105 0.529968 0.335827 9.9991E-05
0.0224945 0.841726 0.0369964 0.0987834
0.0562333 0.849752 9.9991E-05 0.0939148
0.0528373 0.763551 0.170816 0.0127964
0.0346635 0.0988578 0.0781151 0.788364
9.9991E-05 0.434803 0.405377 0.15972
9.9982E-05 0.41474 0.58506 9.9982E-05
0.9997 9.998E-05 9.998E-05 9.998E-05
9.9982E-05 9.9982E-05 0.744539 0.255261
0.037159 9.9991E-05 0.801873 0.160868
0.0559367 0.0230188 0.731335 0.189709
0.0513707 0.163789 0.519353 0.265488
9.9991E-05 0.0576886 0.78358 0.158631
9.9991E-05 0.452614 0.469288 0.0779982
0.0601141 0.0625867 0.236238 0.641061
0.0918773 0.384876 0.523147 9.9991E-05
0.0338398 0.14441 0.495163 0.326587
0.0185176 9.9991E-05 0.735326 0.246057
9.9982E-05 9.9982E-05 0.889588 0.110212
9.9991E-05 0.0168099 0.762536 0.220554
0.0303952 0.120801 0.756105 0.0926995
0.0241528 0.0347064 0.850352 0.0907892
0.0148864 9.9991E-05 0.834468 0.150546
0.0455234 0.438396 0.466114 0.0499662
0.0943987 0.37346 0.441263 0.0908782
0.0912088 0.430188 0.441355 0.0372485
0.0180756 0.100838 0.556845 0.324242
9.9991E-05 0.24262 0.527538 0.229742
0.00650104 0.0418299 0.45094 0.500729
0.0369084 0.802859 0.099401 0.0608313
0.0394575 0.840477 0.0965255 0.0235395
0.0036582 0.409401 0.413029 0.173912
0.0300773 0.329641 0.471515 0.168767
0.0629683 0.290995 0.320838 0.325199
0.0025317 0.0336471 0.145053 0.818769
0.060864 0.749756 0.0891611 0.100219
9.9991E-05 0.809209 0.148258 0.042433
0.0220702 0.629318 0.348512 9.9991E-05
0.0485189 0.0625544 0.379073 0.509854
0.0070859 0.0192034 0.620118 0.353592
0.0201417 0.0820936 0.86229 0.0354745
9.9991E-05 0.106533 0.779674 0.113693
9.9982E-05 9.9982E-05 0.576721 0.423079
0.0287671 0.00112362 0.75391 0.216199
9.9991E-05 0.0322566 0.756964 0.21068
0.0318261 0.0376621 0.884239 0.0462725
0.00717447 0.0181942 0.54137 0.433261
9.9982E-05 9.9982E-05 0.835927 0.163873
0.0378813 9.9991E-05 0.706708 0.25531
0.0251863 9.9991E-05 0.842535 0.132179
0.0105527 0.133107 0.564588 0.291752
0.0506072 0.023239 0.836299 0.0898544
0.0237864 0.0746965 0.588331 0.313186
9.9982E-05 9.9982E-05 0.901552 0.0982482
9.9991E-05 0.0371737 0.0230741 0.939652
9.9982E-05 9.9982E-05 0.0120103 0.98779
0.0209615 9.9982E-05 9.9982E-05 0.978839
0.0159232 0.0334737 0.0819191 0.868684
0.0279715 0.0474697 0.0611958 0.863363
0.0223136 0.0796953 0.897891 9.9991E-05
0.0217769 9.9991E-05 0.798858 0.179265
9.998E-05 0.9997 9.998E-05 9.998E-05
0.0172656 0.857125 0.0252599 0.10035
0.0126755 0.931694 0.0104097 0.0452207
9.9991E-05 0.754861 0.16639 0.0786483
0.0320681 0.919661 0.048171 9.9991E-05
0.009192 0.872106 9.9991E-05 0.118602
0.0306771 0.96283 0.00639274 9.9991E-05
0.0157922 0.917661 9.9991E-05 0.066447
9.9982E-05 0.899344 9.9982E-05 0.100456
0.0238254 0.896683 9.9991E-05 0.0793914
0.0514352 0.876983 0.0714816 9.9991E-05
0.0427793 0.845689 0.0697572 0.0417741
0.00383515 0.849332 0.0476944 0.0991389
0.0142246 0.913367 9.9991E-05 0.0723085
0.0121559 0.924327 0.0634169 9.9991E-05
0.030478 0.928417 0.0410052 9.9991E-05
0.0249217 0.925245 9.9991E-05 0.0497333
9.9991E-05 0.371787 0.6142 0.0139126
0.0104767 0.19117 0.701764 0.0965896
9.9982E-05 0.95176 0.0480397 9.9982E-05
0.0187212 0.741736 0.227841 0.011702
9.9982E-05 0.953604 9.9982E-05 0.0461958
0.00231674 0.341435 0.656148 9.9991E-05
0.0221234 9.9991E-05 0.956609 0.021168
0.0250083 9.9991E-05 0.652976 0.321916
9.9991E-05 0.0645393 0.396255 0.539105
0.00316178 9.9991E-05 0.360577 0.636161
0.00121109 0.0730644 0.0664714 0.859253
9.9982E-05 0.0562112 9.9982E-05 0.943589
0.00852686 9.9991E-05 0.151851 0.839522
0.0255148 0.0214598 0.0917663 0.861259
0.0659735 0.121343 9.9991E-05 0.812584
0.0468214 0.0665963 0.0275538 0.859029
0.0128746 0.0499455 0.73129 0.20589
0.057767 0.0400776 0.839216 0.0629393
0.045751 0.0515894 0.90256 9.9991E-05
0.00103409 0.0489229 0.949943 9.9991E-05
0.0253036 0.00866306 0.965933 9.9991E-05
0.0077523 0.105489 0.862364 0.0243943
0.00703477 9.9991E-05 0.706809 0.286057
0.00793573 0.0924216 0.633248 0.266395
0.0391524 9.9991E-05 0.763015 0.197733
0.00755055 0.0838513 0.757816 0.150782
0.0390677 0.0688295 0.70644 0.185662
0.137556 0.090102 0.0542485 0.718094
0.0310827 0.834767 0.115695 0.0184558
0.063839 0.841096 9.9991E-05 0.0949646
0.000426536 0.957598 9.9991E-05 0.0418759
0.0254551 0.779817 0.192203 0.00252442
0.0243152 0.830431 0.0651113 0.0801423
0.0298809 0.15584 0.481497 0.332782
0.0317462 0.0176607 0.646219 0.304374
0.0784674 9.9991E-05 0.751957 0.169476
0.0568093 0.00221421 0.614413 0.326564
