0.0311926 0.115219 0.0368237 0.0515012 0.765263
9.999E-05 0.0369549 0.0419348 0.100972 0.820039
9.999E-05 0.197241 0.0254292 0.158493 0.618737
0.0154109 0.0305596 0.0165319 0.220969 0.716528
0.071633 9.9973E-05 9.9973E-05 9.9973E-05 0.928067
0.0921475 0.00976335 9.9991E-05 0.042844 0.855145
0.00713621 0.0384196 9.9991E-05 0.291455 0.662889
0.0232415 9.9991E-05 0.0570764 0.0455336 0.874049
0.12097 0.211474 0.0210382 0.0161164 0.630402
9.999E-05 0.199212 0.0399237 0.289233 0.471532
0.0942548 0.0767921 0.0573123 0.487703 0.283938
0.0628553 0.18519 0.0263168 0.182592 0.543046
0.0250674 0.00952279 0.0512608 0.914049 9.99902E-05
0.104134 0.174458 9.9991E-05 0.234609 0.486698
0.0925926 0.254938 0.0298444 9.9991E-05 0.622525
9.999E-05 0.0770759 0.0099145 0.248432 0.664477
0.025428 0.223274 9.9991E-05 0.160181 0.591018
9.999E-05 0.0807897 0.0141805 0.0651878 0.839742
0.116542 0.525889 0.0520776 0.229705 0.0757867
9.9982E-05 0.652189 9.9982E-05 0.267145 0.0804657
9.999E-05 0.704867 0.0158561 0.11001 0.169167
0.0473925 0.840909 0.00595202 0.0765178 0.029229
9.9982E-05 0.922482 0.0499729 0.0273455 9.9982E-05
0.0275382 0.772823 0.0559461 9.9991E-05 0.143593
9.9982E-05 0.671264 9.9982E-05 0.144796 0.18374
9.9982E-05 0.89206 0.0224885 9.9982E-05 0.0852517
0.0524446 0.92197 0.0253859 9.9982E-05 9.9982E-05
0.0631118 0.889907 0.0354784 0.0114023 9.9991E-05
0.0382332 0.886334 9.9982E-05 9.9982E-05 0.0752332
0.0731186 0.846169 9.9982E-05 9.9982E-05 0.0805127
0.0309651 0.964921 0.00391404 9.9982E-05 9.9982E-05
0.0126583 0.828195 0.0436294 0.0227855 0.0927314
0.00603116 0.81135 0.0960985 0.00281044 0.0837102
9.9991E-05 0.154976 0.0785271 0.318234 0.448163
0.0616493 0.270789 0.00186768 9.9991E-05 0.665594
0.106879 0.0945512 9.9991E-05 0.0383646 0.760105
9.9991E-05 0.0411375 0.0634149 0.248852 0.646496
0.0641926 0.145486 9.9991E-05 0.359594 0.430627
9.997E-05 9.997E-05 0.9996 9.997E-05 9.997E-05
9.9982E-05 0.742394 0.00980374 0.247602 9.9982E-05
0.127052 0.166333 9.9982E-05 9.9982E-05 0.706416
9.9991E-05 0.105478 0.00857911 0.217991 0.667852
0.120131 0.258946 0.0290209 0.327745 0.264157
0.103738 0.0611605 0.0606114 0.639526 0.134965
9.9991E-05 0.0479549 0.00430339 0.946238 0.00140326
9.997E-05 9.997E-05 0.9996 9.997E-05 9.997E-05
0.00125042 0.22704 0.0916148 0.33424 0.345855
0.0317222 0.125482 9.9991E-05 0.64788 0.194816
0.0785141 0.336191 0.0422062 0.226283 0.316805
0.739254 9.9991E-05 0.0315527 0.19548 0.0336137
0.780269 0.0239693 0.0358635 0.159799 9.9991E-05
0.817315 0.0187176 9.9982E-05 9.9982E-05 0.163767
0.671431 9.9982E-05 0.0622394 0.26613 9.9982E-05
0.837983 0.0554528 0.052769 9.9991E-05 0.053695
0.880851 0.118849 9.9973E-05 9.9973E-05 9.9973E-05
0.748497 9.9973E-05 9.9973E-05 9.9973E-05 0.251203
0.80683 0.0269962 0.0202109 0.107296 0.0386668
0.858671 0.118629 0.0225002 9.9982E-05 9.9982E-05
0.761322 9.9991E-05 0.053767 0.12329 0.0615211
0.634115 9.9991E-05 0.0267754 0.266579 0.0724304
0.795199 0.129706 9.9982E-05 0.0748951 9.9982E-05
0.711232 0.0551173 9.9991E-05 0.20711 0.0264407
0.343206 0.000173634 0.0774142 0.565754 0.0134522
0.0486622 0.756653 0.0308322 9.9991E-05 0.163752
0.00704647 0.81977 0.0133761 9.9991E-05 0.159707
9.9982E-05 0.849255 0.0061046 9.9982E-05 0.14444
0.730726 9.9991E-05 0.0224838 0.126565 0.120124
0.493234 9.9991E-05 0.0665763 0.410544 0.0295462
0.731789 0.0407929 0.0261365 0.139631 0.0616503
0.670049 9.9982E-05 0.0583711 0.27138 9.9982E-05
0.841917 0.0178319 0.0384365 9.9991E-05 0.101715
0.108211 9.9991E-05 0.00105717 0.662483 0.228149
0.085023 0.00397527 0.0150492 0.73193 0.164022
0.135436 9.9982E-05 9.9982E-05 0.785572 0.0787928
9.9973E-05 9.9973E-05 0.0176202 0.98208 9.9973E-05
0.00117622 0.077635 0.0417288 0.87936 9.9991E-05
9.9973E-05 9.9973E-05 0.0527582 0.946942 9.9973E-05
0.11205 0.0446573 0.0123266 0.681697 0.149269
0.669278 9.9982E-05 9.9982E-05 0.277945 0.0525776
0.434145 9.9991E-05 0.134961 0.3312 0.0995945
0.716934 0.0404386 0.0339862 0.16649 0.042151
0.667888 0.107923 0.0633124 0.160776 9.9991E-05
0.737407 9.9991E-05 0.0351226 0.0762875 0.151083
0.0152335 0.714202 0.00675526 0.20934 0.0544695
0.320275 0.0770583 9.9991E-05 0.495834 0.106733
0.1282 9.9973E-05 9.9973E-05 0.8715 9.9973E-05
9.997E-05 9.997E-05 0.9996 9.997E-05 9.997E-05
9.9982E-05 0.19493 9.9982E-05 0.139215 0.665655
9.9991E-05 0.151704 0.039055 0.110289 0.698853
9.9991E-05 0.172998 0.0500442 0.325547 0.451311
0.0870541 0.237133 0.0540485 0.32591 0.295855
0.0757367 0.100495 9.9991E-05 0.0922458 0.731423
0.177029 9.9973E-05 9.9973E-05 0.822671 9.9973E-05
0.0115759 0.537752 0.0306338 0.286287 0.133751
0.154102 9.9991E-05 0.088344 0.708533 0.0489212
0.0442044 0.240545 0.0493816 0.491246 0.174622
9.9982E-05 0.199896 0.0149329 9.9982E-05 0.784971
9.9982E-05 0.0686679 9.9982E-05 0.259424 0.671709
9.9982E-05 0.151766 9.9982E-05 0.313086 0.534948
0.0299017 0.0545491 0.0103547 0.305633 0.599561
9.9982E-05 9.9982E-05 0.0225406 0.382344 0.594915
9.9982E-05 0.0616305 9.9982E-05 0.251083 0.687087
0.184169 0.0877198 0.025805 0.702206 9.9991E-05
0.188569 0.0484452 0.079829 0.593481 0.0896751
0.199744 0.00117728 0.0983232 0.677272 0.023483
9.9982E-05 0.201048 9.9982E-05 0.741671 0.0570807
0.0654695 0.154515 9.9991E-05 0.522013 0.257903
0.064313 0.417232 9.9991E-05 0.0827656 0.435589
0.781057 9.9982E-05 0.0171702 9.9982E-05 0.201573
0.712848 0.0668092 0.0265515 0.193692 9.9991E-05
0.134739 0.134153 9.9982E-05 0.730908 9.9982E-05
0.127225 0.0876091 0.0360524 0.668291 0.0808225
0.142878 0.203893 0.0646369 0.553864 0.0347279
9.9973E-05 0.651587 9.9973E-05 0.348113 9.9973E-05
0.609749 0.0343779 0.0699347 0.285839 9.9991E-05
0.674312 9.9982E-05 9.9982E-05 0.321645 0.00384279
0.512832 9.9982E-05 9.9982E-05 0.399048 0.0879201
0.0332252 0.487054 0.0549458 0.10639 0.318385
0.0701609 0.199037 0.00861304 9.9991E-05 0.722089
0.0436445 0.00836938 0.0454135 0.193924 0.708648
0.116139 0.0654645 9.9991E-05 0.0108575 0.807439
9.9982E-05 0.40482 9.9982E-05 0.086092 0.508888
9.9991E-05 0.140754 0.0238259 0.141076 0.694244
0.0490473 0.0640603 9.9991E-05 0.0767021 0.81009
0.095422 9.9982E-05 0.0105439 9.9982E-05 0.893834
0.0396305 0.352486 9.9991E-05 0.137636 0.470147
0.00375536 0.130788 9.9991E-05 0.197596 0.66776
9.9991E-05 0.172556 0.0318276 0.221133 0.574383
9.9991E-05 0.133532 0.0045833 0.244039 0.617746
0.100845 0.223572 9.9991E-05 0.13902 0.536463
0.0671518 0.0774901 0.0409717 0.106682 0.707705
9.9991E-05 0.273996 0.00375875 0.373799 0.348346
0.0632066 0.063735 9.9991E-05 0.123336 0.749623
9.9973E-05 0.857244 9.9973E-05 0.142456 9.9973E-05
9.9982E-05 0.922199 9.9982E-05 0.0331436 0.0444579
9.9982E-05 0.87436 0.0462042 9.9982E-05 0.0792358
0.0735733 0.793544 0.0161866 0.032773 0.0839228
0.030145 0.777332 0.0146536 0.17777 9.9991E-05
0.1055 9.9991E-05 0.0228554 0.258238 0.613306
9.9991E-05 0.185334 0.0476154 0.160344 0.606607
0.905042 9.9982E-05 0.000369095 0.0943893 9.9982E-05
0.826375 0.05315 0.0468641 9.9991E-05 0.0735109
0.854402 0.0347858 0.0317768 9.9991E-05 0.0789352
0.652132 0.0218183 0.000554735 0.286768 0.0387271
0.838505 0.0123218 0.020391 0.0642702 0.0645123
0.845945 0.132052 9.9982E-05 9.9982E-05 0.0218037
0.909659 9.9982E-05 0.0287962 0.0613447 9.9982E-05
0.858096 0.0695843 9.9982E-05 0.0721199 9.9982E-05
0.852824 0.0919017 9.9982E-05 0.0550742 9.9982E-05
0.889418 0.0589968 9.99831E-05 9.99831E-05 0.0513856
0.813447 9.9991E-05 0.0565144 0.0726588 0.0572798
0.764863 0.0601752 0.0292723 0.0151344 0.130555
0.786955 0.0452991 0.00437789 9.9991E-05 0.163268
0.855572 0.0707446 0.0325362 0.00530759 0.0358398
0.865875 0.00501762 0.0145224 0.0587696 0.0558155
0.878089 9.9982E-05 0.0144432 9.9982E-05 0.107268
0.847895 0.0405258 0.0188267 0.0094516 0.0833005
0.171874 9.9991E-05 0.00868319 0.708083 0.111259
9.9982E-05 9.9982E-05 0.00432694 0.928248 0.0672248
0.817047 9.9982E-05 9.9982E-05 0.139548 0.0432059
0.712128 0.0332998 0.0345919 0.00720265 0.212778
0.789979 0.0363668 9.9982E-05 0.173454 9.9982E-05
0.127452 9.9982E-05 9.9982E-05 0.747495 0.124853
0.016292 9.9991E-05 0.00933856 0.101281 0.872988
9.9982E-05 0.198361 0.0529751 9.9982E-05 0.748463
9.9982E-05 0.471568 9.9982E-05 0.29295 0.235282
0.0269901 0.619808 9.9991E-05 0.0831681 0.269933
9.9973E-05 0.820414 9.9973E-05 0.179286 9.9973E-05
0.0400647 0.860889 0.00355959 0.0713655 0.0241212
9.9991E-05 0.738045 0.00163434 0.198987 0.0612335
9.9991E-05 0.777752 0.0232145 0.149449 0.0494841
0.0253809 0.741371 0.0358846 0.197263 9.9991E-05
0.0543293 0.747313 0.0590882 9.9991E-05 0.139169
0.0131132 0.120838 9.9991E-05 0.222049 0.6439
0.0414642 0.0245725 0.0760893 0.183567 0.674307
0.0333786 9.9991E-05 0.0656748 0.174199 0.726648
0.0177963 9.9982E-05 9.9982E-05 0.291672 0.690332
0.00371941 9.9991E-05 0.0204849 0.18396 0.791736
0.0236921 0.055322 9.9991E-05 0.331779 0.589106
9.9991E-05 0.235619 0.013008 0.235419 0.515854
0.0682356 0.149546 0.012186 0.187991 0.582041
9.9991E-05 0.0677809 0.0472543 0.278151 0.606714
0.0345369 0.115547 0.0191719 0.242038 0.588706
0.0674183 0.0585959 0.0165166 0.151519 0.70595
0.106868 0.593644 0.149185 0.0761522 0.0741509
0.754578 9.9991E-05 0.0209098 0.2008 0.0236125
0.775163 0.109667 0.0404684 0.074602 9.9991E-05
0.840989 0.0117945 9.9982E-05 0.147017 9.9982E-05
0.76863 9.9982E-05 9.9982E-05 0.0754531 0.155717
0.803671 0.0669741 0.0342519 9.9991E-05 0.0950031
0.106196 0.255026 0.0206456 0.205577 0.412555
0.00203399 0.315791 0.0628996 0.0586713 0.560604
0.0434652 0.138604 0.0720233 9.9991E-05 0.745807
9.9991E-05 0.230882 0.0329242 0.354028 0.382065
