0.163156 0.111678 0.722894 0.0021723 9.9991E-05
0.0655147 0.0946968 0.799048 0.0406405 9.9991E-05
0.186404 0.189302 0.619531 0.00466236 9.9991E-05
0.191108 0.0459728 0.761899 0.000920034 9.9991E-05
9.9982E-05 9.9982E-05 0.909147 0.00957529 0.0810773
0.153067 0.00864449 0.827789 9.9991E-05 0.0103993
0.234856 9.9982E-05 0.751545 9.9982E-05 0.0133987
0.169795 0.0359281 0.769213 0.0249636 9.9991E-05
0.0277352 0.224465 0.62535 0.037446 0.0850042
0.187496 0.219697 0.530054 0.0462871 0.0164665
0.509016 0.0901035 0.291021 0.0538772 0.0559828
0.327343 0.164999 0.473761 0.0337976 9.9991E-05
0.889618 0.0294353 0.0181928 0.0283735 0.0343808
0.203462 0.201376 0.511298 9.9991E-05 0.0837645
9.999E-05 0.175275 0.71251 0.0449693 0.0671458
0.177307 0.104262 0.702171 0.016159 9.9991E-05
0.0868907 0.20617 0.668547 9.9991E-05 0.0382917
9.9982E-05 0.0524189 0.919399 0.0279824 9.9982E-05
0.173935 0.549032 0.0877486 0.0619329 0.127351
0.236045 0.743828 0.0199274 9.9982E-05 9.9982E-05
9.9982E-05 0.731926 0.257879 9.9982E-05 0.00999521
0.0848371 0.883516 9.9991E-05 0.0057006 0.025846
0.0843113 0.85993 9.9982E-05 0.0555582 9.9982E-05
9.999E-05 0.84164 0.087609 0.0422275 0.028424
0.0392793 0.726729 0.230176 9.9991E-05 0.00371518
0.0343759 0.919946 0.0233202 0.0222581 9.9991E-05
9.9982E-05 0.89295 9.9982E-05 0.0293891 0.0774605
0.0502136 0.860963 9.9991E-05 0.0183144 0.0704088
9.9982E-05 0.860336 0.104407 9.9982E-05 0.0350569
0.0157515 0.904852 0.0206522 9.9991E-05 0.0586446
0.00473457 0.944119 9.9991E-05 0.0157193 0.0353275
0.0360508 0.867747 0.0321464 0.0394958 0.0245597
9.9991E-05 0.877801 0.050574 0.0547345 0.0167909
0.245479 0.192711 0.46942 0.0922899 9.9991E-05
9.9991E-05 0.273011 0.689825 0.00441126 0.0326529
0.0467069 0.0860785 0.77797 9.9991E-05 0.0891442
0.167912 0.0557487 0.703035 0.0443296 0.0289749
0.266347 0.187027 0.475297 0.0119209 0.0594079
9.997E-05 9.997E-05 9.997E-05 0.9996 9.997E-05
0.158423 0.809084 9.9982E-05 0.032293 9.9982E-05
9.9982E-05 0.216487 0.675132 9.9982E-05 0.108181
0.226764 0.215694 0.557342 9.9982E-05 9.9982E-05
0.180417 0.292246 0.392061 0.00533164 0.129944
0.731943 0.0698822 0.05282 0.0684277 0.0769269
0.971257 0.0236943 9.9982E-05 0.00484847 9.9982E-05
9.997E-05 9.997E-05 9.997E-05 0.9996 9.997E-05
0.274639 0.18324 0.450906 0.0904588 0.00075571
0.437229 0.122905 0.324237 9.9991E-05 0.115529
0.237481 0.360746 0.31875 0.0350441 0.0479779
0.158238 9.9991E-05 0.033226 0.0363085 0.772128
0.132388 0.0274636 9.9991E-05 0.0367464 0.803302
9.9982E-05 0.0166003 0.167735 9.9982E-05 0.815465
0.289379 9.9991E-05 0.0145765 0.0562733 0.639671
9.9991E-05 0.0887794 0.0260027 0.059854 0.825264
9.9982E-05 0.0724662 0.077967 9.9982E-05 0.849367
9.9973E-05 9.9973E-05 0.264322 9.9973E-05 0.735378
0.0343909 0.0812174 0.0502362 0.01119 0.822965
9.9982E-05 0.118056 9.9982E-05 0.0284825 0.853261
0.0483464 9.9991E-05 0.0956737 0.0647544 0.791126
0.306936 9.9991E-05 0.0831266 0.0534339 0.556403
0.0227517 0.135123 9.9991E-05 0.00357034 0.838455
0.183742 0.10915 0.00937905 0.00100421 0.696725
0.603362 9.9982E-05 9.9982E-05 0.0615359 0.334902
0.012499 0.753812 0.159061 0.0144855 0.0601425
0.00619789 0.800109 0.126176 0.0295642 0.0379533
9.9982E-05 0.82766 0.151984 0.0201559 9.9982E-05
0.284893 0.00622234 0.0102279 0.0159335 0.682724
0.380044 9.9991E-05 0.0218016 0.0873969 0.510658
0.143265 0.102173 0.02329 0.015232 0.71604
0.196932 0.0425807 9.9991E-05 0.0560341 0.704353
9.9982E-05 9.9982E-05 0.0943904 0.0377146 0.867695
0.676085 9.9982E-05 0.208541 9.9982E-05 0.115174
0.777579 9.9982E-05 0.157885 9.9982E-05 0.0643365
0.895553 9.9982E-05 0.0171849 9.9982E-05 0.0870618
0.982252 9.9973E-05 9.9973E-05 0.0174482 9.9973E-05
0.798471 0.0953207 0.0353153 0.0502546 0.020638
0.943612 0.00508484 9.9991E-05 0.0479134 0.00328993
0.71728 0.117977 0.0725669 0.0344662 0.0577107
0.193738 9.9982E-05 0.161402 9.9982E-05 0.644661
0.297996 9.9991E-05 0.140063 0.119489 0.442353
0.179724 0.0729955 9.9991E-05 0.0373597 0.709821
0.156838 0.0638148 9.9991E-05 0.0614034 0.717844
0.0220328 9.9991E-05 0.221831 0.0349719 0.721064
0.186033 0.701607 0.0836619 0.0285978 9.9991E-05
0.510554 0.0879759 0.113182 9.9991E-05 0.288188
0.913528 9.9973E-05 9.9973E-05 9.9973E-05 0.0861725
9.997E-05 9.997E-05 9.997E-05 0.9996 9.997E-05
0.139446 0.177053 0.683301 9.9982E-05 9.9982E-05
0.0234246 0.150275 0.784387 0.0418135 9.9991E-05
0.223184 0.185528 0.551257 0.0399309 9.9991E-05
0.254793 0.283951 0.315152 0.0424252 0.103679
0.027333 0.0962237 0.796294 9.9991E-05 0.0800497
0.855614 9.9973E-05 9.9973E-05 9.9973E-05 0.144086
0.122675 0.605571 0.208157 0.0396879 0.0239095
0.701893 9.9991E-05 0.0611596 0.0657104 0.171137
0.280602 0.327542 0.284362 0.0251515 0.0823434
9.9991E-05 0.195622 0.788622 0.0066463 0.00901046
0.237971 0.0851009 0.676728 9.9982E-05 9.9982E-05
0.286955 0.147887 0.564958 9.9982E-05 9.9982E-05
0.181479 0.0578424 0.682351 0.00134189 0.0769853
0.3402 9.9982E-05 0.647383 0.0122174 9.9982E-05
0.233461 0.0610027 0.695042 0.0103939 9.9991E-05
0.624314 0.0128463 0.0836917 0.0376082 0.24154
0.667028 0.0474181 0.0597317 0.104601 0.121221
0.7361 0.0152055 0.0014657 0.0902069 0.157022
0.642571 0.248401 0.0996789 0.0092488 9.9991E-05
0.54789 0.104791 0.252068 9.9991E-05 0.0951515
9.9982E-05 0.483831 0.440799 9.9982E-05 0.07517
9.9982E-05 9.9982E-05 0.196926 0.0190709 0.783803
0.202086 0.0233097 0.0239449 0.0178023 0.732857
0.620219 0.202256 0.00264284 9.9991E-05 0.174782
0.578579 0.0694097 0.163907 0.0496 0.138505
0.512634 0.207032 0.0739059 0.0743837 0.132045
0.318039 0.681661 9.9973E-05 9.9973E-05 9.9973E-05
0.255788 0.0777234 9.9991E-05 0.0235328 0.642856
0.303748 9.9982E-05 0.0485921 9.9982E-05 0.64746
0.441207 9.9982E-05 0.0975564 9.9982E-05 0.461037
0.171396 0.383015 0.376614 0.0527178 0.0162574
9.9991E-05 0.193941 0.701114 0.0172211 0.0876236
0.038289 0.0286004 0.832876 0.0223063 0.0779282
9.9982E-05 0.0515804 0.839022 9.9982E-05 0.109198
0.00329468 0.384664 0.605757 9.9991E-05 0.00618412
0.139271 0.229822 0.628164 0.00264214 9.9991E-05
0.0458763 0.164587 0.756904 9.9991E-05 0.0325325
9.9982E-05 9.9982E-05 0.868013 0.0162786 0.115509
0.0798141 0.391547 0.513384 9.9991E-05 0.0151551
0.124377 0.115668 0.759754 9.9982E-05 9.9982E-05
0.123714 0.187103 0.639707 0.0493758 9.9991E-05
0.292713 0.0128791 0.687279 0.0070289 9.9991E-05
0.146079 0.285268 0.468043 9.9991E-05 0.10051
0.177464 0.0361161 0.708608 0.0315623 0.0462495
0.251846 0.224545 0.500572 0.0141752 0.00886128
0.0145406 0.0807236 0.832643 0.0127647 0.0593284
0.134797 0.864903 9.9973E-05 9.9973E-05 9.9973E-05
0.00419047 0.898753 0.0968569 9.9982E-05 9.9982E-05
9.9982E-05 0.943097 0.0325 0.024203 9.9982E-05
0.0539604 0.793921 0.0815718 0.0188647 0.051682
0.0165079 0.848616 0.0562332 0.00693483 0.0717081
0.228353 9.9991E-05 0.680197 0.01194 0.0794104
0.229997 0.150716 0.611116 0.00807117 9.9991E-05
0.108137 9.9973E-05 9.9973E-05 9.9973E-05 0.891563
0.028964 0.0514555 0.0792433 0.05598 0.784357
9.9991E-05 0.0177574 0.0867801 0.00536418 0.889998
0.25466 0.0403563 0.0434578 9.9991E-05 0.661426
0.0889621 9.9991E-05 0.0257908 0.0328385 0.852309
0.0351515 0.178547 0.00170012 0.00912172 0.77548
0.0351936 9.9991E-05 0.0624995 0.028001 0.874206
0.00265958 0.140076 9.9991E-05 0.0137657 0.843399
0.0802084 0.0621798 9.9982E-05 9.9982E-05 0.857412
0.0499239 0.0959453 9.9991E-05 0.00138095 0.85265
0.195782 9.9991E-05 0.0141125 0.0362456 0.75376
0.129565 0.0312932 0.0725895 0.0234806 0.743071
9.9991E-05 0.0845208 0.115041 0.007521 0.792817
9.9991E-05 0.0854172 0.00686932 0.0342051 0.873408
0.151231 0.00685993 0.00577009 0.00723612 0.828902
9.9982E-05 9.9982E-05 0.0581747 0.0271288 0.914497
0.0158992 0.0910206 0.0060656 0.0170007 0.870014
0.826578 0.0301008 0.0250452 9.9991E-05 0.118176
0.952084 0.0241912 0.0235243 9.9982E-05 9.9982E-05
0.100506 9.9982E-05 0.049995 9.9982E-05 0.849299
0.0542805 9.9991E-05 0.238306 0.00438878 0.702925
0.151957 0.00789578 9.9982E-05 9.9982E-05 0.839947
0.659577 9.9982E-05 0.197239 9.9982E-05 0.142985
9.9982E-05 9.9982E-05 0.966119 0.0137812 0.0198994
9.9991E-05 0.246987 0.706389 0.0368916 0.00963243
0.153457 0.512691 0.327433 9.9991E-05 0.00631946
0.155326 0.607059 0.237415 9.9982E-05 9.9982E-05
0.190318 0.758498 0.0499953 0.00108871 9.9991E-05
0.0743331 0.864285 0.0138389 9.9991E-05 0.0474434
0.024313 0.800583 0.150955 0.0240488 9.9991E-05
0.102557 0.787807 0.0785475 0.0309895 9.9991E-05
0.120075 0.777887 9.9991E-05 0.033242 0.0686958
9.9991E-05 0.824301 0.0324908 0.0616254 0.0814832
0.0425899 0.0881063 0.837868 0.000614602 0.0308211
9.9991E-05 0.0128257 0.816936 0.0649382 0.105201
0.0399286 9.9991E-05 0.833737 0.0666544 0.0595797
0.28776 9.99731E-05 0.711941 9.99731E-05 9.99731E-05
0.152464 9.9982E-05 0.808234 0.0391029 9.9982E-05
0.326673 0.00254782 0.630081 9.9991E-05 0.0405978
0.214894 0.226629 0.547861 0.00609086 0.00452565
0.319537 0.165832 0.448574 0.0177669 0.0482904
0.263696 0.114455 0.591387 0.0303626 9.9991E-05
0.175911 0.162638 0.57599 0.000375482 0.0850853
0.124559 0.11369 0.679852 0.0274603 0.0544386
0.00397933 0.677327 0.0888227 0.169305 0.0605661
0.210449 0.0172802 0.0428943 0.00926818 0.720108
9.9991E-05 0.14058 0.00809978 0.0540102 0.79721
0.0927401 0.0418448 9.9982E-05 9.9982E-05 0.865215
0.16195 9.9991E-05 0.161158 0.0117793 0.665013
9.9991E-05 0.0598412 0.113945 0.0349489 0.791164
0.137371 0.311518 0.401473 0.0134297 0.136208
0.123325 0.310329 0.532615 0.0321798 0.00155095
9.9991E-05 0.169769 0.710794 0.0771102 0.0422268
0.254702 0.272558 0.423778 0.0488627 9.9991E-05
