0.801944 0.197861 0.000194988
0.873564 0.126336 9.9991E-05
0.71091 0.26185 0.0272399
0.864534 0.1009 0.0345658
0.892462 0.0732851 0.0342529
0.948716 9.9991E-05 0.0511836
0.894029 0.0937239 0.0122469
0.994629 0.00527142 9.9991E-05
0.717408 0.24047 0.0421225
0.686144 0.265402 0.0484543
0.629053 0.142519 0.228428
0.58778 0.329682 0.0825378
0.588147 0.0671246 0.344729
0.615994 0.282997 0.101009
0.696739 0.245178 0.0580832
0.879128 0.120772 9.9991E-05
0.702232 0.297668 9.9991E-05
0.857653 0.142247 9.9991E-05
0.133707 0.623284 0.243009
0.20631 0.765837 0.0278534
0.19552 0.80438 9.9991E-05
0.0592607 0.910915 0.0298242
9.9991E-05 0.996786 0.00311386
0.105086 0.894814 9.9991E-05
0.281407 0.718493 9.9991E-05
0.00938103 0.990519 9.9991E-05
9.9991E-05 0.938331 0.0615688
9.9991E-05 0.933145 0.0667552
0.00612044 0.977591 0.0162888
0.0775791 0.86381 0.0586105
9.9991E-05 0.942014 0.0578864
0.00836594 0.940889 0.050745
0.0849621 0.914938 9.9991E-05
0.723752 0.248074 0.0281746
0.629641 0.370259 9.9991E-05
0.808868 0.152826 0.0383067
0.875601 0.0858177 0.0385816
0.728104 0.159116 0.11278
9.9991E-05 0.619924 0.379976
0.0984615 0.819539 0.082
0.650024 0.246648 0.103328
0.769012 0.230888 9.9991E-05
0.49476 0.327422 0.177819
0.496378 0.175121 0.328501
0.663602 0.0441872 0.292211
9.9991E-05 0.594668 0.405232
0.582004 0.313065 0.104932
0.702663 0.100212 0.197124
0.496622 0.411767 0.0916108
9.9991E-05 0.123921 0.875979
9.9991E-05 0.0744481 0.925452
0.0933874 0.0522446 0.854368
0.116609 0.0351385 0.848252
9.9991E-05 0.0952493 0.904651
0.0190103 0.0794118 0.901578
0.229617 9.9991E-05 0.770283
0.0459051 0.0454236 0.908671
9.9991E-05 0.0671895 0.93271
0.138495 9.9991E-05 0.861405
0.206833 0.0147565 0.778411
9.9991E-05 0.0549532 0.944947
0.134025 0.0622743 0.8037
0.384557 0.0389126 0.576531
0.111233 0.860045 0.0287214
0.149782 0.834986 0.0152312
0.0883108 0.911589 9.9991E-05
0.122141 0.0644272 0.813432
0.202485 0.0517679 0.745747
0.134811 0.0469089 0.81828
0.0175125 0.0933722 0.889115
0.0632949 0.0185157 0.918189
0.675746 9.9991E-05 0.324154
0.647228 0.0310727 0.3217
0.58394 0.0200069 0.396053
0.621684 0.0335938 0.344722
0.486034 0.234812 0.279154
0.559803 0.0891312 0.351066
0.572387 0.162303 0.26531
0.200758 9.9991E-05 0.799142
0.294888 0.107836 0.597276
0.0473462 0.0942732 0.858381
9.9991E-05 0.0946306 0.905269
0.2102 9.9991E-05 0.7897
0.0646019 0.862619 0.072779
0.452669 0.111391 0.43594
0.583496 9.9991E-05 0.416404
9.9991E-05 0.57669 0.42321
0.826501 0.173399 9.9991E-05
0.847902 0.151998 9.9991E-05
0.770397 0.156025 0.0735776
0.528997 0.314936 0.156066
0.7982 0.140959 0.0608405
0.503911 0.0347129 0.461376
0.250001 0.70437 0.0456287
0.539059 0.027373 0.433568
0.505389 0.330818 0.163793
0.747207 0.252693 9.9991E-05
0.864832 0.135068 9.9991E-05
0.871185 0.128715 9.9991E-05
0.804585 0.0687142 0.126701
0.888275 0.0648557 0.0468693
0.888629 0.111271 9.9991E-05
0.498385 0.0180679 0.483548
0.416763 0.194266 0.388971
0.456683 0.0764804 0.466836
0.63258 0.251547 0.115873
0.589478 0.169604 0.240918
0.42918 0.523419 0.0474008
0.15039 0.0233386 0.826271
0.0889887 0.0487271 0.862284
0.404866 0.183719 0.411415
0.46374 0.189287 0.346973
0.338179 0.342033 0.319788
0.155476 0.809151 0.035373
0.09607 0.0751944 0.828736
0.204651 9.9991E-05 0.795249
0.343082 9.9991E-05 0.656818
0.352342 0.590908 0.0567503
0.681505 0.303974 0.0145206
0.930844 0.0274732 0.0416824
0.790858 0.105958 0.103184
0.56161 0.43829 9.9991E-05
0.797093 0.202807 9.9991E-05
0.87832 0.120143 0.00153695
0.845286 0.126403 0.0283113
0.625631 0.374269 9.9991E-05
0.831285 0.168615 9.9991E-05
0.777334 0.215145 0.00752102
0.858752 0.141148 9.9991E-05
0.576291 0.33283 0.090879
0.867115 0.0931852 0.0396995
0.639497 0.284215 0.0762886
0.931308 0.0663934 0.0022986
0.0888971 0.911003 9.9991E-05
0.0323481 0.967552 9.9991E-05
9.999E-05 0.9998 9.999E-05
0.0749827 0.869509 0.0555087
0.04559 0.890655 0.063755
0.857551 9.9991E-05 0.142349
0.834178 0.165722 9.9991E-05
9.999E-05 9.999E-05 0.9998
0.0442911 0.0764162 0.879293
0.0700626 0.00673945 0.923198
0.189532 0.0471373 0.763331
0.0384968 9.9991E-05 0.961403
9.9991E-05 0.117247 0.882653
0.0577285 9.9991E-05 0.942172
9.9991E-05 0.0809185 0.918982
0.00528301 0.0542989 0.940418
9.9991E-05 0.0847718 0.915128
0.0911027 9.9991E-05 0.908797
0.07235 0.0782644 0.849386
0.0312963 0.0915876 0.877116
9.9991E-05 0.0761879 0.923712
0.067414 0.00980801 0.922778
0.0275471 9.9991E-05 0.972353
9.9991E-05 0.0690578 0.930842
0.606552 0.0186166 0.374832
0.713938 0.0435462 0.242516
0.0913687 9.9991E-05 0.908531
0.264471 9.9991E-05 0.735429
9.9991E-05 0.0226126 0.977287
0.613422 9.9991E-05 0.386478
0.988155 0.00630206 0.00554279
0.726581 0.273319 9.9991E-05
0.516699 0.441278 0.0420229
0.371928 0.627972 9.9991E-05
0.139971 0.82 0.0400293
0.030873 0.931453 0.0376737
0.167306 0.832594 9.9991E-05
0.106566 0.85652 0.0369137
0.072479 0.806895 0.120626
0.00125349 0.946054 0.0526925
0.850901 0.148999 9.9991E-05
0.79877 0.127486 0.0737442
0.958266 9.9991E-05 0.0416342
0.957884 9.9991E-05 0.0420162
0.9998 9.999E-05 9.999E-05
0.916037 9.9991E-05 0.0838627
0.670906 0.284409 0.0446855
0.650375 0.251154 0.0984707
0.789787 0.149352 0.0608609
0.696446 0.236826 0.0667273
0.839724 0.106487 0.0537885
9.9991E-05 0.828192 0.171708
0.160508 9.9991E-05 0.839392
9.9991E-05 0.116825 0.883075
0.0311314 0.0138898 0.954979
0.157803 0.0607991 0.781398
0.0212789 0.115811 0.862911
0.490722 0.358456 0.150822
0.642965 0.321169 0.0358659
0.81568 0.16129 0.0230306
0.634658 0.340616 0.0247267
