0.800256 0.155624 0.0441203
0.838467 0.161433 9.9991E-05
0.701113 0.294965 0.00392241
0.907125 0.0700901 0.0227846
0.914759 0.0507827 0.0344588
0.911644 0.040804 0.0475518
0.904601 0.061207 0.0341919
0.981455 0.0184445 9.9991E-05
0.656266 0.27197 0.071764
0.67649 0.288724 0.0347858
0.635199 0.13339 0.231412
0.654584 0.26578 0.0796359
0.541426 0.127512 0.331061
0.654049 0.251219 0.0947317
0.673086 0.302869 0.0240453
0.851248 0.121132 0.0276197
0.697148 0.302752 9.9991E-05
0.806351 0.193549 9.9991E-05
0.143719 0.660642 0.195638
0.199557 0.796013 0.00443058
0.232527 0.767373 9.9991E-05
0.0804965 0.899669 0.0198341
9.9991E-05 0.9662 0.0336999
0.10886 0.858703 0.0324371
0.225995 0.773905 9.9991E-05
0.00485674 0.995043 9.9991E-05
9.9991E-05 0.912598 0.0873019
9.9991E-05 0.904647 0.0952526
9.999E-05 0.9998 9.999E-05
0.0109653 0.907875 0.0811601
9.9991E-05 0.969071 0.0308294
0.0550649 0.917583 0.0273523
9.9991E-05 0.999627 0.000273331
0.672753 0.259246 0.0680016
0.642121 0.319671 0.038208
0.736042 0.181618 0.0823392
0.803082 0.168234 0.0286835
0.613352 0.264089 0.12256
9.9991E-05 0.606645 0.393255
9.9991E-05 0.959641 0.040259
0.678985 0.211206 0.10981
0.787154 0.212746 9.9991E-05
0.418319 0.40472 0.176961
0.424882 0.236511 0.338607
0.556906 0.116688 0.326406
0.0137351 0.600994 0.385271
0.63672 0.24754 0.11574
0.591719 0.182824 0.225457
0.475564 0.42014 0.104296
0.0455111 0.0639598 0.890529
0.0408961 0.01993 0.939174
0.130251 9.9991E-05 0.869649
0.102315 0.0283297 0.869356
9.9991E-05 0.0718702 0.92803
0.0490059 0.0351318 0.915862
0.212273 9.9991E-05 0.787627
0.00529575 0.0921774 0.902527
9.9991E-05 0.13037 0.86953
0.077401 0.025388 0.897211
0.251981 9.9991E-05 0.747919
9.9991E-05 0.0714075 0.928493
0.101818 0.104118 0.794065
0.312379 0.117204 0.570417
0.0794646 0.863208 0.0573275
0.0726542 0.890392 0.0369542
0.0589793 0.940921 9.9991E-05
0.179494 0.0395037 0.781002
0.211423 0.0383183 0.750259
0.102762 0.0544842 0.842754
0.046951 0.0659674 0.887082
0.0376368 0.0239593 0.938404
0.63145 9.9991E-05 0.36845
0.58863 0.0758113 0.335559
0.526302 0.111893 0.361805
0.555652 0.104095 0.340253
0.464772 0.263348 0.27188
0.499622 0.130752 0.369626
0.538161 0.186304 0.275535
0.242284 9.9991E-05 0.757616
0.273344 0.130683 0.595973
0.0179454 0.101708 0.880346
9.9991E-05 0.128326 0.871574
0.209472 9.9991E-05 0.790428
0.123549 0.795655 0.0807959
0.389248 0.125426 0.485326
0.553166 9.9991E-05 0.446734
0.0238492 0.573706 0.402445
0.764755 0.235145 9.9991E-05
0.768161 0.231739 9.9991E-05
0.700984 0.230479 0.0685368
0.461487 0.406549 0.131964
0.919836 0.056919 0.0232453
0.454381 0.075918 0.469701
0.289602 0.641699 0.0686987
0.502457 0.050818 0.446725
0.480215 0.382281 0.137504
0.746183 0.253717 9.9991E-05
0.892264 0.106067 0.00166882
0.801444 0.175957 0.0225987
0.790535 0.0869994 0.122466
0.877066 0.0755996 0.0473348
0.879488 0.120412 9.9991E-05
0.472526 0.0741576 0.453317
0.413759 0.234222 0.35202
0.472772 0.0794968 0.447731
0.543296 0.345642 0.111063
0.572094 0.177954 0.249952
0.476669 0.45735 0.065981
0.112646 0.0547471 0.832607
0.129271 0.0358763 0.834852
0.401676 0.215694 0.38263
0.45017 0.200031 0.349799
0.312049 0.341281 0.34667
0.146139 0.841077 0.0127845
0.00911697 0.148484 0.842399
0.136025 0.0731673 0.790808
0.344527 9.9991E-05 0.655373
0.407058 0.531385 0.0615568
0.698059 0.301841 9.9991E-05
0.856636 0.0990627 0.0443017
0.847632 0.0495813 0.102786
0.567721 0.432179 9.9991E-05
0.74061 0.25929 9.9991E-05
0.847065 0.152835 9.9991E-05
0.942708 0.000303967 0.0569882
0.611914 0.387986 9.9991E-05
0.79249 0.20741 9.9991E-05
0.731789 0.268111 9.9991E-05
0.852021 0.147879 9.9991E-05
0.591638 0.2705 0.137862
0.837386 0.0936914 0.0689223
0.654801 0.25832 0.0868793
0.892154 0.107746 9.9991E-05
0.0239833 0.927546 0.0484708
0.0127153 0.987185 9.9991E-05
0.0119974 0.987903 9.9991E-05
0.0783009 0.828378 0.0933213
0.0659983 0.864329 0.0696723
0.891673 9.9991E-05 0.108227
0.810337 0.189563 9.9991E-05
9.999E-05 9.999E-05 0.9998
0.0687013 0.0191797 0.912119
0.0593202 9.9991E-05 0.94058
0.140632 0.0994871 0.759881
0.0339806 9.9991E-05 0.965919
9.9991E-05 0.126141 0.873759
0.00610958 9.9991E-05 0.99379
9.9991E-05 0.0598232 0.940077
9.9991E-05 0.0743889 0.925511
9.9991E-05 0.0552583 0.944642
0.0352915 0.0481058 0.916603
0.091169 0.0576462 0.851185
0.0983 0.0771678 0.824532
9.9991E-05 0.0647632 0.935137
0.0878721 9.9991E-05 0.912028
0.0419276 9.9991E-05 0.957972
0.0650796 0.00310029 0.93182
0.500682 0.105435 0.393883
0.707979 0.0508526 0.241168
0.062007 9.9991E-05 0.937893
0.254315 9.9991E-05 0.745585
9.9991E-05 0.0299797 0.96992
0.604383 9.9991E-05 0.395517
0.954812 0.0450884 9.9991E-05
0.75039 0.24951 9.9991E-05
0.431994 0.496872 0.0711335
0.24662 0.700582 0.0527989
0.143512 0.828739 0.0277487
0.0315452 0.947618 0.0208369
0.167689 0.832211 9.9991E-05
0.0907103 0.866584 0.0427053
0.0509544 0.820914 0.128132
0.0569932 0.861484 0.0815232
0.819952 0.173714 0.006334
0.795545 0.137423 0.0670319
0.891646 0.0391993 0.069155
0.948207 9.9991E-05 0.0516932
0.998427 9.9991E-05 0.00147284
0.924745 0.00497213 0.0702833
0.697166 0.299406 0.0034277
0.645727 0.277457 0.0768159
0.79839 0.153466 0.0481435
0.714317 0.217399 0.0682838
0.817725 0.158411 0.0238637
0.109729 0.758193 0.132078
0.0456525 0.0789669 0.875381
0.0226899 0.0728047 0.904505
0.00417755 0.0579995 0.937823
0.114172 0.0784619 0.807366
0.0371832 0.116458 0.846358
0.513983 0.332124 0.153893
0.653997 0.302672 0.0433312
0.796797 0.203103 9.9991E-05
0.558095 0.382434 0.0594709
