IBR/IBR_outputs/all.combrep_1/EucDistWater_Total.FireFreq_2000_2008_Total.Silt_Total/EucDistWater_Total.FireFreq_2000_2008_Total.Silt_Total.asc
NCOLS 160 
NROWS 95 
XLLCORNER 210004.651214014 
YLLCORNER 7350008.22228844 
CELLSIZE 4999.99999999997 
NODATA_value -9999 
[rows 42 to 62 of 95, columns 46 to 91 of 160]
24.3073458572679 20.0364529121321 20.541365049635 15.6648383164598 12.4614966992676 13.7428206216384 9.15064472752318 9.36286644632556 14.5065767626464 19.9606245409449 14.7859476569738 17.6030349124191 11.0183885919108 4.76784179035535 7.79649656972743 23.4769495782872 45.7310498041936 39.1652749065408 35.937234837539 36.0516256588666 29.170993564504 16.6538157493262 12.6462746010837 7.70790774426904 19.3684200834335 34.4923140563577 56.6062881354943 19.6588344259414 15.1007878261171 16.439515910648 7.93685845905085 16.9187030012647 12.5344022627622 6.39125869350206 17.8659762490061 15.2850982971527 9.90317934619206 4.7690973090218 7.34954817446359 9.82481086609756 7.29353612641825 18.8607675281892 27.0085305669574 17.3900193479208 9.47787058621723 5.27965722203833
30.5096097130291 28.06030897375 19.9893962625927 11.0717016418117 17.4264742227442 12.2488942357895 15.9714435243193 20.2351813443047 26.869878187198 33.1731342856034 41.0898800543584 62.7202028974707 127.60236433081 24.0889483119298 13.1257056910201 27.746724766618 41.2700736006325 53.7205835000487 26.3050338574132 27.6017451680958 32.7248301525578 29.7430007806465 20.2344343102316 14.6018788732863 22.6502802739043 33.7405462777337 58.7323409364628 39.9610974362569 12.5321060149799 10.2034102434833 9.89880678859009 11.2075780450656 5.68871747273456 5.69112489436607 11.3948243106466 24.2740393775097 19.1346704814369 6.25678564969044 9.47360572231583 4.41192879475994 15.7599012244737 22.0141801346579 24.7973898259785 21.0678382493719 9.71368925594137 6.28965911386175
7.32882018897786 8.55025410090518 8.18388184653526 8.06868342137132 17.5911993525238 24.4336311034602 27.0446922591265 30.8201622998617 51.8611652359792 68.5175708417657 42.5383988677689 32.004503384932 45.5135583601872 92.4390032371487 56.769913975952 34.2955051142836 21.5712844547037 28.0064934946825 34.2134752269759 41.0864270722231 105.746187021298 40.8066842888678 15.0180629991374 10.0124200252326 9.65888584004333 13.4419440318334 33.9341529562137 42.876974547352 27.2017642395955 16.6359083134032 9.31466565753119 10.1950491167609 7.40554616822581 54.3156991565328 14.6741715118874 23.1379609333044 14.732161864452 12.2522509332907 8.34103839144125 7.265329935961 19.9730060696327 14.2447368906279 11.9081891165546 23.295925063179 19.9914659556211 7.23188398754572
11.731192172709 11.1265428499752 6.40522752709073 7.81597982079764 15.8492104007746 19.3942515293551 16.4216991370872 23.7455884443688 63.2442898138663 27.3246897752608 11.7641322178902 15.6051488380242 30.7944656379611 45.2298747249735 65.9767879913201 60.9802948153122 17.7485411744858 22.7995096324272 64.5011589504519 311.288139523423 220.612189269892 126.808374635808 25.4446785308487 21.5170069232984 16.6869010381454 14.7930449184087 19.0362751760966 14.4030051855714 28.9184402810129 32.3694391896006 21.6571397129774 6.17992841802107 11.1628247277922 27.864474320992 22.7793540042232 8.93372409872183 12.730442586285 20.717134751602 10.9686426801057 20.6959094547366 14.1590798088758 9.9050871558347 12.7367469461437 19.0405842833541 18.1457878934466 6.08416562311718
26.0657689140873 23.5887828101215 14.4730892746118 7.27785038348523 5.63567152353115 5.19414764684376 6.13843594753033 12.1453611998053 19.4139415145093 20.0876333257628 12.7238315609067 16.2792876968815 29.2965309645484 38.7852211521883 32.9143933823166 27.9927244940126 26.9899532535225 23.3224661422477 28.9251962183653 50.4717623456192 21.6530883479249 15.4355200767473 13.4611691723517 18.4000169370836 24.1053589660089 26.3664875191943 25.93008708101 14.6775788021096 9.59480989477329 28.0739742416664 18.2213318404916 8.98217072511419 10.8921378608574 26.6939903416398 20.6241441707385 11.7858076008685 12.83609896221 24.312908472216 21.3568974300231 18.7408836824396 7.02223684283083 8.72191888387031 15.4267411836412 6.9827775553337 6.87958880293186 6.41357002188787
22.8476701458316 15.5943397026232 14.7621916793337 19.3635823614282 16.790415221193 9.44656953963875 10.8925760071522 16.2669390449108 8.74991216662874 12.4041717525301 19.240367697169 17.3434842456142 25.2583258244228 28.4627076202296 20.2606090265976 22.6056760897658 31.9246703629802 31.1959803117545 27.1848711555813 15.1424732855021 14.2209369860644 15.320634136092 10.673769587895 7.94668530641334 11.7802431039351 15.9803212075553 21.667605344153 41.9944375362782 162.958439519173 69.6825948014135 20.007551152828 18.4151948276465 20.9844766908948 15.3229357719396 25.1996008109118 38.0559356602768 26.1143663647076 20.8716821826068 17.4677749508878 6.69789095296772 11.618409222489 19.2224795322072 14.7945899537398 5.81797590794829 7.81062692049793 10.6030314845949
15.5544501700628 7.31360291861877 7.95542266997278 19.5145876941881 27.7120677363651 19.5051949014559 7.1360878938542 12.6867859957087 10.7173767918741 6.07019264509939 12.3875509796427 7.77775637027659 19.5285403572075 20.4709653319781 9.60147388315636 12.5775837268952 28.5069644437769 41.6640251684585 35.3944950354847 28.6680269555136 29.6553092684636 28.934632742176 20.291587235503 14.0648502794521 10.4482881443696 12.9229069318502 91.6767709457073 278.519521160276 261.5968032455 169.304735756611 222.067272461159 60.1160701753896 28.2895720005929 22.1640648036094 16.5088528301751 29.3662869500081 22.3171989250202 18.4257541771394 13.8662536364485 12.6430390404942 18.0010472987903 16.3589904057667 11.1052004104554 10.774600520792 14.2743804382042 10.9970728659709
19.936605417318 16.9569906178304 8.29559631421905 15.7887647462884 28.9677099029888 22.6352033178246 7.90838471938782 10.7023928241593 10.0921776895517 8.15307822153076 15.7008906246612 16.5033432386891 21.3176218311989 10.5617507536991 9.99818195596142 19.0219201617114 31.1975143279523 43.9866666703657 44.5635041120592 39.420498826673 39.537968104763 40.3129112684276 32.6414360797605 28.6207677919903 21.2402406676369 21.1821126325106 32.01726396041 29.4340613249176 27.0341628345211 41.4499686985692 103.238440127409 388.870112561849 101.533268537065 22.3859103411322 31.9599072786933 13.4714123624895 16.2590377373228 20.312709510657 25.1027081835981 18.4461271077891 24.1020998260807 23.5762870862024 11.7176505130801 11.3555791194709 10.1605894532018 8.06235013915888
28.4626337227182 24.1605676123527 15.1608381776671 17.0020643828097 26.3023470586034 22.4424253936943 12.3622861110216 6.62637732861961 6.63676103142549 12.2222011223879 6.58423596065666 11.7446433543954 20.6333888077814 14.444841643995 10.5026510769759 20.1790688013984 31.6469577177475 42.8362882958128 38.0157152834513 29.9573259663367 29.1798791592915 35.1426545744504 42.3908338237079 40.7370942443229 34.618865866107 32.3548258206761 36.0386968122775 34.3398453399549 32.7130794088786 37.2296097188725 44.7040393374537 45.1693347631304 87.1484985394263 24.9288316812054 15.9671093063374 21.67841586744 27.5512956014226 30.9527806818126 29.5608497518745 14.4081335966619 25.3651502068442 32.0231729393273 32.8049271412346 17.8971292284836 9.91546227463776 7.7508380759769
20.723188658851 19.5174891593073 12.8429165649791 8.5375003724968 17.8289537018359 11.8847425526765 8.65221777723184 10.3639621736717 6.68258397215985 8.29294224178725 6.99177622110374 12.0772409845511 14.5094074887217 9.13108467958313 12.3572251793981 12.5465434423068 26.6814182312562 37.6231732721133 29.4604454688683 17.1959482770817 14.5781767771824 25.564810545948 38.7499473116005 38.7132592074584 28.6690011066867 25.1178040940222 28.3464746024859 24.2293334559404 23.3732652851576 31.5579702143155 41.4813624677756 33.512642645459 19.0587534104547 26.8101574259061 23.8535702434401 31.1840180774377 38.2239769327534 39.7739548796369 31.9268700484488 25.1251640019092 30.1359794691041 33.3766464052505 22.3793322960633 25.1727397496127 26.3972348250953 10.8624145586482
11.3516789381489 9.61346210949787 12.1469871462948 10.0561014216998 10.9091414651576 8.77100867971198 12.5829814935527 15.9302143349226 8.1177059570694 8.37790832570679 8.3416027291547 6.97727764262274 10.1075067988864 10.0590336500837 12.5129399178045 15.6349681209735 22.3122290513463 26.750260680374 27.5182132926318 14.2284076714711 11.2401319937694 23.9967206628233 37.7589274637164 32.8802769236557 18.9896537718169 10.3226365287249 19.2345646062937 13.2083170074522 11.503720817434 24.6277286348021 38.6434186066316 35.8533615510193 23.3921834818713 54.4970651148066 27.7047264940292 37.2626758062315 31.8775034766571 29.3500005703027 36.4435232134919 40.9614553088039 39.4243587143491 25.7526525161654 11.8032010935636 12.7984876790137 14.336401018368 15.8236796510194
11.7797777541514 11.1391838835455 19.6444452202668 13.4443905589379 7.09594315696352 8.05540735241632 8.54217362331553 9.09655968363644 6.62417175740384 9.74346983719409 5.7721691231862 11.9869069631937 18.1331858370288 18.8101101444978 25.085461048631 18.7678072931973 9.588359564228 18.8454829990212 30.4888348064981 25.5349578878679 24.3498938670266 31.9608716564687 42.0809229353425 34.1575749309493 21.0487432045718 13.2103036381485 9.9965560605191 14.2416678713551 15.9984279367641 26.8310307551104 40.2678031003044 44.675162207535 37.0343082187537 48.6163929775541 125.847792416471 68.2613766559859 41.782722618923 20.6577006301156 37.8538873575512 46.5210133596515 47.5462440545224 28.0705267105663 20.3425703691813 21.0258956237333 24.5566346350152 19.3254199323087
12.4781860902621 7.88237372281958 16.4718948690284 23.9717926046108 16.5886031699271 10.9208208285495 12.9023781071992 5.6121694003462 9.30917195394714 11.6684772413449 11.5657297194141 9.4580732857398 22.9580612250336 32.5469048981466 33.5091284559779 22.5388235511769 17.3348389296693 23.1584384716944 35.2854335940455 39.4440285184286 38.6165885434244 43.4624222265582 50.0910803534701 41.0755664924876 31.4100544432748 21.0351883432265 12.5451091724162 15.7808308901345 16.4280674337297 25.8755914555627 38.9576691477743 50.7953888943509 49.5825204347116 46.7885263759403 44.7023072908636 52.4844046343325 28.6222938114026 44.0144451326438 206.985295867632 344.730940542695 347.10306676298 156.829292172473 105.235414544896 19.6188622573197 30.1769033072139 31.8775703435024
17.2723847029885 21.9644537147689 23.5104220552571 29.8438661554649 16.9611762980136 8.56359954327999 14.6782545375521 5.22851454866378 10.0364572591958 19.390415906354 11.2378776525114 14.1900481505578 26.8631662045128 29.7738140528438 23.7795114429288 23.0421301185844 26.7561765191134 34.0303122551215 43.1845496941413 46.0816128429936 44.7385469608445 45.8794887621548 45.9569751267023 46.2379600697773 40.831423528399 31.5774325014818 25.4869928535682 14.1903735893378 9.87636334289902 22.7012430307133 37.244322916452 51.2763963784591 62.6954344667489 60.2930409954558 51.6969387198439 39.7290326943674 28.5944670266347 27.9324353490181 31.7030772127099 32.5180974503555 39.2535990442939 73.3792785541423 48.8873472551185 49.8943192724882 85.5851830547893 28.4067948516177
27.6721788685411 31.0978481853543 34.2061100589899 35.049411184777 24.5610820085415 20.5989795837073 21.4993063896617 10.6233740147547 8.18397422964116 17.2303942126342 14.6203570999016 16.6499200505943 21.7864981939494 21.347628879711 9.98886761291915 9.17786023933838 17.1961847403224 31.9791817280305 41.5677394929677 35.1444130044147 31.3279255418084 31.36166125084 31.727714770784 33.0071016244766 37.2212696631424 41.6337250337868 34.4072630313989 24.094813822107 21.8881499168433 29.6369861160928 41.6211970978157 54.1924096817349 65.3366317570483 59.4370642645545 47.7260613492766 37.6515613877409 31.5139397724226 30.4539685260847 23.2266587909524 18.1368595316587 27.1268944504409 50.2954094374662 67.2983524416152 37.0211976207583 93.1641037659531 135.402893991696
28.3628294652193 22.680145389818 26.7870822038331 35.9520286386795 33.2046005568808 29.3674072997821 27.916273260671 21.4993216689494 13.9667657159762 20.9131766369757 27.2078204922133 19.1115697029524 8.73715366936279 16.1424718558159 15.3453808172267 12.2166667249337 19.2165146987852 31.7222767451632 32.9978186256893 23.0794778711492 15.9807934914486 16.1718702907714 15.94778372369 18.2893673524535 26.6479099621557 34.5431400921712 42.554543853905 42.2699483061323 54.9649042753228 52.4078867749222 91.6665585312426 70.2185837200221 65.8864179755034 53.6301562705717 40.2718175305571 27.1359339196596 17.3271431566675 18.8230506767819 13.4975445613429 7.67695531948253 24.1618600987465 36.1272824640009 39.3234324720372 52.1894907420986 38.8966586398108 20.5352618203734
20.2875072981993 9.14693799726038 16.9186648354268 30.6844589851758 24.6355003249451 15.9352703550865 16.7759945903354 19.3724349274539 22.1210504209089 24.6172284739026 24.7399465958689 15.3235293072322 5.80375822287772 17.9692273142176 24.9800166102762 26.1756312543958 29.2348725980733 33.9581967884682 18.9246025856055 18.3054574835742 8.54443927803013 9.52520222068129 20.2294776836446 11.3211657713256 19.0868374394129 48.0652885378548 45.3260226497262 36.3374156613963 173.507056157063 51.4807204434625 53.6858508738893 74.8973983924358 67.9093528047472 52.0854876614534 37.9029692991926 23.3535589104754 9.67465707182471 12.7635873924455 13.139884015524 5.21289272681531 17.6098908289682 26.8667728191775 31.1766229472371 32.9048272926315 27.215311797154 27.5263003488768
22.661969368568 13.9060386230023 19.7124268949058 23.8533588343392 15.8468215360361 5.60948095183058 4.90856096259675 6.81812212915291 9.2890058523041 11.9037373986441 10.507803588061 9.16814556586391 13.0194785925582 17.38412435485 13.9466966609719 23.6907801645774 29.4992125974454 15.809926288789 8.23179169623172 19.3131781193657 20.6472400469845 20.4446526014951 19.6430598326516 17.7096780162772 10.5340411633315 20.4423855359503 82.8753226584875 52.9219896947613 126.939169121522 61.1730832240801 48.6647571552464 93.6661777049881 66.5600870072998 54.4709371344297 41.7097436764453 28.0393488240845 15.8444158074702 13.3867316123855 7.91837890158285 7.99305589157639 14.3494897784799 12.3091606848525 15.9262948316873 19.3886780501919 13.7588855469045 19.2058015270704
26.0968818592695 24.949451216989 25.7140612801425 14.1685440979291 6.50640992035874 6.31339378521227 10.8022577098886 11.1766269829915 5.73059506300394 5.71166444660983 7.49776712285506 11.2707361200464 20.037138190158 16.2554419798799 10.3970271456253 22.3214781779575 31.4960360807223 22.7310187288297 18.4859985107068 26.6248979558695 35.3492790799394 34.6783349837738 29.8852539241425 21.2397062469322 12.6075190727587 29.607323893629 22.2275435331515 12.3960249628455 20.976027431858 35.3012322935252 48.7228103377002 116.440912151852 58.1195714455641 54.8236530396179 42.8407688650154 29.207571924141 15.1074192443094 7.17361436955372 7.92139728195678 7.9106759991497 9.18490840597156 6.9169771067067 10.0236992023045 17.2125681966017 9.40020762335455 8.84425864574282
12.7269697921918 14.9012814663336 17.985556795278 12.279966383158 5.89104556538025 15.0032051398894 21.0723741492121 23.2608973138184 13.7471478016334 14.1166267565225 21.1748027794895 26.3492020830565 31.1756014567653 26.7978007364994 23.8034430563412 30.7943640283509 39.5707648499605 36.769231346889 33.5650737514908 37.9255228033789 44.0105735772225 35.7722109687772 23.1083740093891 16.0121891271835 18.7188530825994 23.531681738486 27.5156948078899 25.6604122446077 31.622717917337 39.7104869879401 48.5647544264964 58.2124067572759 46.4409817898006 46.6596210056747 45.7195673496699 35.1361048555478 24.6727394483104 21.7073677786406 21.657498829096 20.7967076147867 12.384250039696 13.6693374179709 19.9341092610471 16.6058648447343 14.0491173351982 5.77094626755776
7.30186114076564 6.33107934993114 6.21228258837067 9.21846821457665 4.61778115864941 13.4476958156717 27.6553558239331 24.9791364357707 11.3836414436642 11.3969692834177 25.3631862785136 37.8124368844043 43.7382623595436 40.5631270624996 38.4384048999766 42.5181697239183 50.0525729123913 49.7226105635393 48.4820140581249 51.500903971394 46.2218465006634 32.3871785497409 18.8750969110599 9.74950744471833 21.1505863925414 30.2008041904962 34.8077535249992 36.2135581621169 40.4249791689133 40.6407853267007 36.6164268636387 33.2838842648479 32.0892662543187 34.5102322694362 44.2218680883916 44.821905767033 37.5772379630622 34.9533445282188 36.6843514687757 33.7602186004416 26.5388822345349 27.4129032345569 22.1278591228806 8.14177085301334 5.48526293650123 5.00328916162431
