IBR/IBR_outputs/all.combrep_1/EucDistWater_Total.FireFreq_2000_2008_Total.Silt_Total/EucDistWater_Total.FireFreq_2000_2008_Total.Silt_Total.asc
NCOLS 160 
NROWS 95 
XLLCORNER 210004.651214014 
YLLCORNER 7350008.22228844 
CELLSIZE 4999.99999999997 
NODATA_value -9999 
[rows 63 to 83 of 95, columns 0 to 45 of 160]
-9999 -9999 -9999 -9999 -9999 34.0948943116221 43.3038918250261 54.5508207091721 60.0743472354417 47.9269086102902 33.9731838428382 20.0074073561422 10.1124959281441 16.6580913059567 31.8682291635966 78.7908967413878 315.696923135323 230.585150301887 364.66654203347 465.548746400767 200.023988068607 24.90810760984 6.71666847784808 16.5238259119509 20.4163345741773 22.9079435360433 24.2247953874552 14.1421128883004 10.0788890882568 16.6003439083246 12.0745883895711 16.1938547837128 26.6750498451938 24.1040268187291 18.163278470816 11.8776427418456 8.92819610423333 11.6016813360333 18.2336467162016 20.7209821820732 20.2462275604594 15.2122506596602 10.169894600617 12.7427342466712 18.3933219135383 12.6937288912602
-9999 -9999 -9999 -9999 -9999 22.7531392237468 35.5501905693267 48.99492833441 59.8969148110625 52.1644346018073 40.0605458224916 29.660171068476 24.3156564579567 27.0591020498659 28.9589688064369 28.2700941517502 35.3617024614688 51.1214679229756 105.073308240081 88.7684647223093 37.5844896975395 24.9970856011864 21.3870316660799 14.3289244042382 6.51956019436804 11.0387584085591 19.3833405880873 8.55618265116826 5.67022951372249 14.0040267973976 14.6959077847217 17.8656247558144 18.2688256926768 13.5408061463295 10.0666859775051 5.34134795324896 3.94546132095051 5.03224692154319 14.6274274667727 28.8634331869026 33.498825946974 28.8875782107935 25.6345357756363 26.2957508101442 23.1146610145787 12.5988751179585
-9999 -9999 -9999 -9999 -9999 18.6243579902025 33.2803892863748 47.4894486793657 60.7994306385619 59.6294536655094 49.8711090935939 42.4340262186317 37.9391413539848 29.5699073583816 17.3426173540935 13.6141037175948 23.17942988113 36.175032639551 49.656137385401 54.3230730550915 44.7919007998967 37.0424822990614 29.9064073409203 18.587446345614 13.4269166430205 15.8343192521549 24.7875834752315 19.6942276936996 14.1690950436884 5.9102543340759 6.68478049122618 9.1640173995959 5.80672245417902 5.02759940399631 7.99485435245336 10.8369286537587 7.32388991199341 3.69475055218258 10.0985661426114 21.2665989612052 31.2897467203571 33.4915642282335 24.7146605743064 20.6315304115228 12.8064596168714 17.7623024144465
-9999 -9999 -9999 -9999 -9999 24.7309566559109 37.1611816831688 50.2876460874175 63.282638158925 68.5117997373197 60.8293404681442 51.4682074055954 38.9722194854753 25.1785884676368 11.3465743876917 5.91112626050582 19.5016888791596 34.1097163077658 48.1939452423328 59.5826132773749 53.8496995667378 41.7114046230019 27.9354372215437 15.2148181675219 12.837921340719 22.9977582293684 30.6772718431487 31.7841464304096 20.5639974796729 7.08864180769148 3.59213731975452 3.35877620474706 8.44033156269338 14.6902377872828 21.5288188245008 24.0790544056466 15.938393493404 10.5403070268068 4.16587164798723 9.36994567766729 21.3795851036098 25.0059523577923 14.0829691511089 12.8954594666448 10.3425173730093 15.1393227920877
-9999 -9999 -9999 -9999 -9999 36.1645929280837 45.258620077353 56.33798722236 68.0308458410541 75.3644685677315 65.0157195573846 51.5195926614793 37.4204293204814 22.7637469104809 8.06053842592581 7.39461792005333 19.8218804369893 32.3358567026705 44.8301899093946 57.42174144183 55.1400348801187 41.3700019636151 27.3453189397133 13.6950430906966 10.5101134528541 13.9779070159712 20.7064945705622 32.0014497709027 26.4142264216464 15.7545437066459 9.11574627841968 5.28296674101695 10.8421918557247 10.4076032384796 23.7289426842874 33.969927659359 29.7192512819583 21.9031053038999 12.722095546583 5.0111536520621 10.7854616104869 15.6854784198518 15.3097297366209 13.880381043796 9.13083395594614 16.0258652118269
-9999 -9999 -9999 -9999 -9999 49.1358915454516 55.8007343404305 64.7133604509253 74.8000392213094 78.5693689566451 66.7419854805089 53.6572381429295 40.329807733395 26.9865813140352 14.0687308839422 4.73697485214671 12.2040899956875 26.4169928790644 40.5519181623496 54.1010516795196 58.0526334968795 46.3147076209413 34.4865793591137 25.3582060769221 17.5648575160453 7.75449269577398 16.582483816152 25.0442374503023 22.3978227433615 12.2182207568469 12.2096015709095 5.07198558500993 10.6826034608566 15.0505515155698 25.9501433636809 39.016569661113 41.8169784557751 33.6295463677557 24.3090617443577 12.2019293735894 4.10639468724915 8.06701440412236 15.3854025201262 18.2088459784978 16.6331205770964 16.3309676046169
-9999 -9999 -9999 -9999 -9999 62.2615097750686 67.34243797375 74.5280161204673 83.0321319290487 82.5249336107548 70.777022515645 58.7922657386446 46.7010639902895 34.9016531075988 23.3857561168327 12.0499829536037 10.2823890830305 22.6791179211301 36.6520865021882 50.5358740074812 59.2961146890739 48.4828822675981 35.3062242448343 22.6160617977314 15.522070545235 13.9667460087601 12.2280644553373 12.2479172544815 13.6461531662427 10.776651952755 10.8231562661788 4.29309015795272 5.84901751236155 18.4976406746499 28.3302125383285 32.8417883860102 37.5648850472813 40.4713319085204 31.7579575130421 18.6457577484152 8.34921650577607 10.8708990700479 8.72478348203337 11.4047660413915 14.2464483449914 5.90227282891863
-9999 -9999 -9999 -9999 -9999 75.1526338226185 79.1603409125868 84.9546028432572 91.2595273442894 87.6754022738567 76.4544446056923 64.4935219440299 51.7698237887188 38.0958925213572 23.6618654877493 9.20351428339331 7.70370959241709 21.7593608716515 36.2670595569261 50.0671342454753 57.422128699965 46.4875250633306 32.4423568156756 17.4716217037712 7.24718036638622 12.6124263990745 10.2262155369805 11.831160390464 14.1304934494447 22.4916180635366 14.3697949258196 4.47753719394192 5.51789675783439 12.5445573349006 14.7972041298616 18.1686883995817 23.7014960587641 30.4715626935639 35.9559469155631 29.462597547521 20.9483480443241 17.1757198298126 6.57731478523396 10.616971029527 19.4093759077442 16.8040732827671
-9999 -9999 -9999 -9999 -9999 84.2906821321045 83.8828864097652 84.1352392068498 85.7350476597857 87.4872835245013 78.9669006951576 66.1127304891358 52.7061496456634 38.7321014565224 24.1952970957123 9.22064656140142 7.26534526233416 21.425206480345 35.459246474881 44.6602951857921 48.6007980216934 45.8725971035704 34.6264141581842 24.3097733073893 18.6932925488338 23.0829616605369 24.1753086307271 25.1844459673748 25.2958940963655 27.150796974118 15.1805483822033 4.89384285525373 7.14961147796822 8.39569670177333 6.8265983985177 6.21076851328338 9.79476058415041 19.2806371197721 27.5750541481483 33.0321992364052 33.1744559958677 22.6100093934981 11.2150263658485 6.54594598770732 18.871833706949 21.6902716288687
-9999 -9999 -9999 -9999 -9999 75.271067894855 72.0378843592597 71.3146379490958 73.1942766963493 77.424474676993 78.9978522097215 68.1373863847458 55.0554794185215 41.5867080875728 27.8038525721926 13.6496296912183 4.59177547688499 15.9228508909946 27.666970235063 30.7040701017465 35.6945874821108 37.1810263399775 26.3763138330986 20.3987638486649 24.4237719258668 33.3480618675483 36.1585733452244 27.4120773644741 19.0037615703897 20.8258787262255 15.4717921411347 4.99876666004552 13.7386372089413 16.8011344828753 18.7264769000519 14.5244718444748 10.2530442171822 13.1123573980783 13.3643664514609 23.4186887800299 27.8067682287262 25.4766307841115 15.5441962991457 5.47470171861852 13.1104370038333 15.0670376463808
-9999 -9999 -9999 -9999 -9999 62.952641771254 58.7814690463026 57.8314965518465 60.2863318192117 65.6108500415329 72.3087572707514 71.1963470230298 58.9841729095909 45.807323004263 32.2330621242251 19.0142659773808 6.87960172319347 8.94386141179651 15.6031244549605 15.8364686552183 24.5233907451715 31.2005130738954 18.5305109496245 7.90346818396555 17.1701591871936 31.3042607951285 35.8274652899747 21.9910417777776 8.62180058840551 13.3629242108049 14.6481769232031 5.45608051027528 14.8946041070368 9.11030235925347 16.291234570378 17.0938200779537 8.71070341037675 8.43035998670227 4.97707177980596 12.4708282991843 14.4757246334727 13.1677491139262 13.7447992223087 4.62687977340961 13.528394873298 20.4503602773991
-9999 -9999 -9999 -9999 -9999 50.7560996411176 45.1142756404349 43.7833969302035 47.1841462743823 53.7753615442879 62.1335418047269 70.1228291163816 63.3532404805576 51.337659016301 39.5216229975447 27.4135024831261 16.0705981385099 6.03994204317988 6.21693732108188 7.74252469695421 19.9445238347908 28.4435887410994 22.1151262548047 14.9164796448333 21.2644525045874 33.7466474271601 38.6764909706238 26.6360143189212 17.7886913102505 19.8584697734075 16.0445379246347 5.59498210919613 16.2620644575893 13.4832922308442 17.6022001756771 13.2846450944576 4.82796808366322 6.46201243432689 4.33223595776257 6.58080622245413 12.7696070616997 10.3493525052022 11.944526787952 4.63359847377456 10.490346390204 15.4359650761953
-9999 -9999 -9999 -9999 -9999 39.4472670391464 31.3139875329271 29.2195079090157 34.1425885442885 42.5092957156022 53.0967382591661 62.2560495214126 62.2736623223552 57.9638273908518 47.6354407894213 36.5371834173371 23.8668050078819 10.8151654528861 4.74878649421671 12.7893216089002 14.4954445914699 16.8925782207368 21.9463941477516 26.5766193141832 32.8328731945958 41.8870218905127 45.0825074599411 33.8396787355106 24.0199287765064 19.7385973268099 16.2005990376074 10.7033186374127 20.3905090616175 20.661759916595 20.5537214635706 15.5756022736631 8.21665944400706 6.74599346441955 5.2188197405209 7.84154216467127 14.7098454078741 14.5753184587755 17.8061884516184 11.7356163259586 4.79535937727575 9.22729249974064
-9999 -9999 -9999 -9999 -9999 30.8991275012392 18.6551597375266 14.4820387036595 21.8031209001983 33.542176305865 46.45052828317 50.3860745293034 49.0293065043365 51.6688400690211 51.8056979988955 43.4255893457986 31.7756074832736 19.5998142756691 7.31552507411438 4.70273826838386 6.43622118645278 7.09295304037823 9.80870541654226 23.3342205317901 37.6815507982576 49.8618710581552 44.7412958690809 30.496124462626 16.1127217309744 7.39655698051918 16.1995524177407 15.9834317644678 20.3561263119642 10.6674126066687 9.05892386951923 6.62427433257451 6.13194519085152 5.2292861627832 10.8182592172695 12.1875066212481 7.98997852961353 6.06737028075628 10.9445475695015 9.91557372326544 9.41183155138303 5.37799816801668
-9999 -9999 -9999 -9999 -9999 28.5743004765892 14.2302047074357 5.78378750177995 15.3476414743327 30.0006905754131 40.9633443758863 36.7784224592426 34.6132076581729 38.1793798357299 39.9394344207616 43.420196436652 39.783482236012 27.5833430948766 14.2929121315061 4.55205464631238 12.2226273283363 14.2897486610386 14.9945561600004 25.7756155324001 37.1071634340493 43.5273341611693 41.9295383485459 28.6961438328794 16.0517535718628 12.0031451995866 15.428819825214 5.88001446902186 14.4366975425889 13.5355335308723 14.0839263649064 14.3188855849774 9.72970883258392 4.32898021864583 6.19753479674616 18.0130508173035 18.236754263773 16.7710811066633 15.2704256177619 7.40026549078598 16.5346337092482 11.6915290130768
-9999 -9999 -9999 -9999 -9999 31.0674179792044 21.1577786301299 16.2836836624898 22.1227059541709 33.6992687533677 34.1768924998156 23.592018239197 19.7920848739274 24.6180212542394 25.3521890915733 31.9841065531463 41.1116466836862 34.1204480569515 20.8935456737767 8.77777237536072 8.54520830837835 16.4172165808848 23.292760028643 24.9801323827116 25.5925689027962 30.2799401007029 32.678079712186 24.8574474386051 11.9833288841399 9.9971357102415 19.2971102599977 9.24572316460624 7.4953537248069 20.2682343717085 17.1388969876014 9.42808931998957 6.48034399685729 4.34836535266581 6.32130151191005 17.0998334387065 26.7271997861204 27.6731863890244 19.1843965283356 7.84146637771025 16.7472870278884 19.7290263746686
-9999 -9999 -9999 -9999 -9999 23.228887473826 13.2213636154115 10.595749771242 23.0350602707993 33.3962521549678 27.2190208504232 14.7833910626002 7.50789420563675 12.6374679474844 11.3821089419967 23.0862238698953 37.052481183233 40.8038245277164 30.1807348481199 20.0562449964296 8.63323825348312 5.62183677221352 10.6411455270132 9.91436793519364 10.6192534576004 16.619817617897 19.644694038804 13.7692399276192 12.0666112804095 11.6635924378241 22.0560012959776 15.1431542944485 5.13724010500363 13.4642317405404 13.4180860559519 8.78246472947647 14.5053492932291 9.94270680842607 4.88251997911039 15.9944557275966 15.8570528379277 16.8291502834193 22.5648008424081 18.3805825851718 15.5222788597558 14.7064854721116
-9999 -9999 -9999 -9999 -9999 -9999 9.17903085247207 12.3851206801083 20.7741244016193 21.1576358442967 15.6420207589517 7.86095365185466 5.16461603710029 8.67728741285963 11.1992892861636 23.0539575156047 37.0448231989144 46.8408294545269 40.428148108278 29.2842638761232 18.4429172594017 8.78743653143681 5.67197285476497 7.35751968830266 4.97139135936938 6.4049155852486 12.3759037196255 5.30258627580147 5.45197903866747 10.1002056114656 19.2067954132729 15.3799474175505 7.03300646983565 7.1820858468244 8.07056290393644 6.99587874845313 13.7955060656909 6.81488983003649 10.0067564195543 18.0258858561643 6.969633822124 9.77267793193232 23.4276987767638 25.6246799208057 12.7957006396195 6.40653410178674
-9999 -9999 -9999 -9999 -9999 -9999 -9999 17.1356460310294 9.43876986390342 7.34429054624898 6.75815528326144 5.05651562063279 5.51936174740635 6.32483407066449 17.0585323952 29.7355878008589 35.815554068926 38.7445131809368 43.8731413122482 39.3858775681506 29.9666464136226 22.2501227052303 20.4969488407887 18.8251062132974 7.03355487331914 6.43273666733931 13.1332585338536 12.9981561116907 5.98516995315421 6.12851848413358 12.1517327208559 20.0461047977938 9.43769698958936 6.86404310136959 13.6417448153436 11.5012529024497 17.693671059912 11.5089405513984 10.1310788615483 19.0957973928972 12.1034075373187 9.91765642802264 22.2882793315024 18.1717043733873 11.7325900591869 14.7659836044992
-9999 -9999 -9999 -9999 -9999 -9999 -9999 -9999 5.68921414687749 10.9622193686428 14.3482870187004 12.5213745080494 6.83592001074766 9.47446759190547 19.0175741915542 26.8100787783037 22.0456572018557 25.3071073932923 35.2108384788479 45.1310658467008 41.8567960725304 36.8800858133322 35.3735237184817 27.3250537162554 16.6474678061452 6.7061761505147 4.2260680598485 9.18819033544847 4.06896891818678 10.136254554257 19.5750657452809 21.3172208875005 7.70041464032883 8.23497167856767 14.5858360602721 9.94727569519844 19.4992202346935 15.5584787494805 9.56559104047514 11.7641582634907 21.26036125973 20.808055791018 17.3465736490952 7.47707585397045 7.03871654012164 8.08084488750452
-9999 -9999 -9999 -9999 -9999 -9999 -9999 -9999 -9999 22.9265840576962 27.3574942794141 21.2484162208563 12.181259814473 7.46889804253758 18.846899468187 20.0708219100803 8.49175605767411 14.4519239629161 27.5030179173585 40.6542092387417 50.8116282078509 50.5524784306129 47.7688541514427 37.4949790631155 26.2649405121246 13.7109681883328 6.98599807152277 4.2104173397237 5.12988336495084 11.4030351548005 24.6172700506182 27.1586846013463 14.8108477481646 8.24084315725835 16.3218102402779 16.7310695732154 15.4739859664827 9.37839824007465 9.1815242223239 11.4194465440218 19.677041555163 20.756560447111 8.26129700246103 6.11472483680031 9.33163123178394 6.46460880315764
