IBR/IBR_outputs/all.combrep_1/EucDistWater_Total.FireFreq_2000_2008_Total.Silt_Total/EucDistWater_Total.FireFreq_2000_2008_Total.Silt_Total.asc
NCOLS 160 
NROWS 95 
XLLCORNER 210004.651214014 
YLLCORNER 7350008.22228844 
CELLSIZE 4999.99999999997 
NODATA_value -9999 
[rows 42 to 62 of 95, columns 0 to 45 of 160]
-9999 -9999 -9999 -9999 -9999 -9999 -9999 -9999 -9999 -9999 -9999 -9999 -9999 -9999 -9999 -9999 -9999 -9999 -9999 -9999 -9999 2.85326359569494 9.64646917785182 17.5256449409588 6.94902539267959 8.19749317206383 17.0341930681031 11.7217071462187 16.5906187871429 29.8398198621567 43.7446538363501 49.8169350891722 45.3643220657668 42.5656639736266 19.3056143097876 13.3595498991977 23.118065623406 25.6851873907905 21.3170937373511 27.1156063378235 30.3209297986239 30.4111154146378 21.4427478932367 18.4589858621234 19.3347087950842 11.6625131540619
-9999 -9999 -9999 -9999 -9999 -9999 -9999 -9999 -9999 -9999 -9999 -9999 -9999 -9999 -9999 -9999 -9999 -9999 5.57402067102504 6.26764895479294 15.2229327692011 9.02704224072759 14.3206454739448 23.1816779200853 14.2077406711693 11.9191876282917 23.7649486606913 26.1148809612697 28.5826521275611 37.6778004066829 46.3703982897685 48.1236169942668 45.3775219672834 29.9876659952476 15.3597670102391 10.240258353071 11.91272640248 17.3051265366608 9.78937542565419 18.2530526530046 30.3123668158904 31.5586938740476 27.3347772418679 21.6370258808378 19.1542290064422 18.0823156635904
-9999 -9999 -9999 -9999 -9999 -9999 -9999 -9999 -9999 -9999 -9999 -9999 -9999 -9999 -9999 1.44413097011261 3.24027030899953 4.45063183627964 10.5591566465947 5.09610616661878 14.8025641430849 22.5517746182972 26.3596026079781 33.6418078960104 27.7546287615778 25.9337539108691 32.6846889765449 37.2895703268551 38.0561870274934 43.3993465270764 37.2139450504798 34.1295977546504 46.0260917050381 35.0331962110649 26.0239627970275 17.9167355047187 6.34215436066937 17.9064643540756 13.0167365960947 19.9707353169058 20.1129609043317 17.5167963400941 15.9986503458093 8.10797485136738 7.51217277551135 5.41921917982034
-9999 -9999 -9999 -9999 -9999 -9999 -9999 -9999 -9999 -9999 -9999 -9999 -9999 18.1364713486516 7.46790343130104 4.47805433380427 9.31817227252805 8.91043822629178 17.3897016306815 17.7070573453712 23.4210441159249 33.5514231212769 39.7500242360842 44.3517324151457 51.8890962463073 45.4877666719959 34.8151715481784 27.6991173004326 26.5922493771728 30.41226838017 25.5271903454253 18.7316726653793 24.3347588333354 35.2138263865643 36.5932952288291 24.1451139681206 13.0853359894297 9.26991204740045 11.8073993782673 12.598645500241 7.65879704800326 5.7279304520639 5.37197183371174 9.07779506701407 15.560636533643 15.1487174215518
-9999 -9999 -9999 -9999 -9999 -9999 -9999 -9999 -9999 -9999 -9999 -9999 37.4936781917389 27.3709812748349 15.2403675352361 5.20629166373585 10.9327305434107 19.7402837625838 21.0813589072329 13.2210627082919 19.061976072325 31.9396305493594 44.9369851445887 42.0436860127423 38.9479216286145 32.1821163725809 24.3624319770751 15.1663854843078 13.212081349718 20.8343481290668 13.6175450910873 9.02425181361887 16.6588109417725 30.6757878719809 37.7846585871305 30.6303117988497 23.100972529213 14.8297855932072 5.59003317179581 4.79222665306437 9.48560347140951 10.6631598906821 14.5186887088422 19.2014608241717 28.5907615249533 28.6541908468147
-9999 -9999 -9999 -9999 -9999 -9999 -9999 -9999 -9999 -9999 8.21340477456548 18.8165335436003 30.863946143109 29.4115646647863 22.5858610025256 9.63685672805954 7.39792177094539 19.7357056408061 19.176420741197 8.28926639517062 16.0177878014004 30.3257832473943 43.2555715386005 36.2533431038139 22.7054093321598 15.0213199746944 13.5436133103907 14.0148424970791 11.400755093049 17.6508840841985 7.10205181719932 9.60609248353679 15.1535311182452 28.353452308865 25.968620999607 21.909080176261 24.3648912157279 17.2747258472127 8.29092992471614 6.64876302219499 16.5763083909704 9.99411043807913 18.7807966107295 30.4961090709044 28.3882903392617 24.3685035985985
-9999 -9999 -9999 -9999 -9999 -9999 -9999 -9999 -9999 7.9922350178643 4.99889289614093 17.9475828555857 20.289384662134 15.4399147618081 19.169259001532 14.8477702892911 19.0831746702597 23.1547388003219 13.6267650570082 16.8118113485227 25.1602027741949 35.954008273012 45.8724396332791 36.9328333452827 23.4518272459065 11.6304137205005 7.39949188974431 18.3808536153896 24.0683393389281 20.3492620372177 11.6005588532809 17.7317344280408 24.8395269195216 29.2506289388064 16.7250636772532 8.38956443844801 16.8201046398947 8.59740512464033 10.3093451682358 12.4437721307559 23.2685505774987 23.8006246397592 25.4398430153364 24.065218391513 18.3579593250351 10.0249055502216
-9999 -9999 -9999 -9999 -9999 -9999 -9999 -9999 -9999 5.58199528767603 9.5302164357068 21.6149405446289 14.0147443526233 5.49609405170731 14.5709062772348 21.007213658085 52.2002554731847 34.5330558458669 8.77363864613242 14.6221595447006 29.2881625956012 43.0185521377781 45.6578516129969 33.5164892799273 22.7619510339329 16.7388915220059 14.0078097965199 12.3672091995079 21.8044047868473 24.5537236777164 17.8407497138564 22.1922398706633 32.8608159035863 31.4029499366311 16.7419483623101 7.07838816351134 16.7676701371547 10.1540184824546 10.0164921585927 23.2164888214891 30.9169517852819 24.6133434059592 15.7019882143825 13.2644017038269 9.00839348102622 12.5836644438111
-9999 -9999 -9999 -9999 -9999 -9999 -9999 -9999 11.0429435244811 6.64351631156038 14.936245937848 26.5025284883304 21.2095886597404 16.6032892707249 22.5641173136741 135.076327312964 230.303632392204 45.0385045862768 26.4737224278472 22.7910140251356 33.7726295670842 46.2845138286569 42.8234686497643 28.4556856421383 13.9845694713866 7.51815748573029 11.8532711277769 8.94080247154097 11.1019110854855 17.7875548872801 7.93715328277408 15.4451250008313 28.3656387629239 31.5429068592722 21.9146553402348 15.5515451907429 19.9539157978147 10.2271422244583 7.57198992788205 16.8509421525773 24.355475088056 17.1196609289154 8.35414788206095 12.0505013465196 8.17307160210662 18.4475531551393
-9999 -9999 -9999 -9999 -9999 -9999 -9999 -9999 25.9351581208855 19.8982537269763 25.1261181521693 29.5424970344091 17.8078455947711 11.1837777851946 25.4728574940246 239.823669588191 224.085761326 22.3192642586414 34.0128126869888 32.644502337788 42.7219062951118 52.1276994967561 44.5892143930473 31.2214466318226 18.5453817861617 9.36202727560474 16.3492380870168 11.5646625774285 6.44069941542369 16.7832808236095 16.8248910595878 17.2065117392472 16.6657379884307 23.7301015204702 31.5600039410321 30.2190094169678 24.0440177627863 10.386594159677 7.33436090699437 7.70472339628741 16.8305955719823 8.20081442926104 13.2038611593981 12.362155254698 6.63669690290984 16.7948123548403
-9999 -9999 -9999 -9999 -9999 -9999 -9999 45.2126083205437 37.9392931799823 34.7595048159109 37.2778610648852 30.8465853064157 17.1492786945097 12.9240927997896 18.1838028244199 29.6772377778933 179.400410353805 39.9258251017968 25.715711706119 33.678134695529 41.3343922338232 51.7910948607158 50.5945445622059 39.3083296861222 28.8617228118712 23.5088870957711 26.4880364701858 22.2897246734411 17.868624361152 24.1204401044364 27.017940226238 13.9069495605285 6.60571058564841 18.8326752567025 33.9821737509632 41.7685841172999 30.0510201694023 22.4178073061181 19.6451209287757 15.1010329866241 20.7530646355974 16.3617421171448 12.8935257415496 8.07187192341092 7.14453583218243 10.0385001179524
-9999 -9999 -9999 -9999 -9999 -9999 62.3194544804032 57.2995029209151 51.3254111678975 49.1708772987778 47.9039664408296 37.586400427056 28.9161282873734 28.3695198115896 26.471150604845 23.1782994052345 81.8273606292138 86.3652487560521 22.4204784481232 27.7140083290073 32.0661796474665 43.9585484821223 53.544546518808 47.3547112535145 39.7563328186981 36.5999587681786 38.6274695658538 35.5152031291265 32.7340300898883 32.7791991916152 28.0858789333516 19.9849909307374 16.2123918486573 21.7961878805272 32.4219681281287 35.6132131954423 35.0775079699604 34.5032511730228 33.0256821318777 30.0282176644533 28.0367760780544 15.1330150752756 7.76355356203652 10.3162366509962 7.26926933754993 9.41602779029601
-9999 -9999 -9999 -9999 -9999 -9999 74.3924938254604 68.9915375584817 64.5993914961595 62.8539899283436 57.157234581085 49.4996476540395 38.1883441598196 28.8457268278754 16.985965065839 13.9360094418284 29.0658248543897 62.4891974187287 17.7444485582118 58.0450294463622 25.5323077749734 37.0181459631284 47.8471341005532 40.8311694553378 32.2403511058546 29.1917536532926 33.6339842376097 41.8672388832414 39.9462359670729 27.112908199616 16.3447038533813 16.4938247825244 12.3355344833409 12.8343280310151 23.5116675866472 20.8464680466661 22.6729954570328 29.5469816189777 38.9809624289928 42.5286993648045 31.5457922817321 17.6475301305564 6.83226875297397 5.68378601092491 7.34149043226812 4.73774860386735
-9999 -9999 -9999 -9999 -9999 92.3322012739857 86.9038953130649 80.9877498873255 77.5091330455885 74.0866673459543 63.4979929581034 53.3814363245677 45.7541910171404 41.7008823000641 16.7315248142148 10.1455356909485 39.9119194324226 47.914119443082 39.7525889847792 45.5671837565885 19.3920628083872 32.791425467957 42.4972435710687 32.7598067289044 20.1066397719258 14.3288194752789 22.4457491763194 35.4293084703755 38.1642800027611 24.135664896598 10.4307302573489 11.2450641248087 11.5972768796182 11.3812612602397 15.3966042594742 7.10306935068142 9.17134355574407 19.8430797861332 33.8680900395826 45.1797153998487 34.993886560561 21.8601922056395 11.6482736154508 5.89689866203066 6.62444274346491 8.33929091106627
-9999 -9999 -9999 -9999 -9999 85.3936582940255 92.2827646810231 92.39591559804 88.1537386144842 78.1198168129257 65.734897763756 53.5600106343845 48.5014678835291 46.444564540837 33.9870575434456 35.1553302404147 48.9280957728836 222.919194688722 105.402087773026 51.1267730079974 14.485675362089 25.6668564418399 37.657471863538 30.4909972309784 16.0233858008498 7.77909965681229 18.9296063846945 33.4586449352122 40.686904561796 30.3200286738232 21.6229672282668 20.8930984401336 13.0544933598157 13.7925728016423 16.4951525514378 11.0838212557318 10.8291446965721 20.1655194847958 34.5134015899006 38.5917196999592 29.6927987796073 24.8150960978308 21.1783185437695 12.3287495517587 9.98269609845915 19.679118845581
-9999 -9999 -9999 -9999 -9999 77.55168872059 83.79714032295 91.8233232108453 87.9470342278382 75.7719800457495 63.2681057038196 52.1210882503873 45.2826055766605 49.7849691330466 43.2826128598742 77.0785618714156 155.289358381129 230.223679230449 149.888363268121 79.8083458329565 7.67891066645471 20.2430009575954 31.4652451440452 34.496182235674 24.861986745035 20.6311687262425 26.70229511299 33.5960039060168 34.1367260140269 36.0050578296646 32.9936016107996 26.0639172760545 18.2872423030825 11.3089068882869 19.2727617295164 25.6826363005898 26.2499680280288 30.2993493076223 36.9888089002791 28.1047294370793 17.4805973783749 11.1146299474751 20.458182124068 25.7221467581056 24.2073734835509 29.8316008695608
-9999 -9999 -9999 -9999 -9999 66.1726243833093 74.4099392090774 84.1215028353106 85.5325613835049 74.9042458344444 61.4616971282969 54.2424772219433 40.3277220011586 52.2310772295313 60.1614322987838 71.4554748630207 117.891623292127 281.238080457957 300.146161106017 392.655511402942 30.326598066646 11.4221035236398 21.9342428476855 35.0547952153744 37.783986538737 35.2940683908672 32.1706828658059 22.6613177999651 19.3650170909855 24.6759025834195 26.3571482901489 15.5357629907227 9.88174276981108 7.06424310998806 17.9268169878491 32.2155891721214 39.9251287131252 43.0792401733376 38.0913155801428 22.5942924718928 8.89731550106609 8.97478648374217 20.8476739166681 34.8933743027235 39.3197785135256 34.2057032612171
-9999 -9999 -9999 -9999 -9999 56.1591900512598 66.1674659360294 77.2861439453532 81.8485675201805 77.3151006754475 63.4903005431182 52.8586069914107 42.7799604246804 31.4982828912506 31.0180773204996 53.378904185169 85.8651119099213 227.618727553249 335.069468402322 754.644063085272 760.059134642795 5.75010388562624 18.6316386527375 33.588394233567 46.4216930897751 42.7036522202629 28.725447137351 14.2013818206366 8.09908618833624 11.498651559577 17.3690482262398 15.9242479043897 8.65476438886902 11.6560110414715 23.2186840402398 34.602409139324 38.5614866860987 38.7465064130021 34.8541855260164 26.9151954032234 18.2920642650276 20.2656337582909 30.3349715215774 39.6916078581629 42.2192080309858 35.9479343573813
-9999 -9999 -9999 -9999 -9999 47.4142237719296 59.8826209453993 72.1254419807559 72.9109549613634 71.3687744097271 59.9349588605247 57.7230045793686 49.7942383914616 40.4830881606919 74.3671053261072 76.8683219381205 107.022805601571 163.653874195529 200.477681163107 238.472187491074 472.053240989569 14.9872041264597 22.8177285477929 35.8189970710626 48.4322315553241 45.0822010901883 31.8691875702737 20.2966139576881 15.8722283438152 9.96495740503788 16.7346782037572 24.225023563929 13.3622148242987 8.18218051127626 18.0678098547867 23.7840174196743 24.0215595126603 25.3990497351503 22.031944181867 26.233995081998 27.2678289854884 30.2462323206919 34.0197024373624 30.4445797397639 28.0310165526318 26.9669874287139
-9999 -9999 -9999 -9999 -9999 42.7855130440809 56.5174958303864 69.0243072466676 66.6754482695836 64.8192483019747 195.358320645455 117.878250108099 55.3161502318166 167.53723379396 60.7296214661856 44.315678582419 95.8093780048133 64.2535113695617 149.128765033432 162.18147426282 168.03622166017 25.9827714455995 25.7942906578487 32.3347258491235 42.5289962050667 45.8782790522761 34.1547856532086 22.9867205563896 18.7099545070179 21.2287739540138 22.1474950968486 25.3891788456212 18.5103418363677 6.40017767537512 9.73192289936738 9.78529308605873 10.3433256034051 15.0372657302102 8.23142913573445 12.9033337142918 12.585805143961 17.0558609708057 21.2409653650203 17.0104482491881 12.6430172207673 11.9580412012888
-9999 -9999 -9999 -9999 -9999 42.3595067983312 53.1751104838643 65.0682053525152 64.5483136905058 49.4759222868381 41.3265250056026 41.4427025098382 59.2827981797582 61.5804873684482 169.017322036909 52.559931112193 122.270253242658 411.133382499993 590.364899495186 345.85096651621 176.443441143557 17.5820143242811 12.1580146963373 22.0093782656544 33.0352871808506 36.4577712438786 29.7112496141165 15.2029014121887 7.45275889841625 17.0258092037424 10.7029363375798 15.216983713531 22.7525620465907 13.6637968606148 10.8655005668585 6.07449510308391 6.19909425045221 6.66784950650747 7.03151448454729 6.14064519288246 6.03648682460603 5.10568585003571 7.77855342179316 5.35249682986469 6.47045802607402 9.28692171446075
