IBR/IBR_outputs/all.combrep_1/EucDistWater_Total.FireFreq_2000_2008_Total.Silt_Total/EucDistWater_Total.FireFreq_2000_2008_Total.Silt_Total.asc
NCOLS 160 
NROWS 95 
XLLCORNER 210004.651214014 
YLLCORNER 7350008.22228844 
CELLSIZE 4999.99999999997 
NODATA_value -9999 
[rows 21 to 41 of 95, columns 46 to 91 of 160]
-9999 -9999 -9999 -9999 -9999 5.76995546080977 9.01138816602861 8.97051528521196 -9999 -9999 -9999 16.7386472728081 10.5480650240908 15.909895052179 14.086443432654 4.93765564776102 4.37299305434144 -9999 -9999 -9999 -9999 -9999 -9999 -9999 -9999 -9999 -9999 -9999 2.66576060925663 5.70692879221597 4.36698260610873 8.5203534682438 17.3402592472665 23.3822797966177 31.5100890924714 30.330279194754 20.9374059522184 9.30414413071068 10.971502073429 20.795620732199 31.4183119104029 35.6349411575674 21.8418208190601 7.1706052601031 9.03180837780579 22.8717919263591
-9999 -9999 -9999 -9999 14.7818925467489 6.25935545263716 8.16642721226299 6.66885059141876 12.1814772811813 -9999 7.58940192962839 14.4123287734399 10.7748198223538 14.8421819841955 14.4419808211636 3.89265074513749 7.17781978435718 10.4340164044418 -9999 -9999 -9999 -9999 -9999 6.70087578847616 8.82019820598646 5.63253411719409 10.5906143158871 6.35605044374669 2.98270333611778 6.13545756216659 7.72016696657149 16.1251658568568 25.5333222308457 24.6581125853044 27.9404270355541 31.7391708947026 24.9180214565681 18.0306428871673 8.1000718659344 11.1908817162172 25.617417936076 35.4226641276567 24.6436114911514 11.2108634605421 6.61336341599579 13.5972075771506
-9999 -9999 6.92807908635072 15.3458414631535 16.0402147402151 13.6614340384575 4.85398188949665 11.5558140940996 19.9956400452133 15.7297113640355 3.25041587671972 6.94541848122049 19.8372010165583 23.1799877467139 25.0587911589356 5.21202179336941 9.26296241999268 4.11807583074085 3.47577012937158 6.05392841920431 6.7652230921813 4.34165828095353 10.9949368464561 3.8784648045704 3.71540074378377 4.31369189293133 13.855997811875 22.5662895443428 18.6595756534876 15.9141570858034 17.0803459641521 25.5984292048327 20.9999959705633 10.5142248831658 16.8221731122298 21.3838625287002 12.9897072077102 16.7730047151301 10.5606236927346 13.329631809535 26.0130847442986 37.622268866638 31.63562705692 21.2729767890732 11.0657258161059 5.56237917671505
-9999 6.17820590196131 2.82898569551676 11.2552275184145 6.34000239228942 11.4379527122783 17.1186159487618 14.1075693156526 21.5437668109044 23.8678921158907 54.6102853890243 23.0761398363213 18.9424317206527 36.2848243739474 14.8336912613413 29.317099521573 18.7776023665166 10.8280061392986 9.66732094108909 13.4323298289253 6.79331379439876 4.77113217787428 15.2237234092661 12.1597813046553 5.25850271988327 17.6243622170802 33.6722912791438 45.2545434838092 29.2999983079932 25.3612801014946 27.2360807606416 27.2267389969366 20.1898744420388 10.5879883024689 16.515663597899 16.6235627830289 5.54549982712121 15.6535597345856 21.0270399121186 16.1984459269993 21.0712049114605 32.7440986620669 36.5269091920962 26.6991887147637 15.1393244229419 6.44855470636952
3.59663922678204 9.87211050795796 38.6598018722096 88.3496173902915 45.0970769135224 59.0882890208863 21.5230271052822 26.9703935175019 31.5704601217411 38.0559050399804 26.2843382109859 15.7319939572654 19.6821948661544 18.1657703354189 18.6848517978001 9.54082354877401 21.7555647379377 55.6017869988895 66.3827164111937 18.5675738642211 18.2868588233323 17.9358445053746 116.113052113636 226.506251611589 13.9772678318762 19.7942150961589 32.7988909657966 40.7043619143128 47.5034888513451 31.8650001768694 19.0856601937233 13.9283352595564 13.5407970220901 15.5737612606059 12.2055127345608 18.081695186897 14.1239018548859 21.2958149742905 18.4677575402808 6.31652811565682 14.5054475635983 29.2203932662579 30.1162139368945 17.2870520660634 12.5479125914603 16.6184748996295
13.0151198866118 47.1689320082554 200.312592506242 20.3149105243151 9.34916337979081 16.6252958028447 39.9236110874436 47.7620352095343 33.263651807058 21.1446548761998 20.7917412211916 26.1242371165048 17.7522841989145 19.8245794719835 25.2504704607798 24.2813451978226 47.0908415359795 161.762660143748 125.662263414514 81.1948581533259 335.202550284651 67.1645906011843 137.618322438921 473.563939561633 35.9599564013915 61.8611128911076 39.5018947387435 45.7930264921181 42.7245451998461 28.5308775968362 13.6634855197111 9.20822253432025 6.81127222334781 13.0190064262617 10.5807050204419 21.9526969759082 29.0181009009292 29.8800455030986 18.0952663054396 6.82225603917743 14.7054936920433 28.9568435620065 29.0668443430718 15.2817308468191 5.87751283899783 11.4449710280895
19.4030725821987 82.8985836530366 127.413798428734 39.3009673871133 15.2838812434297 10.8482922847972 28.7097451833245 41.015009068488 35.0906813705903 19.1918875914305 15.5521481418654 25.6143449099787 29.8818401596703 24.8630674937502 13.30844349437 19.4445959840398 33.0558849814158 38.5004984075986 24.3301941066872 69.1563320428827 345.292839966524 63.0201367568263 35.2809751680018 26.8093615878107 12.5719070502366 54.1069558011182 40.0157788036161 45.9614215573232 45.988466939653 35.5194659990946 24.5008018966416 18.9497901323741 12.1494531671461 9.13866452955004 15.0677694159531 23.3759514811352 35.5625417691638 33.8485098770753 19.4658238847914 6.55901898942192 11.2949530770729 25.4887748003327 33.6641077267839 23.7805197608164 11.763467240505 6.20492580753768
15.1436500698033 11.6717357185953 36.1794361735033 20.4525565182161 18.7872302607528 18.0452478803597 16.218723716771 30.9154209823022 54.2437034685502 13.9165086087883 12.0825668490766 13.8967790471409 21.6646085782868 10.9573229981198 8.20215813229126 20.2199986457823 33.1494303055484 32.6647247385122 21.962051791804 16.294519323383 15.560626455087 35.9407144509196 27.9636280351802 18.9926227386342 7.81373134276969 17.8185201315526 30.3728997599111 42.2392352412842 47.6290857732805 42.586738381124 36.5661000023613 30.7797300053529 22.2311127027362 14.4577680946273 7.19967433588712 18.4790290400437 33.1099265624674 37.9697131172808 24.7934082845427 11.1614430472755 9.56922337013117 23.343653602553 36.0205261752158 27.930296344467 14.0832843392685 5.31870932274566
19.646546266631 20.7760642813421 12.8907340279364 8.02096884711663 12.5214381873662 12.7502937829228 11.2886247428263 5.86657060053796 60.1870835733232 13.4708198995547 11.1528700794212 17.3391132522994 24.6972078551831 16.6944711986694 14.2232444515354 26.639017163918 35.3907356732381 28.8199204065327 17.6666149924256 16.0334295466121 17.4442179951727 16.1128532507513 28.9275687011675 18.3201562427453 7.05670514902678 18.4204669141477 23.5570816465176 30.7311149372411 35.5287622384037 42.1820259199908 46.0030737970618 42.7598861743159 33.973882811474 23.2859933817979 18.6902248675287 25.5819200467591 37.0849787926854 42.5956006257179 31.2269449393782 21.7509601573451 20.7478741910826 28.4913351328663 34.4309472552235 28.6455722444138 15.932028906321 9.80114005435429
29.1736942289732 26.092554143697 14.4286638966865 18.6949111075905 19.8273948145521 15.3611277383859 23.1738264903552 12.4108784804929 33.2216644699291 31.0074411011775 12.2067026876114 15.1173832102233 23.1369446648385 32.3031251996331 31.5845473135111 32.0684859260974 28.1753407471236 16.892324268921 11.5111822550076 20.9312721091247 58.8297175999736 29.0293929089384 29.1920268666058 19.5566654564495 8.89817241124573 10.6436467320753 10.7392765637838 24.8839739034271 22.0983639948452 30.7351524915477 39.1353408473285 45.544141227975 42.7523430745144 42.0554441587729 34.9901218505861 40.6671467991551 46.3632512646829 50.4453210215242 41.8793106676627 35.4313716252953 30.5741266183347 23.2247299137791 21.5031103656743 28.1965292720803 27.872959554079 21.0969900083534
28.9020932240304 26.1118017421526 18.6922503757576 19.0723364050125 19.2094700023599 9.89679473878325 15.7344527175846 14.650070347564 11.8528115472526 13.3538738946638 8.62192836414184 8.9896096323754 19.5815816547245 27.7424761440357 25.2948855153598 16.5955653231591 17.8750132952555 7.02949031463959 11.3500763255775 14.0323195091513 31.6545367561298 8.54970598205796 18.1055006856245 18.8636221700188 7.77322636546628 7.12273313243316 6.57863764818222 7.22395619562279 9.25565853472544 20.3121469802385 31.4950868551417 32.14833169653 34.6191093954874 42.8892561043198 49.1488810588656 54.7137448787894 62.5660494606153 57.6530867435452 50.6879834516449 41.0676081979399 27.0904403090179 12.8110710957646 11.3200922200397 21.4293459280129 32.2650250713964 28.77696976468
16.0703945832909 14.5461877866832 11.3614480245835 7.5630375283314 9.1956032699957 8.54375444099774 8.86752697222243 6.78184251620902 9.0586918562448 9.24602846843763 6.72556089839065 14.9971281572182 13.299746100522 16.409994028608 20.6138000482798 13.1534977005862 14.5497620865345 12.7456437124802 21.0304374388145 20.6907880461269 43.8956311705728 26.1881938498431 10.464870576763 17.214943443103 8.83113469579764 15.3611239048761 15.5178020731373 9.03811775377219 6.93953504733229 16.3182212896167 22.183008111487 17.1398934196653 21.7662096653357 31.1357198075834 37.6619415083798 48.40349593842 56.0187328221159 50.7136675388685 43.182894844167 42.6565575244925 23.9581444493936 11.025878503734 9.97828749884694 22.2762474303806 25.1361583561908 16.61461282187
13.9037541048401 22.8622510126273 14.797023480579 7.7851659293176 7.08422586352861 5.57432443624849 7.49961026051853 7.97114542693125 9.94843436845112 12.2999940677278 6.68308074287483 8.98392757374801 9.03475685858135 9.35589390001088 11.3543819560249 13.6356792876841 19.2570717407245 23.5662491172934 21.0484268618571 18.2283861166532 34.8873329536721 59.3116557514329 15.3749357914963 9.63003282452684 7.85874662711346 13.6917192719986 25.7576440042125 17.5689107222069 10.591030979432 7.90307723942532 12.0524618405948 6.79954613391979 12.4112376269516 17.7535132404631 23.249291781282 34.7028687986145 44.6205275116108 37.3362562158183 29.432998079533 24.347241880012 20.870043569688 5.79890561041619 13.9500431754062 26.8926792523875 21.0182366190939 8.41791176763137
15.7143573781783 14.2643761792072 22.1601489364877 22.0374685333807 13.2328730439196 34.2313512475103 64.3342349148736 9.99505820318067 7.17061938084358 6.99082499684764 8.46821688787422 4.67361739508317 8.84454393682589 8.14931433691482 13.1572090067527 13.3313473477773 11.8641696503724 26.2420878637898 24.8408706000861 159.635290568052 177.095307347223 28.1483887611298 16.4830969641898 6.7834404488022 7.59743944163357 18.2220933678355 22.6620006015417 89.3705064205802 29.3320375242559 5.45478330170651 8.88538280005204 15.167305426241 9.30495377009949 7.10481661536241 12.8463743529435 27.6182126840215 35.4907688258167 24.5654868121414 18.1092616695848 9.59602071375286 10.4059898750112 6.32848976083662 19.1526397201568 23.9276998188458 14.9992184421729 15.1899186596427
7.90365084412312 7.90395885340529 14.0512333466527 14.8958683872828 27.9101145933567 19.0212820467003 8.85097717862945 12.9853263183591 21.7040202572014 11.1113382851437 13.3415293489088 6.33248023268216 13.9046391460336 6.25630112854565 10.4495813445683 9.19500767741262 9.70730073802782 38.6195363877906 297.624218410748 229.559252372799 268.83739396407 13.3174156365302 13.5977811392869 20.8854716721883 20.9792128501229 18.7354138885149 9.39401527304891 29.2715872563193 280.455823739072 19.9924037087154 10.494120227657 20.1975354050011 18.3551104781158 13.9290386729978 17.6757714194255 28.6536265650062 28.7632697438132 16.5687571408792 7.12326986684918 9.39599648950347 5.85925851325242 7.02912657030257 19.9760054228814 21.3819556057259 8.48064133428611 8.53362429463203
7.15723409186064 4.00596762240591 5.06467143222672 8.49870431260759 15.87395377212 34.8604062660047 25.493885536561 25.6321068457629 22.6524346839498 28.1146791435366 42.2335643804712 14.0518103274438 36.0828334628496 7.23390342640374 30.1499049106008 11.573973341748 9.39073715518849 18.1494040689254 329.764876766267 112.698060241618 163.035265927857 10.6113951728379 11.820078207162 11.7179248310543 15.0918959907557 17.3798848186436 16.2525918290554 18.6842880925289 58.3748510615173 42.329918494489 14.7742495297608 12.6169297075271 15.196690888557 9.927148073444 21.5388744025066 35.774303456066 14.7358440100808 16.1455551175564 10.2804841319462 17.4002829599051 12.0384553669938 6.15771265671779 17.6964748519921 25.6656540217613 17.6955754144805 12.8518430811311
6.00338980511961 4.89075954703446 4.33575273505792 4.45526316141223 5.08313799991904 20.6520767194662 50.6475059567622 110.668390402564 150.65440328459 136.889782595334 257.032385151189 197.745645027062 124.361276672082 39.6828844336348 56.8008953400807 48.3388499918891 13.3527647083168 9.43114946793706 17.364748656628 13.8055119134381 6.74851554955316 12.8710841173389 11.5873307372544 18.0026352040334 14.1840896227934 7.8801225051521 9.65637589606833 10.0547161052986 15.2917113318223 10.7320379841068 14.8616795939223 8.77594091616052 10.1141431706694 11.4941437407611 27.681685141408 19.2311917670139 8.19515640871328 18.1374670204182 23.7746556789598 19.8079409606336 13.0667705490423 5.02469916135971 9.85584412642163 23.0515345603912 28.9970986794183 27.4137854321005
9.5959258724938 7.12643814819277 6.3564755301389 13.5089918206195 38.4853867563562 116.265705261033 189.708192161145 428.55340850096 484.019256174173 426.208156065989 383.518462402942 347.227008581306 219.916836030758 147.381271615685 116.495304774938 53.178628443368 19.1165804147194 8.63636188224369 11.4586506251435 14.0009180235359 6.24010050847169 14.449500106984 7.25380854148158 19.4159348753463 16.593661596869 21.0428056679386 8.44253911720017 8.99687321514215 18.0492757216311 18.7916735979158 19.3381096580468 9.55178965586429 13.9001675455112 11.9286205286904 11.5297445963322 17.4968886094423 19.9808214618325 25.5797760994974 22.0431042988168 10.5441586078303 6.39089189051169 12.5546823910603 7.88135666246213 16.2093546701354 27.3403367159841 36.5656433003155
14.5527576981309 23.0583392995642 15.0543148054898 4.74686606930448 8.65533033913884 18.7391831501686 89.7874994270891 10.4870268709217 80.8457947523185 183.967768922671 191.165419933779 170.418459682092 152.576043675205 72.0136536223693 60.2321997729731 27.8219831123529 43.3612066319324 26.733102758455 16.173815054536 24.1538540720081 27.6962476405288 54.2843410404842 23.8300063210576 23.6378027585502 12.5018755833741 8.96635878507897 6.69069299967499 19.9993438646148 13.2610818223118 10.5113020714982 19.4682948196614 17.5272223835433 12.2720072044071 5.78268689136861 10.4072823260977 10.118913784154 13.9401065366495 17.1466950733568 14.3757235763055 5.31552833481847 11.7333767061814 16.0538890558838 7.8543211233481 7.19122349107329 17.221828710577 29.5493043992104
5.61964576967757 8.52836881373574 46.2212239944655 7.84078724747319 3.93574758935427 9.52933214404858 4.58541583722519 22.4841571228906 34.385667416181 11.786926164291 10.2295834650014 12.5180974956464 16.229266663056 10.3951242189664 13.3195456436072 13.3579017746822 20.3398079805155 13.8890012496697 15.9927316422013 17.5128848331045 18.5254525393991 21.36330542965 20.0437291510888 14.6042668041745 7.71184602433592 18.3704075004398 11.970317925503 22.4810091541732 24.8007118019531 8.78285109417425 8.44247475395427 9.38024306955127 12.1876351219045 4.68301844683477 6.80183336029344 34.1484398475254 37.494016902989 7.87321399230398 6.01668693787435 10.1728817124495 6.77847938018546 12.985187455746 9.55936436504542 5.60848574189468 11.0804576716202 23.0422830011056
17.0667204896524 6.75457211562789 14.4005259547751 10.7640292856283 12.7842034028721 20.7076067583885 8.07963467877193 8.53541080763806 11.2431825015791 8.05388186147492 7.99270022630769 6.16533085663122 7.64065435533249 9.59836834745327 15.0571742648644 25.2440629415174 28.0829432275749 23.9280604139111 22.7669196151052 27.9270906207583 24.0269129184832 10.5259826742538 6.76374398431494 15.4543980034365 23.5477419834648 23.2756268206586 22.1926442739407 18.9893105482125 8.66212464833511 22.0411775958474 7.17567094906795 11.0071588983363 9.1607225048005 4.56193697562337 10.1115254076904 13.1235737546056 36.7237409676255 7.32720455761602 5.29690406285478 12.9368553927138 7.91815813414855 14.9701706063555 16.4403769823452 8.08285702093585 9.30418066507695 10.9930744264155
