0,8.23851284770102,10.4812640157109,10.571235562612,12.2075973938101,13.8190713003802,17.0855187157224,14.0525629234892,31.2083020713812,31.7815538079623,70.615291303157,38.1060103137488,35.2068222708821,34.1277352117197,38.2690913478863,44.7262440304864,38.0078262174512,34.4115849828036,35.2760855489985,38.5264714834892,31.2204575213916,29.0544439810102,29.7376800929538,41.5677238503774,64.9787588866563,73.2728711624473,47.9009434751673,50.3181975426701,40.0714930151984,29.8364228043054,28.0572899401376,32.6376913080316,53.3999458002581,45.8502773998696,48.003136539201,42.3313967709987,48.4134820041472,57.047240324835,56.5909202839582,57.0297145544347,58.3257086649577,61.4810269370982,57.7573405054787,57.960042237919,62.0981472386968,58.8564018778252,63.3029357725112,61.9487642085748,65.229710187466,58.8892672180146,59.0501782177563,37.7700137476606,40.7323740738531,35.6032691704906,40.0750354757082,33.3766178347323,35.9636977610308,34.2205122923981,23.1683557620573,34.6295716519032,29.2970126581671,30.198052833837,24.5568922839375,42.3018273737117,22.6363879408375,37.4910108046859,63.4479101611558,66.5801018030953,63.3965188544059,61.0132534104244,60.4522579266694,57.1606386139381,64.1266450860836,66.6684379989554,79.0630213196622,33.3685173261503,42.2245177355666,70.4364666420385,28.9715198465896,25.9833284318702,32.2450140432235
8.23851284770102,0,11.0106565959549,8.74412249006181,8.88572230158623,13.597644090323,16.6391382240401,12.964815540389,29.9102629525681,30.4845116429042,70.0227567084351,36.8201282036911,33.9179073856624,32.8351530966125,37.7908197801754,44.2304484891855,37.0167006101043,33.4816973685291,34.29884992631,37.5903888763497,30.8434383990026,28.7371473019085,29.4259744954796,40.8104192713262,64.4479720420909,72.7335747802088,47.0407420467684,49.49572902324,39.6131796647075,28.5627866691831,26.7822341033365,31.356837719237,52.8700305075731,45.5439391243499,47.5009326529466,41.8310145166762,47.1387306112686,56.4710026206294,56.0156169736114,56.4535967862942,57.7397976346279,60.89473076257,57.1702192883513,57.3724445699442,61.5141298206801,58.274960754491,62.7202486120693,61.366366536822,64.6477098246712,58.3064309621153,58.4695349917876,37.0398709719678,40.0217088538154,34.9017131371855,39.2490357083599,32.7733957381346,35.3719291282713,33.618616293058,23.045551762108,34.3851582190203,29.1275699169399,30.0307516702614,24.4789798920877,41.3343084324856,21.5923089912918,36.5150706370271,62.88208462245,66.0154463304397,62.8313317721277,60.4473906722908,59.8604268100456,56.5691266926171,63.5398343304462,66.0817707366623,78.4630173676887,32.6280367978424,41.5064344935086,69.8522663361985,28.4225413986985,25.9791694554794,30.9274414715577
10.4812640157109,11.0106565959549,0,14.4953840149236,14.7716727929675,11.8432138321602,16.3442746689619,12.8437570044727,32.5352482983876,33.1049972170449,71.7406719635728,39.4670570939033,36.5644763408203,35.47034882951,39.3912146506195,45.8356518798854,39.5508511103012,35.946791592525,36.8143155759357,40.0645274486391,32.7709978650884,30.5467073518035,31.2471722953854,42.6042526429395,66.156134301323,74.4394496775621,48.9476536232047,51.3567616983072,41.2484096847114,31.026171659393,29.2418502666499,33.8751993902512,54.5564082565557,47.2427696507611,49.1013391874178,43.4259134701754,49.793469577531,58.1791091060638,57.7234689263641,58.1624499572302,59.4512029213322,62.6067039016053,58.8821935554695,59.0850582597768,63.2271982906857,59.9868578557025,64.4329886586911,63.0786364544901,66.3603198030082,60.0190238624866,60.1811256297683,39.3112227362793,42.2808971039505,37.1390749989031,41.6277137670626,34.8888958748703,37.4898761503758,35.757212033766,23.5807128094207,36.208694323375,30.8474165061247,31.828412136204,26.1380780752376,43.8238032983612,23.32002090828,38.4837273801422,64.5894069253979,67.7225080913163,64.5384406977587,62.1545819115124,61.5762423586082,58.2846465169186,65.2540277936337,67.7956744715289,80.1830113454629,34.3128766872853,43.1827474582084,71.5199886526467,29.796452551417,27.1894852806296,33.5686164225836
10.571235562612,8.74412249006181,14.4953840149236,0,9.2702794033228,16.4480675187243,19.1538739409344,15.9410697870191,31.3556344871216,31.9331860320283,71.5995272603828,38.2303082143204,35.3317791332324,34.264362528207,39.3650948555533,45.815253694168,38.2258841518575,34.6998081032132,35.513497697644,38.8053061520737,32.0667564085465,30.0180554230373,30.6926539072219,42.4663874380695,65.9793200135018,74.274165082101,48.6966706081194,51.1549779271532,41.143302092372,30.1377694561435,28.3624636304833,32.8869160118241,54.4185493712272,46.9079001521659,49.0946908277342,43.4275441771953,48.5288986982584,58.0416666552857,57.585683389695,58.0235547466132,59.3161099491571,62.4709176173879,58.7471124373709,58.9492333021862,63.0874801976009,59.8470403194371,64.2927202176355,62.9389678998772,66.2196957870711,59.8791491976529,60.0411756147779,38.2533372861262,41.2283986192275,36.1210998244786,40.4487685586376,34.0171274144995,36.6034808718669,34.840086420536,25.0357950056429,35.5981183005772,30.3777924065682,31.2110623440917,25.721143347384,42.5673272128248,23.5353205183375,38.223399944657,64.4444188009282,67.57698309816,64.3932888492386,62.0098636429628,61.4382779026489,58.1469410595383,65.1146793001505,67.6567252602766,80.0445261020356,34.3502562338795,43.2169639165852,71.4613567046698,30.2081063100628,27.5160614889589,32.3790569203696
12.2075973938101,8.88572230158623,14.7716727929675,9.2702794033228,0,16.1905463248639,18.6667421455657,15.3161059076624,29.9733304095857,30.5519419857078,70.8356446313447,36.8593370959834,33.9578492123444,32.8871097402741,38.6940454836122,45.1288838617523,37.144039878748,33.6738003084671,34.4437734240362,37.7740600157247,31.549334906418,29.5332869568829,30.2168742724439,41.5604709184342,65.2719916622693,73.5586236078397,47.7043467900433,50.1945171985408,40.4943350564247,28.7852746228272,27.0093226586993,31.5237589872334,53.7094774333302,46.4116639164773,48.4021467269594,42.7361566967439,47.1686762710345,57.2919225759563,56.8367809860792,57.2740002888562,58.5577251669745,61.7122322703757,57.9876626869303,58.189405249514,62.3310194514429,59.0928533949549,63.5374617197347,62.1839304491782,65.4650621697865,59.1237372080162,59.2876986680605,37.4151262385701,40.4102962293943,35.3080977220177,39.524040389104,33.2892490139907,35.8894976555719,34.1195862047047,24.6054591631322,35.199340061675,30.0271266088787,30.8898666119405,25.4473036865032,41.5045175021072,22.4519147258101,37.1398427834895,63.7042811521413,66.8379074697269,63.6537228295213,61.2696768920878,60.6748415351402,57.383771656633,64.3557385126481,66.8978887183353,79.2739262422668,33.4599137897075,42.3442233564968,70.7008850639854,29.4682276586626,27.2074823109703,30.9774774722545
13.8190713003802,13.597644090323,11.8432138321602,16.4480675187243,16.1905463248639,0,12.3354387090721,11.2101100324476,32.4458310475371,33.011437076844,71.4205512669619,39.4164747535114,36.5101305133231,35.3987844053268,39.0758826981511,45.5034024898313,39.7004818225774,36.0891947363188,36.9592059692465,40.2097713809077,32.9476722876211,30.6701536058001,31.3891916923929,42.165342674551,65.9011856497255,74.1712818315085,48.518325726287,50.9180270995035,40.9997969742811,30.773466364302,28.9829625819535,33.680032826173,54.2771735811659,47.2592627348713,48.7549383772841,43.075171604406,49.7641995960996,57.8676741636929,57.4128979265696,57.8520481851274,59.1316052795087,62.2873008921912,58.5617601583664,58.7647908513921,62.9119432206155,59.6734259341341,64.1190030450576,62.7644538441222,66.0470362719476,59.7046776143133,59.8683251773178,39.4628666917597,42.4404049769985,37.2857155623999,41.7893279230392,35.0132389994351,37.62922536437,35.9071743089994,22.332945133155,36.426950750045,31.0483252647605,32.1058969447474,26.3837999619221,43.9517918299613,22.3604222464374,37.9785728471761,64.2900096657647,67.4242587493174,64.2395861633853,61.8549843776437,61.2544979932294,57.9629484810828,64.9366236444498,67.4781047647659,79.8560293190399,33.7516404535653,42.6417551179479,71.149480271949,29.0843132011031,27.0630403572263,33.476772742649
17.0855187157224,16.6391382240401,16.3442746689619,19.1538739409344,18.6667421455657,12.3354387090721,0,13.5281898082116,33.6943009199356,34.2558609870436,72.3980865372447,40.7002460576882,37.7906680826422,36.6634898217226,40.0579499418098,46.467908691031,41.1487379407154,37.5287448035176,38.4028467706569,41.6520068440241,34.4042527618982,32.082169902934,32.817980132957,43.0227393920402,66.9430336287536,75.20006703947,49.3915399967953,51.7788261638604,42.0493139719397,31.8629854136967,30.0667742286097,34.8257074009554,55.2950086553492,48.5732307219817,49.704783640282,44.0205182279502,51.0668937002993,58.8536669681948,58.3997454855129,58.8390784870977,60.1095307703802,63.2654311656359,59.5388634711732,59.7420720802424,63.8942219860147,60.6574957818539,65.1025377047994,63.7477841655761,67.0312662274293,60.6878511591224,60.8530171520887,40.9025842102985,43.8863258550911,38.7200314311869,43.2411322123536,36.4243962836355,39.0536550111182,37.3413306720317,22.2826825928449,37.923083644804,32.5347594945358,33.6548236091761,27.914094820964,45.3804278847364,22.6213579982068,38.7751111943507,65.287933215875,68.4233161548799,65.2380449278667,62.8527083136311,62.2303721551961,58.9388625146326,65.9167863587481,68.4580970150572,80.8267694760354,34.4699820832307,43.3827169696631,72.0747103650456,29.6205005827414,28.2851192298472,34.7254771273309
14.0525629234892,12.964815540389,12.8437570044727,15.9410697870191,15.3161059076624,11.2101100324476,13.5281898082116,0,31.8102957837542,32.376164002574,71.5230038562144,38.7997344988596,35.88982488048,34.7718050886899,39.3071660995018,45.717810213584,39.3915637965297,35.8355630594122,36.6624505582367,39.950717260306,33.1875983034945,30.9767241714559,31.6964140622291,42.0961384355696,66.0635022088154,74.3259814792935,48.331105583649,50.7742822327248,41.2417202948136,30.1308536129424,28.336940746631,33.0432474712546,54.4441153314395,47.6018615560603,48.964534877932,43.2876176675573,49.161906129333,57.9872185629051,57.5333662990051,57.9715696564759,59.241463102737,62.3966934588327,58.6703775476887,58.872844181071,63.0232775845649,59.7873935044336,64.2316469667908,62.8774550011713,66.1603491611798,59.8172080939434,59.9830980515685,39.3913418638951,42.38555261747,37.2405098934287,41.6309291136396,35.0602823751213,37.6839823254736,35.9510229349362,23.3865572916171,36.7745149206861,31.4672068673958,32.5036146907755,26.8681936718399,43.6613005776544,21.8411712121531,37.6501656139155,64.4194810941611,67.554877200126,64.3696961671886,61.9844442166964,61.3579916884356,58.0667957548543,65.0451292248375,67.5867977221304,79.9510839921717,33.7123578766713,42.6278669161139,71.2693199692213,29.3201878539387,27.7593595486978,32.8213018214779
31.2083020713812,29.9102629525681,32.5352482983876,31.3556344871216,29.9733304095857,32.4458310475371,33.6943009199356,31.8102957837542,0,7.63270884820565,79.2813710808737,22.274324564861,18.8045450673097,14.5545879846696,48.2594308485069,54.5659949959571,41.6428593939064,38.5824377783441,38.9195231081017,42.7133775210577,42.1430024514475,40.3692445709739,41.1357217662278,48.765455950894,74.2960476471688,82.5056492733399,53.6657719111432,56.6805558174195,50.1646131206012,27.8970837975241,26.6178562835134,26.0965988108269,62.7539496016227,57.1927282535811,57.8110302369688,52.1724904875304,35.4810506869603,65.8999201012114,65.4534480515904,65.8817808104742,67.0751434494439,70.2250985413263,66.4934545360898,66.6896838944969,70.8613950726547,67.648143727918,72.0801591276207,70.7300963543013,74.0140571555661,67.6654153047256,67.8505965248444,44.7631536225362,48.040160187627,42.8973174423492,46.0578820852166,41.7589616053892,44.5340426336418,42.7207266049898,37.6516131251355,46.8200081651498,41.9857288053247,43.1518500622724,37.9726431270065,45.2218878743263,33.1231263412333,43.4910851900107,72.4065177092216,75.5510781004495,72.3620098150647,69.9717363989013,69.1314979226691,65.8438648120846,72.8593971784858,75.4034197229556,87.6509066686401,41.902557742026,50.7900681295773,79.3793679891089,39.6942667769557,39.5630535803029,20.0998014229903
31.7815538079623,30.4845116429042,33.1049972170449,31.9331860320283,30.5519419857078,33.011437076844,34.2558609870436,32.376164002574,7.63270884820565,0,79.8028366311029,23.1951181210806,19.81980808828,15.4983335460342,48.8008984732766,55.1037916709796,42.3103682258569,39.2419120950405,39.5858886126242,43.3733668008458,42.7381804997641,40.9578287478048,41.7251680006836,49.253885967496,74.8369786793641,83.0433269003421,54.1294461523167,57.1546840202899,50.7152084907188,28.2735032542306,27.0089494293234,26.3229223161971,63.2916256059394,57.7720568530251,58.3470484914715,52.7085783824591,36.3226155887274,66.4255600605104,65.9793596185001,66.4075474896119,67.5980606354912,70.7479513125387,67.0160484005895,67.2121910410243,71.3850868285107,68.1725368364062,72.6042430585163,71.2542224690738,74.5383483538312,68.1894353085112,68.3752130279116,45.3935182311433,48.667991598338,43.5240689847198,46.6998975460662,42.372400774404,45.1471257665941,43.335506508266,38.2061319698531,47.408411043712,42.570311320119,43.7380979943397,38.5552100309853,45.8879434822977,33.6618851617696,43.9714674104496,72.9354692542232,76.0803833635086,72.8911444892614,70.5006576006347,69.6529844496579,66.3654238666467,73.3823131548587,75.9263519855544,88.1702275746593,42.4128291696556,51.3003093995247,79.9004334531002,40.2264982369977,40.1306085167224,20.9535677913415
70.615291303157,70.0227567084351,71.7406719635728,71.5995272603828,70.8356446313447,71.4205512669619,72.3980865372447,71.5230038562144,79.2813710808737,79.8028366311029,0,86.3989746524688,83.4965092524288,82.3004141917072,63.2834216592074,68.257177151104,85.4974794421958,81.2568617703085,82.5802770924481,85.4692542839347,76.5876546144499,73.5818866287902,74.7849997500987,69.3250266394013,70.6480878825341,74.8213196581999,79.6752504472463,81.0739808911689,66.7234766620471,76.647469344367,74.9307364736422,79.5668975021017,60.7216550549398,87.829441399127,72.345035840699,67.5766271051032,96.7881163106947,44.8514227742437,44.5030512130314,42.9886751277734,45.8293433358648,47.9349493161863,45.1087968354174,44.1788267053075,39.5935269285978,38.3646587790097,39.6362580959627,41.0937080361336,40.7464143693045,36.8315499644275,38.9356932826312,83.1341213120199,86.1871504666437,80.6127231639674,86.3897654722399,76.9645194522541,80.0665101061,78.7331173859692,73.8202256264348,81.5951962965035,76.5813474387168,78.5654883799406,73.1605068718638,89.3331264056534,72.5289698947027,79.4977088865933,50.7707202009745,54.6170819202382,51.2461009021823,48.6034151815556,42.5785114674224,39.9552626115713,41.131850836062,45.4411033459572,62.9408919553048,72.376950155773,79.7775814931065,87.5213003484967,71.7896432893704,72.450649624431,80.5401897905096
38.1060103137488,36.8201282036911,39.4670570939033,38.2303082143204,36.8593370959834,39.4164747535114,40.7002460576882,38.7997344988596,22.274324564861,23.1951181210806,86.3989746524688,0,12.6124578253199,19.2313505437149,55.2360454280815,61.5766707004277,46.9806622800937,43.9588597512568,44.2317975388154,48.1081841859737,48.5678474494076,46.8761545583235,47.6373927972099,56.192978101319,81.2373118769028,89.4779566645182,61.2736912271836,64.2163747895051,57.0417804888047,36.3895633379514,35.0298790949529,35.3566538782167,69.7337895793152,63.8002050433076,64.8414651810771,59.2046758270652,30.786913749798,72.9830901613321,72.5341932792012,72.9634264285871,74.1823088502102,77.3325934883903,73.6033870952705,73.8001193112368,77.9604860412051,74.7412235346034,79.1757336006543,77.8254995876546,81.1077535671649,74.7616584237664,74.9417301665847,50.6296491072289,53.9572029310146,48.8122185876277,51.7739945364395,47.8654032347454,50.657300207511,48.8254175013907,44.670982856942,53.3669968600193,48.5884256497155,49.7509829344455,44.6212730893769,50.2257787199665,40.3610652987664,51.0933018754162,79.4591570090944,82.6005409918667,79.4130379586267,77.0247137856178,76.2499573393627,72.9617900625699,79.9652193946461,82.5092307589973,94.7876871864684,49.2372460622975,58.1119794708753,86.5284463297567,46.8666468484038,46.3737404563697,29.5276244749997
35.2068222708821,33.9179073856624,36.5644763408203,35.3317791332324,33.9578492123444,36.5101305133231,37.7906680826422,35.88982488048,18.8045450673097,19.81980808828,83.4965092524288,12.6124578253199,0,15.5515349424709,52.3460541932072,58.6829639980021,44.3035720653447,41.2861101969898,41.5631075939345,45.4298646289974,45.7409614776696,44.0389124575872,44.8004123969622,53.2566750292445,78.3540229643564,86.5911813603212,58.3208744270886,61.2698726207833,54.1637026428716,33.3502246428882,31.9956608055488,32.2701648543306,66.8456606467093,60.9511719330823,61.9453856284859,56.3082455318455,30.6304391256192,70.0841377279242,69.6355017860492,70.0646651086085,71.28079620654,74.4310620268667,70.7015849095445,70.8982813864134,75.0599208648824,71.8412882867309,76.2755479400481,74.925318378311,78.2077719402243,71.8613941301247,72.0420010998843,47.883251092387,51.2025742265317,46.0595781700917,49.0460859669158,45.0863527506315,47.8750209636374,46.0452313698837,41.7641825801095,50.5218736753543,45.7357379498722,46.8974333250541,41.7613278398698,47.6375496814009,37.4272527642982,48.1337695842616,76.563558103742,79.7052854250447,76.5176108783234,74.1290737717857,73.3473296617619,70.0592122315122,77.0639430167301,79.6079465037709,91.8831570096885,46.3046130545628,55.1814325267643,83.6207593441525,43.9481493539726,43.4953170074277,26.2542943827171
34.1277352117197,32.8351530966125,35.47034882951,34.264362528207,32.8871097402741,35.3987844053268,36.6634898217226,34.7718050886899,14.5545879846696,15.4983335460342,82.3004141917072,19.2313505437149,15.5515349424709,0,51.2149076463073,57.5369331241794,43.8542136977393,40.8111217293219,41.1192753060937,44.9504408271956,44.8474800347806,43.11107109463,43.875151198476,51.9253747657521,77.2352003057328,85.4588788589935,56.9071339287129,59.8894465199984,53.0748630106732,31.5535419379037,30.2376283419845,30.1030002279281,65.7106501389846,59.980337482815,60.7909665297718,55.1532423897249,34.2228607507292,68.9033943616551,68.4558238967198,68.8845607054885,70.0894844888567,73.2395863290708,69.5090479146953,69.7055022510674,73.8720665267654,70.6560948057791,75.0892375361683,73.73909928241,77.0222845761719,70.674797588432,70.8576665264936,47.2140795391048,50.5140074676316,45.3702320112424,48.4405134851294,44.318879868208,47.1015727227065,45.2798065952088,40.6270486359338,49.5799632241397,44.771032732341,45.9354628153586,40.778805973387,47.2807529707166,36.1989868540159,46.7328166694298,75.3961534790891,78.5392749615607,75.3509160318109,72.9615259134981,72.150939810074,68.8630659271695,75.8731157653041,78.4171346418937,90.6786375595809,45.0217565555014,53.903253459163,82.4129860037294,42.7395764547763,42.4431497809457,24.2218042087333
38.2690913478863,37.7908197801754,39.3912146506195,39.3650948555533,38.6940454836122,39.0758826981511,40.0579499418098,39.3071660995018,48.2594308485069,48.8008984732766,63.2834216592074,55.2360454280815,52.3460541932072,51.2149076463073,0,26.4151028150976,53.5176875810029,49.2139096466162,50.5906039379251,53.4297562213607,43.6760472287327,40.4390407563852,41.682440522655,44.8871289167307,56.5274482326235,64.6315367313196,54.3602765638844,55.8459662233776,28.920649820706,46.0818379227235,44.3375484741789,49.0008495132917,42.6781072234093,54.1669643593874,32.8573037424516,27.6864303556863,65.5488237920999,48.8166562709187,48.3287372388586,48.8540198263343,50.4815533799475,53.6786908646681,49.9722331179545,50.2222710422463,54.3269301594801,50.9691990509072,55.4906294823792,54.10053187874,57.3992688410973,51.0690686358776,51.1309297680331,50.83223721232,53.8515628885885,48.2798276602944,54.1975426764821,44.5209498854497,47.5820543313699,46.2554522654025,41.1058324508219,48.5473417104467,43.4366719794457,45.5475541631302,40.0606155569699,57.3622831624237,40.6965539306002,49.4109561858833,55.0545547315001,58.156746620685,54.9805176968292,52.6086914656564,52.9851713259686,49.6705706906549,56.4716332095957,58.9929926154157,72.0004512082828,41.2669662937018,48.9455027197383,63.2277544407396,38.9837417371641,38.6415614118386,49.4829687353216
44.7262440304864,44.2304484891855,45.8356518798854,45.815253694168,45.1288838617523,45.5034024898313,46.467908691031,45.717810213584,54.5659949959571,55.1037916709796,68.257177151104,61.5766707004277,58.6829639980021,57.5369331241794,26.4151028150976,0,60.1307951280805,55.8692369936898,57.2135301050633,60.0802762798978,50.5289299665317,47.3408941550481,48.557409626994,50.0336903487682,62.8340293841281,70.6965002946702,59.8056122508748,61.2154861089553,38.0487094933561,52.2743966606992,50.5307604435659,55.2162936041088,48.7743494946448,61.2138710759985,29.8287903476028,26.3703447881659,71.9093338526498,53.8678940878721,53.402577417981,53.9498471454504,55.3340877260523,58.550300496556,54.8096055553701,55.0795087244517,59.3528671072574,56.0282051120577,60.5487745298233,59.1437577142811,62.4759983449592,56.1135272469976,56.2032995865556,57.6106466288347,60.6316238606242,55.0809342810871,60.9109178730778,51.4109665549415,54.4516054506269,53.103894653866,47.5113598575841,55.3379153443013,50.2134549609868,52.2818212237587,46.7828869848825,63.9897594804404,46.9725533208488,55.3616007003005,60.4385651655924,63.5677170498954,60.3767899783444,57.9868391549197,57.8651883206696,54.5456797153125,61.4537439013438,63.964014826629,76.8053946272682,47.0903166598053,54.6768786218929,66.2417354054753,45.1259363930806,45.3716421479298,55.7885635166753
38.0078262174512,37.0167006101043,39.5508511103012,38.2258841518575,37.144039878748,39.7004818225774,41.1487379407154,39.3915637965297,41.6428593939064,42.3103682258569,85.4974794421958,46.9806622800937,44.3035720653447,43.8542136977393,53.5176875810029,60.1307951280805,0,22.4774696661039,18.5452795169881,23.4617333861035,42.1724340636374,41.3004969708345,42.0670695264794,57.7611058049353,78.9096406502935,87.4137701534501,63.9564714694055,66.4791828633433,54.4035423673404,44.1519182605393,42.5096629643959,45.7736490095331,67.7910475381529,59.1060179686218,63.5774580058553,57.9721227480551,56.2556153750986,71.8285444040126,71.3603674024161,71.7938099460583,73.2161193823807,76.3672340371411,72.6583004487012,72.8570566095482,76.9216477025756,73.656409577642,78.1088107686387,76.7587236041277,80.0256846721512,73.7007743050133,73.8417894716049,36.8051882007332,40.9015793110127,35.6706024661786,35.4953480903563,37.1621034341854,40.2566498852447,38.2471425094037,44.7138701465676,48.6115095756698,44.4581285046815,45.7891452058253,41.1572599464156,34.4753026565968,42.2906404974888,54.3073738696648,78.0542958506839,81.1702355959651,77.995528164628,75.6230652548217,75.3627670350293,72.0711695071433,78.978490372406,81.5233878986732,94.038706206802,50.6831196701161,59.3969470395979,86.0688677290527,47.4653582853556,44.193864842376,43.3315087339861
34.4115849828036,33.4816973685291,35.946791592525,34.6998081032132,33.6738003084671,36.0891947363188,37.5287448035176,35.8355630594122,38.5824377783441,39.2419120950405,81.2568617703085,43.9588597512568,41.2861101969898,40.8111217293219,49.2139096466162,55.8692369936898,22.4774696661039,0,15.0579883742672,16.0221738619508,37.2784655942125,36.5092637225385,37.3033844505565,53.9064324743846,74.4326032675728,82.9832070198965,60.2199305435795,62.7028419203014,49.9278603817531,40.8866482839618,39.2388917605129,42.5708025106665,63.3944089993055,54.4124158488671,59.3492375869573,53.7524671701433,53.2421759761598,67.5514200557338,67.0801309532084,67.5136215300664,68.9688632648964,72.1197387056665,68.414258078952,68.61293012129,72.6609020670712,69.3886211263299,73.8435028709085,72.4937566133794,75.7578848515418,69.4365937117676,69.5716308651385,30.2909122201345,34.8178533371413,29.0296929494467,30.1366273079164,30.8943368400062,34.2038276969516,32.2466789267963,40.9574717518861,44.1124966279524,40.0680934055661,41.49682806916,36.9310614346902,26.2323311027991,38.7568567569689,50.7199176593138,73.7350843262432,76.8468666819286,73.6743065013878,71.3044891149238,71.1260071660208,67.8340247513034,74.725863587618,77.2711071834808,89.8226878624355,46.9045395945884,55.5870020561605,81.936556006936,43.6477860238004,40.0685937151241,40.2825877510215
35.2760855489985,34.29884992631,36.8143155759357,35.513497697644,34.4437734240362,36.9592059692465,38.4028467706569,36.6624505582367,38.9195231081017,39.5858886126242,82.5802770924481,44.2317975388154,41.5631075939345,41.1192753060937,50.5906039379251,57.2135301050633,18.5452795169881,15.0579883742672,0,18.188138423076,39.1336568765308,38.2783983890865,39.0545781270815,54.9343218636945,75.9355748358861,84.4510902362812,61.1537058361844,63.6687244256683,51.4340623536172,41.4384688342896,39.7966531070911,43.0593394792541,64.8375603878636,56.0991308096676,60.6683553021705,55.0652987848818,53.4811783093274,68.9029512636695,68.4340324659804,68.8674404675761,70.2976058748476,73.4486368587807,69.7405389438158,69.9392457553425,73.9997928160936,70.7329029392524,75.1858661831697,73.8358830882619,77.1021426026109,70.7781094322543,70.9177229447134,33.3979230353746,37.638460836491,32.1797913535289,32.69130198866,33.7273098132426,36.8970666063263,34.9149087991928,41.9329976124385,45.6723430301018,41.5427459325637,42.9029511688123,38.2832397979811,29.1773706608296,39.5525338193937,51.5421038363709,75.1185448884129,78.2334894806852,75.0593002027246,72.6874745031247,72.4465941194993,69.1549168297284,76.0585499111058,78.6035444195173,91.1273646841231,47.8796846777737,56.585981227821,83.1799568328914,44.6595006544489,41.3305827629931,40.6313998903283
38.5264714834892,37.5903888763497,40.0645274486391,38.8053061520737,37.7740600157247,40.2097713809077,41.6520068440241,39.950717260306,42.7133775210577,43.3733668008458,85.4692542839347,48.1081841859737,45.4298646289974,44.9504408271956,53.4297562213607,60.0802762798978,23.4617333861035,16.0221738619508,18.188138423076,0,41.5317427163865,40.760234176688,41.5481657822448,58.0741005504441,78.6736805771908,87.2184785990731,64.376557447244,66.8629149411307,54.1652064077994,45.0035121975748,43.3552671904232,46.6905761395353,67.6247326775211,58.6611080594912,63.5561545609888,57.9581834042822,57.408892493832,71.767935108165,71.2970180158231,71.7305388410673,73.1818392970939,76.3327639872018,72.6268609141026,72.8255657025158,76.8755883506351,73.6041284108269,78.0587363249993,76.7089315701483,79.9734189653335,73.651683830242,73.7874175703185,34.6161436153515,39.0587962888187,33.4694224637406,33.7564381722645,35.3729667592137,38.6271793230474,36.6425214827592,45.0977004071846,48.3191097628724,44.2652544839435,45.6783041195697,41.1086474335963,32.2084732429244,42.8790274362744,54.8578054609569,77.9567302881886,81.0690131084576,77.896191139737,75.5260521619841,75.3378535735116,72.045907908955,78.9395954224052,81.4847864152648,94.0321422826775,51.05961598634,59.7457763879501,86.1341501467604,47.8025272860438,44.2461779994496,44.3984530634057
31.2204575213916,30.8434383990026,32.7709978650884,32.0667564085465,31.549334906418,32.9476722876211,34.4042527618982,33.1875983034945,42.1430024514475,42.7381804997641,76.5876546144499,48.5678474494076,45.7409614776696,44.8474800347806,43.6760472287327,50.5289299665317,42.1724340636374,37.2784655942125,39.1336568765308,41.5317427163865,0,19.8972520358978,18.2372400372034,50.7616719341016,69.1056516053959,77.7569622453404,57.8355957265895,60.0408165763791,43.9114310046191,41.8044201836821,40.0792406757168,44.2562863121679,58.1189672705706,42.8382132708179,54.109967479784,48.5172253825756,58.5523831260743,62.7314854846638,62.2504839197258,62.6897743371828,64.2472023196292,67.4004596439944,63.7043429793312,63.9061808802701,67.9119975987148,64.6145878655428,69.0806764865856,67.729267350323,70.9877378964175,64.6759578524015,64.7896215055186,36.3108956832731,38.7859161866931,33.5012646752577,40.807820406011,29.1348672007944,31.0557039003424,29.4746409344733,36.8711526234782,29.2895338221718,27.5832372553787,30.312491922328,26.8083845837096,45.928372655307,36.7784742232354,48.9857692004277,68.8002573777168,71.8997356686991,68.7329882166134,66.3704923040966,66.4560896836067,63.1615183989355,70.0047018759018,72.5493220920615,85.2308408432025,43.7757142906025,52.3011417781072,77.36362646787,39.8612777782928,32.4371068745148,43.4316301575439
29.0544439810102,28.7371473019085,30.5467073518035,30.0180554230373,29.5332869568829,30.6701536058001,32.082169902934,30.9767241714559,40.3692445709739,40.9578287478048,73.5818866287902,46.8761545583235,44.0389124575872,43.11107109463,40.4390407563852,47.3408941550481,41.3004969708345,36.5092637225385,38.2783983890865,40.760234176688,19.8972520358978,0,12.2991422716917,48.0504099704575,66.0155654735552,74.674284706476,55.2658298307833,57.4218044637749,40.5685939331113,39.7824529158409,38.0511749996936,42.306365608734,55.0021272654984,35.8414640531136,50.9434305438763,45.3502116445877,56.9117187196795,59.6980096351815,59.2155309819985,59.6564894600205,61.2294143765903,64.3834336348687,60.6885771960396,60.8913319635649,64.8919859362026,61.5903564172697,66.0586025549491,64.7065783550665,67.9646208813907,61.6540376084019,61.7641069378681,36.1246199422635,38.7893058277884,33.3419355729357,40.3921972337752,28.8446132045644,31.190970684665,29.8272860021593,34.2973027634813,27.9320034215271,24.2183911155713,28.2581721474463,23.8810407193242,45.0633139199652,34.4857453257358,46.580529363382,65.7518461268652,68.8495856498604,65.6835700719957,63.3220264470011,63.4486099758118,60.153471627772,66.9892072439639,69.533513485472,82.2369634736846,41.1115744937102,49.5971821527048,74.3545509269719,37.132034578533,28.9738637075831,41.6366800051746
29.7376800929538,29.4259744954796,31.2471722953854,30.6926539072219,30.2168742724439,31.3891916923929,32.817980132957,31.6964140622291,41.1357217662278,41.7251680006836,74.7849997500987,47.6373927972099,44.8004123969622,43.875151198476,41.682440522655,48.557409626994,42.0670695264794,37.3033844505565,39.0545781270815,41.5481657822448,18.2372400372034,12.2991422716917,0,49.0553404633838,67.3294854319424,75.9674678264032,56.2220668858598,58.3929275966804,41.9278736803429,40.575013027264,38.8436839417296,43.0926904239009,56.2846373901176,38.5262065315867,52.1399240650083,46.5414703661548,57.6705985500238,60.9192469196323,60.438284213626,60.8791361018353,62.4360083127598,65.5901197199253,61.8935831369682,62.0963536772357,66.1050178687571,62.8068407406058,67.2738445833316,65.9216848417742,69.1810653533394,62.8687474534491,62.9817477614332,36.9295653251993,39.5546674055805,34.1698498989721,41.1651708451383,29.8208964639057,32.066077574889,30.6229713359142,35.0828874802308,27.3139765685718,24.2331662058208,28.3921467746256,24.2473627056193,45.8556787345741,35.2739627379175,47.4542011368301,66.9931807001606,70.0929098018788,66.9258806369127,64.5630829507294,64.6499357241456,61.3549937073356,68.198272141405,70.7424246379594,83.4280719143684,42.0530723423351,50.5562516217921,75.4993859980686,38.048769538432,29.8199178292801,42.4011377455335
41.5677238503774,40.8104192713262,42.6042526429395,42.4663874380695,41.5604709184342,42.165342674551,43.0227393920402,42.0961384355696,48.765455950894,49.253885967496,69.3250266394013,56.192978101319,53.2566750292445,51.9253747657521,44.8871289167307,50.0336903487682,57.7611058049353,53.9064324743846,54.9343218636945,58.0741005504441,50.7616719341016,48.0504099704575,49.0553404633838,0,69.5026700707136,76.8651091189197,35.8598131620347,33.5711795286543,48.8622377858731,45.0325320942611,43.3152111965942,48.2150244072826,57.2807872567883,63.1424736829083,52.7886027323867,47.2609583540386,66.7628091909883,57.0015847728793,56.631140280131,57.0279352277138,57.4134698303461,60.5552287766116,56.743358537552,56.9265438635742,61.4650227104042,58.4376074707698,62.7933879958006,61.4474470119158,64.7856161555704,58.3572708004517,58.7003427055638,56.8855558125201,59.9404295679076,54.5725400986161,59.553144516015,51.7390915770242,54.6173517380213,53.0845314628017,44.6352882919367,55.1917143091457,50.0394561340033,51.7112993110434,46.1998789382406,61.7309784286221,41.9671417827875,44.8029514548369,64.4334051986028,67.6736420596273,64.4382422284266,61.989932490895,59.1267955422111,55.8539278560895,63.2541339087335,65.7967540751399,77.0719028063646,37.8603013736813,44.1850501335388,67.9190921498932,41.3720488543329,45.5295140956364,50.0128886058986
64.9787588866563,64.4479720420909,66.156134301323,65.9793200135018,65.2719916622693,65.9011856497255,66.9430336287536,66.0635022088154,74.2960476471688,74.8369786793641,70.6480878825341,81.2373118769028,78.3540229643564,77.2352003057328,56.5274482326235,62.8340293841281,78.9096406502935,74.4326032675728,75.9355748358861,78.6736805771908,69.1056516053959,66.0155654735552,67.3294854319424,69.5026700707136,0,36.2500706909448,79.1082795218631,80.6432029016143,57.2596156128442,72.220106281639,70.4934767475677,75.0561312109345,47.9844452210834,79.9642650040746,67.5073186809895,62.6483568963833,91.5234313034791,54.7098705621789,53.8750807746331,53.9344554777233,59.281470701105,62.2410392940867,59.0024295455008,59.0149826091727,60.5416505635257,56.5965118758708,61.1387664197452,60.002263317373,62.7106197643482,56.9557962195453,56.5235397599284,75.6639301473523,78.730229894964,73.0132786561389,79.274443281356,68.8558761754577,72.1304750368187,70.930152562276,68.3727486762069,74.5571774694605,69.6778547340148,71.8089825881709,66.5091917883966,82.6551497239011,67.5563951107505,75.9138822856736,54.2411356149999,56.7145699274523,53.9515600517574,52.0540289869731,61.6748119849499,58.4080412209419,63.4589911110808,66.1419552900106,82.1318731921095,68.7135895307975,76.379210700432,87.9742636319836,67.0237474292966,66.093513558599,75.5559363104121
73.2728711624473,72.7335747802088,74.4394496775621,74.274165082101,73.5586236078397,74.1712818315085,75.20006703947,74.3259814792935,82.5056492733399,83.0433269003421,74.8213196581999,89.4779566645182,86.5911813603212,85.4588788589935,64.6315367313196,70.6965002946702,87.4137701534501,82.9832070198965,84.4510902362812,87.2184785990731,77.7569622453404,74.674284706476,75.9674678264032,76.8651091189197,36.2500706909448,0,86.6123691425643,88.1168520594997,65.9544799194549,80.3316223899001,78.6059418036644,83.1851275236737,55.2380799619474,88.6612360602473,75.3203262731414,70.4994015599162,99.7824432148943,58.8436171583314,57.9448436901155,57.8416940500388,63.9282426216345,66.8277031383551,63.6846561267108,63.6369109168784,64.5509349424463,60.4960398732836,65.0059308461678,63.9588578466534,66.4861061056878,60.8957143347792,60.3734024805428,84.338003666735,87.4001614492896,81.7128940254279,87.8793942578731,77.6564490478978,80.8934798103798,79.6659047706095,76.6147508202505,83.1122649131643,78.2017467713605,80.307715856866,74.9833673264075,91.1782839639441,75.7324037853119,83.8658251648514,56.2258111783836,58.4526019055452,55.9070900086679,54.2347795967603,66.2223999486564,62.9708569085587,67.6313979610566,70.3615263231883,86.9430974522676,76.6411721447475,84.2602719374876,95.0156776672973,75.1217662463532,74.4824666625336,83.7639393437407
47.9009434751673,47.0407420467684,48.9476536232047,48.6966706081194,47.7043467900433,48.518325726287,49.3915399967953,48.331105583649,53.6657719111432,54.1294461523167,79.6752504472463,61.2736912271836,58.3208744270886,56.9071339287129,54.3602765638844,59.8056122508748,63.9564714694055,60.2199305435795,61.1537058361844,64.376557447244,57.8355957265895,55.2658298307833,56.2220668858598,35.8598131620347,79.1082795218631,86.6123691425643,0,30.7653611217709,57.8702153330559,49.3203168582882,47.6364992578604,52.536175632821,67.0520526975625,70.666486107396,62.7250545839077,57.182654286937,71.9422869311234,67.2828003959308,66.9000605127086,67.2906643883225,67.8128450586452,70.9468983671966,67.1538469696486,67.328995817536,71.7782471491149,68.7301704091831,73.0887436365307,71.7493558114684,75.070923584858,68.6594285864944,68.9850790935393,63.5848938458437,66.6575166876981,61.3344002003927,66.0652352519928,58.7388802230941,61.5844922692773,60.0044062010559,51.4035169645284,62.2262149839541,57.0962977415013,58.6650577969902,53.1805902852004,67.9425310649161,47.9874174020886,48.8407780671764,74.54853262116,77.7745310693233,74.5467049691698,72.1077434119724,69.5281044879786,66.257430646254,73.5937459183009,76.1417339353057,87.5323603166184,45.896831119692,53.173265058491,79.785645696568,48.8993964011068,52.8468774533546,54.9521553501495
50.3181975426701,49.49572902324,51.3567616983072,51.1549779271532,50.1945171985408,50.9180270995035,51.7788261638604,50.7742822327248,56.6805558174195,57.1546840202899,81.0739808911689,64.2163747895051,61.2698726207833,59.8894465199984,55.8459662233776,61.2154861089553,66.4791828633433,62.7028419203014,63.6687244256683,66.8629149411307,60.0408165763791,57.4218044637749,58.3929275966804,33.5711795286543,80.6432029016143,88.1168520594997,30.7653611217709,0,59.4981282465035,52.5697092420903,50.8680319304343,55.7906581041667,68.5354187891641,72.7213460251817,64.0837207847248,58.5378408685162,74.84602887845,68.679593445834,68.2992019674453,68.6927710032916,69.188076725141,72.3249222477555,68.5274649094153,68.7056255909526,73.1762741861331,70.1307728501252,74.4902267775761,73.1485080043144,76.4744352167007,70.0591071116263,70.3869007881639,65.9331152013952,68.9984050845074,63.6615905623113,68.4772253570552,60.9865176201386,63.8406472701463,62.2754692248053,53.6301919116478,64.434156598145,59.2922321375965,60.8943058882313,55.3964387115437,70.4626980342827,50.4631046624508,51.805958149989,75.9802287211376,79.208841472607,75.9794981749204,73.5386914610294,70.9108319611015,67.6390792868467,74.9878043691118,77.5340149486471,88.9087986136312,47.2364855370181,54.112377166815,80.7283326308912,50.7614686212152,54.9335691087107,57.9467576183682
40.0714930151984,39.6131796647075,41.2484096847114,41.143302092372,40.4943350564247,40.9997969742811,42.0493139719397,41.2417202948136,50.1646131206012,50.7152084907188,66.7234766620471,57.0417804888047,54.1637026428716,53.0748630106732,28.920649820706,38.0487094933561,54.4035423673404,49.9278603817531,51.4340623536172,54.1652064077994,43.9114310046191,40.5685939331113,41.9278736803429,48.8622377858731,57.2596156128442,65.9544799194549,57.8702153330559,59.4981282465035,0,48.3085833763745,46.5684872426387,51.143383600905,44.8416187976954,53.884968621511,42.9426553963046,37.6677190449725,67.2942183948246,52.1386047710699,51.6145268418219,52.0956127823211,54.1085803751816,57.2764135687239,53.6219628594394,53.8419113748606,57.6759545638028,54.2636724575375,58.7855637496894,57.4211009611194,60.6625481688687,54.3873140571061,54.4031677806483,51.0841068177108,54.1139406169429,48.4373066921066,54.7080032184936,44.3003009804954,47.4846446430551,46.2593142164699,43.2748893973453,49.1882347475741,44.2124008704186,46.4495831534735,41.0760701259593,58.1749169741818,42.9885194620551,52.314883566334,57.7810722564747,60.8336515608382,57.6858309554974,55.3484678790009,56.5729535593503,53.2654889645565,59.8932793987434,62.4325122072123,75.712629825053,44.7387027112707,52.5865682560806,69.2176264653313,42.0644072994061,40.1265080245268,51.4039234353095
