0.173974 0.0294803 0.0342062 9.9991E-05 0.76224
0.114539 0.0805633 9.9991E-05 0.0155442 0.789254
0.207371 0.0723416 0.0426164 0.0376875 0.639983
0.0429964 0.172882 9.9991E-05 0.00979681 0.774225
0.0118692 9.9982E-05 0.0812733 9.9982E-05 0.906658
9.999E-05 0.0315768 0.0930376 0.0104527 0.864833
0.164941 0.171829 0.00918888 9.9991E-05 0.653941
9.9982E-05 0.167721 9.9982E-05 0.035072 0.797007
0.246321 0.00918242 0.121305 0.00355269 0.619639
0.297145 0.203091 0.0238609 0.029833 0.44607
0.116692 0.503237 0.040627 0.0520339 0.28741
0.240865 0.245986 0.0245238 0.0135412 0.475085
0.0867129 0.765453 0.0458931 0.0426331 0.0593082
0.279008 0.252069 0.0427323 9.9991E-05 0.426091
0.156374 9.9991E-05 0.0867946 0.0421207 0.714611
0.0946623 0.243392 9.9991E-05 0.0262088 0.635636
0.268195 0.0250328 0.0331325 9.9991E-05 0.673539
0.107407 9.9982E-05 9.9982E-05 0.0336025 0.858791
0.59698 0.18307 0.147314 0.0725365 9.9991E-05
0.681105 0.257714 9.9982E-05 9.9982E-05 0.0609811
0.772966 0.0116982 0.00211979 0.0148103 0.198406
0.830217 0.150315 0.00594787 0.0134199 9.9991E-05
0.86503 0.0717081 9.9982E-05 0.0630618 9.9982E-05
0.803597 0.0391715 0.00887145 0.065041 0.0833192
0.632054 0.171616 9.9982E-05 9.9982E-05 0.19613
0.975494 0.000492408 9.9982E-05 0.0238137 9.9982E-05
0.891619 9.9982E-05 0.0570791 0.051102 9.9982E-05
0.856412 0.0237632 0.0793915 0.0403332 9.9991E-05
0.978341 9.9973E-05 0.0213593 9.9973E-05 9.9973E-05
0.824617 9.9982E-05 0.106711 9.9982E-05 0.0684719
0.923082 0.0167592 0.0364059 9.9991E-05 0.0236531
0.834521 9.9991E-05 0.0256311 0.0476194 0.0921287
0.863175 0.0309407 0.0128608 0.0645527 0.0284704
0.183896 0.200049 0.00589751 0.0875494 0.522609
0.277861 9.9991E-05 0.0571269 0.0119456 0.652967
0.236304 0.0335078 0.104432 9.9991E-05 0.625657
0.10155 0.119968 0.0453468 0.0360103 0.697125
0.191695 0.230299 0.0765246 0.0191852 0.482297
9.997E-05 9.997E-05 9.997E-05 0.9996 9.997E-05
0.783262 0.185619 0.0145273 0.0164916 9.9991E-05
0.161505 9.9991E-05 0.134042 0.00851743 0.695835
0.135396 0.221176 9.9982E-05 9.9982E-05 0.643228
0.297765 0.259139 0.132454 0.0213223 0.28932
0.0955186 0.667464 0.11514 0.0451607 0.0767168
0.0219291 0.949298 9.9991E-05 0.0279489 0.000724385
9.997E-05 9.997E-05 9.997E-05 0.9996 9.997E-05
0.188168 0.22176 0.00897728 0.0830608 0.498034
0.097381 0.422832 0.123609 9.9991E-05 0.356078
0.358017 0.166584 0.132606 0.0239213 0.318872
9.9991E-05 0.10946 0.740284 0.0261212 0.124034
9.9991E-05 0.169992 0.781197 0.0181513 0.0305598
0.0220043 9.9991E-05 0.77112 0.0157761 0.191
9.9991E-05 0.263231 0.666391 0.0436189 0.0266586
0.00732602 9.9991E-05 0.830037 0.052111 0.110426
0.0894461 9.9982E-05 0.856553 9.9982E-05 0.0538011
9.9973E-05 9.9973E-05 0.696299 9.9973E-05 0.303402
9.9991E-05 0.168177 0.772247 0.0269387 0.0325367
0.09087 0.0178358 0.843338 0.0478559 9.9991E-05
9.9991E-05 0.0700113 0.759154 0.0499605 0.120774
9.9991E-05 0.274197 0.585719 0.0437286 0.0962554
0.113163 0.131723 0.754914 9.9982E-05 9.9982E-05
0.0521413 0.181066 0.702983 0.00842163 0.0553875
9.9991E-05 0.577106 0.303156 0.0789062 0.0407319
0.72302 0.00887478 0.0721226 0.0275691 0.168413
0.786454 0.0144246 0.0223662 0.0424276 0.134327
0.887245 9.9982E-05 9.9982E-05 0.0202626 0.0922927
0.0581159 0.154136 0.699752 9.9991E-05 0.0878964
9.9982E-05 0.497098 0.414374 0.0883281 9.9982E-05
0.0390377 0.135798 0.740013 0.0255851 0.0595669
0.0171627 0.270503 0.645887 0.0663475 9.9991E-05
0.00268818 9.9991E-05 0.828562 0.0542932 0.114356
9.9991E-05 0.690722 0.115399 0.00730832 0.18647
0.0356845 0.840638 0.0249233 0.00940374 0.0893505
9.9982E-05 0.867543 0.0821933 9.9982E-05 0.0500635
9.9973E-05 0.953903 9.9973E-05 0.0457968 9.9973E-05
0.0792364 0.8715 9.9991E-05 0.0398858 0.00927792
0.0257701 0.950479 9.9982E-05 0.0235505 9.9982E-05
0.125545 0.726711 0.0387997 0.0185753 0.0903689
9.9982E-05 0.323502 0.607812 9.9982E-05 0.068486
9.9991E-05 0.3957 0.401674 0.124072 0.0784537
0.123312 0.154754 0.697828 0.0240059 9.9991E-05
0.130105 0.0672857 0.737146 0.0653631 9.9991E-05
9.9991E-05 0.069078 0.701378 0.0240049 0.205439
0.697466 0.155281 0.0506689 0.0378921 0.0586921
0.111359 0.593565 0.234282 9.9991E-05 0.0606944
9.9973E-05 0.901666 0.0980336 9.9973E-05 9.9973E-05
9.997E-05 9.997E-05 9.997E-05 0.9996 9.997E-05
0.199588 0.182539 9.9991E-05 0.00826714 0.609506
0.182029 0.145061 9.9991E-05 0.0392756 0.633534
0.19232 0.17524 0.00917484 0.0626954 0.56057
0.236272 0.212572 0.087945 0.0451748 0.418036
0.0921387 9.9982E-05 0.0922401 9.9982E-05 0.815421
9.9982E-05 0.848563 0.141259 0.00997808 9.9982E-05
0.626939 0.226537 0.00219883 0.0276548 0.116671
9.9991E-05 0.483765 0.229435 0.0689234 0.217776
0.30592 0.396574 0.0528961 0.0317753 0.212835
0.237596 9.9982E-05 9.9982E-05 0.00663056 0.755573
0.147423 0.286306 9.9982E-05 9.9982E-05 0.566071
0.180713 0.20499 9.9982E-05 9.9982E-05 0.614098
0.0607924 0.15525 0.063136 0.0314757 0.689346
0.0690522 0.476895 9.9991E-05 0.00198045 0.451973
0.0966764 0.200564 9.9982E-05 9.9982E-05 0.70256
0.0815725 0.555711 0.21739 0.0232521 0.122074
0.0694916 0.611958 0.145787 0.0757043 0.0970587
0.00503945 0.580324 0.221608 0.0828001 0.110229
0.249604 0.575933 9.9991E-05 0.0266639 0.147698
0.156656 0.572979 0.0423725 9.9991E-05 0.227893
0.47406 9.9982E-05 0.0851664 9.9982E-05 0.440573
9.9973E-05 9.9973E-05 0.755392 9.9973E-05 0.244308
0.0243265 0.183491 0.719668 0.0266321 0.0458823
0.149892 0.645299 0.157911 9.9991E-05 0.0467977
0.129817 0.548772 0.167184 0.0290987 0.125127
0.258799 0.525504 0.131979 0.0624338 0.0212839
0.721504 0.278196 9.9973E-05 9.9973E-05 9.9973E-05
0.00489121 0.296205 0.632775 0.0660284 9.9991E-05
0.0491944 0.283893 0.646785 9.9991E-05 0.020027
9.9982E-05 0.348055 0.486718 9.9982E-05 0.165027
0.518267 0.0463488 0.0602114 0.0435858 0.331587
0.295701 9.9982E-05 0.068574 9.9982E-05 0.635525
0.00988037 0.101402 0.0597048 0.0191638 0.809849
0.127169 9.9982E-05 0.120896 9.9982E-05 0.751736
0.477847 0.116931 9.9982E-05 9.9982E-05 0.405021
0.156539 0.112569 9.9982E-05 9.9982E-05 0.730692
0.107747 0.0226175 0.0481648 9.9991E-05 0.821371
9.9982E-05 9.9982E-05 0.0775186 0.00634226 0.915939
0.392673 0.0891707 0.0286136 0.0113736 0.478169
0.147399 0.182353 9.9982E-05 9.9982E-05 0.670048
0.21034 0.122954 9.9991E-05 0.0236669 0.642939
0.138057 0.195632 9.9991E-05 0.0286583 0.637552
0.277342 0.0496763 0.118347 9.9991E-05 0.554535
0.0794581 0.140024 0.0469649 0.0378541 0.695699
0.246394 0.266305 9.9991E-05 0.0447684 0.442433
0.0551469 0.0419778 0.0506813 0.00444724 0.847747
0.868177 0.12984 9.9982E-05 9.9982E-05 0.00178362
0.987337 0.0123626 9.9973E-05 9.9973E-05 9.9973E-05
0.925239 9.9982E-05 9.9982E-05 0.0728221 0.00173851
0.839035 9.9982E-05 0.098304 9.9982E-05 0.0624606
0.837116 0.00350112 0.0761258 0.0456045 0.0376523
9.9991E-05 0.220783 0.0912098 0.00250066 0.685407
0.161645 0.119519 0.00436451 0.033114 0.681357
9.9973E-05 0.104187 0.895513 9.9973E-05 9.9973E-05
9.9991E-05 0.0482974 0.785264 0.03588 0.130459
9.9991E-05 0.0137312 0.846512 0.00603654 0.13362
0.047808 0.392877 0.559115 9.9982E-05 9.9982E-05
9.9991E-05 0.0543462 0.854099 0.0418313 0.0496236
0.0722699 0.0393704 0.825816 0.00774007 0.0548033
9.9991E-05 0.0636801 0.870008 0.00781648 0.0583951
0.0502091 0.144561 0.797199 0.0079308 9.9991E-05
0.140566 0.0542098 0.795963 9.9991E-05 0.00916134
0.0708699 0.0996756 0.791829 0.0156361 0.021989
9.9991E-05 0.114152 0.799558 0.0269556 0.0592345
0.0577292 0.0764019 0.733665 0.038533 0.093671
0.0315754 9.9991E-05 0.808628 0.0203772 0.13932
0.0911451 9.9991E-05 0.860196 0.0212419 0.0273171
9.9973E-05 0.196308 0.803392 9.9973E-05 9.9973E-05
9.9982E-05 9.9982E-05 0.860166 0.00793874 0.131695
0.0980724 0.0984849 0.803243 9.9982E-05 9.9982E-05
0.0810446 0.81231 0.106446 9.9982E-05 9.9982E-05
9.9973E-05 0.923082 9.9973E-05 9.9973E-05 0.0766183
9.9982E-05 0.180947 0.78483 9.9982E-05 0.0340233
9.9991E-05 0.00447632 0.681671 0.0308756 0.282878
9.9982E-05 0.213399 0.784117 0.00228391 9.9982E-05
9.9982E-05 0.757573 0.0983671 9.9982E-05 0.14386
0.00464374 0.0742639 9.9991E-05 0.0164952 0.904497
0.248147 9.9991E-05 0.0289134 0.0182788 0.704561
0.482566 0.205023 0.0302781 9.9991E-05 0.282032
0.682455 0.0306537 0.0262334 9.9991E-05 0.260558
0.815059 0.131356 0.00305564 9.9991E-05 0.0504293
0.917367 0.0271177 0.0553151 9.9982E-05 9.9982E-05
0.762844 0.0448815 9.9991E-05 0.0376219 0.154552
0.756518 0.102099 0.0220922 0.0220724 0.0972185
0.761515 0.0889343 0.0974212 0.0471862 0.00494345
0.787839 0.0201016 0.042731 0.0571212 0.0922071
0.0842639 0.10337 0.0257821 0.00356026 0.783024
0.0804391 0.119721 0.082016 0.0415633 0.67626
9.9991E-05 0.248465 0.0251894 0.045824 0.680422
9.9982E-05 0.253743 0.00125922 9.9982E-05 0.744798
9.9982E-05 0.235985 9.9982E-05 0.0273315 0.736484
0.00223348 0.421862 9.9982E-05 9.9982E-05 0.575705
0.274603 0.270829 9.9991E-05 0.00199509 0.452473
0.191087 0.315364 0.0364355 0.0163492 0.440765
0.0558902 0.253906 9.9991E-05 0.0632372 0.626867
0.23999 0.150027 0.035688 0.00897426 0.565321
0.104781 0.142379 0.0478196 0.0386809 0.66634
0.645675 9.9991E-05 0.106278 0.178954 0.0689928
0.0564544 0.0997371 0.748991 0.0356771 0.0591407
0.0954531 0.0829522 0.768822 0.0526726 9.9991E-05
0.0505987 0.149839 0.799362 9.9982E-05 9.9982E-05
0.0261767 0.221043 0.658874 0.017854 0.0760527
0.0911516 9.9991E-05 0.776157 0.0206277 0.111963
0.269395 0.182532 0.107561 0.0482068 0.392305
0.288441 0.128208 0.0254997 0.026512 0.531339
0.140771 9.9991E-05 0.0288051 0.0611106 0.769213
0.292774 0.137651 9.9991E-05 0.0770506 0.492425
