0.0828118 0.0452725 9.9973E-05 0.13025 9.9973E-05 0.741365 9.9973E-05
0.0888302 9.9982E-05 0.0321595 0.115864 0.169356 0.59359 9.9982E-05
0.147588 9.9982E-05 0.00473766 0.161298 9.9982E-05 0.684181 0.00199605
0.007512 9.9973E-05 9.9973E-05 0.257645 0.0167243 0.717819 9.9973E-05
9.9982E-05 0.0865071 0.0113491 9.9982E-05 0.0586957 0.829507 0.0137407
9.9973E-05 0.0554774 9.9973E-05 0.126945 0.113072 0.704206 9.9973E-05
9.9973E-05 0.0482341 9.9973E-05 0.103015 0.259281 0.58917 9.9973E-05
9.9973E-05 9.9973E-05 0.0321929 0.153879 0.207128 0.6065 9.9973E-05
0.125135 0.0117784 0.0130799 9.9991E-05 0.675198 0.119471 0.055237
0.120052 0.0312247 0.0288849 0.154353 0.419495 0.239757 0.00623316
0.0385253 9.9991E-05 0.0612541 0.380147 0.309217 0.121769 0.0889885
0.133653 9.9982E-05 0.0112638 0.287675 0.366236 0.200973 9.9982E-05
9.9973E-05 9.9973E-05 0.00915933 0.809735 0.114737 9.9973E-05 0.0660689
0.096201 9.9973E-05 9.9973E-05 0.0553995 0.741365 9.9973E-05 0.106734
0.0839812 0.08596 0.0427971 9.9982E-05 0.403526 0.383535 9.9982E-05
0.0430654 9.9982E-05 0.0111821 0.132112 0.473036 0.340405 9.9982E-05
0.137006 0.0372293 9.9991E-05 0.0165917 0.521873 0.286547 0.000653502
9.9964E-05 9.9964E-05 0.0155178 9.9964E-05 0.471612 0.512471 9.9964E-05
0.473967 0.050017 0.0633646 0.200056 0.072258 0.0327574 0.10758
0.589569 9.9973E-05 9.9973E-05 0.0671285 0.325732 9.9973E-05 0.0172706
0.66472 9.9991E-05 0.00990297 0.00820719 0.0534911 0.227367 0.036212
0.796362 0.066512 9.9973E-05 0.0776258 9.9973E-05 0.0592004 9.9973E-05
0.80984 0.0438897 0.0468926 0.077286 9.9982E-05 0.0218917 9.9982E-05
0.761872 0.0173695 0.0393212 9.9982E-05 0.155356 9.9982E-05 0.0258808
0.669734 0.0378553 9.9982E-05 0.0150317 0.0797183 0.197461 9.9982E-05
0.841951 0.00914408 0.00259999 0.0241758 9.9982E-05 0.121929 9.9982E-05
0.866217 9.9973E-05 0.0104733 0.0159231 9.9973E-05 9.9973E-05 0.107087
0.763047 0.108591 0.0147656 9.9973E-05 0.113297 9.9973E-05 9.9973E-05
0.794714 9.9964E-05 9.9964E-05 9.9964E-05 9.9964E-05 0.128085 0.0768008
0.794569 0.083832 9.9973E-05 9.9973E-05 9.9973E-05 0.106289 0.0150104
0.891633 0.0473197 9.9964E-05 9.9964E-05 0.0606476 9.9964E-05 9.9964E-05
0.756475 9.9982E-05 0.034975 0.0527348 0.0826279 9.9982E-05 0.0729869
0.758442 0.0959078 0.0460156 9.9982E-05 0.0823114 0.0171231 9.9982E-05
0.113355 9.9982E-05 0.0813421 0.221231 0.24243 0.341442 9.9982E-05
0.181062 0.0340935 0.00321994 9.9991E-05 0.237328 0.533193 0.0110034
0.0583698 0.0192694 9.9991E-05 0.0798773 0.0331288 0.7536 0.0556549
0.00798646 0.0431352 0.041369 0.188347 0.00268152 0.716381 9.9991E-05
0.0993174 9.9991E-05 0.00479159 0.230129 0.336428 0.256807 0.0724268
9.995E-05 9.995E-05 0.9994 9.995E-05 9.995E-05 9.995E-05 9.995E-05
0.735141 9.9973E-05 0.011485 0.212227 9.9973E-05 9.9973E-05 0.0408475
0.152666 0.0830939 0.0131204 9.9982E-05 9.9982E-05 0.697007 0.0539131
0.0865999 9.9973E-05 9.9973E-05 0.235833 0.292081 0.385186 9.9973E-05
0.227164 0.125559 0.0106945 0.234761 0.243265 0.158456 9.9991E-05
0.00446348 0.0145878 0.0504188 0.592659 0.158066 0.0493297 0.130476
0.0266406 0.0682719 0.00698343 0.833759 9.9982E-05 0.0641449 9.9982E-05
9.995E-05 9.995E-05 0.9994 9.995E-05 9.995E-05 9.995E-05 9.995E-05
0.118578 9.9991E-05 0.078498 0.234618 0.256571 0.278287 0.0333486
0.0874981 0.124546 9.9991E-05 0.38278 0.295636 0.0847163 0.0247232
0.32005 9.9991E-05 0.0387982 0.169538 0.231209 0.137597 0.102708
9.9982E-05 0.769808 0.00987729 0.013132 0.125292 9.9982E-05 0.0816909
0.033475 0.320395 0.0261497 0.110626 0.00435717 9.9991E-05 0.504898
9.9973E-05 0.353034 9.9973E-05 9.9973E-05 0.0928867 0.10789 0.44589
9.9982E-05 0.268934 0.0507266 0.230235 0.0286012 9.9982E-05 0.421303
0.00709468 0.200593 0.0529217 9.9982E-05 0.115541 9.9982E-05 0.62365
0.0399149 0.156087 9.9982E-05 9.9982E-05 0.0328808 0.0651296 0.705787
9.9955E-05 9.9955E-05 9.9955E-05 9.9955E-05 0.295281 9.9955E-05 0.70422
9.9973E-05 0.475098 0.00781366 9.9973E-05 0.184017 9.9973E-05 0.332771
9.99549E-05 0.987719 0.0117816 9.99549E-05 9.99549E-05 9.99549E-05 9.99549E-05
9.9991E-05 0.0975573 0.0555906 0.106971 0.0528904 0.00750572 0.679385
9.9991E-05 0.301917 0.0397913 0.193326 0.0879918 0.0470605 0.329814
9.995E-05 0.9994 9.995E-05 9.995E-05 9.995E-05 9.995E-05 9.995E-05
0.0391973 0.224412 9.9982E-05 0.157198 0.0950614 9.9982E-05 0.483931
9.9982E-05 0.219691 0.0596022 0.526503 0.018501 9.9982E-05 0.175503
0.739377 9.9973E-05 9.9973E-05 9.9973E-05 0.0806914 0.0704034 0.109228
0.702545 0.0191543 0.0287196 0.058295 0.0911348 0.100051 9.9991E-05
0.741242 0.0387192 0.0254148 9.9982E-05 0.0212898 0.173135 9.9982E-05
0.0120856 0.0514568 0.00972063 0.191275 0.103806 9.9991E-05 0.631556
9.9991E-05 0.196792 0.0755871 0.301782 0.0229788 0.0307357 0.372025
0.0828523 0.0469492 0.0117188 0.121154 0.0284074 0.026358 0.68256
0.016116 0.110014 0.0405047 0.243859 9.9982E-05 9.9982E-05 0.589306
9.9982E-05 0.0168818 0.0398782 0.0276727 9.9982E-05 0.0662442 0.849123
9.9982E-05 0.119867 9.9982E-05 0.63213 0.207072 0.00974553 0.0309856
9.9964E-05 0.0908229 9.9964E-05 0.61593 0.292848 9.9964E-05 9.9964E-05
9.9964E-05 0.177405 9.9964E-05 0.660953 0.161241 9.9964E-05 9.9964E-05
0.0131152 9.9973E-05 0.020964 0.962157 9.9973E-05 9.9973E-05 0.00346398
0.0928209 9.9973E-05 0.0315365 0.83577 9.9973E-05 9.9973E-05 0.0395728
9.9973E-05 0.0934366 0.00511153 0.812614 0.0885381 9.9973E-05 9.9973E-05
0.109625 0.00985559 0.0339307 0.651404 0.0334289 0.0978497 0.0639071
9.9973E-05 0.10672 9.9973E-05 0.0709207 0.247818 9.9973E-05 0.574241
9.9982E-05 0.122612 0.105898 0.351236 9.9982E-05 0.0977539 0.3223
0.0968355 0.289788 0.0159146 0.100959 9.9991E-05 0.01168 0.484724
0.0624653 0.229749 0.0459276 0.034554 0.0755525 9.9991E-05 0.551651
9.9973E-05 0.068978 0.0115447 9.9973E-05 0.294499 9.9973E-05 0.624679
0.512474 9.9982E-05 0.0265741 0.00239789 0.395715 9.9982E-05 0.0626392
0.0321468 0.127747 9.9982E-05 0.517308 9.9982E-05 0.172325 0.150273
9.9973E-05 0.0836041 9.9973E-05 0.807231 9.9973E-05 0.00929014 0.0995743
9.995E-05 9.995E-05 0.9994 9.995E-05 9.995E-05 9.995E-05 9.995E-05
0.125971 0.0240413 0.00276688 0.176612 0.106869 0.563639 9.9991E-05
0.101971 0.0149767 0.0260975 0.152343 0.0720361 0.632475 9.9991E-05
0.121324 0.0743645 0.0253346 0.0893226 0.496737 0.192817 9.9991E-05
0.145999 0.0384636 0.0504711 0.0515916 0.639488 9.9991E-05 0.0738871
9.9973E-05 0.0688751 9.9973E-05 0.00699774 0.315007 0.60882 9.9973E-05
9.9964E-05 0.281396 9.9964E-05 0.64837 0.0698346 9.9964E-05 9.9964E-05
0.533783 9.9991E-05 0.0235383 0.171823 0.0615154 0.168659 0.0405811
9.9982E-05 0.0482885 0.083959 0.675679 9.9982E-05 0.0626107 0.129262
0.347217 9.9982E-05 0.0191776 0.311531 9.9982E-05 0.232094 0.0897802
0.0944133 9.99641E-05 9.99641E-05 9.99641E-05 0.590779 0.314408 9.99641E-05
0.0844236 9.9973E-05 9.9973E-05 0.259817 0.109466 0.545993 9.9973E-05
0.16193 9.9973E-05 9.9973E-05 0.212169 0.28361 0.341991 9.9973E-05
9.9973E-05 0.114828 9.9973E-05 9.9973E-05 0.862824 0.0208142 0.00123398
0.03027 9.9973E-05 0.00522066 0.36801 9.9973E-05 0.596199 9.9973E-05
9.9964E-05 9.9964E-05 9.9964E-05 0.0875052 0.78807 0.124025 9.9964E-05
9.9982E-05 0.0668767 0.0412058 0.583088 9.9982E-05 0.124674 0.183956
0.0466105 0.130508 0.0708724 0.466475 0.0776857 0.104994 0.102854
0.0163282 9.9982E-05 0.0865281 0.660661 9.9982E-05 0.0300708 0.206212
0.114988 9.9973E-05 0.00394727 0.519207 0.361558 9.9973E-05 9.9973E-05
0.0686346 0.00196794 9.9991E-05 0.442889 0.381966 0.0161638 0.0882784
0.417302 9.9973E-05 9.9973E-05 9.9973E-05 0.154757 0.355124 0.0725177
0.00434408 0.18668 0.0114564 9.9982E-05 9.9982E-05 0.17458 0.622739
0.0222348 0.152059 0.00822484 0.125823 0.0458943 9.9991E-05 0.645664
0.163907 0.169522 9.9982E-05 0.555338 9.9982E-05 0.0441279 0.0669057
0.0617869 0.178288 0.0488757 0.365334 0.326223 9.9991E-05 0.0193921
0.183326 0.182206 0.061023 0.441716 9.9982E-05 0.131528 9.9982E-05
0.61051 9.9955E-05 9.9955E-05 0.38899 9.9955E-05 9.9955E-05 9.9955E-05
0.0701281 9.9973E-05 0.0298534 0.2546 9.9973E-05 9.9973E-05 0.645118
9.9973E-05 0.263571 9.9973E-05 0.223032 0.0692165 9.9973E-05 0.44388
9.9973E-05 0.101785 9.9973E-05 0.432678 9.9973E-05 0.0898987 0.375338
0.380282 9.9982E-05 0.0613498 0.130098 9.9982E-05 0.411181 0.016889
0.173264 0.0207994 0.00978597 9.9991E-05 0.132987 0.601294 0.0617692
0.00106542 0.0152606 0.0220813 0.142924 0.111497 0.685508 0.0216631
0.0187213 0.168291 9.9973E-05 9.9973E-05 0.107995 0.704692 9.9973E-05
0.322017 0.0173115 9.9973E-05 9.9973E-05 0.235278 0.425094 9.9973E-05
0.171141 0.0794437 0.0027551 9.9982E-05 0.178989 0.567472 9.9982E-05
0.102848 9.9973E-05 9.9973E-05 0.133003 9.9973E-05 0.747089 0.0167588
9.9982E-05 0.0896084 0.016018 9.9982E-05 0.137632 0.742898 0.013644
0.332261 9.9982E-05 9.9982E-05 0.0889277 0.149986 0.369054 0.0595705
9.9964E-05 9.9964E-05 9.9964E-05 9.9964E-05 0.890515 0.102385 0.00670041
0.0570446 9.9973E-05 0.00540045 9.9973E-05 0.935513 0.00174192 9.9973E-05
9.9973E-05 9.9973E-05 0.00477458 0.125513 0.734473 0.13494 9.9973E-05
0.193781 0.0160289 9.9991E-05 0.124543 0.193321 0.392805 0.0794211
9.9982E-05 0.0662532 0.0245959 9.9982E-05 0.753554 0.144116 0.0112801
0.158739 0.0630636 9.9973E-05 0.0889609 0.688936 9.9973E-05 9.9973E-05
0.0624583 9.9991E-05 0.0141563 0.0589444 0.285007 0.540621 0.0387128
0.843553 0.0323766 9.9973E-05 0.104568 0.0192021 9.9973E-05 9.9973E-05
0.822624 9.9964E-05 9.9964E-05 0.100685 9.9964E-05 0.0762913 9.9964E-05
0.769258 0.00298354 0.0258252 9.9973E-05 0.201633 9.9973E-05 9.9973E-05
0.72435 0.0269017 0.00136301 0.0337258 0.154705 9.9991E-05 0.058854
0.828982 0.0425952 9.9982E-05 0.0631868 9.9982E-05 0.0269177 0.0381187
9.9982E-05 9.9982E-05 0.0122029 0.207393 0.0998975 0.594804 0.0855025
0.103955 9.9973E-05 0.00611273 0.184694 9.9973E-05 0.704938 9.9973E-05
9.9964E-05 0.659256 9.9964E-05 0.0151423 9.9964E-05 9.9964E-05 0.325201
0.0636963 9.9982E-05 0.0431643 0.0327298 0.0365515 9.9982E-05 0.823658
9.9973E-05 0.105501 9.9973E-05 9.9973E-05 0.0137116 0.0995555 0.780932
0.0496101 9.9973E-05 9.9973E-05 0.260713 9.9973E-05 0.0334961 0.655881
9.9982E-05 0.160384 0.020138 0.0590943 9.9982E-05 0.0367973 0.723386
0.136321 0.271814 9.9973E-05 9.9973E-05 0.0312566 9.9973E-05 0.560309
9.9973E-05 9.9973E-05 0.030573 0.103274 0.00155439 9.9973E-05 0.864298
0.0851354 0.449884 9.9982E-05 0.0224463 9.9982E-05 0.0277848 0.41455
0.070377 0.197208 9.9982E-05 0.00990308 9.9982E-05 0.0318735 0.690439
0.103467 0.229964 9.9973E-05 0.0582789 9.9973E-05 9.9973E-05 0.607991
9.9982E-05 0.0636017 0.0471367 0.147869 9.9982E-05 0.0190805 0.722112
0.0426913 0.0413182 0.0223708 0.0219488 0.140385 9.9991E-05 0.731186
0.0311952 0.136991 0.00822681 0.03827 9.9991E-05 0.156373 0.628844
0.0354955 0.18888 0.0157965 9.9991E-05 0.0435383 0.0162583 0.699931
9.9973E-05 0.125053 9.9973E-05 0.131204 9.9973E-05 0.0604866 0.682957
9.9973E-05 0.0138486 0.0286581 9.9973E-05 9.9973E-05 0.0741691 0.883024
0.0782975 0.02508 0.0258534 0.0284487 0.00900196 9.9991E-05 0.833218
0.0199051 9.9982E-05 9.9982E-05 0.785944 0.00326126 0.0660684 0.124621
0.0667408 9.9973E-05 9.9973E-05 0.866793 0.0488824 0.0172837 9.9973E-05
9.9973E-05 0.0840151 9.9973E-05 0.0569039 9.9973E-05 0.0641915 0.79459
9.9973E-05 0.362813 9.9973E-05 9.9973E-05 0.0676315 0.194403 0.374853
9.995E-05 0.9994 9.995E-05 9.995E-05 9.995E-05 9.995E-05 9.995E-05
9.9973E-05 0.220874 9.9973E-05 0.544065 0.134262 0.100499 9.9973E-05
9.9973E-05 9.9973E-05 0.00155563 0.022744 9.9973E-05 0.910193 0.0652072
0.196097 9.9973E-05 0.0229076 9.9973E-05 0.192227 0.588469 9.9973E-05
0.400931 0.0773212 9.9973E-05 0.210218 9.9973E-05 0.31123 9.9973E-05
0.555237 9.9982E-05 9.9982E-05 0.117485 0.220921 0.105992 0.000165759
0.661324 9.9973E-05 9.9973E-05 0.0676697 0.236485 9.9973E-05 0.0342215
0.745494 0.0565879 9.9991E-05 0.0410016 0.128832 0.0043731 0.023611
0.68351 0.0351035 9.9964E-05 9.9964E-05 0.280987 9.9964E-05 9.9964E-05
0.599978 0.0313288 0.0153113 0.0165241 0.336658 9.9982E-05 9.9982E-05
0.661276 0.0528743 0.0348252 0.149977 0.0821176 9.9991E-05 0.0188302
0.749314 9.9973E-05 0.0345003 9.9973E-05 9.9973E-05 0.0764401 0.139445
0.102013 0.047379 9.9982E-05 0.0828354 0.0227079 0.744865 9.9982E-05
0.000844254 0.0928079 0.0494784 0.0450675 9.9982E-05 0.811602 9.9982E-05
9.9982E-05 0.106513 0.0466768 0.0349831 0.117571 0.694056 9.9982E-05
9.99641E-05 9.99641E-05 9.99641E-05 0.179169 9.99641E-05 0.782588 0.0378437
9.9982E-05 0.0564776 0.0179315 0.139702 0.0630787 0.722611 9.9982E-05
9.9973E-05 9.9973E-05 9.9973E-05 0.307994 0.102284 0.526135 0.0632874
0.104946 0.0543587 9.9982E-05 0.0818816 0.615586 0.143027 9.9982E-05
0.0211198 0.0931587 0.00287377 0.07914 0.803508 9.9982E-05 9.9982E-05
9.9982E-05 9.9982E-05 0.0378929 0.0279562 0.913236 0.0041746 0.0165407
0.0474328 9.9982E-05 9.9982E-05 0.0680329 0.685425 0.108677 0.090232
0.00300505 9.9991E-05 0.0138942 0.00225878 0.79205 0.120856 0.0678357
0.545812 9.9973E-05 0.136233 9.9973E-05 0.215159 9.9973E-05 0.102496
9.9991E-05 0.57588 0.0147573 0.11173 0.0649453 0.0060706 0.226517
0.0889033 0.0717999 0.0317059 0.0732643 9.9991E-05 0.0336491 0.700578
0.00508181 9.9973E-05 9.9973E-05 0.0667478 0.0511627 9.9973E-05 0.876708
0.0160053 9.9991E-05 0.00733391 0.142772 0.021186 0.111025 0.701578
0.0325864 0.0558082 0.0271507 9.9982E-05 9.9982E-05 0.140957 0.743298
0.273078 0.116808 0.00442459 9.9991E-05 0.423472 0.133706 0.0484108
0.264614 9.9991E-05 0.0351069 0.111039 0.330489 0.253039 0.00561205
0.0712586 9.9973E-05 0.0552277 9.9973E-05 0.753995 0.119219 9.9973E-05
0.213973 0.0154535 0.0438963 0.209637 0.290615 0.226326 9.9991E-05
