0.0218157 0.801988 0.176196
9.999E-05 0.868566 0.131334
9.999E-05 0.769746 0.230154
0.0410569 0.958843 9.9991E-05
0.0428986 0.950307 0.00679391
0.048318 0.951582 9.9991E-05
0.063459 0.907639 0.0289017
0.0113859 0.982319 0.0062953
0.0554418 0.70615 0.238408
0.063474 0.729931 0.206595
0.229402 0.652272 0.118326
0.0944683 0.636499 0.269033
0.341235 0.549021 0.109744
0.104109 0.643536 0.252355
0.0455716 0.785753 0.168675
9.9991E-05 0.887013 0.112887
9.9991E-05 0.717894 0.282006
9.9991E-05 0.868003 0.131897
0.187962 0.145918 0.66612
0.0141353 0.253498 0.732366
9.9991E-05 0.21009 0.78981
0.0519466 0.1064 0.841653
0.00525137 9.9991E-05 0.994649
0.0127651 0.105627 0.881608
9.9991E-05 0.24871 0.75119
9.9991E-05 0.0275284 0.972372
0.0461035 9.9991E-05 0.953797
0.0805083 9.9991E-05 0.919392
9.999E-05 9.999E-05 0.9998
0.0426703 9.9991E-05 0.95723
0.00506944 9.9991E-05 0.994831
0.0615597 0.0507308 0.88771
0.0269924 0.037369 0.935639
0.0631552 0.710458 0.226387
0.0221247 0.660491 0.317384
0.0501818 0.814552 0.135266
9.9991E-05 0.867164 0.132736
0.131403 0.754298 0.114299
0.411134 9.9991E-05 0.588766
0.0714378 0.0575107 0.871051
0.0942946 0.708489 0.197217
9.9991E-05 0.82186 0.17804
0.176688 0.554203 0.269109
0.353959 0.529163 0.116877
0.311851 0.68618 0.00196876
0.40843 0.0737662 0.517803
0.132987 0.590602 0.276411
0.219171 0.602365 0.178465
0.121162 0.509361 0.369477
0.911971 0.0748393 0.0131895
0.936408 0.0346766 0.0289157
0.858511 0.102771 0.0387176
0.848235 0.113753 0.0380121
0.929498 9.9991E-05 0.0704021
0.895681 0.0159108 0.0884087
0.752499 0.247401 9.9991E-05
0.835298 0.0548467 0.109855
0.937975 9.9991E-05 0.0619245
0.90535 0.0945502 9.9991E-05
0.766322 0.233578 9.9991E-05
0.929596 9.9991E-05 0.070304
0.797182 0.139285 0.0635334
0.591789 0.346974 0.0612361
0.0475966 0.138214 0.81419
0.0397605 0.100996 0.859243
9.9991E-05 0.0912571 0.908643
0.782711 0.187766 0.0295235
0.751741 0.176044 0.0722157
0.851771 0.0587345 0.0894946
0.856543 0.0933765 0.0500807
0.924504 0.0329788 0.0425176
0.352385 0.647515 9.9991E-05
0.316891 0.62953 0.0535799
0.35319 0.577278 0.0695321
0.354015 0.562648 0.0833366
0.285848 0.567862 0.14629
0.371741 0.514686 0.113573
0.303368 0.586567 0.110065
0.768737 0.231163 9.9991E-05
0.635983 0.272355 0.0916617
0.855516 0.0848231 0.0596613
0.854189 9.9991E-05 0.145711
0.798497 0.201403 9.9991E-05
0.096842 0.117258 0.7859
0.514401 0.368064 0.117534
0.41544 0.58446 9.9991E-05
0.478483 0.012504 0.509013
9.9991E-05 0.761074 0.238826
9.9991E-05 0.830639 0.169261
0.0396196 0.769864 0.190516
0.148428 0.519984 0.331588
0.0236336 0.879484 0.0968829
0.452071 0.487381 0.0605479
0.0976354 0.314559 0.587806
0.494922 0.473618 0.0314603
0.190229 0.466978 0.342793
9.9991E-05 0.817806 0.182094
0.0286151 0.869113 0.102272
9.9991E-05 0.843427 0.156473
0.0720635 0.856827 0.0711096
0.0427134 0.878656 0.0786303
9.9991E-05 0.915973 0.083927
0.462252 0.498407 0.0393402
0.367283 0.510604 0.122114
0.420334 0.502714 0.0769519
0.101164 0.631719 0.267116
0.249971 0.636691 0.113338
0.0447138 0.466666 0.48862
0.810262 0.189638 9.9991E-05
0.837349 0.106944 0.0557067
0.369807 0.434545 0.195649
0.344904 0.459585 0.195511
0.336935 0.316275 0.346789
0.0240666 0.138793 0.837141
0.806511 0.0713201 0.122169
0.808929 0.156983 0.0340883
0.645729 0.354171 9.9991E-05
0.0535418 0.383579 0.562879
0.0543619 0.658856 0.286783
0.0543197 0.877777 0.0679031
0.114061 0.844902 0.041037
9.9991E-05 0.590573 0.409327
0.00425213 0.753301 0.242447
0.00588499 0.863394 0.130721
0.0463662 0.929167 0.0244673
0.00981809 0.533964 0.456218
0.00920641 0.810423 0.180371
9.9991E-05 0.764756 0.235144
9.9991E-05 0.864961 0.134939
0.118037 0.529615 0.352349
0.0598487 0.886529 0.053622
0.0675043 0.6763 0.256195
0.0124429 0.866084 0.121473
0.00388315 0.0633877 0.932729
9.9991E-05 0.0382753 0.961625
9.9991E-05 0.0820653 0.917835
0.0621208 0.112549 0.82533
0.0601366 0.0361695 0.903694
0.129631 0.827677 0.0426925
0.0180743 0.763206 0.21872
0.9998 9.999E-05 9.999E-05
0.946312 0.0196774 0.0340103
0.942771 0.0571292 9.9991E-05
0.768956 0.200951 0.0300935
0.935134 0.0647664 9.9991E-05
0.855762 9.9991E-05 0.144138
0.991869 0.00803079 9.9991E-05
0.925007 9.9991E-05 0.0748934
0.90705 9.9991E-05 0.0928499
0.954956 9.9991E-05 0.0449445
0.921361 0.0662521 0.0123865
0.828422 0.0926537 0.0789238
0.853529 0.101272 0.0451982
0.910968 9.9991E-05 0.0889319
0.913786 0.0861143 9.9991E-05
0.981203 0.0186966 9.9991E-05
0.937286 9.9991E-05 0.0626137
0.374519 0.599431 0.0260501
0.235664 0.722583 0.0417537
0.919079 0.0808209 9.9991E-05
0.749592 0.250308 9.9991E-05
0.97238 9.9991E-05 0.0275203
0.371314 0.628586 9.9991E-05
9.9991E-05 0.978354 0.0215461
9.9991E-05 0.711375 0.288525
0.00256685 0.509298 0.488135
0.0114742 0.292492 0.696033
0.00434751 0.147606 0.848047
0.0474946 0.0597366 0.892769
0.00758416 0.18134 0.811076
0.041402 0.192651 0.765947
0.0878117 0.107712 0.804477
0.0814702 0.0499515 0.868578
0.0287955 0.829686 0.141519
0.101048 0.847267 0.0516843
0.0731324 0.926768 9.9991E-05
0.00510696 0.994793 9.9991E-05
9.999E-05 0.9998 9.999E-05
0.0808132 0.886241 0.032946
0.00715332 0.820392 0.172455
0.0888933 0.689573 0.221533
0.026855 0.811099 0.162046
0.0286072 0.715391 0.256002
0.0549584 0.806172 0.138869
0.14064 0.0999745 0.759385
0.849117 0.0881147 0.0627683
0.894343 9.9991E-05 0.105557
0.948079 9.9991E-05 0.0518212
0.767449 0.232451 9.9991E-05
0.883911 0.0461894 0.0698993
0.140876 0.502119 0.357004
0.0110138 0.691728 0.297258
0.00242228 0.823132 0.174446
0.00555279 0.649432 0.345015
