0.191454 0.00413746 0.0392639 9.9991E-05 0.765045
0.0498377 0.0296239 0.0997761 0.00775912 0.813003
0.0485389 0.0359822 0.160901 9.9991E-05 0.754478
0.206234 0.0075347 0.0327092 9.9991E-05 0.753422
9.9973E-05 9.9973E-05 9.9973E-05 0.0916573 0.908043
0.110694 9.9982E-05 9.9982E-05 0.0331176 0.855989
0.165581 9.9991E-05 0.040441 0.0246191 0.769259
0.153304 0.0358231 0.00877534 9.9991E-05 0.801998
9.999E-05 0.0179181 0.156482 0.0963409 0.729159
0.330546 0.0169024 0.167842 9.9991E-05 0.48461
0.484443 0.0604461 0.061741 0.0548506 0.338519
0.263946 0.0118087 0.257791 9.9991E-05 0.466354
0.893838 0.0391968 0.00447512 0.0165699 0.0459198
0.321442 0.0128312 0.205289 0.0361514 0.424287
9.999E-05 0.0384246 0.117849 0.128527 0.7151
0.195949 0.014438 0.0847349 9.9991E-05 0.704778
0.117948 9.9982E-05 0.278155 9.9982E-05 0.603697
0.0777041 0.0384862 0.0678191 9.9991E-05 0.815891
0.0898946 0.081268 0.507602 0.146219 0.175016
0.229898 9.9982E-05 0.715017 9.9982E-05 0.0548845
9.999E-05 0.0122562 0.693516 0.0306859 0.263442
0.164125 0.0062759 0.829399 9.9982E-05 9.9982E-05
0.0767816 0.0528798 0.870139 9.9982E-05 9.9982E-05
9.999E-05 0.0314928 0.76922 0.044941 0.154246
0.122719 9.9982E-05 0.715402 9.9982E-05 0.16168
0.0144781 0.00873145 0.884514 9.9991E-05 0.0921763
0.0329103 0.0207218 0.892417 0.0538505 9.9991E-05
0.0116203 0.0542081 0.848938 0.0851333 9.9991E-05
9.9982E-05 9.9982E-05 0.892237 0.0668026 0.0407608
9.9982E-05 9.9982E-05 0.83565 0.10111 0.0630395
0.00917618 0.00888376 0.931024 0.0508161 9.9991E-05
9.9991E-05 0.0208557 0.816599 0.0728137 0.0896319
0.0648931 0.0661821 0.825032 9.9991E-05 0.0437933
0.271516 0.0745877 0.127143 9.9991E-05 0.526654
9.9982E-05 9.9982E-05 0.260726 0.0604912 0.678582
0.061173 9.9991E-05 0.174378 0.0989738 0.665375
0.229686 0.0416928 0.0508957 9.9991E-05 0.677625
0.248312 0.023529 0.116389 0.067499 0.544272
9.997E-05 0.9996 9.997E-05 9.997E-05 9.997E-05
0.181026 0.0280549 0.778595 0.0122246 9.9991E-05
9.9982E-05 9.9982E-05 0.139541 0.114152 0.746108
0.237062 9.9982E-05 0.170581 9.9982E-05 0.592157
0.395036 9.9991E-05 0.269948 0.090671 0.244245
0.640728 0.0532253 0.16479 0.0894358 0.0518207
0.921531 0.00502819 0.0129699 0.0119303 0.0485409
9.997E-05 0.9996 9.997E-05 9.997E-05 9.997E-05
0.349894 0.0600019 0.214578 9.9991E-05 0.375426
0.472153 9.9991E-05 0.126402 0.125936 0.27541
0.221249 0.0573588 0.33428 0.0748042 0.312308
0.169372 0.0386441 9.9991E-05 0.727596 0.0642886
0.127554 0.0415287 0.0456372 0.78518 9.9991E-05
9.9982E-05 9.9982E-05 0.0354721 0.84735 0.116978
0.131858 0.0492422 0.0116544 0.754212 0.0530332
9.9991E-05 0.0570003 0.0667636 0.86763 0.0085059
9.9982E-05 9.9982E-05 0.106564 0.882864 0.0103721
9.9973E-05 9.9973E-05 9.9973E-05 0.728269 0.271431
0.15451 0.0234407 0.0491304 0.772818 9.9991E-05
9.9982E-05 0.0257823 0.096151 0.877867 9.9982E-05
0.000898061 0.0553102 9.9991E-05 0.79299 0.150702
0.283328 0.0246325 9.9991E-05 0.600758 0.0911817
0.0563221 9.9982E-05 0.0940722 0.849406 9.9982E-05
0.187779 9.9982E-05 9.9982E-05 0.718464 0.0935567
0.583444 0.075332 0.0172831 0.323841 9.9991E-05
0.0357205 0.0286505 0.745386 0.0462445 0.143999
0.048285 0.0210862 0.813981 9.9991E-05 0.116548
9.9982E-05 0.00853147 0.849436 9.9982E-05 0.141832
0.176143 0.0310233 0.030847 0.676862 0.0851242
0.405876 0.0665391 9.9991E-05 0.514864 0.0126204
0.109885 0.00717066 0.0510334 0.747243 0.0846674
0.2974 0.0413855 9.9982E-05 0.661014 9.9982E-05
9.9982E-05 0.0390057 9.9982E-05 0.849315 0.111479
0.674286 9.9982E-05 9.9982E-05 0.119119 0.206395
0.856162 0.00952554 9.9991E-05 0.0319908 0.102221
0.905024 0.00202451 0.0102249 0.066371 0.0163555
0.984022 0.0156782 9.9973E-05 9.9973E-05 9.9973E-05
0.853764 0.0327622 0.0505836 9.9991E-05 0.0627906
0.95876 0.0409399 9.9973E-05 9.9973E-05 9.9973E-05
0.833287 0.0295894 0.102791 0.0119183 0.0224142
0.301295 9.9982E-05 9.9982E-05 0.676352 0.0221536
0.455715 0.119175 0.0260971 0.377318 0.0216958
0.18461 0.0354496 0.0688342 0.711006 9.9991E-05
0.113039 0.0552961 0.081603 0.749962 9.9991E-05
0.0428674 0.0446532 9.9991E-05 0.732649 0.17973
0.172111 0.0307113 0.692274 0.0418358 0.0630674
0.511209 9.9991E-05 0.15206 0.319414 0.0172163
0.815136 9.9982E-05 9.9982E-05 0.138702 0.0459612
9.997E-05 0.9996 9.997E-05 9.997E-05 9.997E-05
0.141175 9.9982E-05 0.222805 9.9982E-05 0.63582
0.0920599 0.021372 0.125625 9.9991E-05 0.760843
0.275393 0.035305 0.117259 0.00567053 0.566373
0.219076 0.0325309 0.286651 0.0756254 0.386117
0.0253393 9.9991E-05 0.10835 0.0711843 0.795026
0.812069 9.9982E-05 0.0593847 0.128347 9.9982E-05
0.152024 0.0489297 0.556092 0.0585889 0.184365
0.647282 0.0802899 9.9991E-05 0.191484 0.0808445
0.408499 0.0208518 0.314665 0.0140966 0.241888
0.0125152 0.00497286 0.150408 9.9991E-05 0.832004
0.243331 9.9982E-05 0.109478 9.9982E-05 0.646991
0.302044 9.9982E-05 0.129633 9.9982E-05 0.568123
0.367843 0.0166914 0.0819677 0.00896002 0.524537
0.415851 0.0125341 0.0527886 9.9991E-05 0.518726
0.317677 9.9982E-05 0.0894707 9.9982E-05 0.592653
0.670984 0.0130787 0.0992493 0.185438 0.0312502
0.658476 0.0846241 0.0380485 0.148603 0.0702483
0.689081 0.0797832 9.9991E-05 0.190152 0.0408837
0.660091 9.9982E-05 0.159152 9.9982E-05 0.180556
0.498355 9.9991E-05 0.167909 0.0910891 0.242547
9.9982E-05 9.9982E-05 0.431498 0.0852259 0.483076
9.9991E-05 0.017779 0.00367817 0.792743 0.1857
0.226746 0.0340962 0.0222797 0.709474 0.00740476
0.680482 9.9991E-05 0.133704 0.169719 0.0159948
0.484253 0.0371509 0.110252 0.139611 0.228733
0.356335 0.0580086 0.321234 0.174522 0.0899001
0.266886 9.9973E-05 0.732815 9.9973E-05 9.9973E-05
0.290652 0.0435335 0.0325533 0.633161 9.9991E-05
0.218779 9.9991E-05 0.00729706 0.715184 0.0586402
0.43493 9.9982E-05 9.9982E-05 0.460585 0.104285
0.123833 0.0482563 0.516669 0.0243168 0.286924
9.9991E-05 0.00258435 0.254167 0.0693889 0.67376
0.193748 0.0204982 0.0195828 0.0388948 0.727276
0.0439006 9.9991E-05 0.0644868 0.105307 0.786205
9.9982E-05 9.9982E-05 0.381765 0.039631 0.578404
0.0476168 0.0337462 0.144342 0.0063983 0.767897
9.9982E-05 9.9982E-05 0.0656971 0.0475676 0.886535
9.9982E-05 0.0211427 9.9982E-05 0.0820822 0.896575
0.0718678 0.0115004 0.363259 0.0301901 0.523183
0.14509 0.0101051 0.153987 9.9991E-05 0.690718
0.118756 0.0393112 0.182459 9.9991E-05 0.659374
0.180248 0.00767824 0.0783152 9.9991E-05 0.733659
0.153048 9.9991E-05 0.343987 0.0752977 0.427568
0.0877695 0.0421669 0.0118748 0.0582954 0.799893
0.351558 0.0190109 0.205504 9.9991E-05 0.423828
0.101457 9.9991E-05 0.0576615 0.0472443 0.793537
0.122573 9.9973E-05 0.877127 9.9973E-05 9.9973E-05
0.0591216 9.9982E-05 0.897021 9.9982E-05 0.0436571
9.9982E-05 0.0373503 0.95251 9.9982E-05 0.00994007
0.0466465 0.010278 0.747446 0.0569049 0.138724
0.0227095 0.023907 0.802106 0.050567 0.10071
0.264646 0.0044234 9.9991E-05 0.0650128 0.665818
0.183093 0.0237201 0.127465 9.9991E-05 0.665622
0.0587451 0.00758186 9.9982E-05 0.933473 9.9982E-05
0.118661 0.0257836 0.0365517 0.78686 0.0321434
9.9991E-05 0.0136532 0.0193519 0.893298 0.0735966
0.3734 9.9982E-05 0.0397625 0.586638 9.9982E-05
0.0451234 0.0208262 9.9991E-05 0.860424 0.0735261
0.0331383 0.029837 0.115038 0.798623 0.0233629
0.0482485 0.0302043 9.9991E-05 0.888097 0.03335
0.0820534 9.9982E-05 0.0662509 0.851496 9.9982E-05
9.9982E-05 9.9982E-05 0.091206 0.877631 0.030963
0.0283105 9.9991E-05 0.071644 0.887685 0.0122601
0.142517 0.046714 9.9982E-05 0.810569 9.9982E-05
0.00465496 0.0205421 0.101486 0.818131 0.0551863
0.0174741 0.012002 0.0168449 0.791726 0.161953
9.9991E-05 0.0262959 0.106756 0.857778 0.00906951
0.129479 0.00448691 9.9991E-05 0.818206 0.0477273
9.9982E-05 0.0182111 9.9982E-05 0.884585 0.0970043
9.9991E-05 0.00643894 0.0797761 0.884913 0.0287718
0.771076 9.9991E-05 0.0173192 0.115659 0.0958453
0.903258 9.9982E-05 0.0448206 9.9982E-05 0.0517211
0.0759283 9.9982E-05 9.9982E-05 0.87404 0.049832
0.0720366 0.025532 0.0207281 0.705221 0.176483
0.154374 0.00289822 0.00277637 0.839851 9.9991E-05
0.761506 9.9982E-05 9.9982E-05 0.12179 0.116504
0.0560339 0.00367069 9.9991E-05 0.0333581 0.906837
0.00726727 0.0292996 0.184357 9.9991E-05 0.778976
0.219647 9.9991E-05 0.41146 0.0142479 0.354545
0.0660661 9.9991E-05 0.620186 0.0196036 0.294044
0.197619 9.9973E-05 0.802081 9.9973E-05 9.9973E-05
0.0989641 0.00427179 0.87404 0.0226238 9.9991E-05
0.0761894 0.0192124 0.814543 9.9991E-05 0.0899552
0.0930219 0.0212488 0.738598 0.0366996 0.110432
0.153159 0.0417382 0.744728 0.0602747 9.9991E-05
9.9991E-05 0.0475666 0.769929 0.0800054 0.102399
0.072216 0.013346 0.0850712 0.0465456 0.782821
0.089988 0.0508233 9.9991E-05 0.0793053 0.779784
0.241379 0.0396131 9.9991E-05 0.0166755 0.702233
0.270529 9.9982E-05 9.9982E-05 0.01516 0.714111
0.226725 0.00282821 9.9982E-05 9.9982E-05 0.770247
0.425172 9.9991E-05 0.0235079 0.0125796 0.53864
0.23452 0.000894475 0.193369 9.9991E-05 0.571117
0.293601 0.0130633 0.182908 0.0379766 0.472451
0.231893 0.0506295 0.0533662 9.9991E-05 0.664011
0.226333 0.0125977 0.181258 0.0299794 0.549831
0.16955 0.017274 0.0875605 0.0235966 0.702019
0.0894816 0.142449 0.680002 0.0440109 0.0440569
0.223779 0.00799437 9.9991E-05 0.727818 0.0403084
0.101575 0.0422616 0.0794545 0.776609 9.9991E-05
0.161677 0.000528632 9.9982E-05 0.837594 9.9982E-05
0.13646 0.0125239 0.0246672 0.709371 0.116978
0.0285917 0.0394642 0.0719444 0.809184 0.0508154
0.185464 0.019553 0.297986 0.0964629 0.400534
0.190879 0.0218433 0.314569 9.9991E-05 0.472609
0.0218211 0.066323 0.142273 0.0151793 0.754403
0.248886 0.0610799 0.24719 9.9991E-05 0.442744
