9.9982E-05 0.0481046 9.9982E-05 0.0808431 0.583882 0.00423869 0.282731
0.0170379 0.0207581 0.263368 0.0220722 0.616427 9.9991E-05 0.0602374
0.0182196 0.0650434 9.9982E-05 0.110419 0.714175 9.9982E-05 0.0919433
0.00615782 0.150057 9.9982E-05 0.00243269 0.501817 9.9982E-05 0.339336
0.00304033 9.9973E-05 9.9973E-05 9.9973E-05 0.685556 0.0372129 0.273891
0.0141408 0.0627254 0.0933382 9.9991E-05 0.468658 0.0101789 0.350859
9.9982E-05 0.1354 0.250177 0.0544537 0.257211 9.9982E-05 0.302558
0.0325531 0.134876 0.0968095 9.9982E-05 0.451345 9.9982E-05 0.284216
0.00203403 9.9991E-05 0.674887 0.116583 0.157488 0.0482727 0.000635203
0.0171539 0.183154 0.271046 0.172383 0.259285 9.9991E-05 0.0968783
0.0510592 0.401 0.351611 0.0514126 9.9991E-05 0.0280066 0.11681
0.00337684 0.150714 0.374794 0.170023 0.236045 0.014894 0.0501533
0.0360038 0.710974 0.203176 0.0295555 9.9982E-05 0.0200903 9.9982E-05
9.9982E-05 0.111409 0.721539 0.111199 0.00947275 0.0461804 9.9982E-05
0.0422267 9.9991E-05 0.457138 0.0704855 0.254176 0.0510446 0.124829
9.9982E-05 0.173674 0.606562 0.0379371 0.0989169 9.9982E-05 0.08271
9.9982E-05 9.9982E-05 0.467 0.14421 0.20768 0.00739464 0.173515
0.0181483 9.9964E-05 0.483971 9.9964E-05 0.49748 9.9964E-05 9.9964E-05
0.0564759 0.19457 0.172108 0.474395 0.0112818 0.0910687 9.9991E-05
9.9964E-05 0.143391 0.294916 0.561293 9.9964E-05 9.9964E-05 9.9964E-05
0.0212729 0.0347197 0.125753 0.639213 0.0532137 0.000610535 0.125217
0.00800369 0.127621 9.9973E-05 0.791121 0.0729537 9.9973E-05 9.9973E-05
0.0528514 0.0333729 0.0384055 0.80833 0.0478446 0.00443777 0.0147579
0.0291151 9.9982E-05 0.125489 0.662109 0.157728 0.0253592 9.9982E-05
9.9982E-05 0.0095955 0.112593 0.613295 9.9982E-05 0.00659022 0.257727
0.0101424 0.0305411 9.9982E-05 0.816739 0.114445 9.9982E-05 0.0279329
0.049077 9.9973E-05 9.9973E-05 0.837054 0.0525926 0.0609766 9.9973E-05
0.0291741 9.9982E-05 0.144568 0.761084 9.9982E-05 0.0568041 0.0081699
9.9955E-05 9.9955E-05 9.9955E-05 0.820237 0.179263 9.9955E-05 9.9955E-05
9.9964E-05 9.9964E-05 9.9964E-05 0.771721 9.9964E-05 0.0477143 0.180165
9.9982E-05 0.0154698 0.132731 0.822418 0.0037708 0.0254103 9.9982E-05
0.0501879 9.9991E-05 0.196276 0.710901 0.00287285 0.00968189 0.0299801
0.0438623 9.9982E-05 0.139093 0.751405 9.9982E-05 0.0163667 0.0490727
0.0632578 0.153285 0.271346 0.0839021 0.264197 9.9991E-05 0.163912
9.9982E-05 9.9982E-05 0.21979 0.182781 0.490754 0.0184523 0.0880232
9.9982E-05 9.9982E-05 0.0251797 0.150781 0.0705363 0.0333002 0.720003
0.018236 0.157887 9.9982E-05 0.0426769 0.248687 9.9982E-05 0.532313
0.00694241 0.191004 0.348363 0.124979 0.112225 0.0515243 0.164963
0.9994 9.995E-05 9.995E-05 9.995E-05 9.995E-05 9.995E-05 9.995E-05
0.0161582 0.161736 9.9982E-05 0.666127 9.9982E-05 0.00647308 0.149306
0.00350099 9.9982E-05 9.9982E-05 0.11404 0.518729 0.0895563 0.273974
9.9973E-05 0.1662 0.189763 0.0645579 0.579179 9.9973E-05 9.9973E-05
9.999E-05 0.162406 0.309636 0.243623 0.0824941 0.132018 0.0697234
0.0500922 0.562399 0.203583 0.0770745 0.000656969 0.106094 9.9991E-05
9.9964E-05 0.895846 9.9964E-05 0.0302011 9.9964E-05 9.9964E-05 0.073553
0.9994 9.995E-05 9.995E-05 9.995E-05 9.995E-05 9.995E-05 9.995E-05
0.08248 0.110394 0.299213 0.107228 0.108501 9.9991E-05 0.292084
9.999E-05 0.259141 0.307479 0.0412722 0.0254001 0.0936544 0.272954
0.00892915 0.140815 0.228936 0.288076 0.218782 0.114362 9.9991E-05
0.00544564 0.123741 0.179924 9.9973E-05 9.9973E-05 0.69059 9.9973E-05
0.0288586 0.0694502 0.15661 9.9973E-05 9.9973E-05 0.744781 9.9973E-05
9.9973E-05 9.9973E-05 0.116063 9.9973E-05 0.0672694 0.725637 0.0907307
0.0406503 0.218075 0.0707485 9.9982E-05 9.9982E-05 0.615468 0.0548585
0.0486289 9.9973E-05 0.0910442 9.9973E-05 9.9973E-05 0.780075 0.0799522
9.9973E-05 9.9973E-05 0.137376 0.0292567 9.9973E-05 0.79317 0.0398976
9.9964E-05 9.9964E-05 0.301233 9.9964E-05 0.0726872 0.62568 9.9964E-05
0.0147791 0.00594272 0.235506 9.9973E-05 9.9973E-05 0.743473 9.9973E-05
0.0474122 9.9973E-05 9.9973E-05 0.138052 9.9973E-05 0.80329 0.0109461
0.0430494 0.0440792 0.0637287 9.9991E-05 0.108799 0.737249 0.00299454
0.0333816 0.280612 9.9973E-05 9.9973E-05 0.138969 0.546737 9.9973E-05
9.9973E-05 0.122873 9.9973E-05 0.118268 0.00706955 0.751489 9.9973E-05
9.9973E-05 0.144552 9.9973E-05 0.0842563 0.127596 0.643296 9.9973E-05
0.0547755 0.554853 0.0894806 9.9982E-05 9.9982E-05 0.291267 0.00942372
0.0225324 9.9991E-05 0.196003 0.596764 0.0632755 0.0540217 0.0673029
0.0375253 0.0471683 9.9973E-05 0.662286 0.25272 9.9973E-05 9.9973E-05
0.0148686 9.9973E-05 9.9973E-05 0.744339 0.0801815 9.9973E-05 0.160311
9.9982E-05 0.114678 0.0784256 0.0194361 9.9982E-05 0.673623 0.113637
0.0771468 0.476078 9.9973E-05 9.9973E-05 9.9973E-05 0.410861 0.0356151
0.013946 0.188307 9.9982E-05 0.0524803 0.0575888 0.687478 9.9982E-05
0.053264 0.303027 9.9973E-05 0.0342898 9.9973E-05 0.609119 9.9973E-05
0.0502267 9.9973E-05 9.9973E-05 0.00210391 9.9973E-05 0.773395 0.173975
9.9973E-05 0.549927 0.107344 9.9973E-05 0.240036 0.102393 9.9973E-05
0.00114231 0.594629 0.364923 9.9973E-05 9.9973E-05 0.0390049 9.9973E-05
9.9973E-05 0.730365 0.0738575 9.9973E-05 9.9973E-05 0.0492247 0.146253
0.0253219 0.974178 9.9955E-05 9.9955E-05 9.9955E-05 9.9955E-05 9.9955E-05
0.0216371 0.729826 9.9973E-05 0.111746 9.9973E-05 9.9973E-05 0.136491
0.00652565 0.933465 0.0596095 9.9964E-05 9.9964E-05 9.9964E-05 9.9964E-05
0.0165987 0.695265 0.0841313 0.0558681 0.00326482 9.9991E-05 0.144772
9.9973E-05 0.183835 0.161735 9.9973E-05 9.9973E-05 0.571547 0.0825827
0.12222 0.296307 9.9982E-05 9.9982E-05 0.101011 0.399048 0.0812139
0.0233375 0.124902 9.9991E-05 0.0951601 0.0483032 0.679322 0.0288751
0.0518167 0.119426 0.0249278 0.117577 9.9982E-05 0.686052 9.9982E-05
0.0252757 9.9973E-05 0.235412 9.9973E-05 9.9973E-05 0.638175 0.100838
0.0165323 0.232502 0.101882 0.592381 0.0516348 0.00496821 9.9991E-05
9.9982E-05 0.353758 9.9982E-05 0.0957633 0.0488731 0.281399 0.220006
9.9982E-05 0.797422 0.0286202 9.9982E-05 0.0308985 0.09601 0.0468497
0.9994 9.995E-05 9.995E-05 9.995E-05 9.995E-05 9.995E-05 9.995E-05
9.9982E-05 0.167607 0.0311906 0.147609 0.497375 9.9982E-05 0.156019
0.0461061 0.0815917 0.0998994 0.0796116 0.622982 9.9991E-05 0.0697094
0.0605663 0.0795591 0.52546 0.101318 0.129285 0.0122198 0.0915917
0.0600217 0.0392314 0.48916 0.204854 9.9991E-05 0.0843495 0.122284
9.9982E-05 9.9982E-05 0.282472 0.0364784 0.27887 0.0290888 0.372891
9.9964E-05 0.787446 9.9964E-05 9.9964E-05 9.9964E-05 0.105986 0.106169
0.0274631 0.161811 0.083034 0.536661 0.0743499 9.9991E-05 0.116581
0.0456603 0.637581 0.0142051 9.9982E-05 0.146489 0.155865 9.9982E-05
0.0257535 0.293552 0.0457958 0.2838 0.0984706 0.0376617 0.214966
9.9964E-05 9.9964E-05 0.613414 0.0622872 0.323899 9.9964E-05 9.9964E-05
9.9982E-05 0.155858 0.0824034 0.0894759 0.175553 9.9982E-05 0.496509
9.9982E-05 0.14277 0.365363 0.101118 0.382526 9.9982E-05 0.00802288
0.0136614 9.9973E-05 0.727725 9.9973E-05 9.9973E-05 0.0374798 0.220833
0.0102115 0.150946 9.9973E-05 0.00121133 9.9973E-05 9.9973E-05 0.837331
9.9973E-05 0.0354998 0.896051 0.000372972 0.0677767 9.9973E-05 9.9973E-05
0.0272148 0.566513 0.0195188 0.0486414 9.9991E-05 0.196799 0.141212
0.0714056 0.588766 0.0337083 9.9991E-05 0.0972411 0.118577 0.0902025
0.10268 0.519658 0.0769352 0.0447897 0.031212 0.188295 0.0364308
0.00604237 0.450389 0.230693 0.186639 0.0382722 9.9991E-05 0.0878643
9.9982E-05 0.426193 0.354934 0.0459432 0.0932618 0.0794684 9.9982E-05
9.9982E-05 9.9982E-05 0.256445 0.3983 0.157279 0.0355527 0.152222
9.9973E-05 9.9973E-05 0.0985152 0.00541153 9.9973E-05 0.680691 0.215083
0.0376329 0.128071 9.9982E-05 0.0128555 0.127069 0.694172 9.9982E-05
9.9973E-05 0.578685 9.9973E-05 0.0667174 0.234858 0.119439 9.9973E-05
0.0190083 0.342421 0.417096 0.0694383 9.9982E-05 0.151837 9.9982E-05
0.0491442 0.422903 9.9982E-05 0.166409 0.256111 0.105233 9.9982E-05
9.9973E-05 0.164422 0.00777397 0.656437 9.9973E-05 9.9973E-05 0.171067
0.0552622 0.313568 9.9973E-05 0.0379547 9.9973E-05 0.592915 9.9973E-05
9.9973E-05 0.176906 0.179172 9.9973E-05 0.0109649 0.632657 9.9973E-05
9.9982E-05 0.314579 0.0655737 9.9982E-05 0.109896 0.444746 0.0650054
0.0444046 0.0768921 0.0625172 0.411083 0.137311 0.0298746 0.237918
0.00433573 0.0515502 9.9982E-05 0.182951 0.726459 0.0345041 9.9982E-05
9.99987E-05 0.0841866 0.169928 0.0022036 0.498561 0.0205003 0.224521
9.9973E-05 9.9973E-05 0.0157196 9.9973E-05 0.72744 0.09444 0.162101
9.9973E-05 9.9973E-05 0.24793 0.350857 0.3126 9.9973E-05 0.0883128
9.9982E-05 0.0578481 0.204532 0.108921 0.461388 9.9982E-05 0.167111
9.9964E-05 0.0388936 9.9964E-05 0.00333484 0.957372 9.9964E-05 9.9964E-05
9.9964E-05 9.9964E-05 0.053573 9.9964E-05 0.934398 0.0116286 9.9964E-05
9.9991E-05 0.0351716 0.173349 0.307385 0.271793 0.032428 0.179773
9.9964E-05 0.0481788 0.790099 9.9964E-05 0.161322 9.9964E-05 9.9964E-05
0.0350431 9.9973E-05 0.855777 0.0503579 0.0585225 9.9973E-05 9.9973E-05
0.0245936 0.000974777 0.854414 9.9982E-05 0.00912107 9.9982E-05 0.110697
9.9982E-05 9.9982E-05 0.27055 0.172187 0.318805 0.0887688 0.149489
0.03372 9.9982E-05 0.850879 9.9982E-05 0.0472551 0.0376536 0.0302927
0.00317681 0.122191 0.601875 0.176349 0.0516051 9.9991E-05 0.0447029
0.00245555 0.0813892 0.0204385 9.9982E-05 0.895009 0.000507847 9.9982E-05
9.9973E-05 0.03537 0.0228862 0.739603 9.9973E-05 9.9973E-05 0.201841
9.9964E-05 0.0400555 9.9964E-05 0.784084 0.17546 9.9964E-05 9.9964E-05
0.0398507 9.9964E-05 0.177151 0.782598 9.9964E-05 9.9964E-05 9.9964E-05
0.0148906 0.0174197 0.150832 0.723628 9.9991E-05 0.0531303 0.04
0.0426743 0.0512311 9.9982E-05 0.729626 0.173913 0.00235546 9.9982E-05
0.00341026 0.168883 0.15276 9.9991E-05 0.453013 0.0404088 0.181425
0.0051986 9.9982E-05 0.0440625 0.111787 0.109467 9.9982E-05 0.729286
9.9964E-05 0.119624 9.9964E-05 9.9964E-05 0.0344293 0.845546 9.9964E-05
0.026025 9.9982E-05 0.117701 0.00534616 0.0666091 0.784119 9.9982E-05
0.00426213 9.9982E-05 9.9982E-05 0.0229932 0.066561 0.81855 0.0874341
9.9973E-05 0.286605 9.9973E-05 0.0384283 0.113438 0.561228 9.9973E-05
0.0204358 0.00089112 0.0254067 9.9982E-05 0.0997808 0.853286 9.9982E-05
0.0105554 9.9982E-05 0.0196585 0.13072 9.9982E-05 0.796039 0.0428265
0.016846 0.0205821 9.9973E-05 9.9973E-05 0.182435 0.779837 9.9973E-05
9.9982E-05 0.0771789 9.9982E-05 0.108166 0.0283759 0.771302 0.0147773
9.9973E-05 0.0537905 9.9973E-05 0.0869864 0.0880702 0.770853 9.9973E-05
9.9973E-05 0.0194962 9.9973E-05 0.0611542 0.150308 0.768742 9.9973E-05
0.0261297 0.114484 9.9973E-05 9.9973E-05 9.9973E-05 0.731627 0.127459
0.0566348 0.0102987 0.164415 0.033797 9.9991E-05 0.707983 0.0267722
0.00663404 9.9973E-05 0.00367202 9.9973E-05 0.232419 0.756976 9.9973E-05
0.00448698 9.9982E-05 0.0418824 0.0791197 9.9982E-05 0.802674 0.0716371
0.0143272 0.115849 9.9973E-05 9.9973E-05 9.9973E-05 0.752435 0.117089
0.00913346 9.9973E-05 9.9973E-05 9.9973E-05 0.000381251 0.808643 0.181543
0.0012692 9.9973E-05 9.9973E-05 0.0627514 9.9973E-05 0.764997 0.170683
9.9973E-05 0.756446 9.9973E-05 0.0247192 0.136347 0.0821876 9.9973E-05
9.9964E-05 0.875653 0.100554 9.9964E-05 9.9964E-05 9.9964E-05 0.023393
9.9973E-05 0.0884737 9.9973E-05 9.9973E-05 0.0536067 0.746091 0.111529
0.0189004 9.9973E-05 9.9973E-05 9.9973E-05 0.215909 0.670854 0.0940363
0.00312141 0.200407 9.9973E-05 0.0149811 9.9973E-05 0.78119 9.9973E-05
9.9973E-05 0.578401 0.152103 9.9973E-05 9.9973E-05 0.0856662 0.18353
0.011256 0.00586974 9.9973E-05 9.9973E-05 0.901235 9.9973E-05 0.0813398
0.0165446 9.9982E-05 0.121319 0.153115 0.684493 9.9982E-05 0.0243284
9.9982E-05 0.133529 9.9982E-05 0.42699 0.392643 0.0112408 0.0353979
9.9973E-05 0.0561257 0.319932 0.536944 0.0866986 9.9973E-05 9.9973E-05
9.9973E-05 0.148609 9.9973E-05 0.765255 0.0195152 9.9973E-05 0.0663205
9.9982E-05 0.0837457 0.0662574 0.794997 9.9982E-05 0.0209715 0.0338281
0.0318281 0.0224743 0.0899842 0.626967 0.135557 0.0192042 0.073985
0.0326658 0.0772416 0.268736 0.621057 9.9973E-05 9.9973E-05 9.9973E-05
0.0369296 0.0993704 0.104024 0.630299 0.0520906 0.0771854 9.9991E-05
0.0419691 9.9982E-05 9.9982E-05 0.697355 0.158693 0.0940069 0.00777579
0.00376383 0.0593351 9.9982E-05 0.041749 0.703737 9.9982E-05 0.191215
0.0404882 9.9982E-05 9.9982E-05 0.0254826 0.376561 0.0518356 0.505432
0.0302924 9.9973E-05 9.9973E-05 9.9973E-05 0.0106986 0.014774 0.943935
9.995E-05 9.995E-05 9.995E-05 9.995E-05 9.995E-05 9.995E-05 0.9994
9.995E-05 9.995E-05 9.995E-05 9.995E-05 9.995E-05 9.995E-05 0.9994
9.9982E-05 0.107456 0.0301956 0.0243732 0.056359 9.9982E-05 0.781416
9.9982E-05 0.152801 0.626492 0.102071 0.0903056 9.9982E-05 0.0281301
0.000502111 0.065645 0.845449 0.0329589 9.9982E-05 0.0552446 9.9982E-05
0.0289267 9.9973E-05 0.944355 9.9973E-05 9.9973E-05 0.0174383 0.00897971
9.9982E-05 0.00311435 0.627534 0.113806 9.9982E-05 0.0335653 0.221781
0.0144607 9.9973E-05 0.69388 9.9973E-05 9.9973E-05 0.0360337 0.255325
0.125581 9.9982E-05 0.175162 0.518848 0.0774176 0.102791 9.9982E-05
0.0369768 0.0728186 9.9982E-05 0.0797044 0.125102 0.685198 9.9982E-05
0.060096 0.0968326 9.9982E-05 0.106483 9.9982E-05 0.720777 0.0156118
9.9973E-05 0.115542 0.0780852 0.0330069 9.9973E-05 0.773066 9.9973E-05
0.00196825 0.159573 0.0605065 9.9991E-05 0.110169 0.645699 0.0219841
0.013233 9.9982E-05 9.9982E-05 0.106033 0.0599512 0.743861 0.0767223
0.0103452 0.0924948 0.367146 0.227091 9.9991E-05 0.107353 0.19547
0.00205088 0.0835673 0.402643 0.182763 0.270552 0.00966478 0.0487595
0.0458392 9.9973E-05 0.721123 9.9973E-05 0.148043 9.9973E-05 0.0846956
0.0470124 0.159199 0.303567 0.186974 0.303047 9.9982E-05 9.9982E-05
