0.766805 0.0322392 0.116789 9.9991E-05 0.0832091 0.000858533
0.579841 0.0367358 0.0612281 0.276949 0.0451464 9.9991E-05
0.73496 0.0418565 0.175744 9.9982E-05 0.0472397 9.9982E-05
0.739621 0.00437838 9.9982E-05 0.113758 0.142042 9.9982E-05
0.774641 9.9973E-05 9.9973E-05 0.174285 9.9973E-05 0.0507733
0.686918 9.9982E-05 9.9982E-05 0.153161 0.145789 0.0139332
0.44873 9.9991E-05 0.0236162 0.378996 0.140439 0.00811848
0.672689 0.0505013 9.9982E-05 0.165007 0.111603 9.9982E-05
0.106377 0.00289725 0.121321 0.692527 9.9991E-05 0.0767785
0.323019 0.0441464 0.160228 0.274555 0.197951 9.9991E-05
0.10244 0.0572378 0.0204842 0.305431 0.492712 0.0216959
0.269554 0.0183312 0.203583 0.441358 0.0250014 0.0421728
9.999E-05 0.0435759 0.0600085 0.0633217 0.792602 0.0403918
0.0302934 9.9991E-05 0.154747 0.667835 0.0717901 0.0752349
0.413361 0.0457033 0.165656 0.307655 9.9991E-05 0.0675254
0.248901 0.0100381 9.9982E-05 0.581532 0.159329 9.9982E-05
0.297091 9.9982E-05 0.176065 0.501587 0.0250576 9.9982E-05
0.430246 0.00962517 9.9973E-05 0.559829 9.9973E-05 9.9973E-05
9.999E-05 0.0615509 0.51373 0.148945 0.147507 0.128168
9.9973E-05 9.9973E-05 0.572401 0.254523 0.172776 9.9973E-05
0.118727 0.00368404 0.703364 0.168932 9.9991E-05 0.00519215
0.0875574 0.0151968 0.74792 9.9991E-05 0.131631 0.0175949
9.9973E-05 0.0628752 0.882417 9.9973E-05 0.0544082 9.9973E-05
0.112186 0.0240316 0.699642 0.163941 9.9982E-05 9.9982E-05
0.15292 9.9982E-05 0.66004 0.0552356 0.131604 9.9982E-05
0.144263 0.0183466 0.83709 9.9973E-05 9.9973E-05 9.9973E-05
9.9982E-05 0.0389983 0.839135 0.0455895 9.9982E-05 0.0760776
9.9981E-05 0.0407411 0.779806 0.0940783 9.9981E-05 0.0851744
0.159527 9.9973E-05 0.806681 9.9973E-05 9.9973E-05 0.0334921
0.0474064 9.9991E-05 0.795852 0.0570963 0.0385303 0.0610153
9.9982E-05 0.017504 0.866258 0.0820339 9.9982E-05 0.0340044
9.9982E-05 0.0363924 0.77279 0.177322 9.9982E-05 0.0132963
0.0419991 0.0618082 0.765159 0.0450716 0.0858625 9.9991E-05
0.325642 0.0675646 0.131516 0.236649 0.238529 9.9991E-05
0.474182 9.9982E-05 0.2567 0.246426 9.9982E-05 0.0224924
0.798106 9.9982E-05 0.0711657 9.9982E-05 0.0582961 0.0722323
0.748579 0.0285877 0.0313726 9.9982E-05 0.191261 9.9982E-05
0.275109 0.0050389 0.138531 0.373473 0.110628 0.0972204
9.996E-05 0.9995 9.996E-05 9.996E-05 9.996E-05 9.996E-05
9.9973E-05 0.03467 0.696841 9.9973E-05 0.268189 9.9973E-05
0.776363 0.0022153 0.109602 9.9982E-05 9.9982E-05 0.111619
0.452074 9.9982E-05 0.123101 0.1913 0.233324 9.9982E-05
0.138785 9.9991E-05 0.310976 0.159852 0.315295 0.0749914
0.0386756 0.0592773 0.0537625 0.130866 0.591862 0.125557
0.0721298 9.9973E-05 0.0538215 9.9973E-05 0.873749 9.9973E-05
9.996E-05 0.9995 9.996E-05 9.996E-05 9.996E-05 9.996E-05
0.230159 0.0731408 0.106271 0.30989 0.275267 0.00527172
0.0957793 9.9991E-05 0.149484 0.300246 0.364111 0.0902803
0.232581 0.0177754 0.291421 0.267169 0.0795086 0.111545
0.0013501 0.0236132 0.0586135 0.0746967 0.110363 0.731363
9.9982E-05 0.00569253 9.9982E-05 0.144038 0.10764 0.74243
0.054786 0.0115437 9.9982E-05 0.169549 9.9982E-05 0.763921
9.9982E-05 0.0409949 9.9982E-05 0.128634 0.152774 0.677397
9.9982E-05 0.0274151 0.0303295 0.144243 9.9982E-05 0.797813
9.9973E-05 9.9973E-05 0.0339409 0.140261 9.9973E-05 0.825498
9.9964E-05 9.9964E-05 9.9964E-05 0.36894 9.9964E-05 0.63066
9.9964E-05 9.9964E-05 9.9964E-05 0.231126 9.9964E-05 0.768474
9.9982E-05 0.0254635 0.105016 9.9982E-05 0.0639539 0.805367
0.0240904 0.0415035 9.9991E-05 0.106605 0.0771698 0.750531
0.00492027 0.0436519 9.9991E-05 0.146631 0.219153 0.585544
9.9973E-05 9.9973E-05 0.121052 9.9973E-05 0.107659 0.770989
0.0778747 9.9982E-05 0.0959602 9.9982E-05 0.193811 0.632154
9.9982E-05 0.0843922 9.9982E-05 0.0765241 0.566061 0.272823
0.143221 0.0118079 0.697038 0.0862531 9.9991E-05 0.0615805
0.0876507 0.0550002 0.722381 9.9991E-05 0.120847 0.0140217
0.236684 9.9964E-05 0.762916 9.9964E-05 9.9964E-05 9.9964E-05
0.113293 0.00627051 0.00140942 0.110412 0.0792103 0.689406
0.0571435 0.0568329 9.9982E-05 9.9982E-05 0.373427 0.512397
0.0144338 0.0118907 0.0257039 0.0539012 0.20251 0.69156
9.9991E-05 0.0381091 0.0257242 0.0183228 0.27747 0.640274
0.159894 0.0487008 0.00503278 9.9982E-05 9.9982E-05 0.786172
0.0713468 0.0309104 9.9991E-05 0.172432 0.621315 0.103895
9.9982E-05 0.00105352 9.9982E-05 0.317289 0.631081 0.0503759
9.9973E-05 9.9973E-05 9.9973E-05 0.153174 0.77065 0.0758766
9.9964E-05 0.0461864 9.9964E-05 9.9964E-05 0.953414 9.9964E-05
9.9973E-05 0.0421254 0.117269 9.9973E-05 0.840305 9.9973E-05
9.9973E-05 0.027654 9.9973E-05 0.0379702 0.934076 9.9973E-05
0.0794372 0.0347984 0.147217 0.0323801 0.670361 0.0358068
9.9973E-05 9.9973E-05 9.9973E-05 0.241628 0.140415 0.617657
0.137083 0.117761 0.048383 9.9991E-05 0.32155 0.375123
0.0695251 0.0193662 0.039595 9.9991E-05 0.173721 0.697693
9.9991E-05 0.0404458 0.123426 0.0574725 0.0501346 0.728421
9.9973E-05 0.00406361 9.9973E-05 0.349682 9.9973E-05 0.645954
9.9982E-05 9.9982E-05 0.573327 0.259657 0.141664 0.0251515
0.0895984 9.9982E-05 0.115611 9.9982E-05 0.54206 0.252531
0.0484689 9.9973E-05 9.9973E-05 9.9973E-05 0.871034 0.0801969
9.996E-05 0.9995 9.996E-05 9.996E-05 9.996E-05 9.996E-05
0.576733 0.00830685 0.107286 0.182481 0.125093 9.9991E-05
0.719144 0.0282967 0.149713 0.0440084 0.0587386 9.9991E-05
0.166609 0.040585 0.123984 0.484735 0.183986 9.9991E-05
0.0140312 0.0216201 0.146698 0.597248 0.12758 0.0928221
0.515227 0.00168797 0.0673251 0.341734 0.0358977 0.0381287
9.9973E-05 9.9973E-05 0.0488806 9.9973E-05 0.803182 0.147637
0.246651 0.0300259 0.460096 0.0354594 0.208076 0.0196915
0.13577 0.104246 9.9982E-05 9.9982E-05 0.587023 0.172762
0.177785 0.0222949 0.305572 0.0742921 0.385266 0.0347902
0.349378 0.00426134 0.072504 0.553611 0.0201454 9.9991E-05
0.594089 9.9982E-05 0.0496886 0.174602 0.181421 9.9982E-05
0.326702 9.9982E-05 0.138388 0.19868 0.336031 9.9982E-05
9.9982E-05 0.00708593 9.9982E-05 0.91353 0.0732445 0.00593979
0.644221 0.0169328 0.0224353 9.9982E-05 0.316211 9.9982E-05
9.9973E-05 0.00470831 9.9973E-05 0.899528 0.0954636 9.9973E-05
0.145986 0.0156124 0.0477838 9.9991E-05 0.557744 0.232774
0.104796 0.0748384 0.025077 0.104999 0.531051 0.159239
0.0431251 0.0713208 0.0119099 0.0507154 0.652171 0.170758
9.9982E-05 0.00874618 0.102415 0.327551 0.561088 9.9982E-05
0.0480366 9.9991E-05 0.128767 0.359312 0.374111 0.0896736
0.246244 0.00126833 0.388481 0.281615 0.0188825 0.0635081
0.162679 0.00736215 0.00683131 0.0866931 9.9991E-05 0.736335
0.040501 0.0104356 0.035391 9.9991E-05 0.231347 0.682226
0.163641 9.9982E-05 0.14792 9.9982E-05 0.508945 0.179294
9.9991E-05 0.0185604 0.0934199 0.411199 0.282254 0.194467
0.178766 0.0477916 0.238099 9.9991E-05 0.421306 0.113938
9.9964E-05 9.9964E-05 0.687728 9.9964E-05 0.311872 9.9964E-05
9.9982E-05 0.0409423 0.0345216 9.9982E-05 0.382352 0.541984
0.0691233 9.9982E-05 9.9982E-05 0.116317 0.148526 0.665834
0.10029 9.9973E-05 9.9973E-05 9.9973E-05 0.478924 0.420486
0.405381 0.0378987 0.433683 9.9991E-05 0.0539883 0.0689496
0.624628 0.00839187 0.230618 0.0806211 9.9991E-05 0.0556407
0.482637 0.0344751 0.0324711 0.24141 0.208313 0.000694621
0.784405 9.9991E-05 0.0531271 0.0653173 0.0185909 0.0784594
0.40926 9.9973E-05 0.351359 0.239081 9.9973E-05 9.9973E-05
0.589601 0.0132831 0.143529 0.16308 0.0904072 9.9991E-05
0.873688 9.9973E-05 0.0372611 9.9973E-05 0.0887513 9.9973E-05
0.725769 9.9973E-05 9.9973E-05 0.229767 9.9973E-05 0.0441641
0.436869 9.9991E-05 0.268289 0.20951 0.0564917 0.0287396
0.0815422 0.004935 0.0485091 0.860674 9.9991E-05 0.00424011
0.0292995 9.9982E-05 0.110554 0.81515 0.044797 9.9982E-05
0.103238 0.00462306 9.9973E-05 0.891839 9.9973E-05 9.9973E-05
0.350893 9.9991E-05 0.23975 0.273919 0.0101198 0.125218
9.9973E-05 0.0316233 9.9973E-05 0.915579 9.9973E-05 0.052498
0.00852145 0.00135393 0.148836 0.639444 0.201744 9.9991E-05
0.596174 0.0108553 0.0622863 0.189091 0.141493 9.9991E-05
9.9973E-05 9.9973E-05 0.768737 0.0614209 0.169543 9.9973E-05
0.114423 9.9973E-05 0.848164 9.9973E-05 0.0371131 9.9973E-05
9.9973E-05 0.0413056 0.818112 0.140282 9.9973E-05 9.9973E-05
0.0570256 0.0126502 0.686517 0.139795 0.0518377 0.0521742
0.134555 0.0135526 0.774464 9.9991E-05 0.0165992 0.0607297
0.485411 0.00900456 9.9991E-05 0.248635 0.19818 0.058669
0.635291 0.0369855 0.0915512 9.9982E-05 0.235972 9.9982E-05
9.9964E-05 9.9964E-05 9.9964E-05 9.9964E-05 0.156565 0.843036
9.9991E-05 0.0267362 0.0154104 0.135676 0.0757158 0.746362
0.138218 0.0198182 9.9982E-05 0.015706 9.9982E-05 0.826058
9.9982E-05 9.9982E-05 0.0650613 0.0467868 0.303022 0.58493
0.0697717 0.00160312 9.9991E-05 0.0604455 0.0457268 0.822353
9.9982E-05 0.0215313 0.15306 0.0709605 9.9982E-05 0.754249
0.0669062 0.0352246 9.9982E-05 9.9982E-05 0.0852936 0.812376
0.07801 0.00882668 0.0711921 9.9991E-05 0.0508127 0.791059
0.121929 9.9982E-05 0.0112388 9.9982E-05 0.0368202 0.829812
0.0519479 0.00654205 0.0511441 9.9991E-05 0.062285 0.827981
0.107233 0.0178351 9.9991E-05 0.0473742 0.0616232 0.765834
0.00638999 0.0245469 0.0195941 0.214662 9.9991E-05 0.734707
0.102672 0.0463857 0.0554553 0.0502763 9.9991E-05 0.745111
0.0608284 0.0110121 0.0310302 0.0422368 9.9991E-05 0.854792
0.115945 0.00812519 9.9982E-05 9.9982E-05 0.147052 0.728678
0.143138 0.0273518 9.9973E-05 9.9973E-05 9.9973E-05 0.829211
0.127963 9.9973E-05 0.0457262 9.9973E-05 9.9973E-05 0.826011
0.137117 9.9973E-05 9.9973E-05 9.9973E-05 0.761547 0.101036
0.0869051 9.9982E-05 0.0132611 0.0864029 0.813231 9.9982E-05
0.0872116 9.9973E-05 9.9973E-05 9.9973E-05 0.134196 0.778293
0.212057 0.0225817 9.9991E-05 0.0584571 0.0869295 0.619875
9.9973E-05 9.9973E-05 0.028803 9.9973E-05 0.168549 0.802348
0.142311 9.9982E-05 9.9982E-05 0.0744364 0.697632 0.0854211
0.900343 0.00572168 9.9982E-05 0.0142126 0.0795232 9.9982E-05
0.652106 0.0328621 0.13188 0.182951 9.9982E-05 9.9982E-05
0.420192 9.9982E-05 0.40332 9.9982E-05 0.152724 0.0235631
0.105816 9.9982E-05 0.523081 0.306834 0.0640689 9.9982E-05
9.9973E-05 9.9973E-05 0.72698 0.0752536 0.197467 9.9973E-05
9.9982E-05 9.9982E-05 0.734212 0.167566 0.0665808 0.0314418
0.149744 0.0095519 0.686487 0.12255 0.031568 9.9991E-05
9.9991E-05 0.00735663 0.691935 0.242203 0.0532486 0.00515715
0.050653 0.0344401 0.661805 0.0191888 0.163901 0.0700123
0.183809 0.0466985 0.653433 0.0323688 9.9991E-05 0.0835913
0.790777 9.9991E-05 0.0672031 0.0388339 0.0827466 0.0203393
0.729365 0.0449225 0.0365195 9.9991E-05 0.144932 0.044161
0.595747 0.0608569 9.9982E-05 0.140752 0.202444 9.9982E-05
0.614784 9.9973E-05 9.9973E-05 0.0440875 0.340828 9.9973E-05
0.596853 0.0279032 9.9982E-05 0.150524 0.22452 9.9982E-05
0.393545 9.9973E-05 9.9973E-05 0.122453 0.483702 9.9973E-05
0.122902 0.0284263 0.102722 0.675745 0.0701039 9.9991E-05
9.9973E-05 9.9973E-05 0.101022 0.826115 9.9973E-05 0.0725628
9.9973E-05 0.0512945 9.9973E-05 0.9305 0.0179055 9.9973E-05
0.0727559 9.9982E-05 0.15726 0.733332 9.9982E-05 0.0364523
0.221631 0.0281194 0.045552 0.663466 9.9991E-05 0.0411317
9.9982E-05 0.137174 0.586244 0.213526 9.9982E-05 0.0628562
9.9991E-05 0.0209522 0.0583091 0.0751762 0.163255 0.682207
9.9991E-05 0.0472519 0.0762502 0.0204419 0.126514 0.729442
9.9973E-05 9.9973E-05 9.9973E-05 0.0971583 0.111667 0.790875
0.0430452 0.000992121 9.9991E-05 0.17782 0.120657 0.657386
0.138455 0.0363764 0.0500299 9.9991E-05 0.0166753 0.758364
0.0966424 0.0259387 0.200707 0.47859 0.106499 0.0916223
0.219512 0.0335186 0.222368 0.403834 0.120668 9.9991E-05
0.0990372 0.0507647 9.9973E-05 0.849898 9.9973E-05 9.9973E-05
0.255715 0.0431249 0.172319 0.363062 0.165678 9.9991E-05
