0.161969 0.837931 9.9991E-05
0.0917678 0.908132 9.9991E-05
0.276683 0.723217 9.9991E-05
0.0599052 0.886749 0.0533459
0.0534754 0.925981 0.0205435
0.0260734 0.917374 0.0565522
0.0720144 0.895497 0.0324884
0.0764793 0.923421 9.9991E-05
0.176573 0.762469 0.0609589
0.294159 0.652678 0.0531626
0.116404 0.666939 0.216657
0.312517 0.623642 0.0638414
0.152103 0.529981 0.317916
0.196645 0.675243 0.128113
0.249766 0.671529 0.078705
0.115869 0.851039 0.0330927
0.221718 0.778182 9.9991E-05
0.13668 0.86322 9.9991E-05
0.648793 0.16997 0.181237
0.68549 0.306268 0.0082417
0.740117 0.259783 9.9991E-05
0.883803 0.0568079 0.0593886
0.988778 9.9991E-05 0.011122
0.864457 0.128388 0.00715515
0.75205 0.24785 9.9991E-05
0.976795 0.0231051 9.9991E-05
0.947322 9.9991E-05 0.0525777
0.911718 9.9991E-05 0.0881821
0.9998 9.999E-05 9.999E-05
0.879137 0.03851 0.0823526
0.949561 0.0261527 0.0242863
0.898394 0.0616554 0.0399507
0.970596 0.0186567 0.0107474
0.297264 0.656245 0.0464911
0.346153 0.653747 9.9991E-05
0.171327 0.767071 0.0616023
0.0764953 0.89794 0.0255647
0.151276 0.722031 0.126693
0.635338 9.9991E-05 0.364562
0.923919 0.0529362 0.023145
0.150969 0.74172 0.107311
0.204947 0.794953 9.9991E-05
0.334877 0.449257 0.215866
0.212267 0.451476 0.336257
0.142471 0.554508 0.30302
0.63563 9.9991E-05 0.36427
0.331002 0.582763 0.0862349
0.166503 0.59601 0.237487
0.370383 0.481552 0.148066
0.0335628 0.0819322 0.884505
0.0462387 0.0583361 0.895425
9.9991E-05 0.108656 0.891244
0.0415319 0.120999 0.837469
0.117952 9.9991E-05 0.881948
0.0525617 0.0220091 0.925429
9.9991E-05 0.254339 0.745561
9.9991E-05 0.122507 0.877393
0.0774092 9.9991E-05 0.922491
9.9991E-05 0.113478 0.886422
0.0101136 0.207995 0.781892
0.0903507 9.9991E-05 0.909549
0.0196392 0.168573 0.811788
0.141656 0.287255 0.571089
0.832475 0.135372 0.0321532
0.890291 0.0878872 0.0218219
0.894219 0.105681 9.9991E-05
0.0027661 0.179757 0.817477
0.066461 0.221826 0.711713
0.0198578 0.133892 0.84625
0.1347 9.9991E-05 0.8652
0.0596954 0.0460188 0.894286
9.9991E-05 0.647823 0.352077
0.0217349 0.644552 0.333713
0.0417812 0.613049 0.34517
0.138768 0.509744 0.351487
0.215166 0.555555 0.229279
0.14578 0.52125 0.332969
0.21101 0.548411 0.240579
9.9991E-05 0.253463 0.746437
0.086958 0.25236 0.660682
0.15097 9.9991E-05 0.84893
0.140521 9.9991E-05 0.859379
9.9991E-05 0.191975 0.807925
0.806466 0.151775 0.0417587
0.130881 0.381528 0.487592
9.9991E-05 0.582213 0.417687
0.599403 9.9991E-05 0.400497
0.210743 0.789157 9.9991E-05
0.229262 0.770638 9.9991E-05
0.227536 0.759422 0.0130419
0.337401 0.530092 0.132507
0.109702 0.813861 0.0764371
0.058695 0.499441 0.441864
0.679572 0.235858 0.0845703
0.0520815 0.504399 0.44352
0.368986 0.50254 0.128474
0.244764 0.755136 9.9991E-05
0.0733081 0.891806 0.0348855
0.112828 0.854237 0.0329347
0.0463905 0.847214 0.106395
0.0061893 0.910777 0.0830332
0.117251 0.882649 9.9991E-05
0.0603941 0.485734 0.453871
0.190421 0.425904 0.383674
0.12935 0.407389 0.463261
0.266391 0.629271 0.104339
0.141463 0.58998 0.268558
0.444333 0.521643 0.0340232
9.9991E-05 0.152116 0.847784
0.0908662 0.0728763 0.836258
0.204632 0.419905 0.375463
0.150849 0.533198 0.315952
0.301505 0.378258 0.320237
0.777917 0.209531 0.0125515
0.10321 0.0765757 0.820214
0.0859698 0.127584 0.786446
9.9991E-05 0.363668 0.636232
0.590338 0.353475 0.0561868
0.254795 0.716204 0.0290006
0.065827 0.869312 0.0648613
0.0803708 0.853768 0.0658617
0.47923 0.52067 9.9991E-05
0.193016 0.806884 9.9991E-05
0.142103 0.857797 9.9991E-05
0.0577556 0.880085 0.0621592
0.329965 0.645657 0.0243777
0.113789 0.886111 9.9991E-05
0.244958 0.754942 9.9991E-05
0.118766 0.854353 0.026881
0.357818 0.550728 0.0914535
0.064508 0.860864 0.074628
0.268715 0.641348 0.0899367
0.0954329 0.904467 9.9991E-05
0.912209 0.0867218 0.00106931
0.94196 0.0579396 9.9991E-05
0.9998 9.999E-05 9.999E-05
0.823741 0.129376 0.0468829
0.896465 0.035287 0.0682479
9.9991E-05 0.884669 0.115231
0.185223 0.814677 9.9991E-05
9.999E-05 9.999E-05 0.9998
0.0659786 0.0500877 0.883934
9.9991E-05 0.078563 0.921337
0.0504128 0.145846 0.803742
9.9991E-05 0.0757102 0.92419
0.156076 9.9991E-05 0.843824
9.9991E-05 0.0334234 0.966477
0.0963866 0.00504545 0.898568
0.0644445 0.0272831 0.908272
0.0677238 9.9991E-05 0.932176
9.9991E-05 0.0683421 0.931558
0.0530938 0.0861825 0.860724
0.015508 0.120649 0.863843
0.0535738 0.00720318 0.939223
0.0659311 0.00478431 0.929285
9.9991E-05 0.0615305 0.93837
0.0808909 9.9991E-05 0.919009
0.0423373 0.575681 0.381982
0.0543438 0.71551 0.230146
9.9991E-05 0.0844327 0.915467
9.9991E-05 0.2325 0.7674
0.0348256 9.9991E-05 0.965074
9.9991E-05 0.656941 0.342959
9.999E-05 0.9998 9.999E-05
0.325282 0.674618 9.9991E-05
0.482739 0.487414 0.0298471
0.670719 0.329181 9.9991E-05
0.884571 0.0901086 0.0253199
0.88571 0.098809 0.0154811
0.874715 0.125185 9.9991E-05
0.794112 0.131273 0.0746155
0.820588 0.0639188 0.115493
0.814631 0.103059 0.0823105
0.171508 0.813329 0.0151624
0.127709 0.808061 0.0642296
9.9991E-05 0.94774 0.0521601
9.9991E-05 0.968963 0.0309373
9.9991E-05 0.99292 0.00697975
0.00743478 0.904473 0.0880919
0.258116 0.729486 0.0123983
0.251988 0.660996 0.0870151
0.164639 0.795245 0.040116
0.191104 0.744684 0.0642128
0.150501 0.775534 0.0739658
0.848258 0.049635 0.102107
0.0836181 0.035733 0.880649
0.149582 9.9991E-05 0.850318
0.0489702 9.9991E-05 0.95093
0.0338669 0.16526 0.800873
0.0867678 0.0549542 0.858278
0.305871 0.524007 0.170122
0.29814 0.701009 0.00085132
0.213188 0.784065 0.00274711
0.382776 0.589493 0.027731
