0.0214843 0.758846 9.9982E-05 0.104275 0.108843 0.00635192 9.9982E-05
0.00993828 0.543953 9.9991E-05 0.0149104 0.0638598 0.0283644 0.338874
0.145864 0.657025 9.9973E-05 0.180161 9.9973E-05 0.0166511 9.9973E-05
0.178567 0.803046 9.9964E-05 9.9964E-05 9.9964E-05 0.0179869 9.9964E-05
9.9973E-05 0.747048 0.0443006 9.9973E-05 0.0167888 9.9973E-05 0.191563
0.00852803 0.746242 9.9973E-05 9.9973E-05 0.10048 9.9973E-05 0.144451
0.111256 0.512224 0.00311108 0.0263592 0.0825266 9.9991E-05 0.264423
0.241023 0.512386 9.9973E-05 9.9973E-05 9.9973E-05 0.0497429 0.196548
9.9991E-05 0.140901 0.0487497 0.0877459 0.07185 0.00653699 0.644117
0.280325 0.299569 9.9991E-05 0.100499 0.0185277 0.0205976 0.280381
0.409522 0.00431694 0.116671 9.9982E-05 9.9982E-05 0.0643131 0.404977
0.0854245 0.208654 0.0749099 0.180751 9.9991E-05 0.0373573 0.412803
0.653682 9.9982E-05 0.0910666 9.9982E-05 0.0146935 0.0304886 0.20987
0.126896 9.9973E-05 0.0919478 0.147712 9.9973E-05 9.9973E-05 0.633144
9.999E-05 0.310774 0.0513037 0.12486 0.02383 0.0533895 0.435742
0.150037 0.0859531 9.9982E-05 9.9982E-05 0.0591732 0.00134876 0.703288
9.9973E-05 0.277715 9.9973E-05 0.161931 0.0428499 9.9973E-05 0.517204
9.9982E-05 0.375148 9.9982E-05 0.00362578 0.0358617 0.0214246 0.56374
0.0673566 9.9991E-05 0.0983031 0.474051 0.0994636 0.0568721 0.203853
0.0297498 9.9973E-05 9.9973E-05 0.566164 0.0704614 9.9973E-05 0.333324
9.9982E-05 0.177801 0.0296379 0.698577 9.9982E-05 0.0181017 0.0756825
0.043469 0.0967627 0.00860541 0.7663 0.0771436 0.00761889 9.9991E-05
0.0022735 9.9991E-05 0.0118259 0.862747 0.0285233 0.0514496 0.0430802
9.9982E-05 0.0205975 9.9982E-05 0.749959 0.0450135 0.0498954 0.134334
0.093727 0.199584 9.9982E-05 0.627266 0.000596408 9.9982E-05 0.078626
9.9973E-05 0.126916 9.9973E-05 0.828438 0.0393534 0.00499267 9.9973E-05
9.9982E-05 0.00748289 0.0619209 0.870086 0.0234714 0.0368392 9.9982E-05
0.0217681 9.9982E-05 9.9982E-05 0.752023 0.0872799 0.0269893 0.11174
9.9982E-05 0.103393 0.0114678 0.817111 0.0177566 9.9982E-05 0.050071
9.9973E-05 0.0881601 0.0147535 0.811781 0.0850056 9.9973E-05 9.9973E-05
9.9964E-05 9.9964E-05 9.9964E-05 0.823499 0.116052 9.9964E-05 0.0600495
9.9973E-05 9.9973E-05 0.0429253 0.790423 9.9973E-05 0.0295445 0.136807
0.0406473 9.9982E-05 9.9982E-05 0.71596 0.0334324 0.0577036 0.152056
0.20568 0.231973 0.00799222 0.105502 0.0018773 0.0685712 0.378404
0.00627473 0.559934 0.0614416 0.188182 9.9982E-05 9.9982E-05 0.183967
0.00394399 0.76034 0.107387 0.112366 9.9982E-05 9.9982E-05 0.0157632
0.193291 0.674966 0.0277704 0.0512673 9.9982E-05 0.0525047 9.9982E-05
0.178233 0.253117 0.0780662 0.0827534 0.0178134 0.0154305 0.374586
9.995E-05 9.995E-05 9.995E-05 9.995E-05 9.995E-05 0.9994 9.995E-05
0.142415 0.0274564 0.0228889 0.782992 9.9982E-05 0.0240475 9.9982E-05
9.9973E-05 0.709094 0.0100321 0.128858 0.151716 9.9973E-05 9.9973E-05
0.130072 0.345486 9.9973E-05 0.122815 9.9973E-05 9.9973E-05 0.401327
0.187836 0.159428 9.9991E-05 0.222303 0.160523 0.0305076 0.239302
0.572746 9.9991E-05 0.0707074 0.0269479 0.0741741 0.0669438 0.188381
0.855135 0.0713786 9.9982E-05 0.0352587 0.0141043 0.0239234 9.9982E-05
9.995E-05 9.995E-05 9.995E-05 9.995E-05 9.995E-05 0.9994 9.995E-05
0.173245 0.269323 0.0690298 0.183757 9.9991E-05 0.0738466 0.230698
0.422684 0.0615985 0.0427927 0.0667286 0.0811426 9.9991E-05 0.324954
0.141915 0.137258 0.110143 0.319133 9.9991E-05 0.027399 0.264052
0.0614095 9.9982E-05 0.378379 9.9982E-05 0.464345 0.0295284 0.0661381
0.157976 9.9973E-05 0.590334 9.9973E-05 0.204819 0.0465718 9.9973E-05
9.9982E-05 0.0802997 0.61547 9.9982E-05 0.214156 0.0105585 0.0793157
0.101465 9.9991E-05 0.579607 0.00910016 0.129111 0.0698009 0.110817
9.9973E-05 9.9973E-05 0.778626 9.9973E-05 0.0376882 0.0457622 0.137624
9.9973E-05 9.9973E-05 0.7305 0.00330818 0.165673 9.9973E-05 0.100218
9.9955E-05 9.9955E-05 0.709787 9.9955E-05 9.9955E-05 9.9955E-05 0.289714
9.9964E-05 9.9964E-05 0.457067 9.9964E-05 0.353076 9.9964E-05 0.189457
9.995E-05 9.995E-05 9.995E-05 9.995E-05 0.9994 9.995E-05 9.995E-05
0.0651215 0.0840938 0.745948 9.9982E-05 0.0547361 0.0499007 9.9982E-05
0.239788 0.0260725 0.35799 9.9991E-05 0.266886 0.0389647 0.0701985
9.995E-05 9.995E-05 9.995E-05 9.995E-05 0.9994 9.995E-05 9.995E-05
0.119916 0.0745892 0.525351 0.0963363 0.176098 9.9991E-05 0.00760854
0.495154 9.9982E-05 0.217195 9.9982E-05 0.144228 0.0462576 0.0969642
0.0127269 0.152408 0.0827635 0.750739 9.9982E-05 0.00116234 9.9982E-05
0.0486037 0.116667 9.9991E-05 0.732125 0.0173878 0.048443 0.0366731
9.9973E-05 0.177712 9.9973E-05 0.751179 0.0497139 0.0210948 9.9973E-05
0.0651922 0.060205 0.649171 9.9991E-05 0.0743051 0.00162792 0.149399
0.379472 0.0441699 0.421298 9.9982E-05 0.113795 0.041065 9.9982E-05
0.157598 9.9991E-05 0.69509 0.0942583 0.019285 0.0238298 0.00983827
0.209285 9.9982E-05 0.656067 0.0165601 0.0757566 0.0421308 9.9982E-05
9.9982E-05 0.102659 0.803373 0.000226485 0.0467093 0.0468318 9.9982E-05
0.524542 0.0611605 0.10533 9.9991E-05 0.0768159 0.00521748 0.226834
0.572533 9.9964E-05 9.9964E-05 9.9964E-05 0.108843 9.9964E-05 0.318224
0.73379 0.0359519 9.9973E-05 9.9973E-05 0.13912 9.9973E-05 0.0908386
0.976226 9.9955E-05 9.9955E-05 9.9955E-05 9.9955E-05 0.0232739 9.9955E-05
0.927603 9.9964E-05 9.9964E-05 0.0526119 9.9964E-05 0.0193857 9.9964E-05
0.842121 9.9973E-05 9.9973E-05 9.9973E-05 0.0661121 0.0170753 0.0743921
0.689066 0.147094 0.0699062 0.0737252 9.9982E-05 0.0200081 9.9982E-05
0.155594 9.9973E-05 0.611534 9.9973E-05 0.0943887 9.9973E-05 0.138184
0.269656 0.132315 0.302548 0.0367773 0.142662 0.115941 9.9991E-05
0.162918 0.00636541 0.607852 0.045581 0.163205 0.0139786 9.9991E-05
0.0475356 9.9982E-05 0.585388 0.114197 0.210285 0.042394 9.9982E-05
9.9973E-05 9.9973E-05 0.708337 9.9973E-05 0.013134 0.0308947 0.247334
9.9973E-05 9.9973E-05 0.0722107 0.624932 9.9973E-05 0.0207206 0.281837
0.39816 0.111259 0.231995 0.166615 0.0742128 9.9991E-05 0.017659
0.802031 0.0701944 0.127374 9.9964E-05 9.9964E-05 9.9964E-05 9.9964E-05
9.995E-05 9.995E-05 9.995E-05 9.995E-05 9.995E-05 0.9994 9.995E-05
0.119698 0.607143 9.9982E-05 0.156964 0.0421253 9.9982E-05 0.0738704
0.0495238 0.682765 9.9991E-05 0.0834939 0.0319823 0.0266691 0.125466
0.124117 0.217806 9.9991E-05 0.027922 0.115707 0.0308727 0.483476
0.174761 9.9991E-05 0.112538 0.110134 0.000412079 0.0315092 0.570546
9.9982E-05 0.560436 0.0511955 0.0331922 0.0258051 9.9982E-05 0.329171
0.660336 0.0525623 9.9973E-05 0.0212353 0.265566 9.9973E-05 9.9973E-05
0.105884 0.24447 0.041481 0.52235 0.0313752 0.0174195 0.0370191
0.582566 9.9973E-05 0.21766 9.9973E-05 9.9973E-05 0.0798866 0.119587
0.370867 0.224212 0.0435462 0.234294 0.0225143 0.0427892 0.0617768
9.9973E-05 0.139081 9.9973E-05 0.0608666 0.0500978 9.9973E-05 0.749655
0.260626 0.643525 9.9973E-05 0.0188022 9.9973E-05 9.9973E-05 0.0767472
0.190348 0.308289 0.00583726 0.117837 9.9982E-05 9.9982E-05 0.377488
0.147649 9.9973E-05 9.9973E-05 9.9973E-05 0.0613088 0.0132022 0.77754
0.309023 0.690477 9.9955E-05 9.9955E-05 9.9955E-05 9.9955E-05 9.9955E-05
0.0723394 0.0420572 9.9964E-05 9.9964E-05 9.9964E-05 9.9964E-05 0.885204
0.591339 0.0934251 0.133925 0.0272943 0.0988566 0.0236954 0.0314652
0.544436 0.102513 0.134766 0.064676 0.099637 0.0538716 9.9991E-05
0.579764 0.0357895 0.158189 9.9991E-05 0.0804401 0.0846989 0.0610187
0.497304 0.126857 9.9982E-05 0.154246 9.9982E-05 0.00553146 0.215861
0.452265 9.9982E-05 0.0835461 0.0976505 0.0157649 9.9982E-05 0.350574
0.0104908 0.215928 0.0873388 0.353066 9.9982E-05 9.9982E-05 0.332977
9.9973E-05 0.209769 0.679737 9.9973E-05 0.102421 0.00777324 9.9973E-05
0.206723 9.9982E-05 0.670157 0.0407053 0.0800466 0.00216792 9.9982E-05
0.446127 0.215203 0.0577843 0.101203 0.179482 9.9982E-05 9.9982E-05
0.303997 9.9982E-05 9.9982E-05 0.0590669 0.250958 0.0169275 0.36885
0.318418 0.234123 9.9982E-05 0.177244 0.241034 0.0289819 9.9982E-05
0.250981 0.0457697 9.9964E-05 0.702849 9.9964E-05 9.9964E-05 9.9964E-05
0.252779 9.9982E-05 0.614407 0.0631648 0.0231087 0.0463411 9.9982E-05
0.218727 0.0208645 0.550671 0.054056 0.155482 9.9982E-05 9.9982E-05
0.390999 0.0889343 0.429542 9.9973E-05 0.0902256 9.9973E-05 9.9973E-05
0.0608452 0.336427 0.0441377 0.408606 0.0307541 0.0386939 0.0805352
9.9982E-05 0.586753 0.0279388 0.174445 0.0424296 9.9982E-05 0.168233
0.239459 0.570573 0.0284615 9.9982E-05 9.9982E-05 0.0340539 0.127253
0.0042111 0.709117 0.0446878 0.0426612 0.0621725 9.9991E-05 0.13705
9.9973E-05 0.358959 9.9973E-05 0.356013 0.0210208 9.9973E-05 0.263708
0.0716101 0.565157 0.0283309 0.149782 0.0174139 0.0251264 0.142579
9.9973E-05 0.790382 0.0714585 0.111547 9.9973E-05 9.9973E-05 0.0263134
9.9973E-05 0.610085 0.0117068 9.9973E-05 0.0979769 9.9973E-05 0.279931
0.0646117 0.416695 0.0519932 0.303291 9.9982E-05 9.9982E-05 0.163209
9.9964E-05 0.00267314 0.0231386 9.9964E-05 9.9964E-05 9.9964E-05 0.973788
9.9982E-05 0.0496444 9.9982E-05 0.0930413 0.0750665 0.00954566 0.772502
0.09394 0.00332569 9.9973E-05 9.9973E-05 9.9973E-05 0.0158281 0.886606
0.134493 0.248353 0.100531 0.249423 9.9982E-05 9.9982E-05 0.267
0.0201566 0.0078839 0.0545268 9.9991E-05 0.0306796 0.0270385 0.859615
0.204514 0.0704569 9.9991E-05 0.159967 0.0460723 0.00672817 0.512162
0.1184 0.617051 0.0354211 0.057444 0.0167458 0.00980049 0.145138
0.149556 9.9973E-05 0.0171843 0.796922 9.9973E-05 9.9973E-05 0.0360383
0.017956 0.159076 9.9964E-05 0.822568 9.9964E-05 9.9964E-05 9.9964E-05
9.9964E-05 9.9964E-05 9.9964E-05 0.766174 9.9964E-05 0.0372232 0.196203
9.9982E-05 0.103668 0.091423 0.700527 9.9982E-05 0.00415389 0.100027
0.120816 0.0918781 0.0342993 0.736237 0.0100253 0.00664403 9.9991E-05
0.140052 0.637596 0.0843205 9.9982E-05 0.0170411 9.9982E-05 0.12079
0.202985 0.636798 9.9973E-05 0.13902 9.9973E-05 0.0208972 9.9973E-05
9.99639E-05 0.00281885 0.423838 9.99639E-05 0.572943 9.99639E-05 9.99639E-05
0.0487017 0.00679596 0.817765 0.0605218 0.0100359 0.0286986 0.0274811
9.9991E-05 0.0191814 0.804766 0.0520962 0.0933685 0.00970149 0.0207867
0.253619 0.04723 0.55563 0.0404428 0.0964664 0.00651218 9.9991E-05
0.0129743 0.0368453 0.755604 9.9982E-05 0.155655 0.0387215 9.9982E-05
9.9973E-05 9.9973E-05 0.677108 0.106423 0.127815 9.9973E-05 0.0883546
0.0495059 0.00131597 0.925205 9.9973E-05 9.9973E-05 0.0236731 9.9973E-05
0.014715 0.0218686 0.623896 0.0854649 0.253856 9.9982E-05 9.9982E-05
0.0236242 0.0473956 0.762514 0.0836426 0.0826236 9.9982E-05 9.9982E-05
9.9964E-05 9.9964E-05 0.68405 0.101883 0.213667 9.9964E-05 9.9964E-05
0.111207 0.0389913 0.833008 9.9973E-05 9.9973E-05 0.0164937 9.9973E-05
0.06697 9.9991E-05 0.719406 0.00192495 0.050384 0.0349753 0.12624
0.0113972 0.0398027 0.762035 0.0752656 0.0386799 0.0317667 0.0410524
9.99791E-05 0.0329672 0.786555 0.0475719 0.132606 9.99791E-05 9.99791E-05
0.0761583 0.0447871 0.676668 0.051484 0.143876 0.00692707 9.9991E-05
9.9973E-05 0.0941406 0.853846 9.9973E-05 0.03249 0.0192238 9.9973E-05
0.0222057 0.00424405 0.796778 0.148862 0.0270004 0.000809314 9.9991E-05
0.703506 0.107439 0.147386 0.0413692 9.9973E-05 9.9973E-05 9.9973E-05
0.841185 9.9955E-05 9.9955E-05 9.9955E-05 9.9955E-05 9.9955E-05 0.158316
0.123417 0.056431 0.794698 9.9973E-05 0.0251542 9.9973E-05 9.9973E-05
0.0205044 0.263254 0.41501 9.9982E-05 0.264484 0.0365473 9.9982E-05
9.995E-05 9.995E-05 9.995E-05 9.995E-05 0.9994 9.995E-05 9.995E-05
0.448688 0.11371 9.9973E-05 9.9973E-05 0.311573 9.9973E-05 0.125729
9.9973E-05 0.810331 0.0759684 9.9973E-05 9.9973E-05 0.0134969 0.0999035
9.9982E-05 0.663777 0.00888155 0.222937 9.9982E-05 0.0166083 0.087596
0.142321 0.375961 9.9973E-05 0.404143 0.0772754 9.9973E-05 9.9973E-05
0.100612 0.0266619 9.9973E-05 0.498022 9.9973E-05 9.9973E-05 0.374404
0.155905 9.9973E-05 9.9973E-05 0.784623 9.9973E-05 0.00408204 0.0550903
0.096639 0.025897 9.9991E-05 0.792785 0.0505669 0.00704808 0.0269639
0.0503987 0.153354 9.9991E-05 0.691614 0.00806185 0.00783509 0.088636
0.0347574 9.9982E-05 0.0140726 0.704898 9.9982E-05 0.0114723 0.2346
0.124075 9.9991E-05 0.0189896 0.629673 0.0564723 0.0308354 0.139854
9.9973E-05 0.138606 0.0867558 0.718259 9.9973E-05 0.0560786 9.9973E-05
0.036206 0.764279 0.0266477 0.0745638 0.0274743 9.9991E-05 0.0707292
0.156966 0.684529 0.0440665 0.0176457 0.0393762 0.0573164 9.9991E-05
0.056849 0.712016 9.9982E-05 9.9982E-05 0.146011 0.0478804 0.037044
0.212935 0.741576 0.0432488 9.9973E-05 9.9973E-05 0.00194007 9.9973E-05
0.107169 0.81979 9.9973E-05 9.9973E-05 0.0348506 0.0378901 9.9973E-05
0.357491 0.609141 0.0329685 9.9964E-05 9.9964E-05 9.9964E-05 9.9964E-05
0.0556493 0.0923938 9.9991E-05 0.148859 0.0825413 0.00768759 0.612769
9.9964E-05 9.9964E-05 9.9964E-05 0.0913601 0.145935 9.9964E-05 0.762305
0.00561713 9.9973E-05 0.0849454 9.9973E-05 9.9973E-05 0.0370881 0.872049
0.157163 9.9982E-05 0.0824976 0.0623436 9.9982E-05 0.0123038 0.685492
9.9982E-05 0.0767676 0.0740008 0.0701257 9.9982E-05 0.0395678 0.739338
0.0236611 9.9982E-05 0.0795367 0.600411 9.9982E-05 0.154804 0.141387
0.178581 0.020275 0.362984 0.0116595 0.407662 0.0187386 9.9991E-05
9.9982E-05 0.0274622 0.614656 0.133383 0.182459 0.0418393 9.9982E-05
0.117957 9.9964E-05 0.86548 9.9964E-05 9.9964E-05 9.9964E-05 0.016163
0.125607 0.0408733 0.692215 0.0139357 0.0254067 0.0104249 0.0915383
9.9982E-05 0.113074 0.764958 0.0666137 0.0125023 0.0426523 9.9982E-05
9.9991E-05 0.0668808 0.0492898 0.170272 0.133518 0.0385264 0.541413
0.00234354 0.234902 0.0668543 0.16914 0.030531 0.0123818 0.483847
9.9982E-05 0.110718 9.9982E-05 0.027938 0.037678 0.0497235 0.773743
0.145387 0.253581 0.0127783 0.193793 9.9991E-05 0.0368183 0.357542
