0.066552 0.0190989 0.748843 0.104761 0.0606451 9.9991E-05
0.0215809 0.0278485 0.884161 9.9982E-05 0.0662099 9.9982E-05
0.160391 0.0189313 0.682641 0.0815284 9.9991E-05 0.0564085
0.045454 0.0325319 0.534978 0.321275 9.9991E-05 0.0656611
9.9973E-05 9.9973E-05 0.786375 0.123049 9.9973E-05 0.090276
9.999E-05 0.00097609 0.76853 0.158034 0.0300389 0.0423208
0.0831777 9.9991E-05 0.463054 0.379148 0.0357124 0.0388083
9.9982E-05 0.0400602 0.509591 0.425425 9.9982E-05 0.0247239
0.111706 0.0174026 0.73159 0.0189085 0.0156207 0.104773
0.139927 0.0241373 0.437687 0.324378 0.0737714 9.9991E-05
0.1257 0.0463049 0.118196 0.493163 0.130064 0.0865726
0.198245 0.0166771 0.460392 0.185795 0.128124 0.0107683
0.0937138 0.0452825 0.0213949 0.475886 0.363622 9.9991E-05
0.261352 0.00635571 0.330798 0.269082 0.00677103 0.12564
0.171567 0.0416002 0.45126 0.221637 9.9991E-05 0.113836
0.136382 0.021464 0.51307 0.266294 0.0318499 0.0309405
0.23177 9.9982E-05 0.437149 0.308909 9.9982E-05 0.0219732
0.0537295 0.0365597 0.909411 9.9973E-05 9.9973E-05 9.9973E-05
0.4897 0.0566318 0.122912 0.0653655 0.161885 0.103506
0.674767 9.9982E-05 0.212703 0.00299551 0.109335 9.9982E-05
0.681022 0.0178512 0.239823 0.0374797 9.9991E-05 0.0237234
0.793637 0.00302066 0.113843 9.9982E-05 0.0892997 9.9982E-05
0.875733 0.0372799 9.9973E-05 9.9973E-05 0.0866869 9.9973E-05
0.707804 0.0378737 0.210798 9.9991E-05 0.0228191 0.0206052
0.673077 9.9982E-05 0.0880891 0.22863 9.9982E-05 0.0100037
0.843925 0.00122423 0.096404 9.9982E-05 0.0582471 9.9982E-05
0.815548 0.0249018 9.9991E-05 0.0654437 0.0488205 0.0451862
0.802031 0.0359411 0.00957352 0.00253613 0.0998933 0.0500248
0.825495 9.9973E-05 0.136104 9.9973E-05 9.9973E-05 0.038101
0.784435 0.00547575 9.9991E-05 0.0819433 0.056978 0.0710685
0.809746 9.9982E-05 0.114228 9.9982E-05 0.0278095 0.0480167
0.826556 0.0302885 0.00181176 0.0784837 9.9991E-05 0.06276
0.846274 0.0327979 0.0116432 0.0429721 0.0662133 9.9991E-05
0.195113 0.0642835 0.490034 0.165637 0.0848323 9.9991E-05
0.251229 9.9982E-05 0.538599 0.143303 9.9982E-05 0.0666701
0.104997 9.9982E-05 0.0829306 0.722635 9.9982E-05 0.0892374
0.0688991 0.0311026 0.294367 0.553106 9.9991E-05 0.0524252
0.193874 0.0134879 0.228735 0.415485 0.00246519 0.145953
9.996E-05 0.9995 9.996E-05 9.996E-05 9.996E-05 9.996E-05
0.762779 0.0207255 9.9991E-05 0.0844095 0.111492 0.0204942
0.11978 9.9982E-05 0.688063 0.0215744 9.9982E-05 0.170383
0.0839259 9.9982E-05 0.775386 0.102866 0.0376219 9.9982E-05
0.234758 0.0016888 0.473169 0.000251245 0.290032 9.9991E-05
0.0450652 0.0433015 0.284374 0.173954 0.453205 9.9991E-05
0.0557665 0.0117334 9.9982E-05 0.502027 0.430273 9.9982E-05
9.996E-05 0.9995 9.996E-05 9.996E-05 9.996E-05 9.996E-05
0.17615 0.0903316 0.323799 0.302333 0.0805644 0.0268227
0.172621 9.9991E-05 0.0357949 0.559816 0.197674 0.0339938
0.293605 0.0323978 0.375391 0.118232 0.0362645 0.14411
9.9982E-05 0.0137879 0.032844 9.9982E-05 0.689124 0.264044
0.0083245 0.0260184 0.0237178 0.00548892 0.360273 0.576178
0.0193856 9.9982E-05 0.0721506 9.9982E-05 0.325509 0.582755
9.9991E-05 0.0419829 0.027941 0.0814302 0.305008 0.543538
0.067073 0.0332759 9.9982E-05 9.9982E-05 0.172924 0.726527
0.0390848 9.9973E-05 9.9973E-05 9.9973E-05 0.259154 0.701461
9.9982E-05 9.9982E-05 0.141365 0.0354975 0.0988813 0.724057
9.9982E-05 0.031109 0.0123994 9.9982E-05 0.531045 0.425247
9.9973E-05 0.00287689 9.9973E-05 9.9973E-05 0.96802 0.0288035
9.9982E-05 0.0448334 0.0765428 9.9982E-05 0.192632 0.685792
9.9991E-05 0.0409325 0.0737944 0.0614546 0.424683 0.399036
9.996E-05 9.996E-05 9.996E-05 9.996E-05 0.9995 9.996E-05
0.0316982 0.00907779 0.134737 9.9991E-05 0.336773 0.487614
0.0114843 0.0592035 0.101529 0.193141 0.484721 0.149922
0.731269 0.0402472 0.178361 0.00407531 9.9991E-05 0.045948
0.656133 0.0311891 0.248214 9.9991E-05 0.0545391 0.00982554
0.834313 0.0153557 0.0703502 0.0797814 9.9982E-05 9.9982E-05
0.047369 0.00114576 0.0727345 0.0452302 0.267606 0.565914
9.9991E-05 0.0612147 0.119611 0.0833897 0.372173 0.363511
0.0582845 0.0158446 0.0921334 9.9991E-05 0.143149 0.690489
0.0491814 0.0531159 9.9991E-05 0.0119575 0.317556 0.568089
9.9982E-05 0.036242 9.9982E-05 0.0623566 0.0202021 0.880999
9.9982E-05 0.00697468 0.330451 0.216151 0.446223 9.9982E-05
0.027611 0.00897535 0.263084 0.283727 0.416503 9.9991E-05
0.0222219 0.00170286 9.9982E-05 0.500312 0.475563 9.9982E-05
9.9973E-05 0.0140581 9.9973E-05 0.56271 0.422932 9.9973E-05
0.128009 0.0547459 0.00322693 0.451293 0.362625 9.9991E-05
9.9973E-05 0.0197428 9.9973E-05 0.457858 0.5221 9.9973E-05
0.0909882 0.0323873 0.140239 0.420024 0.316261 9.9991E-05
9.9982E-05 9.9982E-05 0.0358 0.168348 0.129612 0.66604
9.9991E-05 0.113766 0.293516 0.00866417 0.285428 0.298526
0.0528134 0.0287405 0.0297907 0.00872904 0.396977 0.48295
0.0592401 0.0679126 9.9982E-05 9.9982E-05 0.288635 0.584013
9.9973E-05 0.035319 9.9973E-05 0.17364 9.9973E-05 0.790741
0.681657 0.0387028 0.0331637 0.176029 9.9991E-05 0.0703473
0.135071 9.9991E-05 0.0769728 0.254478 0.374425 0.158953
9.9973E-05 9.9973E-05 0.125183 0.349172 0.525345 9.9973E-05
9.996E-05 0.9995 9.996E-05 9.996E-05 9.996E-05 9.996E-05
0.140013 9.9982E-05 0.50603 0.298068 0.0556882 9.9982E-05
0.0665322 0.019054 0.811881 0.0108559 0.0915766 9.9991E-05
0.121493 0.031197 0.380695 0.32736 0.139154 9.9991E-05
0.259754 0.0426377 0.305998 0.226111 0.0613289 0.10417
0.0734773 9.9982E-05 0.34669 0.51348 9.9982E-05 0.0661526
9.9964E-05 9.9964E-05 9.9964E-05 0.44434 0.55526 9.9964E-05
0.544618 0.0282593 0.21177 0.121271 0.0939809 9.9991E-05
0.00194523 0.0840659 0.182778 0.29493 0.201933 0.234347
0.275377 0.0129409 0.0677463 0.485815 0.0699003 0.0882213
0.100079 9.99731E-05 0.881453 9.99731E-05 0.0181678 9.99731E-05
0.0546173 9.9991E-05 0.357656 0.558694 0.0134475 0.0154848
0.192233 9.9982E-05 0.519095 0.232588 0.0558833 9.9982E-05
0.0862895 0.0173667 0.27161 0.500985 0.12167 0.00207826
0.0722042 9.9964E-05 9.9964E-05 0.927396 9.9964E-05 9.9964E-05
0.0588895 9.9982E-05 0.608201 0.290068 0.0426417 9.9982E-05
0.0605948 0.00732528 0.0803472 0.325913 0.371721 0.1541
0.0362513 0.0725951 0.230253 0.247864 0.389721 0.0233163
0.0451325 0.0909391 0.0830739 0.302017 0.414807 0.0640303
0.212311 0.00495777 9.9982E-05 0.62696 0.155571 9.9982E-05
0.140777 9.9991E-05 0.321712 0.207221 0.29245 0.0377397
0.420134 9.9982E-05 0.183789 0.300616 9.9982E-05 0.0952612
0.0362889 0.0111208 0.0985162 9.9991E-05 0.137158 0.716816
9.9982E-05 0.0209057 0.110762 9.9982E-05 0.271822 0.59631
0.128305 9.9991E-05 0.283569 0.149342 0.432067 0.0066167
0.117991 0.0286625 0.1308 0.328847 0.393599 9.9991E-05
0.229019 0.0471078 0.25623 0.012474 0.455069 9.9991E-05
0.707505 9.9973E-05 9.9973E-05 0.170192 0.122003 9.9973E-05
0.0666413 0.0545487 9.9991E-05 0.0558609 0.232083 0.590766
0.0219719 9.9991E-05 0.034783 0.0805055 0.367956 0.494684
9.9982E-05 9.9982E-05 0.0540335 0.239771 0.477302 0.228694
0.50476 0.050443 0.212599 0.168535 0.0101081 0.0535555
0.158501 0.0161618 0.757819 9.9982E-05 9.9982E-05 0.0673183
9.9982E-05 0.00111542 0.632137 0.291958 9.9982E-05 0.0745898
9.9982E-05 9.9982E-05 0.688132 0.19452 0.0154325 0.101716
0.319553 9.9982E-05 0.649821 0.0206361 9.9982E-05 0.00978971
0.170116 0.00685681 0.572993 0.186595 9.9991E-05 0.063338
0.0149159 9.9973E-05 0.944802 9.9973E-05 9.9973E-05 0.0399821
9.9982E-05 0.0177761 0.945271 9.9982E-05 0.0239946 0.0127584
0.320085 0.00627995 0.425168 0.15384 9.9991E-05 0.0945271
0.0869937 0.00127027 0.530374 0.350639 9.9991E-05 0.0306226
0.18891 0.00623457 0.512224 0.230471 0.0620615 9.9991E-05
0.117985 0.0330512 0.306852 0.540724 0.00128818 9.9991E-05
0.19688 0.00753913 0.559344 0.0573819 0.117088 0.0617679
9.9982E-05 0.0472362 0.619407 0.258522 9.9982E-05 0.0746351
0.213681 0.00784809 0.252462 0.393894 0.109791 0.0223241
0.0104784 0.0093352 0.870892 0.0664286 0.0127521 0.0301141
0.821361 9.9973E-05 9.9973E-05 0.172417 0.00592232 9.9973E-05
0.900877 9.9982E-05 0.0536216 0.0303424 0.014959 9.9982E-05
0.843696 0.0264933 9.9973E-05 0.129511 9.9973E-05 9.9973E-05
0.837116 0.00137147 0.0671885 0.00846647 0.0440574 0.0418002
0.721844 9.9973E-05 0.205827 9.9973E-05 0.0720294 9.9973E-05
9.9991E-05 0.00243646 0.540667 0.29675 0.0722593 0.0877869
0.167932 0.0113075 0.131262 0.672563 9.9991E-05 0.0168351
9.9964E-05 9.9964E-05 9.9964E-05 9.9964E-05 0.643563 0.356037
0.0599876 0.0405457 9.9982E-05 9.9982E-05 0.0908732 0.808394
9.9982E-05 0.0147666 0.073313 9.9982E-05 0.0674528 0.844268
9.9982E-05 9.9982E-05 0.119244 0.0732165 0.325168 0.482171
0.013841 0.0382273 0.000942158 9.9991E-05 0.173318 0.773572
0.0996055 0.000201974 9.9982E-05 9.9982E-05 0.165265 0.734727
9.9982E-05 0.0286836 0.00647788 9.9982E-05 0.0645217 0.900117
0.0381436 9.9973E-05 9.9973E-05 9.9973E-05 0.398742 0.562815
0.0433289 9.9973E-05 9.9973E-05 9.9973E-05 0.221883 0.734489
0.0733228 9.9973E-05 9.9973E-05 9.9973E-05 0.363086 0.563291
9.9982E-05 0.0344443 9.9982E-05 0.112379 0.0797691 0.773208
0.0466911 0.0456747 0.00928878 0.0166797 0.193359 0.688307
0.0218399 0.0207767 0.0736856 9.9991E-05 0.117826 0.765771
0.0594071 9.9973E-05 9.9973E-05 9.9973E-05 0.118867 0.821426
9.9982E-05 0.0114823 0.00544307 9.9982E-05 0.399103 0.583772
9.9973E-05 0.0153744 0.0190275 9.9973E-05 9.9973E-05 0.965298
0.0538407 0.0227852 9.9982E-05 9.9982E-05 0.165814 0.757361
0.00814779 0.00330065 0.205299 0.322689 0.383551 0.0770123
0.0241548 9.9982E-05 0.131969 0.483089 0.360587 9.9982E-05
9.9973E-05 9.9973E-05 9.9973E-05 0.132748 0.0409661 0.825986
0.0390667 9.9991E-05 0.0123044 0.156766 0.26217 0.529593
9.996E-05 9.996E-05 9.996E-05 9.996E-05 0.9995 9.996E-05
9.9973E-05 9.9973E-05 0.213174 0.306264 0.480262 9.9973E-05
9.9973E-05 9.9973E-05 0.878058 0.0760825 9.9973E-05 0.0455594
0.143726 0.0111075 0.830121 9.9982E-05 9.9982E-05 0.0148456
0.41346 9.9973E-05 0.454977 9.9973E-05 0.131263 9.9973E-05
0.572204 9.9973E-05 0.365319 9.9973E-05 0.0621771 9.9973E-05
0.703528 0.0107369 9.9982E-05 0.247117 9.9982E-05 0.0384176
0.78773 0.00296157 0.114402 9.9982E-05 0.0947065 9.9982E-05
0.753809 0.0106077 9.9982E-05 0.205608 9.9982E-05 0.0297757
0.758023 0.0109899 0.028127 0.19033 0.0121527 0.000376523
0.678226 0.0297938 0.0589153 0.0848347 0.123577 0.0246532
0.737083 0.0166036 0.123906 9.9982E-05 9.9982E-05 0.122207
0.0618273 0.0106872 0.748143 0.108251 0.0224287 0.0486622
0.0690019 0.0435059 0.6001 0.13871 0.0395547 0.109127
9.9982E-05 0.0248279 0.0732507 0.876246 0.0254755 9.9982E-05
9.9964E-05 9.9964E-05 9.9964E-05 0.996662 9.9964E-05 0.00293789
9.9964E-05 0.00889923 9.9964E-05 0.990701 9.9964E-05 9.9964E-05
0.0817238 9.9973E-05 9.9973E-05 0.867461 9.9973E-05 0.0505148
0.154342 0.0182917 0.446396 0.286546 0.0943236 9.9991E-05
0.0957457 0.0197017 0.567869 0.150098 0.166485 9.9991E-05
0.068025 0.0639842 0.530858 0.259246 9.9991E-05 0.0777871
0.183643 0.00567747 0.199495 0.536781 9.9991E-05 0.0743041
0.152925 0.0387581 0.264265 0.470722 9.9991E-05 0.0732294
0.641572 0.152069 0.0408622 0.0441274 9.9991E-05 0.121269
0.00922292 0.0159454 0.0337705 0.0139894 0.558893 0.368179
0.0880832 0.0318242 9.9982E-05 9.9982E-05 0.229788 0.650105
0.0243138 0.00868822 9.9982E-05 9.9982E-05 0.130527 0.836271
0.0219705 0.0203505 0.0988449 0.0346362 0.184856 0.639342
0.0677307 0.0262042 0.0247247 0.0116919 0.0620865 0.807562
0.243824 0.0138893 0.285424 0.241603 0.169301 0.0459593
0.226253 0.0199167 0.446687 0.233381 0.0508822 0.0228797
0.109822 0.0556925 0.613844 0.220441 9.9982E-05 9.9982E-05
0.225907 0.0711733 0.455357 0.185248 0.0622144 9.9991E-05
