0.00606694 0.172829 0.814539 0.00656496
0.0429605 0.0792028 0.877737 9.9991E-05
0.0318994 0.27575 0.679164 0.013187
0.0136061 0.110757 0.864589 0.0110481
0.0266845 0.0466065 0.898923 0.0277864
0.0193609 0.0498782 0.866641 0.0641196
9.999E-05 0.0889938 0.870334 0.0405717
0.056595 0.00272287 0.940582 9.9991E-05
0.0201408 0.193494 0.723298 0.0630669
0.0449113 0.275489 0.67214 0.00745942
0.059187 0.0680708 0.677661 0.195081
0.0494762 0.29336 0.585624 0.0715399
0.0421941 0.131883 0.492854 0.333069
0.00425419 0.250334 0.649393 0.0960192
0.0413445 0.216075 0.697747 0.0448329
0.036776 0.110868 0.843083 0.00927336
9.9982E-05 0.247796 0.752004 9.9982E-05
0.0218109 0.122547 0.855542 9.9991E-05
0.0582898 0.621803 0.119841 0.200066
9.9991E-05 0.711496 0.266635 0.0217682
0.0162931 0.725272 0.258335 9.9991E-05
9.9991E-05 0.884126 0.0391056 0.0766688
0.04762 0.95218 9.9982E-05 9.9982E-05
0.0487469 0.829483 0.12167 9.9991E-05
9.9991E-05 0.75213 0.242212 0.00555842
0.0156635 0.907107 0.0771295 9.9991E-05
0.0345994 0.908182 9.9991E-05 0.0571184
0.0196762 0.900002 9.9991E-05 0.0802218
9.9991E-05 0.967506 0.0195583 0.0128358
9.9982E-05 0.910543 9.9982E-05 0.089257
0.0166624 0.911319 0.0380031 0.0340159
0.0274095 0.841045 0.0736936 0.057852
0.061565 0.90661 9.9991E-05 0.0317247
0.0876892 0.250226 0.659393 0.0026918
0.0190835 0.351954 0.621214 0.00774886
9.9991E-05 0.146788 0.786624 0.0664881
0.0327413 0.0360543 0.931104 9.9991E-05
0.0105848 0.192334 0.680091 0.11699
0.9997 9.998E-05 9.998E-05 9.998E-05
0.0271099 0.888037 0.00870346 0.0761501
9.9991E-05 0.201624 0.724319 0.0739574
9.9982E-05 0.145462 0.854338 9.9982E-05
9.9991E-05 0.342229 0.461571 0.1961
0.060205 0.129793 0.458563 0.351439
0.0236975 0.0976283 0.616405 0.262269
0.9997 9.998E-05 9.998E-05 9.998E-05
0.101518 0.26714 0.559841 0.0715004
9.9991E-05 0.14606 0.611838 0.242002
0.0322976 0.406302 0.447996 0.113404
0.0435195 0.0092139 0.0952221 0.852044
0.0366267 0.00820313 0.083185 0.871985
9.9982E-05 9.9982E-05 0.126176 0.873624
0.0271031 0.0398824 0.0841796 0.848835
0.0589612 0.0595387 9.9991E-05 0.8814
9.9991E-05 0.0452501 0.0634693 0.891181
9.9982E-05 9.9982E-05 0.226521 0.773279
0.0144981 0.0596959 0.0394645 0.886341
0.0215476 0.0644045 9.9991E-05 0.913948
0.0571454 9.9991E-05 0.0728572 0.869897
0.0328651 9.9991E-05 0.241104 0.72593
9.9982E-05 0.0959563 9.9982E-05 0.903844
9.9991E-05 0.13437 0.0307925 0.834738
0.0908298 0.0501214 0.294254 0.564795
0.0289909 0.842002 0.0873375 0.0416696
0.0410949 0.838767 0.108515 0.0116233
0.0295685 0.937379 0.0329521 9.9991E-05
0.0300895 0.0298148 0.147052 0.793044
0.0692828 9.9991E-05 0.229729 0.700888
0.0154926 0.0223156 0.121286 0.840906
0.0456827 0.040959 0.0545357 0.858823
0.0581974 0.0289893 0.0474249 0.865388
0.0168906 9.9991E-05 0.662616 0.320393
0.0219296 0.0277077 0.587484 0.362878
0.000334747 0.00594668 0.636387 0.357331
0.0319081 0.037065 0.625641 0.305386
0.0389807 0.214909 0.460217 0.285893
0.038931 0.0698542 0.543333 0.347882
0.0408756 0.118214 0.564478 0.276433
9.9982E-05 9.9982E-05 0.256167 0.743633
0.11994 0.0223343 0.246221 0.611505
0.03298 0.0969343 0.00377702 0.866309
0.04754 0.0954687 9.9991E-05 0.856891
0.0431458 9.9991E-05 0.162831 0.793923
0.00179702 0.756837 0.158879 0.0824865
9.9991E-05 0.077828 0.454469 0.467603
9.9982E-05 9.9982E-05 0.602996 0.396804
0.9997 9.998E-05 9.998E-05 9.998E-05
0.020731 0.201466 0.777703 9.9991E-05
0.0259214 0.197733 0.776245 9.9991E-05
0.0452097 0.246341 0.689435 0.019014
0.0674271 0.292981 0.522011 0.117581
9.9991E-05 0.144104 0.848785 0.00701097
9.9991E-05 0.056894 0.497787 0.445219
0.0540271 0.62395 0.256014 0.0660087
0.0701564 0.00502418 0.508191 0.416629
0.0232738 0.325929 0.477096 0.173701
0.0234313 0.281071 0.695397 9.9991E-05
9.9991E-05 0.087072 0.891587 0.0212406
9.9982E-05 0.20375 0.79605 9.9982E-05
0.007062 0.0636001 0.834471 0.0948668
0.0302155 0.0671002 0.88153 0.0211538
0.00261427 0.159407 0.837879 9.9991E-05
0.0368568 0.0708315 0.460285 0.432027
0.0552699 0.116177 0.505496 0.323057
0.0896298 0.0481399 0.443469 0.418761
0.00508468 0.299766 0.566336 0.128813
9.9991E-05 0.191659 0.551248 0.256993
9.9991E-05 0.477049 0.484318 0.0385334
0.0241046 0.0525546 0.121212 0.802129
0.028914 0.0429319 0.0791569 0.848997
0.0143962 0.227861 0.364324 0.393418
0.0290254 0.108934 0.541095 0.320946
0.0624149 0.359203 0.280424 0.297958
9.9991E-05 0.896193 0.0782978 0.0254097
0.0496466 0.126801 0.0125482 0.811004
9.9991E-05 0.0178188 0.189023 0.793058
9.9982E-05 9.9982E-05 0.343301 0.656499
0.0517991 0.565051 0.311675 0.0714758
0.016512 0.316404 0.630731 0.0363531
0.04807 0.0440714 0.875885 0.0319738
9.9991E-05 0.105028 0.800666 0.0942054
0.000523054 0.514688 0.484689 9.9991E-05
0.00846376 0.191763 0.799674 9.9991E-05
0.00542852 0.132626 0.861845 9.9991E-05
0.0181051 0.0374029 0.923596 0.0208961
0.000293165 0.414686 0.583638 0.00138202
9.9982E-05 0.192 0.8078 9.9982E-05
0.0321812 0.220302 0.747417 9.9991E-05
0.00379761 0.218143 0.776613 0.00144586
9.9991E-05 0.351857 0.559887 0.0881567
0.0429479 0.0385199 0.873166 0.0453666
0.0200154 0.284287 0.645785 0.0499131
0.0057642 0.122469 0.833361 0.0384056
9.9991E-05 0.945232 0.0292867 0.0253814
9.9982E-05 0.998487 0.00131276 9.9982E-05
0.0291457 0.970654 9.9982E-05 9.9982E-05
9.9991E-05 0.828235 0.110626 0.0610395
0.0312698 0.877428 0.032352 0.0589498
0.040524 9.9991E-05 0.851238 0.108138
0.0345683 0.179396 0.785936 9.9991E-05
9.998E-05 9.998E-05 9.998E-05 0.9997
0.0477581 0.0802957 0.0131241 0.858822
0.00888038 0.0184757 0.0617766 0.910867
9.9991E-05 0.0690619 0.183225 0.747613
0.0459564 9.9991E-05 0.040735 0.913209
9.9982E-05 0.125171 9.9982E-05 0.874629
0.0290057 9.9982E-05 9.9982E-05 0.970794
0.0124973 0.10575 9.9991E-05 0.881653
9.9991E-05 0.0966741 0.00268263 0.900543
0.0077282 0.109944 9.9991E-05 0.882228
0.0468562 9.9991E-05 0.0771355 0.875908
0.0408853 0.0738506 0.0402747 0.844989
0.0316726 0.0659654 0.0737868 0.828575
0.0101739 0.0810916 9.9991E-05 0.908634
0.0330392 0.0222612 0.0275318 0.917168
0.0181415 9.9991E-05 0.0178791 0.963879
0.0193927 0.0687275 9.9991E-05 0.91178
0.00701333 0.108111 0.477916 0.40696
9.9991E-05 0.0730847 0.697777 0.229039
9.9982E-05 9.9982E-05 0.0548831 0.944917
0.018541 9.9991E-05 0.24611 0.735249
0.00520208 0.0327612 9.9991E-05 0.961937
9.9982E-05 9.9982E-05 0.663557 0.336243
0.0294814 9.9991E-05 0.970107 0.000311205
0.0339863 0.292242 0.673672 9.9991E-05
9.9991E-05 0.506661 0.436784 0.0564548
9.9991E-05 0.715378 0.270213 0.0143097
0.00451528 0.821302 0.130735 0.0434483
9.9991E-05 0.894383 0.0523259 0.053191
0.0139006 0.848559 0.13744 9.9991E-05
0.0317154 0.786859 0.155864 0.025561
0.0302799 0.796411 0.0837578 0.0895512
0.0485978 0.834565 0.0368547 0.0799825
0.012561 0.169869 0.816961 0.000608712
0.0713546 0.102803 0.779487 0.0463551
0.0358251 9.9991E-05 0.929865 0.0342097
0.0112951 9.9991E-05 0.930375 0.0582301
0.0162482 9.9982E-05 0.983552 9.9982E-05
9.9991E-05 0.0514147 0.893361 0.0551245
0.00509633 0.227012 0.766398 0.00149369
0.0297914 0.221238 0.634139 0.114831
0.052769 0.101973 0.826461 0.0187964
0.0325792 0.193738 0.71729 0.0563928
0.0386666 0.0816478 0.809624 0.0700614
0.145159 0.738062 0.0268519 0.0899272
0.0248251 0.00594877 0.086876 0.88235
0.0505764 0.115182 9.9991E-05 0.834142
0.00988931 0.0353969 0.0144763 0.940237
0.0326476 0.037808 0.151914 0.777631
0.0373517 0.0982827 0.000928367 0.863437
0.0352529 0.308573 0.533336 0.122838
0.0395483 0.348253 0.5835 0.0286994
0.0809143 0.198947 0.720039 9.9991E-05
0.0357755 0.300605 0.66352 9.9991E-05
