0.786165 0.00956828 9.9991E-05 0.204166
0.848841 0.0291254 9.9991E-05 0.121933
0.720071 0.0244236 9.9991E-05 0.255405
0.876898 0.0160296 0.0340405 0.0730319
0.930722 0.0232509 0.00228168 0.0437451
0.882818 9.9991E-05 0.0699792 0.0471025
0.858578 9.9991E-05 0.0186857 0.122637
0.91479 0.0666316 9.9991E-05 0.0184783
0.675825 0.00588815 0.0614025 0.256884
0.637783 0.0564454 0.0550361 0.250736
0.6546 0.0568217 0.22668 0.0618984
0.674179 0.0399936 0.0834329 0.202394
0.630434 0.0539876 0.303403 0.0121746
0.622577 0.00295641 0.0996867 0.27478
0.680394 0.0684267 0.0186682 0.232511
0.798976 0.0210919 0.0123808 0.167552
0.79366 9.9982E-05 9.9982E-05 0.20614
0.831939 0.0307481 9.9991E-05 0.137213
0.147213 0.0675952 0.197768 0.587424
0.185157 9.9982E-05 9.9982E-05 0.814643
0.156122 0.0419472 0.00606489 0.795866
0.0543001 0.0282369 0.0445938 0.872869
9.9991E-05 0.0582521 0.00379734 0.937851
0.0727747 0.0427209 9.9991E-05 0.884404
0.240438 9.9982E-05 9.9982E-05 0.759362
9.998E-05 9.998E-05 9.998E-05 0.9997
9.9991E-05 0.0379243 0.0903024 0.871673
9.9991E-05 0.0520051 0.0463364 0.901559
9.998E-05 9.998E-05 9.998E-05 0.9997
9.9982E-05 9.9982E-05 0.0684713 0.931329
9.9991E-05 0.0248485 0.0179214 0.95713
0.0216857 0.0349495 0.00404245 0.939322
0.035489 0.0949025 9.9991E-05 0.869508
0.657964 0.0643871 0.0344065 0.243243
0.662578 0.00806376 0.0083252 0.321033
0.771602 9.9991E-05 0.0746998 0.153598
0.899957 0.0285745 0.0382433 0.0332252
0.666486 0.0387064 0.125722 0.169085
9.998E-05 0.9997 9.998E-05 9.998E-05
0.0342319 0.0463922 0.0840558 0.83532
0.65088 0.0105169 0.108078 0.230525
0.721164 0.00429576 9.9991E-05 0.274441
0.491442 0.0148135 0.15962 0.334125
0.514138 0.0653207 0.309012 0.111529
0.596681 0.0410187 0.329506 0.0327944
9.998E-05 0.9997 9.998E-05 9.998E-05
0.652228 0.0638889 0.0762135 0.207669
0.666645 9.9991E-05 0.233361 0.0998942
0.426063 0.0300964 0.121067 0.422774
0.0884801 0.0235882 0.824692 0.0632399
9.9991E-05 0.0236858 0.884957 0.0912574
0.115766 9.9991E-05 0.874416 0.0097171
0.0678538 0.0670863 0.829723 0.0353371
9.9991E-05 0.0535643 0.89842 0.0479154
9.9982E-05 9.9982E-05 0.936376 0.0634237
0.197988 9.9982E-05 0.801812 9.9982E-05
0.0595632 0.017878 0.894219 0.0283399
9.9991E-05 0.0245692 0.90533 0.0700011
0.0981426 0.0505642 0.851193 9.9991E-05
0.2238 0.0378091 0.738291 9.9991E-05
9.9982E-05 9.9982E-05 0.888471 0.111329
0.0857092 9.9991E-05 0.809318 0.104873
0.354942 0.0746415 0.533699 0.0367169
0.153966 0.0304544 0.0325697 0.783009
0.091396 0.0503213 0.0292485 0.829034
0.0519048 0.0313186 9.9991E-05 0.916677
0.167373 0.0258944 0.760844 0.0458879
0.258538 0.0708609 0.670502 9.9991E-05
0.115514 0.027852 0.808466 0.0481685
0.0974918 0.0613242 0.837871 0.00331278
0.0722342 0.032443 0.895223 9.9991E-05
0.657277 0.000567791 0.342055 9.9991E-05
0.625571 0.0205592 0.295606 0.0582641
0.528583 0.00389409 0.361937 0.105586
0.621251 0.0561366 0.32044 0.00217238
0.518209 0.06123 0.262428 0.158133
0.565083 0.0501452 0.337962 0.0468101
0.509333 0.0299558 0.282856 0.177855
0.244184 9.9982E-05 0.755616 9.9982E-05
0.310424 0.130694 0.557605 0.00127808
0.00162619 0.0248865 0.840332 0.133156
9.9991E-05 0.0522625 0.831136 0.116502
0.179417 0.0280752 0.792407 9.9991E-05
0.119324 0.02573 0.0564599 0.798486
0.453577 9.9991E-05 0.45176 0.0945625
0.581039 9.9991E-05 0.416895 0.0019666
9.998E-05 0.9997 9.998E-05 9.998E-05
0.788797 9.9991E-05 0.0240767 0.187026
0.775773 0.0355646 9.9991E-05 0.188562
0.75243 0.038161 0.0108451 0.198564
0.589421 0.0581664 0.0922993 0.260113
0.807707 9.9991E-05 0.0295109 0.162682
0.548175 9.9991E-05 0.438921 0.0128045
0.282985 0.0449496 0.0735309 0.598534
0.491493 0.0991974 0.40921 9.9991E-05
0.434277 0.0647836 0.139445 0.361494
0.742673 0.0168605 9.9991E-05 0.240367
0.920326 0.00106596 9.9991E-05 0.0785081
0.802792 9.9991E-05 0.0241752 0.172932
0.85578 0.0323414 0.0904528 0.0214259
0.942031 0.029316 0.0285526 9.9991E-05
0.867587 0.0203097 9.9991E-05 0.112004
0.431908 0.0359995 0.457067 0.0750257
0.413279 0.0905287 0.329047 0.167145
0.475037 0.0856331 0.39857 0.0407595
0.604301 0.0145547 0.116387 0.264757
0.51364 9.9991E-05 0.272695 0.213565
0.428417 0.00784819 0.0490786 0.514657
0.181637 0.00250577 0.815758 9.9991E-05
0.086174 0.0312506 0.84332 0.0392553
0.443084 0.00916427 0.366694 0.181058
0.451832 0.0198381 0.318618 0.209712
0.333669 0.0577772 0.318045 0.290508
0.119945 9.9991E-05 0.0507158 0.829239
0.0411721 0.0339574 0.808617 0.116254
0.198109 9.9991E-05 0.798336 0.00345485
0.37747 9.9982E-05 0.62233 9.9982E-05
0.34157 0.0508348 0.065546 0.542049
0.694438 0.00648751 0.0066021 0.292472
0.874411 0.0233906 0.0100299 0.0921686
0.790374 9.9991E-05 0.0909894 0.118537
0.510633 9.9982E-05 9.9982E-05 0.489167
0.688062 0.0312157 9.9991E-05 0.280623
0.763579 9.9991E-05 0.0168705 0.219451
0.864225 0.0200723 0.0331271 0.0825756
0.5418 9.9991E-05 0.0326898 0.42541
0.815527 0.0107642 9.9991E-05 0.173609
0.787114 0.0104154 9.9991E-05 0.202371
0.78594 0.0183767 9.9991E-05 0.195583
0.600271 0.0121378 0.0918534 0.295738
0.841623 0.0465855 0.0405956 0.0711959
0.583223 0.0168325 0.0746904 0.325254
0.935429 0.00717989 9.9991E-05 0.0572912
0.0246291 9.9991E-05 0.0363464 0.938925
9.998E-05 9.998E-05 9.998E-05 0.9997
9.9982E-05 0.0308815 9.9982E-05 0.968919
0.0996185 0.024112 0.0440621 0.832207
0.109895 0.0218034 0.0692412 0.799061
0.862734 0.0191776 0.115314 0.00277369
0.783127 0.0284291 9.9991E-05 0.188343
9.998E-05 9.998E-05 0.9997 9.998E-05
0.047362 0.0335618 0.875026 0.0440497
0.0356272 0.0114466 0.940608 0.0123178
0.157814 9.9991E-05 0.770795 0.0712916
0.0428058 0.0189066 0.938188 9.9991E-05
9.9991E-05 0.0345211 0.841801 0.123578
9.9982E-05 0.0348355 0.964965 9.9982E-05
9.9982E-05 9.9982E-05 0.922359 0.0774406
0.0675325 9.9991E-05 0.886909 0.0454584
9.9991E-05 0.0150605 0.911685 0.0731542
0.0838116 0.0490523 0.867036 9.9991E-05
0.075952 0.0564029 0.805343 0.0623016
0.123802 0.0115952 0.864503 9.9991E-05
9.9982E-05 9.9982E-05 0.958335 0.041465
0.0889152 0.0297999 0.881185 9.9991E-05
0.0380627 0.040825 0.921012 9.9991E-05
9.9991E-05 0.0238666 0.921732 0.0543019
0.550625 0.00397447 0.403391 0.0420096
0.7043 9.9991E-05 0.241901 0.0536988
0.0952359 9.9982E-05 0.904564 9.9982E-05
0.227314 0.0158691 0.756717 9.9991E-05
9.9982E-05 9.9982E-05 0.968441 0.0313594
0.625026 9.9982E-05 0.374774 9.9982E-05
0.966652 0.0239992 9.9991E-05 0.0092487
0.714402 0.0562581 9.9991E-05 0.22924
0.449089 9.9991E-05 0.0280653 0.522745
0.370832 9.9982E-05 9.9982E-05 0.628968
0.0914259 9.9991E-05 0.0548123 0.853662
0.0157584 0.00578658 0.0528629 0.925592
0.171332 0.0072233 9.9991E-05 0.821345
0.115436 0.0238605 0.0106145 0.850089
0.0878432 0.0309511 0.119999 0.761207
0.00892575 0.0393143 0.0839353 0.867825
0.837302 9.9991E-05 0.0173251 0.145273
0.842432 0.0412772 0.0377957 0.0784956
0.923327 0.0421641 0.034409 9.9991E-05
0.956852 0.00075525 0.0422932 9.9991E-05
0.95 0.0497997 9.9982E-05 9.9982E-05
0.928218 9.9991E-05 0.0583484 0.0133332
0.683693 0.0303219 9.9991E-05 0.285885
0.657182 0.0139462 0.0857405 0.243131
0.737799 0.0827498 0.0121163 0.167335
0.656566 9.9991E-05 0.0791793 0.264155
0.747669 0.0535892 0.0625966 0.136145
0.0468989 0.1374 0.0924562 0.723245
0.0839453 0.0298465 0.824878 0.0613298
9.9991E-05 0.049394 0.855193 0.0953132
0.00298549 0.00519568 0.968661 0.0231582
0.196713 9.9991E-05 0.781105 0.022083
0.0806952 0.0227236 0.837153 0.0594284
0.509747 0.0556146 0.143466 0.291172
0.601205 0.0443822 0.00679565 0.347617
0.793314 0.0509298 9.9991E-05 0.155656
0.647161 0.057806 0.00903859 0.285994
