0.0732291 9.9991E-05 0.926671
0.163128 9.9991E-05 0.836772
0.232039 9.9991E-05 0.767861
0.0251521 0.00028106 0.974567
0.0699969 0.0278732 0.90213
9.999E-05 0.0515936 0.948306
0.0274257 0.0568489 0.915725
0.049329 0.00268147 0.94799
0.18947 0.0615584 0.748971
0.276263 0.064012 0.659725
0.134104 0.229498 0.636399
0.314654 0.0976434 0.587702
0.168821 0.333117 0.498063
0.249885 0.119134 0.630981
0.22556 0.0931054 0.681335
0.137997 9.9991E-05 0.861903
0.299602 9.9991E-05 0.700298
0.12182 9.9991E-05 0.87808
0.597947 0.206768 0.195285
0.743275 0.011934 0.244791
0.784546 9.9991E-05 0.215354
0.875006 0.036586 0.0884078
0.996523 0.00337715 9.9991E-05
0.850962 0.0371309 0.111907
0.705898 9.9991E-05 0.294002
0.897843 9.9991E-05 0.102057
0.938472 0.0614281 9.9991E-05
0.94867 0.0512295 9.9991E-05
0.938619 0.0103348 0.051046
0.92724 0.0488397 0.02392
0.943762 0.0457222 0.0105153
0.920069 0.0285917 0.0513398
0.936344 9.9991E-05 0.0635557
0.285123 0.0659324 0.648944
0.264503 0.0126663 0.722831
0.158291 0.065752 0.775957
0.093822 0.024273 0.881905
0.196098 0.128066 0.675836
0.66369 0.33621 9.9991E-05
0.818165 0.0442376 0.137598
0.179157 0.0911559 0.729687
0.165364 9.9991E-05 0.834536
0.27512 0.219621 0.505259
0.154951 0.320067 0.524982
0.0432128 0.315751 0.641036
0.651231 0.348669 9.9991E-05
0.256447 0.0864346 0.657119
0.156014 0.243292 0.600694
0.429428 0.102127 0.468444
0.0327747 0.906272 0.0609534
0.0764735 0.923426 9.9991E-05
9.9991E-05 0.855922 0.143979
0.0436348 0.855044 0.101321
0.0710579 0.928842 9.9991E-05
0.0646636 0.935236 9.9991E-05
9.9991E-05 0.782663 0.217237
0.0264664 0.903186 0.0703477
0.0747676 0.925132 9.9991E-05
9.9991E-05 0.891906 0.107994
9.9991E-05 0.776996 0.222904
0.116915 0.882985 9.9991E-05
0.0300059 0.792529 0.177465
0.0258829 0.589407 0.38471
0.802703 0.032077 0.165219
0.820736 0.00534165 0.173923
0.844006 9.9991E-05 0.155894
0.0575483 0.79575 0.146702
0.0671817 0.74779 0.185028
0.0389619 0.84822 0.112818
0.127129 0.831854 0.0410172
0.0386499 0.929032 0.0323179
9.9991E-05 0.355438 0.644462
0.0239612 0.321271 0.654768
0.0190453 0.398002 0.582953
0.0305151 0.335361 0.634124
0.190146 0.289572 0.520282
0.085664 0.321954 0.592382
0.105885 0.256637 0.637478
9.9991E-05 0.773397 0.226503
0.0748514 0.664098 0.26105
0.079054 0.87307 0.0478759
0.155306 0.844594 9.9991E-05
9.9991E-05 0.804331 0.195569
0.790826 0.0774027 0.131771
0.150225 0.461285 0.38849
9.9991E-05 0.390659 0.609241
0.624732 0.375168 9.9991E-05
0.183552 9.9991E-05 0.816348
0.167638 9.9991E-05 0.832262
0.258543 0.0332068 0.70825
0.267262 0.155852 0.576886
0.0916462 0.0199239 0.88843
0.026785 0.457654 0.515561
0.593279 0.0676074 0.339114
0.0423667 0.45084 0.506794
0.326926 0.163895 0.509179
0.193692 9.9991E-05 0.806208
0.140143 0.0216495 0.838207
0.203673 0.0186632 0.777664
0.051488 0.0935992 0.854913
0.048905 0.021624 0.929471
0.137638 9.9991E-05 0.862262
0.0666423 0.509004 0.424353
0.0652569 0.397497 0.537246
0.0750791 0.448995 0.475926
0.28542 0.114654 0.599926
0.188154 0.240283 0.571563
0.493867 0.0410102 0.465123
0.0171887 0.851915 0.130896
0.0833461 0.860202 0.056452
0.133492 0.380694 0.485814
0.174402 0.319264 0.506334
0.259283 0.300015 0.440702
0.78111 0.0397293 0.179161
0.124999 0.814651 0.0603501
0.0100118 0.797826 0.192162
9.9991E-05 0.630058 0.369842
0.534927 0.0683298 0.396743
0.23766 0.0505445 0.711796
0.0468379 0.065134 0.888028
0.0864101 0.0795085 0.834081
0.400933 9.9991E-05 0.598967
0.179207 9.9991E-05 0.820693
0.143325 0.0189282 0.837747
0.10046 0.0354407 0.864099
0.409269 0.0193759 0.571355
0.188256 9.9991E-05 0.811644
0.196624 9.9991E-05 0.803276
0.226705 9.9991E-05 0.773195
0.244416 0.0950483 0.660536
0.0827649 0.0877587 0.829476
0.263551 0.0766902 0.659759
0.0811056 0.0221443 0.89675
0.838119 0.00940687 0.152474
0.939889 9.9991E-05 0.0600106
0.9998 9.999E-05 9.999E-05
0.869255 0.0419132 0.0888322
0.846999 0.0720092 0.0809916
9.9991E-05 0.111815 0.888085
0.186097 9.9991E-05 0.813803
9.999E-05 0.9998 9.999E-05
0.0979072 0.887524 0.0145691
0.0376649 0.923376 0.0389587
0.018113 0.77644 0.205447
9.9991E-05 0.964823 0.0350769
0.150963 0.848937 9.9991E-05
9.9991E-05 0.967315 0.0325847
0.0514803 0.94842 9.9991E-05
0.0675788 0.932321 9.9991E-05
0.104586 0.895314 9.9991E-05
9.9991E-05 0.965302 0.0345975
0.0796694 0.846151 0.0741796
0.0933679 0.844966 0.0616662
0.044091 0.955809 9.9991E-05
0.0265626 0.933179 0.0402585
9.9991E-05 0.956722 0.0431781
0.0870902 0.91281 9.9991E-05
0.0579215 0.403591 0.538488
0.0562731 0.238334 0.705393
9.9991E-05 0.947705 0.0521952
0.00622129 0.738698 0.25508
0.0325746 0.967325 9.9991E-05
9.9991E-05 0.38068 0.61922
0.0196273 9.9991E-05 0.980273
0.218814 9.9991E-05 0.781086
0.459162 0.0360865 0.504751
0.628018 0.011402 0.36058
0.823 0.0239285 0.153071
0.920361 0.0568467 0.0227918
0.795115 9.9991E-05 0.204785
0.837562 0.028563 0.133875
0.806657 0.103155 0.0901884
0.8822 0.0848417 0.0329578
0.175581 0.0186482 0.805771
0.124081 0.0712622 0.804656
0.00585991 0.0675822 0.926558
9.9991E-05 0.0370465 0.962854
9.999E-05 9.999E-05 0.9998
0.0397063 0.0617773 0.898516
0.242744 9.9991E-05 0.757156
0.258569 0.0869011 0.65453
0.115217 0.0331585 0.851625
0.1651 0.0541318 0.780769
0.229271 0.0470018 0.723728
0.803925 0.107404 0.0886708
0.0178875 0.885737 0.096375
0.116909 0.882991 9.9991E-05
0.0370695 0.954744 0.00818678
0.0762171 0.791157 0.132626
0.118239 0.881661 9.9991E-05
0.266936 0.123081 0.609983
0.371619 0.0259731 0.602407
0.193214 0.0162916 0.790495
0.283435 0.0368721 0.679693
