0.0128671 0.210486 0.776647
9.999E-05 0.121893 0.878007
9.999E-05 0.290012 0.709888
0.032449 0.0374373 0.930114
0.00952919 0.0300288 0.960442
0.0218853 0.0201591 0.957956
0.0596586 0.0871799 0.853161
9.999E-05 0.0272298 0.97267
0.0541123 0.192562 0.753326
0.0422149 0.251207 0.706578
0.206621 0.133683 0.659696
0.0335208 0.382444 0.584035
0.34654 0.084138 0.569322
0.0808913 0.199875 0.719234
0.0642577 0.223262 0.712481
0.0416584 0.10384 0.854502
9.9991E-05 0.301559 0.698341
9.9991E-05 0.190371 0.809529
0.197927 0.666311 0.135762
9.9991E-05 0.770093 0.229807
9.9991E-05 0.734916 0.264984
0.0208847 0.890057 0.0890583
0.0126135 0.987286 9.9991E-05
0.0115047 0.821364 0.167131
0.0278296 0.722301 0.24987
9.9991E-05 0.97488 0.0250199
0.0781458 0.921754 9.9991E-05
0.0891352 0.910765 9.9991E-05
9.999E-05 0.9998 9.999E-05
0.0943228 0.875648 0.0300296
0.00868618 0.991214 9.9991E-05
0.039791 0.883693 0.0765165
9.9991E-05 0.944834 0.0550665
0.0517277 0.249835 0.698437
0.017335 0.293929 0.688736
0.0680852 0.120955 0.81096
0.0178171 0.114052 0.868131
0.166426 0.111459 0.722115
0.373103 0.626797 9.9991E-05
0.0881849 0.825143 0.0866725
0.111001 0.206143 0.682856
9.9991E-05 0.159454 0.840446
0.207775 0.349205 0.44302
0.379659 0.146527 0.473814
0.309881 0.0457871 0.644332
0.403141 0.596759 9.9991E-05
0.100559 0.346044 0.553397
0.229837 0.13181 0.638353
0.15178 0.441679 0.406541
0.860265 0.0407141 0.0990213
0.956875 0.0387534 0.00437142
0.838317 9.9991E-05 0.161583
0.853873 0.00516268 0.140965
0.890848 0.109053 9.9991E-05
0.90443 0.09547 9.9991E-05
0.784427 9.9991E-05 0.215473
0.882926 0.0739304 0.0431432
0.911718 0.0881816 9.9991E-05
0.842765 9.9991E-05 0.157135
0.777015 9.9991E-05 0.222885
0.893831 0.106069 9.9991E-05
0.813296 0.108039 0.0786652
0.555037 0.0821316 0.362832
0.0679861 0.837863 0.0941511
0.0301728 0.86607 0.103758
9.9991E-05 0.872219 0.127681
0.791748 0.0261851 0.182067
0.711869 0.0336456 0.254486
0.852347 0.0533493 0.0943042
0.885201 0.0949634 0.0198352
0.914664 0.00815403 0.0771824
0.335468 9.9991E-05 0.664432
0.316927 0.0595689 0.623504
0.360562 0.0813297 0.558108
0.3227 0.130819 0.546481
0.28154 0.241922 0.476539
0.364186 0.0540994 0.581714
0.275085 0.179711 0.545204
0.78628 9.9991E-05 0.21362
0.640078 0.113506 0.246416
0.878804 0.0828363 0.0383594
0.83877 0.16113 9.9991E-05
0.820303 9.9991E-05 0.179597
0.0424023 0.824109 0.133489
0.490072 0.166361 0.343567
0.455747 9.9991E-05 0.544153
0.383188 0.616712 9.9991E-05
9.9991E-05 0.219578 0.780322
9.9991E-05 0.157543 0.842357
0.0350948 0.209706 0.755199
0.144656 0.37452 0.480823
0.0519603 0.0972433 0.850796
0.448398 0.0673359 0.484267
0.0714317 0.593514 0.335054
0.451197 0.0598657 0.488937
0.175088 0.34775 0.477162
9.9991E-05 0.191219 0.808681
0.0157329 0.0747383 0.909529
9.9991E-05 0.16754 0.83236
0.100844 0.0213596 0.877796
9.9991E-05 0.107091 0.892809
9.9991E-05 0.150711 0.849189
0.460723 0.103784 0.435493
0.363375 0.0958884 0.540737
0.459628 0.0938144 0.446558
0.105449 0.295907 0.598644
0.216094 0.234312 0.549594
0.0339095 0.526714 0.439376
0.851018 0.0108574 0.138125
0.841733 0.064074 0.0941926
0.393998 0.225068 0.380934
0.325262 0.179274 0.495465
0.346769 0.390985 0.262246
9.9991E-05 0.860554 0.139346
0.847694 0.138929 0.0133766
0.799197 0.0448144 0.155989
0.607731 9.9991E-05 0.392169
0.0856961 0.566856 0.347448
0.0324999 0.2886 0.6789
0.0673217 0.0392995 0.893379
0.0463774 0.114609 0.839014
9.9991E-05 0.398088 0.601812
0.0012184 0.163046 0.835736
9.9991E-05 0.15213 0.84777
0.0474393 0.0125588 0.940002
0.00384787 0.434014 0.562139
9.9991E-05 0.142992 0.856908
9.9991E-05 0.25588 0.74402
9.9991E-05 0.142946 0.856954
0.121492 0.317731 0.560777
0.0844255 0.0226848 0.89289
0.059681 0.246724 0.693595
9.9991E-05 0.0853823 0.914518
0.0225629 0.877619 0.0998176
9.9991E-05 0.995739 0.00416138
9.9991E-05 0.997277 0.00262322
0.0511842 0.829961 0.118855
0.0616186 0.889169 0.0492123
0.129381 9.9991E-05 0.870519
9.9991E-05 0.20444 0.795461
0.9998 9.999E-05 9.999E-05
0.889156 0.0802828 0.0305609
0.928843 0.0710567 9.9991E-05
0.748513 0.043647 0.20784
0.926532 9.9991E-05 0.073368
0.854085 0.145815 9.9991E-05
0.973406 9.9991E-05 0.0264942
0.931592 0.0683079 9.9991E-05
0.914359 0.0855412 9.9991E-05
0.952666 0.047234 9.9991E-05
0.889757 9.9991E-05 0.110143
0.846885 0.0674548 0.0856598
0.873168 0.0488756 0.0779567
0.928704 0.0711959 9.9991E-05
0.947155 9.9991E-05 0.052745
0.974683 9.9991E-05 0.0252168
0.923883 0.0760174 9.9991E-05
0.352395 0.0601461 0.587459
0.210555 0.0530843 0.736361
0.950568 9.9991E-05 0.0493321
0.753385 9.9991E-05 0.246515
0.964242 0.0356576 9.9991E-05
0.34924 9.9991E-05 0.65066
9.9991E-05 0.0351688 0.964731
0.00725783 0.297715 0.695027
0.0358841 0.426489 0.537626
9.9991E-05 0.687586 0.312314
0.0166812 0.838885 0.144434
0.0250013 0.9554 0.0195987
9.9991E-05 0.825134 0.174766
0.0436678 0.827116 0.129216
0.118378 0.816438 0.065184
0.0799879 0.869485 0.0505268
0.0262102 0.137912 0.835877
0.0791639 0.0869526 0.833883
0.0363738 9.9991E-05 0.963526
0.0272083 9.9991E-05 0.972692
9.999E-05 9.999E-05 0.9998
0.0976139 0.0253154 0.877071
0.0136058 0.222109 0.764285
0.0559574 0.23352 0.710523
0.031749 0.150649 0.817602
0.0732491 0.163311 0.76344
0.0522056 0.176102 0.771693
0.128742 0.818442 0.0528169
0.85158 0.0140295 0.134391
0.869053 0.130847 9.9991E-05
0.940832 0.0590684 9.9991E-05
0.804002 9.9991E-05 0.195898
0.830745 0.0997149 0.0695399
0.153851 0.299677 0.546472
0.020657 0.360653 0.61869
0.0181805 0.186579 0.795241
0.0302727 0.356104 0.613624
