9.9964E-05 0.826628 0.080446 0.0925261 9.9964E-05 9.9964E-05 9.9964E-05
0.013716 0.520187 0.0280192 0.260419 9.9982E-05 0.177459 9.9982E-05
0.0374343 0.312732 0.0326678 0.500181 0.116785 9.9982E-05 9.9982E-05
0.0108255 0.48741 0.0807252 0.42074 9.9973E-05 9.9973E-05 9.9973E-05
9.9973E-05 0.164759 9.9973E-05 0.75795 9.9973E-05 0.0471396 0.0298508
9.9964E-05 0.915446 0.0264277 0.0577268 9.9964E-05 9.9964E-05 9.9964E-05
9.9982E-05 0.202302 0.0329467 0.486323 9.9982E-05 0.265218 0.0130098
0.0548803 0.313451 0.130165 0.424897 9.9982E-05 0.0764069 9.9982E-05
0.00492091 0.411083 9.9973E-05 9.9973E-05 9.9973E-05 0.53837 0.0453259
0.0300823 0.369329 0.116505 0.141143 0.13377 0.200519 0.00865047
0.0450664 0.063002 0.383108 0.0464987 9.9991E-05 0.397624 0.0646013
0.0455716 0.308009 0.195797 0.0710695 0.095876 0.275309 0.00836847
0.04181 0.0382819 0.730756 0.0392905 0.0371402 0.112622 9.9991E-05
9.9973E-05 9.9973E-05 9.9973E-05 0.0147228 0.108261 0.779308 0.097409
0.0346471 0.172927 9.9991E-05 0.294501 0.118573 0.326583 0.0526691
9.9973E-05 0.421612 0.145971 0.0821523 9.9973E-05 0.349965 9.9973E-05
9.9964E-05 9.9964E-05 9.9964E-05 0.326794 0.150534 0.522272 9.9964E-05
0.00631729 0.666889 9.9973E-05 0.13525 9.9973E-05 0.191243 9.9973E-05
0.0397758 0.305993 0.0285286 9.9991E-05 0.42539 0.0989821 0.101231
9.9973E-05 0.0430827 0.138704 9.9973E-05 0.530651 0.287262 9.9973E-05
9.9973E-05 0.0995735 9.9973E-05 0.203078 0.609827 0.0872217 9.9973E-05
0.0019294 0.114986 0.160548 9.9973E-05 0.722236 9.9973E-05 9.9973E-05
0.0269907 9.9982E-05 0.0216314 0.0926894 0.852831 9.9982E-05 0.00565722
0.0236271 0.249353 9.9973E-05 9.9973E-05 0.682399 0.0443201 9.9973E-05
9.9973E-05 9.9973E-05 0.00382787 0.285429 0.628337 0.0821053 9.9973E-05
0.00833276 0.078757 0.00224433 0.102485 0.807981 9.9982E-05 9.9982E-05
0.0308647 9.9973E-05 9.9973E-05 0.0475464 0.857883 9.9973E-05 0.0634062
0.0268864 9.9991E-05 0.0249022 0.000295556 0.847935 0.0362917 0.0635894
9.9955E-05 0.228469 9.9955E-05 9.9955E-05 0.771031 9.9955E-05 9.9955E-05
9.9973E-05 9.9973E-05 0.012176 0.171642 0.723884 9.9973E-05 0.0919984
9.9964E-05 0.0458561 9.9964E-05 9.9964E-05 0.80608 0.147664 9.9964E-05
0.0243682 9.9982E-05 9.9982E-05 0.0391228 0.736254 0.178955 0.0211
0.0555658 9.9964E-05 9.9964E-05 0.160938 0.783097 9.9964E-05 9.9964E-05
0.0849709 0.210913 0.107367 0.190427 0.128103 0.27806 0.000159118
9.9982E-05 0.0627415 9.9982E-05 0.51355 0.192599 0.210677 0.0202315
0.00211614 0.0175494 9.9982E-05 0.76821 0.15284 9.9982E-05 0.0590846
0.0450009 0.117687 0.0930624 0.689238 0.0548112 9.9982E-05 9.9982E-05
9.999E-05 0.0132829 0.170568 0.340783 0.140561 0.268225 0.0664803
0.9994 9.995E-05 9.995E-05 9.995E-05 9.995E-05 9.995E-05 9.995E-05
0.0251274 0.217835 0.153467 9.9973E-05 0.60327 9.9973E-05 9.9973E-05
9.9955E-05 0.978218 9.9955E-05 9.9955E-05 9.9955E-05 9.9955E-05 0.0212817
9.9982E-05 0.323601 0.128804 0.369571 0.0809296 0.0968942 9.9982E-05
0.000339415 0.398587 0.186236 0.0244538 0.205433 0.0892328 0.0957176
0.0294187 0.128997 0.564206 9.9991E-05 0.0509246 0.129082 0.0972718
9.99707E-05 0.0074602 0.943885 0.0482552 9.99707E-05 9.99707E-05 9.99707E-05
0.9994 9.995E-05 9.995E-05 9.995E-05 9.995E-05 9.995E-05 9.995E-05
0.0815999 0.264016 0.212502 0.0988639 0.125098 0.21782 9.9991E-05
9.9982E-05 9.9982E-05 0.375204 0.3059 0.0528859 0.204771 0.0610398
0.00147867 0.431536 0.0996732 9.9991E-05 0.253555 0.126975 0.0866815
0.0256995 0.0895603 0.153722 9.9982E-05 9.9982E-05 0.032138 0.69868
0.0107474 9.9982E-05 0.138122 0.0304166 9.9982E-05 0.0745994 0.745915
9.9973E-05 0.177104 9.9973E-05 0.083851 9.9973E-05 0.00203835 0.736706
0.0307001 0.119089 0.182093 9.9982E-05 9.9982E-05 0.000330411 0.667587
0.0561921 0.0060465 9.9982E-05 9.9982E-05 0.128943 0.0234258 0.785193
0.00143114 9.9982E-05 9.9982E-05 0.0649988 0.054789 0.0739173 0.804664
9.9964E-05 9.9964E-05 9.9964E-05 0.0421459 9.9964E-05 0.302 0.655455
0.00218504 9.9973E-05 0.0652455 9.9973E-05 9.9973E-05 0.203083 0.729187
0.0205783 9.9964E-05 9.9964E-05 9.9964E-05 0.133924 9.9964E-05 0.845097
0.0258906 0.12032 0.00958698 0.0916064 9.9991E-05 0.028288 0.724208
0.028356 0.0373498 0.167729 0.077339 9.9991E-05 0.0793404 0.609786
9.9964E-05 9.9964E-05 0.0609089 9.9964E-05 0.133082 9.9964E-05 0.805609
9.9973E-05 0.220106 0.132111 9.9973E-05 0.00741282 9.9973E-05 0.64007
0.0639714 0.12929 0.506425 9.9982E-05 0.0126736 9.9982E-05 0.287439
0.0144432 0.25755 9.9982E-05 0.0607868 0.64488 9.9982E-05 0.02214
0.00309867 0.239015 0.0330176 0.1162 0.608468 9.9982E-05 9.9982E-05
0.00877669 0.105785 9.9982E-05 0.0593863 0.733384 0.092468 9.9982E-05
0.00397914 0.103242 0.066241 9.9991E-05 0.0309688 0.135971 0.659499
0.0806064 0.0498564 0.358888 0.0627336 9.9982E-05 9.9982E-05 0.447716
0.0115434 0.11446 0.0395226 0.0680779 0.0464162 9.9991E-05 0.719879
0.0234953 9.9973E-05 0.321341 9.9973E-05 0.0407392 9.9973E-05 0.614125
0.0439426 0.109332 9.9982E-05 0.00734609 9.9982E-05 0.0849622 0.754218
0.0137918 0.0648909 0.471691 0.139382 9.9991E-05 0.165156 0.144989
9.9973E-05 0.164293 0.613751 9.9973E-05 9.9973E-05 0.166186 0.0554702
0.00145155 9.9982E-05 0.65424 0.171072 9.9982E-05 0.0871529 0.0858841
0.0322421 0.0451733 0.922185 9.9964E-05 9.9964E-05 9.9964E-05 9.9964E-05
0.0291004 0.0930219 0.829018 9.9973E-05 0.0485595 9.9973E-05 9.9973E-05
0.0149979 9.9964E-05 0.906474 9.9964E-05 9.9964E-05 0.0781279 9.9964E-05
0.00764748 9.9982E-05 0.666843 0.183992 0.109949 0.0313688 9.9982E-05
9.9964E-05 9.9964E-05 0.162596 9.9964E-05 9.9964E-05 0.246194 0.590811
0.0866322 0.377013 0.0967086 9.9973E-05 9.9973E-05 9.9973E-05 0.439346
0.0135967 0.0851203 0.19236 9.9982E-05 0.0348958 9.9982E-05 0.673827
0.0663421 9.9982E-05 0.125585 9.9982E-05 0.0850384 0.0248714 0.697963
0.0360673 9.9973E-05 9.9973E-05 0.0249471 9.9973E-05 0.251312 0.687373
0.0315061 9.9982E-05 0.101202 9.9982E-05 0.604218 0.219788 0.0430863
0.0135614 9.9982E-05 0.602129 0.082764 0.0927187 9.9982E-05 0.208627
9.9973E-05 9.9973E-05 0.698729 0.118585 9.9973E-05 0.0982117 0.0841749
0.9994 9.995E-05 9.995E-05 9.995E-05 9.995E-05 9.995E-05 9.995E-05
9.9982E-05 0.671074 0.130866 0.106644 0.0840094 0.00720585 9.9982E-05
0.0359855 0.314 9.9982E-05 0.513802 0.0557954 0.0802179 9.9982E-05
0.0248692 0.155522 0.0930938 0.178519 0.0574504 0.48153 0.00901513
0.0332061 0.125913 0.141559 9.9991E-05 0.146455 0.513419 0.0393482
9.9982E-05 0.353808 9.9982E-05 0.460355 0.0123788 0.140586 0.032673
0.0115615 9.9991E-05 0.664503 0.0747306 0.0121856 0.0961058 0.140814
0.0332723 0.388707 0.118889 0.0479365 0.384779 9.9991E-05 0.0263159
0.08965 0.099752 0.567521 0.0660687 9.9982E-05 9.9982E-05 0.176808
0.0369929 9.9982E-05 0.277386 0.351525 0.300942 9.9982E-05 0.0329536
9.9964E-05 0.694134 9.9964E-05 9.9964E-05 0.0154612 0.290005 9.9964E-05
9.9982E-05 0.00791593 0.217533 0.538791 0.00788015 0.22768 9.9982E-05
9.9982E-05 0.143955 0.153164 0.144397 0.0737257 0.484558 9.9982E-05
0.0210873 9.9973E-05 0.0250438 9.9973E-05 9.9973E-05 0.889195 0.0643742
0.00933759 9.9973E-05 0.199247 0.746066 0.0450493 9.9973E-05 9.9973E-05
0.00173183 0.126369 0.0836747 9.9973E-05 9.9973E-05 0.787924 9.9973E-05
0.0429233 0.00384986 0.577508 0.130017 0.0521368 9.9991E-05 0.193466
0.0791168 0.105736 0.527797 0.0171456 9.9991E-05 0.127515 0.14259
0.0877506 9.9982E-05 0.592727 9.9982E-05 0.0184604 0.142462 0.1584
9.9964E-05 9.9964E-05 0.534431 9.9964E-05 0.180215 0.284954 9.9964E-05
9.9982E-05 0.283404 0.436403 9.9982E-05 0.107817 0.109855 0.0623205
9.9973E-05 9.9973E-05 9.9973E-05 0.470646 0.41277 0.0985478 0.0177358
0.0159602 9.9973E-05 9.9973E-05 0.228827 0.0137852 9.9973E-05 0.741127
0.0269701 0.0674231 0.169388 0.0394776 0.0217018 9.9991E-05 0.674939
9.9982E-05 0.215549 0.570971 0.0105486 0.0789766 9.9982E-05 0.123754
0.0238795 9.9991E-05 0.362268 0.0120572 0.0705452 0.376567 0.154583
0.0467912 0.396748 0.300502 9.9982E-05 0.110872 9.9982E-05 0.144886
9.9964E-05 9.9964E-05 0.216093 9.9964E-05 0.639778 0.143729 9.9964E-05
0.0400244 9.9982E-05 0.306755 0.00614705 0.0674482 9.9982E-05 0.579426
9.9982E-05 9.9982E-05 0.212988 0.123024 0.0305473 0.0106098 0.622632
9.9973E-05 9.9973E-05 0.343863 0.204076 9.9973E-05 0.0205517 0.431209
0.0516577 0.43872 0.0919621 0.0235262 0.388951 9.9991E-05 0.00508292
9.9973E-05 0.825187 9.9973E-05 0.0527081 0.104056 9.9973E-05 0.017749
9.9964E-05 9.9964E-05 0.134014 0.634154 9.9964E-05 0.231432 9.9964E-05
9.9982E-05 0.206305 9.9982E-05 0.515471 0.0293091 0.130714 0.118001
9.9973E-05 0.571237 9.9973E-05 0.117882 0.291942 0.0186395 9.9973E-05
0.00271481 0.305178 0.0263846 0.498709 0.136526 0.0303872 9.9991E-05
9.9964E-05 0.0864216 9.9964E-05 0.856145 0.0570337 9.9964E-05 9.9964E-05
0.00302927 0.143376 9.9982E-05 0.798664 9.9982E-05 0.0298142 0.0249166
9.9982E-05 0.0759734 0.106347 0.329653 0.325503 0.162324 9.9982E-05
9.9964E-05 0.0890068 9.9964E-05 9.9964E-05 9.9964E-05 0.90627 0.00432289
0.0216967 9.9973E-05 9.9973E-05 0.0847861 0.0610411 0.832176 9.9973E-05
0.011335 9.9973E-05 0.0216052 0.186225 9.9973E-05 0.780534 9.9973E-05
9.9991E-05 0.464251 0.116948 0.124804 0.138872 0.0984095 0.0566155
0.0366239 0.129459 9.9982E-05 0.0142943 9.9982E-05 0.800585 0.0188384
9.9964E-05 9.9964E-05 0.177785 9.9964E-05 0.131842 0.689972 9.9964E-05
9.9982E-05 0.239008 0.0415702 0.588202 0.0095282 0.121492 9.9982E-05
9.9973E-05 9.9973E-05 0.145019 0.0234339 0.762051 0.0691961 9.9973E-05
9.9973E-05 0.00531727 0.0767137 0.0919101 0.825759 9.9973E-05 9.9973E-05
0.0183162 9.9964E-05 9.9964E-05 9.9964E-05 0.827719 0.153565 9.9964E-05
9.9982E-05 0.171131 0.0439099 9.9982E-05 0.68267 0.0742136 0.0278764
0.00670841 0.206441 0.00915814 0.0831441 0.670981 9.9991E-05 0.0234667
9.9982E-05 0.0805159 0.146775 0.69222 9.9982E-05 0.0429719 0.0373173
0.050085 0.0441046 0.0161133 0.782711 0.106786 9.9982E-05 9.9982E-05
9.9955E-05 9.9955E-05 0.143954 9.9955E-05 9.9955E-05 9.9955E-05 0.855546
0.0205882 9.9982E-05 9.9982E-05 0.0135561 0.0133863 0.195957 0.756312
9.9964E-05 0.0680061 9.9964E-05 0.100168 9.9964E-05 9.9964E-05 0.831426
0.00457781 0.0197812 0.207247 0.0710884 0.0506768 0.0425408 0.604088
0.0304288 0.104605 0.0491533 9.9982E-05 9.9982E-05 0.0248046 0.790808
0.0100517 9.9982E-05 0.0741402 9.9982E-05 0.0964387 0.0850505 0.734119
9.9964E-05 0.146055 0.0438856 9.9964E-05 9.9964E-05 9.9964E-05 0.80966
9.9973E-05 0.171394 0.0267968 9.9973E-05 0.0444005 9.9973E-05 0.757109
9.9982E-05 0.102952 0.0557167 9.9982E-05 0.059034 0.0262867 0.755811
9.9973E-05 0.0965783 0.0390258 9.9973E-05 0.0649917 9.9973E-05 0.799104
0.0349564 9.9973E-05 0.155898 0.0971133 9.9973E-05 9.9973E-05 0.711732
0.0477625 0.0290228 0.0650233 0.0315371 0.0897299 0.0496433 0.687281
9.9991E-05 0.150744 0.0334926 0.0766668 0.0129848 0.0154016 0.71061
0.0111463 0.0192751 9.9982E-05 0.0622111 0.071977 9.9982E-05 0.83519
0.0132454 0.0984965 0.156093 0.0190004 9.9982E-05 9.9982E-05 0.712965
0.013681 0.173062 9.9964E-05 9.9964E-05 9.9964E-05 9.9964E-05 0.812857
9.9973E-05 9.9973E-05 0.02366 0.133061 0.0393597 9.9973E-05 0.80362
9.9964E-05 9.9964E-05 0.756382 0.159199 9.9964E-05 9.9964E-05 0.0840193
9.9955E-05 0.182353 0.817147 9.9955E-05 9.9955E-05 9.9955E-05 9.9955E-05
9.9964E-05 9.9964E-05 0.0978297 0.0952074 9.9964E-05 9.9964E-05 0.806563
0.0103182 9.9982E-05 0.0610308 0.234828 9.9982E-05 0.0415957 0.652027
9.9973E-05 0.0086366 0.175786 9.9973E-05 0.0181774 9.9973E-05 0.7971
9.9964E-05 0.294994 0.612643 9.9964E-05 9.9964E-05 9.9964E-05 0.091963
9.9964E-05 0.184306 0.0268713 0.788423 9.9964E-05 9.9964E-05 9.9964E-05
9.9964E-05 0.825892 9.9964E-05 0.147529 0.0261794 9.9964E-05 9.9964E-05
9.9982E-05 0.264705 0.0890319 0.297154 0.34665 9.9982E-05 0.00225833
9.9982E-05 0.253495 0.0965614 0.01482 0.478467 0.156457 9.9982E-05
9.9964E-05 9.9964E-05 0.140359 9.9964E-05 0.676931 0.182311 9.9964E-05
0.00339544 0.143386 9.9982E-05 9.9982E-05 0.724944 0.091064 0.0370101
0.0104135 0.0559711 9.9991E-05 0.0678657 0.63723 0.220444 0.0079764
0.0146356 0.0764604 0.0355775 0.00387547 0.644519 0.19338 0.0315513
0.0308414 0.102232 0.170729 0.046392 0.596796 0.00717423 0.0458353
0.018985 0.237788 9.9973E-05 9.9973E-05 0.656875 9.9973E-05 0.0860517
0.0031984 0.218127 9.9973E-05 0.681353 0.0970212 9.9973E-05 9.9973E-05
0.050497 0.225755 9.9973E-05 0.703118 9.9973E-05 9.9973E-05 0.0203302
0.0433938 9.9982E-05 0.0426004 0.741808 9.9982E-05 0.163459 0.00853834
9.99551E-05 9.99551E-05 0.145543 0.853958 9.99551E-05 9.99551E-05 9.99551E-05
0.0360867 9.9964E-05 9.9964E-05 0.830666 9.9964E-05 0.132848 9.9964E-05
9.9964E-05 9.9964E-05 0.285722 0.5528 9.9964E-05 0.161078 9.9964E-05
0.0122373 0.152215 0.0955512 0.0624453 0.131684 0.545768 9.9991E-05
9.9982E-05 0.203218 0.0184778 9.9982E-05 0.0213988 0.708808 0.047898
0.0299797 0.228685 0.00377959 9.9973E-05 9.9973E-05 0.737256 9.9973E-05
0.00256207 0.0891404 0.0511912 0.082353 0.0914333 0.659963 0.0233569
0.0329572 0.00393613 9.9991E-05 0.166425 0.0446542 0.717003 0.0349241
0.13564 0.0389436 9.9991E-05 0.0272802 0.548414 0.173147 0.0764747
0.0209031 9.9973E-05 0.186914 9.9973E-05 9.9973E-05 0.0875927 0.70429
0.0266934 9.9982E-05 0.0644001 0.0981078 0.0641413 9.9982E-05 0.746457
0.00055111 9.9973E-05 0.0457502 9.9973E-05 9.9973E-05 0.154536 0.798863
9.9982E-05 0.0442494 0.134344 0.0323849 9.9982E-05 0.116244 0.672578
0.0242449 0.0293531 9.9982E-05 0.105897 0.103424 9.9982E-05 0.736881
0.0257894 9.9991E-05 0.105459 0.242618 0.176711 0.382689 0.066634
0.0390773 0.311881 0.0384664 0.117268 0.165842 0.316338 0.0111277
0.0392292 0.122718 9.9964E-05 9.9964E-05 9.9964E-05 0.837653 9.9964E-05
0.0542495 0.386327 0.193014 0.0875371 0.158456 0.120316 9.9991E-05
