9.9982E-05 0.107197 0.0532725 0.817196 9.9982E-05 0.0221342
0.210371 0.0437257 0.067235 0.637834 9.9991E-05 0.0407347
9.9982E-05 0.157126 0.0812669 0.743814 9.9982E-05 0.0175924
9.9982E-05 0.00845907 0.182394 0.792376 9.9982E-05 0.016571
0.0886181 9.9973E-05 9.9973E-05 0.845489 0.0655928 9.9973E-05
0.183604 0.00603054 0.0785379 0.682549 0.0491794 9.9991E-05
0.322358 0.0366282 0.160306 0.464033 0.0165752 9.9991E-05
0.164609 9.9982E-05 0.179819 0.64738 9.9982E-05 0.00799209
0.736309 0.104281 9.9982E-05 0.0803366 0.0788733 9.9982E-05
0.430022 0.15011 0.183321 0.19474 0.0238783 0.0179293
0.234151 0.0113483 0.441726 0.166915 0.061588 0.0842712
0.481912 0.148925 0.249097 0.116316 9.9991E-05 0.00364957
0.224595 9.9982E-05 0.705198 9.9982E-05 0.0303657 0.0396413
0.645858 0.137365 0.121197 0.0373522 0.058128 9.9991E-05
0.482984 0.0644316 9.9991E-05 0.349479 0.0638412 0.0391642
0.683378 0.0443851 0.135008 0.131837 9.9991E-05 0.00529132
0.682751 0.149595 9.9991E-05 0.144527 0.0210342 0.00199307
0.541876 0.00406198 9.9982E-05 0.449649 9.9982E-05 0.00421293
0.204312 0.468102 0.104313 0.0369374 0.141329 0.0450069
0.291122 0.586851 0.121727 9.9973E-05 9.9973E-05 9.9973E-05
0.129929 0.630333 9.9982E-05 0.219465 9.9982E-05 0.0200727
0.0142202 0.784995 0.104444 0.0620938 0.010184 0.0240623
0.0740886 0.800766 0.080189 9.9982E-05 9.9982E-05 0.0447565
0.105201 0.722178 9.9991E-05 0.0825022 0.0263357 0.0636839
0.0647753 0.650418 0.121921 0.162686 9.9982E-05 9.9982E-05
9.9973E-05 0.848058 9.9973E-05 0.138667 9.9973E-05 0.0129745
9.9973E-05 0.892278 9.9973E-05 9.9973E-05 0.0792309 0.0281914
0.162456 0.706096 0.0231733 9.9991E-05 0.0753995 0.0327753
0.0122873 0.815963 9.9982E-05 0.149461 0.0220887 9.9982E-05
0.074999 0.75824 9.9982E-05 0.0598499 0.106711 9.9982E-05
0.088802 0.870475 9.9973E-05 9.9973E-05 0.0404227 9.9973E-05
0.157533 0.787104 9.9991E-05 0.0049979 0.0202943 0.0299706
0.132458 0.720316 0.063421 0.034807 9.9991E-05 0.0488973
0.249027 0.13826 0.239219 0.315887 9.9991E-05 0.0575071
0.148778 0.238229 9.9982E-05 0.599643 0.0131494 9.9982E-05
0.104213 0.0932981 0.0512687 0.674082 0.077038 9.9991E-05
9.9991E-05 0.0326666 0.146765 0.780982 0.0105321 0.0289543
0.264712 0.172935 0.162378 0.314363 0.0684965 0.0171152
9.996E-05 9.996E-05 9.996E-05 9.996E-05 9.996E-05 0.9995
9.9982E-05 0.779442 0.159964 0.0139078 9.9982E-05 0.0464867
0.0683321 0.187233 9.9982E-05 0.675287 0.0689483 9.9982E-05
0.296404 0.119235 0.197839 0.386322 9.9982E-05 9.9982E-05
0.228048 0.259234 0.276968 0.13576 0.0984762 0.00151383
0.105796 0.13524 0.605008 9.9991E-05 0.0984126 0.0554432
9.9982E-05 0.0251976 0.876236 0.0862494 9.9982E-05 0.0121174
9.996E-05 9.996E-05 9.996E-05 9.996E-05 9.996E-05 0.9995
0.248214 0.243322 0.217616 0.201258 0.00601417 0.0835757
0.289921 0.103298 0.407063 0.116195 0.0834228 9.9991E-05
0.32162 0.309614 0.128188 0.11265 0.0932528 0.0346751
0.0888925 9.9982E-05 0.157733 9.9982E-05 0.708003 0.0451712
0.0605175 9.9982E-05 0.10984 9.9982E-05 0.799771 0.0296715
0.07116 9.9973E-05 9.9973E-05 0.126747 0.801793 9.9973E-05
0.00295802 9.9991E-05 0.308782 0.0213284 0.608499 0.0583321
0.103878 0.036276 9.9982E-05 9.9982E-05 0.81658 0.0430664
0.156975 0.0485116 9.9973E-05 9.9973E-05 0.794213 9.9973E-05
0.328769 9.9964E-05 9.9964E-05 9.9964E-05 0.670831 9.9964E-05
0.232534 9.9982E-05 0.00925819 9.9982E-05 0.756701 0.00130775
9.9982E-05 0.117808 0.0125454 9.9982E-05 0.854813 0.0146336
0.142028 9.9982E-05 0.0711391 9.9982E-05 0.753806 0.0328274
0.0837815 9.9991E-05 0.204132 0.10258 0.589138 0.0202674
9.9973E-05 0.0943603 0.108061 9.9973E-05 0.797279 9.9973E-05
0.0206351 0.0922151 0.155518 0.0301708 0.701361 9.9991E-05
0.0736864 0.0204832 0.466435 0.0323623 0.320394 0.086639
0.0624034 0.711338 0.0432445 0.128041 0.0445348 0.0104377
9.9991E-05 0.678913 0.0139202 0.210315 0.0687632 0.027989
0.070782 0.768378 9.9982E-05 0.131013 9.9982E-05 0.0296277
0.0275727 0.0403178 0.15251 0.0994371 0.658285 0.0218779
9.9973E-05 9.9973E-05 0.464808 9.9973E-05 0.468417 0.0664748
0.109825 0.0723255 0.0336209 0.0374814 0.722002 0.0247453
9.9982E-05 0.00457554 0.312535 9.9982E-05 0.637825 0.0448652
9.9982E-05 9.9982E-05 0.01693 0.141747 0.793192 0.0479312
0.163025 9.9991E-05 0.661738 0.0541744 0.107105 0.0138566
0.326062 9.9973E-05 0.657942 9.9973E-05 0.0156952 9.9973E-05
0.0892602 9.9973E-05 0.894084 9.9973E-05 0.0163557 9.9973E-05
9.9964E-05 9.9964E-05 0.970663 9.9964E-05 9.9964E-05 0.0289369
9.9973E-05 0.10818 0.858857 9.9973E-05 9.9973E-05 0.0326625
9.9973E-05 0.00434266 0.95238 9.9973E-05 9.9973E-05 0.0429777
9.9991E-05 0.0954642 0.70138 0.174291 0.0128307 0.0159341
0.148567 9.9973E-05 0.28022 9.9973E-05 0.570914 9.9973E-05
9.9991E-05 0.0438487 0.458674 0.0153531 0.37272 0.109305
9.9991E-05 0.10161 0.0393041 0.0976654 0.751112 0.0102086
0.0176013 0.0758322 0.139237 9.9991E-05 0.711869 0.0553612
0.299096 9.9982E-05 9.9982E-05 0.00615628 0.669858 0.0246899
0.128206 0.66263 0.192426 9.9991E-05 0.000409982 0.0162278
9.99871E-05 0.135368 0.491979 0.0900528 0.2824 9.99871E-05
9.9964E-05 9.9964E-05 0.900252 9.9964E-05 0.0993479 9.9964E-05
9.996E-05 9.996E-05 9.996E-05 9.996E-05 9.996E-05 0.9995
0.0787207 0.160324 0.167077 0.593679 9.9982E-05 9.9982E-05
0.250973 0.10094 0.0393962 0.580217 9.9991E-05 0.028374
0.671218 0.157496 0.0416727 0.0728996 0.0107816 0.0459322
0.581691 0.163419 0.133821 0.00632399 0.083778 0.0309671
0.344232 0.0282049 0.0255833 0.551582 0.0502985 9.9991E-05
0.0195941 0.0339316 0.80322 9.9982E-05 0.143054 9.9982E-05
9.99939E-05 0.502183 0.190884 0.24494 0.0159696 0.045923
0.00202035 9.9991E-05 0.6298 0.146087 0.129627 0.0923655
0.124901 0.238442 0.333377 0.210056 0.0426161 0.0506081
0.60464 0.0947148 9.9973E-05 0.300345 9.9973E-05 9.9973E-05
0.0433722 0.0545661 0.209461 0.6924 9.9982E-05 9.9982E-05
0.360462 0.119028 0.228688 0.291623 9.9982E-05 9.9982E-05
0.890752 9.9982E-05 0.055687 9.9982E-05 0.0400465 0.0133141
9.9982E-05 0.0650369 0.266726 0.651745 9.9982E-05 0.0162917
0.81422 9.9964E-05 0.18538 9.9964E-05 9.9964E-05 9.9964E-05
9.9991E-05 0.0485898 0.591816 0.123001 0.206772 0.0297205
9.9991E-05 0.0361624 0.739969 0.0664793 0.0815021 0.0757871
9.9982E-05 9.9982E-05 0.573437 0.149994 0.190002 0.0863673
0.224471 0.216039 0.549852 0.00943817 9.9982E-05 9.9982E-05
0.394505 0.102823 0.427757 9.9982E-05 0.0747159 9.9982E-05
0.438852 0.383686 9.9991E-05 0.129616 0.0473533 0.000392452
9.9982E-05 0.0319059 9.9982E-05 0.204538 0.740959 0.0223967
9.9991E-05 0.00619434 0.191727 0.0612077 0.708944 0.031827
9.9982E-05 0.162137 0.609976 0.0682546 0.159433 9.9982E-05
0.296155 0.0640112 0.458612 9.9991E-05 0.143206 0.0379164
9.9991E-05 0.197999 0.377161 0.229906 0.155221 0.039613
9.9964E-05 0.701627 0.297973 9.9964E-05 9.9964E-05 9.9964E-05
9.9982E-05 0.0636067 0.289532 9.9982E-05 0.609568 0.0370928
0.122875 9.9973E-05 0.183354 9.9973E-05 0.693471 9.9973E-05
9.9973E-05 9.9973E-05 0.366441 0.150271 0.482988 9.9973E-05
0.0569037 0.387118 0.145646 0.343323 0.0112729 0.0557363
0.152362 0.187752 9.9991E-05 0.617216 0.0275994 0.0149716
0.0968838 9.9991E-05 0.145238 0.703506 0.0162932 0.0379786
9.9973E-05 0.0575171 9.9973E-05 0.841548 0.100635 9.9973E-05
0.201156 0.357473 0.00748925 0.433682 9.9982E-05 9.9982E-05
0.204779 0.124322 0.0850418 0.57468 9.9991E-05 0.0110773
9.9973E-05 0.0917633 0.0575808 0.850356 9.9973E-05 9.9973E-05
0.140266 9.9982E-05 9.9982E-05 0.790129 0.0684327 0.000972485
0.158585 0.319969 0.0617366 0.45951 9.9982E-05 9.9982E-05
0.923439 0.0362582 0.0326217 0.00748102 9.9982E-05 9.9982E-05
0.84055 0.0965776 9.9982E-05 0.0389533 9.9982E-05 0.0237187
0.941375 0.00295794 0.0409351 9.9982E-05 9.9982E-05 0.014532
0.265972 0.209603 0.0448923 0.351781 0.111186 0.016566
0.846243 9.9991E-05 0.00854313 0.0555488 0.0565574 0.0330081
0.704235 0.135305 0.143691 9.9982E-05 0.0165691 9.9982E-05
0.246378 0.0520614 0.0699651 0.618313 0.013183 9.9991E-05
0.0619921 0.815064 0.122644 9.9973E-05 9.9973E-05 9.9973E-05
9.9973E-05 0.829043 0.0333262 0.137331 9.9973E-05 9.9973E-05
0.161542 0.816497 9.9973E-05 9.9973E-05 9.9973E-05 0.0216617
0.15523 0.693157 9.9991E-05 0.0611981 0.0884806 0.00183347
9.9982E-05 0.704035 0.111695 0.175327 0.00874376 9.9982E-05
0.226954 9.9991E-05 0.181092 0.521799 0.0524658 0.0175882
9.9982E-05 0.122768 0.124653 0.740641 9.9982E-05 0.0117386
9.9973E-05 9.9973E-05 0.054233 0.0185201 0.926947 9.9973E-05
0.155165 0.0274639 0.0267129 9.9991E-05 0.784875 0.00568338
9.9973E-05 0.0355697 9.9973E-05 0.115224 0.848907 9.9973E-05
9.9982E-05 0.0292314 0.240878 0.0815876 0.648103 9.9982E-05
9.9982E-05 9.9982E-05 0.112222 0.0443935 0.815503 0.0276818
0.0528472 0.146469 0.0587495 9.9982E-05 0.741734 9.9982E-05
9.9982E-05 9.9982E-05 0.0457734 0.0749993 0.869268 0.0097588
9.9982E-05 0.120537 9.9982E-05 0.0845672 0.767988 0.0267077
0.0270176 0.0155815 9.9982E-05 0.0878197 0.869381 9.9982E-05
9.9982E-05 0.113926 0.067687 0.0164266 0.801761 9.9982E-05
0.0196991 9.9991E-05 0.127474 0.086247 0.737679 0.0288003
0.160971 0.0219643 9.9991E-05 0.0245975 0.766236 0.0261313
0.0670237 0.0858309 0.0124016 0.0475788 0.760442 0.0267228
0.0325582 0.0798286 9.9991E-05 0.00355314 0.871731 0.0122292
9.9991E-05 0.010757 0.1163 0.0879655 0.773347 0.0115302
9.9973E-05 9.9973E-05 9.9973E-05 0.130239 0.853574 0.0158871
9.9982E-05 0.0590647 0.0213933 0.103929 0.815413 9.9982E-05
0.0251984 9.9982E-05 0.739685 0.0939855 0.140931 9.9982E-05
0.188662 9.9964E-05 0.810938 9.9964E-05 9.9964E-05 9.9964E-05
9.9973E-05 9.9973E-05 0.0849166 0.130228 0.784556 9.9973E-05
0.0618847 0.0170362 0.00586058 0.252386 0.65921 0.00362211
9.9982E-05 0.0475724 0.136875 9.9982E-05 0.813129 0.00222288
0.144673 9.9982E-05 0.588279 0.100321 0.166526 9.9982E-05
9.9982E-05 9.9982E-05 0.00465539 0.973516 0.0212211 0.000407753
0.175799 0.157532 9.9982E-05 0.639673 9.9982E-05 0.0267959
0.0433362 0.405993 0.117518 0.402067 0.0309853 9.9991E-05
0.214777 0.576233 0.0585733 0.150217 9.9982E-05 9.9982E-05
0.133617 0.7187 0.123135 9.9982E-05 9.9982E-05 0.0243487
0.224211 0.736922 0.0135654 9.9982E-05 0.025101 9.9982E-05
0.0912649 0.73088 0.0673134 0.10362 9.9991E-05 0.00682089
0.210845 0.699026 0.078792 9.9982E-05 9.9982E-05 0.011137
0.132015 0.6712 0.105386 9.9991E-05 0.051083 0.0402157
0.0881043 0.747272 9.9991E-05 0.0856294 0.0378597 0.0410342
9.9991E-05 0.0737254 0.0919285 0.814247 0.0142189 0.00578032
0.0165057 9.9991E-05 0.0868827 0.749948 0.0822687 0.0642945
0.0242369 9.9982E-05 0.200384 0.736817 9.9982E-05 0.0383627
9.99731E-05 9.99731E-05 0.252764 0.742472 9.99731E-05 0.00446417
0.118582 9.9982E-05 0.0981995 0.762053 9.9982E-05 0.0209659
0.0138722 9.9973E-05 0.386023 0.599805 9.9973E-05 9.9973E-05
0.638966 0.193397 0.0977491 0.0574146 0.00268598 0.00978742
0.79756 0.104304 0.0341202 9.9991E-05 0.0610028 0.00291366
0.877451 9.9982E-05 0.0133218 0.0573562 9.9982E-05 0.0516708
0.716927 0.0992507 0.0554835 0.0691298 0.0480367 0.0111728
0.675614 0.036477 0.0216903 0.187785 0.0381924 0.0402409
0.125417 0.617561 0.0610112 9.9991E-05 0.0587957 0.137115
0.146009 9.9982E-05 0.125815 9.9982E-05 0.71021 0.017765
0.00723697 0.0879559 0.0190511 0.0494426 0.773288 0.0630258
0.0528433 9.9982E-05 0.107436 9.9982E-05 0.822555 0.0169659
0.0848035 0.00107576 0.0326274 0.137342 0.735141 0.00901109
9.9982E-05 0.0742947 9.9982E-05 0.132892 0.743602 0.0490119
0.538282 0.160957 0.080919 0.0812877 0.127228 0.0113259
0.428226 0.181865 0.0762352 0.257615 0.044466 0.0115934
0.764271 0.036704 9.9982E-05 0.145109 9.9982E-05 0.0537167
0.315824 0.201738 0.100345 0.339217 0.00382046 0.0390544
