IBR/IBR_outputs/all.combrep_1/Silt_Total.Spinifex_Total.VRM_Total.WeatheringIndex_Total/Silt_Total.Spinifex_Total.VRM_Total.WeatheringIndex_Total.asc
NCOLS 160 
NROWS 95 
XLLCORNER 210004.651214014 
YLLCORNER 7350008.22228844 
CELLSIZE 4999.99999999997 
NODATA_value -9999 
[rows 42 to 62 of 95, columns 0 to 45 of 160]
-9999 -9999 -9999 -9999 -9999 -9999 -9999 -9999 -9999 -9999 -9999 -9999 -9999 -9999 -9999 -9999 -9999 -9999 -9999 -9999 -9999 18.1916554750536 13.3777561945411 16.7501734793386 18.3165708678046 16.9390255558725 15.8605901518624 10.0141802561593 10.3865726887651 11.9442915185813 12.3239524667203 15.6658142255475 20.0855373292243 17.1636366156337 11.2023107174135 6.91329102321546 5.14835940770108 7.31082394216621 7.16255018371689 10.2677124659664 9.90374978939388 10.3592813260255 6.53668571827571 9.81505834277483 10.3330937860136 10.9751926276747
-9999 -9999 -9999 -9999 -9999 -9999 -9999 -9999 -9999 -9999 -9999 -9999 -9999 -9999 -9999 -9999 -9999 -9999 18.5623019948766 18.7710335197063 18.534115325548 18.712243213381 17.0349959380756 17.1921415296832 15.7376387380192 9.44890591911196 10.7118381137163 9.51517664582193 11.6428787570883 11.6967932551095 9.81596859984299 14.7823637156672 18.9965587978494 12.084313442998 8.01670281569502 11.7509819722098 8.96409230417032 8.65857357730282 8.61794456535799 11.9561612242532 11.5474804528543 10.378573251353 8.64826284988235 9.72488223071465 9.5430438192116 10.7648525576964
-9999 -9999 -9999 -9999 -9999 -9999 -9999 -9999 -9999 -9999 -9999 -9999 -9999 -9999 -9999 17.9616533262473 18.4970489261689 18.1960947776107 18.6111724985376 18.6771007327764 18.678238322538 18.4669939325352 11.0435124850653 12.26110726451 12.6131982951123 10.6704506972869 9.23948666433196 7.87547778982064 7.21407265853044 15.6170923082576 9.36671904676815 12.8225023630474 21.091628691823 9.60232160237671 8.46273159797582 14.3660681135147 16.7414488873879 20.3542280254374 15.9045629904316 9.99104738884736 8.92340867625224 10.7828845907746 8.93152082664091 12.2523071497267 12.1758060850096 14.6766573039131
-9999 -9999 -9999 -9999 -9999 -9999 -9999 -9999 -9999 -9999 -9999 -9999 -9999 16.0034243398324 16.8427387136097 17.4108581264436 17.1914028100423 18.362050072634 18.4574180202239 18.8315467986513 18.6464043385449 15.7384310560508 9.72071491027815 12.5669637584126 15.1214558912764 12.7064092009787 8.67829472523242 7.87264182220071 7.44131593392399 8.26397297893137 9.69939112321466 8.36594450106856 8.73094273424125 7.89439995954431 8.56862001001685 8.66821695008792 15.4187993134433 14.7955049289858 11.560571070877 16.0838171546287 17.0298805064007 16.4623071874327 10.9539173636678 9.34540130560184 9.19357587687354 11.7211563045829
-9999 -9999 -9999 -9999 -9999 -9999 -9999 -9999 -9999 -9999 -9999 -9999 16.2257612536275 17.4084696065159 18.4984113758727 18.4713598028996 18.2103306354438 9.1927745086238 9.07288816605396 12.5691598204504 10.8860435657307 11.156031528498 18.1438195060691 18.6400099706569 15.6510230305963 12.6864718925879 13.3603977577284 12.4099685943733 10.424302437574 8.03424611081882 9.08712361340765 6.52177655251762 5.560646134438 6.91027293844277 8.64372835855492 8.01991476556314 15.9387336458304 20.1679281322947 16.85622334183 12.525032005202 17.2832406589747 17.8966214562476 12.222432160326 10.8531362957576 10.0543090290563 11.1447595298238
-9999 -9999 -9999 -9999 -9999 -9999 -9999 -9999 -9999 -9999 18.1239847590936 18.2530881744362 17.9491881583866 18.4607264684598 18.4932378309004 18.5032897568754 18.9829933109473 12.1785548529038 7.59944674858703 7.23941356959461 8.13701299457859 9.6914601853109 17.0837437863704 18.4264109505137 17.6715325856743 12.8498145240212 16.162162641274 18.149505232446 13.505258299485 7.21985350906478 7.03444880096554 7.59054168168608 5.58099051307315 7.11053792653298 7.60376338067087 6.69825920765812 8.64288359309867 17.9519434071388 17.3119381425777 8.68796237814882 14.6157393562335 21.5918559875442 21.0477640916171 15.1906526799534 11.4136471268727 10.265432563286
-9999 -9999 -9999 -9999 -9999 -9999 -9999 -9999 -9999 13.0893227995819 18.4730639198735 18.4670285032475 18.4680007205319 18.487094491035 18.5421098546896 19.2592261899358 22.3431645516042 20.3896152425246 8.06693580740921 6.69335907622652 6.68974745743295 8.8796431003821 15.0065979307201 18.4268811738161 18.4281892158149 17.1795102771407 13.8848664283172 18.3568928584697 17.9503478808627 8.48746692475638 6.53235347844651 5.85199915932461 6.9009182900364 7.5798717036985 8.85794955350033 9.90246100210607 8.64720218653155 13.5698329951606 15.9331712725061 10.4954866080818 15.8154551176677 20.9804703018433 19.1465838214552 24.9037609715221 13.3480833107167 12.0212302021833
-9999 -9999 -9999 -9999 -9999 -9999 -9999 -9999 -9999 16.1614848851617 18.4453538512266 18.5448451204704 18.5028223708097 18.4824137114112 18.5115933922812 18.5882696699287 28.3411865673159 24.6716984629324 13.2157613530182 6.50478813986481 7.59552127830987 9.03610825782601 12.1785584006268 18.0834244370436 18.4283926033145 18.4395201883643 16.7688482630642 13.6038632843185 18.3230324108039 9.17609810846901 4.92245285843802 5.23002287688219 6.6347685768201 7.65590410456217 8.93123131905369 10.0988329441039 7.33279227113799 5.82351196158038 15.224823056221 12.5122427159008 17.4671159448134 23.1396830701964 12.7224101105252 17.2613763729969 18.1586264764191 21.7291704056649
-9999 -9999 -9999 -9999 -9999 -9999 -9999 -9999 18.4599321573011 18.3759014337361 18.4477541416281 18.5441031414941 18.5681347797606 18.4885740344991 18.8438207705315 41.2735718649957 58.8291442116678 27.4351182841924 20.7056650351295 11.5153400873351 10.8213207358991 13.3457502522436 13.1964240940666 16.4928957730137 18.4301790549116 18.4390461703957 18.33117837016 11.2976868457777 7.40221835615753 10.4069054948496 8.34683385786872 7.4965691579024 6.81518638589185 6.63392537208095 8.27033872948684 10.3144607610785 8.41897524728835 7.88600662196421 8.35352286917059 12.4050672784228 14.1847452289389 18.5957582254808 18.947498127257 15.0371201046901 11.5155861881447 21.9681969226185
-9999 -9999 -9999 -9999 -9999 -9999 -9999 -9999 18.4331355549208 18.4361940841055 18.3828663321268 17.3638039598415 14.4649552923888 17.6299385072649 20.6528891271549 60.023713964104 57.6677079471783 23.1635570332872 23.3107406115254 19.398512325076 16.5795602344774 11.6579587563122 11.1908295870622 11.2558003728303 18.4515702902958 18.5394048052811 18.6452536314725 17.0514097355474 7.33113812437457 6.14050074321051 6.9217189992215 7.88924387426185 6.3627437001852 6.48786336249067 8.11798074975397 11.8035221011593 7.94719731969652 8.75015557749098 8.97962416377155 11.8956457739366 11.2351966157078 13.3611309085924 16.8807893564915 20.765539090681 12.0357324543349 14.9527648824651
-9999 -9999 -9999 -9999 -9999 -9999 -9999 18.4311891861766 18.4439881482818 16.8158301874495 16.4051864844066 8.15297985308609 9.53227863743294 10.6784125809782 12.7823549852584 22.3160009113294 50.1853852513916 26.7580968194869 21.3834657069764 19.9254976911564 15.7863585530675 9.67451662634833 10.2411308751949 9.66574700933249 18.3697677372748 18.613007947544 18.6162462924121 18.5290849811459 9.38727390983668 7.83342797476326 6.92561993860313 8.23868390542798 10.7890317871683 8.7426679471845 7.73071198385771 6.81931358114746 11.1063268569142 7.61306328598873 10.1120434026485 11.4349211894887 10.1512141968944 11.1319261105941 12.4499539768658 13.7706921224849 15.1368148987477 10.4943922578433
-9999 -9999 -9999 -9999 -9999 -9999 18.4594449153369 18.3805559119134 18.4276096311374 15.5376804787127 11.6742929794834 8.49619429575382 10.7640792645952 11.2393514219601 9.73364954623208 15.0611520224712 32.2547930307544 35.2903028985309 22.0071527819529 20.4826851084981 15.2361422978788 6.1720431146819 9.93637867717066 10.2859429327761 17.4585988572036 18.4971429836513 18.5456068579821 16.4315886673643 10.026449201088 7.80779600572424 6.53043304187686 7.08311062220655 9.54131457999177 10.5744360539911 7.65237134862738 7.60152848956371 8.42389738862706 8.99471724962583 9.50024416839432 11.0805461061884 9.01726363752835 12.7771586079475 16.7002124487041 18.2834655740576 15.3067964277027 13.8393233780339
-9999 -9999 -9999 -9999 -9999 -9999 18.4436849551442 17.7623813169876 18.3772615695209 17.0519873399682 7.19429152857867 8.41211639285889 11.6641101518842 15.7448662622805 15.2201711173685 17.0682885484154 21.1625844335653 29.7398763735489 22.1943552922575 29.2046197887528 12.7845139840427 6.09149010401369 10.8206273439192 13.9880134166438 18.0977755709328 18.4841179424892 18.4979753773917 16.6887303566072 8.35720153898291 8.00515480859221 8.53044635399157 7.22980476206173 7.27449941584656 6.15364389105535 6.69430773981702 8.29953155256501 8.16837582823861 7.65930785155341 12.1926577155678 10.3503363732628 12.0190583911267 8.91978065766732 12.4480153216856 10.790045010913 13.81379365551 14.8003409595432
-9999 -9999 -9999 -9999 -9999 18.2307577778804 18.3622839099595 17.7264610601757 15.6792475903752 11.7132438422375 6.60901358979563 8.61265992242153 18.811025704554 23.5998311144261 20.7763971593562 18.9498451108247 23.5042724003539 25.1719818505508 25.7049481648448 27.8891497829695 15.9251791325994 10.8459101924826 10.2315802260554 17.033081433196 18.4903535228483 18.478421755009 18.4915726180168 14.5591239534345 6.6917989391119 8.78995252918181 9.968833587152 8.22291151639282 7.58518680237079 9.7107464551077 7.13516387770746 8.39740858588911 9.11070894840515 11.4969636061331 11.5456051092814 10.8651988906228 8.54465214441655 9.57888598655127 11.317631871961 23.3667473337855 12.1137532206548 10.7676193706147
-9999 -9999 -9999 -9999 -9999 18.4506348379035 18.3383690535147 17.7081235627339 13.8016021998172 7.61974290894683 7.15468059100025 7.98852928085802 13.4831724183888 22.4613814352792 21.9576054218727 21.9362701240516 23.5559769947433 54.4652750732653 37.1279392387037 29.1525498807827 18.9744344432092 18.4283472307723 18.4098586099705 18.4550900023761 18.4881986204651 18.4515823201753 18.4929936724211 11.1749091484256 11.4533963388892 8.51104401250863 8.69764640833453 11.0198194466842 11.5620624842837 12.4609603972935 9.22841629618079 12.7754012123863 10.0483994207887 11.8478482825143 10.5906665659704 12.1554509365826 10.7042476807039 11.981210527257 8.05797002497725 9.84230024563009 13.363239376591 16.226397682081
-9999 -9999 -9999 -9999 -9999 18.4464567272393 17.4201073605208 17.3463189634017 7.40316833649897 7.63593701945551 8.2395962417459 7.96263203589325 11.698796735929 20.9066161808444 23.8939186156083 29.9064479410101 42.2494653980704 54.7774481886525 43.7145599485791 33.5706153144376 18.7763392888125 18.526687944611 18.4728446347727 18.4767276204748 18.4707823087039 18.4431821442178 15.0979677716987 7.78226723422813 11.6138864524131 8.34993151992667 7.80162714611022 7.94727039928917 9.88111526711079 10.501076258265 10.7045296012246 15.105157488629 8.37859733280398 9.43677368789668 8.1729394706744 7.90335392597558 8.04130616658244 8.54352219483889 7.31993605676687 9.77758529628077 11.6769100006555 21.1324196421363
-9999 -9999 -9999 -9999 18.4407777408225 18.4441964383161 17.9020654366654 7.77318665867629 7.75964200670173 8.91950737281443 7.75121794473771 10.8267274873169 12.1577343541658 23.2630099618245 30.1046517241091 30.5710026091751 36.5043387611718 61.9195859921883 66.2706281074632 81.6249783644254 23.1075569309981 18.5849232805599 16.8646799114914 13.7272780441652 8.29836516782025 10.1230986671963 6.16721740390347 5.78071304293363 7.53185838119819 8.00418358382918 8.27661153949829 8.63075904879157 9.10791425234285 8.7098265940137 7.32109886810181 8.33093241501551 6.82070566972362 7.2729097001118 8.91178780790594 8.3322466519764 9.38352233256232 7.7993486725305 10.3681359157368 9.68089116913141 8.53064016655741 17.9582634206243
-9999 -9999 -9999 -9999 18.4510642713368 18.4437253566092 17.2891646550765 6.44617487684808 10.681155262922 14.9633411217712 17.7626724956074 19.563735523035 20.5361766337299 21.4243208336844 23.1862400581981 26.4804467777651 30.9210636739277 54.6810743387744 70.722919128008 130.149267675068 132.772351099111 18.2827617488841 10.0978944695033 8.01415373404014 6.06492422754948 5.30417681003648 10.9149585286813 7.30232236204981 8.24725130455006 9.36807135131492 8.7863638213378 8.5252898613581 9.51829966512911 8.41999883535817 6.28125765881299 7.9065310143421 8.06851720910331 7.71511738298647 8.06276987127459 4.97337169635713 7.92494804066063 13.2857923409301 10.10229868461 9.88411573516798 10.629654911945 11.0510994760615
-9999 -9999 -9999 -9999 18.4271457566771 18.4117650907905 16.1169019741297 5.87678518446233 16.8057880552833 21.5636233742845 21.1430390899928 22.3798742164484 21.8477011392928 21.0416430184474 29.1022260628769 29.7990126421584 36.820678420119 46.5969193897394 50.9934445676329 56.5439139026703 92.8827799734543 16.8467105448742 10.1629926804768 9.22931523540606 8.3272958970152 15.1874095708379 8.34389225481706 10.9211621139692 15.9533570087731 10.7439071714494 9.81794897607633 10.3887647490111 8.96126764081035 7.33885502482904 6.61152904797925 7.09813065347475 9.84775014199681 8.61387943188437 11.4984256291767 11.4223210760301 13.1402976639304 12.7146219228449 12.6419549384297 11.9519188737309 10.0468197544773 11.3206358750991
-9999 18.5476325603845 18.4991682910276 -9999 18.425050169461 16.4636483687239 8.3161690474035 10.2220878088047 15.9389529958124 20.4649600005226 48.137415930589 36.7022084799186 25.7471010482238 45.5772492740968 24.9021810096698 23.4958455161154 36.3120341173334 30.5811891662844 43.2191030209136 43.3648421614604 45.1958359281278 18.647449808221 11.8227787810973 10.0966993795731 12.3875808412365 12.2817499600616 8.23656916052589 12.6459972215638 13.0360766964792 11.557951774142 10.7989889765215 8.24086334951472 5.52298747769424 5.47536631564179 5.9188092751111 7.07993037299819 11.5537075555571 12.055605635346 12.4218174216739 14.3826738609053 13.2933190982939 11.5323861719533 15.1795055790697 13.3414855159312 10.7344460641577 14.2589313499601
-9999 18.5256324891082 18.5773086479704 18.4605658880801 18.4260810763239 15.6949810595249 9.25172474482051 12.976870156679 14.8683117143526 15.0905665760683 17.7480147994777 23.1209056791986 29.4321475965761 28.641279425507 45.5086360378543 24.3229887074424 39.4014338694708 84.3140462567355 108.032140524672 71.8512708323896 46.8154822982568 18.7199789848162 16.4731840529908 11.120452820651 16.7319626980647 14.4772669932436 16.315332344113 13.6869678324918 6.40481961414955 9.92018126106535 10.548256663776 6.98226877647137 6.20328925355743 6.03645738564747 5.25061389685481 8.89970517764221 11.9469537047749 12.5508589024984 12.2535751106529 11.8820421055611 12.6202848310278 12.9708533503437 11.9911514770601 12.6498105670868 13.5777655085501 13.4260867912437
