0,37.2487352484534,37.7667154987741,37.3052601169585,47.8284714757986,47.357145385626,51.2363555564506,44.1305879722644,71.0991416527603,70.1539942074095,93.7573015550226,64.816659694658,65.9959078809635,67.6129666931036,76.6600980622711,69.6181510348687,60.9162864811088,64.3342372044529,63.0291482925172,59.0382463230241,42.5519473198024,46.2937358029354,43.1454014254957,89.0115095321325,108.200625151463,118.80270745624,87.6076012209304,88.7041662040045,63.0614850988998,65.530104231027,65.356586968858,74.0289954046619,91.2046742593601,48.5848097215513,69.4196634304539,70.0311779155112,60.6947008506429,88.4114377876871,88.6303645510212,89.0843154671754,94.0497407215331,97.0726658112945,100.197572926358,99.5934754689245,93.0318912224091,96.0506445339439,98.1844122963789,95.143017752662,96.0565703514301,92.6298651285235,94.5834345098927,50.7418731262969,48.653655119908,50.1567267342699,50.3614613876213,49.7018796942623,46.8232135179051,47.3355549437098,39.8887224831798,40.3901323125785,40.6705732369177,40.5764544570444,41.525289673386,94.5877307035707,60.3425314134578,59.4575954041612,100.09619571496,101.618141021434,99.6440814090788,94.4862404843188,90.0548765957559,95.5409836085201,92.1826812544585,94.2556672884192,90.1410531972134,61.3685503707513,62.8742706799658,91.145878748568,47.0748573240088,55.5917165968831,65.5677424730169
37.2487352484534,0,41.3285067971563,34.9980773500554,41.2638183721453,48.3673630970241,51.474320661754,41.738192243707,71.3051000426951,70.3628841673142,94.8397931755429,65.065852081675,66.2367336280329,67.8445607880646,77.9196369945141,70.8202297769409,61.7645433974596,65.2011110438124,63.8678441292172,59.9186121090428,44.0201001287293,47.7892205248517,44.6513147003315,89.8267985588911,109.395673319169,119.981035187957,88.2472414294866,89.3967615213694,64.4100587816234,65.6910817078994,65.5080153029815,74.2238476912864,92.3874560618003,50.1092022621591,70.6063235889646,71.2197018883597,60.9649502494955,89.5206879325283,89.7420590804736,90.1935679231374,95.1444727864177,98.1663800909754,101.289047467045,100.68402947967,94.1246557126099,97.14917272051,99.2787553235285,96.2391472578418,97.1513220556749,93.7247528541674,95.6844814018935,51.8342530621539,49.7666548546462,51.2834003750404,51.3785829200172,50.9693692963456,48.0869276513025,48.5716154463057,41.2901827059874,41.9609249934179,42.3123411913522,42.2446119810133,43.3141043923274,95.3088108154556,60.3845409580667,59.9724531448504,101.22315298094,102.747817890217,100.77254783093,95.61334463234,91.1354756557206,96.621939290341,93.2711263839873,95.3448644682624,91.2143628250786,62.2010499627052,63.7222507840469,92.2222547214536,48.1900017268404,57.4513280034332,65.7221785483859
37.7667154987741,41.3285067971563,0,45.7082399519377,51.9910016030151,38.9782222122473,47.5634872868574,38.3595275539839,72.9986435609268,72.0371227463085,95.1371101098888,66.8492302359134,68.0208238418422,69.5879161188602,78.097489030685,70.9843923339824,63.6943795834892,67.0924665600162,65.7860170237368,61.8139107893147,45.2463041210022,48.8204091668836,45.753649228807,90.1014489496405,109.731819217076,120.306710479264,88.6781306446894,89.7582787487316,64.7213051952172,66.9299609503269,66.7395155288992,75.6168924643764,92.6890426921466,50.8247294324395,70.7518782807683,71.3482779621382,62.7846311696967,89.8132618376981,90.0354167161964,90.4882188047508,95.4333953889751,98.4565310459589,101.577929649227,100.974202059307,94.4205318637468,97.4451245085277,99.5754057463785,96.5348971561158,97.448293237248,94.0207696889284,95.9807058267633,53.5557629883599,51.4812464596932,52.9537258824685,53.1995711367168,52.3897785784837,49.5412956046401,50.0891558223505,39.9701865855472,43.1183938780947,43.3541194183796,43.3651063649993,44.2480042550265,97.2214826962628,60.1817133780013,60.3651758404749,101.525786539721,103.051249576828,101.07547555842,95.9157294608472,91.4299061287565,96.9157935523934,93.5667950454927,95.6401617553799,91.5086362451309,62.1693127389305,63.728880578338,92.4007227258523,47.584966085969,57.3597427291375,67.457155091268
37.3052601169585,34.9980773500554,45.7082399519377,0,35.3969620234845,49.8167810393446,51.4765674496171,44.3489407174932,67.1569973306067,66.2331728747268,91.1786278857663,60.7568335192624,61.9377464747568,63.6048290371545,74.1843248424167,67.1592623815122,56.57250145897,60.036103624607,58.7018559321953,54.732814803889,39.0124134137353,42.9619938407645,39.7437738044677,86.4793968081837,105.573266022959,116.18722494094,84.9444399838842,86.1019663354784,60.4494631224897,62.1266201174868,61.965491414965,70.4358768422611,88.6126460673203,45.5807986955815,66.9797662743741,67.6075121024753,56.5867726979511,85.834916733466,86.0528489685025,86.505758297634,91.4781369088601,94.4999550906352,97.6263097022955,97.0210360735753,90.4536683320414,93.4718105117767,95.6052843384367,92.5646048996255,93.4770902055067,90.0513066533565,92.0040987624018,46.6210454667054,44.5396879525894,46.0938256999016,46.1280346941346,45.9199476111108,43.0044860843348,43.4458041237588,38.6733027309665,36.951515489211,37.373726735324,37.2107083578432,38.3937523763484,90.2877622009265,58.428069293458,56.8563262437075,97.5081582603478,99.0290665526304,97.0556147562775,91.898433937723,87.479199799221,92.9658365810855,89.6050638496568,91.6783430816573,87.5662067082072,59.1231608981768,60.5918269367942,88.6825468933821,45.3123904179854,53.4637055260874,61.5957846425128
47.8284714757986,41.2638183721453,51.9910016030151,35.3969620234845,0,54.7074793477715,55.8831242318762,48.0181357458118,70.9954481661139,70.0759864608641,95.7798100620868,64.6258306040288,65.7989955567986,67.4614416478367,78.9193239861008,71.8492977436959,61.003205879172,64.4839656664873,63.1226545162187,59.1942055277708,43.9936199850349,47.9449132480561,44.7438518281619,90.8736355704088,110.265897227898,120.866058484739,89.2028927582318,90.4025021170695,65.2606418835614,65.975881863314,65.8091234654986,74.2922248183766,93.2938507742614,50.5576291121404,71.6572467457072,72.2858213149503,60.4719867268408,90.4572716081643,90.677182534838,91.1281955006661,96.0887885415585,99.1098391371095,102.234365144291,101.62840293185,95.0629987744982,98.085742493355,100.215902469558,97.176615607588,98.0880462374406,94.6623363369421,96.6200505633734,51.2837494249705,49.2234512892218,50.786381698006,50.7231108337612,50.7293012980843,47.8136561973372,48.2340389379369,43.4686550229417,42.0178314538594,42.484918184639,42.3596055001647,43.6142274845746,94.5939880364938,62.4835614945213,61.0323820848635,102.145037352962,103.668147936336,101.693709685486,96.5354197809513,92.0787761625652,97.5656782148874,94.2109406509523,96.2848068272566,92.1599673393499,63.5410293244219,65.0189223596507,93.2760388667193,49.9334606295604,58.6094558618108,65.3854605213176
47.357145385626,48.3673630970241,38.9782222122473,49.8167810393446,54.7074793477715,0,38.5658932481775,35.2066371120834,72.9924927561949,72.0156880988649,94.6270393079611,66.9591566608162,68.1247356839296,69.6474200090701,77.6472304559657,70.4645916911493,64.4356407401005,67.8173171859221,66.5097069488754,62.5532249506642,45.9383510349591,49.3718854753111,46.3770116194021,89.3104726114903,109.365009815702,119.914252312429,87.8718095031924,88.9339662887613,64.4819332701665,66.4700775276593,66.2650566623296,75.3270498433416,92.2785618964769,51.1297468596969,70.1992517503008,70.781394372784,62.9444054941706,89.3241861509054,89.5494025085712,90.0010920432107,94.9270663385137,97.9503889922675,101.068460047686,100.465071184412,93.9188720895284,96.9490170244305,99.0759747572522,96.0363188666065,96.9495521648358,93.5212612779582,95.4872495584912,54.3281428761303,52.2651676169363,53.7126205784639,53.9909685363924,53.0598673666341,50.2371940142223,50.8142034518295,38.1299185570817,43.8524305517738,44.0626688551081,44.1636825019083,45.0157593177801,97.8423777065724,58.0313320387109,59.4005892072283,101.062971389026,102.591767092835,100.614370978057,95.4528218732248,90.9153131810574,96.4009963935441,93.0608323374612,95.1345647818398,90.9869574594998,61.0826145239415,62.6979204646517,91.7711116426043,46.1934452193332,57.3313820474419,67.4483843308978
51.2363555564506,51.474320661754,47.5634872868574,51.4765674496171,55.8831242318762,38.5658932481775,0,37.335264362103,71.8367594656607,70.8461501294948,92.9643855373964,65.8984840945924,67.0599921895669,68.5452360951763,76.0376658431588,68.7922066187074,63.8611186140288,67.2287544502409,65.9215821173894,61.9756020517212,45.3068532376535,48.6263512469616,45.6908103635353,87.3964012924827,107.827599804912,118.354379006934,85.953474367976,86.9946661407997,63.0592449212978,64.921670274952,64.7052527757459,73.9240557036696,90.7028240998402,50.1816037481388,68.4972073957473,69.0665125742833,61.9243297049996,87.6796815261934,87.9075796025432,88.3583269521901,93.2674524720612,96.2909679908726,99.4061088994427,98.8030473710027,92.2634932005975,95.2984684620085,97.4225528529872,94.3836167490394,95.2967378322055,91.8677566896953,93.8390129197745,53.7674913173143,51.7128675558771,53.1398091291355,53.4485774753481,52.410048496645,49.6087471224061,50.2102687338277,35.2489972586168,43.2576919212478,43.4513192879103,43.6232813884217,44.4589295441284,97.1771246279712,54.6823996919062,57.3382908350751,99.441512506119,100.973221796135,98.9944056375847,93.8312782978221,89.2486461041076,94.7341357500101,91.4017061050311,93.4757471183869,89.314117639722,58.8753010078341,60.54612379041,89.9994848157195,43.6743651025041,56.1573718491772,66.298423881523
44.1305879722644,41.738192243707,38.3595275539839,44.3489407174932,48.0181357458118,35.2066371120834,37.335264362103,0,68.2226437570269,67.2509206799493,90.9462838023552,62.2193266931095,63.3771957951326,64.8960969481937,74.1600030440433,66.9343651935516,60.1725884422766,63.5734534020649,62.240317723413,58.3196632140131,42.2492729774809,45.7618784500566,42.7471658099504,85.4049012869628,105.766180443507,116.304932533949,83.7557448769124,84.8880131976382,61.0193593461773,61.7024911296726,61.4868264176775,70.5824671679989,88.6816280018754,47.6439051445065,66.6629991799452,67.2531240137329,58.2192573785278,85.6679294315723,85.8949455423398,86.3440891885881,91.2597571348191,94.2817703951139,97.3983899296248,96.7937522953015,90.2473841878895,93.28241123604,95.405552902299,92.3677426062096,93.2793630275528,89.8515312728282,91.8226909871868,50.284396578571,48.2370712432263,49.7039097167474,49.8738327705367,49.2070187601227,46.3719908689238,46.9146064454676,35.6006730386006,40.2310506533752,40.5106562134686,40.592031672347,41.5559144346358,93.4785744757114,53.0702912890928,55.162751084423,97.4181749750802,98.948999895701,96.9707540525713,91.8082399398851,87.2339819934173,92.7201760269873,89.3857399021736,91.4602464682953,87.2994718265765,57.2958468020822,58.9126485253999,88.1284321124676,42.9219323927093,54.324821147217,62.6235828480921
71.0991416527603,71.3051000426951,72.9986435609268,67.1569973306067,70.9954481661139,72.9924927561949,71.8367594656607,68.2226437570269,0,29.833308259333,102.10144398895,43.6773417989996,43.9307545800982,40.9572610358831,87.1937543663169,79.5895642178664,66.0826701605135,69.3947273551834,67.7127117931339,64.5676121434383,55.1777907195517,58.9613009477061,55.9389758067149,94.8013466265276,117.845614873842,128.26187464385,90.9840436581114,93.0185784602621,74.3780327155528,58.6035766686982,58.9654897060348,60.8421134509902,100.748558815794,61.3272344295525,79.2776544744689,79.9469210015583,42.7520833121776,97.0923427680494,97.3392280164089,97.7608324040549,102.563301000401,105.570950829702,108.67189604373,108.053492731961,101.504945369042,104.593774636767,106.674906859381,103.657376666522,104.551312489351,101.128472842397,103.156651584589,59.839980373001,58.1283542420171,59.6172481932506,58.6241828070616,60.5816180615327,57.7182844192715,58.0100460503455,54.473222445168,53.6991226876767,54.3173942243508,54.4592168841417,55.9150995412532,95.4573032667575,72.1191606543288,63.5963769782286,108.972044377443,110.525560030623,108.53772428969,103.364341027245,98.3834548075527,103.875391602994,100.603594504037,102.686645109675,98.3816765347766,69.5295100663994,70.8325279474602,99.8059373607312,58.9562601696769,70.1877308528363,46.8492406618637
70.1539942074095,70.3628841673142,72.0371227463085,66.2331728747268,70.0759864608641,72.0156880988649,70.8461501294948,67.2509206799493,29.833308259333,0,101.008183398708,42.9423343075016,43.5660146481591,40.5684059853669,86.15218270521,78.5326324958913,65.2345765616776,68.5421613107376,66.8652687621663,63.7137381259348,54.2520966477755,58.0243080090941,55.0066747249421,93.6435560329247,116.790853345043,127.20129940791,89.7730259491679,91.829429068426,73.3654707813105,57.3270737801007,57.7142452824905,59.245938554538,99.6887175750716,60.3706159440107,78.2168113581664,78.886677114998,41.8682995926916,96.0081643946455,96.2558696915412,96.6766526572044,101.474283561592,104.481577743999,107.581790812474,106.963061470702,100.415187871167,103.505967306681,105.58567690955,102.568759068935,103.462218533534,100.039432813032,102.0696951997,58.9557769680409,57.2416302655495,58.7280186161603,57.7507055928172,59.6698345410953,56.8088524158746,57.1055407846254,53.454316690002,52.7707337925772,53.3846619125661,53.5300514402879,54.9799978920852,94.6183683098847,71.081545521218,62.4334177570921,107.893868297325,109.448308194982,107.460059670159,102.286212336215,97.2896094602367,102.781677503763,99.5123777789172,101.595687498974,97.2853858655435,68.4292726123826,69.7272209778537,98.7158263633875,57.9113157195446,69.2111590129438,46.7048530819886
93.7573015550226,94.8397931755429,95.1371101098888,91.1786278857663,95.7798100620868,94.6270393079611,92.9643855373964,90.9462838023552,102.10144398895,101.008183398708,0,96.439697383263,97.6258935033303,98.9452422566175,84.9474829444312,73.8313798755956,95.0368217867538,98.2622688934699,97.0487742473243,93.0306277733592,75.1626797083593,77.4081119791716,75.1666078747233,100.222700837883,92.6953511821696,98.8678656824796,104.856372604876,104.90566157866,77.4610932990651,94.1754956578754,94.0899538774688,102.95189678339,78.5725927599678,77.1884420644981,74.3728860091778,76.4817024588666,92.5940802404421,51.8811213606741,52.2979080511922,49.9041301298071,58.1521730065351,59.1923240415134,63.9735026678442,61.2794473362686,41.7536018700836,47.9672089030223,44.6452561191369,46.1869840280957,41.4431776663357,42.0610426193337,47.4429358516305,84.2377802242741,82.2138164846368,83.3899855399394,84.3017069834334,81.3819042002339,78.9275933551622,79.888656225498,72.5448808801757,73.8525219877791,74.2146622424664,74.8834214026264,76.0278764930571,128.251255975297,93.6542233073517,84.1976139371943,63.1471770096244,65.8388061307563,63.4950390042584,57.9118008300041,42.5931881183071,49.6557394773948,39.861781759557,43.7120346224155,45.795297870759,84.4301040147658,84.3646878729349,92.3026023234205,75.944523391084,87.2241770296831,96.9751094973467
64.816659694658,65.065852081675,66.8492302359134,60.7568335192624,64.6258306040288,66.9591566608162,65.8984840945924,62.2193266931095,43.6773417989996,42.9423343075016,96.439697383263,0,23.2443922825807,32.0001057207011,81.2805191045917,73.7671952691958,58.1166249501442,61.3715512326289,59.638022707493,56.6447951364769,48.458216764941,52.3265680596831,49.2753564811617,89.5489067914039,111.967152530355,122.417438834761,86.0081043452369,87.9448123080573,68.2725309038297,54.9267422715442,55.2157444385258,58.1266246674649,94.9065528473824,54.8472486649935,73.4831970570075,74.1539253432355,26.0516479872736,91.38369598085,91.6259531832473,92.0515439256597,96.8817199990731,99.8908653369268,102.996154465803,102.379063517115,95.8250181995815,98.903425541578,100.991914014928,97.9714131375443,98.8674905602244,95.4446746265276,97.4616781771931,52.5533486030563,50.9031720579892,52.3959687156047,51.1956882143731,53.6432034456778,50.7653230364356,51.0056559334593,48.6147377080078,47.0312461460547,47.6929256679962,47.8184660304368,49.3316508901007,86.5377407206732,66.5657448017475,58.6108483517842,103.228283511704,104.776629555325,102.791146345261,97.6204012886351,92.7258268106888,98.217262160585,94.9315167492467,97.0133096557648,92.7371775591507,64.1290198744284,65.4350373384646,94.1715178489528,53.2570839001627,63.9317567547072,44.7033194986954
65.9959078809635,66.2367336280329,68.0208238418422,61.9377464747568,65.7989955567986,68.1247356839296,67.0599921895669,63.3771957951326,43.9307545800982,43.5660146481591,97.6258935033303,23.2443922825807,0,31.407610688345,82.4708776567278,74.9541585201644,59.4956334029494,62.7661894471422,61.0362931036657,58.022347187648,49.6903728700633,53.5539025056483,50.503668294371,90.7173910376414,113.160528654057,123.609553348397,87.1702197838297,89.1075295846667,69.472185791374,55.9721703294166,56.2565666590227,59.2169852205793,96.0979040574366,56.0649242560805,74.6686532780075,75.3388376059926,29.7382172788254,92.5710138682068,92.8134253344902,93.2389492702577,98.0681611467062,101.077308460241,104.182431574719,103.565350279491,97.0116595579383,100.090355130973,102.178666516188,99.1582155094752,100.054276943945,96.6314269819101,98.6487438836025,53.8466250109232,52.1879540048719,53.6824056890873,52.5038696627568,54.9005327554583,52.0231265559723,52.2680161812549,49.7837570185474,48.2571111472593,48.9152424947965,49.0405601827433,50.5492685530419,88.0841534936975,67.7050972157983,59.7486453703099,104.416899099969,105.965412940949,103.979848861163,98.8090137902552,93.9118032808854,99.4032312043655,96.1179355694135,98.1997496923864,93.9227847861449,65.2849447242421,66.5933885622549,95.3522908125673,54.4204745538867,65.1296799940082,45.0959019118041
67.6129666931036,67.8445607880646,69.5879161188602,63.6048290371545,67.4614416478367,69.6474200090701,68.5452360951763,64.8960969481937,40.9572610358831,40.5684059853669,98.9452422566175,32.0001057207011,31.407610688345,0,83.9040268788737,76.3493058784729,61.6485236761965,64.9285711885286,63.217793280553,60.15764040185,51.4419431132689,55.2727839383335,52.2344325467372,91.8702273878709,114.572330326648,125.007055354255,88.2018083621027,90.1848956860703,70.9825282725124,56.6311917126347,56.9542817645209,59.4120019797598,97.4954580707375,57.7250723054898,76.0528839270457,76.7232480698695,34.1198505557544,93.9110757028255,94.1554593849547,94.5791763606549,99.3966487768385,102.405073413535,105.508380927986,104.89065230143,98.339021287031,101.422255576387,103.507319911191,100.488215816497,101.383273374948,97.9604680525464,99.9826446839705,55.7862115927023,54.1090183513038,55.6000797055364,54.4909387212415,56.7227785928772,53.8513635909922,54.1143602419278,51.2231593177674,49.9924920218383,50.6351791265634,50.7680031089264,52.256143990824,90.4887634954044,69.0468146913358,60.8290181449027,105.771718830982,107.322443542666,105.335880693732,100.163924482321,95.2295338759777,100.721215481186,97.4418879263894,99.5242721779591,95.2348087380788,66.530277021986,67.8332013059465,96.66754167384,55.7945108700467,66.7124298895063,45.9023035850268
76.6600980622711,77.9196369945141,78.097489030685,74.1843248424167,78.9193239861008,77.6472304559657,76.0376658431588,74.1600030440433,87.1937543663169,86.15218270521,84.9474829444312,81.2805191045917,82.4708776567278,83.9040268788737,0,48.7528231516444,78.1504909764572,81.3616066809264,80.1921275226065,76.0969613941654,57.3118321560894,59.3247990798643,57.1936677298373,91.8013611465405,98.5276025368975,108.9639177913,94.6374780546839,94.8403032549902,54.3215418580662,80.006704745876,79.8784087329501,88.7797399779082,79.461911503582,58.5980719420735,52.7375628030958,54.4329590492114,77.3171125831327,78.6424752128717,78.8282389152757,79.4187624249309,84.5506309137797,87.6547529468856,90.7958944676322,90.2711048188441,83.884041786224,86.7477245104321,89.027826398864,85.8969389155524,86.9034439449159,83.4299753154336,85.2239779207282,66.9356260247846,64.88045076552,66.0300879138992,67.1201864245591,63.7595250117538,61.3243153887316,62.3435976487518,55.261252443489,56.0043384558398,56.3230488655666,57.081578419396,58.1860918946839,111.677644139248,77.4470255731057,70.477622080281,90.3567267908933,91.8470398480207,89.87850251762,84.7284452215458,81.1875642538166,86.6419761324408,83.144844582072,85.181502496255,81.4785317713829,69.6953128799593,70.0250622997966,83.0522381127703,59.0161900037623,68.8308245033499,81.9476676446355
69.6181510348687,70.8202297769409,70.9843923339824,67.1592623815122,71.8492977436959,70.4645916911493,68.7922066187074,66.9343651935516,79.5895642178664,78.5326324958913,73.8313798755956,73.7671952691958,74.9541585201644,76.3493058784729,48.7528231516444,0,71.2970149229084,74.5204521871058,73.329206097504,69.2677803226619,50.8469124023846,52.9898503778775,50.7806421257488,81.9059995153692,89.547189497706,99.5485951548377,85.5617848711247,85.6174059435469,51.3716608420006,72.1045691722272,71.9815135198355,80.9318311429891,69.6598165961109,52.5007102952145,30.7614546034917,35.2043810867573,69.8455171936452,67.554900659648,67.7902405312263,68.4102412452744,73.2091161612966,76.3535991165834,79.4290837115077,78.9476309049712,72.7940276556172,75.7048723184914,77.9787775691115,74.8280458883357,75.8694386278258,72.3615290125393,74.2107796466929,60.278782941565,58.2326476320274,59.4074779519903,60.3970335597651,57.3128002154177,54.8448707976514,55.820220376567,47.9889938010904,49.4796686998766,49.7900616323966,50.5001977441118,51.5857150599174,104.70502786546,69.8935451441225,62.1807012079442,79.7797678323673,81.3197889205708,79.3241960117397,74.1443691837407,69.9521055895299,75.3878494126199,72.0140417335943,74.0425911090035,70.1855515380637,61.2061527957107,61.3090702245848,69.7440655158542,51.4526614424783,62.2320340320864,74.3658584725411
60.9162864811088,61.7645433974596,63.6943795834892,56.57250145897,61.003205879172,64.4356407401005,63.8611186140288,60.1725884422766,66.0826701605135,65.2345765616776,95.0368217867538,58.1166249501442,59.4956334029494,61.6485236761965,78.1504909764572,71.2970149229084,0,33.0160182188949,25.1997702974987,24.7621053689405,39.2997095585118,43.7752701448297,40.5885549432153,91.1058392851525,108.965767367524,119.670327937923,89.43563523229,90.7205550164427,63.6726795235271,64.8370115413581,64.804288372775,71.7904816729233,92.1955681138165,47.5239202598537,71.2256458912414,71.9180742314254,53.1703706009312,89.6443219541782,89.8525012395401,90.3060532018808,95.3409411442749,98.3600687420594,101.497696739102,100.889221322832,94.2913989054158,97.2942392812574,99.4355419412902,96.3941442929641,97.3048869229632,93.8829087159143,95.8187944711277,35.472299548275,34.9411731005964,36.3007021530147,31.7216757811466,41.3474516180453,38.3964453710299,38.0438899272147,46.5085648308823,38.6181975045123,39.6913285160647,39.833967981345,41.8538413635649,70.2666924895573,66.7866959115503,61.9738685304091,101.227343619013,102.737660830153,100.769585545488,95.6183456768542,91.3547678965463,96.8429644259625,93.4549156040562,95.5278526875399,91.4613340352774,64.820588550241,66.1196467664364,93.0433611970298,52.0871155996886,58.7759051021138,61.198710922658
64.3342372044529,65.2011110438124,67.0924665600162,60.036103624607,64.4839656664873,67.8173171859221,67.2287544502409,63.5734534020649,69.3947273551834,68.5421613107376,98.2622688934699,61.3715512326289,62.7661894471422,64.9285711885286,81.3616066809264,74.5204521871058,33.0160182188949,0,27.5399971547182,22.3350152866567,42.4394499967677,46.9001930862523,43.7352688677771,94.39119706754,112.155819339624,122.866640484827,92.7404429435751,94.0209374559455,66.8434313143479,68.1905112411761,68.1597234264481,75.1289176752023,95.3961517295851,50.669667897495,74.4549097799487,75.1497300275249,56.3891863840678,92.8641168672074,93.0715523308743,93.5254494599091,98.5649410412486,101.584089514284,104.722492552083,104.114004411658,97.51459260333,100.516008103926,102.658204451345,99.6165380425404,100.527389086029,97.1055563821899,99.0398953464236,37.5244846292564,37.4226424697536,38.3730526298233,34.1799422442824,43.9940583602615,41.0942573722572,40.7101450750835,49.8241280223468,41.8367634889393,42.9245092027989,43.0941586225301,45.1252274156978,66.2144770596425,70.137102642529,65.2993094304047,104.440859681602,105.950354492812,103.982675149055,98.8318757695292,94.5811993399684,100.069412713243,96.6792047970516,98.7520263544077,94.6895678496291,68.1252268675464,69.4197365207959,96.2886880645685,55.394103785533,62.0395914695369,64.5645878640814
63.0291482925172,63.8678441292172,65.7860170237368,58.7018559321953,63.1226545162187,66.5097069488754,65.9215821173894,62.240317723413,67.7127117931339,66.8652687621663,97.0487742473243,59.638022707493,61.0362931036657,63.217793280553,80.1921275226065,73.329206097504,25.1997702974987,27.5399971547182,0,22.6035105137757,41.4483425315422,45.9045427604555,42.7284873246481,93.0768279561248,110.998518812617,121.699957047798,91.3758049438637,92.671959172014,65.7314894134122,66.6617667997221,66.6348349853673,73.5489223443063,94.2257627881074,49.6327386959021,73.2553257564453,73.9480102115505,54.6321215507542,91.6611738966997,91.8698003733198,92.3229090795147,97.3551484479912,100.374088834228,103.511311682376,102.902666015155,96.3052379219174,99.3091339893488,101.449669631907,98.4085997095335,99.3190894112726,95.8971365741635,97.8341506121721,37.4118483360988,37.0218203897432,38.2205109551673,33.8899466030018,43.3900252275889,40.4609403941437,40.1121890102815,48.5587222058978,40.7763106117684,41.8446911535187,41.9957260795646,44.0074539549514,68.0602452211506,68.7967263075054,63.9185778568535,103.247461280503,104.758279250728,102.789980414873,97.6384891319997,93.3663845747044,98.8546484022848,95.4679638489074,97.5410393002278,93.4716218229195,66.8123023801505,68.1104823383664,95.0554972814204,54.1161474851069,60.8757162030851,62.8929732989224
59.0382463230241,59.9186121090428,61.8139107893147,54.732814803889,59.1942055277708,62.5532249506642,61.9756020517212,58.3196632140131,64.5676121434383,63.7137381259348,93.0306277733592,56.6447951364769,58.022347187648,60.15764040185,76.0969613941654,69.2677803226619,24.7621053689405,22.3350152866567,22.6035105137757,0,37.0490884901955,41.5276984129506,38.3557897508238,89.2126174355598,106.896333456098,117.61151110014,87.596916314424,88.8651436469214,61.5536278496631,63.1733429163695,63.137032693574,70.176361231807,90.1412390447792,45.322994494181,69.2059013822142,69.9009119104935,51.716794992877,87.6264186172378,87.8332585206932,88.2876725648798,93.3307286960033,96.3500720466649,99.4890336645285,98.8807167932743,92.2806048204844,95.2806764231936,97.4238226636447,94.3817715781576,95.2929009556112,91.8710696295628,93.803967804722,32.086851612137,31.9232044355976,33.0008775188487,28.4110952713804,38.62340263868,35.7055155613435,35.3064563179231,44.5709475939284,36.452793941002,37.5486014004463,37.7150978857847,39.7570128693908,65.6095835989089,64.9315503179914,60.1551124211105,99.1986540195782,100.707483962519,98.7401068133933,93.5896463983005,89.350085296424,94.8382331959031,91.4462289518852,93.5188877178178,89.4601471920618,62.9292763959157,64.2238022009921,91.0606089193427,50.1606861921203,56.7253848839535,59.6812543953097
42.5519473198024,44.0201001287293,45.2463041210022,39.0124134137353,43.9936199850349,45.9383510349591,45.3068532376535,42.2492729774809,55.1777907195517,54.2520966477755,75.1626797083593,48.458216764941,49.6903728700633,51.4419431132689,57.3118321560894,50.8469124023846,39.2997095585118,42.4394499967677,41.4483425315422,37.0490884901955,0,15.5949016467448,10.5277385268307,72.8713219343694,88.2708997824699,99.1044636724441,72.1510853551746,73.1292101715563,41.9720473848655,50.7415270419911,50.6265259820309,58.7694007014189,71.6375956078605,22.4321373908425,50.900772901893,51.6084630017241,44.1289781146457,69.5955363473857,69.7860579814691,70.2542521174958,75.3953550229437,78.4196680659355,81.5741433032436,80.9701266402456,74.3495465209973,77.3132202430605,79.4819152435377,76.4296633842894,77.3480417549312,73.9264709689699,75.8203208797499,26.3654779119761,24.0746496810266,25.2749907417446,27.0275894216427,22.6958891927503,19.7389575826599,20.7227603357905,26.9680725489865,11.8908583136363,14.0496864815822,15.2911953165725,18.0178060072559,73.9805250818617,48.8696634878115,44.9266104726507,81.043929482801,82.5346392377352,80.5755127754435,75.4343069136581,71.4972513139903,76.9837950457481,73.54261788054,75.6109657814428,71.6532860879246,46.4086241317286,47.6558534412537,73.348673260071,32.8553754857393,36.6358485437983,49.8627702928548
46.2937358029354,47.7892205248517,48.8204091668836,42.9619938407645,47.9449132480561,49.3718854753111,48.6263512469616,45.7618784500566,58.9613009477061,58.0243080090941,77.4081119791716,52.3265680596831,53.5539025056483,55.2727839383335,59.3247990798643,52.9898503778775,43.7752701448297,46.9001930862523,45.9045427604555,41.5276984129506,15.5949016467448,0,12.2877763402612,75.6255331952447,90.2538763686961,101.130581679919,75.1107664720789,76.0341239089043,43.6227170366452,54.2277915912271,54.1081738091297,62.3485630440447,73.6761582157881,21.5185783663287,53.0929169021916,53.8150843310359,48.0353899867938,71.7914139104485,71.9762829008844,72.4481935647549,77.6238354192852,80.6490631575846,83.8092106600814,83.2058582416745,76.5755836287223,79.5275697767421,81.7040578690812,78.6490341265205,79.5690651094854,76.1480987374007,78.0293413857796,30.9208784751233,28.6929256587201,29.7906737405569,31.6093870140916,26.7416834882212,24.0132064677701,25.1824062794627,29.9217267892738,16.8214965315936,18.1152635116395,19.7797561804585,22.0164891826956,78.3223143008966,52.0527527998526,48.0188839421581,83.1947710769042,84.6792583957268,82.7230383084273,77.5850813427936,73.7491199496581,79.2354701504853,75.7775512163827,77.8447240137032,73.9199616740423,49.2758565302479,50.487503756988,75.7133065778817,35.7168177411607,39.1743918100171,53.6474597293671
43.1454014254957,44.6513147003315,45.753649228807,39.7437738044677,44.7438518281619,46.3770116194021,45.6908103635353,42.7471658099504,55.9389758067149,55.0066747249421,75.1666078747233,49.2753564811617,50.503668294371,52.2344325467372,57.1936677298373,50.7806421257488,40.5885549432153,43.7352688677771,42.7284873246481,38.3557897508238,10.5277385268307,12.2877763402612,0,73.0645409821851,88.1905448566728,99.036827329445,72.441825840853,73.3914262097946,41.7391676164623,51.3152346403729,51.196591937816,59.4040425836312,71.5674072239142,21.0583024637294,50.8507305213648,51.5606094933134,44.9715936156805,69.5805908717243,69.7692613913521,70.2391010587782,75.3913253985915,78.4162434608617,81.5724817075314,80.9689913984732,74.3462027031094,77.3057012300481,79.4773509899098,76.4238994101143,77.3431496900226,73.9215776135234,75.8109532011003,27.8125092850012,25.5584657652891,26.7299802922734,28.4348264566661,24.0430229772205,21.2028675518462,22.2476570059236,27.1520536424217,12.2835055476119,13.9574353367836,15.7811454735722,18.2768519118653,75.1741482513171,49.2144750926415,45.2658404286608,81.0152269074727,82.5038991146589,80.5456911216316,75.4055175728625,71.5028602102444,76.9892091349194,73.5424187264519,75.6102619548437,71.6641876357268,46.6202644165977,47.8552996500737,73.3751446343122,33.0221846413097,36.4629624380644,50.620156885818
89.0115095321325,89.8267985588911,90.1014489496405,86.4793968081837,90.8736355704088,89.3104726114903,87.3964012924827,85.4049012869628,94.8013466265276,93.6435560329247,100.222700837883,89.5489067914039,90.7173910376414,91.8702273878709,91.8013611465405,81.9059995153692,91.1058392851525,94.39119706754,93.0768279561248,89.2126174355598,72.8713219343694,75.6255331952447,73.0645409821851,0,120.528568506237,130.223475365594,86.6246040817464,82.9806249215233,82.7622273137961,85.4146174032654,85.3369833547059,94.5646624379749,102.718500077852,76.1921233433581,80.9586103015798,81.7318628658092,85.8889417507343,96.1284564346626,96.4777621656553,96.8245578529606,100.9925662235,103.981868103693,106.975054444799,106.343848653978,99.9762842038456,103.278725530033,105.21697618229,102.250741989866,103.113497081438,99.6803186757153,101.938501655608,81.210793979859,79.2218943087801,80.5257874882766,80.9638544738655,79.3727679418149,76.7350164999205,77.48014925196,67.040020931085,71.2717699325272,71.5833969157238,72.0603592631764,73.1165711025706,123.786912130287,86.6299302718051,72.464935773662,108.789473495458,110.452600837506,108.414363439309,103.184462426702,96.3762232988145,101.870024061213,98.9120087162002,101.016302235255,96.0941915411182,72.8822928595966,71.5939107602799,96.0636509026053,69.4494760369128,84.2584650042816,89.7463055591349
108.200625151463,109.395673319169,109.731819217076,105.573266022959,110.265897227898,109.365009815702,107.827599804912,105.766180443507,117.845614873842,116.790853345043,92.6953511821696,111.967152530355,113.160528654057,114.572330326648,98.5276025368975,89.547189497706,108.965767367524,112.155819339624,110.998518812617,106.896333456098,88.2708997824699,90.2538763686961,88.1905448566728,120.528568506237,0,66.4048631404076,123.965639234565,124.162449124665,87.5734914595599,110.592023756713,110.486466993661,119.28560048566,83.5539001311695,89.6928008118595,90.6959878733794,92.7438944794012,108.021025093443,84.3376727479662,83.7382341417826,83.9279302609136,94.1558556591147,96.8546415398208,100.892162521981,99.9349997269452,90.4817691259344,92.2963049021898,94.9347747242024,91.9721656184836,92.5603243517053,89.5801580599029,90.1824495559822,97.666609046664,95.6278207684935,96.7243407084825,97.9076845243574,94.2066581531625,91.8750193498561,92.9670283696761,87.4663317160458,87.1579025610763,87.5699017469063,88.3353170886269,89.5522833270688,142.464866238046,109.112610992523,101.236299444781,86.4755953245891,86.8668518920122,85.5537193904534,81.0968991934753,90.5724206595755,96.2170217262105,90.6057484595064,92.6929228026906,92.1399443085226,101.223388440095,101.456406365957,112.285043469279,91.3036636929618,100.996465820401,112.653660746088
118.80270745624,119.981035187957,120.306710479264,116.18722494094,120.866058484739,119.914252312429,118.354379006934,116.304932533949,128.26187464385,127.20129940791,98.8678656824796,122.417438834761,123.609553348397,125.007055354255,108.9639177913,99.5485951548377,119.670327937923,122.866640484827,121.699957047798,117.61151110014,99.1044636724441,101.130581679919,99.036827329445,130.223475365594,66.4048631404076,0,133.867044822549,134.034019979001,98.8083742460681,120.900825785003,120.797732725981,129.610875888716,93.6914963215931,100.620748933562,100.639863750992,102.736171865292,118.487042920247,90.4720215022397,89.7271761942965,89.7149439508124,100.972572452523,103.562590978934,107.775439125464,106.707295818852,96.4920838255716,98.1108642384979,100.762413571405,97.8951944206355,98.3140654272509,95.498510299757,95.8707769166405,108.454038897794,106.41722641477,107.527956807937,108.665075283428,105.09880891548,102.744733794186,103.813763355785,97.9726619530556,97.9548580045729,98.3565456533801,99.1060919523684,100.308582143159,153.124254852982,119.544636249796,111.433251386929,89.4679622217092,89.4230920601037,88.4513258817161,84.3241378676087,97.1589459822786,102.854058714135,96.7884447752003,98.902595127454,98.9647668311774,111.428172652504,111.610816261904,121.75948490071,101.734037730521,111.693884633613,123.078777884812
87.6076012209304,88.2472414294866,88.6781306446894,84.9444399838842,89.2028927582318,87.8718095031924,85.953474367976,83.7557448769124,90.9840436581114,89.7730259491679,104.856372604876,86.0081043452369,87.1702197838297,88.2018083621027,94.6374780546839,85.5617848711247,89.43563523229,92.7404429435751,91.3758049438637,87.596916314424,72.1510853551746,75.1107664720789,72.441825840853,86.6246040817464,123.965639234565,133.867044822549,0,71.2220051618467,84.4046754497751,80.6338101621008,80.5950135149984,89.9254423750004,106.408060031704,76.0322284738229,84.8661269087079,85.601637055439,82.4752024162556,100.603685746119,100.92371775173,101.278633589766,105.641732738303,108.624022682745,111.655416696485,111.014792501287,104.550583356721,107.806031064473,109.768825412795,106.799708479715,107.658137234675,104.235884851745,106.442507807287,80.0086218496582,78.0484582803921,79.3943442586681,79.6193542878277,78.5853779571182,75.8951402731261,76.5597071881486,66.0942034426331,70.511586769521,70.8479967815631,71.2482829253135,72.3305434800385,121.779842350455,84.5821744960184,66.5810590748956,113.025273097828,114.659666287162,112.635384815083,107.421055983014,101.071847926247,106.571815374574,103.523772137847,105.627173334408,100.857548081982,72.8944938745142,72.7007018522928,102.32297912638,68.6253315502218,83.8558819107043,86.0384144106406
88.7041662040045,89.3967615213694,89.7582787487316,86.1019663354784,90.4025021170695,88.9339662887613,86.9946661407997,84.8880131976382,93.0185784602621,91.829429068426,104.90566157866,87.9448123080573,89.1075295846667,90.1848956860703,94.8403032549902,85.6174059435469,90.7205550164427,94.0209374559455,92.671959172014,88.8651436469214,73.1292101715563,76.0341239089043,73.3914262097946,82.9806249215233,124.162449124665,134.034019979001,71.2220051618467,0,84.8514659707423,82.9696296969302,82.9056962330801,92.2700897603729,106.550927414646,76.8595590151574,84.8607017427699,85.5870369673021,84.3659268756863,100.655787690492,100.979675247784,101.336047283197,105.671453490384,108.65679802858,111.682097940191,111.044945325644,104.60085987227,107.86005662175,109.822435734993,106.851664389322,107.712952292893,104.287885262399,106.498849088248,81.1448286391452,79.1743883652996,80.5097479432685,80.7983388292744,79.6028877387994,76.9250533033209,77.6116227840717,66.9359097965782,71.4907184541942,71.814675548889,72.2346658649013,73.3014237394394,123.181214726376,85.7317715574029,68.5523259088418,113.112991359932,114.750855912606,112.724721736089,107.508346223851,101.109122306194,106.607205654891,103.570711935581,105.673356199398,100.888402704344,72.7427828615473,72.10802691682,101.949075041757,69.3422775652465,84.6775193826843,88.0148026808737
63.0614850988998,64.4100587816234,64.7213051952172,60.4494631224897,65.2606418835614,64.4819332701665,63.0592449212978,61.0193593461773,74.3780327155528,73.3654707813105,77.4610932990651,68.2725309038297,69.472185791374,70.9825282725124,54.3215418580662,51.3716608420006,63.6726795235271,66.8434313143479,65.7314894134122,61.5536278496631,41.9720473848655,43.6227170366452,41.7391676164623,82.7622273137961,87.5734914595599,98.8083742460681,84.4046754497751,84.8514659707423,0,67.8345380279498,67.704380878185,76.4524843878835,70.8724996195704,42.3248526563534,52.6087602209157,53.7634559637006,64.2212580875768,71.1830841056351,71.3020411646734,71.8341253129281,77.410480645042,80.4551969973491,83.6811406872496,83.093964924655,76.3770416977091,79.1828415125283,81.4624431810036,78.3658339459232,79.3159388423233,75.8952628199653,77.6198834125551,51.951139497427,49.8827706745428,50.9455860953391,52.3219380701704,48.1310931400433,45.8225182061835,46.9840119432453,42.6147810934892,40.9311388409909,41.3298391708871,42.213198429921,43.4378910614838,97.4626625312741,65.0650039685329,59.1921355994135,82.119448519862,83.5347893915947,81.6089980928365,76.5054733782282,73.86718130772,79.348072388588,75.6892932603337,77.7392666222726,74.2254982313994,58.9955318697564,59.6710786593775,77.8054887076607,47.0143779043686,54.6492972288815,69.1062057791302
