IBR/IBR_outputs/all.combrep_1/Silt_Total.Spinifex_Total.VRM_Total.WeatheringIndex_Total/Silt_Total.Spinifex_Total.VRM_Total.WeatheringIndex_Total.asc
NCOLS 160 
NROWS 95 
XLLCORNER 210004.651214014 
YLLCORNER 7350008.22228844 
CELLSIZE 4999.99999999997 
NODATA_value -9999 
[rows 42 to 62 of 95, columns 92 to 137 of 160]
10.7111389869705 7.60993928660997 7.85534464347103 7.25045940019578 2.44686501662287 1.98842205952222 4.09343284873887 1.71831712790044 6.65867724815922 19.0442348020831 23.7765547831626 19.9625365845765 12.0539131600085 17.197155179472 11.0579910371541 4.97307764118686 6.98343822748101 6.69529536980233 5.12119530214447 6.78139979155075 15.3009008950866 26.8427691009116 19.5086109876515 9.98843725837014 7.68050252874116 6.95664771678541 9.86297146308109 10.3923230352231 16.5681250772274 15.0384835516881 12.2803880406698 18.6845551724108 15.5929403477485 13.4241411852322 16.1615753635446 9.1148541479306 14.2472843720612 19.6111111678567 17.2188236560955 15.3265248179592 9.80674050687589 3.84616276266342 4.81958469638745 5.73988502803594 7.69440513401412 12.4034386187874
7.29373402338902 9.85314865659587 7.71941341923757 10.1468327442363 7.220053168097 7.05906758122165 8.28984898755074 7.98534958968057 6.64046878753521 8.32895088376042 14.2277822099571 17.0444595608697 8.20501306663549 8.05879139094769 7.68262036422484 5.61476517717233 6.59979095043851 5.99232230634899 5.41167501621812 4.89591686774141 16.241897683215 20.7326607200111 20.9783145419559 9.75953693925356 8.36423065554593 9.54894187505551 6.89301607965207 8.59669540559843 17.9354473348251 13.4053026171657 13.2329107639649 13.1735419382927 14.7001897783705 13.9759155044389 13.8967522090551 16.0748630886231 16.1723891082822 10.8962187792612 19.9853233489183 15.9371386325155 18.0859085688651 11.7401515145642 10.0227754465181 9.57537163798799 9.41474135749133 11.3123089524319
10.5357892607095 11.7340446845134 11.7348905762954 10.6382914710229 11.1829634108158 5.86984731897762 6.90164961807196 6.03349622025616 3.75344046542069 10.4585715432409 11.5764261244899 17.9999966238725 7.10308137897603 4.67349585334294 9.24527508968787 5.56645174052637 7.12551328598011 6.24127190238406 5.97599763947364 7.54880585466123 18.2989120718235 21.9319318662815 16.8934013645857 10.8115622075393 7.51726936480117 8.1346278320594 5.7329305636359 15.7112855921683 17.4189092968968 11.2153098564177 14.0509320789289 9.45820240276069 12.8455804847675 14.0021416981796 14.2300860159423 17.2129561312923 18.5646758212378 12.0217398947578 20.6214527376909 17.3749382694205 15.7807217262238 15.8586506300443 13.5597048709967 10.5384779265581 10.7956709789585 10.5088734163341
13.1704498625594 13.5406707777694 10.2304232418452 8.63057086327557 9.68375392929421 4.58817633028423 2.2760328789634 7.71257909507875 5.04827938023174 5.79093607073751 6.45774960847022 17.9974711169988 10.5323034305386 8.46132442119359 6.26952726633209 10.6240566660993 9.67428728532396 9.44275352649072 7.9151612574384 10.4285082451665 19.451464650996 19.6287353071056 14.1426009597106 8.91213784389516 6.85681048556089 4.92386260494648 5.47245488025075 16.6869996636819 12.9429175915595 9.52244528029204 14.0429359128891 12.8142574706076 13.7157260863326 18.8535876332124 16.4796336997015 17.3467943773464 13.9314289769287 15.1193692898294 19.6974441443753 21.1317530508211 22.5118622131649 12.8052142000905 12.1407881637427 11.8995765338947 12.4562183945709 10.4540631358222
15.3502818279447 14.0831531346401 12.2618758034273 11.3401659389194 9.73035878975646 3.99240513195047 3.47494343628438 2.97680952132063 7.607488534843 7.33653284558524 4.81733510149274 17.1161947392069 9.42491404626565 6.65959055232352 5.41239683303241 9.81192728656456 8.63519831342324 6.35275103036883 6.93540345941621 12.417379500785 18.958822884757 20.0323191539362 12.4581743922693 6.3936521134676 5.95624786847999 4.93623634993079 10.8687173760335 12.4297391974147 8.36323790332705 10.7759911755712 13.3444400969594 15.1884268028273 12.1539331865372 12.4253878506954 13.930940765758 12.3526483554205 15.2772925651071 12.3245463066665 12.2494812825589 14.2215127264858 10.3079911482711 9.78570960768306 14.458098249374 14.7910160890162 12.4448906391987 7.94182984800937
13.3726435362562 16.6179286049562 10.6295502803924 13.5336175367766 7.78254780902781 8.65682175256385 5.47708689435485 3.67263124856762 2.87445577451429 5.88445314342978 4.61771942443977 19.1557141979145 12.1283978165103 5.51629351214608 4.85942391299292 8.68014651234619 8.68546042104377 4.96070895771823 5.65123564623732 9.09623367212223 19.8987762720509 22.9571617202533 12.3273044435055 8.92716877614781 9.68872234271365 10.8541811499736 13.8496885299163 6.35686539900199 7.03486136736032 7.16350023599485 8.12813065374987 13.6076946131062 14.547034339686 13.1554104363307 17.1156568063773 15.155496350024 14.5916796816008 11.7173936090611 10.124259845344 8.66997354319669 10.9798842453819 10.9394759599617 15.1603941197434 9.09384936005652 10.6546691935244 8.68476796043865
13.933923421575 16.6076991358193 14.0389573271596 12.4526957748057 7.8568492338782 11.8720466814537 5.925675361194 3.80704275718049 3.87717562054722 5.38348781993753 5.6463798357483 19.8792138049242 9.53800348141516 5.99789305864017 6.62249690503628 10.8352020829119 6.86182946912129 5.11097989966397 4.78060247103596 6.62125545683309 16.0473207412144 17.8723717602666 18.6284098726158 16.7340673463641 15.4421874252683 18.5102004287665 7.81946575915819 10.0696583005689 9.14884240793426 6.9564490929762 8.66488736720726 13.167512035194 12.2076216954594 15.5514274244018 16.1995667841774 15.5996732211397 14.3710770523831 14.1327416293605 12.3532473562044 14.0959099582754 13.4467364380768 14.297517603904 12.8489806246624 8.89467727745406 11.6007434197676 11.5368740001615
16.313669487857 16.442028997688 15.7867008214636 11.7964128223161 6.37520994271366 11.7496671168858 4.90157146597218 2.74208058344336 2.20255630467381 4.26207219040344 6.45651424024872 18.0919941549598 11.6395116358563 7.83241847263021 12.4364133438308 10.7790100078908 8.03166939465546 7.04235008787511 6.40525458212125 5.63911367012949 13.1479461602385 19.3446521858359 20.1802245467124 18.1699491341219 15.2368345334983 11.6502203345841 8.09155343149888 14.6285989997544 10.0160663314561 9.31727844242125 14.309708618279 12.5216650072096 12.8434021692448 14.0956325297129 12.5628501887048 15.9673676187837 15.3631217967162 14.5789589308894 12.5631793550575 13.1659876842836 12.1441774775876 10.8445241182671 11.8876887731759 11.1147965729548 12.6693338821682 11.1949813695609
19.4494950091431 14.8402462271809 14.878046104884 12.152891608441 12.8042841797314 9.74949109741541 9.10985972501243 3.44664776946776 2.77476766731832 3.38798658273326 7.41994308217255 16.8658068365986 16.1644260206084 5.84386071400794 10.3513658036528 10.5352402928556 8.26234503003714 7.29650972712027 7.32516423937723 4.72713523694034 8.28068554335649 16.6918178091478 16.2951419997837 16.6238686208522 12.7430552929787 12.8849672231066 11.5474916634906 11.9084547389733 9.72297907762299 12.5647208272619 16.5121428690006 13.4268445018854 14.4613987714976 16.3217226908854 14.3780482246364 11.2713697765291 12.38887536793 12.3978765824779 14.3800531619804 16.0205619201778 15.4966509917555 12.2692279535709 11.5226713331463 10.656032516927 10.4060088699846 11.5116332537817
16.1441151871492 14.0089212129041 11.7099402626193 14.9436183191689 12.6519523796177 14.9393424007751 14.6809451738878 10.8678978790945 6.06476577368675 8.55015550804388 11.3672544549041 19.5438191929103 14.7950823663293 7.0072213616701 6.66678190330875 7.58148226448688 9.96334664330396 7.63581456149465 5.31390839303418 5.16442613731562 7.04106750682087 9.15911933692521 14.4267676438637 15.702879600965 13.7370814967334 11.3779702886379 11.2036048764783 12.9074260501322 12.4875216725302 10.7829310042063 17.0057398058795 14.7292312010649 13.3257338418181 9.10208434002467 6.32965389885511 4.85459800868269 7.34538263634186 13.0605654065597 15.2802632746427 14.0534751455758 10.9675954797706 12.2195057814422 9.21693155900073 9.97834492676183 11.5536783896576 11.6387182607281
24.6328386459634 19.6640529792945 12.2438691357323 15.9209924443526 13.1978148203593 20.0233630469237 20.2097552310895 21.0533550745446 13.5404669833403 13.2485785167575 14.411273095439 13.3616544536268 11.60590666199 11.4777064237326 9.34450067895104 5.15948223747127 2.9117617860438 6.20729072546993 8.27559980318944 6.5256865418842 6.31386892546422 7.16979402853578 9.76361685285643 13.9041459176617 14.022108136834 10.8306091779979 12.2597791002513 16.3856407821283 13.7404910950783 10.7025896353764 6.99470574312976 6.77257683746888 5.90786707697281 6.70891300326113 6.07549741494385 8.28436138262161 6.84985425575805 9.85826426382419 9.57582795704923 7.19444717226683 11.8568608358363 13.33708072486 12.0467866776259 9.47692063461167 10.6778113414068 15.7325395070157
4.80696963051612 10.1219248481126 17.1501483602072 21.2703406094792 20.3025957341008 25.9868679356002 16.2138533205658 14.3609862711926 12.3952428087713 11.3445763549101 10.5371647543058 10.8310446960333 11.4030665021749 11.480138882072 8.4941605036542 5.82366408001598 4.04815929667233 5.21055949609848 8.29957768453031 6.4582498200231 6.02196237075926 7.4284020955738 9.88890554833477 10.8445340121855 16.3157701691948 13.6837310361248 13.985344804656 20.2398885755537 10.4132937150443 5.87691356975092 5.22852900677209 6.02566714517528 6.51842425928444 5.9985966694035 6.6710604617628 10.4526656520819 13.0303017672414 13.3164130755413 14.6422661863522 13.828920636356 13.4534313817295 14.8867993476464 17.1931237716574 14.2731691229421 21.8889863589045 16.2970199286709
10.6063114144937 9.68344065369844 8.05165896561131 8.8099364118963 9.75218422811493 12.087508887401 10.0959907930573 17.7867889907289 21.3191882830262 19.3728585974867 12.8905012079039 11.5345860651134 11.7121692329208 7.68269021443527 11.376380431428 12.3461193182887 7.20671937430775 6.64410984606712 9.33297262454302 9.09955879693554 8.6451976302529 8.24774332237687 12.4355432171252 9.30115351336758 11.9940888293926 11.2249254103182 9.91857774892723 11.8097165551098 5.63576448889619 6.62815317782738 5.79463501510184 5.92809381842802 6.81801089603121 5.97221458794018 10.5812609915395 12.0177137103261 11.8770533984383 10.6318229466636 10.0205915988551 9.84576194336656 9.85730767627866 14.315327116332 16.322078578041 18.9482966166784 17.5854494233146 14.6647013027384
18.1686337359797 16.4310758926117 12.942583230984 13.9737903856796 11.5215882994095 11.6175787323231 12.1527457424763 12.1437412205674 12.1649651217806 11.0183475109261 11.0973989734296 9.91768331403009 12.526304197938 13.5279283253059 12.151444518409 12.5201868047432 11.4689229218161 9.42894195658517 9.13093518795643 8.63219111663913 11.4546396562604 12.2425754983252 13.1311469482782 7.47315171185362 7.07483750102656 11.7439371171048 11.0147323169587 12.9975966187963 5.20709746620577 5.73718002401014 5.02221008964312 5.17700354464336 9.35259632698124 11.3039728558974 12.9940672896881 13.6630245345209 14.66957206536 15.4385814918893 12.2050561799368 10.7732494049522 13.433911853569 17.6449866651356 16.554573302498 18.2836587745286 14.097197409982 13.8637808810841
22.4584340565248 18.9959848194034 18.809456026022 18.7405347080272 16.1883230262587 16.2342184748392 13.5188196615227 15.2806277899943 11.9880618158426 13.6933180210569 8.34232173739997 8.88233141798276 9.63853674526849 10.9897211328809 11.451468294393 18.7017126729946 23.7569420039738 12.3254863259665 12.7788564814677 10.2727943454558 9.77880445352789 9.85904951971137 10.9615022832776 11.3577574324206 17.1881783589065 16.8679847523939 14.3358966174944 16.4903461618569 8.4736157745309 5.97870884123979 9.17424006964898 11.7258651560761 12.1248388734339 11.9127030941006 10.6909897240587 13.238815734048 12.853408881307 14.4490377439448 18.084904430563 17.2376771785787 18.122772804313 16.4847582078009 16.3462809397037 14.7098252482041 15.0294599037554 14.7591820968651
19.7793497447676 21.4287257323138 19.9527876537472 19.2480270112857 19.1999643492777 19.3174009047555 18.830545612619 18.9899855984094 18.8757751996175 18.8699388414469 17.0945040209425 15.5807725307924 15.3515386617154 9.43690992084947 10.9202575875594 11.539568597955 11.021992050655 11.6810999960134 12.3687383103111 10.9677389220109 9.78627321606305 10.6810356180974 12.6389810373424 15.8175832572749 16.0838971797815 19.777300993396 12.7235786201962 12.7076824927614 9.37634943563362 11.3137447346315 11.7452068952447 11.6668335289951 11.4390215251499 8.14898066837405 7.0883634808178 16.463906598651 13.4992263176277 12.0720006088827 12.0711159456155 16.6374541589866 14.990650876303 12.5581890478893 15.8349360157294 13.9577665506166 12.8636032232561 14.2549577503689
17.6340309517444 18.8227718219591 19.6018445703698 20.6180863096816 18.8292053435542 16.9951136198096 19.9483121871912 16.313675950287 16.473818102847 19.434817634202 19.670129532391 18.8486793213251 18.9490241304378 17.0046698904927 13.040055603166 11.6813364088586 9.92193511307546 8.95035544669421 9.53851490667533 9.85437959642091 8.20788920234576 10.0727202747252 12.9508108516705 12.8869827747002 8.85314924543818 10.3031823763154 14.6572714445878 9.89133623189525 15.3933655766632 18.5999750690002 12.6024200804208 12.5132311256854 11.1444949344174 9.27185538775868 7.96353507803174 15.8562990903856 16.2405091017035 15.3334030946282 12.5555588084444 13.9934583222006 12.2971872085621 13.9317026944389 13.3464641805892 12.8745614477829 9.48753480144521 11.761243178118
12.8984855154939 12.1240166028196 12.7751430980721 13.9325825607582 18.3814775994714 16.2757913898101 18.6983909632414 17.1605049903109 18.4423328616867 26.4484451830327 36.1081982445811 23.170174412533 19.8119787361173 18.8369864739622 18.3676880359921 16.7682618922926 16.5519989472021 14.804911443574 12.2644786711632 10.404559056937 10.2023551274451 12.5669079334023 13.5409357776283 13.2824275879652 13.1953545057395 14.0438695901388 17.2301434866224 8.13582533890685 10.3373976884035 18.3304637962951 16.9091835208419 12.9302956928388 7.03500146566438 11.3634754408736 17.8093992844041 15.0684669832174 11.450489953632 12.9915755720231 14.0442003233024 13.0069259612324 13.7953271742745 12.3236480177253 13.8347391404292 11.7486030412178 9.83910481671884 12.8636547678238
28.3555351804085 11.7009209464535 4.80833041717629 4.91079901367297 9.10677883065931 14.8534958867442 16.9658508279735 18.2856564658267 19.8708015937632 25.4776850688106 48.3983600977686 53.7207409398111 32.2262780188668 36.6809352796706 21.7683655551333 18.9223762474153 18.6698358109348 18.6951302375041 18.6545925957008 18.5982596541581 18.7450930208333 18.6349277016194 16.939407094576 14.9063483435766 13.4139567646347 14.9017292416872 15.6863210516775 16.0371490886254 8.84834950783365 10.9282813694784 18.2041157853241 18.3930977720308 15.472489787404 17.6059032984851 14.8795197322083 13.755139160711 15.2213080295357 13.5072699876156 14.5718721872517 13.7799623495191 11.7067326319787 11.5789600252149 12.3407164507155 11.0452415186209 9.24251850380043 13.5983578659012
30.7778213433907 27.8289506448111 32.2650466782185 16.5293348393558 9.01996585101708 4.50366232277045 8.71002722409813 17.0973554889058 18.4262608027858 19.004446440678 24.0792616900841 24.0458287243161 24.7960705398172 21.5530169207419 22.6408688136965 26.5207328648779 34.5998964659097 20.2486589624931 19.2149688861149 18.8819571617636 18.6534802380877 18.8258351863135 18.8521496711583 18.6580088072546 18.5460629756529 17.3616497897413 13.6138855016541 14.9991404064188 14.1823985723252 12.9173506517564 17.1034338092198 18.8454261337892 18.740047312753 18.5555869626782 14.9330658872824 13.9815837320427 16.1399850128778 15.8443490916411 11.9090183620666 12.4670639635983 10.4069910687847 10.9898304132596 9.82575738253646 8.26296864652476 9.30288236726774 11.0162038788722
31.7733361767457 28.9687561588321 31.7683784365004 31.413510409916 31.9480824038327 23.6205065152928 15.8610912381628 7.46895871523117 8.64861147945912 15.3402740449048 17.8905215854553 20.3362787165324 20.5466712471165 20.033529207925 19.8730809860274 19.3351555513653 19.2693582728758 22.0213900768431 38.6950317118938 28.0444327287045 21.360804292317 19.1270767577666 18.6212069135706 19.1123715720007 18.9456160540064 18.5998349645138 17.8483487679168 17.3465741507732 15.0561985422138 12.7452423660248 18.4007246187389 16.2755874036695 17.2417526979171 16.5657091969487 15.0515439358797 13.1130438748242 15.3155590572539 16.4169357846356 13.193815296952 11.3945851271304 9.57192146748234 12.5008522364876 12.1592498580242 9.71508301705412 12.7105867184441 12.8239976989134
