IBR/IBR_outputs/all.combrep_1/Silt_Total.Spinifex_Total.VRM_Total.WeatheringIndex_Total/Silt_Total.Spinifex_Total.VRM_Total.WeatheringIndex_Total.asc
NCOLS 160 
NROWS 95 
XLLCORNER 210004.651214014 
YLLCORNER 7350008.22228844 
CELLSIZE 4999.99999999997 
NODATA_value -9999 
[rows 21 to 41 of 95, columns 92 to 137 of 160]
6.02801365412639 6.9455859499488 7.98506180243864 9.83000211256782 6.41170906653436 7.88355472851594 10.8649007586389 5.63415028236867 9.99158122721241 9.8812355034047 8.27112828624829 7.54531163647464 14.1429275476427 18.4705172630174 18.3389881206326 8.03830625338412 8.07399989667888 12.3711439141405 18.203043373405 18.5061301535449 17.731899278167 7.81747595554511 7.77041160999602 8.50471390860734 13.9366388621646 18.2213317378615 18.0428027078261 18.4683272652146 18.6173256859157 17.115057390753 14.5596312885046 11.2904035907252 8.37398180472039 20.4011320848833 16.5498658504064 14.7676023064311 9.44650269994259 8.52796140032119 7.96130398481595 9.61599335915238 8.61470151185278 9.53525589153466 8.10374424397267 5.98856040457078 6.05855133358993 7.00986892195957
3.9123382322747 6.93374887368036 6.68083812162303 7.72860121823032 6.73364683235082 8.63831701040948 7.88440312645617 6.33144737971234 8.02597376376261 4.53465353470575 8.75054729795371 5.65643541366823 7.58417618724569 18.2109221834068 16.6166200971784 7.76929288052842 8.47895880396757 6.6073379030384 7.83888241571644 9.82374245872027 17.5062617666095 11.8218427143214 8.2416326420472 6.48567166857179 7.42562785877332 7.84805758636987 7.46460008696854 9.75176336805784 12.6071525840605 9.49063703945234 14.4003689166348 16.7998944800852 16.7289169068742 20.0087563930703 23.8435497847146 11.474938360812 8.84303622568169 9.28847849581339 11.6062967144274 13.250561790079 16.7311071095407 16.9768448567547 13.5755780883508 7.81999028439641 7.61694313118685 8.48754987401867
5.72491163816014 4.01383849060445 4.75120568027601 4.22755838370465 4.29949587347646 7.55742451185071 4.81857371315316 6.11451292706707 7.47950394142699 6.26250710444189 7.14812154756405 8.76630202190066 8.73110344498703 18.4546624119305 16.197489412734 10.2222967541603 8.15420724301536 6.94130663972523 8.86914864132603 8.31294524464609 12.2906897054402 17.9934948926708 10.2296044831712 6.31605351855405 7.55593972180681 7.07721578478159 5.79138741172971 8.27681678879955 9.01900815157095 7.39091149596345 6.86401463634123 9.18671141747604 11.6657064317336 20.2243961891773 19.4841716937736 18.5356559143335 16.5081853800716 12.7892184728889 15.9252431633332 17.7835259793224 15.7565971515321 18.5929348758796 19.4078594529261 17.6694840870509 11.5965498901485 8.35540771703901
9.40737353364791 8.93129591757654 7.16258550004286 2.27268566192654 3.60576715898707 6.15219658942714 5.7101256446314 7.27470110799169 2.06011978021598 7.06414371223625 7.04905658670924 7.91609245309851 7.62733914404167 10.7329275186576 11.0116670983826 9.53026992468508 6.99624731243186 7.37684847410866 10.8499730235957 9.49788943394253 9.41516216886197 9.93489677808162 12.9484025267917 6.79219639147537 6.22998608550855 6.22038039429506 6.14158371007004 6.99126005272797 7.25563515025897 5.8659130173928 7.22420023127058 10.2366681363353 17.9954628787645 12.9937235446496 10.2267102131727 7.5605927697169 14.4111746417205 15.9644424997133 13.3722660763493 11.3539714979743 13.2478103382131 18.7641703200338 19.1362092626239 20.5663690370758 18.4148933133083 15.4835700633259
4.81181185381853 5.13393198254011 6.88045657448385 5.26847815575939 3.75963617109901 5.16414721230801 5.72511031207872 7.52998296776043 3.66943554102303 5.38277809183707 5.52307887690796 6.59349189019032 8.14430879365102 5.97713640492695 11.0081799277002 7.88613672431471 7.00630664665615 7.29062427813561 8.6475012399166 6.91672718521871 9.26301591216255 8.06188123007001 8.93084730152106 9.52242428009638 5.96146942561834 6.42142671943399 8.33092497155415 5.95478844753024 7.36214005617831 5.82902385073676 7.61158324821688 9.31101147357111 12.5037138399447 16.8474901446183 9.49757928425272 7.67639249266529 7.70083383396917 7.32737785357374 8.68153892434467 8.80852099840235 5.57603547804426 13.7742851187216 19.4800921684597 19.3152663279899 19.0574714883643 19.7958178504363
4.56875354669154 4.38343702080086 3.06731273075614 5.59229278930067 5.09234342614452 3.19605244047569 4.92049268259632 6.42224082319168 4.81503072784901 5.49455748441098 5.72498279897428 4.55118609142615 7.29693603882476 5.89544387286065 10.8467064116116 6.65546828018448 10.6257940466073 20.6951064462745 25.2642040630038 19.6558750427128 9.87086908752901 7.44350790565314 8.50937274086847 12.0444001138116 6.54673248155025 6.9899191740726 6.59462515822055 5.18751203331862 6.93063772954779 7.44989651517094 7.78302867867496 13.7525775027899 10.1803298269553 16.2147534966974 12.9401601338599 12.0307338584192 5.18449860867103 5.6739356966525 8.20603202133485 7.83782858058774 6.09612914409414 7.52749417871071 17.7641363419235 19.7387110382678 18.4866558125942 18.2758512724797
3.28146777740295 4.5081388958955 3.56813905138485 6.18998937734772 4.57820044551467 5.67889054224461 6.23814401786306 6.75347171102303 2.80623302203353 5.6559471291941 5.09476223561259 7.52627330621258 8.90713075967305 7.65633856074435 13.5585987266842 8.14508600046798 21.3621770349104 22.8750444179873 17.7538905350698 20.2755928391624 16.1028917891089 12.5113185741391 16.7570845548842 15.8756113108679 11.8837185477431 8.8816201683164 7.7921684180214 7.9103012263474 8.64659117592429 15.2822518672172 19.9342744880572 28.2458382731433 14.563949628323 12.9314435278569 11.9005219562797 14.3328811005238 11.5813713961439 7.22277236698554 10.4970908851589 5.7488836384632 5.88054195339714 5.30470633438315 14.4647826099395 19.3422163954152 17.6536365024696 16.5711041818552
5.47505972722236 4.41558564220951 5.70923387991212 5.99637740279257 6.53453741422388 6.38297806046503 9.29790172957667 4.52809973709576 3.62928803847078 4.13094781386641 8.56373176333715 8.05695603496184 8.36127402077254 9.55616618163233 10.4836530939556 17.3266303955789 13.8614662263078 13.490788489045 13.8361215162576 11.0978805685174 13.4232324489799 18.6410070168591 22.6389518862375 25.710683612437 20.2965824577771 21.1773047517852 16.9261720361684 19.1430442534766 13.6690466693473 10.2692700924081 8.73302723098008 13.1766121966731 19.1629999957389 10.7380528632929 12.9426741028378 12.3756439025265 12.6374137379875 10.3774654942813 11.622461897761 9.619885569519 10.802839840651 11.6173504512576 15.9153535887586 19.3993542226099 10.1172086181192 11.6397029450456
9.89803911886524 5.78203822021536 6.734567408236 5.96056951842791 5.90089077359515 6.910998873347 15.9179259621795 5.0576915102327 8.94003845554065 10.9998384743332 8.25339390828365 7.09941810996671 7.79415151059704 8.62812533533539 11.1029708007243 14.3636434993739 24.5096789094211 20.9871361368943 12.490665096733 14.2253596167028 15.4174965444064 18.6224661281695 20.6289449754611 15.1346273256996 13.8198509584595 16.5611023229909 15.5642088651469 14.0537945036263 11.4798872736696 8.57080575017107 8.84502224025596 9.27360408163886 13.8975311400269 13.9000581077784 14.167648262239 16.8700484076165 13.690913160714 14.8072374895846 14.1992546460521 14.5094051688235 12.6073103359761 12.3171427963585 16.7957701159749 19.3229895104978 12.6682714593494 10.1993635698067
11.1462605434413 10.1965439977687 9.10490831724535 10.056398562911 6.95714475419046 15.6007566056197 13.6274111734792 7.01301708437494 9.7515115124251 6.65474358584358 9.39702557974651 13.4236070767372 8.515224437297 13.5945686624344 19.9686305537508 21.564189306288 18.4408142931709 14.8258921698519 16.0928972351991 11.8179861366304 16.6692237654095 17.3899464275421 17.797007328852 16.3432580669041 18.6967592970885 14.5303487312401 6.40051801103973 5.73659528787559 5.57438513838318 4.78529722103407 4.49094050055085 5.72138548299027 7.32306782524283 6.15152358841758 13.9272547535715 15.1272903990856 16.790774072184 13.6319590228641 14.6681950090443 14.7892890106176 12.8274667470279 14.7096095376321 13.7900152328839 16.5186112874193 14.9783141173093 9.77050441380413
8.85408918720796 8.48357291367453 7.85425640159719 7.07238705247435 10.9303978635131 14.7200293746895 15.4339763717093 9.25827276833822 10.7782321013462 12.4568835047656 8.37072764425111 12.7508093929561 12.8282978799222 21.5066209853711 27.2018587649836 18.6756147347359 15.791448789579 14.2621639738887 21.2130648660476 11.5770591082194 14.2247624375501 19.5171798547111 10.9763449803726 16.4312251481923 13.9449662956152 11.1887727581403 11.4400299326704 11.1971428269567 7.98757140005325 5.9422649201781 4.9876767152848 4.3895681892528 4.47849706364762 5.61311535145241 9.01631249039922 11.3377237794655 10.3987389210188 14.0940370056303 13.3922380627054 13.2622405508049 14.624719857723 15.4985121936036 15.3583879527141 11.6702842863036 16.2169573793847 11.6963631942353
9.2329763837733 7.48349176566233 4.77589439311506 7.61999052477362 9.5029884151887 10.2784958708802 13.111464626517 13.0206470213279 15.2705736677679 19.2524362022388 27.3434885748468 29.840134137629 18.6980527842293 22.2574135925805 24.3102156327213 17.4747284260733 18.439098436703 17.0329760677274 14.9252335181178 13.6843158079705 14.246489272607 23.3598701910439 12.5333061942025 16.3200747957997 11.8844410818786 10.8103999466512 7.25615778028189 6.12863287976887 9.20567395138534 7.73678671658837 6.23897668876597 4.3464252575106 5.7647716573626 5.0932170843908 6.63902787282974 7.4555410986176 12.1283306242437 11.343529714177 15.8733247164716 15.5673283492936 15.2177262728123 15.6815446958434 13.406917500267 10.2993680467996 10.2254370357934 13.2927645574569
27.4771605983261 17.5488427250548 3.35449046884879 10.2933113359555 8.33695790918575 9.85643008988692 13.1085247753878 16.8787796263299 22.1889655684741 23.5526551068175 13.6459886556081 16.560744292927 22.5808967902876 27.2207621765897 25.4804202379964 19.8999119577085 21.5593403630127 16.9403078043779 14.181963476081 16.5661684432032 18.3185060340338 28.7831090109181 20.1929289868542 12.6102069784757 10.2727903218243 10.1778113973204 8.62982284663367 9.42482179753054 8.19300517019853 7.89640437576542 8.21891835557387 5.82666172180344 7.63581975285578 6.28853539524925 6.63421584268641 7.63746463970636 13.3947033917879 14.5960734300983 15.6311755543465 16.931719070478 16.4191383712159 19.3866527414237 14.2885220377058 15.2029310964398 10.3198059287029 11.9777162614691
25.5828235743311 12.4575471783355 4.75073793764025 7.17124282747783 16.0329824433091 20.4544168342668 21.3409546699907 19.1024831660064 22.9720312697825 20.5488918058144 7.5193873648607 6.20071144790491 25.1327170916387 30.2751521185412 19.4827471277503 26.054831629463 18.4181341846886 14.1467450026953 13.5572168071377 14.4945455700806 13.26244440131 18.6956763032957 19.8849751418418 13.4153311355772 6.59725464074031 9.2334149800592 10.2103544711986 8.44262378289998 9.64295159210914 8.88045455142944 7.52879891892905 6.23025386279416 6.02363799079359 7.05286838832372 8.67706515284772 10.2910607285832 18.2770694534447 16.5004993533333 15.5265951809574 14.426226196596 17.9792623721758 21.4657730863792 20.5784137767331 16.6286876175229 14.2956509516413 12.6354297662734
8.34821110277839 8.04207435604265 4.97992749990252 5.68864985750088 10.0749541512554 7.77408278545365 18.5671151644101 18.5264948536218 25.0590352427751 18.1837446783372 8.03487034809404 8.48654245940688 25.4935070388168 23.3495041955028 28.2602053335279 26.3932272496085 20.3055838863277 17.0003318283957 14.0891717973998 14.7518295194695 10.1861173231759 14.9595726342492 17.5717172768338 21.4440925446144 13.6962192445931 6.88118236594896 10.323599923801 8.06436414610312 6.90307528597246 8.60076845868414 7.12287428333854 6.07040127586235 5.82703985314709 8.77718513721543 9.11241486111589 12.5277008603652 17.628934767557 14.7219611619909 16.5573107790052 19.7029648893789 17.1164296786757 15.7959383345101 21.2515793873576 17.7086642428643 17.0987332758539 14.7916988333837
7.13793920310881 4.38702799460025 7.07395335978044 4.61648242860895 8.65605153607416 11.178309102861 8.11497001602629 12.904375837688 27.0762552016991 10.6240630888462 8.1940303590518 26.2407715690919 27.963842491601 28.4313959068875 28.5991426100682 20.2221376564394 13.62075140049 10.3474110055303 10.9197810888667 10.8724055354958 7.22577237777605 12.4627319161726 15.5053406026057 16.5476531774263 21.4612268146667 17.7286259974651 8.20133312567879 6.42927387941763 5.18867584159804 7.74070795097302 7.15405628824155 5.95408639646575 7.62753904459393 7.92635091130183 12.0163532448227 16.3423399202289 16.0666653303408 16.9533532696804 18.3095089652948 22.7526710222885 14.5391080413728 13.0443548078275 19.9770520063333 17.0475436730344 15.9501363247291 14.5699350482588
6.95862807025507 6.34766285913722 5.33849258033557 6.25765041846301 3.58706451032406 10.898855946509 10.9729582838145 9.98278061927028 16.7597507494796 10.3942599348802 14.4592336500409 29.4197818964502 27.6944845228748 28.1855790387513 20.7410357817207 14.5243617303045 10.7834892081481 13.7659135085799 8.38164277121793 10.8915442319905 18.513923148174 16.8136260464881 17.1627383025236 17.4421775574734 17.4779613082526 18.3997968367759 17.2195831002047 8.97136555364538 6.96241105623508 8.52874648313809 8.11918185212605 9.44208055210825 7.65302182886205 12.6929609202034 16.6780517260787 14.7899722758877 16.5879529175858 16.5962458113067 15.1627727801834 21.5375809971411 13.4383140391012 10.6966775316034 11.1134323789543 20.2139720781222 18.9167741760101 15.7812546662749
4.99366190671067 4.44432042317923 5.0457773142926 5.33696783071036 2.66729221610675 5.13949300322607 11.9144865999501 8.32402528855562 11.8878051793582 17.3441245599063 17.566852018547 16.5878311201328 26.9503024183191 20.2054316723292 14.0286159263719 10.8755227995439 11.5744148410267 10.9651764230707 10.6104408495911 12.6753523632482 17.1743434178887 25.0566144427403 16.8807525785185 12.569871186085 13.0149826931068 12.1309687330394 9.72165969368196 13.7142886369905 12.4185806787937 8.95110555288174 8.17003281508748 8.24613863598527 8.4482520941694 18.8010956718386 14.7830178378803 13.3917676356196 19.0806642903304 16.3540961068475 18.9958203058175 20.0727961706156 13.1439886319996 9.12958102212957 8.34273108487299 11.3713021143257 12.2178909385252 11.7445753856955
5.70306869207987 3.74058582185551 4.69678578663869 3.63678410130735 1.80044216297029 2.87912388215375 5.96184659557176 11.3476997172925 15.036737149958 20.9243564057228 18.9760268096244 12.3592539334671 25.7718117788171 17.5176697202928 12.1481777308735 9.58837616182278 4.01574008491799 5.14800064672613 10.8886088722752 14.7402643599897 21.9830971568714 26.6417682337454 17.4252625293478 11.3568078213294 8.43814068606757 9.70373230026224 5.56563671856945 5.96666495264276 12.1477493802751 12.5778695599502 11.1405178354842 16.338381604528 17.4082366015655 13.0832937854913 14.0027354545588 17.3800941106449 15.782294182298 12.8252564617614 16.8470106739625 15.1185804037843 8.03216925889195 10.7019234031718 7.82955120142047 7.84936556633228 8.12618390960196 9.76757310442301
10.3261250939443 7.29583836811587 7.08157228598773 5.57377807580587 3.54368024152313 2.55093551402897 3.63593402205406 10.1144801421392 16.737409044114 20.5535149279156 21.1451604967859 20.8827101064937 30.1872360203089 28.3872402019165 14.0044093173116 10.6359089255864 7.53997993157744 4.58638002611602 9.21877299366428 8.7591656412151 18.5717801437616 25.1566811198191 16.5874515861951 9.90669870961979 11.9524809983666 8.4834892207152 7.16834925352785 7.87488932162774 10.0429615040695 14.4312430603787 16.1523505626217 16.7153570663844 16.1501356810101 18.6919823173297 18.4744037353644 16.7558254966669 17.1366170732159 16.7897927977077 14.8181221308612 8.57130429310546 5.58605824782151 4.68260993370535 7.14263196122592 9.26002975681829 9.35673173827733 8.61905216087759
10.0289123767918 8.05149186011657 6.41157574478552 4.7044884842666 1.66929103688301 2.71262552004865 5.12117874372902 6.87092347963568 11.674494863404 17.2155904289909 17.6998371702822 27.8708611608253 17.5818256309783 34.0211803496993 15.766798211429 7.48178385610911 6.55456069268372 7.35435396300503 5.91934112694064 7.89446172141945 14.8039542287467 26.2333457517014 20.6421642693511 8.78337589225013 10.5920000513619 9.51875579858627 7.14663032755673 7.08688954533771 8.6905522096399 18.1531759569159 15.012099008847 15.4866561054821 21.3488591497119 15.1922109237341 16.3028415348383 12.1003344818551 20.9590491605139 16.6956690810497 16.796118527676 12.1752787420437 6.87709999504704 3.35561450337799 4.79314970050107 8.84506609075362 9.3603986319151 10.0665470609704
