IBR/IBR_outputs/all.combrep_1/Silt_Total.Spinifex_Total.VRM_Total.WeatheringIndex_Total/Silt_Total.Spinifex_Total.VRM_Total.WeatheringIndex_Total.asc
NCOLS 160 
NROWS 95 
XLLCORNER 210004.651214014 
YLLCORNER 7350008.22228844 
CELLSIZE 4999.99999999997 
NODATA_value -9999 
[rows 42 to 62 of 95, columns 46 to 91 of 160]
9.92708552530204 13.8113786922126 15.5105253484576 15.997816728887 11.0249303552143 10.4894350911993 12.4677253164576 14.3120040227994 11.6688876163784 10.9798426056537 14.3707170892805 16.7006374852083 16.2034590946999 16.9435381001435 9.83995187543289 7.80840159939886 6.94211667532997 6.91122800916729 6.65085346968675 9.45786421088033 11.7932529221462 8.64777431825631 7.51303840295971 12.4822241037881 19.6890663261031 24.7728985373853 25.8118359428532 12.3479098429754 13.7887426443499 16.3625129742899 17.4485927144878 12.1551961232841 14.8843360422081 16.024966667319 13.4996772180061 10.1247271427115 12.6920835527799 14.5320504421279 7.77862428771827 7.47064566991323 9.67449746231153 8.42683153251238 12.9687522094921 10.0558976824654 7.5062762960483 14.387270535334
9.09618576669301 10.7100471486852 12.4964937783653 14.0720117315199 15.2199534610286 12.6930512398005 10.4909523415075 11.638518636592 11.853418315003 12.9696714155696 21.1988763028204 26.6941111959583 37.7689537056165 14.5809111874035 15.3895281157271 18.6734427919974 19.362830135845 12.5509432538825 6.69874094148063 7.6782197243427 8.15259129395079 9.37547710743307 8.63490588603311 7.81091956986351 13.4998240120849 21.0718377208566 27.60992559301 21.5995638474419 19.4856302956746 14.3149800152815 8.44570113264073 10.7444890721512 18.4203330950633 18.9636108270643 11.5620371620247 9.20571774293929 12.9035802681594 21.8637084991824 22.3353382854383 12.3938208994665 10.6982679313189 14.8864930369547 12.5743861729005 10.3308633308451 9.28715821075499 11.1697732288746
13.5067944110528 14.005215866953 15.2276568650099 11.5775012171321 10.242572760554 10.3066675397226 9.71140281955849 10.7898546756424 17.5786368361079 25.7881756339309 19.2706863611426 13.1851959328109 12.8893787504958 19.6945039062346 25.9516579356613 22.675547783916 18.3232529049494 19.2332269453309 14.3736546951766 14.189041689913 23.3403932270209 12.4334557833172 6.56894215231339 5.58996342459381 6.53571328372587 7.73222863570543 18.9072093971621 22.77795729993 12.8890950801776 13.8303980224368 12.299396680715 9.6263225513884 19.4631284335363 19.2047231775293 7.9132579429962 8.32472936739468 10.4839214085789 12.0941520141787 18.6999404828557 19.1952309828743 20.8400941071118 19.6311283311754 19.9544264743838 18.070148193717 16.5464493014294 15.8915814606628
12.7559930297726 14.3392252111309 13.6064096098288 11.3812251641884 10.7257572362393 11.7564178793954 13.8607152422952 14.492501803029 21.2167443796719 12.7477646732157 22.746755474545 24.0244924507093 11.5849966067778 6.52500855200314 16.5439424936361 22.0039872219945 20.5533712978237 20.0980094896427 29.8877803500061 62.9434506926972 45.2393366353334 29.3864049537618 9.08392357573874 6.23004245174086 5.80399391970469 4.72499254291605 4.24285486259684 9.55130585484719 10.164440431673 10.5380184603558 13.2564858746768 16.6335140066781 10.8157618067081 18.2378486611159 12.6289004998068 8.28303808141776 7.963036479736 8.34731489280619 18.0375453057278 10.0394734388941 12.042386040653 15.2269825600826 21.5510995076649 19.8933320855803 21.6416145861159 18.7201047907557
10.5003615601634 9.76547253794319 7.6089309020532 13.2271614935256 13.4456191087456 14.4231277835134 13.8936792976429 13.0646336243858 12.9668981752669 19.8600843926803 16.897299498598 16.6570654875938 16.8068819823062 20.9992857555085 8.1737683408981 4.10584647251753 10.7098991837865 16.0664025022184 20.3415423140519 27.4645437878185 18.5175388134028 15.0656121842272 12.5310929784579 8.81886877688344 8.54157536191681 6.78283339239174 10.5353136952713 11.1630745899286 10.4508269270888 9.44149214112046 10.3983401106272 14.1252845506989 19.3112399638515 19.9417167877156 19.4389064891034 14.4243343107691 9.58667898340693 8.44369324941749 10.1747438710931 10.5726308243831 14.9719327712118 19.152864330004 21.354537371523 22.4017244161777 17.5605723596649 14.3943355969495
12.907918731652 13.377561090689 16.2452430401005 14.0875076560147 10.8212408391658 14.8695481577651 11.3787861100902 21.2897523317717 24.461902723774 11.8579651116963 10.4328784759511 6.16070693932932 11.2011905439162 17.033112494849 14.7144693362849 25.5551067582489 7.34740082345998 5.53927567435678 7.14323658402368 9.24455088993141 6.30338759110682 4.65009830396672 5.50129165128103 10.5043011892688 9.46113635096645 6.55383039112069 18.3003360321762 25.4195330316404 48.2277628007551 29.2984254788704 12.9194221035818 10.8937334077135 10.0212537899272 12.7366412685582 19.6268064131766 23.0762977562747 17.1550610979841 12.0459703587436 11.3673251774429 21.4329332861301 18.9611725664868 18.7942357796371 21.6716262265766 19.6437102121755 17.8036131478079 12.6488195382704
12.8003040213164 18.0350243265856 18.6515759950465 13.9796822896576 6.74795416954874 9.49740949940897 17.1084530373909 26.3509070400039 15.6085293603165 14.6578015380631 14.1505324386827 10.6248183199289 7.33150316657486 8.28970110171133 17.1319230147172 27.1497671836537 14.694608136116 12.2411624034419 22.5634359644693 20.5359312596818 12.0318740439792 3.98227206284874 3.27194836118226 7.05504209409444 8.82213214555027 12.8395769086661 32.1424272936439 64.8502964959325 63.4337221438393 48.8995230758702 55.3959052202479 25.6910731541639 15.8711365156704 16.0547223204937 17.3939454101468 22.6500358383269 16.9182689340828 13.1246590055476 15.0529027814212 22.0725919328927 14.7157888757078 13.990579388098 23.9584016391721 23.8696699738933 20.2623760056349 15.2791556131849
23.1158193241546 20.1233419013475 18.7652053105168 12.667783604807 12.7732545222829 17.0329791242681 22.7473219646211 22.3862111546131 6.66166081039669 6.08623349562196 5.43593169244993 4.5567916846629 6.88899299768554 9.0208707947614 8.60980766204601 11.0192303955411 21.0545157107492 23.4055058981214 26.8624774804346 26.069877101255 26.429268216938 17.5619910509251 12.0215702245031 5.85418519164993 5.97706409639142 7.17049864637906 9.0687753732588 8.43320158494369 10.9159257779446 17.8613269831457 32.3286820644212 78.1335190246117 29.9819090525093 14.1648079223675 23.4515802985034 21.2486622437072 19.9844603723422 18.9275203797156 18.4042672678059 14.9690044526271 15.3130513595376 14.9122870558412 16.4830411971622 14.5909736911038 14.3639628468757 17.6886097095068
25.4656197856294 19.160784420534 15.7788814852611 14.9568909728405 13.8205033835276 11.4338765664937 21.3466988495741 29.3630756971361 12.1056807978927 7.58410549257769 7.5046488216002 5.32127616084383 3.64060071159627 2.94508989223103 5.51616603886134 4.35389562094953 14.4721914463544 15.4802491382438 11.9887901155479 29.7774398017609 29.9395827712202 24.799980582577 20.0371631029238 16.2457776023518 10.3747709624726 5.11658215826774 10.578869259113 33.1464749289695 37.7620728974028 27.7783907066805 20.0663823705066 18.6048449520096 31.5676269668005 12.9005977248483 14.7513260063072 21.3121081596364 18.8676563835561 14.0242356858527 14.0430551701078 11.5671655015623 18.8442408287511 19.2290156876252 22.9448450451037 17.3389773414643 9.10657785279158 21.417108278276
19.9483706680216 18.9172879407238 16.2329857035732 16.8533562285747 14.9124428271419 8.06308633405507 13.3975599158168 18.1858156542203 17.4605396893809 12.4510348522784 13.7832149501551 5.89459512235448 4.41061381270813 4.20841473927114 4.41801448854169 4.02831706669904 4.83591749347109 5.21770787740768 12.9136433305638 28.3842871168344 28.9709136937276 24.3364087646297 24.6925399217725 19.4736644452137 20.1950223131527 10.6419230980544 29.5969622451937 21.8503424339322 23.9928699625562 22.2782559887886 29.1382489427804 20.2859812034851 19.0297579334092 22.1077658012768 13.4249691790954 14.1775461074172 8.91814126895256 9.00712963569321 8.81950607067277 9.62240367323687 14.2925669139327 16.549400519486 14.831752821601 18.7941925656838 19.354437709528 17.656747239349
20.0211299849321 25.1092850441953 29.8082919353846 17.4507963190781 13.9618604964525 10.6004143444617 7.71032827995236 11.3714360169267 19.1623704183128 18.4614997833839 14.2733743846597 13.0676178771002 9.07128623386497 5.67396340064636 5.10509035249116 4.52264605420205 4.9114452218078 5.87449048996054 11.6174855641361 13.1946532425478 19.1916002004757 26.4924663191173 14.2313834026557 17.2560705666101 9.46399778661448 8.98312776865609 13.0544408655258 13.127736550762 14.0699161727269 22.9023756567283 30.8850723459372 19.0577533800814 16.0281920544263 27.3485195898864 13.1681448355149 10.4207106108415 13.2850904356816 11.195249365483 8.82733082401472 12.432288720406 14.2988447146867 12.9872630815885 10.6582280881753 12.4630240729768 10.8603146603476 14.3763430451759
17.8611684811491 18.7983589945468 19.1681280418381 16.7272624701814 15.19118619687 11.7164396840293 10.2555323663025 12.9149307203956 17.7765452291177 13.7510951369325 14.8981771173501 9.02826623718934 6.11422306858492 7.46364758290049 5.08218174569482 8.83418290112321 11.503425929927 10.2262081799437 13.995170157809 15.7606694882522 19.5930927213633 20.9379485669448 12.6094908958813 17.6334566065821 16.5783279141813 14.8272624123287 11.2771658734521 21.7377654857315 10.3430538897112 25.9189961367443 32.5265947762589 26.4562743016556 6.06787010032724 20.9248320028173 37.3890894804661 27.334356731891 24.7938325308334 21.1963461335312 22.1633246713719 21.3392526967108 20.1373594844017 15.6348419990683 13.0982595206271 11.2986048836727 10.2258385224484 6.46085188579497
12.7393791969826 16.4897089119056 18.1045717140076 26.9434176321039 22.9948879652084 8.00479959197245 12.2858065983714 13.8656402621515 12.1562403749738 9.91424126293448 9.32043811272108 9.99993641788899 7.39562416223939 7.29745877882481 6.07800645035042 14.686168839859 10.5278693219306 12.7826304078147 10.8947869483236 17.7208273881114 25.2363587067902 23.1217042022771 17.385103020094 32.1570349444644 25.0942513608323 29.8817035954342 15.8015167453059 22.9835687920463 17.7807233920396 20.4853936706963 24.1181637399684 27.7869863219206 8.25243652728221 5.22498281134351 12.5872524218955 22.1726691461401 15.5507534709452 21.4322684900161 52.4764229346206 72.2982662511925 72.7276185765169 45.1405989652069 38.1696926698 19.4530022798015 15.7136539410417 13.6838377727784
19.1393073045111 14.4151332050199 11.7660076585551 13.380608094903 11.61925192847 12.6573214227731 15.6141130618949 9.9327788761207 8.93347555841356 9.1438385794566 6.48688606527868 7.16188006544629 9.85623577258625 21.3719893932132 18.1987340008441 26.7618612330002 16.7362443730633 15.1492451607816 17.7788724394573 7.17131372561214 17.5761479682847 20.3889517884629 11.7085972734825 23.8718343231426 34.2602396683324 28.0635096433279 22.5325217495175 28.2084471543272 25.0756509694351 24.1311475774573 19.9886213240811 30.2867085849748 19.460966580101 7.49662718660561 6.39326018464203 7.62208003262264 8.71536169260864 6.7974204404763 9.34162703164025 14.6668906713758 17.0653915380725 30.1597976680029 27.2891464349461 26.2540200019371 31.2256364295075 20.2594952651778
22.5370437664269 17.4738390059568 11.707636715277 8.61312374169625 9.26833376130706 8.52702497666253 24.3429669319824 18.4405085160772 9.76652393216638 19.7000341205293 23.0339522210486 19.1905988288526 16.4888849102415 16.1891993144682 26.6715184057726 24.1216313822426 23.8966900015247 11.2367696038709 18.3877851114351 15.658351460601 19.9820285784282 26.2096111967113 18.0809974061968 27.3797888338289 32.0726684283628 19.187341507062 16.6534152794709 28.0036525481739 29.2039030506425 25.4813514160252 24.7159663290764 25.8264971405124 28.2571385686489 24.2863164976156 28.0607368511424 32.8492483518194 31.327224698025 40.2224328637483 27.631947887976 15.0114817108056 10.2343968979119 21.3705032499412 27.3198341898091 20.841355211833 32.8266043163926 42.8059062023875
15.7731093670535 17.6149888619811 13.7203816624823 12.099209230249 11.769332183557 15.5386230745952 24.6085723209477 14.432399899227 11.8318654286575 12.7819300706703 20.1780789101994 16.772443488706 17.0921667936047 10.9723154105886 7.36384984927827 8.17517636927303 19.0497244304558 21.58487344814 25.0338570746947 30.1671730170196 31.7500341111616 31.5378300567912 25.2809022036407 30.2894175865634 23.5704115817899 16.7187889305007 14.3977646378158 21.7473144134421 24.7690912574056 20.955085808144 28.32033337645 21.614531400915 27.2679040331693 31.3565376311901 28.2243902676771 35.3573502766578 35.8614518188845 37.2376593349915 41.0457923026859 40.4994841932541 20.8629648415896 4.98444553487098 12.3313209909824 15.5059102353861 15.8611696654624 19.206401012347
19.0107019889953 16.6052559741305 14.8546000254266 10.9481420627769 12.7929422309832 16.6027017752503 17.3761555922176 21.5035156524826 24.4204105444128 30.6685286672613 27.3146586715517 16.3288248355194 17.1534898011939 11.3981969962242 9.50023213470155 9.72252505500808 13.4291349345624 19.3913749127838 12.756500382603 14.5596923088813 17.4563618595048 15.7271141569987 22.9220200530053 24.1031323161232 25.3820249547103 23.1003231968647 20.514617987794 21.367607282021 46.3462394549766 19.3861864184627 14.3686746206768 21.7063515223742 15.6302042313643 32.6764086923429 32.3333649401723 25.6035876781807 24.6054413994379 19.1198191692748 25.0364930423687 41.3913928569433 36.9861915875693 36.5227185289852 24.4983105621194 11.615543864695 5.0890370035772 13.702707390003
15.8457602511628 14.9562703266713 23.9391306653987 24.1801789163748 17.1243651143195 22.8491867596591 16.9475185361114 20.7382940348049 21.6201062577498 26.5784867781472 21.2187976560675 13.4276472342746 13.1608842378057 10.2569803335247 9.72491262521597 10.3058175058808 12.089026807423 12.2320598213085 10.5078028487665 17.265911740638 15.9422382263649 17.3838794382421 19.0584147467065 14.4811150696529 16.5894323915502 19.6428535169349 31.9244467459973 28.1220919048506 40.3001784800895 25.4271358297914 12.9976283064449 25.0023937655623 31.770834719253 28.7990878082981 20.0864733712649 13.4470980122963 8.50000287041331 7.82640645647009 20.1022404792771 28.3126491109754 28.0638440513803 33.4926277153672 34.8338518646616 31.9090396191407 27.6481170411624 12.8963731162782
26.1390984026991 28.1349790555853 26.7367459375414 28.5216645624642 22.5386015778037 20.1190509130652 16.151155729315 14.709665663837 18.0528948833422 19.4410927584894 14.7045578364799 9.35321435856524 8.74856978032265 7.54036262851784 7.97774057028949 10.1940703800174 11.3957229545983 13.2796671643001 14.7784457005946 17.2098088603715 19.6650813662293 17.3764706763658 14.5336200872918 17.4534421409449 19.8875505211544 23.208231557673 19.8665326003024 18.0043588801701 15.1918455242499 18.6352880474801 16.5658151656736 31.7894727310108 28.4818712920444 33.4254198709692 23.2476671009782 14.0655692876687 9.8362991634713 13.8443399222097 12.1283525312395 9.45439044014822 18.4758545790133 30.7943354918863 35.2509561620754 25.8373851010976 37.5641243507338 36.5488645411824
19.5584658013229 23.3143031411429 29.7388503218489 29.4543444161274 31.0348758301612 25.7297818167151 19.9798781589448 18.8016493116463 15.4577182204749 13.4930460891318 15.2693482679805 13.2559905260605 9.78233117151787 9.38722809391673 8.42175307623049 11.9195600856203 10.707381185535 20.4363613325071 28.1529094399364 27.6486308514909 26.0213093621412 30.6777073980526 15.3239443151411 15.065584707582 16.5253501119247 19.403494685289 18.7264409843558 19.2176256488966 17.0102184048986 18.3430802837984 15.7631321415496 21.0467737614642 21.944654517806 31.2859608518273 34.6608638481715 16.6325128692849 17.3011604919717 14.5213818102572 18.6392327889903 16.9197914750596 12.0410719485852 17.4122613460966 30.2514580990891 18.9929337987799 16.4115368839421 39.1343667152279
13.7891772949085 15.6916079379513 16.9865708081468 26.8939646098248 27.437813456194 27.5516264522442 17.8633343770867 22.1473339388348 20.4502072409852 20.1791408099511 22.0675540196638 19.8303705700106 9.55771124529156 9.76241419547664 11.4520134755906 12.3089845795419 17.0955990182708 28.4247893796566 30.1640293732563 20.5911554693622 31.8393683579245 19.8261538231932 14.6077146193464 10.5238914336424 14.0855088143016 18.4031452465778 18.9928446845352 18.4397769588173 13.9613947857853 10.6627249886871 12.8491533502361 15.4005718943542 19.8324900921829 20.4122299618203 26.7251852942249 16.2048316968201 20.1416109393316 31.8658719982407 12.964773391992 12.8068260663581 11.7624139428753 21.325043203371 19.5800576453356 22.3926446060872 28.98762307532 33.9617074380717
