0.772757 0.0077259 0.219517
0.769936 9.9991E-05 0.229964
0.662145 0.00948389 0.328371
0.885263 0.0161796 0.0985578
0.816998 0.0197317 0.163271
0.801554 0.0420567 0.156389
0.799306 0.00433129 0.196363
0.9584 9.9991E-05 0.0414996
0.593775 0.0706358 0.335589
0.589554 0.0432382 0.367208
0.628556 0.226873 0.14457
0.633926 0.0593641 0.30671
0.519431 0.315782 0.164787
0.573513 0.0911085 0.335379
0.684154 0.058498 0.257348
0.789721 9.9991E-05 0.210179
0.614177 9.9991E-05 0.385723
0.771712 9.9991E-05 0.228188
0.136251 0.218464 0.645285
0.137413 0.0111527 0.851435
0.193787 9.9991E-05 0.806113
0.0567991 0.0575593 0.885642
9.9991E-05 0.013827 0.986073
0.0568955 0.012487 0.930617
0.220262 9.9991E-05 0.779638
9.999E-05 9.999E-05 0.9998
9.9991E-05 0.0679741 0.931926
9.9991E-05 0.0596123 0.940288
9.999E-05 9.999E-05 0.9998
9.9991E-05 0.0631405 0.93676
9.9991E-05 0.00838657 0.991513
0.0215809 0.0458363 0.932583
0.0551878 0.0226831 0.922129
0.65989 0.0598998 0.28021
0.654457 0.0179726 0.327571
0.73003 0.0802535 0.189716
0.793252 0.0272576 0.17949
0.648095 0.114182 0.237723
0.472673 0.402068 0.125259
9.9991E-05 0.0886894 0.911211
0.615439 0.0732547 0.311307
0.707753 9.9991E-05 0.292147
0.427101 0.20705 0.365849
0.411762 0.352479 0.23576
0.575239 0.300457 0.124305
0.499613 0.408662 0.0917247
0.573916 0.132706 0.293378
0.493497 0.234032 0.272471
0.403491 0.154418 0.44209
0.103647 0.874591 0.0217625
0.0655381 0.913379 0.0210826
0.100298 0.874196 0.025506
0.143403 0.856497 9.9991E-05
9.9991E-05 0.898907 0.100993
9.9991E-05 0.882113 0.117787
0.194349 0.805551 9.9991E-05
0.0456282 0.877807 0.0765651
9.9991E-05 0.9533 0.0466002
0.124384 0.875516 9.9991E-05
0.231235 0.768665 9.9991E-05
9.9991E-05 0.887153 0.112747
0.040883 0.830139 0.128978
0.318647 0.586803 0.0945502
0.0544917 0.022675 0.922833
0.0988273 0.0203051 0.880868
0.0619534 9.9991E-05 0.937947
0.166391 0.795213 0.0383958
0.258573 0.721691 0.0197354
0.0556558 0.834757 0.109587
0.0862533 0.865182 0.048565
0.0764963 0.923404 9.9991E-05
0.653325 0.346575 9.9991E-05
0.530363 0.303923 0.165715
0.566672 0.376408 0.05692
0.571882 0.359286 0.068832
0.502212 0.27164 0.226148
0.486737 0.376443 0.13682
0.532601 0.274991 0.192408
0.207455 0.792445 9.9991E-05
0.35071 0.598399 0.0508915
0.0454958 0.835779 0.118725
0.00718913 0.868443 0.124368
0.194262 0.805638 9.9991E-05
0.115079 0.0752387 0.809683
0.380865 0.47222 0.146915
0.590088 0.409812 9.9991E-05
0.470625 0.405642 0.123732
0.724349 9.9991E-05 0.275551
0.707124 9.9991E-05 0.292776
0.672546 0.0473369 0.280117
0.52778 0.140702 0.331518
0.73553 0.0249242 0.239545
0.501806 0.453744 0.0444502
0.229867 0.0646109 0.705522
0.51821 0.416155 0.0656347
0.456656 0.179547 0.363797
0.672828 9.9991E-05 0.327072
0.823996 9.9991E-05 0.175904
0.671613 0.0174517 0.310935
0.803024 0.0783689 0.118607
0.811773 0.049489 0.138738
0.791857 9.9991E-05 0.208043
0.465297 0.465971 0.0687318
0.482716 0.373616 0.143668
0.475774 0.471966 0.0522604
0.500558 0.142687 0.356755
0.488173 0.231689 0.280138
0.399061 0.0629764 0.537962
0.164277 0.831439 0.00428428
0.148581 0.851319 9.9991E-05
0.34545 0.373862 0.280688
0.393216 0.351898 0.254886
0.377368 0.326578 0.296054
0.0995997 0.0305357 0.869865
0.0566003 0.805868 0.137531
0.130918 0.815569 0.0535129
0.347682 0.652218 9.9991E-05
0.331879 0.0582539 0.609867
0.575943 0.0340305 0.390027
0.827142 0.0530917 0.119767
0.727912 0.0960611 0.176027
0.504844 9.9991E-05 0.495056
0.697885 9.9991E-05 0.302015
0.69315 0.00597653 0.300873
0.828605 0.0444293 0.126965
0.515443 9.9991E-05 0.484457
0.787516 9.9991E-05 0.212384
0.705403 9.9991E-05 0.294497
0.776765 9.9991E-05 0.223135
0.468577 0.126671 0.404753
0.78488 0.0468017 0.168318
0.592622 0.0529262 0.354452
0.75731 0.0269551 0.215734
0.0952566 0.00955662 0.895187
9.999E-05 9.999E-05 0.9998
0.0378055 9.9991E-05 0.962095
0.00437486 0.0631799 0.932445
0.0329289 0.0598934 0.907178
0.830536 0.107829 0.0616355
0.732717 9.9991E-05 0.267183
9.999E-05 0.9998 9.999E-05
0.0682433 0.889208 0.0425489
0.11199 0.88791 9.9991E-05
0.205388 0.759664 0.0349474
0.0774001 0.9225 9.9991E-05
9.9991E-05 0.843142 0.156758
9.999E-05 0.9998 9.999E-05
9.9991E-05 0.930496 0.069404
9.9991E-05 0.932063 0.067837
9.9991E-05 0.920332 0.0795678
0.109282 0.890618 9.9991E-05
0.129375 0.849456 0.0211693
0.0293691 0.821181 0.14945
0.0207896 0.9348 0.0444108
0.0977232 0.881347 0.0209298
0.0706477 0.929252 9.9991E-05
9.9991E-05 0.944326 0.0555737
0.45105 0.400315 0.148635
0.594562 0.244878 0.16056
0.11048 0.88942 9.9991E-05
0.228761 0.76593 0.00530887
9.9991E-05 0.966942 0.0329579
0.565642 0.383878 0.0504799
0.883694 9.9991E-05 0.116206
0.653679 9.9991E-05 0.346221
0.343211 0.0745076 0.582281
0.271817 9.9991E-05 0.728083
0.021934 0.0434601 0.934606
0.0163613 0.0100694 0.973569
0.126508 9.9991E-05 0.873392
0.0777988 0.0406421 0.881559
0.0419268 0.0962449 0.861828
9.9991E-05 0.0685644 0.931336
0.711163 9.9991E-05 0.288737
0.730374 0.082279 0.187347
0.930673 0.0388926 0.0304342
0.973608 0.0262916 9.9991E-05
0.95741 0.011473 0.031117
0.879562 0.0782563 0.0421815
0.666999 0.0226042 0.310397
0.593355 0.0925529 0.314092
0.753694 0.0295992 0.216706
0.623757 0.0549273 0.321316
0.766508 0.0440373 0.189454
0.0336695 0.166112 0.800219
0.061096 0.891064 0.0478396
9.9991E-05 0.899458 0.100442
0.0220021 0.953214 0.0247837
0.171407 0.800233 0.0283604
0.0259907 0.865289 0.108721
0.505435 0.170184 0.32438
0.617792 9.9991E-05 0.382108
0.731944 0.00595513 0.262101
0.55923 0.0169337 0.423836
