IBR/IBR_outputs/SS_Optim/VRM_Total/Results/VRM_Total.asc
NCOLS 160 
NROWS 95 
XLLCORNER 210004.651214014 
YLLCORNER 7350008.22228844 
CELLSIZE 4999.99999999997 
NODATA_value -9999 
[rows 63 to 83 of 95, columns 46 to 91 of 160]
2.37184515971663 2.3155219828315 2.02063283904883 1.92355424044281 1.63618821129554 1.6558001975919 3.03058807584796 1.54363155333312 1.30284775565759 1.26538674208057 1.39863516753882 1.47467922818098 1.91362407550736 1.9793807359215 1.2538326088381 1.30881020034265 1.12802234506515 1.03994555628705 1.03459002352785 1.25736339821023 1.76485730659399 1.2053391954206 1.06039429654232 1.36540351336845 1.28180930542332 1.02335231642298 1.02733687297941 1.03736889732179 1.55591731285399 1.11123822394004 1.05939218794342 1.11953885461017 1.03629749501524 2.25881519745264 2.61712907061123 3.22677304515856 3.44264796257384 3.80574260451947 2.38614560020515 1.55304771917062 1.94235960563945 1.72188292502562 1.38011021538767 1.54092852218765 1.60500386072425 1.33421685187784
1.68235203803433 1.57782970652792 1.27039186847021 1.65747248453041 2.15036114483417 2.33182915125283 2.84954878439746 2.14028826930016 1.41271172600233 1.19472811476204 1.22801017869524 1.04818949951447 1.08519871178347 1.12339312983148 1.0815378150264 1.08088878644929 1.18631061003643 1.13034262971303 1.87380756543779 1.85884858545411 1.14662696940675 1.01986118268538 1.02760613879294 1.32606691317061 1.13973659543456 1.07304460447412 1.10413394011066 1.0243682362283 1.25649827888115 1.31683365096817 1.18867656776167 1.07355456784384 1.06319637936595 1.00481557578108 1.14126831498791 1.55510358533535 1.14547528722436 1.68843678915839 1.64706671247189 1.82168266410838 1.22057241628299 1.37229981808886 1.37279727407603 1.41786620032152 1.32141854032426 1.80514502118539
1.33098955053594 1.5461980241839 1.44425876247613 1.52033089963486 2.04310484062418 1.97458843226716 2.27934893836986 1.50171112130131 1.54586213993102 1.58426259306422 1.68172166463294 1.40138298957973 1.28825563211365 1.71579084288785 1.79838745968974 1.22610300876898 1.09306874767795 1.05693719901184 1.02641626050638 1.03147949466933 1.0337312715286 1.07121641207385 1.12369959316111 1.39719799599004 1.22092376144646 1.46043969680488 1.81340247508481 1.33500627840013 1.22284258680802 1.0390797526277 1.27154496954318 1.52767225721715 1.02615373546028 1.23306467330287 1.22865405892186 1.48126138890599 1.00099770299676 1.32939142097277 1.37565978457202 1.22492308455765 1.13909103085406 1.10334629255945 1.46165570509049 1.32676383473449 1.03009288971302 2.76723809494443
1.07393335233585 1.11305423019612 1.40337045281719 1.63597119020205 1.47880000167386 1.56559861858834 2.29989449184732 1.70012517801396 1.47654166262858 1.54242225940232 1.19674423529065 1.26496579014365 1.94870943487895 1.82460759608492 1.44380721301073 1.15332207026899 1.17515543470567 1.33939428051075 1.10688446314022 1.29880091337612 1.69573260685051 1.44246836416155 1.56311330953371 1.43589334938794 1.62213623845114 2.20781241310473 2.30382442197742 1.58912291994718 1.85268126409485 1.79976787651829 1.73146223833762 2.88955723027489 1.73709144797844 1.44434523713091 1.06164529322892 1.18286853232667 1.09382681338437 1.42393589047193 1.2390660187538 1.02003339304383 1.0097567413089 1.0102992969783 1.24920972073724 2.34184898242518 1.58631124490555 2.00220128317717
1.02380754264869 1.0076361836275 1.3465351980212 1.67565342879324 1.71717040103187 1.51360649773656 2.225266379968 2.00261040196981 1.50968541209994 1.50336212967179 1.33095990807759 1.65569763975994 1.96132931610106 1.52008288694445 1.46605917919714 1.97474882654693 1.65012183163351 1.56474729222919 1.27245239985096 1.28880832463064 1.88727296516186 1.38868246374821 1.16895255684585 1.05838383081829 1.02544349807554 1.04172783797322 1.31469956975744 2.97330381711684 1.32152454012925 1.43404488490187 1.64252295151962 1.78724172290121 2.50528535721633 1.86588635659518 1.79955434525413 1.35957501124779 1.0759384601032 1.07697774247554 1.21260017574079 1.09586154337302 1.05528010675123 1.09832789349067 2.16276921451972 3.02471864809596 1.96562021893947 2.1642221471367
1.29528758455045 1.05888706999184 1.05153240213448 1.88158473452692 2.53024134232364 2.61718498692947 2.14580863788762 2.69394983212543 3.11960885617665 2.35329383116613 2.83876766551333 1.79309969852842 1.59891366141271 1.21204520814742 1.45220061722038 1.81322696771727 1.30076413946198 1.24551522024974 1.10847227906245 1.35430106791459 1.14704849026311 1.11322260895993 1.10074460550535 1.82291232174692 2.14940155912984 2.55277886082963 1.78957479961632 2.85565352523345 1.53046966696933 1.3250481319518 1.03751854545335 1.06430608060885 1.09210178096821 1.19487591514222 1.14124887561334 1.14868267287523 1.12080229583605 1.14823570401329 1.60348864039622 1.52403169933591 1.19203641939925 1.42139567507647 2.09750882722689 2.48543751914389 2.34207409060983 1.52252552393661
1.43516310377294 1.16349575752417 1.03643844841113 1.62485017434873 1.5279190144222 1.35644213347148 1.40337187095011 2.43233690443648 2.52933604949555 2.10711944261898 2.57439928023671 2.6238384151312 2.13364393671826 1.3158289171851 1.2677105978471 1.39753507511666 1.13548687885842 1.05079946735262 1.0264070643534 1.03800599705561 1.06297935058736 1.04056737386683 1.0426813665506 1.2842708916175 4.76345310895046 2.46391456304193 1.41670125008729 1.14615586507914 1.02396916776206 1.16039306849102 1.29974299634068 1.21115291455935 1.07873185724258 1.1307002268443 1.78196100596363 1.41573928855245 1.52713035095006 1.30786828246176 1.27417037983829 1.06517725470068 1.44834000696987 2.42084116415517 3.77997503968812 2.33998813046379 3.87505332120225 1.15586674760609
1.29554218322206 1.09199114697267 1.09135370075449 1.11423584501247 1.02067120188081 1.00777959322716 1.00470471760675 1.20163709113764 1.79885396795278 1.97693803399588 1.74138667054464 1.40130876650849 1.72782142841741 2.34814076102389 1.71435363896302 1.7758262788885 1.34741415862091 1.0743623794303 1.01469003014477 1.00975412282421 1.03149000865323 1.06288112054959 1.15836595196565 1.07124208089877 1.9532606108011 4.50643292909641 1.92313081394614 1.32811731907567 1.05355338860532 1.20087000535969 1.37227437887612 1.17300169702427 1.0256719602319 1.014600223648 1.03456051581782 1.13320486603013 1.35345851114038 1.69419460400416 1.22596055089731 1.09611651013912 1.11033717296663 1.02712889218572 1.25692000094585 2.81833601993191 1.88753275087487 1.76180988035158
1.03041375204312 1.07932598417201 1.07629357233702 1.02395185059717 1.01710061771647 1.03597888725041 1.06354339228706 1.01908872660954 1.04810330300976 1.45302602744982 2.21847337662335 2.37829503726683 1.91197151452376 1.52263567747 1.7276645952789 2.46968599424238 1.88721382057533 1.38899937476083 1.1521620672191 1.05368430498383 1.05559317385092 1.19689661749553 1.28034233437144 1.05662490460094 1.30118770091105 2.76982605226033 1.55659468787004 1.5153753453135 1.5571709810574 1.46854976763064 1.40452590021278 1.34895519995922 1.18405783202616 1.14243320159082 1.07385111905443 1.06497360366666 1.03213977091709 1.05588945501516 1.13683973846122 1.44441547192873 1.34247738484168 1.30182148570936 1.08438341162481 1.09074377848723 1.04109852045577 1.01003394786143
1.00939775763211 1.04781007063445 1.0694641085732 1.08921209781252 1.09811613209428 1.16743487888035 1.12283748505241 1.06621876237787 1.03960923729864 1.01026334247877 1.05197470363694 1.26202444389763 1.137281081976 1.46459470026642 1.53277199403934 2.14827723308146 2.34144004587118 1.91316281835997 1.52876607985372 1.12061173263594 1.22646814650422 1.63217244248291 2.05735202019427 1.22659887383013 1.42875384142654 1.47259508824807 1.50457361497339 1.79545495799742 1.54356919759938 1.17869021919311 2.23614725682482 2.07074755647619 1.25602147422765 1.24479720452759 1.3724782378668 1.16065269168917 1.20156100762588 1.28254482983798 1.30137881091376 1.05431460285429 1.03842835260221 1.53153890573716 2.37117627725631 2.31990996502509 1.37117488664885 1.29794894549535
1.06302310540121 1.02741886878035 1.15081203403941 1.181637815699 1.14173570018114 1.2103382832809 1.23683746228085 1.30428169357026 1.22388462737359 1.16697667368721 1.0168253123076 1.00099384606654 1.00275981563259 1.01964842667624 1.03185174290318 1.4381106215629 1.56505536203494 1.38256567093961 1.52310579776707 1.41221816130244 1.42554985206648 1.14610239482197 1.41404807663485 1.61497494007272 2.09280014050531 1.40102024992215 1.06345240334552 1.08202998978187 1.26913515405936 1.31275184198745 1.54172230676456 1.61960263825482 1.50937643415873 1.32001846318231 1.3794195923436 1.2834348840819 1.50190939817824 2.30107391543475 1.59155851707238 1.13335827359354 1.20793882879493 1.14818668565689 1.16512735627564 3.12858226014888 4.17514130909691 3.56774820184873
1.05753674766321 1.01346173786367 1.04415095895278 1.04315276000742 1.02328504120298 1.05022443288461 1.10960479471084 1.15614583442046 1.14957348923414 1.28651942361794 1.17789812921739 1.09009691339425 1.02748064352297 1.0084146631135 1.12022724256566 2.66809445161465 1.2351498264978 1.14373838305424 1.25671975643364 1.25777875901951 1.64255514631917 1.2183117534484 1.23545783431885 1.14470372040153 1.31512371841759 1.98881132023078 1.66804027442846 1.31955853780238 1.14868740473476 1.23586043494337 1.12900074786729 1.32576863697789 1.19354030718644 1.03860336385876 1.07835406618547 1.42490732367026 2.00245593875107 1.77756344467333 1.15333645967633 1.58139056263746 1.71177508444805 1.87595019308971 1.80694492692533 2.23980096759067 2.03713717068381 1.38232283852136
1.01627986903533 1.02277364428472 1.03589022367615 1.01701823361035 1.0074726014899 1.04048324238683 1.04477786493016 1.0111304338061 1.04336627925959 1.15744481268057 1.35711476789292 1.37037545879036 1.13038412931278 1.01647315537746 1.00846004473495 1.1446486095412 1.33453545429161 1.18577490681267 1.31913200916925 1.26268411587048 1.55296979176639 1.4214635772402 1.21162581579402 1.07258136839726 1.10791760991727 1.12174483540628 1.38317653950687 1.34056737731155 1.29274726274773 1.08730918660959 1.03458537709369 1.01534294497961 1.03299101888854 1.08788636917291 1.32306909950667 1.81743567490749 1.13353089106894 1.20828990206525 1.31509976558906 1.7468440226873 2.02635436671706 1.41124023831985 1.72025490736311 1.29906305256709 1.41306740749248 1.78435587846431
1.04716913172414 1.04296534788202 1.03221932518725 1.00113453810438 1.00585528087357 1.00420296427041 1.00998032736021 1.03056216532742 1.04659836346526 1.21814853971483 1.29720393455803 1.30085109149335 1.10140675416542 1.0693355586804 1.01350097931071 1.00875492675391 1.01955306395146 1.27685294234844 1.04369175549907 1.13328737613113 1.17953624466035 1.19354608480684 1.09517683359609 1.12646237863379 1.14202589450425 1.07288904337825 1.05577231509084 1.12069294759352 1.10196856216008 1.13413680795371 1.16391767552435 1.23012049167887 1.8842762244704 1.85813500200527 1.93779056352085 1.18349429249701 1.0194817198414 1.00170339551455 1.06882117082095 1.70463619362333 1.70589661975704 2.4353249871053 2.23435984748365 1.04439367794977 1.19408674739963 1.42240114159074
1.01299921833402 1.00342288433789 1.08988070494833 1.0209757911173 1.00314056571507 1.00215974626749 1.02175723668617 1.04070582334816 1.03151408908545 1.04502855928866 1.06097052122788 1.0622553827124 1.2248984415256 1.17902724367704 1.01352489173838 1.07284925014005 1.05053640757734 1.02732026445059 1.00883405529961 1.2563021751941 1.72107354868408 1.73867745930042 1.16485311457485 1.1569127298067 1.12500067597084 1.25710076112257 1.05023791753265 1.00769582114893 1.07009835830916 2.51386091585799 1.81234358676329 1.89472925296947 1.40451327815749 1.19605500067621 1.06099141815557 1.17811766180746 1.25698858347989 1.37716617720084 1.03999512008543 1.04007491731569 1.36835655544678 1.49560511253602 2.06740649821853 2.63535081355043 1.16545174042131 1.41611361297151
1.02059879331007 1.04241291514356 1.09422884640676 1.1544607076761 1.11927632191489 1.06512868187649 1.00513671381003 1.02291008673067 1.02838239237189 1.04915889909581 1.01760352540107 1.02022940475052 1.02983121165312 1.09116235833149 1.01379916503046 1.03934166607882 1.02549503536831 1.0412806716341 1.03859351814344 1.01339164321241 1.04024714552114 1.05071921699115 1.49731440451968 1.71846838569735 1.40770508103507 1.31693534490882 1.22028140657077 1.09406782866808 1.38212334106842 2.32250854580357 1.10987038803736 1.03131665606925 1.00506011987286 1.01368973364098 1.26522521547913 1.0844387429412 1.06912456462662 1.12093603182312 1.33117257128091 1.00172949760691 1.00810202081541 1.13383401070466 1.47897672137998 1.80751116656628 1.44203051948941 1.94396074248145
1.32925047962757 1.32619439054045 1.14717736647036 1.5445280348869 3.60699356209714 2.25458652137655 1.05669760745736 1.2335141218698 1.02037831654717 1.05084456186901 1.04457363273016 1.01303493863698 1.00906457884881 1.00421771575388 1.00288247811153 1.00305907149989 1.00825578810807 1.03031690585931 1.16259911125968 1.13532708007843 1.06588946180044 1.00886967988941 1.00520317452937 1.02503367220947 1.38857155162222 2.162708710326 2.91689467743449 1.72959353323292 1.84151523227978 4.13594218751846 2.02061747487583 1.29102603050706 1.14833729491787 1.01935068614125 1.0604193601226 1.00690410472357 1.00249595335813 1.00216821613797 1.0077494640227 1.00545988824657 1.00279146446249 1.12423744473765 1.20385995920451 1.59375967125145 1.62574457171676 1.77121045113518
1.65440981181014 1.44581295568864 2.01065384477398 1.85728170073823 2.52318694264045 3.78580045112021 2.41661783899946 2.42924903542546 1.64796295147047 1.27913506933705 1.03704480257716 1.01271479641391 1.00136257458551 1.01041831645164 1.02200679931099 1.01938235918486 1.02325223182767 1.00517662204171 1.03694101076966 1.05407583470181 1.04497246335712 1.03209150509358 1.04830740212742 1.0242750786841 1.00886981085846 1.04457196192623 1.15485797790614 1.42733580157158 2.78549046659936 4.55717171598837 3.04885456076348 2.58033161395367 1.5066222296762 1.1013120016222 1.19811895186146 1.00446741640129 1.00141637513342 1.00399235554901 1.04364886944448 1.02570717023883 1.06007729435567 1.09873704108154 1.62857465990772 1.1696298270691 2.0831137123428 2.77687583274
1.30466898791072 1.86927935074951 1.70810201507697 1.93844055289023 1.77750953262964 1.29740215240077 2.5408321236062 4.18913140084947 2.49194127368661 1.66189058128763 1.39790303842404 1.02026263746973 1.00186725134052 1.00922698129684 1.02409822561859 1.03902964912835 1.06025619174854 1.10262886763723 1.16941466050813 1.02279675905058 1.061268023318 1.09306038021606 1.04557217879897 1.01108079435382 1.00204933615444 1.00422328220005 1.03840387960735 1.50292674105165 1.42463906650075 1.02163366575202 1.07768081593091 1.69072080696542 1.99104857748265 1.42332223801023 1.24985533076968 1.09429813760925 1.06389399352716 1.31218465715087 1.12225018212708 1.11314849906841 1.06384965308354 1.47298467389411 1.51310759249432 1.45842476961106 1.33500513557514 1.83176535012856
1.69282270002822 1.74530472156705 2.17831824937116 1.28473698127217 1.07757244454395 1.8164517412537 2.37049397446827 2.93297820806097 2.13482097276166 1.98567358470776 2.52712879575397 1.79283745525617 1.541057645859 1.12048423785728 1.00627864478102 1.01874318532274 1.03415877535804 1.06355655805551 1.13870376656897 1.17023907822655 1.03155891275976 1.09792808877921 1.04091863887992 1.00557377371076 1.005383429714 1.00637383131351 1.00460808911597 1.03034382272187 1.43904734511696 1.15654570177802 1.13359305051183 1.19984191004878 1.11671746032134 3.35917132563869 2.39059795865605 1.17767369265753 1.15160301439749 1.19683718525788 1.3379935003402 1.37592149019375 1.10407450175173 1.30213065969202 1.37089152128946 1.9482470034599 2.99299648410367 1.27854371548812
1.89662541958531 1.10789464294603 1.44563787578728 1.8716586987831 1.39232424250315 1.28046713286915 1.37335657684384 1.52117484342193 2.43888120811927 2.73412051746653 1.82310593819242 1.23824864955992 1.20958079947934 1.32586113133339 1.26425840727134 1.10935052190408 1.03444831294124 1.0667536544669 1.04788151317451 1.27207716570213 1.18923652950242 1.02916237366389 1.01046255640396 1.006548730588 1.00944766867444 1.00930168394449 1.01280810144207 1.00727383825783 1.09338510750457 1.46198694464086 1.27881334604356 2.50388399244677 2.09160219631679 1.9386983933464 1.96431066834279 1.45218098907472 1.15040158212996 1.10103093363373 1.34915510504947 1.14402316722939 1.0972207653471 1.11620526741614 1.07715321245329 1.10510157356848 1.10534463886258 1.73177631969063
