IBR/IBR_outputs/SS_Optim/VRM_Total/Results/VRM_Total.asc
NCOLS 160 
NROWS 95 
XLLCORNER 210004.651214014 
YLLCORNER 7350008.22228844 
CELLSIZE 4999.99999999997 
NODATA_value -9999 
[rows 63 to 83 of 95, columns 0 to 45 of 160]
-9999 1.00558624257028 1.00802003631857 1.00031710637368 1.00008544834371 1.00406191175016 1.00267235705528 1.00696577990361 1.01139853231708 1.01119496468207 1.01105284944949 1.00870953518712 1.00385084459115 1.00305165532439 1.00070943868741 1.00028123857963 1.00141158875634 1.00031446513968 1.00013339864993 1.00012872174823 1.00009243852272 1.00049101613603 1.00198911519938 1.01031841533812 1.00387482653027 1.00348364249969 1.00221724613376 1.00163838841965 1.00253061497657 1.06306977848879 1.10799271209879 1.08305134780745 1.02272814880112 1.0091198831781 1.01571746417916 1.00736989120578 1.00208317599832 1.00175433363331 1.05867633605606 1.07010817724755 1.0849963041556 1.51947945314607 1.15741128966584 1.18793523988134 1.06219462293468 1.54368200582705
-9999 1.01731935430503 1.01069021945155 1.0047186897251 1.00488097319997 1.01035833358922 1.01283519945127 1.0121450959679 1.02028398998548 1.01320395239554 1.01553401922778 1.01512854628597 1.01213247057953 1.00977045191919 1.00270674827897 1.00026230960641 1.00088417729194 1.00063652407932 1.00032116854992 1.0006973296473 1.00557619626352 1.00265045177682 1.00023394045836 1.00097120886488 1.00161468606261 1.00183058225328 1.00802431840123 1.00603539506689 1.00205253499738 1.0124300356674 1.04669533320096 1.04224904229165 1.01523216418345 1.00631151598685 1.01001748254011 1.00811046410483 1.00698214541495 1.00070336417445 1.24626336112128 1.09411987672654 1.1182284477178 1.04107293421963 1.12039265604899 1.45725520755578 1.40891165186282 2.16095380448676
-9999 1.01863758768575 1.00770282946694 1.02055409968996 1.0108836039909 1.01539342396884 1.01860420084039 1.01982462251085 1.02517970037274 1.02007339865645 1.02241216707343 1.01339461618683 1.01751961253428 1.01603185593931 1.00428325752908 1.00073896834238 1.00364464560858 1.00130682674432 1.00887828301633 1.01030940565747 1.00202380585061 1.01892920797052 1.00224561887863 1.00085106986278 1.00137877224977 1.00194275364092 1.00937918484584 1.08446367599731 1.01009622488659 1.00363761749977 1.01570672138924 1.04217559101611 1.00151050534453 1.00097079943405 1.02527582199675 1.05261548889772 1.05891536311936 1.00100792769011 1.01456486161592 1.09806538564893 1.19876854078474 1.04866576728212 1.18318754742588 1.14091597936893 1.02045823533058 1.12351047263415
-9999 1.02078254391738 1.004027332795 1.0142359229518 1.00885017531323 1.00894909718432 1.01664731396259 1.01701955593842 1.01958247264632 1.02203218366768 1.02672771306864 1.01974706689165 1.01131910425862 1.01074759359996 1.00702385686645 1.0008218638046 1.00098082800781 1.00193656229545 1.00806184190709 1.00636256517941 1.00329879323931 1.00978787537488 1.00251185243186 1.00801930330359 1.02108099666767 1.00061580866973 1.04090717542456 2.17574217690725 1.17320739258687 1.00856315318402 1.01025679574626 1.01700838515427 1.02331643361612 1.00712307599398 1.03359842943925 1.09102511855407 1.06035927593531 1.00691230440193 1.02012653075826 1.02393008683028 1.03126955547301 1.22654752559446 1.02800540427346 1.02735389482317 1.01750902373654 1.1173534475987
-9999 1.00477573976585 1.00207638636693 1.00178187737719 1.00793534326375 1.00711279983263 1.01644479755789 1.01490079249818 1.02052736868094 1.02292588985393 1.02375366847881 1.01654100144232 1.01728506180305 1.00724816109184 1.01034712822264 1.00086839404893 1.00052420603718 1.0008747560099 1.00369771726929 1.00516940101651 1.00818090755675 1.02048345992273 1.01280536827681 1.02415260690353 1.00216266392759 1.00711262167491 1.05773582320903 1.53457289736459 1.19584749482924 1.01272170439491 1.00305768183403 1.0182820085512 1.06677425882951 1.08604395533213 1.09216117978283 1.03669966444154 1.01836106144105 1.00835149418429 1.10321938879122 1.03771922246803 1.01290132076493 1.01195404499807 1.03680446665868 1.97662264073856 1.23498120036013 1.01147199646207
-9999 1.00154923230461 1.00414025409797 1.00728601933714 1.00829162181844 1.00443122023291 1.0102183117831 1.02141817745004 1.03094735473208 1.02601646418281 1.02647258581107 1.02234623012934 1.0085817152254 1.01293131951764 1.00864288231648 1.00171153403741 1.00042459920251 1.00055197872258 1.00104740777055 1.01727403807052 1.01143746328461 1.04274628701863 1.02073654161236 1.20124217331021 1.04590920805589 1.01175474219018 1.09133894760161 1.13310515651905 1.0974511856157 1.0123908157911 1.00674587140449 1.02373848608873 1.16692362957387 1.13456479181046 1.06871731741351 1.05683700000433 1.18601564912591 1.10383696920899 1.78976324949074 1.06034094314507 1.01298888365297 1.00277875987438 1.00330185743636 1.04054650248357 1.36045657025986 1.3560053556098
-9999 1.00578339327621 1.00581657566156 1.01412859127352 1.00781341025404 1.01541563878185 1.01033228189681 1.01554371806853 1.03042280237305 1.02462924227437 1.01950972038866 1.02279114540522 1.01438241419759 1.01608079857731 1.00844579124792 1.00053001894466 1.00141709158044 1.00090778950213 1.00343602661962 1.00581120687965 1.05704269709602 1.06392736771249 1.040630494279 1.06303118265141 1.39070898959629 1.01162895005271 1.0485341020833 1.01028110653268 1.05220588764416 1.01971404516556 1.02056291710883 1.01090662115256 1.13131071918084 1.07942535579706 1.05943746511136 1.08004316696922 1.09673090368469 1.26436135741521 1.22420443984182 1.11926972140086 1.03740294726398 1.01108605134261 1.00083324774354 1.00151936561255 1.04503754763081 1.22757768351893
-9999 1.00965480560653 1.00807243423356 1.01195453194788 1.01050485201419 1.00217707113286 1.01674266904674 1.0204751577141 1.02018576124931 1.00379132994862 1.02051597427221 1.02319923770779 1.01202719644835 1.01520971192752 1.00835449993429 1.00107883294124 1.00176454414735 1.0009721732484 1.00574504023992 1.00675564709758 1.0465379922764 1.08143835136872 1.03266396923017 1.04672691349766 1.45036317562407 1.45028596282126 1.14877385936064 1.01146552339762 1.03597563193773 1.0163029969844 1.06116159513962 1.01319090780383 1.01913424796154 1.14578626978936 1.04567835883929 1.01795560660325 1.01515138134025 1.0380448521946 1.1936903499873 1.25042391760669 1.02612469453918 1.04744466446552 1.00687576690068 1.00068165682978 1.00306595355977 1.09638746625039
-9999 -9999 1.00439145877394 1.01538703047221 1.01192328297261 1.01292307150896 1.01949258515842 1.02621451326176 1.02451106308156 1.00140937722716 1.01241061851427 1.01877164286554 1.0155141859654 1.01117331269082 1.00703348802999 1.00083652654076 1.00306708262703 1.00085669120253 1.00153158070835 1.00842671630037 1.02498467435128 1.03047796932705 1.04939014283872 1.05548122375394 1.40249463428542 1.17591588293083 1.06282500391683 1.0129615304339 1.01867760202683 1.00930645747222 1.02201158135726 1.01689226334945 1.00719291330676 1.01098113718933 1.04082982691634 1.00673483849991 1.01170234783924 1.05914114265916 1.05934703901047 1.14228838271696 1.10225091230554 1.02100435420293 1.03335660440967 1.00814836500066 1.00084685667348 1.00712929924291
-9999 -9999 1.00473685124915 1.01685104354875 1.01154304043257 1.01225366533242 1.00128193874094 1.0106864357444 1.01740683024586 1.00956958162372 1.00457360804595 1.01371045377801 1.01755011256368 1.01852132069456 1.00777136246291 1.00049245634073 1.0035668732368 1.00084028895932 1.00132087983848 1.00275083965105 1.00505010799938 1.01482197465332 1.05712167283974 1.04887296971113 1.16231353605479 1.00655150525432 1.02741033274971 1.03913890085771 1.02453830953236 1.01796494755502 1.02129885949356 1.03872179443606 1.03278412795177 1.00884868604026 1.09803754141419 1.47454067038661 1.0223153393305 1.01396593922152 1.03445772592917 1.2758420687142 1.20484362892884 1.07892831620837 1.03076199099325 1.02127826528185 1.00071030985614 1.00130316101543
-9999 -9999 1.00787647890475 1.00624884365254 1.0051369736876 1.00522427680494 1.00074851953139 1.00192795629435 1.00199679829606 1.00298199583696 1.01321031231149 1.00754198266687 1.01459979982031 1.01700000092098 1.01328587652661 1.00136533304239 1.00157513369573 1.00181316139089 1.00109798127317 1.00131068349572 1.00575647803401 1.01287653819405 1.09500885139889 1.28012313099688 1.13676556378628 1.01666398870436 1.0588944004982 1.03038399829465 1.01373229304342 1.04569260198459 1.09934317268245 1.11377061997444 1.09328386761473 1.02785708775277 1.03905707591693 1.9777313690835 1.75066592221882 1.0194529079204 1.0021353815729 1.29643236931575 1.43112824904316 1.0830497663219 1.00536061922422 1.00135935622865 1.01180389556295 1.04510447896224
-9999 -9999 -9999 1.00097401213562 1.00135689032722 1.000918426833 1.00089538082818 1.00151514411729 1.00670254005827 1.00326366198761 1.00367620720646 1.011232600449 1.01047395635613 1.00518697495921 1.01243483218503 1.00478265210051 1.00268066176382 1.00208245060866 1.00167134305222 1.00255745758718 1.00272139002428 1.00559942882193 1.01392387960921 1.15731323647538 1.08208509801207 1.02905746080094 1.04419989378061 1.02703502032118 1.01728640772006 1.04949847356104 1.06371557384046 1.12633481390257 1.08192080610775 1.02944540337776 1.02666022075257 1.9978384763052 1.36944219794174 1.19846740035161 1.00792777750276 1.05237384884584 1.42355310471323 1.91680936143471 1.19034092879377 1.0027028290347 1.004010758547 1.00826654924413
-9999 -9999 -9999 1.0032574046842 1.00227815902216 1.00389021366346 1.00053596072793 1.00229203690806 1.02538929950096 1.00607404713225 1.00113963860809 1.0121039786593 1.01266051794348 1.00241648589182 1.00800586279434 1.00939054030367 1.01222094071862 1.00067169679777 1.00242829157322 1.0017728108595 1.00281982035342 1.00437191898096 1.02475982468872 1.01894621640654 1.02793513187924 1.04345189652069 1.04106621406574 1.05144333369674 1.035349088194 1.0127251752803 1.03848631408851 1.05496810502338 1.06159941954155 1.02939984733723 1.0286798666358 1.6232086883184 1.59544862677021 1.30932154528686 1.35796679478094 1.01200420788395 1.05744142535768 1.75845183647374 1.90095003138685 1.09492242376793 1.00366240048803 1.00722559339515
-9999 -9999 -9999 1.00596696124772 1.00152709020567 1.00409818693419 1.00369551508821 1.00477788834054 1.01103121572278 1.0028960558966 1.00107511784397 1.01551641263012 1.01903885259967 1.00887320114411 1.00133987447105 1.01084633562033 1.02285632563309 1.00332343692866 1.00083646185949 1.00191130313702 1.0016903049204 1.00197765636968 1.00243045273072 1.00582264436913 1.02750875537672 1.02978619489376 1.03111003804146 1.04409905842524 1.04851930765435 1.01436431886583 1.03271885865839 1.06372674725058 1.02793209230287 1.1809212569967 1.0717244612539 1.34579923240487 1.75172465148184 1.29486502165723 1.6197148107346 1.0164383008395 1.00446387272366 1.05741574807586 2.01647351880046 1.71444023769862 1.02027046313902 1.01208192819064
-9999 -9999 -9999 -9999 1.00019185502278 1.00044083772523 1.00292994883399 1.00375469465826 1.00300497864302 1.00358866618383 1.00368697741242 1.00598188575978 1.00280155240633 1.01400347005125 1.00128205972989 1.00724275319427 1.01257362008515 1.00389191048541 1.00050554397568 1.0022779505491 1.00055183016057 1.00145476086768 1.00267567172597 1.00942604156349 1.00943082768172 1.01899753429321 1.01761391286253 1.00845631994272 1.05166452830074 1.01119897707374 1.01987731730986 1.05999810381981 1.02128181478032 1.25767022062711 1.44646189095576 1.47171857747225 1.91159290420619 2.17918342714938 2.07856202262374 1.286015290883 1.0762619776003 1.86803222423474 1.65561182013553 1.61402749913059 1.07697808466547 1.00891982539331
-9999 -9999 -9999 -9999 1.0000115308672 1.00036794690582 1.00018333763239 1.0006599308857 1.00056690235195 1.00044793759282 1.00582274278425 1.00347422505445 1.00733669777978 1.00885897805862 1.00203191146179 1.00481823566134 1.0257975470543 1.01234117403772 1.00146409117574 1.00380573809877 1.00145503985877 1.00187853250688 1.00684033768411 1.00573734990089 1.00828567336803 1.0069026472077 1.00933783033083 1.02686496542779 1.00602871774525 1.00921457876298 1.02245451178173 1.04886898801725 1.03748852886041 1.17212677894411 1.51394205785132 1.69650955836498 1.31842952767645 1.70492083036785 1.55435859507393 1.6824522500555 1.24882906491517 1.13906836901519 1.35979849195045 1.52817783628328 1.37773921201342 1.06339463558281
-9999 -9999 -9999 -9999 -9999 1.00083249563318 1.00020952014321 1.00035023570755 1.00026422281809 1.00056345351264 1.00033152740775 1.00047646578574 1.0081946803424 1.01027501129413 1.00231202613668 1.0066307155465 1.04209396843818 1.00239587107109 1.00306239564368 1.00568421814658 1.00297434454656 1.00530105671752 1.00453441993044 1.00251842456522 1.003269794492 1.00177223373164 1.00349189642015 1.00546354131008 1.00687189514253 1.01013186073701 1.01076772944504 1.02356244581154 1.03465017617576 1.09677033815565 1.55719749685883 1.40854036626886 1.21659047792816 1.51958662286134 1.37918877975889 1.31891314135175 1.95431959933467 1.16645849959474 1.14787539609501 1.14962553787375 1.53100726058966 1.22474824287418
-9999 -9999 -9999 -9999 -9999 -9999 1.00066488123628 1.00329453615961 1.00452521218319 1.00060676152443 1.00111229906092 1.000973950196 1.00144965809957 1.0027511719864 1.00120160604798 1.00360068431688 1.0065361772743 1.00130553413521 1.00212681810298 1.00654113524825 1.00845972255898 1.00376296285407 1.00303164467581 1.00187508654141 1.00381324672713 1.00239316449524 1.00153079701837 1.00099293424593 1.0055373567576 1.0228200463044 1.0289427338725 1.00967315110474 1.02213572771254 1.02355112590725 1.19375860750948 1.433772132456 1.35625601420025 1.22701387032595 1.18214551782877 1.18203783406127 1.37681402440474 1.11858913056001 1.02203730492503 1.04175470558403 1.48191221296496 1.50533416219801
-9999 -9999 -9999 -9999 -9999 -9999 -9999 1.0011182355507 1.00506391272686 1.00515396741654 1.0051031574981 1.00219416714599 1.00137716540126 1.01381973283506 1.01326234737418 1.00070673071058 1.00123821596586 1.00124579912167 1.00254681460279 1.00324887614181 1.01032599252938 1.01054901583479 1.00210415245079 1.00234369035477 1.00447477457345 1.00210190499881 1.00106325916489 1.00191494354033 1.00353411307248 1.01455826119911 1.01515424614186 1.03144184070803 1.11166334713711 1.06137440871151 1.07848859457215 1.50466556636961 1.52616335308622 1.48621259221226 1.04926699685778 1.17456489276962 1.32061537421562 1.26147829683861 1.02770110708646 1.02225332941491 1.07846806570657 1.37354077412509
-9999 -9999 -9999 -9999 -9999 -9999 -9999 -9999 1.00846080966 1.02020773603928 1.00447554135444 1.00190687261434 1.00100918111895 1.00440288664209 1.0221150253012 1.01592409513775 1.00225698019927 1.00081614306985 1.00109605271941 1.00192273528395 1.0080276075804 1.01424576819937 1.02144664189309 1.01002892755368 1.01524659928999 1.00282664670635 1.00223856129188 1.00556067759973 1.00249690467133 1.00266404575099 1.01106111645233 1.07794060627654 1.04149400754227 1.25902600154429 1.10241074154539 1.33684289176382 1.45289950369548 1.58021231226713 1.038726985675 1.02927152638504 1.21146033511734 1.1755235520772 1.53516190256881 1.13168812030766 1.07938757844061 1.43506767341983
-9999 -9999 -9999 -9999 -9999 -9999 -9999 -9999 -9999 1.06860198358099 1.01765884156917 1.00442464611636 1.0007993687936 1.00085462840909 1.00738573748306 1.00396824035936 1.0082621072389 1.00073723736791 1.00091842384511 1.00075373695199 1.00105555590325 1.00658432287822 1.01904407508616 1.01758243558003 1.01080193549408 1.0053713073537 1.00230778760801 1.00427078211999 1.00259543795552 1.00467017484336 1.01790134027913 1.03511222774798 1.03372499299253 1.10283907629743 1.3186617897526 1.3442989049264 1.06469869395632 1.06497706604407 1.07294696257049 1.01992755419953 1.04706163598592 1.15079111341178 1.19373466319671 1.35649819759332 1.17813266062721 1.47212203889506
