IBR/IBR_outputs/SS_Optim/VRM_Total/Results/VRM_Total.asc
NCOLS 160 
NROWS 95 
XLLCORNER 210004.651214014 
YLLCORNER 7350008.22228844 
CELLSIZE 4999.99999999997 
NODATA_value -9999 
[rows 42 to 62 of 95, columns 92 to 137 of 160]
1.00348328838672 1.00439679239719 1.00448336382994 1.00491604155578 1.00459944242825 1.00429229862957 1.00445051563694 1.01216229009134 1.02425754499568 1.41438994413049 2.04090755488467 1.56105670771072 1.131002453563 1.19298677687886 1.02385163197975 1.02624785511071 1.02100956696981 1.10266380736101 1.03312718616021 1.10270662032923 1.3610346712174 1.8475652150094 1.27702160485073 1.00799689040228 1.00456929835453 1.00662985345151 1.01072505763414 1.05096676345587 1.5590065589744 1.4149570064545 1.32285588460762 1.3241348277882 1.29601488731449 1.19690294351361 1.55646182973048 1.21117719152279 1.38825629732111 1.45675627708498 1.25845592791174 1.11586721814187 1.05345970013556 1.08479227273653 1.02276473458138 1.02812921034695 1.08763068808063 1.1331626478459
1.00442307635481 1.00403331668582 1.00419688287067 1.00567052704563 1.00708264732978 1.00467862443298 1.00530578600472 1.0061959158765 1.005875378016 1.04767825494317 1.12954560207371 1.31327050476585 1.05970714142054 1.01497357062458 1.03281093038591 1.05116212534309 1.15465000147238 1.02417303841971 1.0418988665499 1.05504914221165 1.1911298282709 1.379674798967 1.26688069274544 1.02705731649207 1.00601887404242 1.006363621458 1.00943705224503 1.14302007087235 1.65631073504074 1.30836440498864 1.25786084695707 1.06972458256742 1.04211420664353 1.16144255619504 1.17782838065658 1.561827942096 1.44099049490492 1.35479461324097 1.52027632877238 1.18328120312471 1.21294381479783 1.28688575394088 1.12942925649018 1.09118655771423 1.1349216438262 1.14588263196367
1.00844250728036 1.00422912848792 1.0052616135883 1.00548052881453 1.00561545532527 1.0065017178818 1.00932699264328 1.00584159065392 1.04299382883952 1.12229645636365 1.06233344107476 1.18047581454257 1.08735827772299 1.03764465053917 1.01796536291189 1.04123087415905 1.18541311070496 1.10619522254108 1.11828831629518 1.02691194957655 1.08153159507246 1.41170006281012 1.12649518867863 1.00680998226637 1.00879215211312 1.01155721522525 1.08824806741461 1.33081647866158 1.7248024366657 1.26585922642093 1.11714380834528 1.05040334882103 1.14954620195111 1.27630457775507 1.15986895383035 1.1058061891361 1.23125167826849 1.20865946408473 1.72563021012661 1.47070489783105 1.30420694665566 1.32188332899334 1.2707805848793 1.0915076729486 1.14278086941125 1.12344295124275
1.09720544581283 1.02080229784919 1.00598639699815 1.0067073805194 1.00783319017881 1.00708797255979 1.00689445080411 1.00955724072701 1.03655781753134 1.0782705550421 1.0263392654625 1.15404866836816 1.09230500060903 1.01549918465048 1.01057618806922 1.1236934165741 1.03413254694994 1.02699694189519 1.08007627579329 1.02424805743188 1.23601555424366 1.19902620839176 1.09010025820364 1.00626221907559 1.03920936602786 1.10362423535525 1.03069048195011 1.5792619483415 1.48041083605184 1.20182641938479 1.28220443330152 1.10685142030315 1.10993269868831 1.39132752688671 1.22789016137498 1.19228992651534 1.05053891779664 1.10791860707268 1.37113472824505 1.86490539810765 1.90916383388478 1.17371038921604 1.07088566056323 1.06366491677808 1.16450830285258 1.11538895396377
1.01674050231343 1.031710077462 1.00844106365858 1.0080657863972 1.01460891343373 1.01068713395501 1.00913527967235 1.01870268136516 1.03046393522325 1.08761472876857 1.02519275287678 1.11324004500919 1.06005223456573 1.0172396447415 1.01026971860354 1.13655892087615 1.00980946710705 1.01356124946668 1.07678517789653 1.03713901465767 1.41152586545438 1.27042326145566 1.03909494241927 1.04127103256285 1.08881535042078 1.03837032691423 1.39805129244039 1.37156189317117 1.20785083100853 1.39489001578475 1.2730889884289 1.08065198247844 1.11408993186002 1.22351377785815 1.17128115900153 1.27742930370202 1.31527332245483 1.09867033630428 1.05573149182012 1.21804695119777 1.0986381451132 1.07828746566788 1.17923543889951 1.11205837368682 1.05574808164723 1.06592538211176
1.00883823587183 1.02878682117161 1.10024644184407 1.00661420820227 1.00989771467176 1.00802965691973 1.0137951050365 1.1149600584915 1.04649048354858 1.03760322772532 1.05146270989282 1.24275241114533 1.34269980344935 1.08804165048253 1.10577423376338 1.09772758662022 1.00731767063179 1.01674439853089 1.06590640296361 1.02507576378764 1.39007352313079 1.59323685619381 1.11916052156156 1.09949364252718 1.11640256174825 1.30425469222492 1.34357249591686 1.08385876673203 1.05391622539556 1.09894732654527 1.11355749097554 1.03764294285427 1.20814288023287 1.27181281770015 1.28966419177061 1.33802896989355 1.36238113674757 1.22127342923651 1.14856918831065 1.09145608228755 1.09937137827972 1.12338881988221 1.36885361118752 1.04183194386126 1.03379010809072 1.054333770827
1.01096249983266 1.18782509667525 1.21952666294575 1.01306246685331 1.01044638829708 1.01011871811768 1.08144872825905 1.09032251075464 1.03912165493491 1.02312589584486 1.06001361586093 1.29357012636875 1.15492370214359 1.01198982895242 1.05285906458859 1.02907053341887 1.00705718876161 1.02135326626852 1.02577928794509 1.04590174035201 1.14268762706307 1.2620502733331 1.34667083536796 1.194680814268 1.27364872246641 1.96648387939903 1.1343616102911 1.09241168790078 1.02379344343781 1.05371843371257 1.13494495634123 1.02642351707685 1.14902738454338 1.07839766332055 1.05104976600478 1.11775947078086 1.17952158340944 1.15589210569984 1.19050350168413 1.30659366844874 1.12403881774299 1.27431180926215 1.17479561604035 1.04876354962354 1.07233416240271 1.08741689840335
1.20533103981751 1.23936849596772 1.41947770990641 1.06664075695368 1.01007830403084 1.01249304322925 1.02058293371812 1.00687006258612 1.00632950540474 1.0149977030999 1.04807967451039 1.08968127010072 1.06281138544178 1.02451930854533 1.02804629637638 1.00900905739145 1.00973881023172 1.01452929734131 1.01337280104033 1.04401365623875 1.06708454451705 1.33933291507981 1.62931138784399 1.35864249753659 1.74495368005568 1.30097064959777 1.12273502220838 1.20427603726055 1.27421845935872 1.21692156409563 1.0671814556104 1.01937506822127 1.05493039915339 1.10679210688876 1.14288714270529 1.06659434025313 1.05831367740553 1.14085324022831 1.05352780314406 1.06617845260129 1.16851384589911 1.14551999717557 1.05864082228672 1.0537123371798 1.05879098527043 1.03820155663261
1.54498476387616 1.17629534457666 1.21838680002858 1.10763223523031 1.36104975260274 1.04166075457554 1.07797956320732 1.00840884462539 1.0081783084384 1.03012269980345 1.0342024244761 1.12339938199993 1.48406139056464 1.06638167971071 1.06035459983891 1.0121100003714 1.01306812869982 1.01241510197825 1.01716550493504 1.04043133455969 1.03640193705338 1.19410988572398 1.1558700667128 1.24260349321091 1.34739480310554 1.07974805172944 1.04868797096721 1.05479856328961 1.11834833884404 1.26620850106143 1.03499999193879 1.01496452572765 1.08688936632449 1.136328859951 1.15058826473202 1.11622099639173 1.13350771320939 1.19703840534953 1.20734834856324 1.13116163912715 1.11874304783085 1.06278986066054 1.06751316947241 1.04588754334499 1.04490093925409 1.08001510194189
1.32067039267768 1.25056484204378 1.13316555148582 1.29625089779555 1.15499885098137 1.38543914066083 1.32264240340223 1.1574292357119 1.20944220784747 1.18436768995652 1.05631069303199 1.35556346793152 1.32159563543372 1.08004953813186 1.01373946281529 1.01119113013533 1.00636673848658 1.00779934109484 1.00798047070809 1.02104139927379 1.08043981379554 1.10851380141028 1.09985281647741 1.14383640029715 1.11094114109537 1.01988139366355 1.02139560907157 1.06464017650825 1.13617486224425 1.11602724156354 1.16829470994885 1.05315214039731 1.04449195453644 1.10799136806369 1.11037987895744 1.06314269947471 1.08036962361275 1.1388186090033 1.11243213888989 1.04759192497177 1.05522033913296 1.02907700301909 1.03278333625721 1.03250780951155 1.05398723733358 1.1274936305194
1.02715709896949 1.11507207227824 1.06401998657609 1.19353356290011 1.20198120004752 1.52660125346081 1.54099596640908 1.60792019699898 1.21470241030166 1.33021164009352 1.31471130805507 1.05215042162718 1.02393893070125 1.027449775552 1.00998767505451 1.00603342592834 1.01019509677729 1.00866801945291 1.00867549050302 1.0084522535347 1.03257949997323 1.05587504129594 1.04779256267584 1.10631051673044 1.04498765619641 1.02522661763654 1.03963490675757 1.07029130129533 1.13510438903699 1.14501544871252 1.07812320091191 1.05614243845077 1.03602586929054 1.04778945380024 1.03655977385254 1.08214571645781 1.06116059693454 1.05982622606276 1.09396372531822 1.07211262459142 1.03782561472106 1.02403380803808 1.02171932539227 1.03293923733666 1.06503253926352 1.07092292382972
1.05585322754385 1.15215213662157 1.08808574449348 1.02416720716648 1.06012224027812 1.07036687518668 1.14494666406389 1.0736113187665 1.07417420653301 1.1824473849623 1.11963177533788 1.014933304473 1.01662157337313 1.01001851007844 1.12348772159075 1.13554920005398 1.02154616924173 1.01085122799508 1.00877896040158 1.01140522847781 1.01208803425249 1.01986978363369 1.05065428521011 1.057426180099 1.04093623804214 1.02215319511438 1.03258180406681 1.0544010585293 1.07677324506337 1.14160869510631 1.02735948598719 1.04426661043717 1.02441553598207 1.03535314832257 1.0245023161849 1.04630341252757 1.04993809340133 1.06908492250408 1.08698751548442 1.08124673827123 1.03770535301522 1.01710940190802 1.00836941012229 1.08072895071385 1.36441230142431 1.07614407981098
1.05404541617967 1.06355538870681 1.1035721773523 1.08429674557419 1.08911606245045 1.05942409514788 1.06969256730433 1.04933894519466 1.01385542478441 1.09954676395048 1.25074308634688 1.14694279985608 1.0377138732997 1.09115299714479 1.16600656111309 1.40528098644017 1.10279314626323 1.01080556625142 1.01975964970449 1.02368830791682 1.01592545453869 1.02529780532945 1.05713197100113 1.0480738941177 1.03012461384218 1.02572789564121 1.03184500845544 1.03642460527176 1.08056545254528 1.18804906659056 1.03712941177285 1.04442895204045 1.01874059462076 1.00850848770119 1.0094752735751 1.0346549434348 1.02700645425019 1.0431516854698 1.03656274903959 1.03787895462731 1.06114220986341 1.0175778570324 1.04890555227191 1.1097797997652 1.1970812045052 1.10012912815631
1.0061568239228 1.01114174893255 1.04070749390694 1.08407139811248 1.07655799432926 1.10219240905585 1.06582997186549 1.09724458634684 1.05290470820323 1.05407841767508 1.08094811447003 1.12675426551638 1.13755590462032 1.19394580857528 1.07907914208206 1.08595321658928 1.11818886279672 1.06710522641511 1.07885518123827 1.06378900467225 1.05538345137748 1.07729720984138 1.05965432953238 1.03773132645357 1.03107418466651 1.01847908343471 1.01574182067917 1.02616303250332 1.0678380995044 1.06865439715386 1.0412470705849 1.03262254418899 1.01560482291154 1.01219356062233 1.00795406464783 1.02510038375879 1.0203724196348 1.0182321969355 1.03220336693171 1.03104412349481 1.09088765030013 1.1533350339938 1.07332418858522 1.3695355667042 1.12265997510438 1.28639773027339
1.00126346336989 1.0014399477359 1.00303212836943 1.00520133979764 1.01483382094543 1.02887720781092 1.02741178680164 1.08335505084876 1.04810508201987 1.0655341309215 1.05619793914286 1.06308659761586 1.05367331870189 1.07425677725141 1.10323883710832 1.08056843000302 1.09630124555487 1.10797670295732 1.05569847143515 1.07330541441111 1.08975602656245 1.06796690013802 1.04586910108161 1.02029589023744 1.02666412393625 1.02409638725407 1.02285637000067 1.02027793561012 1.04069362436055 1.05899656858999 1.02139195376175 1.01088609596932 1.01386195552594 1.00742476696588 1.00401983443568 1.0078387155246 1.00218411753388 1.00657736668518 1.01091756522591 1.03132260036662 1.0254374231082 1.03316982403697 1.01798704100248 1.07197526608998 1.22641447649687 1.3506985644473
1.00055618706852 1.00063327799826 1.00150141086453 1.00128391559463 1.00118416794875 1.00092526070279 1.00196828833794 1.00167072620656 1.00205485172139 1.00310008158694 1.02021061258926 1.02722610995186 1.01237999300952 1.0479068075974 1.06148192490167 1.08867931522371 1.0847061705885 1.06202395394832 1.0524166423978 1.06433022515089 1.02847763183409 1.03779619831027 1.03315652812671 1.04740261442323 1.03946054323668 1.02427194486012 1.01805255311704 1.02733941225681 1.03626567788255 1.01487593554014 1.01143949501491 1.00949379398791 1.00517114542658 1.00503850655468 1.00104024095975 1.00521573547585 1.0030485057934 1.00197876387352 1.00355096380353 1.01032467548853 1.01098641470878 1.02888317440007 1.03077222658852 1.0458134218692 1.16116105712323 1.23107784189384
1.00123213684449 1.00086852728945 1.00068651308036 1.00041855546843 1.00167486350261 1.00672587450794 1.00196238082357 1.01885684964935 1.01982576407055 1.00081854384671 1.00082515784667 1.00170997250761 1.00223368214546 1.0174282972055 1.05199803460965 1.11468459697928 1.04965739516902 1.04686479892378 1.04531876647266 1.07529595470703 1.06614671614076 1.06012739353991 1.05474092094315 1.12345346996017 1.06400185803073 1.04090768321466 1.02049060331438 1.01923519736072 1.0106971425298 1.00502429875954 1.0038485070574 1.00501964741984 1.00146164001941 1.00138190259499 1.00121796882303 1.0074030501423 1.01640517606893 1.01191571264524 1.00917310995738 1.01057418957463 1.01024554612928 1.01135979286749 1.01975499499367 1.09256568807598 1.02599970868054 1.04805818419398
1.00497338212326 1.00317629610505 1.00228659233962 1.00082745446543 1.00152792365236 1.01576881931035 1.0040878074239 1.01620046742774 1.00610736404488 1.0001562127784 1.00020856735513 1.00046394005119 1.00068783899697 1.00099314833114 1.00362750567813 1.01272057298098 1.01681306886006 1.03246299300144 1.04793058735911 1.05864444470807 1.04326351915219 1.05014974038762 1.15698180989039 1.12701380831693 1.10322676571976 1.11850009514238 1.16122543799857 1.07053773070663 1.02006857907321 1.00366430250471 1.0021318144933 1.00094370400404 1.00085067038668 1.00085203693924 1.00280062617831 1.00613780046282 1.01161859839646 1.01217095603211 1.008617673506 1.00817653313214 1.00932545765438 1.00968181443569 1.00919998450791 1.04293994838706 1.04992054246261 1.0496997937684
3.17816224205533 1.02744630773753 1.00699991485822 1.00487898276309 1.00447361728466 1.00301388549858 1.00294538886403 1.00380269066706 1.00024269320774 1.00006515870181 1.00000085481361 1.00003567086994 1 1.00001387363448 1.00056182965741 1.00075986118307 1.00089380905596 1.0015257136219 1.00226379268874 1.00316163015896 1.00181911439204 1.00150857481406 1.00453763111666 1.0541364718383 1.10156818940048 1.21419557385792 1.3419605527953 1.16447475718651 1.09262987940077 1.02707649864662 1.00461383450344 1.00108409830809 1.00076589814253 1.00252420184593 1.00495324238693 1.01480326593615 1.02391306502345 1.01448919656319 1.00919144691985 1.01894479002201 1.02195300265127 1.0253574806949 1.0368598937758 1.01179497526656 1.02845109592832 1.03352307953619
2.73335737648164 2.46585774332646 3.68599808797474 1.9698775299231 1.18655801892 1.03713797451827 1.00456697785449 1.00253407473569 1.00136042222908 1.00035512461036 1.00012870957898 1.00011514638722 1.00005341999978 1.00011362532171 1.00003974658509 1.00004812477281 1.00005168932705 1.0002705759901 1.00041077312103 1.0004254700971 1.00091280049046 1.00088963680722 1.00078899584445 1.00202697314671 1.00218727342517 1.00859848946003 1.12354515067198 1.18920829940865 1.07941050811874 1.04121540148454 1.00557774742376 1.00135589863662 1.00136994275527 1.00262753731992 1.00752319609005 1.01645025205756 1.01743780776895 1.01001187065832 1.01188169453662 1.01778127759508 1.01903049716791 1.01377076862176 1.02287433894024 1.04082837989665 1.01392588762854 1.04938844204199
2.54616122340924 2.91914530092651 3.75183060162682 3.85491144434674 3.65316368242734 1.98482921752603 1.50656269730885 1.06843234961447 1.0039948459111 1.00128034165509 1.00016411052198 1.00053896472888 1.00018880640938 1.00042820513783 1.00046933070549 1.0002550604028 1.00036205817362 1.00018335349518 1.00000579283868 1.00000011729844 1.0000356239078 1.00042069297773 1.00053836604374 1.00058681226819 1.00078803880853 1.00127633893047 1.00522201969783 1.16095862252594 1.09778578224361 1.04604887345665 1.00592637438921 1.00686608525082 1.00797970918981 1.00637751956661 1.00963743573488 1.01037616263761 1.01403225416936 1.01465851892972 1.01132465130405 1.01736296622975 1.02371312663705 1.01282136201799 1.01459636239867 1.02189252633496 1.01262381000162 1.01457655312533
