0,33.7970270272036,33.8952971596742,34.2384212318256,45.250403594019,43.2989850280044,47.9330215895485,42.1911435321872,68.2873042131083,66.7241623522919,90.8089358341816,67.4609239736605,67.7383258886412,68.2602369838949,77.8461724543969,70.0171362840907,58.7187825932447,61.2386604007635,60.3214493702551,59.8112599952994,51.4143344164284,52.369635938508,51.5418703321453,81.1038702243141,86.7408297075973,91.4106591687145,93.2080571390412,91.5701787774196,62.2576157649323,66.0211621533622,66.621582348782,72.2667566962738,80.3558320563465,53.4082851163888,67.1895049609797,68.5502867493965,65.0296965791073,84.1668124337424,83.559655265543,84.0392885704483,89.9150047470607,92.7426988695289,95.2193207252449,95.1200955119709,87.6136076600222,89.013945393476,87.4147087637186,88.9702104801285,87.6029199515039,87.0353435579014,88.1449399762739,56.6110583628699,55.6340391948688,56.8645092320012,56.2855288173032,57.6480543066351,56.0966316427974,55.6090235276384,46.1470866667645,49.2943964534856,48.6232483590159,47.5934819571816,46.72546177796,71.079129059834,57.6980963171718,60.86706966977,89.2345746859305,89.3421856609632,89.1149410185886,88.5465725439989,87.7519912026533,92.9383554159998,86.881717836696,88.7621903918057,87.9734932829166,61.266698288316,60.8395945711083,96.3866279196252,52.2235233228924,54.9288460494236,66.541968916395
33.7970270272036,0,37.8383787297021,32.5806392044731,39.4660089365344,45.1702655474596,49.2062005468768,41.0013434164381,69.0644419836484,67.5057025889378,92.5302126044923,68.2757763808199,68.5431855508419,69.0582982741823,79.7611499366536,71.8638083259622,60.0103080314097,62.5566298795211,61.6084685054032,61.1392369322582,53.5993829536421,54.6033695560862,53.7945276546941,82.5617701102773,88.5971607590122,93.2494055047225,94.4781233783888,92.8970591479894,64.2703720430267,66.776668762598,67.3649963898492,73.0515104018146,82.2026276410477,55.6733618529497,69.0123609461648,70.3745897501697,65.8682999931454,85.9284512969308,85.3246517317683,85.8000310884,91.6560471497762,94.4823458185627,96.9555353089391,96.8550459664828,89.3516961582843,90.7594770492151,89.1554236448954,90.712744552938,89.3445826920476,88.7762619363368,89.8933219622617,58.2330850639593,57.2835300333628,58.5373238543352,57.8004802770369,59.5154796629194,57.9601502694276,57.43510109749,48.4027985361038,51.677836333485,51.1269907568782,50.144314421995,49.4412147569564,72.3048738101578,58.4712885492758,62.0247059620834,91.0157924355983,91.1282575210277,90.8988204412647,90.3282534965414,89.4720778886896,94.6590171694228,88.6141062119036,90.4954895320696,89.6815916232247,62.7465048801621,62.3319065159015,98.1120770481312,53.9961626381358,57.6626302617333,67.2539840839996
33.8952971596742,37.8383787297021,0,42.5409239410842,49.5579530736936,35.0918684806004,43.8182227759794,36.1730099090944,69.9924026504486,68.4113748088971,91.9930372004376,69.3036667247665,69.5700068746965,70.0375355062029,79.0875399749062,71.1784598423146,61.175825428276,63.6683417190448,62.7581068699337,62.2578021856325,53.8212731001202,54.5716140489307,53.8327925870918,82.0029244820923,88.0800454706481,92.7248974269969,94.0779688374781,92.4305370974402,63.7193654988282,67.2166007797308,67.8000109013494,73.6447035290737,81.6553028495015,55.36979206793,68.3081033683052,69.6528493763347,66.9378967425382,85.3822332219226,84.7787741860396,85.2557784724364,91.1083011821014,93.9358434772209,96.408095459066,96.3089173504259,88.811058886717,90.2181896073483,88.615391401504,90.1715337676046,88.8048490411658,88.2355326504299,89.3520033234782,59.0922692199273,58.1388137136859,59.3209672820421,58.8004697919962,59.9703747380235,58.4686970178352,58.0260770460638,45.5361550130595,51.7902242160651,51.0812292308797,50.227532660292,49.3044211487729,73.445111545879,57.1742509450975,61.5975139608344,90.4776801877094,90.5907106860991,90.3608355694586,89.7898195128525,88.9315325712269,94.1177923600299,88.0737284580536,89.9546578894702,89.141897743155,61.9059986236456,61.5277981230929,97.4343728248782,52.5116716232254,56.5308211234336,68.2288938682764
34.2384212318256,32.5806392044731,42.5409239410842,0,33.8399432242349,47.2679910526304,49.9385702678658,44.1840887488059,65.5892494370674,64.0501636129231,89.5780735607121,64.6404170795448,64.9212693314639,65.4988048297795,76.7467758535902,68.9260762879753,55.6790540442848,58.2619418802523,57.3017045309012,56.8251340072393,49.4700892742924,50.6897784861445,49.7986505223354,79.8912928784345,85.4917909481454,90.1685122523006,91.8514084404335,90.2740584380307,61.047034684845,63.8785736406315,64.4883885774361,69.943396823328,79.1354620675638,52.000129723617,66.1151292950096,67.4920511474702,62.1567425943861,82.9446647371592,82.3372103493977,82.8152919695685,88.6941467623009,91.5206693878574,93.9981429813098,93.8976845391745,86.3860839048105,87.7870756377078,86.1866343366483,87.7432507353273,86.3745714351316,85.807923120323,86.9181166135222,53.9119491845341,52.9395694326784,54.2505783425896,53.4266869652791,55.4005856234538,53.7929513764665,53.2141277358238,46.8000675867189,47.5191873082173,47.0441295098244,45.908198485952,45.3181310522786,68.0777848175512,57.2257627813711,59.5459785716529,88.0049289301739,88.1120355988911,87.8851908278818,87.3172325156911,86.5242681811107,91.7112702854327,85.6539163299277,87.5348190058434,86.7448964634456,60.3085306739933,59.8490958722769,95.2855376308625,51.8160432796697,54.4115743479166,63.8089757574025
45.250403594019,39.4660089365344,49.5579530736936,33.8399432242349,0,52.9768877849088,55.1443749034743,48.757168228255,69.6964403660359,68.1640875852107,94.6196352506303,68.7729932270931,69.0440659652412,69.6203343326488,81.9533027251849,74.0746417948197,60.2835228224677,62.8937820780024,61.9011144940702,61.4678511320572,54.9715248607419,56.2103606807143,55.3458394530334,84.710277716171,90.6513351560959,95.3126267250544,96.5077473787789,94.9812050104369,66.3400269270198,68.0301748111583,68.6316394023346,74.096215850921,84.2861595490939,57.5262294734146,71.2434488381222,72.6214710005969,66.3083444318291,88.0213418200639,87.4168129740114,87.8912024392116,93.7528933721403,96.5782051996324,99.0526909966515,98.9511354146506,91.4422822550473,92.849754957888,91.245123577138,92.8033190820594,91.4338881121314,90.8665862873504,91.9832790495786,58.8624739810291,57.9214235658146,59.2508994457072,58.2693161703105,60.5862415265959,58.979492080282,58.3675782389441,52.2642470709142,53.2106764912892,52.8298211628515,51.766843379553,51.2951543586233,72.6130416887628,61.7456563895128,64.122027906541,93.0987368952603,93.2100803708702,92.9813199157757,92.4114406365094,91.5647911024165,96.7522935196122,90.7051505684706,92.5868450539642,91.774987143361,65.1646199188757,64.711912413916,100.331451609072,56.9248073385405,60.2609258769228,67.8489993147686
43.2989850280044,45.1702655474596,35.0918684806004,47.2679910526304,52.9768877849088,0,35.0938899244391,33.3162380888674,70.3978615742338,68.7996643760335,91.8894735108918,69.8331371745092,70.0902231476049,70.5079008694113,79.0480879098723,71.0571711504806,62.2426510525029,64.7119357825353,63.8075753799106,63.3157698488443,54.8727317527667,55.4508866880805,54.7918741145548,81.610659571211,88.1300289715703,92.7503051389915,93.6568579094375,91.9987946617308,63.8969462517801,67.1450849122034,67.7135330958578,73.7432307868155,81.666996220149,56.0397994765945,68.1438016747099,69.4729537999464,67.5258274839564,85.3100436594803,84.7102572080765,85.1846008216888,91.0141131912656,93.8414768502948,96.3093952797399,96.210236119579,88.7208488389424,90.1347528777622,88.5283818413437,90.0851893411719,88.7190721406186,88.1480485163963,89.271371718679,60.1814319125699,59.248158321019,60.3897448504207,59.9170530101744,60.927170123733,59.4688922216122,59.0640770924857,43.5392973441004,52.9394671497611,52.2167320823397,51.5134275533892,50.5749254794876,74.4338641470838,55.1780936390395,61.033041025897,90.4327993821134,90.5512015858031,90.3187243249112,89.745089323175,88.8234955504304,94.0096643703278,87.9780993973475,89.8594933481855,89.022753290779,61.2394539018618,60.9139435369697,97.1963203690789,51.471011669237,56.9824837446501,68.6252665761583
47.9330215895485,49.2062005468768,43.8182227759794,49.9385702678658,55.1443749034743,35.0938899244391,0,36.0475212144876,69.9536392270147,68.3390387961004,90.9372991657669,69.4988866512259,69.7485560024681,70.1210633861823,78.1645925363617,70.0920518017748,62.3654367723749,64.814531027296,63.9157493292283,63.4303445454591,54.9831754368476,55.4189006635472,54.828785269205,80.3720330937941,87.3260737676416,91.9227496136553,92.3916043147091,90.7212510269194,63.2217088946394,66.2592488969508,66.8151084728506,73.0134250552796,80.8269745926729,55.830573125607,67.1363443610778,68.4506800022341,67.242873520375,84.3884411658164,83.7922111966998,84.2639406162345,90.0711827413336,92.8983541591968,95.3620778990803,95.2629183089237,87.7816689717899,89.2021506907775,87.5922947669182,89.1497668171233,87.7841748005654,87.2115129774069,88.3414894097987,60.3174984234969,59.4007516577282,60.5080532558551,60.0775805080842,60.9486904345072,59.5277867164988,59.1552156525523,40.7990009497119,53.1419400261378,52.4179327693614,51.8366118916069,50.9021023754285,74.4914500037719,52.1160059299823,59.6215025233075,89.5374918278843,89.6610854604401,89.4260974686688,88.8499355918035,87.8670227115961,93.0531113251583,87.0336610350847,88.9155121692287,88.0554886390613,59.7123532357039,59.4434914827271,96.1139034364925,49.5533374675015,56.6740899587719,68.181129246374
42.1911435321872,41.0013434164381,36.1730099090944,44.1840887488059,48.757168228255,33.3162380888674,36.0475212144876,0,67.7442910772552,66.1511224950562,90.3097656097838,67.2145485942603,67.4619940403772,67.87410260474,77.6798655385985,69.6324475773494,60.0471321923573,62.5414118206675,61.6088511338097,61.1534274427398,53.4696736320575,54.1459469728112,53.4772222547622,79.7958717755078,86.665249663354,91.2719015664226,91.6230562191136,90.0350237801358,62.5772774370596,64.4725839185928,65.0259127837495,71.10604471741,80.2021200465166,54.8325927797768,66.7036553974388,68.0394042121742,64.9289506649128,83.768934007098,83.1720484384576,83.6421332288301,89.4550473588479,92.2808121599942,94.7459313994082,94.6452715743795,87.1571305383684,88.5778643050188,86.9668371868909,88.5256027002892,87.1582892271564,86.5868829309832,87.7170368315609,58.2821686200633,57.3694414379235,58.5401395537673,57.9172050600326,59.2780684294345,57.804938991481,57.3575347028131,43.6238329930397,51.6699138084008,51.0538581733683,50.3298985802404,49.5346543187086,72.1821662910489,52.4227070352622,58.8774825357808,88.9068723453099,89.0294483175358,88.7951375250079,88.219666767786,87.243676996122,92.4305514720589,86.409218162556,88.2915538017661,87.4319874371955,59.5156405200378,59.1935410436536,95.6610021919334,50.2612104998857,56.3442204285912,65.9036373204871
68.2873042131083,69.0644419836484,69.9924026504486,65.5892494370674,69.6964403660359,70.3978615742338,69.9536392270147,67.7442910772552,0,23.2354443234449,97.5383615397138,43.120440821436,42.2317933206404,37.7029135279567,86.8851346689609,78.4472132463483,59.5220572514198,61.886695204252,60.6866231914103,60.8972104720792,62.8782939010328,63.9998635347461,63.3870439102426,85.5331664231764,94.9387332290929,99.4270430684692,95.3167503841718,94.5497615191619,72.0523230146613,57.7492941087837,58.9549082151368,57.154024187087,88.4996223634363,65.1972597038823,75.4500419698597,76.8709019305468,44.7006198802307,91.3712392503312,90.8004804966439,91.2286190223647,96.8956009896341,99.7041810182283,102.145686346505,102.028538610329,94.5407305659906,96.025862827132,94.3694267431691,95.9484947611607,94.5673946667095,93.9942736679043,95.1887381414447,62.3771748336042,61.9317342890111,63.1616871886458,60.8883126552065,65.9702394647137,64.4833364298984,63.6867721169263,62.3070894571783,62.2987190104337,62.3455983375392,61.8180482321943,61.7999111063575,69.1635741647631,69.2860839568036,63.5727565055158,96.6375136317799,96.7980968705336,96.547341299442,95.9554276881682,94.4786637625587,99.6735393948382,93.7445912104066,95.6365288774969,94.5647138147925,67.9198074391187,67.2790711610734,103.654445607177,63.149690235486,69.9104361603221,44.7122869128973
66.7241623522919,67.5057025889378,68.4113748088971,64.0501636129231,68.1640875852107,68.7996643760335,68.3390387961004,66.1511224950562,23.2354443234449,0,95.7905563789745,42.0110998335802,41.5113535221477,36.9086971075534,85.1956138146929,76.73834239204,58.1143929592855,60.4723065728269,59.2792033382208,59.4815650003652,61.3343797136648,62.4365490058177,61.8301745111829,83.7150533473561,93.240928555258,97.7225021518447,93.4444465427652,92.6982327756729,70.3987420299396,55.7745870392512,57.0113260491973,54.8157483209467,86.7965194681058,63.6110377137662,73.734309438501,75.1553405401576,43.387413627668,89.6379324498319,89.0683896665596,89.495028069762,95.1548870721543,97.9629725505391,100.403247941235,100.285650238748,92.7989993308038,94.2868190631615,92.6286538693343,94.2083664470376,92.8269695957573,92.253566117358,93.4507268691028,60.9074273436635,60.4579912624551,61.6823049215228,59.438032681171,64.4506600619569,62.9686984953202,62.1808385590114,60.6610154653271,60.7489155528564,60.7884495186445,60.2677717612597,60.2414573254981,67.7617616913827,67.6123379928104,61.7360195662507,94.9115215772256,95.0738888720458,94.8223210105902,94.2295928959617,92.730437487758,97.9255224724883,92.0008000278713,93.8930641168873,92.8121823302774,66.1538491300624,65.5084316798935,101.910995720789,61.4527927824432,68.3064805730563,44.0231205208449
90.8089358341816,92.5302126044923,91.9930372004376,89.5780735607121,94.6196352506303,91.8894735108918,90.9372991657669,90.3097656097838,97.5383615397138,95.7905563789745,0,97.4669072198246,97.7376182612435,97.8866308290094,84.7161210501993,74.033926510252,90.802031806895,92.9905582777646,92.2729474464322,91.6459824976557,81.2228598929016,80.1695189953939,80.4799883021807,90.7535220869216,75.2291583180666,76.2805438078061,108.567225963805,105.777104661156,73.4313214496132,92.3363754267703,93.0788879140872,98.9636372545346,71.5164289357088,78.9108807379556,71.8255445942814,74.394669067929,95.3728178338646,55.154200953044,54.869339973618,52.6334006650214,60.8427468710886,62.1082799319522,65.8603368033348,64.1146925913559,45.3672145511548,49.3565044584888,43.3251035968137,48.6984594540805,42.6794204367546,45.2571653150355,49.1331250072752,87.370133881384,86.5406931343144,87.1395479179516,87.8374918284703,85.5017670143938,84.7277214983936,84.9298644336666,80.0721139622517,80.9014278566636,80.6042354726843,80.9865144481415,80.6086464235721,102.799900897068,90.5328975286621,81.9547530192396,58.8097813547889,60.5001364193183,59.6994942804001,58.5801012717689,48.8873222056949,55.5059595774799,44.0370862804733,47.3439572244999,52.0675003025376,80.7457878733541,79.0696691790817,99.0393660317087,78.1033553956456,85.5533234160299,96.2922757238913
67.4609239736605,68.2757763808199,69.3036667247665,64.6404170795448,68.7729932270931,69.8331371745092,69.4988866512259,67.2145485942603,43.120440821436,42.0110998335802,97.4669072198246,0,25.4430363063012,34.7366933072157,86.5097630038008,78.1938516932632,56.4416348890023,58.739743716381,57.5084993817191,57.842294588827,61.4995033036965,62.7649641258476,62.1147185316952,85.9311926494767,94.5689852739394,99.0989983897615,96.0272406015068,95.1526787063635,71.4288309101032,59.8032764348308,60.9101860186729,60.4124341628782,88.1701221530536,64.1392377787077,75.2451024855982,76.6704003993227,32.111165922478,91.2183785045929,90.6403878106741,91.0767262671113,96.7866626610915,99.5976737922411,102.046739966905,101.931732800188,94.4350989903729,95.9047691199629,94.2579757225806,95.8337086722171,94.4538041753597,93.8826956291509,95.0616254058841,60.1334152833963,59.7682410174125,61.0171594488045,58.4441359349465,64.242400729087,62.7284799562265,61.854208263469,61.9327888789144,61.0228462787409,61.1446485203383,60.58735563305,60.6491987301465,65.4876611302551,69.2924318423701,64.2650652583875,96.4391452782241,96.5891272602746,96.3432588560604,95.7562494681663,94.4109755640224,99.6048896247038,93.6509002592761,95.5410997000517,94.5219063954203,68.1630642495415,67.5277460641441,103.612308223062,63.0405814418874,69.0951912593312,48.620375459666
67.7383258886412,68.5431855508419,69.5700068746965,64.9212693314639,69.0440659652412,70.0902231476049,69.7485560024681,67.4619940403772,42.2317933206404,41.5113535221477,97.7376182612435,25.4430363063012,0,33.1306901730261,86.796289864463,78.471575447351,57.0391234690236,59.3612265671902,58.12840041392,58.4438655596642,61.8661959922381,63.1193969443915,62.4711832513071,86.1657939829541,94.8598417044964,99.3868797981473,96.242634826837,95.3734741581743,71.7355315302372,59.8813274584325,60.9860153450582,60.500147809461,88.457347150013,64.477657474887,75.5188272446661,76.9432609441663,35.4960659838052,91.4940615711581,90.9165564605625,91.3524187884351,97.059411097447,99.8703112259396,102.318844973162,102.203748831549,94.7079061149754,96.1785611142826,94.5311859281606,96.1070917136091,94.7271653565607,94.1558875398607,95.3358091464508,60.612435469371,60.2337667543488,61.4843678365606,58.9467220030609,64.6592321075069,63.1463853440084,62.2803306167947,62.190301807681,61.3740633742898,61.4872944719779,60.9300905510925,60.9831551927434,66.218072021681,69.504380086362,64.4639156435245,96.7180928886056,96.8687862894271,96.6225836324996,96.0352384490173,94.6813054453199,99.8752552050891,93.9229374164776,95.8132327949307,94.790640317091,68.3926454979365,67.7591858935986,103.875460409177,63.2862778653451,69.40137393116,47.9582725441408
68.2602369838949,69.0582982741823,70.0375355062029,65.4988048297795,69.6203343326488,70.5079008694113,70.1210633861823,67.87410260474,37.7029135279567,36.9086971075534,97.8866308290094,34.7366933072157,33.1306901730261,0,87.0810026196479,78.7054313438452,58.3146560085562,60.6440161891389,59.4280225140858,59.7027601672642,62.5576724789266,63.7537311641042,63.1216965337071,86.123004017806,95.1355870573016,99.6451350598296,96.0658703139655,95.2447033878723,72.1206211682237,59.2628630582818,60.4185507121333,59.3053574600857,88.7172916729182,65.042735210356,75.7332317439589,77.15659719049,39.5966732762509,91.6784253944299,91.1039961683651,91.5362620163444,97.2250741872654,100.034863344815,102.480218450905,102.364131072243,94.8717487864234,96.3490588131806,94.6974856723419,96.2748851292154,94.8943643592295,94.3222807611694,95.5088852151296,61.6056524768698,61.2021507441175,62.4417885623083,60.0125038334005,65.4670571813433,63.9662749331653,63.1293665960177,62.5130313311535,62.0322188659411,62.1182448834832,61.5755550711115,61.599220289547,67.643540414924,69.6961783905243,64.3240623074215,96.9215099631459,97.0767137297152,96.8284409084437,96.2390188936634,94.8289066782062,100.02330821275,94.081654614337,95.9727199499866,94.9275500767656,68.4388526723259,67.7997738054885,104.020321791196,63.4907505159073,69.8838815002651,47.4204245809942
77.8461724543969,79.7611499366536,79.0875399749062,76.7467758535902,81.9533027251849,79.0480879098723,78.1645925363617,77.6798655385985,86.8851346689609,85.1956138146929,84.7161210501993,86.5097630038008,86.796289864463,87.0810026196479,0,51.8723228928602,78.2464882720343,80.4083496722052,79.7397139863243,79.0351890362338,67.2074355188629,65.800081752547,66.2463473906896,85.268633877524,78.961891229286,83.5538675128758,101.756484191791,99.0978413974077,54.4073514998867,82.605055523565,83.2963095297299,89.162288277951,70.6564069009654,63.9897687504032,53.7493670171544,56.0229165383173,84.2671457417672,76.7610840569184,76.0898932478742,76.7497624431706,82.9559116848685,85.8657933432139,88.3955802306707,88.3760006125222,81.0066839122816,82.2102206287867,80.7746216124828,82.2377174175363,80.9549653951164,80.3603694429061,81.2757355544983,74.2161413342457,73.3463778810694,73.888281015092,74.8749148365551,71.8374211231058,71.1022665106219,71.3972371286131,66.8621705856728,66.879053247602,66.5133306726085,67.0602694778657,66.6289871206399,90.4345111368529,78.5905589647142,72.7317245700969,81.8172377490954,81.8515902358362,81.6468669153998,81.1007214341888,81.570334320572,86.7200999662428,80.4157508343807,82.2572152318554,82.1147289646323,70.0345019218168,68.5910180858541,90.212269712481,65.2026584155966,70.9412111488365,85.5372992172973
70.0171362840907,71.8638083259622,71.1784598423146,68.9260762879753,74.0746417948197,71.0571711504806,70.0920518017748,69.6324475773494,78.4472132463483,76.73834239204,74.033926510252,78.1938516932632,78.471575447351,78.7054313438452,51.8723228928602,0,70.6308790071689,72.8172380081707,72.1179893299702,71.4548116017434,60.2546750356361,59.0409806391758,59.3855282631047,74.6293561540848,70.3847535370721,74.5884648882576,91.843302329598,89.0347850107623,50.8979571165428,73.7625700854514,74.4597507457554,80.4088980581243,61.4820513551192,57.4760864364466,32.5443615202953,37.242844409635,76.0114677891946,66.2329235304565,65.6140225100552,66.2805806875826,72.1303997074684,75.0693967022519,77.5258852478487,77.5392592628551,70.3998195148014,71.6668426000896,70.218830530349,71.6623246292848,70.4203001472999,69.7829681569713,70.76427605318,66.9321263105045,66.073031034939,66.6694081221805,67.4708449357109,64.9162962097172,64.1186651138568,64.3402242184285,58.7684686133593,59.8153829123777,59.4299889044609,59.8837738638537,59.4236896566302,82.7399736505143,70.1067965900757,63.3224620273259,71.7913505394376,71.8997329069854,71.6559705288222,71.070251970666,70.7607478048339,75.893676457428,69.7522404135986,71.5884818630328,71.2004320411386,60.3999613906739,58.7699449955181,76.3053144647755,56.5873817837401,63.752708450022,77.1125200083568
58.7187825932447,60.0103080314097,61.175825428276,55.6790540442848,60.2835228224677,62.2426510525029,62.3654367723749,60.0471321923573,59.5220572514198,58.1143929592855,90.802031806895,56.4416348890023,57.0391234690236,58.3146560085562,78.2464882720343,70.6308790071689,0,27.264716206421,20.5415671622279,22.2016696790518,47.369531254927,49.4728488334571,48.6794256232705,81.9811217284454,86.1893267771951,90.9635118882385,93.7266632830663,92.3035389116218,61.6591492397609,63.2631571036951,64.0565161143127,67.4602629908837,80.0486662161141,51.955816257159,67.9735003821527,69.4391260480582,52.7665683690079,84.0993774330946,83.479957607925,83.9613619550968,89.9187736092628,92.7424237546043,95.2353591063888,95.1312748520127,87.5792522537306,88.9616516281357,87.3684745735974,88.9263716839995,87.5518578012347,86.993135726096,88.08432469601,37.8087400176775,38.4190455513472,39.6856409654432,33.7476614991337,46.6075395613836,44.9989009305718,43.5255535961908,54.6750588064742,47.9407635163708,48.6259658091933,48.0657075950846,48.6905400923488,42.4478237654918,64.3559067700803,62.0382140394507,89.0537700541023,89.1429547960718,88.9252832139178,88.366578009981,87.7707233539043,92.959818968628,86.8626795354585,88.743430499538,88.0222808605126,63.6340193832465,62.9862376403978,97.2443639464298,56.8734664772153,58.9552482658571,58.792328789916
61.2386604007635,62.5566298795211,63.6683417190448,58.2619418802523,62.8937820780024,64.7119357825353,64.814531027296,62.5414118206675,61.886695204252,60.4723065728269,92.9905582777646,58.739743716381,59.3612265671902,60.6440161891389,80.4083496722052,72.8172380081707,27.264716206421,0,22.6930635710185,20.0004283251096,49.4513682133917,51.5220098454807,50.7642231004353,84.2739454066776,88.3116679960221,93.0962885371978,96.0556953189444,94.6236410845944,63.7493727398608,65.6790853702581,66.4759944040708,69.8546582322715,82.1872437571646,54.0270211615182,70.1730177466878,71.643207557476,55.0110467086764,86.2734308740999,85.6524511875662,86.1351361366521,92.1021616408129,94.9260117198156,97.42071352672,97.3167543872484,89.7616146694267,91.1410070754196,89.5495001281168,91.106999257174,89.7323732103138,89.1743035506692,90.2624559511179,38.7108370336657,39.8199895693745,40.5224371296498,35.3909841598041,47.9224096789588,46.43683945688,44.9640387122695,57.0484931637581,50.1584764782345,50.8692365328279,50.361813365809,51.0001140002644,38.7097720797472,66.7776629199404,64.3968936623901,91.2165230781782,91.3033965104557,91.0868346832778,90.5292453147151,89.9608234509442,95.1498839768642,89.0474225067921,90.9279267686139,90.2172635252093,65.9563011455447,65.3017331876328,99.4700425032931,59.2057719689538,61.2273085582295,61.2337444356767
60.3214493702551,61.6084685054032,62.7581068699337,57.3017045309012,61.9011144940702,63.8075753799106,63.9157493292283,61.6088511338097,60.6866231914103,59.2792033382208,92.2729474464322,57.5084993817191,58.12840041392,59.4280225140858,79.7397139863243,72.1179893299702,20.5415671622279,22.6930635710185,0,20.4015615446166,48.9647607817494,51.0363928861306,50.2585469555093,83.4312670141375,87.6727825091238,92.4454843631847,95.1564490566076,93.7408686305303,63.1597922414508,64.6094747730852,65.4084922729107,68.7457110680179,81.5321256065615,53.5012949665564,69.458944031431,70.9251421156673,53.7690233500273,85.5745161253006,84.955411721607,85.4363507716639,91.3919637603221,94.2154372931907,96.7080714438513,96.6038207920163,89.0519199296344,90.435064864339,88.8413779552431,90.3994907236654,89.0248436974174,88.4660817757327,89.5580163822064,39.1947828448804,39.9699858839076,41.0145358416063,35.5038411794348,48.0127952382051,46.4535572606462,44.9974205245233,56.2090386479078,49.5558587369413,50.2357254405555,49.6924953062904,50.3080090958393,40.7267252209636,65.8551870126752,63.4732656133079,90.5305595017214,90.6201996320281,90.4023280566253,89.84342263252,89.2416387621655,94.4308134608481,88.3347841880628,90.2156388350707,89.4920048916819,65.1021404463452,64.4528695077487,98.7204113977883,58.3750587116538,60.520262279196,60.0266666861514
59.8112599952994,61.1392369322582,62.2578021856325,56.8251340072393,61.4678511320572,63.3157698488443,63.4303445454591,61.1534274427398,60.8972104720792,59.4815650003652,91.6459824976557,57.842294588827,58.4438655596642,59.7027601672642,79.0351890362338,71.4548116017434,22.2016696790518,20.0004283251096,20.4015615446166,0,47.9465851652737,50.0493535988397,49.2797946715039,82.9692034145825,86.9426091353966,91.7305548606502,94.7789030539642,93.3372646656091,62.3561818881627,64.5061706610673,65.297704032708,68.7425409429165,80.8208490508558,52.5798527564537,68.8145988102149,70.2849340171653,54.1727480196442,84.9219009854088,84.300322524917,84.7837218713757,90.754281202869,93.5783549002627,96.073674563847,95.9699155883172,88.4141276964355,89.7922175656202,88.2015373935591,89.7587379017309,88.3842369540469,87.8263183403654,88.9131632244506,37.1340851810489,38.1505780318874,39.061156816172,33.2787660295855,46.5065489618366,44.9756525598825,43.4742720154291,55.6679392761445,48.657816471309,49.3800395785831,48.8634037930097,49.5152060969859,40.918502371657,65.4431794585901,63.1196584912394,89.8613415981775,89.9473410398773,89.7311786738586,89.1739900204637,88.6165090629359,93.8054785406632,87.7009373615842,89.581288906851,88.8750436078067,64.6374108494787,63.9832592664114,98.1261490261576,57.8527373197788,59.7944244334633,60.1831571984048
51.4143344164284,53.5993829536421,53.8212731001202,49.4700892742924,54.9715248607419,54.8727317527667,54.9831754368476,53.4696736320575,62.8782939010328,61.3343797136648,81.2228598929016,61.4995033036965,61.8661959922381,62.5576724789266,67.2074355188629,60.2546750356361,47.369531254927,49.4513682133917,48.9647607817494,47.9465851652737,0,26.4580396868591,21.720034196343,74.7910865784908,75.2166482088187,80.185561856593,87.9121397453566,86.0601320254736,49.233218500611,61.9631781035495,62.6522700754833,67.6399205218822,69.2567999788759,34.2381762992729,57.8660665093549,59.3684874645802,58.7598645060413,74.1441836631605,73.4907070407428,74.0098507087942,80.1706360983336,83.0049320581963,85.5340093026618,85.4391323095956,77.8424004804018,79.1528418891207,77.6040982834917,79.1470154920936,77.7773347261479,77.2285285393798,78.2473951325462,40.8028665484507,39.4828664005966,40.2308629674929,42.1580456429131,38.0107901350696,36.0952496549169,36.2185425396063,45.9145934606878,26.5412893320567,29.8736130153724,31.0911346106475,33.1025191508162,60.3391318643119,58.1075585823969,56.6212089119683,78.8830947462456,78.9226600851353,78.7278999933452,78.1921939697084,78.2114840887311,83.3965482616141,77.1815340220867,79.0544195592348,78.5791912748821,56.3052004249691,55.5834404876455,87.9479112003657,48.4416637889308,45.7258416462564,61.518189018981
52.369635938508,54.6033695560862,54.5716140489307,50.6897784861445,56.2103606807143,55.4508866880805,55.4189006635472,54.1459469728112,63.9998635347461,62.4365490058177,80.1695189953939,62.7649641258476,63.1193969443915,63.7537311641042,65.800081752547,59.0409806391758,49.4728488334571,51.5220098454807,51.0363928861306,50.0493535988397,26.4580396868591,0,19.6250137557525,74.3686744753411,73.8122005763943,78.8306000712018,87.7799344014593,85.8471365722891,47.3681562444286,62.5995435738727,63.2838450083474,68.4178970477564,67.8983673027338,28.6618225244044,56.7339881855628,58.2535834782687,60.0966240916638,72.9989029901608,72.336782832892,72.8650292295411,79.0778839087633,81.914504529657,84.4529607112803,84.3600190245924,76.7505109781139,78.0430847249332,76.5051547894213,78.0446209741205,76.6757745586294,76.1297065085895,77.1305998524427,43.1456653650107,41.9988381591289,42.4963367970877,44.5247445677748,39.4436805186165,38.1228017622091,38.5997295781868,45.867511600708,29.8502114170638,31.0838669063883,33.2148711952082,34.2082450451626,62.2926567967724,58.364031857085,56.6429502269485,77.682111831172,77.7091602111165,77.5202098248343,76.9903390869949,77.1641455983316,82.3484025595386,76.1035417951993,77.9745795503225,77.5608010620593,55.9916687327669,55.2313693709869,87.0225505024154,48.1028484958171,44.7960382644045,62.6306212185017
51.5418703321453,53.7945276546941,53.8327925870918,49.7986505223354,55.3458394530334,54.7918741145548,54.828785269205,53.4772222547622,63.3870439102426,61.8301745111829,80.4799883021807,62.1147185316952,62.4711832513071,63.1216965337071,66.2463473906896,59.3855282631047,48.6794256232705,50.7642231004353,50.2585469555093,49.2797946715039,21.720034196343,19.6250137557525,0,74.3175389132094,74.3407164459366,79.3261815649756,87.5993897384963,85.6994673729073,48.1044128951973,62.1256852674488,62.8096908020801,67.907614618574,68.3838102805067,31.0434275631049,57.0294956632192,58.5337996260896,59.4288984305973,73.3603687853602,72.7034960579135,73.2270168698372,79.4077533166533,82.2434654108603,84.7760456144092,84.6824450283365,77.0825506331984,78.3854690050523,76.8416137509997,78.3826683636659,77.0139037531106,76.465822259349,77.4771475547299,42.4498592019442,41.2425691787318,41.8757459435297,43.7357265925836,39.3290468230164,37.7831520436354,38.0777176406246,45.4565119539827,26.5428041386332,28.6970730770654,31.1000699706483,32.573100302114,61.5428464143682,57.9191722562476,56.3768732552164,78.0800242959427,78.1147578715952,77.9221627502775,77.3886281838552,77.4698379450202,82.654328028919,76.4274414090855,78.2994028980476,77.8496959537561,55.8430714168419,55.1061731781366,87.2168284119055,47.8928201233901,44.4671084711768,62.0117395991372
81.1038702243141,82.5617701102773,82.0029244820923,79.8912928784345,84.710277716171,81.610659571211,80.3720330937941,79.7958717755078,85.5331664231764,83.7150533473561,90.7535220869216,85.9311926494767,86.1657939829541,86.123004017806,85.268633877524,74.6293561540848,81.9811217284454,84.2739454066776,83.4312670141375,82.9692034145825,74.7910865784908,74.3686744753411,74.3175389132094,0,92.5567487253892,96.4154489201671,87.2669779429174,81.3972609561742,74.0860911298866,78.6587647690732,79.4061797044745,85.7512130340512,85.5240843141177,73.7274533720003,70.7931263954182,72.2411039504696,84.0683504627544,85.6852186445862,85.2265638835012,85.5456621420928,90.517942797959,93.3062108140037,95.6161885252885,95.4851814986965,88.2096232944713,89.9159504079532,88.1319862650998,89.7460682759469,88.3649984154844,87.7501594205148,89.1673439307927,79.8756242623014,79.0762594376547,79.9150245814264,79.8527977407365,79.5308215331951,78.4511810275716,78.3416171168383,69.5912081651564,73.9726433791893,73.5632101688942,73.6305522206684,73.1225634369339,93.6776601235728,78.3401855343487,64.8004674566488,91.6797247606802,91.9977223472581,91.6734991326326,91.0077178036044,87.5773692361216,92.7748944521841,87.239240606736,89.1506751430013,87.2937720324373,63.8304559460964,61.2687453808732,95.2308350101696,66.1772582145063,78.0050023457101,84.309211685484
86.7408297075973,88.5971607590122,88.0800454706481,85.4917909481454,90.6513351560959,88.1300289715703,87.3260737676416,86.665249663354,94.9387332290929,93.240928555258,75.2291583180666,94.5689852739394,94.8598417044964,95.1355870573016,78.961891229286,70.3847535370721,86.1893267771951,88.3116679960221,87.6727825091238,86.9426091353966,75.2166482088187,73.8122005763943,74.3407164459366,92.5567487253892,0,39.4270889224357,109.317199172421,106.687534678824,64.2112888022931,90.6724047547837,91.3873073145433,97.1470617228032,60.2468636962285,72.2766902375017,69.0497249850099,71.6395392255317,92.3272665780398,65.3703380053277,64.1313413616221,64.5416123412244,74.6240321249212,77.2718240225153,80.5214749215581,80.2167376195654,70.3693508629909,70.7573530848959,69.4706104269847,71.1946323756252,69.3640167306362,69.3420139478607,69.4102000304643,81.9272539371038,81.0834685520834,81.5244680127527,82.7044258490749,79.0792600408075,78.5164233586241,78.9205318715684,76.4616452539306,75.2419425333752,75.0377750931287,75.5957793018128,75.3169846088976,98.3749915100626,87.696361038854,81.1302400470168,62.7306946318356,61.5621378572553,62.0560184129035,62.2063606680218,73.4451833717075,78.741349138523,70.5077988746614,72.3990180926701,75.2971916788745,79.4253946380749,77.9645479460071,99.4253379524436,75.2016554157954,80.461699515682,93.6413093578156
91.4106591687145,93.2494055047225,92.7248974269969,90.1685122523006,95.3126267250544,92.7503051389915,91.9227496136553,91.2719015664226,99.4270430684692,97.7225021518447,76.2805438078061,99.0989983897615,99.3868797981473,99.6451350598296,83.5538675128758,74.5884648882576,90.9635118882385,93.0962885371978,92.4454843631847,91.7305548606502,80.185561856593,78.8306000712018,79.3261815649756,96.4154489201671,39.4270889224357,0,113.341542838111,110.683462770125,69.5437948498217,95.0281838842909,95.7460869026328,101.527636151498,64.3431001328602,77.3269834225751,73.1736370453812,75.7980872384965,96.8779702934675,66.4751240569994,65.1417342706881,65.3743073061293,76.2141641678052,78.782862035143,82.1663426377915,81.7810028014313,71.2854604395843,71.5316287947743,70.2074622698472,72.052099833921,70.0170562115932,70.1798360889418,70.0973228841099,86.8247846542144,85.9822981264109,86.4483324028164,87.5550291793234,84.1277638453121,83.5304057827493,83.9030538615019,81.0454462965228,80.1524862929365,79.9309197064637,80.4636784412757,80.166821309015,103.122851066318,92.1832060164795,85.3500239928672,61.2661549371856,59.681192997535,60.464476309913,60.8928019065746,74.8718902203491,80.2108195910439,71.5691408238265,73.4879590079306,76.9552979208901,83.6735780728844,82.1791832426311,103.228307991315,79.6689103367346,85.2619246725632,98.1350730814318
93.2080571390412,94.4781233783888,94.0779688374781,91.8514084404335,96.5077473787789,93.6568579094375,92.3916043147091,91.6230562191136,95.3167503841718,93.4444465427652,108.567225963805,96.0272406015068,96.242634826837,96.0658703139655,101.756484191791,91.843302329598,93.7266632830663,96.0556953189444,95.1564490566076,94.7789030539642,87.9121397453566,87.7799344014593,87.5993897384963,87.2669779429174,109.317199172421,113.341542838111,0,84.6140084264189,89.552167238985,87.2753374783445,88.0529013195999,94.6495932626598,102.472820804101,87.4795319327559,88.2895977443341,89.7074042690481,94.3156599611999,103.313659971582,102.825655720256,103.160968496486,108.331895969193,111.114573297761,113.467065478773,113.327719637467,105.950698531633,107.610601952087,105.846283721169,107.461700139059,106.068863328041,105.471659309262,106.841724523275,92.2790263895154,91.5119896160522,92.4349711307882,92.0351451931676,92.5678234916213,91.3954005020683,91.1648510441196,82.1695615746886,87.0223602972284,86.6419450305273,86.5722864810375,86.0904846780607,105.230949178451,89.6240882526417,71.5067218492451,109.096221396243,109.376327566881,109.070551182764,108.423405782503,105.455567881121,110.65968490769,105.019161752276,106.930079386734,105.257279393505,77.1751137195441,75.5145787970934,114.286044293033,79.1950407872016,91.3983693065565,94.1584459635763
91.5701787774196,92.8970591479894,92.4305370974402,90.2740584380307,94.9812050104369,91.9987946617308,90.7212510269194,90.0350237801358,94.5497615191619,92.6982327756729,105.777104661156,95.1526787063635,95.3734741581743,95.2447033878723,99.0978413974077,89.0347850107623,92.3035389116218,94.6236410845944,93.7408686305303,93.3372646656091,86.0601320254736,85.8471365722891,85.6994673729073,81.3972609561742,106.687534678824,110.683462770125,84.6140084264189,0,87.1336439787771,86.8872693069264,87.6444807559287,94.2019092587443,99.7975117316924,85.4500757261716,85.4091314319326,86.8175838219036,93.3891567965808,100.540350387039,100.056819558376,100.39132603808,105.530532334434,108.315269980561,110.660666392535,110.523865852711,103.166961213507,104.832697145871,103.066904383866,104.680939872385,103.291237275049,102.690565738924,104.066615224441,90.6560007572227,89.87744331732,90.7783937610481,90.4767420118299,90.7647448691415,89.6153916653233,89.4181804096116,80.2907979997125,85.1760512571414,84.780117449779,84.7469183277957,84.2492708930039,103.872252010244,88.1001407158479,71.054421965942,106.35961126618,106.64541718425,106.336730823399,105.686637183945,102.652527274136,107.854952604136,102.230244373249,104.14075628683,102.442894112723,74.3149801771082,72.3119626444461,111.149630458544,77.0538756232919,89.4027374816691,93.3540378884808
62.2576157649323,64.2703720430267,63.7193654988282,61.047034684845,66.3400269270198,63.8969462517801,63.2217088946394,62.5772774370596,72.0523230146613,70.3987420299396,73.4313214496132,71.4288309101032,71.7355315302372,72.1206211682237,54.4073514998867,50.8979571165428,61.6591492397609,63.7493727398608,63.1597922414508,62.3561818881627,49.233218500611,47.3681562444286,48.1044128951973,74.0860911298866,64.2112888022931,69.5437948498217,89.552167238985,87.1336439787771,0,68.5962243967244,69.284908598758,74.9431468705164,57.934793860406,45.0873956837896,49.8929036341171,51.8511363443421,69.0625716116581,65.3587624082837,64.6168964821889,65.2430207609687,71.9335812465201,74.7965321367615,77.4225429661823,77.3518602000073,69.6425969498209,70.7664245105886,69.3354759665516,70.8364621808724,69.4838480916979,68.9572348530391,69.7888315806273,56.8184854080367,55.9387554317081,56.3162609435108,57.7889387465878,53.4417437256386,52.9165895436926,53.4221182749416,52.2480600595255,49.3588163543288,49.1378133026402,49.8956583737501,49.6258303916147,74.0088544769266,64.3911624820777,59.8814823213286,69.6021816197503,69.5217868636837,69.3804759074747,68.8984881378898,70.4725532394429,75.6476726486292,69.1256391665754,70.9775786405955,71.1450151766643,57.8489913712814,56.6628839808641,82.3340235310323,51.7570461903193,54.5140294689552,70.7005264194354
