IBR/IBR_outputs/SS_Optim/VRM_Total/Results/VRM_Total.asc
NCOLS 160 
NROWS 95 
XLLCORNER 210004.651214014 
YLLCORNER 7350008.22228844 
CELLSIZE 4999.99999999997 
NODATA_value -9999 
[rows 42 to 62 of 95, columns 46 to 91 of 160]
1.04121916964986 1.03719266391735 1.01908703958999 1.01743791060719 1.0222042622876 1.02224213880015 1.03099847456169 1.0145896045785 1.09231353756285 1.07376824804251 1.08128147696234 1.00765053557342 1.01541486104504 1.01918231586409 1.01956725747454 1.01187478398236 1.00538879033469 1.00927280370549 1.01520334757036 1.01480748250238 1.0077989730038 1.00896851963942 1.02028997790276 1.04546653105287 1.0118576674037 1.01539737244343 1.03580719434613 1.06898338534777 1.29571572737926 1.45484781055648 1.62093893515385 1.3168438863649 1.41535317825213 1.64117483456168 1.37106950537848 1.34612409665595 1.56692944776 1.36274828702602 1.05434464916068 1.02081262466763 1.01073067521916 1.01284110363965 1.00844113496452 1.00716456724289 1.00337639996569 1.00265384383753
1.05430149080549 1.03130246998501 1.0241935145177 1.01405031819461 1.00920705984988 1.01566092431117 1.0500655610667 1.1309131169161 1.10397156761776 1.02356740350915 1.00672850689548 1.00029110551911 1.00054354736016 1.00338815500657 1.00423623741627 1.00395661193338 1.00227281258323 1.00260756672645 1.01087178140859 1.01256051815835 1.00605475436307 1.00903360993653 1.00455955045892 1.02287370734978 1.05035847979258 1.02290477293939 1.01011466292276 1.01805932540365 1.74501463635949 1.5421271656162 1.16780084412458 1.22591122122541 1.65633981326129 2.02664730312614 1.31661604634979 1.12429174867405 1.40899687320503 2.0460001294828 2.26500300678829 1.11383035176887 1.22923709889738 1.43746427790076 1.1230465481349 1.02389056270274 1.00396261568691 1.00464871450668
1.22786988922656 1.26142498572238 1.14135132996937 1.06605865032129 1.04259698459834 1.03207077812923 1.04566002903025 1.01820569569983 1.00245994307761 1.00049815875483 1.00195694127074 1.00381515372551 1.00322069225198 1.00157502803845 1.00481031589349 1.0043765906312 1.00244660442789 1.00218967109112 1.00191003554127 1.00264949619486 1.00267766033681 1.00457790383308 1.01187742250786 1.0150555316082 1.04135281467426 1.05708468888815 1.02893298034061 1.01304060301145 1.25232147259046 1.4184496567484 1.41842703211195 1.1512174231101 1.78989763116099 1.23526514760545 1.04255857707616 1.02382685871263 1.18727185582732 1.36649309078069 1.87860415196096 1.9319535343343 2.31198917705842 1.97883033448438 1.69125669950956 1.53643779594643 1.38601809423871 1.18652719787969
1.23196076157088 1.32102219356384 1.24177932049375 1.13213778998653 1.09464499138992 1.06801769068823 1.03149538225345 1.00686139407725 1.00168079771189 1.04802615761604 1.99969225830657 2.01560553080191 1.15566964530192 1.01394412494635 1.00231111433598 1.00287058286758 1.004363193633 1.00247064738179 1.00054149894912 1.00042970726613 1.00080650655827 1.00080453045603 1.00927782489071 1.02631815535273 1.02508382063278 1.03788495843504 1.04376488232624 1.04906923264876 1.02708264084087 1.06019522026314 1.34885676143765 1.58036621175717 1.36730481456089 1.40295277292224 1.13928038606903 1.0785633282664 1.02894662796959 1.07904050885876 1.84082179641557 1.20967700811996 1.37644783651226 1.39558897147678 1.59741880592066 1.40106602933536 1.61880537827823 1.23001463466292
1.20965869853455 1.13563930658649 1.06681689464587 1.17561090465892 1.0956188627766 1.05996786015646 1.00757479557257 1.1060206405208 1.27872494813082 1.88003490221064 1.64281213047826 1.54706304292069 1.63463427177788 2.26315675527486 1.00798595753608 1.00524933492696 1.00187849130456 1.00180475412099 1.00099283289666 1.00128885733277 1.00162661088027 1.00134267603027 1.00184689242222 1.01031232388947 1.02630487406993 1.02105586438637 1.01938994592953 1.03376029884104 1.04538485202432 1.02059052977849 1.09520731637956 1.36828344300066 1.71927490212969 1.35665314264689 1.16636414878429 1.05974852477176 1.02996511013684 1.04297541822273 1.07854699343746 1.25382818383325 1.52371157059454 1.37869616762525 1.41047111824481 1.5036503117048 1.3716752892599 1.01741750447065
1.14137572923649 1.16482969243924 1.0296012364654 1.00756511863385 1.02055474235399 1.01550181318983 1.01053577730206 2.24256387432223 2.0369045626343 1.39883154654131 1.31795527711312 1.12655430911088 1.3533116731969 1.95388963485451 2.01984815014091 3.03294741355202 1.08748776729969 1.00250646695952 1.00420476808687 1.00440678674766 1.00200397403652 1.00128966452073 1.00092097840785 1.0013219191667 1.01586711552387 1.01319665053295 1.00371515432601 1.00118056776146 1.00077824948222 1.00312433860611 1.03399762201172 1.06942502006693 1.12819137538031 1.13026214973561 1.01461073096055 1.01173114231117 1.01729080473512 1.01671369095318 1.07343304661719 1.97395993170883 1.60929343720075 1.45494345816012 1.46570525151473 1.49811112373821 1.65984085631521 1.18801784501065
1.03432436059938 1.08995847913509 1.13938080976018 1.05511127763597 1.01735839724686 1.09497234640227 1.44035187726496 2.77045205403368 1.86057584496352 1.50885434096707 1.31564665083006 1.20703980152828 1.17633887841072 1.36283383060387 2.18934031286124 3.33636014271235 1.56164544887813 1.58404551660179 2.7906683480826 2.25744805072647 1.32079255499959 1.0023235519958 1.00139698818158 1.00131803848821 1.00549621005252 1.00861509461909 1.00121011027579 1.00050372885337 1.00069833977439 1.00035031422022 1.00055827210902 1.00159506133081 1.01002570999584 1.06587256864976 1.01246925753733 1.01347287519632 1.02028022310629 1.03246862843551 1.21133182701955 1.51871830185039 1.13187499303295 1.18594655899889 1.67939131919944 1.61572769608745 1.59870695569078 1.30101645431422
1.98345850974612 1.64241499748855 1.52917897154111 1.33795681561767 1.24961049796888 1.66549928522671 2.00768391371873 2.67005604168252 1.21301506869067 1.07215111911156 1.07114973741572 1.03517411861458 1.116522249716 1.16464813155285 1.15057000644918 1.37318611969161 2.32583326836991 2.63506630899544 3.37814343653497 2.8344545276529 2.91401957929504 1.80509958438834 1.51022212294529 1.00635772158839 1.00137341603879 1.00121160264004 1.00202359126126 1.00914972046753 1.06831244956519 1.00380508540077 1.00148849400496 1.00026244339555 1.0011845329186 1.00940323760339 1.00320580677917 1.01177795149356 1.02383963435231 1.02587787898223 1.036751808886 1.11460361389518 1.02797287319501 1.06920079240555 1.22394215726704 1.27749776031499 1.46363825690031 1.33311943797769
2.26558510063651 1.66024686952467 1.41242778487417 1.29552540136344 1.25321113509001 1.32519571711539 1.98082113893161 2.58635774503245 1.34907954626573 1.12935134593833 1.04972964653815 1.02092471434589 1.01610282513333 1.01715369564018 1.05110982490494 1.05486924825415 1.7869578321654 1.94636297222523 1.61097615018815 3.82430073836016 3.45811229497987 2.58662896596038 2.20439445026729 1.75966767154823 1.13334167221727 1.00196706207497 1.30994199631965 3.34472149112263 5.26841570440175 3.32010184095938 1.80588920994219 1.00933757157977 1.00077809129588 1.0072549418768 1.05497105967371 1.009270321326 1.01689365457826 1.0345943472652 1.02297547141376 1.06287455290288 1.05333519389215 1.02071764347497 1.03083355733078 1.04603407954635 1.18965508311424 1.78544003545336
1.92287542481851 1.75011104475719 1.5066280253822 1.50746838149257 1.42439159016065 1.09892696435423 1.31985958372317 1.75465470834504 1.52595884271804 1.27031418820677 1.2410732225767 1.06967645058555 1.01924717276943 1.01550933335277 1.01130229834064 1.01459075254842 1.01345576834918 1.03395972100284 1.69925549770625 3.40008298529313 3.05063429181518 2.53450036833043 2.80494654640433 2.05110864052291 1.94894753665853 1.28906913563115 3.83857262164215 2.23843267984775 2.9307873641423 2.64959935876473 2.98672691326903 1.57463189107244 1.00167071328156 1.00194724741461 1.08019049528687 1.13413823297475 1.10261814035079 1.08040463811288 1.08503713086748 1.08025591988423 1.07168518981553 1.0719918472631 1.04239191600339 1.01397585735342 1.07303918693059 1.36708145042466
1.82789612456502 2.20915020903618 2.48328487501639 1.57859622918878 1.36093689692483 1.10484941985443 1.02373280218361 1.06325177711489 1.57003280028784 1.50664520921503 1.21869230269753 1.16577044728896 1.10902113900468 1.03519672978232 1.01608454792896 1.01670918707205 1.0046018742653 1.07758786855357 1.33764290759651 1.43158643289295 1.95404542948939 2.5690556502837 1.37365652955862 1.89934680492779 1.05543266804617 1.01691923304156 1.51759144544688 1.53065917960174 1.7589614304551 2.94754728871987 3.57738774981902 1.71857686950388 1.00187652393508 1.00138101751035 1.02826766092214 1.07945299607281 1.02317316919873 1.01654888426922 1.02020324461435 1.02153499653132 1.0257475498039 1.06525040844452 1.08180387455353 1.04400471414793 1.05959303469279 1.09742488091208
1.6325762321633 1.66187929290034 1.84190725910698 1.60360865042946 1.48435830642666 1.27225049544305 1.14900093095786 1.23113752895836 1.42487665586893 1.21502339366797 1.25931097240828 1.06299781104089 1.03152512723786 1.02977880694359 1.04104628263926 1.21425985796167 1.3399796280876 1.32237978231553 1.85513129841617 1.9319402400856 2.48748255320399 2.35124168365856 1.41437432783581 1.63084348179007 1.54149319991878 1.42873483110171 1.23996088988973 2.45181274384515 1.30425123475659 3.03635936528779 3.86552291668802 3.51252480642091 1.01740166107571 1.00159258224099 1.00136479576011 1.00173770117628 1.00122989286637 1.00121611196391 1.00232427455584 1.00111012942396 1.0029495838402 1.01457551566876 1.02721870432861 1.03527578406337 1.04154221863151 1.0617485363248
1.35054369260242 1.56425685066325 1.71374363414713 2.44914170477863 2.15635967840811 1.11632083327766 1.2856476179365 1.28640137328075 1.24543535886263 1.10463283690956 1.09105580446152 1.04880900470426 1.0711379514254 1.06936311398921 1.0220849673606 1.64084345453575 1.35395834619016 1.4636891404712 1.42557253821301 2.18296630827513 3.34541318922158 2.68394385538307 1.89000691239508 3.2729501897229 2.04008117234309 3.16689986891645 1.58743642299133 2.46620268421882 1.95942772783408 2.0801684547048 2.41507903438406 3.22701080887277 1.16844802067824 1.00323264273862 1.00201087041567 1.0017189337488 1.00199351744827 1.00134012122071 1.00058520393846 1.00040680980083 1.00028017538207 1.00060903215865 1.00166402201981 1.00740151843299 1.02702916849576 1.04989837416363
1.90537691512205 1.2757634265806 1.18335511851258 1.46066608178972 1.31044307944561 1.38592405403986 1.51151200709376 1.1813031950176 1.20865876277486 1.12331449360909 1.03425851379466 1.01816871221837 1.2284360679671 2.14817422856378 1.80972840556907 2.87129756424904 1.70937405382944 1.6778766399149 2.20962840409828 1.12878282653427 2.19279465435694 2.24677965266863 1.45045074592709 2.23265137441442 3.88625642164003 2.87769375406359 2.30021908955701 3.52266037901592 3.23116492025936 3.00223345743918 2.04331572095084 2.97983618483361 1.91393766177069 1.09816350149031 1.05700157525831 1.11828467993453 1.12653914371915 1.02231506275294 1.00450487917778 1.00159102402663 1.00093149111803 1.00041410449375 1.00055524490925 1.00033742776449 1.00124170107574 1.00149312772334
2.05862453343834 1.66228376745844 1.19486491583482 1.0349174469748 1.08778539335192 1.15405108944693 2.18457975758287 1.67111637808678 1.20946228096243 2.09000030095629 2.19255698329175 1.77872446806048 1.56795098249787 1.48672795202207 2.57969270156754 2.40849239941999 2.32260804604188 1.3253261864482 2.18967235968336 1.71389134814229 2.22652877897459 2.88305272271844 1.82725935272763 2.67196888767523 3.24358088675986 1.90846023682467 1.464665472595 2.82629223912636 3.26689897833242 2.85023740222122 2.14244454994433 2.41662544636745 3.20135965956234 2.65548532755503 3.98997184566788 4.51278904492508 4.44120686886768 5.26512643840311 2.36684887512189 1.03490752824403 1.00208595054728 1.00112001681572 1.00084659302137 1.00022048839642 1.00026654246535 1.00049737353512
1.54464170736931 1.79282087258444 1.30532791392418 1.12557991496811 1.22708542547014 1.5200273503229 2.25264803056894 1.48707573569484 1.35751188555339 1.43003935682622 1.83294031992336 1.48108482073493 1.19724671226693 1.03784762473381 1.05292361555305 1.0892825707419 1.32042362389674 1.62411110648417 2.20059260007936 2.79444525923455 2.91436093078299 2.73617781963493 2.4189711800907 3.0447657594918 1.95914919810766 1.39638867723339 1.04040692122449 1.09038658552988 1.07829238748066 1.04666928743975 1.00920061675504 1.01752904798453 2.21908798375205 3.90247194879184 2.88207211273533 4.97385734273556 4.89413842030665 4.65469834592296 5.11149046103366 4.85387332509604 1.80902486263509 1.0063136951997 1.00335973844818 1.00151945042703 1.0009712366448 1.00095235316024
1.83861299486034 1.75317633715788 1.5581555511102 1.1107381911596 1.11313677771245 1.30523005338836 1.5273128186193 2.10483001815362 2.14273785130012 2.93213693067925 2.61794524334214 1.33228774074751 1.1990267942363 1.07569555956763 1.13713643874007 1.09713565691666 1.20972813537461 1.0514814676897 1.10163145443308 1.11418972042123 1.17215516381799 1.04515170534066 1.04415470570192 1.52412487476208 1.55319753006819 1.00313356508001 1.00522680254097 1.00024349918487 1.00018638125333 1.00691962246891 1.03324084352408 1.00255171949469 1.04235210084624 4.06390688881731 4.39915105172911 2.86195710133735 3.07590064206388 2.39447320884354 2.86807947140515 5.89111981607267 4.41878578090435 3.84781080359134 2.05034400072529 1.19086234169718 1.00444521423699 1.00174063330337
1.63033058294204 1.6043790169689 2.234989050967 2.43585333005579 1.41995542105629 1.82207849321391 1.30431069446821 1.55125517136867 1.54083822160583 2.30766600629081 1.71062975583539 1.12327609845138 1.14179722022357 1.07691580159765 1.03652882478914 1.05894896630962 1.12570373572979 1.15480284970122 1.06305210924024 1.01720456078904 1.02283791316695 1.08113890974152 1.02350085797817 1.05497789033176 1.02641989663077 1.01427174379648 1.00177734047835 1.00062048027794 1.00064752732244 1.00125714608042 1.0491278338992 1.00843106593918 3.23741239465078 2.95391422556971 2.1294864330686 1.59453132217754 1.13730117994937 1.15659283603875 2.14140338725135 3.0554050894512 2.97202338977494 3.4878016800425 3.84785895749729 3.93018894942431 2.62244133262085 1.05825818303294
2.2856157558982 2.69103818391471 2.22782177208595 2.01205821596135 1.70599655829383 1.69326904230392 1.33234529708819 1.45323389031663 1.43704023958375 1.38019318787095 1.26115671377379 1.06900170826753 1.1548604108757 1.07188891577062 1.0289948703249 1.18605051989407 1.17643777828056 1.15746437537329 1.2130807719012 1.06280081696647 1.24374041804727 1.09134969770143 1.06883315257288 1.02073059420935 1.00412440910654 1.00051679592652 1.00100223740187 1.0268929414015 1.05824616164132 1.00330084918701 1.16981764640351 1.00401354652095 2.72606883059138 3.96673857630572 2.46216058368913 1.39889744885904 1.00534195736028 1.01157805303639 1.07549746622331 1.11649190830757 1.69700369974744 2.90428838602685 3.75172831493566 2.7857924137271 5.30026724257514 4.04941290071134
1.77902206851413 1.94000371861384 2.8089857123804 2.49558561552836 2.40758059719357 2.13151222726092 1.49782941002676 1.31390005371684 1.20588615832061 1.08096320246849 1.09431886827127 1.23905676381245 1.13987950944101 1.05229227836713 1.04155629607553 1.22862741630808 1.14180819590324 1.20414644404633 2.5527158531203 3.07709309671392 2.57935383785662 2.36632586691645 1.15622824791419 1.03933169354665 1.0150887285479 1.00182626047057 1.00109310061404 1.0646690255702 1.11816327884241 1.00886582992154 1.08046056390068 1.01815142977177 1.26777674642496 3.17025134195837 3.90071190502346 1.56065372237909 1.6464647962697 1.0906445807268 1.00315995394619 1.00692854514088 1.27229273262145 1.53016601256625 2.57478377948004 1.53734889554267 1.44616633131934 4.16472556163023
1.28865713828878 1.23117449731233 1.32264640748955 2.3151570156781 2.21947560516499 2.75059898828071 1.69499370893018 1.68002475335578 1.54340378140014 1.60530034272484 2.07938417220196 1.79951806335151 1.13404333943403 1.08057176625974 1.06179373321571 1.17269094184398 1.26354331404464 2.01659458458394 2.18042681778752 1.41221997679023 2.99982182552078 1.43842733570707 1.17738874155082 1.10071011627181 1.09465726568719 1.00610296458545 1.00986744695854 1.18821859432991 1.23873810826807 1.05029207886436 1.0739987149906 1.0474554145837 1.25013769768815 2.00239506977731 2.63459026122006 1.63894018198806 2.11237212505031 4.24848148694102 1.13872800646437 1.03785825278089 1.31206623842347 1.94290275079803 1.23174048695322 1.43274490125038 1.96949544971982 2.80370722841429
