0.108331 0.0598063 0.745589 9.9973E-05 9.9973E-05 9.9973E-05 0.0859738
0.0512366 0.0101876 0.682674 9.9991E-05 0.143044 0.0391879 0.0735702
9.9982E-05 0.217369 0.707706 0.0432803 9.9982E-05 0.0253006 0.00614422
0.0149261 0.0021104 0.709899 9.9982E-05 9.9982E-05 0.00597463 0.26689
0.0198252 0.000554225 0.843312 0.127381 0.00606528 0.00276237 9.9991E-05
0.104196 9.9973E-05 0.660294 9.9973E-05 0.208291 9.9973E-05 0.0269185
0.128079 0.0180103 0.566586 9.9982E-05 0.224161 9.9982E-05 0.0629637
9.9982E-05 9.9982E-05 0.66505 0.00825415 0.0578562 0.0488852 0.219755
0.0672565 0.0329248 0.234862 0.0346755 0.630082 9.9982E-05 9.9982E-05
9.999E-05 0.109217 0.338385 0.0192068 0.339856 0.0245961 0.168639
9.999E-05 0.00823326 0.0635393 0.0138921 0.342749 0.0634387 0.508048
0.0281731 0.143206 0.279731 0.0509668 0.398724 0.025518 0.0736811
0.0241022 0.0691809 9.9991E-05 0.0729295 0.179394 0.0376237 0.61667
9.9982E-05 0.0565501 0.0914518 0.106781 0.708738 9.9982E-05 0.0362795
0.0170096 0.121838 0.517208 0.0655252 0.233878 0.0444406 9.9991E-05
9.9982E-05 0.0142358 0.312117 9.9982E-05 0.513847 0.0191015 0.140499
0.0221941 0.144993 0.475659 9.9973E-05 0.356853 9.9973E-05 9.9973E-05
9.9955E-05 9.9955E-05 0.602668 9.9955E-05 0.396832 9.9955E-05 9.9955E-05
0.155061 0.435527 0.0462002 0.039008 0.161785 0.0705604 0.091859
0.0749988 0.56401 0.0819329 9.9982E-05 0.277349 9.9982E-05 0.00150975
9.9982E-05 0.735364 0.107107 0.0500624 0.0982738 0.00899266 9.9982E-05
0.0697668 0.758791 0.0231248 9.9982E-05 0.0421763 9.9982E-05 0.105941
0.0107484 0.857275 9.9973E-05 9.9973E-05 9.9973E-05 0.0550147 0.0766624
0.0534112 0.710876 0.0976625 9.9982E-05 0.127175 0.010675 9.9982E-05
9.9973E-05 0.649291 0.161654 9.9973E-05 0.113101 9.9973E-05 0.0756534
0.0519113 0.797635 0.139805 9.9973E-05 9.9973E-05 0.0103487 9.9973E-05
0.0134222 0.8309 0.00339581 0.0939706 0.0202308 0.0379805 9.9991E-05
0.0512581 0.756435 9.9991E-05 0.0200864 0.13485 0.0295429 0.00772766
0.0529224 0.793963 0.144324 0.00849061 9.9973E-05 9.9973E-05 9.9973E-05
0.133229 0.775976 0.0887336 0.00176184 9.9973E-05 9.9973E-05 9.9973E-05
0.0961 0.815939 0.00910934 9.9982E-05 0.0717192 0.00693254 9.9982E-05
9.999E-05 0.781781 0.0436798 0.0912522 0.0355266 0.019266 0.0283944
0.019994 0.791041 0.084791 9.9982E-05 9.9982E-05 0.081669 0.0223047
9.999E-05 0.100735 0.353196 0.0173262 0.293417 0.0696089 0.165618
9.9973E-05 0.243919 0.558222 0.0975801 0.099979 9.9973E-05 9.9973E-05
9.9982E-05 0.127308 0.566369 0.130196 0.133521 9.9982E-05 0.0424052
0.0461528 0.0685677 0.67737 0.0475568 9.9991E-05 0.0251242 0.135129
9.999E-05 0.11122 0.325266 0.0781238 0.261291 0.000787026 0.223213
9.995E-05 9.995E-05 9.995E-05 9.995E-05 9.995E-05 0.9994 9.995E-05
9.9973E-05 0.742029 9.9973E-05 0.0192178 9.9973E-05 0.014376 0.224077
0.155514 0.12849 0.674271 0.0414245 9.9973E-05 9.9973E-05 9.9973E-05
9.9973E-05 0.132984 0.523838 9.9973E-05 0.175486 9.9973E-05 0.167392
0.158551 0.222735 0.193211 0.00838959 0.209407 0.004181 0.203526
0.128876 0.0592928 9.9991E-05 0.0150932 0.179723 0.0412288 0.575686
0.113307 0.039809 0.0754369 9.9973E-05 9.9973E-05 9.9973E-05 0.771147
9.995E-05 9.995E-05 9.995E-05 9.995E-05 9.995E-05 0.9994 9.995E-05
9.999E-05 0.125352 0.275534 0.0720489 0.209267 0.0756868 0.242012
0.0913549 0.0712381 0.222224 0.0368489 0.200936 9.9991E-05 0.377298
9.9991E-05 0.265791 0.207784 0.136764 0.335833 0.0108496 0.0428784
0.735733 9.9964E-05 9.9964E-05 0.139739 0.124128 9.9964E-05 9.9964E-05
0.32649 0.0218099 9.9982E-05 0.529914 9.9982E-05 0.0291438 0.0924423
0.419083 9.9973E-05 0.132669 0.416568 0.0313809 9.9973E-05 9.9973E-05
0.430562 9.9982E-05 9.9982E-05 0.347771 0.0301383 0.0440325 0.147296
0.190215 0.022773 9.9982E-05 0.663642 0.0934931 0.029677 9.9982E-05
0.183603 0.0322189 9.9973E-05 0.699677 0.084201 9.9973E-05 9.9973E-05
9.9955E-05 9.9955E-05 9.9955E-05 0.693999 0.305502 9.9955E-05 9.9955E-05
0.621314 9.9973E-05 9.9973E-05 0.251878 0.11832 0.00818842 9.9973E-05
0.986878 9.9955E-05 9.9955E-05 9.9955E-05 9.9955E-05 0.0126218 9.9955E-05
0.2707 9.9982E-05 9.9982E-05 0.55178 0.0594462 0.0378621 0.0800126
0.450922 9.9982E-05 0.111225 0.293748 9.9982E-05 0.0141253 0.12978
0.9994 9.995E-05 9.995E-05 9.995E-05 9.995E-05 9.995E-05 9.995E-05
0.350588 9.9982E-05 0.00560663 0.395556 0.141522 9.9982E-05 0.106528
0.202899 0.0139633 0.0114579 0.205287 9.9991E-05 0.0756276 0.490666
9.9991E-05 0.670225 0.0549024 0.0316011 0.154857 0.0113486 0.0769662
0.016505 0.752903 0.176825 0.00164506 9.9991E-05 0.0245238 0.0274982
9.9973E-05 0.771661 0.0713861 9.9973E-05 0.14731 0.00934267 9.9973E-05
0.205745 0.00184059 0.0664219 0.535865 0.149105 9.9991E-05 0.0409235
0.262046 9.9991E-05 0.0646435 0.319036 0.0134064 0.0683538 0.272415
0.0836713 0.0944913 9.9991E-05 0.667776 0.0245853 0.0221429 0.107233
0.13464 0.0127849 9.9982E-05 0.595699 9.9982E-05 0.0415559 0.21512
9.9973E-05 0.0115187 0.0629004 0.8742 9.9973E-05 0.0510814 9.9973E-05
0.150956 9.9964E-05 9.9964E-05 9.9964E-05 0.277285 9.9964E-05 0.571359
0.129607 9.9964E-05 9.9964E-05 9.9964E-05 0.413025 9.9964E-05 0.456968
0.190799 9.9973E-05 9.9973E-05 9.9973E-05 0.151538 0.00193138 0.655432
9.9955E-05 9.9955E-05 9.9955E-05 9.9955E-05 9.9955E-05 0.016887 0.982613
9.9973E-05 0.0572773 9.9973E-05 0.00544825 9.9973E-05 0.0308916 0.906083
0.0473743 9.9973E-05 9.9973E-05 9.9973E-05 0.083444 0.0376257 0.831256
0.0815254 0.134553 0.0595664 9.9991E-05 0.00968659 0.0285206 0.686048
0.0986483 9.9973E-05 9.9973E-05 0.599461 0.232934 9.9973E-05 0.0686568
0.139104 9.9991E-05 0.0279533 0.343644 0.104012 0.101661 0.283526
0.365983 0.0327678 0.0720506 0.455928 9.9991E-05 0.0227307 0.050439
0.4531 0.0518799 9.9982E-05 0.3744 0.0735223 0.0468973 9.9982E-05
0.0760858 9.9973E-05 9.9973E-05 0.64875 0.239956 0.0349083 9.9973E-05
9.9973E-05 0.526784 9.9973E-05 9.9973E-05 0.362452 0.012852 0.0976123
0.143578 0.10718 0.0530997 0.199823 0.0321265 9.9991E-05 0.464093
0.088902 9.9964E-05 9.9964E-05 0.062872 9.9964E-05 9.9964E-05 0.847826
9.995E-05 9.995E-05 9.995E-05 9.995E-05 9.995E-05 0.9994 9.995E-05
0.0212762 0.11781 0.532247 9.9982E-05 0.107769 9.9982E-05 0.220697
0.127459 0.1047 0.65643 9.9982E-05 0.0803728 0.0308381 9.9982E-05
0.0933465 0.0899521 0.244844 9.9991E-05 0.513833 0.031913 0.0260108
9.9991E-05 0.18632 0.0049087 0.0697845 0.557268 0.0336851 0.147934
9.9982E-05 0.0351242 0.504742 0.0864794 0.315252 9.9982E-05 0.0582025
0.252757 9.9955E-05 9.9955E-05 9.9955E-05 9.9955E-05 9.9955E-05 0.746743
0.0277956 0.534241 0.0848636 0.0341769 0.196061 0.0337459 0.0891161
9.9982E-05 9.9982E-05 0.100842 0.234188 0.00171661 0.0800595 0.582993
9.9991E-05 0.327457 0.164179 0.079047 0.0500961 0.0313333 0.347787
0.0446447 0.0790531 0.537177 9.9982E-05 0.338204 0.000720866 9.9982E-05
9.9964E-05 0.0575479 0.592117 9.9964E-05 9.9964E-05 9.9964E-05 0.349935
9.9973E-05 0.121717 0.418136 9.9973E-05 0.283732 9.9973E-05 0.176114
9.9973E-05 9.9973E-05 0.0471132 0.0427433 0.764964 9.9973E-05 0.144879
9.9964E-05 0.0953718 0.46441 9.9964E-05 9.9964E-05 9.9964E-05 0.439818
9.9973E-05 9.9973E-05 0.153506 9.9973E-05 0.828359 0.00669743 0.0111371
0.148038 0.0270767 0.111657 0.115943 9.9991E-05 0.0269018 0.570283
0.109066 0.0388483 9.9991E-05 0.093169 0.274661 0.0601524 0.424004
0.0543213 9.9991E-05 0.0450029 0.155178 0.00321699 0.0766602 0.665521
9.9964E-05 0.137496 9.9964E-05 9.9964E-05 0.278513 9.9964E-05 0.583591
0.11716 0.131513 0.0878258 0.00860043 0.248647 9.9991E-05 0.406154
9.9982E-05 0.364917 0.28423 0.07243 0.192314 9.9982E-05 0.0859091
0.167954 9.9982E-05 0.112774 0.649061 0.0415746 0.0284368 9.9982E-05
0.181977 0.0166862 9.9991E-05 0.574067 0.0773726 0.00981749 0.13998
0.226276 0.133274 0.12456 9.9973E-05 9.9973E-05 9.9973E-05 0.51559
0.268828 0.0543427 0.0153491 9.9991E-05 0.373368 0.00441003 0.283603
0.235246 0.25234 0.102171 9.9982E-05 9.9982E-05 0.0280469 0.381996
9.9964E-05 0.606551 9.9964E-05 9.9964E-05 0.089678 9.9964E-05 0.303371
0.0323765 0.0378152 9.9982E-05 0.637309 9.9982E-05 0.0441823 0.248117
0.240963 0.0313407 9.9982E-05 0.477824 0.159803 9.9982E-05 0.0898696
0.19686 9.9973E-05 0.0491467 0.328119 9.9973E-05 9.9973E-05 0.425574
0.0409651 0.419466 0.406692 0.0495707 0.00701953 0.0761859 9.9991E-05
0.0904673 0.204387 0.688 9.9982E-05 0.00691819 0.0100282 9.9982E-05
9.9973E-05 9.9973E-05 0.741953 0.0598335 9.9973E-05 0.00997202 0.187942
0.00203761 0.00392862 0.822572 0.154756 9.9982E-05 9.9982E-05 0.0165059
9.9964E-05 0.299806 0.414989 9.9964E-05 0.284805 9.9964E-05 9.9964E-05
0.0243339 0.138748 0.57775 9.9991E-05 0.0985522 0.0224398 0.138075
9.9973E-05 0.106227 0.779472 0.0984494 9.9973E-05 9.9973E-05 0.0155512
0.112131 9.9973E-05 0.845515 9.9973E-05 0.0300649 0.011989 9.9973E-05
9.9982E-05 0.337874 0.414503 0.0782186 0.109465 9.9982E-05 0.0597398
9.9964E-05 9.9964E-05 0.132296 0.00546065 0.861844 9.9964E-05 9.9964E-05
0.00104474 0.0407233 0.105164 9.9982E-05 0.836304 0.0165643 9.9982E-05
9.9973E-05 9.9973E-05 0.268395 9.9973E-05 0.647419 0.00801003 0.0758753
0.0516999 0.208904 0.362424 0.0877797 0.250323 0.00162914 0.0372413
0.0417267 9.9982E-05 0.26378 0.0185664 0.655573 0.0201536 9.9982E-05
0.000296265 0.141584 9.9982E-05 9.9982E-05 0.709977 0.00955211 0.13839
9.9982E-05 0.0614317 0.6935 0.0379379 0.039727 9.9982E-05 0.167203
9.9964E-05 0.794567 9.9964E-05 9.9964E-05 0.0916218 9.9964E-05 0.113412
9.9964E-05 0.864352 0.0927815 9.9964E-05 9.9964E-05 9.9964E-05 0.0424669
9.9964E-05 0.772559 9.9964E-05 9.9964E-05 0.174717 0.0523248 9.9964E-05
0.0410363 0.723001 0.00594474 0.0307178 0.180512 9.9991E-05 0.0186884
0.0440382 0.780131 0.0902084 0.0223059 9.9991E-05 0.0179508 0.0452654
9.9973E-05 9.9973E-05 0.615805 0.0998381 9.9973E-05 0.00830667 0.27575
9.9973E-05 0.13057 0.594951 9.9973E-05 9.9973E-05 0.0399673 0.234212
0.703078 9.9964E-05 9.9964E-05 0.279531 9.9964E-05 9.9964E-05 0.0169913
9.9982E-05 0.0529745 9.9982E-05 0.868653 0.0204408 0.0247201 0.0330112
0.0661715 9.9964E-05 9.9964E-05 0.812293 0.121135 9.9964E-05 9.9964E-05
9.9964E-05 0.0367291 9.9964E-05 0.626322 9.9964E-05 9.9964E-05 0.336549
0.215448 9.9991E-05 0.00628617 0.700997 0.0143367 0.0205238 0.0423076
0.127131 0.124322 9.9964E-05 0.748147 9.9964E-05 9.9964E-05 9.9964E-05
9.9964E-05 9.9964E-05 9.9964E-05 0.867016 9.9964E-05 0.00426738 0.128317
0.55745 0.0940821 9.9964E-05 0.348068 9.9964E-05 9.9964E-05 9.9964E-05
0.242703 0.0126828 0.0368328 0.65603 0.0472912 9.9991E-05 0.00435946
0.321681 0.0828 9.9982E-05 0.55471 9.9982E-05 0.00210181 0.0385072
9.9982E-05 0.0060571 9.9982E-05 0.808394 0.00985409 0.0376484 0.137847
0.120778 0.0690151 9.9982E-05 0.671994 9.9982E-05 0.0421874 0.0958262
0.189792 0.0159674 0.0383887 0.632835 0.103494 0.0194239 9.9991E-05
0.201403 0.0503593 0.023515 0.719079 9.9982E-05 0.00544401 9.9982E-05
0.243989 9.9973E-05 0.0221635 0.580674 9.9973E-05 9.9973E-05 0.152873
9.9964E-05 9.9964E-05 0.0568045 0.919281 9.9964E-05 0.023515 9.9964E-05
0.0984571 0.0614008 9.9982E-05 0.770883 9.9982E-05 0.025029 0.0440301
9.9982E-05 0.00636396 0.0294006 0.148867 0.00429594 9.9982E-05 0.810873
9.9973E-05 9.9973E-05 0.104446 0.0083286 0.0642213 9.9973E-05 0.822704
0.152746 9.9973E-05 0.0233186 0.726372 9.9973E-05 9.9973E-05 0.0972635
0.286125 9.9973E-05 0.256872 0.428509 9.9973E-05 0.0281943 9.9973E-05
0.9994 9.995E-05 9.995E-05 9.995E-05 9.995E-05 9.995E-05 9.995E-05
0.20911 9.9973E-05 0.0909664 9.9973E-05 0.135255 9.9973E-05 0.564369
9.9964E-05 9.9964E-05 0.853941 0.100513 9.9964E-05 9.9964E-05 0.0451462
9.9982E-05 0.112236 0.693812 0.0269616 0.132261 0.0345301 9.9982E-05
0.142227 0.403209 0.420883 9.9973E-05 9.9973E-05 9.9973E-05 0.0333816
0.0197891 0.543649 0.192189 9.9982E-05 0.132646 9.9982E-05 0.111527
0.0397737 0.607942 9.9982E-05 0.00333787 0.348441 9.9982E-05 0.000305165
0.0773752 0.777274 9.9973E-05 9.9973E-05 0.141003 9.9973E-05 0.00404829
9.9964E-05 0.582202 0.00260363 9.9964E-05 0.414794 9.9964E-05 9.9964E-05
0.00382114 0.659497 9.9991E-05 0.0490049 0.282965 0.00300688 0.00160518
0.0531337 0.624797 9.9991E-05 0.0276533 0.174169 0.0401303 0.0800169
9.9973E-05 0.669332 0.145434 0.137333 9.9973E-05 0.0476012 9.9973E-05
0.0818004 0.0657855 0.708074 9.9991E-05 0.0548796 0.0153567 0.0740039
0.140021 9.9964E-05 0.796075 9.9964E-05 9.9964E-05 0.0635044 9.9964E-05
0.0646138 9.9982E-05 0.597379 9.9982E-05 0.110508 0.0430264 0.184273
9.99641E-05 9.99641E-05 0.539934 0.0243222 9.99641E-05 9.99641E-05 0.435344
0.0437576 9.9982E-05 0.605252 9.9982E-05 0.118051 0.00299806 0.229742
9.9973E-05 9.9973E-05 0.444921 0.000673458 0.127482 9.9973E-05 0.426623
0.0562015 0.0808925 0.288176 9.9973E-05 0.57443 9.9973E-05 9.9973E-05
0.0623442 9.9964E-05 9.9964E-05 9.9964E-05 0.93638 0.00087644 9.9964E-05
9.9973E-05 9.9973E-05 0.0316944 0.0204326 0.939431 0.00814178 9.9973E-05
9.9991E-05 0.0816152 0.202259 0.0463935 0.58467 0.00372675 0.0812351
9.9982E-05 0.0120192 0.195696 0.0180091 0.756551 0.0175248 9.9982E-05
9.9973E-05 0.446497 9.9973E-05 0.0546529 0.367186 0.131364 9.9973E-05
0.528768 9.9991E-05 0.0397222 0.322156 0.042502 0.0052127 0.0615393
0.12542 0.0512215 0.0255061 0.730114 0.0193571 0.0482812 9.9991E-05
0.0603502 9.9973E-05 9.9973E-05 0.764708 0.140776 9.9973E-05 0.0338664
0.0511077 0.0416666 0.0637012 0.662251 0.00534234 9.9991E-05 0.175831
0.0354934 0.109119 0.0179881 0.789632 9.9991E-05 0.013106 0.0345615
0.041975 0.208942 0.222842 0.109554 0.392294 0.0118436 0.0125505
0.0452973 0.213846 0.34916 9.9991E-05 0.292228 0.0301644 0.0692042
0.00968196 0.0141549 0.181266 9.9982E-05 0.750536 0.0441614 9.9982E-05
0.0290118 0.155357 0.296436 9.9991E-05 0.318388 0.057174 0.143532
