0.134786 0.854144 0.0110705
0.135269 0.864631 9.9991E-05
0.186875 0.793934 0.0191907
0.0219585 0.942447 0.0355948
0.019959 0.979941 9.9991E-05
9.999E-05 0.942434 0.057466
0.0646396 0.904393 0.030967
0.0232471 0.976653 9.9991E-05
0.235205 0.693638 0.0711564
0.251966 0.741717 0.00631615
0.121843 0.648442 0.229714
0.335534 0.590347 0.0741194
0.117118 0.534464 0.348418
0.268949 0.579883 0.151169
0.267198 0.704371 0.0284303
0.11893 0.88097 9.9991E-05
0.267191 0.732709 9.9991E-05
0.105604 0.894296 9.9991E-05
0.666532 0.132243 0.201225
0.761548 0.238352 9.9991E-05
0.792809 0.192912 0.0142793
0.876439 0.050473 0.0730878
0.991098 9.9991E-05 0.00880224
0.916404 0.0546237 0.0289728
0.671595 0.328305 9.9991E-05
0.999328 0.000572453 9.9991E-05
0.945838 9.9991E-05 0.0540621
0.932775 9.9991E-05 0.0671251
0.988858 0.0110417 9.9991E-05
0.915466 9.9991E-05 0.0844341
0.967402 0.00953422 0.0230637
0.919681 0.0368511 0.0434676
0.933467 0.0664327 9.9991E-05
0.245476 0.674888 0.0796364
0.260399 0.739501 9.9991E-05
0.170895 0.751764 0.0773409
0.0621858 0.89414 0.043674
0.282866 0.612608 0.104526
0.620178 9.9991E-05 0.379722
0.889745 0.0413404 0.0689144
0.173539 0.737203 0.0892586
0.164704 0.835196 9.9991E-05
0.381606 0.413989 0.204405
0.152543 0.503901 0.343556
0.0672683 0.611399 0.321332
0.562316 0.0538325 0.383851
0.349033 0.558162 0.0928049
0.207168 0.546036 0.246796
0.419225 0.431999 0.148776
0.0335591 0.0812596 0.885181
0.0107171 0.0886876 0.900595
0.0405744 0.122504 0.836922
0.0174781 0.113204 0.869318
0.113447 9.9991E-05 0.886453
0.0904567 9.9991E-05 0.909443
9.9991E-05 0.207673 0.792227
0.0572657 9.9991E-05 0.942634
0.0906298 9.9991E-05 0.90927
9.9991E-05 0.110199 0.889701
9.9991E-05 0.234445 0.765455
0.0837966 9.9991E-05 0.916103
0.0544731 0.141326 0.804201
0.0168406 0.392943 0.590216
0.859426 0.131473 0.00910193
0.821938 0.121726 0.0563362
0.92015 0.0797505 9.9991E-05
0.062982 0.125854 0.811164
0.0168759 0.24929 0.733834
0.0651889 0.0603376 0.874474
0.0671442 0.0175509 0.915305
0.0578556 0.0507276 0.891417
9.9991E-05 0.644393 0.355507
0.0578589 0.624306 0.317835
0.0471906 0.520149 0.432661
0.0211433 0.637695 0.341162
0.213488 0.505306 0.281206
0.100142 0.534846 0.365012
0.138022 0.558278 0.3037
9.9991E-05 0.205354 0.794546
0.126236 0.243701 0.630063
0.0696718 0.0709644 0.859364
0.131391 9.9991E-05 0.868509
9.9991E-05 0.192587 0.807313
0.763249 0.153909 0.0828425
0.0747034 0.427308 0.497989
9.9991E-05 0.577322 0.422578
0.588507 9.9991E-05 0.411393
0.240299 0.759601 9.9991E-05
0.146177 0.853723 9.9991E-05
0.205332 0.729045 0.0656231
0.372115 0.444646 0.183239
0.131549 0.853048 0.0154037
0.0258563 0.494042 0.480102
0.655244 0.264832 0.0799236
0.0525517 0.481631 0.465817
0.389763 0.459801 0.150437
0.234777 0.765123 9.9991E-05
0.0587612 0.910243 0.0309961
0.15767 0.837762 0.0045678
0.137767 0.740282 0.121952
0.091821 0.898824 0.00935524
0.055075 0.944825 9.9991E-05
0.099027 0.441783 0.45919
0.103223 0.527955 0.368822
0.0999631 0.436253 0.463784
0.327561 0.547084 0.125354
0.114188 0.651494 0.234318
0.566904 0.414641 0.0184557
9.9991E-05 0.148142 0.851758
0.0199315 0.106053 0.874015
0.122037 0.48222 0.395742
0.234597 0.45186 0.313543
0.376779 0.299149 0.324072
0.858094 0.127714 0.014192
0.131121 0.0507924 0.818086
9.9991E-05 0.186699 0.813201
9.9991E-05 0.36252 0.63738
0.555316 0.414955 0.0297283
0.312304 0.643454 0.0442413
0.0346375 0.886207 0.0791555
0.0365354 0.897012 0.0664531
0.343029 0.656871 9.9991E-05
0.233566 0.757258 0.00917591
0.149477 0.844987 0.00553619
9.9991E-05 0.972549 0.0273513
0.38307 0.614554 0.00237585
0.229638 0.770262 9.9991E-05
0.268725 0.731175 9.9991E-05
0.211528 0.783247 0.00522471
0.279509 0.631592 0.0888992
0.108839 0.830879 0.0602815
0.345201 0.588595 0.066204
0.10947 0.867604 0.0229258
0.959213 0.0148304 0.0259563
0.995538 0.00436164 9.9991E-05
0.9998 9.999E-05 9.999E-05
0.824953 0.147337 0.0277099
0.90986 0.026433 0.0637073
9.9991E-05 0.910291 0.0896086
0.192577 0.807323 9.9991E-05
9.999E-05 9.999E-05 0.9998
0.127808 9.9991E-05 0.872092
0.0113708 0.0572 0.931429
0.0849722 0.14239 0.772638
9.9991E-05 0.0445734 0.955327
0.154034 9.9991E-05 0.845866
9.9991E-05 0.0262742 0.973626
0.0700152 9.9991E-05 0.929885
0.0999393 9.9991E-05 0.899961
0.0769312 9.9991E-05 0.922969
9.9991E-05 0.111574 0.888326
0.113476 0.0422275 0.844296
0.072123 0.0651251 0.862752
0.0532147 9.9991E-05 0.946685
9.9991E-05 0.057695 0.942205
9.9991E-05 0.0284987 0.971401
0.0501107 0.015429 0.93446
0.0429251 0.587271 0.369803
0.0583157 0.7109 0.230784
9.9991E-05 0.06159 0.93831
0.0267547 0.253981 0.719264
0.0106366 0.0188009 0.970562
9.9991E-05 0.654101 0.345799
9.999E-05 0.9998 9.999E-05
0.258166 0.741734 9.9991E-05
0.4445 0.512904 0.042596
0.657839 0.320817 0.0213441
0.86734 0.105945 0.0267152
0.913729 0.0204983 0.0657723
0.807959 0.191941 9.9991E-05
0.886458 0.107429 0.00611308
0.817073 0.0570684 0.125858
0.903036 0.0144918 0.0824724
0.181377 0.818523 9.9991E-05
0.134724 0.776375 0.0889006
9.9991E-05 0.930038 0.0698622
9.9991E-05 0.90457 0.0953295
9.9991E-05 0.978336 0.0215639
0.068358 0.834255 0.0973868
0.270091 0.727827 0.00208282
0.237404 0.695667 0.0669288
0.161005 0.820084 0.0189116
0.258827 0.678127 0.0630464
0.199993 0.738306 0.061701
0.810006 0.0587767 0.131217
0.0271253 0.103185 0.86969
0.144677 9.9991E-05 0.855223
0.0194802 0.041167 0.939353
0.011189 0.189053 0.799758
0.0944892 0.0633869 0.842124
0.350667 0.516237 0.133097
0.306982 0.667655 0.0253629
0.264286 0.735614 9.9991E-05
0.312852 0.671812 0.0153355
