0.043352 0.789553 0.0615005 0.105594
9.999E-05 0.769342 0.0969773 0.133581
9.999E-05 0.591826 0.16329 0.244784
0.024939 0.807779 0.164055 0.00322753
0.0877759 0.912024 9.9982E-05 9.9982E-05
0.0735173 0.918731 0.00765153 9.9991E-05
0.00206611 0.735328 0.23685 0.0257567
9.9982E-05 0.872615 0.127185 9.9982E-05
0.11661 0.648622 9.9991E-05 0.234668
9.999E-05 0.430021 0.334884 0.234995
0.109162 0.346207 0.424527 0.120104
0.0122208 0.50517 0.262883 0.219726
0.0556112 0.0853913 0.801656 0.0573415
0.0509555 0.518844 0.218662 0.211539
0.102877 0.758323 9.9991E-05 0.1387
9.9991E-05 0.643449 0.245534 0.110917
0.0221986 0.632809 0.0956299 0.249363
9.9982E-05 0.902949 9.9982E-05 0.0968514
0.158048 0.11347 0.183679 0.544803
9.9991E-05 0.131388 0.237697 0.630816
9.9991E-05 0.265487 0.0255934 0.70882
0.0241279 0.0238017 0.127151 0.82492
9.9982E-05 9.9982E-05 0.0529426 0.946857
0.0387338 0.161027 9.9991E-05 0.800139
9.9991E-05 0.247637 0.142802 0.60946
9.9982E-05 0.0428479 9.9982E-05 0.956952
0.0847157 9.9982E-05 9.9982E-05 0.915084
0.0973341 9.9982E-05 9.9982E-05 0.902466
0.0323164 0.0804659 9.9991E-05 0.887118
0.0892407 0.0626248 9.9991E-05 0.848035
0.0157406 9.9982E-05 9.9982E-05 0.984059
0.0407723 0.138083 9.9991E-05 0.821045
0.0550648 0.039968 0.0126549 0.892312
0.0499687 0.512609 0.224201 0.213221
0.0722832 0.742973 9.9991E-05 0.184644
0.109552 0.719351 0.0514534 0.119644
0.00525913 0.682138 0.242826 0.0697765
0.0622088 0.496368 0.265924 0.175499
0.398611 0.00281678 9.9991E-05 0.598472
0.0120633 9.9991E-05 0.236797 0.751039
0.109676 0.74872 9.9991E-05 0.141504
9.9991E-05 0.65855 0.236884 0.104466
0.115605 0.254417 0.325699 0.304279
0.154133 0.118806 0.561898 0.165164
9.998E-05 9.998E-05 0.9997 9.998E-05
0.408111 0.00806621 9.9991E-05 0.583723
0.0829534 0.527203 0.180174 0.209669
0.0935923 0.277252 0.509788 0.119367
0.103405 0.289964 0.239596 0.367036
0.746723 9.9982E-05 0.253077 9.9982E-05
0.79004 0.0174821 0.192378 9.9991E-05
0.807603 0.192197 9.9982E-05 9.9982E-05
0.703167 0.0476296 0.249104 9.9991E-05
0.859276 0.0733078 9.9991E-05 0.0673158
0.846124 0.0932099 9.9991E-05 0.0605661
0.726548 0.264454 0.00889873 9.9991E-05
0.750066 9.9991E-05 0.191233 0.0586012
0.892956 9.9991E-05 0.0171896 0.0897542
0.778148 0.110366 0.111385 9.9991E-05
0.630543 0.139459 0.229897 9.9991E-05
0.80171 9.9991E-05 0.115632 0.0825583
0.715163 0.109985 0.146061 0.0287909
0.37571 0.0317619 0.578148 0.0143808
0.0381497 0.126858 9.9991E-05 0.834892
0.00237358 9.9991E-05 0.191809 0.805718
9.9991E-05 0.0721948 0.0124005 0.915305
0.690423 0.0739315 0.196489 0.0391557
0.517533 9.9982E-05 0.482267 9.9982E-05
0.731967 0.0968142 0.0993406 0.0718784
0.698778 9.9991E-05 0.297418 0.00370385
0.868451 0.0716223 9.9991E-05 0.0598266
0.112632 0.157198 0.73007 9.9991E-05
0.0689754 0.119085 0.78465 0.0272891
0.0304785 9.9982E-05 0.969322 9.9982E-05
9.998E-05 9.998E-05 0.9997 9.998E-05
9.9982E-05 9.9982E-05 0.890116 0.109684
9.998E-05 9.998E-05 0.9997 9.998E-05
0.0463341 0.0893393 0.764361 0.0999657
0.59335 0.00583458 0.400715 9.9991E-05
0.443787 0.0405675 0.404286 0.11136
0.740745 0.0462972 0.132247 0.080711
0.758856 9.9991E-05 0.148061 0.0929837
0.727295 0.230877 0.0417281 9.9991E-05
0.0154893 0.0500869 0.221794 0.71263
0.286564 0.0693687 0.582082 0.0619851
0.0900358 0.0264587 0.883406 9.9991E-05
0.425009 0.00593566 9.9991E-05 0.568955
9.9991E-05 0.656761 0.152926 0.190214
9.9991E-05 0.64853 0.161853 0.189518
9.9991E-05 0.560127 0.235573 0.204199
0.027458 0.328787 0.389109 0.254646
0.0803899 0.856572 9.9991E-05 0.0629384
0.154073 9.9982E-05 0.845727 9.9982E-05
0.0216624 0.18186 0.203542 0.592935
0.205971 0.146968 0.646961 9.9991E-05
0.0660921 0.251875 0.370117 0.311916
0.0169993 0.79762 9.9991E-05 0.185281
9.9991E-05 0.613469 0.293649 0.0927816
9.9991E-05 0.601991 0.286522 0.111388
0.0387383 0.589895 0.324779 0.0465883
9.9991E-05 0.650663 0.340466 0.00877084
9.9991E-05 0.66835 0.293059 0.0384912
0.227643 0.0959643 0.676292 9.9991E-05
0.115279 0.0595227 0.715634 0.109564
0.265069 0.132733 0.594543 0.00765439
9.9991E-05 0.165217 0.593315 0.241368
0.0685948 0.239449 0.533873 0.158084
0.0687915 0.491192 9.9991E-05 0.439916
0.798297 0.201503 9.9982E-05 9.9982E-05
0.680595 9.9991E-05 0.298859 0.0204454
0.151884 0.0439396 0.709884 0.0942925
0.157691 0.0832788 0.558065 0.200965
0.159845 0.120389 0.567621 0.152145
9.9982E-05 9.9982E-05 0.349628 0.650172
0.64612 9.9991E-05 0.292188 0.0615922
0.637486 9.9991E-05 0.3387 0.0237146
0.464059 0.126221 0.409621 9.9991E-05
0.0756516 0.345467 0.0478264 0.531055
0.0934713 0.614676 9.9991E-05 0.291753
0.0263886 0.681264 0.199954 0.0923936
0.126698 0.829968 9.9991E-05 0.0432339
9.9991E-05 0.538368 0.0975094 0.364023
0.0340989 0.722291 0.0538241 0.189786
0.0312686 0.851258 9.9991E-05 0.117373
0.107999 0.891801 9.9982E-05 9.9982E-05
9.9991E-05 0.513667 0.103561 0.382673
9.9991E-05 0.776267 0.140299 0.0833335
9.9991E-05 0.675977 0.164093 0.15983
9.9991E-05 0.718884 0.184777 0.0962397
0.0714261 0.422218 0.259549 0.246808
0.0998761 0.753118 0.0578966 0.0891095
9.9991E-05 0.288592 0.418126 0.293181
0.0212475 0.746622 0.12068 0.111451
9.9982E-05 9.9982E-05 0.190986 0.808814
9.9991E-05 0.0314813 0.0457729 0.922646
9.9982E-05 0.0561537 9.9982E-05 0.943646
0.0847633 0.0878253 0.0530092 0.774402
0.0479617 9.9991E-05 0.106759 0.845179
0.0569241 0.690214 0.252762 9.9991E-05
0.0214642 0.694517 0.0826956 0.201323
0.903982 9.9982E-05 0.0958184 9.9982E-05
0.822888 0.0543899 0.0872146 0.0355074
0.844287 0.125102 9.9991E-05 0.0305115
0.625165 0.0513381 0.323397 9.9991E-05
0.82684 0.0864021 0.0866584 9.9991E-05
0.800019 9.9991E-05 0.0717168 0.128164
0.886015 0.0173394 0.096546 9.9991E-05
0.808 9.9991E-05 0.115906 0.075994
0.830677 0.0707733 0.0812404 0.0173089
0.804603 9.9991E-05 0.124203 0.0710938
0.818277 0.0846649 0.0969586 9.9991E-05
0.758976 0.0845594 0.0375051 0.118959
0.779193 0.212282 0.00313312 0.00539186
0.811208 0.0322705 0.0890267 0.0674953
0.740039 0.0193597 0.227813 0.0127881
0.88625 0.11355 9.9982E-05 9.9982E-05
0.866729 0.0658745 9.9991E-05 0.0672964
0.118077 0.0471606 0.792537 0.042226
9.9991E-05 0.0617526 0.920651 0.0174963
0.793773 0.0633456 0.142781 9.9991E-05
0.685573 0.314227 9.9982E-05 9.9982E-05
0.82238 9.9982E-05 0.17742 9.9982E-05
0.133279 0.198523 0.668098 9.9991E-05
0.0572939 0.902206 0.0355054 0.00499429
0.0109818 0.720487 9.9991E-05 0.268432
9.9991E-05 0.282728 0.353718 0.363454
9.9991E-05 0.252829 0.131113 0.615958
9.9982E-05 9.9982E-05 0.263468 0.736332
0.0138673 0.0010089 0.122279 0.862845
9.9991E-05 0.0776451 0.177407 0.744848
0.0251625 0.0480329 0.119394 0.807411
0.0355733 9.9991E-05 0.217456 0.746871
0.081729 0.0775421 9.9991E-05 0.840629
0.0199761 0.771539 0.0615143 0.146971
0.100474 0.731719 0.0821366 0.0856703
0.0482191 0.846434 0.105247 9.9991E-05
0.0290137 0.892522 0.0783638 9.9991E-05
9.9982E-05 0.875322 0.124478 9.9982E-05
9.9982E-05 0.670254 0.329546 9.9982E-05
9.9991E-05 0.598487 0.204568 0.196845
0.0481004 0.575402 0.208129 0.168368
9.9991E-05 0.629401 0.281454 0.0890452
0.00831448 0.524745 0.269952 0.196989
0.0195666 0.676702 0.215001 0.0887303
0.152248 0.105443 0.0238348 0.718474
0.739498 0.0287614 0.202415 0.0293253
0.820994 0.0217834 0.067507 0.0897158
0.796064 9.9982E-05 0.203736 9.9982E-05
0.74498 0.19452 0.0603993 9.9991E-05
0.760365 0.102663 0.0703674 0.0666048
0.141456 0.368614 0.131577 0.358352
0.0160319 0.637801 0.133407 0.21276
0.0483327 0.756361 9.9991E-05 0.195206
9.9991E-05 0.444321 0.230807 0.324772
