0.214572 0.657767 0.102667 0.0147249 0.0102692
0.132956 0.774157 0.0627708 9.9991E-05 0.0300163
0.156018 0.620927 0.194042 9.9991E-05 0.028912
0.3146 0.68299 0.000712768 9.9991E-05 0.00159711
9.9973E-05 0.919442 9.9973E-05 0.0802578 9.9973E-05
0.241245 0.723587 9.9991E-05 0.0307849 0.00428284
0.428787 0.532906 0.038107 9.9982E-05 9.9982E-05
0.261586 0.702253 9.9982E-05 9.9982E-05 0.035961
0.0165756 0.693475 0.152846 0.111002 0.0261026
0.280395 0.492234 0.198901 0.00418024 0.0242889
0.538026 0.294501 0.0506065 0.0599571 0.056909
0.282798 0.46406 0.227729 9.9991E-05 0.0253129
0.871354 0.00603681 0.0113744 0.0522087 0.0590263
0.199646 0.462824 0.244209 0.0932208 9.9991E-05
9.999E-05 0.692917 0.221139 0.056669 0.0291754
0.259117 0.604986 0.118638 9.9991E-05 0.0171585
0.0978583 0.656035 0.211791 0.0342152 9.9991E-05
0.00803885 0.871539 0.0946834 9.9991E-05 0.0256386
0.264194 0.0389248 0.542259 0.0978477 0.0567742
0.24126 0.116578 0.641962 9.9982E-05 9.9982E-05
0.0475364 0.216908 0.705171 0.023136 0.00724883
0.0580919 0.0284665 0.842004 0.0713373 9.9991E-05
0.0263401 9.9982E-05 0.930958 9.9982E-05 0.0425023
0.00356207 0.0763816 0.836087 0.0444977 0.0394718
0.115148 0.199855 0.684797 9.9982E-05 9.9982E-05
9.9982E-05 0.0691504 0.917339 9.9982E-05 0.0133106
9.9982E-05 9.9982E-05 0.889272 0.0714919 0.0390362
0.0360277 9.9991E-05 0.882284 0.0619795 0.0196088
9.9982E-05 0.116481 0.845539 0.0377804 9.9982E-05
9.9982E-05 0.0319217 0.889347 0.0785317 9.9982E-05
9.9991E-05 0.0155172 0.933705 0.0430027 0.00767544
9.9991E-05 0.0653876 0.870446 0.0341713 0.0298954
0.0475933 0.0666445 0.841076 9.9991E-05 0.0445861
0.280264 0.47482 0.194972 9.9991E-05 0.049844
9.9982E-05 0.703921 0.250366 0.0455135 9.9982E-05
0.0746298 0.681995 0.174536 0.0687388 9.9991E-05
0.259349 0.636121 0.0792893 9.9991E-05 0.0251413
0.384577 0.41288 0.137344 0.0622631 0.00293619
9.997E-05 9.997E-05 9.997E-05 9.997E-05 0.9996
0.212678 9.9982E-05 0.756947 9.9982E-05 0.0301755
9.9982E-05 0.708815 0.147898 0.143087 9.9982E-05
0.262012 0.614337 0.123451 9.9982E-05 9.9982E-05
0.320684 0.250435 0.288623 0.128786 0.0114721
0.646113 0.0526167 0.114081 0.134811 0.0523776
0.925877 9.9991E-05 0.0290271 0.028101 0.0168951
9.997E-05 9.997E-05 9.997E-05 9.997E-05 0.9996
0.310211 0.411283 0.219755 9.9991E-05 0.0586509
0.690399 0.132956 0.123121 0.0534243 9.9991E-05
0.179533 0.319239 0.362028 0.114726 0.0244738
0.176388 9.9991E-05 0.050521 0.759232 0.0137589
0.183536 9.9991E-05 0.0186857 0.772899 0.0247793
9.9982E-05 0.15271 0.0291268 0.817963 9.9982E-05
0.190602 0.0586728 9.9991E-05 0.70272 0.0479057
9.9991E-05 0.0386243 0.0716731 0.84084 0.0487625
0.0262971 0.033598 0.0835999 0.856405 9.9991E-05
0.00881827 0.244357 9.9982E-05 0.746625 9.9982E-05
0.108944 0.0410951 0.0392717 0.80039 0.0102988
9.9982E-05 9.9982E-05 0.091992 0.862625 0.0451832
9.9982E-05 0.126185 9.9982E-05 0.838704 0.0349107
0.260178 0.0957898 9.9991E-05 0.620316 0.0236159
9.9973E-05 9.9973E-05 0.149408 0.850292 9.9973E-05
0.0600253 0.0846685 0.112555 0.739493 0.00325843
0.532635 0.05689 9.9991E-05 0.354828 0.0555475
9.9991E-05 0.167171 0.740593 0.0652385 0.0268978
0.0227881 0.146049 0.789515 0.00438744 0.037261
9.9982E-05 0.0706505 0.919176 9.9982E-05 0.00997303
0.197193 0.04096 9.9991E-05 0.731752 0.0299944
0.341302 0.0420046 9.9991E-05 0.542789 0.0738037
0.211128 0.0215929 9.9991E-05 0.741932 0.0252471
0.259937 9.9982E-05 9.9982E-05 0.687282 0.0525806
0.0125128 0.100022 0.00342705 0.827466 0.0565714
0.605 0.210794 9.9991E-05 0.178004 0.00610154
0.747126 0.123112 0.0420284 0.0876338 9.9991E-05
0.905819 0.00314468 9.9982E-05 0.0908368 9.9982E-05
0.963011 9.9973E-05 9.9973E-05 9.9973E-05 0.0366887
0.908491 9.9982E-05 0.0714739 9.9982E-05 0.0198354
0.907371 9.9982E-05 9.9982E-05 0.0684506 0.0239788
0.690102 0.0550363 0.170667 0.0633429 0.0208516
0.242613 0.0520515 9.9982E-05 0.705135 9.9982E-05
0.21934 0.146105 9.9991E-05 0.5029 0.131556
0.130254 9.9991E-05 0.0840006 0.744867 0.0407785
0.102323 9.9991E-05 0.0762146 0.783322 0.0380403
9.9982E-05 0.228709 9.9982E-05 0.749457 0.0216343
0.076364 0.132869 0.727175 0.0385395 0.0250519
0.462408 0.0485581 0.180095 0.308839 9.9991E-05
0.872596 9.9973E-05 9.9973E-05 0.127104 9.9973E-05
9.997E-05 9.997E-05 9.997E-05 9.997E-05 0.9996
0.240923 0.594908 0.163969 9.9982E-05 9.9982E-05
0.142278 0.683937 0.163649 9.9991E-05 0.0100366
0.139725 0.568345 0.222356 0.014064 0.0555099
0.194079 0.386297 0.262487 0.110377 0.0467593
0.0226348 0.765624 0.107131 0.104511 9.9991E-05
0.700542 9.9982E-05 0.0472897 0.251968 9.9982E-05
0.142594 0.20572 0.578969 0.0315758 0.0411404
0.736949 0.0290631 9.9991E-05 0.169329 0.0645588
0.543563 0.0874763 0.281627 0.0400738 0.0472599
9.9991E-05 0.831565 0.136868 0.0221 0.00936712
0.378674 0.551435 0.0696908 9.9982E-05 9.9982E-05
0.34639 0.527883 0.125527 9.9982E-05 9.9982E-05
0.217796 0.677025 9.9991E-05 0.0849372 0.0201424
0.51669 0.418223 0.0607192 9.9991E-05 0.00426728
0.316684 0.607427 0.0649251 9.9991E-05 0.0108643
0.72874 0.0458832 9.9991E-05 0.199402 0.0258744
0.57373 0.0484144 0.125365 0.170374 0.0821171
0.614035 0.0797506 0.00862294 0.211892 0.0856994
0.668161 0.120523 0.198405 9.9991E-05 0.012812
0.474503 0.26113 0.130983 0.133284 9.9991E-05
0.145082 0.394289 0.426318 0.0342117 9.9991E-05
9.9982E-05 0.166241 9.9982E-05 0.821652 0.0119074
0.155409 0.0347283 0.0253724 0.756702 0.0277889
0.701661 9.9982E-05 0.12319 0.174949 9.9982E-05
0.683839 0.041466 0.131802 0.128961 0.013932
0.512988 0.0491894 0.253299 0.149619 0.0349049
0.239877 9.9973E-05 0.759823 9.9973E-05 9.9973E-05
0.264054 9.9991E-05 0.0447664 0.64886 0.0422201
0.277356 9.9982E-05 0.0570899 0.665354 9.9982E-05
0.517963 0.0251528 9.9982E-05 0.456684 9.9982E-05
0.16445 0.307827 0.431864 0.0476275 0.0482311
9.9982E-05 0.715176 0.224884 0.0597401 9.9982E-05
0.313382 0.646965 9.9991E-05 0.02227 0.0172823
0.0448211 0.79593 0.0488515 0.110297 9.9991E-05
9.9982E-05 0.5438 0.420768 0.035232 9.9982E-05
0.127381 0.672605 0.186481 0.00516896 0.00836351
0.112774 0.729935 0.139827 0.0173647 9.9991E-05
9.9991E-05 0.877399 0.0269098 0.0642316 0.0313597
0.226739 0.394203 0.378858 9.9982E-05 9.9982E-05
0.121103 0.719077 0.145297 0.0144239 9.9991E-05
0.0742089 0.675411 0.20276 0.00852163 0.0390977
0.1707 0.724659 0.0889145 9.9991E-05 0.0156258
0.239752 0.427858 0.252183 0.0801072 9.9991E-05
0.0564755 0.812178 9.9991E-05 0.0950339 0.0362121
0.293044 0.466165 0.188931 0.0298207 0.0220391
0.17324 0.744137 0.0611029 0.0214196 9.9991E-05
0.115794 9.9973E-05 0.883906 9.9973E-05 9.9973E-05
9.9973E-05 0.0817841 0.917916 9.9973E-05 9.9973E-05
9.9982E-05 0.122857 0.855299 9.9982E-05 0.0216435
9.9982E-05 0.137174 0.79488 0.0677469 9.9982E-05
0.115029 0.0316559 0.79996 0.0451428 0.00821266
0.404596 0.541721 9.9991E-05 0.0507144 0.00286835
0.226093 0.554427 0.18358 9.9991E-05 0.0357998
0.0578297 9.9973E-05 9.9973E-05 0.94187 9.9973E-05
0.0970881 0.0449155 0.0404023 0.777135 0.0404595
9.9982E-05 0.0844452 9.9982E-05 0.907132 0.00822294
0.248307 0.0143989 0.0596458 0.677548 9.9991E-05
0.0760459 0.0589699 9.9991E-05 0.845259 0.0196251
0.0338546 9.9991E-05 0.147884 0.793884 0.0242767
9.9982E-05 0.0461899 9.9982E-05 0.925863 0.0277468
9.9973E-05 9.9973E-05 0.128382 0.871318 9.9973E-05
0.11418 9.9982E-05 0.0685843 0.817036 9.9982E-05
0.0446493 9.9991E-05 0.107676 0.82248 0.0250947
0.107124 0.0225413 9.9991E-05 0.819642 0.0505921
9.9991E-05 0.108636 0.033307 0.797041 0.0609165
9.9991E-05 0.11227 0.0442438 0.820977 0.0224084
9.9982E-05 9.9982E-05 0.100042 0.88257 0.0171878
0.0213039 0.0863421 9.9991E-05 0.876133 0.0161206
9.9982E-05 0.10054 9.9982E-05 0.87743 0.0218303
9.9991E-05 0.000164772 0.107985 0.877113 0.0146367
0.705896 0.117979 9.9991E-05 0.174481 0.00154432
0.968977 0.0307234 9.9973E-05 9.9973E-05 9.9973E-05
0.137961 0.0352025 9.9982E-05 0.826636 9.9982E-05
0.0714298 0.215963 9.9991E-05 0.692556 0.0199507
0.0656878 9.9991E-05 0.0452463 0.880908 0.0080575
0.698492 0.156541 9.9982E-05 0.144767 9.9982E-05
0.153037 0.842712 9.9982E-05 9.9982E-05 0.00405142
0.0150551 0.754922 0.186593 9.9991E-05 0.0433297
0.237348 0.275484 0.469695 0.017373 9.9991E-05
0.0938496 0.244458 0.656516 9.9991E-05 0.00507673
0.189906 9.9973E-05 0.809795 9.9973E-05 9.9973E-05
9.9991E-05 0.0839062 0.854491 0.0558008 0.00570173
0.0107257 0.152889 0.836185 9.9982E-05 9.9982E-05
0.137054 0.0466082 0.785619 0.00563527 0.0250836
0.123835 9.9991E-05 0.763961 0.0975413 0.0145636
0.00954317 0.0716067 0.821735 0.065549 0.0315659
0.128592 0.767087 0.0926905 9.9991E-05 0.0115299
0.223484 0.589276 0.0613127 0.068055 0.0578725
0.379905 0.584125 9.9982E-05 9.9982E-05 0.0357703
0.429876 0.569824 9.9973E-05 9.9973E-05 9.9973E-05
0.364337 0.616871 9.9982E-05 9.9982E-05 0.0185919
0.50111 0.49859 9.9973E-05 9.9973E-05 9.9973E-05
0.251808 0.568423 0.160915 9.9991E-05 0.0187541
0.156577 0.589534 0.193668 0.0601214 9.9991E-05
0.195479 0.693713 0.0450304 0.0325196 0.0332585
0.246226 0.553356 0.140151 0.0601675 9.9991E-05
0.17761 0.65115 0.0784289 0.0597362 0.0330749
0.0704716 0.0908479 0.631108 0.0895935 0.117979
0.257196 0.0132842 9.9991E-05 0.724856 0.00456372
0.0935102 9.9991E-05 0.0889071 0.773877 0.0436059
0.102115 9.9982E-05 9.9982E-05 0.891867 0.00581759
0.165584 0.0981538 0.0185687 0.698753 0.0189405
9.9991E-05 0.0717164 0.0854052 0.833994 0.00878464
0.167652 0.42654 0.254455 0.126879 0.0244738
0.21772 0.505662 0.242709 0.00421457 0.0296944
9.9991E-05 0.820478 0.0649296 0.0418725 0.0726197
0.232047 0.482687 0.244296 9.9991E-05 0.0408698
