0.738826 0.09753 0.145459 0.0111109 0.00707445
0.71115 0.0870025 0.172721 9.9991E-05 0.029027
0.596662 0.22882 0.143612 9.9991E-05 0.030806
0.735361 0.0556562 0.197336 0.00222228 0.00942414
0.939128 9.9973E-05 9.9973E-05 0.060572 9.9973E-05
0.7817 9.9982E-05 0.115659 0.102441 9.9982E-05
0.67886 0.0662537 0.254686 9.9982E-05 9.9982E-05
0.761242 0.0164489 0.181698 9.9991E-05 0.0405106
0.66157 0.158932 0.0481048 0.114761 0.0166316
0.404652 0.24095 0.319675 0.0119551 0.0227679
0.25608 0.0734214 0.554221 0.0539144 0.0623631
0.55195 0.221289 0.142387 0.0418703 0.0425034
9.9973E-05 9.9973E-05 0.957144 9.9973E-05 0.042556
0.452923 0.158309 0.320506 0.068162 9.9991E-05
0.694639 0.195002 9.9991E-05 0.0777664 0.0324925
0.647966 0.0807543 0.25203 9.9991E-05 0.0191495
0.637934 0.239521 0.12164 0.000806234 9.9991E-05
0.889624 0.0713873 9.9982E-05 9.9982E-05 0.0387891
0.0897842 0.506373 0.164127 0.16327 0.0764454
0.128165 0.685439 0.186197 9.9982E-05 9.9982E-05
0.199041 0.72118 0.0519347 0.0246383 0.00320569
9.999E-05 0.848994 0.0843543 0.0553152 0.0112361
9.9982E-05 0.901385 0.0330975 9.9982E-05 0.0653175
0.165213 0.742153 9.9991E-05 0.0543092 0.0382247
0.145113 0.643408 0.211279 9.9982E-05 9.9982E-05
9.9982E-05 0.985659 0.00448187 9.9982E-05 0.00965905
9.9991E-05 0.839157 0.00493369 0.118883 0.0369268
9.9982E-05 0.891679 9.9982E-05 0.0779019 0.0302192
0.0819574 0.892749 9.9982E-05 0.0250937 9.9982E-05
0.025983 0.880596 0.0208453 0.072476 9.9991E-05
0.00191859 0.907622 0.0322396 0.0405026 0.0177175
0.0764174 0.812832 9.9991E-05 0.0868971 0.0237535
0.0234885 0.847745 0.0645436 9.9991E-05 0.0641226
0.450318 0.20124 0.269511 9.9991E-05 0.0788306
0.601837 0.315662 9.9991E-05 0.0750993 0.0073018
0.644246 0.136082 0.152702 0.0668705 9.9991E-05
0.614543 0.0688758 0.286738 9.9991E-05 0.0297432
0.417788 0.150192 0.369398 0.0544483 0.00817348
9.997E-05 9.997E-05 9.997E-05 9.997E-05 0.9996
9.9991E-05 0.741898 0.209901 0.0166304 0.0314706
0.647274 0.171519 9.9991E-05 0.153274 0.0278324
0.609922 0.132862 0.238473 9.9991E-05 0.0186428
0.327915 0.247003 0.301746 0.104065 0.0192705
0.0818078 0.0513453 0.731145 0.0801835 0.0555185
0.0118593 0.0312532 0.931953 9.9991E-05 0.0248346
9.997E-05 9.997E-05 9.997E-05 9.997E-05 0.9996
0.409808 0.191737 0.329567 9.9991E-05 0.0687887
0.264684 0.121227 0.507873 0.106116 9.9991E-05
0.401098 0.319236 0.127507 0.115268 0.0368903
9.9991E-05 0.0074871 0.217508 0.754952 0.0199524
0.00420315 0.0106818 0.160699 0.783314 0.0411024
0.193252 9.9973E-05 9.9973E-05 0.806448 9.9973E-05
0.0770102 9.9991E-05 0.171405 0.692756 0.0587288
0.0765338 0.0287604 9.9991E-05 0.844161 0.0504446
0.0510731 0.0727611 9.9982E-05 0.875966 9.9982E-05
0.239108 9.9973E-05 9.9973E-05 0.760592 9.9973E-05
9.9991E-05 0.0497599 0.139905 0.795407 0.0148276
9.9991E-05 0.117603 0.00144198 0.862444 0.018411
0.0724993 9.9991E-05 0.0871052 0.778363 0.0619323
0.0753732 9.9991E-05 0.342465 0.552553 0.0295086
9.9991E-05 0.159276 0.0126379 0.826413 0.00157297
0.0466896 0.0727723 0.254107 0.626332 9.9991E-05
9.9982E-05 9.9982E-05 0.650906 0.273174 0.0757203
0.203978 0.747423 9.9991E-05 0.0312283 0.017271
0.0854909 0.814203 0.0348145 0.031723 0.0337685
0.115179 0.863721 9.9982E-05 9.9982E-05 0.0208993
0.116144 9.9991E-05 0.168572 0.693627 0.0215574
0.0216983 9.9991E-05 0.392472 0.487351 0.098379
0.0684397 0.0244637 0.144878 0.733651 0.0285673
9.9982E-05 9.9982E-05 0.293058 0.678468 0.0282739
0.0956553 0.0113681 9.9991E-05 0.855963 0.0369131
0.158122 9.9991E-05 0.689196 0.144469 0.00811434
0.128886 9.9991E-05 0.80197 0.0472578 0.021786
0.0374781 0.0420043 0.834771 0.0856468 9.9991E-05
9.9973E-05 9.9973E-05 0.978667 9.9973E-05 0.0210328
9.9982E-05 0.0537323 0.901449 9.9982E-05 0.0446188
9.9973E-05 9.9973E-05 0.976873 9.9973E-05 0.0228274
0.0814447 0.0740345 0.816553 0.00974983 0.0182181
0.0633087 9.9982E-05 0.302044 0.634448 9.9982E-05
0.063407 0.0380355 0.29392 0.459559 0.145078
9.9982E-05 0.0283863 0.219467 0.751947 9.9982E-05
9.9991E-05 0.0966023 0.0953623 0.748802 0.0591335
0.199608 9.9991E-05 0.0446817 0.718694 0.0369164
0.0732793 0.710834 0.145913 0.042221 0.0277529
0.0697152 0.107064 0.573811 0.24931 9.9991E-05
9.9973E-05 9.9973E-05 0.874959 0.124742 9.9973E-05
9.997E-05 9.997E-05 9.997E-05 9.997E-05 0.9996
0.616397 0.188649 0.189812 9.9991E-05 0.00504141
0.675243 0.158696 0.138466 9.9991E-05 0.0274946
0.459762 0.158592 0.351035 9.9991E-05 0.0305107
0.341497 0.238598 0.292881 0.0661882 0.0608362
0.772015 0.0899852 0.0243459 0.113554 9.9991E-05
9.9973E-05 9.9973E-05 0.885961 0.113739 9.9973E-05
0.200571 0.545561 0.198343 0.0179277 0.0375971
0.058703 9.9991E-05 0.703494 0.160451 0.0772517
0.194159 0.339228 0.40465 0.0241351 0.0378288
0.799165 0.200535 9.99731E-05 9.99731E-05 9.99731E-05
0.621874 0.0884891 0.289437 9.9982E-05 9.9982E-05
0.517151 0.155404 0.327244 9.9982E-05 9.9982E-05
0.592853 0.0294754 0.271848 0.0875404 0.0182834
0.541758 9.9982E-05 0.438467 9.9982E-05 0.019575
0.641297 0.056647 0.289421 9.9991E-05 0.0125346
0.0436286 0.0419976 0.650201 0.232975 0.0311982
0.117469 0.0763588 0.522208 0.198473 0.0854917
0.0349907 0.015621 0.671354 0.188733 0.0893018
0.100644 0.195383 0.681321 9.9991E-05 0.0225521
0.234293 0.195031 0.457407 0.113169 9.9991E-05
0.48162 0.419471 9.9982E-05 0.0987091 9.9982E-05
0.211626 9.9982E-05 9.9982E-05 0.771886 0.0162885
0.040714 0.0366459 0.159559 0.736733 0.026349
9.9982E-05 0.206528 0.620464 0.172808 9.9982E-05
0.146275 0.104344 0.577387 0.135519 0.0364757
0.0605758 0.27995 0.448721 0.142251 0.0685023
9.9973E-05 0.71574 0.28396 9.9973E-05 9.9973E-05
9.9991E-05 0.0158549 0.307911 0.623411 0.0527222
0.0585782 0.0406013 0.205912 0.694809 9.9991E-05
0.120215 9.9982E-05 0.40217 0.477414 9.9982E-05
0.333672 0.42955 0.123745 0.0468096 0.0662238
0.733288 0.198228 9.9982E-05 0.0682838 9.9982E-05
0.637521 0.0557142 0.273683 0.0248667 0.00821572
0.792049 0.048499 0.0170742 0.142278 9.9991E-05
0.554119 0.435837 0.00984461 9.9982E-05 9.9982E-05
0.658918 0.207092 0.105377 9.9991E-05 0.0285139
0.757804 0.108915 0.117242 0.0159392 9.9991E-05
0.879451 9.9991E-05 0.024475 0.0788595 0.0171148
0.483813 0.349564 0.155874 0.010649 9.9991E-05
0.729175 0.116911 0.141249 0.0125652 9.9991E-05
0.61476 0.172577 0.181602 9.9991E-05 0.0309611
0.680571 0.108942 0.185081 9.9991E-05 0.025307
0.491136 0.212409 0.173182 0.123173 9.9991E-05
0.712358 0.02315 0.161756 0.05939 0.0433459
0.356792 0.199611 0.40661 9.9991E-05 0.0368875
0.732945 0.144781 0.0941179 0.0280561 9.9991E-05
9.9973E-05 0.846866 0.152834 9.9973E-05 9.9973E-05
0.0214579 0.865395 0.112947 9.9982E-05 9.9982E-05
9.9973E-05 0.956841 9.9973E-05 9.9973E-05 0.0428588
0.10944 0.8061 0.00471621 0.0763733 0.00337111
0.0405103 0.860271 0.0122729 0.0820714 0.0048745
0.610661 9.9991E-05 0.315875 0.0550645 0.0182996
0.600336 0.14566 0.230495 0.00458184 0.0189267
9.9973E-05 9.9973E-05 0.069828 0.929872 9.9973E-05
0.0879257 0.0656158 9.9991E-05 0.815964 0.0303949
0.13868 9.9982E-05 9.9982E-05 0.849393 0.011727
0.0393051 0.0594614 0.25303 0.648104 9.9991E-05
0.0446351 0.000228395 0.0413868 0.879853 0.0338969
9.9991E-05 0.122903 0.0365286 0.811671 0.028797
0.0772755 9.9991E-05 0.00207806 0.88768 0.0328668
9.9991E-05 0.0705184 0.0834321 0.836021 0.00992862
0.0455381 0.0558857 9.9982E-05 0.898376 9.9982E-05
9.9973E-05 0.148067 9.9973E-05 0.851633 9.9973E-05
0.000664486 9.9991E-05 0.205708 0.772718 0.02081
0.164326 0.00383937 9.9991E-05 0.816958 0.0147768
0.0882021 0.0735207 9.9991E-05 0.819572 0.0186056
0.0507911 0.0565032 9.9991E-05 0.84351 0.0490961
9.9982E-05 9.9982E-05 0.229534 0.767829 0.00243688
0.102921 9.9982E-05 9.9982E-05 0.869446 0.0274329
0.0510614 0.0554762 0.0414142 0.836315 0.015733
0.0807428 0.0410994 0.69769 0.178743 0.001725
0.16868 0.00458097 0.826539 9.9982E-05 9.9982E-05
0.0820257 9.9982E-05 0.046278 0.871496 9.9982E-05
0.242329 0.0113621 9.9991E-05 0.728539 0.0176699
9.9982E-05 0.0414865 0.136435 0.821879 9.9982E-05
0.114882 9.9982E-05 0.803217 0.0817006 9.9982E-05
0.897327 0.00548336 0.0580357 0.0115976 0.0275566
0.736257 0.209538 9.9991E-05 0.00564854 0.0484562
0.286907 0.4773 0.230404 0.00528947 9.9991E-05
0.269632 0.627663 0.094514 0.00145986 0.00673121
9.9991E-05 0.815022 0.153752 0.0164626 0.0146634
0.0293419 0.884327 0.0167256 0.0695054 9.9991E-05
0.100089 0.777355 0.109971 9.9991E-05 0.0124845
0.0430014 0.794432 0.131917 0.0130128 0.0176372
0.00701129 0.707843 0.183162 0.0666889 0.0352951
0.0404568 0.824034 9.9991E-05 0.105586 0.0298232
0.831651 0.0913265 0.00467937 0.0430676 0.0292756
0.643237 0.0466698 0.181739 0.061408 0.0669458
0.710972 9.9991E-05 0.197421 0.0344647 0.057043
0.739316 9.9973E-05 0.260384 9.9973E-05 9.9973E-05
0.715908 9.9982E-05 0.253587 9.9982E-05 0.0303041
0.613198 9.9991E-05 0.376099 0.00452604 0.00607693
0.518616 0.18787 0.266821 9.9991E-05 0.0265928
0.3898 0.248086 0.354644 9.9991E-05 0.00737003
0.637442 0.0886755 0.20809 9.9991E-05 0.0656934
0.520482 0.134335 0.316405 0.0168647 0.0119139
0.647211 0.0861557 0.213107 0.00602091 0.0475051
0.0376125 0.69109 9.9991E-05 0.131136 0.140062
0.00319083 0.0457369 0.150338 0.777579 0.023156
9.9991E-05 0.054927 0.119312 0.790764 0.0348969
0.0134628 0.0132212 0.123701 0.849515 9.9991E-05
0.112949 0.0167694 0.137887 0.732295 9.9991E-05
0.103974 0.0795035 9.9991E-05 0.797551 0.0188717
0.379447 0.2954 0.163692 0.111651 0.0498098
0.527084 0.232811 0.186758 0.00896631 0.0443813
0.736719 0.09754 0.0925327 9.9991E-05 0.0731087
0.454673 0.259842 0.230542 9.9991E-05 0.0548426
