IBR/IBR_outputs/all.combrep_1/EucDistWater_Total.WeatheringIndex_Total/EucDistWater_Total.WeatheringIndex_Total.asc
NCOLS 160 
NROWS 95 
XLLCORNER 210004.651214014 
YLLCORNER 7350008.22228844 
CELLSIZE 4999.99999999997 
NODATA_value -9999 
[rows 63 to 83 of 95, columns 46 to 91 of 160]
4.682548114951 4.8516437591559 3.02980330638789 2.71835972376603 3.24650167362729 5.08286915232803 7.90489420287866 5.5726061420738 4.42325882144561 5.46577449511073 6.68035996239275 8.42028735723686 10.9444343661098 12.7705137367632 13.1938170536241 13.7689095389828 14.7104163428266 14.9298636544909 14.7405179867676 14.7805958094055 12.636500673151 9.14254576288315 6.76793346207036 5.90217727043131 6.63256313506898 5.31843845829968 5.29782857353394 6.71122110892691 8.92647846039638 6.50616101734645 5.63511722048362 4.42643050306922 3.62275094804513 6.67977093479367 9.944200958502 12.9854413452922 13.298719279315 13.0094297250486 12.7930026197801 11.4709575295137 10.6560381143898 9.45489897752294 6.13390282202575 2.79602168018307 2.28598256105584 2.54022443970158
4.74328374122818 5.98098675834638 4.28819280901109 2.73395134005274 3.48591804007233 4.96036703829764 6.84745635084945 4.52037545300922 2.95714704003899 3.12240050822538 3.41168009904052 5.52800219180147 8.2789478651722 11.1458101733866 14.0370909872069 16.0443390714929 17.4150553377139 17.2868475184811 16.6811480930223 15.3814493463889 13.3580530869048 11.1565332866535 9.73867831306521 9.23096122482999 6.89268709919782 3.47081418400591 2.44871122573181 4.96864220142251 7.4821380435938 4.70309763090821 3.01450695831179 3.5729175051603 2.36128687324452 5.45532798241502 9.11009607035231 12.4807868166841 12.8466919037255 12.6713004686255 13.3278972777798 13.982518933576 12.4921118545383 9.59146206577133 6.22708476025321 3.45498675987506 3.49785366782512 3.7829046300314
6.50206812666415 6.62280667826619 5.79648789874042 4.15710661091012 3.30013082498372 3.33165312153767 5.91864568655648 3.9917442714974 2.85842920683846 3.26849557558319 2.59118239333824 3.75984173212395 7.21493855632674 10.4226407367239 13.6843561569081 16.0293998131557 17.0746235323619 15.9769697150312 13.6796314568734 12.0705902220119 11.1195468400902 11.3410361958797 11.775476005032 10.9347250763722 7.74785979235157 5.16060205066008 3.42702603984346 4.71726903715619 6.34277822813148 4.26755910868316 4.47585615027386 6.32195924905481 5.89813850884387 7.3930887309003 10.0785327310431 11.3752323842802 9.89775435721314 9.36934973320806 10.130976966107 11.8442610932609 12.8202109281508 10.6578391573685 8.39606924770395 6.85956379574286 6.49972364839416 6.77515884154103
4.20366875444352 3.30406097998944 3.85819164425577 3.22156433985957 5.10849925314814 5.22523986837058 6.49074844843458 3.80376979208932 3.64719252316793 2.81482080634468 2.86901283900317 4.49948922070075 8.02644731621503 10.9872221837591 12.9968320826961 13.5348948468538 14.6266834094466 14.5465926127354 11.8597098885071 9.48782216674064 8.20909160401793 8.30390610253389 10.1007755605149 11.6176828518239 9.58441740169939 6.5421033655518 4.00875129596159 4.87856606347143 5.85236710368701 3.26215449194299 5.08699080607333 8.41214450076617 9.0745976543588 9.4151746082278 9.89857852767872 8.57137950799369 6.73326435653492 5.87710269446444 7.13847362591605 9.0742030840463 10.7390125885864 11.947957704831 10.792354760646 9.26450835633646 7.41428074318775 6.11629344546667
2.6474680380778 2.36069034701729 4.10134024928433 4.67077640992069 4.15828261567022 3.62569388530212 5.92331059324569 5.45253017097358 5.62528890164673 4.48356937813715 4.38840008106057 5.74086432777607 8.97816805590459 10.5876582700022 10.2110705405032 10.7987078011047 12.1450703537664 12.807219689755 10.2604107967656 7.1548749503434 4.81727411762107 5.12134565576179 7.65194294612433 10.4940304405645 10.4804010736597 8.01128855455559 6.90181054712918 7.93475296374632 7.27768727316551 4.97554158505943 4.21200392138184 6.68102418983169 7.16726924216389 6.65503252176383 7.7969322969784 5.62919805884934 4.14866141887769 2.54328931549828 4.83568958807114 6.17535552626412 8.44548252754775 11.0722949864105 10.9490468927237 7.91533728159006 4.62635356131685 4.2189168915891
4.62118536654202 2.75215479089799 2.95533016245385 6.12762391729817 4.91472597479198 3.17397311333065 3.10916843301269 3.40239452937609 6.62581698353417 7.39049131620611 7.50009798244842 8.3158953114802 9.90030771988907 7.92443632024285 6.58071907543815 7.42559918074794 8.99684306187636 9.83175979228544 8.76598816401374 6.64932841672259 3.27985649305947 3.86919741451241 7.07008469629169 10.7934630928075 12.8899050101161 11.7189723045581 10.6085470909542 10.1705560588326 7.72238071525968 4.81650239626454 2.91549795568046 5.38203097529223 3.90594286009672 3.28889909204671 5.81888922569234 3.58132086512795 2.84322754771917 3.33058071287135 2.73773121919003 3.77010337423934 6.63692326242441 10.2933217442782 10.8660960770878 7.62066512263051 4.30489819368963 3.51285228905826
2.58147815885736 3.23100135225903 4.50783710606743 7.23026248749368 5.74812407230178 2.81807235344939 3.01276217855315 4.66016614330815 6.91324366559196 5.76835095848805 5.36242104721852 7.58001959354108 8.79813224778669 5.91143351399549 3.24451302859431 4.52256306174475 5.90265400738076 7.35887939000618 5.68553867800349 6.12133820289689 4.77610608578459 4.76524000565116 7.11116433519096 9.608881718988 12.6226542851098 12.7537156478407 10.8690515997015 7.75554043668149 5.27825154585297 5.3581180940095 6.41498685026778 7.51603066959754 4.98759581590472 4.4564443462762 5.54373003344159 3.51646168536043 4.23006022018669 2.79185888232825 3.62848227559691 4.04443296911972 7.16311422012018 10.6994523999732 12.1558072080287 9.34699329118009 7.55505550459455 6.41716882167233
3.19922389457331 2.70362027600409 4.10447243495202 5.17695249303277 5.69554230397739 4.12966008771124 2.46825812776461 5.34777516329308 6.92166023097708 3.94200229504438 2.67353077981014 5.4008350911343 6.81775120698816 4.30123487181547 3.1124941553359 2.58394642692796 3.88344240116138 5.8754089199826 3.08820181015971 4.49583916720828 3.25758307799442 3.24839158073142 4.64146616706852 7.19594598188902 10.887729953837 10.9203746906061 8.1744006423733 6.37692319021156 3.16402244788998 3.44049812618038 7.07660505026279 9.68788027544236 8.5471279063222 7.15624580630808 4.94961369823345 2.80378930491057 5.25307578467905 5.52756927266609 5.90276489768084 6.77302780951441 9.1804421318601 11.3824963742192 13.0508739333768 11.890150210977 10.4265541262034 10.0265598155284
3.9203152982738 2.49584388480538 2.49205255387127 2.86916819456298 3.05153964357068 3.37622076930634 3.97858485550215 4.6525427631199 4.96020652519675 3.9766281361161 4.58231838996937 6.69272804268996 6.78696594186388 3.82030114306448 3.758740694408 5.03451832717142 5.62768194285424 6.26394568017002 3.46870741252401 3.45637389874157 3.88500299394629 3.49666729264606 3.92971131395388 6.92270560420927 10.241170537011 9.04823123309097 5.66637430705185 3.86958707850976 4.4657634381624 4.06655022733249 6.70253139360388 9.89252701027066 11.0963905531044 8.34774915619322 4.54955337480647 2.09932750223776 4.70128472731007 5.42003678216004 4.00464217202176 6.10663059079706 9.08020047327287 11.4831022503504 13.6246836450881 14.3517059236494 13.4702754572701 12.00037960368
2.92578336533633 4.49245119509536 5.4870801477455 5.03626801593306 4.38473139264477 4.43695697919365 4.59222660143224 2.39505233858559 2.4972549292241 2.43820915776304 3.67140902691647 5.51802022550059 7.56812632410543 6.91490366178007 5.8300206412511 4.11942501559858 4.86182649534885 7.04645766518796 5.89878612454882 3.94377996318899 3.86473213562967 6.35408254025976 7.11154172449097 8.6239161510731 9.29472453279336 7.64160982858246 5.45960708410087 3.57043495153464 4.34492085998602 2.33729855863346 5.29954535113204 8.73274839726091 10.7237776041518 7.98029929880832 4.74628151422128 2.05422607568958 4.44104435767183 5.03548289208116 3.12781240748401 4.12870475924351 6.16725148364698 9.47033953610639 12.7885165250052 15.7735439481909 16.1737375877422 14.258005868013
5.14212646270759 6.73636624014336 8.71263891870781 8.77684183051076 8.02519339581587 7.92327470020529 7.00748446451555 5.41567377795042 4.43217261578548 3.26634252973596 3.03492250992539 4.74949113949121 5.57093421027171 6.47867517124445 4.91658492723225 2.45642296664563 3.91921332589473 7.05336451349294 8.74946196836354 7.15378639251087 7.10966291086444 7.49812976697611 6.45899307836955 7.03501321057381 7.47974473440803 4.56389371008717 4.1088434194997 2.95058012868111 4.43064332905988 3.94809327771813 5.00037710241008 7.78279265265645 9.03107233828992 6.03516255872509 3.67092630653149 3.05936071103423 6.0279318157912 7.53099620599622 4.82379949202316 2.43308306077721 5.01384709407624 8.39079457819906 11.9677540984473 15.8578177741652 18.4473507120105 17.384042231035
4.02253284087662 5.04335993956791 7.41198134087681 9.75945108158029 9.83372738626914 9.4874125565664 9.11799053406092 8.76333047837691 7.70682087693384 6.24351416787835 6.3775134561759 5.49239991413619 2.82018868824647 4.88190336972935 6.1611701094658 5.3538079587171 6.38127928459307 7.58299773307438 7.75835826252375 8.15657473570227 8.65505983557095 6.28234452139479 3.38687394222116 4.3100495875927 6.33637068603484 3.98952794112712 3.07117095374108 2.63555826317138 2.86012115168504 3.78638173934453 2.91831880806308 6.2092942795618 7.6951996514416 4.39958166785369 2.42892628687023 5.13595860932819 7.98742375095924 9.1957036140157 6.34344202569475 5.60757730558903 7.02032683850244 10.036336387835 12.890548186501 15.9564047303216 18.9630223588854 19.4596418207255
3.05269749658353 3.40109991874972 6.28475537743614 6.97282568915018 6.76762989270831 6.53735997461154 6.46938264572289 8.59600476660578 9.36242129179115 6.94338509884574 5.91753156076962 6.5013650263308 5.22521051786685 5.87678781187288 8.35226941702678 8.43842483896379 7.98833186508045 5.37115921201685 4.26332356270961 4.8877204970387 5.48565148537591 4.92440377257338 4.01852196505343 5.35143951938132 7.71026067866244 6.33577574271532 5.78926407310742 4.48293366049432 2.69373189783808 3.08072029173422 3.70896902004134 6.43164603386396 6.01263989099872 2.81721973717416 2.52335307850073 6.04840312160256 8.90151496641236 10.8913402221006 9.69586772029742 9.23939116922938 10.1783121669784 11.922238258739 14.5060008468435 16.8599045442209 19.6149777907125 21.7203437868902
3.95764051211114 3.29816669311133 4.00429115902285 3.24680107803342 3.40997312690054 3.2777104455263 3.89519505000284 7.41711199511502 8.74499607268302 5.45762817853589 3.34360935913705 6.08193362656685 8.49113568028812 9.21995254209453 10.6977331866254 10.9130743564217 7.92345501035153 4.66586898764597 2.4535405566339 3.05356507468549 2.66222304161445 3.0464552529049 4.00646845070369 7.10075930359858 8.26880319474312 8.01118249237924 8.49029744725276 6.81376864953137 5.47434112923459 3.69045163845886 4.53666666318277 7.50866462133132 6.22374826630907 3.07688447661974 3.75092466296248 6.12767280932709 8.58470788440864 10.3659840401588 11.9768056494674 12.9029381989485 13.2558880521497 14.8866035522763 16.6453227070904 18.0652999678324 20.645687218624 23.0789250262561
2.28224037440769 1.99160247678393 2.39043915030051 3.08459857429396 2.76595722043285 2.03688365171578 3.56490499956396 7.11978578360375 9.13746336290378 7.02711855283266 5.77336388170843 7.4175874227691 9.7925409514574 10.2956038950258 10.9228445139465 11.8569884000972 9.17139466021928 6.72354532800084 5.68260734184899 5.69133774885909 5.22048544057739 5.71518742170621 4.57521485197948 5.0542798932698 5.14862649222124 5.0740800240426 7.17304368322866 8.90246256707315 8.24780516583571 7.51448993091526 7.50048129942407 8.95463812586865 6.36973496503767 2.83255558163355 2.05956068169447 4.2403950358658 6.1050548433127 8.21406787240583 10.9019453798421 13.7776800170564 15.7241372690478 17.0416599998678 18.8804742566502 20.9574760424033 22.1829737093325 24.241093886686
3.01530206520412 2.64293029162244 4.57488207912415 6.49373684786346 5.91882510084959 2.99029973923502 2.62807751893321 5.5043427810462 8.32073116489116 9.39216695048053 8.91681087670141 8.81122613257072 7.4348518012671 6.93087529221952 8.22272346838695 10.9621556313177 11.7075509891007 10.3133963897299 9.58505188885313 9.18585152832733 8.41362557599598 6.34535325323229 3.31189945778268 3.39923267910615 2.60612383782035 2.88038105082641 5.83794663873733 6.79133463730099 7.94277787313483 9.96876908923841 10.3784375692816 9.15319090329693 6.13402460979889 2.74247272310604 2.90624799555235 3.31003297095731 3.20461246081358 6.32962027053641 9.79683621352111 12.8396475740048 15.6006985524273 18.4415686937527 20.7035071542381 22.7793921464083 23.9884753488208 23.6880148925228
5.0599680239033 4.4009290981528 3.80819686738299 5.74901544680946 7.83146817098986 5.6350535680847 2.6600585082649 3.18705192895349 5.53969273844924 7.1905852470535 8.08531568009317 6.40015178209664 4.13130074290838 3.34932213039525 6.39516871117287 9.70227744154363 12.8914751120123 13.5906606509032 13.3790801955305 12.9954014559298 11.2638075938896 8.22096033459207 6.04183932879327 5.64522235726746 5.05803235401562 5.57220659351708 5.72076627712855 3.61519400423396 5.5506687827437 9.19391611072061 10.8384685896786 8.78250507031989 5.50570532905683 3.36843900601767 2.39427193656065 2.4798382961069 2.51884182060979 5.40362173879235 8.77959143549249 12.0371465447154 15.0504150595464 18.0548858028827 20.9804607450712 23.3627636670654 22.4849481785396 21.4036190229652
4.81805350250297 3.97860092053924 2.57256294117893 5.05880892889066 7.46868336935128 6.16415522807402 3.29612943990759 3.13487964437361 2.89411219149864 3.99002494014956 5.28182221324387 3.23890960433251 3.43007957037065 4.25003963090574 7.20555288501028 9.92519687344497 11.9637181393471 13.9166025527146 15.5041002422491 15.3129395219846 13.1534734400259 10.9580649917253 9.64014352924998 9.26168898734165 8.27103261149453 6.84233553480268 4.01992028734878 2.77640985178919 5.31581678470389 7.49932226298142 8.48137306672778 6.95352626456557 4.16807404837076 2.30902889776019 2.90009716261962 4.5891264340187 4.70751349906018 6.70120234161488 9.51030887996727 12.4935122339865 15.0627266008981 17.8060221877648 20.7941456119429 21.1940779050176 20.2526344760965 19.1333047852562
5.18277113692677 2.86962308811546 2.26277379705175 3.10750542356768 5.10638315708104 6.80071145777301 4.80443612731938 4.92489190438405 4.27202040149969 2.37326926116607 2.54772702000315 1.98974749555651 3.55260429740939 6.36285150637281 6.83273361505612 7.69598768261428 9.72240057181435 11.9881062683597 13.4052564840569 14.1833444364888 15.0643874863926 14.2281294414141 13.0737738434118 12.3275427246029 10.222319448183 6.99902587136068 3.80715513277414 3.85410382568276 3.04847325640003 3.90328567623978 5.33895021366425 3.36448160820317 3.9764856968021 3.89885745894908 6.09550512906473 7.39363300097704 7.79178115454412 8.14447618900677 9.64828996637832 11.3449964464524 13.739301749966 16.9289821805957 19.4124408420573 19.286089029042 17.3581719429904 16.0575398785383
3.06964357401293 2.42272257955965 3.58909714073989 2.73271377854276 3.17316662503592 5.70217981722612 4.201986532053 4.5586546398693 4.36424221360504 2.6435971455894 3.49678464500736 3.98498706764469 4.39381872648793 3.86297879903971 3.27235113159929 4.4231934641506 7.26251929914433 9.71526460842437 10.4730821797243 11.3796754017756 13.1142315606415 14.7960507359415 14.7924430654115 14.2620481597352 11.5946430861189 8.90696992013009 6.69053511411932 5.77619243705157 4.11734134862165 4.89327449422239 6.05657947938126 3.63807549440767 4.53122763282997 7.339867520369 8.92846971074119 8.23688134779135 6.04014978930747 5.33865644595443 7.22872738595163 9.930881161714 12.8790076068091 15.2476219338642 16.6315185201211 17.3913430638513 15.7343643816608 13.1993781558524
3.36140316488589 2.99665481248455 3.27284342978246 4.86569075852184 4.37828661255491 3.03440670278482 3.92864112471715 6.0354985549023 3.6526993226459 3.75943899214652 3.10103466008632 4.97709489283646 6.03357272816692 4.01204815669271 3.74838247200227 2.96371560356887 4.80482918526374 7.00928170185773 7.12573265734576 8.43202661983017 10.7321988477206 11.6548905280838 11.9379411458996 13.1731448165843 13.2782088283253 11.629563346336 10.4458404277039 8.70800884355929 7.25065332170611 7.98154783814213 8.58989534653394 7.46834864018385 7.88239051985227 9.81425702116209 10.8386970047378 7.79080755754236 4.27664575298806 2.93387817278311 6.17208853567434 9.18180161706026 10.780968884264 12.3498562521286 13.2546202766011 14.4546986130372 12.9660349278303 10.918395361611
