IBR/IBR_outputs/all.combrep_1/EucDistWater_Total.WeatheringIndex_Total/EucDistWater_Total.WeatheringIndex_Total.asc
NCOLS 160 
NROWS 95 
XLLCORNER 210004.651214014 
YLLCORNER 7350008.22228844 
CELLSIZE 4999.99999999997 
NODATA_value -9999 
[rows 42 to 62 of 95, columns 92 to 137 of 160]
4.83820882227425 7.06627768417828 4.68001605724599 3.80990217903361 5.97367888813401 6.5720261403964 7.33125237195592 5.41221596591157 5.69734731263437 4.47832917852958 2.82144010118707 4.02558441880929 4.19655493682843 3.25672959899729 2.80116316512073 3.95112483639101 2.85514757185554 3.41179992254114 4.45321021091063 3.50915869587259 4.22318801161747 3.61611568814875 2.47151074652209 4.45703774096208 6.25436640861701 4.27503011972573 2.67404087633833 2.71026815211773 2.76106825518171 4.32017728423178 4.1865437742709 4.27117504383199 5.07599822331594 4.37094478024663 3.2182367911188 2.71163233360873 2.35464893607353 2.00347136734225 3.53435877979427 5.90543351518412 6.67045500009009 4.67259423040004 3.03563834436707 4.42125975793652 3.38982784720019 2.70800422609724
3.87852788801277 6.75642802242361 4.85084920409742 3.76962940606765 3.57001553585031 3.94535197554416 5.3708006245557 3.57404333810037 4.82701871351093 6.96984973674118 5.91092752745324 6.24431319704208 4.81383490506595 2.98387148686433 3.31549427081077 5.87180319901377 4.21947340485111 3.42648787769909 4.55206249477365 6.08469751281336 6.11537637267873 5.62718068744505 2.92482395313527 3.37902635217662 5.2844710024382 5.05167261877777 4.61561548034959 2.63758854528149 3.18916477794827 2.28008779560667 2.74964392837325 4.30317472400599 3.26109431282214 2.88986023279603 4.92581707345149 4.12560080733235 3.26697019687938 2.53046629211145 4.81946174545207 7.0811569341142 6.65326813576747 4.00690775566983 2.64478091393163 3.18850396983199 2.84890190535715 2.70684467675327
2.96997505800548 5.79373563665559 4.30297679531271 2.85908736143966 4.35072580027255 4.96142005275022 3.41083015282748 4.74424436206307 6.99779048021929 9.0072822217158 9.29980894821954 8.79844628174476 7.28271445979152 4.91128169261104 2.84038847779197 5.29685293198538 4.97948581913372 3.38450808610315 5.47320079699994 8.37557932605919 6.99610464818721 3.94961800979234 3.26299444661095 3.9370862422663 4.29403379192947 2.94247308203843 3.36482409454394 2.68728340920821 2.99389992155479 3.62603614263025 4.10662757361101 3.51216782488835 2.27343478339221 2.94561609069119 3.84094313949207 2.4204690527301 2.22276613278682 2.20361512496374 3.67220338920689 4.47588621015396 6.06432398372365 3.5748008249125 2.95879677159295 5.42235158600381 4.93171677665892 3.48848659404594
3.19121839354332 5.80091984713124 5.06067520554596 4.51281444797026 6.20698274056238 5.87256886925129 5.25270302787678 6.20768418373173 6.91854304378415 8.01461042936258 8.69752861097957 9.44017178231592 7.89819105933364 4.5423674428408 3.29416402012634 3.53477542834741 4.05709615268569 3.61314407014243 6.36709786066727 8.48315326317679 6.8043186738704 4.64488030200416 4.18229667905221 3.91003939437137 2.83614645403934 3.62916491409679 2.86944609118425 2.70764661188747 3.59163649011136 4.22381479924179 3.00646495571732 3.69317183233344 2.50531194909505 2.54437697683601 2.48065078827639 2.40977466262973 4.08033188411297 3.6549922814474 3.13359871121348 4.06246456812877 6.21512135869752 3.69049614813941 3.81854784021004 4.30834027640727 3.9063970204368 2.30317207772359
3.21688118377128 4.10044192356904 3.15269774093791 5.92030261385822 6.41621326156745 3.77539726704518 4.4010711164418 5.62003430412583 3.71509540146256 4.8276692025851 5.59699085747957 6.90832301453562 7.47517823179437 6.41935892906287 5.65049887757662 3.5503738864222 3.44785694905384 4.92487574276918 6.27730681226414 6.22417108988875 4.13409119559458 4.30055381968651 2.91613708413833 3.44591704382656 3.18573506495324 3.1280090204773 3.05576362749832 3.04063101851996 3.40025557587023 4.87335377218537 3.98145533910179 2.73700617528007 3.91641172160241 4.4465507087052 2.40595066728364 4.14019453034533 6.41622241485079 6.72312398522666 6.04144912695399 5.48046840748355 6.29881602827984 6.57484352173139 6.14982810686979 3.75535116466531 3.09322647463282 2.55279031833655
2.87370626885585 4.21772348786963 3.90854914692669 6.05226306713111 4.89915923742044 3.16043043598762 3.91894977205644 4.17751627516228 3.48796068442548 3.0076037313158 4.57291816772519 3.9175588046932 5.01289715530566 7.9124783951135 7.00257015719897 3.82487789259686 3.1044249591611 5.38166066976711 4.1409529336007 4.27278520632025 3.4456803539068 3.51500111170089 3.54485397989449 2.88409124712412 2.71848360868939 2.98846530969643 2.39091685297559 4.56158868391535 3.98623976918873 2.99475558512279 2.82411803589904 2.90856053524265 4.3328228909121 4.76978136132954 3.89452524094558 5.83018038264728 8.61691533879913 9.14544157109147 6.23615749365551 3.0963180904312 4.22736056916857 7.4357424764518 6.52260364116042 4.46848546470426 4.9572061493877 5.33475790862486
4.06830489497423 3.31418686955645 5.05714668510543 6.30063397040301 5.2557559984674 4.28071743823384 5.19172196723668 5.35996249563796 4.33745162460611 3.81575526348586 4.9872047986861 3.07900173646348 4.3049340910637 6.91886171048144 5.45434732337125 2.91215205914618 3.54355819915805 3.98818771698872 5.19462334847936 5.65214893793623 4.67984788275921 2.92190491540447 3.58464001658396 2.17672083124145 2.83045642943006 2.14836829063288 2.7201009034866 4.33684137832685 3.23749834427966 3.27715156912735 3.80654839409222 2.78408444504469 4.55146360227675 3.00240623879519 3.89953001640454 6.75338751157198 7.193016242692 7.94875899836765 6.41280113845275 3.818216082457 4.8105655975717 7.61765892697427 5.60373928861964 2.81143252256517 4.77361400468976 7.31160575505946
4.43361198415305 2.32068217181071 2.87737798712052 3.88995613942205 5.00274033258978 5.86693815429828 3.90658288279137 4.65532293298751 6.47095055622789 6.54059759368696 4.9482222849352 3.12177565871771 3.01815536704986 5.53139597483142 3.76802980827865 3.47579996825622 5.13917048540207 3.59827548891495 5.34772288386357 7.16318431719448 5.94340924229604 2.83260283939835 2.94631665155115 2.5341528141733 3.39803184607664 2.45441927871157 2.91165343300974 2.90258783745957 3.3203800997711 3.39079917938157 2.20119769428014 2.63234212419696 4.7547216900157 5.63668838291726 5.7970742344841 4.91283114424278 3.70951205878565 4.70540240544563 6.3126724735206 6.89068508946157 7.52497013948596 8.93308453554062 6.50062758704654 4.24568264849493 3.82768992110479 5.6303284021846
4.27362667239251 2.33840303276954 3.30737897697927 3.13967634921056 3.53803893005651 3.56529719263914 3.05738133888729 4.10721116800829 6.60179654560993 6.91276759682382 4.26908118118299 4.22298078618301 5.77803708318938 5.68777272609143 2.93053147037482 4.81814515677872 5.96532183863155 3.89972004569694 3.32601217680885 5.68075319953152 7.07052451007788 4.77879915997091 4.36463277171602 2.15778597190436 3.39356529857784 2.36715356606968 3.47047466631431 3.03777956918964 3.09076572752957 2.39723704429125 3.05304948206674 5.07707854154258 5.37840627807053 6.1880793207093 5.38350468950649 2.79152605632326 2.27502490643131 2.39727996111861 4.67992636135813 6.37809151096204 7.16054546519857 8.6507713682051 6.21219657061844 3.34366901294613 3.37587693185976 4.13915652843564
2.9902220142624 2.33413128636806 3.55712828370747 2.37568172301938 2.46568997691137 2.99056961850625 3.89680586065129 3.50497723565986 4.48663236371152 4.08343236700512 3.54108721107777 4.56913483005718 6.28614619461043 4.66194208314628 3.00875540861679 5.6727014775438 4.73917125259389 3.44415383989282 4.41652920979014 6.39162296920104 9.04547179431955 8.43158098561879 5.53229892255713 2.45648246099624 2.70698462456902 3.26777370363189 2.57233069471529 2.44039136644556 2.22717923681882 3.00915898203077 2.94021146720659 4.65408115547518 2.9187388431433 4.14773810153183 4.92863589641005 2.96457553429362 3.14267815136258 2.74747841270643 3.65373950684182 3.43941310034638 4.97072987868879 7.20830325250901 6.95373471375765 5.83006902351684 3.76765342020698 2.7813253719513
2.9538707715821 2.19988113595948 3.17239945636485 3.00952070240288 2.54958729545422 2.63279827207865 3.76345966956061 3.51114415901041 2.50360590175781 2.92994860106619 3.09281633997812 3.78006107557432 3.24801257882637 2.64142789097482 3.75675894419972 4.34943895671241 4.29909335586059 3.8013302595962 2.96999520709093 5.5177552338814 8.52418127727624 8.01075880711035 5.45829926299175 2.96259552219789 2.22905421095477 2.86833558378345 2.23149752420675 2.26365114877146 2.29213536095443 3.6659282113847 2.77000489806949 4.71245565019919 3.06681637456416 3.46783034110295 5.65102226138589 4.89993790926031 4.01573247390963 4.02427685130214 3.36758239142294 3.96546785758329 5.24140118728665 4.62642481477997 4.17477315567519 6.14582080280292 4.54874919810484 3.72955325164517
5.71667175083985 4.61851624931241 4.34609708394566 5.08908684231483 3.10790131622409 3.0657136261191 2.64037822482641 3.10689793904064 2.55315261876936 2.42900921834157 3.61881634370907 4.31302327850674 3.42715375490878 3.83212214684009 4.37717144950722 4.74811416023203 4.39233673698818 3.87881717018371 2.9203683746536 3.75572987363633 6.04110952678343 5.91102997822653 3.20032784240151 4.08850637976686 4.12251691804042 3.77197324016402 3.85212548539814 2.55725944539123 2.2936315753212 4.01817490451283 3.2379131693783 4.58151285308416 3.40535147603226 3.51536900690319 5.38903766544068 3.40861869594303 2.70543964773383 3.61138773380673 3.01160324102027 5.8888943128456 7.02707535675226 4.26422354163012 3.4877634445722 6.2412668026265 6.50715802244055 5.32766756321815
7.76377530973409 7.72504686094368 7.95754215339191 8.10203128022601 6.60064363152754 5.83445174814936 4.59658361315247 3.56185132440459 5.04519795949076 3.59966949009312 3.20965549264972 3.36612647013234 5.60915715892969 4.37768141438593 2.41343865723943 5.50613194705629 5.62513983183621 4.28288717301284 3.85022196752577 2.9639385865474 3.72820887808963 3.71762017125302 4.83887067922954 5.58472490934181 7.1321912333297 5.54318002839639 3.83315639084269 3.16408645492376 4.64787497994239 4.83938570052977 3.78251263059291 5.41003790015606 6.01211164215721 4.84649120381508 4.86614130339975 3.55353935400579 4.05681968565677 4.7125300134924 4.62313917103243 7.47742781813951 9.03813625785785 6.85786568046182 6.29680397086221 4.72302602457333 3.52580191316454 3.5622422677992
5.64841262843694 6.89046345862893 8.91961268494273 9.09496554237036 9.46477335663885 8.95354582780074 7.58101140270578 6.97789400671291 7.52766032016173 4.19861492874874 2.83792299647325 4.07683567528288 6.37871657388729 5.27065957634888 2.78107702874203 4.13476569026947 6.24579371668002 4.11484741651081 2.51693639289841 3.1785634695005 3.86670064739139 2.77886203747321 4.92754086872756 5.93461528643251 7.68498269396775 5.63571018276455 3.18553436060568 3.37562419383103 3.94358062727833 3.63374531238914 5.23562024012949 7.44944400398577 8.81222091805485 7.94895847896899 7.48460547645747 6.68893908953997 5.63956956414019 2.70112034981198 3.98595134700824 7.42249764740063 10.0404517669842 9.08214719189521 5.88137368882732 2.84875407206515 2.55817959913233 4.62543288528788
2.64060887072995 5.02104563193185 6.93305209204486 6.45208135007957 7.56324380662562 9.9469905121837 10.0712092733907 9.73707043475725 8.40618321610854 6.17651252587538 5.70610918910682 7.28315829676161 8.72476578989402 7.22483692769683 4.74024795969121 4.80428918421732 3.95596315892193 2.9343072050836 3.39004224500452 4.58652811524664 4.43306954113729 2.03371385117856 2.70931674479966 3.83305295783119 7.18927719455403 7.46748692416304 6.04026479035711 4.51776089287844 3.8030230937339 4.22394790678324 3.92666364396112 6.90677625244255 9.85546838235307 9.17160407921131 6.96786985646122 5.81554779411 6.29136831136632 4.95609849403942 5.29513394245838 8.24182048851137 10.9396276656355 9.326466247613 6.61086228045832 4.10357149721452 3.29682783888043 4.18181030530542
4.37275966931842 4.57587481622653 4.22772096166891 3.15834631164918 5.8635099783987 8.39489542944403 10.5565101591481 12.4813224941529 11.1797644841636 9.43368847475418 8.70482004531011 9.60295800222966 10.3940302073197 8.56421118682267 7.96107675894747 6.89304072235954 3.8427468202731 3.40703472229119 5.82657638776526 7.53835762563211 5.5246158437858 4.28029783315616 4.83037574903479 5.46416411195858 7.73487023325654 6.16495993615322 4.5354671847941 5.54416706857471 6.40071163484864 5.96401234937461 5.93753873814213 7.89452040491863 10.3515905859668 8.38240732196517 5.01094040082356 2.72154221877589 5.06941914061352 6.32038334589856 6.71130661903927 8.76060008048659 10.9848763343687 9.51329109068255 8.27687311091491 6.51428323400758 3.55288783952557 2.75361089559537
6.70960357743463 3.69108994057405 3.42588407407725 3.94637123110203 4.07365342579091 5.77581063861296 8.84225420817577 11.9930063759724 13.6318401397718 12.7046950039664 12.4207618607937 11.7881560287992 9.34241671519373 6.977152521606 6.58147370595008 7.53938519282279 6.9573756447776 6.86994893753056 8.35142834738036 10.0535412878001 8.49380706395691 7.89547365573827 8.38470130324671 8.82203238269899 8.40430104946029 5.05026533999235 2.61375094041125 3.11224264685486 5.15094043964273 7.67154350200668 8.93243098384204 10.6929492159987 11.3288637082009 8.40525870238292 5.35018561912698 3.74703234214739 4.74410731169803 2.712465182144 4.2076456539763 7.22147097859165 8.50892401526611 6.46286363944212 5.52467089701494 7.02038839224079 4.85318937726213 2.02666608696347
6.10392763551699 4.68983674143562 5.4815475234943 5.37334320873766 2.89578987124502 5.00919054957223 8.51286384441118 11.8006467825768 14.8366532087061 15.5710063398473 14.1582556939755 10.973158461519 7.73000870067241 4.49054966578014 3.50062706523471 6.15814694476853 8.96759392670165 9.77634583662537 10.909929461033 12.37539735101 11.4779652694953 11.1284416025618 11.4340291816577 11.5146477604898 9.65509089691691 6.97022979089583 5.11825825590357 3.70700122489152 5.60935703068411 8.26345012411652 11.4512448238653 12.9882004994715 10.7466531993812 7.24170186817933 3.2372259734423 2.78887608467321 5.52510066235177 3.65897161741313 4.30393556215869 6.95195033020922 6.30219474878998 3.57636460631645 2.40913726640657 4.98594671378244 4.10803022348459 2.17068525213729
4.45793826381078 2.62429535989084 4.84796776367263 6.94777598084944 5.65161378137296 6.80056790272261 9.47689337541084 12.353517348607 13.3179884522071 13.9243312825173 13.9813966113301 11.0440823420924 7.83472433988274 4.71497681094274 3.95954072115606 6.68152785992713 9.88647746691964 12.7902237406464 13.9916748460131 14.3265543367229 13.5567789609844 12.0907623071222 10.8701575081077 10.3724197555165 10.6593544968599 9.40770812063665 7.68570394586114 7.27984302544173 8.39589642309609 10.3062731323092 12.7121457043044 12.255009384417 9.48508148045121 5.79219363044209 3.12955563929346 3.62786289790767 5.33016332243166 5.9680981964938 7.02131195893944 8.41784410870762 5.18036388011755 2.81385965544746 3.48266102752744 5.70103432016577 5.96568889473286 4.92454713893373
4.52309691879094 4.89272936087132 6.87608094477293 8.65307644977846 7.60905436558627 8.038391716354 9.79452561100802 9.97699827179259 9.73165840554571 10.7817103354692 12.532671549448 12.242729930597 9.67661643459146 7.7018864949251 7.31381309567144 8.82780486675728 11.2428964933292 13.6544202435655 13.1675406856052 11.806918801606 11.2062248797814 9.3479117827525 7.75181281965914 7.66601222928257 9.32627332826034 10.5897718051911 10.3560105550992 10.6789994203941 11.5095988326294 12.7862480259142 14.0785729489599 12.2021486512073 8.71669802009906 5.2347180819913 2.67485285410875 3.73289441810155 2.1741652983674 3.76185999448898 7.76171741829567 9.42173913269348 6.82084342111017 4.70627364286411 5.88248212314153 8.37923159402971 8.42117068483655 7.92739587509434
2.81528867068421 4.29491923959317 7.60884045232237 7.36817127625469 5.15078817790268 5.61312943149022 7.9850705543456 6.94165128218936 5.85437255787133 7.5676057877784 10.4211276473265 11.9068593546913 11.4300084950049 10.89409216692 10.7766105117015 11.7221469604679 13.407071609919 12.9853794823479 10.5591852012232 8.59668797487168 8.19215969047772 6.96878285736912 4.48137758377373 4.51850716017775 6.98899514748544 7.99072512792169 9.39717995030461 10.9242406463139 12.9237442750671 14.6469249857524 15.0296144700032 12.7860125067276 9.73934414287777 6.96111169262135 5.52309362073034 5.55859090379764 3.35102996847698 4.53721584977121 7.80477554661948 10.8017274206174 9.54072341997881 8.27985909340426 8.24603180541894 7.59674925121291 6.57684953666545 6.73799857538048
