IBR/IBR_outputs/all.combrep_1/EucDistWater_Total.WeatheringIndex_Total/EucDistWater_Total.WeatheringIndex_Total.asc
NCOLS 160 
NROWS 95 
XLLCORNER 210004.651214014 
YLLCORNER 7350008.22228844 
CELLSIZE 4999.99999999997 
NODATA_value -9999 
[rows 21 to 41 of 95, columns 92 to 137 of 160]
7.16623190062917 4.5588269459381 3.8763563099513 3.65676455384929 7.04753972868568 10.4852547401881 12.8183411753512 10.6435111505289 7.26645836205844 4.00800994130981 4.37284183202585 7.12456953716054 5.73651521929412 3.15684826986638 2.79607774885885 4.80749704259733 7.4578988238026 5.51581654897242 3.84420392164751 2.33282223917429 2.12177746575392 4.17768181613229 6.51221109150668 5.08683656824591 3.34257504065726 2.83459904291602 2.53533582038095 2.38735337033484 2.24508926195836 2.34156953101814 2.28319880763608 4.25522320747373 4.32983642497756 2.16323695677826 3.06916559431742 1.98623173770912 3.38107426880454 5.89653838945997 7.66504599057945 6.70083094302272 7.15437300793127 8.93501736089198 9.95262106563866 11.078184729327 12.7752661909755 14.7670635207645
6.13310047749669 3.69964319170417 3.12831555803663 3.818290364969 6.81232074798126 10.0362923269907 12.9495868667026 11.7140574747705 8.94300247713623 6.85866756548835 6.98292916384474 6.330186129848 3.5093809012998 3.13592468376815 2.98622548485541 5.1491659971909 8.35727735257163 8.48690664273196 6.23180382555362 3.26151336967261 2.16240961635052 3.16357309066033 5.93370593086302 7.61822913893647 6.67952275545029 5.93262778715995 5.78132133587757 5.91160790868482 5.05374004257073 4.24930950151835 3.33713573960551 2.15825681183568 2.61671796632131 2.33322730584914 2.65287322862951 3.47646083574291 3.26154249183822 4.3117365469001 4.76966348498971 3.52745493705689 4.52945298420182 6.10847874578548 6.75308034921846 8.18316537953561 10.2895605588948 12.3846399789099
4.40279000266202 4.98083758113647 3.92349829200475 3.74341336295036 6.23206470166595 9.7879566258602 13.1388664508571 13.62308905628 11.3934370899382 9.62857231448875 8.51052749481659 6.77380241554171 4.55432085869436 4.77794338898085 3.13059233161309 5.21670790857549 8.50989075250826 9.86518983674354 7.8723061390918 5.57442711179917 2.65236069826956 2.29631928243226 3.90825907916054 6.40566212395388 7.42831150339044 4.63714969600583 4.43964851053071 5.97523201597629 6.76085926612773 7.09978723350709 6.09667559339712 3.41518313917075 2.74808051313537 2.47673758207281 2.27782397092679 2.18009904664184 2.34380493203837 2.21350728664378 2.25116324649638 2.05883845279924 2.45691532570522 2.75991449170149 3.61052980926192 5.70188251193386 8.14274409498313 9.57392818101514
2.60915306630953 2.96436473613371 4.67553397914014 6.71781311539763 8.4433934209413 11.0500371276031 13.5231488993611 13.7466453553975 10.8251002000969 7.9244092317666 5.57046817429441 5.22081970605361 4.22451915250057 4.12424198388259 2.69647355670311 5.03898081995744 8.07407378142286 7.26099010760674 6.32792016398734 6.15804141121214 3.27832870850282 2.58726720012053 2.60586437038532 4.20850614753091 6.0644695813076 4.71410842030799 4.09503237039515 3.13869889152715 3.82464015802803 5.23819354227099 6.58104471217391 3.39451739026856 2.39950840046121 3.46073215694774 3.04380323460575 3.46341631112028 5.4497886091593 5.01139661813281 4.44609013429009 3.08474856203731 2.64796820948022 2.16669386933757 2.12727708821051 3.49428104791907 5.3937380666423 6.71452823229598
5.09564469411103 4.30251784854211 5.24291981756838 5.9800042627732 7.36974912164568 9.88441505101435 11.1215261788037 11.9159951101573 9.92603530258081 6.4617769105107 3.25098197874905 3.58115923863486 2.74522688203766 3.23141185682363 2.69216787858032 4.72944631230682 7.33272783186537 4.91273188711408 3.1847456546774 4.70036158701957 2.50382326974549 3.11586759818062 3.35150342032519 3.01636451702639 3.29119732996975 5.63833148882405 6.12773017813796 4.49098745102371 2.71697168786344 4.71253516822989 6.10191057879523 3.74186982417954 2.64533303060626 4.22730684506457 2.46935858515265 3.26274757503719 6.37656248560575 5.33783573754004 4.91891595414284 6.21129948905033 5.37229758975066 3.14002269511811 2.32894632092438 2.1191461855708 2.56469314015591 3.5983334220848
7.05169702239401 7.59967378858873 5.50332877440931 3.22399507881755 5.48272153794489 7.32249548106053 7.90675274262514 8.92357178808199 9.14701429166607 7.39975513280436 5.12581560212134 4.73220431213868 2.71910247120707 3.20958624982081 2.92103920341648 4.72865288001586 7.49115013078302 4.92602728216599 2.55982552355445 3.76457618708527 2.49511826357408 4.85400134774822 4.47752970018543 2.4405979624968 3.130682622994 5.16143906002754 7.74025462223896 5.66094487709801 3.41859100588409 3.11045906785696 4.44264279580108 3.3447885557456 2.72591509558444 2.78051843010563 2.86546745588695 2.92813616235134 5.1252561724443 4.44660366816377 3.62549156540126 6.84183138743714 7.91401008238218 5.30285262181269 2.42607592982429 2.27517905573402 3.02690366041484 2.06976704789898
5.59945365980871 8.14442392925778 6.45747276438927 3.60586913199494 3.77112006826567 3.92593330608745 4.72545094123229 5.61038022158952 6.53049109852128 6.72660265770877 6.56745905610093 6.70731792682484 5.38902351813186 4.57603402364919 2.38887674893516 4.56092026838946 6.04503108101039 4.91645288722034 3.88221605415814 4.50415189490881 2.09787688856614 2.91658341982645 3.26284348681581 2.70718486861955 2.63735618445799 5.01771438900582 7.84796270469347 7.9218891807745 6.57474733371189 5.20698260662598 3.40190149653139 3.22631168242884 2.74774378981317 2.56551719730589 3.05154070110852 2.46319016353965 3.14159950092239 4.41298489614807 2.80956750251888 5.69635030577382 8.5976073979096 6.45291457195388 2.75603580501981 2.31870122235675 3.115227832181 3.6727821101811
3.54928392865445 6.1430973903695 7.1348834757444 5.31146274235733 3.28736360233164 3.08139278529952 2.8558465175915 3.37051657421592 4.17771047540937 3.77199065832828 3.9840286091501 7.17664092321942 7.59615653005701 4.34079807347562 2.36236693060647 2.47694573562898 2.99876497680557 2.95550125195244 3.39322020468014 3.32045944780882 2.07778343526475 2.41528563621723 3.1844971782611 3.0189057871865 2.59258598687672 2.91114296594175 5.85754418548515 8.98701319153018 8.93968471725883 7.37460729978139 5.79014160871411 4.76393636045782 2.56508628826853 2.88205301447243 2.7650460799875 2.5903473766925 4.32849911605723 5.5779891901688 4.4368376285005 6.20709501107083 7.84603764238435 5.58874202159026 2.6919655936423 2.90441630907743 3.47771825334484 5.45282119659181
2.47383510733004 3.29675470461154 4.4049616323173 5.36992114021938 3.59037424850694 4.12955864141714 3.19442395836256 3.12608160865423 2.84157248679404 2.84923341069475 4.04463828754185 5.1323159185192 6.72675003505819 4.27761105028135 2.5808091059678 2.94488265320129 2.30204091968471 3.06523333202569 3.28235689521697 2.62458665746993 2.8913167170629 2.17766345485521 3.32354099121288 2.62585327649225 3.01998431660016 2.56755662260943 5.12700631291822 7.78289474349935 7.42814551538388 5.66636640711973 4.85148688898358 4.63798022416202 3.37374030323706 3.85909405905666 2.72945421728235 2.38152328436677 3.67604066122414 5.72559314938191 6.12002285849775 6.50976195593304 4.70873575816281 3.62489634200296 2.18848075825594 2.99697861156041 4.08512005373966 5.78387194689046
4.75224347107682 2.93325309374549 2.663006387569 2.96994315276838 5.14335712541345 5.87080800102235 5.87772562159922 4.84741678084112 5.47707133980805 5.26502816496778 3.22043165299398 3.08864695253022 4.94503496596914 3.40730314148961 4.05332688708477 5.6571069374737 3.5018270747836 2.12580386428098 2.32677015980779 3.91119315578854 3.09149617424428 2.45399923314166 2.75114986104521 2.41350519966316 4.38518405613265 3.05726403956121 4.38411752408152 5.31186808070032 6.07623660727802 3.54082915621928 2.96599492405416 3.58956435990384 2.99705612322411 3.32360627191694 2.39074988804851 3.10267912403238 2.07542707894238 2.97870257404897 3.30685538290407 4.06189031433363 2.66321199627402 2.06599811634607 3.24368789118096 3.22842319256415 2.95212017735335 5.94012787134585
7.00083757186814 4.39347467444871 3.1099863154296 4.01426124002518 4.26060468019811 3.54450696434166 5.88733111993027 6.88351128098615 6.28744821474371 4.29730006676804 2.34189018272272 3.95796319122352 2.95657133042059 2.43532130454679 3.58686992410463 4.75039178818436 3.49142626165752 2.05667120025992 2.28034937639539 2.34496547940946 2.99326968468194 2.55405409260788 2.46041431843157 2.34939478277813 4.82984653059735 3.1525531105495 3.36487674906696 3.30154379622975 3.75256566575821 4.17383001042207 3.37817515483975 3.35017534568084 3.36625915377104 3.96336273188987 2.72230916553577 3.95034077206127 3.49242869504414 2.22904705433926 2.80635643488044 2.26594768506855 1.8625401015128 2.72201743787093 5.28565127908387 4.07735802005335 3.87467722454964 5.99417521572275
5.35816025006746 5.4665204070079 4.06649822952371 2.9513337228798 4.0838780956177 3.17583905083045 2.93601069366633 4.50875424856393 3.36182512830384 3.00254180673437 2.56894055973992 3.34273707367362 3.36577487498243 2.66210929737866 2.17968410885056 2.41553021011811 3.8284957956631 2.25334300204051 2.77948928465313 2.45375663669467 2.89443682765626 2.33482925412163 2.57329459608361 3.05481046070889 4.71586789638432 2.74190114490307 3.21572921579406 3.19523144521682 2.80785947956902 2.85024295040624 2.70937532190244 3.49845687677036 3.94440000599837 3.91895916691671 2.97369944091067 4.4175848018874 4.0315003248898 2.98218948076407 5.00246054016532 3.24517833215073 2.46669631014528 3.59281484532895 6.49858594063987 7.12626687967397 6.66682161173351 5.42686863237118
2.88742536176529 4.66707813408743 5.65657162314841 2.98066845845288 3.33327760882054 2.98192465987547 2.90838044211637 3.86306851991633 2.29505007240418 2.24151810784813 2.6086487777341 3.52673319006755 3.51918274659079 2.83234576058025 2.88089357355968 2.7080100658094 3.24126980648722 3.54746249320226 2.18729398112527 2.62241846188876 3.18247559677185 2.71265403060212 2.27895657636691 3.67184598962264 3.13084951842147 2.66305704524409 3.07782288586816 3.27360343487506 3.42219582719876 3.69189810180358 3.88615105223816 3.25900464676643 2.90239938401567 3.3601769384353 4.43864027391133 5.01320765431608 5.50196030917801 5.09448626863687 3.58270177812432 2.36158877829804 3.18135473890739 3.06857319606368 5.38191227735352 5.91066074657547 6.42478675834613 4.7845022831833
5.18653719798499 4.94895516674699 5.58401224760938 3.67668767164144 2.37508941882752 3.50515163052112 2.81663349800819 3.92244718896755 3.71602057055576 2.94089021377735 4.40450779408884 3.47447933724529 2.95415990037733 2.56919929501129 2.33578227655483 3.49815559124276 3.25769311901875 2.63352873573196 2.38097780721007 3.97212044519554 3.79144623247149 2.32068145000993 2.54971693452636 5.01492801151852 4.76688820997763 4.65007912409286 4.31095204087941 4.77998495776747 2.87197585222109 3.43727937211579 4.97053570704309 3.50945573889036 3.80443866434536 3.21748915784177 4.17240739982426 3.21181037685728 4.78815751417968 5.23745287818572 2.59398587882929 3.09908729011779 4.9192997902367 4.53839268008129 4.28414950269293 2.81036609884412 4.07791583659765 5.69421656419322
5.97012579932513 3.67296509263951 3.90721568595632 3.9111097467473 2.61829086991078 4.12802216281727 2.90800172407885 4.34552543598469 3.02565719191421 3.46748966940077 4.70545459853832 3.74504197275433 2.54048990396096 2.82220091970245 3.05967840512479 4.49827164918953 4.66093068433234 3.86728170279573 3.88249607969208 3.6689328934768 2.59553034086295 2.00902042038893 2.65954794531837 5.15515932801755 3.72119139654239 3.70983672064779 2.89782725175064 3.51561674698401 3.61469945130794 3.04287375557365 3.54342300990787 4.19875426790648 6.17378883647921 5.111651491331 5.37956095887168 4.40681865229576 3.00782171651503 3.65101124934823 2.25204322289379 4.32046001354945 4.26834261726941 6.17616575008176 4.6966436418209 2.3563436268318 3.35801416053019 3.50222112807268
6.6768945653149 4.72776772362748 3.88603953098864 5.02438986388836 3.14066392560603 2.92482348276673 3.21237421053091 4.16469056468203 3.76093375309388 3.38216159315568 3.77621689504303 3.25659649982597 3.22484661905391 3.22541073999162 2.63906046085396 2.98993959175554 3.56280639990238 2.19420030502072 2.95369644941563 2.29906641218992 3.42241334842658 2.26263043714753 2.12887860068425 3.09272379403354 4.35176197180524 4.36107832897362 2.88079394468349 3.11564192921562 3.84925616670165 2.5242702275433 3.56303684567261 5.6672415911043 6.13436086842498 5.76707071184007 3.48243599383985 3.27253491521649 3.42076367629345 2.09628303793068 2.83169770551293 4.59334008666421 3.50049032795852 5.93212041269574 5.15434989053183 2.92688471507266 3.69263465472321 1.76234878583785
9.02887794742572 7.47020676955427 6.70085033111443 4.77432331976801 3.84885449224298 3.314044413279 3.0240964861161 3.36384938983471 5.36014217667868 4.49233976221094 4.70447409132282 5.02311444392489 3.8229985251824 3.08862953716254 2.64839927216392 2.13846849787621 2.34585585034661 2.43320943531716 2.92661768318746 3.53485772659604 2.48664808038557 3.01709576081161 2.69870677381063 2.79476498691079 3.28196267461947 5.0850233873932 4.82753281850249 4.06305801950486 3.85660159770215 3.3624083309758 5.33562039104933 6.28503640644754 3.44974572888582 3.86883057680007 2.74150952457985 2.07828785176315 2.02477908765995 2.47180679788146 2.82351455225624 5.103097824906 4.73172319039427 4.07187136012075 4.42456941139274 3.46793214559977 3.33059472165359 2.92565392591725
11.6667956146061 10.3148890533129 8.42673939465761 5.69899682281178 5.18338499998202 5.62581800772587 3.36171114732408 3.26376285003286 5.95384689678964 6.99017895223371 4.45160368593075 2.67112156658157 2.20136521952688 2.88867761414543 3.27359965294652 2.95945665045275 2.89772343210131 2.57914153237238 3.12936002810225 4.05803088927088 2.7782573388239 3.57846849355918 2.30918987481013 3.72068027386058 3.20814744390218 3.47505410929295 6.30463950192102 4.92056870792325 3.14422503921955 4.17234819535725 4.48730181148916 6.57967397105337 4.98765440667858 4.7545001387997 2.5805428712357 2.80074525350316 4.09373763419183 3.59102948611569 3.76696434468596 5.57790062839231 3.73712516557411 2.25631115920688 2.73452755492608 2.7180210376238 2.50402069545247 3.38327346240906
11.1787451656178 9.2438148580867 6.74533629176028 6.15904344474042 7.57024841016064 6.56780145262438 3.6629386957936 3.95570034955044 3.95650837734015 6.19681407613383 4.53855115191466 3.05785185477046 2.97653016677342 3.08432697397068 3.37214433854672 3.39522175374075 5.15064175284235 4.44123915128515 3.0961899998151 4.23370593285849 3.7637317690951 2.7593665810548 2.07697145956812 2.53916784477049 3.87503452881754 4.72030469855917 6.79223099232866 4.80406901653234 3.5166428143489 3.32376205263842 3.81753860068107 5.15858316616161 4.99292078015427 3.47845675551782 2.83305618369313 2.81088154052564 2.98510811461938 2.81697311144023 3.57413977355391 3.67666611326908 5.70326807010414 5.3630235262817 4.62138269828968 3.23130977061328 3.80387172836369 3.77800626095284
8.61788384818298 7.76423159974588 4.48588393994906 3.4773396715894 6.68336966044692 8.12835191109052 6.73560438974792 5.0088482687881 2.52694585015998 4.62134028754484 3.95499208534321 2.88751240856156 2.80896401792584 3.94296679868904 3.98773959028219 3.85814639675209 3.75145044502689 5.77721139663899 4.28666253882355 4.62972877156582 5.89246170237212 4.8539288678257 2.61276088245655 3.35639930708176 2.55087925824495 4.55678995682771 6.73510113417399 5.60613200757569 4.06157150328771 2.25507757229002 3.01409827405448 2.4622293351293 2.73311860704484 2.38712785102824 2.98103901755899 2.50051096675111 3.16544873665197 3.76641973992084 2.19993406405961 3.37088224963735 5.58682997950071 6.35628007668626 4.64893655789748 3.41634902127695 3.42676994685294 4.38911087591935
5.75779873239038 7.33131973198959 4.4988752907694 3.46973746245214 6.50891292179487 9.15945661821648 9.14249801241504 6.66626678694336 3.77138388154258 2.71164488865305 2.11783617607502 2.80406325951193 2.41545437712016 2.8798507256094 2.95485654789957 2.81895143485629 2.61731946037287 4.16417848272349 5.25742153444356 4.13626061099093 4.84678246461301 3.20657160096362 3.4467633355878 5.1896590317572 4.37953619831985 2.79037362082884 4.02312053301907 4.55499363128329 5.2118155563171 4.59161503262222 3.8267683695328 2.57761359889503 3.62794655443478 3.71664205241645 2.41039334928301 2.67536005373205 4.59465216194871 3.61925983202707 2.01016458053076 2.7500347351297 5.16022094267665 4.87300680018581 2.77278387163522 3.09187338785113 4.29047871437376 4.8709629651533
