0,10.797909447142,12.6260551430055,13.0499396632834,15.7255061295407,16.6921934564697,20.4546857994919,17.5852083979694,37.5560631194543,38.2756625481794,66.5252497150051,42.0649739666883,40.2425753171131,39.8180102229715,39.8662214493693,43.6414599761418,43.2166682882641,38.7596985458922,39.8128995034331,43.5586214221816,36.1124623435925,35.0234226949861,35.3058494865948,42.0321675699494,57.6956900548748,65.2100329019045,47.8009064370281,50.0279811586063,44.0251890859094,35.9857681230079,34.7877090286518,39.762598180127,47.2101639112241,47.5202952471843,42.7249326621055,40.4505376593304,49.2804010502181,54.3056751783692,52.777168380176,54.3728096050837,56.3998707650014,59.1278224531682,56.3322386716146,56.6440058734431,60.055429344883,56.8729265632196,58.9995094439902,59.5836649502294,60.5129328658016,57.3746239137847,56.6163851090626,43.1805311617617,45.3914540656646,41.4489758186566,44.9826784353213,40.0484923320076,41.5786667763673,40.0537978978788,28.3320086251439,38.4802467247151,34.0654786435395,34.3820749309396,29.489564997674,42.7810435920903,27.1602688955102,40.7084003735881,58.721828211934,60.6209191130698,59.204145691804,58.6499656100239,58.6941497353445,56.4564426797273,61.0613578160683,63.3581067629165,73.5523486743621,34.1802642249566,35.9645252267454,63.4833295192355,33.7260788476343,30.1546360243651,38.570117848803
10.797909447142,0,13.633077902121,11.2493132121694,12.2521385358358,16.9168605172516,20.4247539734241,16.7513117832208,36.5877593397684,37.309603047255,66.3410707917899,41.1070787504934,39.2813167045777,38.8547207369627,39.7708632322671,43.5248551790083,42.5445037929585,38.1270800803443,39.1478926162711,42.9255364292413,36.1407403766273,35.1139659886735,35.4042858962678,41.6773289324439,57.5627176937914,65.070335958935,47.328766796494,49.5978932861094,43.9581861428276,35.063303054636,33.8630532607609,38.8295701395699,47.077184855621,47.6355036114346,42.5996523357974,40.3275167470862,48.3323093707825,54.13965758864,52.6123481876452,54.2064773866296,56.2232860825786,58.9507896598952,56.15416271591,56.4654289022658,59.8799687857832,56.700250451113,58.8253695578668,59.4099672994709,60.3393160403119,57.2003864816895,56.4445360962929,42.7829855001472,45.0193298672529,41.0882941239879,44.4808310617226,39.8222527558448,41.3605031773364,39.8178570426204,28.6438083956247,38.664532977943,34.3436766715789,34.6696707292172,29.894758294833,42.1092682456544,26.4813580031629,40.1312424530121,58.5628983221274,60.4633560753466,59.0459540573868,58.4911247988448,58.5106522986648,56.2732646464795,60.8831388432414,63.1801373185034,73.3606077817779,33.84371158578,35.6428336436285,63.3040077092431,33.5828660039274,30.6345003034002,37.5745632279127
12.6260551430055,13.633077902121,0,17.4029397250423,18.4596193420833,13.8497825261083,19.0773771390692,15.5821368276859,38.8397757255505,39.5541160582256,67.5400943731929,43.3969680248946,41.5698124060779,41.1245663176824,40.8805676221914,44.6383621413917,44.7834015481174,40.3152296703476,41.3720789980401,45.1188273481252,37.6792860014298,36.5098440361791,36.8203854563016,42.9355709386797,58.757016226725,66.2621616252729,48.7129870783144,50.931844249025,45.1048587445253,37.0735024439359,35.8691446633422,40.9149981730492,48.255375354146,48.8823363110216,43.7073444007676,41.4272336450658,50.6370495325169,55.3298571209061,53.8023064076748,55.3974145319364,57.4160697895411,60.144131671478,57.3474761385476,57.6593529383734,61.0747911172698,57.8940442647684,60.019982085598,60.6040760747877,61.5338801933449,58.3948175495762,57.6380800886571,44.7462100369385,46.9667418964134,43.0059540296335,46.5651859225938,41.5638048459318,43.1146071349267,41.6058015388694,28.4441432083643,40.0874736348905,35.645069044032,36.0576003877508,31.1183039718838,44.3244465276152,27.5393332018655,41.55957639075,59.7537740780516,61.6540336869139,60.236650918803,59.6818413505642,59.7076928264308,57.4700212962623,62.0788500155335,64.375556020336,74.5610226412395,34.9878462402959,36.7845518070127,64.4481131895525,34.3666685241907,31.3314584870784,39.8475409686132
13.0499396632834,11.2493132121694,17.4029397250423,0,11.6977092460009,19.8195401912653,22.8532907534493,19.8486212361648,37.38141898228,38.1086282147848,67.4089560985786,41.8498278174635,40.0291184677924,39.6242709759811,40.8432347274737,44.6102822310837,43.0501935486952,38.6502099784806,39.6632142405602,43.443212276818,36.7511314386407,35.8106812673565,36.0779024400228,42.8319688613415,58.593170142896,66.1083406720047,48.4752422691074,50.751371972634,44.9780699313489,36.0570447592533,34.863527363761,39.7573470126299,48.121433472922,48.4442104196099,43.6964782111453,41.4290939420832,49.0490072280316,55.20031681006,53.6722463101577,55.266770407841,57.2902774566248,60.0176748472255,57.2219094768175,57.5330684976078,60.9443521515434,57.7632541283516,59.8888655183093,60.4735293674444,61.4024312991056,58.2641130503375,57.5070832640384,43.3223338781165,45.5521827093756,41.6413977339852,44.9885698698101,40.4339732384859,41.9541525510511,40.3935245968493,30.3122304887723,39.27556974888,35.0054347706607,35.2490274891137,30.5534483646615,42.6422321258512,28.0636081032126,41.3293054144653,59.6172698087515,61.5167907478181,60.0998805235312,59.5455592596305,59.5796444366181,57.3422368643615,61.948997908169,64.2460401551864,74.4334071353776,35.0734690829464,36.8630334882383,64.4130933533871,34.9305418300328,31.6645680585983,38.3766407755598
15.7255061295407,12.2521385358358,18.4596193420833,11.6977092460009,0,20.2452769968809,22.9780857412806,19.8399670090422,36.3382768774927,37.0681677284276,67.1177446218432,40.8150939822462,38.9910227578746,38.5851623298505,40.6293159318333,44.3775862967271,42.3097196010298,37.9482356627961,38.9290312854239,42.7413812208216,36.6993733710839,35.7972948615654,36.0764812793478,42.3893025164052,58.3490855816032,65.8579193074175,47.9266571815695,50.2412353403173,44.7914694548402,35.07744252811,33.8828582113634,38.7594163480761,47.8765160070987,48.4347604767666,43.4558992969252,41.1903173011279,48.0235092136793,54.9255142180692,53.3985367822891,54.9917055119011,57.0058492035538,59.7328527507852,56.9361286875638,57.2468466968992,60.661023629087,57.4824525279391,59.6067451159676,60.1917986071637,61.1207907308239,57.9818966261381,57.2270342099345,42.8581445278218,45.1154370243348,41.2124682670898,44.42279585683,40.1314230448252,41.6630514311973,40.0879156606721,30.433782658448,39.3704490243362,35.1702322141803,35.4481244706025,30.8302712001398,41.8998517189886,27.4440074633783,40.6955120403664,59.3490297560151,61.2498043207416,59.83231435779,59.2773944215363,59.2889995763188,57.0518769040279,61.6631617349245,63.9604240192395,74.13529559176,34.6538795544777,36.4552936475507,64.1251740652622,34.681728762703,31.9175656310225,37.3049254024924
16.6921934564697,16.9168605172516,13.8497825261083,19.8195401912653,20.2452769968809,0,14.4197749053754,13.7654348274752,38.9086189907199,39.6169912085375,67.3201881596766,43.5186685329729,41.6864211907018,41.2184144427439,40.6680160345855,44.4031649165776,45.1569433497016,40.6786102439119,41.73827233562,45.4868589874973,38.0860496106682,36.8431945458506,37.1835930200602,42.5714159834233,58.5942704468013,66.0883841857013,48.3544600389089,50.5647518385888,44.9704716834995,36.9199377076453,35.7084602976567,40.8354832465693,48.0743414288567,49.0876876063163,43.4542852673464,41.1676641938158,50.7855069459044,55.1220273757892,53.5956677374364,55.1900502805685,57.1982489921071,59.9264081886616,57.128436258688,57.4404063573161,60.8607166563668,57.6821968304533,59.8072857234304,60.3913393372507,61.321769627548,58.181791417363,57.4269586179936,45.1264352556396,47.3573964546887,43.3786665977555,46.9588438822349,41.8989446091131,43.4714776516305,41.9782515303726,27.1040596043714,40.5529129169254,36.099054728248,36.6033380993411,31.6422084966691,44.6744989025093,26.4429330785178,41.1190667503558,59.5554051445575,61.457109669299,60.0389801717424,59.483399133964,59.4863179580257,57.2487088950803,61.8624186493687,64.1590917477566,74.333432683554,34.5021147598073,36.3159569519077,64.1695326697793,33.6770772770484,31.4198367070481,39.9112839545137
20.4546857994919,20.4247539734241,19.0773771390692,22.8532907534493,22.9780857412806,14.4197749053754,0,16.3210921297076,40.2062294947572,40.9086228401909,68.3157204922205,44.8665608039427,43.0296343172239,42.5397957409658,41.6757077291843,45.3859127777305,46.7348596926915,42.2475320133765,43.3096989823201,47.0598942187314,39.706065073208,38.4020609266944,38.7703492647473,43.4097428825647,59.6499117606556,67.1325661090039,49.1992713959899,51.3997920763866,46.0598329653603,37.9963264760956,36.7780688906158,41.9856423413732,49.1115658885911,50.529314809457,44.4179033697333,42.1246160839182,52.1585430105992,56.1305342320637,54.6054367378023,56.1990236731832,58.1961457842598,60.9243923165274,58.125031809344,58.4370838768481,61.8625066518312,58.6863621029532,60.8105331427321,61.3945588205508,62.3256351725822,59.1846968167987,58.4318956712656,46.7107680976367,48.9512164761479,44.9564555106654,48.5546041070258,43.4434779120519,45.0362873141232,43.5570398395489,26.9221862434361,42.2364483600902,37.7829155716552,38.3647180426769,33.3999651480629,46.2315124201206,26.4032909333765,41.8727339532738,60.5738339104034,62.4770624138519,61.0581485402483,60.501757069381,60.4803511673178,58.2428151428134,62.8617004882937,65.1583467813992,75.3208190559232,35.2022709174762,37.0362097275612,65.10376872035,34.1461629235758,32.8196913026597,41.2065706162327
17.5852083979694,16.7513117832208,15.5821368276859,19.8486212361648,19.8399670090422,13.7654348274752,16.3210921297076,0,38.7903260849734,39.4997291279533,67.9897094444055,43.4208751256497,41.5844665941656,41.1099664045869,41.4357816558058,45.1501918123513,45.364446587977,40.919284854437,41.9508684169147,45.7277919482329,38.895663921234,37.7189435125368,38.0610013588128,43.0628375666596,59.3146401920514,66.8024484120969,48.7134809116027,50.9712557001621,45.7593587590046,36.7995500217858,35.5833160440158,40.7230145823447,48.7966169265087,50.0081004261809,44.1938950210096,41.9106841062866,50.7021944801759,55.8104620324682,54.2853063585256,55.8780837244821,57.876000704469,60.6036499793404,57.8046592958498,58.1160609959773,61.5393130430814,58.3636523097634,60.4872033608636,61.0717537260968,62.0022062272298,58.8616361390107,58.1092563758051,45.5749158272137,47.8275365305308,43.8594312039645,47.3171205949482,42.4997078451563,44.0768998898487,42.5667672401233,28.8115574805542,41.4833209772383,37.1109346396355,37.6008861003388,32.7412713118098,44.8781253216243,26.3900377380656,41.3488156142885,60.2507063292607,62.1537763886096,60.7350277144608,60.1788072762925,60.1567557524018,57.9194955351998,62.5381989387582,64.8351534175689,74.9953628608026,35.0205988460474,36.851318881964,64.8512439589092,34.4756605431309,32.7319687449239,39.7649022861695
37.5560631194543,36.5877593397684,38.8397757255505,37.38141898228,36.3382768774927,38.9086189907199,40.2062294947572,38.7903260849734,0,10.3656394983876,76.6956914437766,24.343800108251,21.8194051185726,17.7222604030076,51.1384588569675,54.7169255780365,46.9324616045722,42.6597072688241,43.3647378891802,47.611033361095,48.7935408897912,48.0573442869277,48.4703132028751,50.522080937758,68.4586677723404,75.8996377663717,54.5927767518115,57.4969040841846,55.5065392912529,33.9406294220626,33.2673208383489,32.3819433548471,57.9914719202002,60.6425527534508,53.7407910265664,51.5103348993581,34.7150243108869,64.6996475696509,63.1849547857028,64.7615586292901,66.6712022233676,69.3927013308614,66.5858555869121,66.8904259287032,70.3334953005006,67.1844229703572,69.2927136748035,69.8830620494964,70.8120562873973,67.6672191083804,66.9376700060312,50.8735957562484,53.5410649574262,49.5550438424492,51.5101010621184,49.7248906665821,51.4411786696655,49.771779990803,45.1999417568343,52.6649007529457,48.8834640804104,49.5762060378355,45.3191492347506,45.5125438234876,39.7285098321075,47.5916920140506,69.1938448817765,71.1087799552744,69.6848424335161,69.1232687504365,68.8779386090327,66.644560445622,71.3066536496884,73.6069586939627,83.6365975706495,43.9158619658567,45.7288350914713,73.9019199920711,46.1046308615839,46.0071925469566,24.5080870724635
38.2756625481794,37.309603047255,39.5541160582256,38.1086282147848,37.0681677284276,39.6169912085375,40.9086228401909,39.4997291279533,10.3656394983876,0,77.3407979766709,25.4296118762944,23.0310367238362,18.8627125464996,51.8017659863304,55.3753817303878,47.7641826932206,43.4859540411585,44.1963885052005,48.4368162508944,49.5320766189392,48.7865884234432,49.2014265071736,51.1272551390814,69.1213271709242,76.5595793396495,55.1665299035994,58.0832885915898,56.1813046261232,34.406706691085,33.7508860748507,32.6517313241612,58.651786298375,61.3584495733105,54.3967385227551,52.1663697833078,35.7135910300201,65.3501557966576,63.8358467387441,65.4120299585717,67.3183802188132,70.0397730461586,67.2325784873307,67.5370281473568,70.981213862803,67.8329976447343,69.940862356316,70.5313174192838,71.4603788499005,68.3153189956655,67.5865038745031,51.6602217843441,54.323881997082,50.3362219719426,52.3114591987205,50.4845917933325,52.2015301435346,50.5354533019653,45.8894241706834,53.3963855652269,49.6102236498299,50.3058232461842,46.0441001261483,46.3458489273,40.4014692361276,48.1798751331922,69.8468747443266,71.7622656092671,70.3381097131006,69.776310677813,69.5231318893902,67.289840171889,71.9535133027889,74.2538794378601,84.2792951247636,44.5431821528819,46.3563860535474,74.5461257128736,46.762357929288,46.7119974884372,25.6373401680955
66.5252497150051,66.3410707917899,67.5400943731929,67.4089560985786,67.1177446218432,67.3201881596766,68.3157204922205,67.9897094444055,76.6956914437766,77.3407979766709,0,81.52551330417,79.6938064844057,79.1053758888842,55.0713180561178,57.6337367802279,82.3802683620374,77.4727272180844,78.8340127430846,82.3327748036505,72.6426886164826,70.2495795391677,71.2735604587664,62.7846628130643,57.8751118614032,62.4595461594282,72.2868086033917,73.4933238990819,60.8478389941003,73.3235844979897,72.1880852408853,77.3519205882714,49.3728551609171,80.0680534276766,57.5096498564837,56.3091333204369,88.8669011215214,42.2733923573436,40.9445891551955,40.5517273590679,43.6838277579723,45.3689724839763,43.430755893172,42.6268984372794,37.4982076888009,36.3299328781264,35.1954785519777,38.6803663683129,36.0156942631495,35.2266696098269,36.4277909255565,80.241404463426,82.5146739091383,78.0638822164838,83.0719601358401,74.6915287928402,76.8699146436799,75.8835407337177,70.3490190467351,76.7872760871586,72.7619394419645,74.3952852522908,69.8840360158334,81.6979670012177,68.3314449026327,72.4023639135064,45.3502272597724,48.1760614335084,46.434046502449,45.561495762991,40.3299956853194,38.8272730149944,38.0571687227176,41.9618435157127,56.8815219009566,62.4355394985361,63.352621411531,75.557128930197,66.6803049635969,67.8400487750371,77.9823697824007
42.0649739666883,41.1070787504934,43.3969680248946,41.8498278174635,40.8150939822462,43.5186685329729,44.8665608039427,43.4208751256497,24.343800108251,25.4296118762944,81.52551330417,0,12.8826676552577,20.1564975896864,55.8487164891065,59.4693129239818,49.4749933935379,45.1875649563678,45.8501398606903,50.1827375829849,52.7821214133164,52.1503202975771,52.5510982192254,55.7016023399711,73.1408894265282,80.6061123240802,59.9914756442748,62.8115499118199,60.1024052069507,40.393485099403,39.633781686784,39.7377061936173,62.7004285867411,64.8752495827492,58.5184552416502,56.2907506740294,27.3635755379782,69.48745409884,67.9695796699386,69.5493235996236,71.4864105938518,74.2085394120984,71.4047221760212,71.7100179885097,75.1429984888426,71.9870804213396,74.0986227549558,74.6883076545625,75.6164950022768,72.4736394368713,71.7382240181138,54.1053435545963,56.8488061789234,52.8605074578612,54.548468730632,53.334326627881,55.0590635488756,53.3514315710951,49.8980964592264,56.7899347665192,53.0773705561412,53.7618661447103,49.5682803153262,47.7451749609003,44.6697457087433,53.0043336514985,73.9597281795313,75.8708587850627,74.4487780455546,73.8891208533349,73.7080679667556,71.4740941321791,76.1230980440614,78.4230281800868,88.4865205431532,49.0056763713671,50.8074884861774,78.7696196783948,50.9978528590787,50.4554347291565,32.2689776692489
40.2425753171131,39.2813167045777,41.5698124060779,40.0291184677924,38.9910227578746,41.6864211907018,43.0296343172239,41.5844665941656,21.8194051185726,23.0310367238362,79.6938064844057,12.8826676552577,0,17.3576146302844,54.0273049898246,57.6434344473213,47.9370510539472,43.6607682168387,44.3253521493868,48.6464983168506,51.0411519631484,50.3967745712488,50.7984302786191,53.8327744203641,71.3247088082053,78.7872871826421,58.1027807465232,60.9301980995078,58.2941534627413,38.4024658734956,37.6478698499271,37.6952074053398,60.8809616237623,63.1054048259305,56.6896707797938,54.4614495657655,28.2143952539741,67.659943631287,66.1424005742752,67.7218402515779,69.6560604471548,72.3781399608944,69.5739986215639,69.8792366633366,73.3133216603212,70.158100260037,72.2693221178305,72.8590617583709,73.787349405295,70.6442786105904,69.9094599985112,52.4718375909752,55.2033522011474,51.2172924737695,52.9396580086164,51.6496169653074,53.3720931476925,51.669108992995,48.0628349183419,55.0286180111707,51.3067621172438,51.990593387416,47.7887506124249,46.2774773639245,42.8040401835836,51.1075506340504,72.134569143647,74.0460979625559,72.623820608776,72.0639604610437,71.8762632260091,69.6423436468563,74.2927099201631,76.5926706037005,86.6527128486294,47.1405142922773,48.9439890619903,76.932036414683,49.1484982209212,48.6539405406992,29.9685195194477
39.8180102229715,38.8547207369627,41.1245663176824,39.6242709759811,38.5851623298505,41.2184144427439,42.5397957409658,41.1099664045869,17.7222604030076,18.8627125464996,79.1053758888842,20.1564975896864,17.3576146302844,0,53.4928231836479,57.0910071369631,48.267258364601,43.9866037373376,44.6721748403097,48.9589059364684,50.8091756498311,50.1221010420605,50.5293712867857,53.0956266751628,70.7994535725708,78.2517664982019,57.2681360082136,60.1333214479099,57.8071880275267,37.1275114483024,36.413940255121,35.9895846928036,60.3448434035692,62.7729955413557,56.1267545267581,53.8976393284557,32.4148764960275,67.089775271079,65.5735978360792,67.1516609927245,69.0741131323692,71.7959016437281,68.9904715922809,69.2953755898298,72.7337223666973,69.5814600888972,71.6912631677382,72.2813058209584,73.2099191859929,70.066009026516,69.3337264157096,52.532480484463,55.2358208805903,51.2486203864632,53.0780584485344,51.5616360350843,53.2819644711575,51.5945857726249,47.5508286815353,54.7449640277578,50.9960148727967,51.6849501683284,47.4578361577137,46.698240383265,42.1952034589372,50.2772728873603,71.5737261185635,73.4868856765486,72.0638152490606,71.5031365531062,71.2877850527689,69.0541311043412,73.7101164853075,76.0102489241242,86.0556646708123,46.4493801893162,48.2569280978734,76.3298350639135,48.5465644217629,48.2395865669466,28.4085537262927
39.8662214493693,39.7708632322671,40.8805676221914,40.8432347274737,40.6293159318333,40.6680160345855,41.6757077291843,41.4357816558058,51.1384588569675,51.8017659863304,55.0713180561178,55.8487164891065,54.0273049898246,53.4928231836479,0,24.9980884842948,56.0789013647422,51.1495294696512,52.5343876922331,56.0051941684165,45.5855092445715,43.0032857990396,44.06338755899,40.9096441451156,44.97255533062,52.4154588415225,50.0553124450447,51.2682490866375,30.3124333588396,48.1748949593057,47.0187289766061,52.1900639125522,33.0909221472829,52.4152064946323,27.1112361728246,25.4226808627399,63.1302219705776,41.9296067101695,40.3546848786149,42.0441514768332,44.4666815414787,47.2309767611992,44.4694182590766,44.8206925102518,48.1715575137233,44.8627469066877,47.0686891863684,47.6170546110289,48.5655123426156,45.4381056498264,44.5713208287792,53.7021605289272,55.9443633996241,51.4983525212119,56.6122440474179,48.0322200681809,50.1749772500224,49.1958328226087,43.408353184132,49.6138089414335,45.5066297302332,47.2403265857407,42.6633758857033,55.4235364791039,42.0806799107632,47.5558027877,46.2181333852986,48.0758500183298,46.6729738902971,46.1332599674045,47.1469695394052,44.8889443419526,49.296838592056,51.5741658175913,62.3995120895197,36.6905578001081,37.6771668598432,52.5730345244189,39.6660324974759,40.0563852060338,52.3960324572055
43.6414599761418,43.5248551790083,44.6383621413917,44.6102822310837,44.3775862967271,44.4031649165776,45.3859127777305,45.1501918123513,54.7169255780365,55.3753817303878,57.6337367802279,59.4693129239818,57.6434344473213,57.0910071369631,24.9980884842948,0,59.9904445667946,55.0871590968305,56.4504461148574,59.9423045205366,49.8020947064933,47.2944660250784,48.317659373953,43.4040698056423,48.5910181946294,55.8291172367202,52.8295075241587,53.9702438610418,36.716881149388,51.6045576981967,50.4490506361212,55.65106203048,36.529379411044,56.8638818696079,23.4736125976999,23.3561629804622,66.7732287814327,44.6257967019293,43.0773901945379,44.7655390161885,46.9513344111998,49.7307934663818,46.9332883851095,47.3008823880973,50.7966145500077,47.5236848421936,49.72381918697,50.2617964131069,51.2340085714548,48.0817586603588,47.2455791046079,57.7882793440109,60.0368021332764,55.6131148010427,60.6275190868115,52.2682547496518,54.3866094891377,53.3799140429023,47.1090498252706,53.7698135081672,49.6503420801291,51.3318466326403,46.7410465053468,59.3323104856244,45.6254986326137,50.6995488076684,49.1443768064157,51.0307459457173,49.6124731273262,49.056729746962,49.6321338985769,47.3696526000322,51.8802525314693,54.1508281067574,64.7981773475043,39.6834875311263,40.6117568281454,53.0605103293726,43.0662662859593,44.1660523338436,55.9725583109007
43.2166682882641,42.5445037929585,44.7834015481174,43.0501935486952,42.3097196010298,45.1569433497016,46.7348596926915,45.364446587977,46.9324616045722,47.7641826932206,82.3802683620374,49.4749933935379,47.9370510539472,48.267258364601,56.0789013647422,59.9904445667946,0,23.4546642560278,19.4256119496922,24.6026565269228,47.7244513705078,47.9503555941669,48.3200205579117,58.9675038922096,72.9694751295965,80.6115950273553,64.489169554857,66.85648940205,59.4448668210653,50.3251493050791,49.2797834452452,52.637602647653,62.7574886538223,61.7690031071735,59.2342065616185,57.0452126382285,55.5042840922716,70.0695533628222,68.5298794350097,70.1291808401898,72.2549939564443,74.9800588816468,72.1977137736317,72.5064763559143,75.8657975032683,72.6643540349544,74.7966327284023,75.382992218783,76.3042653219731,73.1757436538222,72.401331990499,40.5018462760854,44.1956102477282,40.1428749295665,38.2214796510287,43.8888133660638,45.8034770159952,43.7467872025412,51.4702342176119,53.3217367768343,50.2823330341425,51.1055672584537,47.4856567699771,30.7522184339803,48.1120961647973,57.9838382608092,74.3856288636422,76.2704941615891,74.8614312899655,74.3152116815905,74.5704587127379,72.3330577835112,76.8924739706003,79.1905532693508,89.4795405359637,52.0938025004812,53.7866083334492,80.0436498563907,53.2191633741082,49.7263763893614,48.906876076968
38.7596985458922,38.1270800803443,40.3152296703476,38.6502099784806,37.9482356627961,40.6786102439119,42.2475320133765,40.919284854437,42.6597072688241,43.4859540411585,77.4727272180844,45.1875649563678,43.6607682168387,43.9866037373376,51.1495294696512,55.0871590968305,23.4546642560278,0,15.442633939037,17.2255002042416,42.4383160219977,42.7046927906463,43.0999951677625,54.2822678077314,67.961220522119,75.6222539701451,59.8766918134375,62.2200868931799,54.4162229145838,45.9804918260821,44.9342512992942,48.3146805156964,57.7798320890257,56.5966744241541,54.3522097118062,52.170251965518,51.1959260510571,65.1387628726909,63.59701851986,65.1978286111612,67.3416786754079,70.0667834324054,67.2865990060764,67.5954307374006,70.9469719459893,67.7414427714073,69.8754219680525,70.4616793694081,71.3820516733987,68.2550258708851,67.477117295483,33.9076523530139,38.0274640732111,33.4216858507558,32.7471887828845,37.5574782665433,39.6412150824986,37.6147780900077,46.8886956918754,48.2904691194698,45.3214456631244,46.2160470394263,42.641087019426,21.5628914153917,43.650953015867,53.4505214463863,69.4388869044067,71.3212122029413,69.9134450006737,69.3685628400042,69.6645899555369,67.4269756943937,71.9779034438457,74.2759312335677,84.5852062820339,47.44830322219,49.1283065885015,75.2018265128449,48.573644915852,44.9179213382563,44.6709411163449
39.8128995034331,39.1478926162711,41.3720789980401,39.6632142405602,38.9290312854239,41.73827233562,43.3096989823201,41.9508684169147,43.3647378891802,44.1963885052005,78.8340127430846,45.8501398606903,44.3253521493868,44.6721748403097,52.5343876922331,56.4504461148574,19.4256119496922,15.442633939037,0,18.891152356339,44.1550110752283,44.3753534905524,44.7558431188929,55.4613256971669,69.4037703543115,77.0497755450783,60.9902894382965,63.3557816482607,55.8797782348474,46.8413917228973,45.7985425760576,49.1315308862616,59.1989329571367,58.1975859484487,55.6985481862132,53.5113647144502,51.8380093486977,66.5193247336045,64.9792619950578,66.5787942577186,68.7080106867948,71.4330476462166,68.6511260010022,68.9598630484195,72.3176070386503,69.1154315302039,71.2479895643169,71.834361751365,72.7554291816254,69.6272086363122,68.852170872604,36.6495487334309,40.5011449876579,36.1959815947195,35.0066509845605,40.0012287198883,41.9847799914128,39.9532327691909,48.0205501159124,49.811932877798,46.7833798242095,47.6298898710543,44.0136890739037,24.5837759081047,44.6710774880763,54.5024862035965,70.832232953454,72.7166136493007,71.3078035191127,70.7618447876649,71.0246567692612,68.7872323130788,73.3450576900534,75.6431457324802,85.9357748554717,48.6020977384768,50.2923588133721,76.5134324744895,49.7393012879487,46.2403946578457,45.3820606641593
43.5586214221816,42.9255364292413,45.1188273481252,43.443212276818,42.7413812208216,45.4868589874973,47.0598942187314,45.7277919482329,47.611033361095,48.4368162508944,82.3327748036505,50.1827375829849,48.6464983168506,48.9589059364684,56.0051941684165,59.9423045205366,24.6026565269228,17.2255002042416,18.891152356339,0,47.257948271233,47.5387654613188,47.9271956289488,59.136173121086,72.8252694085147,80.4853460118434,64.733450740342,67.0754430371989,59.2768650118617,50.8570928673156,49.8087642787448,53.2114838757762,62.6415660212423,61.4406079278908,59.2063458956792,57.0237258456965,56.2217595292892,69.9992820435605,68.4576099916114,70.058413058507,72.2016195052414,74.9267535361986,72.1464784404481,72.4553410638492,75.8072544282173,72.6018374877786,74.7357919576386,75.3220252823997,76.2424607546183,73.1153651231035,72.337552221963,38.6817157133656,42.7198972760685,38.3314336755835,36.7721429032773,42.5304129977345,44.5625734184811,42.5066862712735,51.7088373363715,53.0960897549318,50.1288453170311,51.0129908213533,47.4421405889945,28.6015599777999,48.4795969048883,58.3026924934803,74.3001139932909,76.1825349039385,74.7747140617889,74.2297765495862,74.5244585896501,72.286837503897,76.8380588067342,79.1360724615529,89.4447845787958,52.2951922431828,53.9757048431474,80.0564375295717,53.4107292053126,49.737737425196,49.5920436114588
36.1124623435925,36.1407403766273,37.6792860014298,36.7511314386407,36.6993733710839,38.0860496106682,39.706065073208,38.895663921234,48.7935408897912,49.5320766189392,72.6426886164826,52.7821214133164,51.0411519631484,50.8091756498311,45.5855092445715,49.8020947064933,47.7244513705078,42.4383160219977,44.1550110752283,47.257948271233,0,24.0212367964597,21.2252897061672,51.4321729640291,62.4179010650642,70.1901453035393,58.0408966237637,60.0245470780184,48.1335975016769,48.3329988191195,47.1942278674484,51.7296201605034,52.3282603505892,43.8337880188501,49.224809698417,47.0604276265978,59.6732774519289,60.0964171812244,58.5387580062824,60.1558261564978,62.4370879420682,65.1655105569608,62.400503810004,62.7131265424609,66.0147314316326,62.7748275236884,64.925314114284,65.508025701951,66.4246699372904,63.3073450790367,62.4999771137557,41.9026860521685,43.5057699222499,39.3628983947153,46.033022380639,35.1945001785162,36.0087034196229,34.7789490492915,43.2351436307418,31.7258147540389,31.6160815201904,34.1174792869821,31.9768641019975,47.2429271827052,42.3529783877782,52.3371956204176,64.2902474156922,66.1539406602992,64.7551531716775,64.2195457474471,64.8357170210938,62.595080801214,67.0804440627831,69.3765103999472,79.8561290492839,44.6310899566414,46.18181879906,70.6056335246641,45.1125891235754,36.9786986583647,50.1481523865545
35.0234226949861,35.1139659886735,36.5098440361791,35.8106812673565,35.7972948615654,36.8431945458506,38.4020609266944,37.7189435125368,48.0573442869277,48.7865884234432,70.2495795391677,52.1503202975771,50.3967745712488,50.1221010420605,43.0032857990396,47.2944660250784,47.9503555941669,42.7046927906463,44.3753534905524,47.5387654613188,24.0212367964597,0,16.0618644354837,49.4736688948828,59.8889675162006,67.6802330586056,56.2748319130554,58.1939013064955,45.3535626684126,47.2600995049085,46.115551516538,50.7488079905661,49.8038291472423,36.8058261056369,46.7567275423053,44.5968571072926,59.0996404085952,57.6592246225044,56.0983661858322,57.7189530915127,60.0278243298382,62.7570332630973,59.9950421408769,60.3085520481221,63.6005196326895,60.3535960858365,62.5075506834601,63.0894209538118,64.0054755553591,60.8900015199821,60.0766159335263,42.7701438521311,44.5921999109737,40.2425738593601,46.7105515914197,35.7511662014073,37.0991351770099,36.1545172836866,41.6112881104522,31.9882658959191,29.6488148421455,33.4899723482767,30.3689006751036,47.4191713848368,41.007551081505,50.7636165858404,61.8329044832116,63.6929688864127,62.2958882735905,61.7620455497109,62.4424164497101,60.2011241184595,64.6732919008474,66.9689003973419,77.4833522509101,42.7437794757633,44.2601798899951,68.2630937532855,43.2153725408544,34.3591481796065,49.385358194016
35.3058494865948,35.4042858962678,36.8203854563016,36.0779024400228,36.0764812793478,37.1835930200602,38.7703492647473,38.0610013588128,48.4703132028751,49.2014265071736,71.2735604587664,52.5510982192254,50.7984302786191,50.5293712867857,44.06338755899,48.317659373953,48.3200205579117,43.0999951677625,44.7558431188929,47.9271956289488,21.2252897061672,16.0618644354837,0,50.2410917229147,61.0213320022734,68.7930189733659,56.970829872179,58.911984517448,46.5609824230432,47.728156209483,46.5835215376535,51.2038975725113,50.9081274645778,39.6783128177383,47.7522954429656,45.5834189226859,59.4947043629054,58.7093459509544,57.1507851978065,58.7696220731323,61.0584735928484,63.78761169126,61.0232255344645,61.3366318698233,64.6371350692163,61.3947673015511,63.5467966141461,64.1288155978062,65.0458227316112,61.9287204693748,61.1192347174531,43.1827416110046,44.9544584546243,40.6913282795562,47.0760287517121,36.4530768763033,37.6527761991404,36.5910562092794,42.0648265630522,30.4455082660201,28.9100394587617,32.9479203869995,30.1593306494073,47.8116633605156,41.4633524290535,51.366313308911,62.9002767086505,64.7631079650537,63.3646304727284,62.8293449436939,63.4646342945125,61.2235883085595,65.7051753680956,68.0008562933638,78.4926659610901,43.444469564815,44.9766538148629,69.2093748643168,43.8606550499201,34.882736923748,49.7957071649455
42.0321675699494,41.6773289324439,42.9355709386797,42.8319688613415,42.3893025164052,42.5714159834233,43.4097428825647,43.0628375666596,50.522080937758,51.1272551390814,62.7846628130643,55.7016023399711,53.8327744203641,53.0956266751628,40.9096441451156,43.4040698056423,58.9675038922096,54.2822678077314,55.4613256971669,59.136173121086,51.4321729640291,49.4736688948828,50.2410917229147,0,57.6789696922375,64.6259634290799,35.1794547628309,33.4217264630522,47.3339861015764,45.8549125841559,44.7200581020722,50.1945483202869,46.8121181715054,60.093834410286,41.8908191896196,39.7474891077855,63.2287839897922,51.6868304902162,50.2439642572743,51.7521292897863,53.0343373835468,55.7461378784518,52.8662452698552,53.1597240941102,56.8496280120979,53.8501594461662,55.8899775465056,56.4915981878015,57.4425747997001,54.251278090261,53.6498346053104,58.2765034095069,60.5855746712653,56.3438210236959,60.5128996290794,54.0174371034388,55.9347703139909,54.7028605800205,45.6047285832802,55.015472110642,50.8514460386262,52.1411458384285,47.5031170650521,58.2677805602505,42.1634505026196,41.8721391109781,56.6649115590243,58.6620641073765,57.198305434683,56.5955655998808,54.9307857822899,52.7077596478412,57.6696282345026,59.9755320521305,69.2523321237226,32.298001638691,32.7555923409789,58.6988812332695,40.6882077739226,45.5605409483675,51.7904529152542
57.6956900548748,57.5627176937914,58.757016226725,58.593170142896,58.3490855816032,58.5942704468013,59.6499117606556,59.3146401920514,68.4586677723404,69.1213271709242,57.8751118614032,73.1408894265282,71.3247088082053,70.7994535725708,44.97255533062,48.5910181946294,72.9694751295965,67.961220522119,69.4037703543115,72.8252694085147,62.4179010650642,59.8889675162006,61.0213320022734,57.6789696922375,0,30.226724570571,66.80702648973,68.0794267461478,48.7484178339285,65.5780795690211,64.4345207892727,69.5295072974033,36.2935824247866,69.4849281729897,49.0769876385341,47.8310772848873,80.4037509490669,43.3240894104467,41.4322345371351,42.9527451572165,48.2404018900416,50.8302197341593,48.470212601029,48.641655402828,50.0897129085866,46.303527516679,48.5294282982271,49.2808263775999,49.8080187372088,47.0959443349872,45.8249999053424,70.1994074727167,72.4655657751797,67.9107901683637,73.2939540684962,64.0575498667415,66.37743940895,65.5087471029561,61.6933925339311,66.872689963213,62.9428906413926,64.7018446113265,60.2735595048788,72.2898324243907,60.0649203237239,65.2796812640296,42.848413560295,44.052690436911,43.0689168143983,42.9543730228937,50.965621924282,48.7538156958268,51.7931923565028,54.1682940003841,67.3828346707449,55.1706393071382,56.1762806573032,69.7837046007706,58.5329780061066,58.3907116638669,69.7475308889248
65.2100329019045,65.070335958935,66.2621616252729,66.1083406720047,65.8579193074175,66.0883841857013,67.1325661090039,66.8024484120969,75.8996377663717,76.5595793396495,62.4595461594282,80.6061123240802,78.7872871826421,78.2517664982019,52.4154588415225,55.8291172367202,80.6115950273553,75.6222539701451,77.0497755450783,80.4853460118434,70.1901453035393,67.6802330586056,68.7930189733659,64.6259634290799,30.226724570571,0,73.8312719982128,75.0863591696984,56.6669231220997,72.9383109704868,71.7954438847059,76.9047612230603,43.2110483444045,77.3034447563383,56.2535939212093,55.0402761130366,87.8820268452599,47.9859414984672,46.0384186102555,47.4212261746436,53.287812264198,55.8226572084196,53.5464591409798,53.6622003410099,54.57669313808,50.7018473845235,52.878306655788,53.729554932585,54.0832208207596,51.5228138440643,50.1793157182345,77.9560927820777,80.2224248635066,75.6882459527246,81.0019507299297,71.9256406117883,74.2163256100762,73.3248562149993,69.1625432860033,74.5801498092347,70.6287279255271,72.3669203763987,67.9200637453355,79.9324855108324,67.4830849372616,72.5244463209412,45.480283646572,46.3761820550906,45.6274153660549,45.7428421794725,55.900972715557,53.7075911748407,56.4118047351879,58.8271125106529,72.5226653559635,62.4024367818448,63.3917868521912,76.6188615646918,65.8966163385113,65.9859544582857,77.1868503594478
47.8009064370281,47.328766796494,48.7129870783144,48.4752422691074,47.9266571815695,48.3544600389089,49.1992713959899,48.7134809116027,54.5927767518115,55.1665299035994,72.2868086033917,59.9914756442748,58.1027807465232,57.2681360082136,50.0553124450447,52.8295075241587,64.489169554857,59.8766918134375,60.9902894382965,64.733450740342,58.0408966237637,56.2748319130554,56.970829872179,35.1794547628309,66.80702648973,73.8312719982128,0,30.7474283779282,56.0230818195959,49.1107191281717,48.0057387503722,53.5510490242622,56.0448604128986,67.2345442777097,51.4827657232136,49.3272687180488,67.6297527585314,61.1490636486624,59.6962855029046,61.2052523653067,62.5807783802746,65.2862619704746,62.421672345176,62.708136185614,66.3368897680522,63.3246491680587,65.365500896389,65.9720894386936,66.9128897081443,63.731698318471,63.1194282855374,64.3608697742402,66.7017878687729,62.5122102238055,66.3829510009506,60.5314452446905,62.3990083295173,61.0972471219452,51.8681171301336,61.5789060547221,57.4404496851876,58.6067262497719,53.9943809236421,63.7568661304432,47.5455320891279,44.6616945575928,66.0443804103465,68.0315022720893,66.5731574422943,65.976055104155,64.473832347242,62.2534819841955,67.172364571913,69.4817032033321,78.8311378199894,39.9526140199936,41.0406231899175,69.3285780583688,47.7959546347651,52.4433364577235,55.9001448169856
50.0279811586063,49.5978932861094,50.931844249025,50.751371972634,50.2412353403173,50.5647518385888,51.3997920763866,50.9712557001621,57.4969040841846,58.0832885915898,73.4933238990819,62.8115499118199,60.9301980995078,60.1333214479099,51.2682490866375,53.9702438610418,66.85648940205,62.2200868931799,63.3557816482607,67.0754430371989,60.0245470780184,58.1939013064955,58.911984517448,33.4217264630522,68.0794267461478,75.0863591696984,30.7474283779282,0,57.3753759876087,52.3206696710311,51.2005806217974,56.7368532804296,57.2836213725742,69.042289711455,52.5733539511915,50.4121668407259,70.4076122681069,62.3512999289166,60.9003346899052,62.410429604028,63.7680784004075,66.4757629614788,63.6077084969295,63.8966144247649,67.5402027318671,64.529226662697,66.5710531109908,67.1758241188125,68.1194929165935,64.9359221810287,64.3246999897182,66.5348751834356,68.8638096194304,64.6580707479015,68.6293605576659,62.5623171096853,64.4442267543184,63.1649180133711,53.8831095168066,63.5681426642826,59.4168855898136,60.6226985473176,55.997434509927,66.1376373621376,49.8508576644802,47.675405048327,67.2646345024725,69.2535053554069,67.7941137884902,67.1959176837314,65.6680927165564,63.4467070733591,68.3736128615784,70.6817521387381,80.0222986787534,41.0424175533716,41.9004352132687,70.2014450703215,49.4252369450176,54.3015832116988,58.7846969265782
44.0251890859094,43.9581861428276,45.1048587445253,44.9780699313489,44.7914694548402,44.9704716834995,46.0598329653603,45.7593587590046,55.5065392912529,56.1813046261232,60.8478389941003,60.1024052069507,58.2941534627413,57.8071880275267,30.3124333588396,36.716881149388,59.4448668210653,54.4162229145838,55.8797782348474,59.2768650118617,48.1335975016769,45.3535626684126,46.5609824230432,47.3339861015764,48.7484178339285,56.6669231220997,56.0230818195959,57.3753759876087,0,52.9326940749874,51.7797310431656,56.8497109650131,37.9649433054241,54.3575814078767,37.4114633893497,35.6374904857148,67.3213137267215,47.5339864501414,45.9212633096819,47.604574528101,50.3624930883462,53.1045771459894,50.3927708268287,50.7205099753565,53.8593142288871,50.4992347296218,52.7109007575902,53.2771161168231,54.1869667189442,51.0987170073438,50.1882742240852,56.4610545902882,58.696412617724,54.1490015691156,59.6286866372172,50.2099906684162,52.4838993358367,51.6225993327712,47.986007843792,52.5364420551428,48.5555672870399,50.4381839899054,45.9783537987229,58.7852530068149,46.8322542366407,53.0566158538479,51.4312521151398,53.2396441092181,51.8649560446883,51.3544096125195,53.0372061804313,50.7855308598986,55.0451650949843,57.3329531259397,68.4112019802586,42.7574274782571,43.8518935229528,60.7258382565615,45.1769977338588,43.7473147328332,56.7826266359699
