IBR/IBR_outputs/all.combrep_1/EucDistWater_Total.WeatheringIndex_Total/EucDistWater_Total.WeatheringIndex_Total.asc
NCOLS 160 
NROWS 95 
XLLCORNER 210004.651214014 
YLLCORNER 7350008.22228844 
CELLSIZE 4999.99999999997 
NODATA_value -9999 
[rows 0 to 20 of 95, columns 92 to 137 of 160]
-9999 -9999 -9999 -9999 -9999 -9999 -9999 -9999 -9999 -9999 -9999 -9999 -9999 -9999 -9999 -9999 -9999 -9999 -9999 -9999 -9999 -9999 -9999 -9999 -9999 -9999 -9999 -9999 -9999 -9999 -9999 -9999 -9999 -9999 -9999 -9999 -9999 -9999 -9999 -9999 -9999 -9999 -9999 -9999 -9999 -9999
-9999 -9999 -9999 -9999 -9999 -9999 -9999 -9999 -9999 -9999 -9999 -9999 -9999 -9999 -9999 -9999 -9999 -9999 -9999 -9999 -9999 -9999 -9999 -9999 -9999 -9999 -9999 -9999 -9999 -9999 -9999 -9999 -9999 -9999 -9999 -9999 -9999 -9999 -9999 -9999 -9999 -9999 -9999 -9999 -9999 -9999
-9999 -9999 -9999 -9999 -9999 -9999 -9999 -9999 -9999 -9999 -9999 -9999 -9999 -9999 -9999 -9999 -9999 -9999 -9999 -9999 -9999 -9999 -9999 -9999 -9999 -9999 -9999 -9999 -9999 -9999 -9999 -9999 -9999 -9999 -9999 -9999 -9999 -9999 -9999 -9999 -9999 -9999 -9999 -9999 -9999 -9999
-9999 -9999 -9999 -9999 -9999 -9999 -9999 -9999 -9999 -9999 -9999 -9999 -9999 -9999 -9999 -9999 -9999 -9999 -9999 -9999 -9999 -9999 -9999 -9999 -9999 -9999 -9999 -9999 -9999 -9999 -9999 -9999 -9999 -9999 -9999 -9999 -9999 -9999 -9999 -9999 -9999 -9999 -9999 -9999 -9999 -9999
-9999 -9999 -9999 -9999 -9999 -9999 -9999 -9999 -9999 -9999 -9999 -9999 -9999 -9999 -9999 -9999 -9999 -9999 -9999 -9999 -9999 -9999 -9999 -9999 -9999 -9999 -9999 -9999 -9999 -9999 -9999 -9999 -9999 -9999 -9999 -9999 -9999 -9999 -9999 -9999 -9999 -9999 -9999 -9999 -9999 -9999
-9999 -9999 -9999 -9999 -9999 -9999 -9999 -9999 -9999 -9999 -9999 -9999 -9999 -9999 -9999 -9999 -9999 -9999 -9999 -9999 -9999 -9999 -9999 -9999 -9999 -9999 -9999 -9999 -9999 -9999 -9999 -9999 -9999 -9999 -9999 -9999 -9999 -9999 -9999 -9999 -9999 -9999 -9999 -9999 -9999 -9999
-9999 -9999 -9999 -9999 -9999 -9999 -9999 -9999 -9999 1.2604727240888 1.7347719743817 1.60379779540654 2.5869437839203 -9999 -9999 -9999 -9999 -9999 -9999 -9999 -9999 -9999 -9999 -9999 -9999 -9999 8.40386465906718 6.21226028452242 2.98494661349121 1.7545481405272 2.70821618574908 6.00952958514298 9.45716693947351 11.2088531628744 8.71324417516705 6.48931954724861 6.04501545103458 7.64334033100701 10.4769553996608 13.4590436207012 16.4246347895369 18.4547818202297 17.4336359919136 16.4994849606366 16.1372710070086 16.4873488908794
-9999 -9999 -9999 -9999 -9999 -9999 -9999 -9999 -9999 1.43856432632928 1.92450612912377 1.08467277168561 1.99113385470299 2.45518697488424 2.45562813293605 1.65557904034564 3.62045249103409 2.5014291444445 -9999 -9999 -9999 -9999 2.73420871490354 2.67727039725494 2.61846443224609 5.34588821570966 8.42853989848744 7.48455931834319 5.18205123810613 4.56878815800814 5.06596649648931 7.17888031935933 10.0568467187822 10.5436564708698 7.30253803077642 4.20058187363515 3.55177239578108 6.38485245785525 9.6758470841962 12.9043947442464 16.0148492095018 18.8580111749264 19.3167364999937 18.5324359130222 18.2534610256741 18.5449519212963
-9999 -9999 -9999 -9999 -9999 -9999 -9999 1.06381221855115 1.4233379350852 2.43444606373436 3.47820096287036 1.94675136528852 2.05556804467911 4.61665588433661 4.57994160914412 3.48986778376671 4.81427358922406 2.96813334262432 2.07390834117853 -9999 -9999 3.03756480284015 1.686935406149 2.12281692638843 3.96609704728809 6.56750175314971 9.49207877023556 9.90126979939008 8.46719555550156 8.21381462544991 8.30713457345233 9.13839981676637 10.7170462997297 10.4858437642942 7.26356347249349 4.13162713204769 3.42737601817539 6.27712687390083 9.59463551102334 12.8276586062204 15.9725753794814 18.9536912394537 21.3297058917224 21.3449821514656 21.0675082447461 21.219432520867
-9999 -9999 -9999 -9999 -9999 -9999 -9999 2.47840826618421 3.10373063399193 4.48313860171344 3.80943760918812 2.05833713417126 2.03206532525365 3.7870953359047 6.69156679156464 7.06654113609011 7.35716800735135 5.33217843022539 3.21585525302366 1.82999539085991 3.01961095765734 4.90312147203642 4.20787861503796 3.15801369039821 3.10962521699652 6.43988032660119 9.84252895721508 12.3212138010396 11.4093683059217 9.4759982910438 7.41949825148703 6.81743176727695 8.14225403415115 10.1741272631108 9.01013619581368 6.92193866728166 6.61461127393567 8.24197351163363 10.8865766889078 13.7141936836936 16.6030724910788 19.430834026672 22.1694815831883 23.8559558951587 23.8325081908363 23.9498327819573
-9999 -9999 -9999 -9999 -9999 -9999 3.89556002701118 4.68224916764547 4.45113749248078 4.44066925209819 3.37949314367858 2.12548506845793 2.00031702453704 3.84268355270005 7.23271659397933 9.97210602960067 9.13951287836006 6.05528183816621 2.807169487518 1.95766706244666 3.36819484728999 6.15789647960389 7.33093682881651 5.42406300344733 5.36747487221832 7.38029302089942 10.5133224283885 13.1695649680286 11.2112124380136 7.87658769237824 4.70914483394679 3.39476768733346 5.85739134600048 9.0598051977398 11.0832937982398 10.1974958986081 10.0012410561984 11.0449819049235 12.9904029206185 15.3256308438251 17.8244557167186 20.4398839990274 22.9371638148927 25.2922010503103 26.3720249084242 26.5818080905387
-9999 -9999 -9999 -9999 -9999 2.3767835094101 2.26658080273236 2.48059135375833 2.26219794003458 2.90770762750924 3.48164305094065 2.28294643266797 3.11228696719012 5.89624124254491 8.37009734399811 10.7019139282819 9.09476079110786 5.90802643173421 3.02716314517568 3.65781228622079 6.32161459536623 8.18628949214133 9.79985042909637 8.69310780971713 8.63286951533289 9.90402422820461 12.2470780392848 13.8041086979596 11.0841500814628 7.65299404524004 4.30131937988196 3.02177657137196 5.69870860917859 8.89376368822339 11.5591524009319 12.2573894316671 11.8706656750658 12.4623762772048 13.8579106771095 15.8046883860979 17.9616474143088 20.2908333627938 22.6766386875075 24.950402973182 27.1032268079002 28.5826446236599
-9999 -9999 -9999 -9999 1.61545447285289 1.75345510278452 2.37936814654406 1.96396940822374 1.78759803420431 1.84159275950617 2.16385727479661 1.97780851684861 3.35429375412694 5.62498264342599 6.78659064196315 9.20225960281465 10.0031688768593 7.44431866961203 5.89326156440303 6.36447894899033 8.69093938253351 10.9757931549384 12.4487940866414 11.9435741161901 11.8583386322038 12.5293461037847 14.3315368120288 14.793725225019 12.0718394834202 9.3433961927205 6.89417029091634 5.81647584827769 5.76570902017401 7.13448130270656 9.54586315661849 9.87869146955335 9.05432097356087 9.56426320461191 11.341880938092 13.7296448931083 16.3138020550505 18.9022205063801 21.5138723154456 23.9846157141538 26.3455986755631 28.5187774541975
-9999 -9999 2.34068623628553 1.72776329585231 1.39824311658624 2.50088424588923 3.17384787245607 2.20479087476766 3.31254697350313 2.86665944250814 2.34033671188178 1.86862702288141 2.84206385590492 2.79446110802597 4.49266200057675 7.4739803723853 8.23116374579677 6.86016997556639 5.76679753517738 7.34304315517427 9.91162903743896 12.5208144276165 12.4195646715508 12.1924995667186 12.7957400871918 14.1110420569526 15.6190215525946 15.17283463062 13.5876493540385 11.2359604177255 8.03811456441129 4.97102345041325 2.62005847898377 4.85496553767287 7.68041293625676 6.76554356114955 5.3981652308995 6.44434290107332 9.01266301765064 11.9841638568153 15.0290345965098 17.8066455609138 20.7020137364975 23.4127367859751 25.9319903890784 28.0609726629513
1.86086719694919 1.94987147484114 2.21396796035301 2.60203006439851 2.11867520100723 2.77050062613544 4.19294564152377 4.13272531705165 6.37831009882535 6.08973587592988 3.90322942259597 2.46967020939285 2.14550957601591 1.99120575920397 3.0908539788648 4.64305905438666 5.51167548286867 4.15646148843222 2.84264742128953 5.79325172799476 9.16088338610939 10.8473176949147 9.36409364867619 8.89423416286905 9.96593154115036 11.7207586573984 13.5927185422974 12.7243421440963 11.9543570283244 11.2865352946498 8.21831486424891 4.97594998287937 2.72054599725494 4.78778342699582 7.20353935664778 5.05325175500342 2.43437272285665 4.32211765322806 7.88180669179402 11.1729996097889 14.3998152637276 17.3767191005101 20.2942514226922 23.0863694445287 25.7429346786261 28.1134272377236
2.51119612674398 2.76883923693662 4.49584088719447 5.16963944128751 4.05691979689711 4.50887734994979 6.26700416100315 5.9760435492243 7.62986976112406 8.70311600637548 6.38536776355189 3.44938657296133 3.66135686598305 3.42247089047494 2.09738310133953 2.06470874144002 3.29305822079695 4.08070070599073 3.60457536379752 6.30606886428454 9.58626361068004 9.15219967048996 6.42336035475543 5.48685534730429 7.13597450938697 9.97173988870491 11.4724440511688 9.28298453471823 8.41715838212071 9.00744862394399 9.04086170561106 6.66539209417819 4.13490088741748 4.18513922391165 6.70452193860605 5.9618973881555 3.92562209359767 5.3405418820338 8.28680646837057 11.4246052072042 14.5727774149199 17.6092338980233 20.4825876420061 23.1439975919071 25.7572628030554 28.0046016227367
3.9584738770702 3.84138727424182 3.77772072033834 5.82693476694613 6.05359275643145 7.18269179046316 5.47082863821324 3.33609419918126 5.81188054030099 8.37413785850323 5.81477769671806 2.89337303112223 4.00346266618494 3.82948961803693 3.92005235197286 3.09803570295309 1.83258317600643 2.93580962673614 4.52948258874623 7.00376031223093 8.69899572042923 8.08081883544608 5.01643865620349 3.45150307561801 6.03021926794927 9.02016551497723 9.8443147751132 6.90517068479065 5.04617054675981 5.74675076307354 7.47620848954589 6.49198757236264 2.91538714026637 2.82755466548134 6.08857186390376 8.09863962217822 7.40611492723494 8.08761078691799 10.1747718605318 12.5970198306013 15.439753611926 18.3805609674307 20.8553553110811 23.4315347177652 25.1169521655768 26.347472050904
3.34289936605405 3.62686664271816 5.31318387300535 3.67432070932079 4.3515170412756 7.48252406279641 5.8625095260067 3.28295044751021 5.44387674815252 8.47847867435356 6.92106272298 4.71510138941316 3.35413173342463 4.28399832026237 4.35100492930048 5.60866347781188 3.3169358808814 1.90898948002203 2.20898480662369 4.08325297064855 5.27991922857638 5.84344926612748 5.76183707836849 4.96539403000719 6.54225772780437 9.84096576851101 9.41501715304324 5.93801608101279 2.68504618694963 3.71742808612508 4.24662790484344 5.53007062303137 5.34426547767033 5.42538805397641 7.25327003046169 7.47601051835745 7.87182337869016 9.57638199794584 11.7394735830915 14.2207627990668 17.0000221223259 19.0770950660397 20.8087563342422 21.8809047443756 22.6730704232095 23.8239099224453
3.51952992355223 5.53626398688106 6.67853402938296 5.62089455887888 6.01574336323864 8.49978151036938 7.82165657490506 6.42039360823733 7.4989050197058 9.77959158504482 9.10435815768438 6.1544246530825 3.11721433822577 3.15277421289396 3.15459019547924 6.2800442842814 5.95513949120615 3.17383305400497 2.23551435665328 1.95257903707273 2.74055794539068 3.05741541147537 4.4182400346062 6.55791170674174 7.98804420957963 9.87372629474639 9.69085717774282 6.75994673364843 4.7433546554154 4.32545853570485 1.77872445525975 3.28487336915892 4.80269504972611 5.07970644510454 6.10642086522851 4.51125344403436 4.95065072964511 7.5340962013841 10.7919553470603 13.7307464781221 16.1122438509882 17.0562512711561 18.1919359371278 19.143598597481 20.1769212441027 21.3146312269391
5.36750464059022 3.78579605926218 4.97490321542603 7.60230798990965 8.80451344961112 10.7537021039217 10.7357149257073 9.78734812151363 9.34872017954178 8.2530531396373 8.24565626748516 7.62544578995602 4.45022475712162 2.98004577500334 2.73973491389561 5.31398608727772 7.27219609269397 5.09401392350972 3.10632740030349 2.18148258953586 2.032529237495 2.33984111272909 2.30884643839917 3.64144582170611 5.19193092393927 6.50769867210915 7.48493891732188 7.37774688882751 7.33003980753357 6.11572572377014 4.21136225989447 2.49670396627595 3.13876563900965 2.90555645446123 4.30055611359328 3.01980632277319 3.30674399529624 6.31963367049078 9.47294280311056 12.2996475693723 13.2563617254219 14.203401927856 15.64206977134 16.5030894257048 17.6853396709985 19.0845856950729
6.91642022034549 4.63454532450619 4.76798757839193 5.19470602574805 7.69422942651898 10.8521655695844 12.9968717281963 10.7461425998876 7.69570204627344 4.96999367293526 5.20986859045821 7.61361579468263 5.73485915346974 2.76234547178419 2.95293670079721 4.91917546058381 7.24147470397622 4.30152346484545 2.37990249773444 2.9431939720413 2.06966695544789 4.09129954904421 4.2934019291908 2.25316384158856 2.17448711939092 3.13140422882339 3.85401383980328 3.93865650120623 4.91353725936245 5.43067648705507 4.91649956450251 4.84069601943631 2.93997259296578 2.83472551251419 3.68829072308118 2.87539763661117 2.74128366499784 5.05504941710917 8.6201808845011 9.98461334769126 10.2305292158075 11.6173532948698 13.0391474749773 13.9162615266799 15.3292884671674 16.9713888372499
