0.132257 9.9991E-05 0.867643
0.167593 9.9991E-05 0.832307
0.27283 0.0105866 0.716583
0.060179 0.0225048 0.917316
0.0505285 0.0535632 0.895908
0.0336632 0.0527279 0.913609
0.110606 0.032774 0.85662
0.0599499 0.00918838 0.930862
0.274128 0.0770436 0.648828
0.272317 0.0355718 0.692111
0.151116 0.238983 0.609901
0.287683 0.046322 0.665995
0.0887735 0.341905 0.569321
0.262638 0.111287 0.626075
0.301006 0.09547 0.603524
0.151853 0.00237466 0.845773
0.285783 9.9991E-05 0.714117
0.0790622 9.9991E-05 0.920838
0.600438 0.200757 0.198805
0.709272 9.9991E-05 0.290628
0.770159 9.9991E-05 0.229741
0.863252 0.0609364 0.0758114
0.9998 9.999E-05 9.999E-05
0.874019 0.0269978 0.0989829
0.686965 0.0258285 0.287207
0.896149 9.9991E-05 0.103751
0.93171 0.0681905 9.9991E-05
0.920029 0.0798712 9.9991E-05
0.9998 9.999E-05 9.999E-05
0.910309 0.089591 9.9991E-05
0.94915 0.0507504 9.9991E-05
0.908747 0.0545354 0.0367177
0.940993 9.9991E-05 0.0589069
0.245728 0.0705553 0.683717
0.295171 0.0635752 0.641253
0.171024 0.0586658 0.77031
0.121254 0.0245849 0.854161
0.15243 0.135812 0.711758
0.614506 0.385394 9.9991E-05
0.864654 0.0336142 0.101732
0.223076 0.116542 0.660382
0.159506 9.9991E-05 0.840394
0.331428 0.204799 0.463772
0.169338 0.311836 0.518826
0.0710188 0.316147 0.612834
0.620666 0.379234 9.9991E-05
0.302905 0.0895974 0.607498
0.169157 0.254876 0.575967
0.40962 0.146259 0.444121
0.0117134 0.893463 0.0948235
0.0269732 0.922974 0.0500525
9.9991E-05 0.881246 0.118654
9.9991E-05 0.84572 0.15418
0.0715142 0.928386 9.9991E-05
0.0862442 0.913656 9.9991E-05
9.9991E-05 0.768656 0.231244
0.0771882 0.917659 0.0051531
0.0837338 0.916166 9.9991E-05
9.9991E-05 0.906211 0.093689
9.9991E-05 0.763461 0.236439
0.0822049 0.917695 9.9991E-05
0.0538203 0.766198 0.179982
0.073958 0.597836 0.328206
0.844239 0.0551564 0.100604
0.816063 0.0413929 0.142544
0.90475 9.9991E-05 0.0951503
0.0140829 0.830559 0.155358
0.0353838 0.736925 0.227692
0.0738573 0.843364 0.082779
0.0480901 0.906284 0.045626
0.0555161 0.919343 0.0251409
9.9991E-05 0.346991 0.652909
0.0539237 0.358322 0.587754
0.0085109 0.344379 0.647111
0.0536395 0.349469 0.596892
0.172914 0.291288 0.535798
0.0830633 0.311865 0.605072
0.192841 0.302784 0.504375
9.9991E-05 0.753619 0.246281
0.181051 0.623378 0.195572
0.14283 0.85707 9.9991E-05
0.12752 0.87238 9.9991E-05
9.9991E-05 0.817851 0.182049
0.745863 0.0708196 0.183318
0.15951 0.467174 0.373317
9.9991E-05 0.448558 0.551342
0.58174 0.406043 0.0122177
0.144861 9.9991E-05 0.855039
0.238101 9.9991E-05 0.761799
0.176327 0.064426 0.759247
0.355241 0.156587 0.488172
0.169056 0.0297806 0.801163
0.0917898 0.453911 0.4543
0.673967 0.0500972 0.275936
0.012394 0.434469 0.553137
0.310326 0.183478 0.506196
0.235144 9.9991E-05 0.764756
0.115883 0.0373269 0.84679
0.173118 0.0105034 0.816378
0.0527942 0.116164 0.831042
0.105792 0.0420253 0.852183
0.0870033 9.9991E-05 0.912897
0.114849 0.465907 0.419243
0.14403 0.3837 0.47227
0.0889995 0.45606 0.45494
0.309068 0.140234 0.550698
0.148428 0.26714 0.584432
0.507154 0.0629977 0.429848
0.00702743 0.844738 0.148234
0.0679335 0.87332 0.0587461
0.243736 0.364872 0.391392
0.172015 0.339009 0.488976
0.367078 0.327067 0.305855
0.81523 0.0162852 0.168485
0.0996055 0.810572 0.0898223
0.0548482 0.828168 0.116984
9.9991E-05 0.637807 0.362093
0.59405 0.0650065 0.340944
0.318246 0.0225658 0.659188
0.0866338 0.0521992 0.861167
0.156934 0.0755723 0.767494
0.434745 9.9991E-05 0.565155
0.160273 0.00441151 0.835316
0.124858 0.00512859 0.870014
9.9991E-05 0.0367528 0.963147
0.440316 0.0775597 0.482125
0.123616 9.9991E-05 0.876284
0.218307 9.9991E-05 0.781593
0.182301 9.9991E-05 0.817599
0.32512 0.136302 0.538578
0.0836529 0.0633604 0.852987
0.268163 0.0484825 0.683354
0.127205 0.0155036 0.857291
0.971607 0.0175654 0.0108279
0.991495 9.9991E-05 0.00840493
0.9998 9.999E-05 9.999E-05
0.828685 0.068333 0.102982
0.898691 0.0529684 0.0483402
9.9991E-05 0.117154 0.882746
0.188252 9.9991E-05 0.811648
9.999E-05 0.9998 9.999E-05
0.069323 0.87277 0.0579066
0.0326602 0.950402 0.0169378
0.0596985 0.755674 0.184628
9.9991E-05 0.931671 0.0682295
0.123216 0.876684 9.9991E-05
9.999E-05 0.9998 9.999E-05
0.111208 0.888692 9.9991E-05
0.0575202 0.941324 0.00115565
0.0891609 0.910739 9.9991E-05
9.9991E-05 0.922241 0.0776589
0.0816427 0.862052 0.0563051
0.0699739 0.873861 0.0561656
0.0548935 0.945006 9.9991E-05
0.0670754 0.920635 0.0122899
9.9991E-05 0.946601 0.0532993
0.069978 0.929922 9.9991E-05
9.9991E-05 0.408561 0.591339
9.9991E-05 0.258036 0.741864
9.9991E-05 0.951237 0.0486628
0.0453336 0.760153 0.194513
0.0138064 0.986094 9.9991E-05
9.9991E-05 0.400866 0.599034
0.00501433 0.0153056 0.97968
0.254408 9.9991E-05 0.745492
0.505374 0.0288949 0.465731
0.706396 9.9991E-05 0.293504
0.840217 0.0254035 0.134379
0.877005 0.0322932 0.0907014
0.824226 9.9991E-05 0.175674
0.812453 0.0521489 0.135398
0.821491 0.120632 0.0578771
0.894986 0.103551 0.00146327
0.123985 9.9991E-05 0.875915
0.13916 0.0960198 0.76482
9.9991E-05 0.0997366 0.900163
9.9991E-05 0.0328907 0.967009
9.999E-05 9.999E-05 0.9998
0.0402528 0.0857271 0.87402
0.295383 0.00389473 0.700722
0.202711 0.0532775 0.744011
0.148186 0.0270858 0.824728
0.235497 0.0559564 0.708546
0.213076 0.0306274 0.756296
0.755537 0.135232 0.109231
0.0391798 0.867753 0.0930674
0.133175 0.866725 9.9991E-05
0.0335222 0.966378 9.9991E-05
9.9991E-05 0.811586 0.188314
0.145396 0.854504 9.9991E-05
0.289867 0.136273 0.57386
0.347727 0.0727435 0.579529
0.217491 9.9991E-05 0.782409
0.299635 0.0338055 0.66656
