0.168299 0.00235354 0.829347
0.153615 9.9991E-05 0.846285
0.202125 0.0151874 0.782688
0.0101563 0.0576276 0.932216
0.0457096 0.0412629 0.913027
0.0212501 0.0171927 0.961557
0.0616122 0.0319584 0.906429
0.0572842 9.9991E-05 0.942616
0.283405 0.0490931 0.667502
0.246497 0.0519392 0.701563
0.117162 0.217436 0.665401
0.250377 0.0838504 0.665772
0.0847029 0.335702 0.579595
0.232035 0.0926327 0.675332
0.268122 0.0428846 0.688994
0.161883 0.0193728 0.818745
0.243268 0.0179472 0.738785
0.101829 9.9991E-05 0.898071
0.610343 0.217182 0.172474
0.701156 0.041402 0.257442
0.750583 9.9991E-05 0.249317
0.889853 0.0376398 0.0725069
0.969509 0.0303906 9.9991E-05
0.898523 0.0098892 0.0915877
0.719316 9.9991E-05 0.280584
0.946923 9.9991E-05 0.0529773
0.94351 0.0563897 9.9991E-05
0.9244 0.070848 0.00475169
0.95265 0.0337037 0.0136459
0.916801 0.0699904 0.0132086
0.969421 0.0304789 9.9991E-05
0.899868 0.0239646 0.0761673
0.879327 0.0158398 0.104833
0.267509 0.0507025 0.681788
0.349737 0.010765 0.639498
0.165854 0.0481214 0.786024
0.0691896 0.053286 0.877524
0.151711 0.115539 0.73275
0.618884 0.381016 9.9991E-05
0.901372 0.0554617 0.0431665
0.248083 0.0840566 0.66786
0.175652 9.9991E-05 0.824248
0.36439 0.148936 0.486673
0.117956 0.33888 0.543164
0.059605 0.291674 0.648721
0.602159 0.397741 9.9991E-05
0.265545 0.0825844 0.651871
0.15679 0.218366 0.624844
0.400466 0.118312 0.481223
0.0311513 0.871104 0.0977446
0.0552843 0.911119 0.033597
9.9991E-05 0.853193 0.146707
9.9991E-05 0.804442 0.195458
0.114893 0.885007 9.9991E-05
0.0700484 0.896688 0.0332633
9.9991E-05 0.759199 0.240701
0.0425044 0.908466 0.0490292
0.0495553 0.950345 9.9991E-05
9.9991E-05 0.861135 0.138765
9.9991E-05 0.730833 0.269067
0.111109 0.888791 9.9991E-05
0.074037 0.785953 0.14001
0.0640433 0.5815 0.354457
0.849964 0.0584555 0.0915802
0.839087 0.0155507 0.145363
0.896772 9.9991E-05 0.103128
0.0139887 0.799081 0.18693
9.9991E-05 0.714169 0.285731
0.0976218 0.799713 0.102665
0.120805 0.879095 9.9991E-05
0.0132752 0.931107 0.0556181
9.9991E-05 0.324236 0.675664
0.0432441 0.305867 0.650889
9.9991E-05 0.365075 0.634825
0.0333558 0.303381 0.663263
0.146768 0.304992 0.54824
0.0800772 0.325683 0.59424
0.185586 0.269557 0.544856
9.9991E-05 0.707715 0.292185
0.103142 0.638972 0.257887
0.161768 0.838132 9.9991E-05
0.128117 0.871783 9.9991E-05
9.9991E-05 0.780585 0.219315
0.767355 0.0418724 0.190773
0.1229 0.426054 0.451046
9.9991E-05 0.41553 0.58437
0.607332 0.392568 9.9991E-05
0.248736 9.9991E-05 0.751164
0.221866 9.9991E-05 0.778034
0.215465 0.055058 0.729477
0.309216 0.18235 0.508433
0.0802144 0.0545354 0.86525
0.0124483 0.450284 0.537267
0.700956 0.0766486 0.222395
0.0100817 0.437906 0.552013
0.346128 0.174011 0.479861
0.273936 9.9991E-05 0.725964
0.13323 9.9991E-05 0.86667
0.211916 9.9991E-05 0.787984
0.0820359 0.119581 0.798383
0.00046719 0.0589552 0.940578
0.11778 9.9991E-05 0.88212
0.00352503 0.459758 0.536717
0.147323 0.386747 0.46593
0.0499194 0.453151 0.49693
0.251239 0.131483 0.617278
0.10414 0.216587 0.679273
0.537324 0.0366636 0.426013
0.0273486 0.838669 0.133982
0.0713639 0.844213 0.0844234
0.216552 0.375468 0.407979
0.149655 0.330543 0.519802
0.263109 0.337266 0.399625
0.79242 0.0407838 0.166796
0.219663 0.780237 9.9991E-05
9.9991E-05 0.800602 0.199298
9.9991E-05 0.632314 0.367586
0.504514 0.0713504 0.424136
0.302201 0.0368668 0.660932
0.0616078 0.0388018 0.89959
0.064703 0.0801044 0.855193
0.452918 9.9991E-05 0.546982
0.244715 9.9991E-05 0.755185
0.15477 9.9991E-05 0.84513
0.0877608 0.0425568 0.869682
0.45509 0.00420394 0.540706
0.155424 9.9991E-05 0.844476
0.250421 9.9991E-05 0.749479
0.094449 9.9991E-05 0.905451
0.341759 0.105282 0.552959
0.0981316 0.0762131 0.825655
0.300385 0.0928949 0.60672
0.115595 9.9991E-05 0.884305
0.957345 0.0349892 0.0076662
0.952192 9.9991E-05 0.0477076
0.9998 9.999E-05 9.999E-05
0.873688 0.0412397 0.0850722
0.896858 0.0613643 0.0417775
9.9991E-05 0.110129 0.889771
0.237369 9.9991E-05 0.762531
9.999E-05 0.9998 9.999E-05
0.0925446 0.867082 0.0403733
9.9991E-05 0.919317 0.0805825
0.015313 0.767513 0.217174
9.9991E-05 0.942625 0.057275
0.188165 0.811735 9.9991E-05
9.9991E-05 0.977849 0.0220507
0.138275 0.861625 9.9991E-05
0.0193727 0.918574 0.0620536
0.100786 0.899114 9.9991E-05
0.0249997 0.891685 0.0833152
0.0627567 0.819749 0.117494
0.047682 0.83557 0.116748
0.0518258 0.948074 9.9991E-05
9.9991E-05 0.927112 0.0727876
9.9991E-05 0.96897 0.0309298
0.0783412 0.921559 9.9991E-05
0.0539799 0.341394 0.604626
0.0437401 0.203013 0.753247
9.9991E-05 0.927985 0.0719153
0.0463812 0.746096 0.207523
0.00699349 0.992907 9.9991E-05
9.9991E-05 0.347639 0.652261
0.0385911 9.9991E-05 0.961309
0.279253 9.9991E-05 0.720647
0.495114 0.0235107 0.481375
0.641912 9.9991E-05 0.357988
0.849549 0.00904205 0.141409
0.898254 0.0298644 0.0718818
0.840644 9.9991E-05 0.159256
0.754987 0.0341263 0.210887
0.866859 0.120925 0.0122161
0.901053 0.092813 0.00613356
0.166687 9.9991E-05 0.833213
0.124581 0.114538 0.760881
9.9991E-05 0.0630173 0.936883
9.9991E-05 0.0233991 0.976501
0.00570921 0.0296519 0.964639
9.9991E-05 0.0953867 0.904513
0.219392 0.0398952 0.740713
0.209954 0.111613 0.678433
0.115123 0.0531367 0.83174
0.177756 0.0923111 0.729933
0.155554 0.0612159 0.78323
0.793203 0.163384 0.0434132
0.0363075 0.846928 0.116764
0.11501 0.88489 9.9991E-05
0.0453502 0.95455 9.9991E-05
0.0125421 0.762627 0.224831
0.102467 0.853138 0.0443954
0.384676 0.158341 0.456983
0.377315 0.0274126 0.595273
0.322048 0.00167651 0.676276
0.292403 0.0489494 0.658648
