0.0302765 9.9982E-05 9.9982E-05 0.0711351 0.206487 0.691902
0.0302777 0.319357 9.9982E-05 0.0613951 9.9982E-05 0.58877
0.016926 9.9982E-05 9.9982E-05 0.168475 0.164464 0.649936
0.0198664 9.9973E-05 9.9973E-05 9.9973E-05 0.203023 0.77681
0.00320023 0.064589 0.0619941 9.9982E-05 9.9982E-05 0.870017
0.00400968 0.0374031 0.037913 9.9991E-05 0.0857823 0.834792
9.9982E-05 0.24073 9.9982E-05 0.0293211 0.168009 0.56174
0.031195 0.0891068 9.9982E-05 9.9982E-05 0.176112 0.703386
9.9982E-05 0.712669 0.0501044 0.1008 9.9982E-05 0.136227
0.026764 0.265787 0.0289848 0.155254 0.116469 0.40674
0.0329529 0.365108 0.0793886 0.0353424 0.373474 0.113734
0.00290271 0.420096 0.0240671 0.165321 0.16649 0.221124
0.0576062 0.214962 0.0417459 9.9982E-05 0.685486 9.9982E-05
9.999E-05 0.659061 0.0517621 0.137208 0.144395 0.00747415
0.0228909 0.349368 0.0587577 0.151708 9.9991E-05 0.417175
9.9982E-05 0.549383 9.9982E-05 0.041118 0.117097 0.292201
9.9982E-05 0.429224 9.9982E-05 0.106498 0.0415491 0.422529
0.0222993 0.324622 9.9973E-05 9.9973E-05 9.9973E-05 0.652779
0.0633126 0.112972 0.120561 0.513386 0.140621 0.0491478
9.9973E-05 0.318479 9.9973E-05 0.553095 0.128126 9.9973E-05
9.9982E-05 0.085609 9.9982E-05 0.643435 0.0524599 0.218297
0.0229694 9.9982E-05 9.9982E-05 0.785714 0.149628 0.0414886
0.0753334 9.9973E-05 9.9973E-05 0.878011 0.0463556 9.9973E-05
0.0369118 0.129925 0.0117716 0.683366 9.9991E-05 0.137926
9.9973E-05 9.9973E-05 9.9973E-05 0.637472 0.121729 0.240499
0.0113246 9.9982E-05 9.9982E-05 0.88689 0.00723554 0.0943495
0.0333843 9.9973E-05 0.0867867 0.879529 9.9973E-05 9.9973E-05
0.025923 0.100641 0.0817833 0.791452 9.9982E-05 9.9982E-05
9.9973E-05 9.9973E-05 0.0196114 0.824913 9.9973E-05 0.155176
9.9982E-05 9.9982E-05 0.0795165 0.806025 0.0116094 0.10265
0.0103522 0.160735 0.0148529 0.81386 9.9982E-05 9.9982E-05
0.0343978 0.156887 0.0199381 0.774419 9.9991E-05 0.0142583
0.0848466 0.0511002 0.00752377 0.768723 0.0247388 0.0630672
0.07374 0.316685 9.9991E-05 0.0633801 0.176651 0.369444
9.9982E-05 0.262025 0.0445763 0.195075 9.9982E-05 0.498124
9.9982E-05 9.9982E-05 0.104199 0.0974736 0.0211623 0.776965
0.0387033 9.9982E-05 9.9982E-05 0.0433462 0.13315 0.784601
9.9991E-05 0.321894 0.104182 0.0963093 0.129466 0.348049
0.9995 9.996E-05 9.996E-05 9.996E-05 9.996E-05 9.996E-05
0.029755 9.9973E-05 9.9973E-05 0.755878 0.214067 9.9973E-05
9.9973E-05 9.9973E-05 0.0942471 0.0762586 9.9973E-05 0.829194
0.00155903 0.146691 9.9991E-05 0.141119 0.242219 0.468313
9.9991E-05 0.249448 0.0899901 0.230997 0.27093 0.158535
0.066717 0.11757 0.07182 0.100631 0.643163 9.9991E-05
0.0244566 9.9991E-05 0.0141704 0.0744222 0.858014 0.0288367
0.9995 9.996E-05 9.996E-05 9.996E-05 9.996E-05 9.996E-05
0.0615928 0.211619 0.0316542 0.154261 0.222248 0.318625
9.9991E-05 0.360695 0.102962 0.123655 0.36103 0.0515592
0.033152 0.306673 0.0763436 0.243541 0.0838794 0.256411
0.022975 0.160365 0.743521 0.0447267 0.014444 0.013968
0.0318445 0.0489632 0.732465 0.0282623 0.158365 9.9991E-05
0.00128892 0.162915 0.740632 9.9982E-05 9.9982E-05 0.094964
0.0535706 0.018205 0.675682 0.0280605 0.133283 0.0911992
0.0633563 0.133167 0.786593 0.0166831 9.9982E-05 9.9982E-05
9.9973E-05 0.135071 0.799447 0.0651818 9.9973E-05 9.9973E-05
9.9964E-05 0.334137 0.665464 9.9964E-05 9.9964E-05 9.9964E-05
0.00601936 0.230138 0.763543 9.9973E-05 9.9973E-05 9.9973E-05
0.0410033 9.9973E-05 0.82634 0.132357 9.9973E-05 9.9973E-05
0.0315085 0.025334 0.694508 9.9991E-05 0.213534 0.0350153
0.0402258 0.0084219 0.574827 9.9991E-05 0.260464 0.115962
9.9973E-05 9.9973E-05 0.809885 0.124217 0.0655981 9.9973E-05
9.9982E-05 9.9982E-05 0.587824 0.0943074 0.28565 0.0320187
0.052133 0.153318 0.292412 9.9982E-05 0.501937 9.9982E-05
0.0235153 0.0498844 0.0491998 0.767527 9.9991E-05 0.109773
0.0200587 0.0730032 0.0434402 0.735134 9.9991E-05 0.128264
0.00997723 9.9973E-05 9.9973E-05 0.841516 9.9973E-05 0.148207
0.00440391 0.110086 0.671072 0.00307814 0.119315 0.0920452
0.0669627 0.0555315 0.506565 9.9991E-05 0.319094 0.0517473
0.0224499 0.117448 0.707624 0.0625094 0.0898692 9.9991E-05
0.0461792 9.9982E-05 0.676518 0.0362426 0.24086 9.9982E-05
0.0474853 0.149723 0.795921 0.00563666 9.9991E-05 0.00113387
9.9982E-05 0.20508 0.0876847 9.9982E-05 0.676035 0.0309999
9.9973E-05 0.343428 0.0443766 9.9973E-05 0.611895 9.9973E-05
0.0198183 9.9991E-05 0.0389972 0.00307767 0.841027 0.0969803
0.0496985 9.9964E-05 9.9964E-05 9.9964E-05 0.949902 9.9964E-05
0.0384207 0.00150074 9.9982E-05 0.0968632 0.863015 9.9982E-05
0.0520272 0.0175949 9.9982E-05 0.00843537 0.921743 9.9982E-05
0.0510709 9.9991E-05 0.0369276 0.112353 0.651757 0.147791
9.9973E-05 0.136736 0.634554 9.9973E-05 0.22841 9.9973E-05
0.122059 0.0183351 0.423817 0.0263906 0.306027 0.103371
0.0167362 9.9991E-05 0.698291 0.0648157 0.151442 0.0686148
0.0587401 0.00567594 0.715687 0.117572 0.102225 9.9991E-05
0.0297935 0.340804 0.629102 9.9973E-05 9.9973E-05 9.9973E-05
0.0138741 0.336939 0.0773786 0.571608 9.9982E-05 9.9982E-05
9.9982E-05 9.9982E-05 0.276832 0.163139 0.542606 0.0172228
9.9964E-05 9.9964E-05 0.0790908 9.9964E-05 0.920509 9.9964E-05
0.9995 9.996E-05 9.996E-05 9.996E-05 9.996E-05 9.996E-05
9.9982E-05 0.046867 9.9982E-05 0.154827 0.174459 0.623647
0.0357535 0.134573 9.9991E-05 0.129434 0.0636538 0.636485
0.0509038 0.56691 9.9991E-05 0.0505517 0.166756 0.164779
0.044957 0.597363 0.0816142 0.154831 0.10351 0.0177252
9.9991E-05 0.236988 0.0373336 0.0214835 0.0753247 0.62877
9.9973E-05 9.9973E-05 0.117636 0.0282235 0.853841 9.9973E-05
0.0647553 0.0489249 0.0579881 0.522291 0.108753 0.197288
0.0850515 9.9982E-05 0.229644 9.9982E-05 0.486958 0.198147
0.0263216 9.9991E-05 0.0791929 0.253872 0.341892 0.298621
0.00400435 0.534247 9.9982E-05 0.108915 9.9982E-05 0.352633
9.9982E-05 0.12804 9.9982E-05 0.0507261 0.28422 0.536814
9.9982E-05 0.378114 9.9982E-05 0.094101 0.254845 0.27274
0.00307023 0.841716 9.9973E-05 9.9973E-05 0.154914 9.9973E-05
0.0157211 9.9982E-05 9.9982E-05 0.00628915 0.456508 0.521281
0.00542884 0.826466 9.9982E-05 9.9982E-05 0.0478318 0.120073
0.0248208 9.9991E-05 0.218064 0.0505315 0.537301 0.169182
0.107985 0.120115 0.0975153 0.065384 0.608901 9.9991E-05
0.0888287 0.0383025 0.125826 0.0121676 0.724824 0.0100507
9.9982E-05 0.307373 9.9982E-05 0.192481 0.488048 0.0118987
9.9991E-05 0.320657 0.0746254 0.100816 0.436668 0.0671344
9.9982E-05 0.187886 0.0662111 0.374348 9.9982E-05 0.371355
0.0219043 0.0891956 0.744075 9.9991E-05 0.00990124 0.134824
0.0547559 0.0904569 0.705224 9.9982E-05 0.149364 9.9982E-05
9.9982E-05 9.9982E-05 0.187549 0.180733 0.566821 0.0646969
0.0245305 0.375389 0.231377 0.0811936 0.199401 0.0881086
0.0451219 9.9991E-05 0.0999875 0.255024 0.497276 0.102491
9.9964E-05 9.9964E-05 9.9964E-05 0.743768 0.255832 9.9964E-05
0.050959 9.9982E-05 0.567129 0.0610415 0.320671 9.9982E-05
9.9991E-05 0.0859189 0.645739 0.0375181 0.224475 0.006249
9.9982E-05 0.0202974 0.428554 9.9982E-05 0.483949 0.066999
0.0578302 9.9991E-05 0.00694729 0.40074 0.0752494 0.459133
0.00818346 0.06642 0.0633292 0.172803 9.9991E-05 0.689164
0.0306254 0.199374 0.00725453 9.9991E-05 0.193305 0.569342
9.9982E-05 0.268472 0.0987272 0.0927405 9.9982E-05 0.539861
9.9973E-05 0.194059 9.9973E-05 0.319184 9.9973E-05 0.486457
0.0271759 0.0940943 0.00682648 0.158643 0.078778 0.634482
9.9982E-05 9.9982E-05 0.0209631 0.0974306 0.041578 0.839828
0.00780905 0.122385 0.0488734 9.9982E-05 9.9982E-05 0.820733
9.9991E-05 0.064525 0.0241155 0.332776 0.0844124 0.494071
9.9991E-05 0.687339 0.00655754 0.0205009 0.056842 0.228661
0.00879205 0.909644 9.9991E-05 0.0295944 0.0466263 0.00524349
0.00832665 0.628195 9.9991E-05 0.0240625 0.0291268 0.31019
9.9991E-05 0.188387 0.0814391 0.244943 0.113433 0.371699
0.020012 0.777867 0.0422724 9.9991E-05 0.0355353 0.124213
0.000194383 0.585894 9.9982E-05 0.181916 0.231795 9.9982E-05
9.9991E-05 0.181151 0.00294156 0.0602987 0.119206 0.636303
9.9964E-05 9.9964E-05 9.9964E-05 0.812502 0.187098 9.9964E-05
9.9973E-05 9.9973E-05 9.9973E-05 0.838034 0.0439951 0.117671
0.0414043 0.2468 9.9973E-05 0.711496 9.9973E-05 9.9973E-05
9.9982E-05 0.13644 0.0668597 0.732067 9.9982E-05 0.064434
0.00728489 0.0394871 0.0850547 0.757312 0.0251313 0.0857302
0.0112134 0.0441363 0.049437 9.9991E-05 0.27865 0.616464
0.0256763 9.9982E-05 9.9982E-05 0.143834 0.181231 0.649059
9.9964E-05 9.9964E-05 0.866937 9.9964E-05 0.132663 9.9964E-05
0.021224 0.135338 0.746514 0.0318874 0.0371969 0.0278395
0.0193043 9.9973E-05 0.837513 9.9973E-05 9.9973E-05 0.142883
9.9982E-05 9.9982E-05 0.60063 0.0277646 0.340566 0.0308393
0.0145127 0.102781 0.787695 9.9991E-05 0.0549618 0.0399502
0.0107475 0.0269094 0.809948 0.152195 9.9982E-05 9.9982E-05
0.00918416 9.9982E-05 0.819036 9.9982E-05 0.160091 0.0114883
9.9973E-05 9.9973E-05 0.827156 0.110367 9.9973E-05 0.0621769
9.9982E-05 0.0594349 0.799592 0.106971 0.0338013 9.9982E-05
9.9973E-05 9.9973E-05 0.819799 0.166363 9.9973E-05 0.0135378
0.0544428 0.0218207 0.722508 9.9991E-05 0.193545 0.00758367
0.0489043 0.148043 0.692859 9.9991E-05 0.0666252 0.0434683
0.0149698 0.0836483 0.752646 0.0401786 0.0488315 0.0597256
0.0119629 9.9982E-05 0.841234 0.0978093 9.9982E-05 0.0487942
0.0131146 9.9982E-05 0.776518 9.9982E-05 0.180928 0.0292394
0.0131545 9.9973E-05 0.826589 9.9973E-05 9.9973E-05 0.159957
0.0211923 9.9991E-05 0.824951 0.0619017 0.00211947 0.0897352
9.9982E-05 9.9982E-05 0.0670365 0.0255872 0.905455 0.00172105
0.0150786 0.0212533 9.9991E-05 0.0531338 0.839993 0.0704408
9.9973E-05 9.9973E-05 0.783608 9.9973E-05 0.153546 0.0625459
0.0257568 0.0346991 0.628648 9.9991E-05 0.0409821 0.269814
0.00735794 9.9982E-05 0.804163 0.0725365 0.115743 9.9982E-05
9.9982E-05 0.0727273 0.104879 9.9982E-05 0.702842 0.119352
0.0246031 0.0490836 9.9982E-05 9.9982E-05 0.150721 0.775392
0.0132551 0.268688 9.9982E-05 0.151501 9.9982E-05 0.566356
9.9973E-05 9.9973E-05 9.9973E-05 0.425062 0.191188 0.38345
9.9991E-05 0.170219 0.0084355 0.545771 0.126389 0.149086
9.9982E-05 0.267596 0.0251703 0.690683 0.0163515 9.9982E-05
0.000796875 0.0710391 0.0351587 0.789217 0.0644754 0.0393126
0.00642603 0.296489 9.9982E-05 0.686528 9.9982E-05 0.0103575
9.9982E-05 0.315189 0.0334201 0.641708 0.00948263 9.9982E-05
0.0467028 0.0808786 0.0632373 0.687915 0.109952 0.0113147
0.0510478 9.9982E-05 0.0554812 0.67365 9.9982E-05 0.219621
0.0156927 9.9991E-05 0.0305476 0.0821859 0.100356 0.771118
0.0474725 9.9991E-05 0.0347553 0.0585179 0.10979 0.749365
0.0440231 0.133644 9.9982E-05 9.9982E-05 0.25161 0.570523
9.9973E-05 0.0212146 9.9973E-05 9.9973E-05 0.329563 0.648922
0.0203739 0.212696 9.9982E-05 9.9982E-05 0.281028 0.485702
9.9973E-05 0.217697 9.9973E-05 9.9973E-05 0.421357 0.360646
9.9982E-05 0.702352 9.9982E-05 0.11258 0.131902 0.0529658
9.9982E-05 0.797651 0.0289308 0.0540799 0.119138 9.9982E-05
0.0393195 0.960281 9.9964E-05 9.9964E-05 9.9964E-05 9.9964E-05
0.00208321 0.784707 0.0682288 0.0395017 0.0392888 0.0661909
0.0142061 0.886807 0.049064 0.0300334 9.9991E-05 0.0197897
0.13329 0.221082 0.077523 0.567905 9.9982E-05 9.9982E-05
0.00668813 0.0412592 0.726967 0.0257278 0.164847 0.0345109
0.0466184 9.9982E-05 0.691558 0.0883071 0.173317 9.9982E-05
0.00194272 0.0685856 0.818006 0.00182734 0.109539 9.9991E-05
9.9982E-05 0.0573557 0.62886 9.9982E-05 0.193886 0.119698
0.0300999 9.9982E-05 0.78691 0.00703581 9.9982E-05 0.175755
0.0171234 0.564662 0.0796697 0.189129 0.127332 0.022084
0.0182168 0.385154 9.9991E-05 0.217848 0.0892426 0.289438
0.0467726 0.948445 9.9973E-05 0.00448219 9.9973E-05 9.9973E-05
0.0523111 0.354131 9.9991E-05 0.160644 0.151828 0.280986
