9.9982E-05 0.0633798 0.160387 0.656176 9.9982E-05 0.0379105 0.0819463
9.999E-05 0.243464 0.128286 0.557587 0.0328779 0.01035 0.0273351
0.0366293 9.9982E-05 0.0899446 0.728698 0.00325915 9.9982E-05 0.141269
0.0135113 0.0526282 0.225772 0.662285 0.0107426 9.9991E-05 0.0349617
0.069577 0.0556137 9.9982E-05 0.852093 0.00184299 0.0206738 9.9982E-05
9.9973E-05 0.199529 0.0256919 0.651925 9.9973E-05 0.122553 9.9973E-05
9.9982E-05 0.247182 0.0814976 0.534215 9.9982E-05 0.124006 0.0128997
9.9973E-05 0.252291 0.13302 0.571519 0.0428702 9.9973E-05 9.9973E-05
0.0354803 0.656623 9.9991E-05 0.194084 0.00453048 0.0447591 0.064423
0.0198246 0.422958 0.141612 0.23286 0.0131269 9.9991E-05 0.169518
0.100627 0.323489 0.388509 0.12547 0.0495975 9.9991E-05 0.0122076
0.00806653 0.381417 0.112525 0.294179 0.0212007 0.0270056 0.155606
0.0134597 0.0541192 0.81511 9.9991E-05 0.0238021 0.0315423 0.0618664
0.117953 0.698501 0.0234897 9.9973E-05 9.9973E-05 9.9973E-05 0.159756
9.9982E-05 0.28739 9.9982E-05 0.482622 0.0387467 0.108719 0.0823228
9.9982E-05 0.682777 0.0523067 0.194725 0.0314078 9.9982E-05 0.0385841
0.0247124 0.557029 9.9973E-05 0.219904 9.9973E-05 9.9973E-05 0.198055
9.9973E-05 0.429393 9.9973E-05 0.508 0.0113382 9.9973E-05 0.0509684
0.0774521 0.0564501 0.0967646 0.128613 0.0579675 0.106027 0.476726
9.9973E-05 0.289973 0.0612967 9.9973E-05 9.9973E-05 0.039708 0.608723
0.0250747 0.0863475 0.0178702 0.193018 0.00648981 9.9991E-05 0.6711
0.0504421 9.9991E-05 0.0834666 0.0413351 0.015997 0.000782065 0.807877
9.9973E-05 9.9973E-05 0.0371636 9.9973E-05 0.0367881 0.0631807 0.862568
9.9982E-05 0.0858463 9.9982E-05 0.10608 0.0192127 0.0581467 0.730515
0.00820266 0.0471365 0.0936871 0.242889 9.9982E-05 9.9982E-05 0.607885
9.9982E-05 9.9982E-05 0.00427643 0.104858 0.00689565 0.0424001 0.84137
0.0888557 9.9973E-05 9.9973E-05 9.9973E-05 0.0325585 0.0252098 0.853076
0.00916509 0.100427 9.9982E-05 9.9982E-05 0.0208085 0.10272 0.76668
9.9964E-05 9.9964E-05 9.9964E-05 0.0784581 9.9964E-05 0.0428967 0.878245
0.0067067 9.9982E-05 0.00373824 0.155319 9.9982E-05 0.0712641 0.762772
9.9964E-05 0.042626 9.9964E-05 9.9964E-05 9.9964E-05 0.11319 0.843784
0.12059 0.0647753 9.9982E-05 0.0277609 0.024071 9.9982E-05 0.762603
9.9973E-05 9.9973E-05 9.9973E-05 0.0857211 0.050408 0.0965195 0.767051
9.9982E-05 0.177409 0.265507 0.387257 0.0700679 9.9982E-05 0.0995587
0.0658156 0.290058 9.9973E-05 0.421877 9.9973E-05 9.9973E-05 0.22195
0.109829 9.9973E-05 0.0464146 0.72874 9.9973E-05 9.9973E-05 0.114716
9.9964E-05 9.9964E-05 0.259806 0.721514 0.0182809 9.9964E-05 9.9964E-05
0.0893112 0.300662 0.215415 0.25229 0.00927121 9.9991E-05 0.132951
9.995E-05 9.995E-05 9.995E-05 9.995E-05 0.9994 9.995E-05 9.995E-05
9.9973E-05 9.9973E-05 0.203244 9.9973E-05 0.0303282 0.0180092 0.748119
9.9964E-05 9.9964E-05 9.9964E-05 0.697528 9.9964E-05 0.167589 0.134483
9.9973E-05 0.172812 0.210749 0.486619 9.9973E-05 9.9973E-05 0.12952
9.999E-05 0.219946 0.233045 0.123666 0.00340502 0.178552 0.241286
0.132096 0.211093 0.524183 9.9991E-05 0.0282872 0.035826 0.0684159
9.9973E-05 9.9973E-05 0.906847 0.0439432 9.9973E-05 0.0133621 0.0355481
9.995E-05 9.995E-05 9.995E-05 9.995E-05 0.9994 9.995E-05 9.995E-05
0.0495353 0.45297 0.173423 0.102161 0.0659032 9.9991E-05 0.155908
9.9982E-05 0.193427 0.365119 0.187275 9.9982E-05 0.154774 0.0992051
0.0498783 0.280115 0.0880138 0.229839 0.0167974 0.0799648 0.255391
0.274098 0.0882322 0.105984 9.9982E-05 0.0218083 0.509677 9.9982E-05
0.483178 0.0268791 0.099964 9.9982E-05 0.0261113 0.363668 9.9982E-05
0.514079 0.155974 9.9973E-05 0.00415931 9.9973E-05 0.325488 9.9973E-05
0.531518 0.115388 0.109411 9.9982E-05 0.0526513 0.190832 9.9982E-05
0.732872 0.0406605 9.9982E-05 9.9982E-05 0.0432218 0.115638 0.0674079
0.568413 0.0644841 9.9973E-05 9.9973E-05 9.9973E-05 0.30851 0.0582925
0.671743 0.288466 9.9964E-05 9.9964E-05 9.9964E-05 0.0393909 9.9964E-05
0.195081 0.119965 9.9973E-05 9.9973E-05 0.00672759 0.677926 9.9973E-05
9.995E-05 9.995E-05 9.995E-05 9.995E-05 9.995E-05 0.9994 9.995E-05
0.673311 0.0677413 0.0273841 0.0643647 0.0709442 0.0961546 9.9991E-05
0.368364 9.9982E-05 0.248186 0.0829052 0.0201706 0.280175 9.9982E-05
9.995E-05 9.995E-05 9.995E-05 9.995E-05 9.995E-05 0.9994 9.995E-05
0.432638 9.9982E-05 0.223978 0.0288218 9.9982E-05 0.287719 0.0266436
0.214833 0.0820008 0.504982 9.9982E-05 0.0798003 0.118185 9.9982E-05
0.0561076 0.104997 9.9991E-05 0.0903351 0.0293858 0.00652445 0.71255
0.0323015 0.0197593 0.0548727 0.138925 0.0294005 9.9991E-05 0.724641
9.9973E-05 9.9973E-05 9.9973E-05 0.177453 0.0150229 0.0319511 0.775274
0.570956 0.109003 0.124875 9.9991E-05 0.0178256 0.141354 0.0358857
0.454807 9.9982E-05 0.362352 0.0220623 0.0719032 0.0886757 9.9982E-05
0.699646 9.9982E-05 0.0656792 9.9982E-05 0.0163015 0.0604249 0.157749
0.536076 9.9973E-05 0.230635 9.9973E-05 0.0424862 0.190503 9.9973E-05
0.838953 9.9973E-05 9.9973E-05 0.0895093 0.0492423 0.0219953 9.9973E-05
0.0420588 0.205967 0.581804 0.0563534 0.000714888 0.113001 9.9991E-05
9.9964E-05 0.330704 0.613838 9.9964E-05 9.9964E-05 0.0550589 9.9964E-05
9.9964E-05 0.148705 0.682862 9.9964E-05 9.9964E-05 0.168033 9.9964E-05
9.9955E-05 9.9955E-05 0.981224 9.9955E-05 0.0182761 9.9955E-05 9.9955E-05
9.9964E-05 9.9964E-05 0.822685 9.9964E-05 0.0341857 9.9964E-05 0.14273
9.9964E-05 9.9964E-05 0.95506 9.9964E-05 0.00627149 0.0382684 9.9964E-05
0.0544778 0.0623477 0.685558 0.0818909 0.00246931 0.0223329 0.0909231
0.498461 0.259389 0.0433962 9.9973E-05 9.9973E-05 0.198453 9.9973E-05
0.34946 9.9991E-05 0.34029 0.102036 0.130778 0.0661248 0.0112116
0.420815 9.9982E-05 0.209365 9.9982E-05 0.0267807 0.299448 0.0433913
0.539276 9.9982E-05 0.166242 9.9982E-05 0.0424042 0.223054 0.0288237
0.736974 0.227962 9.9964E-05 9.9964E-05 0.0346647 9.9964E-05 9.9964E-05
0.074594 0.310643 0.0520669 9.9982E-05 0.011686 9.9982E-05 0.550811
0.120174 0.0381205 0.469426 0.0986593 9.9991E-05 0.182713 0.090807
0.098679 0.0808035 0.778465 9.9973E-05 9.9973E-05 0.0417527 9.9973E-05
9.995E-05 9.995E-05 9.995E-05 9.995E-05 0.9994 9.995E-05 9.995E-05
9.9982E-05 0.0730303 0.0912027 0.550419 9.9982E-05 0.0537318 0.231416
9.9982E-05 0.148552 9.9982E-05 0.643475 0.0156841 0.0603269 0.131762
9.9991E-05 0.518091 0.107699 0.1757 0.0290882 0.106482 0.0628394
0.0800374 0.656035 0.0662445 9.9991E-05 0.0412132 0.0377835 0.118586
0.0630322 0.127904 9.9982E-05 0.728733 9.9982E-05 0.00831696 0.0718138
9.9982E-05 0.0144222 0.733809 0.0273644 9.9982E-05 0.207409 0.0167954
9.9982E-05 9.9982E-05 0.251233 0.173332 0.0514966 0.0289401 0.494799
0.232063 9.9973E-05 0.508651 0.173794 0.0851915 9.9973E-05 9.9973E-05
0.0886056 0.0817552 0.342563 0.193976 0.0380368 0.0141041 0.240959
9.9982E-05 0.3772 9.9982E-05 0.432552 0.0079709 0.0502309 0.131846
9.9973E-05 0.166987 0.270082 0.533908 9.9973E-05 9.9973E-05 0.0287233
9.9982E-05 0.462308 0.13839 0.254164 9.9982E-05 0.0258311 0.119106
9.9964E-05 0.855052 0.0831436 9.9964E-05 9.9964E-05 0.0614049 9.9964E-05
9.9973E-05 9.9973E-05 0.420548 0.555502 0.00290204 9.9973E-05 0.0207479
9.9964E-05 0.986318 9.9964E-05 9.9964E-05 0.0123063 9.9964E-05 0.000975502
0.155607 9.9982E-05 0.605875 0.0901801 0.0412675 0.10687 9.9982E-05
0.168811 9.9982E-05 0.604492 0.0902496 0.0751739 9.9982E-05 0.0610732
0.133621 0.0390539 0.593942 0.0471382 0.0903086 0.0958365 9.9991E-05
9.9964E-05 0.33545 0.466552 9.9964E-05 9.9964E-05 9.9964E-05 0.197598
0.039802 0.387809 0.388665 0.0230574 9.9991E-05 0.0600596 0.100507
0.0479107 0.232197 9.9982E-05 0.284825 9.9982E-05 0.0474338 0.387434
0.672858 0.0101964 9.9982E-05 0.149108 0.0219849 0.145653 9.9982E-05
0.605254 9.9982E-05 0.157181 9.9982E-05 0.0201401 0.162935 0.0542901
0.0431946 9.9991E-05 0.514462 0.124697 0.00656054 0.162735 0.148251
0.00426274 0.239373 0.420955 0.0172774 0.0362022 0.236544 0.0453858
9.9982E-05 9.9982E-05 0.335428 0.190719 0.0373021 0.235949 0.200402
9.9964E-05 9.9964E-05 0.259414 9.9964E-05 9.9964E-05 0.0040833 0.736103
0.668873 9.9973E-05 0.251077 9.9973E-05 0.0316115 9.9973E-05 0.0481389
0.35034 0.0932417 0.175321 0.00193458 9.9982E-05 0.378962 9.9982E-05
0.370227 9.9973E-05 0.463206 0.0567679 9.9973E-05 0.109499 9.9973E-05
0.0756473 9.9982E-05 0.11779 0.339048 0.0385808 9.9982E-05 0.428734
0.0488129 0.125447 0.00562575 0.660641 0.0100123 9.9991E-05 0.149362
0.0151438 0.187731 0.06706 0.625562 0.0261975 0.0627686 0.0155375
0.147781 0.119219 9.9973E-05 0.666689 9.9973E-05 9.9973E-05 0.0660104
9.9973E-05 0.149705 0.0829775 0.423808 9.9973E-05 9.9973E-05 0.343209
0.00652244 0.065578 0.00309648 0.653365 0.0280981 0.0384896 0.204851
0.0684583 9.9964E-05 9.9964E-05 0.84089 9.9964E-05 9.9964E-05 0.0902522
9.9973E-05 0.154236 9.9973E-05 0.745189 0.0155144 0.0847607 9.9973E-05
0.0470757 0.263449 9.9973E-05 0.405463 9.9973E-05 9.9973E-05 0.283713
0.0365546 0.869321 0.00290405 0.0909209 9.9973E-05 9.9973E-05 9.9973E-05
9.9982E-05 0.805039 9.9982E-05 0.0310727 0.0457817 0.0258988 0.0920075
9.9991E-05 0.696831 0.0584383 0.179907 0.00840982 0.0187034 0.0376107
9.9982E-05 0.338044 0.08268 0.260743 9.9982E-05 0.124449 0.193883
0.00913086 0.729824 9.9982E-05 0.175493 0.0417309 0.0436219 9.9982E-05
9.9973E-05 0.672495 0.0475927 9.9973E-05 9.9973E-05 0.0817595 0.197853
0.0044282 0.0824903 0.139865 0.705996 0.00261509 9.9991E-05 0.0645049
9.99551E-05 9.99551E-05 0.172994 9.99551E-05 9.99551E-05 9.99551E-05 0.826506
9.9964E-05 9.9964E-05 0.0406953 0.0718897 9.9964E-05 9.9964E-05 0.887015
9.9964E-05 0.146587 9.9964E-05 9.9964E-05 0.0315592 9.9964E-05 0.821454
0.0874819 0.170792 0.0202418 9.9973E-05 9.9973E-05 9.9973E-05 0.721184
9.9991E-05 0.00149771 0.0679455 0.110968 0.015243 0.105958 0.698287
0.0549539 0.179965 0.227393 0.536914 0.000574349 9.9982E-05 9.9982E-05
9.9973E-05 9.9973E-05 0.196337 0.674748 0.00809376 9.9973E-05 0.120521
0.358816 9.9964E-05 0.00632339 9.9964E-05 9.9964E-05 0.634461 9.9964E-05
0.766568 0.0755351 0.0368976 9.9991E-05 0.0429854 0.0271996 0.050714
0.772893 9.9982E-05 9.9982E-05 0.07917 0.017199 0.0886346 0.0419038
0.674643 9.9973E-05 0.255192 0.0206505 9.9973E-05 9.9973E-05 0.0492152
0.701719 9.9982E-05 0.0735282 0.032122 0.0393022 0.153128 9.9982E-05
0.646697 0.00984853 9.9982E-05 9.9982E-05 0.00610065 0.196376 0.140778
0.837235 9.9973E-05 0.0219919 0.105056 9.9973E-05 0.0354171 9.9973E-05
0.509142 9.9973E-05 0.0283247 9.9973E-05 9.9973E-05 0.372009 0.0902244
0.673646 0.00324841 0.104686 0.022231 9.9991E-05 0.168903 0.0271857
0.481053 9.9991E-05 0.00483824 0.0230907 0.00749853 0.403856 0.0795639
0.85453 0.00687384 0.0711547 0.0314468 0.0357946 9.9982E-05 9.9982E-05
0.685901 0.032302 9.9991E-05 0.0444036 0.0334826 0.085347 0.118464
0.638163 0.0344808 0.0785343 0.066174 0.0278587 0.12351 0.0312783
0.624109 0.0225155 9.9973E-05 9.9973E-05 9.9973E-05 0.287024 0.0660511
0.5761 9.9982E-05 0.132951 0.0173259 0.0319084 0.241515 9.9982E-05
0.910399 9.9964E-05 9.9964E-05 0.0733517 0.0158491 9.9964E-05 9.9964E-05
0.746292 9.9991E-05 0.0567427 0.0117639 0.0184119 0.130629 0.0360603
0.128704 0.0401529 0.757873 0.044343 9.9982E-05 9.9982E-05 0.0287273
9.9973E-05 0.108634 0.835126 0.0534999 0.00243996 9.9973E-05 9.9973E-05
0.848422 9.9973E-05 0.0761224 0.0607793 9.9973E-05 0.0143768 9.9973E-05
0.356215 0.0627442 9.9982E-05 0.165054 0.021693 0.394094 9.9982E-05
9.995E-05 9.995E-05 9.995E-05 9.995E-05 9.995E-05 0.9994 9.995E-05
9.9973E-05 0.0891538 0.665624 0.0538091 9.9973E-05 0.191113 9.9973E-05
0.0257235 0.062013 0.0620427 0.849921 9.9973E-05 9.9973E-05 9.9973E-05
0.00765952 0.150074 0.0494145 0.559035 0.0380143 9.9991E-05 0.195702
9.9973E-05 9.9973E-05 0.189931 0.421467 9.9973E-05 0.0369921 0.351309
9.9991E-05 0.282381 0.0806283 0.0384674 0.0089564 0.00688884 0.582578
0.0360163 0.0654696 0.166861 9.9973E-05 9.9973E-05 9.9973E-05 0.731353
9.9964E-05 0.143972 9.9964E-05 9.9964E-05 9.9964E-05 0.0771648 0.778463
0.0237546 0.177 0.00365043 0.117428 0.028878 9.9991E-05 0.649189
0.0400606 0.239715 9.9973E-05 9.9973E-05 0.0210896 9.9973E-05 0.698835
0.0691533 0.0402083 0.15955 9.9982E-05 0.0381387 9.9982E-05 0.69275
0.0721413 0.0593256 9.9982E-05 0.013684 0.0764938 9.9982E-05 0.778155
0.000410587 9.9982E-05 0.154024 0.777692 0.00494685 9.9982E-05 0.0627262
9.9982E-05 0.0380657 0.061103 0.753232 0.0658961 0.0815031 9.9982E-05
9.9982E-05 0.175253 0.0675003 0.617754 0.0391517 0.100141 9.9982E-05
0.0396162 9.99641E-05 0.214682 0.745302 9.99641E-05 9.99641E-05 9.99641E-05
9.9973E-05 0.121693 0.225509 0.650962 0.00153568 9.9973E-05 9.9973E-05
9.9973E-05 0.164052 0.358373 0.470922 9.9973E-05 0.00635337 9.9973E-05
9.9991E-05 0.612506 0.034542 0.165296 0.00871209 0.0486511 0.130193
9.9982E-05 0.819337 0.041847 9.9982E-05 0.0122506 0.0815298 0.0448354
0.0252045 0.927996 9.9964E-05 9.9964E-05 0.0463997 9.9964E-05 9.9964E-05
0.0908854 0.673333 0.108488 0.00910409 9.9982E-05 9.9982E-05 0.117989
0.0789619 0.803508 9.9973E-05 0.0903909 0.026839 9.9973E-05 9.9973E-05
0.105901 0.253649 9.9973E-05 9.9973E-05 0.126829 9.9973E-05 0.513321
0.14704 0.122506 0.0152533 9.9982E-05 0.0157667 0.699234 9.9982E-05
0.547789 9.9982E-05 0.0509628 9.9982E-05 0.0406192 0.266379 0.0940505
0.777888 0.0125178 0.1093 9.9982E-05 9.9982E-05 0.048133 0.0519607
0.617972 0.119934 0.0816747 0.0467122 0.0142333 0.11298 0.00649385
0.824665 9.9973E-05 9.9973E-05 0.0964907 0.0154183 9.9973E-05 0.0631263
0.0461857 0.563207 0.0970355 9.9991E-05 0.0197578 0.0870714 0.186643
0.000559302 0.427176 0.0945012 0.217876 0.0279719 9.9991E-05 0.231815
9.9973E-05 0.886787 9.9973E-05 0.0497509 0.0437719 9.9973E-05 0.0193901
9.9991E-05 0.361346 0.1443 0.256298 0.0275742 0.00610716 0.204274
