0.712546 0.00535905 0.138608 0.121407 0.0220797
0.763002 0.0158567 0.128492 0.0925497 9.9991E-05
0.59764 0.0393714 0.279376 0.063447 0.0201651
0.760899 0.0199219 0.0215744 0.185046 0.0125588
0.92923 0.0062964 9.9982E-05 9.9982E-05 0.0642733
0.855892 9.9982E-05 9.9982E-05 0.102347 0.0415616
0.678735 9.9991E-05 0.084065 0.212471 0.0246288
0.879219 0.0471918 0.00550947 0.0679795 9.9991E-05
0.634694 9.9991E-05 0.240303 0.0295116 0.095391
0.465446 0.0280893 0.17374 0.332625 9.9991E-05
0.251797 0.0593505 0.0596771 0.589784 0.0393912
0.460807 0.00962858 0.235794 0.283154 0.0106165
0.0333595 0.0444595 0.0778442 0.798987 0.0453498
0.424439 9.9991E-05 0.216222 0.327947 0.0312911
0.71345 0.0473046 0.169854 9.9991E-05 0.0692909
0.690699 0.0250557 0.131233 0.152912 9.9991E-05
0.647462 9.9982E-05 0.18336 0.168978 9.9982E-05
0.838747 0.0325987 0.124097 9.9991E-05 0.00445829
0.0159855 0.0605854 0.574287 0.214966 0.134176
0.0297006 9.9982E-05 0.733458 0.236641 9.9982E-05
0.187315 0.0164446 0.704158 0.0919828 9.9991E-05
0.019654 0.0172403 0.825902 0.101172 0.0360324
0.00375835 0.0516828 0.922928 0.00766356 0.0139668
0.109129 0.0389901 0.836653 9.9991E-05 0.0151283
0.188934 9.9982E-05 0.722407 0.0884582 9.9982E-05
0.0726949 9.9973E-05 0.927005 9.9973E-05 9.9973E-05
9.9982E-05 0.0399958 0.854211 9.9982E-05 0.105593
9.9991E-05 0.039467 0.898915 0.0147768 0.0467413
0.0462013 9.9982E-05 0.93737 9.9982E-05 0.0162288
0.0252506 0.00886993 0.880962 9.9991E-05 0.0848178
9.9991E-05 0.00438372 0.926764 0.0415847 0.0271674
0.0718616 0.0384781 0.874577 9.9991E-05 0.0149834
0.0806493 0.0792222 0.827902 0.00745704 0.00476931
0.444774 0.0570832 0.237233 0.26081 9.9991E-05
0.680797 0.0154866 0.263764 9.9991E-05 0.0398525
0.731931 9.9991E-05 0.144316 0.0116178 0.112035
0.703774 0.0280347 0.0345634 0.233528 9.9991E-05
0.422969 0.0279252 0.211008 0.26159 0.0765083
9.997E-05 0.9996 9.997E-05 9.997E-05 9.997E-05
9.9991E-05 0.0353136 0.739352 0.214847 0.0103874
0.72209 9.9982E-05 0.16591 9.9982E-05 0.1118
0.571966 9.9982E-05 0.219776 0.208058 9.9982E-05
0.3576 9.9991E-05 0.256048 0.297702 0.0885495
0.137411 0.0582108 0.0660805 0.608571 0.129726
9.9982E-05 0.0276419 0.00340893 0.968749 9.9982E-05
9.997E-05 0.9996 9.997E-05 9.997E-05 9.997E-05
0.529114 0.0571239 0.149438 0.264224 9.9991E-05
0.326411 9.9991E-05 0.160246 0.400929 0.112315
0.381062 0.0288099 0.382383 0.10579 0.101956
0.0149972 0.0281646 0.0239354 0.233107 0.699796
9.9991E-05 0.0131552 0.0764458 0.116279 0.79402
0.206729 9.9973E-05 9.9973E-05 9.9973E-05 0.792971
9.9991E-05 0.0683848 0.00797514 0.223199 0.700341
0.0554903 0.0660522 0.0608947 9.9991E-05 0.817463
9.9982E-05 9.9982E-05 0.113584 0.0888941 0.797322
0.266287 9.9973E-05 9.9973E-05 9.9973E-05 0.733413
0.0557489 0.00949288 0.0581343 0.0950885 0.781535
9.9991E-05 0.0236277 0.145675 0.00124873 0.829349
0.0785844 0.0600917 9.9991E-05 0.116378 0.744845
0.0929033 0.0329288 9.9991E-05 0.303383 0.570685
9.9982E-05 9.9982E-05 0.15036 0.0481856 0.801254
0.00209224 0.00697173 0.0519873 0.265829 0.67312
0.0109329 0.054838 9.9991E-05 0.611987 0.322142
0.184435 0.0377567 0.738989 9.9991E-05 0.038719
0.170928 0.0378089 0.755762 9.9991E-05 0.0354016
0.0690519 0.0208377 0.90991 9.9982E-05 9.9982E-05
0.108424 0.00879395 0.0533242 0.137317 0.69214
0.0287594 0.0671552 9.9991E-05 0.416027 0.487958
0.0924941 0.0052641 0.099868 0.0658831 0.736491
9.9982E-05 0.0590203 9.9982E-05 0.323137 0.617643
0.127 0.0337644 0.0204595 9.9991E-05 0.818676
0.182747 0.00340078 9.9991E-05 0.681763 0.13199
0.12975 9.9982E-05 9.9982E-05 0.830569 0.0394805
0.0489974 9.9991E-05 0.00847501 0.88219 0.0602372
9.9982E-05 0.0248023 9.9982E-05 0.971759 0.00323827
0.0217756 0.0356636 0.120351 0.817914 0.00429588
9.9973E-05 0.0179598 9.9973E-05 0.98174 9.9973E-05
0.0697237 0.0241108 0.103002 0.784778 0.0183849
0.120537 9.9982E-05 9.9982E-05 0.241336 0.637928
0.135731 0.0906166 9.9991E-05 0.317761 0.455792
9.9991E-05 0.0274391 0.11027 0.138777 0.723414
9.9991E-05 0.0534732 0.0650689 0.15984 0.721518
0.236114 0.0446761 9.9982E-05 9.9982E-05 0.719009
0.0692567 0.030195 0.714171 0.169609 0.0167682
0.110978 9.9991E-05 0.104128 0.508969 0.275825
0.0399353 9.9982E-05 9.9982E-05 0.816247 0.143617
9.997E-05 0.9996 9.997E-05 9.997E-05 9.997E-05
0.674559 9.9982E-05 0.169652 0.15559 9.9982E-05
0.704766 0.0268439 0.191898 0.0763921 9.9991E-05
0.476915 0.0402004 0.182619 0.300166 9.9991E-05
0.377348 0.0416851 0.265465 0.278092 0.0374099
0.753917 9.9991E-05 0.158223 0.00387531 0.0838854
9.9973E-05 9.9973E-05 9.9973E-05 0.838356 0.161344
0.107445 0.0408727 0.548106 0.301581 0.00199506
0.0942514 0.0849559 9.9991E-05 0.609968 0.210725
0.160523 0.0575678 0.295619 0.474948 0.0113421
0.792397 0.00874998 0.198653 9.9982E-05 9.9982E-05
0.668613 9.9982E-05 0.0351682 0.296018 9.9982E-05
0.553358 9.9982E-05 0.175454 0.270989 9.9982E-05
0.61978 0.0138017 0.0103441 0.330779 0.0252948
0.522909 0.00206078 9.9982E-05 0.47483 9.9982E-05
0.604959 0.0137886 0.116629 0.264524 9.9991E-05
0.0828667 0.0360408 0.0194867 0.645499 0.216107
0.12408 0.100855 0.0372265 0.575358 0.16248
0.0662242 0.0811499 9.9991E-05 0.660872 0.191654
0.143639 0.00734789 0.244 0.604914 9.9991E-05
0.209799 9.9991E-05 0.24172 0.420845 0.127536
0.414938 0.0142374 0.486046 0.00284068 0.0819379
0.247219 9.9973E-05 9.9973E-05 9.9973E-05 0.752481
0.0665398 0.0272486 0.0189231 0.175801 0.711487
0.0333135 0.0206706 0.120648 0.705283 0.120085
0.12103 0.029137 0.123369 0.587313 0.139151
0.0159165 0.0335222 0.334149 0.464506 0.151906
9.9973E-05 9.9973E-05 0.677647 0.322053 9.9973E-05
9.9991E-05 0.0361024 0.0448626 0.273956 0.644979
0.0726323 9.9991E-05 0.0185507 0.236681 0.672035
0.0965404 9.9991E-05 0.00122992 0.506716 0.395413
0.236603 0.0505758 0.480832 0.195589 0.0364001
0.691876 0.00315086 0.266179 9.9991E-05 0.0386942
0.774834 0.0260294 0.0424356 0.142181 0.0145198
0.816767 9.9982E-05 0.0681397 9.9982E-05 0.114893
0.505223 9.9982E-05 0.426565 0.0680125 9.9982E-05
0.702952 0.0227894 0.183332 0.0886337 0.00229286
0.758217 9.9991E-05 0.135147 0.0527552 0.0537808
0.904099 0.00318284 0.0240528 9.9991E-05 0.0685659
0.435311 9.9991E-05 0.394651 0.167375 0.00256317
0.689157 9.9991E-05 0.157935 0.122567 0.0302419
0.5829 0.0291411 0.189781 0.198078 9.9991E-05
0.654277 0.0158968 0.114599 0.215127 9.9991E-05
0.533919 0.00103918 0.322125 0.0428226 0.100094
0.733019 0.0465509 0.0349004 0.111302 0.074227
0.321485 0.0120015 0.294813 0.371601 9.9991E-05
0.871099 0.00193578 0.0789102 9.9991E-05 0.0479549
9.9973E-05 9.9973E-05 0.876728 0.122972 9.9973E-05
0.0069501 9.9982E-05 0.985186 0.00766375 9.9982E-05
0.029977 0.0148233 0.955 9.9982E-05 9.9982E-05
0.0762163 0.00708505 0.775844 0.079838 0.061017
0.0603543 0.0275169 0.814201 0.0502293 0.0476986
0.604339 0.015326 9.9991E-05 0.356607 0.0236282
0.645853 0.0338507 0.120494 0.199703 9.9991E-05
9.9973E-05 9.9973E-05 9.9973E-05 0.0989126 0.900788
0.0525727 0.0374538 0.0581831 0.0438998 0.807891
0.112286 0.00466551 9.9982E-05 9.9982E-05 0.882849
0.0610618 9.9991E-05 0.0658298 0.261956 0.611053
0.125712 0.025718 9.9982E-05 9.9982E-05 0.84837
9.9991E-05 0.0340173 0.178128 0.00682734 0.780927
0.0382144 0.0128936 9.9991E-05 0.0694276 0.879364
9.9982E-05 9.9982E-05 0.0681399 0.153125 0.778535
0.0584357 9.9991E-05 0.037952 0.0798998 0.823613
9.9982E-05 9.9982E-05 0.137876 0.0225606 0.839364
0.113377 0.058288 9.9991E-05 0.088136 0.740099
0.149713 0.0479365 0.0114225 0.0375854 0.753342
0.105208 0.024548 0.0474903 0.0567029 0.766051
0.0051776 0.00668731 0.108443 9.9991E-05 0.879592
0.0818765 0.017406 9.9991E-05 0.102289 0.798329
0.119419 0.0187276 9.9982E-05 9.9982E-05 0.861654
0.0697276 0.0270542 0.0437485 9.9991E-05 0.85937
0.0735729 0.00530265 0.0209151 0.765647 0.134562
0.0657516 9.9982E-05 0.0116299 0.922419 9.9982E-05
0.0759855 9.9982E-05 9.9982E-05 0.117945 0.80587
0.292426 0.0138856 9.9982E-05 9.9982E-05 0.693489
9.9982E-05 0.00342703 9.9982E-05 0.209329 0.787044
0.102735 9.9982E-05 9.9982E-05 0.750367 0.146698
0.95363 9.9982E-05 0.0147 9.9982E-05 0.0314697
0.720109 0.0364894 0.234241 9.9991E-05 0.00906131
0.303341 9.9982E-05 0.460594 0.235864 9.9982E-05
0.319692 9.9982E-05 0.559255 0.120853 9.9982E-05
9.9982E-05 0.0103351 0.849908 0.139557 9.9982E-05
9.9991E-05 0.00570977 0.878988 0.105316 0.00988658
0.121281 0.00433701 0.840465 0.0338165 9.9991E-05
0.0588667 0.0152588 0.813108 0.112666 9.9991E-05
0.00850306 0.0241087 0.765201 0.147707 0.0544806
0.102535 0.0329724 0.756428 9.9991E-05 0.107965
0.803553 0.0017666 0.119078 0.050431 0.0251712
0.791472 0.0565884 0.0338081 0.0656969 0.052435
0.783409 0.0535191 9.9991E-05 0.161856 0.00111539
0.741565 9.9973E-05 9.9973E-05 0.258135 9.9973E-05
0.833056 0.0275041 9.9982E-05 0.13924 9.9982E-05
0.631429 9.9982E-05 9.9982E-05 0.361284 0.00708774
0.527071 0.030606 0.19719 0.245033 9.9991E-05
0.571395 9.9991E-05 0.23333 0.0842667 0.110909
0.635939 0.05689 0.0926717 0.213065 0.00143514
0.545757 9.9991E-05 0.16389 0.222417 0.067836
0.671517 0.0508955 0.179107 0.019941 0.0785402
0.0688856 0.16047 0.623617 0.0737851 0.0732423
9.9991E-05 0.034824 0.0477056 0.211486 0.705884
9.9991E-05 0.0441075 0.0926625 0.101339 0.761791
9.9991E-05 0.0175123 0.0352484 0.0967876 0.850352
0.203101 9.9982E-05 9.9982E-05 0.110694 0.686006
0.156953 0.0306707 0.0290815 0.0114702 0.771824
0.383633 0.0525063 0.28718 0.169017 0.107664
0.484718 0.0414468 0.278878 0.194857 9.9991E-05
0.763758 0.0582006 0.166145 9.9991E-05 0.011796
0.45532 0.054547 0.285444 0.20459 9.9991E-05
