IBR/IBR_outputs/all.combrep_1/FireFreq_2000_2008_Total.Silt_Total.VRM_Total.WeatheringIndex_Total/FireFreq_2000_2008_Total.Silt_Total.VRM_Total.WeatheringIndex_Total.asc
NCOLS 160 
NROWS 95 
XLLCORNER 210004.651214014 
YLLCORNER 7350008.22228844 
CELLSIZE 4999.99999999997 
NODATA_value -9999 
[rows 63 to 83 of 95, columns 0 to 45 of 160]
-9999 -9999 -9999 -9999 -9999 39.4042441384762 39.3980099884563 39.3363430678573 34.6977152966349 32.1351032890101 33.2351087833059 33.7626195518149 40.5472584973962 39.7066197890951 44.8931428810489 96.6067100640036 258.229375110332 209.577976632314 280.909096865073 329.791214429787 193.389490392637 60.4139771854093 40.6633700843228 37.9364954594169 42.6661130719439 41.3605515380332 39.168212079459 39.244012688716 37.1671242082686 42.847462675084 46.5446973920977 41.7767620801589 38.7199888953006 31.529179459595 33.8052656323369 39.6942816635804 40.6162597931424 40.6617080583264 38.0542661924638 45.4176793456924 43.6420309965718 62.1269776591704 47.2087043289058 50.2855578340438 43.3705361936784 64.1329252961662
-9999 -9999 -9999 -9999 -9999 37.8417241618337 39.8539866250266 35.7750146817056 36.8109257518212 32.2724000301355 32.2812480980487 32.2274329635283 37.2453716778089 39.6788327189969 39.3717028314191 40.2005315526474 44.9750474610937 58.7519886530054 108.613360301763 96.2684695600017 47.3844680722613 42.5135558927088 42.1632553848406 36.1822674530163 39.0806435674422 37.4817846123423 35.0260839134079 36.8943077586447 37.9642024502244 38.7677297495694 43.0986988414122 41.1592303205098 35.951542148248 39.7974409132926 40.207115256027 40.7849203877139 40.7249185238312 40.7357464660726 50.3660959838652 43.3861597706402 45.3937284358998 42.8217823343008 49.5581055968477 59.8242233932117 57.5625688410551 82.3930228011215
-9999 -9999 -9999 -9999 -9999 37.0719261993958 35.6943440607264 38.231431515687 39.2809726089586 34.3007993644575 32.6583477364709 32.1743860229236 34.6859243586837 39.6887757106477 39.3834416731773 39.294267538628 39.3625388815657 39.3346444539623 39.7801878186033 39.7796084955807 39.5948342924998 40.7610936501838 33.442524248798 31.6785398045022 32.0385487548734 30.0097538615083 31.6981462897847 38.6085839078217 35.4547913801176 39.4176648074851 40.6511422675238 41.735444804604 40.85860093185 40.8676931599427 40.0095157269368 43.1513783042135 43.5524180034588 40.9006934196203 40.5459916560963 44.7248248748044 46.4058975394823 45.0968286840216 48.0169445791664 42.1590681518241 37.7455246054766 43.9999534699985
-9999 -9999 -9999 -9999 -9999 33.5603672044612 32.9893083632437 34.5267445188203 32.9841765985739 38.0814325774753 33.6201571591981 33.6272613396753 34.1287108377281 36.808387152421 39.5029063164885 39.4204079556737 39.3336391175744 39.3850258280356 39.5253427318635 37.8716240440605 36.24636643457 39.893026925309 34.1835798489962 32.3311277046228 33.6687179291026 31.4869090779267 34.267960342436 77.9003121087159 45.3549756405994 40.2755788355899 40.5721219128163 41.0461252511365 39.8557994996497 37.3334398579634 38.539511643801 45.2550925187665 43.9217202301296 41.4622434208957 42.4504723828138 38.3242523197382 38.5445706896664 49.0114304027214 48.2152883890635 47.9018994154894 41.3404771276586 45.8891804698674
-9999 -9999 -9999 -9999 -9999 34.7549553190138 32.431482803722 36.6642222895008 35.9032410945587 34.4246920226755 40.2768818098892 40.1902127835701 37.8347946613145 39.2530145832393 39.6803388581823 39.2349352068433 39.2413317714362 38.8952257698973 34.270062911419 32.2868771727447 35.3503705624611 40.0762862873648 36.1249716210587 39.2535196934748 33.8798814784264 34.7632780891032 37.472385026271 56.6178392234705 42.1927693101202 36.8650339480277 40.0295972246937 40.3474845825013 37.2960366921809 39.0437536411962 38.9417211589042 43.0881149298118 41.5605455448459 41.3688465439168 47.5309638373843 43.8253610402645 42.2579758776472 41.7175026362817 43.4169462349812 80.3807556134345 56.3060440003377 47.9326143171767
-9999 -9999 -9999 -9999 -9999 37.6279983853785 35.0357130005455 39.7450007427968 40.5553972205701 37.1497968266452 40.7306588537216 39.8256657416039 33.9306000437273 36.9441448405488 39.5899912717905 39.2677859315784 38.6830129291602 39.1297423105527 34.8033661574868 36.6405603818374 38.031257927334 42.4250930866286 40.7662196132545 44.3279876007365 37.9578978876987 37.1250542879581 42.7286613670436 40.2632503306727 38.6947745479194 34.3740692615875 36.2358016948915 41.286080160768 49.4954591518118 46.9023882873429 38.556675177478 40.143501435472 51.2229866739013 47.1165751289311 75.3040938294209 45.1714791609188 42.4885902292957 41.6487379017293 41.4729032088416 46.3880912563431 57.1783986806448 57.0232411263271
-9999 -9999 -9999 -9999 -9999 39.9609884433382 39.6635409299511 39.9389042370049 40.880563262956 40.6138064176499 40.2053732661876 40.3363757216707 38.1924439466505 35.866330095146 38.4635592107642 39.2156347620749 39.2783576888576 39.2440984134497 39.4747783877855 40.0129129166416 43.6712572857638 44.8928641472744 39.3204502186811 37.8631478196984 52.1294888072745 35.5429978591939 42.594132200623 39.2877501390724 37.1221891685397 36.522095172625 37.4795663745362 40.6156474706484 47.4498449457274 44.4609585255055 43.4204777973627 45.8301964275444 46.8586816905238 54.8769626705226 53.2746555635138 48.356241230682 43.9178112547986 42.1951954287336 41.2007179401018 40.9746207541834 44.2046981261017 53.8762721729345
-9999 -9999 -9999 -9999 -9999 39.320847342953 40.0241219989665 40.2747868040964 40.3539518415894 39.4681139401159 40.2309896801155 40.3765824459506 39.4858421650177 37.6441387135457 34.5406876982498 38.7041072499974 39.359451606979 39.6396087687844 40.2760605486104 39.9286064959092 43.0172870010623 45.3989396268344 40.5523590530397 36.3744403791151 55.9001714787166 54.53214127411 42.691093267971 39.6500999297002 35.3572981168794 34.4779706231423 40.8090959359478 40.1458564759523 41.1400620515227 46.3143130855348 42.3397140370788 42.0280533448151 42.1304740660571 43.8603673948518 47.1374609113744 49.9705480796291 43.3966721958704 44.4266365616567 41.8713759273279 41.0631768862082 41.5935729821507 49.5155742157456
-9999 -9999 -9999 -9999 -9999 39.8169088146124 40.2482090115618 40.5809589961077 40.4958221675619 39.3337621461069 39.8245890870893 40.1266647767429 39.6657323974658 35.917010606251 32.8328318835291 37.6117928464328 39.6898388823768 39.9888596338849 39.5268623360675 39.8065363840608 42.423600186046 43.1048447721223 43.6648854058642 42.371241077652 54.3412277867479 45.5920811597179 38.6582533516023 37.6724990487443 36.4622811457627 38.6422567321855 43.4453354304998 39.9419039992133 35.731923992532 41.0938295747899 43.2264227836496 41.7873076576249 41.9041741804051 42.897002439624 40.4882076075606 44.7088680740793 46.1970436632871 43.0342620342942 43.8023472590527 41.9121718791047 41.0713485897696 41.6019624601941
-9999 -9999 -9999 -9999 -9999 39.8232016457752 39.2693724506103 39.7806412854672 40.1155462749492 39.6787366321508 39.4160074516513 39.876622128805 40.0477450216829 34.7255759399804 31.8234690343388 38.1352069505189 39.0166602460957 38.8456686754681 39.1096707548778 37.5991097187625 35.9366430866821 41.2844475085124 42.7370991944501 39.9384501225365 42.6286050128266 39.4453594821578 36.1771726212403 38.8323547763824 38.4426690337052 36.635074687319 43.4931640039121 43.024531203636 40.5129313097556 40.9367163033672 46.0945705213965 59.0711294412872 44.81340481978 40.9437607699628 41.0639580899338 53.7930088895955 49.3563250055792 46.4303662418256 43.6609893838621 42.7169953834219 41.2144705457904 41.0898858399581
-9999 -9999 -9999 -9999 -9999 35.0564573405047 38.6982920045254 39.3141360595579 39.3040842797674 39.3113370038442 39.823600202985 39.5318339876432 39.9049310513397 36.2347630970562 36.052391814915 38.4134188006227 39.308174417307 38.5666168092392 39.9297362394921 39.0674261699165 38.4861500826203 40.0831861492842 45.0960913182629 50.4664462892985 40.8963612632266 36.9708028442864 39.213552339004 40.0274153191821 41.3416615143857 44.3453017380869 48.5616343113907 48.9594342865893 45.9491537601488 40.9046689619014 43.9357803405387 74.68487473326 69.3468758546378 39.1435679238692 40.5208678816305 52.6952168547735 56.514577645842 47.4871550126831 41.9985687919283 41.2525363500799 42.0643819176301 44.5605819279558
-9999 -9999 -9999 -9999 -9999 39.2528611837542 39.2512137704739 39.2878996195482 39.5639066493238 36.147863494732 38.9590015334148 39.734445861708 39.6839146711667 39.4623311255977 38.965462640545 37.7126619421576 38.4960343425959 38.5878850582795 36.4061088226922 36.2309230426655 39.4431416424898 39.1867626530284 36.5717160679088 43.7985825372241 39.0273767419327 38.4474175642169 40.0839108244386 42.2382736195545 42.3010127680395 43.7858196125031 46.9793357864282 48.7741496069576 46.5600772746991 42.3790346681393 38.0433251437478 75.631377195245 53.2039781538171 45.5583566147115 40.2579746888271 47.4203169609643 60.6242319745969 74.9474380784582 52.4635132605087 41.8203589024485 41.3958239018823 41.9057414153923
-9999 -9999 -9999 -9999 -9999 38.1518558802498 38.4397324637816 37.9484661437968 40.5793070278644 39.6459086885937 39.3455552577713 39.7839805300056 39.2333572444426 37.309695336753 37.0066849449796 36.4442394726171 36.3494780850221 35.192885753377 36.5443367339738 33.0024451573742 32.5353719145261 37.8934427275602 36.644314748984 38.613970570401 41.4295910985998 41.1609235874376 43.4928527604402 43.9406009805752 43.3773181620922 42.222036054388 44.2518580382813 44.1396668644496 40.1078816431779 44.8888730813006 44.6029866841642 67.8377486935816 62.4457872002834 49.7459047480151 54.7403235198014 40.5222789426255 45.8038996386762 70.5551134327015 76.603324887763 47.5574104440102 41.5453926788152 41.2791145690829
-9999 -9999 -9999 -9999 -9999 39.7363456181919 37.397553366399 39.7452705695212 39.8786025462983 39.4549348357101 39.3472924940217 39.7713909540204 38.1313941853509 31.9060866626804 36.3928440918846 38.0688537613059 37.5020896070128 33.3825276036111 37.597297734889 37.4591425360577 37.2121048279007 39.6892919646471 39.8972898355145 40.3828673582846 41.8909574370565 42.9158377591779 42.8517374939733 43.6247266189485 44.2275155673197 41.8229026690494 42.5130609880892 44.60152600628 40.5376051406175 53.1754310989737 46.9302231510621 58.9776011310984 69.4131670335684 54.5799676862862 65.1891480831916 45.5019411795376 41.5361116012244 47.3087800823235 78.4404161080191 71.7158196506936 47.2945387563668 42.2157830653935
-9999 -9999 -9999 -9999 -9999 39.2620313678079 39.4518389758411 39.5548908335288 39.4580994789548 39.4938566481395 37.8182591199107 34.1424094941912 32.5641278075284 35.145715490318 35.7975480474373 38.4888150772781 39.5285149762785 32.7417405664372 35.163050821359 37.1403759078182 35.8563635808046 36.5241063243611 35.8853478718935 38.5797836327023 41.9044629960048 42.6253705345367 42.0878543297074 41.4365412808794 44.2880755628118 41.7378115836893 41.2609880880434 42.2100428930629 41.7733231730753 53.0026136885658 59.5518880999764 62.2207799824427 72.3447760694438 83.15681949783 77.6253654110682 55.7624677841373 46.745392899366 72.6526398685604 67.7656449775077 68.8994312039662 49.7487230761132 44.7030172075431
-9999 -9999 -9999 -9999 -9999 37.8358109431049 39.214514284147 38.4728757891325 34.9173179690755 39.0310706556113 39.3586521526977 38.319729659086 37.0148557937499 39.0400384905268 39.3121321109443 35.3080482970277 35.4517180179676 38.8044446448169 38.8422660656435 38.3240888956846 34.6480518160409 36.0072149440553 33.8070741127812 32.7444480637028 41.7072256402976 41.8836553321485 42.1142170776786 43.0817716601001 41.5289038138304 41.7595750605777 41.0337367852029 42.2332674338819 43.1971632775091 52.916186857895 62.4288146455365 66.9019689920309 51.8494743055633 68.022265224694 63.0206322070312 67.8769547598095 54.6595350616636 49.7709631811468 59.3150120370153 66.2893468069012 60.6970584247849 47.6009978865226
-9999 -9999 -9999 -9999 -9999 33.6244133026173 39.0126150343781 39.2866617824672 39.2558865234964 38.1394913235827 39.2702657119618 39.4287407678218 39.8409761628623 39.7124534861476 39.308196948517 39.2438828290314 36.9565400033262 39.1070609667905 38.4454976826974 36.5928248747553 37.1096019756048 38.477548088175 40.1228779738906 37.6986627176799 40.6576604917904 40.619323207229 41.0000865579446 41.2515003120182 41.6432995614323 42.8410193166656 40.5108089127626 41.0468438535532 43.0118397918559 46.8198070008779 61.7506040133084 58.2137055839427 52.353777606612 62.1514129219841 54.6379940932663 52.7237318352209 79.8727466392261 49.4899577857379 50.0816946988151 49.5024292870887 66.0576857434495 54.2272693615331
-9999 -9999 -9999 -9999 -9999 -9999 36.770779863344 39.702934775804 39.6021826750072 38.4866891970419 38.5261349710348 39.2896583847189 39.3442793705309 34.9138629042599 34.8302021597398 37.1096533071506 37.5908774429856 34.6746903329927 39.4777144021388 36.7021469468413 35.0122216192397 35.3084047828438 38.9608520646776 39.4693966353718 38.6300470411693 39.5324740933049 39.5961578981835 39.6234481896559 40.9482166168047 44.2225052315413 43.1269298896212 41.0594204406163 44.222649618716 44.6815929412255 48.5148729310107 56.7705947242777 55.5949859431255 49.6308973453877 46.79490427893 47.5689897575366 60.4513911224126 51.3648383067132 46.061197209042 43.6360952429029 63.4265301143732 64.6572198560677
-9999 -9999 -9999 -9999 -9999 -9999 -9999 39.6289171771083 39.6546637053972 39.0267249760088 39.4377724178464 39.4341520985013 39.3577228591307 39.572484507897 39.7290835423808 36.4072397956501 37.0886464712488 39.4503360465071 38.5043116279338 39.1226606280325 35.2500487720261 34.0533858101135 34.1350634797243 37.0284344034818 40.406640901478 39.6334511499742 37.9068234429319 35.926682596624 39.7490672027011 41.6049785404297 44.4264942946294 44.2443897247522 48.9862010919008 47.1535400381796 47.4384993518443 64.7898910799063 60.5194218628947 59.6169795149298 45.6483457419225 49.9168115040079 57.1240135743807 56.6547518748351 47.4641851286952 42.4541455015951 44.982526131386 59.004191966342
-9999 -9999 -9999 -9999 -9999 -9999 -9999 -9999 40.5224343090859 40.6899795427137 39.9100842162017 39.4850137525522 39.3539194703664 39.5639596953194 40.5299971110893 39.9278177208466 38.4520861629001 39.165611063903 37.6086286209276 39.2268532099609 37.5443166930089 40.4874471979361 40.8800666879534 37.8463645509259 42.0181940223902 40.1708347776488 37.4781656337807 36.9087535894603 38.7594524063963 40.9095198076134 43.9505570253026 47.2062031558326 45.5330428547386 55.7114456504867 48.9185108003234 60.3578299728564 63.1682191817086 67.0929821246135 46.3624401155839 45.7197806085552 54.8555982100981 52.5039327877981 67.4535100232768 50.6650782488112 46.5418349412889 62.4543641647048
-9999 -9999 -9999 -9999 -9999 -9999 -9999 -9999 -9999 43.2828986016186 40.6469611849429 39.7323203142134 39.4571125310774 39.3403628310398 39.7079396534749 39.4752869255343 39.7987229491048 39.3990182972999 39.4010086168747 39.5144793208425 39.5250617718729 40.4588219510476 43.2157393013755 41.9004178537948 40.5911381810391 40.8555722894276 40.6481072587113 40.3769937922921 40.0325067402694 40.8225886765749 43.0570638494617 46.4944487429843 48.2952224993757 51.8513015099849 59.3542198531965 59.6563265401646 47.3591933367968 46.7384443873717 47.9036483915507 46.0366548052936 46.7136381524838 51.2830457709268 52.4722343804545 59.4545801970385 53.9097731117362 65.8585103918298
