IBR/IBR_outputs/all.combrep_1/FireFreq_2000_2008_Total.Silt_Total.VRM_Total.WeatheringIndex_Total/FireFreq_2000_2008_Total.Silt_Total.VRM_Total.WeatheringIndex_Total.asc
NCOLS 160 
NROWS 95 
XLLCORNER 210004.651214014 
YLLCORNER 7350008.22228844 
CELLSIZE 4999.99999999997 
NODATA_value -9999 
[rows 21 to 41 of 95, columns 92 to 137 of 160]
26.7723678198544 32.5233713965047 35.5571176184177 33.9331474157481 31.4921978868578 31.1981145131486 34.7196766813308 36.194789685595 32.1945761794634 26.126996332407 32.7355461415081 34.1251269834634 35.0373597602071 33.4472870279038 36.0225870962636 29.7347464728825 22.9665933930056 27.0771676810042 41.1656739841279 34.569057899508 36.6047835165132 27.9348893283014 25.029830371243 30.3680883171905 30.530180790763 33.106879887395 34.537654119366 36.0648178639611 38.4071737753744 40.5401861440061 36.1604894090039 34.087114924762 32.1772961528031 62.5888648642647 55.8995360172366 55.2283252773406 36.9245123894508 26.5697047163151 23.7145807689268 25.9199380273216 31.1196920339561 21.3753165737203 27.8019466744243 25.2015967768625 28.4530156877143 25.6468689824295
32.0269264729327 32.2057148824186 30.3760139863599 34.2954983986901 32.1246875400678 37.2989358931564 32.3720626599196 33.3481295167236 32.4750642528285 28.5225806751531 23.757237957565 21.7915834841317 34.8632174552202 39.9535396663518 35.4533021919398 25.0752658657379 23.2457085802559 22.8082387431159 27.6130940060218 34.7631072012182 38.2840754066222 32.6045480795092 27.3103082027221 26.4025959523055 27.2174519922351 32.529438304931 27.0386142570272 30.2222101718286 33.5366015196643 35.3610206332675 36.3954455427679 37.42118356299 40.4263484126564 56.774720417678 81.3398652304756 38.1417318684495 33.1724978749223 28.9051120905652 30.5696470338685 28.5746089850598 33.3530434514213 31.6476019264707 34.9912736608514 25.574862283568 24.7620650477966 27.9776204714256
31.8661335859279 29.230021372555 31.7273861001137 36.257379466466 40.9742624514689 36.8914616324017 34.7379986411282 31.8832259446248 31.3070426749465 31.1015097652978 24.5439966412725 28.4152212564675 32.3870388400002 37.3792467544775 36.9884600152991 29.5714284620704 21.638849198362 24.3372715011746 28.3828963790578 26.951086523976 33.6854138047954 34.8832985734376 28.6342633077718 25.2290400809496 26.6057591550502 25.0538081658933 24.3346341827618 24.8004128306689 25.3971817429273 32.7131404331577 33.8527272950558 38.0595433624149 41.6981719426081 56.8712583674565 52.0109516988884 40.6104904596846 41.6476485267072 40.467894366283 37.685019114102 35.7652733435838 37.05564462216 41.9028314049004 47.1366993833429 26.3095149701841 23.4865500024835 26.6039033012512
38.3987524023196 38.3691150128726 43.0694262836851 38.7012415052972 36.1879239332159 33.436955010057 33.8667357458756 36.251070281791 25.8425156785291 31.888145551427 30.972985115563 28.8808041736486 29.7404256234687 33.3171023501455 34.4607878935104 28.6092362609559 26.365877714611 29.1049765032028 39.307079267091 31.7925560190777 32.8816280480582 29.7404170682536 34.0911372348068 28.2249153281746 28.9921952057587 26.6372121880778 23.221686098876 22.8962734633843 26.4481239906708 29.744613098805 34.909695051874 41.8818214726564 54.1552947539564 49.7898915180179 39.1182105693097 38.3172641658578 37.73197978131 40.4399570984328 38.1759114807363 37.2101095055931 33.0701880215403 39.10994489498 43.7236806199619 52.0767612500806 35.8896346807948 23.3446921431615
34.3231018277346 33.7627889408918 35.9536636889291 34.6410724017238 35.2024548024343 32.0147940393347 33.6259981022487 34.545847122572 30.975517181999 31.0138935187412 31.5493020249704 27.0743133145618 28.3670595589899 31.9985065921512 32.963816298997 27.3006008116175 33.4739532079585 34.4492722739475 41.6388600363484 39.2225584104983 30.4353312759834 30.5471865135884 33.2404590953598 34.9706315759341 27.8886689871531 27.5139199310116 31.5821487711139 27.3928792950525 31.6558437253434 31.0528509116154 33.0336640610118 36.4493239180523 49.8041992013967 53.5700985445238 40.9755166986126 36.6271393889469 34.844629475661 35.2145848037199 34.9829838816761 35.1335884515282 33.8769755651489 33.9643419841806 48.0781984242585 42.1017128171329 37.7160288931776 40.8823230659432
35.5021415903432 32.6249304322878 32.956852698914 35.2336435388661 33.0973196091237 29.8386557111123 33.9779273152236 36.3152921775749 27.161393873826 24.6293265283319 25.0139893911178 25.5659112672667 32.8024599901503 26.8783669575476 30.5015196596887 29.1210944887723 40.025635911818 74.4104824824015 87.5078828412224 68.8050570358024 32.7360925833455 28.6172072983322 37.6830901608059 36.5312827220387 33.8969097465032 34.0566926720438 26.7828622137904 23.9044354084241 33.4527792764334 30.0971891088698 26.9105432102911 38.1439331877327 47.8251042002623 49.7519975337442 41.4900615657007 45.8968222905758 31.6137246471006 32.9447127969594 37.2030171623412 35.6281652703079 31.5913271340704 29.0290456297705 36.7650914390566 49.9990071118698 40.2789704309497 31.9906067889056
28.4512583179904 28.7538040869603 28.7527438194602 34.4850159893618 30.6757787871773 35.030337121168 34.3422164235794 38.1494188660806 31.211400046073 29.2271158582187 30.8424165811171 32.190428632678 34.7445546473201 29.6184906410964 31.516850820382 43.2949600342665 80.5782058235927 86.4949288386632 63.0878780622307 66.6893055131438 43.3748467787293 38.8961538060616 39.7921930251088 40.0302954060299 38.3535768906677 33.6019202813875 32.1612854396783 31.8422774110348 36.5017439998228 53.1570508430853 59.9861809099123 78.2261725621817 55.9823888138698 48.1038042874075 37.0183602103735 45.2141017804678 44.6532099234602 33.591460720254 38.5041963245469 35.2316397258883 33.2356412648896 32.6166989413798 36.4812458355188 46.3416022661992 47.6472322686737 34.7308526098355
34.0778253984082 35.5785964851921 31.6136855370053 30.2678507427856 33.511995619886 34.8163840998069 35.2309731378738 38.6672014134198 39.1137051598578 34.0139733523634 30.7104927965976 28.542939169031 33.4385092581611 32.8194339660005 35.6466525925243 52.2335201298939 43.8199705259942 44.4193422601931 45.9389310481069 31.1210683672081 44.2246854468486 50.4192895191691 74.4210218627672 83.7974627040764 65.2336236946205 55.2030713901095 41.2311825351378 39.3402797321241 27.976615036529 26.7483757987852 28.5421302533755 30.8915550026191 47.6583706350732 37.6312158014701 44.690457391217 36.7230372257228 41.2140459476911 37.1576419696398 38.1670915011297 35.6285281379552 39.6231721754151 40.5999498490343 41.1896946276445 47.4520789057182 40.9853865119402 34.9770985760568
35.5707324582439 34.8917364334911 25.1589030811379 28.2275061228851 32.2461773304398 34.0659173647986 39.6680345933144 39.8747750784911 37.7246747710413 50.5175959734911 41.4484678921298 37.3327610093017 31.5163981713059 32.9676881700332 35.6726020266229 44.4241418018962 67.9725940436924 74.4451586687926 52.8814869481507 52.895526750037 58.19978841693 54.4759240173334 67.3987557993021 41.940252216112 43.9826456457694 37.1506572687788 39.9192360307822 35.3493222860423 28.1713133741463 36.7472579261206 30.8485483382715 30.3747491575192 29.2242624009174 36.5528453651656 49.0414041968281 48.9982675845589 34.3753490957151 33.8321257994783 33.6004280119456 39.9850081243681 42.3474818194622 39.9427586185226 36.3633116889144 45.7658477557328 44.4090783702758 34.5995520494895
30.5821141655969 35.85341939163 27.0085892124909 31.9188761576553 32.833211836242 39.360439174605 37.6618560182199 38.892092560091 30.7379647048047 30.5695376081504 45.6870807621773 65.5623569031005 39.1576686587425 51.6521154591309 58.1630724550627 65.2552901178013 56.4533515255211 47.9593517414487 63.0620693179633 53.0898747159163 62.9327166665604 57.7163558239894 49.8679877270868 38.6483862930127 52.6125464267207 36.3133809590561 34.8019318309442 37.8950682048141 32.3742313796613 32.81534022886 32.4949027120466 35.6481074080188 29.4354218989381 28.7455398341456 40.2225999349658 52.7632874250981 38.0270243365592 30.996462374642 37.1047921502967 44.2843058531573 37.9107051479782 36.4814929421142 35.3173660366919 32.7405960708073 38.2925616689618 34.1794754486497
30.5218416097443 33.4736276028065 32.8911326223887 34.8579740517509 50.7651298645488 41.9365384117198 34.6942357868199 32.6857195242584 30.2567486814431 34.3604452852843 43.0108113966614 47.3179269008888 51.1841324305438 81.4557200072148 81.0873918858175 47.4932052155762 40.2189941975762 36.3878023145394 68.3145110149027 46.098005793722 50.4921470124595 64.787828603448 37.3353676252718 40.5667700341738 39.8000547695089 35.5363029810049 38.4340633682435 37.8080854601419 36.4454122301874 31.658128559563 32.6738934745948 30.6633429933827 26.9408828554338 30.3787401352286 29.5338950778928 41.4290487333242 36.6814641798748 30.993128319008 30.2074481197308 36.2313761210776 35.2095166676695 27.2769401657542 36.8212835817496 27.8058168912362 28.8735620468473 34.6187969666292
41.522934733476 36.2888911166617 26.7032795893203 32.3847223266953 47.6046150717006 36.9705602295192 32.997586176939 42.8314051693551 44.4608939131276 60.9542920648344 85.0525060199882 96.9852461383931 68.6907653861262 79.8769262015467 57.0670461097955 45.9566973940663 56.8755944825294 39.7940250917837 44.6756097796168 41.568035087867 45.856899421268 74.0523520858116 38.73063805668 39.3535309034117 36.6481771389266 33.7577612992284 38.5046503531598 37.6819155215707 37.1982849237169 34.8389121846052 34.9262489413742 32.554192513568 33.336739160948 28.0627350258333 27.1460832318669 31.4355422888135 35.15596969063 26.4066406735085 34.6425052870534 37.8261542228452 38.5420244399113 31.6772713309863 34.6633815897068 27.9624063428494 25.6369149927733 29.7870847668393
80.0490953386503 51.335186343051 26.5386013122303 28.4365135303924 36.5981594171044 40.5722788624742 41.3946382984107 57.2587214155319 69.7302952173712 73.3015581366532 49.3052166963934 61.1947588627131 79.2062609841468 85.7657398912137 58.5740950622722 48.814831332887 58.4369329517265 42.9814816227087 37.0424519921301 51.7310873371101 57.2041217138661 87.1843456852934 52.3351054858767 35.7102481658474 36.4746802493813 36.7697984287782 35.7618490223793 36.655736877513 36.3918684593505 32.906515376571 37.9310261195005 37.7832040035622 28.1239369082311 32.07715339545 27.8931836002235 24.9126545685129 38.1221120605209 36.1252863943321 36.2445740224091 37.4460882337354 45.7210826644715 41.2477542702598 40.3314842232622 37.3720427492537 32.2393729264682 29.7024716015749
74.9389212701742 36.4571540665662 30.7052136154853 32.2283294405353 39.809975980026 55.8312253181441 73.3604079035664 65.3203492872951 70.7389130843811 57.7436980136116 32.1141725969376 35.3650157399962 79.6322666602031 88.3964852578417 49.9870891544991 70.105192529218 51.2101972214628 35.4040545470338 40.9362508771202 48.4077507978925 40.4709300096081 56.9973762184556 56.4729272779478 38.0840498742672 32.6109492277362 31.6150923193151 33.5734135652173 34.2615868436027 33.6987593394961 34.674318417785 32.1638743792246 34.0021683917251 29.7426777411222 28.8340160298849 33.9168343524617 31.857493660448 48.5787837064224 34.9040763236099 36.8505893374351 39.7070770642544 47.8958290913715 50.5682496097992 56.5017706947291 55.8823648410942 42.3017101124853 36.3922910904964
43.4405440807061 31.7045485711621 36.2637698340461 32.0818218537917 32.8450906408731 25.7558005016668 52.7401276935425 57.009455220503 75.0262942819433 61.2966363509044 32.929684991598 40.7901611966302 81.1242336354575 65.5033437687682 88.0641063254335 73.5769141432294 68.1469100130564 61.0697344192408 46.887430803223 50.4483839324121 34.0785367628974 43.3378879707565 48.7376916238233 65.6887854169927 42.1417145659493 33.7303481095603 33.6671967488449 33.0204555541009 33.2264450391982 36.3104898121275 33.351457544831 26.4825561938775 28.7206237532486 25.1706931921954 23.588369343421 30.9679285675186 48.7736588273249 32.8312968377013 34.9561635417813 54.7323726122275 40.804457268858 38.2286070089305 57.7271694043519 52.114479797188 41.6997821071473 33.0215853552499
39.6743822929385 31.1106497493417 31.4524159983277 36.4280132936353 32.8880914201664 31.3433408191336 36.6632965056769 42.287431617811 77.743458409232 41.3076318830095 36.2564609552727 87.0236148784232 83.6583261226688 74.7237825564256 77.0592535757183 55.7134275450357 46.4652713415 42.1835428357916 45.2570356794755 34.0248933601766 36.0456262348493 41.0966034800342 42.7643535557112 43.8357080608447 48.794835792122 45.0443730006754 36.8087593991077 30.3286397599062 32.2744913674154 37.9330436872306 38.3344297821762 33.1322161070554 31.0762148701579 26.2690716364545 30.1610947427591 47.2195894471945 42.6184344160478 35.0932421973432 43.3306981248945 59.1142916056933 38.2844646458412 34.3177681195141 47.1148987481529 52.1177912341213 39.5996131566264 34.5689693270161
44.0549832602476 38.0652644271059 33.6042707045583 33.735044654187 32.7071395699648 33.5144246852893 41.7356078137065 38.6828529415027 54.5574029480424 44.1512594598251 58.1237984366258 91.5206593415293 86.1265722477357 82.367496415272 45.1900470613558 35.3382611043036 34.5074376409162 45.0549083783937 36.3264418322103 36.617421494546 56.8101206592641 49.5017602030498 46.5092456202272 44.2122764216737 41.2202133724624 47.9411288715755 41.6555437386682 33.0617460699939 26.8828272364988 35.466052587931 34.5007783233688 33.8631297941814 27.4538606773225 34.1542701499768 46.3524601124785 40.4938741987539 41.5660213096406 40.1941597831702 49.3666655332482 56.6829641510373 37.3945608217482 35.5998611765598 31.9983403643144 50.4038087084817 41.5983113237879 36.8383686730238
39.010068934432 35.1769585970061 37.0989319374169 34.0365492641323 31.8804753331682 28.5788446697368 32.6896656816124 32.3760866652397 36.5777207627144 59.5112595398047 61.7698712790202 56.2081832810748 74.6177648099631 44.6714424697851 37.0888281863523 34.3352287854555 34.4162483385591 33.4778380563799 41.7557727026441 39.1747581643926 51.485589371408 77.0145480522614 42.3450159896489 37.2091661417002 34.8000335600271 33.5394541565156 33.2332270131991 36.6027257344621 35.8444503861038 31.7449447766425 32.8453184758754 35.6311823043029 32.8681851281074 52.5716792341725 44.1944007776606 47.5312799450753 56.1682732197819 45.1653935432969 59.9651882246919 52.1447459430897 31.2992170774085 36.013937818318 32.5294320997329 34.8118382339437 32.1523894607759 32.2249026413414
31.5577289672125 30.7149562086963 32.1356393242835 31.9676978352825 29.4495379886428 24.9146017082144 34.1943220054254 34.0412863997816 46.0866361693245 78.8603008261618 59.3899450761976 47.9839878815325 74.8590276317384 41.0486080006591 33.3752751645117 35.110701647105 34.167131235965 35.6052551075748 41.0962126647208 38.9195796775478 53.9032298896358 71.3797627421627 43.3867135622129 35.106737580501 33.9764640344216 37.1663743337361 33.0309211068238 33.4703261305261 35.8094311907889 36.0059500536949 30.5207009170103 30.8556743280133 44.7332209222061 41.1208628234766 48.9967757776048 59.3010156884148 50.846621735846 40.9601808046497 61.340157923808 52.6535676674389 30.5821354515025 25.5444380062297 26.4748110371247 28.1030968753192 37.3332411210043 32.8477506801648
34.6669300376394 35.7440272544171 35.9689235682214 32.2246276601659 29.5106469751115 29.1850942104375 35.2108589252913 34.7396249114464 42.2138828447346 66.4120307951673 58.6077509592021 63.3952999054493 82.3545705773609 75.799090270352 36.2188062981216 36.3185541451586 38.0521162788467 38.5115595021049 39.9495310665644 27.1191547679466 37.8894532467971 64.0218527406658 44.8272176369428 34.2619320255896 33.731944946506 33.3835685945342 31.9436796290436 32.7907159803934 37.5062519560959 41.8697829579417 39.862228566066 48.4731392368349 56.115019884737 53.1801221635637 48.108859266744 47.8264574647149 53.2760764125752 60.9067569595667 44.7779152133188 35.1422440517098 32.9983466828227 31.0354856109205 29.1531263153632 32.1793428656397 34.7296687959778 38.1587557131572
30.9300415644304 28.7063525953305 32.2506166641034 33.130826160282 35.6490513704077 36.8298908679886 34.7210236366725 33.6817083469748 39.5211856556769 43.7168354404287 59.7324485156178 81.5962955578257 46.024105226708 97.5339767503864 40.1396507864385 33.658645319854 34.5844497209551 40.1315102711165 30.3765471345761 35.0339690341562 41.3508772682137 61.6905806138183 49.8089065703175 33.3608129346729 32.7888525901747 35.0281593866487 30.9091816268436 29.942390409003 46.1186843817732 59.6571235410415 42.8978355699444 48.2992823152725 61.5245379608005 40.8336473593094 52.151238057018 50.0504134932728 67.2947703838997 60.8373711174564 37.2680535939815 34.5822886214362 32.6702004014891 35.6160640495008 33.6986139233963 33.1457460178116 38.0355184463443 40.3366270020787
