IBR/IBR_outputs/all.combrep_1/FireFreq_2000_2008_Total.Silt_Total.VRM_Total.WeatheringIndex_Total/FireFreq_2000_2008_Total.Silt_Total.VRM_Total.WeatheringIndex_Total.asc
NCOLS 160 
NROWS 95 
XLLCORNER 210004.651214014 
YLLCORNER 7350008.22228844 
CELLSIZE 4999.99999999997 
NODATA_value -9999 
[rows 21 to 41 of 95, columns 46 to 91 of 160]
-9999 -9999 -9999 -9999 -9999 42.7635113723704 48.8092063600657 57.810960232904 -9999 -9999 -9999 41.8498722428942 46.5600162577858 41.7337036662324 44.0920597642561 44.968632452583 43.258773082077 -9999 -9999 -9999 -9999 -9999 -9999 -9999 -9999 -9999 -9999 -9999 39.429218175889 40.5152286524608 40.9359422438944 40.0564744239835 36.9527733254286 27.4072580841907 32.1267804389378 32.4498212265909 34.1125397858822 37.5207047619992 39.2852099910733 29.1840812890803 25.2441871972167 26.156337650585 28.7016400590942 34.9617140334086 33.6974995788461 28.649023089069
-9999 -9999 -9999 -9999 43.7950306188964 50.5904631969902 46.3105377371828 41.3639139530752 39.5961854018575 -9999 39.5372653291105 41.7402892461157 38.9829943806214 46.5027318879133 50.4417958550277 39.5999872789953 40.3273882631493 40.8344305367034 -9999 -9999 -9999 -9999 -9999 39.8358369818501 39.6839193134946 39.4574063412076 39.460677601792 40.0340065518356 39.4296498629659 39.8060739812899 35.6874262018502 36.98538416526 32.0615824329628 27.7506537870319 32.0911318914539 34.407388773586 29.7789804160348 34.9002797984742 33.4735993428618 27.5167117412116 27.8181110843741 23.3189075452008 27.7997650722285 31.0032907406623 32.2749999076629 31.6925312192962
-9999 -9999 39.5847555242117 39.9433450418784 40.0462827737441 39.2746181142016 40.2036033318039 48.11118499016 48.2901404082787 51.984911954559 39.908588801765 42.9184859524925 48.1574191291901 44.6334614736388 68.65423764713 45.2064355244543 41.5972779047331 40.034436549551 39.5076336513762 39.7152251897803 39.6560533807617 39.9347419593802 40.2563516376567 39.9862569407408 41.5111236247821 40.1567205213459 42.4926013524553 51.0549245281137 56.3175944760211 40.2941026581199 36.0245855612988 39.5499591615678 29.1270182726431 30.9354826594589 33.0548391502407 35.356924827274 30.5587275984338 31.4387648723774 30.7332677144134 37.7117554929435 34.7974881848353 24.5977303334967 31.3694709568293 30.7991187050803 23.9835663616721 32.7101524745521
-9999 40.1952833785066 40.8504135037991 46.8329564682839 43.3986898331625 46.140061863635 61.4072612624732 56.634500181491 49.0036811069169 52.4535745568469 99.8374355863601 70.9334837766696 50.0329546644534 63.0266822660066 54.6168732815458 76.3993003646681 52.494125503355 52.2148440682409 40.7813442919174 39.5366876871898 40.3547958075498 41.3889955602872 44.3776308219485 46.0624210677713 40.6903461359358 40.8786416048609 56.2048845890323 63.0810058444216 49.8940083270478 41.9364159735136 34.285650409339 24.9309820914093 25.1986874108674 33.9806596192176 35.2155567709892 35.8774856443236 31.6212512227994 33.4665124563189 35.4682770090129 38.4021489906679 33.2835706751665 30.0129874869684 30.5369732068381 29.7341827423818 26.9511153211369 31.9002557950486
40.2783734622031 43.8939417607118 89.6715760805893 132.416160088242 94.1151033379227 98.7881332639795 59.3149337725423 61.7831725530524 53.3694075341635 61.5957539092146 55.2197767224111 46.5390579436676 58.3411690509054 45.9361602524768 55.0247966735308 45.0855351871516 50.0110624399976 95.9772480169992 102.277981609701 46.668642591026 60.599591110152 65.0295658200869 146.415946666244 218.194063782197 53.1386288092987 31.063362034896 27.6419007735439 30.8811644471396 57.5820157194256 37.5122285836159 40.6906319847277 29.9712980444496 28.6887782948138 30.1473703470641 35.2105404576114 31.5777893922729 30.1033067692884 26.7578987729648 33.066264948592 37.0718178665944 36.4100174723128 35.6110158799523 29.1717729017222 34.1844730608717 26.423755936305 30.7733780576416
56.9959541464214 95.3899149280135 205.426629924933 58.9980542306266 45.2380013003402 52.594800319694 70.5525690942711 72.0270887061653 55.4603927726922 50.595039743828 44.9464947206337 44.7076446238862 39.9272477407907 45.4900836262357 59.1647300842625 50.4550441798551 68.881937712989 163.669964139541 149.510407112331 124.096472693109 280.718265332393 107.845966612351 158.692767930329 346.240036563461 84.9440461119667 94.4054692551216 46.4681342865827 29.226946297146 42.0187029897838 40.4028666438312 49.0472565208001 44.5756605078052 41.1169314199779 39.9638199699948 35.1927965639751 32.3828255459158 34.2468079234483 33.163695468592 33.1365102295084 37.8166203386899 35.2482701076073 32.9383642682256 29.4350875104793 25.7752763088927 32.3896187906064 31.0885025441405
63.8679528484986 123.763749056469 151.993167101161 70.9213202376222 39.3123873204327 45.8926330079464 58.9629488046251 67.1898796145565 64.7860112635682 59.5704864651493 52.8677950802621 47.8724956793736 47.8994735572566 56.7530119878684 55.5655487883301 71.3227420778329 66.0462585601806 60.4767596363792 57.8269534304581 111.419929148149 282.728008801034 98.362588342604 59.9565452809177 60.6831041664395 53.382182445959 92.667309687018 59.7436400352733 38.6774269319431 41.218461930055 45.3976385326677 44.8205440702967 33.2006046732887 33.376868418989 39.9884242924295 33.6604119022782 34.0037662956309 34.135577849764 35.4839709457505 30.9384481223219 34.4786479630361 36.4674060610472 31.1333179842467 28.4565861680656 27.7169382483086 26.7123896011953 34.0692226491115
60.811815270962 60.7118594863583 81.1543981448594 55.8199704862569 41.5627138821898 41.2144504587589 49.1808720014644 69.8127472085962 94.8982025416077 55.8099212697435 50.2834274979139 46.6569108454862 45.4328410889877 54.342238909687 64.8035207689392 59.3520573264282 49.9434676306449 44.3807736460358 51.0269248648547 54.6736071378872 49.9377309427579 80.4293563691206 49.7718890734979 43.6775212407102 44.8388334302554 46.964385316672 40.3606284714802 35.9849002684304 26.2719235652448 35.7820684184392 30.5386961970855 28.2444231892937 31.7529240625157 29.0570275237019 31.5875215710215 26.9164271014674 29.9565904206456 31.5611816520997 28.6002985054072 30.7133581507282 31.0049057201796 29.0261772958232 26.6613395894719 30.3998317302194 29.0762195747181 30.8102397650453
55.8926853656742 58.6102460931888 60.5832031817684 66.5268595194911 53.7901932300786 49.8873381046065 47.5686218649262 44.6447520668296 105.387539578659 53.8370890774443 44.7619117166095 47.5026200063727 47.1755132234832 51.8329503817849 64.3120995884467 51.1274902667417 47.9823549479417 50.8341114126764 52.4452761195119 56.9491526584507 56.2996021030146 57.0149086174684 56.0149197858293 54.0573741657996 45.9103310311198 44.1690443747991 33.8226607771002 31.2813551442988 26.5415137910259 49.5968048628105 36.1553084671569 32.6222241376027 26.217541938516 30.9268236841888 32.3516084161279 36.093802871658 32.7092608629518 35.0769656323325 26.7621331864467 24.6596157015537 35.2737150825916 29.5011576151477 25.67176243703 24.5758119427991 26.2974465535898 27.5768132936179
57.5159463727802 57.7147981033988 66.0444685896203 56.6496083112343 46.210295986082 47.5541161567979 48.6104257073106 40.0047749180867 72.2993194170066 73.4868878748568 52.4525157693135 47.1935032050253 48.6273700999028 60.3085890489771 63.0296912574841 47.1335091619369 54.8953597773987 69.3484655742612 68.4639708494153 70.2535992949299 100.035425982704 74.659462927327 70.8143369250909 53.1956406178636 44.7105386544919 38.3934609200105 31.620353537087 47.658020365891 36.1943416193594 74.2851224342857 39.0766085178554 31.0841638850304 28.0648678237035 44.4075020198034 36.3889408986594 45.7310696925867 36.1205466027022 32.8450207375431 30.6737247734582 28.7778358609411 30.4317282922623 41.4934497792825 45.7370957314896 37.4290858888546 28.5266084616409 32.0856415890603
50.5156716550045 59.6487096310353 62.7287859876807 58.9698569970856 63.6198303985789 52.6375346001351 54.1850442218007 61.8002484903982 54.7825121399844 48.2168073798798 56.6554852827721 46.7556012497735 56.7545785639216 76.9887171947256 56.2988613450744 42.9217424129661 76.326495061926 71.6649273777982 77.8039957741658 90.5041095199704 76.4433819551706 44.4437100181935 61.5779828546333 49.0815237188508 52.1326833195171 43.1463164875226 36.0267526062843 39.3398089215209 47.0213158219563 49.9313225309044 40.7279071825625 26.1307786693978 29.7814033115184 39.2213412243608 40.3589751139267 47.8556171028559 46.8906705520053 33.6051947157868 30.8323867045143 25.2396666335144 27.2538600742246 30.3880897044074 48.3428376257305 39.1991732265659 34.5517168528231 28.1124228232534
42.9026878631684 55.389347679054 63.1338969144219 72.3830596760742 64.0020991852892 75.7687707620018 55.8752164635915 56.2998804855522 48.3819256522601 50.7898201280812 51.6168431482043 47.201961414167 58.0576049437454 82.2165545590161 50.9826402080346 51.7235607070347 61.1294820024066 65.2975346351273 54.4128537015342 78.9132361239948 81.718187005314 59.8132125541533 36.2530978469621 40.8649225322863 57.5866479458407 62.6253697075407 54.7141308678469 36.4731258392723 37.4992263550503 28.9008121801933 28.1580763036104 30.7814195724252 31.9442099064241 29.8885824032254 38.3012766766535 57.552235554092 45.0129129570323 58.4108092928222 38.9249711958197 44.4648251797182 51.3922595112076 57.6933517459958 38.0172217811031 31.0675828288923 36.6621944495204 28.745038563603
41.6697542361472 63.7858628282721 58.7395467910987 61.5381923916772 63.3593876534209 63.1780771687541 58.1544319028721 57.1339190342327 53.1681473158526 52.6036176055407 46.5275669741077 54.1591363889754 47.6248696608101 44.1593465622382 41.6232574585826 47.1043732283338 50.7338404270404 66.1422714575571 71.7370562136536 74.4582022606652 74.6787942694543 90.9177249303115 45.4634989491814 41.1337567692969 63.7279603073839 69.541560226034 69.7097744058355 42.0884684474451 38.6419566291096 32.8350778996499 23.6094316956051 33.4284544856911 26.0230987776684 28.988979130288 39.0565618871699 80.0052050511037 52.3728718455623 60.5545104030753 44.7213976286451 37.3939239682581 60.0478730723914 36.6836573968825 31.6296879517476 28.1288615709104 34.163042846262 32.1348889282481
40.9450363581696 44.956462505898 55.9299128695371 63.4719390456759 59.7212716573552 81.1770235659635 106.041444506977 58.1593838681255 52.1756748837515 53.1136952681629 41.81117998044 39.3790251682565 56.751464773994 41.6674113092881 58.4004698097008 61.140230033031 49.0613488933383 77.5278149051788 58.4792123801502 170.890845499637 184.756504958619 75.7584184952539 79.8148263217337 40.1833866627676 64.8529439279889 76.4168051827433 77.841990858912 118.777724399207 63.2947157895367 39.5210901680987 27.9779268900318 26.8090844474331 32.0365011552295 32.8479693412297 47.1757297426449 56.0133954870618 46.7173247590601 64.2494120260859 38.4999690133321 33.3532673289046 31.5902326574034 35.3812445486433 29.8994644300048 29.0870028499215 36.0111055999353 55.5726189588793
43.1253541163117 42.2385925483033 49.4582188989441 49.63878443093 60.7250121295941 56.1438255756127 51.3518141702526 69.6397338023834 70.6805457842436 65.8969808198934 68.2617954191324 71.4510806135254 65.8475004253776 60.5198349962266 62.4801205459907 70.8693699289137 76.8218162681037 81.2047450107398 253.135489214184 214.445047818914 243.550415371609 72.8280050647665 69.8211338342701 58.3982074430669 46.0757570440393 52.733340646423 73.4694293980153 83.8433656518492 244.493421585719 57.2205741933421 37.0829681899067 31.5588837985966 45.4261899040763 44.2160604248004 40.9555731983273 50.6549993331062 60.1341523723594 38.2990238924064 33.1966597759836 34.4589910117156 34.7700773366949 35.7827295924479 32.0986546550979 34.0359111711287 33.1454215155265 54.1959473746152
44.7534459438809 46.6809780178773 43.7510333435983 46.8394030615721 53.5905936118053 73.7237567941098 66.5199141033704 70.0364587929861 62.2670288466643 74.6096553378925 93.5006128275118 61.3855324493424 75.6579397764697 66.808715677195 69.895354899285 77.4453624427947 66.0452183220541 64.7524856631624 273.517989724856 146.602055639987 172.602890028464 70.6647952092553 64.2295747031943 65.9061565391877 58.9528673853065 57.3101990618986 63.2941221254576 67.9969109723043 100.678532023646 89.8579477638853 55.7693650469937 56.7780370343124 63.1516652378588 48.6356114690649 81.9255418403891 78.6531582434511 55.0436458084425 37.4270506270112 31.9557302771035 30.6739980229779 31.967795741245 35.4312173695889 36.4916640105218 36.0598143832526 34.4533544693039 37.0885799735344
52.3188203933969 55.5749992431438 55.435950837767 49.2421563597663 41.8335174764495 65.7991613015318 94.5233078564422 142.548332101792 164.642062853866 160.048247023277 230.571879008519 195.676341033466 148.204416303478 85.7842154545 89.2402436248823 84.7065727108814 60.7321974567153 67.7572472088687 71.3612320073717 74.3241452155624 76.6696346825258 72.0528397775783 66.9217250855446 62.1262659386065 59.9202186282103 63.5194403621892 65.3551333933887 59.4779482367074 49.1661778246305 61.5997276790533 55.9727499934373 61.3194258453019 75.959491464523 37.8444279583452 49.7764188020712 44.6187042348087 40.9153138397019 39.2320495836547 24.3007165851629 31.1159754566622 32.0822150432142 38.0881245219056 36.8649800417729 39.9284165969092 48.1503016705937 37.9295970520568
63.5764279265163 71.3595081698768 76.5250424705536 72.0043712352337 85.8823968777861 154.195340863304 195.299189306455 326.492532125812 351.780219764319 325.972505507465 299.553657973024 284.626421313682 210.859001554239 160.2552252325 129.057484074528 78.9422630527275 79.470154742262 66.1468844719489 79.8566614208868 65.5507831958262 87.9093787331805 66.3233973845463 66.3825654187169 53.05043807316 68.5108327000502 77.1556341371395 59.6517454678821 65.883014252219 66.7931336165173 73.1320278942075 71.0391417458817 50.2612176001061 56.0471174398118 48.3726495655392 39.7885540436736 39.221891476753 61.1148189883564 79.265141493163 34.8853404722122 31.1211573871205 31.3900865905282 36.0202767753498 35.2307725819086 38.7332965233427 36.0049954471711 37.2442423955974
51.842322782602 65.2029563798134 65.3655073641096 58.3288627098263 56.0902041286536 71.7247639668637 136.983538737908 59.1174619918334 128.201442789532 199.492220925581 199.912288783555 183.104636400001 167.730829782834 102.055372334819 87.1077911402681 62.2603614923695 70.580636335069 89.3130695162326 88.2607099882278 80.9137147053181 87.2214781782699 98.8920169909985 74.7800182190683 55.6100711542688 52.9044714777974 70.6654833756385 56.339287485092 80.4458953255856 80.7281513841045 78.2400046194634 82.1692152450935 91.9640938417164 79.4900499598063 66.7625903982474 57.7412224229919 62.1754913549945 51.9893808113554 45.1764690847567 39.2859175259657 31.9491219732294 30.1828826240108 31.6608630324497 33.7921977904982 38.7440024935248 36.2555910481836 33.1547657522467
49.1681286979127 48.9427003024425 91.1027303860105 55.0338227893871 56.4965443696036 58.2735892568027 54.5091888103884 66.6657546675463 84.2927646978786 54.0709957223468 44.1506671014195 41.0857592385199 47.1370265286061 42.3334576739747 41.9005642641171 40.5407587372225 44.5278867089361 55.0530190886022 55.7840546770035 41.6854936758521 36.1789901079741 46.0029645089218 57.9226293597922 77.7720672785389 60.4789066820699 66.1533697495028 62.1205106979577 70.1304087062898 78.0540617179875 63.7809663376544 70.0788301300115 80.4245392103147 64.7414445292033 67.3937865406147 59.2137413879484 83.2525577119045 81.5318544179742 58.2260462321813 36.1862108872956 35.0978925867716 33.0923913768097 30.8945128985332 36.7165040417816 38.148788714962 34.12626372813 34.565204737911
65.950193131629 46.2565511376534 50.7140959307004 55.7507318662373 59.1088934313079 59.3995052482968 48.1173561225816 45.6801944198134 49.3453481463026 48.4960403748591 58.9632375153878 47.1665112734845 36.4561793694627 35.460169748714 36.6583078489058 36.9756314922605 39.5150366655685 41.7516661919409 38.8429070108577 36.3754513460563 40.0445330129373 39.8555901378186 45.1897539584437 57.2645497365683 70.4177159791185 67.2938264772613 57.5171812161126 59.9248816839131 55.6473253402686 65.6778574426652 70.7869344194013 76.4745946882247 48.7656284749611 60.9776152374189 64.7092373770055 54.5820500836695 82.139915468307 57.3317785072013 41.097432816324 35.2008756125471 32.1348231664649 31.8988987301041 33.9437718326418 34.0723623884268 35.3693516678358 33.3937582501037
