IBR/IBR_outputs/all.combrep_1/FireFreq_2000_2008_Total.Silt_Total.VRM_Total.WeatheringIndex_Total/FireFreq_2000_2008_Total.Silt_Total.VRM_Total.WeatheringIndex_Total.asc
NCOLS 160 
NROWS 95 
XLLCORNER 210004.651214014 
YLLCORNER 7350008.22228844 
CELLSIZE 4999.99999999997 
NODATA_value -9999 
[rows 42 to 62 of 95, columns 0 to 45 of 160]
-9999 -9999 -9999 -9999 -9999 -9999 -9999 -9999 -9999 -9999 -9999 -9999 -9999 -9999 -9999 -9999 -9999 -9999 -9999 -9999 -9999 39.3072267654085 40.1298876630467 39.6563602068736 39.72931580123 39.262756641727 39.2323538257429 32.2137559065194 34.3194034150466 28.9543681204315 30.3699268560514 35.289079624148 48.7700308995996 64.7567486091516 45.7450471421973 39.0631223387025 37.6760288200562 39.0836930690452 43.0079550765453 51.2424208991644 45.0864267354881 42.8635274050245 39.5399882712503 40.5530174619734 38.1780900492747 48.4993584921512
-9999 -9999 -9999 -9999 -9999 -9999 -9999 -9999 -9999 -9999 -9999 -9999 -9999 -9999 -9999 -9999 -9999 -9999 40.7903401054366 40.2206079047571 39.4978381509808 40.0027697957939 39.5723839356178 39.8712803959908 41.591305067264 39.5343030404714 38.206384579068 30.4824324569722 30.1535011340464 28.2104819382387 28.8976954992436 35.138592494026 43.0418924517724 43.1394417218233 38.5579135336236 39.8522956327075 36.7914113016923 41.0518581925051 47.5738694457098 49.6657250310421 44.1590235267169 43.7616320658652 39.8350591240034 43.0309717546345 40.0690709981917 51.1786212788487
-9999 -9999 -9999 -9999 -9999 -9999 -9999 -9999 -9999 -9999 -9999 -9999 -9999 -9999 -9999 39.6146029195498 39.5424129584225 40.0446050609049 39.867974514984 39.9321859805388 39.851888043807 40.0630323627327 39.4015325325505 44.2255345808503 44.8162789558043 41.4483354332428 34.5178162148846 31.6291827829319 30.5246224760246 36.6497377238741 36.6949796540412 36.2476172049739 56.5152367906413 40.1913255870172 35.359293368398 37.6750695204326 43.3813761525654 53.9718844169746 54.9788218067354 41.0310767265881 43.1461943434646 46.1521319894954 42.8843462534388 47.2465168736351 43.1293018632425 46.5460017232615
-9999 -9999 -9999 -9999 -9999 -9999 -9999 -9999 -9999 -9999 -9999 -9999 -9999 42.9949656872644 39.8848153344144 39.3593025468185 39.6517926220327 39.7631471048055 40.7677130925878 40.4314373489566 40.0010783182416 39.5144955962981 39.6423742831527 43.2510782709836 66.2754527714377 59.6676107000859 33.3387802211987 32.8445502930271 35.5311667312376 38.6322006271478 46.2783716533964 39.6721332584485 35.2735756752216 38.6184721002097 34.6859678591204 36.4204038699214 44.4417672446674 47.0098551381192 43.8551026113528 48.1546162661575 56.4013924681977 39.8371511959743 46.6326571530333 41.0866067494208 39.52305011467 41.2391592946931
-9999 -9999 -9999 -9999 -9999 -9999 -9999 -9999 -9999 -9999 -9999 -9999 40.5508432690952 39.713660253551 36.8374796180221 35.4066990109535 39.5960870651592 39.8513622656595 40.3481512805087 39.6521049690961 36.8422720735726 37.3297665629023 38.4467219851759 42.0666040871784 58.2979258780248 58.2775687090812 34.1268860585573 28.4966496955979 40.2869213029744 43.3309628253425 46.3932115192533 45.5605004679992 36.5885309677698 37.9097765955424 36.319820137521 36.2313762207307 40.1381582048609 55.018391532869 43.5860372654557 40.3828575028369 55.1146762359924 56.4845310756793 46.6125596714497 46.7359477541578 43.2663038947586 44.8399774944303
-9999 -9999 -9999 -9999 -9999 -9999 -9999 -9999 -9999 -9999 40.4877344845281 39.623494938894 39.6493097641834 39.3461895788451 37.3632945654515 32.7111333142627 43.7288083773524 40.2428011091482 39.4597753316815 38.3434229863035 37.0879351872069 39.0030750589423 37.2236636312649 39.2523510634099 42.2024439699283 52.1679898376573 34.7670770529067 32.8137365418994 27.2543532375484 42.8554928177495 45.2498514579523 46.1361581269382 36.7853479391958 37.668593893665 39.7365707581981 35.3927909758863 36.204002971287 45.5704731568183 41.0808208128126 35.6981311178228 48.6924203681632 71.3831464004536 67.9425443823086 47.6071233975311 35.7957623887919 40.7982008580122
-9999 -9999 -9999 -9999 -9999 -9999 -9999 -9999 -9999 40.0343505154543 39.4035166281217 39.3407897205097 39.3522888951085 39.4666494590878 38.8572884949723 43.5971727918986 66.5349409635433 60.7677412340185 39.7998056241007 38.573037467841 35.6863994552109 39.2944960202274 39.2100204557869 39.226009193773 39.3123606040801 42.3227369487674 37.7515001603195 30.0549234072565 26.9549820034401 39.1564699430585 40.6891975799545 38.2095122894491 38.1993321693941 36.889732585711 42.7167876639058 44.2310610189551 43.9582625411346 46.1049834258165 37.6401211621445 47.3813760610402 54.5687300779115 65.9022719279444 60.0054906566569 77.0723280172175 47.2816504680548 37.5476542867103
-9999 -9999 -9999 -9999 -9999 -9999 -9999 -9999 -9999 39.8569689944482 39.2968837400243 39.5301913238221 39.4624104848428 39.4159727502411 39.4247609983426 40.772083411012 97.7441484723995 79.3114218732635 46.8808346523994 38.5706713542037 38.7028737802992 39.4020632151514 39.2087611380619 39.2232797621544 39.2303719014028 39.4336219726114 46.2911648068571 32.1435047728134 30.496807102393 34.6118070610084 36.0217105319273 35.8384860918581 34.6957572654898 36.3365724476723 39.2317598615776 45.9613834302489 39.5580327337587 35.2833213645773 37.7233938832079 39.0304187129365 48.4055374866998 68.5844051649419 47.4004312521124 55.4381447381284 62.1108376637744 66.1997846570569
-9999 -9999 -9999 -9999 -9999 -9999 -9999 -9999 39.3719039519324 39.2882438882297 39.2851103676609 39.5045603387804 39.7357936728405 39.4473487715388 43.3473017010332 155.097539042961 223.874924618964 93.3425315758008 60.9122891862532 40.6316580070679 39.4052180289521 39.2778920964586 39.2375069872838 39.2117369026644 38.6896983112026 38.5871891334738 34.5314113933288 38.2792407516041 32.5574609308298 31.4229046431873 33.7083701805472 35.501418700705 36.9891009684612 40.5902599968064 37.5202858670129 35.1840609964516 43.9051365969162 34.7753220646249 39.1434173789904 41.6208477220807 53.4949445912549 60.7322660248041 60.9632515229439 53.7542181360489 43.8871489130146 71.1326017110082
-9999 -9999 -9999 -9999 -9999 -9999 -9999 -9999 39.2852746060967 39.2654143527767 39.3281794909108 39.5293028085707 39.6344873165927 39.8321063358643 56.2547125620168 228.325861447768 219.528963129819 71.1971016399004 71.9075782751598 47.9046325580067 41.9309125810612 39.2379593226374 35.4466652793781 32.8572647631001 31.7934733855008 33.5793287142028 32.9449371223435 32.6927775341377 34.3998582046006 40.4286502786584 34.4347395800769 34.0112829141704 33.9433751977559 34.3918742072823 39.8683804512636 34.6628324036128 37.0382889624393 39.3498916778378 37.4564115058783 40.5326913839252 41.7273011775399 49.7390377380875 57.3748717683775 66.5357535688096 42.4275601942628 52.5337614359021
-9999 -9999 -9999 -9999 -9999 -9999 -9999 39.2839647030304 39.2989679864993 39.3447490913805 39.3553353524655 39.7509313550912 40.3023817285372 48.4710107744868 41.4882085975005 71.1663816701802 190.904430707222 89.9949987614444 60.8869950901622 51.6020270784877 39.6205793864957 37.1860120397567 33.8461732616592 35.5045051838199 33.8397574718112 35.8607340042723 32.7780948134664 29.9824316063212 34.1390214362182 41.2718739002104 42.1780473917871 37.7989857814022 33.9073432460113 37.5416527504654 38.8045635204877 40.1796479734127 33.645019661929 37.4696258747227 38.181603576729 40.5350578166781 38.004902519106 43.3176162314826 47.2173562819515 46.7698296477696 56.368171297477 44.776919585939
-9999 -9999 -9999 -9999 -9999 -9999 39.3501148253817 39.2808275737622 39.2480961398584 39.309920631472 39.6591324383413 40.6125844636789 44.2980874420727 51.5645264577967 44.9576203417487 42.7157748079636 116.080076193781 129.621358254009 64.4748374039749 55.0339686516873 34.5559045016471 32.9183584639636 33.5296430196961 38.5961430376101 36.6985895915715 32.9681879356614 33.3554140918815 38.3282068384394 42.4765436378835 38.3125692403049 39.0037913672541 34.4739201375609 35.381481267921 33.7602427893032 37.4254898722627 34.6301394166989 34.5003947884488 30.0482856870637 39.2245004552296 38.8533025267673 41.0131600143474 39.9378302423797 53.0128154508177 58.703534024715 55.461614574083 53.8376506136941
-9999 -9999 -9999 -9999 -9999 -9999 39.3055713566167 39.3382151465539 39.2812159602314 39.36953404986 39.6112419440698 46.94154229567 45.043532142477 50.7703661577125 46.8331035675061 45.0088625814665 58.1636617822914 104.425431156187 65.6556226766469 101.861362878977 40.3410716634129 31.8673034360379 36.8584074343292 34.6716316049708 35.2513283136537 34.4626855553563 33.8727376702349 36.6387146387088 40.7388039535947 35.2916413904841 38.9307002300606 32.708278188297 36.2319380380796 36.9579080444291 39.1253465362647 36.0256048474708 35.1293438949898 39.3558617077099 43.7582353915431 40.0932918417609 43.2444761943461 42.3929548481154 50.4122517436864 49.7985627330315 56.1293393681688 57.859850176507
-9999 -9999 -9999 -9999 -9999 39.3253758890362 39.310155664098 39.5228158373694 38.9467410408279 38.6398692160345 38.4883773569121 48.6875649842449 59.8130413757148 73.5961706993135 57.1957689728317 41.8548627046151 68.269611667717 81.9133705946881 84.6567410064454 95.5243038686968 39.5764402221133 32.7011594352989 33.4098469280314 36.3516549785568 34.3921066483974 37.0661538769118 34.7419074263451 36.5076906269043 34.5108443326193 35.1318291104445 40.6205900020073 33.7175030263754 35.5384097180902 34.9703373776726 39.6416568130384 40.2739031582567 37.2267531792586 42.3024922764739 41.0144474322295 41.376119948497 38.5082548226289 38.1989008861028 45.1191232258308 79.2869019163582 52.1694886869222 49.5612008207036
-9999 -9999 -9999 -9999 -9999 39.3020077950822 39.3117456434581 39.2821853364277 37.2422621132726 35.5839482788053 38.4556479287323 42.0415310361859 55.2349940800314 70.8159349357794 64.357169507934 63.1138037619146 66.9906469370236 207.136500786922 137.601948047729 101.612859317552 42.9296524684901 31.8715393229096 35.8187973300045 34.066906306169 31.8125234372548 31.6728102985139 34.5447756064507 33.4016565044759 47.5157540284389 38.2096837673307 40.421274920101 40.0189088594328 39.5949257053247 44.2374369400407 43.2838209469489 52.0632886837822 36.9117106232408 43.6029334128626 44.5579569887875 41.5903350636777 38.0394040319936 41.4739086181513 36.2429882366482 49.905704874626 60.6206138213087 62.6843198548096
-9999 -9999 -9999 -9999 -9999 39.2982646575708 39.4014957196678 39.2873169672226 34.5302277937136 33.6493047981163 36.2461870456581 44.9746014208275 55.916868982821 76.2810570735551 75.1908064445103 105.234273545175 158.018408581354 208.602216055795 165.132509053033 121.983021107977 42.2332266492106 34.4363486734193 32.738848941971 34.6505773574356 32.8084495936954 32.2923543079664 32.2552369647052 35.1059005788703 48.4694982441055 38.2495107501369 43.0824657505803 40.4879360053119 40.6615945019839 40.3442026396651 46.6260286860199 61.8758591417976 40.8458618460496 43.066719136155 41.8168339931074 34.4186533872456 34.644264755635 39.3439519997112 39.6479013997358 44.3016853228483 49.9209281285858 74.09056901819
-9999 -9999 -9999 -9999 -9999 39.3076838580363 39.2837617040338 36.3473327558987 33.4549041372258 39.0981750788704 38.3829037978943 56.3278960549397 56.6239953993434 88.8417780567086 106.167134439326 108.342879596936 134.916802094781 235.341349790782 251.232445627401 305.364774932437 70.8501123849284 39.2311454046486 36.9053120240939 32.8223767820397 32.0821168105488 31.7495202336806 32.1804743695532 36.3520699681061 39.6191275890243 38.7689384212304 41.3158261755082 39.9084573754409 41.0574085262901 38.7671968489113 38.6254239382397 36.3070168991651 40.649019444806 43.2594640632442 44.4264247530537 36.6288669711744 36.2266069620839 35.4746519682659 48.1310757057686 54.5007596417696 48.8136507904984 61.0601894149057
-9999 -9999 -9999 -9999 -9999 39.2970496418335 39.2988936080463 33.1467985998259 41.7605129849897 55.4145354650498 50.0782187077703 52.6542175208234 58.432911870712 61.3816763630932 71.3148938287627 84.5064177601985 105.86448609326 205.056080553657 267.218608964652 463.100668549314 471.212138192769 40.0057945533632 34.4709314827042 33.5852640748931 34.9314398218227 34.3045501189059 32.7570004286605 36.4101659741301 40.8880283454214 39.8857867220327 37.2767439024187 39.4598113817585 40.8125453589368 37.622583831749 34.4870823714884 34.3129160359428 33.9808658488353 38.0508012365428 33.5121516470499 35.5322712335794 40.3395531159377 40.2252497360259 45.0815778677691 43.7515691539418 47.0651952618719 48.4326867128046
-9999 -9999 -9999 -9999 -9999 39.2988781229755 39.454701749714 37.0064047833322 46.0432940037803 62.1949123682882 59.4702447296555 66.7938695389124 63.7145102905458 58.8382999988203 101.427590682318 103.605168922086 134.589133417484 175.334509617093 194.049751220916 215.297944966011 343.504617693089 41.8170997937557 34.2764062341179 40.2835928972064 40.0083169070465 39.4656981498873 32.9802474155432 40.6695723944689 62.481739621246 38.5282427433762 36.5732633328735 37.3004019808372 40.2515759749438 37.4042927113509 33.11921459029 30.5727762313694 34.074504658627 30.9815184038695 44.9407619101592 40.7673208572547 45.1071753460599 43.2404876161206 41.5418975469362 42.3349386218135 42.5786089248531 49.8886435756987
-9999 -9999 -9999 -9999 -9999 39.3132621214448 39.3715894834252 39.8912573136047 45.4815553018669 61.9193577035947 181.658480375941 135.493232203283 84.9047757173073 172.665264859078 80.522510921336 72.1831740226143 134.085191987251 108.379998035195 163.1100789652 163.705820348471 171.125751049109 41.89521378524 35.5332773317643 35.854793455917 36.5982347703895 39.3806178659673 35.2471848412147 38.4552988802942 48.7135234480793 45.1640354858474 41.072309069521 37.9719835312751 38.3406676768232 39.18893402849 33.2519690848112 35.8675317262815 39.7403667204092 37.1815226074581 44.1029752253311 40.4611219022545 40.5689868076901 41.9260113797745 51.0980150568248 41.0542294309211 43.6658744686035 56.5096511564046
-9999 -9999 -9999 -9999 -9999 39.3411341396478 39.4829179644927 46.7207978247532 45.9452658696519 37.630839478515 53.3556472132242 74.3199794312994 103.17508178006 99.2214552831372 172.38446993805 77.3673789007499 147.265886452466 314.581252283046 393.205246745379 271.231073638278 177.617953333344 42.5019272538327 38.0793056908813 36.4296210686295 38.8475442982729 40.8253424504924 37.9517244691867 38.646469182742 39.8164257873958 43.3680165985725 42.4378633764972 38.6352342832853 39.8683348108758 34.9217281672174 34.5620181255057 38.7442324763457 40.5140236077823 40.6895179658236 39.857419680351 38.5793460933346 41.6552845259929 43.7576326556054 42.6372004916657 41.5216219915274 50.4328488780386 53.6688714252029
