0,33.9725648741049,34.4102961220266,34.3274291597299,44.7891429689917,43.2695174129185,47.2950011569137,41.7875326075892,66.3091327144878,64.2780493282536,93.7706319868155,62.457291872827,63.6770258629972,62.318865871194,77.0695392133379,72.6159874728517,55.8445664255662,59.3037529593943,58.3131078822721,55.9079710445705,48.6775522735043,48.43036431874,47.8620203586223,79.8411902511295,99.7368564970206,105.666808419496,83.4030793766737,84.1594579177096,58.9522948365861,61.0681441379373,62.7098316024967,68.8857956896072,90.7899592558571,48.3220399883773,72.9527048410437,72.1630532338391,58.0712765175065,90.6876498799389,91.7850669861011,90.1133671386293,93.6721621498655,96.2915377859101,98.4099718469933,98.3727796313938,92.2722469909846,93.9694292769216,94.1120722514283,93.6625759213459,93.3713069664359,91.3011631778193,93.7123134089659,54.2088429991289,53.4439737833475,54.203938223135,52.5299571977169,54.7292359600638,52.7239476056244,53.1812288773421,43.0565997054225,45.6881902770645,45.735384366099,44.2884362344695,42.9552941713162,78.6730871861719,56.3141157298615,60.564401807809,100.821923108426,102.026976133534,99.5314136994328,96.2286506660111,91.5058879351958,96.4157026136587,91.1006822388262,93.4043506180419,92.2619108788497,64.3125117051965,68.2728087056308,93.0327737727054,50.3851679252293,53.743035382013,62.2241480596663
33.9725648741049,0,37.7302879589156,32.3172938007219,38.6182635993188,44.4612662942257,47.9122067232098,39.9323612762972,66.6109022364729,64.5831219767291,94.9561982794806,62.7990387125565,64.0099062029294,62.6448967837334,78.48704080984,73.9628120235019,56.6912047923635,60.1862414505367,59.1593551897653,56.7966510568443,50.3651895006854,50.1578176078683,49.6074697952344,80.7531675268994,101.082776869999,106.990438065801,84.1433883062502,84.9516146689374,60.4776333844101,61.3172612054179,62.9474776710158,69.1724616187395,92.1221766055438,50.0778531046864,74.2754566042171,73.4863563472105,58.4347439416569,91.9107989703692,93.0116769030855,91.3362019352157,94.8760561928607,97.494161994639,99.6093619536773,99.5710021216918,93.4735200516666,95.1781197842838,95.3158255995067,94.8682457652738,94.5759094084055,92.5052369467322,94.9240135287972,55.3645060242621,54.6248148610342,55.4082406987762,53.5794096771536,56.1235265376663,54.1142476793969,54.5340426981678,44.7201552316823,47.5564597692684,47.7076485939064,46.309920069208,45.1181742079399,79.4306264891449,56.5445225370418,61.1691472860255,102.070645947504,103.280459420637,100.782877421619,97.477907622011,92.6899202471851,97.6002930444414,92.2964804229277,94.6010739360434,93.4341997867336,65.2513961410645,69.2261500666173,94.2218915864962,51.6145126587388,55.9073503289593,62.4657415655933
34.4102961220266,37.7302879589156,0,42.336836039094,48.8334364223598,35.0784369817019,43.2730950411206,35.8438334439897,67.9229484481853,65.8765931721701,94.8906967014421,64.1917964658748,65.4041098897674,64.0010298845617,78.2763085896878,73.7389908849715,58.1875984026484,61.6271152173043,60.6393535473353,58.2445388426394,50.9601828289041,50.5301375138942,50.0396678939935,80.6742479398921,101.035954511238,106.936518472859,84.2150023649735,84.9594668112862,60.3975656122136,62.1914026906037,63.8157976563794,70.1948313285835,92.0436209966838,50.2172548453694,74.0313226277332,73.2265030100726,59.8621134953184,91.8357216802141,92.936911580063,91.2633112677665,94.799808984408,97.4191851864529,99.5335189842136,99.4964804652416,93.4044628443905,95.1083151725494,95.247362124366,94.7985543672587,94.5077531787394,92.4360466730504,94.8541437427885,56.5738458159427,55.8310585439454,56.5468521553953,54.9270355487913,56.9493711258396,54.9871407053223,55.4851414912827,42.4836288449198,48.0618928658586,48.0793154937139,46.7923724448779,45.4122141023663,80.8994292664607,55.7926627049355,61.2079658468299,102.003493685081,103.213726606617,100.71580291891,97.410474550459,92.6211799485453,97.5308753422398,92.2277602964392,94.531867536605,93.366494191803,64.8513179095713,68.8729533655935,94.0241997400694,50.6104004497269,55.2818024397003,63.8156397600061
34.3274291597299,32.3172938007219,42.336836039094,0,33.3004992680969,46.4747859798015,48.5839555340769,43.0739475765087,63.2747842605002,61.2634054269142,92.073783947085,59.3220417284801,60.5424200407428,59.2286115401384,75.504153938943,71.062145566515,52.5122352239941,56.0339432273174,55.0008619214992,52.6287642831499,46.3553302713635,46.3361566695307,45.7141344213006,78.1622785852658,98.0192904018671,103.956325905246,81.5939638716999,82.4063875625153,57.2668185396511,58.5332648244828,60.1851986179924,66.1761314880686,89.1023832426213,46.4583656365655,71.4172289726277,70.6417902869688,54.892010264408,88.9988627420459,90.0959225843939,88.4225676367895,91.9848338583591,94.6030655935594,96.7223597373584,96.6839752571652,90.5783513827087,92.2760709426715,92.4175786318594,91.9691749905666,91.6765126199231,89.6073329509135,92.0189534922618,51.1830539434971,50.4209494736326,51.2559005567534,49.3517509445576,52.1220876247023,50.0678852381537,50.4401099839322,43.0852003885347,43.503043660109,43.7127514478381,42.1764128755824,41.0756285172014,75.387580350416,55.3288680966738,58.8021995349343,99.1252853920766,100.329851332291,97.834647335118,94.5322621320098,89.8120493036743,94.7224754640306,89.4065877173208,91.7106850683996,90.5673550659748,62.919202948162,66.8378129686422,91.4559483622289,49.4923217193489,52.679352964113,59.1659535893536
44.7891429689917,38.6182635993188,48.8334364223598,33.3004992680969,0,51.7027093792315,53.3616558884903,47.1422641349976,67.1774633189315,65.171336323425,96.8471441402117,63.255058580609,64.4663945511677,63.1500448519319,80.4772486885075,75.9735752437408,56.9534679601841,60.5120853182755,59.4411932069872,57.1138058290926,51.6333226774782,51.6252023320625,51.0290455406066,82.699719499573,102.935641025539,108.852661419077,85.9813978321604,86.8405088206031,62.3393542826389,62.4424418883239,64.0862905199817,70.0964846456918,94.0054932177451,51.7505542684097,76.3073966551975,75.5321057704416,58.843128493966,93.8053990782141,94.9055367276497,93.2288736146664,96.7742705090177,99.3913988690944,101.507811304567,101.468414144345,95.365594147732,97.0698846268825,97.2070350698553,96.7603089874706,96.4667291276472,94.3970597081708,96.8154382148658,55.9453952814567,55.2122495775309,56.0653571696191,54.0083541508563,57.1097698395639,55.0564848171165,55.3960510136981,48.2153210770088,48.9571417831195,49.2480744766183,47.7854558627814,46.7850877211567,79.734831166788,59.5401340874549,63.0898838153511,103.954718215108,105.163523407358,102.66651671619,99.3621622124388,94.5839978762802,99.4949088051765,94.1889765791871,96.4938863370712,95.3289058421064,67.4967487272565,71.4235208705478,96.2312878997768,54.3139282228909,58.2412317699775,63.0065323638829
43.2695174129185,44.4612662942257,35.0784369817019,46.4747859798015,51.7027093792315,0,34.4235017651313,32.7271867875881,67.9231681079576,65.8622300865675,94.396466423661,64.2983994065373,65.5049648287892,64.0612723718617,77.8695895231373,73.2495583667237,58.8112664409908,62.2338908581886,61.2489527487909,58.8623266899643,51.5463049658749,50.9634130425564,50.5417444763587,79.8983400576968,100.713747698002,106.586136410545,83.4226609862782,84.1530663294161,60.2204573185545,61.7403287049871,63.349832341616,69.9138687044426,91.6782858454688,50.4743431681587,73.4983237738469,72.6788089491494,60.0180728682535,91.3684665584613,92.473289433474,90.7978503164223,94.3128710400539,96.9322478472348,99.0426277976971,99.0057384103351,92.9219260079077,94.6322000876818,94.767784046639,94.3196402739276,94.0292877612571,91.9560780166862,94.3808629933655,57.2136207191986,56.4891320292827,57.1681193744522,55.5938176973641,57.4673813295693,55.5422307417966,56.0743672895123,40.2115257293157,48.7411423856744,48.7475646289514,47.5959116780892,46.2006798051824,81.4254936950285,53.5300032451554,60.2485808402239,101.568440089059,102.7836540753,100.283460991499,96.9756668385473,92.1223437484595,97.0319222131699,91.7402767974547,94.0448063650171,92.8573398500105,63.7676002354944,67.854160480445,93.4041754999381,49.1900417593697,55.308527772658,63.8036702677527
47.2950011569137,47.9122067232098,43.2730950411206,48.5839555340769,53.3616558884903,34.4235017651313,0,35.0484280244977,67.119298525491,65.0446694826076,93.0945978711567,63.5854933751658,64.788000416742,63.3084669166589,76.6528144615633,71.9538462715036,58.5181600943596,61.9256866897542,60.9442632608212,58.5630028044449,51.2105559217568,50.5035370115316,50.1395260818879,78.3280545167127,99.5713474046825,105.417663369088,81.8420083683599,82.5560000955651,59.216694108186,60.5310454298981,62.1284410325336,68.8560638646873,90.4963382144348,49.8684305256432,72.1612380603552,71.3279670634787,59.3470778761051,90.091617911382,91.1998166717239,89.5226682325248,93.0177181097699,95.6371011543828,97.7437984643334,97.7070547008473,91.6308948046433,93.3471292691749,93.4795023509967,93.0319708197487,92.7420400594224,90.6674310573174,93.0984235147818,56.9245123233814,56.2142496019416,56.8626329022258,55.3296033230668,57.0723782687607,55.17837905678,55.7393846767059,37.2434960553395,48.4871871539538,48.4915494566383,47.4467076614525,46.0512839735045,81.0542470438377,50.3206102431811,58.504743071968,100.32147623525,101.541311306511,99.0390134708842,95.7289322231072,90.8161707746475,95.7256352592007,90.4446530968123,92.7495724575015,91.5415799748079,61.8795824906961,66.034238233306,91.9828603242535,46.9535085475996,54.5807925651755,62.9975613833031
41.7875326075892,39.9323612762972,35.8438334439897,43.0739475765087,47.1422641349976,32.7271867875881,35.0484280244977,0,64.9851621663189,62.9287811623668,92.4995220670509,61.3933830005617,62.5915187392903,61.143856224481,76.2188758025305,71.544289043229,56.3370189615576,59.7941141544954,58.7757102176845,56.4270758093343,49.8370681125605,49.3474519027086,48.9151310910139,77.7668019852329,98.946902233553,104.802700138558,81.0895514233644,81.8854975976168,58.613655972009,58.7734959708709,60.3696014783984,66.9817937104992,89.9103293019386,48.9521766304259,71.7799711599177,70.9665546305129,57.1308769527613,89.5066988754931,90.6143592504363,88.9350787624085,92.4351228915352,95.0529922282378,97.1609127196886,97.1225858325828,91.0395309211386,92.7563633543809,92.8872984033693,92.4411970209633,92.1494208165254,90.0761091277214,92.5076071784228,55.0210785368402,54.3148702269511,55.0245448777769,53.2985895488895,55.5260636461104,53.5855469900422,54.0736761727887,39.909177934019,47.1489644708847,47.2490859117962,46.0782292880973,44.809487593756,78.8777209876762,50.5301233977072,57.7765940967771,99.7257478734102,100.944868281073,98.4430729134576,95.133523028764,90.2251802868527,95.1354606147284,89.8531129457581,92.1585925600221,90.9498398448241,61.756862006352,65.8433925836104,91.555498856111,47.6975270605875,54.3134234236551,60.8031489920479
66.3091327144878,66.6109022364729,67.9229484481853,63.2747842605002,67.1774633189315,67.9231681079576,67.119298525491,64.9851621663189,0,24.1069036343215,99.359415742329,40.4299742324866,40.768505891824,35.1928777820939,85.2825699206548,80.2270740302504,56.5646975789472,60.123876938672,58.7375200358486,57.0301403720238,58.9031629025366,58.8433036635946,58.4413835776724,83.1887445900973,106.955455523746,112.668740041238,84.6361142841332,86.2032080592573,67.9323214401512,52.6522803239315,54.8232533920398,54.4189772449067,97.9286004811279,58.946073827039,80.4093288965681,79.6709820803939,39.238706488672,96.6961840381732,97.8285681812044,96.1123956015657,99.4853980591786,102.087632940601,104.175562991702,104.122060307967,98.0357363906593,99.812336597553,99.8995397278983,99.4737229179313,99.1666814779007,97.0941845287081,99.5867359859549,59.2982327322338,58.9915643125989,59.7850555810397,56.5112100027175,62.225578397178,60.2553938853259,60.3991405954203,57.4639924335013,57.2680649813667,57.93930469219,56.9259674447774,56.3345884912489,76.0247120202474,66.46153110136,62.5332935759788,107.07488264139,108.328495992387,105.812754517474,102.487912147249,97.0896123658806,102.007482073413,96.8062327540228,99.1210459328635,97.7209673605714,70.2167151659897,73.8775228030864,99.1550063430693,60.2355146129227,67.1533573259944,42.5580421729598
64.2780493282536,64.5831219767291,65.8765931721701,61.2634054269142,65.171336323425,65.8622300865675,65.0446694826076,62.9287811623668,24.1069036343215,0,97.1622322849811,38.6352804579568,39.3579781398382,33.7694485600505,83.1488082460039,78.0754069274354,54.6437278829308,58.1947698671747,56.8149082676666,55.1015396184834,56.8853750599689,56.8111285361982,56.4138904438034,80.9297546190075,104.808926636843,110.515026274467,82.3305315137733,83.9161087132876,65.832306452815,50.2649314659924,52.4617863135406,51.7259189951635,95.776491793778,56.8975785307697,78.2517432890848,77.5135991023037,37.2917381016225,94.5107408807483,95.6441978776306,93.9268611783369,97.2940237085686,99.8958538706516,101.982802024428,101.928922922825,95.8434841782408,97.622397959208,97.7080564891588,97.2828430567122,96.9754616002489,94.9028050955735,97.3977355642329,57.3351622327751,57.0262371419389,57.8149208391347,54.5630220533274,60.225617863474,58.2591623484895,58.4095877610955,55.3634051661729,55.2465935604844,55.912620388065,54.9045418291953,54.3071423301926,74.0990318243438,64.3368036202648,60.2703832480615,104.897472188223,106.152579730731,103.636201921822,100.310664815269,94.8920109804877,99.8100658220587,94.6122750768044,96.9273806006023,95.5197295758119,68.0159669228199,71.6700486376032,96.9635479308792,58.0943777299258,65.0902794016404,41.3169794137871
93.7706319868155,94.9561982794806,94.8906967014421,92.073783947085,96.8471441402117,94.396466423661,93.0945978711567,92.4995220670509,99.359415742329,97.1622322849811,0,96.1602410093742,97.3930270261472,95.7123289752668,88.6090403854539,80.6587027947851,91.7291246957868,94.8907776346595,94.075883768313,91.5679103653467,82.4689381157981,80.5094711030031,80.8924165787097,92.5331544556216,89.0542153833647,90.4216350617137,101.652695723515,101.306215005581,75.9874136618305,91.388976752099,93.1611939528751,99.5746610771206,83.1081960919512,78.5555149252691,81.5917026748647,81.9337949041253,92.0807366086845,57.8381211522392,59.1723644209342,54.4637429329911,61.5591169834893,62.4293735567232,66.1098069588436,64.2353779702764,45.4701155981018,49.8578024169648,45.0678939024542,48.9372442803586,43.2252908746681,44.9583056517799,50.2679669520724,88.9791449792501,88.3540088425272,88.5614754368457,88.0143532380912,86.9765594120923,85.6234014747299,86.6777285040844,80.4855023060798,81.1251359925981,81.5162689363751,81.3127110681853,80.4160985773894,114.091216423503,92.6867199090023,86.1583510833275,66.5978208869177,69.2699229112174,66.3288923138024,62.5411659660436,48.9268099695291,55.399584962126,43.7629878745225,47.669226660204,53.2266888845094,88.59935509082,90.9070787819228,97.4411949986952,80.8352256345563,88.378570649972,95.7169535271406
62.457291872827,62.7990387125565,64.1917964658748,59.3220417284801,63.255058580609,64.2983994065373,63.5854933751658,61.3933830005617,40.4299742324866,38.6352804579568,96.1602410093742,0,24.096283785086,29.5814935894497,81.7660977961521,76.8180593738032,50.9863744562888,54.5246392938918,53.0958744579565,51.4895122462329,54.6094630456253,54.6555044406517,54.2272808385798,80.3874409111672,103.469387542387,109.224671590538,82.0831600931574,83.5632838971213,64.1918717505825,51.2731543610498,53.3695009616506,53.9880212637847,94.4824269840691,54.8849594702853,77.0410034123989,76.3061022947865,26.4108042560112,93.4349558978342,94.5612637700465,92.8509613502231,96.2576408509146,98.8616919861362,100.955408986648,100.903542678181,94.8103831076476,96.5743711995324,96.6697076145109,96.2409532409288,95.9352811029599,93.8640227461438,96.343576383578,54.3432383068108,54.0964205728459,54.9052103856212,51.3982624399353,57.666365942987,55.6766873988584,55.7597032858972,53.9891088457646,53.0498958399421,53.7755431995162,52.7407128049233,52.2089469626068,69.7803366322742,63.3224679599533,59.9660747726005,103.766464343749,105.011647222963,102.49954680944,99.1786756191466,93.8939346767678,98.8110176848686,93.5902512042477,95.9036066927958,94.5452060840301,67.2535291736829,70.9244203044851,95.9723357960041,56.9732665268096,63.2902163784464,42.7877932994291
63.6770258629972,64.0099062029294,65.4041098897674,60.5424200407428,64.4663945511677,65.5049648287892,64.788000416742,62.5915187392903,40.768505891824,39.3579781398382,97.3930270261472,24.096283785086,0,29.3005501688784,83.0067299136979,78.0538134812364,52.4243113856644,55.9770689286445,54.5490766328629,52.9290050757299,55.8934494141029,55.9328146226045,55.5053143992119,81.599701347705,104.713631691262,110.467091134674,83.2877603077731,84.7692948851067,65.4450678970284,52.3771914172752,54.4686128822439,55.1336198720067,95.724136156573,56.1534041940666,78.2743696640623,77.5388216460978,29.9849978815912,94.6697275508382,95.7962776452247,94.0858211763009,97.4910925041853,100.095123528266,102.188585391267,102.136708226299,96.0440209134067,97.8084578687315,97.9035376060149,97.4748475893503,97.1691820759606,95.0978374769584,97.5778570350799,55.701500090735,55.4450846131794,56.2558547946879,52.7722860144681,58.9837652074753,56.9942758204782,57.0825641303344,55.2010021435748,54.3234814761362,55.0439379764852,54.0084227383038,53.4713055779068,71.3653028771277,64.500780605184,61.1485065518669,105.003306731083,106.248822551957,103.736572667278,100.41553890953,95.1264579111105,100.043543658053,94.8235469654791,97.1369388285905,95.7770104594971,68.4542989516286,72.1277754066354,97.199145218749,58.180359081601,64.5365613085251,43.2355087833477
62.318865871194,62.6448967837334,64.0010298845617,59.2286115401384,63.1500448519319,64.0612723718617,63.3084669166589,61.143856224481,35.1928777820939,33.7694485600505,95.7123289752668,29.5814935894497,29.3005501688784,0,81.4657060375555,76.469001124685,51.5900140425681,55.135885765982,53.7261063144472,52.0760368430056,54.6563040225743,54.6555459798119,54.2391590937366,79.7614519210539,103.152632446508,108.888796223956,81.3435197783418,82.8642835838668,63.9917998288992,50.0853037382356,52.2168764093544,52.3842583099412,94.1479359262039,54.8291383247044,76.6738242679971,75.9376353067121,30.9845719666952,93.015693104193,94.1447783563715,92.4317467948814,95.8230721977194,98.4262625186137,100.517349322393,100.464703083486,94.3745501736806,96.1443347680507,96.2359139927864,95.8085331872959,95.5021994176363,93.430396407466,95.9159219023912,54.6769994559961,54.4045349304503,55.2062136845045,51.8008775221337,57.827612204537,55.8467244476947,55.9563532036739,53.6820359942853,53.0645612292213,53.7666216416072,52.7416802750523,52.1840533186166,70.6644937033256,62.8749510912479,59.2499217784562,103.368665872104,104.617704698516,102.103942126587,98.7812578341392,93.4444978303768,98.3619574458933,93.1501160498305,95.4641506060417,94.0866226002389,66.712570507114,70.3770360186238,95.5200742740034,56.5697988150819,63.1497895682694,41.1504286324318
77.0695392133379,78.48704080984,78.2763085896878,75.504153938943,80.4772486885075,77.8695895231373,76.6528144615633,76.2188758025305,85.2825699206548,83.1488082460039,88.6090403854539,81.7660977961521,83.0067299136979,81.4657060375555,0,52.1481907134793,75.3709009535885,78.4669042860441,77.7309209442727,75.1210203982353,64.3978712367894,62.0425798130583,62.5838046967343,85.2839368484041,92.9351341218845,98.7639967363607,92.8243372241411,92.6699344915009,52.4246589692512,78.3837861757729,80.101140592144,86.4653814746235,81.5998563260946,59.5325135804615,57.5268490676069,57.755985945262,77.5291897071578,84.2741893867984,85.3167467473128,83.8340077291166,87.6253845977534,90.333088928402,92.4868224975736,92.5359945396858,86.631064242858,88.1428789361051,88.4528208461757,87.901512626812,87.7118134037376,85.5977792991222,87.8235129697414,71.9001183581825,71.2339371112155,71.3580348989856,71.1870278094175,69.2265636774259,67.9394327220523,69.1199962055613,63.594569125783,63.1036874483872,63.4439818916807,63.4282606123659,62.4942789697308,98.04256756671,77.2347872717637,73.8864940215922,94.4015882465713,95.5450929804261,93.0647354736897,89.7797939014127,86.2364163427452,91.1058460154522,85.5858575280237,87.8472163774638,87.2952718014238,74.7980182252902,77.5758856589963,87.6088155939513,64.3722682269237,69.8393289066868,81.5303488278424
72.6159874728517,73.9628120235019,73.7389908849715,71.062145566515,75.9735752437408,73.2495583667237,71.9538462715036,71.544289043229,80.2270740302504,78.0754069274354,80.6587027947851,76.8180593738032,78.0538134812364,76.469001124685,52.1481907134793,0,71.1363707536189,74.2682373737655,73.4950753231228,70.9290718254068,60.8160516078452,58.6398847597456,59.0875744659091,77.8324935665049,87.419780506573,92.8032412142545,86.1332563749226,85.8256513856664,52.1679150387114,72.9367339171538,74.6601676434867,81.1063706804472,75.3153846038614,56.3386860670211,36.5659124786715,39.4748105393665,72.6340360824263,76.3934911919745,77.4906804446702,76.0366649551045,79.4668017347351,82.2113055140376,84.2922925323823,84.381366178302,78.7286503939195,80.2988072081991,80.6027248584658,80.0261636577469,79.8836325135294,77.7231897803951,80.0125176674103,67.9869912734165,67.3295078055579,67.5090290245275,67.1501408465969,65.6763711993776,64.3277051976964,65.4346097684524,58.8656151229496,59.4040807054142,59.7215789054068,59.6165687967134,58.6519314217224,93.6996931068571,72.136422626915,67.8955623601476,87.1317454254284,88.3468177768318,85.8304039342201,82.5064191597983,78.1455083259991,82.9953111447459,77.6322247834444,79.8855023378597,79.1114418316634,68.6162773939053,71.1556135443411,76.5749104097728,59.1572572393011,65.995184762542,76.4882089845249
55.8445664255662,56.6912047923635,58.1875984026484,52.5122352239941,56.9534679601841,58.8112664409908,58.5181600943596,56.3370189615576,56.5646975789472,54.6437278829308,91.7291246957868,50.9863744562888,52.4243113856644,51.5900140425681,75.3709009535885,71.1363707536189,0,25.879410942587,19.8210689131566,19.7971637880144,42.9844249151678,43.7282077362878,43.1989792916155,78.5993844037763,97.1281957094283,103.167069334805,81.8064526572492,82.7718734419069,56.2249108677039,56.4549735090356,58.2680814034939,62.4272028749355,88.4335255390461,44.8847218735779,71.6423128219792,70.9423667223763,45.688233873885,88.6025762870862,89.6885225693426,88.015335551493,91.6471014729661,94.2620516833076,96.3946875967188,96.3524914688866,90.2095556951128,91.8909575553521,92.038814200409,91.5917291910827,91.2937742957754,89.2315780021432,91.6259415706973,35.0607717697767,35.811485380697,36.5334154902078,29.9295258291483,42.7816634204817,40.743862646478,40.2723663819701,48.7607486280974,42.3762499672972,43.5797828217119,42.5722360374994,42.522348156016,51.9219844828487,60.378283762225,59.7170204704117,98.6158023359166,99.8049820376085,97.3172098332893,94.0228597356638,89.4886573305093,94.4011262548296,89.0509786122413,91.35513127811,90.2704620274769,64.6878880627941,68.3782115702326,91.7582585712714,52.7694530433966,55.2017798467757,53.3475445111972
59.3037529593943,60.1862414505367,61.6271152173043,56.0339432273174,60.5120853182755,62.2338908581886,61.9256866897542,59.7941141544954,60.123876938672,58.1947698671747,94.8907776346595,54.5246392938918,55.9770689286445,55.135885765982,78.4669042860441,74.2682373737655,25.879410942587,0,22.1198192293942,17.5307533241045,45.9166418828059,46.6426364056836,46.1446397316045,81.9001901803258,100.189134396086,106.243980036876,85.1600222444306,86.1107079799724,59.2210707090291,59.9678891504925,61.7814403943307,65.9528189508712,91.5167657504464,47.8389435789286,74.7915139791363,74.0961667646725,49.2050831560793,91.7460413160644,92.8298860586033,91.1581644617946,94.8019924908198,97.4172221037725,99.5520017325951,99.5100128650203,93.363404481329,95.0407999430012,95.1910186987862,94.7432722331998,94.4453772129049,92.3838601306211,94.774071274214,36.6415597797983,37.9242191211439,38.0901191255974,32.1073565023829,44.933888302223,43.0117696581208,42.5231336238901,52.0876904514596,45.4607969181699,46.6971577849068,45.7425371980699,45.7140479875181,49.3807028405111,63.7901641391357,63.1081062949805,101.741482089164,102.927742237471,100.441273753043,97.1483415948567,92.6523007026182,97.5646803212512,92.2078605924689,94.5116528151298,93.4404663891173,68.0103689374759,71.6927344549458,94.9566551267496,56.0748248214979,58.3793098834855,56.9573579078809
58.3131078822721,59.1593551897653,60.6393535473353,55.0008619214992,59.4411932069872,61.2489527487909,60.9442632608212,58.7757102176845,58.7375200358486,56.8149082676666,94.075883768313,53.0958744579565,54.5490766328629,53.7261063144472,77.7309209442727,73.4950753231228,19.8210689131566,22.1198192293942,0,18.6461864434463,45.3935599124201,46.1158435803805,45.5993358266319,80.9431732378215,99.4765825513423,105.515523777689,84.1408107775048,85.1102870881261,58.5814602034443,58.7446113048814,60.561644494144,64.675792504774,90.7837637975365,47.2663828334643,74.001419991745,73.3022504877501,47.7573851567364,90.9505657986252,92.0365551845748,90.3631893087926,93.9948157157049,96.6096689446927,98.7422975195622,98.70000340786,92.5568011186067,94.238378069301,94.3860682498888,93.9390897030859,93.6410250922851,91.5788807087133,93.9734190155074,37.1747010237161,38.0994283463204,38.610983701986,32.3403060322428,44.9884529044193,42.9948885724851,42.5316845603291,51.1682303364302,44.8150718799459,46.018918436278,45.0278222631763,44.9744237111975,51.1881833855796,62.7688104270292,62.0599954026171,100.963766953516,102.153004721641,99.6652179315199,96.3708509298405,91.8355789420435,96.7480973131562,91.3981074686591,93.7023051100388,92.6171145920336,67.049632313548,70.7375487064904,94.1121766141598,55.153381349037,57.6175393786229,55.5753034400045
55.9079710445705,56.7966510568443,58.2445388426394,52.6287642831499,57.1138058290926,58.8623266899643,58.5630028044449,56.4270758093343,57.0301403720238,55.1015396184834,91.5679103653467,51.4895122462329,52.9290050757299,52.0760368430056,75.1210203982353,70.9290718254068,19.7971637880144,17.5307533241045,18.6461864434463,0,42.4924396432152,43.2391949255823,42.7327724125936,78.6011874145875,96.8495877580454,102.906754257735,81.8782276971622,82.822720832792,55.8635763321857,56.7537749519645,58.5635818455098,62.7805295633649,88.1787085589479,44.448787618046,71.4545643995805,70.7591423473923,46.2061751913562,88.4192334214716,89.5027208746262,87.8313958402643,91.4771679551394,94.0925353499951,96.2276433108979,96.1857823933684,90.0388877367722,91.7155101561443,91.86624727408,91.4182964156703,91.1205189596825,89.0590521666741,91.4484687619266,33.2334170690747,34.4254137561492,34.764297587823,28.295250193714,41.6011869689806,39.6438635571945,39.1373805198767,48.7304290963358,42.0321168513235,43.2739939623698,42.3113529641719,42.2902711751408,49.2242936903442,60.4627168702925,59.8236372641036,98.4120373340043,99.5978030832116,97.1115441145354,93.8188408643882,89.3295708102974,94.2418881766699,88.8839132865351,91.1876070492412,90.1189551677473,64.6971138444429,68.3806157469929,91.6322462682851,52.7372518784738,54.9902147348058,53.8172777477058
48.6775522735043,50.3651895006854,50.9601828289041,46.3553302713635,51.6333226774782,51.5463049658749,51.2105559217568,49.8370681125605,58.9031629025366,56.8853750599689,82.4689381157981,54.6094630456253,55.8934494141029,54.6563040225743,64.3978712367894,60.8160516078452,42.9844249151678,45.9166418828059,45.3935599124201,42.4924396432152,0,22.7226894705735,18.8635038808013,71.6391788072236,86.3304956047356,92.5943023402601,76.0605405407844,76.641255305068,43.8459508311391,54.8905698134647,56.6098406938468,62.1756240818609,77.8452448789622,28.1164677095749,61.5800234043324,60.9148605961417,49.9919176153019,79.0152465748473,80.0683782273725,78.4257904535704,82.2406416336223,84.864523072411,87.0289472464958,86.9946504622305,80.8113671578684,82.4255937373452,82.6162573016174,82.154154959979,81.8626338213515,79.8076879308243,82.1327750927464,37.3783948399781,36.3324296988645,36.609170064739,37.3028449439019,34.2537449755919,31.9663226732856,33.0360315641078,40.1454136392426,22.842977936825,26.259791005765,26.8413432648029,27.9535550529129,66.5550588402891,54.1227511268669,54.3927088506821,88.7720272221118,89.9159298063255,87.447763562422,84.1747985530917,80.2496046064664,85.1583472961395,79.7028465725718,81.9994934175551,81.1378227088226,57.4934725104243,61.1188772510608,82.7285506741733,44.4791019465696,42.4293294249412,55.1470504872761
48.43036431874,50.1578176078683,50.5301375138942,46.3361566695307,51.6252023320625,50.9634130425564,50.5035370115316,49.3474519027086,58.8433036635946,56.8111285361982,80.5094711030031,54.6555044406517,55.9328146226045,54.6555459798119,62.0425798130583,58.6398847597456,43.7282077362878,46.6426364056836,46.1158435803805,43.2391949255823,22.7226894705735,0,16.2397228303806,70.2541101312063,84.0045827626243,90.3220763774451,74.9167507308876,75.4294773493998,41.0611596121609,54.4330014393105,56.1471613066306,61.8426319209728,75.5688930461971,22.3663852878506,59.4784788517608,58.8282662587157,50.0894948963595,76.9800618639887,78.0252998284403,76.3896334872227,80.2489499686471,82.8746537214063,85.0469017763137,85.0141607251107,78.8199262791222,80.4183383197994,80.6188847525054,80.1534860224575,79.8631520452413,77.8101620247334,80.1189211152404,38.2849270692026,37.3914642787838,37.4477069341856,38.2418647188728,34.3533871022026,32.5808965984816,33.9539821523836,39.0225564064531,24.663764047612,26.3276577466985,27.6321268322048,27.8826954340281,67.142935389875,53.2808118791351,53.4072501552427,86.6743818055119,87.8074648786941,85.3440065687991,82.0761766618156,78.2960077929638,83.2040392311311,77.7232419044074,80.0182176760078,79.209367463272,56.1987597399936,59.7857752824913,80.8723195043845,43.132507544043,40.514937193014,55.0776653523265
47.8620203586223,49.6074697952344,50.0396678939935,45.7141344213006,51.0290455406066,50.5417444763587,50.1395260818879,48.9151310910139,58.4413835776724,56.4138904438034,80.8924165787097,54.2272808385798,55.5053143992119,54.2391590937366,62.5838046967343,59.0875744659091,43.1989792916155,46.1446397316045,45.5993358266319,42.7327724125936,18.8635038808013,16.2397228303806,0,70.3191591751022,84.6080315420369,90.8912016716344,74.8782211282885,75.4173999066057,41.8740820062833,54.1398768938803,55.8541600433281,61.5187280319417,76.1283650152393,24.4541845178571,59.8818746512796,59.2191638764075,49.649007889632,77.4033763997466,78.4532790699334,76.8143149122128,80.6468311732536,83.2719205865448,85.439382010464,85.4061923216146,79.2201417768479,80.8274330070111,81.0227391652379,80.5588127335664,80.2683357788029,78.2138486234324,80.5318089812483,37.859486643873,36.9138743765983,37.08730604245,37.7275175744628,34.4327784341009,32.4722668709332,33.6915706999828,38.8082856551859,22.0125123892497,24.4373055539672,25.9825379683312,26.6388518726276,66.6541708965684,53.0305372879104,53.2821331505398,87.1368272935272,88.2763436103267,85.8100221076094,82.5390759464754,78.6744920257448,83.5827105321054,78.1167350381516,80.412508638527,79.5737216865155,56.1765660606254,59.7871032023883,81.1617669892339,43.0730241858792,40.389832752582,54.6716028872359
79.8411902511295,80.7531675268994,80.6742479398921,78.1622785852658,82.699719499573,79.8983400576968,78.3280545167127,77.7668019852329,83.1887445900973,80.9297546190075,92.5331544556216,80.3874409111672,81.599701347705,79.7614519210539,85.2839368484041,77.8324935665049,78.5993844037763,81.9001901803258,80.9431732378215,78.6011874145875,71.6391788072236,70.2541101312063,70.3191591751022,0,105.518432038435,110.428846779008,75.3778870318285,71.9416142787614,71.9868916636512,73.650813394743,75.4261890561862,82.2919224559899,95.7454948291974,68.8380168538712,77.1464556140601,76.4304011329102,76.5019277199034,90.9143809295058,92.1665459651837,90.3566586064557,93.0335388284008,95.6192671282524,97.5779511040244,97.5133725637201,91.6450817712455,93.6494917841701,93.6017820282569,93.2143842673498,92.9025690077692,90.7924935858721,93.5207160493129,77.0669447087903,76.4665071292296,76.8975216977435,75.6274117817204,76.4829467494077,74.8596214787698,75.6244003806806,65.7998465316317,69.8292897178608,70.1215583936372,69.6209846929852,68.6092887072451,100.562741652192,76.3305896496788,64.9250221291403,102.247398166872,103.660414401222,101.074730490942,97.6735976946831,90.1334228524241,95.0535403163264,90.2427565930902,92.5776777249593,90.3902735298191,67.4485928098082,68.4338000026234,90.4675218453474,64.796090584875,76.5449629499291,79.5656492314731
99.7368564970206,101.082776869999,101.035954511238,98.0192904018671,102.935641025539,100.713747698002,99.5713474046825,98.946902233553,106.955455523746,104.808926636843,89.0542153833647,103.469387542387,104.713631691262,103.152632446508,92.9351341218845,87.419780506573,97.1281957094283,100.189134396086,99.4765825513423,96.8495877580454,86.3304956047356,84.0045827626243,84.6080315420369,105.518432038435,0,50.9993997561259,113.42767467816,113.277624458202,76.254288338848,99.9833737073695,101.726718844797,107.996119042671,78.4849676323424,81.77857595003,89.2732042232512,89.618641419987,99.2477340177473,82.7683888257079,83.0658596184244,81.12021297768,89.7472167193345,92.0949982280495,95.1190882778313,94.7886589633741,85.8053156317453,86.3059615477962,86.8361275079291,86.577073636159,85.7597250992876,84.3097042555495,85.4456868738551,93.5045795853794,92.8670009244144,92.9053161942696,92.8839544821672,90.4544895953084,89.3179840628187,90.5877986646088,86.9667367900962,85.3617297763456,85.847724868306,85.8357347869874,85.0405898232616,119.775231058436,100.021899470158,95.7155889465525,82.6096416035532,82.4099606290751,80.6747769223825,78.1694819385764,88.3836916353344,93.4383361128118,85.6172794201869,87.9446359061619,91.0020090456441,97.6703934831561,100.35240772302,109.563361082262,88.0817413064967,93.2019332405251,103.257746247263
105.666808419496,106.990438065801,106.936518472859,103.956325905246,108.852661419077,106.586136410545,105.417663369088,104.802700138558,112.668740041238,110.515026274467,90.4216350617137,109.224671590538,110.467091134674,108.888796223956,98.7639967363607,92.8032412142545,103.167069334805,106.243980036876,105.515523777689,102.906754257735,92.5943023402601,90.3220763774451,90.8912016716344,110.428846779008,50.9993997561259,0,118.536673227832,118.351858293619,82.9477841676824,105.548996631508,107.295811148389,113.590175383431,83.7768959296918,88.1289706458614,94.5704985626412,94.9509510733988,105.02381136232,84.1398022346036,84.304373126954,82.1343448847031,91.7503596203747,93.99869362988,97.1930479289976,96.7621629215821,87.0007958420995,87.3132477129364,87.8257518203038,87.6908396548837,86.6548057541954,85.4085294267748,86.3372102946632,99.6779475816891,99.0414656700734,99.1073105899834,99.0034873282015,96.7941986713272,95.6213098885329,96.8566101489191,92.8005630592809,91.5613932221679,92.0296152538935,91.9888924693936,91.1751510152365,125.772230460325,105.741500055492,101.124163509982,80.8180245317928,80.1644374835962,78.7539484147521,76.5625979039943,90.198676732078,95.3042056123752,86.9878674031474,89.3459476632232,93.1090111519102,103.114439460422,105.738786913027,114.323664004,93.7887733380996,99.2874151467944,108.977594362409
83.4030793766737,84.1433883062502,84.2150023649735,81.5939638716999,85.9813978321604,83.4226609862782,81.8420083683599,81.0895514233644,84.6361142841332,82.3305315137733,101.652695723515,82.0831600931574,83.2877603077731,81.3435197783418,92.8243372241411,86.1332563749226,81.8064526572492,85.1600222444306,84.1408107775048,81.8782276971622,76.0605405407844,74.9167507308876,74.8782211282885,75.3778870318285,113.42767467816,118.536673227832,0,66.3743975654122,78.4114730998358,74.1085646603033,75.916248168216,82.9690410737929,103.89429579219,73.7722300691204,85.7459607657021,85.0183989571815,78.31874687517,99.8967988216536,101.11937004335,99.3161664242156,102.185051418093,104.76181094627,106.761333695143,106.685412205029,100.709150949161,102.67114026945,102.639719771296,102.2559640179,101.930275840084,99.8384418770511,102.522047781988,80.8359622904489,80.2622616719614,80.7667802845678,79.1968738723952,80.8028793812864,79.1041292400691,79.7635918226234,69.8086263082783,74.1885698538467,74.5050887880355,73.889885907884,72.9017130886047,103.533166660116,79.2203476888484,63.9465472995299,110.96797122132,112.344980600307,109.776072150305,106.393204684779,99.3227072247168,104.25062519308,99.3415172322071,101.677157115221,99.6576200535576,72.3456178244076,74.3894948203589,101.193797001248,69.184338032624,81.2091435559262,81.079093083568
84.1594579177096,84.9516146689374,84.9594668112862,82.4063875625153,86.8405088206031,84.1530663294161,82.5560000955651,81.8854975976168,86.2032080592573,83.9161087132876,101.306215005581,83.5632838971213,84.7692948851067,82.8642835838668,92.6699344915009,85.8256513856664,82.7718734419069,86.1107079799724,85.1102870881261,82.822720832792,76.641255305068,75.4294773493998,75.4173999066057,71.9416142787614,113.277624458202,118.351858293619,66.3743975654122,0,78.5105132832659,75.9980399720995,77.7845735114286,84.8207078921075,103.690238487403,74.2068296985217,85.3656343201454,84.6283654662278,79.7560093542061,99.5629560710404,100.7903887988,98.9876422550376,101.823593667659,104.402884882032,106.395154540319,106.322205664248,100.367805230186,102.335661833245,102.302939332371,101.917515842749,101.595344116624,99.4997701973508,102.189634844349,81.627328566824,81.0437940582856,81.5287076177728,80.0476917469973,81.434648557007,79.7548408215688,80.4439209145714,70.3341280124672,74.7739240436413,75.077085934281,74.4923539189169,73.4898826305283,104.579626201167,80.0501071682666,65.6211398916026,110.680566965048,112.063375069062,109.491656006862,106.105735509384,98.9621265738174,103.888160660667,98.9951147540875,101.330190749296,99.2856453547748,71.8769742466712,73.4844512913441,100.46006690811,69.4779811560345,81.6601420280295,82.6083207813677
58.9522948365861,60.4776333844101,60.3975656122136,57.2668185396511,62.3393542826389,60.2204573185545,59.216694108186,58.613655972009,67.9323214401512,65.832306452815,75.9874136618305,64.1918717505825,65.4450678970284,63.9917998288992,52.4246589692512,52.1679150387114,56.2249108677039,59.2210707090291,58.5814602034443,55.8635763321857,43.8459508311391,41.0611596121609,41.8740820062833,71.9868916636512,76.254288338848,82.9477841676824,78.4114730998358,78.5105132832659,0,61.8551688506747,63.5699638349775,69.71943511248,67.5164128348515,38.1611478554721,54.2950142327732,54.0458321926535,59.8446113945545,71.6667754701948,72.6342956468607,71.0799363151665,75.3739970017045,78.0218068367123,80.2722439560226,80.2584970159088,73.9714778895091,75.4108520853039,75.7147217062481,75.211359432216,74.9397864471456,72.9012256308029,75.0463043654391,51.9469147248953,51.2756267406837,51.2293454491692,51.5631844688924,48.2517627918017,47.177209811474,48.5731530094493,46.5098335698967,43.027987462256,43.5156424334181,43.7112059472213,42.9400589204497,79.1261615034194,60.5471217823132,58.5248058777815,80.807453196285,81.8396354950351,79.4182863863054,76.1967163205269,73.825163583128,78.7248449845448,72.9929695096241,75.2697109528567,74.9941862189899,60.0961164305816,63.2173244407709,78.2449224841416,48.4249238763199,50.8893742520572,64.1756219887864
