0.774706 0.0551634 9.9991E-05 0.0140415 0.11812 0.0378693
0.656925 0.0527864 0.18726 0.0250827 0.0778461 9.9991E-05
0.758764 0.0810069 9.9982E-05 0.0199643 0.140065 9.9982E-05
0.650653 0.21513 0.117627 0.0163901 9.9982E-05 9.9982E-05
0.866035 9.9982E-05 0.0385073 0.0019904 9.9982E-05 0.0932669
0.730534 9.9973E-05 0.213748 9.9973E-05 9.9973E-05 0.0554183
0.51474 0.174436 0.246844 9.9991E-05 0.0563077 0.00757222
0.671838 0.168166 0.120678 0.0391188 9.9982E-05 9.9982E-05
0.202368 9.9991E-05 0.66096 0.00327908 0.0626524 0.0706401
0.275895 0.271748 0.272887 0.0191547 0.160215 9.9991E-05
0.00792214 0.44943 0.407644 0.0620923 0.0247566 0.0481557
0.312222 0.0880539 0.372292 0.0229551 0.127818 0.0766593
9.999E-05 0.61891 0.220484 0.0469875 0.0421255 0.071393
0.00204193 0.0854615 0.732798 9.9991E-05 0.0873685 0.0922301
0.524339 9.9991E-05 0.220751 0.0446931 0.12547 0.0846469
0.185737 0.212918 0.55648 0.0221498 0.0226157 9.9991E-05
0.228513 0.082566 0.525603 9.9982E-05 0.163118 9.9982E-05
0.6123 9.9973E-05 0.376106 0.0112949 9.9973E-05 9.9973E-05
9.999E-05 0.106227 0.207159 0.0705218 0.480882 0.13511
9.9973E-05 0.121321 0.353761 9.9973E-05 0.524618 9.9973E-05
0.145493 0.0695043 0.120685 0.013565 0.650653 9.9991E-05
0.0263784 0.140553 9.9991E-05 0.0155888 0.787262 0.0301178
9.9973E-05 0.0340602 9.9973E-05 0.0325529 0.933087 9.9973E-05
0.0278105 9.9982E-05 0.200757 0.045376 0.725856 9.9982E-05
0.100444 0.0946076 0.163613 9.9982E-05 0.641135 9.9982E-05
0.167373 9.9964E-05 9.9964E-05 9.9964E-05 0.832227 9.9964E-05
9.9982E-05 0.00430094 9.9982E-05 0.0356834 0.869573 0.090243
9.999E-05 0.0703848 0.0372957 0.0415849 0.846826 0.00380842
0.102722 9.9973E-05 9.9973E-05 9.9973E-05 0.876778 0.0202002
0.0798314 0.0721795 9.9991E-05 0.00152612 0.790771 0.0555917
9.9982E-05 9.9982E-05 0.0661647 0.0111244 0.899604 0.0229073
9.9982E-05 9.9982E-05 0.187203 0.032673 0.766019 0.0139045
0.0315142 0.0763305 9.9982E-05 0.0861738 0.805782 9.9982E-05
0.349054 0.224409 0.203036 0.0714751 0.151926 9.9991E-05
0.387051 9.9982E-05 0.307326 9.9982E-05 0.281342 0.0240802
0.735819 9.9982E-05 0.0558601 9.9982E-05 0.137362 0.070759
0.684584 0.238344 9.9982E-05 0.0329852 0.043887 9.9982E-05
0.328298 0.186018 0.287615 0.0220843 0.111118 0.0648665
9.996E-05 9.996E-05 9.996E-05 0.9995 9.996E-05 9.996E-05
9.9973E-05 0.199032 9.9973E-05 0.0387725 0.761896 9.9973E-05
0.690187 9.9991E-05 0.0447403 0.000592621 0.130125 0.134255
0.493651 0.0890502 0.293663 9.9982E-05 0.123436 9.9982E-05
0.279513 0.246773 0.137636 0.00759714 0.24214 0.0863411
0.0356197 0.601991 0.110615 0.0606731 0.0828537 0.108247
9.9973E-05 0.956206 9.9973E-05 0.0243791 0.0191144 9.9973E-05
9.996E-05 9.996E-05 9.996E-05 0.9995 9.996E-05 9.996E-05
0.267336 0.19263 0.276617 0.0803073 0.164625 0.0184846
0.0600142 0.480968 0.306325 9.9991E-05 0.0755682 0.0770245
0.232569 0.11608 0.216932 0.0451753 0.265904 0.123339
9.9982E-05 0.153299 0.105307 9.9982E-05 0.0240454 0.717149
9.9982E-05 0.0882624 0.171091 0.00577991 9.9982E-05 0.734667
0.140119 9.9982E-05 0.0857208 9.9982E-05 0.0130429 0.760917
9.9991E-05 0.255839 0.0165601 0.0441194 0.00471628 0.678665
9.9973E-05 9.9973E-05 0.178312 0.0572047 9.9973E-05 0.764184
9.9973E-05 9.9973E-05 0.199534 9.9973E-05 0.00869104 0.791475
9.9964E-05 9.9964E-05 0.342449 9.9964E-05 9.9964E-05 0.657151
9.9964E-05 9.9964E-05 0.243448 9.9964E-05 9.9964E-05 0.756153
9.9982E-05 0.0219129 9.9982E-05 0.00453005 0.130973 0.842384
0.00162689 0.164698 0.0899577 0.037558 9.9991E-05 0.70606
0.0706809 0.308985 0.0231371 0.0386721 9.9991E-05 0.558425
9.9973E-05 0.073948 9.9973E-05 9.9973E-05 0.134875 0.790877
9.9982E-05 0.17063 0.099581 9.9982E-05 0.0763876 0.653202
9.9991E-05 0.528538 0.0880638 0.0616836 0.0124763 0.309138
0.176843 0.0954401 0.0439034 0.00844636 0.675267 9.9991E-05
0.196201 0.0420562 9.9991E-05 0.043506 0.704116 0.0140206
0.18061 9.9964E-05 9.9964E-05 9.9964E-05 0.81899 9.9964E-05
9.9982E-05 0.130153 0.188744 0.0158958 9.9982E-05 0.665007
0.0912346 0.339558 9.9982E-05 0.0788085 9.9982E-05 0.490199
0.0297296 0.0368133 0.102822 0.0269816 0.0702057 0.733448
9.9982E-05 0.286718 9.9982E-05 0.0553488 0.0242063 0.633527
0.179685 9.9973E-05 9.9973E-05 0.0452922 9.9973E-05 0.774723
0.0794237 0.550216 0.241312 9.9982E-05 9.9982E-05 0.128849
9.9982E-05 0.590324 0.31907 0.00627309 9.9982E-05 0.084132
9.9982E-05 0.779386 0.12144 0.00269264 9.9982E-05 0.0962813
9.9973E-05 0.956297 9.9973E-05 0.0272013 9.9973E-05 0.0162018
9.9973E-05 0.856515 9.9973E-05 0.0430131 0.100172 9.9973E-05
9.9982E-05 0.82212 0.136986 0.0157011 9.9982E-05 0.0249929
0.202293 0.679763 9.9991E-05 0.0395633 0.0365433 0.0417375
9.9973E-05 0.14352 0.232152 9.9973E-05 9.9973E-05 0.624028
0.197798 0.252461 9.9982E-05 0.101099 9.9982E-05 0.448443
0.0379852 0.193316 9.9991E-05 0.00876638 0.0796182 0.680214
9.9991E-05 0.0236591 0.143609 0.0420085 0.0587843 0.731839
9.9973E-05 9.9973E-05 0.33163 0.0213415 9.9973E-05 0.646728
9.9991E-05 0.0714748 0.258094 0.0181577 0.614584 0.0375898
0.0686235 0.543141 0.037773 9.9991E-05 0.122324 0.228039
9.9973E-05 0.894568 0.00472039 9.9973E-05 9.9973E-05 0.100411
9.996E-05 9.996E-05 9.996E-05 0.9995 9.996E-05 9.996E-05
0.609215 0.0836819 0.13127 9.9982E-05 0.175633 9.9982E-05
0.674007 0.0923542 0.0471542 0.0158258 0.170558 9.9991E-05
0.169489 0.151077 0.564726 0.030437 0.0841716 9.9991E-05
9.9991E-05 0.240421 0.53299 0.024319 0.147284 0.0548864
0.636349 0.112385 0.150759 0.0040267 0.0361839 0.060296
9.9982E-05 0.751539 0.0152828 9.9982E-05 0.062635 0.170344
0.17581 0.148124 0.0728495 0.0497094 0.552356 0.00115131
0.0898222 0.639205 0.038603 0.0847514 9.9991E-05 0.147519
0.215577 0.331473 0.0937647 0.013424 0.271076 0.0746853
0.472912 9.9982E-05 0.390359 0.00496978 0.131559 9.9982E-05
0.49526 0.330902 0.111466 9.9982E-05 0.0621718 9.9982E-05
0.286014 0.176076 0.480095 9.9982E-05 0.0576152 9.9982E-05
0.0106468 0.145905 0.814811 0.0109852 9.9991E-05 0.017552
0.565935 0.371494 9.9973E-05 9.9973E-05 0.0622712 9.9973E-05
9.9964E-05 0.0832781 0.916322 9.9964E-05 9.9964E-05 9.9964E-05
0.0632635 0.735705 9.9982E-05 0.0199705 9.9982E-05 0.180861
0.0669048 0.507499 0.115007 0.071328 0.0577509 0.18151
0.0672884 0.701753 9.9982E-05 0.0971256 9.9982E-05 0.133633
0.00749995 0.60127 0.181373 0.00709932 0.202658 9.9991E-05
0.124577 0.454433 0.229763 9.9991E-05 0.0931564 0.0979705
0.225454 9.9982E-05 0.326309 9.9982E-05 0.388893 0.059144
0.125055 9.9973E-05 0.111914 9.9973E-05 9.9973E-05 0.762731
0.0520452 0.230043 9.9991E-05 0.029114 0.0204932 0.668205
0.0567997 0.64191 9.9982E-05 9.9982E-05 0.152785 0.148305
9.9991E-05 0.451403 0.292297 0.0366212 0.105214 0.114365
0.187898 0.411573 9.9991E-05 0.0499393 0.21858 0.131909
9.9964E-05 0.273963 9.9964E-05 9.9964E-05 0.725637 9.9964E-05
0.0110425 0.251389 9.9991E-05 0.0454762 0.0632028 0.628789
9.9982E-05 0.341979 0.0110067 9.9982E-05 0.042891 0.603923
0.0667472 0.422952 0.0505506 9.9982E-05 9.9982E-05 0.45955
0.339961 0.0995337 9.9991E-05 0.0299406 0.472688 0.0577762
0.678943 9.9991E-05 0.0706373 0.00841219 0.18416 0.0577484
0.612979 0.197593 0.112489 0.0500256 0.0149272 0.0119855
0.736002 9.9982E-05 0.094775 9.9982E-05 0.0598511 0.109172
0.454652 9.9973E-05 0.180789 9.9973E-05 0.364259 9.9973E-05
0.614232 0.0655426 0.131915 0.0384985 0.149712 9.9991E-05
0.827777 0.0321335 9.9982E-05 9.9982E-05 0.115685 0.0242041
0.733089 9.9982E-05 0.192691 0.0195558 9.9982E-05 0.0544641
0.376297 0.176923 0.0978 9.9991E-05 0.342852 0.00602809
0.0453575 0.0010306 0.888767 0.0100508 0.0491896 0.00560484
9.9982E-05 0.0350044 0.928024 0.0172332 0.0195386 9.9982E-05
0.23555 0.10753 0.630361 9.9982E-05 0.0263579 9.9982E-05
0.359207 0.170979 0.185068 9.9991E-05 0.236387 0.0482589
0.10891 9.9982E-05 0.808895 0.0352234 9.9982E-05 0.0467718
0.018824 0.267584 0.522569 0.0170734 0.17385 9.9991E-05
0.628984 0.00256112 0.238614 0.00130051 0.0804586 0.0480813
9.9973E-05 0.103411 0.0471806 9.9973E-05 0.849108 9.9973E-05
0.133579 0.0358571 9.9973E-05 9.9973E-05 0.830264 9.9973E-05
9.9973E-05 9.9973E-05 0.177695 0.0444176 0.777588 9.9973E-05
9.9991E-05 0.087529 0.182723 0.000126951 0.695262 0.0342585
0.0267837 0.134249 9.9991E-05 0.0260989 0.787477 0.0252907
0.547663 0.256321 0.113757 9.9982E-05 9.9982E-05 0.0820589
0.734628 0.114902 9.9982E-05 0.0241525 0.126118 9.9982E-05
9.9964E-05 0.114367 9.9964E-05 9.9964E-05 9.9964E-05 0.885233
0.0129572 0.0871873 0.0943535 0.0349637 0.0118817 0.758657
0.137104 0.0136823 9.9991E-05 0.00709199 0.0175902 0.824432
0.106158 0.209487 9.9982E-05 9.9982E-05 0.0342786 0.649876
0.0998971 0.0176758 0.0360024 0.0153775 9.9991E-05 0.830947
9.9982E-05 0.0814296 9.9982E-05 0.0212719 0.127475 0.769623
0.0871645 0.0373185 9.9982E-05 0.0191739 9.9982E-05 0.856143
9.9982E-05 0.064639 9.9982E-05 0.00650858 0.13611 0.792543
0.030737 0.0224509 0.00255725 9.9991E-05 0.116398 0.827757
0.0417318 0.00611381 9.9991E-05 0.00993518 0.0903799 0.851739
9.9982E-05 0.206283 9.9982E-05 0.0516513 0.0054235 0.736443
0.126075 9.9991E-05 0.0457099 0.044619 0.0329902 0.750506
0.0691558 9.9991E-05 0.133299 0.0237652 0.0267696 0.74691
0.021221 9.9991E-05 0.0587542 0.0225708 0.0445021 0.852852
0.107462 0.12354 9.9991E-05 0.0126429 0.0134206 0.742835
0.18564 9.9973E-05 9.9973E-05 0.0148184 9.9973E-05 0.799242
0.0249562 0.0342196 0.0121953 0.00958946 0.0901075 0.828932
0.038112 0.785558 0.00614866 0.00302489 0.0318852 0.135272
0.0870319 0.912568 9.9964E-05 9.9964E-05 9.9964E-05 9.9964E-05
0.02959 0.187686 9.9973E-05 9.9973E-05 9.9973E-05 0.782424
0.214818 0.0513764 0.065025 0.00550976 0.012421 0.65085
9.9982E-05 0.1687 9.9982E-05 0.00631262 0.0515777 0.773209
0.0338905 0.537444 0.282218 9.9982E-05 9.9982E-05 0.146248
0.884259 0.0967611 9.9973E-05 0.0186799 9.9973E-05 9.9973E-05
0.687645 9.9991E-05 0.138188 0.0105324 0.157406 0.00612805
0.385936 0.240737 9.9973E-05 9.9973E-05 0.373027 9.9973E-05
0.0606561 0.14956 0.296389 9.9982E-05 0.493195 9.9982E-05
9.9982E-05 0.220355 0.0481936 0.00119876 0.730053 9.9982E-05
9.9991E-05 0.0205986 0.0958572 0.00281134 0.840523 0.0401102
0.16675 9.9991E-05 0.0986476 0.0226232 0.706106 0.00577356
9.9991E-05 0.046704 0.287655 0.0196595 0.634677 0.0112046
9.9991E-05 0.0289539 0.118957 0.0287006 0.718549 0.104739
0.123072 9.9991E-05 0.0582885 0.0566542 0.70239 0.0594955
0.831588 0.0387808 9.9991E-05 0.000618022 0.102647 0.0262669
0.752839 0.109426 9.9991E-05 0.037693 0.034698 0.065244
0.628142 0.27643 0.0714131 0.0238154 9.9982E-05 9.9982E-05
0.700011 0.299589 9.99641E-05 9.99641E-05 9.99641E-05 9.99641E-05
0.648238 0.211534 0.135171 0.00485735 9.9982E-05 9.9982E-05
0.545722 0.399224 0.0547541 9.9973E-05 9.9973E-05 9.9973E-05
0.147857 0.0595611 0.632547 0.00575906 0.151586 0.00269077
9.9982E-05 0.0638503 0.844998 9.9982E-05 0.0378316 0.05312
9.9973E-05 0.0549148 0.896952 0.0478329 9.9973E-05 9.9973E-05
0.0358849 0.114712 0.7103 0.0333358 0.104641 0.00112696
0.151326 9.9982E-05 0.758078 0.0385607 9.9982E-05 0.051835
9.9982E-05 9.9982E-05 0.226982 0.123559 0.563982 0.0852771
9.9991E-05 0.196421 0.110884 0.00377752 0.00778003 0.681037
0.0364393 0.0446658 0.0015333 0.0296098 0.137116 0.750636
9.9982E-05 0.129521 0.0749529 0.00506655 9.9982E-05 0.79026
0.126765 0.0890095 0.103218 9.9982E-05 9.9982E-05 0.680808
0.12935 0.0202685 9.9991E-05 0.0266294 0.0622571 0.761395
0.0427044 0.121341 0.500445 0.0297007 0.219287 0.0865217
0.250707 0.0396421 0.482636 0.0266051 0.20031 9.9991E-05
0.045395 9.9973E-05 0.898027 0.0562784 9.9973E-05 9.9973E-05
0.334007 0.216629 0.266984 0.0308179 0.151462 9.9991E-05
