9.9973E-05 0.0237808 9.9973E-05 0.22346 0.30934 9.9973E-05 0.44312
0.133929 0.0323045 0.121917 0.00430889 0.0293721 9.9991E-05 0.678069
9.9982E-05 0.00574536 9.9982E-05 0.367083 0.0910106 0.0252636 0.510697
9.9973E-05 0.0183318 9.9973E-05 0.122837 0.310343 9.9973E-05 0.548188
9.9973E-05 0.006948 9.9973E-05 0.114774 9.9973E-05 0.0865258 0.791453
0.201677 9.9964E-05 9.9964E-05 0.123389 9.9964E-05 9.9964E-05 0.674534
0.244511 9.9982E-05 0.0701342 0.0102631 0.13394 9.9982E-05 0.540952
9.9973E-05 0.0444151 0.0281182 9.9973E-05 0.434573 9.9973E-05 0.492594
0.199773 0.0185225 0.10917 0.0881801 9.9991E-05 0.0283136 0.555941
9.9982E-05 0.0338203 0.00339354 0.262645 0.297864 9.9982E-05 0.402077
0.0865453 0.0691452 0.151977 9.9991E-05 0.479941 0.03935 0.172942
0.174926 0.0163908 9.9982E-05 0.418423 0.109222 9.9982E-05 0.280838
0.782888 0.0302665 0.045295 9.9973E-05 0.14125 9.9973E-05 9.9973E-05
9.9982E-05 9.9982E-05 0.0730495 0.276715 0.283958 0.0554821 0.310596
0.0183358 0.0453142 9.9982E-05 0.268375 9.9982E-05 0.0766208 0.591154
0.0701618 0.0201082 0.170182 9.9982E-05 0.208716 9.9982E-05 0.530632
0.113707 9.9991E-05 0.177997 0.101305 0.0976272 0.00689728 0.502366
0.0854089 0.0395721 0.0419723 0.0816574 9.9982E-05 9.9982E-05 0.751189
0.430759 0.0407258 0.308527 0.175272 9.9982E-05 9.9982E-05 0.0445161
0.25233 9.9973E-05 0.281568 0.449335 9.9973E-05 9.9973E-05 0.0164674
0.0153103 9.9991E-05 0.769961 0.0190663 0.0425999 0.0268509 0.126112
0.00523367 9.9982E-05 0.695769 0.208592 0.0603363 0.0298699 9.9982E-05
9.9964E-05 0.0300986 0.944301 9.9964E-05 0.0252008 9.9964E-05 9.9964E-05
0.12475 0.021075 0.646048 0.187007 9.9982E-05 9.9982E-05 0.0209195
9.9973E-05 9.9973E-05 0.6199 0.0838017 0.178774 9.9973E-05 0.117225
9.9973E-05 0.00207837 0.745169 0.23636 0.0160921 9.9973E-05 9.9973E-05
9.9973E-05 0.0303234 0.480498 0.464632 9.9973E-05 0.0242463 9.9973E-05
0.0864118 0.0113308 0.81093 0.0479505 9.9982E-05 0.0431765 9.9982E-05
9.9955E-05 9.9955E-05 0.533086 0.466414 9.9955E-05 9.9955E-05 9.9955E-05
0.0934579 9.9973E-05 0.712717 0.140154 9.9973E-05 0.0533711 9.9973E-05
0.110963 9.9964E-05 0.717928 0.17071 9.9964E-05 9.9964E-05 9.9964E-05
9.9982E-05 0.0370247 0.766642 0.106881 9.9982E-05 0.0531104 0.0361415
9.9964E-05 0.0428795 0.908228 9.9964E-05 0.0484923 9.9964E-05 9.9964E-05
0.224083 0.047919 9.9982E-05 0.3066 0.00276239 9.9982E-05 0.418436
9.999E-05 0.000129262 0.0195223 0.348878 0.0151901 0.0317624 0.584418
9.9973E-05 9.9973E-05 9.9973E-05 0.237951 0.226107 0.0809033 0.454739
9.9973E-05 0.0374998 9.9973E-05 0.181473 0.319785 9.9973E-05 0.460942
0.122096 0.025225 0.177764 0.0786495 0.163365 0.0525842 0.380316
9.995E-05 0.9994 9.995E-05 9.995E-05 9.995E-05 9.995E-05 9.995E-05
0.134506 0.0167481 0.409202 0.416884 0.0224596 9.9982E-05 9.9982E-05
0.0404625 9.9982E-05 0.00463472 0.266419 9.9982E-05 0.128955 0.559328
0.230424 9.9982E-05 0.1664 0.0135829 0.00416707 9.9982E-05 0.585226
0.565994 9.9964E-05 0.305243 9.9964E-05 9.9964E-05 9.9964E-05 0.128363
0.206127 0.0471731 0.142273 9.9991E-05 0.43928 0.104426 0.0606207
0.162903 0.00111226 9.9973E-05 0.10116 0.734525 9.9973E-05 9.9973E-05
9.995E-05 0.9994 9.995E-05 9.995E-05 9.995E-05 9.995E-05 9.995E-05
0.0122662 0.077964 9.9982E-05 0.310131 0.318559 9.9982E-05 0.28088
0.371465 9.9991E-05 0.0737044 0.114242 0.25231 0.00267616 0.185503
0.079206 0.00767417 0.115251 0.323907 0.162863 0.0916919 0.219406
0.308852 9.9964E-05 9.9964E-05 0.115368 9.9964E-05 0.57538 9.9964E-05
0.212149 0.0341972 0.043884 9.9982E-05 0.0789012 0.630669 9.9982E-05
0.0321836 9.9982E-05 0.0268491 0.0763102 9.9982E-05 0.715613 0.148845
0.114035 0.0604314 9.9982E-05 9.9982E-05 0.151214 0.611277 0.0628432
9.9973E-05 0.0251486 9.9973E-05 0.191337 9.9973E-05 0.756168 0.027047
0.059344 0.0041699 0.0926239 0.042087 9.9991E-05 0.737576 0.0640991
0.073729 9.9982E-05 0.0236899 9.9982E-05 0.0629891 0.651807 0.187585
0.22734 0.0121911 0.0445983 9.9991E-05 0.0206333 0.662843 0.0322949
0.54675 9.9955E-05 9.9955E-05 9.9955E-05 9.9955E-05 0.45275 9.9955E-05
0.195478 0.034416 0.0347441 9.9982E-05 9.9982E-05 0.646766 0.0883956
0.435478 0.0412742 9.9982E-05 9.9982E-05 0.0124761 0.451036 0.0595349
0.617816 9.9955E-05 9.9955E-05 9.9955E-05 9.9955E-05 0.381684 9.9955E-05
0.213418 9.9973E-05 9.9973E-05 0.195376 0.0225179 0.568389 9.9973E-05
0.71681 0.0491151 9.99729E-05 9.99729E-05 0.0978763 0.135899 9.99729E-05
9.9982E-05 0.0262282 0.622551 0.156472 0.0931759 9.9982E-05 0.101373
9.9982E-05 0.0224149 0.541563 0.258823 9.9982E-05 0.0451781 0.131821
9.9982E-05 0.0135436 0.614449 0.279795 0.0069445 9.9982E-05 0.0850672
0.199235 0.00114196 9.9991E-05 0.0493846 0.147797 0.565867 0.0364737
9.9973E-05 0.0709781 9.9973E-05 0.111469 0.398486 0.418767 9.9973E-05
0.26144 0.00541443 0.155819 9.9982E-05 9.9982E-05 0.573328 0.00379917
0.0301199 0.0582066 9.9982E-05 0.0579561 0.231589 0.621929 9.9982E-05
0.0884454 0.0353502 9.9982E-05 0.116246 9.9982E-05 0.722887 0.036871
0.201029 0.0218163 9.9982E-05 9.9982E-05 0.515967 0.0913188 0.16967
0.717176 9.99729E-05 9.99729E-05 0.0931698 0.153651 9.99729E-05 0.0357035
0.254447 0.0126558 9.9982E-05 0.0594725 0.631445 0.0417802 9.9982E-05
0.0498515 0.0271958 9.99639E-05 9.99639E-05 0.922553 9.99639E-05 9.99639E-05
0.298097 0.0122475 0.094854 9.9973E-05 0.594501 9.9973E-05 9.9973E-05
0.391468 0.0222395 9.9973E-05 0.0608638 0.525129 9.9973E-05 9.9973E-05
9.9973E-05 0.0463011 0.0805807 9.9973E-05 0.869821 0.00299727 9.9973E-05
9.9955E-05 9.9955E-05 9.9955E-05 9.9955E-05 0.454543 0.544957 9.9955E-05
0.445704 0.103572 9.9982E-05 0.0989037 9.9982E-05 0.289964 0.0616557
0.130949 0.0308193 9.9982E-05 0.115513 0.158422 0.564097 9.9982E-05
0.17885 0.0567229 9.9982E-05 0.11024 0.0237081 0.630279 9.9982E-05
0.0646055 0.0150679 9.9982E-05 0.0215395 9.9982E-05 0.683096 0.215491
9.9973E-05 0.0129182 9.9973E-05 0.863488 0.116938 0.0063555 9.9973E-05
0.166102 9.9982E-05 0.155578 9.9982E-05 0.417504 0.224793 0.0358242
0.234496 9.9973E-05 0.0567818 9.9973E-05 0.630415 0.078008 9.9973E-05
9.995E-05 0.9994 9.995E-05 9.995E-05 9.995E-05 9.995E-05 9.995E-05
0.0495517 0.00329521 0.120419 0.163062 0.0455976 0.00603826 0.612036
9.9982E-05 0.0396877 0.0921772 0.129912 0.164275 9.9982E-05 0.573748
0.291969 0.0353794 0.123005 0.0658293 0.00421778 9.9991E-05 0.479499
0.224465 0.0264815 0.111599 0.212326 0.122203 0.0425388 0.260387
9.9973E-05 9.9973E-05 9.9973E-05 0.207902 0.225925 0.0263345 0.539539
0.664062 9.9955E-05 9.9955E-05 9.9955E-05 0.335438 9.9955E-05 9.9955E-05
0.262654 0.0093216 0.109489 0.519659 9.9982E-05 9.9982E-05 0.0986756
0.383902 0.0929113 9.9982E-05 0.0861323 0.34159 0.0952646 9.9982E-05
0.248526 0.0341224 0.34157 9.9982E-05 0.267011 9.9982E-05 0.108571
0.173643 9.9964E-05 0.203377 9.9964E-05 9.9964E-05 9.9964E-05 0.62258
0.00848446 9.9973E-05 0.128595 9.9973E-05 0.369389 9.9973E-05 0.493231
0.0894832 9.9982E-05 0.0492888 0.177009 0.276932 9.9982E-05 0.407087
0.278258 0.0220986 9.9982E-05 0.119116 0.158321 9.9982E-05 0.422007
9.9973E-05 9.9973E-05 0.0159704 0.11817 0.526368 9.9973E-05 0.339191
9.9964E-05 9.9964E-05 9.9964E-05 0.237549 0.328695 9.9964E-05 0.433357
0.406957 0.0258123 0.00164689 0.108098 0.338456 0.118929 9.9991E-05
0.0710884 0.0878801 9.9982E-05 0.276583 0.438134 0.126114 9.9982E-05
0.257345 0.0993716 0.0541232 9.9991E-05 0.44473 0.121938 0.0223923
0.192769 0.0127064 0.124435 0.102496 0.505228 9.9991E-05 0.0622659
0.237918 9.9982E-05 0.183352 9.9982E-05 0.366568 0.0261239 0.185838
9.9982E-05 9.9982E-05 0.441473 0.0252013 0.0935802 0.0582897 0.381256
0.043908 0.0059579 0.0347552 9.9982E-05 9.9982E-05 0.707778 0.207401
0.0998321 0.0259412 9.9982E-05 0.0683864 0.215487 0.590154 9.9982E-05
0.164184 9.9973E-05 9.9973E-05 0.2527 0.462999 0.119817 9.9973E-05
0.375734 0.0208183 0.000404145 0.211897 0.233576 0.0733099 0.0842613
0.204373 0.0541824 0.21173 0.0901512 0.352082 0.087382 9.9991E-05
9.9964E-05 9.9964E-05 0.183194 0.569146 0.247259 9.9964E-05 9.9964E-05
0.227005 0.0419105 0.0498631 0.0394 0.126676 0.515046 9.9991E-05
0.0396087 9.9973E-05 0.0425601 9.9973E-05 0.34675 0.570781 9.9973E-05
0.0607778 9.9973E-05 9.9973E-05 0.0387692 0.546783 0.35337 9.9973E-05
0.0514351 0.0351004 0.00255317 0.621559 9.9991E-05 0.0254928 0.263759
9.9991E-05 0.00373833 0.0200529 0.364715 0.110579 0.0355229 0.465292
9.9982E-05 0.0377024 0.161301 9.9982E-05 0.225928 0.0273522 0.547517
9.9973E-05 9.9973E-05 9.9973E-05 0.14448 0.186066 0.10895 0.560203
0.12926 9.9973E-05 0.04331 0.440505 9.9973E-05 9.9973E-05 0.386624
0.180964 0.00231774 0.082509 0.119834 9.9982E-05 9.9982E-05 0.614175
9.9973E-05 9.9973E-05 0.264527 9.9973E-05 0.0668364 0.0567066 0.61163
0.0319856 0.0126136 0.0741494 9.9982E-05 9.9982E-05 0.0759602 0.805091
0.0168432 9.9991E-05 0.275865 0.0628547 0.14057 0.0433788 0.460388
0.216431 9.9982E-05 0.0470143 0.123853 0.0131497 9.9982E-05 0.599352
0.246281 0.0182739 0.205219 9.9973E-05 9.9973E-05 9.9973E-05 0.529926
0.174465 0.00279927 0.144294 9.9982E-05 0.0939597 9.9982E-05 0.584282
9.9991E-05 0.0017711 0.0286598 0.344038 0.140006 0.0840446 0.40138
0.320033 0.053301 0.00795695 9.9973E-05 9.9973E-05 9.9973E-05 0.61841
0.397226 9.9973E-05 0.112213 0.170559 9.9973E-05 9.9973E-05 0.319703
0.171786 0.000808193 0.0925785 0.0951275 0.000574877 0.00149512 0.637629
0.0194853 9.9973E-05 0.728342 0.138792 0.11308 9.9973E-05 9.9973E-05
9.9964E-05 9.9964E-05 0.60428 0.386995 0.00832501 9.9964E-05 9.9964E-05
9.9973E-05 0.013297 0.826656 0.135224 9.9973E-05 9.9973E-05 0.0245227
9.9982E-05 9.9982E-05 0.523664 0.315538 0.0359591 0.0614137 0.063225
9.9991E-05 0.0195758 0.636479 0.246211 0.0585443 0.0351354 0.00395504
0.0680787 0.0123116 0.0274713 9.9991E-05 0.29965 0.0479708 0.544418
0.0285561 0.0197652 0.100238 0.122287 0.192074 9.9991E-05 0.53698
0.312643 9.99549E-05 9.99549E-05 9.99549E-05 9.99549E-05 0.686857 9.99549E-05
9.9973E-05 0.0479928 0.1556 9.9973E-05 0.1117 0.684407 9.9973E-05
9.9973E-05 9.9973E-05 0.0991112 9.9973E-05 0.0229283 0.7837 0.09396
9.9973E-05 0.00686257 0.173515 9.9973E-05 0.272908 0.546415 9.9973E-05
0.233817 0.00525531 9.9973E-05 9.9973E-05 9.9973E-05 0.716583 0.0440449
0.202267 9.9973E-05 0.136766 9.9973E-05 9.9973E-05 0.658027 0.00264026
0.0899976 0.0275438 9.9991E-05 0.0501321 0.0274246 0.785212 0.0195903
9.9955E-05 9.9955E-05 9.9955E-05 0.269304 9.9955E-05 0.730196 9.9955E-05
9.9964E-05 9.9964E-05 9.9964E-05 0.164948 0.09201 0.742642 9.9964E-05
0.0615098 0.00274115 0.171896 9.9982E-05 0.0284488 0.735204 9.9982E-05
9.9982E-05 0.0435566 0.0566843 9.9982E-05 0.085506 0.699365 0.114688
0.0184223 0.0314015 0.0360585 0.102058 0.0667393 0.679365 0.0659546
0.00441216 0.0106161 0.0831245 0.111942 9.9991E-05 0.71377 0.076035
0.0492341 0.00489497 0.0173072 0.110789 9.9991E-05 0.80435 0.013325
0.0867937 0.00508189 0.0442494 9.9991E-05 0.106524 0.729054 0.0281971
9.9973E-05 0.0323029 9.9973E-05 0.109523 9.9973E-05 0.797294 0.0605801
9.99879E-05 0.00571682 0.0720712 0.0672517 0.12152 0.73324 9.99879E-05
0.481783 9.9982E-05 0.0361132 9.9982E-05 0.341977 0.0273588 0.112568
0.463077 9.9973E-05 9.9973E-05 0.00167001 0.498432 9.9973E-05 0.036521
9.9964E-05 9.9964E-05 9.9964E-05 9.9964E-05 0.145087 0.763431 0.0910821
9.9982E-05 0.0290117 0.0891974 9.9982E-05 0.0999188 0.582998 0.198674
0.563681 9.99549E-05 9.99549E-05 9.99549E-05 9.99549E-05 0.43582 9.99549E-05
0.722768 9.9964E-05 9.9964E-05 9.9964E-05 0.130289 9.9964E-05 0.146543
9.9991E-05 0.0152216 0.0682905 0.00814683 0.0855891 0.0372453 0.785407
9.9982E-05 0.0136518 0.0498861 0.259454 0.112739 9.9982E-05 0.564069
0.184033 9.9982E-05 0.355651 0.131473 0.12117 9.9982E-05 0.207473
0.141134 9.9982E-05 0.420787 0.250714 0.0234816 9.9982E-05 0.163682
0.0125268 9.9955E-05 9.9955E-05 0.986973 9.9955E-05 9.9955E-05 9.9955E-05
0.0222923 9.9973E-05 0.302843 0.668836 9.9973E-05 0.00572827 9.9973E-05
9.995E-05 9.995E-05 9.995E-05 0.9994 9.995E-05 9.995E-05 9.995E-05
0.00443496 0.0325651 0.300663 0.633717 0.0284204 9.9982E-05 9.9982E-05
0.131881 0.0191464 0.350582 0.44298 0.01468 0.0406302 9.9991E-05
9.9982E-05 0.0410641 0.437809 0.419012 9.9982E-05 0.0623643 0.0395506
0.136984 0.000881567 9.9982E-05 0.216009 0.005562 9.9982E-05 0.640363
9.9982E-05 0.0494907 9.9982E-05 0.269067 0.0574066 0.0711529 0.552683
9.9973E-05 0.0479841 9.9973E-05 9.9973E-05 0.382448 0.00621296 0.563056
9.9955E-05 9.9955E-05 9.9955E-05 9.9955E-05 0.576108 9.9955E-05 0.423392
9.9964E-05 0.0131213 9.9964E-05 9.9964E-05 0.432172 9.9964E-05 0.554306
9.9973E-05 9.9973E-05 0.0516236 0.0249556 0.627497 9.9973E-05 0.295624
0.0873389 0.00298343 9.9982E-05 0.426776 0.130105 9.9982E-05 0.352596
0.274435 0.000759455 9.9982E-05 0.234615 0.0661987 9.9982E-05 0.423792
0.146276 0.023873 9.9982E-05 0.255593 0.0924745 9.9982E-05 0.481584
0.194531 0.0350468 9.9982E-05 0.300453 0.10851 9.9982E-05 0.36126
0.000974538 0.0311126 0.000131896 0.240944 0.219749 0.022648 0.48444
0.0150448 0.103787 0.0520866 0.784232 9.9982E-05 0.0446502 9.9982E-05
0.493838 9.9955E-05 9.9955E-05 9.9955E-05 9.9955E-05 0.505662 9.9955E-05
0.111923 0.0320921 0.151648 9.9982E-05 0.0741684 0.629969 9.9982E-05
9.9982E-05 0.00304058 0.0476189 0.00370883 0.208081 0.737351 9.9982E-05
9.9982E-05 0.0120989 0.0923571 9.9982E-05 0.23895 0.602808 0.053586
9.9973E-05 0.0247169 9.9973E-05 0.182448 9.9973E-05 0.717215 0.0753207
0.238752 0.0287439 0.323773 9.9982E-05 9.9982E-05 0.0511901 0.357341
0.192626 0.0107236 0.00646951 0.383391 0.0372182 9.9991E-05 0.369472
0.219462 0.0593869 9.9973E-05 0.136759 9.9973E-05 9.9973E-05 0.584092
0.226842 0.0299408 0.247771 9.9983E-05 0.10318 9.9983E-05 0.392067
