0.0424641 0.103299 9.9982E-05 0.026505 0.0983045 9.9982E-05 0.729227
0.00422331 0.0722036 0.136776 0.0219266 0.00757544 9.9991E-05 0.757195
0.00655257 0.155628 9.9982E-05 0.0118776 0.141996 9.9982E-05 0.683746
0.0970026 0.150408 0.0620763 0.00737524 9.9982E-05 9.9982E-05 0.682938
0.195759 9.9973E-05 0.0344768 9.9973E-05 9.9973E-05 0.0557091 0.713755
0.12339 9.9973E-05 0.235667 9.9973E-05 9.9973E-05 0.0438949 0.596748
0.240417 0.0188081 0.32232 9.9991E-05 0.0340326 0.0265139 0.357808
0.308809 0.0304375 0.0888927 0.0578541 9.9982E-05 9.9982E-05 0.513807
0.0647892 9.9991E-05 0.572658 0.003512 0.0573639 0.0473977 0.254179
0.101368 0.117783 0.309593 0.0415739 0.136465 0.00232415 0.290893
0.207315 0.311504 0.247386 0.060421 0.0245196 0.058395 0.0904597
9.9982E-05 0.168626 0.425266 0.0289473 0.154165 9.9982E-05 0.222796
9.9964E-05 0.682658 0.281239 0.0357034 9.9964E-05 9.9964E-05 9.9964E-05
0.00170536 0.10446 0.653421 9.9991E-05 0.156945 0.0434316 0.0399366
0.104302 9.9991E-05 0.332901 0.0453518 0.12997 0.0395002 0.347876
0.0243076 0.120233 0.606624 9.9973E-05 9.9973E-05 9.9973E-05 0.248535
0.178874 9.9982E-05 0.429753 9.9982E-05 0.119543 0.0148207 0.25681
9.9964E-05 9.9964E-05 0.475537 0.0172291 9.9964E-05 9.9964E-05 0.506834
9.9982E-05 0.142831 0.25176 0.0653237 0.444872 0.0950135 9.9982E-05
9.9973E-05 0.0642216 0.314573 9.9973E-05 0.581312 9.9973E-05 0.0395937
0.0418519 9.9991E-05 0.0982501 0.0162741 0.621623 0.0266132 0.195288
0.000981328 0.103086 9.9982E-05 9.9982E-05 0.75954 0.0019269 0.134266
0.0733688 0.0953879 9.9973E-05 0.044586 0.786357 9.9973E-05 9.9973E-05
9.9982E-05 0.0465398 0.0407076 0.0376275 0.649783 9.9982E-05 0.225142
0.171148 0.0614029 0.0894608 9.9982E-05 0.598817 9.9982E-05 0.0789712
9.9964E-05 9.9964E-05 9.9964E-05 0.0222128 0.807529 9.9964E-05 0.169859
0.0478887 9.9982E-05 9.9982E-05 0.0321542 0.795919 0.0848274 0.0390108
9.9982E-05 0.0228663 0.163165 0.0237597 0.713422 0.0765875 9.9982E-05
9.9964E-05 9.9964E-05 9.9964E-05 9.9964E-05 0.803683 0.00710491 0.188813
0.212817 9.9964E-05 9.9964E-05 9.9964E-05 0.744984 0.0417985 9.9964E-05
0.0637805 9.9973E-05 0.0905988 9.9973E-05 0.820718 0.024603 9.9973E-05
9.9982E-05 9.9982E-05 0.160254 0.0295286 0.751256 0.0400012 0.0187599
0.124789 0.0183516 0.0297902 0.0522874 0.771822 9.9991E-05 0.00285968
0.120792 0.161213 0.216903 0.0600965 0.153754 9.9991E-05 0.287142
0.122489 0.00738039 0.316404 9.9991E-05 0.191391 0.00686704 0.355369
0.524032 9.9982E-05 0.0475384 9.9982E-05 0.124683 0.0391572 0.264389
0.337618 0.102501 9.9991E-05 0.028384 0.0773688 0.00957094 0.444457
0.0788592 0.264367 0.279396 0.00738758 0.0875106 0.0479798 0.2345
9.995E-05 9.995E-05 9.995E-05 0.9994 9.995E-05 9.995E-05 9.995E-05
0.0368844 0.202874 9.9982E-05 0.0214464 0.707139 9.9982E-05 0.0314562
0.156973 9.9973E-05 9.9973E-05 9.9973E-05 0.121652 0.109505 0.61157
9.9973E-05 0.143753 0.199078 9.9973E-05 0.0767664 9.9973E-05 0.580103
0.00455443 0.298467 0.127018 0.039475 0.251258 0.053748 0.225479
9.9982E-05 0.571473 0.21201 0.0346306 9.9982E-05 0.0909333 0.0907531
0.104771 0.819461 9.9982E-05 0.00452454 0.0266357 9.9982E-05 0.0444084
9.995E-05 9.995E-05 9.995E-05 0.9994 9.995E-05 9.995E-05 9.995E-05
0.105729 0.187588 0.30754 0.0790693 0.159233 0.0111806 0.149659
0.237546 0.251018 0.341944 9.9982E-05 0.0622801 0.107012 9.9982E-05
9.9991E-05 0.10345 0.284939 0.0241766 0.266211 0.120299 0.200825
9.9982E-05 0.0927335 0.136446 0.0153337 9.9982E-05 0.682746 0.0725402
9.9973E-05 0.113176 0.13553 0.0395738 9.9973E-05 0.71142 9.9973E-05
0.00844826 9.9982E-05 0.121547 9.9982E-05 0.0196495 0.75615 0.0940057
9.9991E-05 0.168043 0.111071 0.0471101 0.031358 0.641243 0.00107441
0.0197458 9.9973E-05 0.163975 0.0553773 9.9973E-05 0.760602 9.9973E-05
9.9964E-05 9.9964E-05 0.232972 9.9964E-05 0.0236424 0.742986 9.9964E-05
9.9955E-05 9.9955E-05 0.372064 9.9955E-05 9.9955E-05 0.627437 9.9955E-05
9.9982E-05 0.0638964 0.189787 0.00169741 0.0299983 0.714421 9.9982E-05
9.9964E-05 9.9964E-05 9.9964E-05 0.0230558 0.145926 0.830619 9.9964E-05
9.9982E-05 0.0601624 0.055928 0.05107 9.9982E-05 0.690866 0.141774
9.9982E-05 0.249076 0.0806219 0.0189242 9.9982E-05 0.536947 0.114231
9.9973E-05 0.0898362 9.9973E-05 9.9973E-05 0.104335 0.780287 0.025242
9.99745E-05 0.193418 9.99745E-05 9.99745E-05 0.0476379 0.604648 0.153997
9.9973E-05 0.499832 0.155252 0.0509086 9.9973E-05 0.293707 9.9973E-05
0.0868821 9.9991E-05 0.114295 0.0244387 0.664448 0.0300465 0.07979
9.9973E-05 0.0575557 9.9973E-05 0.0316771 0.688302 9.9973E-05 0.222166
0.160813 9.9973E-05 9.9973E-05 0.00823891 0.777574 9.9973E-05 0.0530738
0.0631263 0.0679149 0.214421 9.9973E-05 9.9973E-05 0.654238 9.9973E-05
0.000587133 0.364876 9.9991E-05 0.0626065 0.01734 0.480322 0.0741683
9.9982E-05 0.244378 9.9982E-05 0.0228891 0.0216944 0.630401 0.080438
9.9973E-05 0.281969 0.0380264 0.0631806 9.9973E-05 0.616524 9.9973E-05
9.9982E-05 9.9982E-05 0.0044813 0.0598941 0.00444514 0.771744 0.159235
0.00788233 0.68983 0.17774 0.00104931 9.9991E-05 0.0504634 0.0729356
9.9964E-05 0.616707 0.364637 9.9964E-05 9.9964E-05 0.0182558 9.9964E-05
0.166326 0.723824 0.0224636 9.9982E-05 0.0325756 0.054611 9.9982E-05
9.9964E-05 0.968911 9.9964E-05 0.0254615 9.9964E-05 9.9964E-05 0.00522723
0.134839 0.713977 0.0567327 0.0215434 0.0727081 9.9982E-05 9.9982E-05
9.9964E-05 0.872002 0.105168 0.0224295 9.9964E-05 9.9964E-05 9.9964E-05
0.128605 0.721165 9.9982E-05 0.0173279 0.0679951 9.9982E-05 0.0647072
0.0535517 0.268753 0.115563 9.9973E-05 9.9973E-05 0.561832 9.9973E-05
0.0410846 0.357918 9.9982E-05 0.124173 9.9982E-05 0.36377 0.112855
0.0493812 0.169371 9.9991E-05 0.00508438 0.065088 0.643014 0.0679622
9.9982E-05 0.0591549 0.115938 0.0462765 0.0533031 0.725128 9.9982E-05
0.0727562 9.9964E-05 0.282983 9.9964E-05 9.9964E-05 0.643861 9.9964E-05
9.9982E-05 0.117356 0.273257 0.0293066 0.533657 0.0462229 9.9982E-05
0.122938 0.534671 9.9982E-05 9.9982E-05 0.125184 0.205699 0.0113083
0.0335198 0.87295 0.0343346 9.9973E-05 9.9973E-05 0.0588956 9.9973E-05
9.995E-05 9.995E-05 9.995E-05 0.9994 9.995E-05 9.995E-05 9.995E-05
0.0810308 0.128633 0.120304 0.00291275 0.108994 9.9991E-05 0.558026
9.9982E-05 0.080958 0.136398 0.0363187 0.0332124 9.9982E-05 0.712913
0.173535 0.143585 0.449613 0.0278892 0.143159 9.9991E-05 0.0621196
0.0292468 0.196803 0.590029 0.0270124 0.139656 0.0171522 9.9991E-05
0.311849 9.9982E-05 0.312038 9.9982E-05 0.0402164 0.0520737 0.283622
0.151563 0.758466 9.9973E-05 9.9973E-05 0.00713801 0.0825325 9.9973E-05
0.05969 0.270618 0.0253273 0.032226 0.455039 9.9991E-05 0.156999
9.9982E-05 0.657255 0.0270311 0.0937307 9.9982E-05 0.116575 0.105208
0.284252 0.159353 0.120234 0.0227667 0.279629 0.0817869 0.051978
9.9964E-05 9.9964E-05 0.448139 9.9964E-05 0.0523609 9.9964E-05 0.4991
0.430219 0.145591 0.10525 9.9982E-05 0.05414 9.9982E-05 0.264601
0.0674433 0.149922 0.292891 9.9982E-05 0.0613856 9.9982E-05 0.428158
0.131229 0.0380557 0.792764 9.9973E-05 9.9973E-05 0.0376514 9.9973E-05
0.794302 0.156192 9.9973E-05 0.00740076 0.041806 9.9973E-05 9.9973E-05
9.9964E-05 9.9964E-05 0.862832 9.9964E-05 0.00363412 9.9964E-05 0.133134
0.0880283 0.580658 9.9982E-05 0.0473464 9.9982E-05 0.208295 0.0754724
9.9991E-05 0.550691 0.151928 0.089545 0.0633639 0.0859602 0.058412
0.138654 0.576035 0.0587006 0.0839943 9.9982E-05 0.142416 9.9982E-05
0.04463 0.473549 0.303616 9.9973E-05 0.177906 9.9973E-05 9.9973E-05
9.9982E-05 0.41941 0.335375 9.9982E-05 0.097682 0.0495833 0.0977497
0.199958 9.9982E-05 0.291398 9.9982E-05 0.357044 0.025855 0.125545
0.15686 9.9973E-05 9.9973E-05 0.0147221 9.9973E-05 0.715921 0.112197
0.0318923 0.202023 0.00478148 0.0219133 0.0891574 0.637923 0.0123093
9.9973E-05 0.54975 9.9973E-05 9.9973E-05 0.0902584 0.136203 0.223489
0.0422927 0.301722 0.437432 0.0211053 0.0711672 0.126181 9.9991E-05
9.9982E-05 0.444899 9.9982E-05 0.0624481 0.172249 0.0937589 0.226445
0.0691653 0.265237 0.00461885 9.9973E-05 0.660679 9.9973E-05 9.9973E-05
0.0488101 0.315536 9.9982E-05 0.054846 0.0288826 0.551725 9.9982E-05
9.9973E-05 0.199903 0.154331 9.9973E-05 9.9973E-05 0.620464 0.0250022
0.165582 0.469517 9.9973E-05 9.9973E-05 9.9973E-05 0.357999 0.00660228
0.143233 0.0322242 0.0378084 0.0614264 0.38133 0.0153496 0.328629
9.9964E-05 9.9964E-05 9.9964E-05 9.9964E-05 0.109662 0.0508101 0.839128
0.180672 0.217383 9.9982E-05 0.0190919 9.9982E-05 0.00652863 0.576125
0.13609 9.9964E-05 9.9964E-05 9.9964E-05 9.9964E-05 0.0988508 0.76466
0.0957865 0.03202 0.148725 9.9982E-05 0.303584 9.9982E-05 0.419684
0.129757 0.0786297 0.188348 0.011556 0.0862008 9.9991E-05 0.505408
0.00942721 0.011994 9.9982E-05 9.9982E-05 0.025034 0.0212923 0.932052
9.9973E-05 9.9973E-05 0.0221625 0.00076579 9.9973E-05 0.0528331 0.923939
0.204259 0.0436831 0.212034 9.9982E-05 0.330892 9.9982E-05 0.208932
9.9955E-05 9.9955E-05 0.81347 9.9955E-05 9.9955E-05 9.9955E-05 0.18603
0.0904292 0.0259767 0.817309 0.0143 0.0517851 9.9982E-05 9.9982E-05
0.1106 0.00382835 0.87103 9.9973E-05 9.9973E-05 9.9973E-05 0.0142419
9.9982E-05 0.0511926 0.203918 9.9982E-05 0.124252 0.115808 0.50463
0.0129263 9.9982E-05 0.777332 0.0361724 9.9982E-05 0.0169046 0.156464
0.0142145 0.12808 0.644652 9.9982E-05 0.192011 0.0208427 9.9982E-05
9.9964E-05 0.157851 9.9964E-05 9.9964E-05 0.0197293 9.9964E-05 0.82202
0.191226 0.031677 9.9964E-05 9.9964E-05 0.776697 9.9964E-05 9.9964E-05
9.9964E-05 0.0798938 9.9964E-05 9.9964E-05 0.811339 9.9964E-05 0.108368
0.0329258 9.9973E-05 0.228322 0.0366373 0.701815 9.9973E-05 9.9973E-05
0.00800899 9.9982E-05 0.225008 9.9982E-05 0.647187 0.0774529 0.0421432
9.9973E-05 0.0890764 9.9973E-05 9.9973E-05 0.685441 0.00451605 0.220666
0.236427 0.200188 0.132799 0.00396265 9.9991E-05 0.0515687 0.374956
0.708024 0.0508261 9.9982E-05 0.0277636 0.100061 9.9982E-05 0.113125
9.9964E-05 0.0650501 9.9964E-05 9.9964E-05 9.9964E-05 0.876844 0.0577061
0.162731 9.9982E-05 0.0179838 0.0220669 0.0715441 0.725474 9.9982E-05
0.136029 0.00661866 9.9982E-05 9.9982E-05 0.0234045 0.769437 0.0643103
0.0530524 0.319388 9.9982E-05 9.9982E-05 0.0338837 0.542879 0.0505974
9.9973E-05 0.0066916 9.9973E-05 0.0395317 9.9973E-05 0.759288 0.194189
9.9964E-05 9.9964E-05 0.133116 9.9964E-05 0.117762 0.748722 9.9964E-05
9.9973E-05 0.10918 9.9973E-05 0.0108288 9.9973E-05 0.761417 0.118274
9.9973E-05 0.122465 9.9973E-05 9.9973E-05 0.0492942 0.723944 0.103998
9.9982E-05 0.000290841 0.0270077 9.9982E-05 0.0415262 0.791308 0.139667
9.9982E-05 0.0803049 9.9982E-05 0.0120963 0.0664523 0.762603 0.0783434
0.137107 0.0551471 0.0537668 0.0359266 9.9982E-05 0.717853 9.9982E-05
0.0124394 0.00394471 0.0815536 0.0252269 0.0815795 0.705265 0.0899905
9.9982E-05 9.9982E-05 0.0730954 0.0253818 0.0282839 0.716036 0.157003
0.0237143 9.9982E-05 0.0911229 0.0176721 0.0512014 0.816089 9.9982E-05
0.0999044 0.199019 9.9973E-05 0.0158955 9.9973E-05 0.684881 9.9973E-05
0.0345524 9.9973E-05 9.9973E-05 0.0343379 9.9973E-05 0.762977 0.167833
0.181564 9.9964E-05 9.9964E-05 9.9964E-05 0.0513681 0.766669 9.9964E-05
9.9964E-05 0.838727 9.9964E-05 9.9964E-05 9.9964E-05 0.0547735 0.1061
9.99652E-05 0.804352 0.127689 9.99652E-05 9.99652E-05 9.99652E-05 0.0675589
0.14085 0.03249 9.9973E-05 9.9973E-05 9.9973E-05 0.804462 0.0218981
0.280041 9.9973E-05 9.9973E-05 0.0300893 9.9973E-05 0.620145 0.0694251
9.9964E-05 0.190591 9.9964E-05 9.9964E-05 0.0291582 0.779851 9.9964E-05
0.0958527 0.687916 0.0457178 9.9982E-05 9.9982E-05 0.0481498 0.122163
0.0555779 0.0561326 9.9964E-05 9.9964E-05 9.9964E-05 9.9964E-05 0.88789
0.0773221 9.9982E-05 0.10212 0.0313959 0.181176 9.9982E-05 0.607785
9.9964E-05 0.217889 9.9964E-05 9.9964E-05 0.352417 9.9964E-05 0.429294
9.9973E-05 0.0902946 0.224842 9.9973E-05 0.516778 9.9973E-05 0.167786
0.0632165 0.129071 0.141851 9.9973E-05 0.665561 9.9973E-05 9.9973E-05
0.00723311 9.9973E-05 0.228856 9.9973E-05 0.697142 0.0664684 9.9973E-05
9.9982E-05 0.0293672 0.169887 0.0154011 0.642572 9.9982E-05 0.142573
9.9973E-05 0.128745 0.164944 0.00210251 0.703909 9.9973E-05 9.9973E-05
9.9982E-05 0.210462 0.0542761 0.0326295 0.69262 0.0098128 9.9982E-05
9.9973E-05 9.9973E-05 9.9973E-05 0.0697072 0.607843 0.0522107 0.26994
0.021283 0.0770258 0.00143466 0.000415278 0.05551 0.0199285 0.824403
0.259371 0.0261031 0.0281011 0.0647316 0.000338798 0.0646047 0.55675
0.949474 9.99549E-05 9.99549E-05 0.0500263 9.99549E-05 9.99549E-05 9.99549E-05
0.9994 9.995E-05 9.995E-05 9.995E-05 9.995E-05 9.995E-05 9.995E-05
0.9994 9.995E-05 9.995E-05 9.995E-05 9.995E-05 9.995E-05 9.995E-05
0.847715 0.151785 9.9955E-05 9.9955E-05 9.9955E-05 9.9955E-05 9.9955E-05
0.0732176 0.0777795 0.666429 0.0257836 0.0839266 9.9991E-05 0.0727635
9.9964E-05 0.04126 0.93936 9.9964E-05 0.0189805 9.9964E-05 9.9964E-05
0.0651018 9.9982E-05 0.853592 0.0157831 9.9982E-05 0.000268674 0.0650546
0.231254 0.0500786 0.595779 9.9973E-05 0.122588 9.9973E-05 9.9973E-05
0.219507 9.9982E-05 0.710246 0.0201055 0.0392014 0.0107397 9.9982E-05
9.9982E-05 9.9982E-05 0.292222 0.155557 0.450008 0.0589178 0.0430952
9.9991E-05 0.188723 0.083346 0.0159313 0.0203833 0.67113 0.0203866
0.0408521 0.051354 0.0539612 0.0315398 0.0930729 0.72912 9.9991E-05
0.0470933 0.101419 0.103621 9.9982E-05 0.00257432 0.745093 9.9982E-05
0.0803198 0.108514 0.0672979 0.000665947 9.9991E-05 0.640418 0.102685
9.9973E-05 9.9973E-05 9.9973E-05 0.00823757 0.0561109 0.757088 0.178264
0.279995 0.00138033 0.371533 0.00727989 0.218724 0.120987 9.9991E-05
0.0523365 9.9991E-05 0.423158 0.0323036 0.150977 0.00663526 0.33449
0.106528 9.9982E-05 0.750625 0.0543785 0.0184824 9.9982E-05 0.0697863
0.00194442 0.20889 0.371379 0.0260529 0.149422 9.9991E-05 0.242212
