0.0110115 0.135846 0.0182739 0.122815 9.9991E-05 0.711954
0.0167246 0.0623076 0.277287 0.0779061 9.9991E-05 0.565675
0.0114513 0.226816 9.9991E-05 0.0359401 0.0176733 0.70802
0.0159446 0.0126554 0.0787848 0.0866345 9.9991E-05 0.805881
0.0114759 0.00451328 0.107914 9.9991E-05 0.0368066 0.83919
9.9982E-05 9.9982E-05 0.206484 0.0382858 0.0454388 0.709591
9.999E-05 0.0452387 0.24832 0.152181 0.0181094 0.536051
0.0299262 9.9982E-05 0.228256 0.116705 9.9982E-05 0.624913
9.9982E-05 0.0684306 0.765936 9.9982E-05 0.0313878 0.134045
0.0275692 0.195619 0.341085 0.152475 9.9991E-05 0.283152
0.046784 0.0229601 0.443057 0.321335 0.0710772 0.0947861
0.0287501 0.172876 0.453722 0.185574 0.00437551 0.154703
0.0156506 0.00137044 0.294429 0.65377 0.0346798 9.9991E-05
9.999E-05 0.132625 0.641447 0.132624 0.0622252 0.0309785
0.0463023 0.14072 0.474709 9.9991E-05 0.0592846 0.278884
9.9982E-05 0.0395828 0.694888 0.120483 9.9982E-05 0.144847
9.9982E-05 0.146894 0.548838 9.9982E-05 0.0330054 0.271062
0.0198009 9.9973E-05 0.459957 9.9973E-05 9.9973E-05 0.519942
0.0627374 0.490142 0.167758 0.128587 0.0974335 0.0533423
9.9973E-05 0.591642 0.342592 0.0654655 9.9973E-05 9.9973E-05
0.0132985 0.63297 0.194993 9.9982E-05 9.9982E-05 0.158539
0.0102096 0.829121 9.9991E-05 0.0493142 0.0284565 0.082799
0.046981 0.883861 9.9973E-05 0.0688578 9.9973E-05 9.9973E-05
0.033967 0.760116 0.192721 9.9991E-05 0.00852612 0.00456993
9.9982E-05 0.676899 0.0754482 0.0852714 9.9982E-05 0.162182
0.0176832 0.871336 9.9973E-05 9.9973E-05 9.9973E-05 0.110681
0.0394219 0.869742 9.9982E-05 9.9982E-05 0.0776071 0.0130289
0.0383801 0.80023 0.0705053 0.040539 0.0502454 9.9991E-05
9.9973E-05 0.828626 9.9973E-05 9.9973E-05 0.0234926 0.147582
9.9982E-05 0.798424 0.0535268 9.9982E-05 0.0681406 0.0797082
9.9973E-05 0.83837 0.143975 9.9973E-05 0.0173548 9.9973E-05
0.0304036 0.774612 0.152828 9.9982E-05 0.0419566 9.9982E-05
0.0508812 0.782841 0.142643 0.0200537 0.00348099 9.9991E-05
0.0557198 0.14475 0.3874 0.218279 9.9991E-05 0.19375
9.9982E-05 0.275136 0.241153 9.9982E-05 0.028167 0.455344
0.000603734 0.118745 9.9991E-05 0.00296045 0.0771551 0.800436
0.0330906 0.0604088 9.9982E-05 0.152481 9.9982E-05 0.753819
0.00240508 0.0664381 0.412265 0.183839 0.0499261 0.285126
0.9995 9.996E-05 9.996E-05 9.996E-05 9.996E-05 9.996E-05
0.0246545 0.760272 9.9982E-05 0.197377 9.9982E-05 0.0174973
9.9982E-05 0.18224 0.0816742 9.9982E-05 0.0889895 0.646897
9.9982E-05 0.117104 0.395851 0.164091 9.9982E-05 0.322754
0.00330108 0.198952 0.413072 0.229221 0.0819575 0.073497
0.0135888 0.0501089 0.190585 0.598076 0.117405 0.0302373
0.00451742 0.0402739 9.9982E-05 0.911573 9.9982E-05 0.043436
0.9995 9.996E-05 9.996E-05 9.996E-05 9.996E-05 9.996E-05
0.0831435 0.181186 0.2601 0.280055 9.9991E-05 0.195416
9.9991E-05 0.0962147 0.352373 0.25998 0.123734 0.167598
0.038932 0.312482 0.333021 0.118057 0.0695523 0.127956
0.0170796 9.9982E-05 0.137114 0.162728 0.682879 9.9982E-05
0.0236003 9.9982E-05 0.0624015 0.18482 0.728978 9.9982E-05
9.9973E-05 9.9973E-05 0.104509 9.9973E-05 0.774479 0.120712
0.0493679 0.0106952 0.0587877 0.206543 0.674507 9.9991E-05
0.034158 0.0247268 0.11341 9.9982E-05 0.827506 9.9982E-05
9.9973E-05 0.0719902 0.107069 9.9973E-05 0.820641 9.9973E-05
9.9964E-05 9.9964E-05 0.356834 9.9964E-05 0.642766 9.9964E-05
0.0069717 9.9973E-05 0.24798 9.9973E-05 0.744749 9.9973E-05
0.0299571 0.0951436 9.9982E-05 0.0400093 0.83469 9.9982E-05
0.0397995 9.9982E-05 9.9982E-05 0.082364 0.759728 0.117908
0.0301864 9.9991E-05 0.066463 0.328356 0.557146 0.0177481
9.9973E-05 0.111335 9.9973E-05 0.09247 0.795895 9.9973E-05
9.9982E-05 0.0712057 9.9982E-05 0.190979 0.657187 0.0804287
0.0617862 0.00594434 0.121252 0.535884 0.275033 9.9991E-05
0.039737 0.686137 0.154543 0.000779777 0.0157569 0.103046
0.021668 0.778896 0.0710647 9.9991E-05 0.00558565 0.122686
0.0166151 0.769987 9.9973E-05 9.9973E-05 9.9973E-05 0.213098
0.0267788 0.00833642 0.192079 0.114629 0.657036 0.00114059
0.0782271 9.9982E-05 9.9982E-05 0.409794 0.467904 0.0438742
0.0155046 9.9991E-05 0.161221 0.0502106 0.731922 0.0410426
0.030419 9.9973E-05 9.9973E-05 0.278972 0.69031 9.9973E-05
0.0479632 9.9982E-05 9.9982E-05 0.040595 0.786613 0.124628
0.00909942 9.9991E-05 0.218962 0.626582 0.0981704 0.0470863
9.9973E-05 9.9973E-05 0.306197 0.689185 0.00431778 9.9973E-05
9.9991E-05 0.064959 0.0552448 0.75683 0.101145 0.0217203
0.0176806 9.9964E-05 9.9964E-05 0.98192 9.9964E-05 9.9964E-05
0.0342553 0.0366086 0.0615065 0.825383 9.9991E-05 0.042147
0.0150569 9.9964E-05 9.9964E-05 0.984543 9.9964E-05 9.9964E-05
0.0386571 0.0885524 0.0439203 0.730683 9.9991E-05 0.0980872
9.9973E-05 9.9973E-05 0.232561 0.156347 0.610792 9.9973E-05
0.114609 0.035063 9.9991E-05 0.309693 0.392047 0.148488
0.0313579 0.0704135 9.9991E-05 0.208356 0.680808 0.00896369
0.0539585 0.0778915 0.0897499 0.0566902 0.72161 9.9991E-05
0.0176675 9.9973E-05 0.298705 9.9973E-05 0.683327 9.9973E-05
0.0375911 0.674794 0.13551 0.151904 9.9982E-05 9.9982E-05
9.9991E-05 0.140324 0.0492477 0.447678 0.288518 0.0741328
9.9973E-05 9.9973E-05 9.9973E-05 0.828659 0.0968804 0.0741607
0.9995 9.996E-05 9.996E-05 9.996E-05 9.996E-05 9.996E-05
9.9982E-05 0.147974 0.147496 0.0848769 9.9982E-05 0.619453
0.0284975 0.121766 0.118816 0.0139169 9.9991E-05 0.716904
0.0228796 0.0829514 0.583586 0.141826 9.9991E-05 0.168657
0.0172553 0.214913 0.614185 0.077494 0.076053 9.9991E-05
9.9982E-05 0.0398513 0.308555 9.9982E-05 0.0556771 0.595717
9.9973E-05 9.9973E-05 9.9973E-05 0.849664 0.113842 0.0361939
0.0501238 0.56881 0.0344849 0.187557 9.9991E-05 0.158924
0.0958881 9.9991E-05 0.0301526 0.648531 0.185111 0.0402171
0.0236701 0.320174 0.0282426 0.349305 0.0447358 0.233873
9.9973E-05 0.14392 0.71282 9.9973E-05 9.9973E-05 0.14296
9.9982E-05 0.0994526 0.0826339 0.181201 9.9982E-05 0.636512
9.9982E-05 0.133476 0.360738 0.156971 9.9982E-05 0.348615
9.9973E-05 9.9973E-05 0.884838 0.112874 0.00198837 9.9973E-05
0.0222796 0.000369416 9.9982E-05 0.345646 9.9982E-05 0.631505
0.0117259 9.9973E-05 0.915782 0.0721917 9.9973E-05 9.9973E-05
0.0233562 0.0342002 9.9991E-05 0.575066 0.222381 0.144896
0.0753268 0.0703336 0.0186017 0.673004 0.101403 0.0613301
0.0985663 9.9991E-05 0.0428653 0.591532 0.17451 0.092426
9.9973E-05 0.0833827 0.437384 0.478934 9.9973E-05 9.9973E-05
9.99868E-05 0.0651673 0.410207 0.434388 0.0900382 9.99868E-05
9.9982E-05 0.43993 0.224439 9.9982E-05 0.0413947 0.294037
0.0268538 9.9982E-05 0.0435497 9.9982E-05 0.736795 0.192601
0.0471031 0.0190252 0.0087303 0.199111 0.666305 0.0597255
0.000706817 0.122683 9.9991E-05 0.635846 0.141114 0.0995505
0.0278408 0.0882207 0.302485 0.41837 0.162984 9.9991E-05
0.0432751 0.254598 9.9991E-05 0.487371 0.0995239 0.115132
9.9964E-05 0.70978 9.9964E-05 0.289821 9.9964E-05 9.9964E-05
0.039261 0.0561929 9.9982E-05 0.280434 0.623912 9.9982E-05
9.9973E-05 9.9973E-05 0.131143 0.233606 0.63495 9.9973E-05
9.9973E-05 9.9973E-05 9.9973E-05 0.381145 0.474153 0.144402
0.065496 0.402758 9.9991E-05 0.0617827 0.0231833 0.44668
9.9982E-05 0.265892 0.177801 9.9982E-05 0.0101103 0.545997
0.0136034 9.9991E-05 0.199211 0.146768 0.0153548 0.624963
9.9973E-05 0.0549173 9.9973E-05 9.9973E-05 0.0849724 0.85981
9.9982E-05 0.330633 0.283486 0.00716509 9.9982E-05 0.378516
0.0086734 0.15362 0.154304 0.0289632 0.00999097 0.644449
9.9973E-05 0.112224 9.9973E-05 0.07947 9.9973E-05 0.808006
0.00124026 9.9982E-05 0.273367 9.9982E-05 0.0377546 0.687439
9.9991E-05 0.35873 0.138171 0.0882548 0.022783 0.391962
0.0101413 0.0442826 0.848452 9.9982E-05 9.9982E-05 0.0969241
0.00930149 0.0477042 0.940428 9.9982E-05 9.9982E-05 0.00236613
0.013395 9.9982E-05 0.795239 0.0526147 9.9982E-05 0.138551
0.00551022 0.240232 0.246282 0.0697901 0.10538 0.332805
0.0229739 9.9991E-05 0.823063 0.0270866 0.00533095 0.121445
9.9973E-05 0.100363 0.707519 0.191818 9.9973E-05 9.9973E-05
9.9982E-05 0.0356969 0.319169 0.115737 9.9982E-05 0.529198
9.9973E-05 0.82461 0.0604477 0.114643 9.9973E-05 9.9973E-05
9.9973E-05 0.897493 9.9973E-05 0.0223646 9.9973E-05 0.0798424
0.037433 0.732161 0.230106 9.9973E-05 9.9973E-05 9.9973E-05
9.9973E-05 0.736289 0.193571 9.9973E-05 0.0698402 9.9973E-05
0.0214407 0.792263 9.9982E-05 9.9982E-05 0.058763 0.127333
0.010558 9.9982E-05 0.168934 0.287989 9.9982E-05 0.532319
0.0268512 0.203438 9.9982E-05 0.106528 9.9982E-05 0.662983
9.9964E-05 9.9964E-05 9.9964E-05 0.115933 0.883667 9.9964E-05
0.0365509 0.00681076 0.102738 0.0493992 0.768265 0.0362358
0.0132233 0.0279959 9.9982E-05 9.9982E-05 0.848918 0.109663
0.00173274 0.0420286 9.9991E-05 0.294683 0.608383 0.0530723
0.0219111 9.9991E-05 0.0658776 0.0324901 0.822554 0.0570669
0.0152308 0.103899 0.106892 0.0530208 0.720857 9.9991E-05
0.0194658 9.9982E-05 9.9982E-05 0.0492016 0.826376 0.104757
0.0207789 0.0849558 9.9991E-05 0.0451139 0.784736 0.0643152
0.00265613 0.105009 9.9991E-05 0.0956244 0.785662 0.0109484
0.00582181 0.106593 9.9991E-05 0.0531382 0.803775 0.0305712
0.0349223 9.9982E-05 0.0627265 0.139214 0.762937 9.9982E-05
0.0257735 0.00870447 0.160615 0.0856504 0.719157 9.9991E-05
0.0234072 0.0240677 0.0671121 9.9991E-05 0.760129 0.125184
0.0300323 0.0234923 0.0573039 9.9991E-05 0.813277 0.0757947
0.00723983 9.9982E-05 9.9982E-05 0.106759 0.786978 0.0988233
0.0337885 9.9973E-05 9.9973E-05 9.9973E-05 0.813392 0.15252
0.00411753 0.0902024 9.9991E-05 0.00495749 0.847136 0.0534861
9.9982E-05 0.0637415 9.9982E-05 0.734789 0.113157 0.088112
9.9973E-05 0.0148384 0.122518 0.862344 9.9973E-05 9.9973E-05
9.9973E-05 9.9973E-05 9.9973E-05 0.154503 0.78948 0.0557172
0.0248623 0.0150208 0.00561389 0.0699397 0.656333 0.228231
0.0199074 9.9973E-05 9.9973E-05 0.214771 0.765021 9.9973E-05
9.9982E-05 9.9982E-05 0.20377 0.526778 0.153971 0.115281
0.00439526 0.00795601 9.9991E-05 0.0184254 0.00680267 0.962321
0.023542 0.140778 0.376322 9.9982E-05 9.9982E-05 0.459158
9.9982E-05 0.442676 0.0745966 0.181419 9.9982E-05 0.301109
9.9991E-05 0.568116 0.28502 0.0558529 0.00834869 0.0825623
0.00657109 0.743347 0.096946 0.152832 9.9991E-05 0.000203738
9.9982E-05 0.847335 0.0611199 0.0703442 0.0210006 9.9982E-05
0.0303422 0.691992 0.0925571 9.9982E-05 9.9982E-05 0.184908
0.0347518 0.722418 0.167143 0.075487 9.9982E-05 9.9982E-05
0.0326608 0.674328 0.136372 0.0574964 0.0990427 9.9991E-05
0.0334758 0.739821 9.9982E-05 9.9982E-05 0.0884498 0.138054
0.00798519 0.0870437 0.0626666 0.0591304 0.0453356 0.737838
0.0450285 0.111384 9.9991E-05 0.0179836 0.0593174 0.766186
0.0478474 9.9991E-05 0.109346 0.0924023 0.00551536 0.744789
9.9973E-05 9.9973E-05 9.9973E-05 0.131435 0.0258524 0.842413
0.0243667 9.9982E-05 0.0880442 0.122717 9.9982E-05 0.764672
9.9973E-05 9.9973E-05 0.153505 0.258449 9.9973E-05 0.587746
0.0259878 0.0852644 0.562865 0.168439 9.9991E-05 0.157344
0.0195969 0.0374974 0.779145 0.163561 9.9982E-05 9.9982E-05
0.0432326 9.9982E-05 0.867442 0.0882238 0.000901822 9.9982E-05
0.00866381 0.0989725 0.724229 0.045531 0.0367929 0.0858108
0.0308669 0.00663696 0.779733 9.9991E-05 0.0690169 0.113647
0.153029 0.585864 0.089108 0.0763135 0.0363589 0.059327
0.0252854 0.0156354 0.0919431 0.0798806 0.787155 9.9991E-05
0.0371719 0.111441 0.00822296 0.0558139 0.78725 9.9991E-05
9.9973E-05 9.9973E-05 0.115386 0.0783071 0.806007 9.9973E-05
0.00789433 0.0129386 0.0362135 0.127158 0.674142 0.141653
0.0178381 0.0642358 9.9982E-05 9.9982E-05 0.765005 0.152721
0.0280759 0.197648 0.382203 0.111088 0.11749 0.163495
0.00997868 0.210214 0.530818 0.0337812 0.0099783 0.20523
0.0430395 9.9973E-05 0.926555 9.9973E-05 9.9973E-05 0.0301054
0.0400784 0.128949 0.472951 0.125712 9.9991E-05 0.23221
