0.00341606 0.151738 0.0143885 0.706335 0.124123
9.999E-05 0.0769427 0.036469 0.776835 0.109654
0.0112072 0.211281 0.0201026 0.623953 0.133456
0.00386903 9.9991E-05 0.0183306 0.766977 0.210723
0.0727046 0.0059221 0.0169395 0.904334 9.9991E-05
0.0776264 9.9982E-05 9.9982E-05 0.844761 0.0774129
0.0274732 0.0721491 9.9991E-05 0.70223 0.198048
9.9982E-05 9.9982E-05 0.0509504 0.828879 0.11997
0.113589 0.181793 0.023867 0.680651 9.9991E-05
0.00696364 0.225301 0.02472 0.431863 0.311153
0.0646259 0.0848457 0.0419353 0.335263 0.47333
0.0405464 0.218394 0.0231806 0.601464 0.116414
0.0703808 0.0431052 0.0432555 0.0291007 0.814158
0.0369514 0.174459 9.9991E-05 0.492917 0.295573
0.0808127 0.251379 0.034679 0.633029 9.9991E-05
9.999E-05 0.0496189 0.014448 0.668553 0.26728
0.00515994 0.242444 9.9991E-05 0.679528 0.072768
9.9982E-05 0.0761536 0.0272388 0.896408 9.9982E-05
0.162825 0.587144 0.0590961 0.0752655 0.11567
9.9982E-05 0.740514 9.9982E-05 0.164749 0.0945375
9.999E-05 0.722064 0.0160172 0.215269 0.0465498
0.0243712 0.821907 0.012727 0.0333963 0.107598
0.0267801 0.891448 0.0597231 9.9991E-05 0.0219485
0.0125093 0.850172 0.0383083 0.0989101 9.9991E-05
0.0035125 0.705977 9.9991E-05 0.164619 0.125791
9.9991E-05 0.92342 0.0125139 0.0630456 0.000920997
0.087786 0.884093 0.0279214 9.9982E-05 9.9982E-05
0.0805636 0.884226 0.0350109 9.9982E-05 9.9982E-05
0.019559 0.89599 9.9982E-05 0.0842506 9.9982E-05
0.0674734 0.912463 9.9991E-05 0.00736836 0.012595
0.0558387 0.930538 9.9991E-05 0.00626293 0.00726038
0.0469488 0.854086 0.0122068 0.0866588 9.9991E-05
9.9991E-05 0.870112 0.0646798 0.00504134 0.0600668
9.9991E-05 0.172932 0.0836463 0.479157 0.264165
0.0303475 0.253779 9.9982E-05 0.715673 9.9982E-05
0.0704867 0.117905 9.9991E-05 0.791987 0.0195212
9.9991E-05 0.0559931 0.0366408 0.604214 0.303052
0.0862797 0.180792 9.9991E-05 0.441741 0.291087
9.997E-05 9.997E-05 0.9996 9.997E-05 9.997E-05
9.9982E-05 0.77931 0.0481968 9.9982E-05 0.172294
0.114861 0.148834 0.00306908 0.733136 9.9991E-05
9.9982E-05 0.173446 9.9982E-05 0.664768 0.161587
0.103573 0.308177 0.0063881 0.280367 0.301494
0.1292 0.130281 0.0421449 0.106597 0.591777
9.9982E-05 0.0218727 0.0126956 9.9982E-05 0.965232
9.997E-05 9.997E-05 0.9996 9.997E-05 9.997E-05
9.9991E-05 0.228222 0.0897159 0.421445 0.260518
0.0843372 0.132763 9.9991E-05 0.298571 0.484229
0.157765 0.392952 0.0279809 0.388992 0.0323103
0.719259 9.9991E-05 0.0380682 0.0746335 0.16794
0.777975 0.0119958 0.0161109 9.9991E-05 0.193819
0.803464 9.9982E-05 0.0148611 0.181475 9.9982E-05
0.719262 0.00197365 0.0524556 0.0597759 0.166532
0.834466 0.0904359 0.0286745 0.0463239 9.9991E-05
0.840832 0.0976707 9.9982E-05 0.0612971 9.9982E-05
0.743438 9.9973E-05 9.9973E-05 0.256262 9.9973E-05
0.844913 0.0654826 9.9991E-05 0.0664215 0.0230824
0.834842 0.130144 0.0348145 9.9982E-05 9.9982E-05
0.767689 9.9991E-05 0.0331983 0.0941917 0.104821
0.620577 9.9991E-05 0.0382464 0.0911113 0.249965
0.836815 0.121935 9.9982E-05 9.9982E-05 0.04105
0.717315 0.0383055 9.9991E-05 0.0777431 0.166537
0.314778 9.9991E-05 0.0531712 0.0498799 0.582071
0.0753586 0.792591 0.0302628 0.101688 9.9991E-05
0.00737218 0.827221 0.0371164 0.0677312 0.060559
9.9982E-05 0.870007 0.0323482 0.0974448 9.9982E-05
0.740242 0.0549275 0.00305869 0.0690425 0.13273
0.47715 9.9991E-05 0.0762675 0.0139384 0.432544
0.746192 0.0604217 0.0181864 0.113842 0.0613585
0.677807 9.9982E-05 0.0542776 9.9982E-05 0.267716
0.807813 0.00183788 0.0607057 0.129544 9.9991E-05
0.144284 9.9982E-05 9.9982E-05 0.184472 0.671044
0.11567 0.0123909 0.00203167 0.145646 0.724261
0.0902364 9.9991E-05 0.00189751 0.0614325 0.846334
9.9973E-05 9.9973E-05 0.0315697 9.9973E-05 0.96813
9.9982E-05 0.096789 0.0362575 9.9982E-05 0.866753
9.9973E-05 9.9973E-05 0.0242669 9.9973E-05 0.975433
0.00821244 0.0803099 0.0289717 0.0207487 0.861757
0.643579 9.9982E-05 9.9982E-05 0.0423299 0.313891
0.426794 9.9991E-05 0.128148 0.168253 0.276705
0.726962 0.0521379 0.0395359 9.9991E-05 0.181264
0.80562 0.134811 0.0519112 9.9991E-05 0.00755768
0.735282 9.9991E-05 0.0163131 0.245974 0.00233131
0.0372668 0.721441 0.0310175 0.031477 0.178798
0.295263 0.121682 9.9991E-05 0.00570741 0.577248
0.128401 9.9973E-05 9.9973E-05 9.9973E-05 0.871299
9.997E-05 9.997E-05 0.9996 9.997E-05 9.997E-05
9.9982E-05 0.224207 9.9982E-05 0.657466 0.118128
9.9991E-05 0.130524 0.0567128 0.662953 0.149711
9.9991E-05 0.130428 0.0342812 0.577608 0.257583
0.0882759 0.330082 0.0308553 0.305732 0.245055
0.0380269 0.116972 9.9991E-05 0.754785 0.0901158
0.127724 9.9973E-05 9.9973E-05 9.9973E-05 0.871976
9.9991E-05 0.585566 0.036752 0.130315 0.247266
0.223639 9.9991E-05 0.0779931 0.119015 0.579253
0.0214291 0.294552 0.0266796 0.238468 0.418872
0.00782653 0.193519 0.0114527 0.776974 0.0102273
0.00801606 0.0599109 9.9991E-05 0.695645 0.236328
9.9982E-05 0.109498 9.9982E-05 0.588588 0.301715
0.0285049 0.0116099 0.00769338 0.661144 0.291047
9.9973E-05 9.9973E-05 9.9973E-05 0.50368 0.49602
9.9991E-05 0.0924559 0.0103693 0.655845 0.24123
0.218142 0.0340078 0.0486769 0.0949045 0.604269
0.151474 0.0913886 0.0871818 0.112546 0.557409
0.207314 0.00844988 0.096392 9.9991E-05 0.687744
9.9991E-05 0.219552 0.0170788 0.121708 0.641561
0.124956 0.134015 9.9991E-05 0.300466 0.440463
0.0632885 0.418274 9.9991E-05 0.447248 0.0710893
0.771609 9.9982E-05 0.00545529 0.222735 9.9982E-05
0.731479 0.0178726 0.0267452 0.029222 0.194681
0.173992 0.214781 0.00334045 0.00710315 0.600784
0.169008 0.202823 0.0454369 0.118849 0.463883
0.140473 0.302987 0.0539363 0.00759447 0.49501
9.9973E-05 0.723044 9.9973E-05 9.9973E-05 0.276656
0.656885 0.0716231 0.0432063 9.9991E-05 0.228185
0.660373 0.0152137 9.9991E-05 0.0103427 0.313971
0.461957 9.9982E-05 9.9982E-05 0.0995876 0.438255
0.0928992 0.432971 0.0517137 0.395913 0.0265037
0.0678457 0.248911 0.000887599 0.682256 9.9991E-05
0.0577216 0.0482788 0.0355196 0.723198 0.135282
0.101359 0.0580053 9.9991E-05 0.821354 0.0191816
0.0025342 0.360581 9.9991E-05 0.626321 0.0104643
9.9991E-05 0.198368 0.0127715 0.655883 0.132878
0.0149193 0.0584316 0.00534567 0.864506 0.0567979
0.0825864 9.9982E-05 0.020717 0.896497 9.9982E-05
0.0298748 0.413783 9.9991E-05 0.400788 0.155455
0.0265444 0.164111 9.9991E-05 0.758108 0.051136
9.9991E-05 0.174345 0.0258497 0.598398 0.201307
9.9991E-05 0.136178 0.0192099 0.628151 0.216361
0.10684 0.222799 0.0131642 0.525832 0.131365
0.0647405 0.0325816 0.0316305 0.741953 0.129094
9.9991E-05 0.231422 0.0199101 0.397673 0.350895
0.0130598 0.0836614 9.9991E-05 0.820529 0.08265
9.9973E-05 0.852326 9.9973E-05 9.9973E-05 0.147374
9.9973E-05 0.934987 9.9973E-05 0.0647126 9.9973E-05
9.9982E-05 0.922831 0.0339488 0.04302 9.9982E-05
0.0789496 0.810583 0.000415153 0.109952 9.9991E-05
0.0399636 0.84422 0.0187061 9.9991E-05 0.0970106
0.0742946 9.9991E-05 0.0106004 0.557015 0.357989
9.9991E-05 0.209629 0.0356536 0.507112 0.247506
0.925584 9.9973E-05 9.9973E-05 9.9973E-05 0.0741164
0.817023 0.0520679 0.0260328 0.0404858 0.0643905
0.860156 0.0331112 0.0327208 0.0739124 9.9991E-05
0.644057 0.0717981 0.00937135 0.0243024 0.250471
0.853601 9.9991E-05 0.0305572 0.103285 0.0124567
0.785529 0.178415 9.9982E-05 9.9982E-05 0.0358554
0.926923 9.9991E-05 0.0235415 0.0448237 0.00461174
0.868064 0.0836282 9.9982E-05 9.9982E-05 0.0481078
0.864471 0.0714506 9.9982E-05 9.9982E-05 0.0638785
0.864891 0.104279 0.0180627 0.0010531 0.0117147
0.843903 9.9991E-05 0.0220674 0.0368226 0.0971071
0.761504 9.9991E-05 0.0305529 0.125396 0.0824471
0.80185 0.0669179 0.00917509 0.119316 0.00274155
0.870776 0.0748599 0.0158949 0.0383695 9.9991E-05
0.797313 9.9982E-05 0.00705625 9.9982E-05 0.195431
0.84831 9.9982E-05 0.0254499 0.12604 9.9982E-05
0.891475 0.0939769 0.0143482 9.9982E-05 9.9982E-05
0.0976777 0.0634662 0.00943251 0.0465246 0.782899
9.9982E-05 9.9982E-05 0.0101966 0.00022969 0.989374
0.875045 9.9982E-05 9.9982E-05 0.0849506 0.0398046
0.69306 0.00622059 0.0201909 0.239465 0.0410633
0.827551 0.0746589 9.9982E-05 9.9982E-05 0.09759
0.156701 9.9982E-05 9.9982E-05 0.219003 0.624096
0.00590793 9.9991E-05 0.00999337 0.960834 0.0231644
9.9982E-05 0.201089 0.0176582 0.781053 9.9982E-05
0.0191273 0.485406 9.9991E-05 0.302557 0.19281
9.9982E-05 0.629017 9.9982E-05 0.216944 0.153839
0.0132258 0.814076 0.0120987 0.00965254 0.150947
0.0298602 0.834408 0.00174459 0.0766313 0.0573564
9.9991E-05 0.777324 0.00474332 0.110284 0.107548
0.0281281 0.744259 0.0373752 0.121492 0.0687458
0.0457743 0.768669 0.0273649 9.9991E-05 0.158092
0.0565473 0.771541 0.0699751 0.101837 9.9991E-05
0.0595108 0.0842544 0.00732872 0.814262 0.0346439
0.0669685 0.0357988 0.0436633 0.681821 0.171749
0.0100508 9.9991E-05 0.0444852 0.679212 0.266152
9.99731E-05 9.99731E-05 9.99731E-05 0.685947 0.313753
9.9982E-05 9.9982E-05 0.0262218 0.686027 0.287551
9.9973E-05 9.9973E-05 9.9973E-05 0.560619 0.439081
9.9991E-05 0.192732 0.0122565 0.538912 0.255999
0.0863971 0.179414 9.99905E-05 0.602997 0.131092
0.00183461 0.0825179 0.0596263 0.683389 0.172632
0.0201594 0.154236 0.0140206 0.557196 0.254388
0.0604261 0.0796475 0.0242665 0.801984 0.0336762
0.0851472 0.681031 0.146387 0.038278 0.0491573
0.780335 0.0659927 0.018394 0.00387713 0.131402
0.8008 0.119438 0.0515901 9.9991E-05 0.0280718
0.851183 0.0518411 9.9982E-05 9.9982E-05 0.0967757
0.708782 9.9991E-05 0.0220478 0.156784 0.112286
0.802964 0.09916 9.99956E-05 0.0897797 0.00799602
0.139745 0.292702 0.0298099 0.421638 0.116105
0.0272031 0.288426 0.0257795 0.553681 0.10491
0.0385777 0.0918809 0.0477891 0.821652 9.9991E-05
9.9991E-05 0.306096 0.0609563 0.450279 0.182568
