0.00387626 0.0214873 0.974636
9.999E-05 0.0345589 0.965341
0.0190134 0.0291768 0.95181
0.0579449 0.0186645 0.923391
0.072774 0.0194579 0.907768
0.138244 9.9991E-05 0.861656
0.107244 9.9991E-05 0.892656
0.016932 0.0559123 0.927156
0.105592 0.0211774 0.873231
0.0334548 0.0313376 0.935208
0.254281 0.0681888 0.67753
0.0984087 0.0363277 0.865264
0.358391 0.0615375 0.580071
0.135059 0.00177009 0.863171
0.0463718 0.0724073 0.881221
0.0418079 0.017059 0.941133
0.0764137 9.9991E-05 0.923486
0.00174887 0.0349888 0.963262
0.223098 0.0741316 0.70277
0.0242366 9.9991E-05 0.975663
9.9991E-05 0.0254534 0.974447
0.0562536 0.0145702 0.929176
0.0138001 0.0705839 0.915616
0.00370833 0.056419 0.939873
9.999E-05 9.999E-05 0.9998
9.9991E-05 0.016932 0.982968
0.0344336 0.0549994 0.910567
0.0742519 0.0642086 0.86154
9.999E-05 9.999E-05 0.9998
0.0886963 0.00151272 0.909791
0.0169998 0.0329005 0.9501
0.0013068 0.0489774 0.949716
0.0287619 0.0711923 0.900046
0.0331835 0.0860483 0.880768
0.0489309 0.00756342 0.943506
0.0639872 9.9991E-05 0.935913
0.0525834 0.0527369 0.89468
0.174982 0.00375875 0.82126
9.999E-05 0.9998 9.999E-05
0.0148201 0.0498323 0.935348
0.134991 9.9991E-05 0.864909
9.9991E-05 0.00148298 0.998417
0.213131 0.0261901 0.760679
0.343033 0.0561352 0.600832
0.317234 0.0211853 0.661581
9.999E-05 0.9998 9.999E-05
0.0685048 0.0801905 0.851305
0.286335 9.9991E-05 0.713565
0.148668 0.0458484 0.805484
0.91623 0.0269025 0.0568674
0.958607 0.0291814 0.0122121
0.924573 0.0052748 0.0701518
0.9038 0.0464484 0.0497515
0.910181 0.085887 0.00393158
0.987497 9.9991E-05 0.0124031
0.847247 9.9991E-05 0.152653
0.936122 0.0334644 0.0304134
0.963881 0.0360195 9.9991E-05
0.918017 0.0601015 0.0218813
0.822641 0.0382605 0.139099
0.98414 0.0157599 9.9991E-05
0.881044 9.9991E-05 0.118856
0.616444 0.0677267 0.315829
0.0504015 0.0605672 0.889031
0.00269152 0.0505655 0.946743
9.9991E-05 0.0239174 0.975983
0.866349 0.00107045 0.13258
0.759139 0.102186 0.138675
0.883418 0.0235204 0.0930614
0.916508 0.0388627 0.044629
0.928722 0.069077 0.00220113
0.448483 0.00763179 0.543885
0.386796 0.0151831 0.598021
0.418273 9.9991E-05 0.581627
0.36945 0.0453368 0.585213
0.300866 0.0419917 0.657142
0.383769 0.0584741 0.557757
0.31685 0.0348285 0.648321
0.876959 9.9991E-05 0.122941
0.615853 0.106317 0.27783
0.870182 0.0172308 0.112587
0.929653 0.0690869 0.00126048
0.833543 0.0557233 0.110734
0.0793334 0.0361737 0.884493
0.525482 9.9991E-05 0.474418
0.500018 0.00720461 0.492778
9.999E-05 0.9998 9.999E-05
9.9991E-05 0.00578081 0.994119
9.9991E-05 0.0459718 0.953928
0.0634784 0.0541303 0.882391
0.211509 0.0728067 0.715684
0.0796975 9.9991E-05 0.920203
0.465205 0.0292235 0.505571
0.0699705 0.0627823 0.867247
0.482041 0.0932764 0.424683
0.196953 0.0279383 0.775109
9.9991E-05 0.00898387 0.990916
0.0665457 0.00220489 0.931249
0.0364106 9.9991E-05 0.963489
0.14832 0.0358556 0.815824
0.0225624 0.0308564 0.946581
9.9991E-05 0.0144849 0.985415
0.481421 0.032361 0.486218
0.392983 0.097848 0.509169
0.459229 0.0845569 0.456214
0.174082 0.0253596 0.800559
0.306212 9.9991E-05 0.693688
0.0526524 0.0129487 0.934399
0.875306 0.0202353 0.104458
0.919628 0.0365561 0.0438155
0.401774 9.9991E-05 0.598126
0.341082 0.0312084 0.627709
0.326126 0.0470335 0.626841
0.0362636 9.9991E-05 0.963636
0.852141 0.0393044 0.108555
0.893111 9.9991E-05 0.106789
0.694822 9.9991E-05 0.305078
0.0550607 0.0583377 0.886602
0.0282431 0.0236496 0.948107
0.126338 0.0323278 0.841334
0.104808 9.9991E-05 0.895092
0.00635556 9.9991E-05 0.993544
9.9991E-05 0.0220471 0.977853
0.0637731 9.9991E-05 0.936127
0.116279 0.0245847 0.859136
0.0318703 9.9991E-05 0.96803
0.0454264 0.00638488 0.948189
9.9991E-05 0.0496262 0.950274
0.00896593 0.0375029 0.953531
0.144733 0.0111359 0.844131
0.110887 0.0597938 0.829319
0.115762 0.0270104 0.857228
0.0966716 0.00321308 0.900115
9.9991E-05 0.0108613 0.989039
9.999E-05 9.999E-05 0.9998
9.9991E-05 0.0591613 0.940739
0.0929413 0.0100878 0.896971
0.0375881 0.0281664 0.934245
0.177118 0.0233195 0.799563
0.0210286 0.01649 0.962481
0.9998 9.999E-05 9.999E-05
0.93839 0.0279007 0.0337093
0.982595 0.01727 0.000134989
0.828182 0.000491283 0.171327
0.966579 0.0333205 9.9991E-05
0.936337 0.0295254 0.0341373
0.967862 0.0320383 9.9991E-05
0.960986 0.00351423 0.0354995
0.98395 0.013035 0.00301508
0.984929 0.0149707 9.9991E-05
0.941824 0.0580763 9.9991E-05
0.872161 0.0444778 0.0833608
0.873718 0.0307925 0.0954898
0.974482 0.0254178 9.9991E-05
0.960653 0.0198004 0.0195466
0.967355 0.0325453 9.9991E-05
0.967398 0.0325021 9.9991E-05
0.421216 0.0125412 0.566243
0.27303 0.012831 0.714139
0.9998 9.999E-05 9.999E-05
0.772546 0.0421008 0.185353
0.997621 0.00227904 9.9991E-05
0.45719 9.9991E-05 0.54271
0.0105913 0.0307098 0.958699
9.9991E-05 0.0405821 0.959318
0.0213481 9.9991E-05 0.978552
9.9991E-05 0.00430781 0.995592
0.00967965 0.00527765 0.985043
0.0790638 0.0108215 0.910115
0.0104827 0.0338236 0.955694
0.00150065 0.0328252 0.965674
0.0829408 0.0391254 0.877934
0.0547246 0.0538699 0.891405
0.0129277 0.0198145 0.967258
0.0849428 0.0462714 0.868786
0.0869547 0.0603175 0.852728
0.0730058 0.013679 0.913315
0.0168605 0.0432433 0.939896
0.116407 9.9991E-05 0.883493
0.0402345 0.0195233 0.940242
0.122254 0.01875 0.858996
0.0532371 0.0567555 0.890007
0.0883715 0.026661 0.884968
0.0731701 0.0371698 0.88966
0.0439176 0.187048 0.769034
0.898923 0.0299786 0.0710988
0.892413 0.0708458 0.0367412
0.985615 0.0142851 9.9991E-05
0.826505 0.0168607 0.156634
0.881737 0.0277602 0.0905025
0.169718 0.0687611 0.761521
0.0356789 0.0474622 0.916859
0.00450575 0.0706664 0.924828
0.0479127 0.0588242 0.893263
