0.0186581 0.0816908 0.0668254 0.832826
9.999E-05 0.121678 0.044286 0.833936
9.999E-05 0.265001 0.217976 0.516923
9.999E-05 0.238181 0.0146406 0.747079
0.0874075 9.9982E-05 9.9982E-05 0.912393
0.0495034 0.0896047 9.9991E-05 0.860792
0.0491378 0.222321 0.033009 0.695532
9.999E-05 0.185396 0.0317736 0.78273
0.108532 9.9991E-05 0.209754 0.681613
0.0291617 0.254093 0.226492 0.490253
0.0788057 0.482548 0.111081 0.327565
0.0648216 0.146412 0.232643 0.556123
0.0635122 0.882079 0.0327034 0.0217054
0.0341698 0.320037 0.259331 0.386463
0.0995536 9.9991E-05 0.128002 0.772344
9.9991E-05 0.1534 0.0776115 0.768888
9.9991E-05 0.0365735 0.19202 0.771306
9.9982E-05 9.9982E-05 0.0693751 0.930425
0.149742 0.123003 0.584557 0.142699
9.9991E-05 0.188002 0.63933 0.172567
0.000744777 9.9991E-05 0.742273 0.256882
0.0351025 0.125774 0.81566 0.0234639
9.9982E-05 0.0620624 0.937738 9.9982E-05
9.9982E-05 9.9982E-05 0.856347 0.143453
9.9991E-05 0.114385 0.644788 0.240727
9.9991E-05 0.00884163 0.920331 0.0707278
0.130104 9.9982E-05 0.869696 9.9982E-05
0.0735621 9.9991E-05 0.862101 0.0642374
0.000754041 9.9991E-05 0.878422 0.120724
0.0861849 0.017474 0.831489 0.0648523
0.0763657 9.9991E-05 0.900735 0.0227989
0.035629 9.9991E-05 0.897693 0.0665783
0.0165445 0.123749 0.851075 0.00863178
9.9991E-05 0.37341 0.167814 0.458676
0.0654704 0.0251213 0.238962 0.670446
0.0683152 0.0795148 0.143107 0.709063
9.9991E-05 0.334662 0.0264465 0.638791
0.0568873 0.323546 0.131312 0.488255
0.33368 9.9982E-05 0.66612 9.9982E-05
9.9982E-05 0.203043 0.796757 9.9982E-05
0.13032 9.9991E-05 0.161665 0.707915
9.9991E-05 0.193059 0.154534 0.652308
0.0743917 0.437062 0.255321 0.233225
0.121676 0.682475 0.132463 0.0633865
0.00276051 0.970476 0.0266639 9.9991E-05
0.350537 9.9982E-05 0.649263 9.9982E-05
0.048447 0.295367 0.233404 0.422781
0.0700027 0.58381 0.0928085 0.253379
0.116406 0.147535 0.384747 0.351312
0.80754 0.149832 0.0254651 0.0171631
0.768215 0.194866 0.0368187 9.9991E-05
0.825498 9.9991E-05 0.0296512 0.14475
0.741121 0.178032 0.0268091 0.0540376
0.847999 9.9991E-05 0.0887902 0.0631104
0.877343 9.9991E-05 0.0580503 0.0645068
0.720612 9.9982E-05 9.9982E-05 0.279188
0.7862 0.0924658 0.0664359 0.054898
0.892328 0.00355605 0.104016 9.9991E-05
0.793656 0.0312144 9.9991E-05 0.175029
0.568605 0.387429 9.9991E-05 0.0438652
0.85018 0.0442272 0.105493 9.9991E-05
0.689542 0.0917671 0.088501 0.13019
0.29517 0.657066 0.0476643 9.9991E-05
0.0341056 0.067548 0.741518 0.156828
0.0176317 0.0020311 0.824886 0.155451
9.9982E-05 9.9982E-05 0.84719 0.15261
0.680525 0.19299 0.00814438 0.118341
0.49637 0.463228 0.0134755 0.0269265
0.726084 0.130185 0.0881155 0.0556159
0.726129 0.273671 9.9982E-05 9.9982E-05
0.878347 9.9991E-05 0.00299088 0.118562
0.122711 0.665709 9.9991E-05 0.211479
0.0252146 0.889334 9.9991E-05 0.0853515
0.0357578 0.903689 9.9991E-05 0.0604529
9.998E-05 0.9997 9.998E-05 9.998E-05
9.9982E-05 0.89084 0.10896 9.9982E-05
0.00566224 0.994138 9.9982E-05 9.9982E-05
0.0119777 0.803612 0.124848 0.0595622
0.682931 0.176506 9.9991E-05 0.140463
0.410552 0.489612 0.0786805 0.021155
0.730384 0.211508 0.0580079 9.9991E-05
0.817661 0.0581239 0.124115 9.9991E-05
0.786281 9.9982E-05 9.9982E-05 0.213519
0.0283543 0.129848 0.693676 0.148122
0.270991 0.535637 0.108148 0.0852241
0.114673 0.828838 9.9991E-05 0.056389
0.366037 9.9982E-05 0.633763 9.9982E-05
9.9991E-05 0.178437 0.222538 0.598925
9.9991E-05 0.150837 0.139759 0.709303
9.9991E-05 0.294449 0.211926 0.493526
0.107669 0.231225 0.287619 0.373487
0.0787677 0.00762574 0.0708157 0.842791
0.152793 0.817283 0.0298235 9.9991E-05
0.0237362 0.245388 0.56068 0.170196
0.179926 0.700085 0.0120559 0.107933
0.0469187 0.438548 0.293029 0.221504
0.00710653 9.9991E-05 0.121513 0.87128
9.9982E-05 0.359235 9.9982E-05 0.640565
9.9991E-05 0.363736 0.047215 0.58895
0.00358251 0.298509 0.0492547 0.648654
9.9991E-05 0.466068 0.00595641 0.527875
9.9991E-05 0.18981 0.0577711 0.752319
0.229478 0.719559 9.9991E-05 0.0508633
0.127007 0.709132 0.0968738 0.0669873
0.198747 0.741265 0.0305932 0.0293952
9.9991E-05 0.666948 0.163299 0.169653
0.0805161 0.569051 0.132227 0.218205
0.0711268 0.0309158 0.439193 0.458764
0.803008 9.9982E-05 9.9982E-05 0.196792
0.723854 0.257309 0.0187371 9.9991E-05
0.167588 0.738432 0.0821544 0.011825
0.199012 0.519859 0.0718916 0.209238
0.104467 0.613287 0.282147 9.99928E-05
9.9982E-05 0.290494 0.709306 9.9982E-05
0.646508 0.283725 0.0696667 9.9991E-05
0.661545 0.338255 9.9982E-05 9.9982E-05
0.496118 0.497813 9.9991E-05 0.00596896
0.0632904 0.128425 0.510643 0.297642
0.0634071 9.9991E-05 0.180481 0.756012
0.0379822 0.176734 0.0559269 0.729357
0.115145 0.0522063 9.9991E-05 0.832549
9.9991E-05 0.0361392 0.435068 0.528692
9.9991E-05 0.127513 0.178566 0.693822
0.0547058 9.9991E-05 0.0934065 0.851788
0.0760193 0.00569266 9.9991E-05 0.918188
0.0183462 0.0778894 0.362689 0.541075
0.00164249 0.06111 0.0359514 0.901296
9.9991E-05 0.0985503 0.229087 0.672263
9.9991E-05 0.10701 0.0912612 0.801628
0.124455 0.0656194 0.226469 0.583456
0.0917347 0.09002 0.0352526 0.782993
0.0222134 0.262607 0.245663 0.469516
0.0272897 0.118373 0.0828828 0.771454
9.9982E-05 0.183236 0.816564 9.9982E-05
9.9991E-05 0.0735256 0.916826 0.0095489
9.9982E-05 9.9982E-05 0.985813 0.0139871
0.0768801 0.0537819 0.752471 0.116867
0.0411636 0.139304 0.804803 0.0147292
0.0473677 0.301355 9.9991E-05 0.651177
9.9991E-05 0.279375 0.171433 0.549092
0.899351 0.100449 9.9982E-05 9.9982E-05
0.835363 0.0107219 0.0659669 0.0879477
0.892144 9.9991E-05 0.0467302 0.0610254
0.639796 0.245092 0.0220848 0.0930273
0.915842 9.9991E-05 0.016008 0.0680503
0.810662 0.0684219 0.116843 0.00407268
0.911722 0.0368844 9.9991E-05 0.0512938
0.801951 0.109739 0.0882095 9.9991E-05
0.864216 9.9991E-05 0.0680583 0.067626
0.90279 9.9991E-05 0.0716564 0.0254532
0.803745 0.196055 9.9982E-05 9.9982E-05
0.786759 0.125863 0.00604935 0.0813288
0.801807 9.9991E-05 0.057947 0.140146
0.93394 9.9991E-05 0.0330113 0.0329485
0.81954 0.168559 0.0118014 9.9991E-05
0.892805 9.9982E-05 9.9982E-05 0.106995
0.834887 0.0484224 0.11659 9.9991E-05
0.101126 0.846645 0.0101557 0.0420736
9.9982E-05 0.86655 9.9982E-05 0.13325
0.849693 0.124706 9.9991E-05 0.0255008
0.690042 0.0559802 9.9991E-05 0.253878
0.84662 0.14685 0.0064301 9.9991E-05
0.1261 0.70026 9.9991E-05 0.173539
0.00836795 0.105739 0.0151997 0.870693
0.0309531 9.9991E-05 0.249723 0.719224
9.9991E-05 0.259444 0.373776 0.36668
9.9991E-05 0.0532156 0.615656 0.331029
0.0175044 0.117712 0.811753 0.0530305
0.0598234 0.0191284 0.856158 0.0648901
9.9991E-05 0.0181391 0.828221 0.15354
0.025428 0.00962177 0.789524 0.175426
0.0974077 0.127048 0.750826 0.0247184
0.060819 9.9991E-05 0.754764 0.184317
0.0223218 0.096546 0.0691129 0.812019
0.0803299 0.177289 0.0811726 0.661209
0.0639082 0.213817 9.9991E-05 0.722175
9.9982E-05 0.35133 9.9982E-05 0.64847
9.9982E-05 0.273705 9.9982E-05 0.726095
9.9982E-05 0.486866 9.9982E-05 0.512934
9.9991E-05 0.199287 0.214047 0.586566
0.0689112 0.176701 0.187777 0.566611
0.0525304 0.10531 0.107851 0.734309
0.062647 0.250155 0.165642 0.521556
0.0349037 0.193941 0.139546 0.631609
0.110762 0.0478138 0.821385 0.0200398
0.73356 0.209741 0.0565994 9.9991E-05
0.811364 0.076812 0.111724 9.9991E-05
0.857639 0.142161 9.9982E-05 9.9982E-05
0.720645 0.140771 0.0218695 0.116715
0.792389 0.0207819 0.0863323 0.100497
0.139892 0.0994689 0.286014 0.474626
0.044049 0.0984826 0.236437 0.621031
0.0439639 9.9991E-05 0.176571 0.779365
0.0228421 0.182057 0.270605 0.524496
