0.197194 0.797621 0.00518507
0.127523 0.872377 9.9991E-05
0.258924 0.711099 0.0299763
0.00754057 0.95532 0.0371397
0.0281403 0.913355 0.0585047
9.999E-05 0.950547 0.0493526
0.0967596 0.853168 0.0500722
0.0057562 0.994144 9.9991E-05
0.251888 0.708837 0.039275
0.259071 0.718505 0.0224241
0.146761 0.628603 0.224635
0.284645 0.639216 0.0761388
0.107948 0.565887 0.326166
0.2212 0.685982 0.0928183
0.241751 0.741418 0.0168309
0.0963122 0.903588 9.9991E-05
0.252115 0.747785 9.9991E-05
0.0845875 0.915312 9.9991E-05
0.671837 0.168817 0.159347
0.701685 0.298215 9.9991E-05
0.705195 0.294705 9.9991E-05
0.854309 0.0992952 0.0463957
0.967232 9.9991E-05 0.0326676
0.867288 0.109476 0.0232356
0.741221 0.258679 9.9991E-05
0.977379 0.0225213 9.9991E-05
0.917894 9.9991E-05 0.0820058
0.95221 9.9991E-05 0.0476902
0.957295 0.00681809 0.0358872
0.902775 0.0141391 0.0830857
0.987898 9.9991E-05 0.0120021
0.916479 0.0387394 0.0447821
0.91036 0.080686 0.00895415
0.210817 0.7142 0.0749831
0.218291 0.749943 0.0317655
0.116724 0.819513 0.0637625
0.0779099 0.879111 0.0429794
0.150539 0.693572 0.155889
0.632623 9.9991E-05 0.367277
0.86011 0.0951737 0.0447162
0.243626 0.638567 0.117807
0.152896 0.847004 9.9991E-05
0.34977 0.470225 0.180005
0.157304 0.495785 0.346911
0.108902 0.570504 0.320593
0.606749 9.9991E-05 0.393151
0.259499 0.63825 0.102251
0.127106 0.623433 0.24946
0.397354 0.472971 0.129675
0.0149356 0.0794619 0.905603
0.0199654 0.0395938 0.940441
9.9991E-05 0.129227 0.870673
0.0510927 0.0834658 0.865441
0.0711601 9.9991E-05 0.92874
0.091547 9.9991E-05 0.908353
9.9991E-05 0.268722 0.731178
0.0368894 0.0752581 0.887852
0.0861776 9.9991E-05 0.913722
9.9991E-05 0.113375 0.886525
9.9991E-05 0.23777 0.76213
0.0789699 9.9991E-05 0.92093
0.0911005 0.119342 0.789557
0.0828297 0.362104 0.555067
0.805352 0.160227 0.0344208
0.839909 0.14373 0.0163615
0.90382 0.0960796 9.9991E-05
0.0375896 0.159908 0.802503
0.0170022 0.238436 0.744562
0.0279572 0.152749 0.819294
0.0630586 0.100254 0.836688
0.0444655 0.0407078 0.914827
9.9991E-05 0.679274 0.320626
0.0147364 0.686135 0.299128
9.9991E-05 0.627936 0.371964
0.000743277 0.665357 0.3339
0.174359 0.543467 0.282174
0.062796 0.548598 0.388606
0.124783 0.60548 0.269737
9.9991E-05 0.250257 0.749643
0.0929234 0.280561 0.626515
0.0883458 0.053708 0.857946
0.141808 9.9991E-05 0.858092
0.0192482 0.17721 0.803542
0.763723 0.187902 0.0483744
0.146592 0.369635 0.483773
9.9991E-05 0.593242 0.406658
0.577486 9.9991E-05 0.422414
0.193459 0.806441 9.9991E-05
0.232459 0.767441 9.9991E-05
0.245687 0.685119 0.0691938
0.334937 0.516066 0.148997
0.0702191 0.908125 0.0216556
9.9991E-05 0.534791 0.465109
0.637262 0.269471 0.0932671
9.9991E-05 0.560429 0.439471
0.318205 0.503871 0.177924
0.171235 0.828665 9.9991E-05
0.0619119 0.906078 0.0320102
0.161082 0.804147 0.0347713
0.0671818 0.846497 0.0863212
0.106097 0.869321 0.0245821
0.100721 0.899179 9.9991E-05
0.0587447 0.484843 0.456413
0.131168 0.43854 0.430291
0.12193 0.433084 0.444986
0.237306 0.651871 0.110823
0.1401 0.621555 0.238344
0.408351 0.560878 0.0307709
9.9991E-05 0.138272 0.861628
0.032005 0.116732 0.851263
0.200719 0.464833 0.334448
0.17891 0.468295 0.352795
0.331218 0.305654 0.363128
0.803301 0.183328 0.0133706
0.111366 0.0659864 0.822648
9.9991E-05 0.179931 0.819969
9.9991E-05 0.347414 0.652486
0.559371 0.37576 0.0648686
0.291274 0.678614 0.030112
0.0494677 0.88287 0.0676618
0.0650592 0.854474 0.0804666
0.38459 0.61531 9.9991E-05
0.245201 0.747787 0.00701154
0.10884 0.89106 9.9991E-05
0.0194703 0.947636 0.0328938
0.366821 0.628969 0.00421018
0.0585226 0.941377 9.9991E-05
0.239672 0.760229 9.9991E-05
0.144709 0.855191 9.9991E-05
0.30506 0.568094 0.126846
0.0615006 0.87406 0.0644397
0.307834 0.643944 0.0482224
0.062498 0.931095 0.00640725
0.916229 0.0836706 9.9991E-05
0.926986 0.0729138 9.9991E-05
0.9998 9.999E-05 9.999E-05
0.827159 0.116113 0.0567279
0.828469 0.128489 0.0430427
9.9991E-05 0.896869 0.103031
0.214898 0.785002 9.9991E-05
9.999E-05 9.999E-05 0.9998
0.0876428 0.047438 0.864919
0.04333 0.0235921 0.933078
0.0998876 0.11578 0.784332
9.9991E-05 0.080071 0.919829
0.0920402 9.9991E-05 0.90786
9.9991E-05 0.0558153 0.944085
0.0641849 0.0252913 0.910524
0.0826769 9.9991E-05 0.917223
0.0767035 9.9991E-05 0.923197
0.00551496 0.102676 0.891809
0.107598 0.0627632 0.829639
0.0665998 0.0860523 0.847348
0.0624964 9.9991E-05 0.937404
0.0332169 0.00778076 0.959002
9.9991E-05 0.0197017 0.980198
0.0531283 0.020486 0.926386
0.0500398 0.561815 0.388145
9.9991E-05 0.760129 0.239771
9.9991E-05 0.11647 0.88343
9.9991E-05 0.250815 0.749085
0.0206297 9.9991E-05 0.97927
9.9991E-05 0.682068 0.317832
0.0466213 0.953279 9.9991E-05
0.249858 0.750042 9.9991E-05
0.488506 0.472825 0.0386688
0.62792 0.37198 9.9991E-05
0.818828 0.141002 0.0401695
0.883202 0.0689883 0.04781
0.811863 0.188037 9.9991E-05
0.776008 0.197209 0.0267831
0.86015 0.0363632 0.103487
0.854299 0.0539069 0.0917945
0.146915 0.837192 0.0158932
0.101107 0.816212 0.0826813
0.00012007 0.949283 0.0505974
9.9991E-05 0.987661 0.012239
9.999E-05 0.9998 9.999E-05
0.0388928 0.87916 0.0819476
0.289727 0.693876 0.0163969
0.209367 0.728922 0.0617111
0.124914 0.829025 0.0460616
0.174057 0.732902 0.0930411
0.180828 0.765808 0.053364
0.754692 0.126563 0.118745
0.00744027 0.130478 0.862082
0.135393 9.9991E-05 0.864507
0.0304631 0.0559612 0.913576
9.9991E-05 0.204711 0.795189
0.0627092 0.0413299 0.895961
0.334899 0.55801 0.107091
0.295838 0.704062 9.9991E-05
0.213669 0.786231 9.9991E-05
0.322888 0.67442 0.00269137
