0.688265 0.0996454 0.161712 0.0343326 0.0160453
0.744325 0.152804 0.0488769 0.0538945 9.9991E-05
0.566912 0.159082 0.239428 0.0344782 9.9991E-05
0.747756 0.184068 0.0404077 0.027668 9.9991E-05
0.884887 9.9991E-05 0.0199785 0.00227606 0.0927581
0.830181 0.0954813 9.9982E-05 9.9982E-05 0.0741382
0.671745 0.217456 0.0836423 9.9991E-05 0.0270565
0.727423 0.235972 9.9982E-05 0.0364051 9.9982E-05
0.60468 0.0782808 0.199088 0.0240704 0.0938808
0.510155 0.252282 0.198191 0.037507 0.00186506
0.350247 0.480129 0.0773913 0.0424588 0.0497746
0.458767 0.206323 0.260378 0.0168061 0.0577258
0.0406864 0.874557 9.9991E-05 0.0453664 0.0392901
0.531995 0.169268 0.234796 9.9991E-05 0.0638417
0.67893 9.9991E-05 0.172477 0.0447375 0.103755
0.607021 0.256965 0.121485 0.0144297 9.9991E-05
0.683248 9.9982E-05 0.27154 9.9982E-05 0.0450119
0.828034 0.0883952 0.0624674 0.0210038 9.9991E-05
0.141061 0.120414 0.509155 0.0797545 0.149616
0.042388 0.273693 0.683719 9.9982E-05 9.9982E-05
0.221376 9.9991E-05 0.748806 0.01903 0.0106882
0.0794841 0.110127 0.787677 0.0166492 0.00606307
9.9982E-05 0.020702 0.914253 0.0648449 9.9982E-05
0.142691 9.9991E-05 0.796683 0.0321279 0.0283978
0.177685 0.126497 0.695617 9.9982E-05 9.9982E-05
0.0367409 0.0348788 0.927927 0.000353129 9.9991E-05
0.0225591 9.9991E-05 0.846654 0.0307149 0.0999718
9.9982E-05 9.9982E-05 0.879154 0.0186513 0.101995
0.0279818 9.9982E-05 0.932111 9.9982E-05 0.0397071
0.00971026 0.0916255 0.810634 0.00312069 0.0849098
9.9973E-05 9.9973E-05 0.931743 9.9973E-05 0.067957
0.0634905 9.9991E-05 0.85981 0.0419195 0.0346805
0.00583699 0.078744 0.850404 0.064915 9.9991E-05
0.449592 0.324195 0.145904 0.0802093 9.9991E-05
0.621601 0.0170911 0.30815 9.9991E-05 0.0530584
0.720585 0.0396964 0.140374 9.9991E-05 0.0992442
0.633066 0.276053 0.0652418 0.0255392 9.9991E-05
0.484259 0.252594 0.168476 0.00483964 0.0898306
9.997E-05 9.997E-05 9.997E-05 0.9996 9.997E-05
9.9982E-05 0.216552 0.759333 0.0239153 9.9982E-05
0.702214 9.9991E-05 0.151998 0.0156442 0.130043
0.664894 0.214114 0.120792 9.9982E-05 9.9982E-05
0.166662 0.418238 0.326853 0.0100605 0.0781863
0.0667432 0.694552 0.0795017 0.0299632 0.12924
9.9991E-05 0.935206 0.0288149 0.00533276 0.0305462
9.997E-05 9.997E-05 9.997E-05 0.9996 9.997E-05
0.443202 0.198888 0.216167 0.100249 0.0414944
0.283092 0.488154 0.124315 9.9991E-05 0.104339
0.336093 0.167832 0.406902 0.0287352 0.0604375
0.0135087 0.153527 0.0536097 0.0365858 0.742769
9.9982E-05 0.200997 9.9982E-05 0.0312139 0.767589
0.117598 9.9982E-05 0.0468267 9.9982E-05 0.835375
0.0737741 0.175142 0.011033 0.0564941 0.683556
0.0511687 9.9991E-05 0.0548911 0.0576681 0.836172
0.0572019 9.9982E-05 0.0864305 9.9982E-05 0.856168
0.27671 0.00538437 9.9982E-05 9.9982E-05 0.717705
0.0251097 0.128229 0.0200778 0.0195051 0.807078
9.9991E-05 0.0399162 0.07415 0.0445 0.841334
0.118749 0.0576111 9.9991E-05 0.063313 0.760227
0.0945751 0.276859 9.9991E-05 0.0184677 0.609998
9.9982E-05 0.102079 0.0693118 9.9982E-05 0.828409
0.0879858 0.143663 0.0845163 9.9991E-05 0.683735
9.9982E-05 0.64437 9.9982E-05 0.0730646 0.282365
0.105294 9.9991E-05 0.771751 0.0439472 0.0789073
0.060855 0.0804446 0.80491 0.0357896 0.0180013
0.12601 9.9973E-05 0.87369 9.9973E-05 9.9973E-05
0.0791202 0.144052 0.0602499 0.022441 0.694136
9.9991E-05 0.381188 0.0394396 0.0916658 0.487607
0.0518823 0.20725 0.0260188 0.0329401 0.681909
9.9982E-05 0.287893 9.9982E-05 0.0388986 0.673008
0.092662 9.9991E-05 0.0299897 0.0482208 0.829028
0.220192 0.614969 9.9991E-05 0.0192496 0.145489
0.0924494 0.826408 0.0121782 0.0185578 0.0504062
0.0262698 0.917632 0.0206224 9.9991E-05 0.0353753
9.9973E-05 0.988541 9.9973E-05 0.0111588 9.9973E-05
0.0109986 0.850807 0.0914422 0.0466518 9.9991E-05
9.9973E-05 0.975705 9.9973E-05 0.0239947 9.9973E-05
0.0932862 0.74535 0.0986688 0.0141063 0.0485886
0.0794307 0.261248 9.9982E-05 9.9982E-05 0.659121
0.0778972 0.363375 0.0109245 0.149148 0.398656
0.000469628 0.175641 0.083612 0.0226072 0.71767
9.9991E-05 0.114696 0.0570045 0.0568513 0.771348
0.143691 0.110298 9.9991E-05 0.0488072 0.697104
9.9982E-05 0.274686 0.703337 0.0217773 9.9982E-05
9.9982E-05 0.578858 0.123363 9.9982E-05 0.297578
0.0594862 0.800788 9.9982E-05 9.9982E-05 0.139525
9.997E-05 9.997E-05 9.997E-05 0.9996 9.997E-05
0.606025 0.206806 0.186969 9.9982E-05 9.9982E-05
0.703908 0.0799371 0.191464 0.0245907 9.9991E-05
0.560386 0.245176 0.15764 0.0366986 9.9991E-05
0.294105 0.287457 0.283333 0.0515608 0.083545
0.841698 0.0427321 0.0694514 9.9991E-05 0.0460186
9.9991E-05 0.834084 0.00264717 0.00861954 0.15455
0.138729 0.205651 0.585412 0.0474724 0.0227352
0.0471933 0.708552 9.9991E-05 0.075716 0.168438
0.246688 0.376879 0.287012 0.0191012 0.0703202
0.630984 0.12531 0.227453 0.016153 9.9991E-05
0.702648 0.234169 0.0528006 9.9991E-05 0.0102823
0.526451 0.324064 0.149285 9.9982E-05 9.9982E-05
0.500961 0.323552 0.120794 0.0249062 0.0297862
0.572924 0.380935 0.0415026 0.00453904 9.9991E-05
0.529357 0.311636 0.154848 0.00405891 9.9991E-05
0.105483 0.586034 0.0437902 0.0305105 0.234183
0.00594546 0.651331 0.0904708 0.10553 0.146722
0.052746 0.680999 0.00807384 0.0634232 0.194758
0.162273 0.626682 0.183749 0.0271957 9.9991E-05
0.153085 0.5832 0.169356 9.9991E-05 0.0942591
0.481886 9.9991E-05 0.417031 0.00287454 0.0981088
0.163775 9.9991E-05 0.0287024 0.0131084 0.794314
9.9991E-05 0.193708 0.0868938 0.00527645 0.714022
0.0457192 0.601689 0.16904 9.9991E-05 0.183452
0.119987 0.508379 0.169553 0.0181457 0.183935
0.000617556 0.468572 0.328776 0.0525213 0.149513
9.9973E-05 0.294383 0.705318 9.9973E-05 9.9973E-05
9.9991E-05 0.342168 0.0235599 0.0475278 0.586644
0.0317713 0.238026 0.0499806 9.9991E-05 0.680122
0.08846 0.441548 9.9982E-05 9.9982E-05 0.469792
0.236178 0.121153 0.55129 0.0449757 0.0464041
0.6274 9.9991E-05 0.280929 0.0248997 0.0666715
0.663839 0.249857 0.0493464 0.0265719 0.0103855
0.788256 9.9991E-05 0.0798687 0.00701004 0.124766
0.464558 0.113934 0.421308 9.9982E-05 9.9982E-05
0.690636 0.0912636 0.175993 0.00703007 0.0350772
0.739695 0.000901735 0.208837 9.9991E-05 0.0504666
0.901708 9.9982E-05 9.9982E-05 0.00972041 0.0883719
0.507414 0.0519975 0.411822 9.9991E-05 0.0286656
0.761426 0.0900961 0.133813 0.00959498 0.00506996
0.661947 0.101403 0.201497 0.0350536 9.9991E-05
0.725844 0.15307 0.100503 0.0204827 9.9991E-05
0.499977 0.0372214 0.322775 9.9991E-05 0.139926
0.784907 0.0791581 0.0396142 0.0350849 0.0612356
0.341669 0.375062 0.260573 0.0225956 9.9991E-05
0.751407 0.15471 0.0846206 9.9991E-05 0.00916192
9.9973E-05 0.147758 0.851942 9.9973E-05 9.9973E-05
0.00542458 0.0751262 0.919249 9.9982E-05 9.9982E-05
0.0210775 9.9982E-05 0.92393 0.0547925 9.9982E-05
0.0778098 0.0227127 0.811191 9.9991E-05 0.0881864
9.9991E-05 0.0861881 0.860181 0.00334603 0.050185
0.690927 0.21037 9.9982E-05 9.9982E-05 0.0985023
0.618168 0.202897 0.164283 0.0145514 9.9991E-05
9.9973E-05 0.0790502 9.9973E-05 9.9973E-05 0.92065
0.0720764 0.0417997 0.0529214 0.0410613 0.792141
0.0965975 9.9991E-05 0.0525672 0.0147108 0.836025
0.0723616 0.200843 0.0533177 9.9991E-05 0.673377
0.0308089 0.0928639 9.9991E-05 0.0265061 0.849721
9.9973E-05 9.9973E-05 0.221778 9.9973E-05 0.777922
0.0495512 0.0314622 9.9991E-05 0.0434797 0.875407
9.9982E-05 0.0625052 0.0828732 9.9982E-05 0.854422
9.9982E-05 0.0198559 0.131711 9.9982E-05 0.848233
9.9991E-05 0.160886 0.0305509 0.0140659 0.794397
9.9982E-05 0.19241 9.9982E-05 0.0429751 0.764415
0.0923598 0.0498036 0.0456112 0.0501791 0.762046
0.172893 9.9991E-05 0.0396346 0.0267095 0.760663
0.0188745 9.9991E-05 0.118143 0.0212296 0.841653
0.0333719 0.131243 0.0120558 0.0219163 0.801413
0.0939948 9.9982E-05 9.9982E-05 0.0310238 0.874781
0.0722507 9.9991E-05 0.0631104 0.010399 0.85414
0.034425 0.790574 0.0318943 9.9991E-05 0.143007
0.0750989 0.924601 9.9973E-05 9.9973E-05 9.9973E-05
0.0237804 0.120249 9.9982E-05 9.9982E-05 0.85577
0.245143 0.0627454 9.9991E-05 0.0183149 0.673697
9.9991E-05 0.133618 0.0167087 0.0151962 0.834377
0.127077 0.729803 9.9982E-05 9.9982E-05 0.14292
0.82005 0.108686 0.0257898 0.0204352 0.0250393
0.686628 0.00608008 0.252503 0.0276752 0.0271128
0.29212 0.242852 0.464828 9.9982E-05 9.9982E-05
0.200524 0.167934 0.629079 9.9991E-05 0.00236237
9.9991E-05 0.146878 0.849052 0.000868275 0.0031024
9.9982E-05 0.062246 0.897866 9.9982E-05 0.0396878
0.117878 0.0466518 0.802888 0.0324829 9.9991E-05
0.0333024 0.181729 0.732899 0.0436736 0.00839635
9.9991E-05 0.185405 0.706314 0.036531 0.0716502
0.136705 9.9991E-05 0.710784 0.0752255 0.0771856
0.755684 0.110766 0.110716 0.0076121 0.0152215
0.696961 0.0748832 0.087598 0.0725418 0.0680164
0.741684 0.143273 9.9991E-05 0.0669458 0.0479967
0.68631 0.313391 9.9973E-05 9.9973E-05 9.9973E-05
0.817159 0.163247 9.9991E-05 0.0172239 0.00227045
0.522825 0.396143 0.0680838 9.9991E-05 0.0128481
0.501575 0.258331 0.203313 0.0366804 9.9991E-05
0.583896 0.125266 0.173733 0.0138712 0.103234
0.581312 0.260088 0.107652 0.0508473 9.9991E-05
0.517537 0.269753 0.176404 0.0136346 0.0226709
0.601992 0.148926 0.177566 0.0301383 0.0413776
0.102834 0.0430651 0.66933 0.137134 0.047638
9.9982E-05 0.267679 9.9982E-05 0.0342349 0.697886
0.0067311 0.0901602 0.0902382 0.0399856 0.772885
9.9982E-05 0.101989 0.0532292 9.9982E-05 0.844582
0.107806 0.153725 9.9991E-05 0.0228264 0.715542
0.0522439 9.9991E-05 0.0860104 0.0355093 0.826136
0.335073 0.199383 0.33215 0.0296306 0.103763
0.510491 0.153935 0.297157 0.0383164 9.9991E-05
0.649499 0.0765322 0.188389 0.0646482 0.0209315
0.444473 0.249259 0.234558 0.0716093 9.9991E-05
