0.209271 0.0118668 0.596274 0.00441449 0.163288 0.0148857
0.526351 0.0219 0.378989 0.0253195 0.0473413 9.9991E-05
9.9982E-05 0.122634 0.709955 0.0209351 0.146277 9.9982E-05
0.112987 0.158357 0.702146 0.00717633 0.0192345 9.9991E-05
0.180396 9.9973E-05 0.776708 9.9973E-05 9.9973E-05 0.0425955
0.212325 0.0982093 0.685642 9.9982E-05 9.9982E-05 0.00362422
0.32712 0.10723 0.524577 9.9982E-05 9.9982E-05 0.0408735
0.291003 0.139921 0.536703 0.0321728 9.9982E-05 9.9982E-05
0.747828 9.9991E-05 0.0856476 0.0122008 0.0608924 0.0933312
0.324896 0.195811 0.301768 0.02528 0.152144 9.9991E-05
0.367958 0.426431 0.0527558 0.0660237 0.0321468 0.0546852
0.369201 0.176322 0.208291 0.0207963 0.22088 0.0045093
0.0898613 0.746966 9.9991E-05 0.0322131 0.0850366 0.0458226
0.674978 0.128345 0.0284588 9.9991E-05 0.102972 0.0651461
0.55813 9.9991E-05 0.246956 0.0193783 0.112407 0.0630294
0.794058 0.133589 0.0302162 9.9982E-05 0.0419368 9.9982E-05
0.514942 9.9991E-05 0.285226 0.000291109 0.179866 0.0195746
0.484053 9.9973E-05 0.488704 0.0269428 9.9973E-05 9.9973E-05
0.0829414 0.149885 0.0843817 0.0662478 0.498328 0.118217
0.305288 0.148181 9.9973E-05 9.9973E-05 0.546231 9.9973E-05
0.240922 9.9982E-05 0.0746337 0.0122166 0.672027 9.9982E-05
0.071212 0.0671157 0.0220207 0.00303866 0.836513 9.9991E-05
0.00954744 0.00707703 9.9991E-05 0.0564375 0.92668 0.000158051
0.161378 9.9991E-05 0.0171264 0.0378093 0.771028 0.0125577
0.249474 0.0710953 0.0386938 9.9982E-05 0.640537 9.9982E-05
9.9973E-05 9.9973E-05 0.156747 0.0102401 0.832713 9.9973E-05
9.9982E-05 0.0228617 9.9982E-05 0.0168153 0.888104 0.0720195
9.9982E-05 0.0261047 9.9982E-05 0.0259174 0.864851 0.0829266
9.9982E-05 9.9982E-05 0.0972232 0.0116714 0.855865 0.0350408
9.9973E-05 9.9973E-05 0.0617369 9.9973E-05 0.835264 0.102699
0.0829807 9.9991E-05 0.02586 0.00143623 0.858733 0.0308903
0.132048 9.9982E-05 9.9982E-05 0.0353689 0.7962 0.0361837
0.117765 0.000534535 0.030369 0.0445439 0.806688 9.9991E-05
0.242416 0.228738 0.373475 0.0699852 0.0852866 9.9991E-05
0.367525 9.9991E-05 0.413 0.00138454 0.206756 0.0112339
9.9973E-05 9.9973E-05 0.885505 9.9973E-05 0.075921 0.0382739
9.9982E-05 0.108342 0.846453 0.00786499 0.0371404 9.9982E-05
0.291035 0.175139 0.332008 0.0238218 0.112666 0.0653299
9.996E-05 9.996E-05 9.996E-05 0.9995 9.996E-05 9.996E-05
9.9973E-05 0.194752 9.9973E-05 0.0264605 0.778488 9.9973E-05
0.0575223 9.9982E-05 0.694941 9.9982E-05 0.16997 0.0773664
0.461018 0.159324 0.262421 9.9982E-05 0.117037 9.9982E-05
0.337431 0.181807 0.115123 0.000386065 0.222276 0.142977
0.191076 0.635818 9.9991E-05 0.0580928 0.0207011 0.0942127
9.9982E-05 0.876243 0.0519232 0.013682 0.0579515 9.9982E-05
9.996E-05 9.996E-05 9.996E-05 0.9995 9.996E-05 9.996E-05
0.326551 0.303387 0.19454 0.0598577 0.115563 9.9991E-05
0.25467 0.476322 0.125762 9.9991E-05 0.0805978 0.0625475
0.22314 0.160071 0.18074 0.0443597 0.319807 0.0718819
0.102407 0.101249 9.9991E-05 0.0138211 0.0389403 0.743483
0.111036 0.0716373 9.9991E-05 0.0260936 0.00357294 0.78756
0.0447804 9.9973E-05 0.186258 9.9973E-05 9.9973E-05 0.768662
0.089732 0.184753 9.9991E-05 0.0336418 0.00378182 0.687992
0.0626484 9.9991E-05 0.0333004 0.0578482 0.0484051 0.797698
0.0890105 0.0179223 9.9982E-05 9.9982E-05 0.0697488 0.823118
0.320732 9.9964E-05 9.9964E-05 9.9964E-05 9.9964E-05 0.678868
0.27386 9.9973E-05 9.9973E-05 0.0111909 9.9973E-05 0.714649
9.9982E-05 0.0144671 9.9982E-05 0.0299512 0.126696 0.828686
0.163076 9.9982E-05 0.00579737 0.0367556 9.9982E-05 0.794171
0.0392733 0.213915 0.10297 0.0396335 0.00300517 0.601203
9.9973E-05 0.103162 9.9973E-05 9.9973E-05 0.102455 0.794083
0.0921597 0.123329 9.9991E-05 0.00986586 0.100926 0.673619
0.0594243 0.529347 9.9982E-05 0.0631996 9.9982E-05 0.347829
0.0705607 9.9991E-05 0.0962999 0.0296698 0.762394 0.040976
0.175265 0.0982181 9.9982E-05 0.022255 0.704062 9.9982E-05
0.0193011 9.9982E-05 0.109105 0.0173559 0.854038 9.9982E-05
0.0093078 0.116996 0.139334 0.0236123 0.0426301 0.668119
9.9982E-05 0.436578 0.048619 0.0572716 9.9982E-05 0.457332
0.10449 0.188276 9.9982E-05 0.00785826 9.9982E-05 0.699175
9.9982E-05 0.296686 9.9982E-05 0.0423497 0.000719879 0.660045
9.9973E-05 9.9973E-05 0.17761 0.0569669 9.9973E-05 0.765123
0.321074 0.572731 9.9982E-05 0.00293822 9.9982E-05 0.103057
0.304693 0.625605 9.9982E-05 0.0264636 9.9982E-05 0.0430382
0.0678242 0.765175 0.0986793 9.9982E-05 9.9982E-05 0.0681213
9.9964E-05 0.980337 9.9964E-05 0.0192632 9.9964E-05 9.9964E-05
9.9982E-05 0.808706 0.067818 0.0493353 0.0739409 9.9982E-05
0.00973322 0.96321 9.9982E-05 0.021756 9.9982E-05 0.00510131
0.0550567 0.736871 0.0753085 0.0241081 0.0730847 0.0355714
0.210985 0.165359 9.9973E-05 9.9973E-05 9.9973E-05 0.623356
9.9991E-05 0.252993 0.171527 0.103747 0.0197448 0.451889
9.9991E-05 0.0958502 0.0278172 0.0310731 0.0710084 0.774151
0.0286231 0.0587621 9.9991E-05 0.0382224 0.131212 0.743081
0.28411 9.9973E-05 9.9973E-05 0.0466087 9.9973E-05 0.668981
0.142175 0.157144 0.0229622 0.0176786 0.638873 0.021168
0.017006 0.438381 0.212593 9.9991E-05 0.065814 0.266107
9.9964E-05 0.919685 9.9964E-05 9.9964E-05 9.9964E-05 0.0799149
9.996E-05 9.996E-05 9.996E-05 0.9995 9.996E-05 9.996E-05
0.159856 0.088919 0.577525 9.9982E-05 0.1735 9.9982E-05
0.325311 0.0501785 0.469744 0.015665 0.139002 9.9991E-05
0.655417 0.148885 0.0644661 0.0403467 0.0854553 0.00542969
0.581467 0.196553 9.9991E-05 0.0264089 0.139252 0.056219
0.278555 9.9973E-05 0.657781 9.9973E-05 9.9973E-05 0.0633647
9.9982E-05 0.819582 0.0399749 9.9982E-05 0.0137618 0.126481
0.0674157 0.176342 0.191579 0.053833 0.510731 9.9991E-05
0.0589845 0.679906 0.00825665 0.109047 9.9991E-05 0.143706
0.0581377 0.342202 0.242347 0.0200958 0.307842 0.0293748
0.73996 9.9982E-05 0.138776 0.0252331 0.0958305 9.9982E-05
0.207225 0.238891 0.520278 9.9982E-05 0.0334057 9.9982E-05
0.534592 0.295452 0.124704 9.9982E-05 0.0450523 9.9982E-05
0.804962 0.150422 0.0155345 0.000382811 9.9991E-05 0.0285985
9.9964E-05 0.314819 0.684781 9.9964E-05 9.9964E-05 9.9964E-05
0.900695 0.0969243 9.9973E-05 0.00208112 9.9973E-05 9.9973E-05
9.9991E-05 0.654128 0.113065 0.0363718 0.0204984 0.175837
0.0695363 0.629753 0.104234 0.0643776 9.9991E-05 0.132
9.9982E-05 0.634217 0.112712 0.0748639 9.9982E-05 0.178007
0.248921 0.583772 9.9973E-05 9.9973E-05 0.167007 9.9973E-05
0.430145 0.345479 9.9982E-05 9.9982E-05 0.0935528 0.130623
0.29083 0.00536601 0.266103 9.9991E-05 0.395547 0.042055
0.0581905 9.9982E-05 0.1844 0.0215625 9.9982E-05 0.735647
0.0609967 0.23931 9.9982E-05 0.029354 9.9982E-05 0.67014
9.9991E-05 0.678936 0.0966508 0.00293148 0.11572 0.105661
0.283735 0.49053 9.9991E-05 0.0160093 0.0888576 0.120768
9.9991E-05 0.513169 0.105762 0.027207 0.241632 0.112131
9.9973E-05 0.28311 0.0110361 9.9973E-05 0.705554 9.9973E-05
9.9982E-05 0.333281 9.9982E-05 0.0477037 0.0385806 0.580234
0.104332 0.266236 9.9973E-05 9.9973E-05 9.9973E-05 0.629131
9.9973E-05 0.399499 0.14318 9.9973E-05 9.9973E-05 0.457021
9.9982E-05 0.121915 0.390318 0.0694367 0.418131 9.9982E-05
0.376715 9.9982E-05 0.373181 9.9982E-05 0.186618 0.0632859
0.449715 0.0576161 0.453634 0.0105541 9.9991E-05 0.0283811
0.157641 0.0357429 0.688674 9.9991E-05 0.0669104 0.0509311
0.338615 9.9982E-05 0.346542 0.00159804 0.313045 9.9982E-05
0.306647 0.0231582 0.532441 9.9982E-05 0.137553 9.9982E-05
0.270773 0.0319129 0.557746 9.9991E-05 0.107233 0.0322356
0.428924 9.9982E-05 0.519294 0.0105181 9.9982E-05 0.0410631
0.173071 0.0257555 0.444596 9.9991E-05 0.355746 0.000732605
0.875094 0.0262565 0.00620148 0.000910044 0.0868516 0.00468665
0.909531 0.0208139 9.9982E-05 0.0213311 0.0481235 9.9982E-05
0.728548 0.104041 0.158653 9.9982E-05 0.00855833 9.9982E-05
0.32122 0.147744 0.243579 9.9991E-05 0.223648 0.0637093
0.862788 0.0116915 0.0454095 0.0243991 9.9991E-05 0.0556115
0.604985 0.234245 9.9973E-05 9.9973E-05 0.16047 9.9973E-05
0.575327 0.0239532 0.333531 9.9991E-05 0.0330174 0.034072
9.9964E-05 0.183492 9.9964E-05 9.9964E-05 0.816108 9.9964E-05
9.9973E-05 0.0800703 0.0246736 9.9973E-05 0.894956 9.9973E-05
0.144437 9.9973E-05 9.9973E-05 0.031585 0.823678 9.9973E-05
0.0948634 0.0344904 0.0647953 0.0211088 0.753638 0.0311038
9.9991E-05 0.0752524 0.0042694 0.00976695 0.843475 0.0671364
0.261784 0.109442 0.545155 0.000869624 9.9991E-05 0.0826485
9.9982E-05 0.047339 0.814424 0.00784085 0.130196 9.9982E-05
9.9973E-05 0.038057 0.0392964 9.9973E-05 9.9973E-05 0.922347
0.0719164 0.10298 9.9991E-05 0.0337317 0.036171 0.755101
0.0173792 9.9991E-05 0.0874039 0.00340559 0.0222806 0.869431
9.9982E-05 0.286198 0.0438749 9.9982E-05 0.0487187 0.621009
0.0953391 9.9982E-05 0.0462517 0.0266995 9.9982E-05 0.83151
9.9982E-05 0.117825 9.9982E-05 0.00957064 0.109179 0.763225
0.0624709 9.9982E-05 0.0531773 0.0170952 9.9982E-05 0.867057
9.9991E-05 0.0592664 0.0208181 0.000926187 0.101792 0.817097
0.0145344 0.0811253 0.0188075 9.9991E-05 0.0771689 0.808264
9.9982E-05 0.0842159 9.9982E-05 0.0103647 0.127365 0.777854
9.9982E-05 0.163847 0.0992801 0.0206529 9.9982E-05 0.716021
0.0873508 0.0756696 0.0394533 0.0287589 0.0456299 0.723137
0.103548 9.9991E-05 0.121059 0.0133519 0.017082 0.744859
9.9982E-05 9.9982E-05 0.121394 0.00255943 0.0523592 0.823487
9.9973E-05 0.0303329 0.174685 9.9973E-05 9.9973E-05 0.794682
9.9973E-05 9.9973E-05 0.151761 0.0197828 9.9973E-05 0.828156
9.9991E-05 0.0110775 0.0994078 0.0173535 0.0531394 0.818922
0.0700081 0.777533 0.0497064 9.9982E-05 9.9982E-05 0.102552
0.0965433 0.903057 9.9964E-05 9.9964E-05 9.9964E-05 9.9964E-05
9.9973E-05 0.0472361 0.173551 9.9973E-05 9.9973E-05 0.778913
9.9982E-05 0.0837512 0.250355 0.0180964 9.9982E-05 0.647598
9.9973E-05 0.137259 9.9973E-05 9.9973E-05 0.05361 0.808831
0.159811 0.636263 0.0655946 0.00457955 9.9991E-05 0.133652
0.0972064 0.0372134 0.859948 0.00543195 9.9982E-05 9.9982E-05
0.275802 9.9982E-05 0.532344 0.0268691 0.164785 9.9982E-05
0.081536 0.15008 0.280135 9.9991E-05 0.477359 0.0107901
0.317096 0.080729 0.0674337 0.00640189 0.528239 9.9991E-05
9.9973E-05 0.204473 0.0586562 9.9973E-05 0.736571 9.9973E-05
0.117962 0.0255719 0.00835985 9.9991E-05 0.82158 0.0264258
0.0629446 0.0503941 0.18355 0.000998172 0.702013 9.9991E-05
0.217725 0.0323837 0.0122038 0.011238 0.706198 0.0202512
0.199788 0.112283 9.9991E-05 0.0447977 0.622962 0.0200699
0.0422662 9.9991E-05 0.0782072 0.0385323 0.782143 0.0587513
0.158897 0.110337 0.644238 9.9982E-05 0.0863283 9.9982E-05
0.0623231 0.00953863 0.790568 0.0435859 0.0402853 0.0536991
0.125914 0.0821112 0.724931 0.0492436 9.9991E-05 0.017701
9.99641E-05 0.164618 0.834982 9.99641E-05 9.99641E-05 9.99641E-05
0.139968 0.0246705 0.832443 0.00271895 9.9982E-05 9.9982E-05
0.14979 0.304418 0.545493 9.9973E-05 9.9973E-05 9.9973E-05
0.699135 0.0943842 0.0798666 0.00496616 0.121548 9.9991E-05
0.79566 0.0805377 9.9982E-05 9.9982E-05 0.061431 0.0621712
0.851418 0.0956109 9.9982E-05 0.0508632 9.9982E-05 0.0019083
0.717249 0.0741669 0.0908369 9.9991E-05 0.0674169 0.0502298
0.730433 0.0261277 0.146132 0.0321276 0.0575497 0.0076301
0.200069 0.0190394 9.9991E-05 0.145064 0.59238 0.0433483
0.0703306 0.209795 9.9982E-05 0.0323164 9.9982E-05 0.687358
9.9991E-05 0.110069 0.0445763 0.0330816 0.0712008 0.740972
0.0550407 0.0836516 9.9991E-05 0.00804262 0.0323 0.820865
0.0186368 0.171295 0.172072 0.00916987 9.9991E-05 0.628727
9.9982E-05 9.9982E-05 0.16164 0.0339103 0.0399883 0.764261
0.477285 0.114675 0.040436 0.0203106 0.251461 0.0958323
0.544995 0.0918658 0.148084 0.0327013 0.182255 9.9991E-05
0.917207 9.9973E-05 0.0143908 0.0681021 9.9973E-05 9.9973E-05
0.379365 0.221212 0.187313 0.034737 0.177273 9.9991E-05
