0.0178385 0.0232624 0.0295638 0.0212308 0.7731 0.135005
0.0301556 9.9991E-05 0.0453113 0.194081 0.666347 0.0640053
0.0139201 0.00485196 0.0783524 9.9991E-05 0.707762 0.195014
0.00772857 9.9982E-05 0.193576 0.0728042 0.725692 9.9982E-05
0.00679594 0.0740659 9.9982E-05 0.0770161 0.841922 9.9982E-05
0.000452855 0.0473679 0.0817979 0.177703 0.692579 9.9991E-05
9.9982E-05 9.9982E-05 0.22479 0.256816 0.48277 0.0354231
0.0444893 9.9982E-05 0.181542 0.0727252 0.701043 9.9982E-05
0.00290745 0.0845688 9.9991E-05 0.668319 0.193093 0.0510114
0.0282765 9.9991E-05 0.202613 0.375788 0.230878 0.162344
0.0541893 0.0349644 0.426937 0.332704 0.115515 0.0356898
0.0176751 9.9991E-05 0.185823 0.398756 0.236912 0.160733
0.033213 0.0151243 0.812619 0.0817056 9.9991E-05 0.0572384
9.9982E-05 0.0503065 0.0645309 0.768683 9.9982E-05 0.116279
0.0147201 0.0910747 9.9991E-05 0.348322 0.434019 0.111764
9.9973E-05 9.9973E-05 0.101362 0.687051 0.211287 9.9973E-05
0.0135237 9.9991E-05 0.0134584 0.523995 0.301963 0.146959
0.0166864 9.9982E-05 9.9982E-05 0.521137 0.447648 0.0143295
0.06279 0.130519 0.119449 0.165065 0.0169859 0.505191
9.9973E-05 9.9973E-05 0.0719715 0.3297 9.9973E-05 0.598029
0.0292063 0.0114164 0.0277068 0.123478 0.129491 0.678702
0.00981976 0.0364057 0.0844933 0.0318863 0.0814594 0.755936
0.0500046 9.9973E-05 0.0852041 9.9973E-05 9.9973E-05 0.864491
0.0484955 0.0339336 9.9991E-05 0.181768 0.00730862 0.728395
9.9982E-05 9.9982E-05 0.0407479 0.141185 0.187636 0.630231
9.9964E-05 9.9964E-05 9.9964E-05 9.9964E-05 0.138619 0.860981
0.0188344 0.106497 9.9973E-05 9.9973E-05 9.9973E-05 0.874368
0.0299925 0.0827115 9.9982E-05 0.0743987 9.9982E-05 0.812697
9.9973E-05 0.0435481 9.9973E-05 9.9973E-05 0.0839837 0.872168
9.9973E-05 0.114193 9.9973E-05 9.9973E-05 0.0906255 0.794881
9.9982E-05 0.0429293 0.0443866 0.0329731 9.9982E-05 0.879511
0.039723 0.0370265 9.9982E-05 0.113302 9.9982E-05 0.809749
0.0612399 9.9982E-05 0.0721558 0.139365 9.9982E-05 0.72704
0.068409 9.9991E-05 0.174331 0.231786 0.371636 0.153738
9.9982E-05 0.0374138 9.9982E-05 0.131428 0.613353 0.217605
9.9982E-05 0.0790367 9.9982E-05 0.115911 0.722936 0.0819162
0.0394146 0.00801478 0.156786 0.0665319 0.647259 0.081993
9.9991E-05 0.0797111 0.218735 0.40476 0.211941 0.0847529
0.9995 9.996E-05 9.996E-05 9.996E-05 9.996E-05 9.996E-05
0.0347005 9.9973E-05 0.208314 9.9973E-05 9.9973E-05 0.756686
9.9973E-05 0.147179 9.9973E-05 9.9973E-05 0.685668 0.166853
9.9982E-05 9.9982E-05 0.157301 0.318198 0.417863 0.106438
0.00675355 0.10248 0.255192 0.214952 0.175679 0.244943
0.0505544 0.144655 0.489422 0.135559 0.0736614 0.106148
9.9973E-05 9.9973E-05 0.880909 9.9973E-05 0.0509241 0.0678671
0.9995 9.996E-05 9.996E-05 9.996E-05 9.996E-05 9.996E-05
0.0632254 0.0146331 0.179417 0.328738 0.278046 0.13594
9.9991E-05 0.0667931 0.491542 0.132005 0.188758 0.120801
0.0174406 0.0693723 0.197182 0.303595 0.100881 0.311529
0.0234811 0.684829 0.209876 0.0816133 9.9982E-05 9.9982E-05
0.0282056 0.745828 0.166335 0.0594314 9.9982E-05 9.9982E-05
9.9982E-05 0.764385 9.9982E-05 0.0680654 0.147015 0.0203348
0.0533703 0.660921 0.19197 0.0935385 9.9982E-05 9.9982E-05
0.0416639 0.81399 9.9982E-05 0.127994 9.9982E-05 0.0161528
9.9973E-05 0.800502 9.9973E-05 0.159345 9.9973E-05 0.0398534
9.9964E-05 0.671561 9.9964E-05 0.328039 9.9964E-05 9.9964E-05
9.9973E-05 0.808119 0.00636194 0.18522 9.9973E-05 9.9973E-05
0.0444315 0.84745 9.9973E-05 9.9973E-05 9.9973E-05 0.107819
0.059809 0.759334 0.0437179 0.0725273 0.0645114 9.9991E-05
0.0248454 0.571895 0.237019 0.000310387 0.16583 9.9991E-05
9.9973E-05 0.786106 0.0607946 9.9973E-05 9.9973E-05 0.152799
0.00573208 0.7038 0.123711 0.0629217 0.0465053 0.0573304
0.0683584 0.331675 0.486317 0.11345 9.9982E-05 9.9982E-05
0.0111643 0.0262569 9.9991E-05 0.215518 0.0503448 0.696616
0.0241367 9.9982E-05 0.0289443 9.9982E-05 0.223134 0.723585
0.00812607 9.9973E-05 9.9973E-05 9.9973E-05 0.16016 0.831414
0.0178652 0.680004 0.103116 0.198815 9.9982E-05 9.9982E-05
0.0767197 0.492896 0.357165 9.9982E-05 0.0730195 9.9982E-05
0.0304828 0.72502 0.0744565 0.0491636 0.093238 0.0276396
0.0560796 0.635286 0.29904 9.9982E-05 9.9982E-05 0.00939488
0.0356784 0.795187 0.039149 9.9982E-05 0.129785 9.9982E-05
9.9982E-05 0.0686309 0.629543 0.257274 0.0443527 9.9982E-05
0.0212303 0.0436492 0.617508 0.313557 9.9991E-05 0.00395528
9.9982E-05 0.0829735 0.729778 0.181053 9.9982E-05 0.00599566
0.0404372 9.9973E-05 0.933141 0.0261223 9.9973E-05 9.9973E-05
0.0368094 9.9973E-05 0.874135 9.9973E-05 9.9973E-05 0.0887555
0.0389562 0.00469524 0.902626 0.0535221 9.9982E-05 9.9982E-05
0.0295212 0.0097744 0.768321 0.0874918 0.0522889 0.0526026
9.9973E-05 0.598259 0.182843 0.218598 9.9973E-05 9.9973E-05
0.129124 0.386985 0.243139 0.0423756 0.198276 9.9991E-05
0.0187661 0.723335 0.136386 9.9991E-05 0.0781466 0.0432663
0.0570429 0.662716 0.183028 9.9982E-05 9.9982E-05 0.097013
0.0312927 0.679756 9.9973E-05 0.288651 9.9973E-05 9.9973E-05
0.0425668 0.0309957 0.0176291 0.367304 9.9991E-05 0.541404
9.9982E-05 0.298421 0.447555 9.9982E-05 0.116443 0.137382
9.9982E-05 0.0749778 0.838818 0.00479705 0.0812071 9.9982E-05
0.9995 9.996E-05 9.996E-05 9.996E-05 9.996E-05 9.996E-05
9.9982E-05 9.9982E-05 0.22128 0.119794 0.530433 0.128294
0.0326781 9.9991E-05 0.120433 0.0390444 0.657352 0.150393
0.02848 0.0131051 0.104137 0.615695 0.180595 0.0579871
0.0383541 0.0736084 0.132256 0.638314 9.9991E-05 0.117367
9.9973E-05 0.0550558 9.9973E-05 0.419547 0.525098 9.9973E-05
0.0030489 0.142986 0.79467 9.9991E-05 0.0145826 0.0446121
0.0304053 0.0369248 0.127028 0.150809 0.0993887 0.555445
0.0847084 0.160682 0.610433 0.0359049 0.108171 9.9991E-05
0.0271644 0.0494253 0.340986 9.9991E-05 0.265936 0.316388
0.015631 9.9982E-05 9.9982E-05 0.668088 0.249454 0.0666265
9.9982E-05 9.9982E-05 0.25392 0.0538503 0.627265 0.0647646
9.9982E-05 9.9982E-05 0.190764 0.325805 0.376107 0.107124
9.9973E-05 0.028496 0.089758 0.881446 9.9973E-05 9.9973E-05
0.0182902 9.9973E-05 0.338298 9.9973E-05 0.643112 9.9973E-05
9.9973E-05 9.9973E-05 0.0622462 0.898577 0.0388768 9.9973E-05
0.0187696 0.170821 0.673344 9.9991E-05 0.107824 0.0291415
0.0850892 0.157977 0.414076 0.151699 0.113016 0.0781427
0.076617 0.15626 0.631306 0.130252 0.00546565 9.9991E-05
9.9973E-05 9.9973E-05 0.57557 0.278692 9.9973E-05 0.145439
9.9982E-05 0.0284085 0.522902 0.344938 9.9982E-05 0.103552
9.9991E-05 0.0386023 0.0575657 0.301615 0.182119 0.419998
0.0338879 0.744071 9.9982E-05 0.054335 0.167506 9.9982E-05
0.014149 0.658918 0.20644 0.0166933 9.9991E-05 0.103699
0.00999734 0.144661 0.583911 9.9991E-05 0.171564 0.0897663
0.0248848 0.204429 0.355719 0.2962 9.9991E-05 0.118668
0.0691913 0.0875517 0.433265 9.9991E-05 0.181964 0.227927
9.9973E-05 9.9973E-05 0.260191 0.0678722 9.9973E-05 0.671637
0.0288485 0.597031 0.325565 9.9982E-05 9.9982E-05 0.0483547
9.9982E-05 0.657293 0.260723 0.0686979 9.9982E-05 0.0130865
9.9973E-05 0.454992 0.409691 9.9973E-05 0.135018 9.9973E-05
0.0424404 0.0327151 0.0499187 0.140386 0.304947 0.429593
9.9982E-05 0.0610778 9.9982E-05 0.00307864 0.646253 0.289391
0.0203944 0.00513519 0.185072 0.0606431 0.666215 0.0625402
9.9973E-05 0.124849 9.9973E-05 9.9973E-05 0.837531 0.0373205
9.9982E-05 0.00962014 9.9982E-05 0.341773 0.322777 0.325631
0.0121727 0.0434827 0.0361132 0.114529 0.647553 0.14615
0.00993689 0.0117247 9.9982E-05 9.9982E-05 0.876202 0.101937
0.00624756 0.0627729 9.9982E-05 0.175903 0.754877 9.9982E-05
9.9982E-05 9.9982E-05 0.225519 0.141982 0.294489 0.337809
9.9973E-05 9.9973E-05 9.9973E-05 0.792602 0.190261 0.016837
0.021658 9.9991E-05 0.0134643 0.822778 0.037935 0.104065
0.00224632 9.9982E-05 0.0807558 0.755372 0.161426 9.9982E-05
0.00418236 0.0919143 0.154477 0.220687 0.299308 0.229431
0.0341828 0.0309287 9.9982E-05 0.871116 0.0635726 9.9982E-05
9.9991E-05 0.000338344 0.1753 0.620265 0.0211008 0.182896
9.9991E-05 0.0209166 0.0390473 0.0498908 0.806292 0.0837528
9.9973E-05 9.9973E-05 0.128255 0.0703768 9.9973E-05 0.801068
9.9973E-05 9.9973E-05 0.0122811 9.9973E-05 0.173812 0.813607
0.0184815 9.9973E-05 9.9973E-05 0.211546 9.9973E-05 0.769673
0.00693279 0.0155598 9.9982E-05 0.262498 9.9982E-05 0.714809
0.0296807 9.9982E-05 0.157056 9.9982E-05 0.0444935 0.76857
0.0123176 0.0215515 0.237931 0.288676 0.439424 9.9991E-05
0.0142233 9.9982E-05 0.137859 9.9982E-05 0.68615 0.161567
9.9973E-05 0.859171 0.13295 9.9973E-05 0.00757957 9.9973E-05
0.025241 0.725302 0.113311 0.0702635 9.9991E-05 0.0657831
9.9982E-05 0.818751 9.9982E-05 0.115165 0.062384 0.00350006
0.00422722 0.597695 0.26863 9.9991E-05 0.0335341 0.095813
0.0233017 0.806627 0.00598372 0.163888 9.9982E-05 9.9982E-05
0.0105552 0.735312 0.120721 0.0133265 9.9991E-05 0.119986
0.0281064 0.829463 0.0998241 9.9982E-05 0.0424067 9.9982E-05
9.9982E-05 0.805937 0.0483964 9.9982E-05 0.0534354 0.0920312
9.9982E-05 0.80017 0.0754355 0.0283746 9.9982E-05 0.0958201
0.00367309 0.806957 0.0527295 9.9991E-05 0.0302167 0.106324
0.0350075 0.745436 0.159151 9.9982E-05 0.0602055 9.9982E-05
0.0369665 0.694548 0.0802772 0.145598 0.0194285 0.0231825
0.0121425 0.776437 9.9991E-05 0.0327165 0.130752 0.0478525
0.0188562 0.851188 0.0457373 0.0274484 0.0159445 0.0408259
9.9982E-05 0.747981 0.164926 9.9982E-05 0.0820088 0.00488403
9.9964E-05 0.86953 9.9964E-05 9.9964E-05 0.13007 9.9964E-05
0.00435207 0.823035 9.9982E-05 0.0685567 9.9982E-05 0.103856
9.9982E-05 0.127068 0.749333 9.9982E-05 0.0973038 0.0260948
9.9973E-05 9.9973E-05 0.85329 0.0821559 0.0642545 9.9973E-05
9.9973E-05 0.761184 0.212678 9.9973E-05 0.025838 9.9973E-05
0.0210936 0.626029 0.137419 0.0305206 0.184838 9.9991E-05
9.9973E-05 0.80512 0.173044 9.9973E-05 9.9973E-05 0.0215357
9.9982E-05 0.1091 0.622741 0.186103 0.0818561 9.9982E-05
0.0141023 9.9982E-05 0.0857395 0.00852638 0.891432 9.9982E-05
0.0283173 9.9982E-05 9.9982E-05 0.264447 0.556135 0.1509
9.9973E-05 9.9973E-05 0.2234 9.9973E-05 0.31669 0.45961
9.9982E-05 9.9982E-05 0.0536182 0.234584 0.150817 0.560781
0.00272873 9.9982E-05 0.145728 0.0943323 9.9982E-05 0.757011
9.9973E-05 9.9973E-05 0.143361 0.0508302 9.9973E-05 0.805509
0.0160045 9.9991E-05 0.0927121 0.0941532 0.0902347 0.706795
0.0133487 0.00286427 0.0977652 0.247702 9.9991E-05 0.63822
0.0433592 0.0450504 0.0846345 0.156388 9.9991E-05 0.670467
0.0683789 0.0730636 9.9982E-05 9.9982E-05 0.113153 0.745204
0.015158 0.0320945 0.0710936 0.0296177 0.717078 0.134958
0.0446027 0.0463255 0.070611 9.9991E-05 0.836433 0.00192761
0.049884 0.0174631 0.098648 0.000762986 0.833142 9.9991E-05
9.99641E-05 9.99641E-05 0.254731 9.99641E-05 0.744869 9.99641E-05
0.025369 9.9982E-05 0.127621 0.0312149 0.815595 9.9982E-05
9.9973E-05 9.9973E-05 0.355336 0.0825882 0.561776 9.9973E-05
0.00483812 9.9991E-05 0.0415363 0.709555 0.119748 0.124223
9.9982E-05 0.0283467 0.00503827 0.917397 9.9982E-05 0.0490182
0.0274378 9.9982E-05 0.00612285 0.951034 0.0152052 9.9982E-05
0.0104672 9.9991E-05 0.171347 0.665649 0.0702294 0.0822078
0.0282677 0.0510181 9.9991E-05 0.740426 0.151086 0.0291024
0.127031 0.0726388 9.9982E-05 0.173629 9.9982E-05 0.626501
0.0243857 0.694025 0.20392 9.9991E-05 0.0453787 0.0321908
0.0531292 0.772761 0.0745048 9.9982E-05 9.9982E-05 0.0994053
9.9973E-05 0.787581 0.102122 0.109997 9.9973E-05 9.9973E-05
0.0172982 0.64001 0.200128 0.0488587 0.0885721 0.00513312
0.024094 0.761382 9.9982E-05 9.9982E-05 0.17357 0.0407536
0.0182515 0.110453 0.0782274 0.440005 0.0744739 0.278589
0.0205632 9.9991E-05 0.0320891 0.420474 0.286017 0.240757
0.0578103 9.9973E-05 9.9973E-05 0.780946 0.160944 9.9973E-05
0.0453019 9.9991E-05 0.215488 0.346232 0.147087 0.24579
