0.662895 0.00387096 0.0762782 0.0402681 0.00294481 0.0876258 0.126117
0.0698327 9.9973E-05 0.0409384 9.9973E-05 0.0534604 9.9973E-05 0.835469
0.379402 0.0104488 0.00609069 0.00829227 0.0479855 0.108955 0.438825
0.528338 0.051266 0.142456 9.9982E-05 0.00651352 9.9982E-05 0.271227
0.647865 0.0387028 9.9973E-05 9.9973E-05 0.00863629 9.9973E-05 0.304496
0.674589 9.9982E-05 0.0576126 0.0697591 0.0054938 9.9982E-05 0.192346
0.607627 9.9982E-05 0.18531 0.0728368 9.9982E-05 0.0401837 0.0938429
0.373252 9.9982E-05 0.10239 9.9982E-05 0.0410846 0.00178646 0.481287
0.424188 9.9982E-05 9.9982E-05 0.119111 0.0217799 0.0631243 0.371597
0.416059 9.9982E-05 0.212877 9.9982E-05 0.0224159 0.158993 0.189455
0.251386 0.0552912 0.423656 9.9991E-05 0.0455558 0.0538554 0.170155
0.423636 0.037443 0.169516 0.00611304 9.9991E-05 0.245221 0.11797
9.9982E-05 0.108946 0.683056 9.9982E-05 0.0467455 0.0241703 0.136882
0.278306 0.0836113 0.183479 9.9982E-05 9.9982E-05 0.184577 0.269827
0.6675 9.9982E-05 9.9982E-05 0.121585 0.0194858 0.102557 0.0886724
0.456619 9.9991E-05 0.168322 0.0181599 0.00427508 0.0276261 0.324898
0.524733 9.9973E-05 9.9973E-05 0.0465746 9.9973E-05 0.198728 0.229664
0.562259 9.9973E-05 9.9973E-05 9.9973E-05 0.025374 0.0491515 0.362916
0.182928 0.0589876 0.206777 0.0538429 0.0650875 0.432277 9.9991E-05
0.107748 9.9982E-05 0.20418 9.9982E-05 0.00290489 0.602607 0.0823609
0.0732038 0.0341674 0.00698793 9.9991E-05 0.0115537 0.622321 0.251666
0.0377793 0.00519136 0.107216 0.0345878 0.0225317 0.738162 0.0545316
9.9973E-05 9.9973E-05 9.9973E-05 0.0316879 0.0301178 0.810501 0.127394
0.113671 0.00492403 9.9991E-05 0.0396996 0.0306591 0.693055 0.117892
0.110589 9.9982E-05 0.0941198 0.010681 9.9982E-05 0.657045 0.127366
0.00949107 9.9973E-05 9.9973E-05 0.0439118 9.9973E-05 0.814543 0.131754
9.999E-05 0.0166128 0.0441537 0.0505917 0.0256647 0.799952 0.062925
0.0431884 0.0314406 9.9991E-05 0.0720593 0.0214513 0.813305 0.0184555
0.0520705 0.0412033 9.9973E-05 9.9973E-05 9.9973E-05 0.81 0.0964261
0.0484003 0.012669 9.9982E-05 0.127791 9.9982E-05 0.728959 0.0819803
9.9964E-05 9.9964E-05 9.9964E-05 0.097489 9.9964E-05 0.739248 0.162863
9.9982E-05 0.0831251 0.00909249 9.9982E-05 0.0123592 0.758136 0.137087
9.9973E-05 9.9973E-05 9.9973E-05 0.0397573 0.0291609 0.696452 0.23433
0.391133 9.9982E-05 0.250489 9.9982E-05 0.0612629 0.107423 0.189492
0.262266 0.0532285 9.9982E-05 9.9982E-05 0.0105843 0.228791 0.444931
0.838495 0.0889922 9.9964E-05 9.9964E-05 9.9964E-05 0.0721128 9.9964E-05
0.756902 9.9991E-05 0.0535228 0.0820173 0.0207035 0.0445934 0.0421607
0.475346 9.9991E-05 0.186243 0.117746 0.00728608 0.0868074 0.126472
9.995E-05 9.995E-05 9.995E-05 9.995E-05 0.9994 9.995E-05 9.995E-05
0.000260144 0.0542012 0.197174 9.9982E-05 0.0288086 0.719356 9.9982E-05
0.747542 0.0954453 9.9982E-05 0.0695639 9.9982E-05 0.0530447 0.0342043
0.165337 9.9982E-05 0.208287 9.9982E-05 0.0108232 0.0696807 0.545673
0.049726 9.9991E-05 0.219701 0.177818 0.000180262 0.207405 0.34507
9.999E-05 0.0590407 0.538231 0.0796268 0.0516789 0.0262897 0.245032
0.0513421 9.99831E-05 0.84488 0.0301353 9.99831E-05 0.0191755 0.0542668
9.995E-05 9.995E-05 9.995E-05 9.995E-05 0.9994 9.995E-05 9.995E-05
0.401263 0.0364348 0.246617 9.9991E-05 0.0563301 0.196407 0.0628475
0.0865985 9.9982E-05 0.343049 0.156244 9.9982E-05 0.109963 0.303945
0.33725 0.142215 0.153878 0.00157907 0.00643093 0.336485 0.022161
0.0750028 0.246972 0.0454153 0.61768 0.0147301 9.9982E-05 9.9982E-05
9.9991E-05 0.505046 0.126017 0.303471 0.0343594 0.00213098 0.028876
0.18508 0.47512 9.9964E-05 0.3394 9.9964E-05 9.9964E-05 9.9964E-05
0.0991081 0.539295 0.0730876 0.243166 0.0295918 0.0156516 9.9991E-05
0.0566073 0.684882 9.9982E-05 0.186223 0.0380717 0.0340162 9.9982E-05
0.0423955 0.588042 9.9973E-05 0.313844 9.9973E-05 0.0554181 9.9973E-05
9.9964E-05 0.652204 9.9964E-05 0.0418622 9.9964E-05 9.9964E-05 0.305534
9.9982E-05 0.13093 0.00288591 0.750507 0.0191771 9.9982E-05 0.0962996
9.9964E-05 9.9964E-05 9.9964E-05 0.982182 0.0125169 0.00490169 9.9964E-05
9.9982E-05 0.753429 0.0772624 0.0521496 0.0297505 9.9982E-05 0.0872086
0.14329 0.336197 0.100569 0.348663 0.0236306 9.9991E-05 0.0475499
9.995E-05 9.995E-05 9.995E-05 0.9994 9.995E-05 9.995E-05 9.995E-05
0.0301806 0.451549 0.179294 0.247995 9.99866E-05 9.99866E-05 0.0907814
9.9991E-05 0.235716 0.472995 0.143482 0.0687295 0.0415436 0.0374334
0.14806 0.0910298 0.00248101 9.9991E-05 0.0112486 0.699141 0.0479399
9.9982E-05 0.0136715 0.0500455 9.9982E-05 0.02673 0.652667 0.256687
0.186936 9.9973E-05 9.9973E-05 9.9973E-05 0.00434444 0.766026 0.0423931
0.119456 0.526001 0.139205 0.182484 0.0207987 0.0119557 9.9991E-05
0.0102248 0.433146 0.373003 0.102869 0.0692819 9.9991E-05 0.0113754
9.9991E-05 0.678852 0.0816357 0.100471 0.00925763 0.0358741 0.0938091
9.9973E-05 0.499584 0.217217 0.233931 0.048968 9.9973E-05 9.9973E-05
0.0519561 0.805387 9.9982E-05 0.0429243 0.023059 0.076474 9.9982E-05
9.9982E-05 0.0253126 0.576865 0.102464 0.00323451 9.9982E-05 0.291924
0.0896061 0.00820038 0.750813 0.0731156 0.0180275 9.9991E-05 0.0601375
0.153678 9.9964E-05 0.730646 0.115276 9.9964E-05 9.9964E-05 9.9964E-05
9.9955E-05 9.9955E-05 0.98501 9.9955E-05 0.0144905 9.9955E-05 9.9955E-05
0.0309171 9.9973E-05 0.841512 9.9973E-05 0.0180003 0.10927 9.9973E-05
9.9973E-05 9.9973E-05 0.901649 0.0749947 0.00455013 0.0185058 9.9973E-05
0.0546443 9.9991E-05 0.748369 0.0336179 0.0296942 0.047833 0.0857416
0.0353283 0.440571 0.264577 0.223993 9.9982E-05 9.9982E-05 0.0353297
9.9991E-05 0.313317 0.356478 0.121645 0.102195 0.0167582 0.0895067
9.9991E-05 0.513963 0.0950177 0.288889 0.0161834 0.00917651 0.0766704
9.9982E-05 0.448742 0.128867 0.331135 0.0306064 0.0604488 9.9982E-05
0.208723 0.674759 0.0170369 0.0913625 0.00791797 9.9982E-05 9.9982E-05
0.188051 0.0557225 0.119407 9.9982E-05 0.0336009 0.603018 9.9982E-05
9.9982E-05 0.19025 0.420002 0.132245 9.9982E-05 0.0744546 0.182849
9.9973E-05 0.0867153 0.789576 0.0743708 9.9973E-05 9.9973E-05 0.0490384
9.995E-05 9.995E-05 9.995E-05 9.995E-05 0.9994 9.995E-05 9.995E-05
0.6085 9.9973E-05 0.152991 9.9973E-05 9.9973E-05 0.114908 0.123301
0.116098 9.9982E-05 9.9982E-05 0.00406448 0.0224532 0.062392 0.794792
0.381539 9.9991E-05 0.0593762 0.0953114 0.0344203 0.105472 0.323781
0.35823 0.0499291 0.218207 0.0557503 0.0478798 0.193153 0.0768511
0.796177 0.0693583 0.0496379 9.9982E-05 9.9982E-05 0.0828846 0.00174184
0.0294393 9.9973E-05 0.800471 0.155178 9.9973E-05 0.0146117 9.9973E-05
0.281513 9.99876E-05 0.151193 0.0509006 0.0466444 0.469549 9.99876E-05
0.0322455 0.200824 0.621208 9.9982E-05 0.0963655 9.9982E-05 0.0491569
0.180711 0.0728851 0.307452 9.9991E-05 0.0167227 0.286766 0.135363
0.551098 9.9973E-05 9.9973E-05 0.0443601 9.9973E-05 0.0514167 0.352825
0.532252 9.9973E-05 0.248329 9.9973E-05 9.9973E-05 0.00496904 0.21415
9.9964E-05 9.9964E-05 0.154905 9.9964E-05 9.9964E-05 0.0394628 0.805232
0.663589 9.9982E-05 0.215299 0.0623182 0.0170922 0.0415016 9.9982E-05
0.585187 9.9964E-05 0.394046 9.9964E-05 9.9964E-05 0.0203675 9.9964E-05
0.414268 9.9973E-05 0.163333 9.9973E-05 9.9973E-05 0.0736192 0.34848
0.0807683 0.108062 0.596518 0.144802 0.029999 0.03441 0.00543957
0.0688437 0.160066 0.552154 0.00671849 0.0692052 0.127798 0.0152144
0.0688999 0.201979 0.560721 0.036746 0.0817838 0.0268435 0.0230264
0.07021 9.9982E-05 0.62266 9.9982E-05 0.00899194 0.206213 0.0917251
0.000352433 0.0460758 0.468331 0.0332075 9.9991E-05 0.0597488 0.392184
0.246736 0.0612074 9.9973E-05 9.9973E-05 9.9973E-05 0.427278 0.264478
9.9973E-05 0.576028 9.9973E-05 0.197183 0.0350634 9.9973E-05 0.191426
9.9982E-05 0.682428 0.202493 0.0471054 0.0237986 0.0439745 9.9982E-05
9.9982E-05 0.00775413 0.591821 0.157114 9.9982E-05 0.0736717 0.169438
0.242436 9.9991E-05 0.304861 0.248036 0.0295927 0.117388 0.0575871
9.9982E-05 9.9982E-05 0.38451 0.196887 0.0440568 0.231121 0.143226
0.00823572 9.9964E-05 0.302251 9.9964E-05 9.9964E-05 0.689114 9.9964E-05
9.9973E-05 0.649986 0.273578 9.9973E-05 0.0303344 0.0458022 9.9973E-05
9.9973E-05 0.366951 0.169394 0.348214 9.9973E-05 9.9973E-05 0.11514
9.9973E-05 0.365436 0.347486 0.131707 9.9973E-05 9.9973E-05 0.155071
0.490988 0.0117523 0.0011736 0.0813595 0.0384402 0.376187 9.9991E-05
0.536629 0.064882 9.9982E-05 0.0201535 9.9982E-05 0.144403 0.233733
0.115446 0.0251483 0.012753 0.0104504 0.0399423 9.9991E-05 0.79616
0.159161 0.0485016 9.9982E-05 0.0529349 0.00395898 9.9982E-05 0.735243
0.503749 9.9973E-05 0.0431267 9.9973E-05 9.9973E-05 0.28921 0.163615
0.223326 9.9982E-05 9.9982E-05 0.0184215 0.0216351 0.11779 0.618627
9.995E-05 9.995E-05 9.995E-05 9.995E-05 9.995E-05 9.995E-05 0.9994
9.9955E-05 9.9955E-05 9.9955E-05 0.0525309 9.9955E-05 9.9955E-05 0.946969
0.270485 0.0599115 9.9973E-05 9.9973E-05 9.9973E-05 0.323236 0.346067
0.71609 0.0216601 0.131752 9.9982E-05 9.9982E-05 0.10624 0.0240584
0.282388 9.9982E-05 0.159237 9.9982E-05 0.0271242 0.100384 0.430666
0.887554 9.9973E-05 0.0414035 0.0589676 9.9973E-05 0.0117746 9.9973E-05
0.38061 9.9982E-05 0.107039 0.125116 9.9982E-05 0.174405 0.21263
0.700423 0.0667696 0.0314431 9.9982E-05 0.0298527 9.9982E-05 0.171311
0.521198 9.9982E-05 0.237968 0.0425186 9.9982E-05 0.173252 0.0248644
0.197369 0.0193578 0.00999928 9.9982E-05 0.00589762 9.9982E-05 0.767176
0.0686309 9.9964E-05 0.162903 9.9964E-05 9.9964E-05 0.768066 9.9964E-05
9.9964E-05 9.9964E-05 0.00196117 9.9964E-05 9.9964E-05 0.750203 0.247436
0.122345 9.9964E-05 9.9964E-05 9.9964E-05 0.0149504 0.862305 9.9964E-05
0.12373 0.120183 9.9973E-05 9.9973E-05 0.0044723 0.751315 9.9973E-05
9.9982E-05 0.0408663 0.0235652 0.0445621 9.9982E-05 0.653594 0.237212
0.41282 0.077628 0.159647 9.9982E-05 0.00607454 9.9982E-05 0.343631
0.740778 9.9991E-05 0.0785867 0.0235592 0.01615 0.112568 0.0282582
9.99639E-05 0.37958 9.99639E-05 0.610008 9.99639E-05 9.99639E-05 0.0100125
9.9973E-05 0.874794 9.9973E-05 9.9973E-05 0.0207687 0.0600403 0.0440968
0.10975 0.838293 0.0190986 0.029468 0.00319063 9.9982E-05 9.9982E-05
9.9973E-05 0.695041 0.199179 9.9973E-05 9.9973E-05 0.0176525 0.0878271
9.9973E-05 0.706928 0.0348601 0.199014 9.9973E-05 9.9973E-05 0.0588976
0.0215204 0.651615 0.0152911 0.167434 0.00857159 0.135468 9.9991E-05
9.9964E-05 0.895468 0.0837559 9.9964E-05 0.0203761 9.9964E-05 9.9964E-05
0.0776336 0.530136 9.9973E-05 0.374928 9.9973E-05 0.0170023 9.9973E-05
9.9973E-05 0.64831 0.0896522 0.224222 9.9973E-05 0.0375163 9.9973E-05
9.9982E-05 0.659321 0.0720502 0.200292 9.9982E-05 0.0632689 0.00486793
0.0370118 0.831679 0.080633 9.9982E-05 0.0220721 0.0284045 9.9982E-05
0.0539739 0.722791 0.00956683 0.100594 0.0209389 0.0549644 0.0371717
0.000392498 0.648907 9.9991E-05 0.162361 0.0137925 0.0111484 0.163298
0.0434433 0.661753 9.9973E-05 0.245768 9.9973E-05 0.0487358 9.9973E-05
0.0366677 0.665782 0.0931954 0.190072 9.9982E-05 9.9982E-05 0.0140835
0.0376347 0.943171 9.9964E-05 9.9964E-05 0.0187948 9.9964E-05 9.9964E-05
9.9982E-05 0.812551 9.9982E-05 0.075139 0.00737331 0.0577344 0.0470021
9.9964E-05 0.168395 0.62256 9.9964E-05 9.9964E-05 9.9964E-05 0.208645
0.138708 9.9955E-05 0.860792 9.9955E-05 9.9955E-05 9.9955E-05 9.9955E-05
0.0383485 0.732345 0.130583 0.0984244 9.9973E-05 9.9973E-05 9.9973E-05
0.0762208 0.43097 9.9982E-05 0.275844 0.0198919 9.9982E-05 0.196874
9.995E-05 9.995E-05 9.995E-05 0.9994 9.995E-05 9.995E-05 9.995E-05
0.195373 9.9964E-05 0.617932 0.186295 9.9964E-05 9.9964E-05 9.9964E-05
0.239639 0.0317637 9.9973E-05 9.9973E-05 0.0113161 9.9973E-05 0.716981
0.445906 0.0101867 9.9982E-05 9.9982E-05 0.0223326 0.175632 0.345743
9.9973E-05 9.9973E-05 0.0155444 0.118775 9.9973E-05 0.28551 0.579871
0.016147 9.9991E-05 0.00355916 0.0264555 0.0137049 0.49209 0.447944
0.0245407 0.00516415 0.220147 9.9973E-05 9.9973E-05 0.749848 9.9973E-05
0.134502 9.9964E-05 9.9964E-05 0.102703 9.9964E-05 0.762396 9.9964E-05
0.193093 9.9991E-05 0.0736056 0.0174113 0.011151 0.665946 0.0386928
0.155575 9.9982E-05 0.112074 0.0454219 0.00346285 0.683267 9.9982E-05
9.9991E-05 0.0234955 0.120527 0.0707561 0.0352202 0.633061 0.116841
0.0675676 0.129211 9.9982E-05 9.9982E-05 0.0491077 0.733417 0.0204973
0.353147 9.9982E-05 9.9982E-05 0.0771254 0.00802298 0.0140669 0.547438
0.592107 9.9982E-05 0.00906024 0.102322 0.0386229 9.9982E-05 0.257687
0.726175 9.9982E-05 0.120681 0.0946895 0.0209062 9.9982E-05 0.0373487
0.689395 0.00971617 0.300489 9.9964E-05 9.9964E-05 9.9964E-05 9.9964E-05
0.602456 9.9982E-05 0.214099 9.9982E-05 0.000763917 0.0132196 0.169261
0.475269 9.9964E-05 0.365492 9.9964E-05 9.9964E-05 9.9964E-05 0.15884
0.590358 9.9991E-05 0.175677 0.0868723 0.00735184 0.138092 0.00154896
0.483258 9.9982E-05 0.234277 0.067772 9.9982E-05 0.160332 0.0541617
0.522883 0.0103637 0.171324 9.9991E-05 0.0306128 0.0607707 0.203946
0.642458 0.0501862 0.178035 9.9973E-05 9.9973E-05 0.129021 9.9973E-05
0.553546 0.021725 0.0883875 0.0580729 0.0206816 0.119792 0.137795
0.0337551 0.159642 9.9982E-05 9.9982E-05 0.117205 0.634006 0.0551918
9.9982E-05 0.17334 0.0554149 0.703307 0.00288585 9.9982E-05 0.064853
9.9973E-05 0.650959 9.9973E-05 0.226548 0.0302946 0.091899 9.9973E-05
9.9991E-05 0.869621 0.0430481 0.0356078 0.000411076 0.0134571 0.0377549
9.9973E-05 0.725936 0.0780882 0.0270367 9.9973E-05 9.9973E-05 0.168639
0.0946261 0.759025 9.9982E-05 0.0871025 0.0168737 0.0421724 9.9982E-05
0.332577 9.9991E-05 0.130939 0.130317 0.0288213 0.277875 0.0993717
0.264713 9.9982E-05 0.0866244 9.9982E-05 0.0186946 0.266054 0.363714
0.564115 0.00251471 9.9991E-05 0.0241654 0.0684451 0.0882965 0.252364
0.312015 9.9982E-05 0.22899 9.9982E-05 0.0604317 0.170709 0.227654
