0.0128341 9.9991E-05 0.168704 0.818362
0.0452454 9.9991E-05 0.133123 0.821532
0.0283414 9.9991E-05 0.238325 0.733234
0.010441 0.00303 0.0733282 0.913201
9.999E-05 0.048648 0.0863557 0.864896
9.9982E-05 0.0493743 9.9982E-05 0.950426
9.999E-05 0.0422601 0.0830007 0.874639
0.0564884 9.9982E-05 9.9982E-05 0.943312
0.0432223 0.0792121 0.155098 0.722468
0.0501843 0.0225632 0.240417 0.686835
0.0452825 0.245934 0.0783172 0.630466
0.0287501 0.0833333 0.243035 0.644881
0.0477355 0.30758 0.11306 0.531624
9.999E-05 0.116432 0.271543 0.611925
0.045754 0.062051 0.202094 0.690101
0.00402559 0.014119 0.0874248 0.894431
9.9991E-05 0.0219995 0.278162 0.699739
0.0156877 9.9991E-05 0.0728766 0.911336
0.0910859 0.153776 0.585427 0.169711
9.9991E-05 0.0107872 0.769955 0.219157
0.0234728 9.9991E-05 0.731556 0.244871
0.0196978 0.0696169 0.896879 0.0138058
0.0484528 9.9982E-05 0.951347 9.9982E-05
0.0546433 9.9991E-05 0.81344 0.131817
9.9991E-05 0.00599207 0.779211 0.214697
9.9982E-05 9.9982E-05 0.993265 0.00653512
0.0242657 0.00883669 0.966798 9.9991E-05
0.0229956 0.0580542 0.91885 9.9991E-05
9.998E-05 9.998E-05 0.9997 9.998E-05
9.9991E-05 0.0728354 0.841819 0.0852461
0.00965716 0.0500094 0.940233 9.9991E-05
0.0159409 0.0368766 0.883015 0.0641674
0.063953 0.0197088 0.908952 0.00738601
0.088996 9.9991E-05 0.20934 0.701564
0.00456359 9.9991E-05 0.296679 0.698657
9.9991E-05 0.0709266 0.171952 0.757021
0.017104 0.0736052 0.0496762 0.859615
0.0219329 0.111504 0.170585 0.695978
0.9997 9.998E-05 9.998E-05 9.998E-05
0.032187 0.041801 0.880703 0.0453087
9.9991E-05 0.0938957 0.190698 0.715306
0.0105244 9.9991E-05 0.194915 0.794461
0.00920606 0.191436 0.304439 0.494919
0.06586 0.343204 0.0969401 0.493996
0.0330567 0.323468 0.115525 0.52795
0.9997 9.998E-05 9.998E-05 9.998E-05
0.0857997 0.0862179 0.219662 0.60832
9.9991E-05 0.230934 0.126827 0.642139
0.03309 0.139136 0.393481 0.434293
0.0255948 0.897604 0.0103841 0.066417
0.0278168 0.877658 0.0761929 0.0183327
9.9991E-05 0.858213 0.0571755 0.0845112
0.0670532 0.828907 0.00680954 0.0972303
0.0560353 0.867774 0.0760905 9.9991E-05
9.9982E-05 0.899663 0.100137 9.9982E-05
9.9982E-05 0.805531 9.9982E-05 0.194269
0.0160119 0.888589 0.0538574 0.0415411
0.0202433 0.900348 0.079309 9.9991E-05
0.0453159 0.864565 9.9991E-05 0.0900189
0.0398003 0.729426 9.9991E-05 0.230674
9.9982E-05 0.929133 0.0706668 9.9982E-05
9.9991E-05 0.805272 0.0600654 0.134563
0.0824253 0.518295 0.0948708 0.304409
0.0266454 0.0426492 0.901123 0.0295826
0.0369265 0.0109117 0.788402 0.16376
0.0136102 9.9991E-05 0.932833 0.0534563
0.0258963 0.791231 0.00999678 0.172876
0.0874815 0.685797 9.9991E-05 0.226622
0.0217344 0.804635 0.0741393 0.0994912
0.0402751 0.876846 0.0293699 0.0535089
0.034569 0.895363 9.9991E-05 0.0699681
9.9982E-05 0.389241 9.9982E-05 0.610559
0.0143311 0.334234 0.0713281 0.580107
0.0193019 0.335008 0.0687481 0.576942
0.0399941 0.387148 0.0299794 0.542878
0.0401288 0.273983 0.168167 0.517722
0.0372633 0.317594 0.0842504 0.560892
0.0231881 0.262024 0.171666 0.543122
9.9982E-05 0.757648 9.9982E-05 0.242152
0.146567 0.581845 0.0190643 0.252524
0.0358716 0.843117 0.120912 9.9991E-05
0.052697 0.861849 0.0853542 9.9991E-05
0.0303565 0.793828 9.9991E-05 0.175715
0.0325012 0.0539477 0.738335 0.175216
0.00107687 0.488864 0.158244 0.351815
0.00142714 0.424563 0.00472273 0.569287
0.9997 9.998E-05 9.998E-05 9.998E-05
9.9982E-05 9.9982E-05 0.23284 0.76696
0.0483124 9.9991E-05 0.101369 0.850219
0.0544011 0.0667318 0.180843 0.698024
0.0644201 0.15314 0.303102 0.479338
9.9991E-05 0.0408081 0.104365 0.854727
9.9991E-05 0.4454 0.11559 0.43891
0.0408763 0.0857092 0.537572 0.335843
0.0994627 0.352862 9.9991E-05 0.547575
0.0179556 0.15787 0.324294 0.499881
0.0209766 9.9991E-05 0.184709 0.794214
0.00550888 0.0261711 0.145618 0.822702
9.9991E-05 0.028482 0.190167 0.781251
0.0105663 0.102313 0.0875101 0.799611
0.0250603 0.0179158 0.165062 0.791961
0.0099253 9.9991E-05 0.0851597 0.904815
0.0202667 0.479727 0.0880592 0.411948
0.104612 0.316004 0.143773 0.435611
0.113296 0.418458 0.0358849 0.432362
0.00378864 0.127881 0.353262 0.515068
9.9991E-05 0.227 0.167967 0.604933
9.9991E-05 0.0488257 0.446473 0.504602
0.0147438 0.81481 0.0378085 0.132637
0.0244741 0.821009 0.0706234 0.0838933
0.00820295 0.395685 0.176802 0.41931
0.0166795 0.323687 0.188185 0.471449
0.0602042 0.306816 0.334705 0.298275
9.9991E-05 0.0113632 0.918447 0.0700897
0.0502548 0.806243 0.105851 0.0376512
9.9991E-05 0.824518 0.00624156 0.169141
0.00602858 0.614605 0.0198076 0.359559
0.0716772 0.0495055 0.49633 0.382487
9.9991E-05 0.0307069 0.326339 0.642854
0.0261374 0.0718013 0.0238828 0.878178
0.014072 0.0579926 0.127186 0.800749
9.9982E-05 9.9982E-05 0.356917 0.642883
0.0338422 9.9991E-05 0.181683 0.784375
9.9991E-05 0.0073756 0.135502 0.857022
0.0373822 0.0167523 0.000687317 0.945178
0.0104151 9.9991E-05 0.408019 0.581466
9.9982E-05 9.9982E-05 0.197813 0.801987
0.0512458 9.9991E-05 0.207854 0.7408
0.0299136 9.9991E-05 0.103593 0.866393
0.00255395 0.126112 0.29693 0.574404
0.0300891 0.0711356 0.0666285 0.832147
0.0148926 0.0428962 0.240263 0.701949
0.00174971 0.0332624 0.0986222 0.866366
0.0015323 0.0254007 0.930318 0.0427491
9.9982E-05 9.9982E-05 0.986839 0.0129615
0.025162 9.9982E-05 0.974638 9.9982E-05
9.9991E-05 0.0642493 0.820831 0.114819
0.0231277 0.0342803 0.913066 0.0295264
0.0242196 0.123587 0.0232355 0.828958
0.0290158 0.0125177 0.161006 0.79746
9.998E-05 0.9997 9.998E-05 9.998E-05
0.0544121 0.838398 0.0436491 0.0635407
9.9982E-05 0.937983 9.9982E-05 0.0618168
0.00991015 0.781598 0.0172084 0.191283
0.0078631 0.948895 9.9991E-05 0.043142
0.0226604 0.827449 0.149791 9.9991E-05
0.0237262 0.947607 9.9991E-05 0.0285667
9.9982E-05 0.898893 0.100907 9.9982E-05
9.9982E-05 0.900502 0.0992976 9.9982E-05
0.00887375 0.907293 0.0837329 9.9991E-05
0.0441899 0.887522 9.9991E-05 0.0681881
0.0275904 0.827534 0.0788797 0.0659959
0.0124075 0.823222 0.0932005 0.0711698
0.0090217 0.917823 0.0730554 9.9991E-05
0.0191809 0.914332 0.0243127 0.0421745
0.0534075 0.917255 9.9991E-05 0.029237
0.0232032 0.93297 0.039781 0.00404574
0.0270169 0.363165 0.091636 0.518182
0.0074493 0.250817 0.0867278 0.655006
9.9982E-05 0.932309 9.9982E-05 0.0674913
0.0213244 0.749832 9.9991E-05 0.228744
0.0131334 0.921759 0.0650079 9.9991E-05
0.0187167 0.346924 9.9991E-05 0.63426
0.0381257 0.00548152 0.00796648 0.948426
0.0261002 9.9991E-05 0.257705 0.716095
9.9991E-05 0.0377657 0.505953 0.456181
9.9991E-05 0.0121922 0.656988 0.33072
0.00667014 0.0335252 0.858861 0.100944
9.9991E-05 0.0215992 0.884564 0.0937366
0.00922443 9.9991E-05 0.875548 0.115127
0.0192738 0.0248574 0.841483 0.114386
0.0528805 0.127 0.784918 0.0352015
0.057658 0.0274234 0.810168 0.104751
0.0078217 0.0179868 0.211241 0.762951
0.076684 0.0288311 0.035644 0.858841
0.0373023 0.0390514 9.9991E-05 0.923546
9.9982E-05 0.0398446 9.9982E-05 0.959955
0.0270774 9.9982E-05 9.9982E-05 0.972723
9.9991E-05 0.108662 0.0744782 0.81676
0.0172257 0.0131368 0.215145 0.754492
0.00596486 0.0835909 0.229802 0.680642
0.052256 0.0327526 0.13775 0.777241
0.0122518 0.0955504 0.221695 0.670502
0.0446055 0.0757873 0.127603 0.752004
0.13453 0.0855067 0.649993 0.12997
0.0105884 0.854265 0.0483492 0.0867975
0.0556731 0.832252 0.111975 9.9991E-05
0.00828509 0.950327 0.0361067 0.00528143
0.0142412 0.805771 9.9991E-05 0.179888
0.0309836 0.839298 0.103178 0.0265405
0.0133458 0.151548 0.289398 0.545708
0.0291613 0.0507053 0.356997 0.563137
0.0724378 9.9991E-05 0.148383 0.77908
0.0749544 0.010114 0.29955 0.615382
