9.9982E-05 0.00510495 0.154849 9.9982E-05 0.0168024 0.691052 0.131992
9.999E-05 0.0311835 0.0610284 0.308896 0.00406203 0.540193 0.0545373
0.00480171 0.0360611 0.105662 9.9982E-05 9.9982E-05 0.69614 0.157135
9.9964E-05 0.0195948 0.253817 9.9964E-05 9.9964E-05 0.726188 9.9964E-05
0.0267098 0.0089918 9.9982E-05 0.0377544 0.0312266 0.895117 9.9982E-05
9.9973E-05 0.00152031 9.9973E-05 0.167069 0.0977119 0.733399 9.9973E-05
9.9982E-05 9.9982E-05 0.0245896 0.272437 0.133988 0.542255 0.0265298
0.0124572 0.0400158 0.141752 0.103402 9.9991E-05 0.698512 0.00376072
0.0673223 9.9982E-05 9.9982E-05 0.730367 0.0366743 0.0895103 0.0759258
9.9982E-05 0.0307505 0.213478 0.376455 9.9982E-05 0.230102 0.149014
0.0587356 0.0414686 0.505794 0.291005 9.9991E-05 0.0952603 0.00763728
0.0125856 9.9982E-05 0.221093 0.434541 9.9982E-05 0.161981 0.1696
0.0870022 0.0502979 0.69382 0.16002 0.00239672 9.9991E-05 0.00636354
0.113068 9.9973E-05 0.063446 0.658889 9.9973E-05 9.9973E-05 0.164297
0.0947746 0.0611967 9.9982E-05 0.392377 9.9982E-05 0.343553 0.107899
9.9982E-05 0.0108384 9.9982E-05 0.66862 0.0683156 0.251778 0.000248169
9.9973E-05 9.9973E-05 9.9973E-05 0.566121 0.0427432 0.253281 0.137555
9.9982E-05 0.0218584 0.0174138 0.472578 9.9982E-05 0.445198 0.0427524
0.15571 0.0537089 0.105605 0.176676 0.0144575 9.9991E-05 0.493742
9.9973E-05 9.9973E-05 0.0659665 0.309901 0.0699647 9.9973E-05 0.553868
0.0459259 0.00413988 9.9982E-05 0.294096 9.9982E-05 0.0545361 0.601102
0.0568216 0.0097985 0.0933113 9.9991E-05 0.00760621 0.0737507 0.758612
9.9973E-05 0.038767 0.131995 0.0173313 9.9973E-05 9.9973E-05 0.811606
9.9982E-05 0.0260858 9.9982E-05 0.125782 0.0390427 0.0521606 0.756729
9.9982E-05 9.9982E-05 0.0746024 0.122523 0.0356413 0.162216 0.604818
9.9973E-05 0.00479548 9.9973E-05 9.9973E-05 0.0480606 0.0745314 0.872313
0.0689351 0.0285399 0.0485438 9.9973E-05 9.9973E-05 9.9973E-05 0.853681
9.9973E-05 0.0366327 9.9973E-05 0.0636291 0.104908 9.9973E-05 0.79453
0.0323057 0.0011093 9.9982E-05 9.9982E-05 0.0204228 0.0741347 0.871828
9.9964E-05 9.9964E-05 9.9964E-05 9.9964E-05 0.107618 0.15103 0.740952
0.0320186 9.9982E-05 0.0138082 0.0462765 0.0451948 9.9982E-05 0.862502
0.0949219 0.00565315 0.00227354 0.0874811 9.9991E-05 0.00753828 0.802032
9.9991E-05 0.0438405 0.0391599 0.121697 0.0306714 0.0374273 0.727104
0.0358949 0.0560051 0.194198 0.238657 9.9991E-05 0.343214 0.131931
0.0362712 0.0013222 9.9982E-05 0.225647 9.9982E-05 0.478974 0.257585
0.110745 0.00153071 0.0370636 9.9982E-05 9.9982E-05 0.72218 0.128281
9.9982E-05 0.0272188 0.132094 9.9982E-05 0.0365868 0.756442 0.0474584
0.0248305 0.00490652 0.259068 0.279415 0.0393594 0.279328 0.113092
9.995E-05 0.9994 9.995E-05 9.995E-05 9.995E-05 9.995E-05 9.995E-05
9.9973E-05 0.0126572 0.264166 9.9973E-05 0.000805807 9.9973E-05 0.722071
9.9982E-05 0.00795487 9.9982E-05 0.093663 0.152904 0.668787 0.0764913
9.9973E-05 9.9973E-05 0.184235 0.384737 9.9973E-05 0.360915 0.069813
9.999E-05 0.00224419 0.147545 0.312161 0.20873 0.109577 0.219642
0.0566355 0.0601467 0.564751 0.172448 0.086504 9.9991E-05 0.059415
9.9982E-05 0.0017922 0.793384 9.9982E-05 0.0562663 0.0995207 0.0488373
9.995E-05 0.9994 9.995E-05 9.995E-05 9.995E-05 9.995E-05 9.995E-05
0.0846778 0.0564644 0.18313 0.219345 9.9991E-05 0.245752 0.21053
9.9982E-05 9.9982E-05 0.385951 0.213436 0.187619 0.138524 0.0742706
0.135404 0.0121764 0.113092 0.183662 0.013966 0.241834 0.299867
0.244667 0.0238147 0.0636648 0.0426687 0.602603 0.0224819 9.9991E-05
0.526632 0.0357595 0.126432 0.0265254 0.284451 9.9982E-05 9.9982E-05
0.475934 9.9964E-05 9.9964E-05 9.9964E-05 0.333264 0.190402 9.9964E-05
0.525767 0.053346 0.213406 0.0574104 0.14987 9.9982E-05 9.9982E-05
0.683173 0.0474523 9.9982E-05 0.0714278 0.165995 9.9982E-05 0.0317519
0.714771 9.9973E-05 9.9973E-05 0.1131 0.154712 9.9973E-05 0.017118
0.671975 9.9964E-05 9.9964E-05 0.299415 0.0282107 9.9964E-05 9.9964E-05
0.348851 0.0110807 9.9973E-05 0.151118 0.48865 9.9973E-05 9.9973E-05
9.99549E-05 0.0138802 9.99549E-05 9.99549E-05 0.98562 9.99549E-05 9.99549E-05
0.731943 0.0397519 0.0478911 0.0831908 0.0718977 0.0252251 9.9991E-05
0.296091 0.0355426 0.263994 0.0541159 0.313343 0.0368134 9.9991E-05
9.995E-05 9.995E-05 9.995E-05 9.995E-05 0.9994 9.995E-05 9.995E-05
0.500295 9.9982E-05 0.219304 9.9982E-05 0.188293 0.0231594 0.0687481
0.218634 0.0589548 0.47334 0.093353 0.155519 9.9982E-05 9.9982E-05
0.0826693 0.0192998 9.9982E-05 0.0487006 9.9982E-05 0.135968 0.713163
0.0545903 0.0179216 0.0687349 0.0229389 9.9991E-05 0.14306 0.692654
9.9973E-05 0.00150691 9.9973E-05 9.9973E-05 0.0174361 0.186565 0.794192
0.622512 0.0103776 0.190861 0.0494044 0.0854414 9.9991E-05 0.0413041
0.4489 0.0708686 0.400933 9.9982E-05 0.0716297 0.00746839 9.9982E-05
0.754133 0.0209917 0.105564 0.0285909 0.0244318 9.9991E-05 0.0661886
0.551037 0.0480529 0.289638 9.9973E-05 0.110973 9.9973E-05 9.9973E-05
0.77682 0.0307123 9.9982E-05 9.9982E-05 0.0740911 0.0640188 0.0541582
0.0199762 0.0237568 0.58241 0.19988 0.0795398 0.0943379 9.9991E-05
0.0143978 9.9973E-05 0.513192 0.370057 0.102054 9.9973E-05 9.9973E-05
9.9973E-05 9.9973E-05 0.735369 0.104999 0.147082 9.9973E-05 0.0122499
9.9955E-05 0.0259478 0.973552 9.9955E-05 9.9955E-05 9.9955E-05 9.9955E-05
9.9982E-05 0.0353646 0.842109 9.9982E-05 0.0128648 0.000847511 0.108614
9.9973E-05 0.019992 0.770291 0.101591 0.107827 9.9973E-05 9.9973E-05
9.9973E-05 0.0335919 0.778309 9.9973E-05 9.9973E-05 0.123183 0.0646166
0.588033 9.9973E-05 0.33384 0.0584112 0.0194156 9.9973E-05 9.9973E-05
0.345757 0.0928018 0.282763 0.0674025 0.100745 0.0034064 0.107124
0.560619 0.015876 0.134992 9.9991E-05 0.212212 0.0241877 0.0520133
0.548096 0.0641894 0.076233 0.0661087 0.228309 9.9991E-05 0.0169638
0.697025 0.00469044 9.9973E-05 0.27239 0.0255949 9.9973E-05 9.9973E-05
0.0314322 0.0233776 0.183527 0.179476 9.9982E-05 9.9982E-05 0.581987
0.154642 9.9991E-05 0.52256 0.0235671 0.134399 0.0328798 0.131851
0.0935277 9.9973E-05 0.741704 0.110739 0.053729 9.9973E-05 9.9973E-05
9.995E-05 0.9994 9.995E-05 9.995E-05 9.995E-05 9.995E-05 9.995E-05
9.9991E-05 0.00463619 0.129991 0.0963521 0.0298109 0.574619 0.16449
9.9991E-05 0.00136221 0.0852692 0.150997 0.0434263 0.581994 0.136851
9.9982E-05 0.0210793 9.9982E-05 0.624662 0.15916 0.174729 0.0201701
0.128531 0.0264879 0.0989065 0.606493 9.9982E-05 9.9982E-05 0.139381
0.0663569 9.9991E-05 0.00958252 0.23331 0.020429 0.655473 0.0147483
0.0231173 9.9982E-05 0.737138 0.00621146 0.186817 9.9982E-05 0.0465171
0.0255567 0.044835 0.146403 0.0829133 9.9991E-05 0.198421 0.501771
0.195392 0.0713146 0.704583 0.02841 9.9973E-05 9.9973E-05 9.9973E-05
0.0906453 0.0242597 0.292395 0.13723 9.9991E-05 0.184404 0.270966
9.9982E-05 0.0112925 9.9982E-05 0.557019 0.0394458 0.275204 0.116839
9.9973E-05 9.9973E-05 0.274845 0.157856 9.9973E-05 0.492085 0.0749136
9.9973E-05 9.9973E-05 0.230907 0.304756 9.9973E-05 0.334004 0.130033
0.0257688 9.9964E-05 9.9964E-05 0.903484 0.0703469 9.9964E-05 9.9964E-05
9.9964E-05 9.9964E-05 0.354312 9.9964E-05 9.9964E-05 0.60663 0.0386578
9.9955E-05 9.9955E-05 0.0848947 0.914605 9.9955E-05 9.9955E-05 9.9955E-05
0.110905 0.0193715 0.598991 9.9991E-05 0.113699 0.142387 0.0145464
0.120582 0.0623999 0.514435 0.143462 0.0491084 0.0227205 0.0872919
0.171224 0.070232 0.663071 0.0646007 0.0180732 9.9991E-05 0.012699
9.9973E-05 0.00203861 0.589822 0.238477 9.9973E-05 9.9973E-05 0.169363
0.0271783 9.9982E-05 0.513563 0.301242 0.0598701 9.9982E-05 0.097946
0.10016 9.9973E-05 9.9973E-05 0.332158 9.9973E-05 0.201654 0.365728
0.628234 0.00491617 9.9982E-05 0.0400983 0.18863 0.137921 9.9982E-05
0.644991 0.0360389 0.188191 0.0127686 0.113471 9.9991E-05 0.00443892
0.0632285 9.9982E-05 0.518966 9.9982E-05 0.15882 0.124368 0.134417
0.0674405 0.0355814 0.360821 0.317899 0.132986 0.0526252 0.0326462
9.9982E-05 0.0322042 0.393262 9.9982E-05 0.17232 0.170933 0.231081
9.9964E-05 9.9964E-05 0.239081 0.0325097 9.9964E-05 9.9964E-05 0.728009
0.573947 0.0440423 0.322249 9.9982E-05 0.0344018 9.9982E-05 0.0251592
0.476752 9.9973E-05 0.249504 0.0682254 0.205218 9.9973E-05 9.9973E-05
0.329733 9.9973E-05 0.446446 9.9973E-05 0.147845 0.0756758 9.9973E-05
0.0691712 0.0657281 0.0670489 0.000557976 9.9991E-05 0.318003 0.479391
0.036119 0.0333445 9.9991E-05 0.0155232 0.0016924 0.673572 0.239649
9.9982E-05 0.0256018 0.129784 0.247847 0.061624 0.534943 9.9982E-05
0.136301 9.9982E-05 0.0119427 9.9982E-05 0.0113394 0.761753 0.0784639
0.00860602 9.9982E-05 0.0235079 0.24741 9.9982E-05 0.356798 0.363478
0.00362653 0.0244927 9.9991E-05 0.168095 0.0333083 0.613027 0.157351
0.0520723 9.9982E-05 0.0687 0.0165614 9.9982E-05 0.757152 0.105314
9.9964E-05 9.9964E-05 9.9964E-05 0.213321 0.0801879 0.706091 9.9964E-05
0.0831697 9.9982E-05 0.0161514 0.138604 9.9982E-05 0.367038 0.394837
0.0402084 9.9982E-05 0.0482698 0.796975 9.9982E-05 0.0990334 0.015313
9.9973E-05 0.0273719 9.9973E-05 0.921101 0.0354992 9.9973E-05 0.0157283
9.9973E-05 0.00171496 0.0712759 0.905405 9.9973E-05 0.0213041 9.9973E-05
0.093768 9.9991E-05 0.104093 0.207505 0.0428251 0.307963 0.243746
0.072323 0.0349445 9.9973E-05 0.890588 9.9973E-05 0.00184437 9.9973E-05
9.9982E-05 0.00818802 0.104315 0.683124 0.0757893 9.9982E-05 0.128384
9.9991E-05 0.00976466 0.077746 0.208511 0.0583648 0.632204 0.0133095
0.025992 9.9973E-05 0.117729 0.0470476 9.9973E-05 9.9973E-05 0.808932
9.9964E-05 9.9964E-05 0.141152 9.9964E-05 9.9964E-05 0.0357685 0.822679
9.9964E-05 0.0210042 9.9964E-05 0.170949 9.9964E-05 9.9964E-05 0.807647
0.0771049 9.9982E-05 0.0220001 9.9982E-05 0.0189828 0.109049 0.772663
9.9982E-05 0.0014002 0.104774 9.9982E-05 0.0412647 0.104181 0.748181
0.0656658 0.00424664 0.222404 0.18889 9.9982E-05 0.518594 9.9982E-05
9.9973E-05 0.023123 0.111123 9.9973E-05 9.9973E-05 0.704104 0.161351
0.358141 9.9964E-05 0.03195 9.9964E-05 0.609509 9.9964E-05 9.9964E-05
0.757107 0.0148477 0.0750149 0.0434072 0.0769447 9.9991E-05 0.0325782
0.775569 0.0107461 9.9982E-05 0.0972148 0.0881262 0.0281438 9.9982E-05
0.607155 9.9973E-05 0.305847 9.9973E-05 9.9973E-05 0.0393394 0.0473595
0.717341 0.0282903 0.0607705 0.0233284 0.156964 0.0132056 9.9991E-05
0.597608 9.9973E-05 9.9973E-05 0.0577862 0.233052 9.9973E-05 0.111253
0.884 0.0111329 0.104316 9.9973E-05 0.00025202 9.9973E-05 9.9973E-05
0.521046 0.000892603 0.0954914 9.9982E-05 0.317407 9.9982E-05 0.064963
0.758584 9.9982E-05 0.054948 9.9982E-05 0.112328 0.0151779 0.0587625
0.591694 0.00504663 0.0981152 9.9991E-05 0.238817 0.0113562 0.0548712
0.83156 0.0280098 0.0922586 0.0478719 9.9973E-05 9.9973E-05 9.9973E-05
0.753345 0.0369051 9.9982E-05 0.0689246 0.0538154 9.9982E-05 0.0868095
0.690694 0.0109528 0.00773121 0.0757529 0.133128 0.0816419 9.9991E-05
0.712187 0.015334 9.9982E-05 9.9982E-05 0.206683 0.00183651 0.0637592
0.750803 0.0140379 0.106561 9.9982E-05 0.105892 9.9982E-05 0.0225061
0.903287 0.0125894 9.9964E-05 9.9964E-05 9.9964E-05 0.0837237 9.9964E-05
0.745581 9.9982E-05 0.0313794 9.9982E-05 0.110002 0.038957 0.0738805
0.126926 0.00861194 0.786818 9.9982E-05 9.9982E-05 0.0391473 0.0382967
9.9964E-05 9.9964E-05 0.850626 0.0384441 9.9964E-05 0.11053 9.9964E-05
0.705484 9.9973E-05 0.179804 9.9973E-05 0.0682288 0.0461832 9.9973E-05
0.400186 0.00861091 9.9973E-05 9.9973E-05 0.333841 0.257063 9.9973E-05
9.995E-05 9.995E-05 9.995E-05 9.995E-05 0.9994 9.995E-05 9.995E-05
9.9973E-05 9.9973E-05 0.463812 0.123514 0.247551 0.164823 9.9973E-05
0.0332531 0.0142827 0.0800469 9.9973E-05 9.9973E-05 0.872117 9.9973E-05
0.00413318 0.0377295 9.9982E-05 0.0240594 9.9982E-05 0.708898 0.22498
9.9973E-05 9.9973E-05 0.16774 9.9973E-05 0.0805382 0.361195 0.390227
0.0139297 9.9991E-05 0.0337354 0.255594 0.00268155 0.134617 0.559343
0.0258667 9.9973E-05 0.165884 9.9973E-05 9.9973E-05 0.0760566 0.731893
0.0184224 0.00582552 9.9982E-05 0.167542 0.0394521 9.9982E-05 0.768558
9.9964E-05 9.9964E-05 0.0587353 9.9964E-05 9.9964E-05 0.220659 0.720206
9.9982E-05 0.0245113 0.0626588 0.241073 0.0387806 9.9982E-05 0.632776
0.00196691 0.0267244 0.18033 0.1234 0.0597181 9.9991E-05 0.607761
0.0917599 0.0362122 9.9973E-05 9.9973E-05 9.9973E-05 0.149653 0.722075
9.9982E-05 0.0237713 0.100941 9.9982E-05 0.0205534 0.769362 0.0851724
9.9982E-05 0.0615058 0.0549358 9.9982E-05 0.10283 0.72862 0.0519081
9.9973E-05 0.0278818 0.126195 9.9973E-05 0.110928 0.734695 9.9973E-05
0.0816293 9.99641E-05 0.16712 9.99641E-05 9.99641E-05 0.750851 9.99641E-05
9.9973E-05 9.9973E-05 0.181223 0.0623255 0.054658 0.701494 9.9973E-05
0.0102561 9.9973E-05 0.336225 0.0845551 9.9973E-05 0.568663 9.9973E-05
9.9991E-05 0.0046615 0.0563237 0.772911 0.0564935 0.0515504 0.0579596
0.0088656 9.9973E-05 9.9973E-05 0.875523 0.0816614 9.9973E-05 0.0336499
0.017405 0.0405972 0.0640648 0.877633 9.9973E-05 9.9973E-05 9.9973E-05
0.0837119 9.9982E-05 9.9982E-05 0.671839 0.00199603 0.146982 0.0952711
0.0462131 0.0196484 9.9991E-05 0.693062 0.0289388 0.192923 0.0191153
0.0771562 0.115802 0.0469368 0.169666 0.0171162 0.000639975 0.572683
0.209367 9.9982E-05 0.129184 0.0134548 0.611609 0.0361846 9.9982E-05
0.603957 0.046712 0.112573 9.9982E-05 0.167097 9.9982E-05 0.0694611
0.859581 0.0125892 0.104213 0.0082543 9.9982E-05 9.9982E-05 0.0151629
0.673084 9.9991E-05 0.0909738 0.0578313 0.071802 0.104642 0.00156767
0.751314 0.0101927 9.9982E-05 9.9982E-05 0.0718911 0.104265 0.0621376
0.0626815 0.0254485 9.9991E-05 0.558284 0.114699 0.054773 0.184013
9.9991E-05 0.0210463 0.065897 0.368639 0.0363474 0.304921 0.20305
9.9982E-05 0.0611097 9.9982E-05 0.732121 0.0640932 0.0881052 0.0543711
9.9991E-05 0.0450263 0.211235 0.305592 0.00207605 0.224755 0.211215
