IBR/IBR_outputs/all.combrep_1/FireFreq_2000_2008_Total.PersistForestCover_Total.VRM_Total/FireFreq_2000_2008_Total.PersistForestCover_Total.VRM_Total.asc
NCOLS 160 
NROWS 95 
XLLCORNER 210004.651214014 
YLLCORNER 7350008.22228844 
CELLSIZE 4999.99999999997 
NODATA_value -9999 
[rows 21 to 41 of 95, columns 46 to 91 of 160]
-9999 -9999 -9999 -9999 -9999 3.103488909226 3.34806105955648 3.79582165778211 -9999 -9999 -9999 3.13734308829604 3.17719958173468 1.96166177434484 3.11679040209785 3.11503499826628 3.05467712397317 -9999 -9999 -9999 -9999 -9999 -9999 -9999 -9999 -9999 -9999 -9999 2.92026954325428 3.05766721095982 2.11787190309747 1.39791085345099 1.29886410823566 1.09018943945662 1.10032408005591 1.10308931284491 1.12885638545267 1.43530384135631 2.11989275095914 1.09097017707812 1.08971056536867 1.09052155339487 1.09054425982413 1.13132041984885 1.11213248924506 1.09229484655717
-9999 -9999 -9999 -9999 3.24608190422884 3.54061522324267 3.31877043935544 3.10964966897435 2.98272627656758 -9999 2.75675371861942 2.26231944678134 1.18901756593304 1.55668217922629 1.65971352073365 1.83216144425615 2.98186565693178 3.02740610009867 -9999 -9999 -9999 -9999 -9999 3.04171303555394 2.91539445529739 2.88317628463843 2.94496051190862 2.99660375585402 2.3232754800371 1.36528155864147 1.112526473518 1.26826583524626 1.10046785560686 1.09054984346806 1.09983346506845 1.13808292947399 1.0923803046087 1.13826279180185 1.10554517148905 1.09169148486309 1.0911141936644 1.09017334422464 1.09054019933686 1.08575121146791 1.09870061314887 1.1006437945122
-9999 -9999 2.75800297684438 2.61741088389277 3.0123469538396 3.07317672625508 3.09489739354135 3.07161821696745 3.28119696272264 3.324347190407 3.03732410913582 1.46091806207468 1.12888732916441 1.33765820176636 1.50369312965542 1.55273363905935 3.08457549441729 3.05040392674128 3.04987293581445 2.93812707880074 3.02512299300375 3.05111637640385 3.01950770895746 3.02961263931361 3.05656902037383 2.34168603606078 2.67804628257961 1.2372225298765 1.13526065111359 1.10137122876982 1.1131947628896 1.34123456561625 1.08759387662807 1.09438431074505 1.11004215616112 1.1825279300099 1.09454924090936 1.09527530440408 1.09237740415299 1.36652712530946 1.12012456806924 1.09184676572435 1.0946332136651 1.10038685522366 1.09416140062487 1.10136251368762
-9999 2.99652676472821 3.02701992368119 3.06464497631839 3.08746827331349 3.09892992406139 3.09175352465365 3.07671384636579 3.11832350144892 3.08023624190462 3.06567483212525 3.10503129448098 1.24164714765707 1.14163165075075 1.41618673599799 1.80270489676173 3.09911330986097 2.67876986398589 2.67926125410179 3.04750713927601 3.0661458240173 3.07093908961397 3.06923699325269 3.06816390338522 1.32068892498836 1.0924563053766 1.13184969328831 1.09822678623549 1.10227568395388 1.49105161160961 1.20065705734624 1.10022454039003 1.0909489528697 1.12022221398247 1.18610884786457 1.23733982899803 1.09725888432369 1.10614549364014 1.13789681043837 1.52076203554873 1.10259498487558 1.09240394072578 1.09844681567134 1.10059226040221 1.09252185899711 1.0966983343516
3.02200736319277 3.04912477705518 3.06705590295608 3.06278307491575 3.07602323372205 1.77995453658236 1.78765445583085 3.10328111909395 3.07725233903024 3.09741301897898 1.8110120965928 1.3021679105535 1.18222276563175 1.16947107094308 1.91736584589901 1.37090828546434 1.37280423101402 3.06897114954103 3.06574306914233 3.06963388526708 3.06864367394134 3.06681873801874 3.06560155429935 3.06575758791253 1.27019552229809 1.09036412554953 1.09113978139463 1.09247129813565 1.11408786038785 1.11288331525849 1.48019298539295 1.27549299004429 1.09124765003705 1.09155905003764 1.15301103877663 1.10178345507479 1.09270496921734 1.09042335331736 1.10043591193138 1.27316548286818 1.26878235987726 1.16535772171416 1.0980012319944 1.11383988818729 1.0998774491391 1.10204326535411
3.08967048281728 3.06445160439677 3.06712447905506 1.36440195645036 1.66337697682962 2.38694372719938 2.37549299456848 3.0763071957676 3.10696511395263 3.12975268914325 1.31208687672145 1.19844774858906 1.14731047982469 1.45001722859768 1.86958111637373 1.64426936027242 1.1607140490108 1.13193311370811 2.11826460600414 3.06811277663335 2.36695272294817 2.66504409370662 3.06640986431956 3.06512327585836 2.67941449614265 1.13883031845731 1.09272859047331 1.10102600790064 1.28343667284711 1.2283735367943 2.00382176877917 1.6905525919373 1.62132091339018 1.18248503755557 1.10477214182974 1.09989283551804 1.10658090900629 1.10071478206257 1.1016655027024 1.4333684180229 1.18675568062265 1.10353072853945 1.09117446502159 1.08979524421939 1.10440974592046 1.09417427075791
3.12268863161932 3.08990734438136 3.06671307624841 1.91467727398692 1.11378263516495 1.75500299474428 1.62431966423839 1.23600037355039 2.6984475988054 1.45328220287273 1.76281793854746 1.22989775294779 1.22489578023645 1.46546070045673 1.67275578113547 2.38461082716841 2.19724432663929 1.71511445089399 1.69965327310231 3.08891204296684 3.06605477303156 3.08058589261645 3.07930900693875 3.07055473473873 3.06765736328444 2.11853610484155 1.63807186868375 1.19779867141025 1.42168739187253 1.28675531401078 1.73584305849964 1.18005078920477 1.09652611323651 1.15131276574642 1.10733764751308 1.11151161917176 1.11181305278183 1.12351512648418 1.09468284429088 1.11959664690255 1.31448225692505 1.09570895245843 1.09173019825073 1.09557110814195 1.09066934474168 1.117910428492
3.60836144475783 3.49171327986815 2.45174778643807 2.19779002364815 1.20468998720429 1.31310150677938 1.3679549015341 1.12073271315527 2.15326625152305 1.55725717546302 1.41689134466016 1.29489679618895 1.38072362232355 1.75659092735673 2.19227001823975 2.12296546647423 1.58396630804014 1.41665061951525 1.41011792374788 2.27552640757892 1.62464674019606 2.68260136254412 1.24141155254762 1.25421758025245 1.24368357286077 1.24893307967863 1.26701879537136 1.1690864708314 1.16429177127911 1.2696349365636 1.10171307817567 1.09115655452649 1.09585905080827 1.0929992651463 1.0996360932801 1.09750836734776 1.10651472946928 1.1041466351825 1.11197458169715 1.09345633803303 1.09617032625838 1.1332961028633 1.1162432202739 1.09222235076101 1.09095444851659 1.09456946669875
3.56174194072946 3.5823521404728 2.74392562223235 2.29694561443546 1.89416513761263 1.28940537886173 1.43787543007653 1.52373745548968 2.11909265595205 1.28801860751447 1.42839053666362 1.44192008259409 1.38994803598513 1.4982262601457 2.10549973489298 1.4951832759554 1.34999073332063 1.33476124074885 1.46635991678486 1.40014940018707 1.18704666234748 1.64957347198638 1.33626813092238 1.57766648940243 1.5992374332325 1.24864101584837 1.2252720747228 1.10890288867827 1.09418348663234 1.81361564745572 1.30692446887742 1.12687931613588 1.09661274098867 1.1003103821562 1.11806381810882 1.11446885041513 1.11732109512799 1.34157103350853 1.09852987291306 1.09260258729565 1.15626398354434 1.11499929584548 1.09577682530735 1.09106851795634 1.08981120890682 1.0907863374935
3.69581901622171 3.67578100911031 3.99172475277535 1.73030762879796 1.49411967383463 1.43279217560937 1.21781644875295 1.27424124467105 1.31422971028144 1.89183144762598 1.88986925888525 1.32319196754916 1.52930271714373 1.68725387774302 1.72331238534853 1.11093571294449 1.24330351255242 2.22385425433208 2.04559663996418 1.93039958994142 1.2048132212538 1.27136222161215 1.48667309080094 1.74397544923539 1.43429135576391 1.38558217026594 1.12111397643317 1.09547537568349 1.23366717831441 2.6912198120204 1.47822456633666 1.15649852578709 1.10282581228213 1.10677905406472 1.12966434605143 1.2428691969134 1.25915147616576 1.31650627662141 1.10556946097569 1.09469079435966 1.09711247484372 1.43840133926108 1.87606681289766 1.60744586555655 1.22893615301953 1.09661619395784
1.70838720588738 3.14431997807459 2.20805657360919 1.9818190455147 2.29351552792106 1.68354732529225 1.85845662530825 2.30905263929584 1.45264954515559 1.49002769124745 2.84731232859021 1.41941183997003 1.76782367231478 3.03361691911955 1.54074061932468 1.19217202132362 2.06647682271093 2.77297756853094 2.65201124457315 3.17565327810455 1.45032942522208 1.22971538051556 2.07192223916852 1.56607562608958 1.91714747968357 1.25494991336964 1.12515035980291 1.09532016273547 1.59241528069286 1.68569725907373 1.45715246061384 1.11807626870828 1.11324006635385 1.33417376564385 1.10496596716027 1.17481645359212 1.12109830119318 1.18831796943127 1.1124591766872 1.09416340816012 1.09183912084276 1.09773326927545 1.3924845146128 1.4887397101025 1.38342178412811 1.11178273883943
1.42392719951439 1.86841587662343 2.26346203461859 2.91547812744349 2.29877789536053 2.74126543373993 1.95964888330646 1.97701473202712 1.48190695357541 1.42440920553008 1.62006851698937 1.84971950075142 3.14297591021562 3.41645613074707 1.25442521317066 1.22344732267239 1.71799450607853 2.24951751867657 1.79764974517777 2.43777111587214 1.11610301097064 1.16231567004997 1.21561040016576 1.30573416372067 1.85024855247295 2.01282828536653 1.89515712367729 1.1302704268682 1.2090958370981 1.09765432135435 1.10124923086381 1.10609681115821 1.10573816531593 1.10104012341662 1.25567230286869 1.60643179861314 1.26417817968738 2.03062204120779 1.27760835150431 1.26628606795479 1.89164865500905 2.0328314865083 1.32305169463231 1.09839931615113 1.3150709688467 1.09534712575579
1.44971150756069 1.54131100957698 1.93635771106627 1.99181389666239 2.46097871982412 2.17891329953805 1.75853904074179 1.80219093017454 1.67197068775913 1.76408468001416 1.55801314135155 3.23758342247489 1.57361331519654 1.47954903031314 1.26076337787454 1.20865073395321 1.14171752068605 2.18774235699413 2.49050008149911 2.13196478289509 1.07638633058893 1.09495749421955 1.11534207666103 1.44323850173299 2.29270031684885 2.46202347793978 2.33135101616557 1.16090405058003 1.89488619368883 1.1143488179574 1.12233868267811 1.11608294727833 1.10681402046101 1.15386727418613 1.3722325784531 2.75218810808792 1.66033804536232 2.12436817147502 1.53553030340429 1.46338033027112 2.01783560009501 1.21541740456345 1.1018110160831 1.09527473796691 1.13377999428428 1.11595247531382
1.34038297422713 1.34548587665393 1.39966967524984 1.3991071695666 1.68518132190821 1.41128172056028 1.33271868805276 1.64294043284336 1.7923922313426 1.79835703774194 1.43905533496934 1.27287263367681 1.94927413434456 1.38744051611974 2.11426394917465 2.03101207636702 1.48262299957062 2.49274457510718 1.52856629002259 1.12150193478391 1.10097255394448 2.02085515764029 2.52569118238712 1.47364219278328 2.40718356541202 2.69736118566329 2.72516857879938 1.43819629241409 2.11327493064729 1.42932424186676 1.10506725943966 1.10118804172956 1.11010821215928 1.16332379432995 1.62517716302916 1.98217711539312 1.57567288330978 2.33112604638289 1.21851164050476 1.14138723413542 1.11576177666388 1.18754404512046 1.09582308807286 1.09589216432726 1.21332584541507 2.07904926505011
1.41957410694064 1.31863163169554 1.30087416879447 1.18876247025812 1.32490296235689 1.50727439751299 1.67142399082298 1.87720174372354 1.61668695609073 1.83786369234753 1.85637049847275 2.38467919096624 2.3029301093319 2.22929098631382 1.88658464867411 2.4277791990989 2.72033172287782 1.65265885900606 1.10932308123186 1.09697635162412 1.21037497781776 2.42100381274389 2.26790398744334 1.26030235690266 1.15526181348137 1.71210989753415 2.50826935973997 2.25194547599494 1.13008979142326 1.10308368716422 1.26087721642094 1.13119337238335 1.6389980610822 1.64185785936129 1.3951985981026 1.67960543291318 2.3510287714747 1.48832063426228 1.13360806255081 1.1309746145027 1.13161197930316 1.21389657301641 1.10439430054964 1.12697689936704 1.11646183368022 1.95141806477719
1.45383367681928 1.55715020917216 1.42366397812538 1.47772603549477 1.41500257504028 1.41611060886847 1.40577639811523 1.37564383753312 1.27245122115153 1.27986688884789 1.53360272793485 1.69097048441229 1.4949265759254 2.20343679042698 1.38546047892609 2.35039954396638 2.24400157288664 1.59303385967042 1.14125170777116 1.22473128192936 1.1650901142889 2.6364609835201 2.24738689948655 2.08019893972069 2.09409327563189 2.04065868518105 2.00911757074463 2.18281471077361 1.48093685955238 1.41563776681071 1.33833553899718 2.04932793203861 2.23026114517373 1.7797695996584 3.02641153619586 2.2714581935993 1.89407365008233 1.32067749272814 1.10345004924569 1.10410518907426 1.10484540564327 1.18898841882495 1.27441454606722 1.19358654718631 1.14278059926692 1.2863110593072
3.06861575446628 1.90974120049277 2.91074877717635 1.64477811118489 1.27202999859562 1.31312650055305 1.32427960640695 1.1938492378681 1.15912942337642 1.15421915736955 1.17018559383203 1.16844275965314 1.19080218832919 1.41513987891358 1.13972571431346 1.24032148972488 2.12513489166796 2.55893718581682 2.38353008733526 2.41973116848683 2.67902617021019 2.62316393227883 2.44604781562028 2.15371272908958 2.02550380378282 2.35842154990204 2.28944361350074 1.98245793676931 1.69130732201228 2.12495974988084 2.02221637198969 1.98373894850568 2.67690053499172 1.45140765894331 1.49465725838047 1.6930412925297 1.37410625872707 1.35961279827774 1.0963823294157 1.10356866965018 1.10654110388576 1.63355503131563 1.31939872174873 1.53617661891695 1.76941736463246 1.35434732813997
2.68278658838803 2.6432280028138 3.78543017709322 2.02734784885285 1.37642862953888 1.90409250255532 1.20570622130112 1.24170127337928 1.18042941051225 1.27124255561808 1.1504420086634 1.17420022222064 1.14803355554246 1.11450719035694 1.10921857708255 1.12626979516049 2.34277004839083 2.35905329418221 2.90402394829676 2.34152073422187 3.14470287211132 2.16081178002398 2.36808319368745 1.79310358257217 2.29709765947041 2.46966290614418 2.24301289491678 2.33946650724427 2.19594017897439 2.55831211874184 2.66940009495488 1.57689852353487 2.01645596254853 1.94505379539197 1.45844954315602 1.28012630846728 2.0787909937696 2.80460680298443 1.20352852558206 1.10412506812707 1.10323835498488 1.21515676868479 1.15273817077776 1.76884853989299 1.18655341749652 1.25317396286205
1.59559888848919 1.48309237693591 1.81680625255251 2.15009283979917 1.66447468495498 3.34982034177149 3.30843842311901 1.47663036200697 1.73797159116094 1.62633213824753 1.2089727075845 1.1272222864104 1.12258678100749 1.11649778962308 1.11315540371913 1.11910701767552 1.18697448790345 2.04367525319709 2.46096141914408 1.98648132051381 2.1731925260103 1.40342450073707 1.82346098326694 1.56735762148902 1.95901460559979 2.75340475764079 2.06024209962092 2.16114359835694 2.34327955717259 2.87714418162026 2.75413945115328 3.2296365484516 2.8036683657259 2.32959615091923 2.00639830989813 1.84275365301668 1.68792877552375 1.71744613162708 1.36814873475934 1.11035367601933 1.10040148402222 1.10402452153209 1.10048165744551 2.12141602121284 1.24205648200353 1.1165816031171
1.65727710635872 1.46185480669014 1.35585833035514 1.65979418571346 1.90439153024082 1.66680957543536 2.8179687532128 1.27589016856483 1.49738253467621 1.44345078531764 1.26439380439988 1.16157824694633 1.11868851649625 1.12430052370172 1.11622631338239 1.12802286031044 1.13324129147082 1.56408757318746 1.30086014405266 1.2648703693111 1.18440469320857 1.17307267478254 1.53257170749446 2.22465910672935 1.91124117098698 1.8189116479176 2.14845042141814 1.6835486391779 1.81912772322452 2.41416276210452 2.79851033145246 2.9334281785875 2.28763277204772 2.39939389573545 2.03913791558044 1.40043932081815 1.30658841039254 2.104416562457 1.19386467140876 1.16708604288629 1.11855285151015 1.10675965281357 1.13649114550615 1.52544227898123 1.13326324490523 1.14063059859361
1.79233534291839 1.32201793326452 1.20948954324208 1.34549870054639 1.39333804492785 1.24476224453494 1.30322771847109 1.20399457793962 1.66960633782585 1.31107578580889 1.74294365153423 1.40149965544227 1.18684472854561 1.16573357339266 1.12584444472168 1.11563475007594 1.12010363764674 1.14195449450049 1.1708089835301 1.14180184021608 1.10824154344053 1.19963686617044 1.4951831077257 1.50288092707874 1.52829589478432 1.66611719624436 1.83014799893721 1.81115609455892 1.82742133059217 1.81384781122088 2.74162655744525 2.80731837633709 1.75707534650982 2.17112788071647 2.21094317932674 1.51229586087674 1.45954396097207 2.18050889554742 3.11136128100939 1.15464674244639 1.11863712955609 1.11486657441087 1.09949483380367 1.12186243292276 1.16091327272743 1.11571711974365
