IBR/IBR_outputs/all.combrep_1/FireFreq_2000_2008_Total.PersistForestCover_Total.VRM_Total/FireFreq_2000_2008_Total.PersistForestCover_Total.VRM_Total.asc
NCOLS 160 
NROWS 95 
XLLCORNER 210004.651214014 
YLLCORNER 7350008.22228844 
CELLSIZE 4999.99999999997 
NODATA_value -9999 
[rows 0 to 20 of 95, columns 92 to 137 of 160]
-9999 -9999 -9999 -9999 -9999 -9999 -9999 -9999 -9999 -9999 -9999 -9999 -9999 -9999 -9999 -9999 -9999 -9999 -9999 -9999 -9999 -9999 -9999 -9999 -9999 -9999 -9999 -9999 -9999 -9999 -9999 -9999 -9999 -9999 -9999 -9999 -9999 -9999 -9999 -9999 -9999 -9999 -9999 -9999 -9999 -9999
-9999 -9999 -9999 -9999 -9999 -9999 -9999 -9999 -9999 -9999 -9999 -9999 -9999 -9999 -9999 -9999 -9999 -9999 -9999 -9999 -9999 -9999 -9999 -9999 -9999 -9999 -9999 -9999 -9999 -9999 -9999 -9999 -9999 -9999 -9999 -9999 -9999 -9999 -9999 -9999 -9999 -9999 -9999 -9999 -9999 -9999
-9999 -9999 -9999 -9999 -9999 -9999 -9999 -9999 -9999 -9999 -9999 -9999 -9999 -9999 -9999 -9999 -9999 -9999 -9999 -9999 -9999 -9999 -9999 -9999 -9999 -9999 -9999 -9999 -9999 -9999 -9999 -9999 -9999 -9999 -9999 -9999 -9999 -9999 -9999 -9999 -9999 -9999 -9999 -9999 -9999 -9999
-9999 -9999 -9999 -9999 -9999 -9999 -9999 -9999 -9999 -9999 -9999 -9999 -9999 -9999 -9999 -9999 -9999 -9999 -9999 -9999 -9999 -9999 -9999 -9999 -9999 -9999 -9999 -9999 -9999 -9999 -9999 -9999 -9999 -9999 -9999 -9999 -9999 -9999 -9999 -9999 -9999 -9999 -9999 -9999 -9999 -9999
-9999 -9999 -9999 -9999 -9999 -9999 -9999 -9999 -9999 -9999 -9999 -9999 -9999 -9999 -9999 -9999 -9999 -9999 -9999 -9999 -9999 -9999 -9999 -9999 -9999 -9999 -9999 -9999 -9999 -9999 -9999 -9999 -9999 -9999 -9999 -9999 -9999 -9999 -9999 -9999 -9999 -9999 -9999 -9999 -9999 -9999
-9999 -9999 -9999 -9999 -9999 -9999 -9999 -9999 -9999 -9999 -9999 -9999 -9999 -9999 -9999 -9999 -9999 -9999 -9999 -9999 -9999 -9999 -9999 -9999 -9999 -9999 -9999 -9999 -9999 -9999 -9999 -9999 -9999 -9999 -9999 -9999 -9999 -9999 -9999 -9999 -9999 -9999 -9999 -9999 -9999 -9999
-9999 -9999 -9999 -9999 -9999 -9999 -9999 -9999 -9999 2.96849355970854 3.02177994138284 3.0611282804469 3.05921998616665 -9999 -9999 -9999 -9999 -9999 -9999 -9999 -9999 -9999 -9999 -9999 -9999 -9999 1.32902451830223 1.11781098012215 1.11258882068232 -9999 -9999 -9999 -9999 -9999 -9999 -9999 -9999 -9999 -9999 -9999 -9999 -9999 -9999 -9999 -9999 -9999
-9999 -9999 -9999 -9999 -9999 -9999 -9999 -9999 -9999 2.91346550445159 3.04697512266503 2.96750400727021 2.36644249190021 1.14889408657948 1.85580709398611 3.06499700493854 3.07507707132604 -9999 -9999 -9999 -9999 -9999 2.9578171946758 2.06443074505028 1.64420121247602 1.81995231638528 1.74585425769863 1.10703452197479 1.09726158361706 1.10172138961027 1.1536094882724 1.0941774495427 1.09937898073214 1.10373532830251 1.10102362055777 1.10120357013625 1.09967262866687 1.09896136170295 1.10462076246305 1.09537000012272 1.0946466813302 1.13502392470381 -9999 -9999 -9999 -9999
-9999 -9999 -9999 -9999 -9999 -9999 -9999 3.07961915666859 2.25583075938578 3.06799894447999 3.06618936094034 3.06650219337558 2.11194538687264 1.16376059672972 1.16370347491511 1.12009430206633 1.51767228230022 1.27204735109915 1.12162926390842 -9999 -9999 3.08093765926652 2.95879783787794 2.99260860434227 1.51541047346138 1.09310009084415 1.10427095968403 1.10077698965964 1.09552468948534 1.09253553610835 1.09617607373159 1.09382315645561 1.09952519094853 1.09748137298867 1.09808201838566 1.10294233807432 1.1069306248339 1.10506402538526 1.10464120151282 1.10386751511222 1.09738250536314 1.09674087417978 1.16691266671388 2.37153838334948 1.21319255316502 1.24266121836404
-9999 -9999 -9999 -9999 -9999 -9999 -9999 3.09093043741558 1.23845424883648 1.75329505350678 3.06577627701628 3.06277329767045 3.06662345860064 1.31179623440518 1.09733621397975 1.08991769367496 1.09952632610817 1.12006274098496 1.12702259089528 2.20334365616817 2.0531247187146 3.06846871230297 1.15067795968719 1.18384508430957 1.09880717637339 1.09162571856202 1.09887658178635 1.09844602474394 1.09412444411745 1.0939762172352 1.09885934402128 1.09625761126812 1.0994700606998 1.09734291230412 1.09537006896483 1.11822086386354 1.11362334417181 1.10669414425148 1.10077248090409 1.09973577220747 1.10085156079225 1.09759795870339 1.13950995663855 2.37138871766357 1.09323860704005 1.15742117668487
-9999 -9999 -9999 -9999 -9999 -9999 3.12381238289089 1.26495045457402 1.09660812053226 1.13866176101203 2.67745643144838 3.05926406884987 3.06822418799179 2.36555691793724 1.09776679690475 1.09868868623721 1.09905680836361 1.08432276681131 1.07080003855571 1.31424366265441 1.13810270388527 1.10140300177786 1.09716219926366 1.62447925380106 1.36610143147055 1.10099714643125 1.09665976612034 1.09461674542788 1.09219325817082 1.09593698895282 1.09708495875062 1.09718155620407 1.09956791755057 1.09558309364293 1.10038443928998 1.10417359933915 1.10857537176781 1.10586406796989 1.09932558872099 1.09965955398623 1.10798622876997 1.10247902584314 1.10185725015313 1.24350695205797 1.09516004089724 1.09662791375123
-9999 -9999 -9999 -9999 -9999 3.10545380711158 2.68652938702609 1.10471689038363 1.10657832606137 3.06553305920642 2.67783260906463 3.06239682986731 3.06683829958006 3.06512784143303 1.31200671796121 1.11751785405064 1.11657798311365 1.09636594315171 1.08970694223893 1.10095400273537 1.09309378513666 1.09294791041495 1.0937097818606 1.10373403199036 1.09687965679218 1.09770960708676 1.09491694095119 1.09480466663327 1.09285605824872 1.09666239558504 1.10047330459342 1.09647669876207 1.09789262994991 1.09708380199115 1.10055658856879 1.09888432511715 1.09865643417083 1.1011176127284 1.09765100823807 1.09208528191362 1.10235411194271 1.10054960700425 1.09769522434408 1.0968856646512 1.1009308779287 1.10220367019588
-9999 -9999 -9999 -9999 3.1106691502754 3.08024860481276 3.07929661314053 3.0732394307667 3.06644908132569 3.06739130365086 2.37155307868191 3.06591574129455 3.06677842826473 3.06514458278165 1.36643481871177 1.09613844578255 1.10413212645036 1.10319145295061 1.09663470127529 1.10267805700477 1.0948052448374 1.09272542684168 1.09351756862961 1.09176185108865 1.10179250826451 1.11071689481851 1.09809496511739 1.10069528277894 1.09769628707436 1.09277618423298 1.09737301679625 1.09710780205038 1.09537997343672 1.09727114321687 1.09393885557965 1.09405168687829 1.09329352932621 1.1069823560092 1.10818749695948 1.09740234117751 1.0969813262393 1.10370080352316 1.10797095780678 1.09736171988944 1.09623839071842 1.10897506921158
-9999 -9999 3.0577847067048 3.0135819376022 3.0280201685018 3.14207099260154 3.07420564095639 1.10524010837252 1.08984679426963 1.13922256782619 1.39284834857703 1.22346002604415 2.36685238605058 1.51860030321392 1.23270523597539 1.09096233931501 1.09296271273755 1.09895669331499 1.10464618623695 1.15877863739868 1.10407714492881 1.09761937078273 1.09949477298338 1.09394429939489 1.09390582371327 1.0991646990893 1.09779436876174 1.09977017933043 1.09803223738165 1.09427768057635 1.0975195567825 1.09639638878257 1.09669968195558 1.09234322506685 1.09880751551489 1.11787078733418 1.09780400008566 1.1124016516452 1.10685001961046 1.1038050830731 1.09441737107582 1.10721265794006 1.44728951972803 1.09640228335439 1.09624006040703 1.1073184036424
3.06067078665925 2.98781340712908 1.20419735638747 1.74422978526976 1.91295080988469 2.13693822795407 1.20893376980257 1.09402554460451 1.09249846322867 1.09665888934464 1.28121535363348 1.56992095034429 2.67379068193205 1.90406416632411 1.31003566422847 1.10836775711834 1.11262933596637 1.116733105532 1.10588995849377 1.27756112645033 1.10318480463541 1.10140170452637 1.10657765403567 1.10550827710521 1.12571018002422 1.10355323056176 1.09871658491091 1.09741711670002 1.09836562379194 1.09510152321406 1.11113942020038 1.10696530746197 1.09668360989577 1.0940634636863 1.09973042843668 1.11391106047248 1.10436208262286 1.11126315294095 1.09983142973516 1.10323535676782 1.10516504509334 1.24933138925184 1.10973637631597 1.09896553100164 1.0957804489451 1.10567547825978
3.08760100405013 2.3695085242523 1.09235078822572 1.0913034359772 1.2694147665034 1.36944803143444 1.1290918411731 1.13640848632438 1.09961000499295 1.1046409710742 1.27726375451399 1.14673812075814 1.11132191266816 1.18179824515825 1.1530624333003 1.44317567331357 1.94605959429757 1.18284705557252 1.44184435724344 1.26170998316279 1.0933913772586 1.0991030117292 1.097161609086 1.09807188419671 1.10551179609673 1.09762566051482 1.09842998123681 1.10678021091103 1.1021062665846 1.10058272507039 1.11015620920096 1.10290089441439 1.10603326457779 1.17134864753778 1.11199773485873 1.09599603741718 1.14387371216752 1.1068799150701 1.1144336325027 1.11044223234013 1.10390414491181 1.14055872454231 1.09988290071697 1.10623995852033 1.09755767365519 1.09924715602273
1.23424852647718 1.75234202435397 1.09821207375967 1.09196851884865 1.11584660982198 1.11548418128878 1.1924973360835 1.13901724076376 1.09831408390748 1.09236847014319 1.0965575969852 1.12292175233182 1.09987827868115 1.10102293102353 1.08826278843644 1.09937525001794 1.46193919099035 2.14624026160626 1.12873732073218 1.09360155241991 1.11797775637966 1.14569026233711 1.10062628321378 1.09727171253163 1.0981686424423 1.10066893505257 1.10470100034574 1.10145425197887 1.16235311572143 1.21086930451328 1.10685808888001 1.10388093941437 1.1395573293908 1.1100702463294 1.11560017580213 1.10889987423788 1.10534451893549 1.11007626210148 1.10497122383529 1.10818566084988 1.11604076958127 1.12719660861119 1.10152152675526 1.09791482044444 1.113008665681 1.10377996868868
1.13767202810859 1.36626967621146 1.10747619219982 1.209399797547 1.52996708520376 1.15074238359669 1.10788909085728 1.09292940072818 1.10256365684256 1.0917171343675 1.09735791295364 1.13148741573953 1.12075075080361 1.0924494010455 1.09061890611664 1.09109830914533 1.09787609376372 2.09770147812279 2.3537383405102 1.75263207161515 1.10523206179676 1.10514997745271 1.09421210043323 1.10146392142537 1.09620093232503 1.10011417166826 1.10984932352106 1.10051351763575 1.25561967502957 1.44993250960005 1.24170457452824 1.11614930132847 1.12459759589678 1.10890877966973 1.10970110415133 1.18620144325826 1.15096237335657 1.12072202997689 1.10310856382231 1.12082991988146 1.09640688285231 1.10011416757878 1.09864613698884 1.11821836771078 1.12371547850434 1.1341388361342
1.12933434188063 2.36757063805492 1.36967187773738 1.10047652176531 2.70644769117304 1.92885960485151 1.09967845417938 1.09930400368443 1.15231266726944 1.09324540599258 1.09597271812218 1.12069892921019 1.10667309242004 1.09032645234883 1.09598806976899 1.08877220410508 1.09344233115377 1.10689534740563 1.15960885794657 3.05530578406502 1.62251138370734 1.0916565819261 1.09285331090865 1.09226975003664 1.09493656400782 1.09535465484672 1.10836121810604 1.09648333987311 1.09672843656134 1.39801870299037 1.82189187005195 1.82227298250571 1.16184378659159 1.10328863675496 1.101176552055 1.10216405993034 1.1088562700731 1.12121113094248 1.11316928878428 1.10606437625576 1.10135930675932 1.09975591588711 1.11993786230759 1.12787724914899 1.15339189819109 1.13078127459524
1.09689458231385 1.51972324821782 1.15236629379164 1.13301768476709 1.14396852639221 1.12654956601581 1.10357638994828 1.10757099486251 1.10020511283344 1.09066596397306 1.09070189065766 1.10301404135917 1.18210426695044 1.091335893849 1.16609642743144 1.09256924460797 1.09182631055185 1.09534280391646 1.09035776928281 1.13391469251635 1.30220322878454 1.23256647822595 1.16870121241441 1.13067452499535 1.09146260919655 1.09284286147555 1.09968198300235 1.10058334325554 1.11576860197531 1.13021631369506 1.17384799675276 2.01733125303124 1.6045248295425 1.30803868339991 1.26014031439463 1.41335617729807 1.64858349230244 1.48556635392543 1.15474606847696 1.10895462704005 1.10189837851876 1.14346854952474 1.24772478499975 1.18756724531944 1.14454279602742 1.14249925577893
1.10585451598456 1.11738280946971 1.17154923659946 1.13324070296551 1.11914275933987 1.09843026176684 1.17274301292121 1.1425394526038 1.09514263093888 1.09321648000721 1.09205836853457 1.09214170251099 1.75283727427467 1.12928028940714 1.14947835594561 1.09986234752287 1.09112929347171 1.09060502524122 1.09284582087525 1.09509825116777 2.36807106542064 1.08945459890165 1.16444623945584 1.10223148271045 1.12864944485438 1.11246203274679 1.11481410711366 1.16573418274503 1.12183892514383 1.09181319442103 1.09296708091901 1.14332561603238 1.76230904488098 1.61895946707038 1.57704850181089 1.47378682640976 1.63447256360664 1.09493655528677 1.09721144284664 1.09546981389558 1.12742756652983 1.28235268305515 1.1124818810425 1.14640321549453 1.14945111931533 1.64082440366446
