IBR/IBR_outputs/all.combrep_1/FireFreq_2000_2008_Total.PersistForestCover_Total.VRM_Total/FireFreq_2000_2008_Total.PersistForestCover_Total.VRM_Total.asc
NCOLS 160 
NROWS 95 
XLLCORNER 210004.651214014 
YLLCORNER 7350008.22228844 
CELLSIZE 4999.99999999997 
NODATA_value -9999 
[rows 42 to 62 of 95, columns 0 to 45 of 160]
-9999 -9999 -9999 -9999 -9999 -9999 -9999 -9999 -9999 -9999 -9999 -9999 -9999 -9999 -9999 -9999 -9999 -9999 -9999 -9999 -9999 2.79806136055724 3.10945152913705 3.01044160428966 2.95025354745621 3.06479454086952 3.06572601645199 1.1038198050846 1.1380813593972 1.09079881259627 1.09322754913168 1.0890123842208 1.17295957369889 2.11598631376232 1.36918236076191 1.17705535358961 1.16514825265008 1.21556863453122 1.41312618298318 1.61525409792967 1.46865358929177 1.29343301687583 1.23942713474366 1.16484121793209 1.16015608758586 1.22069540653605
-9999 -9999 -9999 -9999 -9999 -9999 -9999 -9999 -9999 -9999 -9999 -9999 -9999 -9999 -9999 -9999 -9999 -9999 3.12789815806481 3.11362859032498 3.04647869442413 3.09133838218672 3.08230482850336 3.05774974358518 3.00836708905974 3.0031675348419 1.91233817337279 1.09500913131181 1.09183610537346 1.08850593822196 1.09097404533754 1.09868282557559 1.10200296656146 1.62461590195547 1.18115720622427 1.2160327780538 1.13635738701664 1.2100572590036 1.4460057574107 1.64263626128173 1.41098037025718 1.28739821889352 1.29042035635288 1.33935431986687 1.17356604135039 1.3246519070173
-9999 -9999 -9999 -9999 -9999 -9999 -9999 -9999 -9999 -9999 -9999 -9999 -9999 -9999 -9999 2.67831087681302 2.92567585017692 3.09111016317645 3.09826382998696 3.09144220466219 3.09814071761082 3.10460374707079 3.06371041292118 3.04219842706807 3.05784308927052 2.33970522572459 1.12005711800178 1.09661617988158 1.09233981773262 1.09249307837058 1.14224923259753 1.10298636892664 1.18298302720702 1.52880304369668 1.14280743837104 1.18581900509933 1.29080973962626 1.19623406772334 1.81568947077441 1.28919983160412 1.27370568319059 1.31376416667567 1.4393250479242 1.54318657134481 1.34767862157499 1.52012200949639
-9999 -9999 -9999 -9999 -9999 -9999 -9999 -9999 -9999 -9999 -9999 -9999 -9999 3.23261044637754 3.07904807513297 3.02458881209666 3.08283326361002 3.08695534715543 3.13525935342519 3.12141665103636 3.10207931759068 3.08210370512168 3.05728193565469 2.67752045237383 3.05298986754667 1.73441804092775 1.09601854059992 1.10286424286076 1.15175315861466 1.1909339458444 2.74681259872358 1.52193471974037 1.10439313323342 1.2601825439766 1.13017471769638 1.22130412606661 1.24302775373265 1.07313860907126 1.26207474916524 1.73117238269043 1.84120245528197 1.30716106292139 1.51995086982348 1.28144086144306 1.27907945886646 1.44605201931413
-9999 -9999 -9999 -9999 -9999 -9999 -9999 -9999 -9999 -9999 -9999 -9999 3.12513584098403 3.08777435673564 1.3746566414708 1.18429679908781 3.0752628021545 3.09506314707007 3.11839394969494 3.08824481311205 1.37845488540183 1.52152000916739 1.9128473083978 2.67781722582276 2.67103901093176 2.35521696491663 1.09398030298642 1.08789329980748 1.52222168559428 1.19673240173785 2.68858282750028 1.92280912290573 1.12442670421047 1.20167119298596 1.10798343354915 1.16404855035279 1.18070621846809 1.50274295193492 1.45971489054498 1.29826691058316 1.90031722425258 1.89893614208708 1.45060020506249 1.5316618848647 1.44760955521288 1.50481779764943
-9999 -9999 -9999 -9999 -9999 -9999 -9999 -9999 -9999 -9999 3.11472513024694 3.08074535248022 3.07872019663157 3.0693772731935 1.44011839315671 1.09614661799627 2.10927326575896 3.07069900749574 3.07892215847305 1.92662079849581 1.3839090960417 2.67970900050221 1.51778075515278 3.0649435530479 2.67728130326407 2.3324567821551 1.09644986756911 1.08931631760245 1.08462832580203 1.24709618229645 2.12450418891264 1.23998688835216 1.14357484854859 1.18926385768552 1.26959706614742 1.14758819861438 1.1082185174595 1.53617644835247 1.18751812779047 1.17609041892772 1.61734033975562 2.57891211353885 2.34596365849232 1.52950948953437 1.13999900788217 1.32066034832001
-9999 -9999 -9999 -9999 -9999 -9999 -9999 -9999 -9999 3.10124266591536 3.0456402420406 3.07038942201374 3.07043858427112 3.07233936400779 1.92453096953446 1.26738702977481 3.04917541851255 3.06820119103318 3.07523493989309 1.9355695053304 1.20620074129788 3.06888662173415 3.06512878248009 3.06524745390124 3.06465749575458 2.67694889591702 1.11069475484912 1.0917387665387 1.08577109500552 1.31166312411701 2.12140831598237 1.23720659837776 1.22668664428593 1.16589470912843 1.66667254645061 1.52413617746241 1.42896190595186 1.46303765128818 1.11272185265955 1.67585357500375 1.82348780600092 2.37417198182341 2.17861985187004 2.75534101242182 1.56771961548356 1.26471678398816
-9999 -9999 -9999 -9999 -9999 -9999 -9999 -9999 -9999 3.08919502293951 3.06508442836701 3.08062900424918 3.07480588070801 3.07208536652063 3.07645283920287 3.07182383720221 3.05960090824669 3.06586278744097 3.07074301569761 1.93003926646681 2.1099784998225 3.07404055685148 3.06518324016806 3.06532263815012 3.06544067817343 3.06521853197823 1.28366232098453 1.09347673561775 1.09289309534562 1.1081828138569 1.1484934164222 1.13857071610058 1.12772544168814 1.16001334241906 1.30369428522763 1.6755486893332 1.26757971656463 1.12289729707937 1.10575615402853 1.22079998659225 1.66695550600112 2.4382493414931 1.67025165979541 1.97928102897627 2.26877673221671 2.31952730966361
-9999 -9999 -9999 -9999 -9999 -9999 -9999 -9999 2.47937425881323 2.9773595544709 3.06792574849995 3.08071609432857 3.08290153874323 3.07274902064433 3.06931749787344 3.06575568609872 3.05955728630436 3.05740626941092 3.067603033533 3.06825324841999 3.05440753775706 3.07137160822335 3.06756364142691 3.06523367604277 2.36641442709605 2.11562841268289 1.1029173319771 1.08986322782468 1.10343041862243 1.10060023022476 1.10793317671605 1.0944187690833 1.12286835129482 1.78338707211875 1.20327591411115 1.11596465708704 1.49568357761602 1.14488908994718 1.19843170026993 1.26551133642774 1.76318722624676 2.15967276623291 2.20755764074773 1.95027232229682 1.53621768795053 2.62080761628708
-9999 -9999 -9999 -9999 -9999 -9999 -9999 -9999 2.54478449561208 3.05190817439608 3.07176877805731 3.07991462663137 3.08351177163584 3.07922393672122 3.07163162617745 3.0652780807591 3.06502712878129 3.04090909864385 3.06898317259931 3.05402735766856 3.05297536576276 3.06556576178202 1.20731328539664 1.10956770009591 1.09909154443274 1.10327869721837 1.09435986972716 1.09281820613036 1.10194832278454 1.63524218097827 1.11933019189807 1.10547880376233 1.10093588055247 1.11343932042446 1.30216495597863 1.0976452520355 1.11157215313396 1.22800408504274 1.13565775288643 1.33887920703061 1.23765660541889 1.73111138952305 2.03759949210763 2.40809973087779 1.50328081698102 1.88831539672944
-9999 -9999 -9999 -9999 -9999 -9999 -9999 2.34103979093499 3.01465887271031 3.07245214602116 3.07359038603415 3.0887547363764 3.07271512869382 3.07178040323062 3.09798741889546 3.07030994473911 3.06477970891833 3.05220421739926 3.06761333429278 3.05838055219023 3.06524340503153 1.4457401274158 1.12880458634626 1.20571024039747 1.10883190126603 1.12318924721272 1.09959430937767 1.09865668701809 1.11900871892266 1.54587429919371 2.72450741357234 1.23078590772172 1.11212530506271 1.17207181319318 1.21514523487879 1.13167560349747 1.08448432696994 1.12653470922768 1.15751514830638 1.2454613346205 1.16930682815657 1.37601181022055 1.61966934731886 1.64224988657158 1.97543556311348 1.54081192448334
-9999 -9999 -9999 -9999 -9999 -9999 2.64814228418578 2.85654365408333 3.06516580954922 3.07130753626098 3.08894367997568 3.07450994084748 3.06997874905868 3.06764401896188 3.07561185215875 3.0793491423167 3.06421918315083 3.05244506583691 3.06404688345349 2.66669762586435 1.12884940070762 1.1146446202762 1.1222070919051 2.11569949233507 1.26786598839092 1.10152887364788 1.10302897346309 1.26961781643323 1.38096489424453 1.26881740914873 1.75849336054152 1.12292255210221 1.15842568544237 1.11525456287202 1.15186103731489 1.1190506529513 1.11631208018231 1.10096368479022 1.26734959871446 1.16122104514102 1.28587752633658 1.26457235208746 1.87674528044638 2.11480278629612 1.95257549777207 1.90262994538102
-9999 -9999 -9999 -9999 -9999 -9999 2.60394642326206 3.04641695676202 3.06769856532092 3.07272969857264 3.08527217834742 3.0706059698178 3.06822031751317 3.06407838325152 3.07014632649261 3.07096260895729 1.75030785169567 3.06528285174484 3.03898948973655 3.06481144811192 1.14844042404554 1.10161274895918 1.37785615710152 1.14705440794794 1.1477894946634 1.11760720484585 1.10536051199417 1.20114369855855 1.35239240161278 1.1382733904466 1.7511651132285 1.10415303437509 1.13052796128924 1.18224249527121 1.33196364867015 1.15635650107626 1.14920829865212 1.30677187528279 1.58075922332176 1.20107666734829 1.5292552088919 1.26634455743381 1.71641591456968 1.70617635677797 1.99166701490482 2.0784614524132
-9999 -9999 -9999 -9999 -9999 2.99463780094879 2.76461198655241 3.07868187398481 2.38102783463339 2.13071361465373 1.93056931268631 3.06954257193485 3.06790602311398 3.06495125931237 3.06574210005504 1.44068142551008 1.1481111161716 3.06528204221645 3.06060861113564 3.04035750854684 1.26369509589649 1.10640532462363 1.1162219218382 1.20874371971567 1.13152429534814 1.36901469363308 1.14084775513507 1.24321050615302 1.15701568359258 1.14174350645096 2.68317839676848 1.11118537156235 1.12359807424344 1.12323229566116 2.11313072040678 2.1331181579829 1.16408262623361 2.11410038992566 1.3696854586953 1.18662408055346 1.18171724433235 1.16201697199351 1.45961238434925 2.83077192501138 1.78384892907868 1.73637680141317
-9999 -9999 -9999 -9999 -9999 2.54536885616738 2.89142485857374 3.06737538281239 1.45084551222854 1.20732535377295 1.76767814782065 3.07151604260274 1.43271955181275 3.06414074757407 3.06496129196716 1.91400394050017 1.10620508380264 2.67729095912263 3.05833387224573 3.03018355771169 1.62254624414876 1.09513303466465 1.23425135263486 1.12715338513967 1.09753964158931 1.09199453780816 1.13768756425021 1.1123916399933 2.0432475663516 1.62917176674376 3.0723887848979 2.12592553555147 1.53763303486693 2.13321078972068 1.40346269275961 1.76524215682277 1.12939564274853 3.07780405948246 2.13418560035097 1.442262193986 1.15155317814016 1.25422151748413 1.13604119981659 1.69517077688334 2.16304858127863 2.22842643665996
-9999 -9999 -9999 -9999 -9999 2.72028671807477 3.06891264659111 3.07008476668463 1.15817242289304 1.13974128993207 1.23643615801023 3.06907399419935 3.06540375429001 2.67741200853078 3.06248134451795 3.06476774194788 1.91382673862299 3.06372535891933 3.06124892835929 3.05453507187187 2.33872647430857 1.14486360442986 1.10982163219454 1.15586673316333 1.09678347767797 1.09227689556366 1.10778913288774 1.15481423037518 1.71931744205583 1.63190121798268 3.13659631259458 3.07338087196012 3.07334954421538 1.32141232645756 1.50517219267816 2.16144653438239 1.23662379248624 3.08296321174357 2.13651710315011 1.11347468483854 1.11302026589745 1.2634337243823 1.21134660337108 1.3286473955536 1.58893050428065 2.68519502797295
-9999 -9999 -9999 -9999 -9999 2.83772345572712 3.06752101823718 1.28612146295231 1.12665228439221 1.14729950342535 1.15423847865027 3.06946019575716 3.06712912617258 3.06490308229492 3.06462401274902 3.06484632390759 3.0649906091774 3.06501569998092 3.06362710731714 3.06497587872575 3.06102547873284 1.73509765660705 1.32919645897721 1.11420310147465 1.10322297462258 1.10362930475423 1.10432268697365 1.24629820113972 1.43153050988664 1.53499431790974 1.67580763193468 2.12280381524282 3.07052657008178 1.27288182209099 1.22360520228821 1.13163814678403 1.91842236192722 2.38507381106003 1.3817099344162 1.17089929137937 1.14789216734871 1.12689673107629 1.58486643355739 1.6940098859238 1.4489563708657 2.15291202580103
-9999 -9999 -9999 -9999 -9999 3.01267546133811 3.06771301367437 1.12528524526026 1.10634296489825 1.62725184422987 3.06721343560031 3.07293438892296 3.06927682267969 3.07042750653208 3.06557544099246 1.1823441076754 1.1820651076467 1.26793515587869 3.0650274073093 3.06483371771875 3.06494131550312 1.73221269703786 1.14968427222578 1.12719655770488 1.14798514290283 1.14688463897421 1.10835398675546 1.21525896894323 1.33286558054057 1.28060732840076 1.18907966877096 1.63184401059857 3.07138932801172 1.17946368279461 1.12321935946524 1.12802714780966 1.11349919431086 1.36266720481643 1.10776059203477 1.13890752714864 1.34823827523616 1.26012903758423 1.42285754254571 1.31703978779322 1.48373545721561 1.58641157868534
-9999 -9999 -9999 -9999 -9999 3.05641061238991 3.07618425518363 1.43977845801206 2.99562629613323 3.06090253478489 3.05501986587306 3.06151534793178 3.05050735368068 3.06375300423618 3.05633241706268 1.90211795904481 1.61621747960927 1.7491059069664 3.06377791724631 3.06506970412265 3.06488458457379 3.05100486984347 1.14265459843003 1.39041664964663 1.52203516438182 1.53330585762549 1.11440923505931 1.34618141482031 2.25203400582353 1.26486798563592 1.17124891915386 1.2168669325417 2.35594546224961 1.37347551699127 1.12234108289051 1.11672830319165 1.10877607263745 1.08499686365237 1.56238592642323 1.44947676830701 3.06677445492186 1.24345225753303 1.26770699825532 1.32121169654384 1.34100811775349 1.69038133453699
-9999 -9999 -9999 -9999 -9999 3.06773086235717 3.07399806540949 3.07225682870158 3.02628271153298 1.51869853847148 1.73628242563958 2.67646045618826 3.05993121618779 3.0622318494517 3.05735492617792 2.11226836781007 3.0612934954279 3.06083689811277 3.06269521351175 3.06498352310361 3.06520864839734 3.04718481922805 1.16738267624328 1.23238256648227 1.23823000736685 2.3759829188145 1.15368505763526 1.32261245597424 1.69479427627958 1.99081491824906 2.17401554539386 1.59794204532916 1.29767787744935 1.92891748664417 1.122852903864 1.17870961380043 2.36523651670156 1.24470462985191 1.89321504244134 3.0620187305216 3.05601928996004 3.07074703595198 1.61802314908126 1.24965882545959 1.416921086861 1.90536421537424
-9999 -9999 -9999 -9999 -9999 3.06968103091299 3.07449565782111 3.06575316492558 1.36765683875126 1.06646975779923 1.31906572336249 2.34661771937911 3.06366117111085 3.06350947886776 3.06399791928434 3.07113684455775 3.06658552927937 3.06487181074218 3.06495849641979 3.06480879123599 3.06470600817051 3.0531225669833 1.45342978888304 1.23627492121704 1.33141277192159 3.09356721054599 1.37713035417944 1.38282382664819 1.49026668477126 3.17333945855212 2.77130945100621 1.91802709765036 1.56715430123048 1.14884905579729 1.15113910410291 1.7619163696704 3.06257568279062 3.06900321422773 1.37047209975612 1.30341665492258 1.51435513326402 2.08009990331961 1.73679696865146 1.41927567091296 1.74927697472992 1.75747574991472
