IBR/IBR_outputs/all.combrep_1/FireFreq_2000_2008_Total.PersistForestCover_Total.VRM_Total/FireFreq_2000_2008_Total.PersistForestCover_Total.VRM_Total.asc
NCOLS 160 
NROWS 95 
XLLCORNER 210004.651214014 
YLLCORNER 7350008.22228844 
CELLSIZE 4999.99999999997 
NODATA_value -9999 
[rows 63 to 83 of 95, columns 92 to 137 of 160]
2.23504152764627 1.80270352750329 2.85631174887869 2.79559513445241 3.90816984290477 3.99778997583786 2.934735249642 2.09089375710232 2.12983469724063 1.16402444393483 1.09062719226316 1.71930227792808 3.0468620385162 3.05672743710549 3.0567849519628 3.02730193565031 2.08007514144805 1.26481660501013 3.06337343189547 3.06445516011892 3.0633540360224 3.06336371948611 3.05270380303274 3.06183244887246 3.06498183141588 3.06530521216532 1.30455500068384 1.34165053802732 1.42611140152516 1.24215835445181 1.08158585694389 3.07909150044089 3.08319030831884 3.06873437740394 3.07279241668487 1.2359886850131 1.36957403193182 3.08754733351442 2.14323655524127 1.63219924385607 1.26366860846461 1.16542899385096 3.1129444348166 1.95434643140308 1.28289601081275 1.36982869971499
2.8755792879985 1.54973770283625 1.10902296695235 1.36961116569859 1.49299844534911 2.84216258629156 3.99892787051511 3.90158163053085 4.21505160970584 2.73428269611283 1.41725291804987 1.12984076085874 1.75185197776276 2.67757127951386 1.60232862698072 2.08376279095811 1.86583803007081 2.6039732590897 2.08490436954879 1.51618889041698 1.13744129780202 1.20448496442865 1.110617318596 2.36137457983795 3.03871918526234 3.05456775181543 2.67202902920581 1.18417449266777 1.13060623846665 1.14552679517629 1.13670038168596 2.41059101810832 3.08503088834274 3.07272542785163 3.07235679929795 1.91998959442643 2.10947424517998 3.05789770995675 2.35670434147419 1.20305912414425 1.24080012203662 1.45243419163786 1.33650801491177 2.49977968483812 1.31151843177053 1.70192691369683
2.48822359457083 1.12231284177424 1.1194404284874 1.17788261930114 1.09861489019788 1.14252925272614 1.73524084565025 2.83075654196129 2.83093203663236 3.80948395416847 3.80819393595493 2.08363389507038 1.24931725237628 2.67687212177166 2.67451290951299 1.21665678854138 1.06691503084982 1.69844834113284 2.99560893919315 3.05317399726353 1.13786778117443 1.09065709323505 1.0913122221856 1.26878119610536 2.10335561676749 3.05348077727617 3.03062581507623 3.0541791784695 2.65191876708656 1.16836086795428 1.23527876187717 1.23220723367253 1.98717590555624 3.0746553167043 2.37506672776208 1.26795520456073 1.24410544508117 1.26750264472244 1.1023564490155 2.10290615361228 1.28695925668573 2.19773799251371 3.18276938735583 2.23188396356421 1.30533397600699 1.18660395044442
1.55032231362198 1.10573878479513 1.12686952897485 1.10798702739209 1.12150426215931 1.11500337210273 1.21049682929784 1.47771906978598 1.38514671253976 1.8321744741352 2.60021730371985 3.56422028488142 2.91463951825753 1.25871459977571 1.18210911542361 1.14280934133336 1.07666990083785 1.25003356845589 2.94501983910948 2.98507942593979 1.91411914429046 1.1022479455946 1.053596796462 1.09851213894534 1.09432006872509 2.31831300991476 3.0434562974311 3.06443564924845 3.06542308581886 3.0653955676578 1.91816402661531 1.20756929523232 1.20338643941407 1.42974160576398 1.19599425201811 1.44177755291996 1.75283882872221 1.11356377190294 1.09465820323753 1.14320481332639 1.24115146009006 1.3583776869629 3.17744178760433 1.81213218305192 1.17951118597673 1.31409418977891
1.87067012546567 1.33709417475986 1.44347722515746 1.19167214184437 1.1286755489805 1.15949047361518 1.19014728876199 1.48272706318493 1.46007734986765 1.76814491688147 1.83944660569499 2.34128755318967 3.29731266882188 2.08609699471424 1.17131017447674 1.09897549172908 1.09031957346924 1.07862662713882 2.9546033566826 2.8751631378478 2.96754080988818 2.61266567179118 2.60845435099131 3.04072590998562 3.00329171087436 1.42992260189364 1.69657156253242 3.05426580921402 3.06493922780563 3.06457360653189 3.06513295429369 3.06645928053998 1.35301244019773 1.09342779032653 1.11005312147377 2.36606521306574 3.06517324927948 3.04680253707977 1.4445522944349 1.13442929896881 1.11011128606488 1.21018123615161 1.38345269976011 2.74794807020515 2.72488064762442 1.99690317926644
1.11025026513962 1.49395462067541 1.12661325370542 1.13273696946598 1.15631685281257 1.19151229072537 1.31447285930045 1.33741066123872 1.52583088423159 1.65865374453305 1.67619523151941 1.77294676126093 2.48871277575929 1.71348935052375 2.30421825688338 1.56476981834443 1.09372528556347 1.10267149960464 1.72729697662968 2.2502560680166 1.30997506688617 1.14425319034169 2.89025896975808 2.93795892009365 2.57222105476208 1.24730971142682 1.39735872364 1.41708832157629 1.12508761140997 2.10359826026799 3.04923113578839 2.98689233645319 1.91126230301754 1.16618233271347 1.10185488436485 1.11520449630213 1.10619618516426 1.18273258813298 1.13082985395383 1.1219304654957 1.37281919453882 1.15939192510927 1.17821112957394 3.11034679043582 3.16597112296548 3.17261543470361
1.6185045520067 1.37142829470929 1.10459615696558 1.5236581700163 1.61455264610655 2.13038758057269 1.74327121246836 2.12588792284956 2.28828393935797 1.65417963449921 1.73719550280246 1.45501356456023 1.40758294527213 1.32305609841103 1.49975003047606 2.6698370940816 1.55146145765928 1.11184809709772 1.2063230495211 2.66278137269869 1.04312790841581 2.3420167773042 1.42863367415278 2.06583136764371 2.98530588333114 3.00853499110967 2.32018923143804 1.34182140391511 1.09916762784846 1.38797143071569 3.03298359160899 1.61771315376593 1.06889337908363 1.11409720981236 1.31551675975652 1.09551371420668 1.09096832709759 1.10061022469722 1.17559658736367 1.91824478606654 1.13550896487194 1.13098326380183 1.95029926220241 3.10301599763699 1.84361936593697 2.3935267760264
1.99178967739984 2.15474671872053 1.8982744705317 3.40281071821792 1.75917104106345 2.71791354365629 3.34993316589593 3.78071306816087 3.17791232163705 2.16079568787573 2.38590649047746 1.97917678814584 1.34575935816537 1.8568918495137 1.62635552523261 2.02045475270834 1.94506783856879 1.24494624582822 1.09532741286581 1.1136851567804 2.08716815911251 2.82759311648845 1.84545718809467 2.30242197714084 2.31320984330481 1.09817884953541 1.12114395555062 1.74276995789293 1.09877222028155 1.11586715731472 1.82634329345428 3.06478324321199 1.56007276049154 1 1.12989338392126 1.10622963792838 1.09449544567989 1.23237728112481 1.12245449370874 1.28408337416213 1.20249012555754 1.80967695440531 3.09687740383214 3.09268158567781 2.68947618341986 2.37376784279659
1.16411014066059 1.32712750217998 1.3985105396385 2.65479267531776 3.2178301568464 3.34081557669423 2.20896678032958 2.72172964301171 1.5968010555753 2.12116805614683 2.23185403614198 2.4026572257477 2.41058743134886 2.6308656994663 1.92344768664962 2.69329377903825 2.59718607357534 1.71818186058545 1.13741698319342 1.08029905240663 2.95135320949312 3.00204187813573 1.07113658614783 1.10103381095088 2.3513955460815 1.11111304938452 1.09068353141125 1.08810305055941 1.09308091377777 1.08490231282081 1.44890084132093 2.09103882752225 1.17245284197389 1.04508138752449 2.63011766627476 1.43058788985131 1.11033310748632 1.12560439625696 1.15712453924642 1.80068658313269 1.74672880577189 1.32121291844368 2.3935508208445 3.07511941715728 3.06304526202013 1.89637928935754
2.32976685568501 1.53829942110351 1.48210034972663 1.30280488089737 1.5921821364397 2.14236440288281 1.60601284680685 1.81493917211561 1.21311694864141 1.88935037465512 1.952091678598 1.57331341091074 2.7422413160176 1.39244467160472 1.7327120296497 2.64003832042444 2.40179167850964 2.71670411081957 1.28783937075722 1.12345366970156 1.86159188597855 1.34875707637741 1.08645217584916 1.08313599583911 1.26112406287629 1.08950248613708 1.09641688670224 1.09819553371634 1.1348183950549 1.1062241366791 1.43011836053961 2.08641606518988 2.67729750463016 2.36091228721547 3.03322850774236 1.16449681980323 1.10615287774277 1.12128256270612 1.58962938605442 3.06084515933401 1.18687463209354 1.352429363076 1.26368092761925 3.07810703809468 3.06574448050922 1.38058160673659
2.12214230473416 1.76816779353579 1.11152268304454 1.44499787992691 1.74910302513425 2.44954685998194 1.45671249187824 2.10699854643784 2.1788188373423 1.26906843593051 1.60587205165861 1.60274025833931 1.44204767971913 1.86734316966308 2.1770190874593 1.86721800186385 2.17194744630725 3.41729989923971 3.22070181347205 2.21756618095514 1.13134165238306 1.1116403848876 1.08096476594476 1.21717245989608 1.19069659740395 1.08951472940579 1.09245788234843 1.1993363990141 3.065469604336 1.20480813024446 1.50582537932763 2.67525369634752 3.05067987600197 1.48206338492233 3.04084932337471 2.07453089114908 1.15485762977278 1.27689668214575 3.01214141434848 3.06021429747878 1.52777065041973 2.79549544708087 1.27566114511321 1.32140434522069 1.27549948521808 1.14718028977746
1.38799954454882 1.47120425461818 1.31207795004929 1.53699397439362 3.11516900539407 1.96409611532249 1.35086617023635 2.36172048039478 2.73017050558519 2.31664043867165 2.07426460010472 2.49513634961103 2.33616497150404 2.36257046699169 1.33681326211116 1.63276662251489 2.05526329980083 2.4278844697336 3.23123662909997 3.41922637375563 2.40344529191557 1.5745600781954 1.10672388892619 1.10074349138853 1.09658266488906 1.08454683145685 1.08441901480992 1.1028203111487 1.16424516686966 1.43402204080686 1.43384491109838 3.05469314700435 1.8825020948551 1.07761564850448 1.30191176273517 2.05685279323356 2.56962013321271 3.00000301632863 2.96071146947209 3.03345129121611 1.87459703722016 3.05885083868047 2.36887338873033 3.06447830196157 1.3837045110763 1.16931769547521
1.88240890367658 2.20606965405467 1.98060163533508 2.089000014812 1.43337106324903 1.23451016618659 1.35258347006358 1.28343218897551 1.36800860528005 1.63716697423346 2.27754697187121 2.17885847110431 1.29747389191745 1.27205700134283 1.32244509924147 1.22691733830297 1.35554288089368 1.68136308761065 2.94203603751035 2.58583777687056 1.80166380732169 1.62413182486371 1.23639692417962 1.10077475780804 1.10697809663217 1.08985588933409 1.08870336023058 1.1145880939083 1.13788274183824 1.09920527080457 1.26116761927829 1.0942667527711 1.10986279135341 1.12743806302226 2.11595373090335 1.75363541723268 1.17288599971007 2.99054571123171 3.02246254206486 3.04059238796407 3.06404255079527 3.05234111131865 3.0711916662588 3.06625653929826 3.07401040621123 2.70361009327143
2.63603613613231 1.4616576861241 1.45659363720955 2.06530445546493 1.74614293115284 1.39451490581563 1.43842752612184 1.30727755710531 1.25764157803364 1.28500044488392 1.30116901111877 1.23779147732297 1.14960430661513 1.16428836785629 1.20746800394958 1.50274404213454 1.22215009620104 1.16199637039894 1.25650468100557 1.33518242213907 1.84049448387073 2.10143562543218 1.66199632164528 1.35510364168494 1.13005649066263 1.08993048883012 1.08999524292542 1.09811958002326 1.09354399759862 1.100268527249 1.09838115838101 1.10739423687894 1.51842645844222 1.4343905846625 3.06571642503743 1.91484066665049 1.10736353920217 2.26464816724723 2.34039137966271 3.06061271277847 2.36030719786276 1.36625894890363 3.06448557155824 3.06272087986132 3.06634831813243 2.69318966089438
1.2546642982534 1.18119711650082 1.30891861346655 1.63938529813061 1.51055070671529 1.27456767794144 1.13845458624295 1.26017610180461 1.30390000827715 1.20986425470203 1.15747528549841 1.11504862562844 1.13742683103836 1.33684977487924 1.74176247082497 1.73507313686583 1.15829568007336 1.1965413253668 1.14730151490911 1.22503323793141 1.58188452107439 2.24629600409756 1.84229606245243 1.66354255467274 1.30161224514575 1.08779078767197 1.08945582245787 1.10359514843841 1.09044287235384 1.10030263329021 1.16717172370883 1.09672193005485 1.09060840770255 1.1496410952407 1.09147253937801 1.10408333532453 1.10245023064404 1.15676545466255 1.24663016889233 1.75866583254308 3.06492525069543 3.05946933388903 3.06495011033994 2.675312656493 2.3668024785957 3.07121695642759
3.87385517226115 3.20018519398194 2.70395480040989 2.53797922985442 2.45585963761762 3.26581447885826 2.521716457169 1.96601091641368 1.24958909201315 1.20596471939298 1.13786039706842 1.12392126310163 1.11270330454697 1.18895176322154 1.16852732877337 1.15980256224638 1.2452215224585 1.77640886399911 1.61239274624226 1.60578132682416 1.8331168673159 1.94344349902655 1.8022240410574 1.31821008488666 1.33578703281758 1.16131125632765 1.12853963252173 1.10121856381447 1.10055187298277 1.09919587844372 1.13801721652669 1.08799430571193 1.09027115935695 1.14992344369436 1.08851291271555 1.14009604490599 1.09846388836949 1.09764722521183 1.29332302536337 1.54772666766715 1.31575583384054 3.06303315583694 3.06423280639518 2.37000607286124 1.30725346099776 1.16759432531131
3.70363303310258 2.15972108280171 2.8736000977805 1.63093802448641 2.45780526218039 1.29229743566517 1.06199673810819 1.52309480710292 1.24548642363477 1.13887826283676 2.60900896806474 1.94784876226661 2.09502600874435 3.10359889227953 3.03907617130181 1.39812477897162 1.29305880877007 1.97357332995056 2.07444888379471 1.93402943036253 1.60928422885897 1.77625758991703 1.94115012389387 1.72645947380021 1.14475501995165 1.1323608813711 1.1747933192784 1.11160338356837 1.15959254909503 1.11671722132199 1.09658817148755 1.08984780833781 1.09080818261136 1.1487744076194 1.08918009676427 1.11486354861841 1.09017176657302 1.08877368080939 1.18827691177575 1.21258028511864 1.27991905159378 2.11933693038913 2.11286418481362 3.05095977345216 1.92006533045987 1.21606653090837
2.29750711017489 1.25751193650036 1.20424313608982 1.24569562707124 1.20044527295152 1.16332223357299 1.13626430749981 1.24410166924607 1.11293236612053 1.08666603363768 1.14776375165202 1.13025252174448 1.1449342173181 1.18707048038874 1.21105721517032 1.27764019978785 1.40775241028747 2.32406574347855 2.74750503846568 1.77759389304587 1.81549735705984 1.78677170415073 2.3161070986033 1.73548073048859 1.31910267737891 1.61943999518982 1.67988083996513 1.44194622688839 1.14283273496183 1.10636747976251 1.11188744461623 1.09256069020542 1.09540063658941 1.09447120643328 1.09088740861005 1.09658190544174 1.08797436229212 1.08409820085572 1.28796505204593 1.47531304545612 1.9139765979629 1.92315657236207 2.11942884871314 3.06050581241655 1.1604934506633 1.37580778086607
1.8968334222173 1.55732831597275 2.29466143635344 2.00925083452912 1.36078638477888 1.29510536995852 1.18075617386214 1.63333407094254 1.25659366042168 1.18578917260265 1.13173849324058 1.12553917691238 1.19518332966867 1.16245049031708 1.11711443142142 1.12229523739421 1.22319391082623 1.3791246578764 1.71710939927663 1.78582866058691 1.73872788045744 1.2840548594697 1.5022583126216 1.84472216272085 1.24173898161329 1.60575534760199 1.62317310733964 1.88513496785069 1.735235246022 1.19794232226959 1.22002768218648 1.10666489112849 1.09592489674921 1.09831374637725 1.09828417295176 1.10650070270296 1.08533360932042 1.08567992316423 1.14107161466794 1.24846697939372 2.40835180111506 1.75056824879621 3.06872703111247 3.06934277342015 1.80391237728338 1.23794180371405
1.74783330030299 1.51780216111511 2.87657347122076 2.03527823220453 1.37706899460768 1.8409786718625 1.4172053804158 1.21164216270048 2.32984900821281 1.43970774105552 1.16134003569201 1.10801981437383 1.11604858921333 1.17300756008258 1.17527791687218 1.10620331989089 1.15787176336621 1.19523577192072 1.30713866503505 1.92828489907071 3.15845703066606 3.37008872720624 1.32281033934294 1.22271837881196 1.28608073962163 1.07857481697293 1.0948466924783 1.14715514212627 1.16298725700072 1.8623222916503 1.55569747546636 1.20976661905436 1.35361365469739 1.17168838855766 1.0986938571747 1.09251294144308 1.09535978808909 1.34637304918958 1.79867255754982 1.78005100680259 1.23207855487037 2.69817298514773 3.08699915284128 3.07148590302626 3.0728643879832 1.14025584446961
2.48324489917643 1.42524002861406 1.25332525394089 1.98365751660927 1.40134037632389 1.75930228291047 1.25818165229073 1.6875352841577 1.22915786268495 1.15952245960842 1.1670468186962 1.1483577127203 1.13104734271112 1.16297928847732 1.19768950089171 1.67027854228603 1.24856273639512 1.43063463491158 1.36770304480171 1.46752581198062 1.17130327003225 1.11935605199407 1.06255399640242 1.20772564551715 2.36474056661261 1.07999314320617 1.0913047623575 1.15968858657899 1.11177490218762 1.19816558606813 1.177052074349 1.26426518765604 1.61517602274415 1.09955191253295 1.10768682795816 1.08219532152207 1.08652521604892 1.07739125536536 1.13704563404702 1.13119712520512 1.13451686470043 1.34337006682072 2.13050940932276 2.68158255421448 1.75880044286889 1.18217106170188
