0,30.7492238050291,31.1619792364418,30.9689905849263,39.9704556902767,39.3071359561705,42.981640444666,38.1070806191182,59.6403596103451,58.6780428880141,84.9088333079819,58.0370452492288,58.5529746205618,58.854081898849,68.8858962096118,61.9274348002387,50.2299877848085,54.4624144241633,52.0804122645117,51.2280584698435,43.2925010412943,43.7620043124059,43.1249703558267,71.2857558847388,87.9457291595078,109.597215045873,76.2358724533546,75.8445256786446,52.7544882649905,57.7590000551341,58.6098614582822,63.8943994823197,72.0206582593938,44.7082234775526,59.307874577713,60.7491910238677,54.8011552412285,83.8452209313803,78.7760457660596,76.6454712043783,82.5099401697043,85.251515477329,87.6782495031624,87.2745847505685,81.1053133975746,82.2655659605815,80.8576380871297,82.095663614928,80.4912792403255,79.8780694960329,81.3169077658163,50.5360872234303,52.9890966976581,49.728616059791,47.8575711340775,49.5478321568791,48.0466000483624,48.8385764619171,39.2624826692266,41.4095343254806,41.0141391111502,40.0625076475864,39.311669078506,80.6652606078714,51.7318697622859,52.6652504995108,95.9169994273109,98.3326880570307,89.3261550657926,85.1189160082444,80.6402187702252,85.7574202459643,79.5824668185046,82.028912180672,81.4707261848624,53.7803920692206,52.8739919219726,80.0035882195704,45.723495376071,48.1910029021805,57.6061818580799
30.7492238050291,0,34.3353268757806,29.2515643921652,34.6608912492515,40.5423395092301,43.6732112461784,36.5879603448443,59.9853508322155,59.0261101881357,86.1299955151342,58.4150910237739,58.9228558373565,59.2176715892238,70.2525702272174,63.2331592005038,51.0324324177272,55.2894844510818,52.8795813870513,52.0633123588927,44.8859040147521,45.3968537939947,44.7744286395391,72.2439402213774,89.2712089378211,110.907422743212,77.027592790181,76.6876561225771,54.2131206891647,58.0763153716961,58.9165137503463,64.237790008327,73.3354080198586,46.3692897853907,60.5932359922031,62.0339731439363,55.1984100676585,85.0929997106973,80.0270609518421,77.8931449160532,83.7422517392171,86.4831278951723,88.9068766275635,88.5026726995502,82.3368555921911,83.5022978629321,82.0909094853033,83.3302972796042,81.7250366959273,81.1115271759973,82.5557123254067,51.6341853297772,54.1145152419004,50.8776837523117,48.8513150589104,50.8857442779366,49.3788967156317,50.1328032068274,40.8654628004665,43.1652808594441,42.8695059535385,41.9574932066016,41.3447117810044,81.3763807427773,52.0550333179895,53.330629955486,97.1810657731745,99.6000466352279,90.5918722371354,86.3833253411836,81.8592186860495,86.9765114717564,80.8102532782724,83.2572150065809,82.6808321686176,54.7503378150148,53.8560330442577,81.2001366501914,46.9406022634882,50.2363301096675,57.9004849419781
31.1619792364418,34.3353268757806,0,38.3260357042217,43.8104958434239,31.9818815112536,39.4705325556894,32.8446835971417,61.3106304529672,60.3327788273141,86.1041538748802,59.8271110293329,60.3340746929918,60.588767982373,70.1352737401578,63.1030464199896,52.5620976946407,56.7773527240434,54.3975760536818,53.5544573782656,45.5410039190691,45.8433201034333,45.2780443815051,72.2172757614966,89.2670333045318,110.896131013462,77.1532011385935,76.7516368217739,54.2086536678234,58.9707190279379,59.8059896466142,65.2745468641041,73.3101697125159,46.5922853550058,60.4457537591455,61.8711065685343,56.6462202567305,85.0626057835072,79.9970929834704,77.8639761765491,83.710251383313,86.4519015519396,88.87496643658,88.4715801389215,82.3092713351931,83.4744693777386,82.0637155550084,83.3024606576291,81.6980171673582,81.0839403417143,82.5279169847101,52.8790552357156,55.3509841362465,52.0499746014439,50.233561730746,51.743609874671,50.2827356012472,51.1168028538683,38.9129489271068,43.7305410652801,43.3039637090606,42.495887980765,41.6998377140414,82.8967107752626,51.4307524313312,53.4476483029807,97.156343778871,99.5758670951226,90.5672821877791,86.3584186426192,81.8313112798534,86.9482085371841,80.7827092262343,83.2294201247992,82.6532163365979,54.479697618757,53.6170964827659,81.0727289137475,46.106727358919,49.7633263859045,59.2600455838018
30.9689905849263,29.2515643921652,38.3260357042217,0,29.5098827455367,42.1054802641127,43.984450543012,39.15685600368,56.5216812707048,55.5798289584021,83.1474145633684,54.8096019164986,55.3284983891178,55.6774916408032,67.2122462387365,60.2636751847766,46.8054378418075,51.0870893143427,48.6708808759193,47.8476787135802,40.88894935635,41.576242008945,40.887681180982,69.5238909860169,86.164603031236,107.822680314698,74.3363993063418,74.0010489293573,50.9784128369479,55.1407972425877,56.0010853888386,61.1055877029343,70.2593421937808,42.7463338078502,57.6595288772123,59.1149388539142,51.5278537170515,82.0881901356799,77.0186385247269,74.8872989179507,80.7543041350204,83.4951565532427,85.922505854988,85.5180790620621,79.3455719968128,80.5060818243286,79.0975439255378,80.3361748190529,78.7310257071613,78.1183416476561,79.5574048070057,47.43125592625,49.8941003812659,46.7064686580259,44.5954557901265,46.8795549463505,45.3297951095843,46.0322247518309,39.0515806122367,39.1469216544426,38.9145066281483,37.8791087518514,37.3604163246124,77.2638797699043,50.5975665478559,50.7864316051172,94.1547731169269,96.5699736760108,87.5638150278625,83.3568644116417,78.8807022247087,83.9982709024325,77.8226660421034,80.2693473503278,79.7108842489073,52.239036944463,51.3043754437559,78.3351715800735,44.6607541740618,46.9772994088772,54.4638961306082
39.9704556902767,34.6608912492515,43.8104958434239,29.5098827455367,0,46.4530826305085,47.915990807079,42.5188089442162,59.5926085289464,58.6557840356276,87.0483407117406,57.9001622647631,58.4115468699311,58.7596489687491,71.2314638962293,64.233680141241,50.2902282161865,54.5967878039279,52.1524549229112,51.3655996271091,45.1342940692879,45.841023083589,45.1715935372476,73.2123350113511,90.1518605074989,111.797275526815,77.8858631474526,77.5946922261835,55.0741612140594,58.246590031697,59.1000606399643,64.2103762415125,74.2375419292705,47.0189518177434,61.6131194204577,63.068042093789,54.6321100449138,86.0111279977579,80.9442489580588,78.8101488196131,84.6644769850348,87.4047483818365,89.8296374610338,89.4247609880536,83.2550880074452,84.4198875207895,83.0084873843473,84.2482465546926,82.6423702655751,82.0294406085661,83.4729233781625,51.2107757474186,53.702799533774,50.5345119342868,48.2739747524359,50.8821254923871,49.3302356093237,49.9994267286678,43.2428990642113,43.542458245314,43.3867443269851,42.4081423170811,41.9875520734162,80.6589248041318,54.0084820804566,54.2469886262506,98.0911762089912,100.509099527618,91.5015829372952,87.2935504398535,82.779859260817,87.8975064723724,81.7290784427602,84.1761877807619,83.6026960062334,55.9534140375805,55.025316702355,82.2170608899956,48.5801986837878,51.5082343674262,57.485528770982
39.3071359561705,40.5423395092301,31.9818815112536,42.1054802641127,46.4530826305085,0,31.456938730863,30.0585980436356,61.4075899278169,60.4150140195032,85.7367298733947,60.0307820449632,60.5303742954954,60.7429890199192,69.8255623827476,62.7188156736375,53.2351468767729,57.4359504200953,55.0579959633335,54.2227568260838,46.1652295354552,46.3266972041067,45.8258317775533,71.5855678016562,89.0234112981288,110.63059864466,76.5096829575896,76.096458988715,54.0994872453521,58.6438970280096,59.4657417490421,65.1027073494047,73.0358375250278,46.9035897868492,60.0238688613094,61.4336300554168,56.8985335381629,84.7170274592078,79.6551249354164,77.5194827384621,83.3478261406117,86.0895402593697,88.5089870780913,88.1058659754035,81.9503916612162,83.1204751500676,81.7069229832155,82.9463871719358,81.3418740875427,80.726949106047,82.1760009321424,53.5629119521573,56.0510004488326,52.7161633469054,50.9441569571564,52.3052858793006,50.8794998545178,51.7488211639828,36.9195650468332,44.4338852020082,43.9953824849661,43.310144972304,42.5008656698185,83.484042885354,49.4335483240365,52.6683418857069,96.8323331359004,99.2556293962212,90.2450283543555,86.0345683687696,81.4597300494626,86.5763304870452,80.4201607844914,82.8671368169137,82.2731326409422,53.6038356981001,52.7879621015484,80.5806040737412,44.8934608476877,49.8791671276065,59.3483619125938
42.981640444666,43.6732112461784,39.4705325556894,43.984450543012,47.915990807079,31.456938730863,0,32.1711382006007,60.7007864945853,59.6945156876545,84.5680568383124,59.4158618188524,59.9098115645842,60.0853433479766,68.7150414057995,61.5361314347259,53.006433514238,57.1946759251307,54.8189213254742,53.9893049379076,45.8908007927981,45.9369722268323,45.4908136749167,70.1626039793841,87.9711605186622,109.557802134089,75.0797802680114,74.6528950001159,53.1770710172105,57.5557337997539,58.3667925176768,64.1527529399572,71.9550921032544,46.3697653775935,58.805073749096,60.2001850958171,56.3251109248065,83.5689782548796,78.5104807315793,76.3724484043998,82.1838742708953,84.9256469173714,87.3416769431567,86.9388050351959,80.7897770847593,81.9644699001173,80.548276096232,81.7884205471208,80.1838392115858,79.568115960231,81.0219557578505,53.3365646256532,55.8373693005871,52.4743360428034,50.7417782940195,51.9735906953008,50.577528085728,51.4766344936178,34.2306183912275,44.2314747094262,43.7904617881102,43.2032930958423,42.3955496013651,83.1863154999442,46.5016913618929,51.1052269401545,95.7045747192764,98.1314226345452,89.1189252908229,84.9069635454781,80.287128565283,85.4034480828262,79.2560848915551,81.7033113280405,81.0925022585151,51.9284903345952,51.1616850057577,79.2930059693131,42.8695393023493,49.2490338696393,58.6409595063034
38.1070806191182,36.5879603448443,32.8446835971417,39.15685600368,42.5188089442162,30.0585980436356,32.1711382006007,0,58.8693339475187,57.8806714153089,84.2183254933124,57.522333046627,58.0139704410189,58.2218570045649,68.4627099759701,61.3079634965316,51.1023923878335,55.3262160187411,52.9229003798344,52.1198832462156,44.745453290245,44.991928732948,44.4809306723285,69.8339171502268,87.5888665437005,109.185021982482,74.5603180508941,74.2117144796557,52.7777499740482,56.0878189218299,56.8963707277584,62.5749271314917,71.598575601307,45.6532741285253,58.6012321501398,60.015684002196,54.4072748976604,83.2232256712976,78.1640024026846,76.0251985658052,81.8410809335177,84.5819399330024,86.9990072788304,86.5951564279949,80.4415702012648,81.6162458823473,80.1994815187036,81.4403352871793,79.8347999272299,79.219794726209,80.6735640329083,51.6986731558485,54.2077986147821,50.9016932650952,48.9808351693058,50.6870202427686,49.2461042614381,50.0720904650772,36.7664813199649,43.1207248751929,42.7705908434388,42.0662032259161,41.3769769342857,81.2719036806152,46.8424674425406,50.5832153769587,95.3508901241506,97.7768772355373,88.7649791754439,84.5534824498521,79.9400997654493,85.0569052933825,78.9080593727901,81.3555643849321,80.745670588054,51.9324602004867,51.1190728491626,79.0737540306967,43.6767827407623,49.105081520591,56.7558683856521
59.6403596103451,59.9853508322155,61.3106304529672,56.5216812707048,59.5926085289464,61.4075899278169,60.7007864945853,58.8693339475187,0,21.1246110517723,90.7045567803335,37.1289796294045,36.7025122884538,32.8792355977037,76.3125096504416,68.8325061982306,50.5307805555975,54.7555332059554,52.0590848109522,51.837386863268,52.5580738904059,53.196853764486,52.7062213336414,74.707985796142,94.7986686506829,116.303688349499,77.537318820176,77.9280806339125,60.8656875868063,49.8312973091699,51.1999087912029,50.1930477078992,78.7989985051412,54.2935318006405,66.0743934704983,67.5500593634585,37.0829708924637,89.9356679675787,84.8994582220689,82.7315177810124,88.4423224314849,91.1742212435682,93.571705030527,93.1598733756836,87.0163449199015,88.2322099473484,86.7858187361975,88.0401333755425,86.4241004394226,85.8093711631312,87.3053943966407,55.078780678983,58.014675546182,54.7992244879845,51.3004123358792,56.4942071425172,55.0128815183815,55.4974775205774,52.124021065081,51.8543101472377,52.0280957135846,51.4505161178229,51.3887544553852,77.7321079528225,60.779941348879,54.2814965800351,102.165372847865,104.614641680111,95.591694493426,91.3713578385387,86.4198870799154,91.5393332143597,85.4536717876667,87.9063390452887,87.1559195608595,59.0140993355012,57.9476805085148,85.9020744490574,54.5115215406677,60.2683751600718,38.6858810516548
58.6780428880141,59.0261101881357,60.3327788273141,55.5798289584021,58.6557840356276,60.4150140195032,59.6945156876545,57.8806714153089,21.1246110517723,0,89.6026142228039,36.4615419063151,36.37894953412,32.4728555853859,75.2514874001376,67.7553616985327,49.6911056085931,53.9104302492233,51.2193458713112,50.9914477140929,51.6110346732727,52.235208221197,51.7494148933859,73.5373703799239,93.7315279791822,115.231341412186,76.3170552612537,76.726477100873,59.8350667746672,48.5156933140708,49.91157433628,48.5700010447945,77.7274994436612,53.3146174495077,64.9918523798052,66.4672903278374,36.2658852305468,88.8424882314372,83.8073357809243,81.6383064894706,87.3441182615962,90.075780684057,92.472304870551,92.0602865643438,85.9178397548663,87.1354094358295,85.6878777084744,86.9426444218647,85.3263178705711,84.7114944726317,86.209274261919,54.190919974225,57.1231850343485,53.9031430969856,50.4289695470673,55.564858048492,54.0873157449093,54.5793273992683,51.0932165368663,50.9031014170087,51.0713178203296,50.4990267674189,50.430922574988,76.8994259707099,59.7241673096048,53.0913854784975,101.077588036535,103.527947529547,94.5044541146696,90.2836826551991,85.3172854941163,90.4367700789971,84.3539349608249,86.8067747862733,86.0504176039118,57.886991852808,56.8170505870073,84.7957079377677,53.4410178766234,59.2751889478186,38.4340689260898
84.9088333079819,86.1299955151342,86.1041538748802,83.1474145633684,87.0483407117406,85.7367298733947,84.5680568383124,84.2183254933124,90.7045567803335,89.6026142228039,0,89.6833757673562,90.1973217677154,90.2161987696533,78.3957315368584,68.3859585696318,83.4256254715774,87.4306893125884,85.1895269730211,84.2390093649445,73.9458868932399,72.7156111926465,73.0199312766848,84.828944392988,79.8950128051947,97.7283307897786,94.5379142542057,93.0992396923335,66.9669939481927,86.4401537366812,87.3939062888912,92.9700008313098,66.0379114908697,71.6714031799808,66.5520945456599,69.2663761229068,86.702900574421,56.4634464758201,51.8088859047104,46.746119543196,55.4056173108769,56.3817535608433,60.2668992268641,58.0036173739543,39.3035463009887,43.3441553752695,37.0570943042205,42.4565890144886,35.7432633580053,38.5861020079093,43.1717908430527,82.4734281988462,85.0183878058628,81.2337370508361,80.5422378449396,78.8318175380181,77.9568619319149,79.3887641169014,73.1326592734295,73.5194572816747,73.410993820493,73.6367807992443,73.2761511864846,113.603525114361,85.0295663978984,76.8025709137095,68.0080962979656,71.9215616691376,62.3592820163054,57.7162490995942,42.6033878361447,49.2660992349588,37.1459694472625,41.1129437082353,46.7050337417935,75.6795700684923,73.6288714768809,85.7673714961517,73.2160404762991,79.4098996284414,89.023332477551
58.0370452492288,58.4150910237739,59.8271110293329,54.8096019164986,57.9001622647631,60.0307820449632,59.4158618188524,57.522333046627,37.1289796294045,36.4615419063151,89.6833757673562,0,22.3090600480489,29.5459961524828,75.076901697094,67.6969462605674,47.1607738641795,51.3526831856954,48.6180523854685,48.4986726859521,50.5401508938444,51.2880086496554,50.7682879470224,74.1174090978861,93.5718206193112,115.108710318213,77.2168125282747,77.5141278345794,59.4248773563271,50.676240858768,51.9620284202705,52.0335687531671,77.6028464827078,52.5175032236429,64.9762613430814,66.4575476027334,26.1517905905507,88.8657459894133,83.8233321970873,81.6613906297361,87.4017951558753,90.1347926097926,92.5380264649423,92.126990163641,85.9760619984908,87.1822343087543,85.7421715763588,86.9941074957999,85.379487408968,84.7654856725319,86.2515077834492,52.3804980684481,55.3860295146655,52.1896857261511,48.4270486122369,54.233480326598,52.729621486557,53.146992494665,50.9025429717935,49.9084715491246,50.1379835428451,49.5359826447621,49.5352444541428,73.6835980042702,59.8822270578048,53.9698373660472,101.062784446952,103.505642060396,94.4859467589634,90.2681959631415,85.4032246006095,90.5225897045418,84.4204388415566,86.8722016438283,86.1558237703765,58.2967844843741,57.2332534980379,84.9421686575395,53.5039409863686,58.6760509326028,40.9725068892198
58.5529746205618,58.9228558373565,60.3340746929918,55.3284983891178,58.4115468699311,60.5303742954954,59.9098115645842,58.0139704410189,36.7025122884538,36.37894953412,90.1973217677154,22.3090600480489,0,28.5363507725352,75.6005179600021,68.2142018144923,47.9205992017206,52.1270698098382,49.3943044869239,49.259313988854,51.1209874840595,51.8601074428262,51.341913330836,74.6037052711945,94.0979553280747,115.632837634084,77.6900575386696,77.991016609418,59.9633484523853,51.0389566627288,52.3214362915432,52.4180448501184,78.1266250939281,53.07841281736,65.4907364205678,66.9712351580512,29.1952577575207,89.3822569023628,84.3402056593378,82.1779551149526,87.9165983001893,90.6495620672585,93.0524475607296,92.6413964565207,86.4910116624222,87.697717619549,86.2573235565663,87.5093694945421,85.8946996586836,85.2806368527881,86.7672110550416,53.0459110255966,56.040152616432,52.8445368837028,49.1129017724438,54.8474514391453,53.3446512973402,53.7688884287729,51.4032070092054,50.4787863035797,50.7022904382342,50.1004620756191,50.093422360642,74.5924404774379,60.3465914861676,54.4248536639139,101.581313304474,104.024547108116,95.0046565939885,90.7867508571727,85.9168383270648,91.0361929772152,84.9349952775687,87.3867995158452,86.6685176380031,58.777295283907,57.7154241147017,85.4488368843478,53.9957410182988,59.2141189733029,40.700999675483
58.854081898849,59.2176715892238,60.588767982373,55.6774916408032,58.7596489687491,60.7429890199192,60.0853433479766,58.2218570045649,32.8792355977037,32.4728555853859,90.2161987696533,29.5459961524828,28.5363507725352,0,75.713818706744,68.286170583539,48.7993600793504,53.0065666738059,50.2898568309309,50.1225838029881,51.5467598303728,52.2434144065594,51.7374408509412,74.4454816408539,94.2033254361923,115.724976213208,77.4149603156477,77.7577028634968,60.1589912069392,50.3847194844388,51.7108371596063,51.2852984857151,78.2198531204473,53.4105604619675,65.5478249992607,67.0266221621333,32.1547421691013,89.4221053453261,84.3826700215798,82.2178289065949,87.944038893965,90.6764941888882,93.0769739411637,92.6655404435565,86.5181105275534,87.7289519952757,86.2858324774469,87.538924364836,85.9236101818453,85.3092680954889,86.8001072455312,53.7049316419352,56.6779353553137,53.4726130356313,49.8333471496984,55.3531736018842,53.8599357771398,54.3087944245129,51.5399329228108,50.8817234515695,51.085301417849,50.4949043933172,50.4657863523951,75.6388574713881,60.3733663983502,54.1754990051961,101.634777443485,104.080712785689,95.0594584098454,90.8404677336982,85.9339124242264,91.0533239380565,84.9590937521918,87.4112963165347,86.6785356178846,58.6925215704539,57.626686486238,85.4474099595235,54.0394979742147,59.4843814888074,40.1746581244606
68.8858962096118,70.2525702272174,70.1352737401578,67.2122462387365,71.2314638962293,69.8255623827476,68.7150414057995,68.4627099759701,76.3125096504416,75.2514874001376,78.3957315368584,75.076901697094,75.6005179600021,75.713818706744,0,46.148429287138,67.6536932999125,71.6338442779061,69.4315648796032,68.4236011054669,57.0989255003542,55.6210262786899,56.0229128055228,75.0330483801121,80.3714468381113,101.903486880153,83.6704815395595,82.3754854842202,46.5195037342434,72.7380814232788,73.6570141308265,79.1914555642064,63.0594314103641,54.194188507259,47.4645057744701,49.8488780013877,71.9945209427901,76.4581996109593,71.3265671938135,69.3263541838984,75.4661793875153,78.2588016857108,80.7406924886618,80.3841093408977,74.2682571936404,75.2883957433712,73.9952965204682,75.1702327039788,73.6250940300639,72.9932831275356,74.2901658445946,66.2523830074375,68.7643426707026,64.9319158282347,64.4781154758634,62.1948619906089,61.354436845376,62.8644025206489,56.9983292648988,56.6859224617447,56.5365114279671,56.881797529366,56.4911523685901,98.036535936435,69.8097279629657,63.6111862254515,88.4569505453163,90.8268474804783,81.8340415423868,77.6385888242805,74.1118927985635,79.2130536793683,72.8412239916765,75.2643409363132,75.190210577033,61.6528688075067,59.836658905443,74.6532292052314,57.4035921009272,62.1963337078372,74.5637433168122
61.9274348002387,63.2331592005038,63.1030464199896,60.2636751847766,64.233680141241,62.7188156736375,61.5361314347259,61.3079634965316,68.8325061982306,67.7553616985327,68.3859585696318,67.6969462605674,68.2142018144923,68.286170583539,46.148429287138,0,60.8632819997121,64.8644283897594,62.6363137800323,61.6628952032392,50.891395661815,49.5734356930504,49.8909132545292,65.4793272719572,72.2465795955816,93.3869394675857,74.749471817129,73.3169811313405,43.1822318287787,64.9102705515272,65.8342143731155,71.445106555717,54.3680042001021,48.3483036929523,28.337351885104,32.9923272892386,64.6622934742308,66.5543811825149,61.4756459468176,59.4719163151208,65.3323227087079,68.1495066959024,70.5729856169129,70.2441608563171,64.303724185185,65.3698463121957,64.0645046141087,65.228845275478,63.7063180493225,63.0491383554889,64.3952428059441,59.7475297739001,62.2714937433462,58.4866282149319,57.8623145019337,56.021018099812,55.1271249525913,56.5683361385797,49.7931760677436,50.3804395671327,50.2128388271726,50.4792426319424,50.0625076968708,91.1421842120857,62.2750050239635,55.2794754054467,78.9569559960485,81.3834948473936,72.3572735422058,68.1355108977771,64.003513684956,69.0906473857506,62.8382873158857,65.2571611140731,65.0034401688821,53.0672325988097,51.0788175331282,62.2692529373846,49.7510810210528,55.7788452498874,67.0953215792169
50.2299877848085,51.0324324177272,52.5620976946407,46.8054378418075,50.2902282161865,53.2351468767729,53.006433514238,51.1023923878335,50.5307805555975,49.6911056085931,83.4256254715774,47.1607738641795,47.9205992017206,48.7993600793504,67.6536932999125,60.8632819997121,0,23.2224788316356,16.7579235116227,17.7059682056826,38.3720342489905,39.7820228547159,39.1471480964264,70.3814856451938,86.0990956748726,107.82764368852,74.9305562906708,74.7397623329392,50.7229069067678,53.5457415104398,54.5574935484885,57.9683215827743,70.3276981770573,41.8819959443113,58.3741040532728,59.9005272948402,42.9870471821616,82.3286689118353,77.2498116996787,75.1220383406158,81.0370292993777,83.7757301763625,86.2129991645484,85.80586416408,79.6088088931957,80.7588480004756,79.355014054331,80.5936906709795,78.9865600912015,78.3772909009375,79.8053554239656,33.073048873781,37.104001279684,33.8607407227967,27.005518438775,39.352872239765,37.7745647801289,37.6336499981966,44.3675601761085,38.5547069023939,39.2264889853532,38.6214268194504,39.0703206178902,55.8345613914734,55.3667020752934,51.8739485573678,94.3307820204838,96.7358870611032,87.735460859694,83.5330238292315,79.1735824384726,84.292827698684,78.0941362300463,80.5408632900567,80.0222434653172,54.0669584003773,52.9859495810186,79.1282783026282,47.8890118771782,49.670347836852,49.2638770871608
54.4624144241633,55.2894844510818,56.7773527240434,51.0870893143427,54.5967878039279,57.4359504200953,57.1946759251307,55.3262160187411,54.7555332059554,53.9104302492233,87.4306893125884,51.3526831856954,52.1270698098382,53.0065666738059,71.6338442779061,64.8644283897594,23.2224788316356,0,19.1398683978169,16.2139462567681,42.2424282202181,43.6419244941109,43.0283935965739,74.4770898756728,90.0578059720237,111.794297741802,79.0590347034315,78.8590567141725,54.6442085111158,57.7689667939744,58.782107871499,62.189705097731,74.2970454802668,45.7690229963384,62.385478925154,63.9156252480032,47.1505885704619,86.3246337432498,81.2444280936224,79.1177270200587,85.0393008674618,87.7780802700237,90.2166520002001,89.8095256300227,83.6102961243285,84.7583999586517,83.3557392749862,84.5940516968371,82.9870546111267,82.3780420665783,83.8041014261058,35.7672998782792,40.2738219611268,36.5955086565674,30.122674524689,42.6697558173357,41.1684277824115,41.0024399310875,48.499196594872,42.5303977163019,43.2255709479075,42.6575408153074,43.1213346675713,54.8474157426958,59.5487664704207,56.0291017280805,98.318974740402,100.722663090258,91.7229819998052,87.5211354757946,83.1799585957797,88.2992615932499,82.097057127249,84.5436467330017,84.0319500112806,58.180010594667,57.0940051038685,83.1637333676908,52.0005784678597,53.7101870751274,53.5335060084293
52.0804122645117,52.8795813870513,54.3975760536818,48.6708808759193,52.1524549229112,55.0579959633335,54.8189213254742,52.9229003798344,52.0590848109522,51.2193458713112,85.1895269730211,48.6180523854685,49.3943044869239,50.2898568309309,69.4315648796032,62.6363137800323,16.7579235116227,19.1398683978169,0,16.1247434026807,40.2137674926761,41.6050297732978,40.9796788376926,72.1250745225611,87.8718051988239,109.599138714593,76.6574765328984,76.4727181581009,52.5075063925912,55.206029091152,56.2220224058823,59.5834951037609,72.0998430509457,43.6947644489592,60.145778553349,61.6724061064727,44.3989831156833,84.0950204290087,79.0164395452838,76.8883551147456,82.8020547570318,85.5406768333903,87.9776989960343,87.5704980704847,81.373667637358,82.5241703651582,81.1200168294037,82.3588279389946,80.7516019661136,80.1423188261738,81.5708601397215,34.6819568605459,38.8623109826298,35.454753479429,28.8434569712906,41.0671383906586,39.5189992736174,39.3840743675332,46.1693819075247,40.4112084426906,41.0801477217121,40.4864400364801,40.9296383525243,54.9120043020914,57.1424893254257,53.6029809838682,96.098457641295,98.5038430532487,89.5032797876681,85.3007333651395,80.9373429797768,86.0566056856116,79.8586625952347,82.3054409281602,81.7852149836515,55.8228924878506,54.7410248259291,80.8924568390059,49.6689976758861,51.4956363299427,50.8420361639571
51.2280584698435,52.0633123588927,53.5544573782656,47.8476787135802,51.3655996271091,54.2227568260838,53.9893049379076,52.1198832462156,51.837386863268,50.9914477140929,84.2390093649445,48.4986726859521,49.259313988854,50.1225838029881,68.4236011054669,61.6628952032392,17.7059682056826,16.2139462567681,16.1247434026807,0,38.9442367444638,40.3622592949116,39.7426391348051,71.3223248649526,86.8488516463303,108.588007879908,75.9269200037093,75.719248804758,51.4164215086226,54.7204454721444,55.7296638711222,59.1853704739187,71.0905918721203,42.5056549205823,59.1871841457348,60.7178099760876,44.3362663075348,83.128841041537,78.0481126110049,75.9219186280809,81.8459870658548,84.5848595830572,87.0239163234006,86.6168574034469,80.4170054643078,81.5642920166933,80.1621653164074,81.4002767074777,79.7933993900488,79.1844477107045,80.6096638480043,32.4363367755226,36.8779330282706,33.3287498874478,26.4650552137129,39.406151700959,37.8821178583742,37.7002849002501,45.2934007761055,39.2380771154822,39.9410926659413,39.3686471955718,39.8414721737727,54.5991127724128,56.3785137298404,52.8999112631217,95.1204380073826,97.5235871660817,88.5241792481338,84.3225499863225,79.9886596779695,85.1079558242089,78.9043608499408,81.3508740774091,80.8420488299458,55.0162647075691,53.9301741884106,79.9773584303051,48.8126690356132,50.4631494250485,50.5741155271203
43.2925010412943,44.8859040147521,45.5410039190691,40.88894935635,45.1342940692879,46.1652295354552,45.8908007927981,44.745453290245,52.5580738904059,51.6110346732727,73.9458868932399,50.5401508938444,51.1209874840595,51.5467598303728,57.0989255003542,50.891395661815,38.3720342489905,42.2424282202181,40.2137674926761,38.9442367444638,0,20.037502051084,16.4550385072497,63.2512602128272,75.537946646216,97.4366834764473,69.0173863216463,68.4411916624802,38.8991748822083,51.7320929645186,52.6532460137074,57.420742317799,59.9368114632068,26.0718970467446,48.6330160736239,50.2097837775985,47.0834032034824,72.6018417119117,67.4903471721096,65.3928383137422,71.4646585933453,74.2081247335249,76.6761100343112,76.2720951727229,70.0323833443624,71.132527643555,69.7607161921526,70.9878272736641,69.3870627121723,68.7822178062269,70.1587547597766,34.905808948298,37.0439690099111,33.3269664552615,33.7664920688985,30.4028125811417,28.6604053742281,30.0380090410766,36.0241072046847,20.2845152003012,22.98410433971,23.849135279002,25.3575716498492,69.6562072259299,49.1817672552746,46.4699653484498,84.4291969384595,86.8006342981653,77.8174041163548,73.6286355372785,69.7199663193717,74.8393066431277,68.5541696447676,70.9965185297041,70.6542281566119,46.8663477076837,45.7093732736732,70.1221521323344,39.8045053497955,37.6064134036888,50.8010724300011
43.7620043124059,45.3968537939947,45.8433201034333,41.576242008945,45.841023083589,46.3266972041067,45.9369722268323,44.991928732948,53.196853764486,52.235208221197,72.7156111926465,51.2880086496554,51.8601074428262,52.2434144065594,55.6210262786899,49.5734356930504,39.7820228547159,43.6419244941109,41.6050297732978,40.3622592949116,20.037502051084,0,14.6497555534735,62.6029220908477,74.0423292279856,95.9833678697693,68.6066760932542,67.962198611055,37.0317894431688,51.9872436030764,52.9038863210721,57.7941571909252,58.4843436547792,21.482489238907,47.3814651991683,48.9772809280349,47.88353166006,71.3131921000027,66.1936736641059,64.1032757776958,70.2139285691049,72.9583068074524,75.4339592364852,75.0304398552041,68.7793010416194,69.8674594267236,68.5031978964864,69.7277055883795,68.1282368484093,67.5246294919898,68.8887764079896,36.473635515695,38.7536143418046,34.8393480788451,35.3611905957202,31.1864812244347,29.918834805957,31.6042959413492,35.6902572861532,22.5572031247463,23.6502356793011,25.2103386639105,25.9399469994999,70.919928323863,49.093375568777,46.2212877158298,83.096860271062,85.4600397516021,76.4810564163621,72.2956623408476,68.496695106161,73.6161897284442,67.309888565889,69.7512572037421,69.4515939417717,46.3164951800463,45.1256749232956,69.0483308577859,39.2500744937509,36.5915362641687,51.4320305646276
43.1249703558267,44.7744286395391,45.2780443815051,40.887681180982,45.1715935372476,45.8258317775533,45.4908136749167,44.4809306723285,52.7062213336414,51.7494148933859,73.0199312766848,50.7682879470224,51.341913330836,51.7374408509412,56.0229128055228,49.8909132545292,39.1471480964264,43.0283935965739,40.9796788376926,39.7426391348051,16.4550385072497,14.6497555534735,0,62.5842644360339,74.5084276560146,96.4221429080489,68.48395008983,67.867201938565,37.6793653512227,51.6081270024354,52.5248977659063,57.3833709315249,58.9160806629278,23.3330315223957,47.6591495266147,49.2401057877278,47.350518979372,71.6496846514613,66.5349293966778,64.4407167272814,70.5280983221949,73.2721989410196,75.7432330198861,75.3396861590545,69.0962380481611,70.1912307434675,68.8228215459449,70.0486206958303,68.4486726469851,67.844165030651,69.2153920172608,35.9369131532163,38.1687618680409,34.3640935028077,34.7391436700521,31.1527330088972,29.7041984817223,31.2302765798855,35.3841839921533,20.0677756595271,21.850949462916,23.6141256097493,24.7061037141091,70.3175325239439,48.7565190513346,46.0126225350426,83.4605875960618,85.8287371324336,76.8471476647537,72.6596869999314,68.7963555722571,73.9156415491449,67.621762971953,70.0636171749668,69.7394745018182,46.2169752263181,45.0461492130381,69.2380825163279,39.0959633294031,36.3524735740516,50.9379805228608
71.2857558847388,72.2439402213774,72.2172757614966,69.5238909860169,73.2123350113511,71.5855678016562,70.1626039793841,69.8339171502268,74.707985796142,73.5373703799239,84.828944392988,74.1174090978861,74.6037052711945,74.4454816408539,75.0330483801121,65.4793272719572,70.3814856451938,74.4770898756728,72.1250745225611,71.3223248649526,63.2512602128272,62.6029220908477,62.5842644360339,0,92.6579861948631,113.57945155774,69.1009329496233,65.1064173531388,63.0744151298003,68.8860673748692,69.8571682258795,75.8184476449255,76.1318646884584,62.1626065582707,62.0102112677681,63.4861429576076,71.3416897466884,84.8921971254487,79.973596287809,77.7010122904867,82.8331951580624,85.5540609321882,87.8337445296756,87.4178273245249,81.4588800314949,82.8477298230202,81.2941787261928,82.5839213654579,80.9519629280628,80.3172709476608,81.9920189184979,70.6517565105232,73.2423593372865,69.6701615091708,68.2426752460414,68.4612934031873,67.3273768305643,68.4561559061265,58.8383172155673,62.3967835592676,62.2010879005485,62.1347180283353,61.6683252597825,100.116168799266,69.1277321642777,56.381728596094,97.7448300991378,100.311384173301,91.2285188620374,86.960498421568,80.4226986159165,85.536750416971,79.7683142946954,82.2339347548651,80.8519054718742,55.4627989265895,52.5828827053852,78.2200701998903,57.6471526911572,67.8246373587056,73.0717665871728
87.9457291595078,89.2712089378211,89.2670333045318,86.164603031236,90.1518605074989,89.0234112981288,87.9711605186622,87.5888665437005,94.7986686506829,93.7315279791822,79.8950128051947,93.5718206193112,94.0979553280747,94.2033254361923,80.3714468381113,72.2465795955816,86.0990956748726,90.0578059720237,87.8718051988239,86.8488516463303,75.537946646216,74.0423292279856,74.5084276560146,92.6579861948631,0,65.6510275337895,101.534419862371,100.243850940621,65.915731453507,91.2165804239732,92.1518026858641,97.6193414047218,62.7602193591112,72.772791208747,71.0806968292397,73.7950178637398,90.4928962200216,76.333504119841,70.5460120618367,68.4785891265651,78.0552048758634,80.6037112593765,83.73755590188,83.1127174174203,74.9234779928622,75.2697019312258,74.1690320443968,75.4809147038948,73.6220917186289,73.3517480790389,73.9280995946619,84.5421429256855,87.0694704933289,83.1709341364528,82.8520738870651,80.1483868105004,79.4215137875026,81.0131086835031,76.560417377028,75.3672074393095,75.3261517099698,75.6854621202659,75.398596496393,116.48878393466,89.0187175455057,82.2793361051251,81.5374936592541,82.8502946565081,74.5503694396265,70.8828120815855,76.7693636071785,82.0117141368338,74.0536704197246,76.5177541147735,78.9684951996765,80.9763887725954,79.1251744890054,93.0514339286213,77.2166656657083,81.6812565114254,93.0820340132287
109.597215045873,110.907422743212,110.896131013462,107.822680314698,111.797275526815,110.63059864466,109.557802134089,109.185021982482,116.303688349499,115.231341412186,97.7283307897786,115.108710318213,115.632837634084,115.724976213208,101.903486880153,93.3869394675857,107.82764368852,111.794297741802,109.599138714593,108.588007879908,97.4366834764473,95.9833678697693,96.4221429080489,113.57945155774,65.6510275337895,0,122.600330122466,121.281912754622,88.1658090239371,112.614477909928,113.551899711137,119.03961076975,83.9239438263915,94.7448077295805,92.1613061854544,94.9144067680224,112.045059889758,94.1970696443352,88.2678870592529,86.0448323927656,96.4737401714925,98.9323256620139,102.215560434443,101.498899180203,92.6365306410399,92.8366878694114,91.7185893421793,93.1305878817828,91.1041957907159,90.9892600433144,91.4050680047294,106.370360908878,108.899985212983,105.021349142803,104.639863546154,102.104936364145,101.351354964946,102.91539543583,98.1331356114714,97.2185968517039,97.1637833879023,97.5015414498095,97.2000033327077,138.183955975372,110.512840005772,103.554204005163,96.3791801942546,97.1389582818588,89.2877431114831,85.9389211312301,94.9858733500726,100.276146688248,91.9042460983222,94.3958188099157,97.4285245582573,102.245904294993,100.361132495197,113.834825608281,98.6867605067132,103.442986227585,114.591297901707
76.2358724533546,77.027592790181,77.1532011385935,74.3363993063418,77.8858631474526,76.5096829575896,75.0797802680114,74.5603180508941,77.537318820176,76.3170552612537,94.5379142542057,77.2168125282747,77.6900575386696,77.4149603156477,83.6704815395595,74.749471817129,74.9305562906708,79.0590347034315,76.6574765328984,75.9269200037093,69.0173863216463,68.6066760932542,68.48395008983,69.1009329496233,101.534419862371,122.600330122466,0,60.6041614151421,70.7778326691879,70.7137045407238,71.7224128011225,77.8559080221288,85.1641417148793,68.4494519280514,71.5086666592432,72.97679649216,74.568176217623,94.4749071488254,89.5281413536297,87.2720078103924,92.5543738269487,95.2700387563289,97.5834138209677,97.1599369470489,91.1242145905856,92.4801665807216,90.9422001186474,92.2310490241391,90.5943574945554,89.9692866880462,91.6097686807276,75.7687790112935,78.3945927287862,74.8935267060381,73.1566848040778,74.1460320650839,72.9380914687049,73.9566892635032,64.2451918253338,68.1073260271848,67.9383572510385,67.7590514657433,67.3178263534024,104.411766822034,73.455684480847,57.0207412967167,107.165520710945,109.70588322766,100.637058456769,96.3802007495319,90.1848176938961,95.3050302654684,89.4595790568204,91.9252722571506,90.6789384826015,61.8199014156138,59.7340886991734,89.062293471398,63.4464566350931,73.8419564181331,75.9737949449331
75.8445256786446,76.6876561225771,76.7516368217739,74.0010489293573,77.5946922261835,76.096458988715,74.6528950001159,74.2117144796557,77.9280806339125,76.726477100873,93.0992396923335,77.5141278345794,77.991016609418,77.7577028634968,82.3754854842202,73.3169811313405,74.7397623329392,78.8590567141725,76.4727181581009,75.719248804758,68.4411916624802,67.962198611055,67.867201938565,65.1064173531388,100.243850940621,121.281912754622,60.6041614151421,0,69.7097675281605,71.4352094171164,72.4235664255248,78.5311958757279,83.8363125357418,67.7228136101307,70.0156174498775,71.4729148397551,74.8214872495191,93.0527524598789,88.1108894871792,85.8526983554027,91.1083325762462,93.8254887723308,96.1327730194424,95.7112181944472,89.6909748588922,91.0520223103421,89.5120834843567,90.800530619312,89.1652938708362,88.538191756168,90.1840156782166,75.400768203154,78.0144210267792,74.4935998499909,72.8501371357965,73.6102011525186,72.4218713653975,73.4721877039455,63.6364860882898,67.5372319226336,67.3553005863558,67.2072092067404,66.7525047561576,104.305698654248,73.1532963315401,57.6168746551087,105.773691962959,108.318645482563,99.2472758035542,94.9884002565314,88.7355929524474,93.8544449034708,88.0221873061254,90.4876489005219,89.2193476980235,60.331360331537,57.9472629822298,87.332047041933,62.6206717899511,73.1451170456285,76.3292313068347
52.7544882649905,54.2131206891647,54.2086536678234,50.9784128369479,55.0741612140594,54.0994872453521,53.1770710172105,52.7777499740482,60.8656875868063,59.8350667746672,66.9669939481927,59.4248773563271,59.9633484523853,60.1589912069392,46.5195037342434,43.1822318287787,50.7229069067678,54.6442085111158,52.5075063925912,51.4164215086226,38.8991748822083,37.0317894431688,37.6793653512227,63.0744151298003,65.915731453507,88.1658090239371,70.7778326691879,69.7097675281605,0,58.0071889368792,58.923838734099,64.2690784325771,50.2677763118641,35.2040314501238,42.072403916515,44.1042190952388,56.2439833831632,64.953225439279,59.7526304690252,57.7405586787027,64.2441940107674,66.9996177702622,69.5543782229683,69.1572963250546,62.7959637938886,63.7613639474951,62.4761724641453,63.6718831031823,62.0886544343458,61.49547121738,62.7329657176177,48.6123795411726,51.1081766928647,47.1319356350321,47.129591719423,43.6322298001729,42.9732883042845,44.6833558551622,41.7533962284002,38.8809419937981,38.8554472771944,39.3850605196437,39.1337730407955,81.3299116491509,54.9312421894741,49.9252570091788,76.3347110415466,78.6196740940174,69.6794108316761,65.5249905558575,62.8180084716223,67.9388115225124,61.4163121038943,63.8470798874655,63.9863737296365,48.6437207713513,47.0752423734505,65.6268219234408,43.1647940099783,45.3256358022261,59.1106074353044
