0.0169492 0.0705051 0.771035 0.0186571 0.0677651 0.055088
0.0220699 0.0306406 0.767037 0.127792 0.0523611 9.9991E-05
0.0346433 9.9991E-05 0.60919 0.14562 0.183491 0.0269553
0.00387941 9.9991E-05 0.755942 0.0855545 0.0564051 0.0981195
9.9973E-05 0.0329481 0.887094 9.9973E-05 9.9973E-05 0.0796584
9.9973E-05 0.158572 0.795284 0.0458442 9.9973E-05 9.9973E-05
9.9982E-05 0.113052 0.640779 0.172995 0.0729729 9.9982E-05
0.0412602 9.9982E-05 0.707643 0.231272 0.0196249 9.9982E-05
9.9982E-05 0.128005 0.698522 9.9982E-05 0.141729 0.031545
0.0208254 9.9991E-05 0.507369 0.177332 0.228646 0.0657275
0.0229489 9.9991E-05 0.302847 0.489232 0.0684945 0.116378
0.0274665 0.0378629 0.515846 0.215098 0.190645 0.0130815
0.0399713 0.0490296 9.9991E-05 0.821376 0.0383635 0.0511593
9.9982E-05 9.9982E-05 0.465534 0.217368 0.165168 0.15173
0.0451899 0.0258682 0.671169 9.9991E-05 0.178034 0.079639
0.0139673 9.9982E-05 0.680056 0.227693 0.0780836 9.9982E-05
9.9982E-05 0.0170593 0.605849 9.9982E-05 0.300528 0.0763636
0.0300247 0.0305479 0.892795 9.9982E-05 0.0464321 9.9982E-05
0.0555303 0.103926 0.10303 0.148044 0.525393 0.0640772
9.999E-05 0.0218206 0.0701725 0.192934 0.709863 0.00510994
0.0300906 9.9991E-05 0.148417 0.0461483 0.742503 0.0327414
0.0105862 9.9991E-05 0.0223842 0.157742 0.748056 0.0611319
0.0664562 0.038238 9.9982E-05 0.0482548 0.846851 9.9982E-05
0.0638574 0.0696498 0.126443 9.9982E-05 0.73985 9.9982E-05
9.9982E-05 0.0355698 0.183555 0.0819601 0.698715 9.9982E-05
0.00100672 0.0356718 0.0655964 9.9982E-05 0.897525 9.9982E-05
0.0215414 0.0975352 9.9982E-05 0.0277594 0.852964 9.9982E-05
0.027318 0.116488 9.9973E-05 9.9973E-05 0.855894 9.9973E-05
9.9964E-05 9.9964E-05 9.9964E-05 9.9964E-05 0.929679 0.0699208
9.9973E-05 0.155139 0.0383701 9.9973E-05 0.806191 9.9973E-05
9.9973E-05 0.102479 0.0174448 9.9973E-05 0.879776 9.9973E-05
0.0279251 9.9973E-05 9.9973E-05 9.9973E-05 0.85162 0.120155
0.0567373 0.0629504 0.0449423 0.0343921 0.800878 9.9991E-05
0.0508855 9.9982E-05 0.413763 0.386509 0.148642 9.9982E-05
9.9982E-05 0.0422868 0.655465 9.9982E-05 0.251761 0.0502874
9.9991E-05 0.10308 0.705835 0.0205717 0.123427 0.0469858
0.0434291 0.0614173 0.663064 0.148882 0.0831069 9.9991E-05
9.9991E-05 0.153724 0.530001 0.176683 0.129542 0.00994997
0.9995 9.996E-05 9.996E-05 9.996E-05 9.996E-05 9.996E-05
0.0427912 9.9982E-05 9.9982E-05 0.167624 0.752561 0.0368243
9.9973E-05 0.191505 0.698567 9.9973E-05 0.109628 9.9973E-05
9.9973E-05 9.9973E-05 0.587712 0.207906 0.204082 9.9973E-05
9.9991E-05 0.159367 0.277431 0.1826 0.342648 0.0378541
0.0365036 0.165007 0.112081 0.520313 0.127657 0.038439
0.00568242 0.00974803 9.9982E-05 0.965593 0.0187763 9.9982E-05
0.9995 9.996E-05 9.996E-05 9.996E-05 9.996E-05 9.996E-05
0.0899129 9.9991E-05 0.376045 0.317657 0.180879 0.0354054
9.9982E-05 0.174746 0.293618 0.462716 0.0687191 9.9982E-05
0.0223493 9.9991E-05 0.279738 0.256728 0.311759 0.129326
0.0219004 0.767642 0.0499169 0.0702538 9.9991E-05 0.0901869
0.0285601 0.48789 9.9982E-05 0.106156 9.9982E-05 0.377194
9.9973E-05 0.381837 0.117729 9.9973E-05 9.9973E-05 0.500134
0.0540058 0.307387 9.9991E-05 0.157664 0.00590544 0.474938
0.0514402 0.228525 9.9982E-05 9.9982E-05 0.0190199 0.700815
9.9982E-05 0.353065 0.0118022 9.9982E-05 0.0552588 0.579674
9.9973E-05 0.129673 0.204655 9.9973E-05 9.9973E-05 0.665372
0.00294517 0.715699 0.0429519 0.00902857 9.9991E-05 0.229275
0.000349188 0.999251 9.9964E-05 9.9964E-05 9.9964E-05 9.9964E-05
0.0520867 0.14821 0.062673 0.04864 9.9991E-05 0.688291
0.0192553 0.354746 0.0772276 0.164635 9.9991E-05 0.384036
9.996E-05 0.9995 9.996E-05 9.996E-05 9.996E-05 9.996E-05
9.9991E-05 0.347014 0.101619 0.0453962 0.0744053 0.431466
0.0822973 0.131111 9.9991E-05 0.574564 0.00883636 0.203092
0.0187791 9.9982E-05 0.147178 9.9982E-05 0.72795 0.105892
0.0384076 9.9991E-05 0.0875081 0.0753534 0.738399 0.0602323
0.00983975 0.020818 0.169835 9.9982E-05 0.799308 9.9982E-05
0.000823285 0.163147 0.066998 0.144276 0.0259685 0.598787
0.0580896 0.096773 9.9991E-05 0.418018 0.00854146 0.418478
0.00741731 0.276331 0.041472 0.101048 0.0566081 0.517123
0.0309798 0.251746 9.9982E-05 0.21699 9.9982E-05 0.500085
0.0557414 9.9973E-05 9.9973E-05 9.9973E-05 0.0133275 0.930631
9.9973E-05 0.217466 0.14848 0.633754 9.9973E-05 9.9973E-05
0.0119543 0.0941955 0.080193 0.782549 9.9991E-05 0.0310084
9.9973E-05 0.22151 0.0584295 0.719761 9.9973E-05 9.9973E-05
0.0307666 9.9973E-05 9.9973E-05 0.9369 9.9973E-05 0.0320331
0.0485307 0.0539368 9.9991E-05 0.806177 0.0790046 0.0122511
0.0290399 0.0557621 9.9973E-05 0.914898 9.9973E-05 9.9973E-05
0.0279377 0.0643586 0.0607444 0.699546 0.123809 0.0236039
9.9982E-05 0.108801 0.0235844 0.231001 9.9982E-05 0.636414
0.110039 0.143573 0.111932 0.307147 9.9991E-05 0.32721
0.0218781 0.426186 9.9991E-05 0.110151 0.0351338 0.406551
0.0559097 0.261674 9.9991E-05 0.119777 0.0258507 0.536688
0.0364906 0.023207 0.10607 0.0610861 9.9991E-05 0.773046
0.0145523 9.9982E-05 9.9982E-05 0.252954 0.683524 0.0487699
9.9991E-05 0.195642 0.068401 0.420772 0.195578 0.119507
9.9982E-05 0.0714759 0.00391292 0.84773 9.9982E-05 0.0766812
0.9995 9.996E-05 9.996E-05 9.996E-05 9.996E-05 9.996E-05
9.9982E-05 9.9982E-05 0.607742 0.119202 0.243105 0.0297516
0.0370376 0.0309794 0.702385 0.08109 0.148408 9.9991E-05
0.0440861 0.0893612 0.563028 0.163524 0.139901 9.9991E-05
0.0548907 9.9991E-05 0.31375 0.325702 0.212431 0.0931271
9.9991E-05 0.0364419 0.735948 0.104161 0.0556327 0.0677158
0.00734046 0.225757 9.9973E-05 0.766603 9.9973E-05 9.9973E-05
0.0251299 0.0624792 0.0881815 0.245598 0.578512 9.9991E-05
0.0688387 9.9973E-05 9.9973E-05 0.74987 9.9973E-05 0.180992
0.0242642 0.00742295 0.251906 0.33591 0.306891 0.0736057
0.0141429 0.060214 0.762357 9.9982E-05 0.163086 9.9982E-05
9.9982E-05 9.9982E-05 0.651464 0.226301 0.0939034 0.0281318
9.9982E-05 0.0380694 0.467003 0.32006 0.174668 9.9982E-05
0.0228871 9.9991E-05 0.557746 0.308422 0.0408532 0.0699919
0.0310503 9.9991E-05 0.565711 0.33039 0.0518902 0.020859
9.9973E-05 9.9973E-05 0.576505 0.305863 0.117332 9.9973E-05
0.0408578 0.168115 0.0160012 0.668648 0.0407763 0.0656019
0.0576371 0.0459817 0.0758644 0.693395 0.0114005 0.115722
0.0672847 0.164738 0.0963535 0.528307 9.9991E-05 0.143217
0.00285001 9.9982E-05 0.118017 0.65224 0.226693 9.9982E-05
9.9982E-05 0.141582 0.142241 0.541631 0.174347 9.9982E-05
9.9982E-05 0.0558423 0.440146 9.9982E-05 0.428221 0.0755904
0.0117465 0.203522 0.139159 9.9991E-05 0.0345028 0.61097
0.0205787 0.191539 0.0166421 0.176731 0.0280189 0.566491
9.9991E-05 0.19041 0.0376079 0.640695 0.100458 0.0307287
0.0332681 0.243615 0.190733 0.450837 0.0814477 9.9991E-05
0.0625927 0.27213 0.0771807 0.396099 0.191898 9.9991E-05
9.9973E-05 0.00785401 9.9973E-05 0.287338 0.704508 9.9973E-05
0.0473969 0.143724 9.9991E-05 0.184526 0.034234 0.590019
9.9991E-05 0.325199 0.00918322 0.289435 0.00948445 0.366598
9.9982E-05 0.207452 0.107353 0.351699 9.9982E-05 0.333295
0.0528188 0.0275718 0.321201 0.0308936 0.521897 0.0456179
9.9982E-05 0.000605331 0.663999 9.9982E-05 0.189946 0.14525
0.0126976 0.0432738 0.699744 0.10637 0.0776722 0.0602432
9.9991E-05 0.0217982 0.712157 0.00769059 0.0976262 0.160628
9.9982E-05 0.0213302 0.508358 9.9982E-05 0.432792 0.0373193
0.00977253 0.100277 0.699927 0.0419233 0.148 9.9991E-05
9.9982E-05 0.0891339 0.77094 9.9982E-05 0.12192 0.0178059
0.00880848 0.0699943 0.86101 9.9982E-05 9.9982E-05 0.0599868
9.9982E-05 9.9982E-05 0.449696 0.0262292 0.420627 0.103248
9.9982E-05 9.9982E-05 0.650181 0.161911 0.131935 0.0557729
0.0436369 0.0381171 0.614754 0.131051 0.17234 9.9991E-05
0.0295764 0.0656281 0.63503 0.158885 0.110781 9.9991E-05
0.000223061 0.0282027 0.443775 0.14933 0.252635 0.125834
0.0348396 9.9991E-05 0.669797 0.158953 0.0500661 0.0862447
0.00453716 9.9991E-05 0.38024 0.307415 0.24269 0.0650175
9.9982E-05 0.0738061 0.788317 0.0748785 0.0627981 9.9982E-05
0.00567479 0.0188955 9.9982E-05 0.136535 0.838695 9.9982E-05
9.9982E-05 0.0315104 0.0237668 0.0535545 0.890968 9.9982E-05
0.0541253 9.9982E-05 0.0268023 9.9982E-05 0.905572 0.0133002
0.0223903 0.101181 0.0963137 0.0541457 0.717646 0.00832279
0.0110979 9.9982E-05 9.9982E-05 0.15865 0.785755 0.0442976
0.0216652 9.9982E-05 0.611409 0.233615 9.9982E-05 0.133111
0.017339 0.133562 0.63574 0.0569545 0.156305 9.9991E-05
9.9973E-05 0.660106 9.9973E-05 0.0194474 9.9973E-05 0.320147
0.0292043 9.9982E-05 9.9982E-05 0.0341426 0.0562397 0.880214
0.0103939 0.244466 0.0341474 9.9982E-05 9.9982E-05 0.710793
0.00310079 0.0107205 0.00728569 0.229876 0.0702165 0.678801
0.0113397 0.00664884 0.029556 0.00532415 9.9991E-05 0.947031
0.00681212 0.278667 9.9982E-05 9.9982E-05 0.11384 0.600481
0.0133417 9.9973E-05 9.9973E-05 0.00973029 9.9973E-05 0.976628
0.0095914 0.499494 9.9982E-05 9.9982E-05 0.0450329 0.445682
9.9982E-05 0.213549 9.9982E-05 0.113101 0.0402221 0.632928
0.0016522 0.542201 9.9991E-05 0.0129055 0.0638979 0.379244
0.0162767 0.129723 0.0575715 0.0558031 9.9991E-05 0.740526
0.0412668 0.10436 0.017209 0.0524581 0.0461719 0.738534
0.00893658 0.368156 0.0744137 0.0115468 0.0261484 0.510799
0.00954626 0.299486 9.9982E-05 9.9982E-05 0.0315305 0.659238
0.00151095 0.367418 0.0408396 0.0399941 9.9991E-05 0.550138
0.00522765 9.9973E-05 0.01383 9.9973E-05 9.9973E-05 0.980642
0.00521507 0.207977 9.9982E-05 9.9982E-05 0.0521343 0.734473
9.9973E-05 9.9973E-05 9.9973E-05 0.770096 0.00314729 0.226457
9.9964E-05 9.9964E-05 0.043235 0.956365 9.9964E-05 9.9964E-05
9.9973E-05 0.147189 9.9973E-05 0.115816 9.9973E-05 0.736695
0.0151593 0.603237 0.226506 0.011548 9.9991E-05 0.14345
9.996E-05 0.9995 9.996E-05 9.996E-05 9.996E-05 9.996E-05
0.00310426 0.205518 0.198325 0.592853 9.9982E-05 9.9982E-05
0.00185097 9.9982E-05 0.856921 0.0625291 9.9982E-05 0.078499
0.0289458 9.9982E-05 0.790243 9.9982E-05 0.144105 0.0365064
9.9982E-05 0.0609701 0.26204 0.21133 0.46546 9.9982E-05
9.9982E-05 0.0085633 0.18613 0.188587 0.616519 9.9982E-05
0.00145136 0.0124834 9.9982E-05 0.249906 0.735959 9.9982E-05
9.9982E-05 0.109466 0.0368773 0.0522314 0.801226 9.9982E-05
0.0159038 9.9982E-05 0.10552 0.171142 0.707234 9.9982E-05
0.0226079 0.0327523 0.0620926 0.163654 0.718793 9.9991E-05
0.0388531 0.0704332 9.9982E-05 0.193597 0.696917 9.9982E-05
0.0729768 9.9982E-05 0.103825 9.9982E-05 0.681074 0.141925
0.0128327 0.0479344 0.707817 0.141669 0.0729935 0.0167537
0.0484277 0.161143 0.747744 0.000993218 0.0415922 9.9991E-05
0.0465112 0.152951 0.745937 0.0544007 9.9982E-05 9.9982E-05
9.99731E-05 9.99731E-05 0.663519 0.276072 9.99731E-05 0.0601088
0.0227763 0.0266037 0.785583 0.164837 9.9982E-05 9.9982E-05
9.9973E-05 0.0440862 0.527829 0.427785 9.9973E-05 9.9973E-05
0.0260573 0.0807226 0.520574 0.221837 0.150709 9.9991E-05
0.0249561 0.0165256 0.482058 0.276303 0.165439 0.0347186
0.017483 9.9991E-05 0.645207 0.197152 0.0540021 0.0860557
0.00560701 9.9991E-05 0.572777 0.120316 0.194838 0.106362
0.0153037 9.9991E-05 0.499449 0.248389 0.143133 0.0936248
0.152149 9.9991E-05 0.000642154 0.112935 0.634018 0.100155
0.0217813 0.827303 0.0501129 0.0238742 9.9991E-05 0.0768288
0.0411117 0.224458 9.9991E-05 0.0371091 0.0546227 0.642599
9.9973E-05 0.116837 9.9973E-05 0.0900071 9.9973E-05 0.792855
0.0201386 0.00349128 0.093524 0.124946 9.9991E-05 0.7578
0.000557789 0.000776806 9.9982E-05 9.9982E-05 0.13631 0.862156
0.0319339 9.9991E-05 0.425142 0.114635 0.269336 0.158853
0.0432551 0.0826105 0.479384 0.124341 0.27031 9.99996E-05
0.0590265 0.0411728 0.688696 0.022192 0.161402 0.0275107
0.0611608 0.0521302 0.446002 0.271315 0.169292 9.9991E-05
