IBR/IBR_outputs/all.combrep_1/EucDistWater_Total.Silt_Total.VRM_Total.WeatheringIndex_Total/EucDistWater_Total.Silt_Total.VRM_Total.WeatheringIndex_Total.asc
NCOLS 160 
NROWS 95 
XLLCORNER 210004.651214014 
YLLCORNER 7350008.22228844 
CELLSIZE 4999.99999999997 
NODATA_value -9999 
[rows 63 to 83 of 95, columns 92 to 137 of 160]
5.98224176499907 4.83508718363317 10.5823319348986 10.9255363050275 10.0561610525794 11.9187958204338 12.6269734439874 8.22175310322699 6.10589006322813 6.9740420507591 9.97641279007412 10.3007590487083 10.5780221807344 12.2755340019805 14.4256411761522 16.1605998637751 16.198944654185 13.3770388569253 10.2756772843341 7.0359888453501 5.74385862239152 6.69676365686516 3.37758410311708 3.4731738251727 5.19191138781112 5.84302962335937 7.81529161729082 10.3995352001354 13.3753356309216 15.7433940818772 15.6460027083898 14.2615051861312 13.1172738472957 12.1050566153704 11.232481505782 10.612935406219 9.41831369387523 10.1421669337322 12.2690412984962 14.9081289128151 14.7084338643293 12.8856589441895 9.74953722354889 6.01109436611012 4.79057864664661 7.39829494699839
9.81140120535814 5.67271697392867 4.95347326009651 6.97707369988898 7.95450111407864 11.6545845167013 15.0849034418735 12.6590436418906 10.4894836837438 8.90513566714792 8.82653309274055 6.19206218919536 6.79820920201991 9.75731336526564 13.0037627614188 16.0116198313289 16.1072737522555 12.9900202286924 9.36730539185063 5.44745523012465 3.52064562669072 6.80867627002005 6.29975670348663 5.24361155416618 2.86393271738671 2.52497843693535 4.08589379984285 7.46648047294719 10.9228568104671 13.5773550749896 13.1509980224821 11.1973182634502 9.85803420650344 10.2899621097168 12.1212057764211 13.4699483430773 13.1748837132916 13.5199911729966 14.811606397767 16.7174938717069 16.2920350984664 13.419730752817 9.682558597117 6.08444897981146 4.51275182696313 7.61025173248566
10.5015960442925 5.29775274653815 3.25614234834815 5.96276001843639 9.11538637782196 8.86750658173147 6.90887336605042 8.38276594912953 9.81250241079383 13.4375615640496 12.9246889161048 5.36174866818231 4.84778302207021 8.62694788378092 12.2999860383993 15.5442500370358 16.4486719441544 13.7641180567721 10.7122845207932 7.91553372212829 7.06516912754114 9.03421541049327 10.0413609382166 7.98470476832145 5.93985641240323 4.51067033979289 2.64565268157366 5.39266992379893 9.04770295195087 10.750839298532 10.1385906234564 8.43306769777034 5.86982553532474 6.70924750205645 9.92706341734292 13.3209794872868 15.7530288001653 16.0543869517225 16.5738041244611 17.1195291326735 15.8213377292136 13.9837912643435 11.5838486175429 9.23964182947895 8.44869495115117 9.97431988770614
5.16661674425245 5.07807148496836 6.70125582737048 8.43829748087199 7.51002885998749 5.69004128062308 5.44786952598329 5.47856998963232 7.77779933429534 9.45685865180928 9.24443073708696 8.82231933398155 9.08726016078723 8.95695856455541 12.4971966981682 15.6462506518288 17.2584609327183 15.2988497302325 13.1253522912039 11.4565268644074 11.0931672932881 12.2607537642906 13.2245026059921 11.1988219122581 9.82270903349684 7.0168802831511 3.28460979392423 4.43382085081918 6.23692488050344 7.90256215553854 5.83373160081625 5.67914700874663 3.70662880916446 5.09205844995 9.1313851763716 12.6611256008349 15.7140861951014 18.0538200579359 17.1481976015977 14.7854630403111 12.6657438069967 11.4241017032587 11.6024186591918 11.850966884853 11.56199617182 11.911751103674
6.71157624115438 6.56940399061042 9.95634234792453 10.1289865696123 6.32695371029338 3.24543297009812 3.38180117159195 5.47490319577095 5.27675626567443 5.75244597157204 5.88115760163888 6.66909487957237 12.235313834726 12.4505415075956 13.228297428617 15.9951456029851 18.0033682634788 17.0910153643813 15.6758176193439 14.6847569000595 14.4724389839679 15.0607173931814 15.2465886335071 13.6216474346751 11.6568767409305 8.66502195928815 6.37029141808827 4.11064824563652 3.53547582752584 6.25437158844461 3.39372010390264 3.91683905452594 6.31931971566445 7.26157672707306 9.88845530565021 12.8641598729651 15.7628003503664 17.6846827092305 15.9023447658279 12.873713068475 9.68913086094957 7.54107701906095 7.77497958226791 10.0493830924829 9.47464483671507 8.75934322022428
7.88972858867757 8.64081041876012 7.86160820438878 9.4464063657849 8.48649929227378 5.43742730679292 3.56672021033822 3.70410776623545 5.80057552819678 4.40396466080942 5.76089373600038 6.39426340900779 8.47746061690195 10.2792858259402 15.4741166843921 16.4298511755071 16.6200502908109 17.6795000351196 17.886989274166 17.5266012516393 17.3612446458635 17.7798757208046 17.8127174606195 16.1010685412769 13.6267184279403 11.4049086729193 9.19636951832067 6.58844994161682 5.98504761003591 7.41030994075799 5.15132927787007 4.23442263671112 6.39322853425529 8.7662238652697 11.4920295232404 14.1375965761518 16.7089106424146 17.3670570262889 15.2504736168107 11.9603883853958 7.8667459958491 4.25491936207692 4.13354078292499 7.95061792684038 6.45621799882982 4.73640040854437
9.83422183124313 5.81511487967968 4.08924870586969 8.55247365859161 10.9941339632036 8.88897340113873 5.62640195909278 8.66716766217563 10.2125956875841 6.06350972359146 6.7267093007654 4.76862221320066 5.74337115580331 8.94565837333563 12.2552864097148 16.3513947971152 15.1257311912284 15.5298826566445 17.0678822144674 18.2881677949503 18.3667575101357 18.8818805916863 19.1612346835743 17.6413424358106 15.7364404199286 14.0347153495439 11.9537470538586 10.3617230010521 10.0294992188965 8.86246976257757 5.47376223972237 3.30212379190977 3.26269001329307 6.86894354046126 10.4357105588734 13.5870608787614 16.5058020249725 17.7298115411915 15.55434233245 12.0479022344694 8.61205874515942 5.70016215745865 5.61594561745416 8.32326042765877 6.19516563062391 4.65836027235381
11.5015580257015 8.46225883707729 7.02723717055906 13.3360840676113 12.4677913959649 13.0107102482532 13.4536292537072 15.7055722426504 15.0340197426608 10.9441343365949 10.7146462430729 8.41707792575664 5.48143548606375 7.406149181308 8.97864112157603 11.4303597025404 13.2058983073875 13.4913586383713 14.9283138447393 15.4562333557607 15.6628358189397 16.5369922740017 17.7613327811687 18.9286361786622 18.1382754123826 16.4924591401383 14.9824466738074 13.8977502964494 13.2010443685665 10.8204492410266 8.29496420258027 5.48409061344365 3.4334396028743 6.44285442624167 10.1322310978838 13.4427703957812 16.202057511364 17.4231566524398 16.4223617565773 13.8181409934095 11.3546893694955 9.64317969098335 9.52710518263999 10.6942304636791 9.00054950363734 8.16929502719369
11.9117667089164 10.1668285995824 9.96405593658086 14.1177090754081 15.3300493087008 13.7472860988305 11.1711264808426 14.3051303532957 13.2952393416908 11.6320361883655 8.39650609547496 6.58830358418018 6.49516864847185 7.68931049330425 5.85710247371134 9.3749939403837 11.4798132318848 11.7696893997879 12.7967654771896 12.2633596020109 12.5449060901471 13.8841979294516 15.7208468093751 17.9762955486531 19.5534677721652 18.6867610477153 17.5874583776204 16.8023888084434 15.4291157056267 13.3399942848019 10.7594739711012 8.34767365140117 7.48496384557316 8.97773786165358 11.6948270357635 13.9517882497119 14.2105130848026 14.3440987385717 15.3049644231665 15.712785809392 14.1231963956664 13.156943950194 13.0916402511786 13.5405280558637 12.2799693031741 11.9078527303591
17.11593185768 14.1462947149876 13.7523760318505 12.4477091308296 9.52371653076566 7.27982616240463 6.27179807043555 10.2894741388122 11.8610635389191 10.7292197518729 6.95023124509058 4.53310899921568 10.0046649593338 6.61877486037048 4.78737325375028 7.10965594381851 7.57723963549762 11.9781618001977 10.5579507267075 8.78173569346437 9.06349932790352 11.3937592654541 13.9667903999112 16.7018727867275 18.0594531325498 17.6145190714499 17.5642443897825 17.6168992056315 16.2149126186797 14.0623476116344 11.6973118447713 9.37926123624733 7.9103602615764 8.38617868726877 10.8331224876569 12.2540407159787 10.9800951020272 11.1484181172383 12.5338004116999 14.6386643033776 16.3648688390168 16.7431490588042 16.339902272274 16.3669988405926 15.4691657900624 15.3203979813342
19.3642481455541 17.7434943913051 15.1762735310297 12.8906724833704 9.85602961046773 7.56436269078692 5.79339725881723 10.8430489792007 14.0450329588421 10.7846216030585 9.29710945880711 8.6398208444775 10.0169504887862 10.7758447155316 9.5342281485386 6.965289916955 7.5922503053542 13.3421044919384 11.9038532142726 7.19231789612469 6.06381412466813 9.47870252962951 12.6193486659313 15.271992394467 15.4995267527606 14.7183107157903 14.682279716143 15.261049709322 14.560707611961 11.7118630091001 9.3433670270091 6.86804908477797 3.84067809198725 5.18653249476287 9.02100594956507 10.249420449782 7.84634997200966 7.67311157694644 9.68494798292482 12.7291707763474 16.0519781894839 18.3523358640221 18.9358033635069 18.9707504466342 18.3053363025672 17.7892045660478
20.2651561627472 19.3636466469723 16.6453097961133 14.3850484686211 15.0836295345242 10.4771476412911 9.21792860656776 13.2827372579135 13.8203796171567 10.8072513714974 10.7578731913528 12.9752637129715 14.5472621051049 15.0200046236951 11.3113321757764 10.1812663311756 10.9389888682711 10.7699440284089 8.97897928334343 8.02332970174405 7.69999779117074 9.03129104921878 10.6698389111859 13.3645818256257 12.6695361011267 11.4265356177131 11.3988056023667 12.3192359234636 13.4208392925267 10.4797431773187 7.15524290586882 4.02230330975231 3.27301275250862 5.30865037089706 8.65895615240597 8.28835395090861 4.4558998755646 4.0462352261908 7.93819083200689 11.7089059051912 15.25591082864 17.8077299087547 20.1181457939883 20.1432367196079 19.0306423154781 17.0117338546621
23.3330989978727 22.1957113497946 19.5513377599925 17.5823969101911 14.2386991011489 12.6131969456068 12.8061602350568 11.5937246845104 8.40854431899629 5.87279307425012 7.41086129029542 9.92523528980578 11.5892590904875 14.4685298860644 14.3514463222285 12.8147125701183 11.0015584652028 7.86796620075463 7.09274880358004 6.01916087711903 4.81149483892105 6.75342650063134 9.66241801860124 11.7771681553745 9.87840961198898 7.7127812382408 7.56039223985828 9.62031338369745 12.3571183712424 10.9646299295047 7.73954669894761 4.43936564133923 5.42545888419608 8.40348978767018 10.3372618523884 8.56719036389069 5.71929597384219 5.71159580984251 8.66324785145556 12.0718567188083 15.2664629311605 17.9865632111959 19.4797353133388 18.2705275004658 17.0568406397798 15.2653601548441
26.1485138359025 21.8607652809643 20.1258105256426 19.7104842306394 17.6567966293223 16.0918210043755 14.6501137388002 11.0352572752249 7.01492717588717 3.55063555649173 3.97129265877207 7.174762304973 10.9390694479647 14.3621296111113 15.9657767888743 15.1214949649707 11.3063280962295 7.46266965653531 3.71999561677707 4.37795194811133 4.87325584067754 6.87543876879729 8.96260300066223 11.2125061262792 8.17274151250548 4.31072849388574 4.16653373633261 7.90123658581921 11.7097503383102 12.7453307565176 10.2325794648299 8.23412447744212 8.66366144197969 10.3856591718283 11.0464680551353 10.5648397973304 9.22070086103329 9.48601254660435 11.2271419599911 13.6377754371593 16.3203250450625 18.599238524391 17.9472281260256 15.9324201157693 14.2384847260768 13.0479174941944
23.9640548638131 22.5164060966535 21.485131562456 20.9736493966414 19.724760157738 17.7416547560461 14.7355025880253 11.9584560950024 8.98397636303032 6.95389256064605 7.53233623972932 9.22273815439367 12.1622738933645 14.864066413436 14.819667996246 13.8577154708958 11.6445017855505 8.57730922457936 5.40739823977117 5.46933248653559 6.18447053058267 6.0737116193799 8.75024352794966 11.5996485741563 8.49954445848516 4.10167967644152 4.36058070980282 8.26171540329872 12.0046342141165 14.4626106554642 12.8040243245476 11.5735610440927 9.92324454982112 7.92704604024389 7.61906322291709 9.44259114703564 11.7925204347052 13.1823103516225 14.2556248076556 15.9243801511251 17.850008595583 18.5923227800123 16.3880652057055 13.6638936084532 11.2239285989263 9.62882992054385
28.637790951606 25.784899546848 23.6987487214255 22.7142512555784 22.292373305332 23.1964511542084 19.2021139032426 15.60973026934 12.0574394621584 10.9763275059768 11.4135938613484 12.4541312868862 14.1057836840632 13.22834404107 10.5585131951193 8.89818360474038 9.28312605043203 9.74200067939736 5.50860297107027 4.36946579379072 6.37365873197663 5.35140190476106 8.31740924216146 9.4472073037404 10.0202042581906 7.65058575471212 7.84376152545813 10.1134941478873 13.0750141259036 13.922461408496 13.2341859079239 11.7937860507927 8.26953644949456 4.63877226874906 4.02051598166023 7.32122335801742 10.8501779002504 13.8504145460972 15.9861479134162 17.9300004752805 19.4061652852502 18.0515976940674 15.3281030621079 12.2198093893804 8.54647705792105 5.45381632520195
26.5131082630552 21.4341981117917 21.7592109275283 18.2014323408964 19.8033794570882 17.7106377859824 17.5446734420311 17.1307420864764 15.1931240828598 14.4591774627443 17.9018069841725 17.1925907093924 16.7680826236203 15.8705089231988 12.1180582134765 5.35758401742184 5.49690605740869 9.80525671695814 9.30470280902799 7.93531950169853 4.78281165337018 6.02710199350874 5.83852994437377 7.30515598508064 8.52395600568581 9.24428174225906 11.0871048922588 12.7203348216706 13.2895580276458 11.3114934046768 9.95140949144816 10.3362491408765 8.45202788996242 5.19497681028535 4.44964110025694 6.66937392288408 8.61957105213793 11.3100207361312 14.568584172553 17.4254579506076 19.4986297423565 17.9744165060337 15.0938853256633 11.8066487089832 7.90835172571558 3.4173450983505
21.5270098561134 17.3661086773783 15.4413079922379 14.2481604516835 13.79054819388 14.3005230731861 15.8120704569526 17.7101715558408 17.578888511583 17.2107566558833 17.5049995865987 17.3495422055334 14.7883255820838 11.5976398490348 7.92668854914411 4.69220317046793 5.07736903518312 10.6516591782489 14.1308490879196 10.099454908246 7.47085698575774 6.56801263119809 6.13760432468139 6.8068729062451 5.10461963582599 7.57567852951865 11.331335174861 13.767703228243 11.3635849786579 8.28563232757927 6.27867019008242 7.40560959506094 9.5189835677059 8.57645958739698 6.3901351400111 3.59110040070746 5.87867414618562 9.55162487070871 13.6560794136625 16.970555377159 19.0294349035415 18.0939719544332 15.2466462188963 12.0148071797883 8.32728456732901 4.75081115871759
18.3963541898123 16.0413261637367 15.1778919107189 12.5175841054188 10.504331284477 11.5134386420748 13.4137789070752 15.9335335201456 17.2926527297525 16.6216369970806 16.4913972353939 16.8153061460842 15.5366417501341 12.8733323756199 10.113465383949 8.31108447096264 8.39947504237806 10.6898994047385 13.8278976801706 12.8522080044152 10.3508628085692 5.87897785427932 5.01682241115833 7.79340164092222 3.97483886328057 7.03155225054915 10.9929822163687 14.4283219115924 11.6856079698767 6.47995109421399 3.3258637312513 5.5098036877475 9.5411526814046 10.4001412133505 6.72364169378011 3.98478098699443 6.28258372932688 9.85346424542262 13.5215879071214 16.7221244999864 19.2604747331087 18.6219771619227 16.0113331830876 13.2890503301682 10.5621335385909 8.27743718468675
15.1195348357027 13.8550226436385 14.2744619944333 9.18473109896132 6.48522355095618 9.70618139357873 12.1003001955012 14.7786476396827 14.8055040336117 13.5820519213532 13.3547615344774 14.1364685842936 15.4997175865373 14.9833054605186 13.182255143995 12.1181222140141 12.0361142015828 13.2617076542705 15.2224443040741 15.6012160714638 14.6082839756781 10.0714163872625 8.2066431217957 8.77184262541262 7.43987111190077 8.12924457163596 10.8720825172121 13.2110972337856 11.0373198740419 9.31574205330162 6.87840212177202 7.59577605265899 10.9080789709848 11.9794993963459 9.28535045861674 8.03735056509766 9.23753834766066 12.1915952538496 15.0098140577887 17.3590874689711 19.2118170961227 18.8008265774555 16.9886825401006 14.4216128856602 11.9719342656867 10.0914718880521
13.3786309982799 10.1566798689449 9.52107505973763 6.5385918978733 3.7630013599319 8.26294420408934 11.1319463495562 14.8933606675237 12.2535173019636 10.2713101320014 9.80934378604473 11.1770112752439 13.4983687993033 15.8910085553778 16.0013657856934 15.4259128692442 15.3812389636834 16.2124561891616 17.7184187032557 16.593880595766 13.8578570380413 12.2236920967685 11.5132361921145 10.5217909470998 9.08617992904562 9.3188423234473 11.3202834198633 13.5268892065359 12.578426883138 10.7383164098784 9.63964849250851 10.7625813361553 12.901449378867 13.9848405089118 12.5272166539896 11.8293085567752 12.2917746027782 14.094063165077 16.3383005505573 18.0825539752727 17.5360687131901 16.4763023881184 15.4801437913066 13.0136468761592 9.77903872026774 6.83421267486663
