0,17.9879166559802,19.8296241227926,19.6775857528641,24.6117977844481,25.3848801092425,29.1430723664591,24.752646145129,43.2580332763594,42.6693775055455,72.7032885488508,48.7420791440989,46.4239076537542,45.8038405993375,51.002920689277,50.5110568661719,43.5967202351536,39.8862894897886,41.7629090037901,43.8585270877154,36.5527082580877,35.0899763548476,35.447503860248,55.1182378082408,62.3919490623573,70.1912332181617,62.2323902264364,64.770617849308,45.2682717154148,42.2721549555739,41.3635555469454,46.9308344179981,55.9609907107846,47.648782163328,48.721714515999,47.3882058444707,54.566519924455,61.9008975020571,60.1201783418693,61.1468703962438,67.6229406273994,71.2316645716248,69.4122643284363,69.5877330445336,66.979940785063,65.4102601355124,66.2260972306176,67.7635839099648,67.5872121909524,63.9819092389368,65.0499165142058,42.3662596954903,44.4681773790452,40.7021192351891,44.1965898268005,38.9880226803663,40.8300950319123,39.3904878079918,30.2784732430518,38.3952220498196,34.42543002619,34.8130759851691,30.4153884600613,44.110067279291,36.4116201063436,43.7322439197366,64.2318111585459,66.1973957216994,65.118382306269,64.2484487793442,67.8097179358303,67.7615692905986,68.2171381565452,71.7691848539928,80.7475609942602,39.2457339782712,40.9510579416862,77.475967206499,35.5607703727744,35.8733959818434,44.258019743645
17.9879166559802,0,21.4767971579887,17.6655968004075,20.1958857081106,25.6716097441334,29.0511455966528,23.2856660554371,42.4322663737816,41.8451526473514,72.7531861537403,47.9387979294944,45.6150565656342,44.9893512601029,51.1736179466893,50.6503645136636,43.1527003407066,39.4981738008266,41.3309172031679,43.4674479435023,36.8919589934663,35.4971050096868,35.8646719834671,54.947416157031,62.5159558183816,70.3052734632152,61.9047448547336,64.4971264052155,45.4791444894594,41.4607816778355,40.5472186777584,46.118477771774,56.0830455996072,48.0701180159907,48.8490768836452,47.517885536842,53.7801451382286,61.9780659255091,60.1990192896191,61.2232985006809,67.6853552127039,71.2932573101548,69.4721531964483,69.6467360914991,67.0422822104036,65.4767926386442,66.290249008894,67.8285600782241,67.652138995833,64.0459628830403,65.1178222218099,42.2373878727352,44.3657668000704,40.6129263396509,43.9492036065885,39.0380023345996,40.8903252571231,39.4335153456401,30.8419525204613,38.9073914661917,35.0380475787552,35.4365016345711,31.1623704531263,43.6712211554731,35.7986726464226,43.2781698769271,64.3181043730831,66.285641853125,65.2057213737431,64.334876435087,67.8602198961542,67.812511908183,68.2755304415882,71.8280163819447,80.7874653269526,39.0890124271099,40.8130587764231,77.5344717916473,35.6397455670865,36.6823273529335,43.4006542250843
19.8296241227926,21.4767971579887,0,25.5341668561958,28.0711779275713,21.3055584063398,27.4714651955409,22.061002256892,44.964699631099,44.3672839748706,74.1212574244371,50.52524990688,48.1998638183626,47.5496601861833,52.424657599669,51.9017906445696,45.7158580427659,41.9913302535511,43.8725612693082,45.9697069639766,38.6888534568952,37.1309503232461,37.5208013587938,56.3522743559434,63.8887502823117,71.6728465489947,63.4654104777015,65.995147798338,46.7914661292358,43.7057367361661,42.7879536336952,48.461643104387,57.4315088518036,49.5325485386842,50.0907219659383,48.7478150447385,56.3875298126835,63.3364461905657,61.5573368860973,62.5828881778551,69.0449147611029,72.6537178717977,70.8322375223524,71.0078049575109,68.406097360449,66.8396081181742,67.6540406801266,69.1916552153623,69.0159765093257,65.4094663949803,66.4803952154382,44.4884803512459,46.6029562508128,42.8145428734473,46.3377773285554,41.0553149260237,42.9217926772153,41.5009813531219,30.6014253296674,40.5829860095398,36.5773283361627,37.0844232805008,32.6254451902304,46.1968307768402,36.937186220895,44.8785496694873,65.6797374924344,67.6473133509285,66.5672549739809,65.696265303079,69.225667223594,69.1775535652299,69.6400782995378,73.1921686707394,82.1556669178867,40.3427692040664,42.0683912275544,78.8130782951753,36.4675161326553,37.5007665194232,45.9552778824191
19.6775857528641,17.6655968004075,25.5341668561958,0,18.1636266841179,28.2983905723781,30.9427990281452,26.3705282848095,42.0734031866191,41.4962423299717,72.684784959604,47.4898423032385,45.1747243669521,44.584352151918,51.1000817101086,50.6050790311828,42.318910790286,38.6883723053269,40.5105035080255,42.6496177716391,36.156192806138,34.8698819922337,35.2083983567531,55.0545131712008,62.3720847254711,70.1758692080108,62.0218934574853,64.6186680817513,45.3123895377187,41.412343111472,40.5100956354015,45.9593369574513,55.9640487932806,47.5934208316846,48.8236307957176,47.5009214934947,53.2864678603465,61.8925900746124,60.1120035519669,61.1374054117795,67.6128755428134,71.2207285208515,69.4015987761956,69.5761166788841,66.965930160227,65.3973617450844,66.2121877578729,67.7503574585621,67.5732938907391,63.9682631166526,65.0373035374904,41.4367767716435,43.554703749884,39.8283382214424,43.1112547756797,38.3195195731751,40.1484658506142,38.6696026101099,31.5515702023938,38.1616840783937,34.355213630355,34.6413955671239,30.4669201210773,42.879185751027,36.5858285769424,43.4870222708237,64.220861861826,66.1864929822481,65.1075704912703,64.237734024576,67.7936685914767,67.745914728373,68.2022737258307,71.7547064151356,80.7284867606433,39.3145824706665,41.0199524416633,77.5394389442416,35.9959491088155,36.5003591318561,43.0561533547226
24.6117977844481,20.1958857081106,28.0711779275713,18.1636266841179,0,29.9753750879673,32.2858595912092,27.4079148206201,42.416174213153,41.8416264376153,73.7873935402519,47.8439310036264,45.5243774411007,44.9326279850104,52.2947351286871,51.7759978579282,42.9789845458356,39.3997105605897,41.1815558988228,43.3583649863179,37.5224259174096,36.275876653646,36.6266330794807,55.9900930354208,63.5325794295218,71.3285228363253,62.8341596469213,65.4743749500549,46.5388072490128,41.8085358987145,40.9040343825997,46.3378557087019,57.1226631427769,48.9958960444887,49.9855117382544,48.6645351209331,53.6519257275085,63.0163946433898,61.2371096079143,62.2606404287147,68.7252081237205,72.3324237461873,70.5119689668878,70.685799605105,68.0782162421152,66.5129072668868,67.3258834500135,68.8646922872554,68.6875934525903,65.0818812109169,66.1539173881424,42.3866254005071,44.5303532584669,40.8133989365513,43.9541771327375,39.4260809037543,41.2669507898449,39.774924284822,33.0323243829814,39.6761744774717,35.9370634010016,36.2580943898674,32.1559974607673,43.5444950385482,37.3328423093887,44.2130530784491,65.3518026419671,67.3189573052292,66.2393259387247,65.3687771888073,68.8967458193014,68.8493345441142,69.3114878217984,72.8642614744111,81.8233265941635,40.2718623944358,41.9896692712845,78.6491920111525,37.1355298216704,38.1503533478586,43.3704454444487
25.3848801092425,25.6716097441334,21.3055584063398,28.2983905723781,29.9753750879673,0,21.5039579330534,19.8316018573056,44.8345389857956,44.22816223405,73.6787217984917,50.4698395268961,48.1376819865196,47.4577716447873,51.9912016736169,51.4336015551923,45.9763932795602,42.2390823993667,44.1244861218746,46.2230366161879,38.9820316378581,37.3428243399074,37.7640270378982,55.7067164927177,63.5304793761586,71.298489729361,62.8202373838076,65.3395704356277,46.4663930577069,43.2966195727359,42.3698426174354,48.1524454878448,57.0460348289374,49.5936570308694,49.5987713532378,48.245961000819,56.3686199348518,62.9130065555002,61.135628263429,62.1599217154191,68.6068548276617,72.2157243283137,70.3920140322127,70.567667621894,67.9724422381364,66.4094023222162,67.2223045302223,68.7600722229466,68.5851203391796,64.9773221176604,66.0514089303003,44.7527388119151,46.8789007828503,43.0701153490032,46.6184990504767,41.2703113884121,43.1600907940234,41.756475890032,28.8815705797587,40.938981387365,36.9152418087023,37.52722667755,33.0354826529356,46.4277064960059,35.4133089870112,44.1362343181102,65.2694853932384,67.2391940337227,66.1580201233813,65.2859030527673,68.7810104492263,68.7329419254768,69.2029528916843,72.7550983575747,81.7025218053668,39.5379020936159,41.2876847194496,78.2841800415421,35.4381707878247,37.3832293800275,45.8190224518208
29.1430723664591,29.0511455966528,27.4714651955409,30.9427990281452,32.2858595912092,21.5039579330534,0,22.3259887962811,45.4544927852288,44.8397633767013,73.9519207429701,51.1548833032018,48.8172150738007,48.111064073864,52.2732850277756,51.6814366273798,46.9162271671527,43.1660772313122,45.0567057645473,47.1547779756143,39.930901930741,38.2252966977585,38.6736827883821,55.7838449234574,63.8829249412029,71.6357770585712,62.9065845012785,65.4117276254979,46.8524780570247,43.6587495053638,42.7244329006388,48.6069285997094,57.3728509135338,50.3446112281316,49.8233240704629,48.4608848942791,57.0848167670824,63.2040196657682,61.4282732754661,62.4514012881151,68.8840871842212,72.4930388846259,70.6672133543146,70.8429701383712,68.2539223083712,66.6941148099713,67.5055931928094,69.0434916994605,68.8692391625678,65.2602204543114,66.3372663560408,45.6836503540588,47.8187446940724,43.992324062825,47.5673345494354,42.1532351900679,44.0630189951118,42.6746017734416,27.8591837909704,41.9448765510281,37.9125165614681,38.6076391946193,34.0992409250249,47.3425967494811,34.514049316211,44.1287798998757,65.5729644140345,67.5446798216492,66.4624550631131,65.5892758082267,69.0521447321745,69.0041090274428,69.4811753837632,73.0333641952172,81.9657024052908,39.4433279452214,41.2189083267381,78.4725158899271,35.0908010771109,38.0300206844678,46.4378479688616
24.752646145129,23.2856660554371,22.061002256892,26.3705282848095,27.4079148206201,19.8316018573056,22.3259887962811,0,43.053806494304,42.4484269307819,72.8609416451903,48.7168713880592,46.3787848122877,45.6911103437707,51.3122091763091,50.7271922725041,44.5819980272098,40.8953774035148,42.7407391963874,44.876731864073,38.2825476556974,36.7286655760521,37.1492846231894,54.676855976223,62.7783742457363,70.5387109943309,61.6049974070093,64.1899957256077,45.8050104339988,41.5090884921778,40.5750002449697,46.3746644296295,56.2982595708799,49.0397195399184,48.8846264168025,47.5371932838972,54.634790503354,62.1223174915925,60.3464623818044,61.3682522428709,67.80256728563,71.4104615513162,69.5853143590236,69.7599132457557,67.1669821296259,65.6079788620508,66.4184823688979,67.9571735188226,67.7819849973712,64.1734860911929,65.2512860377199,43.6449322842896,45.7929266613757,41.9995420043676,45.4020758007048,40.3340396850614,42.2274304704291,40.8043985722979,29.3427893860656,40.3712849632182,36.4415227534649,37.024153682909,32.6494748534569,45.0362891129165,33.7466341077803,42.7738104275365,64.486185127465,66.4576454026791,65.3756885802748,64.5027864676282,67.9644561341497,67.9168902309648,68.3937433257248,71.9463873461903,80.8757003921097,38.5567908187773,40.3248575102189,77.4982840215313,34.8343263405893,37.2969169560646,44.0049648940601
43.2580332763594,42.4322663737816,44.964699631099,42.0734031866191,42.416174213153,44.8345389857956,45.4544927852288,43.053806494304,0,11.4753744503672,79.2478853074413,29.019653227649,25.991730013542,21.7502039318236,58.8493999745637,58.1128657709071,44.2978035007842,40.9184079994889,42.3744109161413,44.9996541709058,45.8327317146561,44.7291653765038,45.2103075280181,59.8828621751142,69.6603809867434,77.3688757340123,65.0978689427494,68.3826481316467,53.3575329627474,36.4264366420429,36.0174574646677,35.781250873053,63.2394219982454,57.3172902434471,56.254860872796,54.9683184815528,38.0560652811588,68.7316137577985,66.9672080598929,67.9679100573661,74.3089316176636,77.9075885589957,76.0727817440837,76.2373384323532,73.655185496309,72.1283918651412,72.9189669423602,74.4659972191059,74.2875201263092,70.6744621358167,71.7819148213829,46.9305543752745,49.4358353640806,45.6527228870348,47.6048042252799,45.3495993016188,47.3698550318207,45.8100247635698,43.4152974919872,49.1167652225035,45.7315528920709,46.4665358046028,42.6361849689778,43.9280511888432,45.0697639313022,46.7122896249598,71.1455330841156,73.1302369787093,72.0425383570511,71.1638931692604,74.3667777928706,74.3239040033802,74.8524474079194,78.4096813158542,87.195998925064,45.3054128602138,47.0290023274114,84.3694508874966,44.3450136350741,48.1094118077367,27.7096820590235
42.6693775055455,41.8451526473514,44.3672839748706,41.4962423299717,41.8416264376153,44.22816223405,44.8397633767013,42.4484269307819,11.4753744503672,0,78.5776986156027,28.8270415328322,25.9782145677881,21.6041372007747,58.203620621655,57.4599216176631,43.8404976427442,40.4524322600536,41.9159441842137,44.533812070057,45.2715528849697,44.1578419840623,44.6407264047309,59.1627912329088,69.0149929785769,76.7196431839475,64.3384809197536,67.6388133163631,52.7274739374013,35.5529681405224,35.1648078410084,34.6730106872389,62.5904333383782,56.7315023310154,55.5985847010374,54.3119321108954,37.7624103373044,68.0694444308674,66.3055675875686,67.3056020023446,73.6421684612391,77.2406248991937,75.4052568803953,75.5695970687688,72.9886897121956,71.4631648704084,72.253049989032,73.8002924206963,73.6218559021827,70.0084920162446,71.1171100413329,46.4219267384916,48.9234079168329,45.1381873630722,47.113110559947,44.8128406960138,46.8336096060715,45.2771345929206,42.7882186204117,48.547061591169,45.1562575275946,45.8944216489096,42.0584387537666,43.4699977910214,44.415764193213,45.9708117375954,70.486606247407,72.471950407199,71.3839422060462,70.5049855665956,73.6966227825858,73.6538643136283,74.1847409331132,77.7420881882469,86.5226661497863,44.6105697312868,46.3343545754816,83.6984429792363,43.6842496618581,47.5069472132328,27.5486144289572
72.7032885488508,72.7531861537403,74.1212574244371,72.684784959604,73.7873935402519,73.6787217984917,73.9519207429701,72.8609416451903,79.2478853074413,78.5776986156027,0,85.1018254026096,82.7751849909211,81.9812837598388,64.9250653609119,62.8336562958065,79.9971319045481,75.8070924184535,78.0052412549165,79.8562626502909,71.0417288624949,68.5385762962004,69.5183215251976,73.8742901026803,60.0336259045489,64.4201211088787,85.2501310912719,86.7511960049648,61.2407335014099,76.5699368459019,75.7357504508773,81.5007274781427,55.4517469361171,78.6438416621599,61.7928161531636,61.6563216141441,91.0709259758405,45.6225802399293,44.0997745938141,42.9133770822419,50.3919222630384,52.7335643222857,51.8847674347995,50.6891274086128,38.8159773609968,39.5359837821113,37.0952913638677,41.3671783417051,37.8721334690783,36.2959321201915,39.7272899309651,76.930710730722,79.1235241911607,74.8861641901519,79.6677727816559,71.5591358756447,73.9730267318322,72.995571424426,69.2709199969648,74.5416613570274,70.9145980393809,72.4602089917944,68.3529679450324,80.2160038759444,74.3035410392705,73.6444815494222,46.6200819847943,49.5869414848587,48.1478466643496,46.9370267289465,43.2590962534709,44.1120689543335,39.4027574536402,44.4915535748516,58.0103163205561,66.3922499776875,67.1628626494285,87.9606154209781,66.9963155153734,71.3730648804091,80.4931914919328
48.7420791440989,47.9387979294944,50.52524990688,47.4898423032385,47.8439310036264,50.4698395268961,51.1548833032018,48.7168713880592,29.019653227649,28.8270415328322,85.1018254026096,0,17.3859802899756,24.4839739771376,64.551580322433,63.8726425018057,47.947686614947,44.5737142518284,45.9805690775608,48.6911529678397,50.806273937464,49.8025547108076,50.2733720731689,66.1473967740255,75.3235938514927,83.0631388797493,71.626050195789,74.8122208688636,58.9190495951415,44.0451716152415,43.5452358304678,44.3895846307888,68.9378062404434,62.5228277001435,62.0448512555127,60.7630428103915,31.7259823611048,74.52779639761,72.7593600226236,73.7647136054224,80.1399311249248,83.7397786705488,81.9094329024552,82.0752684889505,79.4824924345154,77.9463569193097,78.7418491191616,80.287517080083,80.1084503673044,76.4978601119953,77.5967374279563,51.2180942469932,53.7871852047604,50.0070595138267,51.7069424447849,49.9683739766684,51.9966450248525,50.4042516429509,49.1456224032581,54.2189182405316,50.8994751179904,51.6223225523454,47.8533729205929,47.278124616102,51.1212340168038,53.2499019838602,76.9157699198784,78.895572421479,77.810284270027,76.9340664865119,80.2215240017434,80.177927030447,80.688752909063,84.2452712329188,93.0740762606487,51.4773587619678,53.1885024198525,90.2664647009721,50.2940981267304,53.5455603362185,36.2190045647436
46.4239076537542,45.6150565656342,48.1998638183626,45.1747243669521,45.5243774411007,48.1376819865196,48.8172150738007,46.3787848122877,25.991730013542,25.9782145677881,82.7751849909211,17.3859802899756,0,21.158105973603,62.2366281463231,61.5519350685768,45.8912655863788,42.5297422757981,43.937359918339,46.6374845530863,48.567269705451,47.5521047294786,48.0234473784517,63.7791877780862,73.015607061334,80.7519885444242,69.2357295795733,72.4296958556885,56.6194296634778,41.5511149786775,41.0545879934652,41.8586558971556,66.6257309017116,60.2580313465212,59.7208446887255,58.4382499992007,32.4580044179591,72.2064765579138,70.4384308067306,71.4433701177778,77.8152541777601,81.4150142183556,79.5842211972544,79.7499634550592,77.1583099858701,75.6230527419491,76.4180966771392,77.9638755408088,77.7848892990353,74.1740484816139,75.2737315928523,49.0759664647829,51.6345737476924,47.8564604749916,49.5873106964239,47.7823398600018,49.8082227713104,48.2194863463153,46.8117866343726,51.9607665648771,48.6328238411377,49.3551312080586,45.5787189210592,45.3025909751567,48.7492659053053,50.849090094289,74.5970700221182,76.577349803758,75.4918234790303,74.615365660236,77.8947196389095,77.8511799816362,78.3637172242494,81.9202926662903,90.7450846579221,49.1104823408158,50.8236036446746,87.9326690787881,47.9444191259002,51.248445093613,33.3689774507998
45.8038405993375,44.9893512601029,47.5496601861833,44.584352151918,44.9326279850104,47.4577716447873,48.111064073864,45.6911103437707,21.7502039318236,21.6041372007747,81.9812837598388,24.4839739771376,21.158105973603,0,61.5064946045658,60.7991177162052,45.9171265991154,42.5405483643809,43.9718067129338,46.6400083766314,48.1203544522323,47.0674356362263,47.5433065342219,62.8244279821893,72.2974731858099,80.0216619242333,68.1724952422062,71.4076142870677,55.943341474297,40.072795947066,39.6176835364646,39.9330240489277,65.8943462928623,59.7226111630401,58.9564419563394,57.6723341001239,35.8862890799629,71.4358917882612,69.6694509563837,70.6724963718972,77.0307871994825,80.6300410368112,78.7974891290828,78.9626868438692,76.3751557658728,74.8436494687852,75.63670299063,77.1830485774048,77.0042703405391,73.3924599739895,74.4955867378893,48.8715409231366,51.4089746092479,47.6274973795563,49.4520032496,47.4580786511803,49.4823145746721,47.9059768684533,46.0872740539734,51.4693676289429,48.1174853149581,48.8461746612156,45.0469885253482,45.395990949533,47.9061815142251,49.7950307957766,73.8366973456515,75.8189264833937,74.7324453721729,73.8550262781371,77.1005969060993,77.0573599933072,77.5769582404257,81.1338327233669,89.9415872908461,48.2017335957139,49.9188360298173,87.1250910838333,47.1283362864546,50.6315983706802,31.8181837188363
51.002920689277,51.1736179466893,52.424657599669,51.1000817101086,52.2947351286871,51.9912016736169,52.2732850277756,51.3122091763091,58.8493999745637,58.203620621655,64.9250653609119,64.551580322433,62.2366281463231,61.5064946045658,0,34.1277121955692,58.7351181677062,54.5130627736065,56.7419111370726,58.5593550691797,48.9880006209192,46.2992055024564,47.3105250533943,57.7037405111837,53.5255454760253,61.1808975848803,68.3910363198579,69.9398691913586,35.2585686820875,56.6303056404418,55.767823064076,61.5398435276292,45.4229136758376,56.0036957677788,35.8452804566024,35.2605805483406,70.4474856653096,53.077577289933,51.2540201064139,52.3981078342753,59.2210289633826,62.8842314468899,61.0965846062477,61.330409173866,58.7447371203421,57.0357436783967,57.9485568114718,59.4369725009583,59.2944467425247,55.6940331164336,56.6335145915324,55.4106124357546,57.5724401301621,53.3391609281131,58.2336319768978,49.9183659164934,52.296836378705,51.325597217596,47.2647220848188,52.361984187611,48.6492601510299,50.290412032175,46.1109517694687,58.9812581155874,53.1066048948433,53.9425387076259,55.3872350968314,57.3168432636686,56.24735573452,55.3867568862725,59.9250117179848,59.8520647157696,60.1044326163385,63.6306547736599,73.2317336083727,45.7624494589508,46.6377854715631,69.9431334716833,45.0104274449504,48.5396666456799,60.0552926765442
50.5110568661719,50.6503645136636,51.9017906445696,50.6050790311828,51.7759978579282,51.4336015551923,51.6814366273798,50.7271922725041,58.1128657709071,57.4599216176631,62.8336562958065,63.8726425018057,61.5519350685768,60.7991177162052,34.1277121955692,0,58.4028187137822,54.2173684310567,56.417297984481,58.2613942464948,48.9751523873458,46.358027481617,47.331892444018,55.624781826018,52.7338103875794,60.1223269323967,66.7194172849689,68.1703063070047,37.9448182705218,55.7075627241924,54.8462326693926,60.6622323076263,44.3107213674652,56.2330070153272,26.3117320513096,27.4550868217132,69.798041016678,51.1380326658895,49.3452826560711,50.489498703897,57.0340521749075,60.7182272624081,58.8810393333015,59.1381112353952,56.7258841204189,55.0583521945926,55.9625775662187,57.4407142211102,57.3244088480487,53.6956590779172,54.6728891840673,55.2757382768441,57.4425048898798,53.2350389421335,58.019248441784,49.9391841906206,52.2911656848193,51.2909843560913,46.6633349748325,52.2788028467392,48.5508302322655,50.1396145580703,45.9450315202364,58.6488874839909,52.3030382726133,52.7024100874513,53.7226179036935,55.6868316914329,54.5980123306737,53.7176936763322,57.744358578761,57.6638007044589,58.0388565389243,61.5582016563121,70.9585056777524,44.3199078435439,45.1047182258734,65.3504068985851,44.063554046379,48.3879872867061,59.3182479990069
43.5967202351536,43.1527003407066,45.7158580427659,42.318910790286,42.9789845458356,45.9763932795602,46.9162271671527,44.5819980272098,44.2978035007842,43.8404976427442,79.9971319045481,47.947686614947,45.8912655863788,45.9171265991154,58.7351181677062,58.4028187137822,0,20.9209490603727,17.9498388134119,21.6233684686775,40.4725372604239,40.1657177171596,40.6240197543366,63.5313970297552,69.0706296031335,77.0049662309316,70.3471085359162,73.0553718936225,52.1680307867075,47.8666346319261,47.1030070982009,51.0602457768025,62.9375307851673,53.7420313044373,56.7741635081183,55.5400617193632,52.7059136438213,69.0952461747113,67.3028017123948,68.3336925860919,74.9136838809605,78.5189986575221,76.7160716510955,76.8877448671584,74.2262920612078,72.6360877454951,73.4592151554544,74.9980073892119,74.8140546311414,71.2188402716352,72.2681092335962,34.0883533082107,37.3838975001515,33.5754789062769,32.3038899184689,36.0193598463157,38.214382286617,36.3756290787363,44.5960201148352,45.1921343179423,42.4108753865042,43.2364289022259,39.9178715259436,27.8063239291487,48.6158956338665,52.381552720869,71.3222236780445,73.2726575697466,72.2020235749778,71.3405737432371,75.1265749235603,75.0794068701003,75.4850581628525,79.0380254685617,88.1137535824389,48.6986521318011,50.3029126817543,85.5865750351649,46.5498838035491,46.8503725438595,45.9874208054929
39.8862894897886,39.4981738008266,41.9913302535511,38.6883723053269,39.3997105605897,42.2390823993667,43.1660772313122,40.8953774035148,40.9184079994889,40.4524322600536,75.8070924184535,44.5737142518284,42.5297422757981,42.5405483643809,54.5130627736065,54.2173684310567,20.9209490603727,0,14.8519243566995,14.9943393615583,35.9008564458325,35.6372356506523,36.1217718030927,59.6130192184756,64.7501170706554,72.7084383337945,66.5261855021324,69.203407895103,47.8246962583455,44.354833548666,43.5889355198745,47.5915208687425,58.6556245234627,49.2740867109745,52.6138749270758,51.3892354396713,49.318081109533,64.8724810084512,63.0773805899983,64.1106100579895,70.7134826448703,74.3190474548951,72.5193326714837,72.6912640019689,70.0210371492154,68.4251942544279,69.2510156968668,70.7893207712751,70.6045220764,67.0111610831681,68.0552620656885,28.2614406463537,31.9439597372728,27.6374007153907,27.4895239248227,30.4261802811566,32.7798687007575,30.9752039104058,40.7382530574256,40.8812614352669,38.168019706004,39.0676507841976,35.7889440990003,19.7601132585084,44.9081304625219,48.641832622968,67.0801394895031,69.0272729150397,67.958334678783,67.0985960281995,70.9386800398212,70.8912758124362,71.2853749743088,74.8381046788871,83.9397948052932,44.8248821178874,46.4141614398599,81.4780065412161,42.6551455867937,42.7583710766983,42.6404685813974
41.7629090037901,41.3309172031679,43.8725612693082,40.5105035080255,41.1815558988228,44.1244861218746,45.0567057645473,42.7407391963874,42.3744109161413,41.9159441842137,78.0052412549165,45.9805690775608,43.937359918339,43.9718067129338,56.7419111370726,56.417297984481,17.9498388134119,14.8519243566995,0,17.4342105252434,38.4346821037501,38.1284854349876,38.5969203356736,61.5980456209654,67.0496630733769,74.98956338817,68.4292992227928,71.1331918167296,50.1463498607493,45.987606747881,45.2256041648162,49.1691779421647,60.926349318103,51.7101188468042,54.7944693975732,53.5629254713854,50.7039625185715,67.0965891978999,65.3035619245773,66.3349084230695,72.9199467348129,76.5252749268905,74.7230733793858,74.8947579985283,72.2312425400052,70.6398409260578,71.4635169466148,73.0022344004159,72.8180600312571,69.223270421028,70.2714426892006,31.7457949099908,35.1820506969441,31.1574681483269,30.4997725365895,33.6649790281616,35.9216032600742,34.1049514351413,42.7069482411448,43.2224371388289,40.454807157775,41.3047596769531,37.9915805550419,23.5193199100952,46.7465661633671,50.4838368434677,69.319145699642,71.2688485880723,70.1985959676514,69.3375312259513,73.1352788404319,73.088077422857,73.4912037130179,77.044137016061,86.1254032861793,46.781275763315,48.3820735957022,83.616461329864,44.6379569741537,44.9155766075329,44.0977919965025
43.8585270877154,43.4674479435023,45.9697069639766,42.6496177716391,43.3583649863179,46.2230366161879,47.1547779756143,44.876731864073,44.9996541709058,44.533812070057,79.8562626502909,48.6911529678397,46.6374845530863,46.6400083766314,58.5593550691797,58.2613942464948,21.6233684686775,14.9943393615583,17.4342105252434,0,39.9333047726077,39.6783338518622,40.1564595965086,63.6437400143144,68.8091163384375,76.7654318185207,70.5550031199589,73.2323477216668,51.8812403108715,48.3861693973967,47.6187228140611,51.6372183532476,62.7106349591027,53.3209786796758,56.6558422553428,55.4300973893751,53.4624921446725,68.9236414978088,67.1287326742092,68.1618450878916,74.7630440197914,78.3686277763458,76.568663030199,76.7406160789707,74.071144680528,72.4756728733997,73.3013380028595,74.8396494810221,74.6549440568258,71.0614331377746,72.1058736305811,32.3035643412964,35.9073951264271,31.7935627403619,30.8689136743869,34.6242809921136,36.93110587588,35.1008857239683,44.7384923538189,44.8896295281761,42.1745059048178,43.0620660656018,39.7847817956845,25.7595550880613,48.9099122695808,52.6632067414586,71.1328581673557,73.0802360478293,72.0111669728498,71.1512960753607,74.9875851547057,74.9401815296623,75.3351051115468,78.8878357702567,87.9877949250844,48.8472770516551,50.4377326701248,85.517880515957,46.6704153546764,46.7680461534722,46.697443181478
36.5527082580877,36.8919589934663,38.6888534568952,36.156192806138,37.5224259174096,38.9820316378581,39.930901930741,38.2825476556974,45.8327317146561,45.2715528849697,71.0417288624949,50.806273937464,48.567269705451,48.1203544522323,48.9880006209192,48.9751523873458,40.4725372604239,35.9008564458325,38.4346821037501,39.9333047726077,0,19.506446124711,17.4882197388599,56.591780938417,59.3105768694404,67.3704929688282,64.510610690107,66.8383729259468,41.6777907893432,45.968373751591,45.1197280605496,50.2240952036781,53.2908251612472,37.8491536902675,47.5056147969238,46.295494190711,56.3250518480197,59.8869413039714,58.077020741625,59.1286892678067,65.8570326996005,69.4677206273043,67.6841670661689,67.8615908179522,65.1547532456196,63.5238685168148,64.3685919292095,65.9012329143868,65.7150506261599,62.1303234166137,63.1422448645811,34.4388910545917,36.0971871085636,32.1318776803222,38.2073264771923,28.2612877632111,29.5660841773424,28.3561997141953,36.4781741096751,26.4361277141817,25.9326951237681,28.136813609605,25.8732037493622,40.8402552371807,42.8866334092897,47.1696809708664,62.00485383798,63.9344134234988,62.8739317049639,62.0227058656336,66.1742709748964,66.1239143406692,66.4526217882002,70.0023910683958,79.2633446197027,41.7844039092334,43.2643581678299,76.8596202953326,38.8596116150526,35.0433786648221,47.0925999242365
35.0899763548476,35.4971050096868,37.1309503232461,34.8698819922337,36.275876653646,37.3428243399074,38.2252966977585,36.7286655760521,44.7291653765038,44.1578419840623,68.5385762962004,49.8025547108076,47.5521047294786,47.0674356362263,46.2992055024564,46.358027481617,40.1657177171596,35.6372356506523,38.1284854349876,39.6783338518622,19.506446124711,0,12.5404140336005,54.4440587029983,56.6919979726317,64.7670445323831,62.5431243850993,64.8120097597825,38.8265445440214,44.5594636511956,43.7052900842113,48.9087268380688,50.6711416240183,31.5262994461849,44.9199463771716,43.71303875909,55.3746183548825,57.3417710319951,55.5291518870517,56.5845113837411,63.335629978912,66.9474328833061,65.1667619456467,65.3453787968169,62.6324887805997,60.9950553652553,61.8434244889235,63.3748699877756,63.18863410207,59.6053660847719,60.6112703924244,34.6333804863159,36.4630479616001,32.3331193384034,38.2520611413846,28.2218789433265,29.938252899812,28.9528898210964,34.4925126658588,25.9077417341898,23.5477067855429,26.9170163019516,23.8376457439722,40.4995685628444,41.1631857864222,45.3416277995165,59.4447946287884,61.371274020883,60.3122249029836,59.4624405194566,63.6707823541178,63.6198152252263,63.9365681111898,67.4857162175974,76.7763910545739,39.6886664979021,41.1399908512932,74.3828813097491,36.714715250551,32.2565154100778,45.9710811418569
35.447503860248,35.8646719834671,37.5208013587938,35.2083983567531,36.6266330794807,37.7640270378982,38.6736827883821,37.1492846231894,45.2103075280181,44.6407264047309,69.5183215251976,50.2733720731689,48.0234473784517,47.5433065342219,47.3105250533943,47.331892444018,40.6240197543366,36.1217718030927,38.5969203356736,40.1564595965086,17.4882197388599,12.5404140336005,0,55.1975988807114,57.7739802854807,65.8307228190847,63.232292261722,65.519729068816,39.9716334592484,45.0839575262858,44.2296150849877,49.4215463312954,51.7263447867359,33.9744011839021,45.869707653705,44.6534915126851,55.8409876771131,58.3477537088167,56.5372682299296,57.5907253768685,64.3234408512744,67.9350533485512,66.1517841342368,66.3302075454467,63.6243890655645,61.9914711574544,62.8376781658382,64.3695187335472,64.183950974017,60.5992066262687,61.6092498229659,35.1432991949992,36.9337287702425,32.8728722076768,38.7184461445528,28.9525546459143,30.5583252540766,29.4831340536928,35.0062112578556,24.8958191973472,23.1631405726138,26.6694505889751,23.8352437202639,40.978820742521,41.6854758449963,45.9607048194595,60.4660250745948,62.3951134641166,61.334732452218,60.483603636285,64.6487663932113,64.5979812818041,64.9240078362922,68.4733440166224,77.7432023177346,40.3810237455226,41.8461174978886,75.2885258696419,37.36871695895,32.8129411791004,46.4495869482204
55.1182378082408,54.947416157031,56.3522743559434,55.0545131712008,55.9900930354208,55.7067164927177,55.7838449234574,54.676855976223,59.8828621751142,59.1627912329088,73.8742901026803,66.1473967740255,63.7791877780862,62.8244279821893,57.7037405111837,55.624781826018,63.5313970297552,59.6130192184756,61.5980456209654,63.6437400143144,56.591780938417,54.4440587029983,55.1975988807114,0,68.0151458165232,75.1363384165702,54.6211846911928,52.6331417033867,54.5664274939695,55.8066832872014,54.9725211237906,61.1311584617182,61.0786626292857,65.3138760193429,53.1686860357434,51.947409130091,72.327058855523,64.4920463707136,62.8112464396753,63.7190600945887,69.3390178243146,72.9196370979381,70.9852908904302,71.1311791791485,68.7969421075711,67.4571283965516,68.1520384842893,69.7228860799635,69.5609322309854,65.8951010792755,67.1740528999219,61.895187410277,64.108486982992,60.0798924021787,64.0501550605742,57.6893017104895,59.8609111955311,58.6593236162954,51.2366971699312,59.5359816714556,55.7693557277125,57.0114945642849,52.785317772979,63.756560815522,54.6802886758288,49.7760671973782,67.4323174383143,69.5142487907764,68.3790365398844,67.452486775396,68.9443199838865,68.9120470062641,69.812367379018,73.3810601253625,81.299535436773,42.5085176569271,42.611540251447,77.6728159947601,47.4887147185976,55.7754125758227,61.1158754919903
62.3919490623573,62.5159558183816,63.8887502823117,62.3720847254711,63.5325794295218,63.5304793761586,63.8829249412029,62.7783742457363,69.6603809867434,69.0149929785769,60.0336259045489,75.3235938514927,73.015607061334,72.2974731858099,53.5255454760253,52.7338103875794,69.0706296031335,64.7501170706554,67.0496630733769,68.8091163384375,59.3105768694404,56.6919979726317,57.7739802854807,68.0151458165232,0,30.5018077818118,78.7408067917688,80.3531604038822,47.439206095614,67.5641361353282,66.7176708045052,72.3893686588017,40.9718247917726,66.5585601403595,52.3100603584262,52.1326813453185,81.1952549921929,46.500258450051,44.3320024852741,45.29735229363,55.261057969377,58.7187068912484,57.4390008771479,57.4541509865772,52.8124093802539,50.5696267179427,51.5486460238365,53.2178671779825,52.6531937729657,49.4872120328666,49.9444600345759,65.3359608354369,67.5269911913504,63.1805254377275,68.3492244557297,59.3960076070875,61.946998426567,61.0834779303068,59.2099492217655,63.1291776750501,59.5987880440376,61.2635005552738,57.2368907090102,69.2822819251182,64.7283299296149,65.2734035376391,43.7283220572171,44.9585024414293,44.3411725306507,43.9335597041316,56.0808809254215,56.0774717445731,54.7932687764404,58.405481849885,70.6084431392139,57.8883701101233,58.7879702840682,81.3097469947396,57.5118268452262,60.4675668486601,70.8988576087001
70.1912332181617,70.3052734632152,71.6728465489947,70.1758692080108,71.3285228363253,71.298489729361,71.6357770585712,70.5387109943309,77.3688757340123,76.7196431839475,64.4201211088787,83.0631388797493,80.7519885444242,80.0216619242333,61.1808975848803,60.1223269323967,77.0049662309316,72.7084383337945,74.98956338817,76.7654318185207,67.3704929688282,64.7670445323831,65.8307228190847,75.1363384165702,30.5018077818118,0,85.9830272524092,87.5706167225773,55.6708895117346,75.1773266925483,74.3320524301309,80.0227004727048,47.9358564132224,74.6641049220375,59.639757971759,59.5033324276621,88.9508335888879,50.9520151149387,48.7231145227545,49.533225768939,60.139053052922,63.5306702816059,62.3555827222004,62.3025384567591,57.0706254981644,54.7319127969773,55.6662248332359,57.4339897926178,56.6895741415005,53.6825452240483,54.0566708696004,73.3895868638182,75.5797941102334,71.2545407239705,76.3527744217101,67.5547367757998,70.0779073308435,69.1926626346702,66.9491319786283,71.1234549207017,67.5714933811389,69.216754999784,65.1721260292736,77.2190406466753,72.4022856702937,72.767489072863,46.0319790158166,46.9412175572473,46.569611490643,46.4008117178752,60.8255286685295,60.8474923881894,59.1912311438534,62.8422451960028,75.5755859482065,65.3655306172811,66.2418180256848,88.2951930138536,65.1369046651551,68.3423645080768,78.6070579300789
62.2323902264364,61.9047448547336,63.4654104777015,62.0218934574853,62.8341596469213,62.8202373838076,62.9065845012785,61.6049974070093,65.0978689427494,64.3384809197536,85.2501310912719,71.626050195789,69.2357295795733,68.1724952422062,68.3910363198579,66.7194172849689,70.3471085359162,66.5261855021324,68.4292992227928,70.5550031199589,64.510610690107,62.5431243850993,63.232292261722,54.6211846911928,78.7408067917688,85.9830272524092,0,49.7652357945421,64.6406073183025,60.12120314458,59.3231654138304,65.6017762975054,71.9510437913376,73.7517938327558,64.4690958869878,63.2325284324297,77.9348165182915,75.7429245039779,74.0458412901464,74.9614781190521,80.7320958110208,84.306412517175,82.3983677520541,82.5368447365119,80.119227636003,78.7526784079863,79.4565384249933,81.0298193244575,80.8571587931501,77.2049920248505,78.4595889430663,69.3035001363472,71.5451953454232,67.5716251170481,71.2344099642814,65.5092142459978,67.6344599577774,66.3669033889146,58.8449578458214,67.4157328171449,63.6782001813554,64.8031605005164,60.6095158233514,70.5462918719848,61.2621346739712,53.3683585286267,78.5622762775837,80.6269795764851,79.5008222787497,78.5834747934597,80.3650632321664,80.335846207641,81.1632552308255,84.7342104798881,92.790056719774,51.3930745822151,52.2802953562746,90.3014199526445,55.7609107585222,63.9880000779045,66.3773808240604
64.770617849308,64.4971264052155,65.995147798338,64.6186680817513,65.4743749500549,65.3395704356277,65.4117276254979,64.1899957256077,68.3826481316467,67.6388133163631,86.7511960049648,74.8122208688636,72.4296958556885,71.4076142870677,69.9398691913586,68.1703063070047,73.0553718936225,69.203407895103,71.1331918167296,73.2323477216668,66.8383729259468,64.8120097597825,65.519729068816,52.6331417033867,80.3531604038822,87.5706167225773,49.7652357945421,0,66.3620216933865,63.7344608104891,62.9175670865107,69.1753939595373,73.5205616963173,75.9148006489021,65.8613680743309,64.6164059543821,81.0732593219334,77.2529858301871,75.5587369969117,76.47452749448,82.2177947476879,85.7944977897885,83.8810727691865,84.0222731821513,81.6236451253255,80.2604825677542,80.9640788026031,82.535980159416,82.3662170019288,78.7111850642529,79.9688378276435,71.8150718150012,74.0460181465402,70.0563494906272,73.8189468063529,67.8892003557056,70.0265037826432,68.7789954328955,61.1613046690762,69.7437443204742,65.9913914993926,67.1521962203491,62.9425712064782,73.2659486582999,63.9029236819062,56.8273346512621,80.0969663276874,82.1645963532224,81.0367790295782,80.1177359658833,81.8539434225062,81.8235585673811,82.6635799150766,86.2335598948162,94.2699447444709,52.7456358667524,53.3340492252126,91.439496885613,57.7442740904444,66.1768568853397,69.6383356746573
45.2682717154148,45.4791444894594,46.7914661292358,45.3123895377187,46.5388072490128,46.4663930577069,46.8524780570247,45.8050104339988,53.3575329627474,52.7274739374013,61.2407335014099,58.9190495951415,56.6194296634778,55.943341474297,35.2585686820875,37.9448182705218,52.1680307867075,47.8246962583455,50.1463498607493,51.8812403108715,41.6777907893432,38.8265445440214,39.9716334592484,54.5664274939695,47.439206095614,55.6708895117346,64.6406073183025,66.3620216933865,0,51.5844297070596,50.7250379591395,56.3686652626635,40.6913577376879,48.1170727094617,37.7772339817345,37.0326007918053,64.7410801554541,49.1991575975679,47.3308342722934,48.4643757293113,55.6893298658023,59.320955460437,57.6032088536376,57.8025831101113,54.957204726917,53.188416890728,54.1103127523895,55.6174241294291,55.4309838603976,51.8761721890026,52.761342743713,48.2376807501388,50.3991651812776,46.0637726759091,51.3153633683047,42.2149782200022,44.7169028438766,43.8549621662081,42.0383593016891,45.4253351810298,41.8380009828258,43.6127598782742,39.5458089080221,52.3996064764567,48.1034609434688,49.6543247016129,51.0352315613808,52.9051724412668,51.8707886589744,51.0458901460839,56.3751810815763,56.3134067738143,56.3857982958345,59.9231198760194,69.8133804740204,42.0789054420786,43.1009892197171,69.1625958253476,40.7027085111407,42.4093543397035,54.5774480130234
