IBR/IBR_outputs/all.combrep_1/EucDistWater_Total.Silt_Total.VRM_Total.WeatheringIndex_Total/EucDistWater_Total.Silt_Total.VRM_Total.WeatheringIndex_Total.asc
NCOLS 160 
NROWS 95 
XLLCORNER 210004.651214014 
YLLCORNER 7350008.22228844 
CELLSIZE 4999.99999999997 
NODATA_value -9999 
[rows 42 to 62 of 95, columns 46 to 91 of 160]
4.81100966098085 3.51774627930475 4.34305245172064 3.55650819140063 3.42973197257583 4.09562050077623 2.91762592980576 3.0167431774394 5.00975317471556 6.09651079465477 5.25971498079202 5.29464343034195 4.10788719265088 2.43023972058297 3.27973403429486 7.3437401181818 10.8266318266355 11.1446338708091 10.6120910895452 10.624962815234 8.1536510730645 5.3324492525532 4.35963117054084 2.82517621194582 3.39445334566849 3.13294167407296 6.1823566003311 4.72889081315748 4.48665524821233 6.30747843860579 5.6598863897344 7.01924949515175 5.82491964719076 5.10003675403402 4.85200745108372 6.31297192254288 5.84857750651346 3.81087830633984 3.2725854677668 3.80477989597281 3.09599758515855 6.56831409907541 8.67684456332051 6.0994476638988 3.72018259130678 2.41187381862874
6.61793890488694 6.24847193075287 5.05076640993351 3.22529797615441 5.32626360171511 3.88620452953318 5.1963056053165 6.60212138504001 8.14682463781634 9.60074270710117 9.24544062687946 9.41137228151873 7.72384914099358 5.48472465865814 3.87258409469985 7.00765888536975 9.05461141299134 9.72325153047116 8.0172461745154 8.10746595136916 9.67111296603203 8.75525030631976 5.66491706409272 4.36278915828284 5.83784427204361 5.6280904083467 7.03763239638804 4.7156703703175 6.98028682009494 6.0794739434233 4.3935361653714 5.23082105781889 5.1115820166481 5.73203327688944 4.25700091204829 6.30798559068983 6.59738840546609 6.22168587930082 7.69038488562108 2.65987823934201 6.57065823640456 9.14376757704385 8.61765440892198 7.19013493093027 3.88036200158533 2.80740918617191
3.98809300587841 4.23538231418485 3.53110443471648 3.04985253147018 5.71829085158283 7.51773610649949 8.25232122435667 9.07135906451906 10.704355097906 10.2518708746005 8.5078712162966 8.93770044013635 10.2529378396974 9.11946559250493 7.95257641619301 6.61294167853873 5.00635664830532 6.57850444923855 4.29666308441361 4.95612336133776 8.81563357027793 9.12854099164227 5.39122278021158 3.4475940176936 3.39597785597451 4.13424080798927 6.05966916119953 4.28969271805394 7.3973295578706 7.15301484136379 5.40664970152719 4.57773914273925 5.7414903687725 4.16582956532869 4.14833408493252 5.45082167431242 4.68786990183027 4.68783576715222 6.16678682603857 6.31224367020456 10.691767886148 8.40057642785971 7.02868258294694 9.78975212556517 8.36125882604362 3.94801961953619
5.44350521113074 5.63221669881979 3.90384343685837 3.32240001199582 5.32746180231201 6.47881245730185 5.75446040508295 6.39100092258469 9.4228825218867 8.19642733144419 7.82682829643879 8.99467986424289 10.0964739517867 11.9196897590598 10.0503638650571 6.27525671700686 3.63553159977843 3.96361914184235 5.12322901218557 5.97772211995199 6.85311507190794 7.01098697886002 7.13912337681788 7.00522538428237 5.80181935325899 5.40036655924345 6.41112575650118 3.64034447395052 5.23367091652743 7.89142783729777 7.71540622392286 4.97220479333656 4.89326164638115 4.44389662094803 3.96175745524495 3.41952567675389 3.62503053366073 5.11667875680124 6.14326299914174 6.2521969060514 5.84717921275647 5.48228942215325 6.59649944015845 8.00418218594175 8.57024165529285 3.78086215539263
9.4320208764967 8.45863158112682 5.62741352660009 3.92898813718608 3.0143143623855 2.82135777562517 2.87674350094359 5.12122606572919 7.8565312061116 9.91965042485553 7.24405484981422 7.95754922712751 11.7783825438337 15.6479176125094 10.2674780578466 8.67069478437131 6.80220755812464 6.06447857916763 7.3884821686577 4.78115548679958 3.14252883413002 3.01584049105582 3.68808852427663 5.88323011184699 7.8522569496118 8.63817400474979 8.29191842959285 4.98598386536945 3.63438385849386 6.53146289649596 5.2012253513886 4.69703367133777 5.93360818358233 4.27137984796207 3.49701182718816 3.04443990684128 3.73439649045521 5.96258528875439 4.31233099778972 5.5499759063989 4.67597294860351 4.94739863742588 6.3591594136021 4.75295704552914 4.52355739092525 2.88738009673372
8.32533643185659 6.40290372582947 5.5446698824075 6.72123114759426 6.06479941296323 3.94137006939576 4.35325828304692 9.7848402850637 7.07335631631109 6.30914264943996 7.98839862544723 6.7250487715617 9.81615906858933 12.4441515246059 10.2746053437827 12.6526633682635 9.74328285161972 9.84914589839818 8.45579773614632 5.18114301318568 4.99077153742633 5.41779213562882 3.88068278713495 2.82446821767104 4.34136280525967 5.83367630524672 6.75866120038921 5.46791488983935 3.91114419241028 4.8831588324635 6.0414402162701 6.14832791147474 7.03374151365405 3.97843826083716 4.35244290166476 5.94655599673896 4.99081599550274 4.02768491398567 3.91601776910106 5.54638670322708 6.2316044165541 7.3448353315701 6.23030983024718 4.50600437509582 5.48931305674774 4.91447943415204
5.75664849141859 3.56067969622517 3.98297947556458 7.01246582994529 9.11225289548082 7.22088895106512 4.90205170593209 9.68889047423346 7.22364513921301 4.80033995894095 6.01721100249767 4.24363054726158 7.54254876872972 8.51921143121927 7.67489932954527 10.5318965858515 11.0683810476584 14.3647390961892 15.7638153035191 12.9865259126861 10.4973480863961 9.32556768074852 6.96635799829577 4.77967694964197 3.50313130365239 2.93195114763648 4.59950993670097 5.62097021625968 3.30635007124173 4.60049869407592 7.97198322908872 9.80948281930533 8.28510256980988 5.00609030199344 3.24408303040479 5.67772711797648 4.75432787781422 4.07593781493823 4.00179777021367 4.4864144374315 4.69994962414471 4.35875973789703 5.80685098157158 5.12864541337527 6.11718001752811 5.48794130978485
10.1033877081365 8.41557895495072 5.54041491036453 7.08327624964873 10.4203671052001 10.0744138014761 6.74102482652293 8.93637724836867 4.96578063267015 3.80166440802411 5.79859843522579 5.85431747297615 7.71082424108375 4.90836975737173 4.65572378360807 8.14786635108692 13.936831403355 17.7177009518044 19.015874975418 16.9513911933469 17.0568665413948 14.9696948831671 12.217410482006 8.82293240317941 6.99677654788584 6.36702159496916 6.84556119198552 7.8649035577692 7.31376126491334 8.1784626332126 10.3108908951156 12.1225640568968 9.24394516452788 5.66446373435054 4.04949909134834 2.71300187367206 3.42050740464606 5.28349281669019 5.49438528281775 3.70274732395315 5.52985245384992 5.5442716532486 4.04686608616071 3.86878104403522 5.01499447794783 4.73551674862909
13.1165371842589 10.4704243264703 7.19979354752089 7.29770236544558 9.72323713242578 8.96750354663475 8.02884170839712 7.56461825357574 4.45823217178048 5.15340232308497 2.95482593121856 4.28278999197656 6.83002718105063 4.99750139158315 4.31904690431562 7.16941123536102 12.8305976329844 16.0521370634888 13.9345131413319 15.8697094749767 15.137445851372 15.4298682579422 16.468580702555 14.8181083951928 11.1007386137019 9.93823552533962 11.597266972597 16.2841467780955 17.7802752200508 16.9968073586125 15.6827003400119 11.4775506494975 8.52186325307399 6.35265051922805 4.23083283817929 4.90313561548348 6.9544921637348 8.80361341418384 7.59178841367941 4.30128624977931 5.97680973168633 7.60908957721529 4.86580727444563 4.0656852000946 4.08638066400664 5.96377847163518
10.2806893587343 9.46411579524881 6.79954112186876 5.53025702184062 7.97132738749276 5.03942086941879 4.9494574438887 6.85321874661472 5.03952433643492 4.65065513528242 3.98344611680373 4.67060188914885 5.11891645711498 3.51289986203903 4.1150193872631 4.47209312777832 8.51555849717628 11.5189457084918 12.035572558093 11.8611955283263 10.6103442144053 12.8140580863455 16.7529696204879 15.2200885809749 12.2798704812643 9.08672224826579 15.3709273448764 11.9816314938424 12.9484714303734 14.6826969041141 17.738131692844 12.5759241525067 6.40185140266545 3.50936481744119 6.38170979702906 8.84968914068401 10.7751087103577 11.4713346037842 9.94731570202387 8.12046663768864 8.86081616514695 8.61578850707609 5.49440128832071 4.55527707381473 4.23773768409071 5.51252274582945
7.32535168982145 7.71973008429142 9.04244785991314 6.19698006107644 5.74935089023228 4.12949527657758 4.91849778080199 6.03671859165736 5.58997281013733 5.4576006068341 4.42258898672859 3.79815301881932 4.45031599716725 4.0265262391609 4.62640070509518 5.46471953815586 7.0167344130185 9.0223629293971 10.3080187008591 6.90980510476123 7.48522328680779 12.4454092029358 12.9727229871278 13.385639268165 6.64264667028782 3.94235579115257 8.43854028765852 6.92688012929639 7.10187376188438 13.3026266513979 17.7974024094009 13.7395431025225 7.83986883481339 6.28447525945375 8.01764610396989 10.7489862416809 9.44983175096458 8.78302233962849 10.2140744854571 11.4524319210725 11.0576591796061 7.75778199110642 3.91930081172715 3.55611907569475 4.459248779931 3.61699703867904
6.88961355928297 6.80994737235836 9.74643888254955 7.27407189724349 5.02015394033233 4.5365556178042 4.20646226856096 4.68620706878061 4.63846609209155 4.80857140716928 3.73899472657679 4.85337206689805 6.31552009754394 6.50162073747231 8.28898985045646 7.1016203415577 4.95174381106236 7.85242317300476 12.6700480009568 11.5632921742016 12.3692894570772 14.0948791931065 14.1155788102283 12.900001449424 9.09601799118756 6.46194582575708 4.90158112839871 9.52018969727981 6.98341931617056 14.0351755735622 18.5104467862685 19.1022658551964 11.1360623479581 10.2931341720265 11.1617947126159 9.92235504097813 6.2537535471694 4.66291659098305 7.73813604409078 11.3291272968903 11.8940044131897 8.68555940783762 6.43704470272997 6.72286171143212 7.27391981008499 6.55964653395816
6.16859270706449 5.5166313101655 8.48982178170682 12.2972120195071 9.63364322974567 4.73814028975488 6.0254585184982 3.83620165957054 4.77207300785353 4.89550649312206 4.80150325901409 4.05053515734264 7.99494215500272 10.3260280545889 10.2214868410746 9.82947612595807 7.14802475893551 9.51494121439869 12.6778974285772 15.7418542109853 17.4725409584367 17.6380064053321 17.3828406787728 17.9982792193966 13.3617123646331 12.622464702473 6.86600629288272 10.0020888350949 9.00623050941118 12.0155181623842 16.1245162523686 20.2195832382468 15.0123208621797 13.6748490477107 12.9762230043464 9.84974244170086 6.09225362911775 4.49824833955369 7.75578638740687 11.4538064151455 11.3301838419951 7.55296470523441 4.37056161656215 6.08862563723193 9.58764712106001 10.1235016949721
9.20746766943479 7.53851197342851 8.500323874519 11.1737176655466 7.12449040214964 5.01771589921201 7.33413757410426 3.2966280785602 4.85933050105407 7.213986760402 4.47500857558826 5.11889761853605 9.67750112139126 13.1734431520918 10.4915617025121 12.6822327213188 10.9000538790352 12.8399327461442 16.6728477719219 14.115630249862 16.9773742941206 17.2608185821952 15.081972377798 17.3365048154568 18.6617700900296 15.0418159555949 12.3708624852488 11.1505391437386 9.44916602844321 12.8712681589261 14.887350381567 20.0164334140998 20.0912438715645 16.9759984113533 14.5902383801104 12.0105762852498 9.61187108917068 8.45262169616025 9.36982793844339 10.130420743657 10.5266308401439 7.70089325438563 4.85933357600091 6.58145037539413 9.51610946144668 7.88866632604672
12.4763223063462 12.2765066940864 11.4389422916375 10.9118849210658 8.34079315172073 7.43562152628714 10.9622625131406 6.56717483059732 4.17817263775411 9.60777856158531 9.09459023487655 8.63149737003478 9.46578179515246 9.10781720668402 8.52920732023323 7.89160142720963 9.97603387949465 11.0968459361438 16.1102649734567 13.3477747484566 13.633580388616 14.861001547865 12.5989883544668 14.9871247883281 17.0158923074514 15.6079279894602 12.4868939971284 12.9989867151897 13.0098053638285 14.4976559340593 16.1780854122111 19.7139875085665 23.367947840078 21.1943826706349 20.3886920441719 18.4649848357275 16.8466001999446 17.1491403041948 11.50815566201 6.41126347815752 8.60281005612052 10.0183540588126 8.92545388226372 9.57875940586359 9.24126404758779 5.36165604260824
11.2288259918187 10.4357101218042 9.95456098201923 11.5960598136459 11.2703967637702 11.2482854079517 12.9126230253064 8.98518713704687 6.41049029132136 8.64630515944095 11.7333661621817 8.4969387724249 4.41680283256644 5.90514499324131 5.76014696944787 4.97565396157207 7.77255644307798 11.9618896466792 13.976052021414 12.5568529418612 10.733691353289 10.5006144883665 9.77541227196501 11.5802664714888 11.7699960996335 12.1107504280916 12.0651108185977 11.5943269497503 11.5875406575383 12.7401764873015 14.7331352890495 17.0156076051468 21.754265471272 21.6842598458232 17.265221703363 16.1790342666677 13.4340945674606 13.650385613493 12.4596004595028 10.4553211747465 10.1322548631154 10.8719511223014 11.8777512514783 12.1703450727076 9.88348717536186 6.56858911031883
9.9304819648792 6.44429476433386 8.12994549333721 10.0585833892665 8.54193518116801 6.91551355994293 7.86033783335087 10.1881170676179 11.0599739789493 13.2715657735048 12.7962235637033 6.78829475185987 3.5811408684942 6.58832072561195 8.79767095593516 8.91426162395991 10.1122353390386 8.02471262153024 6.87436197425287 6.70574824534243 3.96545301725939 3.54627611563174 2.86558339812004 5.57174124295095 7.83413180648114 7.24590187565625 9.51475918902988 8.86461789165617 10.0900039496145 12.3765353761892 15.1480467757749 17.7123515144879 18.1109729611589 21.5115341650161 18.4581750365501 12.8528326186554 9.26732476080675 9.02881827454812 10.0011339438856 10.4989138731524 13.0706374722227 15.0153398511495 13.156310139118 10.7414640628326 8.85952206905563 8.86196142285037
9.99589834955375 7.40163472886417 10.6739427302626 12.2275526529015 7.29345754519826 5.52638827030992 3.64095208152384 5.07564256788334 5.66994026814822 8.46582976539564 6.70773680800989 4.15797412030313 5.39514971473356 6.33891675358457 5.12380748132184 8.02649027060812 9.9297600268529 6.32040890880133 3.67726843202599 6.72090534673485 7.04809977784875 7.12179987445943 6.15785642733975 6.24479110142693 3.48341631907892 5.37251499524231 7.13712201614201 4.88355225491678 7.17500616067217 10.7070618961968 14.1086360562812 17.1057754811184 23.5674747191783 20.7036398649997 16.1268388544807 11.2583974444974 6.27611302519281 5.66312565737272 7.08142942683689 8.74083266869048 10.4980106965752 10.5991198066367 12.0502938520275 13.0860222648646 9.50847044411679 6.91150138654889
12.5117211641403 13.0041621143524 12.3166108789883 8.56826938779903 5.47092410623505 5.38343518022226 5.53033567314727 6.03728078813452 4.36282591471944 4.17276865018897 4.24549116785227 4.56199739527896 7.46515687491624 6.0691181253809 4.00451039199625 8.0627363821741 10.6935011584687 8.29841270647217 7.34717472692659 8.82919587862616 11.7855608435088 10.9298213264699 9.68402123006336 7.04684525253257 3.47581982560115 4.84157244799184 6.6146380625407 4.28946454261626 6.8977807960744 10.4287875335243 14.5876249527913 16.166867517022 20.9548016399841 22.0301715369062 17.1277459157719 10.7939416464985 5.24921554172076 3.09915584974241 3.68163586544419 3.85211001789344 6.29347309945718 8.19024912650808 10.2386933171512 10.9543494655906 11.3910694519696 10.1741965839283
7.37834219375613 8.42525942791685 11.2367591997343 9.04799001670868 6.95645503903603 9.10929578900335 9.08740797622117 9.02920853560641 5.91429737337206 5.44876550746214 7.51288744786576 9.52105349067016 10.3159362208726 8.87980389776016 7.99537736776147 10.5075954005971 12.5455490556842 11.9830740598722 14.9999259918919 16.9188192121503 17.5787964776529 15.0385543622384 8.20942411591337 5.86061768818638 6.37995716122456 7.34757194921655 8.95270208032569 8.5051337487763 9.91207925364904 11.9492721249295 14.1383821690968 13.3399018808304 14.0746394766851 19.2563137358271 19.8906308764513 12.9329984212079 10.4901274625053 7.37452012848663 7.2021886224485 6.99777157700974 5.83619349494713 7.13151371320781 11.4012991607926 7.79218950532055 6.69621455516414 9.34229460516631
4.26014391024101 3.77794025996808 3.97039968180074 7.69110122612757 6.06322652880302 9.83692714655674 11.5245612911213 10.7388254412812 6.43490212603734 6.65422605285356 11.8872892045825 14.3587964352553 13.4609373653368 12.4940843123207 11.9360848652681 13.3774352040198 15.5305837479996 17.7815159326047 17.8090845464445 16.2958825428312 18.8647488046109 11.8986436146309 6.97598690851434 3.91155295494662 7.02574976731325 9.66282828173563 10.5569803410506 11.8003009469793 12.9631659643808 11.7976922208747 11.2598243938594 9.87325288495865 10.3200048906172 14.0898743123463 17.8008951255006 15.615359805442 15.1185632443741 17.6098415754923 11.7265547631447 10.5237225940559 9.92697045294591 12.0429896312064 8.20185547928113 5.09886921355864 5.93791712880753 7.5221080804668
