IBR/IBR_outputs/all.combrep_1/EucDistWater_Total.Silt_Total.VRM_Total.WeatheringIndex_Total/EucDistWater_Total.Silt_Total.VRM_Total.WeatheringIndex_Total.asc
NCOLS 160 
NROWS 95 
XLLCORNER 210004.651214014 
YLLCORNER 7350008.22228844 
CELLSIZE 4999.99999999997 
NODATA_value -9999 
[rows 42 to 62 of 95, columns 92 to 137 of 160]
4.93181935148052 8.06428239252369 5.39162752612977 4.06904987555099 6.21990931463882 6.93695819221764 7.75591968010551 5.38096675124566 5.80854595703865 6.82216956724146 6.22182494153801 6.65159276570618 5.26306451902892 4.2091272603515 1.99067930653747 3.39893304664653 2.04441981900432 3.07207886599154 4.03378117686871 3.15072518363312 5.47035630009796 7.23647840409553 3.57141616718614 4.40282879719121 6.51050555987017 4.18987600573269 2.11976632166144 2.3173951620287 4.8557204390055 6.73397993627465 6.01128487514875 6.48905695981945 7.16104466722559 5.94611823518793 5.62467860074261 4.25422497810281 4.42556999576163 4.13307688976298 5.35084505011174 7.63524447458481 7.72078839517774 4.69840794260446 2.4336504086051 4.17998856777121 3.20533102773126 3.12270158045774
3.94333083406095 7.42747210209658 5.3462504658705 4.18601510487525 3.38401965847037 3.76033886026301 5.64745600477542 3.25889354245047 4.70981120689182 7.73053539874952 7.15833208566495 8.30735128364951 5.09655550800432 2.40144589130295 2.71651779757275 5.9084962217642 4.2990933112944 2.7390764892299 4.17413516848876 6.21633228383387 7.79016532341215 8.37053691336932 4.31535538593518 3.13530580441188 5.34215394191082 5.0752618035131 4.49159667571798 2.79053014508186 6.05195054057318 3.80937443174617 4.39017606023799 5.53169453759023 4.07683360379477 4.28535640787895 6.74462446940573 6.97043754980833 5.14599974858836 3.58701219827391 7.76285597054006 9.37491464736825 9.04932582723198 5.05154995994555 2.53981293475163 3.19069751590725 2.72430229384023 3.33528581095716
3.22070638019198 6.74195997403217 4.75954947088777 2.97683858740506 4.9971578786934 5.20914614945104 3.07186018095761 4.72296400449532 7.47585032615455 10.5362968174721 10.6347488660505 10.9883449104292 7.88032718967258 4.69735594768764 2.30568806371593 5.40459407377096 5.38713623990354 2.97890690233045 5.81274803497518 9.07717836104948 8.69289106851061 6.29903386741694 4.01977544996627 3.71135063896852 4.1613787847963 2.43181533452906 3.18265258261001 3.92674081301566 5.85047232535944 5.14450360627418 5.49580666287146 4.31900739480859 3.17099273193596 4.37871546786089 5.15697008563511 3.24646226388744 3.45805867322342 2.70107041521033 6.78634503974879 7.18559822050027 8.56979847758849 5.18413160970199 4.09828235802164 5.91192718567592 5.70174119340006 4.12452619429955
3.99465063688665 6.86229621229662 5.80997754184073 5.05505485803107 6.88898479667983 6.27023788220266 5.22875991716348 6.54032414141154 7.34984611028805 8.51072557152752 9.2625965921563 11.630591568558 8.90860421971134 4.37126544161321 2.88256099720516 3.623561719008 3.88565689025089 3.2786969860264 6.89380562185469 9.50469200018153 9.12139326532704 6.48444837117456 4.83275877514124 3.65024942822678 2.26594575088758 3.43063967424066 2.71137737737663 4.72261162738355 5.01746168190712 4.96790985965163 4.61941723771278 4.61555786252723 3.10093722802574 4.33387860339404 3.72222547784927 3.45094578259818 4.51931052771874 4.51500177733191 5.11548327569324 7.56049792828566 10.3017956355537 5.073223614982 4.70646255402063 5.06241260565643 4.94343493596819 2.89583100773765
3.63818425394962 5.26514973564199 3.47521774625811 6.7772653917402 6.93609439875246 3.45807219161802 4.21186370959993 5.7151431735005 3.2643687163047 4.68441302584421 5.52698796666516 8.50058026573143 8.24903275053524 6.69323243710277 5.80142264145239 3.730846135341 3.06512370894197 4.97109300001379 6.77329191822449 7.09499754777512 6.5772937350582 6.39341011376824 2.8703376811857 3.14294333741996 2.75697604897235 2.7151406797429 4.5897447430169 4.25551297340322 3.6453435056387 6.035268228839 5.1102112067364 3.27472473920954 4.95870919340776 6.10124934139289 3.37649958751755 5.95800785739384 8.85886279893147 8.3181010801155 7.51264334486802 7.43326878266479 7.92415275573583 8.15011149058518 8.03415035477729 4.87046817270115 3.78691812801591 3.01811960436069
3.17461159471165 5.27701951453381 5.00135909687532 6.92527709728595 5.00852532548253 2.69389587961155 3.75703720061372 4.17080088735044 2.84027659249212 2.22329695598371 4.2707611820325 5.46501853267892 6.47927566468873 8.6647108177245 7.73689696203737 3.90210975224939 2.61020934156423 5.55911949055492 4.12119330160036 4.37389701754465 5.68629003466554 6.40939454712867 4.35575181318662 2.91957438410484 2.71336097107888 4.13475904849537 3.73463656180652 4.73988296754272 4.10373655227635 2.54759483309456 2.59821125193583 3.34626258814672 5.96989058633431 6.69311812910338 5.77219303022799 8.30464329509828 11.5626255930581 11.6277101877828 8.08750688035963 4.05914674440364 5.51019028007657 9.37562666391522 9.18666041382607 5.50024780692749 6.01834521816598 6.40438642186104
4.70468048672739 4.74608044084881 7.05511478269482 7.36162749587854 5.38224691131207 4.32122362414362 5.35284210958957 5.5328084074932 4.14475324313047 3.20956466860566 4.80813623028015 4.8580488918303 5.12064451704903 7.24945680582996 5.80567492237915 2.45657010441935 3.18594397361711 3.81017539803137 5.29586544738831 5.90971797621048 6.09741372356541 4.6463580853091 5.83255913168527 3.51660537747297 4.36625116119904 5.33081018340324 2.72132831819867 4.77446226154131 3.05401929274724 3.42757495391052 4.53941083811296 3.1534669112299 6.02019083602304 3.81784597072107 4.85457734062181 8.50551509092945 9.31507087205223 10.0523287078844 8.35010353994269 5.68273079274167 6.32869796196972 10.1192953695091 7.40565612901956 3.35784401934732 5.71573609703197 9.01290441081829
5.99658574246809 3.80336177647347 5.17175450952817 4.22651099684799 4.93660136378652 6.50930595742265 3.50664354861222 4.46350224122672 6.68340705457649 6.56746241532457 4.83470292380996 4.25566506059246 3.20047576137143 5.71820023901911 3.77872924866424 3.14539937271441 5.19271081699814 3.24649364273714 5.41066921086175 7.75443932075021 7.07028035236953 4.85685876425887 5.78341172055946 4.42517040432321 6.43171739303923 3.21883205103416 3.07397279285607 3.78641115193883 4.76072939741701 4.59043039480463 2.77815580681294 2.81666425867702 5.85596270539425 7.17522433122674 7.52335905629286 6.16627671001813 4.64973977475122 6.23471477580557 7.70600479520975 8.49325207419278 9.66812654222147 11.095060945871 8.00334781724663 4.99346323514528 4.7517149432936 6.65260782560402
6.79580252389631 3.51790816093884 5.03651469437018 3.57807231891336 4.64061196355489 3.93582608371759 2.74355839912501 3.75979581894044 6.81949832572615 7.00623373955183 3.98788221784002 5.44646638246594 8.10860878486262 5.93186148964112 2.69140460068941 4.81643740885732 6.23568277630336 3.69540370012065 2.90974082692904 5.90719979657323 7.68739509517238 6.51507394815397 6.12128595019822 3.55682065212538 5.18341865986274 3.02524693971793 4.52942003308146 4.07382491993078 4.02413819870436 3.63228540269191 3.45670230304256 5.88842989907936 6.56010484091184 7.95545016562578 6.91147625415725 3.42083790461126 2.62933163455686 2.97467141133397 6.46629475056839 8.20023461273802 9.08501256317949 10.5492476644661 7.76926239512749 3.90639811515582 3.72920140700681 4.73569263851982
4.55840421929942 3.69519732099934 5.01017047898437 3.89516342221673 3.41006104838725 4.63114320227434 5.17291842282936 3.72271938158621 5.09541078066841 4.4562303940921 3.65499314261844 6.81901901838934 8.4160068381333 4.7325363108051 2.5988672333955 5.93815429936206 4.6887416796638 3.09944018923901 4.29086655469492 6.65706741895929 9.81386238253654 9.33856989678281 6.5689370483611 3.44354030048654 3.77559968469735 4.24545391871214 3.30861552110189 3.10376099849916 2.99960571361129 3.9688888854281 3.6704282358061 5.36142732740281 2.87803741421414 4.46722748696024 5.21947802342516 2.57352644389527 3.15662255847357 3.30224713961068 4.66942484678971 3.79186317071294 5.50299995216922 8.52556347234544 8.18953187203091 6.87039468210793 4.2092687102971 3.38821216685808
3.94273812915203 3.32409846378543 4.2751891236605 4.47121216910504 3.89086696963013 4.9972298185687 6.31177409951398 5.64399917246328 3.42438542095408 4.53865518819987 4.21640201097053 4.48648590722978 3.26456385610561 2.23993332946981 3.67517966501205 4.24191814099741 4.1129597210812 3.56178995620176 2.53296099081673 5.64829192241794 9.12389668888586 8.55210316472684 6.06255912863598 4.06632391988995 3.21652050687283 4.12703631812605 3.22224966195819 3.30435367500965 3.47846287667904 4.87588941857595 2.39221944102308 4.50833663299116 2.33635568977635 2.85202310887251 5.60892470184796 5.09176750178887 3.8238765280322 4.50157778803723 3.44481084030933 3.8121076488373 5.77913867504806 5.74953938324143 4.87687538551404 7.24262331905289 5.35380916045908 4.70567256902107
6.63381000038373 5.91186236731845 5.7978836568636 6.45777749612921 4.282521642481 4.29773410255062 3.902087576688 4.21315931162816 3.49451364411043 3.54419316063016 4.19683941352414 4.86725690902217 3.51649648176525 3.92878439313325 4.80524307321401 5.05552109549564 4.14436480803566 3.64562164686104 2.50075907798454 3.51895480836855 6.29207572036749 6.12977110177393 3.79770936568106 5.47305998077908 5.72379021645264 5.24934393480865 5.39721545051673 3.64677468405232 2.8768060666634 4.75256115617346 2.49175267991683 4.20422930351549 2.65137577964652 2.97488429346692 5.60358058720144 3.48806688908072 2.97266294637328 4.45168447874802 3.90348589885629 7.25573086215282 8.50402965284175 5.33329985917326 4.24884870210922 7.87061310287472 9.45678824414307 7.41348794460838
9.83425636170003 9.53653917680655 9.64291645357961 9.59671018014034 8.02658712127139 7.23572326529781 5.87683428389454 4.6956687590341 6.62461223648125 4.99982409703332 4.89180469052871 4.57167292714534 6.68798649817492 5.261331914467 3.66911221586245 8.09627440108503 6.19296017714992 4.1711835479445 4.05228608798351 2.80765224321029 3.63966821499693 3.84526370121859 6.35444909238351 7.56852433789093 9.38613932675946 7.56306757484427 5.04198811805037 4.11468947656175 5.11120174395453 5.6331380277731 3.19280097827191 5.21341117180473 6.03119554058424 6.03417507292203 6.77366817555548 4.43497174233151 5.06830707879709 5.27040846377876 5.62102159071436 8.65556961222575 10.7325253672603 8.55422520695907 7.78066518142732 6.90641671390189 5.71304680806182 5.6290172703287
7.120110088872 8.60321611535877 11.1902830160576 11.5601722166856 11.379561232646 11.1062797271649 9.35267723067424 8.78402916370537 9.01431308030579 5.69428085734011 3.79852168596714 5.46974667131128 8.29401795804887 7.1876522060642 3.80867242368814 5.59463977750639 8.04484910710637 4.77242686516897 3.31514976653136 3.9404624753753 4.50142486806194 3.85132151717862 6.78850399494292 7.8047231319694 9.8609797841576 7.34710765339878 4.00435870267985 4.40023504357135 4.01940934979246 3.16105974847798 5.01638802524542 7.68921352275442 10.1902164914892 10.3424823687563 9.92418529818858 8.43764566570746 7.21071374939115 3.64669978862343 4.74960597666495 8.76800429522129 12.3657253550436 11.3995978705771 7.44930930653065 5.06037173418949 4.03528407577459 7.25776233732089
3.31855722268081 6.14344504537899 8.39237101609291 7.82060338291443 9.5379368349242 12.1372858743615 12.5403573158466 12.4733573533146 10.8088677446841 8.0762667072315 7.1296755273847 8.88984325460278 10.4768641538408 8.75344907682374 5.91708476735408 6.35553149572055 5.61349835718388 4.16470972236749 4.48085637503407 6.13960957696516 6.07380497677357 2.95567940643299 3.67717197579759 5.06840851345247 9.18120922562138 9.37508659500444 7.73686487722495 6.04394154815927 4.17756155039077 4.27278990542999 3.86313653915706 7.89485693641788 11.8436816812432 11.3096865852831 8.43689290044755 7.02663399760759 7.44266256905296 6.80564492034872 7.41405997431649 10.1585318689102 12.9474564440297 11.315695073396 7.73377806331915 5.35003094415366 5.19676655851421 6.651791388478
5.36085937258769 5.7045482022004 5.22666452242786 3.91945968038689 7.11243080800563 10.0546412524822 12.3774870182116 14.3373676078121 12.9480046525011 11.2295599989702 10.8519059898604 12.0720564369491 12.633436767638 10.9851361278599 9.53106087159045 8.21066392987772 4.9825398688075 4.66618233277092 7.55485578567088 9.52191841965417 7.04148436447197 5.48227647018902 6.27797177510927 7.09870295602558 9.65535626299697 7.8809528136074 5.95673799572396 7.38856799650395 7.98615236227587 8.00798874510688 7.76126162669463 10.0102323949135 12.2749825797736 9.69598094969989 5.53509537838788 3.15861090458028 5.80414401323177 7.2759963822144 8.24711042675327 10.8749566522834 12.9092362425596 11.608714484458 10.0830966971815 8.15580154696355 5.34704793412429 4.78653406653835
7.96449283442421 4.42159819742101 4.19527733177191 4.86157949693659 4.95747936237584 7.06612237419915 10.6795584400594 13.9011931938539 15.5362818483944 14.5667996661856 14.2882301593193 13.5437759731337 11.1004234625248 8.80234518050711 8.58401648608544 9.7957421424826 8.52079313357871 8.37085042453463 10.2139352313315 12.1937612935371 10.5017161660269 9.75044678932596 10.3225644635885 10.8767061889669 10.2890207447476 6.44386918421154 3.40008986847462 4.18630371043773 7.28647340002105 10.4393127327665 11.526782579515 12.8024499383619 12.6762214663944 9.40047224568855 5.90664474975567 4.738662497663 6.3045452493126 3.87240152840641 5.46638215490361 9.37391874135987 10.8108992901686 8.36460579552635 7.62925273011957 9.15576624916612 6.96008802573847 3.73056751626405
7.37596981885813 5.67551111526703 6.7785155855967 6.52076989268192 3.57493863830868 6.28742673804826 10.2461746271124 13.7590926466767 16.6260803834816 17.3386147622468 16.1151317313297 12.9835251610796 9.30528998682672 5.43661175556586 4.34762065981779 7.8815713313726 11.0621357256512 12.0559158658377 13.1374841939944 14.6394953116936 13.6528472879913 13.2214676736254 14.1167556587301 13.9655157888708 11.6080720901707 8.81389435781641 6.75707850026422 4.88436313143689 7.55441018876163 11.0412504401329 14.1357736529966 14.7100937324908 11.9849263550091 8.62205179005658 4.86710642390909 3.90736241796368 6.82551103168028 5.07557989519693 6.27823184294759 9.51554485572737 8.61484012378353 5.36285119181221 3.74196684923411 7.23079659936198 6.00041979043528 3.18252279294156
10.4294118482618 3.14932646527545 6.2931829979909 8.5696260959786 7.49297877995102 8.67045065079066 11.4515184328159 14.1624567172493 15.1290556140371 15.8256606530638 16.0114513390948 13.2269719926976 9.64652739031848 6.08657902476654 4.98865328525369 8.02257747707067 11.5581635072416 14.5151844773329 15.6311707796496 15.941445543302 15.2881690118712 13.8421850483636 12.781464599875 13.0724605994073 13.3574890000705 12.4263384069519 10.9374387038053 9.37999443297815 10.4742285901831 12.8103421286954 15.4392732058728 14.8415855736891 11.5933378988813 7.97037503700993 4.48338418396182 4.95587492885366 7.07697858616742 7.74950416541815 9.41628914070196 10.4742580912335 7.08014770677022 3.44239197525569 4.68711867032881 7.79430105087998 7.86412522852642 6.43573334741284
9.89634916931242 9.92160010180709 14.0965972034538 13.5035324707393 10.3644725361155 10.2449652895465 12.0248119809353 12.1506047608819 11.5939817716737 12.5585468991439 14.5276654953986 14.2444411282695 11.5836993262858 9.33654608745805 8.94698334586666 10.7023590424969 13.4089521724162 15.6076727442896 14.9335152918706 13.6206646145164 12.8947670539329 11.0437109903284 9.25235426499564 9.15992687891157 10.9866018675168 12.6529474719851 13.1517358434811 13.2359909062134 13.5335208511785 15.1968185148424 16.7557424243939 14.7894094408975 11.4262474940946 7.64640503509468 3.89012098547389 4.77308932771386 3.73339984033037 5.69258285227288 9.67947566078723 11.4178929927273 8.47773849719758 6.1572385408308 7.32222260492972 10.253681886261 10.7015608880222 10.1306581338685
7.61066353363285 10.0900110153546 15.0039688772751 14.713741196223 11.9486712229574 10.1830367636936 11.8137707484478 9.18029786911976 7.79189029144669 9.26652936625859 12.1384088152506 13.7331773480142 13.2581767344765 12.6788267743585 12.5457429122721 13.5011585721169 15.2029776245168 14.8951900116448 12.5532370651142 10.510513764617 9.77786204467383 8.30069934102416 5.31935819940037 5.50493001715794 8.34255891410627 9.37310442931892 11.2739218774904 13.5962232039526 15.0786848432577 16.8959606612897 17.5001286889004 15.3088679330939 12.4903191911859 9.48571509781332 7.40909323250158 7.21406944930913 5.39380056523844 6.79501676321929 10.2029883512343 12.8624025892708 11.4760059665691 10.2276566008312 10.2204686864565 9.22620623973538 8.53358906317322 9.07605727376009
