IBR/IBR_outputs/all.combrep_1/EucDistWater_Total.Silt_Total.VRM_Total.WeatheringIndex_Total/EucDistWater_Total.Silt_Total.VRM_Total.WeatheringIndex_Total.asc
NCOLS 160 
NROWS 95 
XLLCORNER 210004.651214014 
YLLCORNER 7350008.22228844 
CELLSIZE 4999.99999999997 
NODATA_value -9999 
[rows 21 to 41 of 95, columns 46 to 91 of 160]
-9999 -9999 -9999 -9999 -9999 2.81875819161976 4.26304685570982 5.20100578485018 -9999 -9999 -9999 6.08071319709634 4.61245901442459 5.8388744249391 5.36503676527596 2.74276261649661 2.33387339153892 -9999 -9999 -9999 -9999 -9999 -9999 -9999 -9999 -9999 -9999 -9999 1.58985693827786 2.65908880222536 2.20266354445749 3.7138028618429 5.920989799985 7.55740213376766 9.71175355812338 9.39884812668006 6.87907318651931 3.5972940775506 4.12843212408077 6.96219196313468 9.78838811684095 10.8279713169588 7.22342011199212 3.00473047425752 3.54989233545544 7.54491743910952
-9999 -9999 -9999 -9999 5.41511209179758 3.64433979992306 3.94104000567353 3.04438368233165 4.50190427928642 -9999 3.14043781650658 5.41859688498692 4.2173689541471 5.88283411452126 6.29006170179848 2.13222275886425 3.07601383328466 4.08310163457452 -9999 -9999 -9999 -9999 -9999 2.86060409160492 3.50142672398746 2.49863028447367 4.01197770672788 2.83224234290385 1.78960184405355 2.74768834404334 3.22377382487909 5.64232597831304 8.11883136921175 7.88952165936712 8.77095687496375 9.75826210719677 8.00166310561314 6.15377501267505 3.2935086824887 4.2098152727068 8.2726593262942 10.7816584563931 7.97306152548239 4.21899440437224 2.84003016596578 5.01041422958294
-9999 -9999 2.91054649527721 5.43871022001266 5.47157757796098 4.59916134393171 2.39252716582901 3.88569634537986 7.25452392656496 5.88322602744664 1.86831250133503 2.90689913065317 5.32481307568812 7.60677336380431 4.50055884524448 2.18274448092396 3.79508149555658 2.13880567480449 1.84337228921692 2.63861179385182 2.85492271047633 2.15879229129078 4.23319583778542 2.04492586506641 2.03804101510502 2.23009854260535 5.03544309537826 6.13035127897998 3.70410807172463 4.84616415585081 5.85499777398761 8.70374227237942 6.88692650815544 3.8536527192843 5.70091119907459 6.99562495863855 4.66252860523706 5.78458877694891 4.02613176029731 4.83347246108706 8.40142554498473 11.3757477637814 9.84451128868392 7.11644491935862 4.18579707052017 2.53322377351898
-9999 2.78265705596379 1.77910373587255 3.9009935770541 2.81405165633925 4.18758014325503 3.47219688221974 3.36349120838131 6.89246148578301 6.89637862976131 4.35455427533919 3.25076789833312 5.59753113918517 7.12697786397112 4.19146646817135 3.54446237374364 5.52434499507788 2.97701478779707 3.86009436859552 4.85204305972361 2.98408087035291 2.38030205424964 5.31179409294364 4.25109417933026 2.40094623982479 5.19719805018719 8.01096482437026 9.16229714880625 7.42264035107477 8.90682622448677 8.9171267446379 8.70139660105327 6.62515200823133 4.03407805376906 5.5833420231996 5.59674260332454 2.44064044178195 5.49669849071784 7.02914125473099 5.66882610770843 7.04343935007914 10.1462219434283 11.1418752418396 8.59290834159228 5.37852311548206 2.80620767974673
1.99912535482499 3.78839478706463 2.63639714306661 3.05428199508636 3.33614304094672 5.79805903293675 7.34389754497064 6.34265206793702 8.84748750434973 9.3933951628865 7.19106031154023 5.3760858306207 3.94292869823784 5.32200115418126 5.66513561629169 4.07432778938595 6.92617303195708 5.82821515854986 6.98727823689293 6.06333744372147 3.78586253837673 2.73599397087712 5.8170814540747 6.01142733068648 3.2656649222444 6.49987570531774 10.1496721135255 11.9465710885957 11.1890723933905 9.37129286817351 7.06857389334624 5.4472801043493 4.88984574358108 5.56027821151843 4.5519379777721 6.00619530088133 5.00599658263454 7.07603746048152 6.31155548801047 2.74819524108857 5.13894612271815 9.22369340854552 9.49484426378038 6.00480265778539 4.65148139893717 5.83118112300047
3.01662692200851 3.52317495178749 4.57397666438559 4.19727741462526 3.57852745478735 4.75392709723682 7.87414763023529 9.80081312343135 9.19358854778398 6.66531347537686 6.87238887597087 8.08166144002177 5.99058430132976 6.97874766733162 7.84012643849785 7.07758392031983 9.24472386986142 9.64253898775969 7.03663983194812 4.02509974185223 4.39277175198598 5.4029560344561 7.1095158798177 6.25989818525386 3.11030592863939 6.57199711385348 10.393521224565 13.3925821987629 12.7962908305983 9.04043639464068 6.69594146480472 4.54361988971978 2.9134233654927 4.68711939266796 4.08854974746084 7.34087499396625 9.27765817905596 9.50440558330705 6.24415945124222 2.90234534956839 5.09327671439152 9.18129554494892 9.17164688745342 5.40854737869218 2.62839329765097 4.28740978083923
3.84946091524915 4.8891111988645 6.88242759239096 7.41665170247897 5.21521401424919 3.70879406540904 6.80526644567291 8.21539004008685 7.88427561886857 4.33835514166216 4.88242581688028 7.56526470115958 8.84847165283816 7.43604030890191 4.59280856457017 9.00402630122081 12.1487940568371 11.9562070857155 8.2705888597391 5.10033206199972 6.51629085215941 7.34315840471726 8.80473130132573 6.27385006257975 3.36467226236604 6.1201850764003 9.8074912294315 13.3113787803838 13.9970736126671 10.77517431543 9.14091980446735 6.48201673840528 4.53824944041927 3.46887880405094 5.43832632239532 7.77599006502353 10.9726136922666 10.542359682726 6.67903345234228 2.85140355232427 4.1141198397748 8.21200048052364 10.4034863458894 7.81490311550242 4.37526120681671 2.69104765912021
6.021312457313 4.37421313470205 6.72318977152263 5.61803255146808 6.25937664887057 6.10436547362578 4.69720670890695 4.14657858431635 5.83040503816625 4.97673355135403 4.48408578837982 4.71549916559769 7.5319357255011 5.31497698998298 4.61875492920722 7.73492570469295 11.1114733724255 10.6870694226208 7.13021435420085 5.03532729261976 4.5799929534275 4.38681014933937 7.9566225406795 6.34240171512236 2.79171871368506 5.57653754380036 9.58687893853734 12.574579369523 14.0421610562236 13.0746012123135 11.2295731964928 9.73471231315788 7.38314653304485 5.08809072131134 3.04496498936834 6.39139194876625 10.3172434106381 11.5434448734567 8.16473155912353 4.22062782919618 3.68673322656748 7.67479503566544 11.110083362213 8.93279826045529 5.0517230651949 2.40032482864935
7.5874501023885 7.78089925261765 5.71772720339303 5.54398415328987 6.21009302596099 3.99210042403635 4.18933542749878 3.27295329361168 4.01670492952988 3.53216384998014 4.78958877491773 6.46055538351532 8.34199864465742 6.0524914039015 6.861907067599 8.92618654937527 10.3598771687989 8.39875056798224 6.0583863949746 4.22169408256041 3.61601990496115 5.09849516459214 7.94892529177095 6.57822605085716 2.88126960354166 6.2472097614125 8.04289353411935 9.78843998787332 10.9639635482747 13.9156063710616 13.8761795396669 12.7957349854028 10.5532727402895 7.68275446153148 6.50402736179439 8.35409057274473 11.4176877888059 13.0982922371565 9.72400647232704 7.26044969470239 6.93749192367997 8.85770378586535 10.5745787965485 9.15257287962656 5.65590277794896 3.8371826332035
10.5774886114998 9.70383075443014 7.09401470999489 6.30040048341002 6.90727358722066 5.80282926720094 6.77263610399098 4.84286729077546 4.95461955502174 5.44384954070474 4.60100396674727 5.30285881922575 8.26551752667607 10.1060047927011 9.87072094557787 8.69953554293721 6.78180003683951 7.63083351492896 5.20360526403928 6.8373384274054 4.41864082122341 3.02533393055699 6.16316609853091 7.77020055092741 4.11003782972924 4.75281976073047 4.21313649397636 6.42264401881838 7.5897110454327 12.9366278901339 12.5776727687622 13.4882228271235 12.7173413776516 11.398894715335 10.6521426046933 11.8962177244264 13.906814790474 14.8186642404121 12.2204124441186 10.7008887674763 9.58879314929034 8.1470816403764 8.8863636389303 10.0879871842675 9.19217792655284 7.11264188881774
10.3322636700538 10.1427320040712 8.75700712097894 8.2010650458399 8.39837583016656 4.77582258812021 7.0699844985974 7.00307122186319 3.26966836969457 5.03079625535069 4.20321744936449 3.9744561800528 7.03130962873797 11.2892041457511 8.09735634170204 5.45491577842288 5.87307393234049 5.21253309361512 7.01517965872968 9.05661384308057 5.21753235105115 3.17643474943978 7.96530659713133 7.25081451984132 3.49586020824799 3.12626593142184 2.89044883015494 2.74501615412077 4.62556870974612 7.89389448032138 10.6373098048725 10.1028412294928 10.6699844331308 13.1047463360868 13.6199159485064 14.6253665300361 16.0471297304282 16.3145331511577 14.4754110598809 12.0305880814851 8.55397612371527 4.57280344182734 4.35230300742898 8.0447046817884 10.5989520145568 9.16275361804479
6.29067628145057 6.73361831653447 6.75651394105412 5.89972697566172 5.8931811857323 7.00219812685028 5.33196857486618 4.49334736981581 4.09979844278755 3.39367186338807 3.50469365611785 5.74583416101497 5.40827632104042 8.71768090515215 5.8448260525978 3.38701848639758 5.26901225698 6.19973961319 8.38869990987952 8.62727596713466 4.2219498801076 4.52810350157878 4.09351050346295 6.2337010533954 4.62972458354688 6.95874023953975 6.94290607108332 3.75299666236147 3.0574843401158 5.72810728708103 7.32614510274727 5.9118287935931 7.10453316895796 9.6098587830615 11.7383114683107 14.1779259877385 15.4100956144634 16.2973430690617 12.9332917663624 11.5680097177906 9.56159832725415 6.18932749849871 3.92128174053229 7.21873223859662 8.02480173919649 5.70909115723633
5.66089598568427 5.47384375894009 6.78776982269808 4.63227923325733 4.98810393221413 4.73164064406582 3.75030822654309 4.11552352172057 4.71296207552757 5.85724639716067 3.68353634264592 4.75007516438699 4.15020532988556 4.4264305397846 4.40216241912662 4.28023493293546 4.72099492676716 9.7396871453939 9.07826423791621 6.76415183217593 3.11851633299238 4.51734461362165 3.95590323060278 4.3900560015542 5.66534969709361 7.76457474023835 10.54556112596 5.8495775544912 4.05335321928251 3.22239038985447 4.47011257428491 2.86243786903318 4.50708891370772 6.10165742111854 8.24585949642718 14.0189208563341 13.8780092852431 13.4868337185961 10.2307627368666 8.62787694797266 8.11180063227997 2.64413673133244 4.79175333491998 8.44997197920579 6.87721400303287 3.47141996065278
5.42222732993568 4.52662503836555 6.2081423592073 4.84513104127238 4.41570760082 4.25601969565679 4.15284378555404 3.51985756781255 4.3868844085173 4.36418115563965 4.11843692358094 2.56716880816607 5.2404290111548 3.8924941504264 6.49062824820284 6.56591426677498 4.61680044053335 10.4261278922683 6.59686217855752 4.02060525450496 4.3555083018692 7.88636763047128 7.78831833641217 3.43571717276022 5.73582793004218 9.47621815959473 10.7439005289785 8.47997460187764 6.30131003225709 2.58048242429581 3.47891159856164 5.22607700914638 3.51137317315212 3.02053250451946 5.82638619896968 10.6378327025006 11.6926075365323 10.6467681522612 6.45767928910907 3.91354778245312 4.02882435488101 2.57480095952333 6.31218001712886 7.72071232848532 5.22328625881827 7.01835028564979
3.83754330306167 3.54405237349233 4.32144927109262 3.95209493132466 6.58993633847796 5.62072391261285 4.40484330893261 4.33357084692541 3.80428619306293 3.92329934310964 4.22584208882857 5.11478786940905 6.63323957945855 5.15616643313969 4.7934110223431 6.03143341869141 7.25490902351941 7.66350988632105 5.12558359665749 4.50672151894708 3.52924765900918 6.68051830021753 6.87801849872219 4.15881292767504 4.92975369618544 6.96994357271242 6.54714439980168 8.66202436336337 5.57941071928759 3.89178860743601 4.0368215224254 6.78507010578231 7.43012170386248 6.19499725474535 6.69152423661779 10.0957123343149 11.5787196541854 6.60963808508161 3.13607008084959 3.73055266054293 2.65543741539106 2.83556082308816 6.5849340425622 7.02449323164911 3.33568763028737 4.99640719978528
3.68602006658842 2.81215344850927 2.97161677526198 3.88709290126666 4.93606049467183 5.28141108690687 4.16722782933919 3.96947432890279 3.62572681794529 2.95794347572394 3.34672444735937 3.85901399216079 5.483440750719 4.96656631813973 4.01046629273371 5.37177289796922 5.80034364306381 4.81828097158201 4.03089177157797 3.06560337450674 3.09080118965051 7.10645137822027 6.51525614895297 5.69822931999555 6.99218983619518 7.7526438113223 6.8515542522807 8.18205500173647 6.14068586157007 4.6500185857115 4.05651707977359 6.60633508757149 7.79680111532435 4.95102755758893 11.2022925091123 9.94648830727886 6.86659179816749 6.20239428713734 4.00707900343935 6.07606152295301 4.36679308822606 2.55146817727657 5.99712939643992 8.22478017116498 6.07090625815655 4.63653813363356
3.5081202759592 3.920863525192 3.29687707694953 3.0486940922068 2.60342029466503 3.19780712407115 4.37403410365918 3.59291823111038 4.20059668443375 3.42949338573946 3.75949665501074 5.21193193120771 5.19952139316701 3.62849575215046 4.49903827032513 4.31703469015598 6.23631352731041 6.77492201800767 7.9170785993925 7.04463247913996 6.15933936291921 8.0724453154895 7.31621099140498 8.32652464832347 6.53506663253901 5.96994222207176 6.09480791699003 5.56863041477685 6.50921157644138 5.64660198420414 6.68882880947526 5.08996414314565 7.21938226745983 4.88878441045213 8.18904103137562 7.59683308026655 3.95269792881912 6.82039256767467 7.86731091709908 6.63199454209923 4.72643889003258 2.26678234255266 3.72608634989605 7.71787285715735 10.611276156377 8.72408180643227
5.72096572965682 5.97042765481432 5.9422403291656 4.93498737975669 3.74238711053091 3.87115790149775 4.00944766777035 3.80405656655205 3.18867801906553 3.65633510416783 3.44393115666096 3.72218993289688 4.59705905079169 3.46076902430262 6.1557719164636 6.21058356267035 6.11167235184347 6.08031756168103 8.27343237691697 7.0718671792305 7.14097056783762 6.49256093219578 5.65274971487203 7.42084662280608 7.13516364207647 7.74694538412003 5.82730821805411 6.2239574689294 8.09096230273267 9.17903404453622 9.79273506073725 4.31244005755848 6.82340833777625 6.07799790224753 5.05623577924973 6.43663497658445 8.56583772666636 11.9665592569056 7.53785604317777 3.94230412429324 2.69878584090853 4.55684748189096 3.20247424688293 5.58308420422299 8.72773876252614 11.0969070544202
5.83837279590476 5.24933718375473 5.34085607859911 3.96509406331142 3.87400468121074 3.54901870880619 4.35206041748998 2.85676122457979 2.94309943507671 3.00668720008181 3.02432604534923 2.78003169957899 4.58889995406309 3.68581290042582 5.17556135818759 4.85640658261404 5.97577938292898 5.05445881700254 5.85434903452375 4.69976776679934 5.25020363990947 3.39602358582706 4.26770738349454 6.17902722021007 5.90817861039621 7.08131734390129 4.79987331554594 5.86513503995678 5.49394612813118 7.93931439890173 9.26825991267286 10.722303646612 8.28000291298167 5.19538690701529 5.81609873148754 4.48495209462097 5.71717799634864 7.32491488934113 5.71570678127579 2.37200461385288 4.25957106717856 5.56620841291925 3.31605868746358 2.90344763393728 5.83225342582422 9.25085684501315
3.70281666692929 3.6739534500949 4.55385484420088 3.48963435441952 3.44183362127851 3.62083538310838 3.0402874923057 3.58935943454596 2.88711603784423 3.6917519458448 3.76631487213198 3.76882640595312 4.16229465285814 3.17624584782049 4.04691455697284 4.60779486588515 6.11320859462783 3.90547692004247 3.99208045082639 5.54448621887512 5.95990870583497 4.84769621976539 4.28811034533663 5.30773527650178 4.39051490776794 5.20523416874085 6.40840188064196 4.44020609521357 5.26637884872259 5.88619528703279 7.11758901188524 7.74643056686872 6.98808433405277 5.09348508227082 4.75749359997903 3.61081159798033 4.30408906737429 5.2667330569532 2.63103999579731 4.0353896766191 2.85257809935279 4.71149408328212 3.82952795198042 2.58315339548859 4.13838542754069 7.55788438312743
5.71515233816393 2.76322727021439 3.740557961647 2.79733467950053 2.98154632517891 4.36144747484842 2.89402247782905 2.93121598396833 3.59073543636869 3.00884779392823 3.89985081094297 3.16213928726977 3.4713127745035 3.90939149892082 5.24773234605824 7.88521531705898 8.72593752143929 7.55688239472625 7.50446632169255 8.65628791273878 7.34081724603633 3.59040943926577 3.48585686704108 4.6011022139753 4.58284079130129 6.09849714750435 8.38143773756928 6.24608723023682 4.30593178766636 5.39103213195321 6.60232668776924 7.87652527499154 4.85595118239135 4.55518574339316 5.37312399725062 3.4323565388879 4.19890380635973 5.37326856199371 2.44598341149567 4.68685389086759 3.25244576417344 5.38006617724443 5.83422101186039 3.37641592454891 3.62375509966208 4.13446655190549
