0.176067 0.0366478 0.779996 0.00728965
0.104448 9.9991E-05 0.853662 0.0417897
0.211105 9.9991E-05 0.73736 0.0514352
0.0683155 0.0338639 0.880958 0.0168624
0.0788929 0.0341491 0.875277 0.0116811
0.0220987 0.0605304 0.917271 9.9991E-05
0.100315 0.0322126 0.867373 9.9991E-05
0.00224907 9.9991E-05 0.962231 0.0354202
0.213964 0.0924651 0.67688 0.0166905
0.295116 0.0378223 0.636189 0.0308729
0.0683447 0.218094 0.660141 0.0534196
0.275284 0.030217 0.649789 0.04471
0.132279 0.291657 0.522574 0.0534898
0.263109 0.120103 0.616689 9.9991E-05
0.290452 0.0322231 0.642552 0.0347731
0.150922 0.027945 0.811023 0.0101102
0.283532 0.0145348 0.701833 9.9991E-05
0.155652 9.9991E-05 0.823244 0.0210041
0.575362 0.159595 0.207329 0.057714
0.790453 0.00734794 0.202099 9.9991E-05
0.742285 9.9991E-05 0.234483 0.0231313
0.892523 0.0369453 0.0510432 0.0194882
0.94887 0.00800759 9.9991E-05 0.0430224
0.928166 9.9991E-05 0.0265168 0.0452171
0.787118 9.9982E-05 0.212682 9.9982E-05
0.959684 9.9991E-05 0.0239615 0.0162548
0.938485 0.0463714 9.9991E-05 0.0150434
0.893519 0.0701112 9.9991E-05 0.0362702
0.985032 9.9991E-05 0.00184821 0.0130202
0.890636 0.100252 0.00901222 9.9991E-05
0.985326 0.0144744 9.9982E-05 9.9982E-05
0.921302 0.031976 9.9991E-05 0.0466218
0.91376 0.028787 0.00240295 0.0550496
0.159172 0.0263564 0.733129 0.0813427
0.313129 9.9982E-05 0.686671 9.9982E-05
0.189945 0.0475908 0.762364 9.9991E-05
0.126685 0.0326669 0.811239 0.0294091
0.171695 0.146779 0.65664 0.0248857
9.998E-05 9.998E-05 9.998E-05 0.9997
0.867274 0.0477413 0.0471156 0.0378695
0.208322 0.0671598 0.723368 0.00114974
0.211565 9.9991E-05 0.757127 0.0312082
0.304334 0.195331 0.490333 0.0100027
0.0809676 0.33425 0.5454 0.0393827
0.0483635 0.269087 0.645273 0.0372761
9.998E-05 9.998E-05 9.998E-05 0.9997
0.236857 0.044439 0.652305 0.0663995
0.166143 0.241972 0.591785 9.9991E-05
0.409892 0.103611 0.447828 0.0386694
0.0461749 0.853953 0.0700975 0.0297744
0.0617027 0.878075 0.0355082 0.0247143
0.00791064 0.885928 0.106061 9.9991E-05
0.0591708 0.80559 0.0880069 0.0472318
0.0744549 0.868156 9.9991E-05 0.0572892
0.0852699 0.907777 0.00685358 9.9991E-05
9.9982E-05 0.763564 0.236236 9.9982E-05
9.9991E-05 0.865871 0.111169 0.0228596
0.0450282 0.913945 9.9991E-05 0.0409269
9.9991E-05 0.866727 0.107416 0.0257569
9.9991E-05 0.724183 0.227526 0.0481908
0.0938586 0.905941 9.9982E-05 9.9982E-05
0.0698947 0.815467 0.103227 0.0114114
0.0170348 0.549097 0.361346 0.0725229
0.895967 0.019293 0.0583912 0.026349
0.820958 0.0442761 0.106386 0.0283791
0.907549 9.9991E-05 0.0888485 0.00350271
0.0197168 0.781534 0.174216 0.0245327
9.9991E-05 0.669862 0.253525 0.0765123
0.0221521 0.824924 0.13848 0.0144437
0.0363874 0.83456 0.0580143 0.0710382
0.00198379 0.882471 0.0546039 0.0609416
9.9991E-05 0.332846 0.644991 0.0220629
0.00202162 0.319451 0.670897 0.00763119
9.9991E-05 0.360972 0.609765 0.0291632
9.9991E-05 0.295201 0.677551 0.0271476
0.159106 0.25649 0.524106 0.0602984
0.0385158 0.325278 0.598974 0.0372319
0.0746365 0.281227 0.627415 0.016722
9.9982E-05 0.775192 0.224608 9.9982E-05
9.9991E-05 0.551378 0.323949 0.124573
0.113456 0.865434 9.9991E-05 0.02101
0.125947 0.825537 9.9991E-05 0.0484156
9.9991E-05 0.792243 0.163994 0.0436626
0.746016 0.075017 0.165598 0.0133697
0.0984512 0.500477 0.400972 9.9991E-05
9.9991E-05 0.394351 0.590321 0.0152288
9.998E-05 9.998E-05 9.998E-05 0.9997
0.223227 9.9982E-05 0.776573 9.9982E-05
0.183304 9.9991E-05 0.795835 0.0207602
0.209402 0.0545808 0.686849 0.049168
0.294305 0.16825 0.504165 0.0332801
0.107583 0.0443941 0.847923 9.9991E-05
0.00796459 0.434822 0.548387 0.00882602
0.613205 0.013359 0.315418 0.058018
9.9991E-05 0.392561 0.517144 0.0901943
0.340138 0.159514 0.456878 0.0434704
0.205127 9.9991E-05 0.769861 0.0249112
0.107783 9.9982E-05 0.892017 9.9982E-05
0.173056 0.00634146 0.820503 9.9991E-05
0.0932178 0.0855164 0.806448 0.0148182
0.0740264 0.0659007 0.842857 0.0172163
0.104283 9.9991E-05 0.883546 0.0120704
0.0160513 0.419978 0.529821 0.0341499
0.0607991 0.340039 0.50497 0.0941917
0.0408674 0.415836 0.476271 0.0670259
0.282799 0.0862311 0.619762 0.011208
0.197172 0.265447 0.537281 9.9991E-05
0.502875 0.0397401 0.457285 9.9991E-05
0.0432981 0.835347 0.108823 0.0125316
0.0385608 0.829521 0.107554 0.0243642
0.161822 0.366653 0.466077 0.0054477
0.133926 0.305587 0.52449 0.0359975
0.302573 0.290884 0.368121 0.038422
0.857129 0.0528571 0.089914 9.9991E-05
0.0856378 0.790974 0.075027 0.0483617
0.0122024 0.786118 0.201579 9.9991E-05
9.9982E-05 0.658197 0.341603 9.9982E-05
0.50228 0.0376619 0.378578 0.0814794
0.284675 0.0359158 0.671412 0.00799742
0.0216222 0.0387794 0.906078 0.0335209
0.0672457 0.0703126 0.862342 9.9991E-05
0.372592 9.9982E-05 0.627208 9.9982E-05
0.242008 9.9991E-05 0.734609 0.0232826
0.0811563 0.0367857 0.881958 9.9991E-05
0.0740708 0.0107932 0.886147 0.0289888
0.469474 0.0199485 0.510478 9.9991E-05
0.147707 0.00257417 0.849619 9.9991E-05
0.248634 9.9991E-05 0.717329 0.0339361
0.12969 9.9982E-05 0.87011 9.9982E-05
0.323401 0.115069 0.54758 0.0139497
0.0884698 0.0411568 0.832891 0.0374821
0.225194 0.0287523 0.725946 0.0201069
0.115156 0.0390197 0.845724 9.9991E-05
0.924221 0.0270058 0.0486729 9.9991E-05
0.971923 9.9982E-05 0.0278767 9.9982E-05
0.977602 9.9982E-05 9.9982E-05 0.0221978
0.899939 0.0424287 0.0400569 0.0175756
0.831173 0.0768319 0.0831488 0.00884607
0.042783 0.127026 0.815327 0.0148633
0.181478 9.9991E-05 0.789938 0.0284842
9.998E-05 0.9997 9.998E-05 9.998E-05
0.0715803 0.882493 0.00393683 0.0419901
0.0033798 0.962006 0.0174513 0.0171625
0.0979348 0.762596 0.139369 9.9991E-05
9.9991E-05 0.938254 0.0373644 0.024282
0.126627 0.865995 9.9991E-05 0.00727818
9.9991E-05 0.954996 0.0213875 0.0235163
0.0812077 0.918592 9.9982E-05 9.9982E-05
0.0767797 0.92302 9.9982E-05 9.9982E-05
0.0910881 0.876358 9.9991E-05 0.0324534
0.0125271 0.867374 0.103201 0.0168978
0.105667 0.820455 0.051175 0.0227025
0.0529261 0.836858 0.0896158 0.0206
0.0661173 0.907806 9.9991E-05 0.0259769
0.0367313 0.930643 0.0325257 9.9991E-05
9.9991E-05 0.954794 0.0271057 0.0180003
0.0848547 0.888215 9.9991E-05 0.0268302
0.0274718 0.373825 0.581013 0.0176904
0.0319057 0.231638 0.734418 0.00203843
9.9982E-05 0.920829 0.0789711 9.9982E-05
9.9991E-05 0.725427 0.252941 0.021532
0.0325661 0.927885 9.9991E-05 0.0394493
9.9991E-05 0.322905 0.672641 0.00435428
9.9982E-05 9.9982E-05 0.973568 0.026232
0.231134 9.9991E-05 0.736056 0.0327094
0.548438 0.0634443 0.388017 9.9991E-05
0.679739 0.00833566 0.311826 9.9991E-05
0.841135 0.0650108 0.0937547 9.9991E-05
0.946117 0.0386544 0.0151291 9.9991E-05
0.838106 9.9991E-05 0.152923 0.00887179
0.816053 0.0207021 0.144989 0.0182557
0.813856 0.0716263 0.0766922 0.0378256
0.902177 0.0393511 9.9991E-05 0.0583721
0.126238 0.0291804 0.825189 0.0193927
0.102196 0.0635411 0.777196 0.0570669
9.9991E-05 0.0566819 0.890424 0.0527945
9.9982E-05 0.0478826 0.951917 9.9982E-05
9.9991E-05 0.02036 0.944021 0.0355193
0.0318047 0.0998027 0.862657 0.00573602
0.209938 9.9991E-05 0.762395 0.0275667
0.24524 0.0880178 0.64955 0.0171926
0.0742019 0.0419946 0.822026 0.0617777
0.240775 0.0810995 0.676564 0.00156115
0.131665 9.9991E-05 0.811167 0.0570678
0.780755 0.0803484 0.000345803 0.13855
0.00937905 0.824034 0.128659 0.0379276
0.103885 0.861536 9.9991E-05 0.0344787
0.0291207 0.964332 9.9991E-05 0.00644752
0.0565734 0.754374 0.188952 9.9991E-05
0.0845579 0.863235 0.0221336 0.0300737
0.348932 0.134226 0.477169 0.0396728
0.333989 0.0055475 0.623567 0.0368971
0.139387 9.9991E-05 0.787717 0.0727961
0.267466 0.0305205 0.652 0.0500135
