IBR/IBR_outputs/all.combrep_1/FireFreq_2000_2008_Total.Silt_Total.VRM_Total/FireFreq_2000_2008_Total.Silt_Total.VRM_Total.asc
NCOLS 160 
NROWS 95 
XLLCORNER 210004.651214014 
YLLCORNER 7350008.22228844 
CELLSIZE 4999.99999999997 
NODATA_value -9999 
[rows 63 to 83 of 95, columns 46 to 91 of 160]
80.1393337911273 76.9037352184505 69.818457954446 68.4089947634128 61.0957114856628 60.732329574935 92.7576197533403 56.2195754389126 44.5928867235944 43.0695718263289 48.26484953167 51.0978117727594 67.9016114076452 72.0117724397967 45.2328268609419 45.2374306004082 37.2164636987367 34.4160716519077 31.5441493769547 42.0756873080489 60.3190129302874 42.4623859792298 43.344424393457 49.6012051397406 47.143032051063 34.9319120981621 35.5744113020406 38.5020582833926 52.1637728785869 40.4009885398117 37.9406852820479 38.406597801079 33.9112960954021 68.5337105439872 77.9582941513235 86.4809719316198 89.4772776703471 94.8494527906973 69.449723838838 50.5669660936244 62.6469023507098 54.1381061939527 48.463416750327 53.8091048520493 57.1604914396333 45.4986730109836
59.0663531738962 55.3610324515885 42.9399547894075 58.7978083083149 73.7001743720578 76.7312027723 87.8233362817581 71.8299474074391 49.1954397823378 42.4232471867896 46.4793478652136 35.8804567275232 35.4484672473542 40.1557287706157 35.0109578232524 36.781935117308 41.5490071725174 38.102516159514 63.2848937800419 64.3856348279685 37.7061531484729 36.4993589579725 40.4778850133897 51.3223420692719 40.636600659873 38.9736553765111 35.0152817724482 39.6284863885251 46.9271002428536 47.906601863024 41.5868741550204 38.3924664530963 35.8017307845914 34.4602161320717 38.3266766287545 51.4101512484691 35.1641574076883 52.1905878185315 50.3009137801975 56.553372378616 40.3083050306096 47.5029628680812 47.320973414853 48.9015008008906 46.0228462673383 58.3720052519271
46.5530136851965 55.2332250782432 53.1726460525013 54.8268352805894 70.8322790429964 67.2266650794208 74.0471347899369 53.6540388227206 54.283310033506 58.6751206922747 63.1390549349822 49.8452824749036 43.9641523783421 63.2671067203413 63.5745691509886 43.6255944620608 35.6670494953715 36.5014203081007 31.649346694523 33.9654471595985 34.6672595362378 37.6636088606362 40.0266583696754 49.9116814254742 41.7692266179602 51.5814170241062 62.476628467563 47.6525136425118 45.3781837992005 34.9033433051115 40.2207279074486 47.6291238889134 29.5050939496037 41.3336145764485 44.2578641092231 53.4495302428979 32.280761120017 42.7392523097916 44.0631236014931 35.1002579665779 30.4240267892646 31.7728552944766 49.9302300111999 45.2266697804498 29.2247274067096 83.3397758549291
37.1702375553105 40.8727288923506 50.7494689360372 58.1737105913768 51.5855949209647 57.4232780156728 76.8155619801001 64.2918871265974 55.0648370713888 59.3694764188141 42.7157437373514 43.5482016219906 67.7854740694083 66.2065476622684 52.3305299172665 40.5969559367214 42.5933078680136 49.6436361064381 39.6687259849711 45.6769016324681 64.1145774475364 52.3287746630137 54.7717537307797 50.1494508374968 58.0102280479751 73.7433883311717 75.8077723732668 56.3549746652721 65.3884875541234 61.7761396731506 55.4434442979427 79.1790928803378 53.3165672715811 41.1912724216518 27.4577120592617 37.7074627110055 31.9578728636569 49.3420439205177 37.2236360006946 31.2815272475411 29.0913284439393 26.419132892241 35.9621486666359 69.7211392631543 48.332471774377 63.2679441001715
37.6261171285579 37.4905219465285 50.2218858001027 58.2871101206282 60.8109118401488 53.5674742500558 75.3355049232739 72.9548973545703 58.2256194446933 58.2950317224554 51.5604402459326 61.9234924823251 70.38455410232 54.334730759204 52.922269153245 66.913655694139 57.6460094298917 55.2997557031564 44.9042985617713 45.3206346195085 66.017369892486 48.0984222302945 40.5071915258566 33.6895384017941 32.7537621929637 34.5311091342506 44.2567492584929 89.9864099801291 48.3642681760886 51.4054887656685 51.9603644746983 58.7603181486807 73.0209818862922 50.6069626601757 46.9346630098067 40.858316876359 27.9487995232341 30.7310760406479 34.977042699514 33.1884293579565 31.0636324856218 29.7986780700903 65.6961092275044 83.0472723854852 58.9956047962796 65.4190871214467
51.8104895970199 40.9499011059146 39.0585876946925 65.4912725968415 82.0001601971508 84.301850724878 73.499917636265 88.5536684068505 93.297067368017 82.0448027259591 93.3147963052174 66.2836927103186 57.5564331601918 41.3947677781536 50.8632463808046 63.4637191282295 44.5357060836259 42.1264888675319 34.2221338269644 42.0973668591475 40.1887371041851 40.1325357126879 37.9478240493897 64.4706051824764 72.2582587303356 82.0458277619598 61.9116518081738 92.4126220724777 55.7943473736262 45.3761241035861 29.8460276193023 28.1304476269655 29.5843049037615 36.5180312888059 32.39212545258 34.2209083809333 29.975995126028 29.9238207653065 50.1088398693067 45.4240079617129 39.5876996844396 44.4620530428003 63.6132064509353 72.4684272591525 69.1600078194044 47.7203696820026
56.1907833781745 45.1463684333407 37.814900795483 61.7627499860435 56.7640003806995 50.9259035824418 52.9152262933463 79.7351587572102 83.7843486187636 75.7482087727793 86.9391739229079 89.1169939342229 75.3406682956172 48.2836334143596 44.7872625424186 48.5195968452741 40.3721703911968 32.3332839531267 35.6022832917069 36.5061787070592 38.9258265638566 38.0374209172483 36.9623684188107 44.3474248306237 112.046101301002 78.757879718714 44.0312315304603 32.7170548639837 28.5972084944567 38.0917443016982 41.1338177657351 39.6338055451239 32.0492635984959 35.0026303491976 58.5677705343454 48.0831901794779 44.8377840167466 38.1236443069389 39.4087142063348 32.583213820519 48.4569349882172 73.8523301675314 94.9495983811303 69.1925383833728 94.7143110015408 29.5907459202413
50.3619802340722 41.2627088140853 41.0516150746085 41.9234701890497 38.2083536755876 37.5437423366138 36.313173123576 43.7295067010737 65.0707753536774 75.3051907574338 68.5422932250766 56.7042225414492 67.2148262050726 83.4390838833852 64.9411610688467 62.4000805152813 47.1399302976269 38.9243659900854 36.0976399839551 35.4607400131173 37.1457693993023 39.287269420124 39.9215779388169 34.5943051146835 66.7659287121734 109.667553785437 59.038156211097 37.7027857228475 28.4824821302843 37.6848057517555 46.4574034459654 40.1091172350972 30.8583365743501 24.853237914939 28.3101146498638 33.1311985280932 42.1594976298248 55.0173997953924 39.6284169064294 31.9514987419029 30.1624570685103 30.135572536214 40.9143326848655 80.043416426238 60.3513183621494 61.5068478621143
37.6675531062483 40.3842285294125 40.0934318841872 37.3288817376292 36.7441802770134 38.3360424078177 39.4917998898908 38.5266901746822 41.5116004810331 57.7360185372613 80.3868034254008 83.3092142485183 72.7247814774504 57.5355285011866 66.2716579500443 82.023666161716 67.5099188609602 52.8576646899436 42.1670582875975 39.3339069308874 40.547285220819 46.6316850398813 47.475613846152 39.6111160796347 46.6894121074633 88.8368571082777 49.6217992219497 46.790145139251 51.7150341082184 53.1350990224245 49.1095619596999 46.0377941847803 39.8570919315076 37.5678634759728 34.0367560557189 30.1228784278072 25.2674905551019 26.7545298418572 33.7114286253599 49.7226047308985 41.6801796079629 41.6562898384786 37.7377554968282 35.4654600182881 30.611672930447 33.5922788160868
36.4616856471746 38.7760636473258 40.002221775591 40.8792044290117 41.3246429363613 44.5740723748408 42.3890131598947 39.4627254290432 38.0792412111683 35.5482744807733 39.1753086903289 48.6095033237456 42.3256677379096 56.5125952654718 59.7306511045116 74.1857211645329 79.3849812202825 67.209757271275 54.7839722722624 42.0772755917544 44.3099147202377 58.4286273224169 69.6253569830941 46.7958949861265 50.7996047155428 49.8160862342681 47.0772313290357 59.7271070602018 54.0710188076506 42.665781575904 74.0045553101499 69.6553194055093 42.6785005293454 44.387016830835 48.87264686968 38.0318313677387 33.8786776786971 39.6203370996566 42.449313130229 37.027650946604 34.5045908772579 50.1385417195881 73.8532804780701 71.1550912140444 40.2667273101151 39.9803346923435
39.4307137843889 37.5943629359624 43.8824091806695 45.242088231094 43.3993822124784 46.49739807572 47.6375115185758 50.524179328288 47.0003544061394 44.363870140151 37.1047610151767 35.3689792419493 37.6655547453475 36.7419951776198 37.3870586995119 56.3549657171482 61.7263897385406 56.89197416118 61.4082679156185 50.5733209665131 54.329968958792 47.4839391312399 56.2987379617964 58.8475974745218 71.715018206448 52.1268831253693 44.6817777776949 50.0971957906473 51.084250799963 50.3428381392186 55.5963666313465 56.7966788515996 53.1018754325523 47.8138969012152 47.601004186807 43.7994896463811 52.6656297219132 75.907355455213 56.4516271257193 37.367423662835 37.7491121358971 32.2357755411209 29.1273622502801 83.638678918881 101.618343775325 99.8904382838717
39.067143576968 36.7330686720072 38.6021179786589 38.4550843070868 37.3009854311623 38.8059834278445 41.8327597791441 43.1192754493502 43.7064199177723 49.7723707352386 45.0069164228529 40.7439085408834 37.6140858876032 37.7021568974739 43.2427697227016 90.6024671576221 56.4486391805934 61.276276384848 55.4346486294478 50.6288093210993 59.169712627056 54.1822250311999 53.0042579864245 47.0103202458646 52.0727790418624 70.6522829074868 65.6221973675125 58.3671569879235 61.3367249255315 52.943153615275 45.8485776160114 50.2095136192538 44.5472246469813 36.1254214515187 36.293694317882 46.658422695382 65.069181736742 61.4243119690466 40.4090724476131 52.9958764328438 55.5963640698628 60.550105546094 56.6307610261515 72.3869951624069 69.3034747180513 47.6899093463737
36.9496148367098 37.3906116815359 38.0951352711675 36.9906376977226 36.3001565501948 38.3006510660535 38.2715263074545 36.5395720911114 38.3719337415894 44.0250239521004 52.0054334659168 51.6381889983635 42.8173242677703 37.5496456362176 37.5447562806262 44.3496905146237 54.4805957675869 52.9461211444214 51.1356741847777 55.6925557504325 55.6411714931332 54.5097313089356 49.0327482254906 41.7399421846641 44.0908146983438 46.3708498820839 56.7465597216399 55.3418149014344 53.5393676692912 43.0415684015024 37.9420556890211 36.6960536519453 32.8435957941916 34.7377349546075 44.8329522275724 61.586980161562 37.2885251347272 40.7428433827989 47.5723279903353 56.4042803325261 63.7577106658965 42.3213057422301 52.2333407249609 38.5336428317547 47.6313213414553 60.1005406396313
38.701970782432 38.2648843210215 37.8061447709712 35.7334334016988 36.1672285791504 36.0766036572386 36.5832742380874 37.9417189473049 38.8417932446205 46.9712942472951 48.1087738811728 46.733337898349 39.785894199243 39.8335702430896 36.8988501758103 37.223071411432 39.0179682723453 51.0360424873397 40.6481228451931 45.6880827522456 45.9827413904262 50.7248773332022 44.9690178252538 44.4067728879154 47.3144077917933 47.2232873145655 41.3434742451504 45.8912607337907 43.2471488353021 43.9149528172749 44.9275590603252 46.0157721723311 66.7206275920405 64.4618715924421 67.4014617340967 40.6823340720267 30.2347126349858 31.741352929903 36.3421193870848 58.2451203274852 56.447985839025 76.9603158650638 72.7093990795137 32.2171740578903 37.3473581790745 48.6450803699131
36.4920424270631 35.9621649083907 40.2938770002556 36.7992478260165 35.805411478394 35.73944665456 37.2285505083178 38.4650009919259 38.0328064333162 38.9628672191894 39.6599506953075 35.019319674797 40.4990056087752 42.8589321816087 36.5469726878649 39.9879010879662 38.6933317572616 37.8873404586784 37.5197144720049 48.8323142934944 66.0375215426445 67.4222389829469 46.9334955621408 45.0027909226383 44.8172278089642 49.9248675743133 39.5015679433212 36.9548101322933 40.4338247512272 81.5027935477663 66.610507539641 69.4173748372246 54.8083379325902 42.7027473817188 34.260717122754 41.0069232171005 43.8288174880008 48.3860302371147 32.6206241153297 34.1819023037044 46.5868537350351 52.8160745989629 68.4199398296741 78.2226040526284 37.7938455624566 50.2046637731612
37.1370458492236 37.7850771987025 40.9238756782035 44.073723078427 42.4384699577111 39.3183875734913 35.9303686311238 37.2395485343982 37.7736895611 38.9173797194126 37.1703079535632 36.9502305517309 36.7885877726824 39.4400988384183 36.3244340774444 38.2065773421451 37.3797337224933 38.204337782475 37.9732644298201 36.5147571465814 37.8768683528101 38.1594438153815 57.6824810536994 65.2867523041064 54.772156858353 51.2229800011564 47.8123311300202 40.1824516409732 50.5282319763342 77.2563403275828 38.1709704620132 37.3348616385622 35.7484775488885 34.3880029069533 46.3623990536831 37.9852598042457 34.6983657155118 38.8680528559838 46.1365734293021 31.2537143779205 29.4485924782024 36.2672881907197 51.1846564034689 61.760972512918 50.0130417780914 66.6444920515574
51.6109389901255 51.3018180669337 43.0987375961641 60.4647546018032 105.959111481317 81.4800769800847 39.2672449632307 47.3368062204265 37.3417479507613 39.017325520853 38.5522344722269 36.6555013113878 36.3954419040419 35.9440239425248 35.7189128085779 35.9335485598827 36.0670637788521 37.4927834344484 44.129229375115 42.8615365068505 39.2822904908541 35.890076890407 35.5842758689983 36.602189577817 54.2382430448572 78.4592549346206 93.2660712167139 64.0033811573738 64.5436933782325 106.49432004047 68.9724064181111 48.1686027631559 42.2671119347263 36.2336218364413 38.4881313715848 35.7223036275351 35.0028794698266 34.6857358589514 29.3504233516452 30.2260411882482 29.0391686319112 35.8082573221709 40.7623100338251 55.7712585583999 56.9150032619221 61.4177740265948
63.4900432850021 56.1905252045025 74.7073342801024 70.2396712587786 87.0485573886508 108.332516657735 84.8610632981646 85.135720291685 63.5609482767339 49.5891054878576 38.28658744203 36.6247448259101 35.8152938438433 36.512072763603 37.2697651079986 36.9101640337987 36.9135652543718 35.8626057870006 37.6444609784063 38.2948547344535 37.7266157628821 37.2737360251477 38.5365781271032 37.1829441975099 36.5521693413483 38.255826146757 43.5599174962858 54.9671347281505 90.87504709147 114.320778918538 94.1757158342524 84.8080262759667 54.5034349451982 39.9836826790839 44.8601801968763 35.3481253818692 31.3796958984127 30.9310544603278 32.8326266030436 31.1555932329802 33.5517292961806 35.331354662072 58.3057448679963 42.9008098234585 71.5641531276387 86.6112464484107
50.0391974471568 70.0114544853451 65.4273380904894 72.5242336643553 67.8560443042352 49.9763784935928 85.8568829786352 113.226120652189 86.5169777137898 63.9923293547051 54.2078339198082 36.586526915835 35.7089878306147 36.2864409060403 37.2575453006982 38.0222001304782 39.1082351602443 41.0632919132573 44.0559482414778 36.9674501652866 39.2358916764901 40.7157554339253 38.282978725907 36.297868730132 35.6704206809499 35.6427777698338 37.2451880180264 57.5573626012049 54.4810490959679 36.9029470476957 39.9084584110737 62.0922601064841 71.3587977335506 54.8005708457908 44.762209303457 37.9459154903098 33.3510878393321 44.7376227099175 37.8309765719001 36.3396739478002 34.3090618311916 51.5731865879583 52.6692351367997 50.3156269151591 49.7049729845178 63.4560133464221
64.5310554961281 65.8208303356645 78.2896493560236 49.5293649946871 40.3142726720894 69.0420723328592 80.6373464045045 94.206025117927 78.0441739196307 74.1700301725847 87.2855976954737 67.9979104124952 59.3746363392742 41.6475521352466 35.965908698776 36.7674194802655 37.7678192176625 39.4056009533897 42.9870157574765 44.3822296896651 37.5283344969491 41.0282589565846 37.9923407516344 35.8825340121179 35.7071210192242 35.4446272609355 35.5741809059743 37.0744383112455 55.5071793721097 42.9237031053693 41.8563683783602 45.1185806101324 41.9141246133265 101.249785038712 79.0582831767105 40.4581092413703 37.2927682190705 39.1177801404456 45.6190968359638 47.3509295641955 39.9320437076965 45.2968384165171 48.6631038278339 67.2002604553335 90.7004701103825 43.7164055230519
71.641654438275 42.1474248908006 55.6974567744827 70.3498491549519 54.0798588078743 49.4769427242641 53.6011586576475 59.4357648774326 85.3772411832287 91.5081034670162 69.0022592142378 47.5903539674334 46.3640719125149 51.2658788162399 48.3993027813086 41.0951059920382 37.6934455022614 39.5419825423203 38.6321120848898 48.9961661597488 45.261750947174 37.4310854541713 36.256798447201 35.8748593049063 35.8683737693474 36.0283541353759 36.3748027294011 35.8995197980108 40.4467312641771 56.3719838815621 49.2155079557479 86.5636844800494 76.6882594822353 70.7508918530074 70.1725989086141 51.8506536295931 37.6556681182302 37.3681723192217 46.6333424210514 37.8821042093389 40.9335619460399 40.5258827109486 35.2315122148757 38.809412554334 38.8723954453214 60.6933281860882
