IBR/IBR_outputs/all.combrep_1/FireFreq_2000_2008_Total.Silt_Total.VRM_Total/FireFreq_2000_2008_Total.Silt_Total.VRM_Total.asc
NCOLS 160 
NROWS 95 
XLLCORNER 210004.651214014 
YLLCORNER 7350008.22228844 
CELLSIZE 4999.99999999997 
NODATA_value -9999 
[rows 21 to 41 of 95, columns 92 to 137 of 160]
23.8775935647418 28.8571338520173 31.5443924468345 30.1555385216828 28.2858846639935 28.4041015427247 30.8982992756953 32.2690633129199 28.9418177670622 23.6130963166152 29.2901445581815 30.29042094639 31.0704614238245 29.8548371415732 31.9030141776576 26.6605187830201 20.9471330009773 23.9978931776738 34.6701190294225 30.3623092262034 32.4183532319958 25.0479976196221 22.5694303383689 27.216282764503 27.3076404316414 29.1799292830769 30.0204241182172 31.5920983404015 33.4718387813256 35.381014779372 31.9783809154602 30.1384874360083 28.4425777479334 56.3825753105024 50.6745887205219 49.6247221232679 32.9771309583849 24.1851233603426 21.7316549838597 23.7516282933465 28.2478341729533 19.7882839250615 25.4094686886805 23.1479008908082 25.9738093013615 23.5679147740519
28.4397290243843 28.8325834608191 27.1375719805499 30.592113264427 29.0831412787072 33.7359381731003 29.048090239959 29.9029857808853 29.1974271414227 25.8078181448146 21.7148253016498 19.8810072096062 31.010256001878 35.1947041628231 31.5376455800052 22.7825039524671 21.2674931973492 20.7226834057214 24.5542203222248 30.5809413346511 33.7214964100031 29.0801237356728 24.6137308632228 23.8783705418596 24.5736155278254 29.0421574368305 24.3426500916246 27.0450651724017 29.6215484370908 30.7542583606349 31.7286523289217 32.6850524961927 34.5942658917693 50.2676991777146 74.2763591800693 33.5457145646333 29.199700878981 26.3302890878687 27.3820955458946 25.8993887625983 29.3620833206985 28.437389639985 31.4475728806582 23.472105195896 22.7696074156156 25.6134846810414
27.9956974291374 25.8833107847141 28.0368425437912 32.0457365768172 34.8766440560092 32.7093934116556 31.0285758091003 28.7111686120319 28.3077341043123 27.9705931730048 22.2867099393491 25.6337213302814 28.855595097468 32.9570551466867 32.8495476214713 26.7360921001269 19.7851334946942 21.7458363959935 25.0992093448831 24.3163441967103 29.8316755381082 30.7805009671868 25.6843415157025 22.8444603076456 23.9781687693387 22.8156232959236 22.1614123889183 22.4048304486225 22.9606918004913 28.984821271445 29.6546691997181 32.7032313113839 36.0261359721876 51.1142477063101 46.6114458155508 35.2733496423463 35.8020384795285 35.1943563129982 32.9660551287156 31.2820600920353 32.3145950452905 35.4045676918991 39.0913559990762 23.031544652968 21.4612656227293 24.3451166061168
33.5141566824417 33.5174480726406 36.0561317379599 34.0575988965438 32.2879965615925 30.0090514647642 30.3770421537693 32.4432278231627 23.5534360385361 28.7013716950028 27.8813948196118 25.9801050873374 26.4979273851588 29.5331350984812 30.744710463439 25.8433489177134 23.6810265082715 24.3424285558536 34.0094308838898 28.3147927290344 29.2047388230953 26.3429996522451 30.1645001189827 25.3393356503223 26.020286239413 24.2199113779144 21.2027930967425 20.8047217817382 23.8080176968709 26.4477845059803 30.2241004511009 34.4128048365903 48.3336854430454 43.02186815499 33.4401955205988 33.4228470646322 32.918342555347 34.6130769859605 33.3606927156587 32.6599766524023 29.3208023674911 33.3971685946275 36.7398283287543 42.2141641445853 30.1157016485171 21.0938700621101
30.3148010261917 30.0456705797488 32.1528301151862 31.0984697209813 31.4920440286927 28.7554013343662 30.1487084583396 30.9690077391985 27.8702229574361 27.9064647651079 28.402864685854 24.393806254114 25.4197861387413 28.2488526171806 29.4133786137757 24.445709067657 29.3228747928262 30.1967829364902 35.640306174445 32.4407774292919 26.6964836162201 27.1624106280425 29.2587792201939 30.8099195252027 25.0874718377418 24.9337460483366 28.8770422450913 24.767465407256 28.4413399712549 27.9116908517006 29.1901348835363 31.1248540533482 44.6659478767168 48.4947243136346 35.6280324645919 32.0706162130363 31.0280888250936 31.1888314627576 31.1499888372219 31.3397488307361 30.2826988201959 30.0296672058147 39.8311847383683 35.0915091052427 31.8549849210577 33.4029358231805
31.5584244109844 29.275700405507 29.5993977083169 31.5148989811143 29.6614287214217 26.9263673689872 30.3833687805736 32.3581186019147 24.5382697400134 22.3501480563624 22.5096741369252 23.0709137223238 28.9114609290729 24.0884011428335 27.3163008692671 25.5158305493217 36.0486178997279 68.1040964133035 79.5758673219844 61.459498157753 27.8611576503956 25.3936499638716 31.843171274303 32.0621542312103 30.0764465909761 30.4675535663365 24.1773120617262 21.6756577070945 29.9313793196043 27.0345452525293 24.1702686530834 34.0368444070316 43.3952647791855 45.1658616580113 37.4741644367317 41.7416933574222 28.3411229488676 29.4335267274592 32.7638431336833 31.7693775565155 28.3007389531482 26.0779522747298 31.9504274810663 41.0755319720443 34.7255784585119 28.1798983313576
25.6757802754171 26.0368543562884 25.930627331948 30.8231467852175 27.6106683274952 31.3238958912845 30.5651476100785 33.9295745723177 28.023463472049 26.3952085993302 27.8363342083495 28.8117671415826 30.2268885136106 26.2754860336145 27.7833906875782 37.2255980582965 74.5021571123905 79.62583367514 57.3016324461651 61.0886484663758 37.906607594516 34.4186056679995 35.5983794018017 35.6300954778229 34.2299820718584 30.1147882868783 28.7830142100768 28.5698304053016 32.7332132366198 49.1882842586406 55.246331311189 72.1990801129613 51.77992227831 43.5271709103937 32.5561739833833 40.5889044839175 40.9831800937558 30.0683818969195 33.870818676674 31.4251497147939 29.7948912924736 29.2336481588326 31.9279854451414 38.4596803248795 39.5413626924842 30.1824715514459
30.46787076946 31.7975502100159 28.4396654916492 27.2510241754796 30.0474611285505 31.0304270921909 31.2818203652282 34.2634629124417 34.5956070562742 30.3955717050524 27.4081114356638 25.3331162689393 29.3302321575248 29.0523469883059 31.4664786992091 47.126374194517 38.9989141885855 39.0013354898211 42.0235104538158 27.5081851197734 39.144268079893 45.5075659051206 68.7619645487066 77.4838935226232 59.3722494340861 50.32938125784 36.8827564214651 35.6270382183257 24.7407889066596 24.0919193646126 25.880606786862 27.6162439879411 43.3576845764404 34.7608782649431 40.1836580789592 32.3983153127375 36.9833203920537 33.3612384642136 33.87636402122 31.9315363495098 36.2261916700484 36.898361870574 36.0632806591505 39.0937797095671 34.2567680102525 30.7957428729702
31.7639139235756 31.2178379458515 22.7910568400183 25.4941962471244 28.9235129088226 30.4270074556646 35.0200968147257 35.0160092425997 32.7523719861341 40.6326439633767 33.9303836834595 31.4343262098892 27.3898618804221 27.8892506741552 31.5935877926037 39.6717291240329 62.4980853669373 69.0418974283565 48.2245941391751 48.0607033381852 52.3874824012927 49.1996743595551 62.4389533288987 37.3956227043176 38.998227703417 33.3630239864935 35.7656343783803 32.1012970706716 25.5200351265644 32.8450895963785 27.8780231388437 27.4680154968177 26.4610421491317 33.427947343061 45.043973784301 44.5056219994052 30.6875138279995 30.5142482269681 30.2513657762894 36.026639893884 38.3503073626746 36.2192233004658 32.169584505277 38.0119964406678 37.3982130855443 30.6526687636427
27.3428886243955 32.0018196367445 24.3928753481414 28.5856663868048 28.9820854218269 34.6441140996933 32.7352333483269 33.9230694800274 27.2222078851742 26.2896951123936 37.0429849109726 52.9335717564399 33.1397069209042 44.5253256260253 52.5156132431353 58.9514938535435 51.2501723616274 42.5929559172751 57.5665535794916 47.8864491666166 57.0505566965606 52.0468662465822 45.68802254906 33.9329846865375 47.3691583901265 32.3442247468662 31.3297415137616 33.9688460567815 29.22317281527 29.6819131401382 29.4750242383875 32.1137406455447 26.7306846082214 26.1155318493606 36.7368476067344 48.7604983477316 33.6816380986841 27.4243431443944 33.3086184905244 39.7878509717265 33.8571727551337 32.650456188236 31.5614436660365 28.9772456539353 32.8368245884015 30.309895005163
27.4127331564372 30.0684175163487 29.4093966717482 29.9941303478183 41.1039175619842 36.4385725949186 29.9511460354147 28.1622394594313 26.5917351379926 28.7266552032374 35.4295673211765 39.6869084777837 45.6541185803804 74.5805135387173 74.4553105642607 42.1461970717273 35.5788721642242 31.5025937529914 62.61195881215 41.3795451541498 46.0133221928078 59.2885878555561 32.6150556155716 35.0456746566415 35.4074880132359 32.0584447362973 34.2607875633182 33.7381824106727 32.6053610823251 28.6581400177687 29.5914594576906 27.811617076884 24.6018522818095 27.5721914809047 26.8204114328198 38.663973376072 33.6714118425918 27.4443301427088 26.7681504646457 32.5632666709036 31.4661380269925 24.6337268321606 33.2827779500091 24.9610805692202 25.4730289057859 30.3140426724369
36.5725714651675 32.0219509086154 24.2582641609942 28.6381802540488 38.4748610386607 31.0210256018795 28.6809115741857 38.4083495567395 39.5339459648869 55.1772626993109 78.0765154443429 89.7410950875439 62.4843008364927 73.3200113695285 51.8373630245717 39.88989345843 50.9676664221726 35.2557361046303 40.4830291484391 37.7424159450524 41.8445773616278 68.5303236406371 34.3064338358031 33.3173314754939 32.7974111988525 30.3597531339814 34.4915987200135 33.7835651776018 33.3117666559767 31.2863054424147 31.3503298708394 29.3764736410988 29.9964902711384 25.5508845501507 24.7360168149393 28.7122914671406 32.6914687983808 23.9651131380816 31.2146166553349 33.9441437459906 34.445317866289 28.8628654739077 31.872955238725 25.2192435524299 22.8506355796077 26.4938105766327
72.947929069887 46.5319864035804 24.0679923933129 25.7113153176184 30.6071866821251 34.6812478317682 36.7234095459729 51.9993405231563 63.3536136933299 67.114957337255 45.4137969647556 56.6664127745446 72.9045273748366 78.8431581501605 53.3299731940362 43.5892884436128 52.9338797198915 38.2211226142276 32.7781462521758 47.0804813773262 52.6348694850555 80.8639048797682 47.5651862490977 31.8801762321177 32.4598510133991 32.9110533178064 32.1669203887889 32.9131600966443 32.7444223921043 29.6120822415336 33.8029256213164 33.7186529804517 25.5459107246839 28.9179781727323 25.3236051715332 22.7100137934541 35.1024621462644 33.2008331088491 33.0283639485296 32.7465597370245 40.9936574667656 37.7862515640395 37.0782124081479 34.4596816563767 29.0414135102492 26.5941851596691
68.5132221425129 32.5270716601386 27.6345514020726 28.9170237006702 35.1133946868685 50.9431463084341 66.9310023462142 59.4218685100704 64.5216459107859 52.3726625486954 29.042875966162 32.2000096240588 73.6982059759223 81.3553157692194 44.6150395871864 64.3088029099957 46.0278403849507 31.494182332953 36.9091227315939 43.7887249709627 36.1374283230062 51.6354234762163 51.3874266318404 34.6332895179413 29.4308785262689 28.5294284538384 30.2258936757047 30.9113222927124 30.2571710044227 31.055930841136 28.9422732083621 30.5224017964281 26.8943934371715 26.0984248969392 30.4492013559715 29.1423112304766 44.5391506054036 31.9160749029191 33.5025333296713 36.1389974451165 43.2866656760684 45.9943062322838 52.7774834754058 51.9008566283796 38.9252435483891 32.6673250489488
39.0113850819348 28.5278425214588 32.214986731797 28.7002383380545 29.3849431043271 23.2045202800914 47.4572930151139 51.4524131602835 68.7855149418947 56.1880750508565 29.5335961723546 37.1559508541528 74.9426801920192 60.12645532057 81.3553495261246 67.7580933787758 62.3155929065491 55.603511677374 42.5004024132865 45.4620782668748 30.0580694115111 38.2154432168594 43.5615848049178 59.7611993909703 38.3278543315721 30.3653467899826 30.217747924488 29.6512938774961 29.8181492389417 32.4360067707336 29.9182248849511 24.1545290854846 26.0209290280291 22.9142975998777 21.528443731079 28.7168922594265 45.5034437702571 29.7829000930846 31.4170696967132 50.6630695101128 37.1396432096767 34.6958065658969 53.4943333200754 48.3888260329305 39.0928219046251 30.4143240616805
35.1978608399396 27.9580863565768 28.2105702273073 32.4223871874005 29.3828622065831 28.0594848949791 33.0705831225493 37.9838741466963 71.4654514413343 37.020143303392 32.9431711599947 80.6913647851708 77.3953517384172 69.1590125454158 71.2343383241154 50.3226285308563 41.6137668091364 37.4908267894983 40.5994880034731 30.5088011534209 32.2486785796352 35.3987033115865 37.8606621735942 39.2368249470185 43.6081933041306 40.7244870433038 32.8260719397737 27.2898904440095 28.9950171834014 33.7579131110411 34.0708221569723 29.7401871305887 28.0237049926856 23.8739214320104 27.6697862920435 43.9140390530999 39.4231602912002 31.489933340046 39.1539610086328 54.8144785151514 34.9605034808082 31.1151239169339 43.5247081052964 48.1675858978951 36.96381972415 31.412590272954
39.1696550569333 33.9435098856876 30.0846907005087 30.1675766293264 29.3037134825507 30.0204922577579 37.9559641395527 35.0433009610246 49.5988771703664 39.4786415381905 53.2171269153927 84.6816775813915 79.4665172041596 76.0832785552119 41.0496721910918 31.144541091665 30.4722361381212 40.2279949821861 32.4719041444077 32.9558878186807 51.9117392912895 44.1528557562005 41.6222080137373 39.3539540069166 36.9481308078095 43.820555558481 38.1538624313455 30.0040376356977 24.3768991423758 31.6474899990148 30.8663745290449 30.3475467484385 24.8816133214408 31.2805578604073 42.5749108942033 37.2589701496999 37.4463187421236 36.0599727693299 45.5551257986197 52.4398886198872 34.2196694184352 31.957005358708 28.9296696018488 46.9206982686231 38.202265819832 33.0825764517665
34.7001554688244 31.3994652868733 33.2986196467011 30.5248156330263 28.622202494565 25.7215412375334 29.0789731787518 28.7342016778163 32.3225190479565 54.2129722763106 56.1475337260372 50.910988953144 68.6130697403162 40.318679254933 33.1302037816642 30.7892069838021 30.8239805935146 30.0699037610833 37.3413730297057 34.8330119485731 47.8317776888882 71.0962645641692 37.7213456019608 33.6267277277389 31.2832332086623 30.1502361393995 29.9554842755348 33.2333646376175 33.0116502650696 28.6468560864333 29.4691259181748 31.8139432735415 29.6523904213179 48.4829207047225 40.392561621747 43.3123326714227 51.2767057281162 40.698551117414 55.1678521154164 48.0135711201192 28.2961126390722 32.4386447491682 29.3054256166085 31.1748935633983 28.9272832615158 29.6788549252557
28.2475406847008 27.518493952725 28.8161442862832 28.622502011647 26.4417935066963 22.532947001183 30.4970061542919 30.0224489497949 41.4479350259066 72.4766881348614 53.9619037580266 43.2066244319483 69.2411014121742 37.0559762816702 29.9422970314282 31.477534021874 30.759744691044 31.933364312504 36.7814699770147 34.8870607653254 49.9371880896299 66.520014985942 39.2369172840256 31.4524263270303 30.4809421891031 33.1541304157499 29.6814433919456 30.0490165063246 32.4236908331656 32.5697177856228 27.7632530634282 27.7473365342178 40.4129046376286 37.0924892468332 44.5774718762846 54.3917810714141 46.4215272695539 36.960694535578 56.3378318951069 48.5561957090328 27.8447614747384 23.4686995678987 24.2561092174051 25.669249805115 33.9090302645378 30.0024178225936
30.9038622862484 31.861155384761 32.1034154264462 28.8964805400768 26.5417944281119 26.2829910732241 31.4181798391789 31.5985531937425 38.0618566865901 61.1733180852996 53.703962483078 58.1614771646486 76.1598225212756 70.0949414559732 32.4679252043409 32.5702198826287 33.9531185077892 34.480180547289 36.354698339938 24.5763962430025 34.7875961365322 59.3994043177296 40.5178265855063 30.7403065496345 30.2712969959882 29.9576496923051 28.7625094361606 29.4112924801776 34.0386201189597 37.9644665125338 36.1326737124444 43.8961193571574 51.4591466295573 48.2624893657108 44.1855377756496 44.0049177307422 49.1069144570487 56.1643602671288 40.8561206684645 31.8255027231451 29.798015954884 28.1815239875934 26.7744780805895 29.5113287252926 31.4648983591151 34.9068071475997
27.7532234809202 25.845056243475 28.8591939807704 29.702035375041 31.8354070906321 32.8143885226011 31.0556803757283 30.5969776105437 35.8442286521443 39.8071959034265 54.575847339349 75.4401382213291 41.7307333992495 90.5904358804128 36.471360542279 30.3789455409701 31.0528966754961 36.8641972567427 27.5514605853448 31.521146304004 38.3200429899001 57.479281480539 45.5361127034155 30.0356333932468 29.4324707574079 31.3663836134828 27.8025308250972 26.9439514621055 42.4635538435116 54.6681033544694 39.2518761244891 44.2250067376406 56.1817307353807 36.5287393780016 47.7691503699127 46.7090724395674 62.4221256828761 55.9805976333814 33.584625518 31.1233847012953 29.4157945387003 32.3309205237805 30.3314312023468 29.8680474567011 34.7392330880791 36.8593555854345
