0,34.8914259127672,35.3314247222304,34.9864790275124,45.7514952605817,44.4259879978875,48.5198502387181,42.8916652030276,67.0121418819417,64.8076130918175,93.3863610597926,63.4772135840282,64.5944420630388,63.124133196987,78.0643104574844,72.5637109509017,56.4342621350799,59.6121062144611,58.6678978376684,56.4919568879998,49.1841681394491,48.9950025186012,48.4198754784671,81.0139876333743,98.0612619419479,103.908404952568,85.0237082139629,85.7415232299611,59.5079805673589,62.2011987756312,63.9720740729132,70.3785969738279,90.6248915436846,48.9850117747042,72.1630484327131,71.8245852745521,58.8735553150664,90.4615473931479,91.0116701784581,89.6486057516823,94.3404600247446,97.1510492307702,99.4441782977063,99.413787284175,92.0103238512129,93.8674292264382,93.1637028801569,93.561289768195,92.5158403609115,91.0181421647682,93.3653723632687,54.8166034049723,54.0339246144911,54.8260510336352,53.1975073053361,55.3954320085042,53.3604781176009,53.7791201254512,43.8255910873101,46.3579891263112,46.3653695650427,44.9253311187528,43.5722110852381,77.9836055527536,57.7245605355853,60.7194302316574,99.4764045355484,100.439126297595,98.337116832021,95.4945369850598,91.3744346949395,96.9487502814702,90.7027319893272,93.2990770780537,92.160721123138,64.1475615779004,67.2232488313673,94.5880752175512,51.1021223786361,54.6979659057521,63.4081220312222
34.8914259127672,0,38.8185482672559,33.0943899664277,39.6600700544673,45.7485469355986,49.2652475105004,41.0992305115771,67.4756315063858,65.2744585626769,94.7377233160668,63.9804538705703,65.0886999031264,63.6116665949775,79.6425544868745,74.0710441089096,57.4392561425636,60.6522988555506,59.6725008621504,57.5384979696658,51.036893744909,50.8882570467858,50.3313100008597,82.0903067510791,99.5713088233929,105.396787299057,85.9267582793643,86.6970261813505,61.1957342730891,62.6134789120536,64.3725309473356,70.8281299663958,92.120591630295,50.9066500220421,73.6471890646523,73.3088655176906,59.3986119761653,91.8507721433748,92.404354232127,91.0374652563015,95.7101482767904,98.5194502101861,100.809241823188,100.777666447232,93.3772806883238,95.2419032803508,94.5332397489573,94.9327026877849,93.8862538499584,92.3879341274821,94.7428730794559,56.1329961182924,55.375873591873,56.1915437836961,54.4068446057966,56.9526461485596,54.9138610356375,55.2948232335347,45.6492536684657,48.3946009168978,48.5084373700368,47.1184818425447,45.9105080536458,78.9013430046899,58.1024784469328,61.4896895494301,100.890676384121,101.858153079355,99.754118597145,96.9093199058601,92.7239168394799,98.2987858054819,92.0641545446943,94.6613936698895,93.498433088621,65.2499281091755,68.3395288027958,95.9415462767521,52.4936076975466,57.0353912362942,63.8112575899968
35.3314247222304,38.8185482672559,0,43.2459621114057,50.0122376688924,36.1356847229051,44.5390495227274,36.9079763206919,68.8363423004504,66.6158453844085,94.6986192942136,65.425131043322,66.5346709726524,65.0183194586405,79.460614379456,73.8745477534931,58.9954441412998,62.1523969509292,61.2119308082222,59.0457744644346,51.6776674331525,51.3027107472765,50.8065911234924,82.0342065487935,99.553577371564,105.371636504778,86.0218521222761,86.7278379626774,61.1476252807004,63.5208448501067,65.2742812288815,71.8886082320532,92.070397151353,51.0845872267838,73.4287793549003,73.0742181457775,60.8795530772235,91.8023366175526,92.3562866972955,90.9912922598577,95.6602517470944,98.4708560146762,100.759703247461,100.729488035024,93.3348111420686,95.1987578869327,94.491393335321,94.8896388551191,93.8447251875495,92.3453647510853,94.6996958760924,57.397162178658,56.636708886121,57.3836415664864,55.8116858587442,57.8261603865525,55.8354279575053,56.2958434864177,43.4017367852907,48.9432621373678,48.9204064949048,47.6426952227616,46.2419908716222,80.429579767076,57.3494005647081,61.5528476671504,100.850892743781,101.818881614319,99.7144624929271,96.869254926721,92.681552596929,98.2557299358222,92.0219558707459,94.6187192908873,93.4569499198633,64.8743845964168,68.0103895562012,95.7663869503231,51.5013080430773,56.4381472345533,65.210650296607
34.9864790275124,33.0943899664277,43.2459621114057,0,33.9300147507572,47.4830041212576,49.6031617398709,44.0148855201031,63.6508939790398,61.4669956633478,91.3931552988941,60.0108683419366,61.1289503973537,59.7046145990804,76.2011284439183,70.7133349278039,52.7625186748742,56.0040531933702,55.0167627527136,52.8742705347191,46.5462682414057,46.5899348408034,45.9601672681621,79.0419012219142,96.044990707965,101.899499066562,82.9203730197637,83.6948952645294,57.5216015100217,59.3591802051714,61.1403144880811,67.3552930260445,88.6393672972515,46.8149549831793,70.3325257717124,70.0087959120642,55.3610638560959,88.4762383401499,89.0259546450147,87.6612081286273,92.3568680633999,95.1662791374737,97.460341762995,97.4287178231006,90.0199234899937,91.8775077785809,91.1726760611729,91.5713523923401,90.5245024782873,89.0277790058846,91.375421379216,51.4595216488671,50.6800150990902,51.5487258033701,49.6842525699421,52.4674945673714,50.3824269685196,50.7141832503107,43.5915369826292,43.862233225694,44.0368900815139,42.5064397578751,41.3927007107955,74.3587503251437,56.4762705138635,58.6622417521483,97.4825843097971,98.4447368517147,96.3431246363372,93.500968250772,89.3842731911075,94.9592160662127,88.7121885561022,91.3089558559078,90.1699700801338,62.4606478313466,65.4949475224462,92.7188280653253,49.9280254078474,53.3432745472185,60.0221917339979
45.7514952605817,39.6600700544673,50.0122376688924,33.9300147507572,0,52.9755058696209,54.6466150876192,48.3405933508513,67.8266622423469,65.6481528312458,96.4394610702695,64.2156505723014,65.3247083657586,63.8982826283128,81.4406803695117,75.8919766994473,57.4647711048772,60.7423879841146,59.7182111156554,57.6195496375668,52.0866802829039,52.1428560064627,51.5385233960862,83.8544249607718,101.230699172986,107.066063960211,87.5830175631108,88.404350039586,62.8599629284215,63.5462903931173,65.3191881671104,71.5519338369735,93.8116264608393,52.3720442349759,75.4910464856277,75.1671800679635,59.5834769264879,93.5555360014962,94.1082835408535,92.7402245829669,97.4190692369152,100.22737169253,102.518507300911,102.485864539036,95.0798333270333,96.9439855776871,96.2348523917351,96.6351528035723,95.5874506379515,94.0901681905502,96.4445473379707,56.483058157926,55.7325912419651,56.6196392986432,54.6017214029146,57.7178057534742,55.633614067198,55.9325324854349,48.9928732168762,49.5799189894028,49.8374199480202,48.3803779813326,47.3694926139189,78.970232625683,60.9624296930178,63.2285876498058,102.583958833539,103.550283847157,101.446891290122,98.6027845116952,94.4289005294005,100.004320233533,93.7672600377322,96.36480333837,95.2043190478672,67.3130388998482,70.3548757074877,97.7664490876834,55.022867762084,59.1758227449984,64.1363469254648
44.4259879978875,45.7485469355986,36.1356847229051,47.4830041212576,52.9755058696209,0,35.5140671446391,33.7534442456656,68.9101706655598,66.6744631003158,94.2637363469402,65.6081368303726,66.7116800897635,65.1536947036562,79.1112961518527,73.4405814637375,59.7014247516861,62.8405763904601,61.9035341464044,59.7452582014281,52.3430514688385,51.8126855711975,51.3865795684335,81.3119308546234,99.2922430549452,105.082340007614,85.2817839705367,85.9739178827944,61.0331233765041,63.1306533261028,64.8691165542324,71.6726666289802,91.7645278195409,51.4150555995817,72.95047048414,72.5802965185003,61.1135177949904,91.3950524693011,91.9526995544076,90.5858261979586,95.2326678977961,98.0432833468652,100.327990109269,100.297942345053,92.9117458026387,94.7823035128285,94.0714198459626,94.470306051132,93.4259040000512,91.9249419513797,94.2861342703673,58.1180681428633,57.3761431563036,58.0854375047248,56.5605747836401,58.4217223286655,56.4691327589344,56.9645035805367,41.1453737639887,49.7036866825464,49.6702087400845,48.5302559966657,47.1152263256103,81.038896694291,55.0960937987218,60.6491635979941,100.47608858134,101.449158258213,99.3424163057434,96.494675453223,92.2417017766587,97.8157452793916,91.5938049651359,94.190973613324,93.0065693043293,63.8454749113157,67.0453263272739,95.2004692805677,50.1216519900411,56.5379234127052,65.2728325094885
48.5198502387181,49.2652475105004,44.5390495227274,49.6031617398709,54.6466150876192,35.5140671446391,0,36.1349644322759,68.0998059672815,65.8498573283558,92.9437447181357,64.8911156224227,65.9903970505334,64.3957005027134,77.8747202424622,72.1232091868791,59.4095987597131,62.5329736886259,61.5998784522518,59.4467734130228,52.0070805262935,51.350480388617,50.9831189971261,79.718175949091,98.1331629981225,103.897382109261,83.676240522932,84.3522081366096,60.0143986239001,61.9039430835443,63.6303125624953,70.6009076284433,90.5645993668386,50.8040171643261,71.5910219743453,71.2062397219366,60.4397681790329,90.1006768458833,90.6617598116348,89.2931372781984,93.9194107951978,96.7300411216479,99.0108914783185,98.9810052139956,91.6027134787164,93.4794095722701,92.7652605700736,93.1647389679493,92.1208154046483,90.6183636545339,92.9859266372635,57.8295416005097,57.1020563427771,57.7800782300982,56.297644992974,58.0245280259163,56.1039950520845,56.6288856653275,38.1218092944327,49.4515770580594,49.4166592574376,48.3856641662979,46.9715289201432,80.6696152873239,51.8177774987055,58.8839923564623,99.2118543821948,100.189638418971,98.0807419353885,95.2306511487278,90.9170721707971,96.4909865820813,90.2800496469353,92.87759286069,91.6721527698405,61.9358715695609,65.2025743024703,93.7562103976602,47.8498088376575,55.8064073644475,64.4607831460801
42.8916652030276,41.0992305115771,36.9079763206919,44.0148855201031,48.3405933508513,33.7534442456656,36.1349644322759,0,65.9203658930364,63.6893300713289,92.3247189696564,62.6512766683754,63.7462244552353,62.184381124051,77.4144755118514,71.68912531321,57.174783973022,60.3479100781622,59.377879397432,57.2572831280885,50.5886952512853,50.1524466379744,49.7157117441328,79.1366766633868,97.4819534500119,103.255964383869,82.9023184897931,83.6610120915567,59.3812953854118,60.1136660384773,61.838180185366,68.6903007514243,89.9527000270127,49.8491335344193,71.187082457157,70.8228202949132,58.1746521110929,89.4915777734697,90.0520628793673,88.6812793552347,93.3129554592036,96.122031890869,98.4041970135379,98.3726791292513,90.9872056220003,92.8644255998102,92.1488798417914,92.549780053976,91.5040080625504,90.0028625103195,92.370858208756,55.8760486650771,55.1527988410656,55.8929247789553,54.2148841302382,56.43360349758,54.4656120077416,54.9166796483241,40.8190875926039,48.0687837911644,48.1308364901102,46.9719475180992,45.6860503195988,78.4398567535099,52.0265490978695,58.1328644914223,98.5911539117439,99.5681225587661,97.4597758260032,94.6102724215753,90.3021635231658,95.8769120739992,89.6644357477661,92.2625291172492,91.0566557813653,61.7900213508643,64.989448129041,93.3097020400642,48.5896077357234,55.5061279573923,62.2197386040098
67.0121418819417,67.4756315063858,68.8363423004504,63.6508939790398,67.8266622423469,68.9101706655598,68.0998059672815,65.9203658930364,0,24.0259317312213,98.6534763134218,40.890326591058,41.1098685883204,35.4239945113404,85.9100863962469,79.8054580918375,56.7640071901844,60.0221634289994,58.6976100299961,57.2114606370726,59.1076899077585,59.1017575552965,58.6971306828044,84.0095541095611,104.946453222652,110.582472086916,85.8873513530817,87.4202810195293,68.139161794931,53.3470358301752,55.647189280091,55.4034677946225,97.423671264566,59.2953959566622,79.2606012624803,78.9705145866944,39.5392170077601,96.1531022525144,96.7383089232001,95.3300073700938,99.8330474546046,102.626180026293,104.887664268617,104.840641634317,97.4514779371551,99.3893959544815,98.630034758128,99.0509255119607,97.9904261847913,96.4893116712399,98.9191765378656,59.5596128440051,59.243246229137,60.0652426249537,56.8234958137689,62.566171843345,60.5706619404851,60.6755626628275,57.9212918117239,57.6577997118343,58.3001647209945,57.3059886609933,56.7084779544984,74.9932279627069,67.5313691911813,62.2589651498829,105.407325704011,106.418692745984,104.296388918087,101.431548190568,96.6326074697598,102.214982143115,96.0850931343776,98.6922719263023,97.293495951195,69.6374851673308,72.4267055597811,100.380182239135,60.5905689135081,67.8297400563475,43.1425917519751
64.8076130918175,65.2744585626769,66.6158453844085,61.4669956633478,65.6481528312458,66.6744631003158,65.8498573283558,63.6893300713289,24.0259317312213,0,96.2795726038016,38.9279954855333,39.5362952865419,33.8245037648874,83.5991764631939,77.4763405606652,54.673101019262,57.9230575965367,56.6051117996623,55.112793306104,56.9162399241375,56.895455451582,56.4956690439664,81.5721023220742,102.623530624974,108.252447105299,83.4023867494478,84.9540585566127,65.8629430586596,50.7769959210806,53.1036641832033,52.5205404417616,95.0949004559461,57.0722357720421,76.925700215384,76.6357082110709,37.4249669483345,93.7912194670677,94.3775169991303,92.9680175317456,97.4650443532433,100.257760326863,102.518213517206,102.470803187505,95.0825509654697,97.0228530793427,96.2619221834668,96.6834125798898,95.6225905451306,94.121283197915,96.5535932827248,57.4248200044239,57.106044262423,57.9231170801555,54.7041232789115,60.3930732118895,58.4014191292233,58.5132209010146,55.6445413283033,55.4625410222218,56.0995335439352,55.1107867485842,54.5070869210562,72.8984065211187,65.2295976141942,59.8146699794881,103.053453613273,104.066338986853,101.943386018759,99.0778345562041,94.2581658946697,99.8407270539043,93.7144130064435,96.3218788260827,94.915347888054,67.2573014156922,70.0401032792181,98.011636082479,58.2718240251534,65.5917367230327,41.7391819712258
93.3863610597926,94.7377233160668,94.6986192942136,91.3931552988941,96.4394610702695,94.2637363469402,92.9437447181357,92.3247189696564,98.6534763134218,96.2795726038016,0,95.7858278883856,96.9147583624496,95.1176972920789,88.1422584216237,79.2010476397699,90.9372479390909,93.8137778301203,93.0475291158563,90.7676057627306,81.5570492051207,79.6364315184469,80.0229147637646,92.4439487137461,86.3792877017054,87.8185448739793,102.020838496579,101.619125096166,75.0615166273588,91.0255975263169,92.9278346310142,99.6122227806728,81.874263413429,77.756007316051,79.5148807414085,80.3178056497478,91.4962054590785,57.1163548111265,57.9088409317066,53.5262861650206,61.6667366852616,62.7255392400906,66.5701927655486,64.6949301927901,44.7031845332141,49.2540292938535,43.7267805539246,48.3167070406254,42.0344654256132,44.172150135859,49.4342374619483,88.185707974307,87.5431429018125,87.775886196968,87.2907330152681,86.2031008352129,84.8319504039609,85.8552493372293,79.7904647474534,80.4007422737134,80.7623073061068,80.5867308930755,79.684459021519,112.028368389894,92.6174241804572,84.7377338717562,64.6900344398816,67.1103997774707,64.5585016665417,61.2268384175078,48.1706106300708,55.2962344596694,42.8606372452533,47.0086205842523,52.4523521457504,86.8413696434387,88.351360384676,97.9905666823076,80.00692103624,87.9282441955806,95.4935632386487
63.4772135840282,63.9804538705703,65.425131043322,60.0108683419366,64.2156505723014,65.6081368303726,64.8911156224227,62.6512766683754,40.890326591058,38.9279954855333,95.7858278883856,0,24.6063386083095,30.063683052708,82.728867608816,76.7329066649665,51.488854732709,54.7230613123341,53.3585131029544,51.9722408142632,55.135015938156,55.2368003584094,54.8052272999378,81.5467759229384,101.791655727094,107.468955123171,83.6777590193596,85.1220573337877,64.7300551353035,52.323874011097,54.5482789476874,55.3511300530983,94.3100431018604,55.5591786280364,76.2279758715024,75.9420064756248,26.9139738594943,93.2222178051914,93.8012820615309,92.3989948252878,96.9364944805156,99.7314909539554,101.999007503566,101.953664926806,94.5575287649095,96.4825205847252,95.7313872531965,96.1493734880428,95.0901470230164,93.590439744565,96.0070200554474,54.9162969050418,54.6608636255917,55.4983970637276,52.0198134605696,58.3257341841526,56.3103138130817,56.3535364100029,54.774727107366,53.7614698377359,54.4590169955701,53.4429419173114,52.9057836713803,69.0621140233424,64.7250919999715,60.0372463690328,102.429572638302,103.432417343478,101.313807425992,98.4530078089521,93.76907458466,99.3506621799251,93.2007259160733,95.8064816295454,94.4501592581546,67.014289293769,69.8132841342055,97.5313722406455,57.6620151732094,64.2918512852906,43.7374478010024
64.5944420630388,65.0886999031264,66.5346709726524,61.1289503973537,65.3247083657586,66.7116800897635,65.9903970505334,63.7462244552353,41.1098685883204,39.5362952865419,96.9147583624496,24.6063386083095,0,29.6661751265188,83.8660417249693,77.8649644686154,52.8290396580428,56.0785447001891,54.7142635491483,53.3143841955407,56.3173223734425,56.4121936775876,55.9813985480368,82.6542921124311,102.932527261585,108.607964812573,84.7769225542276,86.2229012004637,65.8803157978255,53.3200660835907,55.5394834856049,56.3881745537567,95.4482596700778,56.725426025045,77.3575823128566,77.0709216410822,30.4411408358752,94.3532769972975,94.9325960306853,93.5301409721964,98.0661451769763,100.861117801919,103.128359379027,103.083002848342,95.6873595870858,97.6128323541878,96.8614255184742,97.2794798210762,96.2202610320979,94.7204596414042,97.1375373625303,56.1749182450521,55.9096286956706,56.7491669862326,53.2946379619837,59.5422278342805,57.5270155623468,57.5756712507816,55.8833590325586,54.9331036966962,55.6252949885912,54.6085197877457,54.065845342994,70.5486178597195,65.7992262337687,61.1150532346088,103.562774781459,104.565970390098,102.447202699825,99.5862308563332,94.8977145351133,100.47930574915,94.3301914044719,96.9359847419978,95.5780368117391,68.1109834518975,70.9124141240842,98.6541430772365,58.7654888715529,65.435559333718,44.0605401513052
63.124133196987,63.6116665949775,65.0183194586405,59.7046145990804,63.8982826283128,65.1536947036562,64.3957005027134,62.184381124051,35.4239945113404,33.8245037648874,95.1176972920789,30.063683052708,29.6661751265188,0,82.2062547453202,76.1611279393108,51.8857613751037,55.1289529126278,53.7823892702276,52.3527729181363,54.9660482075952,55.0201881885885,54.6007358536084,80.6974433994154,101.254639676281,106.913165972842,82.7128284792926,84.1983792866606,64.3095090066052,50.9040181548379,53.1640920358119,53.5072513117035,93.7547109083018,55.2857351572395,75.6384429144341,75.3508754438036,31.3494428290043,92.5832346677309,93.1651032419257,91.7600252104062,96.2818302725643,99.0759457531546,101.340722804943,101.29458177591,93.90151367629,95.8324380557002,95.0775102335436,95.4968518957327,94.437010475243,92.9366806774604,95.3593562976429,55.0389375757625,54.7573088336297,55.5876402559601,52.2124957122727,58.2724313858494,56.2659861432183,56.3362776026111,54.247969652477,53.5598820247726,54.2334612286094,53.2274474796461,52.6640610310503,69.7363558533687,64.0556495757603,59.0936158535052,101.811881177997,102.818618880571,100.698324651702,97.8356822202984,93.0991336680362,98.6810971610674,92.5403181036555,95.1467355857705,93.770956328433,66.2485092561331,69.0413900218725,96.8577408672021,57.0364773802881,63.933442868566,41.8537038931831
78.0643104574844,79.6425544868745,79.460614379456,76.2011284439183,81.4406803695117,79.1112961518527,77.8747202424622,77.4144755118514,85.9100863962469,83.5991764631939,88.1422584216237,82.728867608816,83.8660417249693,82.2062547453202,0,52.4908572142634,75.9687689823801,78.7840550259822,78.0922877157392,75.7148722521222,64.9153001636668,62.6086093961558,63.148715672565,86.3117347208468,91.2567797195563,96.9944582580185,94.3189366360249,94.1138908465511,53.0586588505517,79.3509866900645,81.1987886749473,87.8259393705098,81.4605380791023,60.1821594317658,57.0339013329485,57.7567697947146,78.2831803803334,83.9587215495622,84.455070118472,83.2843791842587,88.206859590568,91.1074346344266,93.4368152683381,93.4945842856093,86.293294079748,87.9635970812223,87.4267867529254,87.7234699829005,86.7781942895049,85.2387081927176,87.3993197660417,72.514719257297,71.8311875231126,71.983969182701,71.8642584363007,69.8807620677423,68.5723267080422,69.7175612265742,64.2807950703541,63.8040226224978,64.1148435070541,64.1229654559223,63.1836198204256,97.3554582317852,78.5227580636765,73.7749127038849,93.002189267608,93.9060926121707,91.8182055310866,88.9921354470867,86.0308528765775,91.5644505560503,85.1122133998108,87.6672198189963,87.1175229277239,74.3465018433418,76.2828991094218,89.1994266310546,64.9127013393155,70.8162514393795,82.6415292244023
72.5637109509017,74.0710441089096,73.8745477534931,70.7133349278039,75.8919766994473,73.4405814637375,72.1232091868791,71.68912531321,79.8054580918375,77.4763405606652,79.2010476397699,76.7329066649665,77.8649644686154,76.1611279393108,52.4908572142634,0,70.6848978843802,73.5351331562998,72.8070481425187,70.4728578334546,60.2863547434888,58.1592773716265,58.6056496136314,77.8418918903001,84.7087250550521,90.0134728524348,86.5999450706676,86.2421302334623,51.7479233778538,72.847106090262,74.7010025648658,81.4140258876826,74.1126496585677,55.9430238151858,35.2660543736344,38.6772541931377,72.3409249409638,75.0829382901472,75.6329053936057,74.4918573620601,79.0558197751003,81.9934907847184,84.2497753750608,84.3478485231783,77.3986910007842,79.1264644595052,78.5840926585805,78.8555643717028,77.9570990639762,76.3716124619231,78.5945177473973,67.5532396609056,66.8787004017521,67.0868333487172,66.7788083053075,65.2834041019202,63.9132164286431,64.9847572309503,58.4962142237429,59.0566695142329,59.3441596557868,59.2621927319535,58.2914128209976,91.9655101359703,72.3663497182388,66.7188242392902,84.7307587991375,85.7057446100473,83.5819114900895,80.7167357714969,76.9499011871161,82.4637791219498,76.1669554537765,78.7138663809186,77.9450833536268,67.090983258851,68.7996051140885,77.256902560524,58.6336417093506,65.9228417164117,76.5504314152457
56.4342621350799,57.4392561425636,58.9954441412998,52.7625186748742,57.4647711048772,59.7014247516861,59.4095987597131,57.174783973022,56.7640071901844,54.673101019262,90.9372479390909,51.488854732709,52.8290396580428,51.8857613751037,75.9687689823801,70.6848978843802,0,25.7123389916608,19.6766033698724,19.8595720103114,43.1181095129792,43.9223208715301,43.387353005791,79.3523251873514,95.0569966784726,101.009370572741,83.0035070899223,83.9305673405824,56.3924486926281,57.132120027864,59.0732771887823,63.4519772451688,87.8725483012481,45.175276322349,70.4553621531096,70.2087482581487,45.9594424487495,87.9704892814322,88.5093048084331,87.1444867459084,91.909196953753,94.7152008206407,97.0227348926982,96.987156632375,89.5408187818389,91.3823452345397,90.6835951199597,91.0837399494852,90.0314732415913,88.5418081140166,90.8725345479156,35.2263673143761,35.9684067110619,36.7226563408546,30.1376930941112,43.0538848773859,40.9892678136535,40.475681679547,49.1432142892971,42.6985780975621,43.8774332533668,42.889638554325,42.8372984735886,50.6244513842129,61.3820898622189,59.4082068688433,96.8656326241867,97.8126179259664,95.7183617710763,92.8841941269818,88.9500294403535,94.5270880893013,88.2460842393696,90.8429939853259,89.7616655472383,64.0645667164084,66.8810626499919,92.9163627854807,53.0661160232268,55.8139160919509,54.0220297317278
59.6121062144611,60.6522988555506,62.1523969509292,56.0040531933702,60.7423879841146,62.8405763904601,62.5329736886259,60.3479100781622,60.0221634289994,57.9230575965367,93.8137778301203,54.7230613123341,56.0785447001891,55.1289529126278,78.7840550259822,73.5351331562998,25.7123389916608,0,21.7645025277054,17.4462553061692,45.7755894617835,46.5614519979829,46.0575337498618,82.3651851345274,97.8362862880791,103.803835678982,86.0678791931799,86.9805838320531,59.1098089988099,60.349922424246,62.2918040398288,66.6803065994254,90.6739515700527,47.8529905670033,73.3223909411064,73.0805775492537,49.1702738067824,90.829231756292,91.3659994814143,90.0026135953688,94.7792253153994,97.585496662651,99.8951842000762,99.8598011779516,92.4098139898133,94.2473929464282,93.5509362254809,93.9504629763879,92.8982141043008,91.4092601939313,93.7359076924376,36.5478346661949,37.8188995548518,38.0168663554865,32.0668433989521,44.9367259414293,42.9883206300486,42.4583710008069,52.1864340066153,45.5067847827547,46.7182086788716,45.7833683610274,45.7522062015798,47.7609752283459,64.5070175817827,62.5088066720387,99.7072291660619,100.651365587779,98.5583866339649,95.7256129169859,91.8286841245119,97.4056644401585,91.1180635902107,93.7146395253404,92.6465286589363,67.0992635233156,69.9081193773303,95.8303168624688,56.0861635557338,58.7127528417275,57.3329194907184
58.6678978376684,59.6725008621504,61.2119308082222,55.0167627527136,59.7182111156554,61.9035341464044,61.5998784522518,59.377879397432,58.6976100299961,56.6051117996623,93.0475291158563,53.3585131029544,54.7142635491483,53.7823892702276,78.0922877157392,72.8070481425187,19.6766033698724,21.7645025277054,0,18.4947675640743,45.2918776166889,46.074370411382,45.5521711941821,81.4593686817663,97.1690072586388,103.121432598686,85.1009622096749,86.0321193904492,58.5126858901974,59.1839686172714,61.1290708581946,65.4622746910659,89.9863710936293,47.3211380561035,72.5779646492069,72.3321309125235,47.7881404012648,90.0820435187507,90.6209049002843,89.2559017447639,94.0204543833837,96.8263583952454,99.1338813776685,99.0982020982958,91.6515951135436,93.4933058274284,92.7943850277587,93.1946367454927,92.1422615529326,90.6526449305042,92.9835553510679,37.1056850500247,38.0223786216397,38.5645143899199,32.3190503000048,45.0243821664925,43.0045245164768,42.4994076232483,51.314646463868,44.9019511506066,46.0811052136093,45.1098689514725,45.0539956270332,49.6439091813793,63.5360616115052,61.5137674201261,98.9771606102758,99.9242068292986,97.8299347381421,94.9957488211565,91.060461707897,96.637570713368,90.3567380543678,92.9536925566748,91.8718189908116,66.1892044489038,69.0033920489852,95.0338516267995,55.2134698734667,57.9940992935569,56.0105011189186
56.4919568879998,57.5384979696658,59.0457744644346,52.8742705347191,57.6195496375668,59.7452582014281,59.4467734130228,57.2572831280885,57.2114606370726,55.112793306104,90.7676057627306,51.9722408142632,53.3143841955407,52.3527729181363,75.7148722521222,70.4728578334546,19.8595720103114,17.4462553061692,18.4947675640743,0,42.6257549008844,43.4328008814217,42.9203648192063,79.3437427380348,94.7731326754678,100.743006477851,83.0641553716762,83.9705053228708,56.0284792472504,57.415775483427,59.3538641858569,63.7890288635816,87.6124221792478,44.738062064808,70.2623119841404,70.0204703048064,46.4566488749495,87.7789872320131,88.3153876263048,86.9524130663775,91.7310499891549,94.537463914896,96.8475004320923,96.8122498103037,89.3619615161834,91.1987357858192,90.5028107274365,90.9021328018836,89.8499961132704,88.3611047986633,90.686927284046,33.4099395365462,34.5901575297886,34.9630900514757,28.5179509418131,41.8783425971009,39.8941792045596,39.3459525043312,49.1057176339666,42.3528848116753,43.5700445717439,42.6271672285474,42.6036300369263,47.905071993066,61.4570104940782,59.5028101776634,96.6543237694482,97.5979522284778,95.5051895073916,92.6726526785329,88.7826931465919,94.3596104679762,88.0708025170109,90.6672810029831,89.6017923445606,64.0637695852327,66.8737031841621,92.7827897905731,53.0256812273553,55.5993148853147,54.4754732658456
49.1841681394491,51.036893744909,51.6776674331525,46.5462682414057,52.0866802829039,52.3430514688385,52.0070805262935,50.5886952512853,59.1076899077585,56.9162399241375,81.5570492051207,55.135015938156,56.3173223734425,54.9660482075952,64.9153001636668,60.2863547434888,43.1181095129792,45.7755894617835,45.2918776166889,42.6257549008844,0,22.7534387118565,18.8794934770662,72.2885629339378,84.1518829641608,90.3234930252197,77.1668096213902,77.7048031126304,43.9187565450002,55.5049954082474,57.3532786953934,63.1584568686466,77.1831581549117,28.2671904774142,60.3094272302914,60.1017687789065,50.2997936562745,78.2603407877826,78.7662970395087,77.4324793981746,82.3828004511198,85.1978475820972,87.538211612394,87.5106277628955,80.0233769524309,81.7967408059889,81.1408507402168,81.5263258512934,80.4798885186071,78.9983123663887,81.2589410568329,37.5038382557528,36.4348858630857,36.7436009417583,37.4976182570036,34.4149038500082,32.0913274904326,33.1234117335485,40.4306009904252,23.0161889878101,26.4298464123354,27.0437151964784,28.1687725123335,65.3922574940195,55.0371992224484,53.9918177931025,86.9028991612677,87.8045360650108,85.7299916520416,82.9173901322803,79.5940958894331,85.1674895163979,78.7793196274457,81.3689885772401,80.5125801364078,56.7732514271524,59.5265941663263,83.7831216251555,44.678874747137,42.9463520231287,55.8306630553277
48.9950025186012,50.8882570467858,51.3027107472765,46.5899348408034,52.1428560064627,51.8126855711975,51.350480388617,50.1524466379744,59.1017575552965,56.895455451582,79.6364315184469,55.2368003584094,56.4121936775876,55.0201881885885,62.6086093961558,58.1592773716265,43.9223208715301,46.5614519979829,46.074370411382,43.4328008814217,22.7534387118565,0,16.2884376636535,70.944353851801,81.8689045621638,88.0926903126652,76.0662635335142,76.5353832069318,41.1797712092798,55.0929153137326,56.936316197253,62.8735629986687,74.9512319123889,22.5318878975235,58.2556994397857,58.0640678550836,50.4543006702079,76.2635836020572,76.761661423577,75.4348350512235,80.4300823471636,83.2469686162687,85.5953827418991,85.5693669812521,78.0710526879757,79.8284215644185,79.1823981110813,79.5646650507902,78.5192751458437,77.0398398160015,79.2840020174581,38.4767229108552,37.5614444442973,37.6487088713587,38.5012284630228,34.5784293529204,32.7747384806616,34.1117701962696,39.3556233365705,24.8897810172907,26.5380066253745,27.8834364840402,28.1421542132343,66.0423938839291,54.2415867630236,53.0461092847939,84.8447745738156,85.7356073569258,83.6657819576956,80.858343598534,77.6800506729601,83.2527510943055,76.8389401010326,79.4270035070594,78.6237022791097,55.5178506445025,58.2340300940915,81.9699237387318,43.375510066583,41.079466449283,55.8158972865052
48.4198754784671,50.3313100008597,50.8065911234924,45.9601672681621,51.5385233960862,51.3865795684335,50.9831189971261,49.7157117441328,58.6971306828044,56.4956690439664,80.0229147637646,54.8052272999378,55.9813985480368,54.6007358536084,63.148715672565,58.6056496136314,43.387353005791,46.0575337498618,45.5521711941821,42.9203648192063,18.8794934770662,16.2884376636535,0,71.0116509226938,82.4735616509026,88.66396482883,76.0287730851987,76.5247891816864,41.9924791347919,54.8001989430593,56.6436448251903,62.5490622895679,75.5112333946915,24.6312132197843,58.6581435731974,58.453370236361,50.0100942244207,76.6906525123584,77.1933882706219,75.8632365867905,80.8313993396939,83.647669932637,85.9911614401909,85.9646996941811,78.4746693011944,80.2410174322734,79.5897626261528,79.9734533365508,78.9279967234439,77.446963801513,79.7004018003289,38.0434711447271,37.0758328255067,37.2803752438653,37.9798662465856,34.6505361415786,32.6571454111468,33.8400514847046,39.1393522342143,22.224640298343,24.6396972511746,26.2272674170233,26.8940360575153,65.5474821609451,53.9906045966466,52.9242341250772,85.3104364364935,86.2077018497476,84.1350033953078,81.3244272903744,78.0616869756709,83.6345611372613,77.2357712673179,79.8245972078721,78.991186054873,55.4993814145459,58.2383543805529,82.2602117042763,43.3171013505394,40.950172596836,55.4069064565008
81.0139876333743,82.0903067510791,82.0342065487935,79.0419012219142,83.8544249607718,81.3119308546234,79.718175949091,79.1366766633868,84.0095541095611,81.5721023220742,92.4439487137461,81.5467759229384,82.6542921124311,80.6974433994154,86.3117347208468,77.8418918903001,79.3523251873514,82.3651851345274,81.4593686817663,79.3437427380348,72.2885629339378,70.944353851801,71.0116509226938,0,104.025308549133,108.887694336349,77.3822177687124,73.9393839046714,72.5929573839767,74.7777034455297,76.684050797451,83.8334279439232,95.7454584511881,69.6035419929275,76.4773696542677,76.1971821169289,77.4555292822762,90.9898436428118,91.6937540041484,90.1908065857002,93.9956923685774,96.7720964179629,98.9016499882503,98.8434277611006,91.6720664755865,93.8390090081941,92.9454017986043,93.4036751662363,92.3397791476169,90.799200131969,93.4652260221212,77.8280483580397,77.2113430974672,77.6685514245139,76.4552701827499,77.2757711899417,75.6315733147336,76.3637486340892,66.6398165350492,70.6616881785808,70.9216706632087,70.4461497534433,69.4255919369384,100.050639337876,77.7821439296888,64.9810267714603,101.173751080652,102.343097033316,100.15126537621,97.2103418367675,90.2851861211059,95.8695778691776,90.1323661621811,92.7587698113868,90.5734034692765,67.2016281375487,67.4676829542203,92.3464145845246,65.4880162357477,77.6413826212892,80.8713110246244
98.0612619419479,99.5713088233929,99.553577371564,96.044990707965,101.230699172986,99.2922430549452,98.1331629981225,97.4819534500119,104.946453222652,102.623530624974,86.3792877017054,101.791655727094,102.932527261585,101.254639676281,91.2567797195563,84.7087250550521,95.0569966784726,97.8362862880791,97.1690072586388,94.7731326754678,84.1518829641608,81.8689045621638,82.4735616509026,104.025308549133,0,48.8441650137418,112.392587869756,112.191545988952,74.1257575021362,98.3260667084988,100.199372504959,106.732210283783,76.2465759124571,79.7194664731022,85.8864103979837,86.7023050680319,97.359193570162,80.3184016186886,80.0869771352986,78.4529346851683,88.1421372790052,90.6820817598484,93.8817190573981,93.558020327472,83.3015444969967,83.9800541393371,83.6532917697717,84.2418027613467,82.6759200343602,81.7924102805623,82.8898527990338,91.4386532809102,90.7830998934423,90.8485263812475,90.8847221644094,88.4160633977112,87.2605463486719,88.4972163779194,84.9899833659668,83.3686665611713,83.8259266238435,83.8411211399368,83.0413288856607,116.42406072206,98.6652027848318,92.998845996854,79.3143280653515,78.9037654620094,77.543196535055,75.4837143721208,85.9654972447662,91.6851060043026,82.9634250000459,85.5860616676889,88.57982129051,94.6154877228119,96.4731727205189,108.660049690644,85.9729189331447,91.4836449283159,101.731060037579
103.908404952568,105.396787299057,105.371636504778,101.899499066562,107.066063960211,105.082340007614,103.897382109261,103.255964383869,110.582472086916,108.252447105299,87.8185448739793,107.468955123171,108.607964812573,106.913165972842,96.9944582580185,90.0134728524348,101.009370572741,103.803835678982,103.121432598686,100.743006477851,90.3234930252197,88.0926903126652,88.66396482883,108.887694336349,48.8441650137418,0,117.448968238482,117.213425907783,80.7125528973617,103.815782445632,105.692498042337,112.250913642089,81.4678050636875,85.9752141204873,91.1161508894967,91.9658200456539,103.057014539321,81.7702526146891,81.412040005884,79.5617027982758,90.2017920765359,92.6447786362672,96.0105622959577,95.5885829969015,84.5780161330975,85.0767826657217,84.7317914725144,85.4400856732175,83.6642095812506,82.9760675913779,83.8769729516041,97.5221487001327,96.8677591608313,96.9599547519037,96.9157942766587,94.6618587595789,93.4707464687879,94.6738271584347,90.7410362457506,89.4775454168328,89.9172075860728,89.9042663614799,89.0860416466877,122.336599097003,104.304879662378,98.3343614765716,77.7414390379015,76.8969364557654,75.8447825217299,74.0866094063395,87.8379174622519,93.6072359064502,84.408235366418,87.0606555763423,90.7328077890616,99.9853029907807,101.790166925804,113.386491532798,91.5989753441747,97.4802369130593,107.373559081147
85.0237082139629,85.9267582793643,86.0218521222761,82.9203730197637,87.5830175631108,85.2817839705367,83.676240522932,82.9023184897931,85.8873513530817,83.4023867494478,102.020838496579,83.6777590193596,84.7769225542276,82.7128284792926,94.3189366360249,86.5999450706676,83.0035070899223,86.0678791931799,85.1009622096749,83.0641553716762,77.1668096213902,76.0662635335142,76.0287730851987,77.3822177687124,112.392587869756,117.448968238482,0,68.9332157431818,79.4863819468517,75.6336817525922,77.572228866103,84.9260652721856,104.353837094617,74.9997884652966,85.5129950740685,85.2221541562932,79.7103795197294,100.421188564224,101.095297410864,99.6001838554938,103.600001595589,106.367783164937,108.539334803992,108.470025517883,101.190858939922,103.313929422479,102.437664331294,102.899012581281,101.821796390685,100.299374470762,102.919520515996,82.0479841602605,81.4586816482553,81.9900648412417,80.4733881864693,82.054042550676,80.333171719417,80.9589037194217,71.0946833571302,75.4762283118914,75.759978972265,75.1681366731654,74.1703394126418,103.468467679299,81.1000993213468,64.3661834083468,110.346115972775,111.479086680456,109.304186147507,106.38177190768,99.9321608856201,105.524235549075,99.6868389807736,102.313790205554,100.300137839105,72.5154348180761,73.7939057309504,103.459186805276,70.3202357954165,82.7599005205968,82.8149456331097
85.7415232299611,86.6970261813505,86.7278379626774,83.6948952645294,88.404350039586,85.9739178827944,84.3522081366096,83.6610120915567,87.4202810195293,84.9540585566127,101.619125096166,85.1220573337877,86.2229012004637,84.1983792866606,94.1138908465511,86.2421302334623,83.9305673405824,86.9805838320531,86.0321193904492,83.9705053228708,77.7048031126304,76.5353832069318,76.5247891816864,73.9393839046714,112.191545988952,117.213425907783,68.9332157431818,0,79.5364191400519,77.5016996305459,79.4192916445115,86.7484684200371,104.098343932748,75.3897685409368,85.0855061754109,84.7845774816062,81.1109133967365,100.034857104955,100.713937858678,99.2189514084346,103.185026347696,105.955207716738,108.119281408515,108.052828280938,100.79535399599,102.924744643013,102.046809426028,102.506700840641,101.432793997076,99.906701477029,102.533529546268,82.7987038398372,82.1993602117589,82.7108929191833,81.2843428095462,82.6426516521153,80.9411216920399,81.5968678504204,71.5808483719764,76.0193640929236,76.2898474727922,75.7290313368465,74.7171071381707,104.475338440142,81.8971925208112,66.033754110722,110.006335781979,111.145297981133,108.967509763706,106.041944290807,99.5165149765091,105.106773252054,99.2859610177914,101.912432616878,99.8724861109254,72.0144322620671,72.8782187773141,102.686580018357,70.5740070679628,83.168739379302,84.3104880169262
59.5079805673589,61.1957342730891,61.1476252807004,57.5216015100217,62.8599629284215,61.0331233765041,60.0143986239001,59.3812953854118,68.139161794931,65.8629430586596,75.0615166273588,64.7300551353035,65.8803157978255,64.3095090066052,53.0586588505517,51.7479233778538,56.3924486926281,59.1098089988099,58.5126858901974,56.0284792472504,43.9187565450002,41.1797712092798,41.9924791347919,72.5929573839767,74.1257575021362,80.7125528973617,79.4863819468517,79.5364191400519,0,62.4215829047857,64.266482408431,70.6716510618263,66.9450333666017,38.3577982601847,53.1141425575228,53.3363216533219,60.1715551859723,70.8985437515098,71.319796693013,70.0746748866287,75.505095530766,78.3442581451404,80.7723993811152,80.7655308121456,73.1749803800009,74.7727753237124,74.229203792936,74.5745542003622,73.5465609680245,72.0831673243282,74.1635545382939,52.1259025029563,51.4362866178729,51.4186464597667,51.8062208521039,48.46499848873,47.3699779139123,48.7310624795082,46.7764756111261,43.2853248431191,43.744918565063,43.967208263866,43.1925590473788,78.0053980874142,61.4265782541145,58.0326919279259,78.9438959453,79.7349861132401,77.7069748270789,74.9455776729745,73.1626269792331,78.727147732385,72.0611154016153,74.6317118882232,74.3600022190312,59.2740788555062,61.5419020037322,79.3296671978564,48.564412701872,51.4245552691397,64.8649867787141
