IBR/IBR_outputs/all.combrep_1/FireFreq_2000_2008_Total.Silt_Total.VRM_Total/FireFreq_2000_2008_Total.Silt_Total.VRM_Total.asc
NCOLS 160 
NROWS 95 
XLLCORNER 210004.651214014 
YLLCORNER 7350008.22228844 
CELLSIZE 4999.99999999997 
NODATA_value -9999 
[rows 42 to 62 of 95, columns 92 to 137 of 160]
30.6768432353502 27.0466544036688 29.8833685757413 31.9868101435073 28.8315367389326 31.8392700234513 31.3219137706879 28.9021878245281 32.0185204461237 47.8326292472685 68.8159412483648 52.7625647711745 35.590109877809 38.3919851729009 33.7573126332881 34.8612488224492 33.6409919839745 34.4641388725886 30.4596647262234 32.6946682204339 41.5890865813371 63.7210308537509 42.4333004090098 32.271581298356 29.6620975612638 28.3562699726676 29.5020687815816 34.000998100942 54.5314317774469 45.9985377002332 35.7251891106128 38.3007238728568 42.8572679630987 33.8466158918312 50.5503030538101 33.1400822758324 48.692075376277 53.432197876111 36.5788910561577 27.3164587838311 27.9511726619969 32.150535058271 30.266154275658 29.6552286461539 34.5984891920318 35.5314172476946
34.7708218649402 32.8034543679627 31.3188332179865 33.4968307984868 26.8216248146857 31.0137506530399 30.2554947740123 30.0494214921906 29.4753965764984 33.0945395423488 37.2531657666999 46.9128560420613 36.6384322736127 35.7291127687141 33.9755754317134 31.3741899573355 39.8418242327154 32.2376349346058 32.8510472732189 30.1115216896243 36.0337665982641 45.0429160405711 39.7530279838834 31.4110249645161 30.5827202060338 29.2507247362756 28.2494043705153 36.2157439946774 55.075209301807 39.8646237169456 34.0764024421044 25.4403782432209 25.4278925121138 32.3342447782084 34.8618389180053 56.3943206046914 48.4635662351694 44.8348960827707 49.7005518511697 30.828233618996 35.3599375807055 41.9677513232765 36.081741788798 33.1421343998484 31.0662841238867 29.1407108135624
33.1418327127626 30.0525096069905 33.6773120011479 33.2047176561154 32.0126200805931 26.798744664227 24.2914299218134 29.1904043178348 26.0160718644779 29.0722639341017 29.5184541333393 36.1911801119217 34.8556419504189 36.145841380443 34.0410975874786 30.9473553933721 38.0288978849803 34.0408384635418 34.3907174942839 30.051996675801 36.2803234876213 44.8644872409369 31.9466744373683 27.4149797111985 27.9271965122466 29.2420442157966 34.1009630314102 43.9748836660692 54.6786391535658 36.389592748699 28.6019020198366 23.2505210723948 33.0022090851371 37.9886811302593 28.107329726879 31.0865893185644 40.2584493701014 38.9202824604812 58.6387095453905 48.4405542788998 39.9433995424338 42.8303154458302 36.5512056474606 31.6401005141884 28.4298997638669 28.5401706304319
37.2004740114728 35.0634576140226 31.7689967239499 32.5431389605445 30.4158168217438 27.7604720364222 24.525319249257 26.3507803468455 29.3062963623447 25.5095276884021 26.7999162326399 36.8075449086331 35.7295719488916 34.8299062359 34.6106142530391 37.1774559056218 34.8376342284173 28.4749011147969 32.6842995057719 31.9484627735871 41.5988490007701 39.9955857233335 33.4640835298874 28.9142470535679 31.1720135952802 33.3910963750034 30.4544501695216 53.6382042284598 44.4673669979681 30.9642004931051 35.8680418264797 28.0531389542817 34.6469982071154 46.1738470024493 39.9863590929306 38.0528589891342 31.3808356614053 34.599991049257 48.2573140221162 65.1327345529188 58.4811958935306 33.0848052560798 29.4879970835754 26.4394171477585 30.0661240300053 27.8372303425256
31.7646860201824 34.7731594724822 31.8834418888383 31.8799299136203 33.4074172640309 33.1666885178461 25.9971087853483 26.4824227141709 31.7699740176873 31.9540529693633 26.3697314628023 34.6629855949133 30.1429974088553 30.0527057622899 31.6195537527731 38.8470556754079 28.78167142125 20.9676121375968 27.1426429610676 25.5224814538002 46.8826162746932 42.9366704435894 32.0704367433477 34.0321440601481 32.0657309912766 29.9224452990651 45.1052840826415 46.9172185106746 33.6955669066876 38.6136627505116 34.8535732960494 33.543423901721 30.2382444499952 40.7378386385288 37.6536174097126 42.7670297008692 46.5188065716032 34.6759437156556 36.6914494238583 43.0564577109639 38.0075809462554 33.2585423665733 32.5062582721225 27.5400696593866 26.0383976532378 26.9023672534926
33.5395810181831 32.1004216829231 33.2250457095794 33.0862305166403 32.1357633446197 33.990621152966 27.8555594979376 30.7847745448026 32.529028827877 32.3583772125474 31.3701319776286 38.7479336035304 35.5248619439313 27.1827884165291 34.1261494510037 39.8866458308544 30.9137097830398 23.7394151236194 24.0412485269541 26.2632988133701 45.8089409999385 56.0598727009388 32.0810200214254 34.8015741696446 36.0576031513713 42.5353290233958 44.6828943766853 33.9254817482677 25.8468592064784 26.1550490936396 30.0592115533633 30.1253876685909 39.7573606923766 39.9609177263878 44.2168223523338 46.0623656831992 47.3317239560878 42.8650978861914 37.3913182319663 33.8849074710206 38.145520642638 35.8591335342378 49.145437207758 24.1243161720651 23.2802484526404 24.8353106282208
32.7033521431216 41.4109125363513 41.5317812493549 30.6463395977607 30.8346967858432 35.3645672924816 33.16463132267 34.7079091824702 34.7910595707755 33.2098733453327 34.8013619301541 40.2332384321822 28.2710323784565 23.7380923536753 24.4359475935987 34.6039353430005 33.02106959423 30.3523138805947 27.8571455756755 29.5071199340776 37.5099001500921 40.1900017145968 40.4422403423664 35.6162831292991 36.8547990108282 66.3903107993121 35.2256574433239 31.967336426402 29.8719697190469 32.6196747859376 36.6001530493916 33.155080326012 37.2284876325635 35.2464387533029 35.6331184321498 36.8519438906812 42.9727719267448 39.896778912455 39.4426087416857 42.7741163455433 36.3042522891111 43.482282502985 35.3097706818581 27.4658779953608 30.0945434280156 25.1305559934583
39.256538786322 49.6957380621558 61.0430934053234 32.165622943599 29.6753054730953 35.085038857758 30.7169777553395 31.3919968780469 33.8876096522498 33.8053282904968 31.8010855010074 28.0427307069006 29.149252744921 32.1174970960948 29.4928148161326 30.7427815161107 29.6987205965713 31.1053806030696 28.4787294675334 30.0314916695076 33.7130436159394 45.1793628881102 51.4242279320423 39.0058803031258 58.4013706667937 41.2534480797682 33.6191404664461 36.8892134074756 41.8210092099076 38.6449969411847 36.4655301983184 35.6677580117062 34.717747695718 34.1627413168691 38.0132630435251 36.668659175831 30.2656248124244 32.9317630901011 31.5850420638133 34.3886911746665 35.7118356898195 32.0341687679562 26.5810208260254 23.5785571923979 27.2389244780587 24.5018991423034
53.36950541191 47.5092505868864 59.5207981819353 34.9709088804224 44.5178125188118 34.8316233225725 35.2151953726854 29.5070949653385 32.2397068747841 35.7484639346989 31.6633168411368 35.9724458088143 50.7713118422245 33.3417650822811 35.4643824174724 29.4816756673239 29.0240575183698 31.0319455473751 29.8070005022115 29.5250777259839 30.7762307784467 37.6921609227534 33.98072912721 38.7489536104442 46.4655606829153 46.8596716474332 46.426375442277 43.8512210483313 35.6912845779953 46.0247002281717 36.7967941033777 35.7881609432534 36.6293746581979 36.7389466785216 35.2419495424281 33.2590673638835 34.9711458616231 33.9927407043973 32.7973369835843 34.1530693176836 33.4469788010183 25.9977187991429 26.545510138551 24.2860328566301 23.6511590978304 24.1849751279896
46.3916214173946 45.7238387538681 58.8427556984666 45.2291684790638 44.0801169610078 43.8261294481483 45.1631528851315 37.9263759799572 38.5485960019987 43.4030162063986 33.240431900401 46.7895454122399 43.5935466934057 33.4381650287449 31.8448662714018 30.4089671886068 29.7751106209308 30.1812860887699 28.4805414380901 24.8994997207209 28.146584355797 25.9110261414142 32.6620343159745 35.1662175567823 53.676281610364 51.8118835010258 54.9997774791952 52.9831174236133 37.659054660753 46.5639500912622 39.3897882928038 32.3753355153407 33.0415537802942 34.3888787513928 34.3722289450899 32.6592199913241 33.0023520765218 36.1074423738333 29.9085584994762 28.551667625727 30.3111768659149 28.7514145572634 25.104959693337 23.2180727167881 23.415998726708 31.3047206035431
72.4079444541948 62.7578069208567 53.2097005882165 50.0311756939802 52.4974725931431 57.9465563115059 56.3579889074316 58.3057025864517 40.0610260592089 47.9796269043161 45.9807551306558 34.3232254606483 33.7771716829842 33.887779671704 32.0540379122219 29.0086529547286 29.1597318294434 30.2086608850064 29.3593092610547 28.7953351026599 29.6500240146144 29.5669141699137 28.046320904673 40.0262220206756 49.9375056710989 39.8366875640467 38.6330492588019 67.9954862867926 49.1393859306058 41.3055543001919 32.217836800942 31.6526336916079 30.3495427089958 32.063647493426 31.237936693732 33.3039044823916 34.9093927774607 33.4322572703088 31.47967723335 32.1503473577289 33.9277803665329 32.782278554061 26.6809354942318 25.8193932886974 25.140103009735 27.8047057109044
33.949152234079 41.464408887018 52.7953280897152 62.1219637400502 63.9922315223682 87.6385824904605 54.8581018810122 53.4311745366715 44.7814813971894 43.8398587433508 36.8224461877522 32.0648729025569 32.3497390494248 30.3484705683455 30.9781380029362 36.6173822294742 30.8073788067426 29.1954533883366 32.6584821526387 30.4224630552694 27.4796935725142 29.6503322001743 38.819371449749 47.1925891943706 63.2093583932111 52.4422266191719 48.1306740610098 85.7359041829504 43.0724844240645 34.0739297813502 32.4097575890144 31.0193448648032 30.0211395765477 33.3272408112412 31.4658970925771 32.1481144894879 35.9572057585876 36.5794904542288 34.111546913976 36.6153478454688 35.0390412352289 33.9516787756248 34.8079986409291 28.5589229919676 37.825903396595 27.1661567486676
35.8336561620165 35.1803421852588 32.8668817311472 30.7980889480855 31.2716209516923 42.9386520060652 40.8482465350423 53.68415996164 61.8068019523854 51.6751025416318 45.942653431759 37.7364507255984 32.5656577068134 28.1769771192238 40.2004346400408 49.165584988345 30.0063330327661 28.2844788900714 29.5870475902958 29.0170175088309 31.763980221567 30.7990266886674 55.8957504750811 36.1713560944984 38.9872649839361 41.8725546976517 37.1105072790958 41.9678115920128 30.4145155702966 35.1773863314513 34.4328528940462 31.6007186605447 30.892527137084 31.2373481864248 33.1974707018374 34.9635022980651 33.3708863116182 34.1332493472777 32.3660194853727 36.295352601432 35.9526603476582 36.1632962746809 38.2672488753353 35.6834975687583 37.9517390127337 33.6984294124948
37.9660890330953 34.0682892382287 32.4131700180907 35.3167420748307 29.8441670647949 32.7607782547033 35.4956488028886 36.0517805160615 37.3596030191886 39.2660402929847 43.6467015475818 50.2784394834911 41.0239493669619 42.5721148222929 41.6296564396996 47.2296572144898 43.0049095286923 31.2428918124103 27.8513400362825 30.2606308289547 32.2236131240135 34.460634171868 62.4663547273497 36.4455484773514 32.7741471965928 45.8983928848173 35.4568713797535 44.632540828903 31.5535737136097 33.9155790223341 36.5506008954646 31.8760737393307 34.6513902462834 32.9585810754701 36.9997345761175 38.4940243121264 36.6002954929285 34.5212460837498 32.9810848248571 34.8056960661712 36.1075950374318 42.1852558228526 38.9871359482588 48.9077158048676 36.5966403380967 42.9620315566881
49.8035898550688 37.0441968846686 35.8210042914771 35.7346562542172 33.5438580499857 34.1100672992654 33.9981772882754 36.0791844521426 27.6205298688331 34.6983241011902 37.0703422493975 38.0427090627003 36.1225802912764 35.2925527146233 36.8430268263305 55.5257305197974 95.3243171283728 45.3505477942598 48.9702514753913 43.5257585649057 38.5740664097294 32.6067343663875 37.4323232588941 37.7037259179021 55.28692002266 44.1252627442987 38.0288555140602 63.983704431027 32.3077988842658 31.8915803648046 29.944434489411 32.4874044850442 40.2091610996481 30.7190092844993 30.4089839200688 33.7909528134014 31.1423236507828 31.4999373448911 33.7976283115567 32.1508912645595 36.2224899520681 34.029286973841 35.786016664676 37.7092055395664 39.6788503531813 44.8632659773814
33.0162637909877 45.5137158557433 42.3659727240104 38.9665376586493 38.7358841691684 39.3178095231632 36.8984572454303 37.9308911335909 37.2014891563748 37.9305638418667 35.9648356908522 35.8707047004419 33.0392130906366 34.6009301130889 35.3276972995134 30.9909065726795 37.8672398092431 61.4000937396131 63.003634394935 49.5105344131839 35.3304044206688 27.5016245909559 44.3205313221966 54.074914969173 63.4783577157144 75.6319317287936 36.7679847399289 50.4925112760531 33.5567685413623 37.0337484975976 39.0845382345014 39.7679177853877 35.0124212780035 30.7198671609917 30.5056955282642 32.8178921079131 31.9847632204598 34.8145313214746 34.956377219285 34.5164514891633 34.4814534727084 34.0924146122253 33.6504480141907 34.3890266718369 36.9875176649135 40.3787867631842
27.4022827068388 34.8809645631539 40.0226073635377 44.1977897419028 38.7941743324015 37.0667485716101 48.5130343543955 36.9861722123244 37.3729379346177 39.892036279881 41.0300154646796 37.0084728727091 38.0737870323323 31.1417876876388 34.1450915367909 36.1697932595712 28.1099191381963 30.2483165018643 45.0084318600043 48.8828491803007 36.9422829157622 35.7922031478801 41.0155435768733 36.4361325360121 30.7951390217081 41.4662688717755 36.8434170698341 34.1760889607668 33.1881763075033 30.9330338366797 38.2608459415719 41.3057990925946 30.3215690320487 26.7200436020272 29.3781230726164 34.1234710138555 35.4575109350974 33.4292895474623 34.2101055960659 33.4892463903561 32.5029872665519 33.9584609669052 31.1794227584159 35.2188212877264 31.9823129352927 31.1432814781412
28.978506120412 27.5472386076613 30.1404766273717 36.0741160065426 34.3460034658436 34.60252089458 42.5652206323284 39.675656937317 40.9908460596549 72.8477420632397 116.99156383917 57.6118571725486 41.7186584788286 34.5956254976166 30.8506972829921 30.343085621326 30.0905525775302 28.6323441618771 28.5966714413358 28.8245902678757 26.2230444522123 32.0963961039137 34.3081720243176 31.1968573453752 34.3365218262123 36.9134319087793 36.3314198310157 25.8091159846954 26.0725553075516 27.552075315359 34.262437834762 34.1139114844185 31.5421870582993 30.5777482118154 34.1436041633441 35.7896149908313 38.0989921506339 35.9502718972454 34.0985787577672 34.044739515938 34.3996594083705 32.1090900901188 25.8233983985588 30.9367871474745 34.1912153822216 33.1686091411129
95.3967635439164 27.282984977532 27.4846345337575 31.5312503500926 32.9009495004253 32.6373444186089 35.6456474376492 36.6834573109198 41.792743407989 68.3609423853658 172.337306380488 196.118997060106 99.3514255415579 119.593044021783 51.0285524287319 36.2404639181488 34.742982079924 32.8492026332538 31.5521585405821 30.4110345720691 30.6282902473535 34.5425597731395 33.5420574377453 32.4622314061419 36.2197534892055 40.101993532156 43.7829065044306 30.8314977155849 27.898939591647 24.4412580203247 30.2192279229211 34.8271994796262 36.2993843465731 38.0885397832681 41.3292905207541 38.7507020076255 37.6146487407245 36.5662056400007 34.9078421343965 35.6291660828532 35.1283426195102 33.4299115831996 34.6328123703464 32.9754138638113 35.0903617278824 33.2425830491123
88.6128710085199 77.2960525781461 100.725761115681 65.5824440134998 40.0179848293835 32.5445544036069 32.05707671288 32.1905852675514 34.4759812884789 36.8950004862446 61.8647845225059 61.7095566910246 65.2002469912282 50.0281986226235 55.1481880892813 73.1851199757037 110.152024931035 43.8284292605912 38.8383402433147 37.2043502095107 35.5952891557102 36.9085190807227 37.0427928027789 32.6426007680845 32.1375381164287 34.4557229033383 33.2091515184282 32.4154952421989 25.5120310309985 28.2758754339583 31.2029106530039 32.5406428986679 36.4629976996377 36.4098769649498 40.7974003134919 39.2012463788298 35.2077116759007 32.5570935449543 38.2240249521448 37.2972420490062 33.0633823489777 34.317792652914 35.6667734317928 32.6069558227249 32.1947179398646 36.1080340514956
85.1049754656317 86.6427038784604 98.0868351695131 98.2817608338026 100.063735944646 67.5627934139456 52.5346051922082 31.3687196281294 31.3153260359254 35.1380700403369 37.6722839062105 44.2375168105415 45.2537774462305 42.7925297402217 42.0205834274392 38.5139561946277 36.4904496660715 52.0083362056368 128.705313109613 80.2072978059821 49.1227387154263 38.4087741040806 35.9008915662097 38.3305192497588 37.5042659613892 35.7627618635275 34.6304306021662 32.8171490345489 26.4674777147549 26.0558219222608 29.3958440695346 35.5455666740048 37.0783277547611 37.5007743766471 40.9729629452652 38.8565872723804 35.145325405612 36.4813363696744 37.8738916635604 38.1992864773163 31.9236465272993 35.8542362399638 37.3195211537785 35.7762382573684 34.9636358441236 35.1690110424087
