IBR/IBR_outputs/all.combrep_1/FireFreq_2000_2008_Total.Silt_Total.VRM_Total/FireFreq_2000_2008_Total.Silt_Total.VRM_Total.asc
NCOLS 160 
NROWS 95 
XLLCORNER 210004.651214014 
YLLCORNER 7350008.22228844 
CELLSIZE 4999.99999999997 
NODATA_value -9999 
[rows 63 to 83 of 95, columns 0 to 45 of 160]
-9999 -9999 -9999 -9999 -9999 35.0960775770697 35.0453059082161 35.0373352239053 31.285092499347 29.0632771929872 29.9491690172192 30.3850404194483 35.443818088411 35.1662683727923 37.8301257430388 80.4587741974621 260.447187460779 201.966973523172 288.655764634855 351.14861620367 183.180105020443 48.8050871625786 35.5442163531497 33.7182973441737 36.6113210456068 35.9193341431902 34.5761982301611 34.5910859666356 33.048454485142 38.2060678167181 40.9467010606427 37.1586637554834 34.1705911995615 28.4335402026787 30.30813120476 34.9499112448498 35.5249070025627 35.537114329956 33.4180937849556 38.6471164957393 37.4781377218542 55.7697220242431 41.5849592464651 44.4476886999505 37.114261281496 57.2870866397913
-9999 -9999 -9999 -9999 -9999 33.870479204197 35.5429990362031 32.1433497961185 33.0710018557604 29.1765067652724 29.260098549178 29.22999331806 33.3927726738528 35.3818304831977 35.0381776166588 35.2866017137538 37.8831450028354 47.5202503599423 92.0529194265571 80.1391724536093 39.4784999895176 36.426281734772 35.1624852666235 31.6173673239908 34.1990222113428 33.2789438725436 31.1495545537443 32.6611420100163 33.3739033569401 34.2459009866932 37.8632479609168 36.5712771809678 32.3058885561624 35.3040370878642 35.4633523913887 35.766739586774 35.7085203886231 35.5437887412125 45.0721285191301 37.4172582478839 39.2952650185785 36.5278363707032 42.4696373758173 53.4287520759889 50.8169687199881 75.2082226280101
-9999 -9999 -9999 -9999 -9999 33.2987103615715 32.180411760815 34.2712633911642 35.0822908918641 30.9468703886093 29.6158238883693 29.1522929503742 31.3249212922369 35.4652969882042 35.0979619524744 34.9450564389414 35.0687644623202 34.9776972651653 35.3825735659701 35.4313672645662 35.0918885242985 36.0658671065193 30.0595364695168 28.5607488602673 28.7111239140488 26.9530207079215 28.3474421274545 34.4292984275031 31.5249647470582 34.7232695560561 35.7129823495975 36.8178371845303 35.6235750541407 35.6137515861687 35.2643614026012 38.0420402216701 38.3912579028484 35.63058704419 35.4361955391473 38.6776358000081 40.7768194259609 38.1296605856967 41.7094821247474 36.877786952414 32.1389134627025 38.250490161071
-9999 -9999 -9999 -9999 -9999 30.3310922238601 29.8865502001464 31.0863304518168 29.8048396089383 34.1495574817608 30.4307519476039 30.372102996232 30.762465154485 33.055570614194 35.2319553739313 34.9901314087147 34.9661478340105 35.0157487560408 35.1374250384862 33.8391699469981 32.4613827027769 35.3286809948753 30.6482176793649 29.0303993756642 30.2655299279654 28.3141906538953 30.7890267461575 72.0216824758404 40.7018215669747 35.4507896383089 35.7332176600164 36.1304463612714 35.035557078503 33.0036627050378 34.2753515359996 39.9088725176552 38.6018151397543 36.0564985173944 36.8799507204386 33.3751010264678 33.5626067090853 43.3093953945951 40.259395810665 39.9489791776784 34.6154593883751 39.9621686570536
-9999 -9999 -9999 -9999 -9999 31.2097368276658 29.3386009687544 32.840971659052 32.3105761605175 31.0839254717018 35.9148123566029 35.7774220358425 33.9082060713554 35.0223297847744 35.4032753681166 34.9312125765167 34.9209076253045 34.5495189742049 30.7179131245849 29.0873383813896 31.5622150475273 35.4906964334093 31.8981151258789 34.7889031270892 30.3715377245814 31.1605106508143 33.6036545961285 52.0785757387157 38.2956009227889 32.7168316094417 35.1869364755844 35.543764198342 33.3712369898548 34.6766749123291 34.6556559563822 37.6065442365292 36.4005744874479 36.0475576773692 41.4366358629772 38.007943459666 36.6060910295787 36.2229834085533 37.6922848271575 72.5053795354917 48.2354269019254 39.7545779015295
-9999 -9999 -9999 -9999 -9999 33.5967562715462 31.5160115150989 35.527201529091 36.2486121894407 33.3749579513128 36.2900537535137 35.5840312133829 30.6055589542335 33.173174888658 35.3156339834721 34.9712474492441 34.4635484094217 34.7509464941029 31.1302908446957 32.6269740891444 33.7898487681003 37.1587512432571 35.6056441009889 39.6919439612096 34.0057270717355 33.0527203071577 38.1409719927689 36.0289019069909 34.4198236863199 30.7300139688116 32.1497177398326 36.4246478856548 43.8474968248395 41.467642266227 34.3746217955428 35.2923542314985 45.1441257715854 41.2299585253772 68.1279586369353 39.2348363391508 36.7278214565646 36.047205152837 35.9709663127515 39.5067762928566 50.6228428492735 50.4612121329814
-9999 -9999 -9999 -9999 -9999 35.6667871213591 35.3981735757665 35.6654098438873 36.4714679804763 36.1894955496883 35.8843504345556 36.0397608531735 34.2207083240739 32.3107046783976 34.3912161133693 34.9133208213836 34.9638837691231 34.9353738059808 35.0965230333449 35.3705091657499 38.3986947437553 39.1709637902834 34.3859455959166 33.9163138820861 47.8278224406109 31.7434734392327 37.683974276663 34.7492899386349 32.7916972609374 32.2671498093977 33.2053611226526 35.7705434682784 42.0269983074148 39.3407369142479 38.2466451110554 39.9455011967368 40.9375097187076 48.64555082325 47.0063745833337 42.2223394129266 38.0493454199762 36.529914372374 35.7728634544048 35.6796046632827 38.3761623176574 47.4000374012014
-9999 -9999 -9999 -9999 -9999 35.0038012433181 35.7327650074255 35.9391752881373 35.9542856320623 35.1065226360947 35.9277885652677 36.0658286827325 35.262399185432 33.7785856890146 31.129808810144 34.4931944359796 35.0015132738457 35.0752824643582 35.4766049999625 35.3669683122945 37.8209608965144 39.8385768837146 35.2275856970976 32.293305867907 51.0166995435467 49.5262551282641 38.5423351538324 35.0492795217426 31.2829141680141 30.4804681989445 35.8334331443129 35.5322466763034 36.1294620147215 41.2506334520413 37.1910328489744 36.6148614748636 36.5960641233169 37.9551560327106 41.737254614012 44.3777304819531 37.5135860551674 38.5482496753405 36.2613510402312 35.701114112043 36.0261361647388 42.4345053725248
-9999 -9999 -9999 -9999 -9999 35.5355935245948 35.8967206076267 36.2328352128969 36.1475122547162 34.9809590521474 35.5191801629924 35.8352463318019 35.4399505605363 32.3177821045984 29.6823342762794 33.5645762877635 35.1604651578234 35.2124690349768 34.6087679936627 34.924633648257 36.9865120880738 37.4637698402022 38.2044029624453 37.1641423205844 49.572014670353 40.7660282249372 34.1558549807644 33.4385967732443 32.3341744486164 34.1026728054422 37.1534025450294 35.2186913297163 31.8224422318257 35.8911276649688 37.6048070839176 36.2150160900893 36.3968305597327 37.3406947530256 35.330626403053 39.3808588858808 40.3047122120312 37.2030016606706 37.895322760086 36.31330868324 35.7093620037165 36.1313720201084
-9999 -9999 -9999 -9999 -9999 35.5131510202366 34.9563492386777 35.4448477650126 35.7831685464322 35.3745705167024 35.1179138741309 35.5810405122463 35.7688515823546 31.3725046177525 28.8481844759644 34.0086995247031 34.6810401562277 34.4045782340511 34.3075395530542 33.1154326638469 31.6031310925443 36.0824171187658 37.4797223811308 35.4266662224303 38.6031063198509 34.935438969771 31.7141763008732 34.1024088996136 33.759041453789 32.2741381202139 37.3082690936354 37.6253629049684 36.159667014734 35.8561792655071 39.7797087985651 52.7452151653411 37.9638991223399 35.8028862147961 35.8112146344105 47.6413449604236 43.6126122941629 40.319896341021 37.760694445909 37.0440271893588 35.7765862809744 35.7301632053669
-9999 -9999 -9999 -9999 -9999 31.5138279465534 34.4797040021501 34.9929262553944 34.992303845719 35.0299377016063 35.5480003420177 35.2590330627741 35.6213817876955 32.6190672632149 32.4326789287419 34.2705648052083 34.9786456235395 34.2042413934955 35.0875028554531 34.50759777741 33.9338381420709 35.1724566905128 39.6514943052656 45.4202362817691 36.3113330493682 32.7504075400383 34.7826128357691 34.9960430744951 36.0817062432019 38.4652631105765 41.9311841795334 42.4435130940809 40.3928541362527 36.2758708074805 37.5753565592014 68.1047506341831 62.673688639732 33.6287604665661 35.4825244773557 46.7298151762793 50.7866019822273 40.792421160502 36.290243200393 35.8119368839271 36.4803425631545 38.5667007569229
-9999 -9999 -9999 -9999 -9999 34.9384090452385 34.9370887210306 34.9702731696862 35.2381466968365 32.4302208709511 34.6649186373689 35.4507657740562 35.4089302587639 35.1536262448932 34.8306360587375 33.7351816341273 34.3423124390773 34.3507933721878 32.4626614897287 32.2862257813799 34.935473224096 34.5700120611138 32.2545217966942 39.0258947569537 34.4600617423811 33.76848217041 35.1619748589705 36.8574447447758 36.7347387619158 38.2670568106011 40.312167332982 42.449383491331 40.0944790960796 36.8130923631138 33.2957970043463 69.0577605607515 47.4387796397897 40.0977598455542 35.0320822205905 40.3515293354771 54.0690586949191 68.3502653624791 45.7702343516539 36.1337215232207 35.9501843951944 36.3129194612635
-9999 -9999 -9999 -9999 -9999 33.9895203929511 34.2492887804257 33.8679439990014 36.2038321270468 35.2429946275849 34.9754980997437 35.4964604752902 35.0653294306009 33.3770415760134 33.1747720653268 32.737909016511 32.6473256296393 31.5605508079704 32.680648461888 29.7280910911196 29.2658226645672 33.5228695660016 32.2225929412704 33.9117049177716 36.3991393282441 36.0775244673642 37.9157947310655 38.3915574710982 37.7198165348661 36.583360278107 38.2521807461904 37.7973574715111 34.5216668538103 38.4086255969638 38.0288098989931 61.0794043939576 56.3513155281279 44.4627043752409 49.0335165383818 35.2661515680001 39.5156727905021 64.0575517167482 69.7425110407318 41.2759739895261 36.0164773321246 35.7980385226892
-9999 -9999 -9999 -9999 -9999 35.2106274141494 33.3056202166432 35.2356426082506 35.4880768866506 35.0715636587727 34.9738603542126 35.4710251995925 34.2147068808198 28.9116323999468 32.5946781644689 34.0574948121803 33.690443605842 30.0765240531287 33.5599322931243 33.4072172701529 33.1735890603831 35.1258343129655 35.2215538062107 35.4215769230295 36.7974626607103 37.3509625273391 37.3511595737531 38.0555249338416 38.4687085150207 36.4231184157241 37.2257911865322 38.3857417258486 34.6094556736153 46.1446034411729 40.4459877165718 52.0183202331325 62.8953594761653 48.3420791436733 58.8811106079695 38.5052592470671 36.0317414245711 40.3814875575805 71.8266403652306 64.8295408879984 39.6811482482077 36.5645771706111
-9999 -9999 -9999 -9999 -9999 34.9244279753897 35.0716911787 35.1342856859567 35.0763196846382 35.1080386135828 33.7299736708393 30.7521005281609 29.451977034163 31.6834777101419 32.0923800685138 34.3556026045193 35.2942302750162 29.5430638053014 31.5452580041719 33.1686345710794 32.0860699840618 32.6408514949288 32.0196485087582 34.0789436747884 36.3408428853463 36.9421157694437 36.6358802341398 36.0832268145143 38.5734674643763 36.3011957321155 36.3052278451106 37.196895502889 35.5885093439574 46.4864567554843 53.1880238597233 55.5048317407841 65.906402114424 75.9154639068281 71.0871848798621 49.0182500585668 40.4361450387474 66.3850905217113 61.3418905832731 62.0667556220846 42.2269184309589 37.8796113145128
-9999 -9999 -9999 -9999 -9999 33.7652293033498 34.9006122428557 34.2642417013581 31.3077789063541 34.7140457134317 35.0056244824723 34.171041294921 33.1532772221602 34.8721907288356 34.9959951850558 31.7426000641657 32.0193587093122 34.632256476885 34.5509027887432 34.0486885999843 31.0892476807951 32.1822483920153 30.188990857335 29.2800257000683 36.2129696380434 36.268292555436 36.4459358615595 37.3657007921922 36.0672866033962 36.2623775712268 36.2813861477998 37.5441796043006 37.193949416568 45.7147770367081 55.7066274846308 60.4721068013479 45.9147519416182 61.321607005698 56.6252384152962 61.359358521176 48.2320673959259 43.3324683757044 52.5787665490199 59.4022220094601 53.8686772779886 40.6702675442334
-9999 -9999 -9999 -9999 -9999 30.2814299998764 34.6941759307428 34.9291543924103 34.9163171027125 34.0125311536731 34.9232332369506 34.9816327151156 35.3808208308843 35.4097671991598 35.0047965908209 34.9972945249494 33.3799341695106 34.8058206744192 34.1996613102418 32.5247021050313 33.0405794766881 34.1539416673607 35.3768467902735 33.5133516321046 35.5762409730965 35.5178974670085 35.7433305559472 35.9160921809498 36.145642123374 36.8487854376039 35.7219703199886 36.3193615643415 37.5181365294864 40.4657896584089 55.500443673357 51.8267147377345 45.7622391225485 55.6218699269729 48.6984415678357 46.5278192534285 72.5137179099708 43.8343506537037 43.7522066927964 43.4752596334142 59.3188365640031 47.5441007879421
-9999 -9999 -9999 -9999 -9999 -9999 32.7904457967011 35.172591992431 35.1762536267708 34.2669385557285 34.2972434782381 34.951774459359 34.9857418635411 31.3828105281202 31.3023446832515 33.2047954987136 33.6085089378911 31.0931695304861 35.0534122330176 32.5949401055642 31.1563772462467 31.5514635193911 34.64390809948 35.0421551569088 34.1692780901424 34.9598762883791 35.0765821800004 35.0697774252696 35.7726283773958 37.8916890152714 37.4384192378092 35.9351629787172 37.8770598014954 38.0365132057221 42.4279651135088 50.7000620737601 49.2338034228908 43.3439871810224 40.7957392923026 41.4198055724452 53.441203591919 43.9555627285745 38.9512190225416 38.0049844684276 57.1099273352528 58.1512728170374
-9999 -9999 -9999 -9999 -9999 -9999 -9999 35.075804958189 35.0900634973166 34.7375780848085 35.0095354011292 35.0408160722114 34.9876287552563 35.2130648759234 35.3803060083835 32.5768722223903 33.1160651773515 35.0146348026661 34.2041311562367 34.7089017645178 31.3117091276065 30.4003275368535 30.6176145495825 32.9903364945433 35.4965296579644 35.1086893027736 33.8119381144869 32.1558349164549 35.1975349309315 36.3220145136084 37.84569433262 38.0914599765484 42.4169162724207 40.3671447073541 40.8726309750392 57.6368801381381 54.1672255922251 53.3214729734825 38.9873756893846 43.3707143159389 50.3174002348607 49.5915597296752 39.921624559436 36.9339769568454 39.5620181044619 52.8802087644344
-9999 -9999 -9999 -9999 -9999 -9999 -9999 -9999 35.6603504596042 36.0764480919174 35.2889909994696 35.0486497964122 34.9738003704674 35.1590850981617 36.0779104330859 35.5364617378841 34.1757141496473 34.7722574082148 33.4343913082192 34.830326740888 33.2407351803468 35.4976278575401 35.7745301501714 33.5480699341427 36.5420900760734 35.347106158647 33.2901507829012 32.6537991873214 34.0745331422085 35.6782560441827 37.3541774176454 40.5946998556967 39.0283413458324 49.0053538371736 42.1968487741827 53.0116980994133 56.0638646385188 60.0499906596701 39.455863695175 38.8272357216698 47.6746237572821 45.6540129707935 60.1667905430862 43.7712623644827 40.3903694971216 55.7980835466841
-9999 -9999 -9999 -9999 -9999 -9999 -9999 -9999 -9999 38.5392144197492 35.9820002065332 35.2195547970864 35.0023064946959 34.9640391496017 35.3080415002846 35.1149362678402 35.3682618273621 34.9798993341732 34.9866400508022 35.0215092983963 35.0351244534863 35.5792237781634 37.2543810752135 36.5428032724449 35.7570360206847 35.7247701650158 35.5457358025425 35.3762875211991 35.072761189918 35.6905584469413 37.1431540286614 39.1782254067085 40.5532450152763 43.9922590990041 52.1266486234694 52.5262056500641 40.5529294191441 40.1326233644742 40.9111050185124 38.895825855659 39.8272995460317 44.488121240307 45.8376406069181 52.6042581372138 46.5364729244219 58.3224080546523
