0.747851 0.0368702 0.131485 0.000208088 0.083585
0.73568 0.0035694 0.140086 0.0483239 0.0723406
0.58744 0.00118071 0.197911 0.00801092 0.205458
0.715933 9.9991E-05 0.0195255 0.0104714 0.25397
0.917572 0.0636966 0.007136 0.0114956 9.9991E-05
0.818635 0.0631495 9.9982E-05 9.9982E-05 0.118016
0.75712 0.0172463 0.0761289 9.9991E-05 0.149405
0.765315 9.9991E-05 0.00523728 0.0533198 0.176028
0.659086 0.116443 0.195467 0.0289043 9.9991E-05
0.537163 9.9991E-05 0.155527 0.0224086 0.284801
0.345079 0.0781121 0.105357 0.0475718 0.42388
0.451862 0.0111922 0.246521 0.027028 0.263397
0.0439845 0.0707588 0.0603734 0.0484038 0.77648
0.479966 0.0771263 0.290732 0.0068742 0.145301
0.625318 0.0911459 0.244446 0.0389898 9.9991E-05
0.676306 9.99832E-05 0.125955 9.99832E-05 0.197539
0.645572 0.00924548 0.230234 9.9991E-05 0.114848
0.889482 0.0156219 0.0612358 0.0335605 9.9991E-05
0.0994837 0.155716 0.611143 0.0551954 0.0784618
0.134693 0.0108022 0.738888 9.9991E-05 0.115516
0.183518 9.9991E-05 0.767873 0.0116678 0.0368409
0.00880495 0.0306251 0.790424 0.0107296 0.159417
9.9982E-05 9.9982E-05 0.884784 0.0457023 0.0693133
0.07784 0.0044055 0.850575 0.040956 0.0262237
0.198445 9.9982E-05 0.70174 9.9982E-05 0.0996147
9.9982E-05 9.9982E-05 0.937041 0.00950266 0.0532565
9.9982E-05 0.0761718 0.894948 0.02868 9.9982E-05
9.9982E-05 0.0715931 0.894276 0.0339309 9.9982E-05
0.0770053 0.0272074 0.895587 9.9982E-05 9.9982E-05
0.0230843 0.0629951 0.860965 9.9991E-05 0.0528554
9.9982E-05 0.0355059 0.958643 0.0056513 9.9982E-05
0.0657855 0.0483205 0.874457 0.0113368 9.9991E-05
0.0716931 9.9991E-05 0.802098 0.0577863 0.0683224
0.446336 9.9991E-05 0.168046 0.0686975 0.316821
0.647771 0.0635201 0.288509 9.9982E-05 9.9982E-05
0.730763 0.0623422 0.112508 9.9991E-05 0.0942864
0.646468 9.9991E-05 0.031244 0.0143437 0.307845
0.530441 0.122284 0.173688 0.00778599 0.165802
9.997E-05 9.997E-05 9.997E-05 0.9996 9.997E-05
9.9982E-05 9.9982E-05 0.800262 0.00267108 0.196867
0.65706 0.149644 0.193097 9.9982E-05 9.9982E-05
0.678351 9.9982E-05 0.175665 9.9982E-05 0.145784
0.269036 0.0852663 0.282643 0.00968218 0.353372
0.111205 0.109821 0.0689258 0.0406212 0.669426
9.9982E-05 9.9982E-05 0.0302015 0.0141517 0.955447
9.997E-05 9.997E-05 9.997E-05 0.9996 9.997E-05
0.403692 9.9991E-05 0.21385 0.0648811 0.317477
0.329124 0.142801 0.135786 9.9991E-05 0.392189
0.363757 0.105397 0.332231 0.0334557 0.165159
9.9991E-05 0.74671 0.0176356 0.041376 0.194179
9.9982E-05 0.784201 9.9982E-05 0.0289459 0.186653
0.180681 0.819019 9.9973E-05 9.9973E-05 9.9973E-05
0.0684002 0.684999 9.9991E-05 0.0648363 0.181664
0.0813403 0.830093 0.0423623 0.0461045 9.9991E-05
9.9973E-05 0.86356 0.136141 9.9973E-05 9.9973E-05
0.266697 0.733003 9.9973E-05 9.9973E-05 9.9973E-05
0.0523539 0.817054 0.0820745 0.0178068 0.0307107
9.9991E-05 0.840958 0.107572 0.0344521 0.0169186
0.133631 0.7971 9.9991E-05 0.040372 0.0287977
0.141388 0.672699 9.9991E-05 0.0453181 0.140495
9.9982E-05 0.796 0.0697554 9.9982E-05 0.134045
0.0876208 0.718076 0.134664 9.9991E-05 0.0595387
0.0260366 0.308459 0.0216129 0.0627418 0.58115
0.104867 0.0384358 0.800904 0.0210348 0.0347584
0.155876 9.9991E-05 0.731769 0.0108 0.101455
0.0725911 9.9982E-05 0.896945 0.0302642 9.9982E-05
0.111677 0.664587 0.0285251 0.0238718 0.171339
0.0167358 0.41398 9.9991E-05 0.0649349 0.504249
0.044985 0.696682 0.115696 0.0135633 0.129074
9.9991E-05 0.67228 0.00323345 0.0460482 0.278338
0.118286 0.794272 0.0161809 0.0313005 0.0399613
0.215096 0.153382 9.9991E-05 0.0154415 0.61598
0.118049 0.027219 0.00163155 9.9991E-05 0.853001
0.0447953 0.0626281 0.0110448 0.0159672 0.865565
9.9973E-05 9.9973E-05 9.9973E-05 0.0215807 0.978119
9.9991E-05 0.0259125 0.125231 0.048647 0.80011
9.9982E-05 0.0245814 9.9982E-05 0.0185806 0.956638
0.0403101 9.9991E-05 0.115485 0.00940478 0.8347
0.0403829 0.63321 9.9982E-05 9.9982E-05 0.326207
0.0229269 0.359779 9.9991E-05 0.115008 0.502186
9.9991E-05 0.713947 0.0556891 0.0339037 0.196361
9.9991E-05 0.741928 0.0965712 0.0648971 0.0965033
0.208001 0.73249 9.9982E-05 0.0593087 9.9982E-05
0.125839 0.0318167 0.706342 0.0367039 0.0992988
0.0233974 0.2705 0.0914124 9.9991E-05 0.614591
9.9973E-05 0.0835778 9.9973E-05 9.9973E-05 0.916122
9.997E-05 9.997E-05 9.997E-05 0.9996 9.997E-05
0.589831 9.9982E-05 0.213689 9.9982E-05 0.196281
0.64501 9.9991E-05 0.174658 0.0364503 0.143782
0.574087 9.9991E-05 0.208976 0.0355651 0.181272
0.356169 0.0656897 0.258112 0.0545288 0.265501
0.786597 0.0971949 0.09128 9.9991E-05 0.0248277
9.9973E-05 0.133285 9.9973E-05 9.9973E-05 0.866415
0.172792 0.00472219 0.559961 0.0476652 0.214859
0.105466 0.150791 9.9991E-05 0.0977723 0.64587
0.265987 0.0325865 0.31581 0.0277343 0.357882
0.743056 0.000238429 0.256505 9.9982E-05 9.9982E-05
0.645411 9.9982E-05 0.067382 9.9982E-05 0.287007
0.528519 9.9982E-05 0.194948 9.9982E-05 0.276333
0.648217 9.9991E-05 0.0191527 0.00315839 0.329372
0.583846 9.9991E-05 0.0244869 0.00240934 0.389158
0.655523 9.9982E-05 0.107134 9.9982E-05 0.237143
9.9991E-05 0.158588 0.0375442 0.025391 0.778377
0.116471 0.189638 0.149259 0.0673262 0.477306
9.9991E-05 0.162803 0.0445398 0.0931593 0.699398
0.123516 9.9991E-05 0.237054 0.0046771 0.634653
0.325933 0.110745 0.127746 9.9991E-05 0.435475
0.48059 0.0486624 0.41785 0.0277558 0.025142
0.216086 0.776362 9.9982E-05 0.00735247 9.9982E-05
0.0634351 0.713418 9.9991E-05 0.0295719 0.193475
0.0244036 0.101929 0.115986 9.9991E-05 0.757581
0.174273 0.170391 0.136344 0.0544993 0.464493
0.017628 0.0788756 0.20346 0.0547319 0.645304
9.9973E-05 9.9973E-05 0.698583 9.9973E-05 0.301117
9.9991E-05 0.631575 0.0237212 0.0473393 0.297264
0.0141477 0.621034 0.00734837 9.9991E-05 0.35737
0.0751128 0.474448 9.9982E-05 9.9982E-05 0.450239
0.395276 0.0189774 0.469315 0.0544404 0.0619913
0.718962 0.0670181 0.21382 9.9982E-05 9.9982E-05
0.744788 0.0134846 0.075121 0.0221989 0.144407
0.743357 0.0903035 0.0808515 9.9991E-05 0.0853884
0.561112 9.9982E-05 0.395449 9.9982E-05 0.0432389
0.662403 0.00884544 0.271005 9.9991E-05 0.0576465
0.804322 0.0383104 0.135675 0.00905751 0.0126357
0.896824 0.0713558 0.0106231 0.0210967 9.9991E-05
0.454624 9.9982E-05 0.321921 9.9982E-05 0.223255
0.766261 0.0241921 0.113134 9.9991E-05 0.0963127
0.645092 0.00976742 0.236497 0.0205399 0.0881032
0.687318 9.9991E-05 0.0736922 0.0340775 0.204812
0.482302 0.107832 0.294653 0.0104746 0.104739
0.736837 0.0349793 0.0621823 0.0304297 0.135572
0.372403 9.9991E-05 0.247848 0.00229702 0.377352
0.789408 0.0238136 0.0783229 9.9991E-05 0.108356
9.9973E-05 9.9973E-05 0.827476 9.9973E-05 0.172224
9.9973E-05 9.9973E-05 0.9229 9.9973E-05 0.0768001
0.000587128 9.9982E-05 0.969689 0.029524 9.9982E-05
0.066361 0.0622363 0.814839 9.9991E-05 0.0564639
0.0233602 0.0256014 0.825342 0.00654007 0.119156
0.665771 0.0896096 9.9982E-05 9.9982E-05 0.244419
0.603498 9.9991E-05 0.164882 0.0392974 0.192223
9.9973E-05 0.905465 9.9973E-05 9.9973E-05 0.0942351
0.110891 0.772828 0.0558961 0.0471452 0.0132396
0.113289 0.873385 9.9982E-05 0.0131257 9.9982E-05
9.9991E-05 0.64296 0.0701501 0.00315604 0.283634
0.0871309 0.856789 9.9991E-05 0.0430846 0.0128958
9.9991E-05 0.818426 0.171667 0.000495857 0.00931059
0.0223451 0.893404 9.9991E-05 0.0321385 0.0520129
9.9973E-05 0.891046 0.108654 9.9973E-05 9.9973E-05
0.0287681 0.822361 0.125308 9.9991E-05 0.0234635
0.0198562 0.848468 0.105736 0.0258392 9.9991E-05
0.105815 0.810864 0.000713655 0.0546895 0.0279177
0.101618 0.759668 9.9991E-05 0.0503026 0.0883109
0.165919 0.776892 0.0406801 0.0164093 9.9991E-05
0.0261292 0.873452 0.0776369 0.0226818 9.9991E-05
9.9982E-05 0.777518 9.9982E-05 0.0347003 0.187582
0.101328 0.88041 9.9982E-05 0.0180624 9.9982E-05
0.00042738 0.868615 0.0980983 0.00653211 0.026327
0.0891907 0.157563 9.9982E-05 9.9982E-05 0.753046
0.145093 9.9982E-05 0.013737 9.9982E-05 0.84097
0.0409102 0.799278 9.9982E-05 9.9982E-05 0.159611
0.310712 0.665303 9.9991E-05 0.0179376 0.00594699
9.9991E-05 0.828555 0.0534689 0.0165347 0.101341
0.10494 0.127113 9.9982E-05 9.9982E-05 0.767747
0.848454 9.9982E-05 9.9982E-05 0.0111091 0.140237
0.759477 0.00200464 0.227786 0.0106316 9.9991E-05
0.26599 9.9982E-05 0.473041 9.9982E-05 0.260769
0.239651 0.0213244 0.706408 9.9991E-05 0.0325166
0.0685116 9.9982E-05 0.740582 9.9982E-05 0.190706
0.0272831 0.0508595 0.892703 9.9991E-05 0.0290542
0.155249 9.9991E-05 0.706615 0.0246066 0.113429
0.140807 0.0329523 0.780782 0.0378141 0.00764447
9.9991E-05 0.033074 0.768665 0.0215988 0.176562
0.0252606 0.0751632 0.858212 0.0412641 9.9991E-05
0.71965 9.9991E-05 0.137705 0.00796766 0.134578
0.69652 0.00850222 0.0231891 0.0679682 0.20382
0.693138 0.0309402 9.9991E-05 0.0753086 0.200513
0.729114 9.9973E-05 9.9973E-05 9.9973E-05 0.270586
0.729185 9.9982E-05 9.9982E-05 0.0268272 0.243788
0.520938 9.9982E-05 0.0108896 9.9982E-05 0.467973
0.549899 9.9982E-05 0.207561 9.9982E-05 0.24234
0.513721 0.0736459 0.238284 0.0201569 0.154192
0.687133 0.0437801 0.115687 0.0382164 0.115184
0.624393 0.0596263 0.187482 0.0187345 0.109764
0.645313 0.0492943 0.120257 0.0515971 0.133539
0.107575 0.0624203 0.655522 0.163398 0.0110845
0.0615679 0.649971 0.00267396 0.0468464 0.238941
9.9991E-05 0.7471 0.090076 0.0585082 0.104215
9.9991E-05 0.83311 0.024841 0.0262708 0.115678
0.165434 0.704933 0.0110592 0.0289806 0.0895927
0.142732 0.773126 0.0544534 0.0295887 9.9991E-05
0.434457 0.0806072 0.245407 0.0153536 0.224175
0.544628 0.00110462 0.292823 0.0229509 0.138494
0.709945 0.0462505 0.173053 0.0706516 9.9991E-05
0.448123 9.9991E-05 0.351273 0.0588502 0.141654
