0.849487 0.00341066 0.147102
0.809299 9.9991E-05 0.190601
0.75135 9.9991E-05 0.24855
0.918999 9.9991E-05 0.080901
0.925657 0.03994 0.0344028
0.989376 0.010524 9.9991E-05
0.90624 0.011152 0.0826079
0.934021 9.9991E-05 0.0658789
0.699759 0.0562462 0.243995
0.693728 0.0498546 0.256417
0.706603 0.177538 0.115859
0.629519 0.0587373 0.311744
0.575405 0.340419 0.0841763
0.634957 0.108527 0.256516
0.639804 0.0360368 0.32416
0.876919 0.0183847 0.104696
0.707291 9.9991E-05 0.292609
0.94373 9.9991E-05 0.0561698
0.203235 0.184354 0.612412
0.296623 0.0367978 0.666579
0.203117 9.9991E-05 0.796783
0.112505 0.0430474 0.844448
0.0301937 0.00365849 0.966148
0.0702054 0.00865444 0.92114
0.253371 9.9991E-05 0.746529
9.999E-05 9.999E-05 0.9998
9.9991E-05 0.0577708 0.942129
9.9991E-05 0.0784497 0.92145
0.0124235 9.9991E-05 0.987476
0.0349414 0.075651 0.889408
9.9991E-05 0.00502872 0.994871
0.0464 0.0584607 0.895139
0.0225325 0.0423716 0.935096
0.713031 0.0301705 0.256798
0.694781 0.0288724 0.276347
0.779979 0.0802783 0.139743
0.856537 0.0408643 0.102599
0.65745 0.146793 0.195757
9.9991E-05 0.383895 0.616005
0.0235398 0.0518517 0.924609
0.74274 0.0946834 0.162577
0.788146 9.9991E-05 0.211754
0.45849 0.196089 0.345421
0.446881 0.362751 0.190368
0.661575 0.268571 0.0698547
9.9991E-05 0.390163 0.609737
0.583905 0.137061 0.279034
0.636516 0.214219 0.149265
0.43901 0.146023 0.414967
0.0687996 0.883972 0.0472281
0.0315208 0.924518 0.0439612
0.137305 0.859473 0.00322215
0.134953 0.864947 9.9991E-05
9.9991E-05 0.895056 0.104844
9.9991E-05 0.913001 0.0868994
0.207081 0.792819 9.9991E-05
0.0539836 0.931693 0.0143238
9.9991E-05 0.930335 0.0695649
0.104442 0.895458 9.9991E-05
0.251412 0.748488 9.9991E-05
9.9991E-05 0.899183 0.100717
0.118832 0.794612 0.0865558
0.367968 0.548044 0.083988
0.098414 0.0473311 0.854255
0.0981998 0.0220994 0.879701
0.132562 9.9991E-05 0.867338
0.14921 0.829983 0.0208071
0.192984 0.744363 0.0626525
0.0758872 0.864647 0.0594662
9.9991E-05 0.925119 0.0747814
0.0314905 0.929589 0.03892
0.635744 0.364156 9.9991E-05
0.645892 0.312422 0.0416861
0.6579 0.332066 0.0100345
0.64437 0.339182 0.0164487
0.575948 0.294451 0.129601
0.62974 0.353215 0.0170454
0.541872 0.286041 0.172087
0.220717 0.779183 9.9991E-05
0.261976 0.639373 0.0986511
9.9991E-05 0.85578 0.14412
9.9991E-05 0.881254 0.118646
0.197101 0.802799 9.9991E-05
0.171038 0.0572469 0.771715
0.427733 0.456839 0.115428
0.578342 0.421558 9.9991E-05
9.9991E-05 0.387334 0.612566
0.789106 9.9991E-05 0.210794
0.76315 9.9991E-05 0.23675
0.707822 0.0702825 0.221896
0.49253 0.167353 0.340117
0.89429 9.9991E-05 0.10561
0.520889 0.442434 0.0366763
0.252951 0.0660292 0.68102
0.568055 0.42696 0.00498459
0.439701 0.15204 0.408259
0.768753 9.9991E-05 0.231147
0.892255 0.0127615 0.0949836
0.836386 0.0170498 0.146564
0.878932 0.0900164 0.0310513
0.877359 0.0556149 0.0670262
0.926626 9.9991E-05 0.0732736
0.44844 0.47095 0.08061
0.484082 0.35827 0.157648
0.409351 0.456943 0.133706
0.647405 0.0899312 0.262663
0.613629 0.232968 0.153403
0.500441 0.050889 0.44867
0.0720556 0.868863 0.0590818
0.0808776 0.867357 0.0517656
0.455948 0.384391 0.159661
0.539097 0.325183 0.13572
0.302793 0.312966 0.384241
0.158314 0.0314255 0.81026
0.0629241 0.817707 0.119369
0.17735 0.805264 0.0173854
0.360963 0.638937 9.9991E-05
0.406749 0.0601961 0.533055
0.682971 0.00992447 0.307104
0.856892 0.0421747 0.100933
0.840635 0.0405961 0.118769
0.591083 9.9991E-05 0.408817
0.730413 0.0304422 0.239144
0.80109 9.9991E-05 0.19881
0.881041 0.0335772 0.0853814
0.518033 0.0429535 0.439014
0.895837 0.0112046 0.0929587
0.728666 9.9991E-05 0.271234
0.829681 9.9991E-05 0.170219
0.598999 0.140476 0.260525
0.783289 0.0736164 0.143095
0.651924 0.0564487 0.291627
0.852137 0.0297093 0.118154
0.0321021 0.0136435 0.954254
0.00895248 9.9991E-05 0.990948
9.999E-05 9.999E-05 0.9998
0.11023 0.0634956 0.826275
0.0373842 0.0683096 0.894306
0.861357 0.138543 9.9991E-05
0.794708 0.000352417 0.204939
9.999E-05 0.9998 9.999E-05
0.00740086 0.896689 0.0959097
0.0578405 0.936874 0.0052854
0.168285 0.774116 0.057599
0.0324411 0.963822 0.00373736
0.00805916 0.895563 0.0963776
0.0469563 0.952944 9.9991E-05
9.9991E-05 0.899362 0.100538
9.9991E-05 0.909899 0.0900012
9.9991E-05 0.907917 0.0919834
0.068405 0.931495 9.9991E-05
0.0428404 0.859615 0.0975443
0.00951849 0.87199 0.118492
9.9991E-05 0.957184 0.0427164
9.9991E-05 0.930449 0.0694514
0.0583913 0.941509 9.9991E-05
9.9991E-05 0.945689 0.0542115
0.608467 0.380293 0.0112399
0.71646 0.249505 0.0340358
0.0714301 0.92847 9.9991E-05
0.208984 0.78129 0.00972649
9.9991E-05 0.965932 0.0339676
0.646416 0.353484 9.9991E-05
0.988931 9.9991E-05 0.010969
0.721734 9.9991E-05 0.278166
0.450096 0.0305211 0.519383
0.353821 9.9991E-05 0.646079
0.112952 0.0392257 0.847822
0.0258107 0.0777923 0.896397
0.197496 9.9991E-05 0.802404
0.128905 0.0194335 0.851661
0.009149 0.120962 0.869889
0.0667979 0.0513255 0.881877
0.911336 0.00279674 0.0858675
0.80032 0.0724182 0.127262
0.925391 0.074509 9.9991E-05
0.982364 0.0175358 9.9991E-05
0.955696 0.0211404 0.0231633
0.928814 0.0710859 9.9991E-05
0.760987 9.9991E-05 0.238913
0.714311 0.0867499 0.198939
0.842754 0.0351119 0.122134
0.709794 0.0805027 0.209703
0.794448 0.0307017 0.174851
9.9991E-05 0.164408 0.835492
0.0957341 0.865888 0.0383782
9.9991E-05 0.868029 0.131871
0.00735463 0.928176 0.0644698
0.16326 0.802923 0.0338174
9.9991E-05 0.908451 0.0914493
0.51402 0.167074 0.318906
0.668084 0.0153416 0.316574
0.762729 9.9991E-05 0.237171
0.716463 9.9991E-05 0.283437
