0.826453 0.00808268 0.165465
0.89578 0.0103839 0.0938356
0.738035 0.000755862 0.261209
0.913173 0.0222483 0.0645786
0.920353 0.0111958 0.0684513
0.965193 0.0152279 0.0195794
0.918923 0.00989539 0.0711819
0.956616 9.9991E-05 0.043284
0.70414 0.0792669 0.216593
0.6659 0.0579447 0.276155
0.603122 0.251399 0.145479
0.624204 0.0569725 0.318824
0.552806 0.324722 0.122472
0.603601 0.0956426 0.300757
0.6579 0.0853283 0.256772
0.882438 9.9991E-05 0.117462
0.744802 9.9991E-05 0.255098
0.804673 9.9991E-05 0.195227
0.18412 0.216554 0.599326
0.310141 9.9991E-05 0.689759
0.240409 9.9991E-05 0.759491
0.0431697 0.0376445 0.919186
9.9991E-05 0.00783177 0.992068
0.127446 9.9991E-05 0.872454
0.314129 9.9991E-05 0.685771
0.113747 9.9991E-05 0.886153
9.9991E-05 0.0515063 0.948394
9.9991E-05 0.0825537 0.917346
9.9991E-05 0.00248991 0.99741
0.0486826 0.0566857 0.894632
9.9991E-05 0.0267974 0.973103
0.0613511 0.0253354 0.913314
0.0582088 0.0108185 0.930973
0.717812 0.0755218 0.206666
0.636564 9.9991E-05 0.363336
0.764985 0.0315491 0.203466
0.854297 0.0174649 0.128239
0.664646 0.134118 0.201237
9.9991E-05 0.370567 0.629333
0.0795862 0.0669847 0.853429
0.682858 0.10506 0.212082
0.803271 9.9991E-05 0.196629
0.473509 0.207909 0.318581
0.48561 0.322089 0.1923
0.61694 0.313061 0.0699987
0.00613849 0.406056 0.587806
0.633112 0.0908565 0.276032
0.681777 0.173646 0.144576
0.471294 0.131223 0.397484
0.0743357 0.870387 0.0552768
0.0247591 0.904862 0.0703786
0.0899265 0.892053 0.018021
0.0828935 0.858879 0.0582271
9.9991E-05 0.867326 0.132574
0.0127823 0.907306 0.0799114
0.201591 0.798309 9.9991E-05
0.00768272 0.914081 0.078236
9.9991E-05 0.949087 0.050813
0.0941831 0.905717 9.9991E-05
0.235632 0.764268 9.9991E-05
9.9991E-05 0.948714 0.0511863
0.137295 0.75289 0.109814
0.400068 0.552785 0.0471479
0.0541017 0.047162 0.898736
0.179186 9.9991E-05 0.820714
0.0519506 9.9991E-05 0.947949
0.161777 0.807958 0.0302647
0.300572 0.681456 0.0179723
0.0934091 0.833921 0.0726694
0.0201093 0.887898 0.0919929
0.0168545 0.924209 0.0589367
0.636524 0.363376 9.9991E-05
0.655092 0.343928 0.000979882
0.57723 0.348273 0.0744976
0.604338 0.332519 0.0631422
0.577456 0.277867 0.144677
0.533079 0.319322 0.147598
0.54147 0.298888 0.159642
0.217375 0.782525 9.9991E-05
0.306837 0.582248 0.110915
0.0466607 0.834125 0.119215
9.9991E-05 0.857062 0.142838
0.19476 0.80514 9.9991E-05
0.155559 0.0698894 0.774551
0.433482 0.464 0.102518
0.599425 0.400475 9.9991E-05
9.9991E-05 0.408432 0.591468
0.843624 9.9991E-05 0.156276
0.826317 9.9991E-05 0.173583
0.719803 0.0408921 0.239305
0.566537 0.125822 0.307641
0.860798 0.0359199 0.103283
0.502095 0.453265 0.0446399
0.345498 0.0693981 0.585104
0.504969 0.465792 0.0292396
0.533682 0.169494 0.296824
0.770907 9.9991E-05 0.228993
0.840296 0.028179 0.131525
0.792758 0.0177554 0.189487
0.880576 0.119324 9.9991E-05
0.880493 0.0318951 0.0876118
0.876756 9.9991E-05 0.123144
0.481891 0.447111 0.070998
0.495868 0.413674 0.0904571
0.469801 0.469181 0.0610176
0.601239 0.118259 0.280502
0.645711 0.232859 0.12143
0.47383 0.0115488 0.514621
0.165425 0.834475 9.9991E-05
0.136498 0.829037 0.0344645
0.47768 0.339998 0.182322
0.528104 0.315496 0.1564
0.378866 0.328051 0.293082
0.128528 0.013471 0.858001
0.0958569 0.804721 0.0994216
0.17106 0.817237 0.0117026
0.373796 0.626104 9.9991E-05
0.408714 0.0605165 0.53077
0.657186 0.0451982 0.297616
0.869593 0.0317488 0.0986585
0.901632 0.0857028 0.0126655
0.611913 9.9991E-05 0.387987
0.762131 9.9991E-05 0.237769
0.858092 9.9991E-05 0.141808
0.894824 0.0316214 0.0735545
0.57515 0.01296 0.41189
0.821349 9.9991E-05 0.178551
0.733488 9.9991E-05 0.266412
0.839478 9.9991E-05 0.160422
0.591647 0.0895106 0.318843
0.851644 0.070662 0.077694
0.761461 0.0610808 0.177458
0.926176 9.9991E-05 0.0737237
9.9991E-05 0.023701 0.976199
0.0551906 9.9991E-05 0.944709
0.00352599 9.9991E-05 0.996374
0.0607728 0.0802546 0.858973
0.143165 0.0508203 0.806014
0.907683 0.0922171 9.9991E-05
0.783775 9.9991E-05 0.216126
9.999E-05 0.9998 9.999E-05
0.0326273 0.889404 0.0779687
0.0259873 0.943774 0.0302383
0.197947 0.76271 0.0393431
0.0582131 0.941687 9.9991E-05
9.9991E-05 0.865749 0.134151
0.0386356 0.961264 9.9991E-05
9.9991E-05 0.932948 0.0669522
0.0125475 0.918593 0.0688598
9.9991E-05 0.903583 0.0963168
0.0622427 0.906184 0.0315737
0.0404963 0.847261 0.112242
0.0709776 0.874954 0.0540684
9.9991E-05 0.944524 0.0553764
0.0757938 0.924106 9.9991E-05
0.0230559 0.976844 9.9991E-05
9.9991E-05 0.93215 0.0677496
0.512004 0.424839 0.0631565
0.718941 0.206196 0.0748629
0.0687109 0.931189 9.9991E-05
0.271148 0.728752 9.9991E-05
9.9991E-05 0.958231 0.0416692
0.640835 0.359065 9.9991E-05
0.92983 0.00257587 0.0675938
0.706161 9.9991E-05 0.293739
0.486187 0.0406099 0.473203
0.308845 0.00435085 0.686804
0.133222 0.0380812 0.828697
0.0545404 0.0500154 0.895444
0.195752 9.9991E-05 0.804148
0.141251 0.0142921 0.844457
0.0860215 0.123717 0.790262
0.0723797 0.0351355 0.892485
0.850458 0.0194781 0.130064
0.817437 0.0513325 0.131231
0.940189 0.0597114 9.9991E-05
0.952445 0.0474555 9.9991E-05
0.9998 9.999E-05 9.999E-05
0.921369 0.0785309 9.9991E-05
0.788484 9.9991E-05 0.211416
0.67139 0.0867739 0.241836
0.787571 0.0373388 0.175091
0.734626 0.0214451 0.243929
0.818104 0.0484144 0.133481
0.102527 0.156661 0.740812
0.152627 0.847273 9.9991E-05
0.0309038 0.887763 0.0813329
0.0402386 0.959661 9.9991E-05
0.191644 0.786187 0.0221687
0.0296886 0.873103 0.0972088
0.523522 0.185128 0.29135
0.691338 0.0308984 0.277764
0.817923 0.000964098 0.181113
0.634415 0.0125104 0.353075
