IBR/IBR_outputs/all.combrep_1/PersistForestCover_Total.Silt_Total.VRM_Total.WeatheringIndex_Total/PersistForestCover_Total.Silt_Total.VRM_Total.WeatheringIndex_Total.asc
NCOLS 160 
NROWS 95 
XLLCORNER 210004.651214014 
YLLCORNER 7350008.22228844 
CELLSIZE 4999.99999999997 
NODATA_value -9999 
[rows 0 to 20 of 95, columns 92 to 137 of 160]
-9999 -9999 -9999 -9999 -9999 -9999 -9999 -9999 -9999 -9999 -9999 -9999 -9999 -9999 -9999 -9999 -9999 -9999 -9999 -9999 -9999 -9999 -9999 -9999 -9999 -9999 -9999 -9999 -9999 -9999 -9999 -9999 -9999 -9999 -9999 -9999 -9999 -9999 -9999 -9999 -9999 -9999 -9999 -9999 -9999 -9999
-9999 -9999 -9999 -9999 -9999 -9999 -9999 -9999 -9999 -9999 -9999 -9999 -9999 -9999 -9999 -9999 -9999 -9999 -9999 -9999 -9999 -9999 -9999 -9999 -9999 -9999 -9999 -9999 -9999 -9999 -9999 -9999 -9999 -9999 -9999 -9999 -9999 -9999 -9999 -9999 -9999 -9999 -9999 -9999 -9999 -9999
-9999 -9999 -9999 -9999 -9999 -9999 -9999 -9999 -9999 -9999 -9999 -9999 -9999 -9999 -9999 -9999 -9999 -9999 -9999 -9999 -9999 -9999 -9999 -9999 -9999 -9999 -9999 -9999 -9999 -9999 -9999 -9999 -9999 -9999 -9999 -9999 -9999 -9999 -9999 -9999 -9999 -9999 -9999 -9999 -9999 -9999
-9999 -9999 -9999 -9999 -9999 -9999 -9999 -9999 -9999 -9999 -9999 -9999 -9999 -9999 -9999 -9999 -9999 -9999 -9999 -9999 -9999 -9999 -9999 -9999 -9999 -9999 -9999 -9999 -9999 -9999 -9999 -9999 -9999 -9999 -9999 -9999 -9999 -9999 -9999 -9999 -9999 -9999 -9999 -9999 -9999 -9999
-9999 -9999 -9999 -9999 -9999 -9999 -9999 -9999 -9999 -9999 -9999 -9999 -9999 -9999 -9999 -9999 -9999 -9999 -9999 -9999 -9999 -9999 -9999 -9999 -9999 -9999 -9999 -9999 -9999 -9999 -9999 -9999 -9999 -9999 -9999 -9999 -9999 -9999 -9999 -9999 -9999 -9999 -9999 -9999 -9999 -9999
-9999 -9999 -9999 -9999 -9999 -9999 -9999 -9999 -9999 -9999 -9999 -9999 -9999 -9999 -9999 -9999 -9999 -9999 -9999 -9999 -9999 -9999 -9999 -9999 -9999 -9999 -9999 -9999 -9999 -9999 -9999 -9999 -9999 -9999 -9999 -9999 -9999 -9999 -9999 -9999 -9999 -9999 -9999 -9999 -9999 -9999
-9999 -9999 -9999 -9999 -9999 -9999 -9999 -9999 -9999 10.2925200833284 10.878910415641 11.376726588556 11.3632155789267 -9999 -9999 -9999 -9999 -9999 -9999 -9999 -9999 -9999 -9999 -9999 -9999 -9999 11.3589509787658 11.8206784520236 13.8887220226821 -9999 -9999 -9999 -9999 -9999 -9999 -9999 -9999 -9999 -9999 -9999 -9999 -9999 -9999 -9999 -9999 -9999
-9999 -9999 -9999 -9999 -9999 -9999 -9999 -9999 -9999 9.7753595739629 13.2195732339505 10.3629643442038 12.3670616449047 11.060455234091 11.5614826531591 11.3263457990519 11.4496332320812 11.423593964583 -9999 -9999 -9999 -9999 10.1497051237581 8.31553965360698 11.3259516597608 11.6071131665262 12.7981271203775 12.3632912298126 12.5520429405852 11.723124401458 11.4840112154596 11.3082448260704 11.7291636031564 11.6160918683186 11.6415507111831 11.5980278806309 11.408127235581 11.4307747486994 11.4833739703979 11.233939177474 11.2375527008485 11.2525993771076 -9999 -9999 -9999 -9999
-9999 -9999 -9999 -9999 -9999 -9999 -9999 11.3717919126464 11.1709614735223 11.4821684470241 12.1251275221036 12.1464763556777 16.8395651481483 28.5210965372757 33.0867860333115 16.7525298991861 14.4678243478835 12.23520161464 11.4238818371735 -9999 -9999 11.3207808525051 10.1791023437519 11.1181405723518 12.3150423528974 11.4836008658583 11.572620658518 11.5575835778201 11.3980811488082 11.2746856095031 11.365961995198 11.3037003144629 11.3943075211325 11.3652790968062 11.4564825926928 11.5018557128129 11.5727340188886 11.7026733777275 11.5143568402747 11.4639361847637 11.2975900839038 11.2451229023636 11.2233181726372 11.3012649174842 11.3837962658462 11.4931580529765
-9999 -9999 -9999 -9999 -9999 -9999 -9999 11.4868142463853 11.8245341171006 37.4654836703099 17.044278632253 15.4631736883841 27.8988081676888 17.8792317629814 14.5415407958005 13.3819215026542 13.698638813773 13.275537822976 11.7413197920182 11.4832341016663 11.5735960218859 11.5654879201525 11.4975415245691 11.3725193513301 11.3169482693344 11.2740710595437 11.3546738884747 11.3101721076694 11.2552310269491 11.2964747050619 11.5196620613568 11.3811099979302 11.2265302035851 11.3481570293885 11.2885706470747 11.6852947483159 11.7450045671178 11.908163650144 11.447359983564 11.4544131283177 11.3735952889989 11.3330401184474 11.2077585943666 11.2824974456077 11.2340362718804 11.3902974345577
-9999 -9999 -9999 -9999 -9999 -9999 11.6162249415498 11.8747194001064 19.1293341519091 27.3537262404142 34.0419801623712 14.5902772187545 19.5745436945926 31.8658274870701 19.5156642341228 14.8612408462005 11.792965136924 11.3546303359951 11.1379836010306 11.613025292847 11.3283943733226 11.3643628864028 11.264092242804 11.2382000737852 11.191526679891 11.4595234697228 11.2850418242573 11.2630044255616 11.2427299331466 11.3871790229388 11.5113776713211 11.3708764147953 11.2186946512042 11.2981172506115 11.5725385110888 11.4460622321701 11.731519302718 11.8032040632833 11.4009675461503 11.3605557560269 11.5260892533886 11.3194247901581 11.3352660728362 11.4069025411944 11.2741101811687 11.2385189975538
-9999 -9999 -9999 -9999 -9999 11.7881000006404 11.8148516566957 16.4365600638636 26.9669015615388 18.7646291237476 17.7710023773808 15.6931462188491 28.6534991359893 39.0860375933065 22.8985461330976 13.05902928504 11.6476014483586 11.5211653942389 11.3465568368523 11.3630709866896 11.2819332917165 11.2697829443579 11.266621674491 11.2076375338371 11.2301295007139 11.3700136708982 11.2825524649966 11.2903687531977 11.2619795622472 11.4791223625688 11.7507684584094 11.4248447656353 11.2292743375668 11.2195633631295 11.3368634430632 11.6000038508993 11.5447120962694 11.6409032931936 11.3762124495079 11.2205394291301 11.4242883360309 11.477159270129 11.3606045697804 11.370427489672 11.6032486836501 11.5920638144363
-9999 -9999 -9999 -9999 11.7592334385456 11.9525712565814 11.3368008962352 11.91634353645 17.1051437125372 25.2785015757212 17.6325629447231 12.5865796079758 45.7752550615023 45.5921129517476 30.3627402996161 15.5382613179939 11.3833760524252 11.6239262029587 11.3978012339015 11.3926298977826 11.2979920396105 11.2392960121014 11.2673308010703 11.2194851517232 11.2321306725274 11.5059006821733 11.4691438110546 11.5394565360344 11.4335699384086 11.2720270403486 11.5549714351226 11.4301897671187 11.382534356761 11.2472713205436 11.2412026341588 11.2544111371974 11.2412597592003 11.5335775434236 11.7988742750688 11.2976568700437 11.2888570029347 11.4825256640847 11.4821099858694 11.3770155099578 11.4382336000741 11.9745509784789
-9999 -9999 11.9997574468136 10.7670472623369 10.8305347326282 12.725225436526 11.2806103528698 12.5595138589647 11.4491244697599 12.5072338789568 16.2432202266736 13.7120166494682 20.5979316916117 58.6993855023371 45.0139793283534 23.6403542462376 11.5860826781602 11.3499962002406 11.6303009321003 11.4427028680866 11.5675244318682 11.3528890591279 11.4426682836867 11.2936385716654 11.2656562267169 11.3298227132759 11.6098568556217 11.8528962735569 11.6333280195057 11.3955871167304 11.9333098235915 11.4804684657754 11.5134987972587 11.2421558912421 11.7370231399631 11.9731936184361 11.4770964022275 11.6542860644706 11.7475715241799 11.5595345821742 11.2918443103521 11.7456749955128 11.4693188063955 11.284560390936 11.2950923732202 11.9105263054604
11.3350891883315 10.9011968529143 11.1055371116482 11.4350263373815 11.8371715025068 11.8916875340039 11.8788267936105 11.536734149092 11.4355050005448 11.5133716354558 15.2230049852547 16.0680187661922 12.7728886460831 14.3897331061601 20.7579920431417 20.4755444840614 15.490013358946 11.5776843686948 11.5676335426209 11.6752394947402 11.3475526145934 11.3633402635571 11.4625896083881 11.4604602690973 11.2662674840921 11.4901674141706 11.7128994738874 11.5532167302885 11.809627127276 11.5018278194077 12.1254281105027 12.0013617102091 11.4208187552525 11.3085506949635 11.8520815604257 11.7231830539443 11.5453116151746 11.8387126758307 11.4217124973734 11.8466331835644 11.5797270798309 11.785551332907 11.6801270767044 11.492357160122 11.2716580516562 11.4711331815073
11.5782765890629 11.3144161027234 11.1696546246548 11.2503243029524 11.1916328173755 11.401254111218 11.4881141319964 11.6042746580156 11.4402133894446 11.527743426163 11.9022481767049 11.7631381932637 11.6288070627601 11.8428664803091 12.0023736011173 13.6619439976654 18.984388318823 15.3189842897757 14.7039172558235 12.6238161166629 11.2509738708508 11.3421900965242 11.4238829454165 11.4891962764824 11.3926205009065 11.295761075124 11.5237763146863 12.2873342914556 12.1787456452056 11.9271769178704 12.2007308964261 11.5107400107531 11.5914191468109 12.5500314029185 11.951833937628 11.358334918136 11.983950532294 11.6775508948069 11.8128889857398 11.9765903091171 11.7581624188573 11.4605968436529 11.4107578562521 11.7612659314897 11.4033331711237 11.5742159122533
11.0893165887459 11.2029611850149 11.1673272114578 11.3024176080038 11.3056694471909 11.3697226243722 11.3988636484731 11.3101216426796 11.2159753334885 11.3182039686462 11.6028514896281 11.3720576691953 11.4016670055307 11.577174753097 11.8779512185456 12.0197563718359 14.0157128694795 16.3610174419377 25.9172989232055 13.8413508836796 11.5729096562621 11.8821573608232 11.5244815213047 11.5323768658609 11.8161426645984 11.8478697337416 11.7304415628642 11.9469611064335 12.5288398724939 13.2469055865879 12.3971346182251 11.4652039370027 12.3653411609203 12.0938834398559 12.122690124185 11.8907852496325 12.0518275862294 12.0274665580649 12.046611901391 12.077292448008 12.0893060172509 11.3425535723099 11.8257969112457 11.7538388877279 12.2023107521474 11.8877798655555
11.1520502390268 11.2532586866183 11.3223996743502 11.4476246368463 11.4512984442612 11.4541697668177 11.5450234543104 11.4184438656794 11.4315571120114 11.573668703361 11.4326241219324 11.3421412548317 11.4432155968191 11.8219257461074 11.9491723969227 11.5692103114407 11.9543916858506 12.5052816451647 14.0515511788836 30.3002676647295 12.3227685475216 11.7439365258235 11.6264103430403 11.5526523839877 11.8186351781337 11.637504967698 11.7395570125786 11.8429917993564 13.7238327109665 15.7798893270464 13.4464360786843 11.9118826988108 12.3280988067804 12.1218865578105 11.978521063767 12.9103053246144 12.6387293287268 12.0692409947065 11.9294312914341 12.1177572936137 11.4309339782983 11.7369572145405 11.6590042438304 12.3428902125423 12.2338147023665 12.3111068275528
11.2594023464971 11.2227187435094 11.2599096524215 11.3433571196663 11.6197368623616 11.4364143103359 11.3333377732769 11.5212379113016 11.4055953424507 11.5514619979251 11.6979582589189 11.5332032754904 11.3394829225365 11.6385304998687 11.7768071332813 11.4583102821864 11.5205451043838 11.9373560402104 12.6784997184072 12.9672577621251 17.4470448091226 12.5839173784547 11.7072363086726 11.6579527324293 11.6450173191198 11.4580940649817 11.7745346999606 11.7309404014207 11.5162721109365 14.1749819474795 18.3552929407465 17.4889045253582 12.5047953976506 11.8711888019363 11.9545307295035 11.661415467281 11.797959540742 12.2022178676635 12.0723069772021 11.6403195093573 11.5071849300178 11.7372439655938 12.4004855416041 11.9748869755191 11.8178112166379 12.2081107611309
11.4117669910307 11.2619737861255 11.3326486052283 11.6558701459316 11.7311122537059 11.4525407116493 11.2412591160139 11.5289548754443 11.3725585047131 11.5055178576286 11.6908408748721 11.545528677664 11.277239730261 11.2761616823732 11.4607202501102 11.3780494437257 11.3484049932051 11.8533625881451 12.3133845198249 11.7525873249695 11.9251781267758 12.3591558173928 12.1337387503633 12.2441821290939 11.6150453557123 11.3869292151908 11.3286022897023 11.2568883970914 11.4378567218645 11.4757908947779 12.1179312122714 20.1147738591992 17.0105675782462 14.873524755471 13.7369053697551 15.0590465086454 16.3870308659907 14.8500150887766 11.9239235872307 11.4513566799139 11.5980557238426 12.4203907791079 13.3446542309617 12.5076598283844 11.72240426273 11.6359155143708
11.6730725363127 11.62160736919 11.3203118498073 11.7095127420725 11.592106511707 11.3027189612217 11.4074370533023 11.8339117122757 11.192096158247 11.4961379769509 11.564675735405 11.6525930981242 11.388157714823 11.4712051846246 11.4517800823792 11.4264741449756 11.4323382684446 12.0987190050196 13.9198699521191 12.1284435491702 11.7975895417108 11.6179212917838 11.6547550700008 11.9493075634726 12.500128804653 11.9388422588089 11.9381881032563 11.3839468369052 11.3201453822436 11.2482270025559 11.4245007975041 12.2159730658002 18.6267604740747 16.8124671256588 16.7116102938182 16.8439640892497 15.7809352049608 11.2982966097351 11.338027112212 11.3473825662684 11.5563488293478 12.1516813404953 11.493047558193 11.7101272631085 11.4344826967885 11.3775396835635
