IBR/IBR_outputs/all.combrep_1/PersistForestCover_Total.Silt_Total.VRM_Total.WeatheringIndex_Total/PersistForestCover_Total.Silt_Total.VRM_Total.WeatheringIndex_Total.asc
NCOLS 160 
NROWS 95 
XLLCORNER 210004.651214014 
YLLCORNER 7350008.22228844 
CELLSIZE 4999.99999999997 
NODATA_value -9999 
[rows 63 to 83 of 95, columns 0 to 45 of 160]
-9999 13.1917626563852 11.9676096362217 9.89911861842374 11.1620268182465 11.2351006803092 11.2572612978118 11.3262004608414 11.3218233123395 11.4133116549386 11.474835163441 11.4180903344349 11.9320110077037 11.1152613683793 13.8810141762352 28.450595569596 60.2667321628613 51.5480526268301 64.168976141706 72.3297637167384 48.5259724105605 19.0866683872459 11.8401415596699 11.4754094336838 13.0109817345112 12.3879912840106 11.6159215292549 11.664957837471 10.2757643060466 12.30072058923 14.1111775728851 13.2017527354337 12.0481307085022 11.2940495507535 11.577959624554 11.8427421216888 12.0091217439488 12.045244975163 13.4812838861509 15.3737473774943 15.3521990060987 20.6956346869595 15.2536953577766 15.5872605153789 14.7334733424901 21.3020467844263
-9999 12.7578285596562 12.161052708262 11.3187113495119 11.3154049125666 11.3323800621235 11.3640738356433 11.405501015194 11.5387204437573 11.4662468399885 11.4067348872783 11.3751497692306 11.3500207684391 10.7891399837326 11.1970138702286 11.7815904136915 13.9548678178494 18.3892655438285 31.1738838594508 28.3718622799802 14.7705569229722 13.0361980752806 14.6174619117781 12.0366173079346 11.9497352995439 11.2913014286742 11.612960511223 11.6057105862146 11.8305903354243 11.9348185932352 12.9228297782622 12.2850024265992 11.3390047330292 11.3734120888484 11.781868733647 11.3712636012597 11.8452915597143 12.1399077804576 16.1888130636906 15.2198934252048 15.6645128575761 14.5837872453403 16.1615548605493 20.1138476595137 20.2680064972788 26.971872927896
-9999 12.6968081904567 11.9954472447204 11.4945455835368 11.2907458954238 11.377489661213 11.4281402479334 11.4885536966257 11.729206158797 11.5665744977139 11.5334481678879 11.369913988073 11.3986750232697 11.3492280429152 11.1847011916441 11.1934904124473 11.1957292941377 11.2464125948826 11.3920724714098 11.3762731381937 11.2068988157741 11.7827462169683 10.1293094905711 10.3552698853651 11.3490556710999 11.2859633883825 11.5738562397948 13.1778956491038 11.5898458338741 11.3669476166896 12.0115226177989 12.6849244309969 12.1032068454117 12.1150596009391 12.1733326674622 12.6244618174212 12.8584349399617 12.1474896072911 12.4898123147685 15.2215332306221 16.6524174766086 15.3066242116903 16.8977068113996 15.7194597634574 14.1041785146063 15.4865106925677
-9999 12.4203628577759 11.6745019082169 11.3462671253321 11.1816573449867 11.2533259285584 11.4219690240017 11.5691187238246 11.6066672810916 11.5460730855009 11.6543490769297 11.5522137165242 11.3650819721386 11.2562331895756 11.2063778334173 11.3174875533331 11.2387335009357 11.2732883926114 11.4267303162761 11.3121752491965 11.2770406492178 11.5714445307497 11.120438321283 11.3693533300802 11.6847516512328 10.8287259736299 12.1061933730062 26.1955893353344 14.5482984840591 11.7203603326224 11.2471944335467 11.8679193200423 12.4717115544669 11.9167619118468 12.0816376294251 13.4186272651003 13.1137700249507 12.4168577868498 12.6474506466909 13.1112276052009 13.3324245003874 16.7719765273601 15.4383366226263 15.527511433881 14.7930558435934 15.0629376640392
-9999 12.478261637608 11.7039805679591 11.2812735495122 11.253149037354 11.3973120853531 11.5211424000254 11.5577668229252 11.5500016870177 11.5963834475288 11.6433363101625 11.5260946899739 11.4353950699701 11.2167559460732 11.2668298722902 11.1685624345787 11.1822789275425 11.3259780762705 11.4261950644531 11.4026070952564 11.6137335577281 11.8574195734488 12.2106425501215 12.0522951714933 11.3872611862975 11.3626093112067 12.5347270265273 19.513646406252 14.7431431084531 11.828367903192 11.7534716654298 12.0108868036487 12.8166116472615 13.5535327085298 13.573654814376 12.8363936661498 12.3269257556361 12.3306498888939 14.3529542677689 13.1409089137092 12.8046173657922 12.6364664185776 13.3056118010896 26.1110244872364 19.0218478323609 15.5194999131804
-9999 12.9215522019667 12.0529844982077 11.6548313385548 11.3648643062363 11.3044963782483 11.3743243363483 11.5095128864433 11.6953365955542 11.6662530078698 11.7186127810764 11.5342677320632 11.2740987822901 11.304128388578 11.2352353049384 11.1657207338892 11.1825872734584 11.3124759513747 11.3779037487675 11.9267220359695 11.7140686501545 13.0067316568297 12.6868031284468 15.6702320329319 12.2689122511004 11.7230638642741 13.0260431505751 14.380294249747 13.6985887821402 11.6336289341628 11.769363254572 12.0951729044134 14.9005003917831 14.2903261677831 12.9703513854571 13.228086611499 15.4493153848596 14.1426584771675 22.9795524020212 13.6746869557903 12.7712314573214 12.5462958542355 12.5138665022866 14.4686298415994 19.0650076606422 18.9816223611897
-9999 12.134626893019 12.1390460546406 11.6243064817779 11.3055812843912 11.3794566145007 11.2534706922155 11.3588462859976 11.7482885481694 11.6830306463516 11.4708489465349 11.4754664554083 11.3263483322998 11.3500319445563 11.2384005459287 11.1546716892301 11.1922920889545 11.1801462993635 11.2620211680608 11.6136929731562 13.1421855434532 13.6215624784121 13.2572985976128 12.6730973372167 17.4888037818654 11.6977069896341 12.5435074929426 11.7374900100959 12.9431982110017 12.2492702952973 12.0066953976996 11.8286088100194 14.2160720776326 13.1287483361535 12.8392351959302 13.9517142735513 14.2054685883365 16.5875022401442 16.0959534635835 14.6169515649384 13.2865071077378 12.7332809336606 12.3753777080452 12.1533412643656 13.5095501750625 16.6203616594482
-9999 12.632471102823 12.3159638852459 11.4923856861553 11.3256312507562 11.2078429427974 11.4098384409799 11.5255000447333 11.5922726039261 11.2814047964051 11.463895358131 11.5160687093578 11.2840088061124 11.3357368872662 11.2576966885566 11.1763168595733 11.2835171959574 11.5164014161993 11.8296376602518 11.6287570774175 12.9268663979482 13.7844956328155 13.3282816055679 12.8527706413522 18.6786207597682 19.1182137649261 13.7503361166076 11.7631662579401 12.53444966481 12.2301391895133 13.3602585089358 11.2197390939019 12.0652588677774 14.3719437602508 12.8720617859929 12.4770687484756 12.5043360062433 13.3274647101785 15.6167415924973 16.5999284104965 13.1554979536693 13.4172930435977 12.628331284043 12.281307997941 12.5208836754566 15.4564279950803
-9999 -9999 11.6736095422175 11.6003625439319 11.3754613685253 11.3880582886639 11.5552539154333 11.6439883720006 11.6059897607569 11.2412691525737 11.3497006626191 11.4281455248843 11.3483861501432 11.269493045037 11.2359543766305 11.2220340679735 11.4587600584975 11.719896778736 12.1837279848763 12.2677297131107 12.7612642056838 13.0184921532381 13.1568849655364 13.2397555365465 17.9308713378771 15.0384380337655 13.3048889678977 11.7733335632335 12.0073203102105 11.8038530544248 13.6571721829469 11.4459029562736 11.5408938807487 12.2871214144383 13.0396322669972 12.5306319259022 12.5501233389864 13.5930544606244 13.55126342777 14.8480882769388 14.3523280663752 12.9993523329044 13.2499210266543 12.6155626906654 12.3033003425903 12.4825018514057
-9999 -9999 11.4578012378215 11.5972025950656 11.446211781529 11.4684643724133 11.2556375182929 11.3885356092418 11.483219032214 11.3220091867197 11.2361372328447 11.3588020781745 11.3880810665304 11.4012961162606 11.2234241304743 11.186972294218 11.3618396182295 11.5013716347528 12.0869957131153 11.9617179317737 11.8870931078035 12.3546311677286 13.1684539518211 12.6691462718578 14.1821445172599 11.5874182675079 12.8892781104948 12.8195645181642 12.4653580167209 12.1256900321466 13.497260730363 12.7540731681649 11.5031286116347 12.1505430054229 15.3238803168319 20.5675703036386 14.0970289160649 12.2135285356912 13.0153119840354 17.1284789445276 15.8929063362345 14.0351918486224 13.1791736913819 12.8052685573934 12.3644696644971 12.2996047590743
-9999 -9999 11.3920147295863 11.3566115553518 11.3781397996205 11.3615661482431 11.2340513652842 11.249909590219 11.2315673421513 11.2187175590371 11.3639008520672 11.2552354923968 11.3670085538006 11.4017450188481 11.3366985585299 11.1561867125644 11.1716123784106 11.3780164954968 11.7316523316121 11.6090826294797 11.8546242457304 12.1637382186588 13.7436895045092 16.536308157272 14.6776892139298 11.9641908333317 12.8232961439797 12.8224682330676 12.3120169215162 13.4090623710123 15.0191655274129 15.1485670339743 13.8573962152284 11.90375420578 14.331972268528 25.4223200863576 23.4768938736767 13.6534497081684 11.9350366967158 17.8530077465536 19.417255107066 14.9718956437851 12.6659241854904 12.3613853572072 12.6533556759397 13.5045887226623
-9999 -9999 -9999 11.3083048618973 11.2936421192786 11.2469311904427 11.1988901513826 11.2202525633809 11.3477149543381 11.2431032991769 11.3525689103138 11.3298423289483 11.2988050561867 11.2387568320959 11.3309651009846 11.1799229989951 11.1817288397142 11.1835310912915 11.3600970543064 11.3962852947174 11.3668447403082 11.7935257796238 12.1297666121471 14.6688156593522 13.6559550481432 12.5171214425643 12.8227552056393 12.4915604026716 12.5478984208656 12.7034299785066 14.5787342028622 15.062380129939 14.9712265269901 13.1572603970534 13.0060907380185 25.5855371702379 19.0272720912458 16.5780857174157 12.5281869321988 14.7577207006181 19.5487712327565 24.5692938241031 16.4196501005343 12.6031423401262 12.4242514948309 12.5927218649314
-9999 -9999 -9999 11.4949234377338 11.461627582685 11.3762607726868 11.2319162021001 11.2510966392427 11.7176699006961 11.4109506856125 11.2600139026643 11.3485494260033 11.3212098096063 11.1879891613698 11.2836309157948 11.2511601797053 11.3590264002783 11.2178790577379 11.1302174612191 11.0661883057541 11.2388394254734 11.7550561840163 12.6738756317005 12.2936408879411 12.2965320968326 12.7536185921936 12.7804900815394 12.8791851669573 12.7847957620829 12.0692029961096 13.2618682582728 14.3664384273151 14.6319271179581 13.8703268760592 14.134532578349 21.7915188320887 21.6588036829494 17.6953153342536 18.1968762454372 12.5547877485942 14.2271481330909 23.0437258317803 24.2696450849265 14.4598801674789 12.4611080873763 12.5692746878697
-9999 -9999 -9999 11.7126779866244 11.4980022972723 11.5036836180732 11.5255891594093 11.5189733434149 11.5091629979206 11.2754333725694 11.2416475386904 11.5142472435724 11.444880144887 11.2940971203758 11.2090026285184 11.4243363691611 11.6110001216584 11.2459056296263 11.186288251834 11.2334228525965 11.3166370545404 11.464651270828 11.5627998641678 11.9366844433822 12.3669145836879 12.6869326575693 12.5913160808977 12.8770136404458 13.0896090098376 12.1677841866249 12.3123280449326 14.5497980837049 14.1574143119608 16.6159553662638 14.5252330578545 18.7551313231086 23.2790646661576 17.6528204886106 21.7351822117873 14.1045587200235 12.4891278811401 14.896229216727 25.2833711263927 22.5880132045893 14.7988704312099 12.5406175654172
-9999 -9999 -9999 -9999 11.3867464392659 11.2256484521046 11.3385522081605 11.3313319285324 11.2934407636512 11.3336910032901 11.2931220316222 11.2838452309574 11.1789008839155 11.3899802788089 11.2386807115269 11.384740428669 11.3702173525513 11.2588679703803 11.133317033592 11.1742749534507 11.1876553679595 11.2334514648348 11.305704046374 11.7535119903197 12.6096183637295 12.7745347627637 12.4815071290563 12.2542642717954 13.3204139054072 12.192331810838 11.7749245004698 12.9211888915181 14.1349073249369 17.6761316220467 19.908618678256 20.2192672243234 24.9548284094184 27.0877879301258 26.0496735542214 18.0634276272028 14.2617509527595 23.8948459578834 21.8936837791088 21.417802327065 15.633631860443 13.8253020992159
-9999 -9999 -9999 -9999 11.2328158034935 11.2162949843181 11.2048913362913 11.2598257945874 11.287233846571 11.2683083663906 11.4039694075308 11.299344269771 11.3500627281522 11.2800645951191 11.2355464125952 11.2477504781401 11.6279496516329 11.4955008736205 11.2765467550737 11.4579192535935 11.2010209974853 11.1751039703841 11.5241423222053 11.4761593775495 12.4933163010788 12.601976552083 12.6652928405384 12.7520333924699 12.3993689551606 12.2712319552823 11.6040096072239 11.9073877289405 13.7687662452037 16.6520771737335 21.0399853871317 22.6930918645995 18.5343665466341 22.998303172085 21.1019703316174 22.4360957641198 16.7790581872966 15.4450845660382 18.684036045985 20.5195481333289 18.8590466470607 14.8164276533188
-9999 -9999 -9999 -9999 -9999 11.2019117142001 11.1258467738336 11.2659015084607 11.2258526405312 11.2238726008856 11.2399494409359 11.3482792835162 11.5069572854371 11.3649922003059 11.2188057154767 11.2866074624263 11.9301969294166 11.2133786168128 11.218346771812 11.5254536687608 11.3001567605611 11.3472841276052 11.6249116236616 11.2886032972513 11.9998510631892 11.9005321937082 12.0199139432776 12.1552562007444 12.2631083085308 12.9405621169989 11.4856349143218 11.5916638643031 12.7846160516894 15.0368321544132 21.275190874744 19.3823049318649 16.9706573008835 20.8969769001509 18.9536810740564 18.6664028480567 24.9878731265327 14.7799219732193 15.3873197496786 15.2424679444221 20.45057561559 16.8272238544562
-9999 -9999 -9999 -9999 -9999 -9999 11.3781118200974 11.4953504514494 11.392777395556 11.2724609110925 11.2645400379214 11.21315592483 11.2535457969568 11.1922819562352 11.1538012430487 11.2411943069444 11.3080518206092 11.2089554036384 11.1824839784315 11.5340515163469 11.6957919295365 11.3550370138321 11.2313169449927 11.167955138166 11.4666945401731 11.4142651229711 11.3031493112439 11.2485348490804 11.9181910955422 13.5326603163338 12.8633697981182 11.9614401955633 13.6055179028892 13.9529263471145 16.6513670894981 19.8120239322013 18.9965488503206 17.3781707090804 16.4667462243146 16.7279403723368 19.0603604195365 16.0165498062403 14.1732786867098 13.3066156538388 19.4552062411955 19.9151889193488
-9999 -9999 -9999 -9999 -9999 -9999 -9999 11.4871022832358 11.5841423490909 11.2912872914396 11.3029095996976 11.2839934403617 11.2946977605032 11.5363842753289 11.3542183921206 10.4497760436024 10.9332153345655 11.216097999947 11.3583249818945 11.3331816176302 11.718531475734 11.6377828016551 11.1885657896156 11.2032091065111 11.789967351496 11.3931027886091 10.9964524677707 11.0910496565555 11.3308121327693 12.3249299653822 13.7343630511423 13.5767120182623 15.1499287958504 14.5793707313071 14.6020578952065 20.9398538664749 21.2095358147966 20.5021893828009 14.3534943825437 16.530844886458 18.4529999186878 17.577172242937 14.8807646234783 12.8068627586211 13.5197734012323 17.946911880249
-9999 -9999 -9999 -9999 -9999 -9999 -9999 -9999 11.6759561182748 11.8244968448605 11.5948499998591 11.3593294334353 11.2789447947969 11.3888516379329 11.7216938170997 11.0391458027642 10.4130450053072 11.2905414400501 11.2618867981245 11.1617946899783 11.6482310614903 12.0211162801618 12.2842763357509 11.457262545616 12.4666011820325 11.6125757878662 11.4357265478846 11.690268532012 11.7903988914574 12.0666589675918 13.6870918818201 14.8849312958714 14.0510078732171 17.2965868556953 15.1692808965626 18.8572551009507 20.2630409586248 21.5278953820362 14.4113626927253 14.261953492946 17.102739224664 16.2455487438202 20.958458715302 15.6780093914297 14.1223896990356 19.1730365237192
-9999 -9999 -9999 -9999 -9999 -9999 -9999 -9999 -9999 12.6967252632749 11.8472319593592 11.4694242190619 11.3491935764165 11.2734259442533 11.4358061397086 11.2918513585411 11.2049110403754 11.2215937575879 11.3382699948132 11.3342894543195 10.9410834281797 11.7437467337316 12.8869617451071 12.2719674101933 11.7711359786595 11.9797818295534 11.9573227504058 11.9872098286312 11.901000100546 11.9712632265185 13.0592594347986 15.0614651843954 15.2086299229803 16.2196170157888 18.5217750364664 18.8815595699973 14.5678980426095 14.4390959687642 15.0737571961775 14.38310921104 14.5242970505124 15.9026574017947 16.397348087486 18.6808087021682 16.9061379509271 20.5172199017065
