IBR/IBR_outputs/all.combrep_1/PersistForestCover_Total.Silt_Total.VRM_Total.WeatheringIndex_Total/PersistForestCover_Total.Silt_Total.VRM_Total.WeatheringIndex_Total.asc
NCOLS 160 
NROWS 95 
XLLCORNER 210004.651214014 
YLLCORNER 7350008.22228844 
CELLSIZE 4999.99999999997 
NODATA_value -9999 
[rows 42 to 62 of 95, columns 0 to 45 of 160]
-9999 -9999 -9999 -9999 -9999 -9999 -9999 -9999 -9999 -9999 -9999 -9999 -9999 -9999 -9999 -9999 -9999 -9999 -9999 -9999 -9999 8.38454357146967 11.5157630197849 10.5296093668104 10.1025831542822 11.253161681471 11.3731653220214 11.3752515181596 11.4772699239675 11.5644061940477 11.4638335735307 12.5681823104395 16.6510552842084 20.7208433596237 15.1701330757638 13.4365263985063 13.9894875351567 14.8616038357465 15.7633398445234 18.0435157702951 15.7720816716275 15.544347213698 14.3188755440896 14.5555559565075 14.6430868439569 17.090108733513
-9999 -9999 -9999 -9999 -9999 -9999 -9999 -9999 -9999 -9999 -9999 -9999 -9999 -9999 -9999 -9999 -9999 -9999 11.6077277967219 11.538123591276 10.950731296862 11.3683637623487 11.2989132209391 11.5412636652535 11.9094852919174 10.7044489344959 11.4000646277206 11.4062368724261 11.9088602373999 12.483826487236 12.2285882655486 13.0224114751499 15.3339706955532 14.135696279644 13.2703163979292 13.4095208410862 12.823174725418 15.2929790508356 16.4901344081621 17.3548048820791 16.239047812917 15.3161206651989 14.5815458660901 14.9346380056778 14.7993435798365 17.9687643025639
-9999 -9999 -9999 -9999 -9999 -9999 -9999 -9999 -9999 -9999 -9999 -9999 -9999 -9999 -9999 7.13555734798914 9.59147007983284 11.4052112455404 11.4134973618063 11.4390701149971 11.4140161261378 11.4728238219047 11.2053178902062 13.4366647513962 13.8348832298031 12.4498494351757 12.0698016101069 11.7663518708 12.1692048475859 14.4420364743599 12.9724235471469 13.4959476568999 19.174753313942 13.0339621920344 12.7597157040476 13.7007887070891 14.3898504720847 18.1466570770487 19.5702162672059 14.9681662514898 16.3877731883278 16.5625010149517 15.5062218901064 15.7947629274692 13.5089112903435 14.8590509856018
-9999 -9999 -9999 -9999 -9999 -9999 -9999 -9999 -9999 -9999 -9999 -9999 -9999 12.4180961700251 11.2581529586621 10.765074690656 11.2818687388568 11.3893283967031 11.7129706202391 11.6168356243067 11.4629964150717 11.2538422383103 11.3158490519108 13.4107645180676 20.6327608020974 19.0968941640209 12.3041725606313 11.8851873727168 12.102675646242 13.254511339294 14.7128210772107 12.8491054364272 13.2612599839427 12.8835925818183 13.0559618679901 13.9858835179253 15.8972437327732 16.0568468022395 15.5661875700023 15.8107968966617 19.3514749628594 14.7937351640259 15.8054387927764 13.4047767537564 14.0402774545005 15.5733869074899
-9999 -9999 -9999 -9999 -9999 -9999 -9999 -9999 -9999 -9999 -9999 -9999 11.6500288997888 11.3573488031539 11.2309597324872 11.3554093512852 11.3275784902748 11.3593476121331 11.506033550187 11.281499888886 11.2031896421802 11.2015890798623 11.4374626078506 12.8913103552688 18.4756651646589 18.4882994986718 13.1731005783095 12.042842402647 13.0445251546154 15.3671574522043 14.8303503270351 14.9082106060523 13.3961607468568 12.9643466975203 13.2479768966032 13.4490266531993 15.2815365603112 18.2885853281734 14.0893378890167 13.3941079456854 19.2984963225049 19.0905288447671 15.7225351363364 15.6626432491027 15.519448041877 15.7224086649956
-9999 -9999 -9999 -9999 -9999 -9999 -9999 -9999 -9999 -9999 11.6626946184934 11.4043190517045 11.4041432178302 11.2386182475986 11.4472696992729 11.36091569905 13.7318084577258 11.8508281434306 11.2277698462487 11.2550775350635 11.4018043405347 11.2334104609993 11.2169626120905 11.233560702459 12.9553257156738 16.3443953790624 13.3286697943825 13.0488805449882 12.3608948732547 14.6755396717878 14.6334687419938 15.9114009509251 13.2392055498652 13.2362265238301 13.737384857501 13.341532499912 13.5961465300755 14.8002493015838 14.0594239574414 12.6808206493509 17.6004303812249 24.5054649847263 23.1570506649169 15.8253128881389 12.7657650462282 13.7587558967922
-9999 -9999 -9999 -9999 -9999 -9999 -9999 -9999 -9999 11.5161859783744 11.0284480568298 11.2841571394717 11.236419882161 11.3018555424588 11.6365588384948 14.6401672560662 20.6581861459536 19.2269723927585 11.4871439064794 11.2478894906412 11.2217724964443 11.2271723417224 11.2307350820612 11.2563650211634 11.310336344272 13.0085227072089 13.4111397545285 12.3260702135484 12.4083101673501 12.9936439933915 12.786501582712 12.8558486899126 13.3870790641185 13.0813180390575 13.6290589228754 15.4260348765027 15.227243808269 15.984507417656 13.7150971673566 15.3760375362589 19.3696749213181 22.7419772428947 21.0538431638091 25.9633456514226 17.2781175735103 13.7799361326541
-9999 -9999 -9999 -9999 -9999 -9999 -9999 -9999 -9999 11.380467855853 11.2288274127591 11.2783359238707 11.2712237915286 11.2593235529621 11.2220370213905 12.1253138431849 28.6661185889469 24.2401023750267 14.713587768761 11.2548051882345 11.3432258580055 11.2641408634322 11.2494487556056 11.2784548696099 11.2545562653558 11.3880219948291 15.2332523320532 12.9947394345425 12.1429280457091 12.6500661468468 12.5462709229338 12.6713689099464 12.8857825930424 13.0099269172473 12.6414906624826 14.7440659300332 13.657020486683 12.8274837237981 14.1553979146498 14.8715399618919 17.8503017425393 23.2155031040347 16.9066036575958 19.4055256909415 22.0411439120699 23.4129793607952
-9999 -9999 -9999 -9999 -9999 -9999 -9999 -9999 5.33526233929822 10.2892404748148 11.231932167108 11.2410148303849 11.402118525693 11.2790929538393 13.3211981372394 41.1038843930697 54.0990759486431 27.5913492077367 19.2504667916056 12.0112986805943 11.1269663737104 11.2444648203833 11.2573558503261 11.2798622778517 11.3034931719606 11.4211329821315 12.5488274104278 14.9646244947421 12.4976690629795 12.5928316455183 12.5583417600583 13.0065997539809 13.0183967357729 12.7151769494777 12.4311440191032 12.0077729839791 14.3581698887983 13.3971731312905 14.4901793804875 14.6997919527565 18.1798633351633 20.8937501926574 21.234551108723 19.234617658319 16.0178757099894 24.6507667563293
-9999 -9999 -9999 -9999 -9999 -9999 -9999 -9999 5.91048241156244 11.07716518736 11.2138689753602 11.275288862926 11.3244290881177 11.5137233120752 17.8523566262488 54.9834172243335 53.377162409591 21.8369572771877 22.3059820419411 14.9527430366003 12.5932853030867 11.294392902705 11.303632508198 11.2665157867065 11.5241921616179 12.2632825994889 12.7693033163742 13.1730414285964 13.1980444035625 12.9839804396656 12.8306477959946 12.2792152609463 12.578412734082 12.3003654727566 13.5731875400641 12.1350972224839 13.6877417042601 14.2936257928542 13.3616140097721 13.3718874218092 14.8878200459514 17.7928640680896 18.8212176077291 22.776524701759 15.7795145765305 18.6246299935885
-9999 -9999 -9999 -9999 -9999 -9999 -9999 4.04735050823929 10.6803779659496 11.2214815747035 11.2056039790497 11.3571761884118 11.8557775977789 15.2942798042352 12.3778516684694 22.1238658468942 48.0712031898512 26.7415118219234 19.2645807177149 16.2744396606149 11.2747787312102 11.2927178753696 11.2198386657257 11.3037726427156 11.9629994587291 12.4094983404025 12.4975867063775 12.5262066251427 13.0535249792231 13.1464719852935 12.8361644938217 12.4708022897385 12.1513113196528 12.8776822342899 14.1814558619124 14.4630251886575 12.8267683640447 14.0914264417712 13.5242402669806 13.774435463205 13.0643657882509 15.0658681311111 16.7405179998203 16.8121038708301 19.0911084166677 16.0197045891851
-9999 -9999 -9999 -9999 -9999 -9999 6.95425771488192 9.00688406043698 11.239626543721 11.1991479479962 11.2711945171562 12.0216337456606 13.7199029901399 16.3547928900234 13.9692044502612 13.0224457729637 32.8890152801471 35.6796701825092 20.1949276623358 17.4178639835968 11.5322159589235 11.1794043370559 11.1815625237874 11.3686273026408 11.6280708413439 11.7038322543966 11.8915273613943 13.0253571930833 14.2185500189381 12.3470739237496 11.9793491658648 12.123030034366 12.9793678753163 12.7358266539675 12.9385566228035 12.5135057000284 12.3061135841295 12.3916359529585 14.5284329841024 13.8106986812515 14.5359121193398 15.0474227444838 19.0029985951551 20.5487297177543 19.2428131778858 18.981623559049
-9999 -9999 -9999 -9999 -9999 -9999 6.50661887276177 11.010094881833 11.2482193156325 11.2317954970626 11.2789512069042 14.7402773992291 14.0254680841185 16.087435137088 14.7009562746236 13.9976435443075 18.815577592427 30.2751596837922 20.2814192408503 29.6600334757234 14.0396587737078 11.2720027987718 11.2758655540692 11.5178348483017 11.6777805500739 11.4650112438924 11.4919488272801 12.4510160862673 14.1433514125563 11.8241654438232 11.8315632507378 11.9237787484615 13.3724667704396 13.7329444511192 12.6833785632872 12.1228129020403 11.6799421026768 12.8098895194553 14.084311207116 13.5674424131843 14.0908352248872 14.817152643647 18.1605059140284 17.2699633185061 19.5572763963423 20.3382020441121
-9999 -9999 -9999 -9999 -9999 10.4000527260723 8.05008158872038 11.276069221981 11.2712413119818 11.2257318829103 11.3245505817741 15.3761972983083 18.9366571636569 22.7635962776328 18.1518292091505 13.6494706954541 22.5473760858579 24.8917413148816 25.514872782676 27.9003790615829 13.0848359385126 11.5320204821965 11.573949982943 11.9167872395858 11.6041832084686 11.4601273906132 11.5181794189317 11.6583435144071 11.9679967670493 11.8177875777824 12.2510534023207 11.8814171949008 13.1405195298811 12.6365639978383 11.8993079361912 12.1138095084338 13.0424376151576 13.067470093151 13.2887130082178 14.3277310744404 13.5658577885281 14.1853352427531 16.5431676034845 26.3161142079039 17.6011975790899 17.6414097214738
-9999 -9999 -9999 -9999 -9999 5.92864151368785 9.34257735534614 11.2638094429536 11.2456623660412 11.2872862782221 11.5275220709271 12.7530481862354 18.2198972278796 22.0173940434077 20.2586856043368 20.2272546777443 22.6785961978827 51.1701603223636 37.4395801653055 29.2155651140723 13.8684100748927 11.14844751499 11.2964087993206 11.3031841520685 11.2890746840861 11.1791688572514 11.2451656927553 11.496766458827 14.5323956515108 11.6442373758381 11.9575113301471 12.1821126980221 12.3988153646111 13.8152220695737 14.8625358120262 17.942581097989 12.7333950778083 13.349596036722 14.0320329013013 13.2921173429056 13.3656244425053 14.2335815245585 13.8104691347801 17.9149026504853 20.9294330286887 21.5823458770001
-9999 -9999 -9999 -9999 -9999 7.61414827592146 11.2349132354099 11.2148818383044 11.2473033075593 11.2749892342708 11.5131416139917 13.9957462669866 17.7607320111363 23.538051741896 23.1679813983764 30.4863241785557 41.9150010304997 51.3910681272537 43.0730425183075 34.0581345847107 12.748847065612 11.1895482812531 11.2326453046073 11.2005992712276 11.1330749144832 11.0472226490591 11.2284813937759 11.4893144214644 16.0039238111633 11.6438608070785 12.9714099877815 11.9562551128193 12.0396993932011 13.1709677123918 16.5559603935395 20.3345872772209 13.6988933948468 13.1291245611059 12.9669442443682 12.6185901619698 12.4224384035765 13.1227079030934 13.9219502988118 15.8587018455045 17.8159227760361 25.3921762884382
-9999 -9999 -9999 -9999 4.44126373492201 8.80769370105484 11.2584859976606 11.2325055225267 11.6757028303806 13.7445999665588 13.327419790834 17.8561946543086 17.9765368371822 26.6084280016589 30.6832630421963 31.1800791160739 36.9638882250674 56.2498775383471 59.0499687409313 68.3094892427097 21.9576221712335 11.7183556759848 11.3405980356446 11.5043659185009 11.4460743386305 11.2392067614354 11.2758417472164 11.4066364933938 12.5624464384096 12.1182740518635 13.09179676178 12.070607623198 12.2231280784768 12.5195642881457 12.8327852632535 12.710493346372 12.6019004024872 13.4787012687369 15.5818387908722 12.2757306311472 12.3966572091815 12.5037098356139 16.0068721927947 18.6468388228508 16.6243374554492 21.3054526310865
-9999 -9999 -9999 -9999 6.99606456846422 10.6629399900915 11.2544816581839 11.2433773987255 15.392301696603 18.1147937637716 15.8372811827739 16.7068390276624 18.5098983449486 19.3932542793276 22.1561810411949 26.5718555789658 31.5602296062694 51.3394695751206 61.8448122185443 93.1864187156882 94.3899095442853 12.1080334469082 11.5414641961612 12.0502225501005 11.8264881594538 11.5170980794404 11.2623095973377 11.6014074768924 13.8849754522995 13.8317334357608 13.3266248763046 12.2989325207307 12.0990570159759 12.7456997863326 12.1652169011173 12.0977577651025 11.8755546397184 12.0089656748427 12.3649793075462 12.0310281723472 13.1955815750564 13.6694020512102 15.1171313370996 15.5605958993345 16.3725958764823 17.6014612889024
-9999 -9999 -9999 -9999 8.76119746735795 11.2150961477287 11.2845334004876 11.1644705883369 13.6280695578043 19.5248688389026 18.7108811346305 20.8968584283164 19.9179685490921 18.6170031571039 29.510982424564 30.2379939502584 37.2003234901454 45.3447234704928 48.6732557890499 52.6164497230944 74.554314109342 12.2204615356 11.3273866207595 13.0866056981043 12.4663721809419 11.9028299561877 11.5333171625963 13.7534826045758 20.2749261072632 13.1793376438141 13.0132507930538 11.8592955325577 11.8810085377985 11.4796643222052 11.6551550534442 11.9311235823652 11.8225616525434 11.8877371513902 16.7176346003388 13.1204762636904 14.0589608319975 14.7979724585294 14.9480102839717 14.8582096839434 15.2483512486006 18.0036829291257
-9999 11.4207131885298 11.2027498699682 -9999 8.37233921989382 11.2590543070303 11.1975257376934 11.5767571659979 13.7102868404039 18.8969908343969 46.3947388273721 37.1169064193978 25.6197103463483 44.5435144985604 24.4656910545798 22.5983640330088 36.7593407914559 31.1596342908663 42.6891796406398 42.8364393620676 44.2608593849252 12.4587221298842 11.6936181661782 12.4164545211028 11.6772126143704 11.4895587396491 12.234221787089 13.5269661806452 16.3600130018611 14.0162466503903 12.466473696314 11.0615276814182 12.1468841667192 11.5651302648294 11.7289288604459 11.6552903016 11.8263626076143 11.9379039876734 13.5984748089785 11.9446972173283 11.9107615726896 12.5162201520024 17.5267437429905 14.5661957151481 15.6960778098161 19.76834810967
-9999 11.6828377097326 11.6175429918989 1 8.94425497033381 11.2497126558332 11.2845002807856 14.6501130262452 15.272873630791 13.3583336400693 17.1869078516965 22.8377234670142 29.9523764323478 29.0345239106931 44.4915049933106 23.7620996540091 39.5231472030621 69.843870601942 82.4808077434495 62.526025365252 45.5171803688751 12.8030013411192 11.7920852774992 12.6796267292177 12.4689814591955 11.9446651920939 11.859083017666 12.0057209833397 12.2070190484824 12.8705008628629 12.6024271216101 11.2535480529325 12.175799377706 12.2540080676949 11.9242385751843 11.5833740065045 11.9750441830005 12.0384683509116 12.6384837009322 12.451644261291 13.2658974863937 13.2456601689428 13.3000644135792 13.3654174665847 16.4079563372498 18.1842377363479
