0,34.269683204544,34.6935505467667,35.494264564093,45.5790597887447,43.9111650369811,48.1898138841088,42.5762411971016,68.7849090023118,66.5718275821619,95.3423084156223,67.1373958579484,67.8405580433454,68.7287507592073,81.1992683251113,77.339940399152,57.5851558140959,61.9857635057223,60.7166845014605,58.8833438837164,50.4824169572842,51.3302820387591,50.5110842696774,82.3023484405417,98.258487287651,102.710764072202,85.3190706522153,85.614993946725,62.1057472223231,66.3906954984144,66.831030173084,72.1412592070204,92.6555337863606,52.4046887455587,77.4903652155678,76.8542496307293,64.3957078881679,90.9030473310391,92.2847413858967,91.0078325974089,95.1039690220688,97.5955486052277,98.8844279190859,99.208101740012,93.4177190122599,95.3534536924894,95.0269326540489,95.1898812603923,94.8148533558502,92.6056145514021,95.078620737683,54.806434318632,53.9433249416878,55.0055336500673,54.5745659169587,55.5308243527963,54.3255413625464,53.8422554953347,45.2227622230885,48.0626797502356,47.521031659366,46.6011415004275,45.8698423616763,77.0045625400637,58.1185719744033,62.9130817610143,99.682248473258,100.659431481961,99.1213036956602,96.8743053256544,93.3434401285412,97.5798135468889,92.6991083922134,94.7425738719995,93.6119944077397,66.6075765509734,70.1265924349002,92.9280055641305,50.8544291303972,54.7937194936092,65.8691410079654
34.269683204544,0,38.175130330929,33.1414649396521,38.9309052217882,45.1509367523396,48.7663424964979,40.6854706789736,68.8840902713269,66.6743229110776,96.3511992794443,67.280317983081,67.9730535693005,68.8522395663342,82.4529692093835,78.5188408432536,58.2554696760303,62.6929919385277,61.3864648520693,59.5967489005485,51.9988547598547,52.8903776722119,52.0897744551758,83.0443569396739,99.4301888285607,103.860082009344,85.8805254966266,86.2313071360754,63.4606946441045,66.4400881803885,66.8673993859594,72.2303346233148,93.8158823374317,53.9925319040567,78.6429182131642,78.0088218572648,64.5644946132424,91.952424044419,93.337462001336,92.0565190575242,96.1333639895647,98.6234702406729,99.9091934779518,100.231524157373,94.4437032761948,96.3871381840086,96.0554372459309,96.2204686383309,95.8443096303935,93.6344974961457,96.1153517583127,55.7927223147648,54.9536575808775,56.0396980682829,55.4591593021041,56.7449368203214,55.5352689106917,55.0168719827421,46.7824060042083,49.7617461960204,49.33034105229,48.4541780585682,47.8719658655387,77.5974864573954,58.1851162859056,63.3444008515651,100.756432991685,101.73863160679,100.19843525337,97.9491401957713,94.3513617166721,98.5884468476376,93.7191939355261,95.7637097454135,94.6078369399185,67.3838480291,70.9160383564988,93.9512286204984,51.9400310986636,56.8160888733462,65.903162012921
34.6935505467667,38.175130330929,0,43.7234617647898,49.6085736263612,35.4332138804754,43.883084970559,36.4061890571982,70.1662052454119,67.9349618640167,96.241060959469,68.6590034959561,69.3517558577138,70.1851699410514,82.1823801337442,78.2368047705455,59.7472638881889,64.1250420777684,62.8609870606621,61.0377484263134,52.6028761274352,53.2534247596171,52.5193540088663,82.9012422677928,99.3447306747838,103.766216440692,85.8963136527645,86.1792687915001,63.3289072697367,67.2754169341132,67.6976244652117,73.2073686512802,93.6943001484819,54.0953804201562,78.3403889802556,77.6881517004802,65.9815948058177,91.8325211778492,93.2179959810068,91.9390497977913,96.0115588380834,98.5030455625935,99.7876953004203,100.111459205108,94.3299748963735,96.2727837373492,95.9424633007319,96.1061481287884,95.7317213606131,93.5207088184669,96.0010157464533,56.9936352012943,56.1531353174631,57.1698131801106,56.7924041083901,57.5724685435936,56.412912295013,55.9714926681022,44.4133271641318,50.265230932401,49.6830474520717,48.9338310877881,48.1436009896892,79.0551418908176,57.3771081899998,63.3215858396169,100.646186870076,101.628984610346,100.088349647506,97.8385787591068,94.2374459462393,98.4737602687395,93.6056799715748,95.6496680824113,94.4946922804856,66.9163092407417,70.4968009162889,93.6931986582805,50.8633652083768,56.0901755263751,67.2297896516356
35.494264564093,33.1414649396521,43.7234617647898,0,34.1405370419621,48.0831346501283,50.3595497661778,44.6598846918414,66.4758230077648,64.2857136757192,94.3853030018353,64.7094020444115,65.4150337882987,66.3566065528421,80.3881463059618,76.5392961062925,54.9497528719117,59.4177336549345,58.1023017006943,56.3037210588679,48.8434223180258,49.9386878375607,49.059274257993,81.3826494166148,97.2737507627603,101.734582232395,84.2614111679053,84.6172391316436,61.1651248140024,64.589986373923,65.0401464172711,70.1724219871173,91.7053742215593,51.2698440152124,76.7085905530787,76.0890756260597,61.9188145004484,89.9540539309307,91.3352502971888,90.056582925589,94.157279704672,96.6476124418792,97.9375743774216,98.2599493736713,92.4635930127832,94.3997019702439,94.072033766492,94.2361823366193,93.8595683371155,91.651465747909,94.1247685670774,52.482154825398,51.6201609548751,52.7589245002732,52.104661524401,53.6132807652737,52.3559106616274,51.789194640047,46.0786940489231,46.5720559263779,46.2114845757816,45.185059643329,44.7084036415965,74.42126433776,57.8782042276784,61.9075210351114,98.7235384643793,99.7000216724122,98.1623623190428,95.9158734250129,92.3899774319805,96.6270488994214,91.7449429939719,93.7888718920824,92.6581369916388,65.9778506564915,69.4537343528598,92.1066802945079,50.7336408284439,54.5257380821726,63.5294068876189
45.5790597887447,38.9309052217882,49.6085736263612,34.1405370419621,0,52.5857267489557,54.3440472820344,47.9709523018727,69.4589888858683,67.2743203093132,98.2595216956654,67.7256573289674,68.4208029494692,69.3582243980082,84.4722760882938,80.5580334036768,58.5004802914564,63.0065524066704,61.6519050101287,59.8995904444316,53.2413754833488,54.3470269099824,53.495697135432,85.0264330246479,101.29413236214,105.734672138519,87.748165877422,88.1531311830258,65.3446207658309,67.5820014269933,68.0228499664324,73.1780163451349,95.7140924941187,55.675504356513,80.7039094054367,80.0856214362488,64.9572591893349,93.8640958943114,95.2482854875977,93.9660843648772,98.0494700777862,100.538527011498,101.8256513896,102.146866993802,96.3529611768085,98.2959191701488,97.9636707463295,98.1296386058966,97.75206515114,95.5434171340532,98.0237033096026,56.3638850371978,55.5300672625515,56.6869444225971,55.884758264558,57.7091410467945,56.4530227345736,55.8564253845351,50.358876698958,51.1467939161642,50.8702626943599,49.9166537793386,49.5432764468934,77.889432912191,61.2030500764479,65.2998125489902,102.656014780741,103.636992659564,102.097472969212,99.8489190980068,96.2632400919144,100.50092729132,95.6290573600035,97.6739085959675,96.5206588472892,69.6663983610978,73.1494761848942,95.9910860738574,54.6793595893111,59.2134580588005,66.4451845453032
43.9111650369811,45.1509367523396,35.4332138804754,48.0831346501283,52.5857267489557,0,34.7797161709094,33.2076390122309,70.0704698016068,67.8219152737964,95.6595141544798,68.6880969110018,69.3724367624256,70.1561413691237,81.6877081553084,77.6564610223785,60.3237085048666,64.6817003196968,63.4223944719894,61.6071085291855,53.1565047130774,53.6421546646344,52.9833087622207,82.0237689476026,98.9436418107934,103.335579774221,85.001526663485,85.2693219422011,63.0654069187959,66.7199129783308,67.1264319544133,72.8187908740294,93.2482718824629,54.2832202182761,77.7138941856927,77.0461006968329,66.0672578210313,91.280677814868,92.6698003777094,91.3888692074561,95.4385814485464,97.9299728002534,99.2105379769044,99.5343841246232,93.7614695107529,95.711108482731,95.3771142428232,95.5415166192451,95.1676605624742,92.9549428879892,95.4422979299133,57.5880809033001,56.7663521842775,57.7448614757666,57.4130264471473,58.0436125326747,56.92349565232,56.5173824612968,42.0279744433642,50.9049814561859,50.3037556877015,49.6978550701881,48.8841736715805,79.5377006729693,55.0077871408486,62.2577512350805,100.127507888768,101.115714998979,99.5726667530136,97.3202268803975,93.6513215571607,97.8875796531733,93.0316875007885,95.0761820307302,93.8976418683913,65.7336228390747,69.3796867084785,92.9811872570976,49.3569777488155,56.0193123456514,67.1236636351263
48.1898138841088,48.7663424964979,43.883084970559,50.3595497661778,54.3440472820344,34.7797161709094,0,35.5947503442526,69.2073913040399,66.9426318732184,94.3067923580374,67.9329768157877,68.6109347314131,69.3506003157096,80.4218473948641,76.3078576737132,60.0179644214244,64.3584428068981,63.1041865723767,61.2942122590698,52.8235785573558,53.1751706601807,52.5796974448404,80.3857825289051,97.7595191566889,102.123929434357,83.3516984381942,83.6019656935861,62.0151763582306,65.4411430788319,65.8348534273975,71.6893035115957,92.0228624374317,53.6490522687461,76.3210500313817,75.638695513063,65.3604508131044,89.9558089984937,91.3483487453777,90.0655440296644,94.0938946378509,96.585194614021,97.8619273980291,98.1858498797743,92.4209629586806,94.37700116945,94.0395622398977,94.2046401739362,93.8313139125106,91.6170024651545,94.1109604275945,57.2886963146205,56.4817665757779,57.4284617882685,57.1375427936369,57.6376038528958,56.5507118466294,56.1743921291675,38.9755943598181,50.6497766326097,50.0411678643162,49.5485210746545,48.7295427409743,79.1557810240785,51.7019289041734,60.4407988741351,98.8336299468331,99.826895945942,98.2815925893768,96.0266583826907,92.2943033118528,96.5305071639893,91.6860403368363,93.7310097967263,92.5303769332374,63.7780299075752,67.4935568133132,91.5041871914759,47.0627088585323,55.2448539890442,66.2601854081833
42.5762411971016,40.6854706789736,36.4061890571982,44.6598846918414,47.9709523018727,33.2076390122309,35.5947503442526,0,67.1409108560262,64.8968147166177,93.7874866997988,65.7958472551237,66.470335453414,67.2477422439586,80.0795599892855,75.9877378168822,57.8874167410564,62.2806787875645,60.9868773258422,59.2105297462371,51.4811285002116,52.0651795387565,51.3949937029958,79.9220602317666,97.2062688965281,101.581230175551,82.6870691445312,83.0240174318254,61.4984317178843,63.7553517507881,64.1462213842513,69.8958807907782,91.5120273673564,52.8059739179079,76.0291025862798,75.369096090682,63.1972092838119,89.4470669501816,90.8389753446213,89.553897301715,93.5881010247797,96.0777748230068,97.3559156814144,97.6781417391146,91.9054950010822,93.862057746197,93.5231076418604,93.6897488427761,93.3143657067778,91.1015202416353,93.5959037057763,55.4376768656175,54.6331475620423,55.6425437967533,55.1650107808316,56.1325954187201,54.996611550756,54.5488434968015,41.824173028914,49.3520833688437,48.8526447446493,48.221053544088,47.5427493950123,77.0374892053289,52.0154965952856,59.8070346091136,98.3125705869095,99.3049744448618,97.7602547187504,95.5059556357709,91.7796192420985,96.0167387473252,91.170491419939,93.216067883295,92.0151414498057,63.7545654180544,67.4002113167685,91.1685849953106,47.9067990882535,55.1016906291251,64.1262937913905
68.7849090023118,68.8840902713269,70.1662052454119,66.4758230077648,69.4589888858683,70.0704698016068,69.2073913040399,67.1409108560262,0,23.5140983909368,100.995047453019,43.368578368689,42.9980296905917,38.8588420333593,89.70322850632,85.1760506910391,58.6018413350261,63.0563575869492,61.4104047676694,60.2933645404267,61.1892134731149,62.2025278979245,61.5764651044007,85.8148811280031,105.647003729995,109.87023920231,86.5643293524519,87.7450967045945,71.3699947605384,57.6172544938542,58.6688508485129,56.7927571252901,99.9796816556413,63.4418376558415,85.1416243934552,84.5742136327685,44.3807066038783,97.0261537605345,98.443160771569,97.1170473634967,101.015203321888,103.48670956397,104.744589358007,105.049377302842,99.268300547311,101.290113076905,100.903000263692,101.092527795011,100.700283645315,98.4881089624813,101.048611012966,60.3312753165847,59.9183499949519,61.0155499076822,59.0270295391974,63.3544106901725,62.1920868596223,61.4234993747825,60.3421763923143,60.1517852416405,60.2600760778637,59.7751988919722,59.8047243545954,74.8424813330202,68.8402252554607,65.1119176841485,106.053003118597,107.0838263674,105.524017585631,103.252932087492,98.9973069334099,103.243851555411,98.4845211069087,100.541013427667,99.1321210218281,72.8139891590737,75.999261769396,99.2628009888845,61.1486872326166,68.7659111082841,44.6125244067508
66.5718275821619,66.6743229110776,67.9349618640167,64.2857136757192,67.2743203093132,67.8219152737964,66.9426318732184,64.8968147166177,23.5140983909368,0,98.587844770341,41.6076295813367,41.6397495332595,37.4576672933369,87.3730503808536,82.8233464529911,56.544992864663,60.9907485631156,59.3530601597964,58.227227599829,59.0026548140048,59.9977769297005,59.3775970185332,83.33818602276,103.302186599433,107.516566894428,84.0312993721384,85.234714559906,69.0800108444313,54.992865928334,56.0766672237352,53.8062526702349,97.6281783579734,61.2154782595502,82.7809744519085,82.2139696194467,42.4179454286166,94.6339839862842,96.0522462545563,94.7246728044011,98.6155935010233,101.08656201305,102.343270397763,102.647565940207,96.8674859383125,98.8921767049143,98.5031402330951,98.6934308460257,98.300786374903,96.0883801735346,98.6518177980845,58.2148475951307,57.7984903120914,58.8900410854268,56.9291303276284,61.1919158199145,60.03416230413,59.2736821169455,58.0481212733935,57.9590521717667,58.0599413317938,57.5815029263959,57.6027030491942,72.7917507242113,66.5158529007715,62.6304245333624,103.670398460698,104.703127855556,103.142525985194,100.870560845117,96.5897448858043,100.836556276508,96.0814994459868,98.1383807449659,96.720072974224,70.4036968714621,73.5809394778152,96.8641925609908,58.8074242748843,66.5179295221932,43.2199000283436
95.3423084156223,96.3511992794443,96.241060959469,94.3853030018353,98.2595216956654,95.6595141544798,94.3067923580374,93.7874866997988,100.995047453019,98.587844770341,0,100.143984580346,100.847791771369,101.344006857018,91.8562738159954,84.2800026618063,92.892506434582,96.9589050836627,95.8924438390518,93.9461612298449,83.9613015907395,83.0012190379116,83.2169506011487,94.3148337365759,86.6849326822962,86.6350403757522,102.896162570228,102.139204623786,77.9793552028305,95.880883938215,96.4915690151174,101.84344699754,84.0933160621968,82.004328542751,84.8995426995527,85.5196569237943,97.7461261473368,57.888289153076,59.4973030564079,55.2979541972343,62.6165584217759,63.4604129458533,66.1927588478084,64.7957901671725,46.8980511462811,51.4353563983043,46.426324664592,50.6861106752341,45.2057906353615,46.5286326848916,51.7949715750579,88.9693925010019,88.2582426749507,88.7386100466514,89.4392440822374,87.1515104629799,86.6393275807535,86.7693270695452,82.3940223487339,83.1612423622683,82.9425096811122,83.2815212786891,82.9568861351893,111.825839192666,94.2373048579874,87.7849858459097,65.146021684754,67.6034946025163,65.621867766843,62.8898788926425,50.7544204594446,56.5188940019238,45.6413379873627,49.226093032344,54.3759330891917,90.3331046715441,92.119895190219,96.4316761445725,80.7802213422499,88.9634212091094,98.6044929278015
67.1373958579484,67.280317983081,68.6590034959561,64.7094020444115,67.7256573289674,68.6880969110018,67.9329768157877,65.7958472551237,43.368578368689,41.6076295813367,100.143984580346,0,25.8408428625461,35.2004281920428,88.4557269823999,84.0652946408044,54.8689232261228,59.2910133714564,57.6001603328277,56.6032164948628,58.9791140643744,60.1238654800106,59.4644616730986,85.428786636664,104.434186145684,108.710295887957,86.4860395655985,87.5568998270274,69.8531267521381,58.8455578107884,59.7961838001644,59.205796689023,98.8155251532136,61.5257689602243,84.0848383952054,83.5206598111274,31.5023162311788,96.0932178683248,97.5029374442657,96.1844345722034,100.125290074087,102.599351796051,103.864301829599,104.171363168511,98.3822952200986,100.387990701716,100.01130477599,100.196982358615,99.8063916438866,97.5959604592275,100.139993082216,57.3459265928425,57.0000929327938,58.1191763603917,55.8603694463844,60.8239388049358,59.6366295466783,58.7985364901921,59.138901863845,58.0369088116018,58.2161900937603,57.7021362706748,57.8082202630426,70.38947679046,68.0285303486281,64.9797137246824,105.062495603981,106.082306576749,104.527141996851,102.261204596303,98.1497161433107,102.395036515399,97.6109716290314,99.6654475735552,98.309772945308,72.223313815779,75.4239662841401,98.4201646594662,60.1985104883492,67.1064931583211,47.3843013738153
67.8405580433454,67.9730535693005,69.3517558577138,65.4150337882987,68.4208029494692,69.3724367624256,68.6109347314131,66.470335453414,42.9980296905917,41.6397495332595,100.847791771369,25.8408428625461,0,34.1111989811333,89.1759332176609,84.777238493813,55.8514477165855,60.2932124263776,58.6018640298996,57.5880424569392,59.7664432675347,60.9013056842241,60.2432808823975,86.1003155176588,105.158327792179,109.431290634928,87.143020981395,88.2175431779745,70.5925208908274,59.3703975803536,60.3171624724576,59.7578287661504,99.5357882842449,62.290007418436,84.7929052182038,84.2279150377458,35.2105849300997,96.8010296612586,98.2111593101382,96.892325329824,100.830701121408,103.304682183934,104.569204735792,104.876203316559,99.0878302887446,101.094366697665,100.717176657461,100.903006147007,100.512397274325,98.3018233483138,100.846718928966,58.2282231123991,57.8711255374714,58.9916425077954,56.7623844254843,61.6550661887093,60.4684968083476,59.6371106343006,59.8262521617643,58.810725629171,58.9826022096554,58.4685194353919,58.5670160347921,71.5385161806915,68.6719310509555,65.6149101063201,105.77377853356,106.794203668276,105.238772994337,102.972540970217,98.8531743609255,103.098527623026,98.315845576458,100.370408049669,99.0119005891327,72.8867781881575,76.0899336400531,99.1170708576353,60.8760466378766,67.8399696256355,47.189926085921
68.7287507592073,68.8522395663342,70.1851699410514,66.3566065528421,69.3582243980082,70.1561413691237,69.3506003157096,67.2477422439586,38.8588420333593,37.4576672933369,101.344006857018,35.2004281920428,34.1111989811333,0,89.8490773358077,85.3930719139075,57.4361205401504,61.8735303074357,60.2038573444511,59.15028644508,60.8298797394648,61.9126153430003,61.2690537884218,86.4083615773469,105.808703901468,110.059377433877,87.3172421034561,88.44185638607,71.3747111846969,59.1298557030924,60.1292084486399,58.9473942336605,100.167002353108,63.2378075579128,85.3869894098245,84.8215070874041,39.4103668643268,97.3329780144965,98.7462118211263,97.4239984402676,101.344296454578,103.817098956973,105.078652750502,105.384589913902,99.5992703043755,101.612766148067,101.231016870253,101.418578516985,101.027158726233,98.8159056400919,101.367907655286,59.5610748392986,59.1836723285564,60.2924439057354,58.1608253576931,62.824886148948,61.6494191901347,60.8440788793463,60.5203688678559,59.8432850155464,59.9893350260078,59.4891825741521,59.5594528489685,73.2957007694759,69.2319893679685,65.8510264759466,106.329925731494,107.355050238629,105.797647657886,103.529229310495,99.3481308723613,103.594057213976,98.8219231058987,100.877382926282,99.4959774543494,73.3103973031695,76.5021216825511,99.6189533694218,61.4590695640039,68.6993024381262,47.1224628713748
81.1992683251113,82.4529692093835,82.1823801337442,80.3881463059618,84.4722760882938,81.6877081553084,80.4218473948641,80.0795599892855,89.70322850632,87.3730503808536,91.8562738159954,88.4557269823999,89.1759332176609,89.8490773358077,0,57.6919657026671,79.0851846086148,83.0870316135673,82.1005114061268,80.0493298538317,68.4341958373523,67.0530629837057,67.4390625508371,89.5926855051943,92.9616090738683,97.3272846063198,96.7410279766244,96.1121474793104,56.2655214747833,85.6902422706518,86.2297146990237,91.6053194931769,84.8383257719781,65.4269382189962,63.4025746705177,63.7872080430865,85.8717297512204,86.0595030131189,87.3866216911089,86.3092273375929,90.6530588264352,93.2396474326883,94.5625359592011,94.9782395019227,89.404672153626,91.1430103221614,90.9951287646297,91.0483926205867,90.7813966482994,88.5266712251951,90.8033415191081,74.4263484622864,73.6755553603867,74.0725235131285,75.1369036412951,71.9654464974151,71.517616073008,71.7685279925831,67.9956530422722,67.6591918968723,67.3712376196917,67.9052605327452,67.5253868468779,98.3035677625751,81.3851098951345,78.2147552140876,94.8453361921434,95.7529112719146,94.2318150223819,92.0046502233377,89.729348516596,93.9196420735507,88.825319700658,90.8220674396182,90.3148336458446,79.1357575941966,81.4153684510548,88.8227859050594,66.8231996226919,72.847290349387,87.1749139524991
77.339940399152,78.5188408432536,78.2368047705455,76.5392961062925,80.5580334036768,77.6564610223785,76.3078576737132,75.9877378168822,85.1760506910391,82.8233464529911,84.2800026618063,84.0652946408044,84.777238493813,85.3930719139075,57.6919657026671,0,75.4879731489404,79.5281615965944,78.5016219708679,76.4974407331578,65.4947797703552,64.3089982367273,64.5899938805926,82.5221291751888,87.9942348504062,91.8830983223416,90.5062392516773,89.7138915978819,57.0636758504067,80.7440031721425,81.2926388927519,86.7391860143314,79.0907437632774,62.9274624797767,42.094081266946,45.5173913856418,81.5461158600579,78.5678074334343,79.9520758825489,78.9059046023331,82.8518632288719,85.4777116820876,86.7215583737413,87.1799754601413,81.8859310297232,83.6881707681089,83.534435481456,83.5593232236985,83.3464618377306,81.0387680404767,83.3842371787801,71.1691076920674,70.4259408773012,70.8822382373373,71.7558848590798,69.0756118490477,68.5622319265404,68.7377182682447,63.867189680192,64.6025437630333,64.2929282174504,64.7353486468014,64.3261389438284,94.6061574139221,76.8459062116237,72.7107376965384,88.0107934220279,88.997748006847,87.4373454785739,85.1667258220515,81.9989058324886,86.1675339673059,81.2475671780292,83.2357935126529,82.4814483647776,73.4570974120632,75.4687153242176,77.7444124668157,62.1859761518302,69.6413040155664,82.6670234160272
57.5851558140959,58.2554696760303,59.7472638881889,54.9497528719117,58.5004802914564,60.3237085048666,60.0179644214244,57.8874167410564,58.6018413350261,56.544992864663,92.892506434582,54.8689232261228,55.8514477165855,57.4361205401504,79.0851846086148,75.4879731489404,0,27.1033929445717,20.3220104127498,20.8175409838274,43.9420429704002,45.8427851221518,45.0707171675909,80.9224172706284,95.0786795852758,99.6672995885075,83.6139799223547,84.1238551309877,58.818080919619,61.704204090217,62.335160103129,65.5498912298546,89.777106340871,48.2691561672439,75.8364001687484,75.3073649290501,51.0198867661018,88.3812120131449,89.7486120169425,88.4718156604913,92.6624587607248,95.149801770124,96.4564796433996,96.775146190788,90.9336938505076,92.8474127304162,92.5292366249737,92.6941632035583,92.311308595391,90.1121195174755,92.5620709496131,34.5621084754736,35.141796146702,36.2668255661251,30.8485129495695,42.3795912359737,41.1153448525436,39.7295793771137,51.0316765632598,44.0088781105853,44.7251487118576,44.2121401907953,44.8544026195832,48.5523535842385,62.3522029833043,62.0586813020705,97.0098624977241,97.9657857200263,96.437754194488,94.2018829856192,90.922062564044,95.1611366438598,90.233728555386,92.2771559418162,91.2264076779163,66.9182567406219,70.143841620448,91.3647460148686,53.1657653870142,55.9949460235046,56.5823595061374
61.9857635057223,62.6929919385277,64.1250420777684,59.4177336549345,63.0065524066704,64.6817003196968,64.3584428068981,62.2806787875645,63.0563575869492,60.9907485631156,96.9589050836627,59.2910133714564,60.2932124263776,61.8735303074357,83.0870316135673,79.5281615965944,27.1033929445717,0,23.6899027525466,19.6087554399994,47.8018961055268,49.6733854739211,48.9400641300243,85.1352261150522,99.0351833431697,103.641334614143,87.8806639827231,88.3758874601649,62.7147962414185,66.1275840762601,66.7598333558757,69.9788774011242,93.7585815247335,52.1305707385691,79.8960518250147,79.3723185887034,55.4073021559443,92.4271738501881,93.7923875671413,92.5171777164611,96.7211279655083,99.2088075655899,100.517785655208,100.836694847644,94.9912005608061,96.900529368254,96.5849176193932,96.7491338934459,96.3662578591591,94.1679024734642,96.6133416462741,37.1142315660707,38.2035179560393,38.7760298513028,34.0622393096323,45.407347372147,44.2644312736634,42.8735846186199,55.2839384274537,48.0255808754048,48.7743699700262,48.3183511726793,48.9798281313624,46.5608978730285,66.6897066687352,66.3638292058789,101.036749191068,101.989377574739,100.462789746185,98.2285155822435,94.9905038516153,99.2294467008858,94.2947041316519,96.337708768052,95.3017812629521,71.1580213297733,74.3748282807016,95.4722188758437,57.3911297090353,60.1003712143078,61.0974005018133
60.7166845014605,61.3864648520693,62.8609870606621,58.1023017006943,61.6519050101287,63.4223944719894,63.1041865723767,60.9868773258422,61.4104047676694,59.3530601597964,95.8924438390518,57.6001603328277,58.6018640298996,60.2038573444511,82.1005114061268,78.5016219708679,20.3220104127498,23.6899027525466,0,20.2707421590206,47.0195924029657,48.894431161674,48.1375436801983,83.9205613045457,98.0800867853415,102.668850481118,86.6015865336959,87.1160689533279,61.8295094831434,64.6438299629102,65.2792809429678,68.4450737161829,92.7808235590587,51.3103004441086,78.8504014500829,78.3223461363701,53.699430646085,91.3825398869371,92.7499773708465,91.4729768505415,95.6635159859638,98.1507449220906,99.4574275678022,99.7759794869714,93.9341831355204,95.8480891838977,95.529727055585,95.6947780136952,95.3117930692048,93.1126682667242,95.5628047525835,37.3679498915248,38.1116845815257,39.0298956155815,33.9689742658226,45.2436250522644,44.0253422803372,42.6517000822325,54.0981047367318,47.1160588827355,47.8314394212538,47.336369639874,47.9735099916126,48.3742998470968,65.3999544480581,65.05618223208,100.011053301173,100.967033987485,99.4389912130718,97.2031067155276,93.9222154691857,98.1613509033848,93.234091043069,95.2775715201999,94.2262794021142,69.9357193708663,73.1586303210854,94.3734022562701,56.2069302091287,59.0723350772136,59.4491537992109
58.8833438837164,59.5967489005485,61.0377484263134,56.3037210588679,59.8995904444316,61.6071085291855,61.2942122590698,59.2105297462371,60.2933645404267,58.227227599829,93.9461612298449,56.6032164948628,57.5880424569392,59.15028644508,80.0493298538317,76.4974407331578,20.8175409838274,19.6087554399994,20.2707421590206,0,44.672607292706,46.5702477815845,45.8254411063545,82.1441650074013,96.0061593472416,100.614506998616,84.9078972310649,85.3963432590959,59.6669488700528,63.2258479876625,63.8536596194602,67.1236043582704,90.7304510917053,49.0446135687878,76.8676003294633,76.3435541099192,52.7681944029567,89.4102238909767,90.7751047663566,89.5003229665573,93.7061686052388,96.1940134191024,97.5032953363014,97.8223576858986,91.9766828617877,93.8852255967399,93.5701537640846,93.7341437788372,93.3514021114258,91.1530908942089,93.5977298341761,34.0038214145272,34.9919832070627,35.761543477258,30.4821159743016,42.3997055468148,41.2140074436824,39.8007856964212,52.2273885923614,44.8888376594327,45.644158835093,45.1773006229575,45.8477304515657,47.0668613017554,63.6648061693778,63.3861649329416,98.017385554922,98.9695115510932,97.4431291423202,95.2090831162834,91.9778075928103,96.2166683241599,91.2807853539988,93.3236773919813,92.2903113765302,68.1506150379797,71.3689816828219,92.4558689391592,54.3570681240721,57.0108225324195,58.2822898068072
50.4824169572842,51.9988547598547,52.6028761274352,48.8434223180258,53.2413754833488,53.1565047130774,52.8235785573558,51.4811285002116,61.1892134731149,59.0026548140048,83.9613015907395,58.9791140643744,59.7664432675347,60.8298797394648,68.4341958373523,65.4947797703552,43.9420429704002,47.8018961055268,47.0195924029657,44.672607292706,0,24.42567796006,20.0396025155013,74.141303549627,84.6498184667099,89.4555877539037,78.0396265800943,78.1634073239892,46.8456227955314,60.2222587887117,60.7546999636369,65.3713158720047,79.5324380652515,31.6156504211682,66.1092970138525,65.6074692378384,55.9376324693465,79.1124702370568,80.4493741444585,79.203886171783,83.5740770967704,86.071552841395,87.4082570719005,87.735821527464,81.8586181263398,83.7055215574441,83.4302689612334,83.5796064750748,83.2031005056473,81.0115216488759,83.3931763496686,37.1154228745587,35.9773657136807,36.5642495520261,38.412071154322,34.3818413976926,32.884049810359,32.9657381830308,42.5131654753291,24.0372402510252,27.1183320639233,28.229907073544,30.0684961951462,64.0131326385278,56.2186396322185,56.8228451909204,87.5003130585931,88.4104796305373,86.9017460459462,84.6872744560683,82.0070226218763,86.2413571353136,81.210385791097,83.2456184006388,82.4163761036711,59.8816923829743,63.0525926820749,82.591106933098,45.0025803279716,43.3558478497305,58.6333783353824
51.3302820387591,52.8903776722119,53.2534247596171,49.9386878375607,54.3470269099824,53.6421546646344,53.1751706601807,52.0651795387565,62.2025278979245,59.9977769297005,83.0012190379116,60.1238654800106,60.9013056842241,61.9126153430003,67.0530629837057,64.3089982367273,45.8427851221518,49.6733854739211,48.894431161674,46.5702477815845,24.42567796006,0,18.056827420759,73.7719212460385,83.3013692446151,88.1637824527831,77.9237468175963,77.9763957809843,45.0100613209988,60.8103477971732,61.3379627247913,66.0838154109621,78.2326869464712,26.4204364094435,65.0072077049446,64.5209142988048,57.1447146687799,78.0681237402989,79.3970396250659,78.1591339305112,82.5769051230123,85.0765926844907,86.4213927950556,86.750826034184,80.8625476857012,82.692421788085,82.4278422347062,82.5735342978471,82.1981927112466,80.0088976974805,82.3731219225553,39.1757690370014,38.1922344788839,38.5441442387397,40.5149832805591,35.5840604315675,34.6199930976632,35.0280984083002,42.4103957463456,27.0392776707563,28.204437132809,30.1548152630471,31.0637078777348,65.7551238321792,56.4196818992502,56.8611379181475,86.3917132271465,87.2899912858733,85.7863069769643,83.5774349383082,81.0522592810149,85.2856106083428,80.2275768083324,82.2608500265299,81.4884951639081,59.607733422284,62.7390586536056,81.7324238448436,44.6650904981225,42.4519578428451,59.6396123984058
50.5110842696774,52.0897744551758,52.5193540088663,49.059274257993,53.495697135432,52.9833087622207,52.5796974448404,51.3949937029958,61.5764651044007,59.3775970185332,83.2169506011487,59.4644616730986,60.2432808823975,61.2690537884218,67.4390625508371,64.5899938805926,45.0707171675909,48.9400641300243,48.1375436801983,45.8254411063545,20.0396025155013,18.056827420759,0,73.6420579728428,83.7631235804462,88.5872730167827,77.6820225049903,77.7627654969904,45.6951155643473,60.3016619182365,60.828973066267,65.545048170839,78.6463011335142,28.5922539226164,65.2370741908421,64.7364129542485,56.4705138111948,78.3309211188703,79.6648114068684,78.4231423352722,82.8106702283484,85.3095398985166,86.6490957416622,86.9779306792427,81.0986612617094,82.9385676256385,82.6680781863388,82.8154543164294,82.4400745457733,80.2489412109065,82.6234710391738,38.5175108266067,37.477935541096,37.9594748247554,39.7619482341014,35.472192239501,34.303315546238,34.5413216818591,41.9802452677869,23.9623688511717,25.9620555879344,28.1540417117416,29.4948959026261,65.0308906915495,55.9496259119082,56.5300975149647,86.6972113594685,87.6029245842604,86.0960026818604,83.8835461279121,81.2634276614874,85.4970955417138,80.4557752743046,82.490032718056,81.6837894186677,59.3813639964271,62.5382201533529,81.8451933921909,44.401534911266,42.0956195107916,59.0076583905619
82.3023484405417,83.0443569396739,82.9012422677928,81.3826494166148,85.0264330246479,82.0237689476026,80.3857825289051,79.9220602317666,85.8148811280031,83.33818602276,94.3148337365759,85.428786636664,86.1003155176588,86.4083615773469,89.5926855051943,82.5221291751888,80.9224172706284,85.1352261150522,83.9205613045457,82.1441650074013,74.141303549627,73.7719212460385,73.6420579728428,0,104.287583410597,107.711656087819,77.5219357549349,73.3489683110102,75.2847756964164,79.1153937238913,79.725919423678,85.5314901090015,97.8670903964996,73.3554593519416,81.4774483000712,80.9334302617483,83.2509511030166,91.3977192416439,92.9276936260964,91.5113903035619,94.7111910667849,97.1660247235444,98.2974094550905,98.5917879836877,93.0333726390646,95.2801372932645,94.7617765636267,94.9875696088532,94.5962961523886,92.3415214656275,95.1328911771913,78.2332124331332,77.5374019757692,78.2549366972662,78.2432145976116,77.8171149655339,77.0167100131491,76.8555203026194,68.5395458981426,72.8615404768603,72.5322221424696,72.5826245784176,72.1335582593514,99.5157299903997,78.6969664582072,67.288969582314,101.354539606393,102.548194922241,100.918222061147,98.5693245690746,92.1920525761234,96.4417159575945,92.0712927766343,94.1486601658603,91.9586200888583,69.7458355124678,70.0933197676965,90.4474036631181,65.4792480471656,78.0019750430193,83.4398398296483
98.258487287651,99.4301888285607,99.3447306747838,97.2737507627603,101.29413236214,98.9436418107934,97.7595191566889,97.2062688965281,105.647003729995,103.302186599433,86.6849326822962,104.434186145684,105.158327792179,105.808703901468,92.9616090738683,87.9942348504062,95.0786795852758,99.0351833431697,98.0800867853415,96.0061593472416,84.6498184667099,83.3013692446151,83.7631235804462,104.287583410597,0,46.1571158521158,111.717698697461,111.126578424143,74.9494069369659,101.584346469268,102.156691945096,107.403479489699,76.6484516609612,81.9989630548529,89.6663188397282,90.2809074428723,101.864477363827,78.8067748957262,79.4377190540458,77.9128490335245,87.0221365740979,89.2737608482295,91.4414056332236,91.5011850866089,82.8827691925127,83.620255800427,83.6813268212797,84.0313364435272,83.1099159856578,81.5426430454007,82.7535485404616,90.2299728712507,89.5117293199657,89.8069790739602,91.0470360004426,87.3377279851763,87.0617996049817,87.4162211353869,85.8418598317278,84.2419405126021,84.1289497522649,84.657413518016,84.442833832122,114.270197850281,98.5810694711509,94.4162540638597,77.5998095267706,77.1629670624551,76.3745243396789,74.931709166325,86.2187729921714,90.5866468180043,83.1944419360721,85.2490186180369,88.3603556791224,96.4299713590736,98.6077597085759,105.488338023881,85.0192980774422,90.7243852367517,103.185033885896
102.710764072202,103.860082009344,103.766216440692,101.734582232395,105.734672138519,103.335579774221,102.123929434357,101.581230175551,109.87023920231,107.516566894428,86.6350403757522,108.710295887957,109.431290634928,110.059377433877,97.3272846063198,91.8830983223416,99.6672995885075,103.641334614143,102.668850481118,100.614506998616,89.4555877539037,88.1637824527831,88.5872730167827,107.711656087819,46.1571158521158,0,115.335826259447,114.713119146725,80.1845432880477,105.651779210972,106.228789830275,111.495654337944,80.4506806177165,86.8982367833043,93.4505658852548,94.1054207359247,106.165758859964,78.7688463211038,79.2804677040878,77.5337136202031,87.5862394366712,89.7446148805378,92.0723642314771,92.0380554636701,82.6586201723084,83.2175696578592,83.2535724642749,83.7307530009636,82.5829864265984,81.2244276527742,82.2410465154271,94.9612377940805,94.2432061245296,94.5686302516667,95.7238844303969,92.2399556123844,91.9243892721205,92.2427721996278,90.1941249970598,88.9804009626188,88.8474539363507,89.3478185946242,89.1128661881803,118.82111079975,102.814318385554,98.3296197443048,74.5266313499539,73.6552341095322,73.1711830531981,72.0315028916694,86.6049312141537,91.0221423468106,83.1471397729054,85.2314448256617,89.028135392514,100.38432833578,102.501612207389,108.762205698971,89.2407381357636,95.3312278755477,107.416888169718
85.3190706522153,85.8805254966266,85.8963136527645,84.2614111679053,87.748165877422,85.001526663485,83.3516984381942,82.6870691445312,86.5643293524519,84.0312993721384,102.896162570228,86.4860395655985,87.143020981395,87.3172421034561,96.7410279766244,90.5062392516773,83.6139799223547,87.8806639827231,86.6015865336959,84.9078972310649,78.0396265800943,77.9237468175963,77.6820225049903,77.5219357549349,111.717698697461,115.335826259447,0,66.8147972531978,81.2954057488122,78.8386845463832,79.4918975787559,85.4442745261722,105.547454933002,77.8074921472482,89.8280810677425,89.2761525627309,84.4514108781046,99.8628072358822,101.365458579783,99.9520808624316,103.342473236606,105.78676402792,106.958432981755,107.239746693249,101.5664605635,103.774468464301,103.268640858771,103.500523170313,103.092057068762,100.857554410527,103.608389611105,81.5056537778051,80.8344592025221,81.629246658879,81.3208025171012,81.6328404996181,80.7529305967413,80.4871444621501,72.0427749605319,76.7055854250679,76.4075680587743,76.3401023779449,75.9220533659179,101.990323410023,81.0078208492608,65.5572481970205,109.563146978121,110.72143962236,109.107867844716,106.777155265154,100.846060295369,105.10455559339,100.638161415609,102.716962575275,100.685304005496,74.2162665415598,75.7354580404007,100.879084776703,69.3918336170236,82.1865958295648,84.2722567232453
85.614993946725,86.2313071360754,86.1792687915001,84.6172391316436,88.1531311830258,85.2693219422011,83.6019656935861,83.0240174318254,87.7450967045945,85.234714559906,102.139204623786,87.5568998270274,88.2175431779745,88.44185638607,96.1121474793104,89.7138915978819,84.1238551309877,88.3758874601649,87.1160689533279,85.3963432590959,78.1634073239892,77.9763957809843,77.7627654969904,73.3489683110102,111.126578424143,114.713119146725,66.8147972531978,0,80.9211435649182,80.3520006030768,80.9775398708952,86.939032659533,104.899394338332,77.7742651644062,88.9498525749603,88.3849288277256,85.4712579053024,99.1077534547635,100.614503545403,99.2030418486995,102.562697941391,105.010200823185,106.174943299615,106.459922021773,100.81038204166,103.022478452266,102.516911674827,102.746212480785,102.342244143503,100.103563592946,102.858803661481,81.8353710078171,81.1547964067926,81.9292372696238,81.7084021352999,81.806316867039,80.9460154808667,80.7092674093794,72.0893405088922,76.830189799215,76.515726414667,76.4798200406597,76.0442584081719,102.575728614531,81.3778406996594,66.7782493878229,108.851561998778,110.014890933438,108.398813162909,106.065327086062,100.073927946415,104.33011482731,99.8780520931161,101.955931030521,99.9044002069842,73.2078748137876,74.2516500514063,99.660228187135,69.1884914400979,82.1591265039908,85.4053308972591
62.1057472223231,63.4606946441045,63.3289072697367,61.1651248140024,65.3446207658309,63.0654069187959,62.0151763582306,61.4984317178843,71.3699947605384,69.0800108444313,77.9793552028305,69.8531267521381,70.5925208908274,71.3747111846969,56.2655214747833,57.0636758504067,58.818080919619,62.7147962414185,61.8295094831434,59.6669488700528,46.8456227955314,45.0100613209988,45.6951155643473,75.2847756964164,74.9494069369659,80.1845432880477,81.2954057488122,80.9211435649182,0,68.1960793998275,68.7305357063701,73.9092571399402,69.3796076726408,42.9302429570135,59.2161822123131,59.1721391394622,67.1401621069123,72.1616404707169,73.413129205437,72.2663862036996,77.1405366655635,79.6679298163174,81.0919034332909,81.4451293508051,75.4728367891056,77.1322710939269,76.9802050149671,77.082455221077,76.7287089544048,74.5546478081657,76.7450697329947,53.3382359320845,52.5870092602948,52.8061693772347,54.3676281537773,49.8717173620551,49.6438796232346,50.1104129426757,49.9418845860563,46.5519183940027,46.4219061410083,47.1580135574325,46.949488406412,78.2335043703911,63.7223572178932,61.8716132764561,79.9411082419886,80.7308054069318,79.2708676399962,77.11085592754,76.0705371324227,80.2919444635217,74.9691940186706,76.9807409063779,76.7787656615647,63.4242342586285,66.0567056369139,78.5912414166676,49.9026425953482,52.972089390218,68.8322234063499
