IBR/IBR_outputs/all.combrep_1/PersistForestCover_Total.Silt_Total.VRM_Total.WeatheringIndex_Total/PersistForestCover_Total.Silt_Total.VRM_Total.WeatheringIndex_Total.asc
NCOLS 160 
NROWS 95 
XLLCORNER 210004.651214014 
YLLCORNER 7350008.22228844 
CELLSIZE 4999.99999999997 
NODATA_value -9999 
[rows 21 to 41 of 95, columns 92 to 137 of 160]
11.8127185971165 11.9251524024001 11.7180624589516 11.7118178925806 11.4691167485087 11.8143748806254 11.8562743003052 11.3939419121388 11.2059673926581 11.4050517066459 11.380528201043 11.6209875754831 11.5808929465148 11.4120647973781 11.5504009652873 11.4717884725518 11.2804525423899 12.0705240442082 14.0460911469179 12.0990732672331 11.5172589986543 11.5164882802381 11.4588080772096 11.4301904215908 11.5600012811949 12.042646727722 12.6045732022622 12.2177690232914 12.2551241594855 11.9777582062248 11.7526205415768 11.9186136296097 12.0783463827737 22.2875416622735 21.4888183334321 19.7018847568982 13.7460098821262 11.3854921887679 11.3515695466163 11.2327222820408 11.2095479647698 11.2324900400027 11.2116266698734 11.2610683272834 11.3192124064835 11.4352551131414
11.8198361057335 11.4903045164319 11.6912333029505 11.4516231584626 11.6658114940719 12.096341196709 11.4452274059866 11.2649252653832 11.1742538301229 11.4130751760511 11.2242447842024 11.3858493331508 11.5417770317152 11.505881955761 11.3964765493766 11.2578662025965 11.2210264838647 11.5241095961176 12.1049550738533 12.0864686343674 11.7215014222745 11.4698850170342 11.3829561507162 11.3159596112912 11.3295969999969 11.5552953543366 11.5553145746921 11.6032309428358 11.931412000453 12.5453444627741 12.4298807724494 12.2419853561293 13.3603337349504 19.9048568361258 27.7104538429512 14.0660878220902 12.186717385923 11.5594312076621 11.7397813149955 12.030004228742 12.3244697833053 11.5768807674839 11.3499224378288 11.401199870129 11.4049220504886 11.3948691737367
12.3781976929971 12.1875850481246 12.0901369969653 11.8827319834084 13.597860880185 11.7921492548955 11.319911311413 11.1943154661937 11.0380388414585 11.3555885495666 11.3782099597648 11.4306587641148 11.6612735079652 11.7266736420745 11.3869233340415 11.2155825256865 11.3526620741634 11.9536145037499 12.7502130660283 11.4955274136466 11.8627689381499 11.8293881283306 11.489923593994 11.3257938550135 11.4258161934281 11.1888942634159 11.2459492294739 11.5232395183148 11.4104640454759 11.7883396328332 12.3338492632378 13.1005467303013 13.7441299054998 19.1598563791589 17.3191533101182 12.8158768572332 12.9198132421122 12.2953184515955 12.2243009568381 12.3923162924917 12.289046242316 13.7471291366898 15.1146604716763 12.5642028769122 11.4839523973124 11.3437568354704
12.2407971579341 12.2876324775356 14.5672985557403 11.9592298497044 11.2983845862526 11.2866197271067 11.2442872181859 11.0819501471234 11.1271903996803 11.2169875738048 11.3258397271544 11.547529809937 11.7944415420938 11.7899814152012 11.364134982744 11.3823294586815 11.7231943394553 14.3283933885087 16.9005333888107 12.443681805074 11.7543613967859 12.0013580752848 11.7813293499167 11.4696641537578 11.4856731385788 11.1726548197764 11.4243432395596 11.5375506447068 11.5299422127639 11.9625182603038 12.8417837639396 15.7986737376091 19.1561429174941 17.542930117528 13.9092106137523 12.2967639353887 12.3034657332321 13.176590464924 12.1887447128032 11.9685213304869 11.8129619217737 13.3403671980768 14.0404459085302 17.7663878807647 14.4334776984333 11.6649279036954
11.9528119698755 11.6044202171637 11.1550800893325 11.1244486863936 11.304505686626 11.4068971213037 11.332011174068 11.2260842506786 11.4235006803733 11.3258419725488 11.2543728698885 11.6031373093632 11.7111816092344 12.0444401564461 11.5145225706202 11.7859413064417 12.4721521730169 12.6834477541807 15.7977243612422 15.3908559009383 12.382426051844 11.8528998124198 12.1621869548332 11.883044816222 11.4874648512293 11.2322815643508 13.4625975092558 11.3719336820445 11.2920836173816 11.3597157894613 12.077890966965 13.6164519959803 18.0253993952626 19.9060814672354 15.5575222485554 12.2008067901867 11.4442003127926 11.7203097008934 11.4895721384447 11.3560563385198 11.3985517274774 11.9702187604852 15.1810961355007 14.642448183633 13.8538904635289 16.0701107190338
11.4320520727087 11.2484458579332 11.2306165534056 11.2180112950951 11.5811504511311 11.2750967651005 11.4382309468914 11.6893871826895 11.4339165251798 11.3917824401032 11.7454322121326 11.6329024077403 12.1328224824897 11.6771804917687 11.5277396396522 12.5218677387528 17.0754963200518 26.0357688526947 30.3835374729966 25.5904306994294 13.835591335191 12.0351153784068 13.9907909155442 12.0509579907145 11.6954771588932 11.5959488974844 11.9818118126998 11.4439776448191 11.4407329998597 11.4829704171028 11.7314092870371 13.978254836251 16.2265384346154 19.6740066168881 17.0210596022467 16.1719068317149 11.444905849531 11.4269620460908 11.9384066294282 11.4304477421283 11.5312237383787 11.5377067723169 12.5308390211614 16.0302425456408 13.0635042412462 12.3541417578293
11.3130205505722 11.4934192420421 11.5547528278151 11.321488620134 11.4392787530922 11.256698950037 12.1167502229536 11.6923280780526 11.3919586124047 11.3065781845777 11.2259193607884 11.5163075694739 12.6160952524448 11.9411525855232 11.9346702573591 16.1633081232034 28.3617756681157 29.1206644101101 23.71092055071 24.9378626992899 16.6045039142418 16.7834541160154 17.2768016468922 14.0798378385999 12.1915172133274 12.2428944690696 11.5898638349166 11.8750046827019 12.8054544477975 20.0678369559622 21.2333596692059 27.3182971811809 18.7439331663872 16.9242786303061 14.1132006659778 15.4581397123384 15.6531280917336 11.7761040500425 11.8608619127337 11.4013670816573 11.3549831726692 11.4921499950656 12.282352579088 15.1527752901542 15.3413585705794 13.0541163135682
11.4339133731575 11.7152675465245 11.7509422001069 11.4045767414368 11.5301555343314 11.5780331988556 11.9889494617637 11.5166345134522 11.5367430978662 11.4554838443708 11.7138778480314 11.9578179935028 12.2512609406365 11.9155626278558 11.9968733144235 19.5889009853661 18.7898446399748 20.8627990596038 22.1131046807633 16.5867185652124 16.5503769804659 19.8639776663829 26.8067386522444 27.9592971712533 21.6331008790958 18.8677634232436 15.2044412786116 16.5550170237578 13.3485040048444 12.8650957085562 11.3450236711675 13.0997276904515 18.3228316144808 14.0629896735364 14.626817553245 13.4205125932481 14.4967254508703 12.3683711920218 11.6960845014971 11.81120660193 13.9942980755459 13.769001886244 12.0965262966058 15.770940325043 14.8835431695302 12.6318507599683
11.2783865519953 11.2150355452169 11.409294856496 11.3506103369046 11.4428950387221 12.2675823732349 14.497255669885 11.9773347396111 12.7431596574537 18.7161843735067 16.0050155542084 14.1059735145773 12.7364579719906 13.8390172608786 13.717534300589 17.3081605599012 23.5136717675049 28.0751898920015 22.6879101982442 20.9908164855084 20.3111129471515 20.3697313412078 24.1997263109125 14.5088403111923 16.0368490465447 14.2756721623682 14.7407260979722 13.5738336359661 12.6718487593181 11.182550909769 11.2541447506116 11.376616105799 13.7070464998581 14.3516620244734 16.3679750191733 17.3130421621372 15.0372660304757 15.3174725876671 13.6924237559596 14.4186981185021 14.9839558335786 14.1398827579739 12.5393597541266 15.1797742258684 14.4951652987882 12.6800350711853
11.619552886199 11.289727700072 11.465768461714 11.4923348459541 12.0475224792714 13.8687187394807 13.8628072775195 12.5317851053804 12.1235812774848 13.3106971213529 17.167451389948 22.2135614574618 14.0453493066113 19.3063345947875 19.2914344201318 20.9387158287935 20.4788197413817 16.8230147401093 22.6722956820373 19.8249554576937 21.8717435732063 20.1355846974963 19.3013010767976 13.9364700369352 18.5346152017067 12.1109306242109 11.0898844628219 11.1633380040784 11.1141186434844 11.1025212031703 11.1849376486918 11.124923039809 11.191747203397 11.2489377167027 14.4735979619182 18.1631213636447 14.6043086671198 14.3472973815488 15.6248208848529 16.7221497278145 13.4401930337602 12.2462466450377 12.7782267376718 12.3058966161 13.6224437842666 12.4875380467588
11.7528894443608 11.2033082000246 11.5526899063198 13.1401753469113 17.893530733233 15.7741914292061 14.1312067386292 13.2523585416298 14.3429680968883 15.0922924650468 16.0543953551114 17.4222627986249 18.6003920585998 26.1838161539877 27.0117905483553 18.6020246216177 16.9601000892597 14.4628191328098 23.8787151883008 17.5575576424793 20.0496207119215 22.7864358125753 14.1187331073562 13.8930223496404 13.9129692990552 11.9055139561054 11.1019017365416 11.0726878677731 11.1271224634246 11.1172941204354 11.1732940294591 11.1070029674891 11.104299331228 11.1427278674427 11.5491364785822 16.4104407652702 14.2986432136774 13.5078994582578 13.8816170980937 14.587342629468 11.424873244465 12.4752669598532 13.6402918853987 12.0419199867127 12.7455627992147 12.6374429762267
15.4457782308311 12.1869859787157 11.2311973911549 12.0463044574885 17.7841585837522 14.7614885095605 14.5176599572282 17.5959865541948 16.9177107724725 21.5135161456664 28.354425153331 32.1949052362717 23.7023858332255 27.0262209229619 19.882064071143 15.546149535416 19.8788516268082 15.3072456641191 18.6045464294377 17.4029327930224 19.3887623828885 26.6775392062094 14.0537153995144 14.3590790833021 12.6942919012934 11.338176366178 11.1713488313668 11.0278031254335 11.077784081169 11.084455250299 11.1507186198075 11.2439012649872 11.1837658684364 11.1251879286983 11.4858579140945 12.8211260187297 15.5123653176143 12.9863408281158 15.7683591657481 16.2008585117928 13.4918239639415 13.9399112906976 14.4197539918726 12.4430098762945 12.4152438644393 12.2520883800947
26.3393024488769 17.437240915437 11.4891173749359 11.7114823977944 15.0551107468989 15.5498723163471 16.9396165312825 21.1343517886772 23.1892451787477 24.9378103545025 16.7423501435089 20.9774841379045 27.0517264402454 27.7631284958131 20.5873455902948 18.2428362046981 20.2713281264676 16.0145834388695 14.5996682247747 19.9007765944759 22.5435490905064 30.1583171611002 17.7278697864351 12.3455528281706 11.540257673932 11.3498488202495 11.3375418987977 11.3216294115901 11.3456994180787 11.3291214154292 11.1688990954311 11.3440367773961 11.2377682724664 11.1961824192308 11.2666511773367 11.6890536750579 16.7990103033018 16.2845305662615 15.3565490814868 13.232354450387 16.0651490855072 15.668161585159 15.2439715903372 15.1562326813773 12.4713198262989 12.1780653877391
24.4894547893257 11.5521544133139 11.2640505419974 11.3004566360272 13.7572844073555 21.5773567529233 24.3454462126515 22.2702005038098 24.2091314054532 20.8579222957221 11.919138251471 12.3714484084239 27.5875110791968 27.7705445992858 17.7092461020999 24.6137807244768 18.1405066525129 15.1522604749553 16.2939316000622 17.6057841053138 16.1556062569386 20.2057663172893 19.5598527797906 13.7939809314843 11.3926907625533 11.4392425546644 11.3768480854264 11.6724390907522 11.556994460192 11.4756613309945 11.3123137884451 11.3305998144691 11.3085324156002 11.377776783782 11.2652621736912 13.1560597241515 19.4911719536338 15.6355076942288 15.3469710895904 14.5300924074759 17.0667834886191 16.896150821171 20.509128814256 19.4299032195372 15.6557129288867 12.8160168475619
13.6517593109746 11.2337759332951 11.60589090524 11.5161743664301 11.4964850291363 12.0008078934945 18.5429508098763 20.072001424982 25.653017521447 21.1958393749709 11.6662251447272 13.6462039470124 26.5210334814813 22.8292929078914 29.7681190967852 26.0228380788431 23.4558854374086 21.2327684793622 17.0743614092054 17.8559639875644 12.2898491613019 14.5279725411396 16.6249622107101 22.17357110573 14.8600674095724 11.3284186733748 11.4022719325378 11.6558049351436 11.3929352714322 11.3869726101535 11.4123543141613 11.6268802537182 11.3368631749727 11.3578239596516 11.4464561816468 14.0354094123514 18.5129657988404 13.5403545184605 14.3657737198686 20.2080098259301 16.0846187857429 15.6878730437196 19.7737609208999 18.7286277255071 17.8629634819656 14.0684458244074
11.8727617396491 11.4174249340413 11.4258531790544 11.7011016289828 11.5316150299487 11.670560297805 15.4880207848441 15.033201287449 26.4381025789316 15.0547566606837 12.8849479320351 28.2651886306236 28.0084459443428 25.5295618768116 26.5588620624815 19.5735908482849 17.0550479625066 15.1843655890762 16.5426287081388 14.6511476353627 13.9510267621051 14.4641598514222 13.9022777160124 15.3567222633411 16.785586040233 15.5972447000081 11.512466163763 11.6605949071586 11.4820504512683 11.4622574739946 11.4141778314312 11.4541909176326 11.3823575016861 11.4090879950637 14.1306202710278 19.5594744681088 17.7193741005814 14.2823727799753 16.6404564564546 23.2245928705606 14.8564450015376 13.8719410338934 17.6770535754322 18.1135497942418 16.922331458315 13.4304266368929
12.5881568598912 11.8805581828042 11.6190264175876 11.413256080334 11.5376358426602 11.4823359724668 15.0713970556606 14.1606282051053 18.9010917715018 15.9195007140089 19.9376407877295 30.3863591194042 28.913209634922 27.7071832915102 15.5796744262012 12.7254726689445 12.3281556602435 15.8935612074194 15.1375535426889 14.9963581759282 20.9536304558456 18.6697109138365 16.4881958008713 15.7074289701598 14.4128019581848 16.8603574610208 15.6210096844661 12.4935528273227 11.5484519536682 11.5481255936215 11.5224310323763 11.5100686690027 11.4776667710791 13.8723688893138 18.1955352898821 15.6436743577073 15.9640029883529 15.1576452777585 17.1416364655202 22.2421739323926 15.4026332539523 12.9133137196766 12.8388677545867 19.1042379197925 15.6445823063915 13.1938903940334
11.7899318725279 11.572825692195 12.2613713747142 11.7190533050431 11.6209660885236 11.4289340986971 11.7924872762775 11.8796672237407 12.9186625294012 20.6240115652691 20.9426448236211 19.7308744978018 25.6986749191243 15.9243648018197 13.0275401972304 11.2932077716387 11.6821039995066 12.7627228866787 15.249919888821 14.0749881349833 19.5833373798359 26.6341413298655 15.2235004135498 13.6470221007892 11.5120469982341 11.1457931965428 11.3621354461248 12.9672701517038 14.1595283497582 11.5434679380898 11.6703342610939 11.5631141995499 12.010549627615 19.373175522682 16.8377586216303 16.617531330877 20.4170152039837 16.3119957969499 20.3074909664026 19.8860007677213 14.2860859744989 13.5273847373871 12.182156601721 13.0273825509736 12.2058406136456 13.6711812432856
11.4392280056254 11.3863662973369 11.4791165123487 11.433546227743 11.4938196351244 11.4334990749581 11.4297767103078 12.435176465259 16.2985480101051 26.075015096224 20.4990016851159 17.6716458107669 24.7681921773654 14.5840421322196 11.4984655095425 11.1594277911404 11.3641740706171 11.3527008237904 12.2553311550928 13.7726566722075 20.7251171412668 27.0186571923622 14.9778678352332 11.355447569739 11.2842598233616 11.2283609106647 11.1968623408894 11.3474042918117 12.7641749991384 13.2559107861926 12.1841016777109 12.3472671855575 16.5800465359304 13.7314415625236 16.1976370507161 19.9819985318271 17.707882305164 14.1775173665028 20.9553852792123 18.4412486182278 12.2513291336344 12.9232299423206 12.6532407259824 12.5718657664983 13.0269815008497 13.0432866777479
11.6359608956815 11.4559167633225 11.2767281608659 11.3466537436398 11.4397714130942 11.4400938756332 11.2786585991136 12.4950899387383 15.0619887813958 23.2215313440115 21.1984029117804 21.9016433375616 27.6187206836606 25.6687102038254 11.83234255141 11.3291178142097 11.4549420093195 12.0552046735906 13.5182069596612 11.8862086520101 17.5481988089972 24.1265495799376 14.8763233913418 11.6756808824678 11.1854924194115 11.2520987409025 11.1857102261022 11.3909376658388 12.8466334347907 15.6029379201857 16.9247083910456 17.5230709766755 19.4009661423746 18.3204164985313 18.0211884751617 17.8771752995356 18.5457391909076 20.9159030511261 15.4889984236669 12.9467600580719 11.6067048302719 11.5200931811271 12.6610310765885 13.8539415855063 12.0953559130154 13.5501125995682
11.6705683830275 11.6811722432373 11.6847315822471 11.446760117698 11.286800959553 11.2599314097962 11.2118658007297 12.0136534076717 13.7664097681849 17.1323854601722 21.7434696816478 28.0846692735785 16.2858502078524 32.3879999542175 13.8858332261669 11.5263510048768 11.4637612186939 13.8647015019103 11.5356337053681 11.7000043145285 16.748780717175 24.4264143869925 17.4475407484295 11.6245173483714 11.2929872171744 11.2410589049553 11.3649955457488 11.4003622466435 15.7320576312215 21.1274362224896 18.4989576467461 19.2533242174446 21.3204166492034 14.7387704335695 19.5886278096652 19.6074249873943 23.533030855706 20.511208704339 14.0072532890045 12.9636847900685 11.4424448687451 12.001697452006 11.2201418232143 11.4502873610749 13.0471466272693 13.8977482421203
