0.00519903 0.128527 9.9982E-05 9.9982E-05 0.72287 0.0946301 0.0485734
0.0380949 0.0917962 9.9991E-05 0.0797116 0.675323 0.0491835 0.0657905
0.0268499 0.137595 0.0509762 0.178102 0.549267 9.9991E-05 0.057109
0.0190822 0.0431195 0.0312941 0.0134221 0.761529 9.9991E-05 0.131453
9.9973E-05 9.9973E-05 0.0524677 0.114312 0.789337 0.0435833 9.9973E-05
9.9973E-05 0.0895176 0.0561307 9.9973E-05 0.782905 0.0711473 9.9973E-05
9.9973E-05 9.9973E-05 9.9973E-05 0.214452 0.625338 0.0929087 0.0670015
0.0459366 0.0541939 0.0291915 9.9982E-05 0.73292 9.9982E-05 0.137558
0.00965545 0.0312471 0.0650194 0.394514 0.46675 0.0327145 9.9991E-05
0.0175796 0.0365093 0.0269361 0.325654 0.415524 9.9991E-05 0.177697
0.0437539 0.0139262 0.0796605 0.197228 0.234342 9.9991E-05 0.430989
0.00683559 0.127463 0.0568059 0.342967 0.312964 9.9991E-05 0.152865
0.025256 9.9973E-05 9.9973E-05 0.239368 9.9973E-05 0.0527765 0.682299
9.9982E-05 0.0666805 0.0794983 0.362064 0.278033 9.9982E-05 0.213524
0.0448941 0.0261804 9.9982E-05 0.283092 0.559436 0.0861968 9.9982E-05
0.00907729 0.0676504 9.9991E-05 0.247896 0.531916 0.00320538 0.140155
9.9973E-05 0.0571937 9.9973E-05 0.383648 0.500565 0.0582935 9.9973E-05
0.0404174 0.10187 9.9982E-05 0.1236 0.731812 9.9982E-05 0.00210014
0.0602935 0.365278 0.0415922 0.296464 0.01589 0.0783043 0.142178
9.9964E-05 0.224128 9.9964E-05 0.701544 9.9964E-05 0.0739289 9.9964E-05
0.0264946 0.59311 0.0257153 0.102967 0.251513 9.9982E-05 9.9982E-05
9.9973E-05 0.792387 9.9973E-05 0.0283808 9.9973E-05 0.0619052 0.117027
0.0513486 0.90689 9.9973E-05 9.9973E-05 9.9973E-05 0.0364076 0.00505354
0.0611327 0.768329 9.9982E-05 0.00653357 0.1235 0.0403051 9.9982E-05
9.9973E-05 0.589642 9.9973E-05 0.11565 0.176637 9.9973E-05 0.117771
0.00776194 0.872177 9.9982E-05 0.0299575 0.0664613 0.0234418 9.9982E-05
0.000975503 0.394276 0.0491437 0.555305 9.9973E-05 9.9973E-05 9.9973E-05
0.0314189 0.78778 9.9973E-05 0.0805916 9.9973E-05 0.0999093 9.9973E-05
9.9964E-05 0.685645 9.9964E-05 0.291445 9.9964E-05 0.0225096 9.9964E-05
9.9973E-05 0.80679 0.0828986 9.9973E-05 0.0639847 0.0460267 9.9973E-05
9.9964E-05 0.560605 9.9964E-05 0.356955 9.9964E-05 0.0820405 9.9964E-05
0.0393568 0.675345 0.106348 0.17865 9.9973E-05 9.9973E-05 9.9973E-05
0.0512278 0.803872 9.9973E-05 9.9973E-05 0.101919 0.0426822 9.9973E-05
0.0648675 0.0524848 9.9982E-05 0.355446 0.327395 9.9982E-05 0.199606
9.9973E-05 0.215618 0.0951342 0.0965071 0.59244 9.9973E-05 9.9973E-05
9.9982E-05 0.0963575 0.0935248 0.0668079 0.622112 9.9982E-05 0.120998
0.0358073 0.0840695 9.9991E-05 0.0281131 0.654596 0.0304772 0.166837
0.0143591 0.0911536 0.0743342 0.258649 0.381598 9.9991E-05 0.179806
0.9994 9.995E-05 9.995E-05 9.995E-05 9.995E-05 9.995E-05 9.995E-05
0.0329328 0.62233 9.9982E-05 0.207864 9.9982E-05 0.0246927 0.11198
9.9973E-05 0.191367 0.0643852 9.9973E-05 0.653622 0.0903261 9.9973E-05
9.9973E-05 0.0526896 9.9973E-05 0.28604 0.530617 9.9973E-05 0.130353
0.014851 0.321536 0.0293836 0.0120307 0.262195 0.137547 0.222456
0.0522427 0.0354977 9.9991E-05 0.198647 0.0282815 0.128065 0.557166
9.9973E-05 0.0383546 9.9973E-05 0.0554272 9.9973E-05 0.0256681 0.88025
0.9994 9.995E-05 9.995E-05 9.995E-05 9.995E-05 9.995E-05 9.995E-05
0.0801437 0.142419 0.0244931 0.277993 0.327509 9.9991E-05 0.147342
9.9973E-05 9.9973E-05 9.9973E-05 0.330047 0.213553 0.203647 0.252454
0.0474783 0.185812 0.0685731 0.287081 0.242402 0.0208052 0.147849
0.0325544 9.9982E-05 0.306412 0.0347677 9.9982E-05 0.535211 0.0908553
0.000364548 9.9982E-05 0.478781 0.0589448 9.9982E-05 0.321813 0.139896
9.9973E-05 9.9973E-05 0.45896 0.072502 0.0851328 0.383106 9.9973E-05
0.0417779 9.9991E-05 0.596377 0.106035 0.020283 0.157978 0.0774495
0.0489944 9.9973E-05 0.696998 0.124772 9.9973E-05 0.128936 9.9973E-05
9.9964E-05 9.9964E-05 0.531984 0.142965 9.9964E-05 0.324651 9.9964E-05
9.9982E-05 9.9982E-05 0.610095 0.145772 0.121977 0.11648 0.00547633
0.0117862 9.9982E-05 0.311786 0.104607 0.0140129 0.557608 9.9982E-05
0.00777736 9.99549E-05 9.99549E-05 9.99549E-05 9.99549E-05 0.991723 9.99549E-05
0.039895 0.0308629 0.706552 9.9991E-05 0.104412 0.107169 0.0110094
0.0360665 9.9982E-05 0.42104 9.9982E-05 0.11848 0.228364 0.19585
9.995E-05 9.995E-05 9.995E-05 9.995E-05 9.995E-05 0.9994 9.995E-05
9.9991E-05 0.0496509 0.455556 0.0583262 0.0535767 0.285796 0.0969938
0.0837744 9.9982E-05 0.271466 0.0546105 9.9982E-05 0.0636892 0.52626
0.0110519 0.742438 0.0709175 0.112095 0.0618762 9.9991E-05 0.00152114
0.0416553 0.620033 0.0280635 0.309949 9.9973E-05 9.9973E-05 9.9973E-05
0.0133493 0.789566 9.9973E-05 0.0681788 0.128606 9.9973E-05 9.9973E-05
0.00834927 9.9991E-05 0.581836 0.0812585 0.0556736 0.134073 0.13871
0.0975953 9.9982E-05 0.384372 0.0898025 9.9982E-05 0.137718 0.290312
0.0130384 0.0477223 0.692483 0.0919258 9.9991E-05 0.113043 0.0416871
0.0453417 0.0327699 0.525936 9.9982E-05 9.9982E-05 0.214072 0.181681
0.0536923 9.9973E-05 0.80323 0.115541 9.9973E-05 0.0272365 9.9973E-05
0.0222978 9.9973E-05 9.9973E-05 9.9973E-05 0.292488 0.209098 0.475816
9.9964E-05 9.9964E-05 9.9964E-05 0.223062 9.9964E-05 0.0924149 0.684123
9.9973E-05 9.9973E-05 9.9973E-05 0.0353145 0.0793624 0.178868 0.706155
0.026513 0.0239865 0.00121236 9.9982E-05 9.9982E-05 0.00493174 0.943156
0.0386907 0.142765 0.0422518 9.9973E-05 9.9973E-05 9.9973E-05 0.775992
0.0229347 9.9973E-05 9.9973E-05 0.0790514 9.9973E-05 0.0407401 0.856974
0.0183214 0.178184 9.9982E-05 9.9982E-05 0.0492396 0.0248606 0.729195
9.9973E-05 9.9973E-05 0.410588 0.00537481 9.9973E-05 0.22944 0.354297
0.111223 0.0687455 0.318184 9.9991E-05 0.116262 0.121461 0.264024
0.00714968 0.0388735 0.49458 0.048959 0.0162263 0.309827 0.0843851
0.0397494 0.00304433 0.525949 0.11491 9.9991E-05 0.294748 0.0214988
0.0199321 9.9991E-05 0.703609 0.15154 0.0232983 0.0150887 0.0864322
0.00446593 0.25541 0.0262649 0.670388 9.9982E-05 9.9982E-05 0.043272
9.9982E-05 0.172788 0.133384 9.9982E-05 0.0721412 0.170295 0.451192
9.9982E-05 0.0104659 0.13294 9.9982E-05 0.0625535 0.0177849 0.776056
0.9994 9.995E-05 9.995E-05 9.995E-05 9.995E-05 9.995E-05 9.995E-05
0.0010594 0.120131 9.9991E-05 0.144149 0.582886 0.0655138 0.0861609
0.0041755 0.0269714 9.9982E-05 0.267202 0.627669 0.0737827 9.9982E-05
0.0318281 9.9982E-05 9.9982E-05 0.335303 0.432555 0.137034 0.0630799
0.0564172 9.9991E-05 0.0763415 0.542768 0.180307 0.00209961 0.141967
9.9982E-05 0.0157876 0.0995823 0.187976 0.634244 9.9982E-05 0.0622105
9.9964E-05 0.0916215 9.9964E-05 9.9964E-05 9.9964E-05 0.191903 0.716075
0.0447168 0.388901 0.0679067 0.317117 0.0813528 9.99934E-05 0.0999052
0.100515 9.9973E-05 0.175665 9.9973E-05 0.0609175 9.9973E-05 0.662603
0.0314881 0.199219 0.0514847 0.133366 0.309548 0.0487478 0.226145
0.000619335 0.162621 9.9982E-05 0.198285 0.599609 0.0386662 9.9982E-05
9.9973E-05 0.120842 0.00586146 9.9973E-05 0.594544 9.9973E-05 0.278453
9.9982E-05 0.122316 9.9982E-05 0.192804 0.44925 0.00404856 0.231381
9.9982E-05 9.9982E-05 0.0030385 0.394107 0.379649 0.0440531 0.178952
0.0131887 0.0869161 9.9973E-05 9.9973E-05 0.555223 9.9973E-05 0.344372
9.9964E-05 9.9964E-05 9.9964E-05 0.453088 0.330324 9.9964E-05 0.216188
0.0324045 9.9991E-05 0.0823987 0.152087 0.0299828 0.151278 0.551749
0.0476139 9.9982E-05 0.121217 0.26364 9.9982E-05 0.060073 0.507256
0.0878052 0.0719421 0.162051 9.9991E-05 0.0195872 0.00374848 0.654766
0.00830407 0.11571 9.9982E-05 0.299655 0.146653 9.9982E-05 0.429478
9.9991E-05 0.092149 0.0269059 0.200771 0.230522 0.133623 0.315929
9.9982E-05 0.202039 0.0305561 0.352201 0.365052 0.0499516 9.9982E-05
0.0304672 0.0351978 0.638622 0.0240827 0.120664 0.150867 9.9991E-05
0.0134026 9.9991E-05 0.623959 0.0684961 0.0176741 0.163334 0.113034
9.9991E-05 0.0693171 0.0444361 0.135513 0.10464 0.197527 0.448467
0.0185248 9.9982E-05 9.9982E-05 0.360087 0.0571844 0.205862 0.358142
0.036512 0.283715 9.9982E-05 9.9982E-05 0.149336 0.232111 0.298127
9.9964E-05 0.601542 9.9964E-05 0.167519 9.9964E-05 9.9964E-05 0.230539
0.0284052 0.0801524 0.647516 9.9982E-05 9.9982E-05 0.0290358 0.21469
9.9973E-05 0.119374 0.375736 9.9973E-05 9.9973E-05 0.354126 0.150464
9.9982E-05 9.9982E-05 0.318996 0.0165657 0.0804509 0.160399 0.423389
0.0523113 0.222122 0.0281258 0.326936 0.302553 0.0678523 9.9991E-05
0.00265325 0.0759895 9.9982E-05 0.262341 0.593525 0.0652912 9.9982E-05
0.030346 0.100823 0.0372784 9.9991E-05 0.708399 0.0503074 0.0727461
9.9991E-05 0.048833 0.0828989 0.066581 0.712147 0.0560063 0.0334343
9.9982E-05 0.275645 0.00556043 0.28106 0.433722 0.00381318 9.9982E-05
0.0321456 0.224429 0.0244651 9.9991E-05 0.65373 0.0304877 0.0346428
9.9973E-05 0.155905 0.0526453 9.9973E-05 0.732523 9.9973E-05 0.058627
0.0114736 9.9982E-05 0.0292166 0.0617736 0.821189 0.0761472 9.9982E-05
9.9982E-05 0.352187 0.060506 0.0468207 0.476797 9.9982E-05 0.0634899
9.9964E-05 9.9964E-05 9.9964E-05 0.456498 0.384258 9.9964E-05 0.158844
0.0296913 0.0163312 9.9991E-05 0.411313 0.449052 0.0312128 0.0622993
0.00266415 9.9982E-05 9.9982E-05 0.38066 0.42771 0.00808786 0.180678
9.9982E-05 9.9982E-05 0.0720036 0.531881 0.326814 0.0485652 0.0205367
0.0176564 9.9991E-05 0.0461402 0.346814 0.487532 0.00997067 0.0917865
0.0011465 9.9982E-05 9.9982E-05 0.558425 0.191267 0.0331065 0.215855
0.000474533 0.00183155 9.9991E-05 0.261683 0.651645 0.066881 0.0173845
9.99551E-05 0.838637 9.99551E-05 9.99551E-05 9.99551E-05 9.99551E-05 0.160863
9.9973E-05 0.737096 9.9973E-05 0.198557 0.022941 9.9973E-05 0.0411055
0.0402076 0.83562 9.9973E-05 0.0552141 0.0686584 9.9973E-05 9.9973E-05
0.00852304 0.712616 0.0085411 0.145009 0.00758067 0.0643924 0.0533381
0.0305569 0.623233 9.9982E-05 0.233221 0.0548125 0.0579758 9.9982E-05
0.00906959 0.0183875 0.0485875 9.9991E-05 0.681171 0.0757151 0.166969
0.0247564 0.223127 9.9973E-05 9.9973E-05 0.612616 9.9973E-05 0.1392
9.99549E-05 9.99549E-05 0.373336 9.99549E-05 9.99549E-05 0.626164 9.99549E-05
0.011558 0.051249 0.858107 0.0437132 9.9991E-05 0.0165457 0.0187266
0.0211048 0.0774492 0.778048 9.9982E-05 0.0302735 0.0929241 9.9982E-05
0.000143378 0.0909589 0.603032 0.0111805 9.9991E-05 0.0791713 0.215414
0.0198145 9.9973E-05 0.681275 0.1208 9.9973E-05 0.177811 9.9973E-05
0.015591 0.11792 0.661887 0.00224209 9.9991E-05 0.147031 0.0552298
0.00176021 0.0216103 0.932516 9.9982E-05 9.9982E-05 0.00324039 0.0406733
0.014686 0.0194768 0.53879 0.0765475 9.9991E-05 0.329587 0.0208131
9.9982E-05 0.00388655 0.647465 0.119235 9.9982E-05 0.194538 0.0346749
0.00938284 0.117223 0.587188 9.9973E-05 9.9973E-05 0.285906 9.9973E-05
0.024485 9.9973E-05 0.740809 9.9973E-05 9.9973E-05 0.0454512 0.188955
0.0306767 0.0338265 0.702537 0.0740326 0.028317 0.0778454 0.0527652
9.9991E-05 0.0516375 0.689847 0.0723454 0.0423561 0.126655 0.0170589
0.0181914 0.0834518 0.651923 0.0289153 9.9982E-05 0.217318 9.9982E-05
9.9982E-05 0.0826178 0.660022 9.9982E-05 0.0274822 0.162084 0.0675947
0.0218814 9.9964E-05 0.951448 9.9964E-05 0.0262705 9.9964E-05 9.9964E-05
0.0186988 0.0887227 0.78005 9.9982E-05 0.00336004 0.108968 9.9982E-05
9.9982E-05 0.0981292 0.179209 0.00202522 0.0557554 9.9982E-05 0.664681
9.9964E-05 9.9964E-05 9.9964E-05 0.15412 0.0324619 9.9964E-05 0.813019
9.9973E-05 9.9973E-05 0.7499 9.9973E-05 0.0631578 0.112662 0.0739804
0.00382102 0.0394638 0.431105 9.9991E-05 0.228032 0.282096 0.015382
9.995E-05 9.995E-05 9.995E-05 9.995E-05 9.995E-05 0.9994 9.995E-05
9.9982E-05 0.0344856 9.9982E-05 0.00576158 0.125226 0.185017 0.64931
0.0341928 0.0640406 0.0674349 9.9982E-05 0.781283 9.9982E-05 0.0528489
9.9973E-05 0.163183 0.0483951 0.137631 0.650491 9.9973E-05 9.9973E-05
9.9982E-05 0.321575 9.9982E-05 0.131112 0.344811 0.147759 0.0545433
9.9985E-05 0.442964 0.00985284 0.333824 0.140701 9.9985E-05 0.0724581
9.9955E-05 0.0706732 9.9955E-05 0.928827 9.9955E-05 9.9955E-05 9.9955E-05
9.9964E-05 0.426849 9.9964E-05 0.512401 9.9964E-05 0.0603499 9.9964E-05
9.995E-05 9.995E-05 9.995E-05 0.9994 9.995E-05 9.995E-05 9.995E-05
0.0137752 0.339302 9.9973E-05 0.630953 9.9973E-05 9.9973E-05 0.0156701
0.0271564 0.399773 9.9982E-05 0.430009 9.9982E-05 0.0663591 0.0765026
0.0447263 0.598091 0.0750789 0.270583 0.0113203 9.9982E-05 9.9982E-05
9.9991E-05 0.0539835 0.0100658 0.161293 0.680015 0.0669038 0.0276389
0.0666983 0.00672046 0.0351472 0.118245 0.682377 0.0907126 9.9991E-05
0.046149 0.00691309 9.9982E-05 9.9982E-05 0.692456 0.100599 0.153683
9.99641E-05 9.99641E-05 0.0340837 9.99641E-05 0.632086 9.99641E-05 0.333431
0.0304008 0.0277197 9.9982E-05 9.9982E-05 0.694118 0.0483307 0.199231
0.0063359 0.0564086 9.9982E-05 0.00598169 0.504677 9.9982E-05 0.426397
9.9973E-05 9.9973E-05 9.9973E-05 0.567497 0.285877 0.0562322 0.0900931
9.9973E-05 9.9973E-05 9.9973E-05 0.491247 0.275756 0.0616853 0.171011
0.0373609 9.9982E-05 0.020406 0.503804 0.289505 9.9982E-05 0.148724
9.9973E-05 9.9973E-05 0.0488399 0.549336 0.292852 9.9973E-05 0.108672
0.00747421 9.9982E-05 0.0285939 0.580092 0.353684 9.9982E-05 0.0299556
0.124357 0.112382 0.00942633 0.753535 9.9973E-05 9.9973E-05 9.9973E-05
0.00503757 9.9991E-05 0.204114 0.0658188 0.015254 0.616091 0.0935844
0.0379942 0.0469112 0.519765 0.0492142 9.9991E-05 0.283835 0.0621811
9.9964E-05 9.9964E-05 0.875372 0.104009 9.9964E-05 9.9964E-05 0.0202194
9.9982E-05 0.112838 0.663208 9.9982E-05 0.101706 0.00612833 0.11592
0.0257899 0.0281131 0.720025 0.118507 0.00367275 0.102416 0.00147693
0.0169472 0.14401 0.0158939 0.263476 0.328445 0.145164 0.0860638
0.0264988 0.100883 9.9991E-05 0.319148 0.396734 0.00306549 0.153571
0.0504103 9.9964E-05 9.9964E-05 0.562324 0.386866 9.9964E-05 9.9964E-05
0.0431713 0.21174 9.9991E-05 0.201347 0.382301 0.0122517 0.149089
