0.0249086 0.15335 0.801724 0.0200173
0.0224243 0.17053 0.806946 9.9991E-05
0.035495 0.274032 0.675566 0.0149068
0.0205663 0.0525149 0.904587 0.0223317
0.0249159 0.00935982 0.921626 0.0440981
0.00540318 0.0196896 0.900962 0.0739449
9.999E-05 0.0501438 0.907967 0.0417894
0.0316076 9.9982E-05 0.968192 9.9982E-05
0.0336114 0.205521 0.733628 0.0272404
0.0313964 0.251414 0.69344 0.0237492
0.0573006 0.113117 0.615321 0.214262
0.0123862 0.217858 0.70428 0.0654761
0.0599609 0.0732252 0.561715 0.305099
9.999E-05 0.214256 0.682431 0.103212
0.034918 0.244421 0.683019 0.0376416
0.0129679 0.168094 0.807034 0.0119045
9.9982E-05 0.292269 0.707531 9.9982E-05
0.034799 0.0711512 0.89395 9.9991E-05
0.0693062 0.598979 0.138706 0.193008
9.9991E-05 0.747618 0.20762 0.0446626
0.00314382 0.770001 0.218673 0.00818212
9.9991E-05 0.879993 0.0330885 0.0868186
0.0411458 0.958531 9.9991E-05 0.000223005
0.0394238 0.827384 0.124198 0.00899405
9.9982E-05 0.728985 0.270815 9.9982E-05
0.010546 0.955299 0.0340555 9.9991E-05
0.0286859 0.92565 9.9991E-05 0.0455643
0.0236204 0.914174 9.9991E-05 0.0621052
9.9982E-05 0.98715 9.9982E-05 0.0126505
9.9991E-05 0.875048 0.0180143 0.106838
9.9982E-05 0.955753 9.9982E-05 0.0440473
0.044704 0.884779 0.0295732 0.0409436
0.0627947 0.868862 0.0682437 9.9991E-05
0.0757973 0.222154 0.667738 0.0343108
9.9991E-05 0.338133 0.650823 0.010944
9.9991E-05 0.114282 0.812165 0.0734536
0.0546619 0.047626 0.87665 0.0210625
0.0154186 0.157917 0.672461 0.154203
0.9997 9.998E-05 9.998E-05 9.998E-05
0.0398931 0.821468 0.0858436 0.0527956
0.00652967 0.245815 0.638626 0.109029
0.0192753 0.195184 0.785441 9.9991E-05
0.0130471 0.32866 0.465349 0.192944
0.0717745 0.111092 0.46193 0.355203
0.0221105 0.123851 0.571892 0.282147
0.9997 9.998E-05 9.998E-05 9.998E-05
0.08242 0.236401 0.595601 0.0855779
9.9991E-05 0.200676 0.549319 0.249905
0.0538453 0.355984 0.473693 0.116478
0.0361574 9.9991E-05 0.102593 0.861149
0.0438264 0.0271923 0.034375 0.894606
0.00321363 0.0379732 0.0875379 0.871275
0.0428899 0.0204726 0.119046 0.817591
0.0658205 0.0555557 9.9991E-05 0.878524
9.9982E-05 0.097047 9.9982E-05 0.902753
9.9982E-05 9.9982E-05 0.215377 0.784423
0.00322565 0.0421866 0.0755626 0.879025
0.0152561 0.0816695 9.9991E-05 0.902974
0.0417323 9.9991E-05 0.083111 0.875057
0.0322115 9.9991E-05 0.2136 0.754089
9.9982E-05 0.105202 9.9982E-05 0.894598
9.9991E-05 0.0616441 0.128497 0.809759
0.0978406 0.0207404 0.342357 0.539062
0.0148141 0.801973 0.150587 0.0326259
0.0460879 0.839386 0.10514 0.009386
0.0306708 0.925533 0.0436964 9.9991E-05
0.0153496 0.0592883 0.13493 0.790432
0.0777862 9.9991E-05 0.276857 0.645257
0.0183266 0.0161921 0.0988764 0.866605
0.0800778 0.0323605 0.0718484 0.815713
0.0485763 0.0197123 0.0547514 0.87696
9.9982E-05 9.9982E-05 0.650814 0.348986
0.0102694 0.0250341 0.63984 0.324856
0.0262601 0.0115113 0.570288 0.39194
0.0587298 0.0896557 0.55235 0.299264
0.0419244 0.152624 0.525805 0.279646
0.0508716 0.0685238 0.573842 0.306762
0.0267699 0.103127 0.575819 0.294284
9.9982E-05 9.9982E-05 0.208867 0.790933
0.13419 0.041315 0.242818 0.581677
0.0332824 0.0902377 0.0142172 0.862263
0.0511849 0.0983635 9.9991E-05 0.850352
0.0348473 9.9991E-05 0.203636 0.761417
0.0261394 0.771502 0.156262 0.0460962
9.9991E-05 0.164509 0.356542 0.478849
9.9991E-05 0.0218568 0.541246 0.436797
0.9997 9.998E-05 9.998E-05 9.998E-05
9.9982E-05 0.204138 0.795662 9.9982E-05
0.0296457 0.175746 0.794508 9.9991E-05
0.0407327 0.210707 0.702323 0.046237
0.0640359 0.24755 0.583365 0.105049
9.9991E-05 0.125659 0.818359 0.0558818
0.019402 0.0529512 0.472923 0.454724
0.065982 0.598518 0.275922 0.0595775
0.0915578 0.00653651 0.495223 0.406683
0.0329682 0.325057 0.458146 0.183829
0.0121864 0.155176 0.832538 9.9991E-05
9.9991E-05 0.0741033 0.90264 0.023157
9.9982E-05 0.192208 0.807592 9.9982E-05
0.0233388 0.0637075 0.847257 0.0656968
0.0190715 0.119833 0.814764 0.0463309
0.00702953 0.120882 0.871988 9.9991E-05
0.0369744 0.0871436 0.410564 0.465318
0.0830253 0.0823918 0.471138 0.363445
0.0940665 0.0270133 0.46375 0.41517
0.0170822 0.279232 0.58514 0.118546
9.9991E-05 0.18563 0.580621 0.233649
0.000755518 0.445046 0.515063 0.0391354
0.0307326 9.9991E-05 0.138926 0.830241
0.0336904 0.0698684 0.0588277 0.837613
0.0071347 0.276911 0.33072 0.385235
0.0297172 0.1732 0.460007 0.337076
0.0510222 0.376822 0.277891 0.294265
9.9991E-05 0.810627 0.175852 0.0134215
0.0681706 0.101976 0.0410319 0.788821
9.9991E-05 0.0392575 0.146651 0.813991
9.9982E-05 9.9982E-05 0.340821 0.658979
0.0847957 0.528852 0.360524 0.025828
0.00494592 0.280274 0.675379 0.0394008
0.0437204 0.00281855 0.913833 0.0396278
9.9991E-05 0.144882 0.773569 0.0814486
9.9982E-05 0.427894 0.571906 9.9982E-05
9.9991E-05 0.18075 0.798691 0.0204593
0.00401413 0.145966 0.84992 9.9991E-05
0.0157506 0.0836338 0.871498 0.0291173
9.9991E-05 0.354329 0.619775 0.0257963
0.000430863 0.183266 0.816203 9.9991E-05
0.0544653 0.13126 0.814174 9.9991E-05
0.0354444 0.0744398 0.890016 9.9991E-05
0.0125152 0.297996 0.552297 0.137192
0.0329159 0.0860618 0.874001 0.00702126
0.026271 0.295954 0.568382 0.109393
9.9991E-05 0.135779 0.857479 0.0066418
9.9991E-05 0.901539 0.0859787 0.0123822
9.9982E-05 0.975579 0.0242207 9.9982E-05
0.0246649 0.975135 9.9982E-05 9.9982E-05
0.0244454 0.83276 0.0923688 0.0504257
0.00923406 0.897118 9.9991E-05 0.0935481
0.0326854 9.9991E-05 0.832283 0.134932
0.0307743 0.207493 0.761633 9.9991E-05
9.998E-05 9.998E-05 9.998E-05 0.9997
0.0496574 9.9991E-05 0.0877306 0.862512
0.00730598 0.00508311 0.0131898 0.974421
0.00121819 0.0474748 0.208167 0.74314
0.0226757 9.9991E-05 0.0695213 0.907703
9.9982E-05 0.14643 9.9982E-05 0.85337
0.0248417 9.9991E-05 0.00464723 0.970411
9.9982E-05 0.0652151 9.9982E-05 0.934585
9.9982E-05 0.0938456 9.9982E-05 0.905954
0.0268546 0.046639 0.0425834 0.883923
0.0433328 9.9991E-05 0.077534 0.879033
0.0360208 0.0641623 0.0484418 0.851375
0.0226081 0.0390552 0.108658 0.829679
0.0189116 0.0551711 9.9991E-05 0.925817
0.0335502 9.9991E-05 0.0692243 0.897126
0.0183877 9.9991E-05 0.00907269 0.97244
0.0291004 0.0884192 9.9991E-05 0.88238
0.0201913 0.0478909 0.551817 0.3801
0.0258019 0.0361902 0.719667 0.218341
9.9982E-05 9.9982E-05 0.0717502 0.92805
0.0371565 9.9991E-05 0.226065 0.736678
0.00834408 0.0184841 9.9991E-05 0.973072
0.0024867 0.00187505 0.643221 0.352417
0.0330265 0.0077875 0.959086 9.9991E-05
0.043312 0.28134 0.675248 9.9991E-05
9.9991E-05 0.547431 0.423121 0.0293479
9.9991E-05 0.679847 0.30382 0.0162329
0.0112669 0.906526 0.0723751 0.00983243
9.9991E-05 0.881242 0.0706464 0.0480119
0.0238436 0.809076 0.16698 9.9991E-05
0.0379726 0.822129 0.0956773 0.0442213
0.0445062 0.821081 0.0481746 0.086238
0.0311154 0.820957 0.0767227 0.0712052
0.00237679 0.144088 0.827044 0.0264913
0.0792631 0.105207 0.770872 0.0446583
0.0356494 9.9991E-05 0.91042 0.0538304
9.9982E-05 9.9982E-05 0.97142 0.0283802
0.038183 9.9982E-05 0.961617 9.9982E-05
9.9982E-05 9.9982E-05 0.930141 0.069659
0.0124376 0.287093 0.698049 0.00242033
0.00714957 0.213837 0.710408 0.0686054
0.0520956 0.0721113 0.846169 0.0296239
0.0241084 0.264222 0.659556 0.0521134
0.0386067 0.109584 0.787932 0.0638766
0.144265 0.662029 0.115485 0.078221
0.0250766 0.035188 0.0779595 0.861776
0.0446831 0.0981013 9.9991E-05 0.857116
0.00131643 0.0415171 9.9991E-05 0.957066
9.9991E-05 0.0195473 0.173103 0.807249
0.0358391 0.097925 9.9991E-05 0.866136
0.0390541 0.297324 0.52681 0.136812
0.0289128 0.331829 0.633011 0.00624748
0.0531782 0.111259 0.827902 0.00766052
0.0685356 0.289042 0.636788 0.00563441
