0.0223052 0.717801 0.111519 9.9991E-05 0.148276
0.0226654 0.715708 0.140278 9.9991E-05 0.121248
0.00926851 0.587871 0.183368 0.00814684 0.211346
9.999E-05 0.737472 0.212081 0.0367048 0.0136418
0.0054985 0.932742 9.9982E-05 0.0615595 9.9982E-05
0.00189155 0.748269 0.181207 0.0685315 9.9991E-05
9.9991E-05 0.606926 0.336042 0.0179948 0.0389367
0.0559081 0.737585 0.206307 9.9982E-05 9.9982E-05
0.0220706 0.567004 0.123746 0.0832083 0.203972
0.0384057 0.47661 0.315316 9.9991E-05 0.169568
0.0697192 0.232495 0.537162 0.059001 0.101622
0.0146838 0.48956 0.266848 0.000139454 0.228768
0.0444077 9.9991E-05 0.887755 0.0450572 0.0226804
9.999E-05 0.445263 0.253764 0.0712682 0.229604
0.0283412 0.734224 9.9991E-05 0.100102 0.137233
0.0287877 0.631008 0.265012 9.9991E-05 0.0750924
0.00943562 0.624217 0.087446 0.0406646 0.238237
0.0278903 0.821512 0.0593748 9.9991E-05 0.0911224
0.0492813 0.0125827 0.310724 0.0867645 0.540648
9.9982E-05 0.072422 0.250273 9.9982E-05 0.677105
0.0238594 0.251441 0.058957 9.9991E-05 0.665643
0.0129984 0.108754 0.0607379 0.0317853 0.785724
0.0511334 9.9982E-05 9.9982E-05 0.0258073 0.922859
0.0532481 0.129763 9.9991E-05 0.019776 0.797113
9.9982E-05 0.218903 0.0979802 9.9982E-05 0.682916
0.0190601 0.0512141 9.9982E-05 9.9982E-05 0.929526
0.0197914 9.9982E-05 9.9982E-05 0.0725501 0.907459
0.00670497 9.9991E-05 0.052402 0.0696585 0.871135
9.9982E-05 0.0897108 9.9982E-05 0.0148771 0.895212
9.9982E-05 0.0540579 9.9982E-05 0.114755 0.830988
9.9982E-05 0.00977786 9.9982E-05 0.0613674 0.928655
0.0504126 0.0550117 9.9991E-05 0.0642923 0.830183
0.0729877 0.0551819 0.000998445 0.0204678 0.850364
0.0727271 0.425346 0.339162 9.9991E-05 0.162665
0.00187138 0.710089 9.9991E-05 0.0464467 0.241493
9.9991E-05 0.767142 0.078244 0.0743807 0.0801336
0.0470181 0.722148 0.152406 0.0421173 0.0363104
9.9991E-05 0.434597 0.326922 0.0464465 0.191934
0.9996 9.997E-05 9.997E-05 9.997E-05 9.997E-05
0.0120767 9.9982E-05 0.24985 9.9982E-05 0.737874
9.9982E-05 0.685405 9.9982E-05 0.149066 0.165329
0.0212082 0.585764 0.226115 9.9991E-05 0.166813
0.0102565 0.274161 0.318564 0.102933 0.294086
0.0604738 0.105448 0.658169 0.0979758 0.0779342
0.0264203 9.9982E-05 0.971411 9.9982E-05 0.00196851
0.9996 9.997E-05 9.997E-05 9.997E-05 9.997E-05
0.08678 0.444774 0.247754 0.0531186 0.167573
9.9991E-05 0.293643 0.530932 0.109718 0.0656074
0.0365934 0.250207 0.273138 0.078445 0.361617
0.0277878 0.0426112 0.124601 0.787308 0.0176919
0.0258909 9.9991E-05 0.164338 0.79747 0.0122005
0.00294462 0.186534 9.9982E-05 0.810322 9.9982E-05
0.0622269 0.0109286 0.212541 0.686008 0.0282955
0.0371525 0.0482313 9.9991E-05 0.826264 0.0882521
9.9982E-05 0.0303405 9.9982E-05 0.884952 0.0845078
9.9982E-05 0.225531 0.0320463 0.742222 9.9982E-05
0.0231481 0.0494774 0.0693533 0.815219 0.0428026
0.0219332 9.9982E-05 9.9982E-05 0.870928 0.106939
0.0342837 0.0820085 0.0685793 0.815028 9.9991E-05
0.0361448 0.117121 0.20975 0.636884 9.9991E-05
9.9982E-05 9.9982E-05 0.0136182 0.857226 0.128956
0.0177569 9.9991E-05 0.242447 0.656651 0.0830451
0.0689073 0.0252622 0.590306 0.315425 9.9991E-05
0.0239583 0.151895 9.9991E-05 0.081118 0.742929
0.0190105 0.170374 0.00297635 0.0214964 0.786142
0.0211122 0.159241 9.9982E-05 9.9982E-05 0.819447
0.0030543 0.0609141 0.202825 0.691182 0.0420251
0.0956913 0.0053306 0.342771 0.556108 9.9991E-05
0.0108316 0.0894945 0.11868 0.768675 0.0123186
0.0424597 9.9991E-05 0.218426 0.705951 0.0330626
0.0358686 0.111892 0.0146852 0.837454 9.9991E-05
0.00803402 0.148629 0.697574 0.145662 9.9991E-05
0.00296783 0.052269 0.929721 0.014942 9.9991E-05
0.00821699 9.9982E-05 0.897552 0.0940309 9.9982E-05
0.0441492 9.9973E-05 0.955551 9.9973E-05 9.9973E-05
0.0345324 9.9982E-05 0.918055 9.9982E-05 0.0472126
0.0335569 9.9982E-05 0.935037 0.031206 9.9982E-05
0.0258606 0.0860193 0.712418 0.0549246 0.120778
9.9982E-05 0.118032 0.18394 0.697828 9.9982E-05
0.121722 0.0749622 0.319569 0.449154 0.0345929
0.025363 9.9991E-05 0.204179 0.707266 0.0630923
0.0527764 9.9991E-05 0.0358203 0.776632 0.134671
0.0296862 0.202817 0.0460809 0.721316 9.9991E-05
0.0151286 9.9991E-05 0.23836 0.00822807 0.738183
9.9991E-05 0.0146382 0.536211 0.286447 0.162604
9.9973E-05 9.9973E-05 0.869331 0.130369 9.9973E-05
0.9996 9.997E-05 9.997E-05 9.997E-05 9.997E-05
9.9982E-05 0.557799 0.2368 9.9982E-05 0.205201
0.0303078 0.714429 0.11021 9.9991E-05 0.144953
0.0379904 0.534224 0.269557 0.0446687 0.11356
0.0450454 0.365931 0.239626 0.101158 0.248239
9.9991E-05 0.781969 0.141088 0.0619856 0.014858
9.9991E-05 0.0200135 0.780703 0.195725 0.00345812
0.0343545 0.0696719 0.285512 9.9991E-05 0.610362
0.0942501 0.0435566 0.651067 0.211026 9.9991E-05
0.0304899 0.242742 0.445778 0.0442456 0.236744
0.00107635 0.719009 0.10468 9.9991E-05 0.175135
9.9982E-05 0.644171 0.315333 9.9982E-05 0.0402964
9.9982E-05 0.421128 0.41239 9.9982E-05 0.166282
0.00805551 0.550938 0.418627 0.0222797 9.9991E-05
0.0234236 0.626054 0.338981 9.9991E-05 0.0114412
9.9982E-05 0.580658 0.314618 9.9982E-05 0.104524
0.01274 0.103076 0.597084 0.264891 0.0222086
0.0582301 0.152479 0.533908 0.232878 0.0225048
0.0761226 9.9982E-05 0.756603 0.167075 9.9982E-05
0.000385568 0.101213 0.703148 9.9991E-05 0.195153
9.9991E-05 0.194248 0.640826 0.0618681 0.102957
9.9991E-05 0.422141 0.0903367 0.0607619 0.426661
0.0245824 0.188441 9.9982E-05 0.786777 9.9982E-05
0.0236794 9.9982E-05 0.288281 0.68784 9.9982E-05
0.00022239 0.0177427 0.60119 0.215032 0.165813
0.0451528 0.140104 0.548714 0.15639 0.109639
0.0522214 0.051706 0.407099 0.185979 0.302995
9.9973E-05 9.9973E-05 0.257252 9.9973E-05 0.742448
0.0422289 9.9991E-05 0.2359 0.669825 0.0519462
9.9973E-05 9.9973E-05 0.312663 0.687037 9.9973E-05
9.9982E-05 0.0634381 0.440041 0.496321 9.9982E-05
0.052633 0.32058 0.102878 0.0392874 0.484621
0.00480024 0.761699 9.9991E-05 0.0424973 0.190904
0.0295631 0.713793 0.211596 0.0449475 9.9991E-05
9.9991E-05 0.769335 0.049851 0.127327 0.0533867
9.9982E-05 0.469018 0.103652 9.9982E-05 0.427129
0.0169895 0.664662 0.169135 9.9991E-05 0.149114
9.9991E-05 0.72889 0.0986864 0.0288152 0.143508
0.0263247 0.866283 9.9991E-05 0.0998397 0.00745248
9.9991E-05 0.519596 0.0819299 0.0308391 0.367534
0.00865119 0.70074 0.183556 9.9991E-05 0.106952
0.0407924 0.584332 0.225554 9.9991E-05 0.149221
0.0315461 0.70252 0.200472 9.9991E-05 0.0653623
0.0145988 0.459851 0.293931 0.0403408 0.191278
0.0452481 0.712461 0.183319 0.058872 9.9991E-05
0.00283456 0.311938 0.464356 9.9991E-05 0.220772
9.9991E-05 0.804437 0.0405711 0.0689913 0.085901
9.9973E-05 9.9973E-05 0.144557 9.9973E-05 0.855143
9.9973E-05 9.9973E-05 0.0461019 9.9973E-05 0.953598
0.0359744 0.0622945 9.9982E-05 9.9982E-05 0.901531
0.0170805 0.175227 0.0185582 0.0614898 0.727645
0.0119287 0.0200727 0.0841831 0.0539783 0.829837
0.0214551 0.62647 0.289831 0.0621445 9.9991E-05
0.0307728 0.674068 0.185879 9.9991E-05 0.109181
9.9973E-05 9.9973E-05 0.0610535 0.938647 9.9973E-05
0.0330568 0.0372538 0.0314973 0.808075 0.0901172
9.9982E-05 0.102206 9.9982E-05 0.889834 0.00776053
9.9982E-05 9.9982E-05 0.238976 0.685221 0.0756033
0.0289873 0.0384999 0.078553 0.85386 9.9991E-05
0.00929392 9.9982E-05 9.9982E-05 0.794538 0.195968
0.0184868 0.00895139 0.0897215 0.88274 9.9991E-05
9.9973E-05 9.9973E-05 9.9973E-05 0.870078 0.129623
9.9991E-05 0.0119479 0.109287 0.837877 0.0407885
9.9982E-05 9.9982E-05 0.0446345 0.832885 0.122281
0.0327116 0.0805115 0.0511856 0.835491 9.9991E-05
0.0298361 0.0300522 0.0787046 0.790949 0.0704585
0.0156991 0.045767 0.0218042 0.783184 0.133546
0.00329453 0.00419867 0.0141768 0.887652 0.0906778
0.01604 0.0114312 0.124183 0.809142 0.0392035
0.0187258 0.116254 9.9982E-05 0.86482 9.9982E-05
9.9982E-05 0.050043 9.9982E-05 0.855206 0.0945509
9.9982E-05 0.0279658 0.865942 0.105892 9.9982E-05
9.997E-05 9.997E-05 0.9996 9.997E-05 9.997E-05
9.9982E-05 0.0424919 0.0811301 0.876178 9.9982E-05
0.0164713 0.267844 9.9982E-05 0.715485 9.9982E-05
0.00797709 9.9991E-05 0.0883017 0.85279 0.0508311
9.9982E-05 0.181668 0.664601 0.153531 9.9982E-05
0.0286235 0.850105 0.107047 0.0141243 9.9991E-05
0.0281329 0.719335 9.9991E-05 0.0202961 0.232136
9.9982E-05 0.298627 0.224864 9.9982E-05 0.476309
9.9982E-05 0.225469 0.175467 9.9982E-05 0.598864
0.0108116 9.9982E-05 0.20614 9.9982E-05 0.782848
9.9991E-05 0.041326 0.0491271 0.0266111 0.882836
0.0101198 0.135598 0.110589 9.9991E-05 0.743594
0.0304711 0.0609599 0.091295 0.0151811 0.802093
0.0462702 9.9991E-05 0.147734 0.0721815 0.733714
0.063449 9.9991E-05 0.0461321 0.051659 0.83866
9.9991E-05 0.755208 0.0963858 0.0423793 0.105927
0.0583421 0.772678 0.0477522 0.07733 0.0438974
0.0339833 0.767991 0.124781 0.0731446 9.9991E-05
9.9982E-05 0.753713 0.223501 0.0225851 9.9982E-05
0.0227493 0.795118 0.181933 9.9982E-05 9.9982E-05
9.9973E-05 0.589127 0.410573 9.9973E-05 9.9973E-05
9.9982E-05 0.506041 0.307242 9.9982E-05 0.186517
0.0185296 0.47484 0.249247 0.0515781 0.205805
0.0604742 0.53463 0.327121 9.9991E-05 0.0776752
0.0198719 0.536897 0.249774 9.9991E-05 0.193357
0.0129589 0.597597 0.173522 0.0587176 0.157204
0.142145 0.0463184 0.133983 0.0569592 0.620594
0.0177834 9.9991E-05 0.174954 0.769454 0.0377087
0.0623055 9.9991E-05 0.120715 0.778235 0.038645
9.9982E-05 9.9982E-05 0.167771 0.791121 0.0409083
0.0138861 0.0735478 0.176882 0.68396 0.0517242
0.0233955 0.108584 9.9991E-05 0.782025 0.085896
0.0391619 0.455835 0.168658 0.0792375 0.257107
0.0150862 0.502123 0.181214 9.9991E-05 0.301476
0.0587051 0.751506 9.9991E-05 0.0338476 0.155842
0.0200285 0.273055 0.437346 9.9991E-05 0.26947
