0.18648 9.9991E-05 0.81342
0.149822 9.9991E-05 0.850078
0.219548 0.0058865 0.774566
0.0611386 0.0194211 0.91944
0.0826084 0.0189301 0.898461
9.99924E-05 0.0556665 0.944234
0.0508955 0.0630774 0.886027
0.0839074 9.9991E-05 0.915993
0.193601 0.104285 0.702114
0.319272 0.0471597 0.633569
0.14299 0.200826 0.656184
0.284681 0.0736081 0.641711
0.0772569 0.320466 0.602277
0.271311 0.093447 0.635241
0.32868 0.0853628 0.585957
0.174868 9.9991E-05 0.825032
0.305487 9.9991E-05 0.694413
0.121215 9.9991E-05 0.878685
0.638643 0.176253 0.185104
0.751576 9.9991E-05 0.248324
0.758043 9.9991E-05 0.241857
0.917473 0.0501433 0.0323833
0.979407 0.0204932 9.9991E-05
0.887878 0.00874677 0.103376
0.74355 0.00611141 0.250338
0.964307 9.9991E-05 0.0355933
0.93566 0.0642398 9.9991E-05
0.986159 0.0137411 9.9991E-05
0.9998 9.999E-05 9.999E-05
0.917813 0.0662629 0.0159242
0.976778 0.0231219 9.9991E-05
0.974394 0.0244404 0.00116585
0.980704 0.000187228 0.0191084
0.278889 0.00168033 0.719431
0.287657 9.9991E-05 0.712244
0.156351 0.0607167 0.782932
0.16254 0.0283395 0.809121
0.207544 0.0961568 0.696299
0.616146 0.383754 9.9991E-05
0.85172 0.0686552 0.0796249
0.271603 0.0819765 0.646421
0.195683 9.9991E-05 0.804217
0.335694 0.200026 0.464279
0.171317 0.332956 0.495727
0.0233823 0.285665 0.690953
0.638861 0.361039 9.9991E-05
0.360063 0.0729132 0.567024
0.208509 0.200691 0.5908
0.427246 0.116586 0.456168
0.0772898 0.839845 0.082865
0.0309889 0.920483 0.0485282
0.0466903 0.841962 0.111348
0.0201151 0.856649 0.123236
0.0795147 0.920385 9.9991E-05
0.0954692 0.881873 0.0226577
9.9991E-05 0.778043 0.221857
0.0513929 0.912232 0.036375
0.0782689 0.921631 9.9991E-05
9.9991E-05 0.889044 0.110856
9.9991E-05 0.748636 0.251264
0.0893167 0.910583 9.9991E-05
0.0961602 0.830592 0.0732481
0.0570016 0.550769 0.39223
0.880022 0.0477761 0.0722018
0.848183 0.0208136 0.131003
0.95095 9.9991E-05 0.0489504
0.0265156 0.829727 0.143758
0.0640466 0.70841 0.227543
0.0392212 0.807545 0.153233
0.0913221 0.857398 0.0512801
0.0940046 0.905895 9.9991E-05
9.9991E-05 0.330948 0.668952
0.0207218 0.332414 0.646864
9.9991E-05 0.36022 0.63968
0.044201 0.285254 0.670545
0.202537 0.294217 0.503247
0.0839619 0.338921 0.577117
0.133725 0.278864 0.587411
9.9991E-05 0.755797 0.244103
0.0496037 0.628055 0.322341
0.050466 0.848791 0.100743
0.125834 0.874066 9.9991E-05
9.9991E-05 0.7984 0.2015
0.794931 0.0200337 0.185036
0.18265 0.496713 0.320637
9.9991E-05 0.384119 0.615781
0.621287 0.378613 9.9991E-05
0.144199 9.9991E-05 0.855701
0.245509 9.9991E-05 0.754391
0.219839 0.0583964 0.721765
0.322598 0.126299 0.551103
0.170663 0.0589556 0.770381
9.9991E-05 0.437145 0.562755
0.695084 0.0547057 0.250211
0.0279679 0.441513 0.530519
0.358578 0.147313 0.494109
0.244806 9.9991E-05 0.755094
0.0915747 0.00213695 0.906288
0.144532 9.9991E-05 0.855368
0.0216126 0.0997502 0.878637
0.0199563 0.039943 0.940101
0.0776897 9.9991E-05 0.92221
0.0949473 0.454997 0.450056
0.118321 0.357639 0.52404
0.0887586 0.432219 0.479023
0.235647 0.13296 0.631393
0.19215 0.210239 0.597612
0.533325 9.9991E-05 0.466575
0.0445783 0.82659 0.128832
0.0641033 0.857741 0.0781554
0.161559 0.37011 0.468331
0.157555 0.339844 0.502601
0.370137 0.342142 0.287721
0.857243 0.015389 0.127368
0.106415 0.821387 0.0721974
0.012283 0.825964 0.161753
9.9991E-05 0.643786 0.356114
0.616313 0.0479875 0.335699
0.340036 0.0258732 0.634091
0.0999584 0.0492432 0.850798
0.0994524 0.0811229 0.819425
0.41262 9.9991E-05 0.58728
0.243459 9.9991E-05 0.756441
0.135859 0.0337608 0.83038
9.9991E-05 0.0448925 0.955008
0.448708 0.00852758 0.542765
0.167311 9.9991E-05 0.832589
0.232626 0.0126404 0.754734
0.127381 9.9991E-05 0.872519
0.376283 0.132031 0.491685
0.094319 0.0507315 0.854949
0.297811 0.0510973 0.651092
0.0951943 9.9991E-05 0.904706
0.958898 0.00499531 0.0361071
0.975207 9.9991E-05 0.0246933
0.983224 9.9991E-05 0.0166761
0.867445 0.0311886 0.101366
0.926858 0.0489204 0.0242217
9.9991E-05 0.11352 0.88638
0.249047 0.00532655 0.745627
9.999E-05 0.9998 9.999E-05
0.0735723 0.861142 0.065286
0.014857 0.974297 0.0108457
0.0734906 0.773412 0.153098
9.9991E-05 0.930077 0.0698234
0.124041 0.875859 9.9991E-05
9.9991E-05 0.975292 0.0246075
0.06098 0.93892 9.9991E-05
0.0600228 0.897891 0.0420858
0.0964588 0.903441 9.9991E-05
9.9991E-05 0.932419 0.0674809
0.0740442 0.839124 0.0868319
0.0504523 0.86072 0.088828
0.0714183 0.928482 9.9991E-05
0.0360504 0.945616 0.0183336
9.9991E-05 0.981271 0.0186294
0.0811336 0.918766 9.9991E-05
0.0276242 0.408364 0.564012
0.0430971 0.245417 0.711486
9.9991E-05 0.939523 0.0603772
9.9991E-05 0.729898 0.270002
0.0440233 0.955877 9.9991E-05
9.9991E-05 0.344908 0.654992
9.999E-05 9.999E-05 0.9998
0.235083 9.9991E-05 0.764817
0.533552 0.021878 0.44457
0.76884 0.0022632 0.228897
0.907164 9.9991E-05 0.0927359
0.955898 0.0440018 9.9991E-05
0.830268 9.9991E-05 0.169632
0.856469 0.00787724 0.135654
0.900169 0.0997309 9.9991E-05
0.951888 0.0394301 0.00868162
0.142105 0.0364164 0.821478
0.204105 0.0586353 0.737259
0.0367291 0.0202777 0.942993
9.999E-05 9.999E-05 0.9998
0.00116815 9.9991E-05 0.998732
9.9991E-05 0.0653245 0.934576
0.290085 9.9991E-05 0.709815
0.206946 0.0762307 0.716823
0.121648 0.00410638 0.874245
0.216051 0.0642246 0.719725
0.166272 0.0390723 0.794655
0.831824 0.118976 0.0491997
0.0298439 0.845864 0.124293
0.131481 0.868419 9.9991E-05
9.999E-05 0.9998 9.999E-05
9.9991E-05 0.774416 0.225484
0.124893 0.874954 0.000152272
0.340986 0.141372 0.517642
0.328167 9.9991E-05 0.671733
0.228567 9.9991E-05 0.771333
0.276833 0.033975 0.689192
