IBR/IBR_outputs/all.combrep_1/FireFreq_2000_2008_Total.Silt_Total.WeatheringIndex_Total/FireFreq_2000_2008_Total.Silt_Total.WeatheringIndex_Total.asc
NCOLS 160 
NROWS 95 
XLLCORNER 210004.651214014 
YLLCORNER 7350008.22228844 
CELLSIZE 4999.99999999997 
NODATA_value -9999 
[rows 63 to 83 of 95, columns 0 to 45 of 160]
-9999 -9999 -9999 -9999 -9999 24.8592016826054 24.9470765201356 24.795263316737 22.2285999071578 20.9353995231296 21.6045656714413 21.9452803318974 26.5012045897544 25.315256416799 31.6173370826356 88.0840836720151 254.751667401512 205.35379919994 277.733754525213 326.864728677977 188.802096591308 49.0412838080273 26.5623513966679 24.336621310175 28.8294575031062 27.3061221670095 25.3293305888471 25.4607365375784 24.1088169105339 25.3555715763064 27.3304435580314 24.9015980251238 24.9299007568585 20.8064013691409 22.0154800337614 25.6414996102032 26.4992129594624 26.5754055079913 24.4745298385202 30.5409985589046 28.6250554081964 27.6493883576553 27.0685553171424 27.6292468426408 29.0360831306335 28.9298862379739
-9999 -9999 -9999 -9999 -9999 23.912100283739 24.8422307772162 22.8446344464323 23.1540310141979 20.9763521801831 20.8284721278005 20.7854084839997 23.561052562003 24.8238998764179 24.9104904665827 26.1104617910879 31.7011459263387 47.2001401554863 100.791417042446 87.701285481222 34.1792290046336 28.9153285076824 31.5374096729869 24.7384244511194 25.8804469861477 24.3286910968833 23.104686865847 24.199248279212 25.1217660984416 25.0127813329975 26.6893925806435 25.2068227269819 22.8633106052166 25.2122017649749 25.6888038357382 26.3170012249451 26.3164368639275 26.7322985793569 25.9629088382507 28.0067566830711 28.3531676404085 29.2538817918067 31.2874886861645 27.9459743154431 28.9682274297557 27.8319617009994
-9999 -9999 -9999 -9999 -9999 23.3480304980735 22.5408917002021 23.8502450975245 24.3882217696088 21.8699227869859 20.8510776418322 20.8356567299334 22.042954445511 24.6310854861294 24.8163061198602 24.9454119270777 24.8333477161795 24.9587283116545 25.0172317312389 24.9188647864858 25.2428588678566 25.5890041364286 21.9728702289491 21.05123318509 21.4707284639533 20.3697034404975 21.2443316728593 23.3637054158007 23.2724535080588 25.5441074071821 26.0701989321485 25.9193330127773 26.8288830037058 26.8743123304888 25.4995145368371 26.3860974359176 26.4833471341779 26.9116763825488 26.4181577477618 28.3248446604229 26.5310513092249 31.2296694858084 28.6152046809046 25.6017076702429 27.0567077007823 27.2505858951862
-9999 -9999 -9999 -9999 -9999 21.6642953348996 21.157697184216 22.1201442313466 21.2085309734758 23.7390624130831 21.2948127822134 21.5222102384876 21.9925174008356 23.322106151672 24.7825856785719 25.1021148967339 24.9797963805306 24.9807379591226 24.9642395495174 24.0708834683925 23.3425705617457 25.313799545244 22.4162485969425 21.3974563760048 21.731815897495 21.0730051662847 21.6749705710253 23.990540554085 24.5855287623624 25.8673080482058 25.9182673282964 26.0647339090406 25.6435238071977 24.4507873227394 24.232083706985 26.7890791214994 26.8411480109926 27.2108866636185 27.5622680823383 25.6401125715332 25.6584289007474 26.8454779127393 34.3267311894202 34.372877298149 30.5470007244669 27.9807793324886
-9999 -9999 -9999 -9999 -9999 22.5149511130465 20.9621200889927 23.328622966194 22.6834459133969 21.8373814770777 24.8725987490629 25.0265181587489 23.7412080106376 24.6662533119629 24.7855488821005 24.8589868663953 24.8912980258202 24.8633968613705 22.4463607338457 21.2860871570488 23.0406080630231 25.2635748366837 23.9171907769169 24.8554639678669 22.2934942106109 22.6054346004937 22.9454516640825 22.5877918275387 22.1283965048865 23.9488067371184 25.9223580793167 25.738945780768 22.8480976860636 23.7930579601037 23.5255275384853 27.295161281517 26.6046467553399 27.0076957703989 28.5865261824417 28.1101069024816 27.7840445256052 27.3930201579459 27.8737701766301 30.4662752812263 34.0043556009367 35.1691064061408
-9999 -9999 -9999 -9999 -9999 24.0412075973569 22.5036250843576 24.5641366594519 24.7484870131797 23.2057846266395 25.0544261792774 24.6064721136963 21.9218831908215 23.3500385703789 24.7848174624273 24.8433979761688 24.6206698699315 24.9663127194909 22.8270181535439 23.5981995906153 24.3813916965995 26.7167837256555 26.4950554915128 23.9524082747396 23.3899063856812 23.891498268945 24.9251036566961 23.1511616170975 23.3585919555909 22.4721555517468 23.7822894060244 25.9274694159252 27.2754176299049 26.8038622330277 23.5930212834029 25.3687936553992 28.2672293725305 28.0607361633372 29.1338172833209 28.3325445822173 28.0523761961077 27.6945627670114 27.4519135711152 30.9384243214442 28.7964825799741 28.8309140218482
-9999 -9999 -9999 -9999 -9999 24.8045155040361 24.7641108281732 24.7660672203637 24.9831354810512 25.0276278671504 24.8440950465825 24.7905289450302 23.9371032750372 22.6925582743993 24.2363300398072 24.8572058384559 24.877793466361 24.8682768358193 24.9941013419274 25.5162272572255 26.7424242078137 27.7866729343866 25.5862350935443 23.0960547476314 22.8049873024603 23.054365801263 25.9602842828345 25.1601248345507 23.7563444130284 23.959498502935 24.198638980776 25.9297193864509 26.8589016677799 26.3297789752183 26.4903625868653 28.1277552157135 28.1706962254261 28.3913107913526 28.6196101642389 28.6327471109338 28.238886320544 27.8229114564407 27.2828791447362 26.9680010018159 28.1131808844296 29.1474465494315
-9999 -9999 -9999 -9999 -9999 24.8806978940392 24.7959346941964 24.8689892288433 24.9916405652704 24.961171005286 24.8083948852058 24.8156668310147 24.6409687635811 23.6329100945919 22.2330099574967 24.6028688467357 24.9594376340436 25.3695565756447 25.8467700749512 25.3481780469927 26.6006956533135 27.3391704778093 26.7111328239342 23.1939569640901 24.0488851330343 23.9478625520669 23.399390901504 25.3214464994752 23.0827845288917 23.0327230926098 25.6918844028307 25.4059272934961 26.2449493793773 25.85305064878 26.4330425333113 27.1931194180234 27.4913953180927 28.3226462847516 26.2039427681287 26.5075355754782 28.3140167953072 28.2297469891581 27.7017244943027 27.1277077360754 27.6107505351643 31.2949827495231
-9999 -9999 -9999 -9999 -9999 24.7869532777455 24.9014435256961 24.8779185094849 24.8826113880405 24.9505367856985 24.8328936347518 24.7909785971207 24.6365927083088 22.8515188951288 21.3569391207659 24.113273742275 25.2930732637641 25.8116856250584 26.0179794560599 25.9151144536327 27.2271598742989 27.6995296710808 27.2044665934054 26.4708798338585 24.0309169115875 24.9315631065055 24.2941378755165 24.2727304209236 23.7328951990586 25.0605403229381 29.3834382844115 25.5377600546596 23.3533447403143 26.7067889854467 27.594557965219 27.6104643572727 27.4375643928186 27.2740591337907 26.043479270188 26.1941732302525 28.0311742447986 28.2011976276244 28.3497339479558 27.6703458613628 27.1270010093045 27.3643930426974
-9999 -9999 -9999 -9999 -9999 24.8419518967595 24.8754072412448 24.8943139472756 24.8707183317474 24.8377538226371 24.8390560483105 24.8113504464095 24.770983534373 22.0258601947947 20.762934769141 24.3578471292024 24.8363762068573 25.0188442853677 25.7296691212108 24.8438092359992 24.1839190190706 26.6932224006787 26.6080762214842 24.767946406596 22.9804991937843 25.1785082899066 24.1541017123479 25.0960156464945 25.114037395884 24.2067572520045 29.1032081373798 27.0938775843548 24.7935099456087 26.4542115777682 29.1280635334984 27.5192069223358 30.9521809666151 26.5352232936803 26.6016771133988 28.0678257366657 27.1919171478917 28.7115876196787 28.3416010650469 27.8079149241459 27.3071381740794 27.1202159033457
-9999 -9999 -9999 -9999 -9999 22.6280189440537 24.6181844484709 24.8891878383118 24.8712457976737 24.8120079379509 24.7757243841944 24.7846984735044 24.7868853456556 22.8672680810871 22.8839552715209 24.4311400925702 24.9058239639164 24.8188545221808 25.9272152294646 25.2640193307393 25.0987774268438 25.966517481169 26.9546245894751 25.1261177729038 23.9183527816568 24.044040852522 24.3379083219363 26.0243343799019 26.8309933224165 28.2398291991524 30.0182913387217 29.6552520386599 27.2915655122675 25.3962646515241 29.4983597307045 26.4604182154137 27.6050790186712 27.085760062334 26.3800229465387 27.3350596283721 26.1048718095968 30.2698500183575 27.9480204322124 27.3115082383644 27.6222993798898 28.5298076213723
-9999 -9999 -9999 -9999 -9999 24.879025826808 24.8784685941588 24.8834833284545 24.8855616743763 23.2158918789214 24.7550686877386 24.7955384104867 24.7814059969494 24.8573517110817 24.388330849989 23.9717329984184 24.4481495320461 24.6086553825169 23.6571773656928 23.6041979442748 25.2176676095547 25.340315198022 24.1691959848585 24.6858570648696 24.2283839082572 25.0485196036381 25.6523601312664 27.0725529004765 27.5612939952412 27.3425923938018 30.2508330416732 29.0992236303681 29.6363568825367 27.4820257598943 25.1370356742926 26.4627277222 26.2048346356089 25.9820986267844 26.6916598153118 31.4307680710823 28.6454955606068 27.0114568921567 29.8644442836958 27.9033820404581 27.3149515372542 27.6552652734964
-9999 -9999 -9999 -9999 -9999 24.3735412714594 24.5230887497838 24.2201753233978 24.9318311731159 25.0348578964736 24.984314566328 24.8004527256513 24.4940184251787 23.8429100986244 23.5328904590056 23.1796658022031 23.1033870486797 22.8755554361415 23.5519770531024 21.6865073237211 21.5133641419349 24.6727666435134 24.2249802295937 25.2512613303067 26.2401271347726 26.1639938306932 27.5096976353327 27.4087152358399 27.7235292148942 27.7523121995139 28.5673975949227 29.3683438878423 26.9209664128534 29.8658319987616 30.1373941519737 28.50933728758 26.4137082949089 25.1170355940526 26.4721068816547 26.7508951911538 29.2502575683321 27.2909000950528 27.9180759907836 29.0997057109001 27.5156600235533 27.3621925777678
-9999 -9999 -9999 -9999 -9999 25.2829024316509 24.0985879681784 25.248761367705 24.9979127431911 25.0053772535914 24.9909767157761 24.7758343066713 23.7718421152714 20.7955704488153 23.4299995033818 24.0196175685066 23.4006284254618 21.8217530539637 24.0944654037808 24.071789678763 23.9979356054182 25.3650196633277 25.5949675334268 26.1752128135741 26.4265814835979 27.5170813168094 27.3584824564916 27.4809146367389 27.9285163716266 27.172930844118 26.8519669444936 28.9992854594244 28.1936093713836 30.8289842652699 29.7220336584737 30.0420768890389 27.2313403950629 28.21634401848 27.1549174586439 31.3626344421361 27.4539748933902 31.0044798135926 26.8659910131243 28.5923593280704 33.193784602264 27.7850997107772
-9999 -9999 -9999 -9999 -9999 24.9240666263908 24.9990704922812 25.0754092231812 25.0020216548724 25.0082885586284 24.1848968419889 22.1267163166698 21.296903064271 22.3864186877674 23.1369701607728 24.3532123925318 24.6595728437702 21.4553679084263 22.8482511894951 23.8661164831867 23.2634282734673 23.5923577590071 23.3891533565297 24.9761636181206 27.5806099918566 27.8407373816299 27.2861695318308 27.0823654738626 27.8093263111225 27.2703150115359 26.1438871956656 26.0014671117609 29.031502016185 29.0637535794951 27.9193497479892 28.8861972567093 26.2339595160186 27.9561850490435 26.1221530569307 29.6528784832999 29.238820769895 26.2692331712773 27.4883560304074 28.7884198331887 32.6776658810584 30.8954864490246
-9999 -9999 -9999 -9999 -9999 24.2062751772298 24.8798671680936 24.5575425769842 22.7676322933786 24.84663440283 24.9021029028656 24.3923633167784 23.59011686767 24.5031350318385 24.8793557257086 22.7388449889475 22.2290519876529 24.4143369533215 24.7556098441526 24.5980464417677 22.601232778474 23.3665964577707 22.364150048402 21.8232560486812 27.4172771216781 27.7146502974036 27.8360912242396 27.8952816034973 27.3465268828735 27.4213113296501 25.6987355448197 25.4923626281868 28.53851185632 31.373927803803 28.6450794272337 27.0744189042778 26.9044288277381 27.8381351836088 27.5838326938817 27.5395129475859 28.946780201009 29.3581464253418 29.3770205663641 29.2116256649249 29.56260773725 30.9913097773587
-9999 -9999 -9999 -9999 -9999 21.9944016511392 24.8483782388792 24.9622841552964 24.9282616219012 24.358523211105 24.9423082008067 25.1361259180787 25.1412239705267 24.8332111133814 24.8547140152638 24.6973379827711 22.5982050814252 24.8113307657514 24.5820140880766 23.8497156978244 24.0069246006364 24.6916192801293 25.7366407838836 24.3350850320127 26.473205306225 26.522903882749 26.8729149678835 27.0498836204247 27.4300269320916 28.6465085443461 25.8095885032599 25.6433152915333 27.3306557501542 29.2702097803237 27.0139068026651 28.1167811895883 29.4759067824758 28.0774399741488 26.7769330885407 27.6846977968314 29.1043978730711 27.2950664422979 29.0399595945607 28.2589835730519 28.8153523294738 29.7081862869565
-9999 -9999 -9999 -9999 -9999 -9999 23.8174826275999 25.2944041111074 25.0837713938299 24.5790431749243 24.5953462668157 24.9232257546639 24.9614021665284 22.6125821703693 22.6105327263901 23.7351984485607 23.9259248414287 22.6456736154092 25.086948259985 23.9292169594496 23.0592723921505 23.0500844095921 24.8012338420132 25.0933692454956 24.9798683047906 25.3513863308553 25.2775498317175 25.3478617251268 26.6798237702345 29.4874781436495 27.8206039217489 26.5503238087026 29.529425767677 30.3514363225668 28.0152288187595 26.9084171725004 28.164719054851 28.3596039441796 27.6689652705358 28.1597644297179 30.0715399114756 32.1704434409553 31.6701677123676 27.638216090583 27.9046610385604 28.3030486687535
-9999 -9999 -9999 -9999 -9999 -9999 -9999 25.3463846232337 25.3274710858412 24.7416387068576 25.0517024862718 25.0264856729269 24.9837663613043 24.8558540240795 24.8743575291007 23.4926004985856 23.8704593784466 25.1116320167991 24.691345358628 24.9923630168647 23.2309580108313 22.4271100196831 22.381970691459 23.9465738358179 26.0896310667824 25.2864228397888 24.2506988157799 23.2609250026755 25.3365463499451 26.8989045887212 30.1935680123064 28.987404823341 29.8069032394098 30.591247959791 29.9185743052298 30.0145317070086 27.3379171545301 27.424569275344 30.3064461945557 29.4839896184727 29.6978346569584 30.6205751322862 32.9442663567657 27.4340600056437 27.0182920218538 27.770838796865
-9999 -9999 -9999 -9999 -9999 -9999 -9999 -9999 25.9735163386718 25.4167542271418 25.475991392664 25.1111733772637 25.0040379617481 25.0430604917604 25.0883373897061 24.9501191400982 24.6446303357853 24.9942149205346 24.316614566362 24.9975090822604 24.4352093767083 26.1665806641834 26.3865474926036 24.4613422037889 27.3512989733265 25.907285170002 24.2971190441201 24.2477801705758 25.4341875797351 26.816592119974 30.2624130114378 30.0532029831072 29.8878588791763 29.6484539915881 30.2576277705631 31.1442507473872 30.0645506275681 29.4358829931496 31.0173388689602 31.0240106396625 31.1413258083013 30.3423612191957 30.2666809235127 30.6277593270718 28.8157094079793 28.9150116893148
-9999 -9999 -9999 -9999 -9999 -9999 -9999 -9999 -9999 25.5502755715214 25.5296968956904 25.2560063194384 25.1504508736717 24.9971225610558 25.0255664461939 24.9583369133919 25.0827307944175 25.0804973362853 25.0707410883857 25.2263626485508 25.2194943983288 26.0169693690691 28.5367171049269 27.0634541761949 25.9063515935981 26.5783665778524 26.5234001743219 26.2678605505736 26.1582086537721 26.5833093141443 28.420042142504 32.3073421465237 33.5379849157929 33.6133118436228 30.8735470556987 30.5252029129756 30.6344005484572 30.0819925448924 31.1522498895156 31.7690052687592 30.9276980339611 30.2812512889035 29.6914713464317 29.699545585259 31.8283907203834 31.1924703769353
