IBR/IBR_outputs/all.combrep_1/FireFreq_2000_2008_Total.Silt_Total.WeatheringIndex_Total/FireFreq_2000_2008_Total.Silt_Total.WeatheringIndex_Total.asc
NCOLS 160 
NROWS 95 
XLLCORNER 210004.651214014 
YLLCORNER 7350008.22228844 
CELLSIZE 4999.99999999997 
NODATA_value -9999 
[rows 21 to 41 of 95, columns 46 to 91 of 160]
-9999 -9999 -9999 -9999 -9999 27.3153699542428 28.4716722087157 26.17433199073 -9999 -9999 -9999 26.1211939457325 27.5747511497372 26.7489324714978 28.0108070786962 27.6058667866445 28.3399025355202 -9999 -9999 -9999 -9999 -9999 -9999 -9999 -9999 -9999 -9999 -9999 25.0942329733707 26.4469825953547 27.4901484042654 23.7410813996159 23.5652322764813 18.7424465512386 21.4005215768435 21.5583713523132 22.4585709281347 24.4357871578573 25.4773009498447 20.4234941788971 17.8663577830852 18.1993116387607 19.8459666151907 23.4427325168377 22.587400842346 19.7322796831666
-9999 -9999 -9999 -9999 24.8558616129879 25.0895241001679 26.4765396129295 25.59472887834 25.2485831181664 -9999 25.1567536534777 26.7579628794109 27.2043922619224 28.2625944817879 27.2461285024661 25.4589160869017 25.3298614791134 25.1907751220482 -9999 -9999 -9999 -9999 -9999 25.1532935098763 25.2314770073102 25.1019201852888 25.1371533204515 25.6787923244233 25.5138256878361 27.3934508097127 25.20780820442 23.3617681943398 21.3135851406701 18.9083960166918 21.369396996047 22.6016688730694 20.1735446695196 23.2128186263251 22.7557604290896 19.3046707758323 19.4762368253424 16.5237923073202 19.2233210362119 21.3740746233731 22.0017633500744 21.8161124543724
-9999 -9999 25.1811947189181 25.2052902612539 24.7803521762184 24.7092282984748 25.2760306919131 35.1577865356721 29.5860006173217 32.8874922226973 25.5942914989999 30.148516503829 39.2371426255283 31.1539252022046 56.1797635260798 32.3257169825108 27.0376980077253 25.6210198295743 25.1922028633902 25.10522550741 25.1373503972015 25.2497061552014 26.05739054272 25.4775063779558 27.5951795763297 26.4213356089091 28.9602522627394 40.6928926835936 47.537423960807 32.3638639734043 26.6113096296713 23.3391451313462 19.5908326271242 20.6261970744505 21.8429672584258 23.1067782068503 20.6260689762789 21.2682869925065 21.3473059013026 24.8213337896145 23.4988378708678 17.5280430179069 21.4098480950549 21.2073373983121 17.2284488691718 22.2728945437647
-9999 25.6738555997271 26.7526331511734 33.8201845118731 29.3183664391908 32.1972259215764 49.4824423440819 44.5267975221472 34.9681688287183 39.8363414621101 91.4419123072198 59.5646092075113 38.0573232999199 55.3922700810744 40.8267885936059 65.9342611515878 39.4019343995433 40.0939776915347 26.9626033030988 25.2363294066701 25.8688238134168 27.2886109835322 30.9392800777311 32.9086574466035 28.4333157271664 33.2488617562814 47.4983741397331 56.6725523524959 42.1438822446903 25.2352844188033 23.9582738908725 17.1823199735414 17.2418687374428 22.5240662603759 22.8208996419578 23.18804825945 21.2351248576578 22.5899903607685 23.9175521884631 25.2351616427691 22.6056611275632 20.6955706313839 21.1668599836407 20.5929769176667 19.1178798454558 21.9670767110663
25.981775430241 30.3768269166148 80.6529154882869 125.680852564389 85.172103147303 90.5322247687806 37.3435370168587 49.6083051406059 40.9370965567065 49.5486108856843 42.6951753158675 33.0271045193327 48.5899123325471 36.0464643617826 39.7654709421238 29.111047644814 35.5226104773051 87.3221541922425 94.0827666181924 33.564731704155 49.1695716007522 54.0744637636973 140.331084931055 214.132664931711 42.8809739643936 24.2397669259436 20.6968934832271 24.4222882917592 49.6271174358353 30.357681716931 25.1962036344751 18.2090674489112 19.566046873593 20.8829568945228 23.2870966258827 20.8456174696159 20.3364792094325 18.6914084828708 22.5587452214056 24.4381790651251 23.7404777744922 23.6215784207249 20.2150806090429 23.2514005065325 18.7709409479736 21.3542199389536
44.6617273364909 86.6921585535558 201.06678885598 48.9390840988388 31.6058235408836 40.1032700643113 60.2278152501915 61.4582020693102 42.5186457498594 36.4782636743305 31.8323508866326 33.0567048698853 28.8696364072353 29.6180858236503 39.9053704773708 38.4811760920164 60.7699690260644 160.92768506737 143.945001212836 116.996240314554 277.796426708416 100.063288594744 153.037585727602 343.318692895444 75.7594433856244 88.5066668884057 39.2925726909542 21.1354385717847 28.842602312485 28.8182072693545 22.0520159550645 24.809292571505 28.3461914766722 28.575724439055 24.8317816060228 21.9130367280375 23.5244294924538 23.0204054390935 22.6103022144498 24.7231486830724 22.844471873137 22.1562919737352 20.2534138965967 18.5106336942223 21.9839870691956 21.5088400239958
51.3847945533431 116.13062668318 146.092218244886 61.1828112008658 29.0504537219389 33.636856443301 48.4306245302401 58.4126519764192 53.4981305515267 47.4962856982854 38.1257157811482 36.7577419539346 35.9809444182549 39.7002707186048 37.3250236390728 30.7514062098142 31.2370231657425 37.3594569265225 35.7205921621062 103.184413986892 279.538203553806 89.5478361692791 48.1951798593117 49.213907185519 41.1940466191739 84.2983982459737 48.947100783497 28.6535107432723 25.8509118253423 32.2523967598064 23.8390499537997 24.3549929641773 23.9658014521407 28.9897726253514 22.9331916259539 23.0965445238419 23.2477451629214 24.3499109240436 21.532385629304 23.1805290584745 23.5244800631292 20.874097156156 19.7538657444952 19.4741266872586 18.8787360614849 22.7916273780761
35.4110429106089 38.4288404512686 63.7369707078942 42.4133115547919 29.8739896465545 29.2427340199835 38.1075527096835 62.6098101813795 85.83467219945 36.5290450227374 33.6558274138806 33.7466513647943 29.6965907893703 29.1900774229027 33.6502796403296 33.3320242908071 28.7541350478984 27.490179914633 35.0108118456214 39.1449818972263 38.1869050994773 70.7809426526515 38.6251047984588 31.010894137889 33.0053074160939 34.6976933419924 28.3524542521489 26.1129323580627 18.5612678792846 22.1300594733836 21.0793490828964 20.2308551887821 21.8439167480362 19.732127262004 21.3303573276191 18.6892331559391 20.2326920332708 21.3809398621054 19.6112395099534 21.0057915113451 20.8153262570499 19.0402326966216 18.6096771233335 20.9458795222135 20.0553121591348 20.9385094126731
31.0493175543758 33.6102815081714 33.3611492831858 28.4093472307023 25.4773415531535 36.49819613448 32.3266156063296 25.3003236628787 97.6585919921392 41.0977117360758 27.4607619322703 29.8483722700792 30.8049847843932 33.1911299439074 31.0501182776494 32.5372875351175 35.1894435954172 37.6236273958382 34.8561890994274 43.0237806821659 46.6984434190672 39.4619656575205 42.4938844685183 34.0103010022781 31.857837585175 31.0892465246179 22.090989959036 21.5577406065081 18.8222090462043 25.3759300809938 21.1193596181592 22.2524481731744 18.6107305459494 20.9220453824952 22.5905379676285 25.5052090077389 22.4119853816093 19.9015770752579 18.2097821382816 17.3241496538818 23.2741748437618 19.4098688456695 17.7066570696995 17.5227707058339 18.6457347197536 19.4353829487689
29.1988928243106 29.9960155232753 30.606397292221 37.1241931649063 30.2438788710593 30.0984195104316 37.0997674156332 25.943774358022 63.6131708572665 60.6127675190836 34.3767392900093 32.617723762344 29.4598682419813 38.2610690469726 39.498671816338 38.8357456256078 44.9940407787771 33.2249227012562 37.0560417775101 42.9628757574797 93.4516655230852 66.3406435778326 54.5550510831653 28.8490490763922 27.4098176153643 22.4669291207193 22.0416320235076 40.1801898138265 24.6475648742088 26.9158659556419 20.4450709425695 20.6912823467543 20.6483645956269 36.8356597163634 27.1958829565843 33.4649979971328 23.8800513461453 18.8159612473526 20.2223630934059 19.3275851822312 20.6223440264129 23.1539704286115 19.0326814370339 17.8171947936625 17.7471174971141 22.0242250115372
26.3615609307937 27.7894453271454 25.8219584671074 28.2314941180953 29.5436403994135 29.2863066690369 26.4637909877711 28.7393152359615 40.952708899668 31.6931945905696 32.7113902341156 29.5032969721538 34.9866068273108 33.7679338283693 37.0599333489018 31.6537602960366 45.2136930390813 31.7308343238742 31.873850568852 30.7581407062294 62.2310912579073 31.9734468812581 29.5390834208471 28.5686875722556 32.9393852043886 29.2183955891446 25.561127653294 29.4558506390161 26.0271683095008 27.4427417479877 23.4630457391568 18.4151270372459 20.3014335065766 25.4710221263984 32.3452499083953 37.7377165827419 38.8343882696771 22.1796693913988 20.4602478057548 17.2002480549524 18.4988593914984 20.3194333963107 32.064764396354 21.2062800857746 19.0117560877764 19.0142064724142
25.1486009378201 27.2065636187986 25.2024602969761 28.2819696697732 26.51213996963 24.7406011759234 25.6817385563104 26.8814870787261 29.8307290741435 34.9660717673623 30.7713988430112 29.4159919480752 34.5308795278631 32.8272557516159 38.9237204939236 40.8087263900036 37.8293273346474 32.732093542382 28.1917859029137 38.0169392056498 76.2588322973837 52.5784295629246 25.4081329565836 26.9258345947506 31.0833425049256 31.3618505572737 27.4822226853579 24.0758780931439 24.8751150331119 20.3694684236049 19.3665643099397 20.8035242058576 21.2018952256119 20.0648169161581 25.1018859219897 37.0751598474822 33.5039742914165 28.069136374091 27.0553195993547 35.8953883336174 23.9455569428928 25.169470906333 23.4349119527745 20.7134135014257 23.7568303172411 19.5202486455982
24.9780440084807 47.1293142847123 29.0789263019193 31.1593643030218 28.3895014838348 27.2152384788954 33.5403999625636 31.8930316850838 30.0851967620191 26.943153344566 26.1624662072315 27.4291158517905 28.7736897714032 25.6578547082064 28.3198564582006 35.5529326791299 41.9238472902902 30.5229099875281 33.1482105916787 41.0445168035556 69.5301699266316 88.6255720546836 37.7656269964082 24.5312328942546 26.121319658274 27.1502931991913 31.0801280814114 30.8113682308805 24.9788150797613 21.8228116678893 16.2478399648588 22.2662734542199 17.8337665435395 18.9152356318596 22.8104091188646 29.8374887325552 30.9193206262356 26.3312468588426 25.3303924199227 22.7612483608766 31.7323693819237 24.0445640745872 20.9126288224925 18.9947700681649 22.3811664675108 21.9640695702424
28.7677680981875 32.9403485595642 40.9559559955835 49.0181183849602 39.5416333445781 68.0173667435089 97.6117335742592 37.7048397790009 26.1538516316387 26.6662083752708 23.5614916581442 24.8797432749693 26.6143643721627 25.474544001514 27.5609030148925 29.4320109556399 31.7629115411659 35.6441719789028 42.7203829510228 170.071876136246 183.261725562368 47.6623731603416 36.1424389637861 24.6627305291784 25.7429225706311 28.3538537109534 28.9200528403103 109.937579574284 52.6879965299006 26.4948061633506 19.0362172185999 18.1929460240321 21.193486100989 21.1005378811674 25.1190228227592 26.2653988000215 27.3499541408039 25.3729227812036 26.2311251808666 23.2671482659727 21.3077273619547 22.9241052172925 19.9871755147215 19.6874797914562 23.469962872841 24.9184191672035
25.9547171452086 27.2296135119318 36.2988982597537 39.1001275354826 47.7879906671538 39.2257760437609 28.5770166382172 43.2003852998986 53.4426603820717 40.5671059554077 42.840423557262 30.7477159105401 30.9520036890685 24.2532283120448 34.8148370547749 30.0154133418684 26.5148828024615 62.2457817733284 252.884605017096 214.48092197488 241.745184184855 33.4631736411732 32.2921223304588 48.0743263655985 39.8636267552438 31.3186424678088 28.9288166427006 50.1685717778536 243.553579122624 48.6314807287296 24.4602469843169 20.8378709349918 22.7210115191705 23.0703156157913 25.2582349546395 28.407764836285 24.1660916247244 22.2477535798345 22.5213255500834 22.9976154298935 23.214055243182 23.164374572352 21.2474877503896 22.4353120255567 22.0504335851752 24.5013870347848
26.3340069104177 26.7899815839974 26.0490701687333 28.6741860508333 37.577724693756 62.0423943725625 54.517507757488 57.3162304356869 52.5047198587367 64.3584177175645 79.5283535608669 41.7184797345377 62.7012345299966 30.6847351155422 59.8332241202478 39.2050854839281 29.150690964687 45.3094172513977 272.686553040732 141.419311843992 172.655163749121 25.7602950714181 28.3705836325369 33.5756943998571 28.3361697305017 27.1447954305139 33.2656186478416 32.5346643697625 87.459002284413 76.914083226181 41.5153068211081 25.4133967069701 25.9327164167964 26.0946352272939 25.9793227112235 47.232697194577 26.7619122037668 22.4209891457805 21.6772621748529 20.9523157638444 21.2572891636106 22.9808889500491 23.6828023171671 23.6730947837346 22.6631378320489 24.092127467209
29.5189481485841 26.6664823740778 29.4557080035682 27.7242371052951 27.702023886654 53.9316441141558 84.6888501824627 138.18871168849 163.409631364207 157.370543009044 230.535064834314 193.778068812247 144.263182565778 74.5682200401007 86.1428461905371 78.8941189595076 30.1021947191099 23.9025006109089 32.7198663277649 33.5265802951117 27.8865364638109 24.5469966278463 24.0655358607231 27.4528685500506 30.1348500023734 23.8932745882964 27.7046603274601 28.6446370761848 26.6743139694146 29.8926146097593 27.9476430830992 30.0776518525046 27.147502370373 23.5714155569387 35.6497472441396 24.3412299653855 24.3801395892358 23.9311043110827 17.5518769392544 20.8456904380105 21.5471662330501 24.4346120932073 23.8893192170066 24.5784612525475 22.2188300914439 24.2293582347089
28.4913702789706 26.466014364147 27.8535933285235 42.2279176859423 74.1961131456629 145.562776749682 192.06885283885 323.668847883026 350.27482604399 323.355268571421 299.657175075249 283.101089602469 209.361363096072 161.110142121099 130.245379071913 75.9049262694682 44.6891286667032 26.1325700646947 24.8742295269654 29.0623623733711 26.5969360013931 33.5095762902553 26.5008642685214 29.8794934078622 33.6815838256568 39.3040866433368 23.8215357342917 25.7989402960057 31.2673269643113 29.2929807643298 25.1638982824163 30.1896826723545 26.0425051409187 22.7250096685512 23.6365504572726 25.2772685497886 28.6356135637119 26.754637859384 22.2779822583321 20.8364097403733 20.9828807652538 23.4294158361173 23.1526067824988 24.8775572511931 23.2251739318116 23.8798843379104
30.7179051274823 49.0185040612376 39.9212421547775 27.3408145274564 33.9523898931201 54.2980543734814 124.720946842433 42.0147068613057 119.543800374323 193.506019643105 196.444382780477 181.582224272739 165.811663548283 101.324443546989 85.6453108525321 54.8355686350143 65.8761685617815 60.7482238623941 47.2024140616542 55.5368193818389 58.2493857210681 89.5063609043193 54.2229359747091 40.8501202716997 26.7269266794006 22.7123273081696 25.2176995580349 48.21040461184 42.3991433773738 24.4736223518233 33.6892469837967 27.4045633594018 26.5383380594427 26.7670183339483 26.7700844015657 35.665379525913 30.2898979125401 21.8040990282704 22.6620555914764 21.2745317381536 20.2170791092316 21.0926044765742 23.5835018507123 24.7588238784695 23.5346838337678 22.0586493560436
25.8255938121057 31.2891422654566 80.010601297842 34.197661953609 28.5450785257853 37.6633238819295 31.0417461640962 55.3478311773422 74.4149239571835 38.7678822029986 31.2633583528268 32.6895706437522 38.8433734840543 33.5070535855436 33.4109360219225 30.4131085328008 34.9260656139413 41.2200460930613 42.9440653840034 31.569178108183 28.2973866491013 40.1318611399861 44.463967192492 43.2914799278305 31.7601978183305 43.3582364727653 28.3234332842011 51.6793333088403 54.718739716816 25.9934814949089 21.2362758284983 24.8265350226769 26.6860736144549 25.3631693278943 27.3887928889337 70.5158370064645 71.0040427068246 25.3162932623851 23.5346551894686 22.89407711319 21.9257651647713 20.6669007237267 25.2481956265293 24.761062821429 22.3699075300613 22.693087187345
41.178683319584 32.0831425188033 40.008671536316 41.6596236502792 44.2635917323772 48.2708478445626 34.2519320034067 33.862055243177 36.5857995495283 34.0278810804314 34.0723340665746 29.4639814149679 24.3723172366014 24.7809928173633 27.4035523353339 28.8450250537998 30.0668620901702 31.4322607654225 28.0983665984735 28.1151814076185 31.4606123110804 30.1189241618468 27.1726881716844 40.0023316003314 53.6927136010712 46.8493645752735 31.5223727547704 37.4910088888315 31.0398708936941 45.3839010625857 22.548953566045 25.131894300687 25.567275859657 25.1116616098487 31.4866213937131 39.7131393343221 69.6199039149838 22.2089600144503 25.9231499491193 23.0880597047104 21.4747745833642 21.4972984750395 24.0047699854555 22.8953495768457 23.0742880581387 22.0755794937783
