IBR/IBR_outputs/all.combrep_1/FireFreq_2000_2008_Total.Silt_Total.WeatheringIndex_Total/FireFreq_2000_2008_Total.Silt_Total.WeatheringIndex_Total.asc
NCOLS 160 
NROWS 95 
XLLCORNER 210004.651214014 
YLLCORNER 7350008.22228844 
CELLSIZE 4999.99999999997 
NODATA_value -9999 
[rows 0 to 20 of 95, columns 92 to 137 of 160]
-9999 -9999 -9999 -9999 -9999 -9999 -9999 -9999 -9999 -9999 -9999 -9999 -9999 -9999 -9999 -9999 -9999 -9999 -9999 -9999 -9999 -9999 -9999 -9999 -9999 -9999 -9999 -9999 -9999 -9999 -9999 -9999 -9999 -9999 -9999 -9999 -9999 -9999 -9999 -9999 -9999 -9999 -9999 -9999 -9999 -9999
-9999 -9999 -9999 -9999 -9999 -9999 -9999 -9999 -9999 -9999 -9999 -9999 -9999 -9999 -9999 -9999 -9999 -9999 -9999 -9999 -9999 -9999 -9999 -9999 -9999 -9999 -9999 -9999 -9999 -9999 -9999 -9999 -9999 -9999 -9999 -9999 -9999 -9999 -9999 -9999 -9999 -9999 -9999 -9999 -9999 -9999
-9999 -9999 -9999 -9999 -9999 -9999 -9999 -9999 -9999 -9999 -9999 -9999 -9999 -9999 -9999 -9999 -9999 -9999 -9999 -9999 -9999 -9999 -9999 -9999 -9999 -9999 -9999 -9999 -9999 -9999 -9999 -9999 -9999 -9999 -9999 -9999 -9999 -9999 -9999 -9999 -9999 -9999 -9999 -9999 -9999 -9999
-9999 -9999 -9999 -9999 -9999 -9999 -9999 -9999 -9999 -9999 -9999 -9999 -9999 -9999 -9999 -9999 -9999 -9999 -9999 -9999 -9999 -9999 -9999 -9999 -9999 -9999 -9999 -9999 -9999 -9999 -9999 -9999 -9999 -9999 -9999 -9999 -9999 -9999 -9999 -9999 -9999 -9999 -9999 -9999 -9999 -9999
-9999 -9999 -9999 -9999 -9999 -9999 -9999 -9999 -9999 -9999 -9999 -9999 -9999 -9999 -9999 -9999 -9999 -9999 -9999 -9999 -9999 -9999 -9999 -9999 -9999 -9999 -9999 -9999 -9999 -9999 -9999 -9999 -9999 -9999 -9999 -9999 -9999 -9999 -9999 -9999 -9999 -9999 -9999 -9999 -9999 -9999
-9999 -9999 -9999 -9999 -9999 -9999 -9999 -9999 -9999 -9999 -9999 -9999 -9999 -9999 -9999 -9999 -9999 -9999 -9999 -9999 -9999 -9999 -9999 -9999 -9999 -9999 -9999 -9999 -9999 -9999 -9999 -9999 -9999 -9999 -9999 -9999 -9999 -9999 -9999 -9999 -9999 -9999 -9999 -9999 -9999 -9999
-9999 -9999 -9999 -9999 -9999 -9999 -9999 -9999 -9999 25.289133815329 25.1342395358351 25.0974530466937 25.2114076875736 -9999 -9999 -9999 -9999 -9999 -9999 -9999 -9999 -9999 -9999 -9999 -9999 -9999 23.3891334626356 22.5633452873193 27.124362524455 22.6377577047697 36.5059140008073 21.9664457418279 25.586289654396 27.7539478620266 31.7710780562316 20.3131117321383 16.5786944963075 17.0158951917465 21.6696320217557 20.7149316422812 20.2669640692244 20.3320215920552 21.3287113178395 18.7754734270574 13.7955870466808 16.9944213561903
-9999 -9999 -9999 -9999 -9999 -9999 -9999 -9999 -9999 25.5108180373319 30.096752600383 25.3287780251934 26.9343192472434 22.5777867382767 24.7090777143079 25.0753487330433 25.1117620820464 -9999 -9999 -9999 -9999 -9999 24.9740089243119 25.4474153469836 24.4502005798391 24.8883400769462 27.6770765378862 25.2943579949183 24.2326983619623 21.0693696038914 22.6966048925431 19.6297850554867 19.163727714447 20.635792745429 18.9876911770134 18.6887034847141 19.4943325996285 15.5216206609527 18.467830587322 19.7230384630626 18.4482120916237 21.9696570806609 23.9761384854192 20.2197598260833 16.5616112551244 18.7849326975114
-9999 -9999 -9999 -9999 -9999 -9999 -9999 24.8187936268836 24.663664405898 25.3321166068815 26.6861743755747 26.8412969181441 39.8161683024373 85.9223174589048 107.197376433677 37.6424506878464 32.1488157097049 25.2963395193835 22.155756066017 -9999 -9999 24.7301666884263 24.981920248381 26.0857589331827 25.9433546616508 19.8584319035721 20.6864603391123 17.9020045558531 16.7370060317818 16.4011056067683 17.4606585184525 17.6279973135559 19.0427075759552 16.7049305399276 15.815260144386 19.3885422273274 19.8787174102888 15.8861778925945 16.8445103807646 14.4090444786379 14.5309480216429 19.5183839931705 22.4697898852732 24.512316342481 22.9372678921658 23.2212554369046
-9999 -9999 -9999 -9999 -9999 -9999 -9999 24.9392886234815 24.1678626601093 130.041484861349 41.6093299241383 36.3062726888622 85.3378683403534 43.1317957867989 29.4169044028661 23.9880174376911 27.0974549555577 26.593194378501 22.5754682163481 24.8832409943215 24.7471215513345 25.2649140676558 22.7566552622162 22.87487463278 20.865863066075 16.6303713723521 17.38800159315 19.9895796717706 19.5412867256824 15.8773659934121 16.1520565010475 18.3940399078011 20.7059703935393 17.6348218670768 18.7106754808721 21.8395784062454 21.1435233141028 18.4837821145525 15.2439078987808 17.0437899570585 17.1576733155751 17.1409467419055 22.1216374021707 24.4817674180552 17.7629287295672 22.4407997329653
-9999 -9999 -9999 -9999 -9999 -9999 24.7580394543142 24.2355673431699 44.8387490055047 80.3650714652889 113.858748163627 33.7039292162539 50.6849913385388 103.476600382505 46.6137013510783 30.3311381169407 21.7323048262309 19.410918427212 20.1592428335105 23.8649937002023 22.3029886077846 20.6679388156468 20.3757133252196 23.908688108881 23.4336268641044 20.3197787401849 19.7476141636807 19.1289459942092 17.7825829891981 18.8218028732882 15.3679913037886 16.2101841703405 20.6959894911238 17.8125382477936 19.2905954541432 20.3243101731813 20.7624410247236 16.0572328310212 16.7302465949162 18.976433618198 18.4623724753102 19.7579901737724 19.778011288363 23.0991145119097 17.5545681302619 19.914877204225
-9999 -9999 -9999 -9999 -9999 25.3020950061991 25.7253243171389 35.5353694563775 77.866984086985 47.7424280684453 44.0342236176552 37.1806742965217 88.8399124250724 139.097718960089 62.5578526662788 25.5034721831297 20.8340655749795 16.9713000276723 19.7660167224297 19.5755296954538 16.1216688884468 16.3555769952322 16.361054860544 21.0703710866055 20.118730667288 19.407419161195 17.5590177148963 17.3383935866509 13.9443359003503 13.3073903223634 14.5682283563686 15.2369512265681 20.3130893382935 20.1059911020507 19.9948276189419 16.7855966939922 15.6715350914516 15.8284915553065 16.4657764605191 15.2925593742053 18.6000769208806 17.0702602011154 16.9294768646606 18.5532274451508 17.4568125782039 17.4184069232531
-9999 -9999 -9999 -9999 25.0994571297158 26.094489958422 24.8260150174084 26.1073754043424 41.9195904606593 73.9322627315979 43.2089330094531 27.8780209719389 173.792699353499 172.945898640619 95.5070548602262 31.5903794720216 20.0135754226552 16.6591713709029 18.3360379360778 19.3666729807789 18.0456616391072 15.0386798547943 16.1022374652913 16.3187839554646 20.8761976938533 21.2887170771437 18.6371604197237 18.9641484118409 18.1855268517503 13.9609608231666 12.2002621914076 17.258683241993 15.7116012083043 20.1280253218884 19.3072367784458 18.8944939539551 16.3314395052971 20.8391448786131 20.0505228070557 19.5682359337876 16.106368071176 19.5440163640012 20.1292828536944 18.5581883406725 16.0015914334916 13.681804578218
-9999 -9999 27.1325012720813 25.1441622140523 25.1064505454245 26.6818393627679 24.8144486755085 24.0651279849836 15.2269041869932 24.0432085052095 27.6892056496987 26.217150306577 54.6177742552246 244.488106409623 168.123259485042 61.4812393373663 16.6785805978297 19.77907363293 19.8032372195255 22.3982373031726 19.3790068640757 17.3922561759772 15.4693333264277 16.1102121430873 18.884444748903 19.9613584049313 15.9586472888103 14.4606493858592 14.4138532949347 15.1911953481489 15.4876370416112 15.5720179601397 15.6135140312385 16.0855451471505 15.9357793576427 16.3899018111486 15.5299962620752 17.895546955221 19.9300816585036 20.491441080208 17.1086950762028 19.6922298314944 23.774166089645 17.3197284657851 18.0205550048408 19.7049193630593
25.5848040486084 26.2033540849468 24.3374397208402 25.0893239801499 25.8577858307633 25.807958095605 24.611111429538 19.8924608239584 14.5678782801448 20.3159290300041 27.1943799618951 25.5645058143606 28.5366745722654 32.8330723696314 54.1265509948753 50.7951003594895 28.823329428479 14.4036208096061 19.1426263067781 23.1408012908797 18.7188884754965 14.8457803849803 15.4537965649542 17.9194983035084 21.8028619312481 20.5260329066714 18.1320758435266 16.1851702169555 13.2576966121748 15.5988220130503 20.5251409849655 16.0782129835764 16.503069482244 13.7212303006839 16.667998088438 17.2814022291714 17.5845200181374 18.2172648153169 17.4608577967604 17.6655393132024 20.5102293668204 23.6344862732068 21.0366476316743 17.099950308281 17.0731948713604 20.3156809089081
25.3997970074757 25.0592071779943 14.9373255238901 16.9509662981397 23.5424273180918 24.2319489473251 23.0469587252369 23.1312728848825 19.9513650468275 21.0962704662971 24.1190828200513 22.50128188233 22.7562414281375 24.4481607696429 24.726639532084 29.4934555594748 17.7444947838497 28.1085761585107 23.138114379438 16.6978152463284 16.3010553426083 17.5673567100422 18.7314273054824 19.6241933918165 21.0505593409332 19.7687709776485 17.3657840791442 16.8225882720324 16.1782118128829 16.5320283926371 21.5357986092256 19.9924949130629 15.5926420282546 8.230857666088 15.375599883718 17.4126439034875 18.0537004582369 18.2370210734968 16.9300796381114 12.5054411494267 19.3263702203981 22.149491544276 17.9106800816921 16.4565448913176 15.1799282084254 18.3702393929214
23.2918991576674 24.5651634937415 21.1852569951915 19.3816197927688 22.0811044552297 21.9821766344387 23.4118661355027 22.8634338828881 21.2607270510196 20.0458261935649 21.8132977658292 22.6147389714854 21.5813999011777 22.153451633176 21.0971811920103 23.3279933161247 25.0212770060855 38.2034150674913 73.8640045564433 25.1494433848991 16.4533603742752 20.0596547289616 19.7401500612286 19.0814014075786 19.0170268496113 15.7279837653548 16.7372424529833 21.0057597547595 19.9382156272305 18.8466375668496 19.5491601578567 20.9440968154053 17.8074242821326 8.57763222512649 14.4802117496008 14.1451339996065 18.019251034359 17.6362702600014 12.7408827446211 13.3048458480601 16.116939431199 21.8693436218243 15.5145790394301 14.3236497694405 16.5920476801832 18.3767291777222
22.6054479659568 24.0709591333436 21.9792062228915 23.7189898226008 24.5906520880847 22.9957466308608 20.2753800602932 20.2306239528636 22.0557475129832 20.5292841022726 21.2603106860175 22.6914249957808 22.8024421572722 20.89396000329 19.6382023421662 19.9194151806915 23.1965495366423 27.8366539803489 32.0596493909515 95.6204754028713 21.3401739984433 17.9617799768554 19.5008651820925 16.1763536206075 16.5986457556652 15.8282739335487 19.5846174444942 20.9833372683398 19.7646507133567 23.1544386799131 18.4822082580497 21.0818504367882 19.3872983880617 11.1340612232854 12.1387615022899 10.5068235117674 15.862032031778 16.2638081933305 15.6779329344634 15.2436359431736 15.749223304616 18.3888795670019 15.2630668990495 19.0105650316793 21.3145676310128 19.6323220834491
22.607809670818 25.0310145186364 24.0448364929031 21.0677613882739 25.5752883097559 24.962280571495 21.0437034172132 21.628712305555 23.1977550698019 21.113580301934 21.6809129599354 22.9371677043419 22.0216389326716 21.8423852575281 21.7971271122867 17.1455440997875 21.0749471791976 23.1254998501534 26.1133660258255 29.2472716414236 42.3574556923526 22.1861019662833 20.8374417196245 18.9676803376278 17.929386912599 19.6502105565098 20.8287378079993 18.0339027013326 18.3566482939315 21.8707610659894 22.9843214855513 22.659897169529 20.0537209930977 11.8607049746229 13.8481749601279 12.3477771289967 13.382623968686 18.504694333859 16.1617711182982 17.6956961764173 19.7666677998415 17.9040550495864 18.9051581903424 21.1440695796706 22.7406009482359 21.3752495435269
20.3902436462556 24.3936602577072 23.0981088553271 21.0227630254722 21.4634788089088 22.7596504126853 21.24620748659 21.641207998487 17.3061146999603 18.8883540972677 19.8730837424568 22.2501530546917 23.2943919530184 20.6232350766572 23.4847465579817 19.0796100881439 18.5548548054038 22.2466526406833 20.157869327202 23.6649511284779 25.3190038935316 25.8044623417311 24.5998809962312 24.31465094832 20.0540774882714 20.2474834645277 21.0755669818024 21.1031555585576 18.9168740754665 19.5749960710027 19.323106028803 25.7818151642543 21.2190771375701 20.2023435002268 21.9845096486175 22.5750939577015 20.7155091475134 20.2616682670491 16.1446661919712 20.904283085831 19.6718960632039 21.0806472786477 20.3205717255224 20.3325050230433 21.9149331171235 22.292479571566
22.3087247401385 22.6229104895228 23.1416645840922 21.7601956877289 19.6142185170945 18.0036313909932 22.3796129594721 21.4777511351304 18.9168603976757 20.3721205521922 19.8555797527249 20.940871310789 24.8819210316574 22.9864245810574 23.3276724800396 21.6367549578476 18.7167145110388 21.0303687725162 26.6220329734882 22.7208713700327 26.0762953630794 19.3705273310859 23.854345093333 22.6781425563827 24.9432277367205 23.3471373227858 23.1803658626093 22.8548002565136 21.8914604983141 19.5040640529417 19.1437253973857 22.969753111543 24.9402663764947 18.0074655437187 19.8897498936973 24.7195497254852 19.50636664521 17.1551337143223 14.6701198424996 18.1346541799367 21.0471937761295 22.8846472306526 17.6383535669252 15.1015856350111 21.7804559266296 23.8633033357759
