0,21.6697451229938,21.8411712252354,23.9123967502305,29.4442993014261,27.9022900127926,31.4369867642807,28.1660860356094,55.7549068367096,56.090381943589,87.1106150990872,52.8283105032337,53.5004311552415,52.7264005840556,57.6044400908873,62.1503985467809,50.4713101815674,55.2018112674026,53.3162487322214,51.036652910037,43.2887968978917,43.0708096176341,42.489086670989,59.2639654321576,99.3763315941408,104.019344086259,57.8444188798691,58.1645771188435,52.504873549865,48.9011507617595,49.2373950355946,53.3372373977142,79.1469806292329,42.6093575278757,67.8932393517228,63.7439508782394,51.4727328203721,79.7520946512372,83.0283679069553,81.1588266060861,75.8651102740669,76.3050699327688,76.2194343625425,76.4096989435328,82.0751554776355,81.8509510908025,87.2400614766445,81.5532693683106,86.8564014862937,81.8235114864299,83.015984359893,48.7267654665649,47.7993426233226,48.8191830913805,47.1821820628781,49.3887620625629,47.4343315314101,47.7280103603843,35.3644331434781,39.8633235086125,39.7871578729456,38.4004352970793,37.1943976938984,79.2134927295977,39.1553725231225,53.7648010171666,96.0742187240758,97.843130427824,93.4439780196418,88.8786659370606,79.7788840324894,78.7189899507667,81.9976546486031,81.2694109114203,79.6920472404378,57.1233078612505,66.1285784560539,64.5057389269036,43.2102992180363,41.0832600319247,49.8526311385882
21.6697451229938,0,23.6936600836172,21.4248021715957,23.925475622163,28.3773948200309,31.4495647873297,26.6639694728073,54.9206933985746,55.2601139335285,87.1240249881221,52.0215645098883,52.6867284338901,51.9086864563926,57.8502498423051,62.3400015858059,50.1330478443998,54.9009545021369,52.9789461848316,50.7399753019133,43.7339275800782,43.5597333376601,42.9914508567796,59.0608257265015,99.533940320678,104.156217482639,57.504802905272,57.8674875567075,52.8295201140041,48.0628819088051,48.3926198910483,52.5168388417475,79.2984674158651,43.1346118685433,68.0604433857621,63.9135281012096,50.6828358354011,79.7937056001066,83.0729390772576,81.2011781710283,75.8908860404299,76.3302388845534,76.2422813791447,76.4320307852925,82.1019403966115,81.8832827727561,87.2689331217521,81.5832507774733,86.8860837788929,81.8525133592075,83.0507949231082,48.6782070097531,47.773195983826,48.8159147887556,47.0353173523646,49.562916974111,47.603022979898,47.8610428960413,35.9411089405888,40.4689682862954,40.486238346152,39.1370800526397,38.0568266876853,78.7935813321306,38.4911580671171,53.2919593368202,96.1431171180388,97.9159944504381,93.5152512147774,88.9480356062957,79.7916122069424,78.7319851575815,82.0201085553063,81.2926485046962,79.6947769020992,56.9575068161661,65.9786771425539,64.5208061458033,43.3237853226149,41.9902917839828,48.9647603301259
21.8411712252354,23.6936600836172,0,28.8535617929054,31.4409098969079,21.482253585661,27.4520780665642,23.0907045605872,55.6905598459586,56.0163695837014,86.6948808269725,52.849013767537,53.5148899940027,52.7071181829571,57.2760239302939,61.7671279808032,50.9848253218469,55.7038476905895,53.8179127829429,51.5483083367564,43.7939658382732,43.4276086657732,42.910486710307,58.6622567773169,99.0977706994963,103.717627129906,57.2315317246735,57.5429036824372,52.3374326825202,48.4954981883199,48.8188657572459,53.0569411442261,78.8398976212593,42.7981944004841,67.4791406409375,63.3219346772262,51.5354189355741,79.3541851880943,82.6331873979989,80.7629527928818,75.4530404395093,75.8931866431948,75.8051068078712,75.9956219248834,81.6681429824307,81.448296329956,86.8353727369156,81.1486105482744,86.4526602808199,81.4183438218315,82.6154766007493,49.2726361653671,48.3637973984029,49.3498344842756,47.7477266949563,49.8306705515768,47.9103411626077,48.2348981279091,33.6997966034072,40.4472080098592,40.348537791969,39.0943938441081,37.8522581246683,79.6299786158552,37.5932632645052,53.0011351668025,95.7048572625186,97.4774300918571,93.0767069131236,88.5095397158101,79.3599303809134,78.2998627277528,81.587124529447,80.8591781025446,79.265375182688,56.2921496814176,65.348771210818,64.0173448405287,42.1605635012255,41.0055564343096,49.7713010470457
23.9123967502305,21.4248021715957,28.8535617929054,0,22.1042856486332,32.0103069233517,34.290304083747,30.8258389248293,55.1978845592921,55.5470490944453,87.7044483571015,52.2044435692141,52.877079749891,52.1355868104143,58.3398601850767,62.8808507772921,49.7692884362204,54.5528443676447,52.6291983228928,50.3808401434844,43.4542474581921,43.4287884149316,42.8023769988795,59.8205728606171,99.9823954423453,104.626769815181,58.2863555085021,58.6530116978735,53.1718745297356,48.7018795581608,49.0462688657904,53.0209958849876,79.7732391114494,43.1653110756982,68.6295924782908,64.4894199625945,50.8190404735422,80.3563974437071,83.6330049414677,81.7620029928845,76.467229426023,76.9064557741849,76.8208269604159,77.0103872366881,82.6737104910381,82.450804963697,87.8384947089286,82.1527134738443,87.4547473171458,82.42249365372,83.6162406277439,48.294360326776,47.3706793544186,48.4516877155768,46.6229388548745,49.3045260808667,47.3099968349099,47.5330497916368,37.3947919718783,40.148671350081,40.2100306574368,38.7474830005599,37.7368080861541,78.539117376939,40.1431670715324,54.2247192222854,96.6785494726767,98.4479006120601,94.0486637671399,89.4832285635282,80.374945035441,79.3154544126792,82.59529795265,81.867521447656,80.2856414572283,57.9098638052336,66.8859449790735,65.1648932380648,44.4161209918231,42.311793594751,49.2680839158252
29.4442993014261,23.925475622163,31.4409098969079,22.1042856486332,0,33.5956785500692,35.4426709046698,31.566448240685,55.2213844297457,55.5753873471075,88.5878044577712,52.2580986852012,52.9226078631368,52.1771951173804,59.4441609242499,63.9291431892303,50.3741001189275,55.1962555564692,53.2331464719003,51.0303348064826,44.8659598754924,44.8468270237497,44.2468555208263,60.4915731462721,101.012499225538,105.635411156713,58.826914692621,59.2347571618201,54.3646153212978,48.738638765535,49.07764718678,53.0668845559769,80.7946094798954,44.5833100866395,69.6548583865031,65.5162043119682,50.8919078576043,81.2676268592751,84.5472323200886,82.6741030307443,77.3624691370482,77.8011437668422,77.713141342562,77.9022402486679,83.5703175591247,83.352967277305,88.7372495086705,83.0525085583047,88.3543404517062,83.3213297853761,84.5209027337865,49.2152298225046,48.3200922884,49.4166623147099,47.4442029849936,50.4345940973263,48.441876626512,48.6352284238398,38.6984316158024,41.7272173347714,41.8621107240928,40.4706258802652,39.5494633827539,79.0426588267965,40.5352145025669,54.6500530766433,97.6177437927341,99.3911168195963,94.9902568760956,90.422882000206,81.2574044808718,80.1981507395244,83.4875579880552,82.7605399059981,81.1581070579489,58.6209103180967,67.60970100686,66.0448146682216,45.3716867959643,43.9822059090007,49.2296459389609
27.9022900127926,28.3773948200309,21.482253585661,32.0103069233517,33.5956785500692,0,21.0530233199179,20.70756369891,55.5205880950245,55.8366988721975,86.1549687258943,52.7567020137853,53.4174560711072,52.5780647409079,56.8278911477811,61.2629799156771,51.3193403454454,56.0278772075337,54.1422536371255,51.8805152654364,44.1272338771944,43.6357999082696,43.1760704545845,57.9329033436965,98.6940355180485,103.29100212953,56.4931838450041,56.7941129539957,52.0483363666633,47.9967542381415,48.30815165044,52.6785801592417,78.4086108557545,42.8606645600065,66.9437285216015,62.7786858362108,51.48108007531,78.8320951646039,82.1138145294261,80.242870757839,74.9168374510449,75.3571626032761,75.2666486010657,75.4574072580085,81.1369394499274,80.9214371842856,86.3064783911767,80.6197552349965,85.9247069871752,80.888978338059,82.0907554695383,49.6308725094563,48.7374950627366,49.6948490789899,48.1234701087272,50.0989694345428,48.2083923095077,48.5593683211374,31.8107162873155,40.8595468751293,40.7527120194341,39.6104541375469,38.3568975790543,79.8818770082593,35.7574576846187,52.1048714537467,95.2111171271163,96.9873299526853,92.585046994603,88.0160370753045,78.8168261668151,77.7565879205913,81.0524151160405,80.3247681329401,78.7145673377949,55.3137524090322,64.4269028198724,63.4044923120316,40.9421159232885,40.9020270581852,49.5920000934823
31.4369867642807,31.4495647873297,27.4520780665642,34.290304083747,35.4426709046698,21.0530233199179,0,22.6707555510335,55.3779735208644,55.6844602689414,85.6280690769797,52.6845082731284,53.3411495257434,52.4723194136107,56.3982852019933,60.7763806419168,51.6148936418486,56.3137428820586,54.4290597792779,52.1733236334116,44.4215691351856,43.8259969024605,43.416123346042,57.2126148517261,98.3020797748164,102.876487801706,55.7654484372965,56.0543918185492,51.774363376026,47.5403219876312,47.8408257593997,52.336379960662,77.9902943972197,42.9267962613281,66.4255950908888,62.2529260199539,51.4430351612148,78.3230531776596,81.6074738862213,79.7357951739159,74.3937467243927,74.8342370301352,74.7413047702229,74.9322938764621,80.6187504166761,80.4075787450853,85.7905774333248,80.1039101817478,85.4097376335889,80.3726194330151,81.5790239834987,49.9421862134647,49.0615573062194,49.9944729963559,48.4507937494825,50.3315885491523,48.466844517427,48.840539319904,29.9721527734481,41.2276601595458,41.1212969194067,40.0702364690586,38.8193879334252,80.1073660193515,33.7442068710946,51.2108243062393,94.7301570063095,96.5099831629233,92.1061546020715,87.5353179364127,78.2867860486325,77.226383655851,80.5307333428204,79.8033908250738,78.1768373181689,54.3234523875542,63.4991762687555,62.8050581430173,39.6960208182592,40.8920430176295,49.4468626787216
28.1660860356094,26.6639694728073,23.0907045605872,30.8258389248293,31.566448240685,20.70756369891,22.6707555510335,0,54.3657825896693,54.6852266841989,85.863000630907,51.6298051943507,52.284162336242,51.4400017049033,56.7684733606447,61.1563626698225,50.5985391433347,55.3388371831298,53.4224330961985,51.1948027509779,44.0623223412039,43.6457036945865,43.1792945825855,57.4449748768166,98.5257639690133,103.105763989364,55.8575077530195,56.2059539333427,52.0326184050072,46.8184379572912,47.1214438816647,51.5290709839048,78.2405421261635,42.9469534861557,66.820590607718,62.6603182543258,50.3703574706853,78.5664991877704,81.8507788258971,79.9775859653831,74.6374362967328,75.0770554907934,74.9846057895574,75.1747429338986,80.8574115084906,80.6468898657255,86.0286585830635,80.3431357042361,85.6475398729943,80.6114161203545,81.8183856320787,49.1545219820523,48.2773364574249,49.2591998692488,47.5614414266516,49.8296710552814,47.9273764884128,48.2424598957737,32.8328617049843,40.8981874040482,40.8699781797103,39.7149666622261,38.5666338703031,79.0920910206164,34.6333579173877,51.3261616141285,94.9682939117689,96.7479348116358,92.344301418197,87.7736697203648,78.5248910144166,77.4649848242259,80.7690259053187,80.0421595846455,78.4136171197824,54.9082995216562,64.0312710944785,63.1321737028666,40.9505178300661,41.4230180255411,48.3865511617165
55.7549068367096,54.9206933985746,55.6905598459586,55.1978845592921,55.2213844297457,55.5205880950245,55.3779735208644,54.3657825896693,0,22.3861084803744,97.8385506335098,35.7501951748423,35.5421566688345,30.2645851667899,70.9928105093173,75.0196509933668,56.5037409621456,61.3974902878821,59.0948554474446,57.4908766642522,58.3960572274537,58.3866634593705,57.954179512865,68.0961056782668,111.645658323179,116.073862416289,64.8565261126023,65.8959815989947,66.5024064218648,46.6038486042802,47.4969655889141,45.1079352269443,91.3884925300494,58.1700092403539,80.5868058976981,76.4924275705669,37.6907615570254,90.8073935132182,94.1151205762434,92.2178665170989,86.7513907265515,87.1823839764011,87.0733435758575,87.2556347056317,92.9580474492801,92.7954275943189,98.1438161932999,92.4721787705468,97.7681236341991,92.7306709655631,93.9873297212073,58.9336866644375,58.4303140935536,59.4913066245908,56.3421059150374,61.8700033784199,59.9393274353398,59.9325102998477,54.8501035413478,56.246773672315,56.7600342645429,55.755009721367,55.2462092260203,81.8442966103681,54.6331669449328,61.7128521105544,107.410921666451,109.222302906633,104.806385438578,100.220957754062,90.5091795255754,89.453666418191,92.8328703630036,92.1144297537801,90.311463830377,68.6046782370085,77.2929775726673,75.5683664990367,58.2837069221297,59.3183295797914,35.9770747323094
56.090381943589,55.2601139335285,56.0163695837014,55.5470490944453,55.5753873471075,55.8366988721975,55.6844602689414,54.6852266841989,22.3861084803744,0,98.028690524016,36.3672294552533,36.4579690631821,31.2269468432748,71.2418733625531,75.2549148935562,56.9367086247598,61.8234570533897,59.5266870374604,57.9171375025735,58.7432905442683,58.7211950414458,58.292885130698,68.2394349029782,111.879097287273,116.300875344239,64.9621741105878,66.0171480037524,66.7766902265392,46.6298009504432,47.5444170869045,44.8696837164126,91.6184840560224,58.4899289164249,80.8165837896515,76.7227476221063,38.1474844696348,91.0057962006574,94.3143929424071,92.4165080854027,86.945169883823,87.3759872729846,87.2662728908953,87.4484131145817,93.1521299954907,92.991140967037,98.3385147621328,92.6672004247423,97.9630622033963,92.9254057248543,94.1837733497166,59.3288124477821,58.8233982978939,59.8802888923893,56.7501098207372,62.2330733684932,60.3056650709457,60.3046631746184,55.1344347475724,56.5907322082167,57.0994844766185,56.0990341339273,55.5850880777093,82.275402402343,54.9012292869291,61.8631128241386,107.617464707681,109.430024590864,105.013631119986,100.427635019345,90.6991429332511,89.6437116943531,93.025679961791,92.3074697319079,90.498510459572,68.8041108515447,77.4853023136637,75.7613082985886,58.5326162043875,59.6273573385277,37.0068726665833
87.1106150990872,87.1240249881221,86.6948808269725,87.7044483571015,88.5878044577712,86.1549687258943,85.6280690769797,85.863000630907,97.8385506335098,98.028690524016,0,95.4755413801833,96.1528331990748,95.0756160652733,79.0324236603611,80.4938229048489,94.975416754476,99.4136284910083,97.7107302434621,95.3142824000555,85.6594126089175,83.7469476350651,84.1050767192054,79.9554078881662,98.7155489949179,98.8902285950857,83.3110721085451,82.6877625899723,78.5016895999111,88.6278990767265,89.0801552625362,93.1948170270765,81.8752286112549,81.4383206842126,86.2778761032575,83.015902218943,94.3963243415422,57.8161619993222,61.2518172176159,56.7213116914867,54.9248690831976,53.9974475768932,55.266869181321,54.0923927359461,48.1673446489213,50.1981668337301,50.3815349740798,49.5771430316049,48.6214739098956,48.2383816200917,51.7442602339309,92.0832614446448,91.2853304609868,91.7708289103757,91.2345017134993,90.283478969054,88.9590076540998,89.8364375187027,82.0863183963205,83.79011315467,84.0189676776537,83.8247856118927,83.0108688704619,123.28744450348,84.9824899168024,88.4533820200385,73.1411596812239,76.1850608467987,71.4640806214777,66.4905559089604,50.8155157349686,51.1875993258431,47.6975690278895,48.7833578728706,54.306113790284,90.3849575917116,97.3627936168363,76.0974599658447,82.6185745223151,84.2393007955861,92.4029871438173
52.8283105032337,52.0215645098883,52.849013767537,52.2044435692141,52.2580986852012,52.7567020137853,52.6845082731284,51.6298051943507,35.7501951748423,36.3672294552533,95.4755413801833,0,19.5053354629945,25.8618113509542,68.3108050014931,72.4259369081479,51.7600897537746,56.6426744892833,54.2891785010112,52.7929775308772,54.9831708230595,55.08006924869,54.6219251190624,66.0544065553265,109.017022803952,113.485923971988,63.0171761243196,63.9835077714848,63.6357269623298,45.8705117545442,46.6880142509581,45.2530874296844,88.7889432773496,54.9928665250934,78.0319246219191,73.9379233223894,25.1181145116845,88.3974692547087,91.6998712320701,89.8059014184479,84.3696306373515,84.8013664383578,84.696606295225,84.8794928845415,90.5725633992136,90.4003028326575,95.7543821027518,90.0812138796234,95.3771315653456,90.3412848878792,91.5877993461519,54.8421888905605,54.4006184503751,55.4758530557905,52.0904061724571,58.1773052668416,56.2275577424561,56.1598504655399,52.203399148908,52.9149337451877,53.4837810056958,52.4591538263315,52.010690805613,76.3478040605671,52.2608774762429,59.850973868309,104.949816821102,106.754000867356,102.341031558232,97.7591151161999,88.1484797113411,87.0926630001094,90.4549647695159,89.7353074395305,87.9679858971562,66.4009290258261,75.0988164020425,73.2244234571917,55.8216768599783,56.3341743960016,37.0298872658505
53.5004311552415,52.6867284338901,53.5148899940027,52.877079749891,52.9226078631368,53.4174560711072,53.3411495257434,52.284162336242,35.5421566688345,36.4579690631821,96.1528331990748,19.5053354629945,0,25.072140497482,69.00147402724,73.1114925572735,52.6665691657476,57.5596835744872,55.2091715297869,53.6984131707549,55.724949571441,55.813621324457,55.3566326814203,66.711455773597,109.708864045205,114.175415624338,63.6661088677444,64.634386112067,64.3392766899703,46.4253534946214,47.2415720792401,45.8219578144753,89.478434068449,55.7156336151074,78.7149005304198,74.6205346972331,28.0950154306171,89.0769824256503,92.3796747469424,90.4855791742571,85.0476221855746,85.4793481024137,85.3743407514792,85.5572249100759,91.2509286802454,91.0791622673335,96.4329790895057,90.7598533814412,96.0558216192017,91.019854578232,92.2668930229071,55.6640755706531,55.2129238269055,56.2894471558397,52.9296124172038,58.9551337794849,57.006001052571,56.9442040906262,52.8673889103891,53.6455523105866,54.2085689783159,53.183727927798,52.72919516067,77.4064388597459,52.8952436701302,60.4805930389581,105.632245448091,107.43682041265,103.023687101187,98.4415761960046,88.8255339104555,87.7697157706094,91.1329365630243,90.4133278596679,88.6441598768814,67.0507181396542,75.7510652226423,73.8974044197595,56.4802222606162,57.033565253745,37.0556968326817
52.7264005840556,51.9086864563926,52.7071181829571,52.1355868104143,52.1771951173804,52.5780647409079,52.4723194136107,51.4400017049033,30.2645851667899,31.2269468432748,95.0756160652733,25.8618113509542,25.072140497482,0,68.0726509656406,72.1441353655184,52.4949739306252,57.3807098129464,55.0516589716194,53.5055355763304,55.099361027048,55.1454148938364,54.6998713021196,65.497632686313,108.74939179077,113.198114119395,62.3581259743083,63.3623597584517,63.4873886713769,44.7501327548547,45.605824314316,43.7012483779733,88.5073781165079,54.9964959524929,77.7311848826046,73.6372609041335,30.2589254498334,88.021186005645,91.3262403954158,89.4305921661366,83.9793088281872,84.4106499084197,84.3037694646408,84.4863349682711,90.1839574336318,90.0165246373902,95.3677304215345,89.6953579984995,94.9912493549327,89.9546293577813,91.2062205321343,55.2745046471411,54.8046596099152,55.8725201439996,52.5978099634734,58.4226840868156,56.4823244222973,56.4433830490962,51.9637322306485,52.9941880562267,53.5371100624949,52.5224628908814,52.0458236591824,77.4195486124146,51.8978148196421,59.2246981413385,104.598930099055,106.406700880393,101.992265377284,97.4086020489876,87.7474965241042,86.6918458901309,90.0625678879759,89.3435310771695,87.5583776399291,65.9386651353561,74.6291864504474,72.8177401840855,55.4896574182327,56.2495499709019,35.4175848760911
57.6044400908873,57.8502498423051,57.2760239302939,58.3398601850767,59.4441609242499,56.8278911477811,56.3982852019933,56.7684733606447,70.9928105093173,71.2418733625531,79.0324236603611,68.3108050014931,69.00147402724,68.0726509656406,0,38.1986223931624,65.5957769802138,69.9422957570397,68.3393089855383,65.8234537302273,54.3352033073186,51.9417110727964,52.5012297421928,60.8416620950855,88.8767191354335,93.5774386698769,62.8748631545086,62.3922897352729,41.0358003268508,62.8287879659669,63.2335859840054,67.3440851936418,66.4753296265424,48.9720394862953,48.4458598967429,44.9921466154662,67.0650491956144,70.6060726122776,73.8150504316012,72.0803077326497,67.1228000516036,67.6152384243559,67.5734307811698,67.8115599954785,73.5215635940595,73.1347756970924,78.6618129414144,72.8975047126981,78.271366029048,73.2104564334767,74.2382750605527,61.8684166174245,61.0303077621153,61.4079378505883,61.314513109489,59.2636435346741,58.0325489062784,59.0657859877207,52.3515282006942,52.5597262161683,52.7407583721479,52.7772705110974,51.9313480649905,94.253421664146,56.7484193388034,63.6682081732622,86.574918560199,88.2644853953151,83.8897539276122,79.3556732836139,71.6011534375197,70.5165416926035,73.5654349409588,72.7981088296132,71.8288257728698,64.0972106577108,71.7490534601344,56.3843924394437,53.3359923878776,52.5010092363139,65.4509935147856
62.1503985467809,62.3400015858059,61.7671279808032,62.8808507772921,63.9291431892303,61.2629799156771,60.7763806419168,61.1563626698225,75.0196509933668,75.2549148935562,80.4938229048489,72.4259369081479,73.1114925572735,72.1441353655184,38.1986223931624,0,70.3711471340318,74.755153457379,73.1150901858888,70.6406699312922,59.7146780509167,57.4935540817069,57.9635477019555,62.7083783197183,92.6814154344681,96.9713634335817,65.3318678765994,64.7306127936032,49.3751212813703,66.5483749866885,66.9580049703212,71.115900947853,69.8543097045485,54.7259733758537,37.6686742080621,36.5450827688595,71.2261142660885,72.1427080354804,75.4028735629145,73.6959187671291,68.4091303971016,68.9295102298604,68.832838489162,69.0993736588059,75.031729544325,74.701095119522,80.2263503056748,74.4322995406174,79.859123315776,74.7480679962339,75.8394826429997,66.9414791988364,66.1102787362546,66.5405021389826,66.2736845947583,64.6730304966091,63.3838535232328,64.3480027199315,56.7282664781643,57.8320131134473,57.9950577181754,57.9467183134909,57.0759481710585,98.9298324960294,60.8083621280823,66.92183990711,88.728280719058,90.482963200289,86.0780635602728,81.508643341903,72.9270442802113,71.8264156777732,75.0263250283229,74.2513193193508,73.0646256567742,67.2554360678565,74.6782650546179,55.4304671208439,57.3015039395449,57.6612454870276,69.4896237813188
50.4713101815674,50.1330478443998,50.9848253218469,49.7692884362204,50.3741001189275,51.3193403454454,51.6148936418486,50.5985391433347,56.5037409621456,56.9367086247598,94.975416754476,51.7600897537746,52.6665691657476,52.4949739306252,65.5957769802138,70.3711471340318,0,28.4367141418889,21.1072014559333,21.4364164474647,46.6265511175644,47.5339002255733,46.9612911211288,67.9609948577862,106.520804922492,111.300406315316,66.283233001771,66.7753996739739,59.4369740309126,54.7456747066994,55.2598870525611,57.4209973666831,86.5435242507786,48.5395865465252,76.2792905398885,72.2005506804371,49.3899281380339,87.5571820664185,90.8196999169793,88.9484665333963,83.7396885571571,84.1759629681974,84.1036787129174,84.2900303888627,89.9090594600857,89.6656262820791,95.0607402791889,89.3774724480006,94.6715441740667,89.6488270219061,90.8203134388323,37.6979197620471,38.3866506936721,39.3627509182877,32.4758703180138,46.0085106607914,44.000723222367,43.3039988721938,50.8740474470886,45.6737915717315,46.7957706204299,45.8024009703231,45.9103759139257,60.5115077933172,53.106013391026,63.1674936335357,103.721486159825,105.471749880744,101.081010058234,96.5255351465413,87.6692211581456,86.6117075436456,89.8475728666741,89.1193866241301,87.6156701405406,67.5117118352326,76.2106971641473,72.9663928864105,55.4031469518657,52.0225845103589,51.6055844445699
55.2018112674026,54.9009545021369,55.7038476905895,54.5528443676447,55.1962555564692,56.0278772075337,56.3137428820586,55.3388371831298,61.3974902878821,61.8234570533897,99.4136284910083,56.6426744892833,57.5596835744872,57.3807098129464,69.9422957570397,74.755153457379,28.4367141418889,0,24.386127126563,19.6453196367264,50.7528475179145,51.6483919319477,51.1090333479427,72.5418071853623,110.838935638364,115.638350469004,70.9176467866597,71.3945196264778,63.6766253593969,59.5748846013471,60.0884430717531,62.2680214141311,90.884222423396,52.7097083645843,80.682948614357,76.6075953239298,54.2560853104294,91.9776486992069,95.2378020636801,93.3675106031698,88.1724902807576,88.6088133190108,88.5385425988155,88.7248857322661,94.3386490273802,94.091218482494,99.4884229531503,93.8048514176119,99.0984584607991,94.0767581203662,95.2440003263736,40.2896192516887,41.5597475937264,41.9356165673607,35.6926918470119,49.2446354091891,47.3619768717596,46.6438917378036,55.4869919430011,49.9741653681465,51.1354642522535,50.197902852232,50.3326644459591,58.7109583276149,57.8188187519783,67.8539202092819,108.117900276018,109.864960251149,105.47557285107,100.921699029026,92.1094355807566,91.0519450335034,94.2803497902814,93.5517837145752,92.0629678351016,72.1191114786138,80.8067751907563,77.4392500362662,59.9897040316316,56.4471942273157,56.5423109177046
53.3162487322214,52.9789461848316,53.8179127829429,52.6291983228928,53.2331464719003,54.1422536371255,54.4290597792779,53.4224330961985,59.0948554474446,59.5266870374604,97.7107302434621,54.2891785010112,55.2091715297869,55.0516589716194,68.3393089855383,73.1150901858888,21.1072014559333,24.386127126563,0,20.2978779863207,49.4067651792951,50.2928530404139,49.7336180000726,70.6995516615681,109.25241503509,114.032924627896,69.016222678026,69.5111850034968,62.1729036172364,57.4469532324155,57.9648070086091,60.0856265405608,89.2778216300416,51.2947315164787,79.0241397779029,74.9461274954075,51.8776321191241,90.2926517858063,93.5551065821742,91.6837919827798,86.4754509769917,86.911669372439,86.8394613776804,87.0257572770832,92.6444185503415,92.4009363265631,97.7960171532494,92.1128179607498,97.4067848328821,92.3841568966339,93.5555828909054,40.1512207677888,41.0244469268857,41.7792780679181,35.237212973835,48.564593908092,46.6036431836502,45.91524714507,53.6702286254828,48.4870242504246,49.6100025210649,48.6335991162366,48.7384904259043,59.9245276499481,55.8927941872881,65.912155468211,106.456036709286,108.206212490854,103.815518129161,99.2600950627771,90.4047859286543,89.3473048953784,92.5829808769127,91.8548171583328,90.3513082148007,70.2685503054571,78.964648934648,75.7077765002455,58.177679847054,54.8169140659727,54.2517047691697
51.036652910037,50.7399753019133,51.5483083367564,50.3808401434844,51.0303348064826,51.8805152654364,52.1733236334116,51.1948027509779,57.4908766642522,57.9171375025735,95.3142824000555,52.7929775308772,53.6984131707549,53.5055355763304,65.8234537302273,70.6406699312922,21.4364164474647,19.6453196367264,20.2978779863207,0,46.5653991339757,47.4822578164461,46.9336449229621,68.4573484042846,106.728076781327,111.529102938578,66.8452341931618,67.3175328097707,59.5515772803573,55.5569656670115,56.0670307789273,58.2867209488522,86.7735930547811,48.555810406491,76.5700831957893,72.4944605021522,50.4433543491866,87.8759233471713,91.1358402806207,89.2657453810958,84.072033436727,84.508416410658,84.4383254301866,84.624721069285,90.2381762362772,89.9902907229556,95.3877896614188,89.7041140025236,94.9977634670795,89.9761050902556,91.1428722627434,36.1441942573087,37.3122960784492,37.8761610290975,31.1167735115047,45.1693411991764,43.2479458367984,42.5114861770965,51.3521665573213,45.7790827741491,46.9453369667082,45.9987989503018,46.1406713196997,58.0212404839195,53.7059507063218,63.7771564207317,104.014038117696,105.760780314941,101.371519012156,96.8177963840483,88.0100998392373,86.9525809211571,90.1802303499399,89.4515949260325,87.9644515509237,68.0207669590887,76.7097082472754,73.3384575498663,55.8719405848617,52.2890262516465,52.5890226408032
43.2887968978917,43.7339275800782,43.7939658382732,43.4542474581921,44.8659598754924,44.1272338771944,44.4215691351856,44.0623223412039,58.3960572274537,58.7432905442683,85.6594126089175,54.9831708230595,55.724949571441,55.099361027048,54.3352033073186,59.7146780509167,46.6265511175644,50.7528475179145,49.4067651792951,46.5653991339757,0,25.2918399860252,20.9839499910988,60.7419807109582,95.6071897750385,100.630578608286,60.1322569621034,60.2827167869631,46.8632335897877,52.8270173257882,53.2409851875216,56.7128315899579,75.7943204636828,31.1582969665955,65.8975744532682,61.8360500461377,53.3582777840708,77.964044756074,81.1942366351952,79.3419619882292,74.3175210289207,74.7576007599105,74.7117185707406,74.9009728668647,80.4603640438475,80.159182950616,85.5877390712529,79.8960941782258,85.1889266329322,80.1766616495148,81.2873018381779,40.5399288033882,39.3024192200987,39.8236291179243,40.693073784581,37.3780551189779,35.0977836552656,36.0277771623098,42.320722916281,24.9841893483401,28.5563638168449,29.2473059138838,30.6471225207274,76.253077786911,46.8879747183531,57.5822969816879,93.8165034188997,95.5233201698663,91.1504171990799,86.6161852861298,78.3700675793182,77.3111696493801,80.444391905347,79.7092361226146,78.4198342251134,60.1328351518987,68.7245889687676,63.8873908880413,47.0252063209284,38.9401632931727,52.8715583890262
43.0708096176341,43.5597333376601,43.4276086657732,43.4287884149316,44.8468270237497,43.6357999082696,43.8259969024605,43.6457036945865,58.3866634593705,58.7211950414458,83.7469476350651,55.08006924869,55.813621324457,55.1454148938364,51.9417110727964,57.4935540817069,47.5339002255733,51.6483919319477,50.2928530404139,47.4822578164461,25.2918399860252,0,18.2228051674092,59.3774675213332,93.2944415833814,98.3786055631842,58.9903805686931,59.077712982558,44.0531789441039,52.4374605694995,52.8453989736838,56.432646089238,73.5199269423654,25.0672441891216,63.7574255020797,59.7057104159231,53.5100746525319,75.9837317766686,79.2057401978391,77.3579541176286,72.3804584726876,72.8212886233789,72.7822061373321,72.9719814844054,78.5154113706472,78.1998434811789,83.6365351613805,77.9430442019955,83.2352403018607,78.2258324728937,79.3212882768053,41.6568500344808,40.5855357292926,40.8710968221689,41.8335238504982,37.6446698252141,35.9202312503693,37.1770005985242,41.2905926170722,27.157272656289,28.8007807674366,30.2722868693731,30.7206899012157,76.978186897411,46.162978374746,56.6561749338716,91.7568116828535,93.4526939538404,89.0842932755851,84.5554229546984,76.4626801467039,75.4035645202727,78.5108134939296,77.7740172010892,76.5382058331403,58.8864023580823,67.4257032973198,62.0694406288213,45.731407436843,36.9988732952339,52.8480433148581
42.489086670989,42.9914508567796,42.910486710307,42.8023769988795,44.2468555208263,43.1760704545845,43.416123346042,43.1792945825855,57.954179512865,58.292885130698,84.1050767192054,54.6219251190624,55.3566326814203,54.6998713021196,52.5012297421928,57.9635477019555,46.9612911211288,51.1090333479427,49.7336180000726,46.9336449229621,20.9839499910988,18.2228051674092,0,59.4351184629362,93.8945718816746,98.9396695634835,58.9520284065318,59.0641545578289,44.8795385972112,52.1075738758987,52.5159166811934,56.0772693478189,74.0807449842725,27.3378326026993,64.1811531455461,60.1204163896558,53.0392672952023,76.3781457442882,79.6049943819539,77.7552389286331,72.7495646451365,73.1903007778908,73.1470756792325,73.3368782401968,78.8911175067606,78.5837154105889,84.0161358128409,78.3232663562183,83.6164086834525,78.6049263099142,79.709050857348,41.1893570263405,40.0605686722782,40.4736130571918,41.2728698991833,37.7220468146414,35.7933458933388,36.8819579569517,41.0370826162461,24.2188173741468,26.7051206296865,28.4446425990824,29.3446680587209,76.4537682896371,45.8625096854523,56.5016831705851,92.2001186675535,93.9025135515416,89.5313737294826,84.9992564407963,76.8166492169695,75.7574753782241,78.8800072671395,78.1439841242147,76.877669114998,58.8419316570843,67.4114625147934,62.3469229945817,45.6496535354494,36.8711242687014,52.4117758817802
59.2639654321576,59.0608257265015,58.6622567773169,59.8205728606171,60.4915731462721,57.9329033436965,57.2126148517261,57.4449748768166,68.0961056782668,68.2394349029782,79.9554078881662,66.0544065553265,66.711455773597,65.497632686313,60.8416620950855,62.7083783197183,67.9609948577862,72.5418071853623,70.6995516615681,68.4573484042846,60.7419807109582,59.3774675213332,59.4351184629362,0,99.2679294920617,102.843887160547,44.2267886824264,40.8045962499487,59.8551558886824,57.6709912668041,58.12460828353,62.5353938992241,78.4608235742696,57.5908572935198,67.3529785407495,63.3489216526862,65.1408577933372,73.7800470108575,77.2030455900497,75.2535755557464,69.1099560630902,69.5389547710457,69.3270723502615,69.5110418120679,75.4801881011472,75.510450263839,80.7589897256668,75.1008353668179,80.42060795438,75.3329822693787,76.7942200289691,66.178679417148,65.399251346608,66.0928720687777,64.9000916172936,65.6714269444668,64.0980789834775,64.7085465413972,53.842945051761,58.4552217724408,58.6057318391071,58.1321384912188,57.2263485067598,95.9151762369406,55.3131348954514,54.4575555494501,91.512222009566,93.4742556918445,88.9956340842496,84.3356345476559,72.5086564985958,71.4492357030607,75.200586282009,74.4995055565149,71.9571249000542,56.6705879437092,62.3042035285266,55.6006031961935,53.3007200800458,58.512643503796,62.679663875231
99.3763315941408,99.533940320678,99.0977706994963,99.9823954423453,101.012499225538,98.6940355180485,98.3020797748164,98.5257639690133,111.645658323179,111.879097287273,98.7155489949179,109.017022803952,109.708864045205,108.74939179077,88.8767191354335,92.6814154344681,106.520804922492,110.838935638364,109.25241503509,106.728076781327,95.6071897750385,93.2944415833814,93.8945718816746,99.2679294920617,0,57.8632303231588,101.689638890241,101.203594337721,84.6304417718985,103.323830857132,103.752970273596,107.779556495636,80.3112669421293,90.6930961770307,99.5906539526499,96.31051989336,107.798900482489,88.3466294571291,90.7712924877063,88.4862162995694,88.5702326755789,88.7259388769246,89.4432376439478,89.3503647970436,91.8589319578785,90.435428067185,96.0971597714452,90.7539775865835,95.3138579530191,91.0558669130379,90.9229080077086,102.706944280327,101.900662633361,102.201387903387,102.220331702827,99.7933212911394,98.704809142769,99.8146175167926,94.7156134413031,94.1399612454201,94.4656501003554,94.478237398693,93.7670374874083,135.125444149181,98.4398808731551,104.173499669177,92.6985370541785,93.0332451807542,89.3778085784739,85.6382616651144,93.1043579861177,92.2032459686829,92.7945247071647,92.1019839989043,94.979465658894,105.618466880323,113.06052598544,95.2099675732832,95.9920503578784,95.1719393908515,106.161769808113
104.019344086259,104.156217482639,103.717627129906,104.626769815181,105.635411156713,103.29100212953,102.876487801706,103.105763989364,116.073862416289,116.300875344239,98.8902285950857,113.485923971988,114.175415624338,113.198114119395,93.5774386698769,96.9713634335817,111.300406315316,115.638350469004,114.032924627896,111.529102938578,100.630578608286,98.3786055631842,98.9396695634835,102.843887160547,57.8632303231588,0,105.431746103872,104.917849102658,90.1182351135631,107.614769737522,108.046816302021,112.090359840414,84.6811796706193,95.8131142250904,103.748324902286,100.495789051489,112.289081938556,88.4639668791759,90.7435776797616,88.2302908049002,89.3637867096937,89.429657777407,90.3012458889333,90.1229481545924,91.842714606878,90.2138917247387,95.846350817978,90.6534205959642,94.954701474724,90.9335366279301,90.5642934502399,107.635069390126,106.829244143421,107.161356154804,107.089210086262,104.906398359512,103.77652124841,104.847439718691,99.2855070382599,99.0919034164207,99.3986485233867,99.3791449773134,98.6483448798005,139.860056654423,102.894075973506,108.295173736697,89.3767456260496,89.258317079479,85.9309254359574,82.5124203662433,93.7626230198638,92.910143826602,92.9655449912775,92.3055715144434,95.9518565775993,109.78346065603,117.152794784919,98.5683055532379,100.433726595757,100.005469457786,110.595927609147
57.8444188798691,57.504802905272,57.2315317246735,58.2863555085021,58.826914692621,56.4931838450041,55.7654484372965,55.8575077530195,64.8565261126023,64.9621741105878,83.3110721085451,63.0171761243196,63.6661088677444,62.3581259743083,62.8748631545086,65.3318678765994,66.283233001771,70.9176467866597,69.016222678026,66.8452341931618,60.1322569621034,58.9903805686931,58.9520284065318,44.2267886824264,101.689638890241,105.431746103872,0,31.2285398120296,61.0527130796514,53.692909072841,54.1771708735163,58.6395892351493,81.0553389935499,57.4577308442471,70.2657163393745,66.2445543310976,62.2081313828833,77.1007672185039,80.5018769832642,78.5452152269525,72.5472444910525,72.9651987493746,72.7798171947736,72.9518964373956,78.8207855974474,78.8268078359007,84.0758854023203,78.4307654876907,83.7274910889139,78.661699475783,80.095735639322,64.9959008988586,64.2381855387426,64.9983340730225,63.5429495282881,64.9732591035301,63.3317810440249,63.8483576724766,52.8552362452025,57.7900521202932,57.9641005082706,57.3847124181634,56.5017523714913,94.0258286537415,53.4294388295814,49.6214109764794,94.5901256997815,96.5262964428784,92.0595069605756,87.4134013937206,75.9355278027763,74.8845771937678,78.5628636970012,77.865466097884,75.4328632550126,56.6349909661522,63.3302190690295,60.7181946315744,52.7615836042839,58.1347122125294,59.5103362600255
58.1645771188435,57.8674875567075,57.5429036824372,58.6530116978735,59.2347571618201,56.7941129539957,56.0543918185492,56.2059539333427,65.8959815989947,66.0171480037524,82.6877625899723,63.9835077714848,64.634386112067,63.3623597584517,62.3922897352729,64.7306127936032,66.7753996739739,71.3945196264778,69.5111850034968,67.3175328097707,60.2827167869631,59.077712982558,59.0641545578289,40.8045962499487,101.203594337721,104.917849102658,31.2285398120296,0,60.7632144922245,54.9724710466273,55.4370842767052,59.9300655593464,80.5272623373844,57.471513138831,69.5977272539547,65.571420796773,63.1362863639933,76.4682253892693,79.8727481403792,77.9192778375021,71.8967035455209,72.3176956967762,72.1274377046223,72.3026915130185,78.1928366343139,78.2012308254499,83.4523352703579,77.80338882681,83.1058455157166,78.0352257001937,79.4721859592253,65.3330625338007,64.5671126567703,65.3093858817286,63.9324961737578,65.1689753650553,63.5448114900189,64.0879752904213,52.9728632136534,57.9449978821061,58.1067789928724,57.5558265295589,56.6598707856452,94.5924369183429,53.7894586940065,50.539692223513,93.9993555855488,95.9393161597323,91.4706467053813,86.8223582553359,75.295672069098,74.2425401184372,77.9324047118523,77.233637891343,74.7875925179788,55.8508823475805,62.107619176327,59.6687872794665,52.6395800388409,58.1670507318786,60.5109082162838
52.504873549865,52.8295201140041,52.3374326825202,53.1718745297356,54.3646153212978,52.0483363666633,51.774363376026,52.0326184050072,66.5024064218648,66.7766902265392,78.5016895999111,63.6357269623298,64.3392766899703,63.4873886713769,41.0358003268508,49.3751212813703,59.4369740309126,63.6766253593969,62.1729036172364,59.5515772803573,46.8632335897877,44.0531789441039,44.8795385972112,59.8551558886824,84.6304417718985,90.1182351135631,61.0527130796514,60.7632144922245,0,58.9855111538433,59.3899165906567,63.3536736655818,64.3461643018601,40.7243976125423,56.9231670567491,53.1705891446466,62.2936214187929,70.0514395172252,73.194660222406,71.4007341215496,66.8723078504747,67.3231865885689,67.3502295172374,67.5473291612833,72.9480873434729,72.4923749055124,78.0119597222798,72.2960079199683,77.5882995095399,72.6018216094569,73.5499872365397,54.9364358093913,54.0978346753323,54.3063239044712,54.6972317886797,51.3435526182468,50.3244046544893,51.5688349397894,48.0177005056952,45.5496660476605,45.8692119518489,46.1069208807616,45.412324585197,88.3058632172192,52.7242652698281,60.8263917529297,85.1131995243928,86.7087838935845,82.3800490401194,77.8990080535024,71.2598102825876,70.1977229046755,73.0538048325019,72.2996696678837,71.5902493899024,61.7995937688355,69.7738325312124,58.3547463904368,50.0482891578691,46.5447960114238,60.9612676088911
