IBR/IBR_outputs/all.combrep_1/FireFreq_2000_2008_Total.Silt_Total.WeatheringIndex_Total/FireFreq_2000_2008_Total.Silt_Total.WeatheringIndex_Total.asc
NCOLS 160 
NROWS 95 
XLLCORNER 210004.651214014 
YLLCORNER 7350008.22228844 
CELLSIZE 4999.99999999997 
NODATA_value -9999 
[rows 42 to 62 of 95, columns 46 to 91 of 160]
50.6674804362076 51.4014813910785 48.4531734369926 43.7473069045381 37.6543621639737 36.5886225431163 34.0821112259521 33.7723817481487 34.6811388735468 35.8758569637294 31.3707222920493 36.8198200481589 28.9253569625755 28.1534400179287 24.8730080753587 27.4500981357753 45.4048630107521 30.605395730934 27.5610060214419 29.5555280852145 36.2764369375425 31.5688224123564 30.1757868804796 32.2088022961084 47.454426958418 70.0325094757761 80.8012580781966 39.3848433970841 37.2883963217812 33.8691172163304 21.2649349769026 26.6184007255193 31.3767128782466 28.3602982720957 43.4871798662533 26.3963056866879 24.0018273679315 22.9726039443126 22.0434383199 23.5956883948166 22.5149573275747 24.078080849857 27.9516161219817 23.3918437208263 24.7373709849197 24.8180635006996
51.1421603444868 48.039614192207 43.334935165041 38.3841531161451 35.9854412582813 35.1604348688911 33.1362049654486 34.4317037007137 36.7918074729611 36.0024893685428 51.8611247390014 76.2673304180859 140.441327739097 44.9092883074065 36.5351456263739 43.611662001198 49.7368319312975 61.4285338591959 31.5554143829383 33.8267904273161 30.1106027801241 35.728996782588 37.5361433744655 35.8686985105445 42.4963658997692 59.362030076712 81.9703883844834 68.4752182369764 26.2203051996837 17.1202630364035 18.6186448015133 22.0604364861719 24.0088497802861 29.510380780353 37.0687338533967 38.98285838793 35.1187751878311 23.9881160890104 24.4959318621134 23.3729145513013 24.5377133051983 24.3797088968044 27.6841993620676 27.9895398070079 26.7121026994895 24.3730236244973
29.4797183515775 32.5227507427179 34.549615392269 35.3172392857872 34.7311575668309 33.8232413557325 33.6050764525142 34.9363721227056 59.5121370347801 81.2986959551401 58.6595388039703 37.9272669972753 52.3304410065556 105.367282040432 76.4478996304673 53.9207006788476 45.5248677060275 44.7148797428551 65.0478632451424 73.1062377399812 122.417304701942 52.4658601534625 27.0791362300769 30.8746480766963 30.4566602148029 31.3065818525173 55.6741955137621 76.2747326592676 45.1968188040823 27.0231733986265 17.1881798819698 19.7009562820363 28.5441577460262 92.0803071036239 34.8729497397564 40.3907456586418 32.765601147295 34.4498770703487 27.1740528372444 21.2875532842654 26.2774831943923 22.908385004105 26.4980528575162 25.8710092676712 26.8460693916222 22.969139838641
25.4803943529779 28.3066496851448 28.4997132771311 31.3925829014688 32.5589982824246 33.8936243305779 31.3514955982739 41.9965664548914 79.1984204780816 36.1027978688952 28.2593197863328 26.4493453939915 30.9120793005268 39.8048845092285 76.2477892283099 86.0314554048086 46.4998799673725 50.9065902606407 92.8270866405374 260.611162979654 206.74900427869 141.234980365634 38.1566984623332 29.8699898931501 26.848851114109 24.628810806934 25.9010031214213 40.6665405012749 53.4137503350096 41.7317738287102 30.7035651654046 22.5964770959662 30.1451455276588 62.3389502581427 52.501630933298 26.6947948825138 32.1126374608213 40.5564660758351 31.517063236247 35.2701566961192 30.8088827210949 21.46628330001 28.9293767298305 26.3200778839362 26.6706984616904 24.0482962724436
25.2740178478656 25.9691765053301 25.7368724022693 27.611322105515 28.0123040696498 26.4506180749693 26.2179500946169 26.688933282396 26.4164825775227 25.9665908627427 24.8243616111333 25.0421150833691 24.9331470274282 27.6149816054238 24.4086432619629 25.7855121872106 39.9802970782287 38.6286085697436 43.0382079032184 84.3339941523652 56.0777061691028 47.0215432046589 38.8054852345178 33.8796460453033 28.2282485359567 28.6463924972913 29.2083207683285 31.3908831845136 32.0187294707571 46.4129292650705 34.8994010054785 24.6407920637555 33.5189218768966 63.3152241305058 55.9564465226299 40.6680282608992 36.4121723865095 41.4015445554124 43.3608453257778 36.3381827879168 25.2151040799114 27.9705103241506 33.8783824589316 28.861222469821 25.86572480916 23.9411936379793
25.714876745668 23.3018454151999 24.4856526595149 25.7765318530592 26.2341630955902 23.7645209719376 25.1615076942948 24.3629583153768 25.5316499129976 27.7746758596801 26.7886549012884 24.9996598081629 24.0253143411782 25.6850097092536 26.9284371806633 27.2792510756121 28.2420062294126 22.5519948800579 29.2383264596692 29.9714271818493 29.5531769948249 26.945550032753 27.9329783597453 32.8459398070037 30.279033675806 26.985139958304 33.906426522411 70.280710783918 178.249616952593 103.8293989951 34.6225914233876 29.146436540201 31.5625272647443 42.329897987423 54.0623673379319 65.4523604649508 51.9307218363775 46.2077238071457 39.6104551746542 28.4541256291339 29.3769658812387 33.3055703793139 31.7474607708653 23.2512328502734 27.3810316087783 22.7129405198743
25.193875163459 25.3100805496674 25.3049335014916 24.4258045272095 23.5292689776752 24.5490079846438 25.262451771937 25.473541533847 24.5100184952199 25.7148824829603 26.5207517208238 25.0100713487041 26.5433832731234 27.026715612503 28.3118985991368 24.9470462852751 24.7121311541371 26.0213353549098 25.8784244704383 26.6052083819338 30.129779776417 22.8378301469868 24.2427134344921 29.6251347103996 30.6095187300474 42.400001903376 123.252304677753 243.056547608141 238.538990355166 180.368943698543 207.175594904691 76.5228017349408 35.4079753248108 47.4214550679109 48.1589582538041 55.3604729356001 47.7494389048578 40.0527817537515 38.0636752858407 39.6176281160521 37.8277367764302 37.7729102885841 31.458990021267 34.131050652208 34.9589620221973 22.4837536090482
26.5260086524684 25.0733086890948 24.9577237464072 23.8148100898424 23.4442138453236 25.4076624610599 24.9343156242373 24.9316930187875 24.068360655589 23.643931916249 25.7146083547887 25.8203830208671 24.9341989835724 25.4889240680102 27.3156031192855 26.2108626952477 25.4827367969842 25.9841087402791 26.0133856355013 26.0292476975156 27.003905709134 27.2561169198196 25.4927554833296 29.4839771948424 26.504101329679 32.4931649870449 50.3337833212788 40.3899310155426 41.4838926699357 59.3165807561075 116.254821414192 291.165821094617 117.814329266228 43.1807349468459 66.9103749621999 46.913512361143 45.7303828273159 40.717496539703 46.9194032209184 46.9856552178357 44.2979247221232 43.2781323344759 33.4191482466907 35.2431889278723 29.1177609235471 24.1180471752719
23.0836882892904 26.8215795424672 25.4364457127387 26.5526724100422 24.1679271008618 20.9293913858059 24.0935646983202 27.1581558764158 24.7562185598187 24.9133594740139 25.4454396939063 26.828303398874 26.7388446128597 28.9410872108549 26.3486057022524 26.316946083397 25.8372308477803 25.7020907332358 25.4913207648243 25.4858285848723 27.5376678602649 27.12503948294 26.9185640555141 28.6719025064002 26.5642129997538 23.5680786255149 29.7666220753102 27.8458944553752 26.7628352526119 27.8653049387285 31.5242151890658 46.2111171733749 107.341370795299 42.7214612510055 39.889243518233 45.566006032859 43.4224141676338 38.0649036723996 42.5745264144007 34.356236453954 45.050125037617 46.411443599644 61.2342340249283 43.3837321952063 30.1106588361485 26.8701910827739
25.4902531814618 25.0424970459204 25.2045243448234 26.0431177508226 24.3295366888155 23.5827898581325 24.5328187608803 25.8233886745223 24.8706283387076 25.4123301697355 26.5841982393782 25.7046376880346 29.0567188146483 28.2081009295794 31.3612579032286 28.7098203673305 29.0677410028602 28.1950500261914 25.8209888223599 25.6581232240321 26.5159336958328 26.1807481428653 25.1099672533299 26.1580275559582 26.927446657245 27.5027536910598 23.5217719619756 25.4381067514594 26.3826424358558 25.0917609770372 23.1528301171197 26.807213829216 28.5115272434039 62.6978147679827 41.565993516305 40.3985428479647 38.9482334814716 35.158285352192 28.5738183337352 27.9459991726272 33.726148761083 43.5136080976552 43.0669902750243 51.8751020487246 56.1632935010774 26.9328263824816
26.5284470272788 25.5642976813009 27.485976099694 25.0488089238215 24.7878272237496 23.503891945848 23.7931255336705 25.6468270104296 26.0643450439324 25.8820994625621 25.6166348498808 25.8591832459009 27.0663172800939 26.7086083091282 28.107249284272 29.1620860317953 31.7093993072877 26.6237096335239 26.5419270520614 25.1103592521105 27.9388201594017 26.0803163166714 22.0786400480298 25.8547322948415 23.849229868078 25.3347178981437 24.5857437035939 25.9140368352195 25.7902811532168 24.1740317303617 25.088711128258 25.5773904274991 25.9425436025037 84.5783482421718 36.6718913707204 35.9612411258458 33.688155571809 33.0997798563921 35.1034409232443 31.8905248307845 33.5429550655425 36.0975638083855 35.8777806017633 39.3231454028407 36.6691265969288 45.5312664038732
24.824995279604 25.5000035773736 26.568153635142 25.0450070888554 24.9424976699993 23.0783289013389 24.7947208813002 25.3287482254525 25.4742681246175 24.9387029081141 27.2871987329623 25.3017341972188 26.4066825236906 27.6743759915473 28.0045723811824 29.7797642363179 29.2305511922836 25.9986980807588 27.4618746263365 26.598951942711 27.3767695771709 27.22220853146 24.6220614157583 22.6807165135429 23.7995167287704 24.6833554856364 23.3033595016697 24.3532511609379 25.8530606581955 25.4681209096991 27.3469487782875 28.1101511754273 28.2791158081012 59.697694567069 132.430199141993 83.8881347601962 69.235734818666 46.6828127156049 56.0413908212699 47.9013887679702 47.1077289199666 32.9328442030099 34.7015281689262 33.2589956130254 35.3888578694665 28.7535730533128
25.1269606746775 24.8818407373153 25.3258180204833 26.0854717539484 25.1834568640196 25.8621420941156 26.2839392613897 27.9038564375697 25.3876666844927 25.2397814339809 26.3774403575924 26.6670573063548 25.5667762555372 29.817018427013 30.4441479163149 27.2449408953043 30.5118703880618 26.4892614212384 24.9207156475709 26.0012003045113 26.7734435251839 27.1900541590245 27.8934644048373 22.4207386938424 22.1367232757155 23.434990842009 21.52392142448 25.8805114132672 27.0754213644052 25.7507895657707 26.0169284743137 28.0021189041165 27.6393768093003 26.3730917173858 31.1257755638215 66.9490870647375 52.4976700531559 79.2613647283145 196.218622467866 268.259191248149 271.091708531632 165.654077704331 135.769490189356 35.8013232123608 29.3647014052407 28.9962704980892
25.1346724734082 36.4201469752255 28.4734144348535 28.7871734949621 27.6993794978554 25.4871811768223 25.7041694678455 25.6455673448569 26.6911372412103 26.1441764130834 25.7711888944105 26.2934443805275 23.5582870196292 26.8606721543911 29.4520318455572 26.637977663512 30.9959814219202 29.7632169756635 26.6977888991335 25.6374827918466 26.93880645715 29.4559090595261 28.363874495593 24.1794368743213 23.6757826186136 25.7080961831544 26.4721247893058 23.6302511783417 26.3068863823863 25.6752604509708 25.8164115202874 28.1768300759545 32.0609291368455 29.2640546014137 32.4254887912933 30.9587872242318 26.4045285911486 33.0204392236942 34.0436403029673 26.5738507239073 40.9981806937517 96.88175031123 82.9904184471435 77.2061130887244 102.327340485563 41.1089286677521
25.7449652552363 27.0295173817161 26.9611602027164 29.7637984598621 28.3245756135957 29.7275928438423 28.0578384599122 26.7173349410213 27.6552323884271 26.1570368569408 26.3686864257533 26.3464463142029 27.2424783333977 24.7679936929556 26.0757818135013 26.8923202920746 28.2405999608075 30.3063958943549 28.4410808596331 26.002530464939 22.800446805235 24.154315401365 30.1783166571269 24.6267480052315 20.2958642268577 23.4818833464415 26.6059852047972 24.7978794240211 24.2247753723271 25.5448900848996 26.7176276086354 27.9781734589087 26.0108672305142 24.608563055392 26.2137101762088 26.586135093047 27.1357217236095 30.637862199632 31.8390256020332 26.1871950450391 26.8263449894958 55.4184479664996 83.3140211019205 42.3364739529627 108.460088639105 150.250169900982
24.9131830435765 24.9740251799386 26.5586572241462 22.6589657556507 25.0270807064846 28.7808136230239 26.9236639035246 28.5854281884188 28.2800064662409 28.3288612277746 26.0307809051916 25.9338435352018 26.6041729643946 26.3581922739524 26.408235024686 26.5687489135095 28.2179778327158 31.6541433661884 28.8774649024715 26.0105544263993 24.9272392843031 25.7632993497609 28.6189029208769 27.2276692155434 23.1619883156732 24.2503509040677 36.942022571376 43.3102745174068 60.7862828738654 46.3308060791114 86.4143659279201 46.9581071688139 27.2034213436404 22.1967456881281 23.1547105699316 24.7477887075199 27.4558902748303 26.9986840845092 24.2535338383909 27.3115770128543 34.0559421914674 28.283754173148 25.4699788684381 46.9653806232398 39.5472388022243 28.0950348150087
24.951365031416 25.3040332915053 25.6025873136398 27.0735564375209 24.787938557367 27.5995004714391 27.7610713092919 27.2162446123889 27.8462355746738 26.1481856746565 25.8435211383962 30.4463045958921 27.8363593626235 25.2538797506864 25.8339297641361 27.3152838705331 28.9645292635637 50.0601899024512 27.5679061002874 28.5314716555322 30.5981283222249 31.5270748635978 56.979852253491 34.7696180606912 36.0079395176269 72.4777379492275 56.9912428887474 47.7188928454696 167.572916966864 50.3527750081486 30.9425580996963 47.6953153532971 27.0798139368274 21.8611843090136 22.456737671115 24.2031935170505 26.8213510335612 25.5179647066925 25.2156150948954 25.6402984688401 25.4025819793939 27.6558555319062 28.2326262008484 30.5748998209868 24.9377971060869 21.9203282540937
24.6559908370003 24.8562923821557 25.8389910709737 26.1276053804189 27.09866048689 25.1536237128673 26.3226571203189 25.9086587488541 28.9763042191182 27.8648134458021 26.4897008259432 29.5746608923617 25.156233466729 24.4350119396276 26.9600927377383 27.7845721449605 29.4462284717568 27.7814020674369 26.7159639159843 27.5418738863163 28.7520797388794 30.4351869899553 34.6394290770789 27.860615380953 33.4416588875582 44.2416137320194 108.155397955113 86.4039841074006 144.59295689566 72.998912835113 30.1393880810297 75.5245006786299 24.382747968405 22.0143347125517 22.5574867860146 22.1342687860439 23.4073475815699 25.5248314346432 25.3154366274296 24.564189727574 22.1731058989711 24.9266841767826 24.6815978804428 25.9564947302967 30.6413440464956 25.6822402063863
26.1158800491604 24.9139649006633 25.3127654750342 27.3475755578221 28.0437340075147 26.005222513471 27.0006259594617 26.0530116701427 26.2316372331629 26.2151272631282 26.1234112530676 26.4888878169108 24.7048197693052 22.1317271240596 27.8231856242028 28.7852439322419 26.2012981831826 26.5771543522233 25.6507755491964 27.8715048455739 29.9078865184843 31.6673681816245 28.0493499876084 29.1048773259165 40.0521254802177 61.0775251974528 38.7662388499143 35.200234034282 32.7179482873732 33.9647491148549 30.6573565138658 101.711619653798 27.0984841361214 22.2097550231645 22.8455407104638 23.9139657982329 23.8339491731638 26.246001067928 25.8492009253149 24.9490906966341 22.1725538500464 25.2540247680391 24.772906109663 22.2225963324386 23.4188038039862 26.2497848566428
29.9338808336527 29.6575037375286 26.3353272329596 25.8907864901283 25.7889757781974 26.1773232766288 28.5652566825708 27.946351510157 24.9288173718826 26.578323417871 26.6437749727462 27.9506165689754 26.6690565119108 26.9676355104604 27.5497445278123 28.6025025496929 27.1477789101577 30.616105508459 26.6480990042407 27.0167831557263 26.5887390778227 28.8886811032872 28.660337617582 25.869353924894 29.7452010452056 35.2357010100847 27.8541384096156 32.0121099236301 34.5477900246865 29.4885468549613 33.6096862116397 54.8041864388262 33.9152780725674 22.7875469112286 23.7100325319843 23.7863638276937 25.1003494390254 28.2669436157786 28.1000934866832 26.0757398119995 21.6074192397915 23.1563384084383 25.3341581543249 24.0672282055754 24.7146722543296 25.3271906883846
27.4595005636184 28.1687398472664 29.7102483015033 27.2011132372172 28.2738228324021 27.2512187016654 26.7696947467606 26.8282276770157 26.9644450214662 26.9518434195165 25.7648966973063 26.4996991569925 26.3961959797135 27.0980638785243 26.3555046705932 26.8147640414826 26.5954515049228 27.0332535741949 27.6054038747897 25.2115423918191 23.7730900642432 27.1901152873792 30.4858745270656 30.2749776987171 31.8809316634672 26.1768360179804 31.6187777858538 28.594320677289 25.7573793571953 29.1280540579221 28.550729519443 35.1623309733053 33.1517732571108 21.9603581001991 23.6369033303263 21.7684510202807 20.2419270240134 19.8180286691855 23.9743874852907 25.6180477237453 19.990928583237 22.6809495521083 26.2408955366697 26.984089624478 25.5210573070065 24.790197081792
