0.131691 0.868209 9.9991E-05
0.0993844 0.900516 9.9991E-05
0.239639 0.744118 0.0162429
0.0130971 0.974506 0.0123971
0.0236871 0.917548 0.0587654
9.999E-05 0.942047 0.0578532
0.0923265 0.878469 0.0292041
0.00516987 0.99473 9.9991E-05
0.230643 0.707708 0.0616491
0.25388 0.681596 0.0645233
0.100007 0.692737 0.207256
0.260706 0.644818 0.0944762
0.127341 0.518014 0.354645
0.203845 0.670515 0.125639
0.245196 0.694731 0.0600726
0.141108 0.853549 0.0053432
0.275225 0.724675 9.9991E-05
0.123847 0.876053 9.9991E-05
0.633948 0.167998 0.198053
0.716258 0.25767 0.0260722
0.735435 0.264465 9.9991E-05
0.853156 0.0691355 0.0777083
0.98155 9.9991E-05 0.0183495
0.7932 0.168297 0.0385031
0.709498 0.290402 9.9991E-05
0.95444 0.0454595 9.9991E-05
0.935027 9.9991E-05 0.0648728
0.938005 9.9991E-05 0.0618945
0.995258 0.00464226 9.9991E-05
0.835468 0.0851654 0.0793662
0.939065 9.9991E-05 0.0608348
0.880706 0.0753685 0.0439253
0.889924 0.109976 9.9991E-05
0.270744 0.674966 0.0542903
0.304145 0.695755 9.9991E-05
0.129387 0.803129 0.0674847
0.0702615 0.897036 0.032702
0.176714 0.687645 0.135641
0.660512 9.9991E-05 0.339388
0.801434 0.10939 0.0891759
0.180098 0.745018 0.0748836
0.140105 0.859795 9.9991E-05
0.301448 0.511549 0.187003
0.143379 0.52259 0.334031
0.0494501 0.64955 0.301
0.657928 9.9991E-05 0.341972
0.284142 0.634711 0.0811468
0.118007 0.643732 0.238261
0.43533 0.467436 0.0972342
0.0292958 0.125693 0.845012
0.0238886 0.0796285 0.896483
0.0179003 0.0923472 0.889752
0.030763 0.116622 0.852615
0.0942002 9.9991E-05 0.9057
0.0942697 0.00454918 0.901181
9.9991E-05 0.223234 0.776666
0.00226612 0.0765339 0.9212
0.0693352 9.9991E-05 0.930565
0.0294706 0.101481 0.869048
9.9991E-05 0.245255 0.754645
0.082076 9.9991E-05 0.917824
0.0934658 0.0888705 0.817664
0.0642646 0.376553 0.559182
0.776805 0.195364 0.0278311
0.803009 0.182522 0.0144684
0.921778 0.0781222 9.9991E-05
9.9991E-05 0.20866 0.79124
0.031494 0.271 0.697506
0.064876 0.0987448 0.836379
0.0841775 0.0190918 0.896731
0.0792039 0.036833 0.883963
9.9991E-05 0.666431 0.333469
0.0535782 0.612198 0.334223
0.0720791 0.558613 0.369308
0.0552604 0.598907 0.345832
0.2079 0.534705 0.257395
0.11355 0.550483 0.335967
0.122029 0.60994 0.268031
9.9991E-05 0.225059 0.774841
0.122786 0.279049 0.598164
0.103327 0.0464363 0.850236
0.151855 9.9991E-05 0.848045
9.9991E-05 0.154749 0.845151
0.76682 0.162706 0.0704739
0.129849 0.394487 0.475665
9.9991E-05 0.561188 0.438712
0.625546 9.9991E-05 0.374354
0.178157 0.821743 9.9991E-05
0.188031 0.811869 9.9991E-05
0.170732 0.769831 0.0594369
0.274512 0.605905 0.119582
0.0754403 0.906039 0.0185208
0.0166074 0.540008 0.443385
0.672558 0.276565 0.0508774
9.9991E-05 0.593396 0.406504
0.342806 0.499692 0.157502
0.152703 0.847197 9.9991E-05
0.097698 0.889173 0.0131287
0.162202 0.811402 0.0263962
0.0574609 0.835806 0.106733
0.0554582 0.883651 0.060891
0.107944 0.891956 9.9991E-05
0.0668472 0.476642 0.45651
0.155555 0.462426 0.38202
0.0424021 0.509059 0.448538
0.214471 0.670804 0.114725
0.0888846 0.661352 0.249764
0.52836 0.462092 0.00954834
0.0372847 0.144269 0.818447
0.0706473 0.0720949 0.857258
0.158821 0.449465 0.391714
0.227787 0.42219 0.350023
0.332598 0.359482 0.307921
0.788005 0.187183 0.0248126
0.109742 0.0822616 0.807996
0.0151545 0.164029 0.820816
9.9991E-05 0.345855 0.654045
0.574634 0.379754 0.045612
0.293268 0.688757 0.0179742
0.0549542 0.891167 0.0538789
0.0834265 0.814343 0.10223
0.406215 0.593685 9.9991E-05
0.166123 0.833777 9.9991E-05
0.119918 0.872048 0.00803396
0.0349844 0.916622 0.0483937
0.391058 0.608842 9.9991E-05
0.149951 0.849949 9.9991E-05
0.234419 0.765481 9.9991E-05
0.173352 0.826548 9.9991E-05
0.31828 0.601834 0.0798861
0.128816 0.815628 0.0555556
0.262967 0.675419 0.061614
0.0557256 0.909161 0.0351135
0.908596 0.05165 0.0397539
0.899029 0.100871 9.9991E-05
0.9998 9.999E-05 9.999E-05
0.833077 0.116976 0.0499478
0.862523 0.043476 0.094001
9.9991E-05 0.870325 0.129575
0.147627 0.852273 9.9991E-05
9.999E-05 9.999E-05 0.9998
0.124872 9.9991E-05 0.875028
0.0671722 0.015223 0.917605
0.0885704 0.1305 0.78093
9.9991E-05 0.0423822 0.957518
0.15133 9.9991E-05 0.84857
9.9991E-05 0.0395147 0.960385
0.0628252 0.0134348 0.92374
0.0993688 0.0217119 0.878919
0.0752069 9.9991E-05 0.924693
0.0148147 0.081624 0.903561
0.0398843 0.126447 0.833669
0.0417119 0.133399 0.824889
0.0749902 9.9991E-05 0.92491
9.9991E-05 0.0627202 0.93718
9.9991E-05 0.0224834 0.977417
0.0922061 0.0114467 0.896347
0.0436926 0.584692 0.371616
0.0700235 0.675619 0.254357
9.9991E-05 0.0749056 0.924994
0.037989 0.234783 0.727228
0.0376021 9.9991E-05 0.962298
9.9991E-05 0.651891 0.348009
0.0345027 0.965397 9.9991E-05
0.271113 0.728787 9.9991E-05
0.500622 0.443993 0.0553856
0.632028 0.350539 0.0174336
0.828318 0.141504 0.0301776
0.861122 0.106302 0.0325764
0.787739 0.212161 9.9991E-05
0.822297 0.134797 0.0429064
0.759616 0.120081 0.120304
0.846841 0.116006 0.0371533
0.150615 0.828736 0.0206493
0.134222 0.776087 0.0896909
9.9991E-05 0.949456 0.0504436
9.9991E-05 0.965501 0.0343993
0.0103433 0.952603 0.0370538
0.0804552 0.873156 0.0463891
0.231479 0.748245 0.0202762
0.26048 0.65795 0.0815701
0.104233 0.802874 0.0928932
0.178368 0.735717 0.0859155
0.159085 0.775297 0.0656177
0.805654 0.060057 0.134289
0.0330644 0.104969 0.861967
0.118233 9.9991E-05 0.881667
0.0587241 0.010581 0.930695
0.0413844 0.144553 0.814063
0.0656774 0.111054 0.823269
0.336746 0.503301 0.159953
0.306016 0.693884 9.9991E-05
0.117919 0.881981 9.9991E-05
0.333494 0.656091 0.0104149
