0.171911 0.827989 9.9991E-05
0.181834 0.818066 9.9991E-05
0.210243 0.769701 0.0200558
0.0140975 0.961722 0.0241808
0.0537705 0.936776 0.00945341
9.999E-05 0.96807 0.0318297
0.0478322 0.941376 0.0107917
0.0292176 0.970682 9.9991E-05
0.25533 0.6817 0.0629702
0.229449 0.706419 0.0641326
0.16429 0.633852 0.201859
0.269932 0.675228 0.05484
0.109669 0.614636 0.275695
0.236342 0.656108 0.107551
0.297202 0.671878 0.0309197
0.101507 0.898393 9.9991E-05
0.180075 0.819825 9.9991E-05
0.106892 0.893008 9.9991E-05
0.673255 0.140723 0.186022
0.621082 0.3675 0.0114179
0.706563 0.293337 9.9991E-05
0.87089 0.107674 0.0214361
0.996332 9.9991E-05 0.00356799
0.813889 0.180231 0.00587934
0.671047 0.328853 9.9991E-05
0.928944 0.070956 9.9991E-05
0.95079 9.9991E-05 0.0491099
0.916082 9.9991E-05 0.0838175
0.977179 0.0227212 9.9991E-05
0.832441 0.0940609 0.0734977
0.949337 0.0505626 9.9991E-05
0.924276 0.0590582 0.016666
0.922845 0.0352311 0.0419235
0.267975 0.686301 0.0457241
0.291696 0.68136 0.026944
0.146789 0.759301 0.0939103
0.133923 0.865977 9.9991E-05
0.156988 0.716317 0.126695
0.656323 9.9991E-05 0.343577
0.853513 0.0867909 0.0596961
0.227912 0.687088 0.0849999
0.213411 0.786489 9.9991E-05
0.312842 0.514702 0.172455
0.182544 0.531188 0.286267
0.12206 0.563179 0.314761
0.663722 9.9991E-05 0.336178
0.283849 0.622697 0.0934538
0.167535 0.615477 0.216989
0.389536 0.495443 0.115021
0.101486 0.0572112 0.841303
0.0988234 0.0213098 0.879867
0.0143589 0.128177 0.857464
0.0586813 0.109424 0.831895
0.126919 9.9991E-05 0.872981
0.0658892 0.0276532 0.906458
9.9991E-05 0.220821 0.779079
0.0517494 0.0754591 0.872792
0.0682279 9.9991E-05 0.931672
9.9991E-05 0.149499 0.850401
0.00804687 0.247466 0.744487
0.0974718 9.9991E-05 0.902428
0.0888078 0.134943 0.776249
0.0445229 0.420659 0.534818
0.829913 0.136683 0.0334049
0.843754 0.144264 0.011982
0.898538 0.101362 9.9991E-05
0.0523895 0.1718 0.775811
0.0409549 0.244601 0.714445
0.0723368 0.132826 0.794837
0.110716 0.015769 0.873515
0.0212473 0.0817102 0.897042
9.9991E-05 0.671769 0.328131
0.00738817 0.686701 0.305911
0.0666159 0.584668 0.348716
0.092686 0.615773 0.291541
0.213588 0.528984 0.257428
0.116008 0.555863 0.328129
0.208612 0.527968 0.26342
9.9991E-05 0.244112 0.755788
0.126937 0.254207 0.618856
0.101555 0.0447637 0.853681
0.141534 9.9991E-05 0.858366
9.9991E-05 0.22393 0.77597
0.72519 0.179646 0.0951644
0.144085 0.391986 0.46393
9.9991E-05 0.625105 0.374795
0.636013 9.9991E-05 0.363887
0.234385 0.765515 9.9991E-05
0.214722 0.785178 9.9991E-05
0.185811 0.765261 0.0489283
0.26987 0.590234 0.139895
0.0759615 0.901461 0.0225776
0.0865943 0.472024 0.441381
0.663382 0.243056 0.0935622
0.0140943 0.559135 0.426771
0.33595 0.482042 0.182008
0.255521 0.744379 9.9991E-05
0.114599 0.87403 0.0113709
0.106346 0.87951 0.014144
0.0357374 0.848785 0.115477
0.0607296 0.896553 0.0427173
0.0787726 0.921127 9.9991E-05
0.0673371 0.506745 0.425918
0.196153 0.412043 0.391803
0.13874 0.430516 0.430744
0.256563 0.651615 0.0918219
0.106622 0.670819 0.222559
0.448496 0.521073 0.0304304
0.0486568 0.134147 0.817196
0.0613331 0.0791407 0.859526
0.184358 0.426718 0.388924
0.110205 0.551642 0.338153
0.346621 0.34192 0.311459
0.80177 0.184627 0.0136032
0.114938 0.104962 0.7801
0.00795834 0.212803 0.779238
9.9991E-05 0.378742 0.621158
0.563298 0.395627 0.0410747
0.324171 0.634661 0.0411672
0.0747762 0.857441 0.0677823
0.14733 0.761529 0.091141
0.403201 0.596699 9.9991E-05
0.222375 0.757949 0.0196756
0.110677 0.889223 9.9991E-05
9.9991E-05 0.942681 0.0572193
0.405425 0.586379 0.00819607
0.119424 0.880476 9.9991E-05
0.196837 0.803063 9.9991E-05
0.136134 0.863766 9.9991E-05
0.289562 0.611501 0.0989373
0.12914 0.810179 0.0606812
0.316844 0.608171 0.0749852
0.068815 0.9206 0.0105854
0.878535 0.102348 0.0191174
0.944615 0.055285 9.9991E-05
0.900807 0.099093 9.9991E-05
0.848651 0.100746 0.0506032
0.857538 0.0719482 0.070514
9.9991E-05 0.910874 0.0890257
0.245093 0.754807 9.9991E-05
9.999E-05 9.999E-05 0.9998
0.0528056 0.0968765 0.850318
9.9991E-05 0.0645081 0.935392
0.0245134 0.195757 0.77973
9.9991E-05 0.12037 0.87953
0.125073 9.9991E-05 0.874827
9.9991E-05 0.0239297 0.97597
0.0991817 9.9991E-05 0.900718
0.108315 9.9991E-05 0.891585
0.0847296 9.9991E-05 0.91517
0.0354758 0.0979957 0.866528
0.10169 0.0738923 0.824417
0.118802 0.0132449 0.867953
0.0881335 9.9991E-05 0.911767
0.0141505 0.0745919 0.911258
9.9991E-05 0.0709427 0.928957
0.0807245 0.00663988 0.912636
0.026836 0.576504 0.39666
0.0614367 0.688912 0.249651
9.9991E-05 0.0840859 0.915814
0.00884605 0.263934 0.72722
0.0566499 9.9991E-05 0.94325
9.9991E-05 0.634265 0.365635
0.0270379 0.972862 9.9991E-05
0.343375 0.656525 9.9991E-05
0.440883 0.52592 0.0331971
0.654502 0.307517 0.0379811
0.815827 0.178238 0.00593508
0.882305 0.0789045 0.0387905
0.752881 0.247019 9.9991E-05
0.798901 0.153175 0.047924
0.794996 0.0688831 0.136121
0.804338 0.127307 0.0683554
0.115938 0.845744 0.0383184
0.106206 0.836399 0.057395
9.9991E-05 0.950821 0.049079
9.9991E-05 0.985827 0.0140729
9.9991E-05 0.974109 0.0257908
9.9991E-05 0.922076 0.0778242
0.234504 0.765396 9.9991E-05
0.206718 0.72842 0.0648615
0.163136 0.801151 0.0357128
0.165504 0.735868 0.0986284
0.207668 0.766105 0.0262274
0.805578 0.0417939 0.152628
9.9991E-05 0.122693 0.877207
0.147301 9.9991E-05 0.852599
0.0529479 9.9991E-05 0.946952
9.9991E-05 0.226283 0.773617
0.0720172 0.0519253 0.876058
0.318431 0.542107 0.139462
0.300443 0.699457 9.9991E-05
0.25783 0.723511 0.0186591
0.336081 0.663819 9.9991E-05
