0.0222979 0.784496 0.156501 0.036705
0.0351925 0.834707 0.130001 9.9991E-05
0.0532528 0.701134 0.245514 9.9991E-05
0.0335906 0.947235 0.0079642 0.0112101
0.0279887 0.842174 0.0868321 0.0430052
0.000742778 0.85763 0.0498929 0.0917341
9.999E-05 0.926471 0.055252 0.0181771
0.0564793 0.918362 0.0250587 9.9991E-05
0.011113 0.703649 0.210036 0.0752024
0.0294504 0.626996 0.300698 0.0428558
0.0536994 0.652791 0.089372 0.204138
0.0459058 0.705103 0.186228 0.0627627
0.0637878 0.592277 0.0428519 0.301084
0.00859443 0.60485 0.288215 0.0983414
0.063014 0.621139 0.26598 0.0498672
0.0175371 0.882269 0.093329 0.0068647
9.9982E-05 0.718372 0.281428 9.9982E-05
0.0212417 0.87633 0.102328 9.9991E-05
0.0598748 0.147485 0.596379 0.196261
9.9991E-05 0.235083 0.738329 0.026488
0.00468477 0.247782 0.747434 9.9991E-05
0.0124307 0.0243983 0.891077 0.0720942
0.0477748 9.9991E-05 0.93043 0.0216951
0.0339684 0.0809291 0.879182 0.00592016
9.9991E-05 0.279268 0.716517 0.00411443
0.00947898 0.065259 0.925162 9.9991E-05
0.0503269 9.9991E-05 0.908629 0.0409438
0.0411751 9.9991E-05 0.897989 0.0607356
0.0045369 9.9991E-05 0.979549 0.0158141
0.00238142 9.9991E-05 0.943051 0.0544677
9.9982E-05 9.9982E-05 0.96607 0.0337297
0.0416088 0.0153961 0.884656 0.058339
0.0664761 0.0879796 0.845444 9.9991E-05
0.0898568 0.733823 0.17622 9.9991E-05
9.9991E-05 0.642576 0.317533 0.039791
9.9991E-05 0.728264 0.197562 0.0740733
0.0395458 0.746408 0.158624 0.0554221
0.0116412 0.705157 0.161256 0.121946
0.9997 9.998E-05 9.998E-05 9.998E-05
0.0431668 0.0950333 0.819705 0.0420954
9.9991E-05 0.672864 0.237941 0.0890957
9.9982E-05 0.813164 0.186636 9.9982E-05
0.000993384 0.473653 0.335945 0.189409
0.0387393 0.488094 0.142542 0.330625
0.0240285 0.606466 0.0573235 0.312182
0.9997 9.998E-05 9.998E-05 9.998E-05
0.0853343 0.575009 0.285335 0.0543219
9.9991E-05 0.611945 0.132355 0.2556
0.0439599 0.392016 0.448482 0.115542
0.0421581 0.0686172 0.0498531 0.839372
0.0311157 0.0850915 0.0110241 0.872769
9.9991E-05 0.12132 0.0166592 0.86192
0.0424329 0.137444 9.9991E-05 0.820023
0.0490588 9.9991E-05 0.069536 0.881305
9.9982E-05 9.9982E-05 0.0971208 0.902679
9.9982E-05 0.203683 9.9982E-05 0.796117
0.0125299 0.0642309 0.0396665 0.883573
0.0401977 9.9991E-05 0.0991048 0.860598
0.0436632 0.0621982 9.9991E-05 0.894039
0.0360524 0.270929 9.9991E-05 0.692919
0.0253036 9.9991E-05 0.0869036 0.887693
9.9991E-05 0.0666427 0.105325 0.827932
0.0541227 0.351007 0.0534776 0.541392
0.0213476 0.103193 0.826899 0.0485605
0.0320226 0.161361 0.806517 9.9991E-05
0.00756307 0.0685036 0.923833 9.9991E-05
0.0280205 0.0742817 0.0869527 0.810745
0.0776264 0.248842 9.9991E-05 0.673432
0.0388572 0.110664 0.0335838 0.816895
0.079237 0.0794948 0.0158495 0.825419
0.0658742 0.0277238 0.0141018 0.8923
0.0180627 0.677724 9.9991E-05 0.304113
0.0168272 0.666235 9.9991E-05 0.316838
0.0022637 0.632651 9.9991E-05 0.364985
0.0308561 0.587425 0.0284553 0.353263
0.0460967 0.564711 0.129613 0.259579
0.0445657 0.564588 0.0575649 0.333281
0.0248083 0.569035 0.14498 0.261176
9.9982E-05 0.247774 9.9982E-05 0.752026
0.141449 0.278924 0.0237313 0.555896
0.0355968 0.0311091 0.101418 0.831876
0.0463241 9.9991E-05 0.11732 0.836256
0.0178302 0.21126 9.9991E-05 0.77081
0.0192034 0.110775 0.775322 0.0946996
9.9991E-05 0.325476 0.183749 0.490675
0.000320119 0.520455 0.0528089 0.426416
0.9997 9.998E-05 9.998E-05 9.998E-05
9.9982E-05 0.735186 0.264614 9.9982E-05
0.0341522 0.794171 0.171577 9.9991E-05
0.0453817 0.692445 0.224261 0.0379129
0.0650083 0.519141 0.275664 0.140186
9.9991E-05 0.835188 0.119893 0.044819
9.9991E-05 0.539994 0.0308298 0.429076
0.0368579 0.233072 0.672639 0.0574314
0.0866834 0.504636 9.9991E-05 0.408581
0.0381767 0.497125 0.329785 0.134913
0.0128949 0.769705 0.217301 9.9991E-05
0.00471844 0.866824 0.115241 0.0132166
9.9982E-05 0.862426 0.137374 9.9982E-05
0.0209801 0.872938 0.0423857 0.0636965
0.0108391 0.913758 0.0494728 0.0259298
0.0088056 0.886027 0.105067 9.9991E-05
0.0354357 0.478001 0.0403857 0.446177
0.0812459 0.426611 0.106734 0.385409
0.0924964 0.484361 0.00723251 0.41591
0.0134773 0.62791 0.23596 0.122653
9.9991E-05 0.612961 0.120616 0.266323
9.9991E-05 0.47746 0.473706 0.0487347
0.00622966 0.112554 0.0294167 0.8518
0.0401929 0.107944 0.00846699 0.843396
0.0066908 0.441393 0.159893 0.392023
0.0256309 0.458775 0.163442 0.352153
0.0481354 0.382431 0.259057 0.310376
9.9991E-05 0.137222 0.821007 0.0416709
0.0368566 0.105505 0.0469561 0.810682
9.9991E-05 0.170275 0.0046561 0.824969
9.9982E-05 0.31321 9.9982E-05 0.68659
0.0547126 0.359557 0.532339 0.0533911
0.00515917 0.673044 0.312074 0.00972257
0.0312215 0.948213 9.9991E-05 0.0204659
9.9991E-05 0.791109 0.103772 0.105019
9.9982E-05 0.526508 0.473292 9.9982E-05
0.0143732 0.724835 0.252251 0.00854112
9.9991E-05 0.852784 0.127018 0.0200978
0.0053101 0.94023 0.0306294 0.0238304
9.9991E-05 0.572936 0.405925 0.0210386
0.0258393 0.838977 0.135084 9.9991E-05
0.0395849 0.742712 0.217603 9.9991E-05
0.02244 0.785945 0.191515 9.9991E-05
9.9991E-05 0.549432 0.342013 0.108454
0.0517495 0.809802 0.085231 0.0532179
0.0290026 0.66017 0.238947 0.0718803
9.9991E-05 0.893655 0.0890963 0.0171486
9.9991E-05 0.0462948 0.919959 0.0336465
9.9982E-05 0.0510083 0.948792 9.9982E-05
0.0219822 9.9982E-05 0.977818 9.9982E-05
9.9991E-05 0.0513516 0.854492 0.0940561
0.028919 0.101481 0.833157 0.0364426
0.0193114 0.834978 0.019493 0.126217
0.022108 0.719371 0.250855 0.00766599
9.998E-05 9.998E-05 9.998E-05 0.9997
0.0596221 9.9991E-05 0.0876538 0.852624
9.9991E-05 0.03918 0.00891511 0.951805
0.00918166 0.15814 0.0800247 0.752653
0.0281868 0.0463673 9.9991E-05 0.925346
0.018258 9.9991E-05 0.133621 0.848021
0.0207078 0.0140626 9.9991E-05 0.96513
9.9982E-05 9.9982E-05 0.0974781 0.902322
9.9982E-05 9.9982E-05 0.0696036 0.930196
0.0151744 9.9991E-05 0.0847255 0.9
0.0392772 0.095147 9.9991E-05 0.865476
0.0367974 0.0918623 0.0429401 0.8284
0.00258845 0.0727873 0.0501488 0.874475
0.0198978 9.9991E-05 0.0665629 0.913439
0.0129331 0.0610503 0.0213579 0.904659
0.0416634 0.0245911 9.9991E-05 0.933645
0.0180317 9.9991E-05 0.0895358 0.892333
0.0147777 0.518522 0.0880892 0.378612
9.9991E-05 0.713966 0.0594873 0.226447
9.9982E-05 0.0887605 9.9982E-05 0.911039
0.0254682 0.218944 0.0385345 0.717053
0.00341454 9.9991E-05 0.0503934 0.946092
0.00116779 0.615599 9.9991E-05 0.383134
0.0454617 0.943832 0.0106065 9.9991E-05
0.0202554 0.736769 0.242875 9.9991E-05
9.9991E-05 0.386024 0.57893 0.0349463
9.9982E-05 0.331476 0.668324 9.9982E-05
0.0247401 0.0337745 0.9042 0.0372858
9.9982E-05 9.9982E-05 0.929089 0.0707115
9.9982E-05 0.188971 0.810829 9.9982E-05
0.0290939 0.18403 0.786776 9.9991E-05
0.0424853 0.0152888 0.826875 0.115351
0.0507176 0.0376332 0.887571 0.0240778
0.00569256 0.813088 0.134775 0.0464444
0.0759035 0.825992 0.0620342 0.03607
0.0474691 0.929115 9.9991E-05 0.0233157
0.00799092 0.963 9.9991E-05 0.0289089
0.0154852 0.984315 9.9982E-05 9.9982E-05
0.0162673 0.890616 9.9991E-05 0.0930163
0.0165304 0.739712 0.233459 0.0102981
0.000223768 0.6607 0.233011 0.106066
0.0424773 0.801497 0.086829 0.0691969
0.0141083 0.659016 0.250047 0.076828
0.0337061 0.765682 0.14301 0.0576016
0.112112 0.0913739 0.679766 0.116748
0.0089335 0.0594303 0.060433 0.871203
0.0438884 9.9991E-05 0.0725818 0.88343
0.00205218 0.0805611 9.9991E-05 0.917287
0.00873412 0.203496 9.9991E-05 0.78767
0.02287 9.9991E-05 0.142512 0.834519
0.0294286 0.520286 0.306834 0.143451
0.0244266 0.674293 0.289695 0.0115854
0.0554207 0.775724 0.168756 9.9991E-05
0.0511476 0.69191 0.244936 0.0120069
