0.105251 0.138827 9.9991E-05 0.0103892 0.0648927 0.68054
0.0467361 9.9982E-05 9.9982E-05 0.0360389 0.0863398 0.830685
9.999E-05 0.183251 0.0112867 0.0325501 0.203559 0.569253
0.0441415 0.185555 0.0078912 0.00828764 0.021297 0.732828
0.0732736 9.9973E-05 0.0442571 9.9973E-05 9.9973E-05 0.882169
0.176808 9.9964E-05 9.9964E-05 9.9964E-05 9.9964E-05 0.822792
0.103279 0.137766 9.9982E-05 9.9982E-05 0.0393493 0.719406
9.9973E-05 0.196978 9.9973E-05 0.0526224 9.9973E-05 0.7501
0.0665456 9.9991E-05 0.106303 0.00701279 0.182236 0.637803
9.9982E-05 0.352698 9.9982E-05 0.0169637 0.171924 0.458215
9.999E-05 0.477583 0.112419 0.0606301 0.100884 0.248384
0.080504 0.201953 0.00571747 0.0404179 0.221967 0.44944
0.11485 0.724801 9.9991E-05 0.0405648 0.0508929 0.0687911
9.9982E-05 0.235222 0.106806 9.9982E-05 0.237793 0.419979
0.0771894 9.9991E-05 0.0272582 0.0657166 0.116227 0.713509
9.9982E-05 0.288491 9.9982E-05 0.0281722 0.0845718 0.598565
0.0526602 0.0288046 9.9982E-05 9.9982E-05 0.27261 0.645725
0.018108 9.9991E-05 0.00864368 0.0316312 0.0618133 0.879704
0.183141 0.0765823 0.0278159 0.0613325 0.569612 0.0815162
0.0574078 0.159391 9.9982E-05 9.9982E-05 0.663169 0.119833
9.9982E-05 9.9982E-05 0.0454679 0.0148021 0.700834 0.238696
0.0428474 0.13276 0.00272869 0.0199501 0.787328 0.0143855
0.0346198 9.9973E-05 9.9973E-05 0.0533539 0.911726 9.9973E-05
0.0625988 9.9982E-05 9.9982E-05 0.0456166 0.77525 0.116334
9.9973E-05 0.119873 9.9973E-05 9.9973E-05 0.657594 0.222233
0.0339806 0.0380433 9.9991E-05 0.011553 0.882303 0.0340196
9.9973E-05 9.9973E-05 0.0844947 0.0267327 0.888473 9.9973E-05
0.131455 9.9973E-05 9.9973E-05 0.0241593 0.844086 9.9973E-05
0.0473033 9.9982E-05 0.0229114 9.9982E-05 0.831025 0.0985606
0.140992 9.9982E-05 0.0429584 9.9982E-05 0.794053 0.0217964
0.0552822 9.9973E-05 9.9973E-05 0.0186784 0.92574 9.9973E-05
9.9982E-05 9.9982E-05 0.0834681 0.0274509 0.867664 0.0212171
0.0129651 0.112298 9.9991E-05 0.0583677 0.811103 0.00516681
9.999E-05 0.176075 0.0468797 0.0802788 0.16275 0.533917
0.000975939 9.9982E-05 0.0695832 9.9982E-05 0.292247 0.636994
9.9982E-05 0.112981 0.116957 9.9982E-05 0.0685432 0.701319
0.00771664 0.275295 9.9991E-05 0.0345573 0.046425 0.635906
9.9991E-05 0.238168 0.123303 0.0063715 0.188738 0.44332
9.996E-05 9.996E-05 9.996E-05 0.9995 9.996E-05 9.996E-05
9.9982E-05 0.196016 0.0161084 0.0221798 0.765495 9.9982E-05
0.160404 9.9991E-05 0.0123612 0.00982439 0.133761 0.683549
9.9982E-05 0.165995 0.0451738 9.9982E-05 0.144158 0.644474
0.186707 0.237769 9.9991E-05 0.00716412 0.322061 0.246199
0.0570608 0.587995 0.10215 0.0608027 0.128041 0.06395
0.0860455 0.815294 9.9991E-05 0.000299607 0.03991 0.0583511
9.996E-05 9.996E-05 9.996E-05 0.9995 9.996E-05 9.996E-05
9.9991E-05 0.25798 0.0384825 0.0734784 0.239407 0.390552
0.180792 0.381151 9.9982E-05 9.9982E-05 0.213195 0.224661
0.0249989 0.172051 0.116089 0.0156787 0.312388 0.358795
0.634517 0.0582018 0.244309 0.0459203 9.9991E-05 0.0169512
0.336019 0.0734694 0.554122 0.0361896 9.9982E-05 9.9982E-05
0.324925 9.9973E-05 0.567742 9.9973E-05 9.9973E-05 0.107033
0.304006 0.0823105 0.475324 0.0568848 9.9991E-05 0.0813738
0.104322 9.9982E-05 0.815046 0.0269037 0.0535291 9.9982E-05
0.283797 9.9982E-05 0.629875 9.9982E-05 0.056324 0.0298043
9.9964E-05 9.9964E-05 0.811205 9.9964E-05 9.9964E-05 0.188395
0.526551 0.0407487 0.397221 0.00779711 0.0275826 9.9991E-05
0.989996 9.99639E-05 9.99639E-05 0.00960388 9.99639E-05 9.99639E-05
0.15563 0.0265981 0.699064 0.0344091 9.9991E-05 0.0841985
0.525323 0.0645904 0.229948 0.0344184 9.9991E-05 0.145621
0.9995 9.996E-05 9.996E-05 9.996E-05 9.996E-05 9.996E-05
0.306282 0.00939496 0.491235 9.9991E-05 0.0617035 0.131284
0.230374 0.513212 0.175617 0.0630045 9.9991E-05 0.0176928
9.9982E-05 0.0301588 0.0990262 9.9982E-05 0.782055 0.0885602
0.059285 9.9982E-05 9.9982E-05 0.0357199 0.801971 0.102824
0.0478237 9.9982E-05 9.9982E-05 0.0161529 0.82732 0.108503
0.145584 0.0700894 0.607061 0.0213424 0.0316711 0.124252
0.0908308 0.397685 0.436397 0.074887 9.9982E-05 9.9982E-05
0.0591551 0.0998759 0.733869 0.0257042 0.0812962 9.9991E-05
0.190177 0.192282 0.573196 0.0441445 9.9982E-05 9.9982E-05
0.116302 0.00423473 0.80479 0.0335809 9.9991E-05 0.0409929
0.106648 0.526462 0.137898 9.9982E-05 9.9982E-05 0.228792
0.143578 0.683565 9.9982E-05 0.0206369 9.9982E-05 0.15202
0.111684 0.816205 9.9973E-05 9.9973E-05 9.9973E-05 0.0718115
9.9964E-05 0.958056 9.9964E-05 0.0415441 9.9964E-05 9.9964E-05
9.9982E-05 0.87394 0.00709281 0.0271828 0.0915841 9.9982E-05
0.103278 0.876826 9.9973E-05 0.0195962 9.9973E-05 9.9973E-05
0.0225259 0.723295 9.9991E-05 0.0340303 0.124992 0.095057
0.141326 0.329482 0.502011 9.9982E-05 9.9982E-05 0.0269814
0.262479 0.246457 0.282749 0.0942265 9.9991E-05 0.113988
0.419584 0.0716039 0.382634 0.0143706 0.111707 9.9991E-05
0.415588 0.00976634 0.435256 0.0515184 0.087771 9.9991E-05
0.00450678 0.142309 0.732382 0.0261059 9.9991E-05 0.0945958
9.9991E-05 0.168378 0.0719607 0.0226524 0.735571 0.0013371
0.14745 0.524528 0.166984 9.9991E-05 0.120637 0.0403006
0.0728574 0.867773 0.0590693 9.9973E-05 9.9973E-05 9.9973E-05
9.996E-05 9.996E-05 9.996E-05 0.9995 9.996E-05 9.996E-05
0.0575671 0.134558 9.9982E-05 9.9982E-05 0.147862 0.659813
0.0920709 9.9982E-05 9.9982E-05 0.0272495 0.11334 0.76714
0.0666621 0.183942 9.9991E-05 0.0378128 0.117279 0.594204
9.9991E-05 0.291707 0.0924817 0.0445005 0.302988 0.268222
9.9982E-05 0.113581 0.0951319 9.9982E-05 0.101967 0.68912
0.253705 0.745895 9.9964E-05 9.9964E-05 9.9964E-05 9.9964E-05
0.0401761 0.170044 0.0252484 0.0302175 0.579328 0.154986
0.0091825 0.597137 0.237723 0.0855382 9.9991E-05 0.0703198
9.9991E-05 0.264662 0.112285 0.0472858 0.334862 0.240805
0.0678692 9.9973E-05 9.9973E-05 9.9973E-05 0.214971 0.71686
0.0385485 0.290153 9.9982E-05 9.9982E-05 0.070433 0.600665
0.0209792 0.253246 9.9982E-05 9.9982E-05 0.165456 0.560119
0.0292174 0.397431 0.00433718 0.0105041 0.0169358 0.541574
9.9991E-05 0.379474 0.0179544 0.00605332 0.044237 0.552181
9.9982E-05 0.334508 9.9982E-05 0.0213306 0.112344 0.531618
0.203373 0.469892 0.103122 0.032556 0.0828141 0.108242
0.027478 0.631878 0.186277 0.0617281 0.0633768 0.0292621
0.0277573 0.653064 0.182622 0.0614533 0.0449854 0.0301179
9.9991E-05 0.591269 0.000705923 0.0143319 0.235983 0.15761
9.9982E-05 0.510167 0.140236 9.9982E-05 0.190282 0.159116
9.9982E-05 0.0487922 0.105667 9.9982E-05 0.455537 0.389804
0.122885 9.9982E-05 0.721272 9.9982E-05 0.0151864 0.140456
0.181572 0.103069 0.654932 0.0152277 0.0100386 0.0351611
0.319847 0.361615 9.9982E-05 9.9982E-05 0.218884 0.099455
0.323658 0.355669 9.9991E-05 0.0373794 0.114046 0.169148
0.340935 0.196381 9.9991E-05 0.0240566 0.280497 0.15803
0.0342621 0.264908 9.9973E-05 9.9973E-05 0.70053 9.9973E-05
9.9982E-05 0.285226 0.669122 0.036607 0.00884513 9.9982E-05
0.309698 0.201056 0.43349 9.9991E-05 0.0258994 0.0297559
0.164908 0.317813 0.406655 9.9982E-05 9.9982E-05 0.110425
0.0847393 0.0692428 9.9991E-05 0.0628221 0.438956 0.34414
0.0753266 9.9973E-05 9.9973E-05 9.9973E-05 0.258356 0.666017
9.9982E-05 0.170168 0.0874605 0.0143756 9.9982E-05 0.727796
0.106684 0.035767 0.0633223 9.9991E-05 0.0470976 0.747029
0.0517855 0.0139704 9.9982E-05 9.9982E-05 0.347162 0.586883
0.0633387 0.0558339 9.9991E-05 0.0107223 0.201466 0.668539
0.00639085 0.0270063 0.113877 9.9991E-05 0.044595 0.808031
0.0579359 9.9982E-05 0.0444147 0.00465461 9.9982E-05 0.892795
9.9991E-05 0.032886 0.081035 0.00878631 0.404209 0.472984
9.9982E-05 0.156942 0.0498136 9.9982E-05 0.127564 0.665481
0.0268936 0.104112 9.9991E-05 0.0295063 0.173256 0.666132
0.0299785 0.207081 9.9991E-05 0.0273454 0.0956285 0.639866
0.154909 0.00187235 0.041906 0.00115077 0.264094 0.536068
9.9991E-05 0.169201 0.094548 0.044205 0.0218911 0.670055
0.0047829 0.403798 9.9991E-05 0.00233697 0.222027 0.366956
0.0218847 0.0584986 0.0537747 0.00150559 0.0688884 0.795448
0.0208548 0.134489 9.9973E-05 9.9973E-05 0.844356 9.9973E-05
9.9973E-05 0.0445057 9.9973E-05 9.9973E-05 0.927131 0.0280635
9.9973E-05 9.9973E-05 9.9973E-05 0.0592122 0.887598 0.0528894
9.9982E-05 0.00493394 0.106935 9.9982E-05 0.791512 0.0964194
0.098343 0.105724 9.9991E-05 0.0150758 0.773305 0.00745149
9.9982E-05 0.261647 0.106506 0.0229931 9.9982E-05 0.608654
9.9982E-05 0.266775 9.9982E-05 0.0328629 0.116796 0.583366
0.652289 9.9964E-05 0.347311 9.9964E-05 9.9964E-05 9.9964E-05
9.9982E-05 0.0505731 0.83178 0.0384869 0.0789596 9.9982E-05
0.122683 9.9982E-05 0.810995 0.00554484 0.0605769 9.9982E-05
0.0849824 0.255244 0.593082 9.9982E-05 0.0664917 9.9982E-05
0.208845 9.9982E-05 0.755902 0.00968183 9.9982E-05 0.0253713
0.277889 0.0271652 0.572126 0.00825162 0.114469 9.9991E-05
0.0862854 0.0275878 0.875929 9.9982E-05 9.9982E-05 0.00999833
0.403949 9.9973E-05 0.550591 9.9973E-05 0.0451599 9.9973E-05
0.235621 0.0384593 0.679336 9.9982E-05 0.0463829 9.9982E-05
0.247346 0.0162266 0.640703 0.0168234 0.078801 9.9991E-05
9.9973E-05 0.165702 0.806071 0.0279278 9.9973E-05 9.9973E-05
0.113751 0.0543098 0.721249 0.0219083 0.0243459 0.0644368
0.132609 9.9991E-05 0.732536 0.0131876 0.0620796 0.0594883
0.214996 9.9982E-05 0.704479 0.0187886 0.0615363 9.9982E-05
0.23714 0.085691 0.664688 0.0122811 9.9982E-05 9.9982E-05
0.0985364 9.9982E-05 0.847097 0.000535823 9.9982E-05 0.0536308
0.0940848 0.00602438 0.814961 0.020098 0.0647318 9.9991E-05
0.00157866 0.778757 0.161399 9.9982E-05 9.9982E-05 0.0580653
0.00299222 0.944858 9.9982E-05 0.0103647 0.0415848 9.9982E-05
0.137325 0.150094 0.709625 9.9982E-05 9.9982E-05 0.00275703
0.317161 0.0108529 0.43825 0.0175467 9.9991E-05 0.21609
0.9995 9.996E-05 9.996E-05 9.996E-05 9.996E-05 9.996E-05
0.286705 0.603039 9.9973E-05 9.9973E-05 9.9973E-05 0.109956
9.9982E-05 0.114154 0.0623876 0.0123856 9.9982E-05 0.810873
0.0450471 9.9982E-05 9.9982E-05 0.0245283 0.220497 0.709727
0.1194 0.0456377 9.9982E-05 9.9982E-05 0.451922 0.382841
0.0425243 0.0513748 9.9991E-05 0.0012774 0.669421 0.235302
9.9964E-05 0.228826 9.9964E-05 9.9964E-05 0.770774 9.9964E-05
0.0999246 0.00403601 9.9982E-05 9.9982E-05 0.841844 0.0539956
9.9991E-05 0.0530119 0.0167162 0.0105 0.764287 0.155385
0.0186667 0.11113 0.0135695 0.0383932 0.818141 9.9991E-05
0.0232733 0.0795421 0.0700264 0.0512819 0.719804 0.0560725
9.9982E-05 9.9982E-05 0.16555 0.0412829 0.767542 0.0254246
0.0363821 0.0654259 0.0039196 0.0214128 0.122866 0.749994
0.145698 9.9982E-05 9.9982E-05 0.0554907 0.059437 0.739175
0.0860153 0.214075 9.9982E-05 0.0308448 9.9982E-05 0.668865
9.99641E-05 0.467471 9.99641E-05 9.99641E-05 9.99641E-05 0.532129
0.0591414 0.213936 9.9982E-05 0.0170006 9.9982E-05 0.709722
0.0170507 0.462523 0.0211024 9.9991E-05 0.0490171 0.450207
0.0528508 0.181439 9.9991E-05 0.0221573 0.247155 0.496298
0.132601 0.180263 9.9991E-05 0.0143398 0.123031 0.549665
9.9991E-05 0.231098 0.0321641 0.0349424 0.0889794 0.612716
0.00724677 0.204198 0.0588809 0.0204619 0.164407 0.544806
9.9991E-05 0.185027 0.0828298 0.0228502 0.103271 0.605922
9.9982E-05 9.9982E-05 0.139814 0.150721 0.630733 0.0785319
0.664689 0.0930417 0.170589 0.0292571 9.9991E-05 0.0423229
0.265834 0.0690215 0.576392 0.0505664 0.0380862 9.9991E-05
0.0451213 0.110471 0.844108 9.9973E-05 9.9973E-05 9.9973E-05
0.0450059 0.0811542 0.739146 0.00163694 0.0535238 0.0795334
0.155082 9.9991E-05 0.73232 0.00810008 0.0090859 0.0953125
0.0104877 0.311273 0.090039 0.028671 0.288074 0.271455
0.0149024 0.118614 0.0248015 0.0237043 0.30714 0.510838
0.0332998 9.9982E-05 9.9982E-05 0.0692384 0.108672 0.788589
0.0117989 0.223031 9.9991E-05 0.0733446 0.270299 0.421426
