IBR/IBR_outputs/all.combrep_1/EucDistWater_Total.Silt_Total.Spinifex_Total.VRM_Total/EucDistWater_Total.Silt_Total.Spinifex_Total.VRM_Total.asc
NCOLS 160 
NROWS 95 
XLLCORNER 210004.651214014 
YLLCORNER 7350008.22228844 
CELLSIZE 4999.99999999997 
NODATA_value -9999 
[rows 21 to 41 of 95, columns 92 to 137 of 160]
5.68973796641478 3.45706421731302 2.76937354680667 2.61083105959568 5.38829060785295 8.5961694166372 11.0048439618404 8.64691869335206 5.72723372319954 2.82686213960251 3.07424295257335 5.62426606332818 4.59495158643315 2.34941204410149 2.02535378279396 3.46561737724579 5.95084321594399 4.61743813207965 3.77058505745167 1.81745200041044 1.38190199450236 2.88444020137882 5.01469171979389 3.73522623052325 2.41921482478371 2.38971910395785 2.32133453036254 2.08420835864175 2.01778144605213 1.99762494634101 1.76596063285315 3.39549177853044 3.28906182971671 3.87831514801757 4.40254958470502 3.15585578173762 2.96268737995576 4.91723107710489 6.51031091627379 5.82845475727946 6.25167380187263 7.99063921563786 8.81251809176788 9.69421486510316 11.2274954593069 13.087431603932
4.68815148850364 2.47883025334249 2.00707232758147 2.52240376445913 5.17988673705997 8.29249746401446 10.8163697672863 9.60393179424285 7.17163922476726 5.3035253366981 5.54902127931331 4.91032571020206 2.36847619126295 2.34794270196777 2.10548249296783 3.76259929302644 6.83991823990585 7.0227314919594 5.13408966564655 2.43105677707573 1.51251891120017 2.09882645799175 4.48472601103701 5.95197667877188 5.12946583668717 4.64184453028731 4.49417111585362 4.66306276927688 4.09737631724849 3.45824346327604 2.84414297101764 1.88303687124035 2.57692238241261 3.66485506749276 5.45287362333839 3.15570673261844 2.50513902579538 3.39805991790046 4.00181630693134 3.05330152254013 4.21333485761348 5.51100517945498 6.00092777121295 7.12843116068826 9.05314078548929 11.0114918348958
3.45554068356996 3.90939296225192 2.83226011984328 2.49821345302564 5.33142543829906 8.09093475324074 10.8210017736268 11.2851427327324 9.32149205212171 7.75754083967572 6.82229024597404 5.41596501808314 3.42517269741204 3.97721496461246 2.21557865563664 3.97529979510571 7.07040699127673 8.41155570398909 6.85914743903858 4.3252133609813 1.91081257101121 1.64055394723457 2.72212067543257 4.83129434052589 5.83307288731349 3.21501933709961 2.99536129661379 4.57257479269044 5.28550018592673 5.64640889969003 5.02851789176078 2.91525641819882 2.5523321083065 3.5814854954596 2.99509417553374 2.07503467219407 2.19211942108408 1.76270626741087 1.88084748670329 1.80732710006353 2.1078298373519 2.88677259008103 4.02349967859914 5.25390161516438 7.13598796683244 8.36480936776676
1.74050566545082 2.16662919252735 4.3090327117384 5.26824445679243 6.61629711115767 9.01124782414059 11.2562755000121 11.4233202207991 8.60979216550619 6.22188259240641 4.12638253719775 4.06683772741522 3.11480062883345 3.1111477718445 1.61242341042372 3.92238932140141 6.74888278055907 6.67297977539755 6.53955522296667 5.16993734211177 2.32009075252172 1.7391711003627 1.75312651207731 2.85347970175557 4.56747775684991 3.25493676949159 2.69291924630356 1.87647338245949 2.52835605896247 4.01948584417855 5.63482654484473 3.60701039157965 3.49276317519794 4.01358534736398 2.77973874215488 2.6220733468173 4.68390940523311 4.62697207045175 3.65109787377204 2.19679360294981 1.89576352957515 2.17154671721842 2.45858504600117 4.73090188712571 5.45935847418328 5.87842117405352
3.81534072166037 2.96414570530973 3.78662109800839 4.42545881868844 5.70549350496896 8.09752209214645 9.18010991581053 9.87427557929737 7.9146190960487 4.85028738297545 1.9078244560546 2.51540652585886 1.84421845450534 2.19674283251552 1.66254299991811 3.71349335261228 6.22923679253535 4.06148214124203 3.28585516218921 4.62918282200036 1.86070930779022 2.14926026819269 2.49691208090915 1.95496657829606 1.99793056744298 4.11377168662576 5.07584840593212 3.06620666811115 1.44900650580814 3.27074284562822 5.01957312602509 3.28890192944208 3.06647032575507 5.04060382156223 2.52629036466442 2.41073931177499 4.89687913164825 4.06178301855479 3.59861701231166 4.72758963656937 3.86592932599704 2.47148337436594 2.87563765977521 2.57080744419448 2.7630689917563 4.28364980533716
5.35119598096951 5.80210013729652 3.839289159639 1.82179651390898 3.96096365007582 5.54162571346707 6.17497328457591 7.17440765538086 7.27123683970915 5.71856776354057 3.87747897348105 3.48824245089607 1.86334130125749 2.07506962007626 1.89385560165213 3.84976531488558 7.2534817261797 7.06164261473928 5.95567328814863 6.0148805096308 2.26784478410653 3.8022815498171 4.02423618675742 1.64970311070443 1.95615930583586 3.80220957525848 6.26341695779872 4.11378039431883 2.23289739575963 1.93192293691879 3.386490511246 3.00115744213878 2.54954710538243 3.63976552971112 3.16280196361123 2.82776652258459 3.61542066269025 2.98594034783905 2.59038974461851 5.29383954470289 6.32508013854543 3.99679944277624 2.14635849581141 3.05037331247763 3.23099947831467 2.0210390352536
3.93663318994438 6.31759949094796 4.75688332158523 2.19742189091182 2.31892340419075 2.46046651749874 3.39934719356263 4.07417670973149 4.77700675962246 5.07790978134619 4.93481632236963 5.31339012293208 4.56005920457073 3.47669736790844 1.71900896445116 4.50392336889918 8.510141417544 7.70135944675027 5.48582895470577 6.43084507041361 2.67609725883487 3.20378688784215 3.80887974868 2.57534253170699 1.77477151742709 3.93199970475882 6.32715033687623 6.47354423917461 5.52286345016259 5.87556841443074 4.67484195976564 6.04966781456117 3.11686867835325 2.73608294090509 2.91548151048066 2.54725659578565 2.84393433314586 3.09463894367685 1.92632932545151 4.15083762745347 6.7887034276324 4.95279300429538 2.27254411949585 2.83834594993728 3.91585547402102 3.86162069374605
2.14575921042 4.52990919651961 5.4779730726164 3.7664162727279 1.91662158530921 1.72723443400251 1.80002665633865 1.92441947760585 2.69800754749944 2.344222397647 2.91800683673461 5.8620902652614 6.359850483595 3.36012196237603 1.53400086462256 3.53890868702006 3.70314226428383 4.06883250697095 4.60275727051921 3.55598501455486 2.4737088141747 3.5258709691775 5.59579974371687 5.69729675897392 4.02518822659025 3.84425295201448 5.77896578937012 8.99867405301575 8.15391742790536 6.42609302199172 4.4231233660993 4.24710937394493 3.383317831598 2.13442526547346 2.46810256708713 2.28861554309426 4.00979791177567 4.59869120472173 3.42163531151784 4.96791133576403 6.84015101051037 4.91887811269469 2.21777606581468 3.59655131210901 4.20447944283231 5.202365335977
1.34410819226538 1.8967438514443 2.97936571630245 3.82280340606236 2.13443107378718 2.94603171058304 3.2827790206358 2.09001434804389 2.23577773252649 3.93755946089874 4.17118320030855 4.56084098394361 5.75762825222807 3.79945873972999 2.1439203475468 3.47563811967984 4.33282549799608 5.68791460114316 4.59449385930099 3.7491678746642 3.87292745908257 3.38923871506119 5.05239881776575 2.49934336581612 3.27983802990275 2.57557105899214 4.985034875255 7.03359529467823 6.43984819133474 4.21440043572401 3.58076369241696 3.45529088984304 3.11633019690755 3.66987383842178 2.70400901647247 2.85098629937455 3.63823902379326 5.61640281702376 5.65299930533094 6.12592510914256 4.41460615564563 3.27228016492484 2.1455036879387 3.8088866476671 4.58277033200349 5.47467576961779
3.67346609358874 1.81558074928869 1.62853087895443 1.89573126287823 3.94594762484767 5.4767090014313 5.63769422148731 3.97832900401727 4.5672940826588 4.51503864102883 3.78167015511636 5.28521406405564 4.4996450694456 4.31425254498324 4.90735534371604 6.81299837775614 4.66045833325522 2.65212974766308 3.84586069101822 4.58793858583198 4.37866997763825 3.52474541906142 3.58009242308334 2.46260152973929 5.21046450356808 2.4328275156036 2.8115102112329 3.64260849339673 4.36300335137793 2.00331834051984 1.45508600119197 2.06221511160894 1.75187753589891 2.04529606033297 2.25267210194029 3.31844623473286 2.2567044994363 2.90902112174707 3.45680077866308 4.36017753344523 2.37434060698018 1.70109967065685 3.19544704214549 3.38577761389547 3.39488026290073 5.45759624088105
5.7965348883379 3.09573985850647 2.12294695147195 3.37666860371201 5.06375719884723 3.85079218666284 5.78967890905985 6.11276609167526 5.83356893957233 4.39133103078523 2.61023685508257 4.51139345018278 3.57070817462723 4.66443914951368 6.2165353162287 5.56599729490231 3.97144696369512 2.17752203366197 4.19410223646036 2.71186285706994 3.89929781826229 4.15681117251472 2.24899187789122 2.47494378183205 4.49191558797446 2.22061131463272 2.15251610130221 2.06419338820559 2.36186830559781 2.67344692430992 1.88378106840147 1.80929333302443 1.81256509488843 2.440696229293 1.66151883750895 3.6693546896543 2.89283993087909 2.07465159946984 2.64346042618449 2.27196090845803 1.38319908656 2.507872607665 5.2150191847546 4.04968649016934 4.17284975235046 5.53717179522275
5.02480978149754 4.32017126646942 2.63547709155932 2.0232829768846 4.77922588080612 3.17023847202298 3.02594667513092 4.8876479266442 3.8496493447132 4.46619123213027 5.54473311164312 7.0978256292445 5.10652457843286 5.09660584327203 3.50814535879834 2.84962982147836 4.90285400372515 2.57228272816584 3.49767614903203 2.8673009976875 3.74890317053671 4.83951505254448 2.3766097110697 3.19516689642211 4.0328638141578 1.75897380095638 1.78069812648477 1.63625911206588 1.47176046685538 1.49982500669117 1.34614182523575 2.01870850762325 2.48361626055074 2.37186069294473 1.73016232732636 3.55516181046669 3.6932283177462 2.47374569491018 5.08241380782768 3.49848081901107 2.31397353934672 3.56251783040594 6.42450559018519 6.69983175666609 6.64001178372715 5.22470357148849
5.54237532364073 5.04658294700694 4.07680093135457 1.91720501828445 3.27022061390864 3.06726162023371 3.35492686297057 5.06047324551485 4.24134742282731 4.60275324811151 2.54451269267671 4.37411323212369 5.9712508324588 5.64911250927269 4.339389904349 3.69242628238621 4.53954138745976 3.8713434447407 2.2537347115395 3.5929464098438 4.74912166610549 6.06727967256447 2.99160707259373 2.96979450584426 2.18039315445564 1.61500459439692 1.88216846756177 2.09501108576878 2.08597475478477 2.40041716759185 2.52542666737891 1.89898784945557 1.60202337357938 1.92773544362649 2.94186160255494 3.80268965039174 5.54981654996496 5.09051625860395 3.50957737383547 2.28761896175604 3.42625247000798 3.47698006172108 5.50410495137765 5.96434355818567 6.31020071304681 4.77778522419056
7.16470783542395 3.85924103961781 3.91617906810443 2.2582971282222 2.23239271473119 4.89662923227824 4.77197995207605 5.35770045122798 5.68167702953973 4.32785679634033 3.03633833738284 2.14694110883637 5.62530118862508 5.51975372678593 3.14141014132345 5.72079345053836 4.03687338957935 2.77012196180749 2.612098280613 4.35501832203396 3.95109399290899 3.51519053936709 3.6048702711996 4.54055558854327 3.47660986350871 3.4701482907585 3.18446859238418 3.74278992878176 1.99959361538004 2.32871466288687 3.54172482414361 2.11377190388801 2.38051951883477 1.86775865196722 2.77960366410736 2.47703737111162 5.64280222570184 5.18290037808804 2.65895006745869 2.76463019936326 5.25838559830675 5.04681036004279 5.53497042510986 3.92273084384624 4.471472903264 5.48727989800005
4.82485879636472 2.29635580414115 2.3965462229817 2.40122533474535 1.47363140836774 2.88897459446366 3.72740126826817 5.42824273213058 5.48348811479049 4.54171098194024 3.29881815746288 2.74436841204134 4.96175682441611 4.5960614907893 6.34007125931793 6.88626977768711 6.32248896537736 5.05401404385914 4.17744296471943 4.14417832482488 1.91015440594921 2.07141465315885 3.141218513376 6.59258315563909 3.5610568776361 2.34690044423817 1.85354920279576 2.48530275839162 2.34067965836628 1.85960933824314 2.24505975788733 2.78907247549024 4.55423415416192 3.71107125153672 4.05513873437528 3.87192888857583 3.53916289778914 3.23898767904725 2.28811331665978 5.14498777972956 4.38053993018363 6.0752387256975 5.77408840323234 3.44961129606268 4.37342291710129 3.66230449272456
5.04573574881364 3.12567592050352 2.45097631826516 3.38356329872764 1.90852261894797 1.89936988377262 2.91474265804679 3.85213101077797 6.34600213377369 2.9957186439281 2.614477863202 5.93276752667863 6.033776822013 5.58154605808039 5.29092988077543 4.03606076655058 3.82675391698358 2.1261246118696 3.10842915665083 2.10801588790065 2.73106356707121 2.23713661232742 2.03426381661702 3.29172284140982 5.03285029761717 4.46829262201313 1.87939614857656 2.11819698016084 2.57765040481227 1.35927669739935 2.27349841589241 4.16424506483916 4.74225358829898 4.40787127974336 3.11459679343959 3.96550589937176 3.80008303726184 2.1542687524304 3.3305257428146 6.23098783173275 3.29802533023423 5.35210250397703 5.63074934495305 3.66958152672208 4.39746105469256 1.93233586371703
7.27681667293988 5.71569372852093 4.94325274566117 3.16491216190533 2.22289042847996 2.19710475271751 2.58937276877369 2.65966490641013 5.91786134204675 4.32556770314184 5.1599077981067 8.2282055598349 6.78363075970367 5.92804070622799 2.93014318928744 1.8575808103919 1.81681588054927 2.69117401265206 2.79620011699251 3.37066167158499 3.6880545860093 3.81850611591912 3.16374563217347 3.14961095826118 3.28867301857623 5.32542947309326 4.84103157314936 3.22159559593264 2.69129654031172 2.45094021057019 4.20672204965752 5.11141390573637 2.35469183276362 3.46741289313725 3.2594668789673 2.10530212681559 2.39917650225803 2.6123095707493 2.96849370413082 6.51379592152027 4.5174796182051 3.41954033392238 3.71372232973472 4.31656429156765 3.5266164194158 2.68662360734309
9.44029870234821 8.17033748417675 6.58172549383365 4.01989110609713 3.43836929493865 3.96271713166309 2.34083360735057 2.19585729433892 5.13754410356833 7.67772611765747 5.45736957184374 3.60512887748498 4.69536722612473 3.30357305005978 2.92454439841647 1.88304494282046 2.03510222851552 1.99754174795564 3.00067643749747 3.77078262041454 3.49060453566266 6.0114476805998 2.57913995447111 3.30905004614935 2.19120089820116 2.29828412661746 4.82242622281056 4.14227231803023 2.71802930368412 3.12850528043422 3.50714978346222 5.36343185705991 4.04479112562725 5.43197764072499 2.81786387959845 2.91831821570983 5.1468005492885 3.83956466020137 4.71160858797476 6.47503257160945 3.5203338535276 1.7920781567168 1.8215723345029 2.2332757072193 1.84232074064652 2.65347951340429
9.00175868913852 7.16212690931405 4.94364835560511 4.35056355377093 5.61179316375781 4.75640780784198 2.20015119246981 3.24526443078517 4.15757410556667 8.21213519187643 5.71901572307672 3.47760253306211 5.07647956054874 3.03263655934266 2.40617617006765 2.03098752643566 3.44569936741406 2.87385468122433 2.16028571248508 3.99548156569278 4.96477992617808 5.40450660335517 2.28097482304645 1.59516651714187 2.6336520051348 3.36356382408482 5.05942035369985 3.25040796513523 2.67081530288202 2.96848755639024 3.15662143127539 4.66204486377129 5.36713030200858 3.04881824017146 2.85953777945821 3.69546932137971 3.43954352008008 2.5661335224305 4.58027610721394 4.06156993317239 4.61587769786837 4.46283032563095 3.63223853971359 2.34252106561684 2.82465615180135 2.91978045436618
7.29444570478292 6.2491717345129 3.05843399014647 2.04054444531444 4.9458524959503 6.21668407201399 4.88733289903748 3.81592257707007 2.69600528197918 6.22205949988659 5.32417348992034 4.39576801680427 5.76274949642167 6.39083369087684 3.01962269359039 2.52031224021847 2.32675364643553 4.19497052782422 3.26633499164376 3.47895635065563 6.29362813641502 6.78141948731676 2.656332992738 2.31694917729993 1.51297130038662 3.16921910676924 5.08607996381454 4.08159090471874 2.97635592846505 2.40257364394954 3.55006130332139 3.10091147602974 3.50976858189532 3.22534483830535 3.61911386140419 3.07406411907445 3.73071547992888 4.71019893415562 2.33137528451534 2.57186143621287 4.14983348569459 4.67259322150138 3.47574202636793 2.79346880900715 2.30198433446177 3.44002524912645
4.75500433016104 6.15181035060001 3.53655490246935 2.2303782029997 4.71697633231135 7.15544445216809 7.15053950572761 5.1042326131486 3.16467847250357 3.266237033742 3.59168256097342 5.75163373114763 2.84043616631415 6.88005561856771 2.52455128369414 1.44801463464849 1.24644167990895 3.09926723438874 3.66345430948771 2.73232631368484 4.78358065069898 5.37698338418753 4.0699818988602 3.87453507149206 3.09278098189182 1.57092895533998 2.60955272543495 3.07730159624865 4.56019513723211 5.73982364882418 4.43138350175566 3.39904351427264 5.05519379518704 3.76080349965971 3.40715380485525 3.1576192137192 6.16586805065273 4.5872636083388 2.1200603762298 2.36662634579551 3.83341284037359 3.28521480975879 1.27184754472068 1.81762793004128 3.20736490791901 3.96955485307464
