IBR/IBR_outputs/all.combrep_1/EucDistWater_Total.Silt_Total.Spinifex_Total.VRM_Total/EucDistWater_Total.Silt_Total.Spinifex_Total.VRM_Total.asc
NCOLS 160 
NROWS 95 
XLLCORNER 210004.651214014 
YLLCORNER 7350008.22228844 
CELLSIZE 4999.99999999997 
NODATA_value -9999 
[rows 0 to 20 of 95, columns 92 to 137 of 160]
-9999 -9999 -9999 -9999 -9999 -9999 -9999 -9999 -9999 -9999 -9999 -9999 -9999 -9999 -9999 -9999 -9999 -9999 -9999 -9999 -9999 -9999 -9999 -9999 -9999 -9999 -9999 -9999 -9999 -9999 -9999 -9999 -9999 -9999 -9999 -9999 -9999 -9999 -9999 -9999 -9999 -9999 -9999 -9999 -9999 -9999
-9999 -9999 -9999 -9999 -9999 -9999 -9999 -9999 -9999 -9999 -9999 -9999 -9999 -9999 -9999 -9999 -9999 -9999 -9999 -9999 -9999 -9999 -9999 -9999 -9999 -9999 -9999 -9999 -9999 -9999 -9999 -9999 -9999 -9999 -9999 -9999 -9999 -9999 -9999 -9999 -9999 -9999 -9999 -9999 -9999 -9999
-9999 -9999 -9999 -9999 -9999 -9999 -9999 -9999 -9999 -9999 -9999 -9999 -9999 -9999 -9999 -9999 -9999 -9999 -9999 -9999 -9999 -9999 -9999 -9999 -9999 -9999 -9999 -9999 -9999 -9999 -9999 -9999 -9999 -9999 -9999 -9999 -9999 -9999 -9999 -9999 -9999 -9999 -9999 -9999 -9999 -9999
-9999 -9999 -9999 -9999 -9999 -9999 -9999 -9999 -9999 -9999 -9999 -9999 -9999 -9999 -9999 -9999 -9999 -9999 -9999 -9999 -9999 -9999 -9999 -9999 -9999 -9999 -9999 -9999 -9999 -9999 -9999 -9999 -9999 -9999 -9999 -9999 -9999 -9999 -9999 -9999 -9999 -9999 -9999 -9999 -9999 -9999
-9999 -9999 -9999 -9999 -9999 -9999 -9999 -9999 -9999 -9999 -9999 -9999 -9999 -9999 -9999 -9999 -9999 -9999 -9999 -9999 -9999 -9999 -9999 -9999 -9999 -9999 -9999 -9999 -9999 -9999 -9999 -9999 -9999 -9999 -9999 -9999 -9999 -9999 -9999 -9999 -9999 -9999 -9999 -9999 -9999 -9999
-9999 -9999 -9999 -9999 -9999 -9999 -9999 -9999 -9999 -9999 -9999 -9999 -9999 -9999 -9999 -9999 -9999 -9999 -9999 -9999 -9999 -9999 -9999 -9999 -9999 -9999 -9999 -9999 -9999 -9999 -9999 -9999 -9999 -9999 -9999 -9999 -9999 -9999 -9999 -9999 -9999 -9999 -9999 -9999 -9999 -9999
-9999 -9999 -9999 -9999 -9999 -9999 -9999 -9999 -9999 1.16086114390651 1.47834592722833 1.47809211602586 2.31295803472371 -9999 -9999 -9999 -9999 -9999 -9999 -9999 -9999 -9999 -9999 -9999 -9999 -9999 7.79985144599273 5.87021802769187 3.39354418568044 1.82888685629145 3.73731441622342 5.61140308368194 8.92236898166674 10.6664810021488 9.15811535226801 6.0946930753976 5.78723128227722 7.16703863332431 9.63716601616354 12.2726097709641 14.8519964332134 16.6212891453114 15.7543830102891 14.9276281893141 14.6574569331054 14.9501289968556
-9999 -9999 -9999 -9999 -9999 -9999 -9999 -9999 -9999 1.31139507882221 2.00399154024803 1.04442319300151 1.89000036718825 2.05128765033078 2.07803979301331 1.37694047292678 3.18890163326103 2.21278847187088 -9999 -9999 -9999 -9999 2.52138747719455 2.65533282228727 2.65273568160381 5.09073213055039 8.1621362254939 7.27412095449325 5.22476513756375 4.40117919702862 4.74340141648404 6.66402273069197 9.41611861554002 9.7950622056444 6.8932860089258 4.03621234406227 3.38213989766244 5.9021040729624 8.72126205554627 11.4545535369731 14.1005495721473 16.5600614400381 17.0761730020052 16.4141395636088 16.108787039983 16.3505282512645
-9999 -9999 -9999 -9999 -9999 -9999 -9999 1 1.30036561310096 2.04915660947944 3.14241951217705 1.77656970058263 3.07520311311276 9.28706934261623 10.8553471118763 4.37684032764326 4.9371293048697 2.69759626347022 1.81603590626015 -9999 -9999 2.84291835282453 1.57737099646541 2.12833099825411 4.03794776549094 6.35665524505991 8.99472567347275 9.27709650180456 7.97195657305084 7.58305796388236 7.70215152782689 8.44660649330305 9.90380439919171 9.69660111638651 6.8232469503841 3.90066558620319 3.09421994770125 5.53457251529996 8.47077991919181 11.3240225729982 14.0612645228163 16.6184456937673 18.7123425338452 18.7905172080145 18.4859323256125 18.7163542307685
-9999 -9999 -9999 -9999 -9999 -9999 -9999 2.20691087412032 2.76151983286099 12.3916223804111 4.72102578811389 2.71318359690209 6.66233278910916 4.95746808505881 6.64021019912862 6.67047186740601 7.02236655361351 5.28383750163129 3.19882368505201 1.67754158979265 2.84862557805607 4.60108683221534 3.95760506542224 2.96220632708852 2.96500764721772 6.03564716171582 9.14799758857357 11.3309193981328 10.4911278053722 8.7593223211977 7.00529976371344 6.38025771851356 7.53250484868384 9.33684764521174 8.19057483397313 6.33779338536333 6.06819334282634 7.40491054830255 9.7269051148987 12.1708749270634 14.6852704233535 17.1046844769105 19.4564644255408 20.8688694955964 20.798977396625 20.9694732799165
-9999 -9999 -9999 -9999 -9999 -9999 3.59047268057147 4.22434880942448 6.01047545616716 8.69718213214319 10.1009963710724 2.52368443138646 3.85702471818438 9.69288491312293 8.61815252713307 9.72865529936046 8.57813500922724 5.87370666385854 2.71509748780531 1.91203306328725 3.21973152790444 5.76929353351844 6.7863431598023 5.0238751655158 4.95504084959338 7.07165943180015 9.64717099657237 11.8323616471077 9.96503013266302 6.9936988346692 4.19018365297479 2.92024515535924 5.0809680249764 8.03194493080015 10.0437989127802 9.23920125476967 9.11693183744918 10.0393057909913 11.6116140271591 13.7035211365693 15.8385560205539 17.9749721655048 20.1491229625167 22.1481854704891 22.994822201196 23.1393930810767
-9999 -9999 -9999 -9999 -9999 2.13567024532978 1.9671360893804 3.34076877884609 6.50615508258226 4.44016057618779 4.64446423308201 2.9689846650828 7.87757978338994 14.227416652235 10.7396060573696 10.0396068415544 8.74445097993695 5.66453148757525 2.7747038891192 3.60343819379944 5.94172285016924 7.64365480175241 9.02557081012205 7.9066590271697 7.78798800810762 8.96128732390899 10.9370931900126 12.3037416566914 9.87799509955682 6.91391752601092 3.94908307012941 2.54738753575546 4.92545501472349 7.82987074868197 10.3314529898561 11.1057437757166 10.7773397227122 11.2367593677881 12.3216510362924 13.9736275626313 16.0518178111472 17.9829522085182 19.9569295218772 21.9293641388069 23.8064773214929 25.0020792093936
-9999 -9999 -9999 -9999 1.54789463808359 1.58651949302844 2.10962493013395 1.68496254109332 2.79640225112009 5.52680305354776 3.42338694014575 1.86944678142312 14.4577447215265 16.4580552557605 11.8260566098624 9.26176699915225 9.32387032033362 7.34948324837515 5.80205787021557 6.10011788466555 7.98171335074659 9.83065422968832 11.0802783873713 10.6142672399511 10.5588866241023 11.4081420495367 12.9113718759952 13.2860877447416 10.8265140737523 8.32122977231362 6.28791915246254 5.18798666451183 5.05107372977066 6.16607676576113 8.38025521384516 8.71552561636777 8.03357150381167 8.58089801907709 10.1707807878987 12.1729507986722 14.4762717453505 16.8112205241583 19.0737462392156 21.1332496604206 23.1388356199552 25.0799945482348
-9999 -9999 1.90745658875554 1.37539080389068 1.29154688172128 2.48729778828424 2.79097889909712 1.51704448654182 2.02803387190388 2.31878435004157 3.08431374672943 1.9435676154951 4.92453902416264 19.1431370837203 15.1981504876552 10.1585246706706 7.35766527222752 6.28656693952606 5.64697012680956 6.81972993964434 9.02431407486742 11.2192083950891 11.1985023367499 10.9371844160285 11.4772794630534 12.6324685537748 14.0810765514969 13.7521199918351 12.2520548309058 10.0928173645336 7.48078074398793 4.41296966106065 2.21984576455098 4.12219897602356 6.92609103803798 6.17443989727736 4.77779622119603 5.76269632312606 8.17348223460084 10.7251202037479 13.3840475368461 15.9421899268019 18.3759217191849 20.5936830821725 22.6979227424149 24.7327079903091
1.5723837591117 1.60564918930242 1.47553919583353 1.81766245489787 1.52368181003613 2.04561248389288 3.10445804771659 2.91046480779648 4.81336703216387 4.80691878015358 4.09622375056453 3.0583123010313 1.92387162645286 2.29454961594122 5.19544628397951 6.52212689120555 5.63437841032861 3.62105152057448 2.52024158985434 5.10446280292151 8.08466212868441 9.68232741972374 8.39256361454685 8.04744524582076 8.85740237506993 10.5978519488671 12.3371245645069 11.4469482834861 10.8860411106435 10.1814496178602 7.71282207205887 4.61748614183786 2.37983909695829 4.13587065589543 6.53383104635419 4.580640475008 2.051922846689 3.93059205229546 7.03585156410392 10.0943659735765 12.8672935052059 15.6003554656304 18.0610100642928 20.3994151679528 22.5683313377407 24.5843465520496
1.86948441641085 1.87267487089154 2.99834983772862 3.880909558702 2.65601783278304 3.24641856547635 4.79438882307079 4.5885680243846 6.00346769904975 7.05198903879273 5.35400458815445 2.69764658198522 2.86589291497362 2.71859703218665 1.7092177882793 2.10881955132636 4.13967113689993 4.22547261411102 3.66151018698316 5.47059791774494 8.02835326960808 7.70706449564798 5.50503948881161 4.81793874224031 6.34226217533287 8.79779990382147 10.3012177920178 8.87406880112598 7.92701034812183 8.19082376405167 8.4518710556654 5.93831568776122 3.88473213701822 4.06426060626391 6.10203050649869 5.29485521162954 3.55879421511655 4.80445008398426 7.56917834606226 10.4330582076375 13.1764556025104 15.7361149086279 18.1773522879491 20.5390897929541 22.6243304220357 24.5689445309771
2.74976349958545 2.79686264833682 2.41126254327206 4.31352975665583 4.56502391795832 5.58458742590737 3.9840796195212 2.10770824004175 4.32641074849725 6.66851990696097 4.52754246209455 2.07340651094543 3.11296084130489 2.99257066128665 2.92112758525537 2.35979752886129 1.93636963975608 3.78553995637159 8.30261526062222 6.47527811894736 6.93942779324426 6.40758852392856 3.57045887710247 2.13722779834897 4.86730861373509 7.96799860211862 8.6934505605356 6.27651865329438 4.86004692769706 5.79614843029287 7.21158246897697 5.8198593829865 2.9218913440503 2.69997075671564 5.75664065339522 7.42819836644721 6.72129079839287 7.39250298822922 9.3096528495097 11.6132720563645 14.1037811131046 16.4079820297466 18.7308307634488 20.8904439708522 22.5342033094197 23.3871860314187
2.38684603703644 2.64836415440617 3.87416309089529 2.38131084842809 3.06481513063647 5.83412708360708 4.44263561628693 2.05776820663929 4.04262132348874 6.82704998685096 5.47606491246815 3.68209973688574 2.51916038947602 3.45608631783373 3.42069764122619 4.32974020813955 2.6590438095987 1.74494057942197 2.48289921942644 9.39390597423846 4.29522133343745 4.47628934291189 4.39871269710597 3.72104394192861 5.62735198954973 8.3428536887403 7.90563193794687 4.81154660062851 2.57183272607363 4.39515836025172 4.60908619838678 5.24270175814715 5.18457371987285 5.09982040518344 6.77568135532206 7.31971431315165 7.51575708623449 8.87756810495257 10.8601890132381 13.2127258026328 15.3051865916028 17.1765892261326 18.6217273964243 19.7965039164033 20.4772429478666 21.4405410483822
2.21315020356261 4.11350557358635 5.10145863817502 4.0765762648498 4.53917911009038 6.81322022376255 6.10204095478919 4.95381051384873 5.87345441341759 7.97046853634982 7.51988535780145 5.03858967957246 2.28494667816612 2.39193189061935 2.35267738407922 4.76390470856608 4.51948565345077 2.46651971460371 2.01746965861922 1.90910071070664 3.77842281131477 2.37115496871932 3.19394711270489 5.26995353378232 6.74282841052333 8.0707060745933 8.12260933003861 5.61035666096636 3.74120916514748 3.79162364655841 3.11137827939483 4.23355319524079 4.40717960383808 4.45768124561409 5.61278759188459 4.16110134769752 4.63992592689453 7.19982484571178 9.98304905267088 12.6080256804833 14.5378179101141 15.3736004287868 16.6328338746065 17.4438217729467 18.1221438063489 19.2500249195514
3.83402359339006 2.37699493446263 3.44162065414589 5.94266565212998 7.01302193656047 8.89911362428027 8.66857862002767 8.07772869966026 7.46111875835786 6.57331245418435 6.73599753919112 6.45282591468964 3.5093118592423 2.14694285015621 1.90386264669348 3.83684043004212 5.65599429279354 4.28241604270473 2.68572569501836 1.66052916696239 1.50464758865139 1.80218722827949 1.85822898893319 3.11364564992577 4.1602080747296 5.30866620980493 6.17590515098821 6.09787412721873 6.09381063264063 4.8877886016553 3.22180015756976 3.76021368833448 3.55812039773853 2.88990365923404 3.85755134480099 3.14111873607574 4.0959699596477 6.50244538803551 8.5980019861454 11.0175783375847 12.0155027868599 13.0577305503681 14.5511453840119 15.152735720134 15.9123830709671 17.091085769254
5.38389555595031 3.28579368128988 3.30459300968017 3.77410894485207 5.98480823900515 8.78823136830036 10.7664516496549 9.0487320966561 5.99488961939643 3.584785655225 4.18347918906081 6.40552987649483 4.71335413298557 1.98603283558384 2.14415438810055 3.54494515180608 5.66386844335339 3.58850597664137 2.45402721673277 2.35256834608663 1.34527618770535 2.91921851941328 3.13842844372091 1.73722309175436 1.96964242830269 2.66600493418041 3.27577188677532 3.16619305608803 3.93764704059838 4.46262654697804 3.90651811582157 3.90699681068175 3.63394775527636 3.32269448507917 3.97641925654353 3.4785770754422 3.11847845869039 4.39313047039423 7.37927792276306 8.70339935254675 9.12972110835221 10.5890321443913 11.6641692784089 12.4516170218291 13.5805696820839 15.1200259000656
