IBR/IBR_outputs/all.combrep_1/EucDistWater_Total.Silt_Total.Spinifex_Total.VRM_Total/EucDistWater_Total.Silt_Total.Spinifex_Total.VRM_Total.asc
NCOLS 160 
NROWS 95 
XLLCORNER 210004.651214014 
YLLCORNER 7350008.22228844 
CELLSIZE 4999.99999999997 
NODATA_value -9999 
[rows 21 to 41 of 95, columns 46 to 91 of 160]
-9999 -9999 -9999 -9999 -9999 2.26740720821124 3.22848271439912 3.91896392734251 -9999 -9999 -9999 4.5951491269904 3.61613254447739 4.42807636619042 4.12382638221269 2.20815644817815 2.00458159727009 -9999 -9999 -9999 -9999 -9999 -9999 -9999 -9999 -9999 -9999 -9999 1.35341008338873 2.12761649463865 1.87588402741157 2.62732426095609 4.15753434991166 5.35617240579653 7.10329781909088 7.25260746454264 5.37075287710084 2.86269741064798 3.25739432044959 5.43204145594759 7.62845823514656 8.21399667969963 5.46500930622283 2.41913653156777 2.37019351950027 5.38425332963069
-9999 -9999 -9999 -9999 4.23655877499409 2.82714205517038 2.97524950795344 2.38359544535718 3.47284585204844 -9999 2.45506725916896 4.16578350700568 3.4246616020718 4.86826326264479 4.89284322595598 1.70754342765801 2.42577519417427 3.17635960383282 -9999 -9999 -9999 -9999 -9999 2.27999642736887 2.73949357155347 2.01459281310126 3.11037994232062 2.23015511852049 1.47953536731073 2.33002693494758 2.68489027112142 4.33277731128847 5.96200148791673 5.65528007819074 6.45604181575086 7.43919354659353 6.17499275373169 4.78676565154738 2.6561918561452 3.32762863125081 6.26116863957806 8.19608198380325 5.90095041236015 3.32257371033245 2.04922033936674 3.35604001678113
-9999 -9999 2.31306972183566 4.1878577059967 4.32906619087115 3.75146968902823 1.90087199471072 3.6378399113045 5.76209076272903 4.92960755815373 1.52708015942227 2.54607631003877 5.13490943773689 6.45211137421462 5.65422213710987 2.27083223208506 2.98988734268889 1.7329195721791 1.5423687108237 2.12657671127432 2.28080028245378 1.76711530210285 3.26731049667893 1.67130651812679 1.75023830299139 1.83262900958927 4.04829811672438 5.9256662747894 4.73312840258676 4.57787465885882 4.83034048057106 6.60914208843506 5.30144682750363 2.82232030427555 3.99973075427473 5.25909433522947 3.48435659739553 4.43824082143944 3.20383082937478 3.78900898536397 6.3321740193192 8.67514705142542 7.4732115152762 5.24651714146423 2.88976371488633 1.67802996225012
-9999 2.19181983488585 1.512230509103 3.5630553570585 2.43142909514591 3.64063674372035 4.46673318926487 3.99813449258887 5.87301192109227 6.28227811363225 8.39630499040655 5.07091369724859 5.042256878457 7.58193958048753 4.06592391361322 5.88982398428151 5.22281962967524 3.40180925333219 3.0399953381967 3.74229203845574 2.35266614644682 1.9794928125363 4.40101218974308 3.75764615099029 2.11989740801435 4.71438499471797 7.92023580978561 9.76292693484471 7.24414893962491 7.14903560802141 7.05906877623941 6.72321485277268 5.05808106287793 3.10013767136875 4.04376248509763 4.00395399753122 1.92730961805395 4.13146841877481 5.35899644131827 4.41848879735871 5.19537942958313 7.63154589865475 8.4603164215875 6.30236070190356 3.72703319009727 1.7831792079215
1.61373474535449 3.19685210304515 6.32019947484375 10.0161455487335 7.16780788855446 9.43175912751185 6.53328288431584 6.63335885760477 7.89554010100068 9.00634891419007 6.72087889808457 4.57007161612564 4.49677957382045 4.6887237555812 4.95519540179592 3.34577196184299 6.12108698878347 9.18720931349001 10.5873632245771 5.16843162739937 4.70612801680551 4.3301495630411 13.1376397820837 18.6115059490662 3.90202418418019 5.16742348815714 7.63687186268889 9.43544148421192 10.6244567531093 7.77313339574157 5.57352221790563 4.0781460261932 3.63387083219741 4.26527889909938 3.37238143790069 4.25209215553152 3.61275178767838 5.37364733909941 4.7619820041372 2.15767240735591 3.64306535605123 6.79989621024106 7.01549912516517 4.27835875344854 3.17003744048955 4.02260339276984
3.74583538368583 7.39697762046095 16.6012070991931 5.09022694239657 3.19199439186882 4.6824594349286 8.63229383560466 10.2419865629244 8.16857028332001 5.67704105712021 5.58285052533339 6.56285566173902 4.48067895900653 5.30186748671594 6.82177735434953 6.33206773095258 10.0096638990786 17.8300880571686 14.3650219045491 10.0791283828136 21.914865115546 9.84388272216028 15.0542737178685 27.8218736574499 6.29712672623695 10.0315022183546 9.41040670788852 10.4167451703989 10.1335634568755 7.08129150577377 5.09477362272458 3.57653081096823 2.15369515874848 3.76091149694075 3.16554609132753 5.21638907372354 6.80668200485148 7.02879235555761 4.52573661432327 2.29017548260782 3.80440170999792 6.87938723765506 6.84229150558577 3.83796970196602 1.76324243579913 2.87062154704045
4.87637322270192 10.6396378815689 14.3391863176007 8.4353185752349 4.42982321491668 3.47614789177919 6.97998656929564 8.92098239962224 8.11177681736346 5.00239085689763 4.60693332172097 6.54639090732132 7.25584195435586 6.63258265701581 4.33035763066095 7.38106783001393 9.85490417363233 10.1542886834354 6.94649570912528 9.80815427833737 23.6123761105579 10.3662135223303 8.30127670456789 6.53713020738885 3.76527652242815 9.18909545756719 9.24735627272693 10.7581174955161 11.0322125752966 8.8084431561709 6.95741736604491 4.88832262639948 3.14096275966225 2.9505428477303 3.97544807224473 5.48748137032339 8.13413259035081 7.82340844835761 4.61331957041939 2.15576688520334 3.00466303875 6.05092542031892 7.8369561761833 5.72332024426921 3.11414931558011 1.80540522785103
5.00938203776489 4.11336063025633 8.01274903038918 5.56861843500827 5.22277507969911 5.006187023237 4.60689321491731 6.2609284399214 9.08750873835199 4.6202790422449 4.02598722668468 3.9191498123256 5.75163312918625 4.25542867173841 4.05891626647645 6.25039285700394 8.70788185395308 8.42069033770187 6.10320712801028 4.57023625101828 4.44843094590905 6.46418615794069 6.68758468670047 5.12159639093187 2.80390533472972 4.83298388003722 7.46680640151376 9.79120853761006 10.8205520346004 9.9184866829506 8.36137406733427 7.10826051496668 5.1925686027715 3.46454205757178 2.20398947109437 4.38306295513456 7.64262091900232 8.64820809162512 5.77975750082865 2.95398612650397 2.60864698096951 5.53229262562444 8.24103951423375 6.48957777646551 3.5260729918818 1.62054277071191
5.78778294031618 6.08710849907504 4.6947295496454 4.41997041284387 4.90871064531835 4.11155136444733 3.74937747156428 2.48934838201049 8.6489384554352 4.04829988222175 3.63395310573063 4.94735636861275 6.55674370835644 5.05525520162889 5.67827717292338 7.19322052297004 8.86739829680349 7.54254183724376 5.35354992295377 4.57603471991097 4.54778712474697 4.86046329591997 7.20243575181752 5.6041639842831 2.7135395556129 4.94017819191158 5.83373633477576 7.16395584493443 8.11047010002481 10.8507597451631 10.6228229984945 9.7304148378742 8.12161564431311 5.76491798456752 4.81384336214276 6.17308972242312 8.4794263178258 9.8938580196759 7.14898164195707 5.15533917076385 5.14999715907734 6.67223278869127 7.9799044725009 6.84124763211147 3.9413081304169 2.70495662650651
7.99507484526413 7.30937244479419 5.46204928408891 5.66516940782381 5.56365353208868 4.85481981197802 6.12001653878942 3.81812891751823 6.82626253830928 6.87848440739282 3.93619037230708 4.35268325022113 6.54633136998232 8.62560794937903 8.64822392685703 7.91768691757943 7.01702123894691 6.42570223150148 4.86353963132323 6.67629558469099 8.7569133746385 5.62438455421262 7.00399649753826 6.09834930665834 3.41507787680493 3.37085327616233 3.04676910249042 6.10759501071162 5.62799302872593 10.2836045192396 9.88010421458821 10.7737300273335 10.2249883879057 10.1294171423971 8.74318330581725 10.1281986866734 11.2600899192917 11.6088154902298 9.41441165258347 8.09594458159331 7.14460132649501 6.07264362058447 6.41816000673716 7.43110308934356 6.7829686539512 5.18054308362361
7.78397948739537 7.64394735816018 6.7603814655999 6.38687576133057 6.48723313976738 4.13637890083263 5.41862677150998 5.45525911539032 3.78622296097325 4.29266852347148 3.42231289718946 3.12025349802547 5.82529348004009 9.13004694832564 7.02104448632194 4.52217761097273 6.04718275306637 4.42143406579492 5.88697941122648 7.45573756505038 6.95919043769045 3.07201244985434 6.48759165547701 5.60550557273027 3.12627750911141 2.63816355666609 2.45577084496427 2.66208359870515 3.88294341034187 6.52310339118911 8.44965632064953 7.93106849682328 8.40345042678058 10.7201424258804 11.6868646512866 12.879707110854 14.229551387211 12.9364781010412 11.2586570622879 9.245003152581 6.3067068545384 3.27324485377988 3.59505410294693 5.79273861389132 7.82343568950368 6.70582262533675
4.58215581872972 4.91592749076134 5.03687639230202 4.58179792778731 4.45618487243533 5.5073922333014 3.968053221274 3.37520523203816 3.48750610844991 3.12487492707367 2.8941409693028 4.25804713520776 4.46191289402343 7.05007236379657 5.3577274641801 3.64714207883858 4.9841766390918 5.13940287837623 6.4602163159709 7.68443229201124 7.49332937227095 5.95736420056293 3.3349212291306 4.67746035434599 3.76072075301775 5.60029355627891 5.44509786606607 2.924519795592 2.45621765506347 4.49392030192322 5.7083125747042 4.61496284669429 5.51772082902681 7.50179264928247 9.25102535531576 12.0984435269061 13.0833129312046 13.1059803971446 10.208806761727 10.0519563916344 7.18545695852618 4.67704493168844 2.80374006424843 5.21979926250382 5.85183558534796 4.03364031157722
4.13933864488374 5.67268079365878 5.17845082982622 3.65390631500251 3.74159337012678 3.64338851749093 3.34648917406452 3.57858056236262 3.89399281402416 4.46128259965076 2.69401559074248 3.40472867481884 3.10524440092408 3.31698277896664 3.42886798205619 3.90971138217524 4.99771343487235 7.83070284049525 7.43357324156516 6.59443370105066 6.21332200876502 8.81039916110946 4.21921486073748 3.21481165805868 4.52699015460137 6.14854995008094 8.57331761279817 4.95528862610576 3.14226845697594 2.55924280212158 3.45987950977486 2.08950385888617 3.03578604790723 4.21416317444343 5.93552953754233 11.2051767519974 11.3321617164629 10.3452791578487 7.7636664047152 6.6088168415732 6.81963078393786 1.98937542823268 3.42818345241418 6.22763527816032 4.94121821190741 2.35010856184753
4.37784545155414 4.01950878422959 5.67131699657778 5.28818704413039 4.09474324129841 6.33941924196297 8.61653448647906 3.58600019617051 3.44717118295988 3.37234786696476 2.94781293435845 1.80983607810706 3.87946937274722 2.92571432166162 5.39121095593864 5.371958474987 4.15541006872393 9.12504049041431 6.75601284756213 14.3876524475335 15.3966489201409 8.12665678841383 6.97209796701755 2.7705991655038 4.78341629633203 7.62656849636317 8.70879614360932 13.0346986484573 6.89732032572169 2.11046835023481 2.32486731761091 3.58293545987649 2.35882333123057 1.97270625490607 4.33852124015451 8.19767134125347 9.22197898335865 8.06048723218322 4.96186949535005 2.89725642799154 2.73368351803337 1.91567029662573 4.60860449093945 5.56747901870505 3.69885784900954 5.09943465330403
2.74990967600903 2.59994038970751 3.97656750827587 3.91560368015009 6.51947094425159 5.25227867635432 3.54046308064745 4.5425695336182 5.1149455515666 4.15651853206342 4.65809064210471 4.24558616245909 5.75643571881347 3.96928475802271 4.24013998710284 4.89421681715107 5.84034946270545 8.81422345055302 20.9246099002898 17.7922204927425 18.8413759806944 6.15334224295893 5.75302322187018 4.98074653971462 5.01548719820532 5.76751592464859 5.32230704978498 8.64104835601166 20.5579653185697 4.95576924188601 2.93793329786263 4.83348527906823 5.36085076018175 4.52071997401916 5.20149573146676 8.0183239435553 9.07479313305219 4.8763582138598 2.15853656294571 2.56243244458131 1.78820601437386 2.08714085634262 4.7388829474621 5.04155626842743 2.23637009755842 3.6077143722736
2.6591864563092 2.01393133562628 2.17611569525424 3.08198019383125 4.51742067745576 6.85833387283923 5.48670277463982 5.45647308151662 4.90252227430993 5.28599246889474 6.86534551139563 4.44126433231125 7.22333662904132 4.19470424254192 5.90227840924129 5.29209742107571 4.76315409549446 5.33129468974077 21.4181174534613 11.455881729315 13.9864698159514 5.8957381535251 5.37996962248027 5.00033160341853 5.73222732200762 6.19231262823865 5.80595944342996 6.76261890538979 9.68768432253427 7.67102095880192 4.41093514508234 5.12688299679491 5.91809590472939 3.90414041993122 8.85963757262147 9.58805220275984 5.12678006980728 4.41063878365325 2.67888226516265 4.23395937686831 3.04921902837416 1.77943049798093 4.1952583922716 5.96906771820038 4.22036714459398 3.21705101734986
2.65366183449421 2.91746095165918 2.50521642231515 2.26718822086334 2.02945822825114 4.55481369707039 7.80866161199522 11.2376696632137 13.7097841211843 12.5805592718263 18.2837605901923 16.5282735971506 12.8381685469383 6.68301590595952 8.20887230384428 7.50031926819708 5.33246863506189 5.22498938078896 6.84381038670136 6.22930576529476 5.11043746038096 6.20576330917209 5.55652786582731 6.47442222468234 5.44364333369322 4.68254632563509 4.99764546533097 4.39532643898043 5.20155883567522 4.93294160250974 5.63974755981037 4.38524530484502 5.59012499750831 3.66193468905846 7.09243839057513 5.84732153385219 2.80921165935077 4.93386505562559 5.54937503942062 4.69027425697649 3.28389651096027 1.66475095533837 2.57141227650009 5.63510448797564 7.82103303650091 6.33649983253847
4.28170333937172 4.47018954701487 4.54393139256266 4.86965269387853 6.49731618994099 11.7119419805956 15.480633428832 24.5190650159969 25.8604819645112 24.2807857407228 22.7167352897555 21.5430123244645 17.0749209949973 13.2091634146425 12.8304037122929 8.94491775104549 6.45984377621116 4.71108324597851 6.4204309692117 5.954112316491 5.90649044358708 5.73646906215993 4.57171316443731 6.21123032883651 6.40199660953455 7.3910084868598 4.601047503221 4.81822130924224 6.6678922921398 7.39719081123317 7.6999599211461 3.77847168149504 5.253376224585 4.59949852885128 3.63324783398043 4.75269693087127 6.59640110864062 9.1247229379067 5.38694348335334 2.70522370777998 1.82967990594262 3.27298545366456 2.24602501579731 3.90194506918697 6.37159710493769 8.29664946186985
4.56679190460106 5.54098780445777 4.87453724629436 3.06202849880014 3.41184625620857 4.56217394523857 10.5429244943616 3.33092584559676 9.21439607390768 14.6561005803754 14.9551591355686 13.9428432677357 14.1779379763677 9.02648137066901 8.86450303792781 6.04409782242048 7.90105174843761 6.59466031083525 6.15565860339654 6.18674191298829 6.9510217641096 7.67213021820407 5.81417035546809 6.18159634218543 4.95201874348484 5.6788502802199 3.85389214082153 6.27688180822716 5.50793292211155 6.13939474075252 7.89801048503197 8.45332092117424 6.3902648431262 3.99129278686713 4.41842814625335 4.10162592204404 4.64460107988516 5.18444439044298 3.92230761216161 1.58701706403234 2.95759827018488 3.89640407596487 2.38005021413473 2.11626405565045 4.21477235885026 6.79382763794245
2.66823445758108 3.02719575424525 7.49097625061496 3.16801701960557 2.74449194371869 3.56834410490062 2.41910978254905 4.79092382143544 5.88414937951707 3.5362190452678 3.21286128432244 3.53058314279262 4.38494914553955 3.07541126434766 3.6258808267932 3.76800180150405 5.14429490097428 3.80280607374404 4.24383100964597 4.77634158525195 4.87339492006333 5.12374089500019 5.15964520831698 5.54654046192835 3.86037615898038 5.58161219249281 5.23704978568645 5.58291276649717 6.28062799556619 4.92144246895134 5.49614189093483 5.94171256701976 5.3123251863276 3.86063134785566 3.74274293724059 6.05501003993232 6.56349936774588 4.08327300340103 1.78685914913118 2.71470801427127 1.92116779150139 3.25937436795452 2.89940890728309 1.87839204830573 2.90783467955462 5.42665524216362
5.30144724304107 2.52801763983164 3.97286751757914 3.33056755037162 3.77319507007778 5.03244673115377 2.82162496802555 2.75073920350817 3.31103878619305 2.85850344829118 3.59381097954203 2.73080450827371 2.59375986679412 2.72750937237992 3.84731436715104 6.0556016078227 6.82324631480997 5.94275253916963 5.79053784636322 6.91573788346868 5.96370569395325 3.17669389186568 2.85560557122899 4.54207321311123 5.83736142691613 6.55445446079985 6.86259768588386 5.81683132808987 3.84367425420054 5.89751773205499 5.12344449950374 6.09439186593708 3.73323709420333 3.48022138738115 4.74688101733186 3.78086956584422 6.56673327940717 3.9624302157376 1.68017351539495 3.24704310105323 2.33668525149341 3.72786966571916 4.46812638254973 2.30906826603382 2.59831018364879 2.84745178839832
