IBR/IBR_outputs/all.combrep_1/EucDistWater_Total.Silt_Total.Spinifex_Total.VRM_Total/EucDistWater_Total.Silt_Total.Spinifex_Total.VRM_Total.asc
NCOLS 160 
NROWS 95 
XLLCORNER 210004.651214014 
YLLCORNER 7350008.22228844 
CELLSIZE 4999.99999999997 
NODATA_value -9999 
[rows 63 to 83 of 95, columns 92 to 137 of 160]
4.53140193526262 3.4059230093347 7.97460615394401 8.34585468954794 8.16529753729449 9.61376686775005 9.76873389904384 6.24480525881399 4.56451824337386 5.00303187042775 7.5111686672777 8.63632399574228 9.58667715537486 10.4831331821003 12.3846175551126 13.9172626700975 13.8440678349742 11.1055312623971 11.5644499730137 9.21388970506775 5.93288204630847 6.40453469013721 3.39129418335444 2.85340149560588 4.31578171417581 4.85289515204379 6.06671832347682 8.02366467881487 10.4921977812763 12.7355838869313 12.6255469186549 11.6007564506714 10.6972322689896 10.1834213634393 9.12978731770098 8.17261956452492 7.12104298369257 7.85461083724442 9.61369176128513 11.9830386859325 11.5928757313819 10.0667542887188 7.50184307451085 4.45488392322946 3.40718960278714 5.47594128918731
7.45066988330506 3.96381512946976 4.66442079628987 5.58807392239151 6.3658918536643 9.03650600841926 12.0777225213769 10.0898823377875 8.68082241777391 6.88653224564436 6.51825579084987 4.3311386101392 5.51874433095209 7.87104355594596 10.5894497726357 13.3662545410297 13.6267756463917 10.8157931784571 7.64701758967237 5.00071160500083 3.31850732504032 5.81777275193691 5.44958266893916 4.82990471289887 2.45767595782057 2.17844615717886 3.35697890950094 5.77780717409784 8.42675781624806 10.6888468266816 10.2062595275943 8.85465428945839 7.81553553823876 8.24376494281938 9.48724246223231 10.6851287411772 10.6402071475271 10.8899003030326 12.12483121307 13.7858016166148 13.3077685395128 10.5194561986881 7.34722337856168 4.58626371175296 3.32033008898231 5.6917788917996
7.95949124016807 4.29845666602854 3.40308551890417 5.46688139773766 7.37260635125443 6.88272349362523 5.14912616677483 6.31861204596884 7.43666888682815 10.5248889871031 10.1984243494672 3.99618026325181 3.53708485507134 6.69059870524373 9.73504914021158 12.6569940636394 13.5640560263162 11.3510721085441 8.76724048986653 6.35240047054348 5.78920257493672 7.9828405892436 10.8918505593258 6.55014209453203 4.81890869055783 3.73846599656934 2.29126678863848 4.45607459403702 7.34874750185464 8.34355138315969 7.79999568466458 6.54799340186848 4.50684887817642 5.11761164488467 7.65818686326032 10.7678735337028 13.20536172596 13.2040008891841 13.9279812980672 14.1491948536066 12.8875365731417 11.1508364762452 9.10402165230172 7.13421093158436 6.41517375632384 7.54095859927242
3.87427653550394 3.9218782897463 5.20756731040333 6.62233777238017 5.84433726789809 4.54038220388126 4.07214564962639 3.91441842868165 5.83321477268802 6.87625717365712 6.85612705175478 6.92903734218453 7.06154820245548 6.78533120112558 9.84921864550669 12.7238041905269 14.2314823497727 12.395037543425 10.6993703797455 9.41128102002437 9.92753640878511 14.5702595666354 18.4189366380329 9.86663159540763 8.22253681097195 5.48897524043889 2.70395106381421 3.69613335216913 6.85210657311251 8.36526511184606 4.5610622902527 4.38414946332661 2.84333711728515 3.85183052407565 6.96667763211382 9.8966573495205 12.4671151941636 14.9889903662347 13.8928179413932 11.650969728428 9.69204968086311 8.63536072082016 8.98860932866184 9.1691602575587 8.84438859661759 9.15106190710981
5.04174795650158 5.03274936203265 7.33953910884988 7.91591185621618 4.95304974601649 2.58054934171052 2.62096798823945 3.80233370692709 3.54740766719096 3.92420126075192 4.02915629151788 4.72073093359682 9.30656357778867 9.60846442869227 10.3896438874166 12.8337446199862 14.7673582386603 13.965662648379 12.7799843005535 12.0592047635466 12.197278946274 12.4734987903329 12.1575087048724 11.0352758137992 9.25745487759972 6.59413258459145 4.75622114452556 3.2048060547355 3.61620024694629 11.1319888191274 6.51915138045013 3.56904004961736 4.6787444400424 5.26601225931553 7.3831698403295 10.1236069480848 12.7612190960486 14.4745932278757 12.7151624869274 9.92065526507721 7.31045072338103 5.48241218552971 5.71690649685131 7.74071520570908 7.2173931003367 6.54894692764453
6.31427149262594 6.66130701646568 6.3097327886693 7.50430013602847 6.58980851354343 4.09364734436089 2.84027721567133 2.85810578544416 4.16684381243836 3.25382437920785 4.06939539694599 4.56049116456484 6.18688211809789 7.77225452278652 12.0584848382985 12.8818674498416 13.3950436689044 14.4274391914927 14.6488919604325 14.5671571963883 14.4313962091839 14.8309382025652 14.8281115554325 13.2174293158925 11.0173590407862 8.97783542621177 7.05061092961769 5.17747214381852 4.69284890523292 5.70893717064477 5.10741321174497 3.32827733324486 4.54302338349828 6.58002038933501 8.97110354475417 11.4145594155443 13.7976635922448 14.3287333562196 12.0510766147094 9.02327083896204 5.85899814648471 2.93127274248127 2.7962087861585 5.96543406266864 4.83382466466283 3.68558987913389
7.5897471676132 4.63072887608255 3.40289408985088 6.59341665185709 8.51283817811073 6.50636324482881 4.20479513540481 6.3820443578382 7.64511384527683 4.41804634978538 4.82422701491364 3.34751369029547 4.28157727550014 6.61360689314524 9.22067236600644 12.6707961158855 11.7835025593718 12.4771298777301 13.6845099961153 15.190077401835 15.3789277764794 15.9202520920463 16.2692568879066 14.8534272793015 13.1680306275362 11.4939804925086 9.50278083287361 8.04256227502292 7.81322632305982 6.87688865033488 4.22665570089116 2.59263763300946 2.31342163283359 5.01543875173871 8.02413462751148 10.9324876605612 13.5732285611949 14.6391723949474 12.423368884008 9.17336956621464 6.62196634066062 4.27156345393081 4.09031620934831 6.49458229810052 4.76377271596267 3.53772069308186
9.07571320309366 6.62658682102039 5.55280592246206 10.4594605784224 9.85074990874671 9.95412747957613 10.3412888543156 12.4277583013674 11.8320399269381 8.20823994308634 7.96260879356328 6.18157844217158 4.29981473009282 5.44203038850353 6.5427764732142 8.569211862521 10.0132506854203 10.4564412572555 11.7578480369471 12.1958339048855 12.7921558578915 13.6641493512406 14.9907218126095 16.1614142418936 15.3756566534763 13.6503584020645 12.1345080937555 10.8795409848545 10.3318447932093 8.41553761880598 6.37557017979094 4.62043375768696 2.62928822597412 4.84815523427079 7.86159470081502 10.7751532419435 13.1993666547471 14.3227110038675 13.2682006006153 10.8936040949367 8.76937887823161 7.33896947227366 7.22248636830118 8.22900222292167 6.95267648907401 6.22926478257532
9.44314547418632 8.06724369702324 7.87594544780762 11.1438544926162 12.0027754596561 10.6025501393873 8.44812587485246 11.2980896037372 10.417856706741 8.74337549436978 6.15315566155988 4.98487761616972 4.85811244503043 5.63357281999672 4.16475357095887 6.94086344453903 8.44420155515649 8.80151666945362 10.0603944264031 9.62522972015726 9.9719141670784 11.169591092025 12.9011170243087 15.0961430327133 16.6224081092348 15.7213460511111 14.6007828498932 13.615349538927 12.212304205002 10.4934353429943 8.37868299721145 6.32765536749987 6.50793628749257 7.01294024104774 9.15083796387229 10.9900981110156 11.202744541132 11.1774382047945 12.261291454107 12.7245932321182 11.1105570487611 10.3707038896962 10.2205521653622 10.7013689282147 9.63148933199142 9.29827971209534
13.7198611728969 11.2833224392961 11.0111959596552 9.85162754501827 7.20165497000293 5.47821800865975 4.59165210328704 7.93576504279818 9.33678189445675 8.38516163573158 5.38163821306702 3.40850802356199 7.59472204322254 4.64522472742093 3.28009145402354 5.21777902772235 5.41647252715367 8.95904749829866 8.01365582471083 6.75245818726237 7.03915106269704 8.76325474329219 11.0320528408034 13.7780189137792 15.0835031949382 14.6308216020427 14.5608855683474 14.7204348974604 12.9303074851019 11.0137504530592 8.99268378049513 7.15198594306537 6.28094860804259 6.46180178300068 8.54171452549312 9.52386873026813 8.3407814275005 8.51047775047523 9.85466849549806 11.7084959650897 13.110906373012 13.6730365082656 13.2021341952662 13.2985658553712 12.4917242646775 12.2039789220612
16.0532139758928 14.6807351349074 12.4355102228584 9.97760041638761 7.23228022544445 5.63143489290928 4.11216228166107 8.21111616948318 10.8051743246325 8.41282599944324 7.13570752522535 6.55494844647998 7.55876933392406 7.9957223133628 6.99668355791774 4.9555787817966 5.48687631260343 10.3075266210042 9.25462268884682 5.54134339908434 4.2839095003547 6.79687125431647 9.62525229563264 12.4085682148048 12.6061461069369 11.8830937623566 11.8465449109338 12.2960073549645 11.5782064568619 9.0846004844278 7.08122671855748 5.24253199399246 2.91149047364724 3.86273747578478 7.01410779296175 9.31914351282978 7.32477465066065 7.40120576324636 7.44050818367808 9.99503928196886 13.1025148309076 15.4090804132493 15.8642341762316 15.9277544744035 15.2217653770931 14.6142765121947
17.2960226497114 16.2290368760098 13.7591885139767 11.7573670910632 12.0615090961705 8.25071155059925 7.24107180146609 10.4915135745727 10.9030577597887 8.48701281470266 8.44773147463266 9.95749616175513 11.1770454468394 11.4900389019077 8.36062628728803 7.33683942878088 8.1088653084961 7.99678708896226 6.92470738621183 6.45524245626366 5.81649689727174 6.59259395575306 7.80790901895501 10.4081393258526 10.0308578001425 9.00392398776637 8.91604027799251 9.43493861135511 10.4010102755683 8.19603401186758 5.44945350517215 3.31739070461686 2.42846429703672 4.00139448105883 6.58178013315509 6.21392271392019 3.43746868040121 3.14811897495538 6.0598740114927 9.18686480545029 12.3473495880865 14.7798492938018 17.1074810657255 17.1416574513349 15.9999813579082 13.6542985862619
20.4516172739711 18.8962062023921 16.4747097914249 14.4778688998162 11.6236413017103 10.1528997748107 10.1849025043739 9.02504527925119 6.48390777739741 4.5469393616832 5.78323422246051 7.72880281302606 8.9549627734419 11.4376155286309 11.1752571218803 9.53650241534352 8.0554428752416 5.45262689748335 5.30706188729701 4.56386132130689 3.47986666708058 4.91726676699625 6.91124373541174 8.86187150960501 7.58893272043491 5.98390961046707 5.72754462766699 7.08181583437733 9.41084823232087 8.52099954392726 6.22275542199576 3.39104051951385 4.25077777575123 6.49024527501744 8.17315888511995 6.51275170102861 4.18418692090225 4.34242722330952 6.66211498708637 9.50582399571663 12.0532879847833 14.8967696272308 16.4519802306174 15.4256924290502 14.2774800189068 12.3567962558575
22.9492928994992 18.9651782943376 17.0788427628557 16.1944363018989 14.2555560045421 12.8927508962603 11.43978337156 8.36764763086891 5.14820077261158 2.64617463279445 2.99454516001347 5.48108879862229 8.36214855981765 11.4776017205927 13.0381127346625 12.1181117709283 8.85282717104286 5.5644888786123 2.56486313366628 3.09301496362226 3.48459297862535 5.12877208189864 6.56792455268912 8.25484849630459 5.88133529670233 3.37809848092408 3.03443949723515 5.71832175576567 9.01278919378038 10.1398868381603 7.99872187211884 6.47342335881259 6.89752742831398 8.15722476772825 8.77900218156627 8.26291958823953 6.91053789007577 7.17207684501061 8.76741395970442 10.8913096512779 13.2885345699138 15.3251805571228 14.9926989755454 13.0492486959003 11.5165670904551 10.2646300542644
21.6663027768632 19.8269635600438 18.3372103965161 17.5458283852693 16.3223126265749 14.5159349387934 11.7728174713543 9.3970500661926 6.87833330796645 5.21758522414414 5.70964600655993 7.12527184779932 9.61944493362532 12.0280378559163 11.9336150657821 10.9960448950274 9.10510396902214 6.50289088663006 3.96494048066662 3.96892303748214 4.47875357154841 4.57859832343842 6.4754327551399 8.61309683793899 6.06791779717664 3.15250532851773 3.24368876898285 6.01175454851802 9.43193544585244 11.6129593582913 10.3175775584435 9.28975741193703 7.94807134065712 6.18016543210024 5.73084603668028 7.10485198686441 9.05991226292147 10.1684472768989 11.3825905073538 12.9627472963437 14.8022843347473 15.5365649653989 13.3924683995284 10.7999898436062 8.75910268672165 7.40095137938413
24.9113004533109 22.1713494189296 20.1378295035656 19.1493966465647 18.7652239427338 19.2489290267315 15.5906558192218 12.5230292680972 9.5548015794848 8.64042999591775 9.03139920919501 9.92360706966627 11.4154428431299 10.5956261127582 8.26857602046361 6.94022640314245 7.20191993992536 7.40421775971517 3.97493356535206 3.15848315097035 4.73542990190363 3.96759344433025 6.12830440949739 6.98960469955072 7.54271295906214 5.81269696298101 5.9298978782664 7.88374461331516 10.4149815445836 11.2511522362229 10.8324051534683 9.39809687215389 6.53190480165764 3.6946658807636 2.93379842130627 5.37542532132748 8.29974652011193 10.8330981566166 12.6113778255493 14.5969298752833 16.2962813509588 14.968335178423 12.3417708564019 9.58182063557671 6.32382410832571 3.8797251799499
22.3824179661208 18.0447490904868 18.1608237062941 15.1718160821337 16.3865307641172 14.5889049945371 14.4646359608106 13.9036451809542 12.2694483085313 11.7038934012152 14.3979969542733 13.613214217577 13.2715726983598 12.4343003441119 9.43184749736374 4.04081890603308 3.95402788642976 7.22942519345962 6.93338125305251 5.88807361438402 3.49140236239815 4.38837247879127 4.28147407748734 5.29273611556481 6.40923092920862 7.13067611786149 8.5740641542003 10.0704196585299 10.4488370627197 8.78469485782498 7.82461825229173 8.0530695887314 6.45541707254055 3.90882911731606 3.32787188593293 4.96451898295871 6.58116177833598 8.69726487164557 11.5169688876958 14.0848805284156 16.1935046745921 14.8556406920073 12.1005301177022 9.25284255218405 5.87448713535358 2.30873061786153
18.0960835849008 14.3743286230514 12.4900234524705 11.3259722072472 10.9333946919003 11.4044195097038 12.7933062419437 14.5767595709532 14.5130638010708 14.1402263037301 14.3795614814376 14.2798077226705 11.8193194473925 9.00907200399863 6.01159275388911 3.57183037358149 3.7657690541435 8.0961604955585 10.9958776324423 7.83999742186035 5.69213328948527 4.87441269466692 4.65469658994379 5.03815272834136 3.74645916777866 5.59080672491699 8.46317209732968 10.7062281506011 8.8256179403065 6.37041034940366 4.5344910547001 5.57622832574763 7.31725077176701 6.52538933372497 4.77636412474709 2.6294638027226 4.46344112417081 7.29005023680323 10.7954891618745 13.7114578621203 15.8991548466373 14.9922324800985 12.2766802316955 9.37436804503224 6.04684161857111 3.15030761057169
14.9776235673312 13.0274184752228 12.0657133344977 9.69314350780638 7.97056444206621 8.79698656793533 10.6145571253432 12.9074744207245 14.206148606217 13.5451269277526 13.4209445418614 13.7039829540164 12.5024229505025 10.1668806951513 7.80513485771193 6.38763682397247 6.37399942736658 8.07464004014058 10.6410825737674 9.89327780423186 7.69950662911248 4.35637137574381 4.28459739192219 6.00194439013767 2.99284739484894 5.3620907878399 8.49085891450831 11.4066362680652 9.14516134697687 4.72965998101313 2.36589365903172 4.04619255166699 7.32903790986126 8.04565643077347 5.07049025717678 2.97260875839296 4.82415273642416 7.5777383345509 10.6354753535757 13.3972559726489 16.191284333724 15.5488908427897 12.9995117850403 10.5917500994478 8.11105344411382 6.006041345075
11.9971639332211 11.0263035113105 11.2730005578639 7.03047623086685 4.87144940507216 7.25597005435171 9.19277779840354 11.7959595573941 11.855274594989 10.7388490196965 10.5558867735146 11.2463631754681 12.4848300795449 11.9661234858605 10.3818746879218 9.49571575972984 9.48434884423046 10.4165703923391 11.9559082816771 12.4491199148735 11.1489850242417 7.62766739562805 6.86340483628188 6.75109599820224 5.7690524521755 6.53159161096131 8.70702270679015 10.5333267652582 8.44947659363598 7.10961314425907 5.0193131945352 5.53590141557036 8.24321193688853 9.34700882330847 7.25830488326362 6.10350915650913 7.07052731174552 9.56315283219259 11.9522894624562 13.9950662209213 16.0893101519803 15.5178950492839 13.8711540683452 11.6126288392566 9.4315837652954 7.74035406699854
10.4396418852726 7.75721004656357 7.23075889326258 4.8623794442779 2.69253781688977 5.95392740999458 8.5789493862364 11.7334344842168 9.42361574848982 7.78131726845064 7.37579344100272 8.67742339095273 10.5473102997311 12.7886539367296 12.7810245766535 12.4475748965043 12.7087543723101 13.5402680762462 14.6309019848929 13.5827091001132 11.1734854679819 9.819617248936 9.02088567280093 8.27404429032972 7.19987581158344 7.54224166787383 9.19020905422923 11.1068567196941 10.0770934389294 8.37490367032198 7.52974496666525 8.36077887493848 10.1854187305468 11.2766617655594 10.0341139361986 9.38777346200858 9.79543187751044 11.1764368025624 13.0979320950556 14.8361125071587 14.3620581830496 13.1797270415148 12.4940192359116 10.2408732809107 7.56606672483562 5.16681549421896
