0,17.7019063933054,19.4532178035756,19.2931913886736,24.4409146035225,24.7433276863807,28.1803133610472,23.7969802907266,41.554287803346,40.9207919901534,72.6441676766485,45.8099213329468,43.9800921238021,43.6271315357541,51.1931511494099,51.7133347150594,42.2308216340996,40.0250076177564,41.0419988979726,42.419368649522,33.7637552228425,32.5792082126297,32.7617973640729,55.3150836612451,68.1131129980499,75.863152544835,62.0565829156609,64.5341406583953,44.0430059443924,39.8679872221398,38.9968948714808,44.4806878446692,61.8500390416662,44.9399604807391,52.2125881909425,49.5796660256035,51.2346937761769,63.563424403443,63.0205650966839,63.1558298754286,67.8414581495741,71.4275490905959,69.8543534998567,69.9271376312746,67.6948846746541,66.5354055948902,68.7676751761316,68.6590703429501,69.8531784292049,64.9337860524507,66.4390879798798,39.8501722546464,41.7310978339604,38.2088834920152,41.6306179146252,36.620449506363,37.9977776526821,36.6931332909854,28.1513277707222,35.6027568926191,31.8565668841383,32.3341318041754,28.3174834345917,48.0228105532992,34.8718534591462,42.4231970793008,68.4345885787993,70.8200334647138,68.8636660956053,66.7464823916082,67.9162420502374,67.9482248439795,68.7949609713834,72.1689219173668,80.8242507736969,40.1434773345907,44.6830760870655,79.1387361355713,32.9997164397269,34.3157539431061,41.8425782615615
17.7019063933054,0,21.0302187367488,17.3478933186375,20.0835440179712,24.9591240896535,28.0224987812753,22.2705266190162,40.7580689391103,40.1255653612209,72.6921166680873,45.0382056144748,43.2030053320075,42.8435641707654,51.3827282325566,51.8700082682598,41.8496539866285,39.7075497428037,40.6745021094995,42.0975638779106,34.1205963513154,32.9965706665845,33.1880345995183,55.1374729269351,68.2475033665309,75.9851350454386,61.7305378134886,64.2580332470318,44.2753475674338,39.0735560378969,38.1977696857968,43.6893911718205,61.9803709546699,45.3674550881845,52.3570318098155,49.7260371898065,50.4797343367802,63.636428974477,63.0951248530215,63.2284465572592,67.9010574384673,71.4863136599022,69.9116002514998,69.9834828435388,67.7545033104384,66.5991576519829,68.8290557429095,68.7212600240122,69.9154168526692,64.9951054664825,66.5042717265537,39.7805503008361,41.6856041351674,38.1764764657256,41.444691401953,36.718295579123,38.1043894703554,36.7843132278705,28.6680467447674,36.113408530981,32.4551898294322,32.9424071754286,29.0327979775052,47.6433482706626,34.2606564927557,41.9615828142277,68.5199971357743,70.9073813586434,68.9501166095443,66.831924964117,67.9644821229608,67.9969205918396,68.8506683538889,72.2250644391426,80.8623284945123,39.9814501634507,44.5420594676304,79.1971547499554,33.0710137960953,35.0837958313903,41.0175196417785
19.4532178035756,21.0302187367488,0,24.9610328878385,27.7227976696353,20.8225404754143,26.6170800354416,21.2408902830149,43.146643549319,42.5049386268359,73.9797481105477,47.4768101158406,45.6401992781298,45.2587938664838,52.541632223072,53.0298962478896,44.244934167213,42.028952081719,43.0481825080639,44.4284277415021,35.8072048014428,34.5348598522292,34.7465125821767,56.4671828287428,69.5397622848943,77.2723134109884,63.2059098365041,65.6750121558784,45.4974223742161,41.2034727510168,40.3234664543376,45.9074271149338,63.2456479612889,46.7433039412751,53.5070653242796,50.8659238261738,52.9369085072357,64.9144657907993,64.3731438051604,64.5078637878094,69.1800979157592,72.7663056400139,71.1911762056479,71.2640960585387,69.0380237935239,67.8816891600563,70.1125982542097,70.0040666555819,71.1990231721822,66.2783170061089,67.7865605076088,41.8750887111552,43.7674190889419,40.2262296113117,43.6697062207353,38.6004342836918,39.9996590799638,38.711582183757,28.4700254219268,37.6934404785041,33.9111657502272,34.5026504276595,30.4244370203544,49.9984937914215,35.3556747320167,43.4788386785077,69.8013217903758,72.1887246109392,70.231337343431,68.113020782182,69.249520100399,69.2815393907859,70.1349126480993,73.5088919139312,82.1501184831063,41.14658310009,45.7111420500442,80.3973171700462,33.8395013382354,35.8590747686526,43.4259473951987
19.2931913886736,17.3478933186375,24.9610328878385,0,18.2034564983553,27.5141142219055,29.8834185683816,25.2895153234773,40.5448942683676,39.9216416186844,72.7121740536268,44.7373920147693,42.910348886186,42.5841575466021,51.3848986657821,51.9021584324984,41.1465809648936,39.0230214769797,39.9827020694021,41.4062425594446,33.4744930512342,32.4487365995896,32.6137383793314,55.3380557359843,68.178428827624,75.9330001985731,61.9461338256858,64.4769028500314,44.1791704857183,39.1502318694265,38.285353035103,43.6629040190051,61.9406733549318,44.964810893293,52.4095897542133,49.7859065083335,50.1371131640457,63.640834363345,63.0980251752973,63.2319525426427,67.9176436637742,71.5028384548338,69.9299919435098,70.0017996988344,67.7669350359945,66.6084578549618,68.8397423044407,68.7318351271732,69.9252044270683,65.0061580200136,66.5123949064863,39.0938152073728,40.9888217501685,37.5020014061732,40.7293575528665,36.0969265969002,37.4617896622912,36.1227141714999,29.4009072221998,35.4526476540448,31.8521277766477,32.2309967217409,28.4140765286814,46.9891869867122,35.1117211547428,42.2792188901101,68.5092004849656,70.8946664949873,68.9383955848479,66.8213082796125,67.9866455721415,68.0190245689553,68.8662592443991,72.2406143403523,80.8918922671356,40.3097257259666,44.8470402639146,79.2863460468567,33.5018203158909,34.964639707993,40.8183718856452
24.4409146035225,20.0835440179712,27.7227976696353,18.2034564983553,0,29.4269363733333,31.4797364887265,26.5493020689804,41.2385006111979,40.617324984907,74.1473877220543,45.4447134385709,43.6132750640365,43.2846638883334,52.9296063918246,53.4211185344885,42.1959767041182,40.1319367089089,41.0448121298253,42.511210473611,35.20175263701,34.2098092202342,34.3863022563457,56.5975994480802,69.6835509287519,77.4279506368955,63.0871786429665,65.6586496404957,45.7599523238867,39.8841470556351,39.0171138354017,44.3835549603908,63.4416228602205,46.7171375702171,53.9188290489386,51.2964814037339,50.8562041917856,65.0960218796662,64.5544645045337,64.6868602257319,69.3620669148101,72.9466089446151,71.3725341797783,71.44363673274,69.2114644262358,68.0562953432007,70.2856914204581,70.178420110027,71.371846118302,66.4520507215132,67.9613804266294,40.4348037751302,42.3538239019122,38.8766063270647,41.9634926677186,37.5869810030846,38.9626529545915,37.6118090865708,31.1731215911186,37.3144204210257,33.7715621142836,34.1854037824239,30.4281229236037,48.0408993556384,36.176921895924,43.3256988858699,69.9744689801683,72.3614998297754,70.4045016715996,68.2865979369468,69.4220461249218,69.4547842030888,70.307653929902,73.6823510508174,82.31917058046,41.5918913208971,46.1433576399115,80.7290675168093,34.9635130599404,36.9267542134576,41.4854456559959
24.7433276863807,24.9591240896535,20.8225404754143,27.5141142219055,29.4269363733333,0,20.9023685895294,19.0673391690794,42.8926840996176,42.2426997269648,73.4407261340263,47.2944125308421,45.4515761297459,45.0425992092704,52.0201436948073,52.4737134202166,44.3804863024736,42.1549497969026,43.176542762216,44.5590343990753,35.9781086483205,34.6316126201328,34.8708428568242,55.7314613475582,69.0954010142436,76.8098795870904,62.4704565468767,64.9287307742831,45.086440050942,40.6907987874384,39.8021813252007,45.4872523971777,62.7697517256542,46.6962339279701,52.9272747260263,50.277572444375,52.7879483454916,64.3916891437086,63.8519718822329,63.9861021534408,68.6443549359752,72.2306746414216,70.6535280920561,70.7265793222524,68.506929895483,67.3538873111218,69.58336498154,69.4749186302449,70.670750274386,65.748678702982,67.2600017847183,42.0187769753311,43.9213435059182,40.3630671778837,43.8262395850246,38.70332270877,40.1229811188208,38.8499190840819,26.7567921861459,37.9191228722032,34.1168744822094,34.806386088983,30.692813868251,50.0992933834655,33.8068324096014,42.6417657953455,69.2948481725617,71.6842897965441,69.7258427441519,67.6063486865665,68.7081163888174,68.7401772788187,69.6004848447972,72.9744875099359,81.6009468508095,40.2397355732416,44.8333478701135,79.7773144536025,32.7399779400015,35.6244327353106,43.1663926890192
28.1803133610472,28.0224987812753,26.6170800354416,29.8834185683816,31.4797364887265,20.9023685895294,0,21.3316631518178,43.3248663665065,42.6672837873785,73.5483374623655,47.7877301823436,45.9399550646683,45.5070667771935,52.1428645076392,52.5632067150245,45.1216452597399,42.885227152638,43.9111686654391,45.2932913180611,36.7237271522211,35.3171701650724,35.5798056573746,55.6545280644573,69.2896093142601,76.9874912134058,62.4037065990297,64.8472028752279,45.3128345315585,40.8874611929611,39.9917045467131,45.7681456114857,62.9348229366008,47.2582065170109,52.9941182698261,50.3361745917296,53.3092171142016,64.5139128104869,63.9756667861277,64.1092922973787,68.7547042355627,72.3411560281533,70.7621432636602,70.8353475911504,68.6216812549123,67.4716272776813,69.699822341749,69.591432669114,70.7880894366077,65.8647552051096,67.3788740282602,42.752100410626,44.6621058060055,41.0890873776634,44.5752327478774,39.3953273101399,40.8321404472252,39.5722864375009,25.6829809926273,38.7120811310055,34.8984151009855,35.6641221219028,31.5301712645045,50.8117557485796,32.8418878773838,42.4799337356159,69.4320820106056,71.823389229415,69.8639700845683,67.7433960759168,68.8134567675286,68.8455419131201,69.7122012846744,73.0862124538023,81.6992422778662,39.9801954443871,44.6043514155107,79.8063087626033,32.2626710957331,36.0688637070198,43.5977628744898
23.7969802907266,22.2705266190162,21.2408902830149,25.2895153234773,26.5493020689804,19.0673391690794,21.3316631518178,0,40.8423540935903,40.1931561799224,72.3314782311425,45.2708346625284,43.4225587244222,43.0061923750014,51.0718978724062,51.4975756063188,42.7324897689141,40.5654619433403,41.5410754157023,42.9654748395486,34.9896633462041,33.7236294266978,33.9613502966912,54.4105893399968,68.0596685783455,75.7648911968585,60.9743203569766,63.4936587331609,44.1536851675733,38.6321406730063,37.7370386523224,43.4383438343914,61.7384043788538,45.8483404145379,51.9440018238166,49.29924596404,50.7818478740522,63.3070077783219,62.7686413757499,62.9006703782154,67.5477742999096,71.1330849233613,69.5547507743247,69.6267092110664,67.4090169302374,66.2598486958529,68.4869702693572,68.3794452368514,69.5750788753334,64.6523304835147,66.1672751232557,40.6552842314482,42.5775418036851,39.0348645295388,42.3551692360967,37.5025782033906,38.9243581271528,37.6331401542445,26.8522386331285,37.0479270819837,33.331415082849,33.989416603355,29.9827300559807,48.452010209102,31.88399506008,40.9915044144625,68.2199175918019,70.6110327546545,68.6518451999692,66.5315156837268,67.5999000585252,67.632481446467,68.4989694430811,71.8734740301838,80.4831074072896,38.9779310325439,43.5907521245316,78.7042741996096,31.848991300795,35.2097582574031,41.0860851005873
41.554287803346,40.7580689391103,43.146643549319,40.5448942683676,41.2385006111979,42.8926840996176,43.3248663665065,40.8423540935903,0,11.3554270172593,78.6741816936421,27.0537383945675,24.6132186223476,20.9242094413276,58.7224448079657,58.9850317946537,43.1224819818474,41.3823836247071,41.8945121751467,43.8463668651642,42.5935008504851,41.7450934069479,42.0291327451247,59.5581179053607,74.9670858821232,82.605350442693,64.5106926630518,67.6901129015784,51.8278796071127,33.9440318265756,33.5359916519858,33.7009141135642,68.6998278470251,54.1353657496414,59.4165521552565,56.8253133173409,35.3373418730516,69.8527491405452,69.3246259949399,69.4385490459992,74.0024472303363,77.5783707889828,75.9920204635895,76.0537688348958,73.845283228299,72.7272378191422,74.9347214209309,74.8354706700323,76.0282241892061,71.1010099677815,72.6450473490102,44.4596393614803,46.6897337133269,43.1795279864308,45.1109194589768,42.9017893887816,44.4224557198582,43.0055039202274,40.352910030585,45.6956737912018,42.4585999019854,43.2290795629939,39.7007141328985,47.8199845606838,42.8177750008706,45.0377541330334,74.8354789732229,77.2394528199725,75.2747132653099,73.1481092600688,73.955655247866,73.9930064343425,74.9066520046456,78.2857344658297,86.7614018571472,45.8221511824494,50.3554232629999,85.5403929566435,41.2503164418051,45.7571540216178,26.1633159571594
40.9207919901534,40.1255653612209,42.5049386268359,39.9216416186844,40.617324984907,42.2426997269648,42.6672837873785,40.1931561799224,11.3554270172593,0,77.9633820302601,26.7754947548511,24.5034729442994,20.6831120837362,58.039560193355,58.2951049340699,42.6075115258635,40.8578394790258,41.3780264933635,43.3222661650229,41.9860469617363,41.128934964005,41.4144007079257,58.8014080512225,74.2824967809321,81.9165678740597,63.7183939991205,66.9120114922931,51.1600835713562,33.0484702107059,32.659351381329,32.5920213567371,68.0111911620551,53.5064727797569,58.7236016137258,56.1323767170458,34.9738948913747,69.1486768434436,68.621005186366,68.7344578105616,73.2945613413032,76.8702960734586,75.283488210704,75.3450318846364,73.1376566295938,72.0207581949001,74.227611114976,74.1285515800305,75.3213691780256,70.3938613894927,71.9389713203982,43.8974656614507,46.1243817753505,42.6122035197459,44.5642683793811,42.3151767960339,43.8363405222901,42.4222290848729,39.684817628814,45.0807202842094,41.8387084094684,42.6120365410173,39.0786397846825,47.3042022429872,42.1240951052366,44.2662993594363,74.1352983881375,76.5398482825785,74.5748326213584,72.4479198167121,73.2448099971725,73.2822723100716,74.1979275864512,77.5771133704332,86.0477699439155,45.0933832101387,49.6261196755566,84.8303868170302,40.5526703932308,45.1125341771082,25.9221491186509
72.6441676766485,72.6921166680873,73.9797481105477,72.7121740536268,74.1473877220543,73.4407261340263,73.5483374623655,72.3314782311425,78.6741816936421,77.9633820302601,0,83.3055395062889,81.4653647145578,80.9437276950754,66.9974527951344,65.4970799240177,79.8630200034063,77.1869958269903,78.5250290237307,79.654891045607,69.7470461401642,67.6636295925255,68.3870773072212,74.5620952158222,65.0924507729396,68.8952365767973,85.7044380282283,87.2273851268765,62.3764812943407,75.4176015709516,74.6206258729415,80.2326479273762,60.6450856656935,77.7193518946669,66.75601838103,65.2406830883829,88.8750284570628,43.7134480062183,43.3223731072734,41.2582587708401,47.7553920882774,50.0326422956926,49.5322895677319,48.1840107128369,36.559907912655,37.5925042688286,36.5157924334948,39.2203805404096,36.9096271533877,34.2589783633523,38.0324445463271,75.8258716141348,77.7890162533633,73.8601566935616,78.4134246641016,70.8681089560876,72.7555876532505,71.857166362071,68.1161662579075,73.060589221577,69.6045456877509,71.1161455916011,67.3268478278058,85.3402473726741,73.8186583854516,74.0575429470763,47.6097968441141,50.8671700474283,48.633693237917,46.2077430910587,40.7024321135909,41.6201179349676,37.0817865614466,42.0066143900143,55.5745726538735,69.4048781751021,72.7390905892642,89.3155594023724,66.2218412138886,71.1222240420514,79.1852963290371
45.8099213329468,45.0382056144748,47.4768101158406,44.7373920147693,45.4447134385709,47.2944125308421,47.7877301823436,45.2708346625284,27.0537383945675,26.7754947548511,83.3055395062889,0,15.7364334207002,22.3406307212842,63.1733687730088,63.4930765083318,45.6970544020199,43.984766276814,44.434534910899,46.4774701213164,46.3782005100943,45.6184028456284,45.8936595649346,64.5740590460706,79.3935160248067,87.065933729594,69.767913933979,72.8572785502647,56.1414884217539,40.2175362343852,39.725503996234,40.8811249361989,73.1658519948749,58.1281878674796,63.9526957476928,61.3646467034642,28.5004909037219,74.4351536330157,73.9035160744522,74.0206180287422,78.6142760248892,82.1913215934213,80.6087069182057,80.6716671524112,78.453433018304,77.3268078592293,79.5388397832927,79.4383659378083,80.6303310114587,75.7055466273695,77.2415605307834,47.6359513818528,49.9213419765791,46.4162126449627,48.1112695051295,46.3766711366035,47.9032066417745,46.4576862176761,44.8408884306528,49.5948529468861,46.4166083286275,47.1748970500858,43.7018589760255,50.014361423789,47.6132314175764,50.290465678952,79.386474327004,81.7859657272761,79.8234121648674,77.6992493387904,78.5883620257043,78.6250057691296,79.5230957552807,82.9015273377243,91.4148561361317,50.7287637301364,55.2523119760934,90.2007109826079,45.9416635506674,49.964959029909,33.1105787767608
43.9800921238021,43.2030053320075,45.6401992781298,42.910348886186,43.6132750640365,45.4515761297459,45.9399550646683,43.4225587244222,24.6132186223476,24.5034729442994,81.4653647145578,15.7364334207002,0,19.6346220993996,61.3466030596216,61.6609399086407,44.0974163260262,42.3935141061597,42.8460643826597,44.8781816332021,44.6177222470452,43.8481332856093,44.1238121311437,62.6970392946165,77.5722853331738,85.2414301971589,67.8719686740363,70.9678955985756,54.3289429524717,38.2298005896503,37.7405751646748,38.8641989287806,71.340280639145,56.3455187974321,62.1176328297395,59.5290203211707,29.4476780710619,72.5992031809848,72.0678887900915,72.1847380987324,76.7756420645611,80.352612648915,78.7696406243283,78.8325202961835,76.6152718827694,75.4894074574481,77.701050451837,77.6006674967705,78.7927286886309,73.8677090225783,75.4044343805865,45.958556515191,48.2351023240978,44.7313978681809,46.4545375761591,44.6608584024932,46.1855280096779,44.7431091093905,42.9967012448496,47.8179921074339,44.6324969302041,45.3904426495778,41.9110367646232,48.514243485255,45.7344032287519,48.3848145406723,77.5535057938302,79.9534096164128,77.9906517896173,75.8662611630398,76.7479832943161,76.7846794085038,77.6841923077901,81.062671329399,89.5726466140068,48.8537154919356,53.3791214629452,88.3550966132121,44.0829397790817,48.1538019196614,30.81115200582
43.6271315357541,42.8435641707654,45.2587938664838,42.5841575466021,43.2846638883334,45.0425992092704,45.5070667771935,43.0061923750014,20.9242094413276,20.6831120837362,80.9437276950754,22.3406307212842,19.6346220993996,0,60.8983034630653,61.1907038016338,44.3207039706437,42.5950903720654,43.0748940827548,45.0739632955256,44.4210314822903,43.6189533811119,43.8983642842821,62.0287351175124,77.1298942643094,84.7859597741858,67.1069002702504,70.2395595390585,53.9319957351879,37.0886621835603,36.6366984555148,37.3224601866299,70.8833249330503,56.0717487105454,61.6369237720588,59.0473801422572,32.803713885732,72.0968338618342,71.566880131703,71.6824539620842,76.2618561807919,79.8383603201539,78.2539579067293,78.31633326173,76.1027574222721,74.9802468666505,77.1900956293906,77.0902106922752,78.282550396104,73.3566033635076,74.8964650962402,45.9704719982895,48.2292648569554,44.7218204123341,46.5300618293933,44.5681616400707,46.0918136912725,44.6599367080092,42.5485563107527,47.5827826585877,44.3764337378728,45.14039019666,41.6409722442727,48.8203977979948,45.17557232509,47.6349471235916,77.0631928150134,79.4648320709827,77.5012314084214,75.3758992169713,76.2259153154817,76.2628998070224,77.1684435515795,80.5471886949468,89.0424587363837,48.2373116593244,52.7652879383386,87.8254479728114,43.5528003673917,47.8058056118313,29.6533484309165
51.1931511494099,51.3827282325566,52.541632223072,51.3848986657821,52.9296063918246,52.0201436948073,52.1428645076392,51.0718978724062,58.7224448079657,58.039560193355,66.9974527951344,63.1733687730088,61.3466030596216,60.8983034630653,0,35.5213198596729,58.8245990859148,56.091545188776,57.4798035602593,58.5593275380669,47.8039164199817,45.5205863381119,46.2831987015045,60.1428572719739,61.4727932944662,69.0564624152239,70.2742787777935,71.876741839988,35.884704899201,55.9900424333011,55.1603713834656,60.7903792152482,53.1761675453756,55.1305841194503,39.7458639413016,37.8507712759518,68.6596404287285,56.948598228139,56.37419971025,56.6262586170591,61.5614338622734,65.2092256644173,63.6518734835322,63.7907860538503,61.6281660128061,60.3401351785447,62.6690910378295,62.5074128577304,63.7422736905066,58.8192572817847,60.2045547432945,54.4474540455258,56.3787154199598,52.4447585484988,57.1526337271541,49.3196673993689,51.1808289571934,50.2964899743598,46.3576784527086,51.0095507067965,47.4705496952724,49.0915349122846,45.230717076362,64.3424924470843,52.9844918827998,54.9638903610391,61.8014618360572,64.1569563617727,62.2069773681816,60.0979333453531,62.1498934966546,62.1544196006761,62.8393123398209,66.1849103352813,75.3980531310829,49.3590681719375,52.9316379154942,73.472754906884,44.5562227449845,48.4066454706816,59.1890489610541
51.7133347150594,51.8700082682598,53.0298962478896,51.9021584324984,53.4211185344885,52.4737134202166,52.5632067150245,51.4975756063188,58.9850317946537,58.2951049340699,65.4970799240177,63.4930765083318,61.6609399086407,61.1907038016338,35.5213198596729,0,59.5076522094079,56.8173260723503,58.1719329723001,59.2818598932523,48.7970628705351,46.5796990175642,47.3068765577248,58.9372865808911,61.5148102597636,68.7926524299862,69.5177324004503,71.0212668071186,39.6636894851624,56.0749232452472,55.2469858360334,60.91415805998,52.7887095950167,56.3595857047466,29.4965512387186,29.5102117087164,69.0071185464806,55.5412600892701,54.9977077143397,55.267504956647,59.9227335369308,63.5959881490243,61.9889299078906,62.1558896380042,60.1833947067282,58.934889896783,61.2591906933269,61.083126675218,62.3513452720161,57.3947252120019,58.8171042689693,55.3305679173174,57.2660838998251,53.3573341628069,57.9559910712077,50.3531927672354,52.1875757422264,51.2751821623843,46.7715085579686,51.9323728579442,48.3778672640074,49.9489902642966,46.0735389902386,65.0224502155722,53.1976677982496,54.7514423063051,60.7541437364733,63.1451974144013,61.1752717075947,59.0440366322332,60.5466930295002,60.5421986639564,61.3485425543383,64.6851374467801,73.7145568941605,48.9694116870552,52.4205932188484,69.4940710644565,44.644142447778,49.2562734083162,59.4524562914796
42.2308216340996,41.8496539866285,44.244934167213,41.1465809648936,42.1959767041182,44.3804863024736,45.1216452597399,42.7324897689141,43.1224819818474,42.6075115258635,79.8630200034063,45.6970544020199,44.0974163260262,44.3207039706437,58.8245990859148,59.5076522094079,0,21.1883805918012,17.4370490095771,20.6973091627155,37.6076926435656,37.5215810303928,37.7903549760662,63.6038567241957,74.6408553070578,82.5401268142267,70.076310724959,72.7148878660623,50.8141857126721,45.5328927650933,44.7934722112337,48.8356363861021,68.7171559884257,50.8605992242147,60.1661601976836,57.6171222812285,50.1911064402191,70.7010894092578,70.1471484409907,70.28164151853,75.0653129040206,78.6475395925477,77.0895567053036,77.1580882305031,74.8718728768872,73.6927378644537,75.9316120190065,75.8248684531688,77.010190372809,72.1016537646935,73.588558800597,32.1200521685261,35.1343892546694,31.5942902245781,30.285380743825,34.0582003489913,35.7461872511993,34.0660225937478,41.8341932505895,42.1167591296195,39.4598249086207,40.3244230582246,37.2823193011656,32.9227300801503,46.6819327348008,51.0094341849652,75.4463021410942,77.8172932453632,75.8688639924966,73.7604511554243,75.1598343362492,75.1928522213659,75.9927735083884,79.3679265843956,88.1126446158554,49.542764661273,53.9561379500447,87.1253159714085,43.7446318416981,44.7912338732918,44.0054385804386
40.0250076177564,39.7075497428037,42.028952081719,39.0230214769797,40.1319367089089,42.1549497969026,42.885227152638,40.5654619433403,41.3823836247071,40.8578394790258,77.1869958269903,43.984766276814,42.3935141061597,42.5950903720654,56.091545188776,56.8173260723503,21.1883805918012,0,15.3181510608608,14.6033716749764,34.4591971827156,34.4313465316789,34.7246529667226,61.2267967497945,71.7993084756835,79.7291866882119,67.8057439979592,70.411121552456,47.9402821380021,43.617169643861,42.8739851390315,46.9761527401558,65.9258465906987,47.8424656807154,57.5036874159047,54.9633029724373,48.4801883030203,67.992906892813,67.436196781763,67.5722487736925,72.37974056623,75.9622028277432,74.4074652858607,74.4762442035745,72.1803086246307,70.9950612855661,73.2368408717074,73.129635196416,74.3137828959741,69.4074414962202,70.8886292068865,27.5598537334652,30.9689300775674,26.9571401076393,26.6300543506397,29.8552520215424,31.6924953944368,30.0364116274578,39.4833384164996,39.2499329724308,36.6683117051686,37.6088286106411,34.6112530180258,26.1842941236155,44.5092177364663,48.8317936095039,72.7110086686189,75.0784390937748,73.1318245869328,71.0254300122382,72.4866745814321,72.5194217585736,73.3072780965394,76.6822030320066,85.4540306191875,47.2124932577885,51.6073607559896,84.5306702533308,41.3735342242164,42.1772421942891,42.2883373387198
41.0419988979726,40.6745021094995,43.0481825080639,39.9827020694021,41.0448121298253,43.176542762216,43.9111686654391,41.5410754157023,41.8945121751467,41.3780264933635,78.5250290237307,44.434534910899,42.8460643826597,43.0748940827548,57.4798035602593,58.1719329723001,17.4370490095771,15.3181510608608,0,16.7969351155219,36.196684231094,36.1169137496594,36.394547826381,62.3305154224876,73.2659643444976,81.1722587054591,68.821339972682,71.4547415896911,49.4365330089571,44.3303059825918,43.5918797830821,47.6271428070928,67.3546875175979,49.4653955286206,58.8368537541117,56.2901002253244,48.9015791942323,69.3563987230601,68.801845903729,68.9366225347325,73.725579474478,77.3078173466362,75.7505699587145,75.8191116643133,73.5306205226184,72.350175759434,74.589648951718,74.4828351181459,75.6678623299098,70.7598287906035,72.2455086170992,30.3637149841278,33.5136268852674,29.7794667218387,29.0001707498887,32.3358351743958,34.0784692986399,32.4152151180672,40.5935563954732,40.7778084967218,38.1366770566934,39.0249604030586,35.9899986722581,29.1711810147782,45.4690207470352,49.7772772459478,74.095464156907,76.4656657767983,74.5176440189311,72.409683829725,73.8225886413192,73.8555646095279,74.6528327974252,78.0279533929425,86.7784983246508,48.2859667037631,52.6949892675419,85.8087605015148,42.4873976367945,43.4976388045142,42.8062472677508
42.419368649522,42.0975638779106,44.4284277415021,41.4062425594446,42.511210473611,44.5590343990753,45.2932913180611,42.9654748395486,43.8463668651642,43.3222661650229,79.654891045607,46.4774701213164,44.8781816332021,45.0739632955256,58.5593275380669,59.2818598932523,20.6973091627155,14.6033716749764,16.7969351155219,0,36.9323335635009,36.9080418973101,37.1959555151387,63.6707920828164,74.2814714476437,82.2085407707053,70.2449844460171,72.851414508044,50.4212749323563,46.0472648958901,45.3030184558555,49.4154530476448,68.4026309025264,50.3209437138031,59.9656794419069,57.4242595116879,50.9936466691095,70.46317768818,69.90670139873,70.0426729821205,74.8481349143004,78.4306114686904,76.8755845985136,76.9443798137268,74.6493720828268,73.4646067526875,75.7061769618449,75.5989836172592,76.7832600645011,71.8767181364188,73.3583567916271,30.0935718541416,33.4271170991992,29.5818984837883,28.5960641495814,32.4906359554179,34.2879707451147,32.6121179712025,41.9038837585557,41.6947720556256,39.1089638344536,40.0377899356598,37.0396906104571,30.6151542766994,46.9249282809924,51.2616957757773,75.1837019104607,77.5514355027542,75.6046621405472,73.4980913642378,74.9542341056388,74.9869892016825,75.7758535815707,79.1507827822816,87.9204578885523,49.6477455582558,54.0443290851735,86.9888618266912,43.8053021515749,44.613750007647,44.732069458344
33.7637552228425,34.1205963513154,35.8072048014428,33.4744930512342,35.20175263701,35.9781086483205,36.7237271522211,34.9896633462041,42.5935008504851,41.9860469617363,69.7470461401642,46.3782005100943,44.6177222470452,44.4210314822903,47.8039164199817,48.7970628705351,37.6076926435656,34.4591971827156,36.196684231094,36.9323335635009,0,16.848012769765,15.0456934057296,55.3777160944391,63.6638176189283,71.7012938870977,62.8408895888704,65.1442407875455,39.0779681568443,41.9455445827029,41.1282612150197,46.1859525090141,57.8702764503669,34.3522294033231,49.6050260268996,47.0745643432781,51.5359284305533,60.3719999813147,59.8029269373564,59.9517259501488,64.8636734423515,68.4509220906657,66.9090816008061,66.9830137072687,64.6553538739444,63.4390999842222,65.6978089940624,65.5855857633935,66.7677939550238,61.8695384550949,63.3217336359793,30.6678876752538,32.1685450888208,28.4426396590867,34.2798026700216,24.8848894172348,25.8282668734251,24.7322842264135,32.3817332793421,23.250540247734,22.5427855348171,24.6440439148967,22.4818169625876,43.2754636883127,39.4628203759602,44.38109464581,64.984868268373,67.336819768217,65.3975827951646,63.2994522235255,65.0493802389473,65.0793074055844,65.8120724947671,69.1843387800457,78.0922693365409,41.3121707754218,45.598847803334,77.1834938983862,34.7261516281938,31.9823936765491,43.1025987574387
32.5792082126297,32.9965706665845,34.5348598522292,32.4487365995896,34.2098092202342,34.6316126201328,35.3171701650724,33.7236294266978,41.7450934069479,41.128934964005,67.6636295925255,45.6184028456284,43.8481332856093,43.6189533811119,45.5205863381119,46.5796990175642,37.5215810303928,34.4313465316789,36.1169137496594,36.9080418973101,16.848012769765,0,10.7396715122031,53.6126774705332,61.4657864764566,69.5185811597946,61.231279222912,63.4852091830184,36.6496082808563,40.8340449623532,40.0116225916073,45.1544707798318,55.6697138437186,28.8859138313533,47.4159814455866,44.887913503259,50.8212964145928,58.2546104308484,57.6833736976596,57.8348145789488,62.7649726461842,66.3532789158736,64.8136285029423,64.8886960886361,62.5561708759997,61.3342748587943,63.5961919443425,63.4829009900679,64.6649918468831,59.7680276197305,61.2149479409257,31.049503669263,32.6934569104134,28.835500534348,34.5145488811184,25.0808719877769,26.3712830648136,25.4686078550669,30.7250486963968,22.8025987767441,20.4800254083229,23.6295811399883,20.7548258914276,43.1549018567405,38.0497589135437,42.9030020335045,62.8504610509571,65.1997828052516,63.2617519973973,61.1649798355627,62.9658607889848,62.9952058445141,63.7182442769865,67.0899471523106,76.0226234484864,39.5936121549083,43.8511368286594,75.1152154571463,32.9457735121654,29.619310947871,42.2389228457214
32.7617973640729,33.1880345995183,34.7465125821767,32.6137383793314,34.3863022563457,34.8708428568242,35.5798056573746,33.9613502966912,42.0291327451247,41.4144007079257,68.3870773072212,45.8936595649346,44.1238121311437,43.8983642842821,46.2831987015045,47.3068765577248,37.7903549760662,34.7246529667226,36.394547826381,37.1959555151387,15.0456934057296,10.7396715122031,0,54.1315879493827,62.2963966931874,70.3298108935577,61.695093168229,63.9640086628464,37.5404425699405,41.1534990359303,40.330989948715,45.4646407144101,56.4708283293112,30.9157006232927,48.1207337717505,45.5851582411513,51.0929280990577,58.9990946092075,58.4296917581285,58.5801095972862,63.4944567400361,67.0826390572143,65.5408117100151,65.6157528225762,63.2897605017729,62.0718782018654,64.3318977080821,64.21889709477,65.4017769047099,60.503358308809,61.9540329677151,31.3700023791476,32.9817693198501,29.1811185395436,34.7961407732688,25.591897098285,26.7885956984406,25.808506076727,31.0435586206462,21.8440738173569,20.0496249055923,23.3113936278324,20.6392914592017,43.4441656818582,38.3724295060141,43.2996821237367,63.6127582729469,65.964408896968,64.0251956657563,61.927106994839,63.6873146089658,63.7168220788899,64.4478429489304,67.8196841719503,76.7345225411989,40.0520846459112,44.3240621337558,75.7742687138083,33.3784564030146,29.9776757703401,42.5208348920728
55.3150836612451,55.1374729269351,56.4671828287428,55.3380557359843,56.5975994480802,55.7314613475582,55.6545280644573,54.4105893399968,59.5581179053607,58.8014080512225,74.5620952158222,64.5740590460706,62.6970392946165,62.0287351175124,60.1428572719739,58.9372865808911,63.6038567241957,61.2267967497945,62.3305154224876,63.6707920828164,55.3777160944391,53.6126774705332,54.1315879493827,0,75.3095474379231,82.2292495794361,54.8763341041592,52.8646550935243,55.7050357756028,55.0299784312529,54.2338655615124,60.1887540125174,68.4053086563404,64.4245347321667,58.7658072848965,56.2571238775892,70.3309831290831,66.8045425399479,66.3572614793454,66.4012776846966,70.2685010885248,73.8254048196571,72.1459001372659,72.1878303740241,70.2310748605757,69.3033965850979,71.4129184219484,71.3371336506481,72.5525468067676,67.5676095617535,69.289589510917,60.941693644688,62.9217118085878,59.1834706154155,62.9765321190476,57.0481420376936,58.7102036228885,57.606778667479,50.3690667466044,58.1776454935925,54.5951777716119,55.8264746825459,51.9325087091948,69.0665289886876,54.5264067200047,50.6850311758002,72.4949028810996,74.9979217490444,72.9851264589415,70.804746062797,69.7814022702804,69.8305667071945,71.1066642915561,74.497231346923,82.1196010248319,45.9692899919758,48.2850918331443,80.196715812903,47.09549822319,55.6953501578076,60.0636140456583
68.1131129980499,68.2475033665309,69.5397622848943,68.178428827624,69.6835509287519,69.0954010142436,69.2896093142601,68.0596685783455,74.9670858821232,74.2824967809321,65.0924507729396,79.3935160248067,77.5722853331738,77.1298942643094,61.4727932944662,61.5148102597636,74.6408553070578,71.7993084756835,73.2659643444976,74.2814714476437,63.6638176189283,61.4657864764566,62.2963966931874,75.3095474379231,0,34.8218789488467,85.6141878190529,87.265686541201,54.0237356587525,72.3147937601737,71.503528989591,77.032332147544,50.2937773888837,71.2490350543717,63.4054609838974,61.8243243592039,84.8635233129743,53.4277345457459,52.4494203082513,52.3520503015947,60.9170637814675,64.3084810933827,63.3235179492471,63.1895523311437,58.6156415814549,56.7044683552279,59.1213560294581,59.1641043338801,59.8939842947789,55.490526705608,56.2930180863018,69.861493483788,71.8245992649826,67.7794895706606,72.7522234223411,64.3010150695366,66.3384041203976,65.5619745619667,63.8634192450073,67.3241447383448,63.9730235157723,65.6105740064147,61.9074285289077,80.1195764942441,70.099098388978,71.6364967340993,51.9390270060476,53.5808879202078,52.0891784825446,50.4698253062964,61.4933133088901,61.57928817815,60.5423467857982,63.9913893349471,76.0678782037354,66.8608486825626,70.4172438452106,89.6549107099307,62.5916760083981,65.9519297761279,75.4676677672847
75.863152544835,75.9851350454386,77.2723134109884,75.9330001985731,77.4279506368955,76.8098795870904,76.9874912134058,75.7648911968585,82.605350442693,81.9165678740597,68.8952365767973,87.065933729594,85.2414301971589,84.7859597741858,69.0564624152239,68.7926524299862,82.5401268142267,79.7291866882119,81.1722587054591,82.2085407707053,71.7012938870977,69.5185811597946,70.3298108935577,82.2292495794361,34.8218789488467,0,92.6869683829988,94.3107786182773,62.2524603015836,79.8517112686068,79.0420654409529,84.5883724226131,57.1118142321982,79.3389224688574,70.6240235231021,69.0847697535771,92.5526724750361,57.2384538242452,56.1851307393806,55.9151848119912,65.2271763431956,68.5456539042215,67.678113740389,67.4682825749127,62.26628491528,60.2394839903424,62.6267145883852,62.7610067416656,63.3103999630013,59.0722317520247,59.7681363847513,77.8951177762647,79.8571296073471,75.8347175843894,80.7302539205288,72.447286085608,74.4542290048202,73.6543244967112,71.5487120740022,75.2904880707398,71.9162613939121,73.5328284337091,69.8106247547419,88.0199298595935,77.7089055234443,79.0461261864376,53.5073024630566,54.8566073645687,53.6022623467236,52.2202065483067,65.6684583087681,65.7803154426312,64.3473459178135,67.8349407855876,80.4875075827311,74.2571160098029,77.775063053625,96.3670690558853,70.1556169755181,73.7878005439965,83.1064102835881
62.0565829156609,61.7305378134886,63.2059098365041,61.9461338256858,63.0871786429665,62.4704565468767,62.4037065990297,60.9743203569766,64.5106926630518,63.7183939991205,85.7044380282283,69.767913933979,67.8719686740363,67.1069002702504,70.2742787777935,69.5177324004503,70.076310724959,67.8057439979592,68.821339972682,70.2449844460171,62.8408895888704,61.231279222912,61.695093168229,54.8763341041592,85.6141878190529,92.6869683829988,0,49.6251168364037,65.1867795717491,59.2022262462948,58.4427745096032,64.4652839102279,78.8928082208384,72.3532971680011,69.5641172851213,67.0394508956469,75.6370815322024,77.825996249474,77.3617033022723,77.4083620532518,81.432444875253,84.9826021802243,83.3297732257003,83.3638097837597,81.3175265534658,80.3606236590309,82.4798350331337,82.4070228228788,83.6093089121573,78.6404816165344,80.3351722488488,67.9626987468496,69.9667743233843,66.2774123288902,69.7918001392421,64.4302237314847,66.0506701443065,64.889987213122,57.5586623524093,65.6063903129571,62.050428977001,63.1780489656949,59.31494921148,75.5007283553919,60.7769408576631,54.2242514932578,83.3498155651532,85.8338857543297,83.8309841173403,81.6616487532833,80.9723209890232,81.0244535882002,82.2243794264532,85.6174547945498,93.3833552414629,54.2968449899408,57.550361603549,92.7129536097976,54.8461348201907,63.4263222109092,65.0634853513901
64.5341406583953,64.2580332470318,65.6750121558784,64.4769028500314,65.6586496404957,64.9287307742831,64.8472028752279,63.4936587331609,67.6901129015784,66.9120114922931,87.2273851268765,72.8572785502647,70.9678955985756,70.2395595390585,71.876741839988,71.0212668071186,72.7148878660623,70.411121552456,71.4547415896911,72.851414508044,65.1442407875455,63.4852091830184,63.9640086628464,52.8646550935243,87.265686541201,94.3107786182773,49.6251168364037,0,66.958671810514,62.6609389643555,61.8817468158068,67.9084620113443,80.4955693700402,74.514371232291,71.0083405994082,68.4760970363741,78.6851187684957,79.3532897081324,78.8917445467142,78.9399158869082,82.9373859876137,86.4901945061213,84.8321362610655,84.8691825680678,82.8425390592507,81.8887827931424,84.0080370978227,83.9335716535143,85.1392367589551,80.1671950452184,81.8648204424718,70.4237872266653,72.4187661713198,68.7157186765131,72.3180680437715,66.7795763605821,68.4100713274136,67.2660012683316,59.8320823188221,67.9078943929565,64.3381136645959,65.496232253767,61.6179058785228,78.1553275168172,63.3367388002106,57.4753247440775,84.9076409197682,87.3946109556909,85.3900589346349,83.2188900634252,82.4825151478624,82.5334095356495,83.7454772594467,87.1374399649209,94.8856954992479,55.6513558028827,58.5199381336278,93.848279525264,56.8267531437281,65.6003535910902,68.2183072731259
44.0430059443924,44.2753475674338,45.4974223742161,44.1791704857183,45.7599523238867,45.086440050942,45.3128345315585,44.1536851675733,51.8278796071127,51.1600835713562,62.3764812943407,56.1414884217539,54.3289429524717,53.9319957351879,35.884704899201,39.6636894851624,50.8141857126721,47.9402821380021,49.4365330089571,50.4212749323563,39.0779681568443,36.6496082808563,37.5404425699405,55.7050357756028,54.0237356587525,62.2524603015836,65.1867795717491,66.958671810514,0,49.5172874481174,48.6901374699273,54.2043219651403,47.3991930055656,45.842666096622,41.8112222308714,39.7002650285976,61.5591826740069,52.214051864133,51.593571998345,51.8073135040724,57.1562603050017,60.7655572139079,59.2792656115757,59.376416253289,56.9251422296519,55.5783055085951,57.9113405575221,57.774406783231,58.9542038625079,54.0854778677222,55.4155898207796,45.8189148823449,47.7520586563485,43.7172242702208,48.7810807049502,40.1722098196845,42.1600170140961,41.383950076526,39.7194133198467,42.6607733694524,39.248785759599,40.996957835183,37.2483785063748,56.3225725433025,46.5591834291287,49.2073826068044,56.4576507568385,58.7524679181418,56.8380324105195,54.7681853447945,57.6851665796963,57.7029933407429,58.2058936585657,61.5658078364289,71.0503139455989,44.1752360569909,47.935458075093,71.7549780546101,38.7976877433253,40.891771776275,52.3058022084118
