0.761682 0.000712083 0.154205 0.0613624 9.9991E-05 0.0219389
0.780196 0.00584227 0.0979533 0.0890465 9.9991E-05 0.0268618
0.633521 0.0921636 9.9991E-05 0.200641 0.0583913 0.0151833
0.740233 0.104477 9.9991E-05 0.0440752 0.0988541 0.0122602
0.873492 9.9982E-05 0.113899 9.9982E-05 0.00827889 0.00413036
0.820079 0.0309082 0.129745 9.9982E-05 9.9982E-05 0.0190686
0.779678 0.0205374 0.182605 0.0169791 9.9982E-05 9.9982E-05
0.725818 0.208641 9.9982E-05 9.9982E-05 0.00891994 0.0564211
0.611968 0.0277584 9.9991E-05 0.155402 0.187865 0.0169064
0.370778 0.342517 9.9991E-05 0.242832 0.00296347 0.0408098
0.277184 0.523309 9.9991E-05 0.0609234 0.0842468 0.0542375
0.373421 0.332809 0.0354136 0.236595 9.9991E-05 0.0216615
9.9982E-05 0.799682 0.0835395 0.0831047 9.9982E-05 0.0334735
0.37369 0.268279 9.9982E-05 0.234464 0.123367 9.9982E-05
0.624736 9.9991E-05 0.139096 0.190071 0.00833162 0.0376653
0.636036 0.202228 9.9982E-05 0.157481 9.9982E-05 0.00405469
0.613478 0.0809358 0.0762852 0.229101 9.9982E-05 9.9982E-05
0.821995 9.9991E-05 0.0268769 0.0923288 0.0274309 0.0312682
0.120201 0.0997326 0.0860392 0.525288 0.114357 0.0543817
0.0690349 0.183487 0.0749669 0.672311 9.9982E-05 9.9982E-05
0.19132 0.0744435 9.9991E-05 0.707421 0.00420377 0.0225126
9.9991E-05 0.116 0.0295663 0.820912 0.0330562 0.000365491
9.9973E-05 9.9973E-05 0.0432713 0.90934 9.9973E-05 0.0470892
0.180375 9.9991E-05 0.0396291 0.712401 0.0324293 0.0350656
0.1402 0.159032 0.0295449 0.671023 9.9982E-05 9.9982E-05
0.0525814 9.9982E-05 0.0299633 0.903027 9.9982E-05 0.0142287
9.9982E-05 0.0561523 9.9982E-05 0.825469 0.0932617 0.0249166
9.9982E-05 0.0197455 0.104573 0.860871 9.9982E-05 0.0146104
0.0020233 9.9991E-05 0.0361094 0.929462 0.0253415 0.00696416
0.0226551 9.9982E-05 0.09677 0.836935 0.0434403 9.9982E-05
0.00339154 9.9991E-05 0.0657486 0.888157 0.0288121 0.013791
0.0749886 9.9982E-05 9.9982E-05 0.793215 0.101156 0.0304401
0.0537138 9.9982E-05 0.0236127 0.837321 9.9982E-05 0.0851524
0.495431 0.259401 9.9991E-05 0.164732 0.0121172 0.0682186
0.651843 9.9982E-05 0.0279316 0.229732 0.0902938 9.9982E-05
0.699778 0.0584278 0.0848021 0.0984885 0.0584035 9.9991E-05
0.713197 0.0940535 0.113375 0.0452372 9.9991E-05 0.0340366
0.469424 0.250032 9.9991E-05 0.153452 0.106177 0.0208151
9.996E-05 9.996E-05 9.996E-05 9.996E-05 9.996E-05 0.9995
9.9991E-05 0.138855 0.0154438 0.770412 0.0392311 0.0359573
0.705981 9.9982E-05 0.13075 0.129288 0.0337806 9.9982E-05
0.651743 0.222593 9.9982E-05 0.112664 9.9982E-05 0.0127995
0.290272 0.261175 0.109965 0.28913 0.022767 0.0266897
0.0421008 0.662222 0.0713111 0.129623 0.0605308 0.0342127
9.9973E-05 0.86475 0.0747067 0.0602429 9.9973E-05 9.9973E-05
9.996E-05 9.996E-05 9.996E-05 9.996E-05 9.996E-05 0.9995
0.379697 0.382563 9.9991E-05 0.155862 0.0300046 0.0517729
0.279159 0.469342 0.14087 0.110428 9.9982E-05 9.9982E-05
0.399542 0.139226 0.0594875 0.278026 0.0863968 0.0373214
0.0191272 0.0881684 0.592405 9.9991E-05 0.261244 0.0389561
9.9982E-05 0.0903501 0.293528 9.9982E-05 0.580636 0.0352858
0.12018 9.9973E-05 0.420309 9.9973E-05 0.459211 9.9973E-05
9.9982E-05 0.147928 0.374758 9.9982E-05 0.433787 0.0433261
9.9982E-05 9.9982E-05 0.195709 0.0481833 0.698981 0.0569268
9.9973E-05 9.9973E-05 0.30217 0.0779837 0.619546 9.9973E-05
0.105082 0.112576 0.000520003 9.9982E-05 0.781622 9.9982E-05
9.9991E-05 0.0704157 0.532756 0.0199116 0.35835 0.0184663
9.99639E-05 9.99639E-05 0.992611 9.99639E-05 9.99639E-05 0.00698896
0.0780384 0.024714 0.245123 9.9991E-05 0.617 0.0350249
0.142736 0.121358 0.470203 9.9991E-05 0.238359 0.0272442
9.996E-05 9.996E-05 0.9995 9.996E-05 9.996E-05 9.996E-05
0.101725 0.098837 0.396432 0.0456286 0.342168 0.0152088
9.9991E-05 0.516336 0.211413 0.0287169 0.172385 0.0710494
0.127049 9.9982E-05 9.9982E-05 0.747606 0.108852 0.0162929
0.12348 0.0319144 9.9991E-05 0.758078 0.0472466 0.0391817
0.0963089 9.9982E-05 0.0526663 0.849559 9.9982E-05 0.00126564
9.9991E-05 0.144671 0.144044 0.0667146 0.624996 0.0194742
9.9982E-05 0.308832 0.336582 9.9982E-05 0.275078 0.0793081
9.9991E-05 0.130718 0.00426544 0.0394828 0.791207 0.0342261
9.9982E-05 0.179597 0.288865 9.9982E-05 0.48453 0.0468074
0.0328736 9.9991E-05 0.286269 0.00380683 0.624031 0.0529198
0.198374 0.605937 0.165224 9.9991E-05 0.0230278 0.00733734
0.0227672 0.845171 0.0819346 0.0459466 9.9991E-05 0.00408112
9.9964E-05 0.853929 0.145671 9.9964E-05 9.9964E-05 9.9964E-05
9.9973E-05 0.979308 9.9973E-05 9.9973E-05 0.00108101 0.0193109
9.9991E-05 0.836577 0.0224919 0.101101 0.00887922 0.0308514
9.9973E-05 0.848662 0.111063 9.9973E-05 9.9973E-05 0.0399748
0.16277 0.625263 0.0547871 0.0973968 0.0456378 0.0141454
9.9973E-05 0.294872 0.0803192 9.9973E-05 0.624509 9.9973E-05
0.0988413 0.198054 0.319826 0.0722216 0.184517 0.126539
9.9991E-05 0.0858931 0.401879 0.0368555 0.439869 0.0354039
9.9991E-05 0.0850318 0.434989 0.0501631 0.379777 0.0499393
0.0857355 0.0787242 0.0626108 9.9991E-05 0.718472 0.0543573
9.9991E-05 0.225336 0.000123809 0.704734 0.0495673 0.0201389
0.0510928 0.482146 0.218081 0.0979576 0.150622 9.9991E-05
9.9973E-05 0.831343 0.0522499 9.9973E-05 0.116107 9.9973E-05
9.996E-05 9.996E-05 9.996E-05 9.996E-05 9.996E-05 0.9995
0.729426 0.126033 0.0348238 0.109517 9.9982E-05 9.9982E-05
0.683038 0.0315917 0.0974477 0.152371 9.9991E-05 0.0354515
0.495057 0.221089 0.0590274 0.184213 9.9991E-05 0.0405137
0.32236 0.242825 9.9991E-05 0.292558 0.127624 0.014533
0.648934 0.138584 0.010815 0.106843 0.0947241 9.9991E-05
9.9964E-05 0.789935 0.209665 9.9964E-05 9.9964E-05 9.9964E-05
0.137991 0.158737 0.069681 0.580039 9.9991E-05 0.0534517
0.0968029 0.569483 0.0531289 9.9991E-05 0.208258 0.0722274
0.245262 0.336832 9.9991E-05 0.291992 0.098121 0.027692
0.724337 9.9982E-05 0.0623007 0.188332 9.9982E-05 0.0248308
0.666227 0.233525 9.9982E-05 0.0511206 0.048927 9.9982E-05
0.4327 0.4491 9.9973E-05 0.1179 9.9973E-05 9.9973E-05
0.419848 0.465406 0.00262608 0.0582841 0.0416219 0.0122138
0.646178 0.283533 0.0460439 0.000315514 9.9991E-05 0.023829
0.454045 0.445259 9.9973E-05 0.100396 9.9973E-05 9.9973E-05
0.108806 0.57981 0.198446 0.0112383 0.0767747 0.0249257
0.137401 0.57644 0.105417 9.9991E-05 0.0803379 0.100305
0.0550954 0.647256 9.9982E-05 9.9982E-05 0.220167 0.0772812
0.108974 0.652389 9.9982E-05 0.214646 9.9982E-05 0.0237912
0.170539 0.504307 0.0448154 0.189348 0.0908899 9.9991E-05
0.368485 0.0254844 9.9982E-05 0.463606 0.142225 9.9982E-05
0.128842 9.9991E-05 0.12865 0.00405887 0.700143 0.0382057
9.9991E-05 0.15276 0.233973 0.0170113 0.578852 0.017303
0.0885513 0.431214 0.328499 0.151536 9.9982E-05 9.9982E-05
0.188603 0.37891 0.291911 0.122583 9.9991E-05 0.0178926
0.136027 0.205378 0.359572 0.252812 9.9991E-05 0.0461106
9.9973E-05 0.274113 0.024061 0.701526 9.9973E-05 9.9973E-05
9.9982E-05 0.221074 9.9982E-05 0.0262063 0.709369 0.0431511
9.9973E-05 0.243577 0.388859 9.9973E-05 0.367263 9.9973E-05
0.0511377 0.361924 0.18356 9.9982E-05 0.403178 9.9982E-05
0.262013 0.050083 0.13991 0.482525 9.9991E-05 0.0653693
0.640991 9.9991E-05 0.118967 0.226665 0.00239503 0.0108817
0.714071 0.133201 0.0382385 9.9991E-05 0.0782943 0.0360947
0.73227 9.9982E-05 0.105858 0.0626323 0.09904 9.9982E-05
0.553588 9.99788E-05 0.0550597 0.391053 9.99788E-05 9.99788E-05
0.73468 0.0545158 0.0503768 0.155689 9.9991E-05 0.0046388
0.771741 0.0115043 0.0324758 0.119151 0.0650279 9.9991E-05
0.851026 9.9973E-05 0.134282 9.9973E-05 9.9973E-05 0.014392
0.468104 0.0412415 9.9982E-05 0.378861 0.111594 9.9982E-05
0.620909 0.222739 9.9982E-05 0.106897 0.0492551 9.9982E-05
0.641202 0.187134 0.0167104 0.118661 9.9991E-05 0.0361924
0.616627 0.249529 0.00479821 0.127935 9.9991E-05 0.00101042
0.463982 0.154634 0.153021 0.228163 9.9982E-05 9.9982E-05
0.681896 0.160034 9.9991E-05 0.0317824 0.102585 0.0236027
0.357266 0.429179 9.9973E-05 0.213254 9.9973E-05 9.9973E-05
0.791957 0.0864183 0.0361714 0.0374082 0.0446216 0.00342315
9.9982E-05 0.185444 9.9982E-05 0.778893 0.0251135 0.0103501
0.0602839 0.0500491 9.9973E-05 0.889367 9.9973E-05 9.9973E-05
0.0644862 9.9973E-05 9.9973E-05 0.917935 9.9973E-05 0.0172789
0.0778911 9.9982E-05 0.00325826 0.781972 0.136678 9.9982E-05
0.000658902 0.0712658 0.0514373 0.814758 0.0617799 9.9991E-05
0.695578 0.119566 0.0777362 9.9991E-05 0.0909552 0.0160652
0.706081 0.0666335 0.00633114 0.178879 9.9991E-05 0.0419752
9.9964E-05 9.9964E-05 0.785708 9.9964E-05 0.213893 9.9964E-05
9.9982E-05 0.00922262 9.9982E-05 0.0518923 0.910993 0.0276918
0.0434973 9.9982E-05 0.158955 9.9982E-05 0.787711 0.00963682
9.9982E-05 0.23769 0.106027 0.0602203 0.595863 9.9982E-05
0.0346915 0.0274008 0.43329 9.9991E-05 0.488355 0.0161626
0.00163767 0.0263298 0.205288 0.0708539 0.684385 0.0115053
9.9973E-05 0.0319449 9.9973E-05 9.9973E-05 0.937617 0.0301379
9.9973E-05 9.9973E-05 0.384898 0.0601618 0.55464 9.9973E-05
0.0257193 9.9982E-05 0.330864 0.0290963 0.614121 9.9982E-05
9.9982E-05 9.9982E-05 0.20163 0.0596885 0.725249 0.0132322
9.9973E-05 0.070875 9.9973E-05 9.9973E-05 0.888907 0.0399179
0.0295682 0.00982254 0.1577 0.0413182 0.73706 0.0245315
0.0940208 9.9982E-05 0.135895 0.0518693 0.718015 9.9982E-05
9.9982E-05 9.9982E-05 0.313934 0.0500954 0.625312 0.0104586
9.9982E-05 0.0639826 0.169785 9.9982E-05 0.740626 0.0254064
0.0420892 9.9973E-05 0.151926 9.9973E-05 0.805685 9.9973E-05
9.9982E-05 9.9982E-05 0.117573 0.06194 0.811793 0.00849331
0.0272246 0.728776 9.9991E-05 0.0363441 0.204135 0.00342052
0.0873815 0.827362 0.0599806 0.0250761 9.9982E-05 9.9982E-05
0.0218526 0.053528 0.185201 9.9982E-05 0.739218 9.9982E-05
0.189099 9.9982E-05 0.202328 9.9982E-05 0.57421 0.0341636
9.996E-05 9.996E-05 0.9995 9.996E-05 9.996E-05 9.996E-05
0.16284 0.600887 0.235973 9.9973E-05 9.9973E-05 9.9973E-05
0.880181 0.0260176 9.9973E-05 9.9973E-05 0.0935015 9.9973E-05
0.692883 9.9982E-05 0.0643115 0.212452 9.9982E-05 0.0301531
0.301757 0.0866852 0.162233 0.449125 9.9982E-05 9.9982E-05
0.22232 0.132262 0.0338179 0.598372 0.013128 9.9991E-05
9.9964E-05 0.275012 9.9964E-05 0.724588 9.9964E-05 9.9964E-05
0.0230181 0.0255562 0.14326 0.807966 9.9982E-05 9.9982E-05
0.127628 0.047497 0.0559849 0.754644 9.9991E-05 0.0141468
0.0049882 0.218224 9.9982E-05 0.732831 9.9982E-05 0.0437567
0.0141464 0.190361 0.0890992 0.672687 9.9991E-05 0.0336067
0.0640359 9.9982E-05 9.9982E-05 0.783107 0.118692 0.0339654
0.72956 0.0233132 0.178458 0.068468 9.9982E-05 9.9982E-05
0.707734 9.9982E-05 0.225514 0.0132734 9.9982E-05 0.0532794
0.698356 0.175757 0.0933397 9.9982E-05 9.9982E-05 0.0323478
0.633357 0.27527 9.99731E-05 9.99731E-05 0.0910731 9.99731E-05
0.733085 0.207274 0.0312938 9.9982E-05 9.9982E-05 0.0281469
0.549126 0.386427 9.9973E-05 9.9973E-05 0.0641464 9.9973E-05
0.510365 0.205542 0.0328598 0.240656 9.9991E-05 0.0104774
0.497301 0.212301 0.101252 0.18286 0.00618578 9.9991E-05
0.583796 0.272978 9.9991E-05 0.0776452 0.017409 0.0480714
0.596965 0.121027 9.9991E-05 0.166337 0.105606 0.00996454
0.559417 0.271023 9.9991E-05 0.089563 0.0405191 0.0393778
0.097047 0.0480928 0.0665723 0.6551 0.0200799 0.113108
0.0300431 0.136458 0.574764 9.9991E-05 0.236849 0.0217853
9.9991E-05 0.0917276 0.206709 0.0383969 0.63806 0.0250062
9.9973E-05 0.009707 9.9973E-05 0.0227791 0.967214 9.9973E-05
0.109409 0.0695355 0.0297924 9.9991E-05 0.775406 0.0157564
0.0346039 9.9991E-05 0.244794 0.0743685 0.625873 0.0202606
0.296832 0.210246 0.0336126 0.299497 0.127341 0.0324713
0.430913 0.249745 0.029619 0.253553 9.9991E-05 0.0360711
0.766502 0.0239635 9.9991E-05 0.103697 0.0193179 0.0864197
0.484251 0.161827 0.0195089 0.266118 0.0113802 0.056914
