0.856275 0.122203 0.0215224
0.905833 0.0940674 9.9991E-05
0.737092 0.259473 0.00343501
0.937428 0.0593218 0.00325012
0.94661 0.0106466 0.0427431
0.951915 0.0181183 0.0299668
0.926466 0.0692568 0.00427746
0.966575 0.0333247 9.9991E-05
0.679534 0.227182 0.093284
0.766893 0.191009 0.0420977
0.623788 0.168957 0.207255
0.601351 0.332721 0.0659289
0.526028 0.160537 0.313435
0.648401 0.242333 0.109266
0.593267 0.328309 0.0784233
0.8241 0.162669 0.0132314
0.817637 0.182263 9.9991E-05
0.863153 0.136747 9.9991E-05
0.204159 0.605984 0.189857
0.311244 0.682909 0.00584716
0.201517 0.798383 9.9991E-05
0.0372832 0.905548 0.0571685
9.9991E-05 0.986588 0.0133116
0.134709 0.830494 0.0347971
0.278478 0.717547 0.00397419
0.0679767 0.931923 9.9991E-05
9.9991E-05 0.922919 0.0769814
9.9991E-05 0.930258 0.0696425
9.999E-05 0.9998 9.999E-05
0.051057 0.893204 0.0557394
0.0119027 0.937592 0.0505048
0.0868428 0.867253 0.0459042
0.0439152 0.935925 0.02016
0.753746 0.193976 0.0522789
0.702984 0.296916 9.9991E-05
0.747131 0.174931 0.0779385
0.85167 0.0741964 0.0741337
0.734599 0.136129 0.129273
9.9991E-05 0.627761 0.372139
0.114195 0.864069 0.0217356
0.730618 0.191229 0.0781533
0.751352 0.248548 9.9991E-05
0.462457 0.379265 0.158278
0.534395 0.10792 0.357685
0.597318 0.0662131 0.336469
9.9991E-05 0.603928 0.395972
0.633799 0.282993 0.0832087
0.632132 0.129107 0.238762
0.478041 0.385252 0.136706
0.137841 0.0124757 0.849683
0.0675206 0.0572165 0.875263
0.140528 0.0021496 0.857322
0.106152 0.0625934 0.831255
9.9991E-05 0.119807 0.880093
9.9991E-05 0.127778 0.872122
0.223359 9.9991E-05 0.776541
0.0160458 0.0653923 0.918562
9.9991E-05 0.0795671 0.920333
0.10375 9.9991E-05 0.89615
0.254889 9.9991E-05 0.745011
9.9991E-05 0.0829655 0.916934
0.0664173 0.128302 0.80528
0.337509 0.108367 0.554123
0.137068 0.810599 0.052333
0.126483 0.839173 0.0343436
0.0862972 0.913603 9.9991E-05
0.145426 0.0505672 0.804007
0.228863 0.0542192 0.716918
0.0318713 0.144221 0.823907
0.0945528 0.025427 0.88002
0.0526164 0.0364984 0.910885
0.657479 9.9991E-05 0.342421
0.668828 0.0193766 0.311796
0.598368 0.0547975 0.346835
0.585782 0.0701634 0.344055
0.575855 0.130077 0.294068
0.541518 0.11516 0.343323
0.64663 0.0855281 0.267842
0.232223 9.9991E-05 0.767677
0.280649 0.0707312 0.64862
0.011519 0.139799 0.848682
9.9991E-05 0.136154 0.863746
0.192816 9.9991E-05 0.807084
0.209202 0.712925 0.0778735
0.392211 0.139706 0.468083
0.571789 9.9991E-05 0.428111
0.00281364 0.596751 0.400436
0.761431 0.238469 9.9991E-05
0.807505 0.192395 9.9991E-05
0.748626 0.195775 0.0555994
0.53503 0.29106 0.17391
0.89387 0.0405485 0.0655813
0.484002 0.0490565 0.466941
0.262823 0.634061 0.103116
0.550659 0.00301908 0.446322
0.514192 0.326645 0.159163
0.809626 0.190274 9.9991E-05
0.933451 0.045007 0.0215417
0.752161 0.247739 9.9991E-05
0.795766 0.0763912 0.127843
0.962193 9.9991E-05 0.0377072
0.875996 0.123904 9.9991E-05
0.498653 0.0655988 0.435748
0.460309 0.148682 0.39101
0.427342 0.0815083 0.49115
0.653755 0.232628 0.113617
0.564899 0.206926 0.228174
0.439559 0.514477 0.0459643
0.0950342 0.0772936 0.827672
0.100216 0.080604 0.81918
0.450311 0.179639 0.37005
0.489236 0.187238 0.323526
0.351668 0.298765 0.349567
0.173764 0.773505 0.0527312
0.0420284 0.173493 0.784479
0.159029 0.0131987 0.827773
0.36869 9.9991E-05 0.63121
0.416611 0.551638 0.0317508
0.7103 0.241777 0.0479228
0.857577 0.0802513 0.0621721
0.840151 0.0626884 0.0971604
0.560397 0.439503 9.9991E-05
0.817531 0.16652 0.0159498
0.827191 0.134692 0.038117
0.893134 0.0518666 0.0549995
0.556025 0.443875 9.9991E-05
0.797012 0.193536 0.00945219
0.792752 0.207148 9.9991E-05
0.859692 0.140208 9.9991E-05
0.642908 0.237056 0.120036
0.928265 0.0229034 0.0488316
0.636432 0.2661 0.0974677
0.863222 0.10839 0.0283882
0.0771724 0.919135 0.00369297
0.065858 0.934042 9.9991E-05
9.999E-05 0.9998 9.999E-05
0.10294 0.806184 0.0908755
0.160633 0.796063 0.0433039
0.887453 9.9991E-05 0.112447
0.788734 0.211166 9.9991E-05
9.999E-05 9.999E-05 0.9998
0.0232779 0.0861528 0.890569
9.9991E-05 0.0413471 0.958553
0.2483 9.9991E-05 0.7516
0.0664376 9.9991E-05 0.933462
9.9991E-05 0.129853 0.870047
0.0184882 9.9991E-05 0.981412
9.9991E-05 0.0676939 0.932206
9.9991E-05 0.0591709 0.940729
9.9991E-05 0.0733368 0.926563
0.0896824 9.9991E-05 0.910218
0.098541 0.0730732 0.828386
0.0143948 0.109903 0.875702
9.9991E-05 0.0707697 0.92913
0.000410713 0.0680138 0.931575
0.0474208 9.9991E-05 0.952479
0.0141171 0.0627355 0.923147
0.574104 0.0525637 0.373333
0.767481 9.9991E-05 0.232419
0.0804309 9.9991E-05 0.919469
0.141328 0.0972907 0.761381
9.999E-05 9.999E-05 0.9998
0.626497 9.9991E-05 0.373403
0.975795 0.0241053 9.9991E-05
0.732279 0.267621 9.9991E-05
0.502646 0.447826 0.0495282
0.352845 0.647055 9.9991E-05
0.183845 0.795947 0.020208
0.0723716 0.888673 0.0389553
0.216 0.783901 9.9991E-05
0.196214 0.801844 0.00194269
0.0199356 0.835526 0.144538
0.0134947 0.87934 0.107165
0.861691 0.138209 9.9991E-05
0.803777 0.0924715 0.103751
0.91435 9.9991E-05 0.0855499
0.94617 9.9991E-05 0.0537296
0.979995 9.9991E-05 0.0199045
0.922719 9.9991E-05 0.0771807
0.778624 0.209219 0.0121576
0.650057 0.271655 0.078288
0.829896 0.115569 0.0545353
0.745542 0.211336 0.0431215
0.769358 0.182886 0.0477557
0.110177 0.786528 0.103295
0.105628 0.0428389 0.851533
9.9991E-05 0.12902 0.87088
0.0134778 0.0298129 0.956709
0.17833 0.0440629 0.777607
0.010867 0.104634 0.884499
0.564248 0.261913 0.173839
0.654682 0.345218 9.9991E-05
0.751603 0.248297 9.9991E-05
0.706421 0.293479 9.9991E-05
