0.0947807 0.102688 0.0110312 0.0116613 0.779839
0.0405521 0.0909412 0.00332649 0.0336478 0.831532
0.248927 0.163742 9.9991E-05 0.0366007 0.55063
0.00931264 0.177288 0.0236026 0.0103581 0.779438
9.9982E-05 9.9982E-05 0.0731833 0.0103932 0.916223
9.9982E-05 0.0914602 0.0530345 9.9982E-05 0.855305
0.0677998 0.237998 0.0101967 9.9991E-05 0.683905
9.9982E-05 0.202705 9.9982E-05 0.0346378 0.762457
0.185193 0.0583225 0.0838977 0.0192139 0.653373
0.235608 0.231544 9.9991E-05 0.0377935 0.494954
0.0438412 0.573708 0.00446899 0.0278753 0.350106
0.236006 0.236679 0.0218247 0.015105 0.490386
0.0827917 0.873231 9.9991E-05 0.0304213 0.013456
0.266524 0.217633 0.0902923 9.9991E-05 0.42545
0.201642 9.9991E-05 0.0784816 0.0350347 0.684742
0.0551214 0.254623 9.9991E-05 0.0104355 0.67972
0.24994 0.0225164 0.0520101 0.00297517 0.672558
0.0932481 9.9982E-05 9.9982E-05 0.0521509 0.854401
0.546798 0.22257 0.098192 0.0733141 0.0591255
0.720568 0.202127 0.00196849 0.00169124 0.073646
0.687531 0.0637837 0.00211976 0.0152457 0.23132
0.807371 0.0608571 0.0780713 0.0225005 0.0311999
0.901697 0.0502161 9.9982E-05 0.0478868 9.9982E-05
0.867407 0.0229251 0.0206021 0.0326072 0.0564588
0.652771 0.201242 9.9982E-05 9.9982E-05 0.145787
0.971476 9.9982E-05 9.9982E-05 0.0134956 0.0148289
0.884295 9.9982E-05 0.0923418 0.0231632 9.9982E-05
0.882133 9.9982E-05 0.0857222 0.0319444 9.9982E-05
0.934627 9.9982E-05 0.0252291 9.9982E-05 0.0399441
0.840492 9.9982E-05 0.103575 9.9982E-05 0.0557324
0.940724 9.9982E-05 0.0501526 0.00892394 9.9982E-05
0.871844 9.9991E-05 0.0397578 0.0318709 0.0564276
0.884756 0.013401 9.9991E-05 0.0668097 0.0349335
0.191009 0.223198 0.000639732 0.0752557 0.509897
0.289294 9.9982E-05 0.0783512 9.9982E-05 0.632155
0.184814 0.0970293 0.0575757 9.9991E-05 0.660481
0.068177 0.184392 9.9991E-05 0.0488679 0.698463
0.17455 0.340099 0.0593344 0.0109263 0.41509
9.997E-05 9.997E-05 9.997E-05 0.9996 9.997E-05
0.790564 0.164199 0.0350824 0.0100552 9.9991E-05
0.128458 9.9991E-05 0.163622 0.000580821 0.707239
0.0807734 0.237713 9.9982E-05 9.9982E-05 0.681314
0.245842 0.358802 0.115087 0.014632 0.265637
0.0960983 0.624298 0.147561 0.0549769 0.0770648
9.9991E-05 0.950844 0.0183502 0.0149454 0.01576
9.997E-05 9.997E-05 9.997E-05 0.9996 9.997E-05
0.216252 0.258155 0.0249068 0.0732439 0.427442
0.150163 0.586335 0.0648391 9.9991E-05 0.198562
0.352188 0.160318 0.118558 0.0330932 0.335843
0.0625971 0.184042 0.727463 0.0257979 9.9991E-05
9.9982E-05 0.166275 0.800279 0.0332466 9.9982E-05
0.00359464 9.9982E-05 0.832503 9.9982E-05 0.163702
9.9991E-05 0.168946 0.705124 0.0633572 0.0624734
0.0753142 9.9991E-05 0.82935 0.0476585 0.0475769
0.0957031 9.9982E-05 0.872149 9.9982E-05 0.0319482
9.9973E-05 9.9973E-05 0.768601 9.9973E-05 0.231099
0.0272844 0.147873 0.80858 0.0161628 9.9991E-05
0.0728999 0.0557053 0.833783 0.0375113 9.9991E-05
9.9982E-05 9.9982E-05 0.813379 0.0461879 0.140233
9.9991E-05 0.267404 0.621162 0.0321841 0.0791493
0.0806401 0.108268 0.808262 0.00272962 9.9991E-05
0.12119 0.114084 0.715827 9.9991E-05 0.0487987
0.0406586 0.618402 0.279192 0.0616478 9.9991E-05
0.768981 0.0173056 0.0534697 0.0395404 0.120704
0.789275 0.0294227 9.9991E-05 0.0386471 0.142555
0.840848 9.9982E-05 9.9982E-05 0.0174686 0.141483
0.0137031 0.145338 0.693033 0.0112033 0.136722
9.9982E-05 0.469063 0.478842 0.051895 9.9982E-05
0.0777316 0.159011 0.746817 0.000170168 0.01627
0.00759964 0.226109 0.710261 0.0559303 9.9991E-05
9.9991E-05 0.00373059 0.825187 0.0298866 0.141096
9.9982E-05 0.695504 0.114869 9.9982E-05 0.189427
0.0357075 0.832181 0.0389252 0.00891448 0.0842718
0.0192226 0.861308 0.0567749 9.9991E-05 0.0625947
9.9973E-05 0.985559 9.9973E-05 0.014141 9.9973E-05
0.0969904 0.864375 9.9991E-05 0.0291473 0.00938701
9.9973E-05 0.975242 9.9973E-05 0.0244579 9.9973E-05
0.102509 0.716715 0.0637006 0.0208585 0.0962167
9.9982E-05 0.27838 0.655403 9.9982E-05 0.0660172
9.9991E-05 0.270602 0.430493 0.13228 0.166525
0.0766512 0.18184 0.721942 0.0194668 9.9991E-05
0.137928 9.9982E-05 0.829072 0.0327999 9.9982E-05
9.9991E-05 0.0877536 0.727168 0.0214242 0.163555
0.69461 0.27641 9.9991E-05 0.0141537 0.0147267
0.103063 0.568906 0.269931 9.9991E-05 0.0580004
9.9973E-05 0.950621 0.0490787 9.9973E-05 9.9973E-05
9.997E-05 9.997E-05 9.997E-05 0.9996 9.997E-05
0.192647 0.135932 9.9982E-05 9.9982E-05 0.671221
0.128389 0.0123598 9.9991E-05 0.0451064 0.814045
0.160516 0.156525 0.0242568 0.0353341 0.623367
0.277962 0.290363 0.0718237 0.0537791 0.306072
0.0894066 9.9982E-05 0.0682243 9.9982E-05 0.842169
9.9973E-05 0.848638 0.151062 9.9973E-05 9.9973E-05
0.575201 0.143066 0.0390898 0.0487231 0.19392
9.9991E-05 0.669526 0.174983 0.0781241 0.0772666
0.284741 0.377781 0.0376216 0.0254883 0.274368
0.233217 0.00845736 0.0167046 0.00630612 0.735315
0.0733765 0.277189 9.9982E-05 9.9982E-05 0.649234
0.184176 0.323029 9.9982E-05 9.9982E-05 0.492595
0.0820853 0.33156 9.9991E-05 0.00397176 0.582283
0.00677904 0.395553 9.9991E-05 0.0161088 0.581459
0.120527 0.272243 9.9991E-05 0.0170082 0.590122
0.0546326 0.629707 0.223653 0.0308265 0.0611802
0.075698 0.714453 0.0991758 0.0824126 0.0282604
0.0122277 0.756005 0.156437 0.0618477 0.0134826
0.235363 0.599804 9.9991E-05 0.000279789 0.164454
0.141034 0.430251 0.143355 9.9991E-05 0.28526
0.451038 9.9982E-05 0.0859478 9.9982E-05 0.462814
0.029737 9.9991E-05 0.801601 0.0217894 0.146772
0.049422 0.170503 0.745049 0.0136642 0.021361
0.173744 0.584906 0.168147 9.9991E-05 0.0731029
0.0255512 0.641382 0.131178 0.0255967 0.176293
0.226125 0.505795 0.15361 0.0371172 0.0773526
0.677973 0.321727 9.9973E-05 9.9973E-05 9.9973E-05
0.0293065 0.255408 0.677353 0.0378322 9.9991E-05
0.0441604 0.260469 0.67239 9.9991E-05 0.0228803
9.9982E-05 0.423531 0.472041 9.9982E-05 0.104228
0.498155 0.122472 0.0394857 0.0569412 0.282946
0.238977 9.9991E-05 0.06935 0.0102382 0.681335
0.0194014 0.197885 0.0330847 0.0208539 0.728775
0.0712406 0.0385974 0.102319 9.9991E-05 0.787743
0.394398 0.0201197 9.9982E-05 9.9982E-05 0.585283
0.168216 0.0301707 0.0459833 0.00640379 0.749226
0.0910395 0.0061126 0.0363136 9.9991E-05 0.866434
0.0189092 9.9991E-05 0.0737538 0.00984707 0.89739
0.371562 0.0862516 0.0439637 9.9991E-05 0.498123
0.171193 0.179649 9.9982E-05 9.9982E-05 0.648958
0.187524 0.117729 9.9991E-05 0.0477664 0.646881
0.123778 0.197713 9.9991E-05 0.0165716 0.661838
0.245698 0.141266 0.0992428 9.9991E-05 0.513693
0.105734 0.134069 0.0630131 0.0143601 0.682824
0.273385 0.345502 9.9991E-05 0.0212297 0.359783
0.0677343 0.121606 0.0435974 0.00192466 0.765138
0.870227 0.0958576 0.0230749 9.9991E-05 0.0107403
0.924888 0.0748123 9.9973E-05 9.9973E-05 9.9973E-05
0.965872 9.9982E-05 9.9982E-05 0.0299147 0.00401372
0.788283 0.0639153 0.0963344 0.0104764 0.0409911
0.786142 0.0248061 0.0680564 0.0180393 0.102956
9.9982E-05 0.237255 0.0584927 9.9982E-05 0.704053
0.181111 0.228733 9.9991E-05 0.0131357 0.576921
9.9982E-05 0.0608036 0.935429 0.00356716 9.9982E-05
0.0782147 0.0497234 0.762734 0.0457488 0.0635792
0.00163179 0.00314652 0.863226 0.0149928 0.117003
0.0849554 0.308202 0.596794 9.9991E-05 0.00994879
9.9982E-05 9.9982E-05 0.848224 0.027065 0.124511
0.145969 0.0720529 0.781778 9.9982E-05 9.9982E-05
9.9991E-05 0.014337 0.905432 0.0254612 0.0546699
0.0492811 0.105189 0.84533 9.9982E-05 9.9982E-05
0.0513148 0.0303811 0.883138 9.9991E-05 0.0350657
0.0946067 0.0736734 0.83152 9.9982E-05 9.9982E-05
9.9991E-05 0.124976 0.777591 0.0503059 0.047027
0.0545561 0.0811457 0.755564 0.0405755 0.0681583
0.0274037 9.9991E-05 0.812501 0.0150249 0.144971
0.0702285 9.9991E-05 0.873356 0.0369965 0.0193192
0.0171439 0.194431 0.784349 9.9991E-05 0.00397623
9.9973E-05 9.9973E-05 0.895065 9.9973E-05 0.104635
0.0117778 9.9991E-05 0.915189 0.00370877 0.0692245
9.9982E-05 0.807089 0.113543 9.9982E-05 0.079169
0.0404098 0.878589 9.9982E-05 9.9982E-05 0.0808009
9.9982E-05 0.137416 0.837435 9.9982E-05 0.0249497
9.9991E-05 0.0541098 0.703649 0.0357625 0.206379
9.9982E-05 0.183508 0.815924 0.000367413 9.9982E-05
9.9982E-05 0.68696 0.132831 9.9982E-05 0.180009
9.9991E-05 0.0710875 0.0348949 0.036356 0.857562
0.241749 9.9991E-05 0.00626303 0.0298831 0.722005
0.463027 0.174271 0.00921582 9.9991E-05 0.353387
0.61834 0.0815067 0.000569401 9.9991E-05 0.299484
0.759005 0.219105 9.9982E-05 0.02169 9.9982E-05
0.880046 0.0654512 0.0250368 9.9991E-05 0.0293662
0.766223 0.0658474 9.9991E-05 0.00969081 0.158139
0.769943 0.205353 9.9991E-05 0.00922314 0.0153807
0.670677 0.261177 0.0349504 0.0330959 9.9991E-05
0.791504 9.9991E-05 0.0715395 0.0269417 0.109914
0.117554 0.0674841 0.0197591 0.00774052 0.787463
0.0565719 0.117195 0.0578449 0.0504576 0.71793
9.9991E-05 0.213301 0.0221774 0.0433045 0.721117
9.9982E-05 0.238293 0.0283113 9.9982E-05 0.733196
9.9982E-05 0.226084 9.9982E-05 0.0186434 0.755072
9.99869E-05 0.389826 0.0267622 9.99869E-05 0.583212
0.225247 0.247055 9.9991E-05 0.0167124 0.510886
0.211892 0.177898 0.0577394 0.0247184 0.527753
0.0675042 0.268562 9.9991E-05 0.0451987 0.618635
0.18578 0.230719 0.0125438 0.0036979 0.567259
0.115548 0.13341 0.0416724 0.0195837 0.689786
0.644081 0.08392 0.0745503 0.138168 0.0592809
0.0052126 0.198727 0.739449 0.011998 0.0446137
0.0631413 0.0858686 0.802771 0.0481192 9.9991E-05
9.9982E-05 0.152494 0.843396 0.00390985 9.9982E-05
9.9982E-05 9.9982E-05 0.742855 0.00559702 0.251348
0.0982993 0.0315369 0.819118 0.0103229 0.040723
0.245568 0.132053 0.126396 0.0244497 0.471533
0.284658 0.19377 0.00244539 0.030445 0.488681
0.114465 0.000225586 0.028933 0.058576 0.797801
0.224197 0.254247 9.9991E-05 0.0555054 0.46595
