IBR/IBR_outputs/all.combrep_1/EucDistWater_Total.FireFreq_2000_2008_Total.Spinifex_Total.VRM_Total/EucDistWater_Total.FireFreq_2000_2008_Total.Spinifex_Total.VRM_Total.asc
NCOLS 160 
NROWS 95 
XLLCORNER 210004.651214014 
YLLCORNER 7350008.22228844 
CELLSIZE 4999.99999999997 
NODATA_value -9999 
[rows 42 to 62 of 95, columns 92 to 137 of 160]
2.92842566823441 4.49386687099948 2.91863520880773 2.17136363877794 3.44190641699382 3.85299135449346 4.34720799687201 3.27382436990368 4.0303021440761 9.90954657733951 9.03911749604712 9.79609242826147 6.39224611148439 7.53667091910217 2.01057138588238 2.71809149983938 1.70655350139349 4.59632474920013 3.33531865168317 4.66480940988828 8.73328278191614 11.6370874663168 8.51886956862005 2.70857329825879 3.70260052596035 2.3665586996885 1.37775278462897 2.85393768228266 8.47758507487005 9.36900787621416 8.5940698821433 9.58875542970768 9.35709453256758 7.71508251691612 8.87961051915885 6.62765177215416 7.86584995612722 8.30673179229912 8.34265928021051 7.99815696483539 6.03092984620822 5.13171675793444 1.93715388514823 3.20179771691177 4.3135758637112 5.21275636132743
2.14019838143268 4.30079278044519 2.94877116811312 2.41307554714633 1.90009210803939 2.07682590882631 3.23219681190904 1.83503242732763 2.6676181499221 5.84380150601886 7.75613158306621 10.3585204072656 4.70042733327527 1.69345185942946 2.54313153065365 4.99285871453455 6.28876632172864 2.24709043324581 3.71490583451017 5.24673029589548 9.25058089621048 11.5252706042718 10.7853205364046 2.58219220783367 3.10035704089705 2.99118193736628 2.65552352528355 5.0544698826421 9.1075166619079 7.20785720227397 7.22961992306051 5.38363280097021 4.3218447620615 6.30775718461152 7.99611542662943 9.65386814714527 8.60087976748341 7.36235403429001 10.4821932248782 9.87887495096689 10.7043912148102 7.99733654307436 4.7601188961367 4.36436295396949 4.97610747051165 5.40415686674274
1.96502056727752 4.02955883099454 2.94795802127333 1.733747403802 2.98376932902998 2.93026227088484 1.80020459815781 2.6458061265588 5.53248983692854 9.19039226083521 8.00485935510382 11.7590832351995 7.0662318890089 3.8628822320916 1.7641046535647 4.31908813842935 7.34661430016678 4.63936524278718 6.498227217933 5.93883572988203 11.1184706811645 11.0583724978523 6.84840314101729 2.31542015496708 2.4354355111642 1.52066766105627 4.26874449654636 7.63459039914095 8.92935568101221 7.74939110424206 6.4360060785649 3.82042447569272 5.41060411801558 7.44711843144155 6.90743260025689 6.34302772319605 7.77638150700817 5.91696446857603 9.66636483973338 9.83241930913338 10.1670468225693 8.35048306459002 7.25687893010611 6.05556369374517 6.83601493746865 5.47884842653253
5.14254268689819 5.07341651489798 3.38209408550149 2.8838225344883 4.0892816057666 3.56536163325378 2.95812896894925 3.87645644642604 5.26194317832094 7.22100164407514 6.05494239051136 12.0640998101078 7.78071051241723 2.92582102060236 1.75393176907862 5.35481471787713 3.3102073918335 2.66395579459201 6.26223688367431 6.17835523053348 11.8389131585574 10.7139146365055 5.75179486753353 2.11214029352935 2.37164349087034 4.77659277102073 2.29575197175589 8.43527856922086 8.61578456948883 7.21036084272161 7.60735150476519 5.61876472562771 4.89805351698483 8.39210485641793 7.0853874644279 7.05368048669772 4.6191553612522 6.0559125432962 9.13395419935826 9.94971306928389 11.5655772318455 6.85513637166318 4.78278940387217 4.83262232581909 6.66672759841299 4.48777792523312
3.93313187819117 4.53297629687435 2.35009624122366 4.14593000988121 4.3933015241585 2.08170406455914 2.43919657105381 3.69100550305219 2.77209432642547 5.29265143697638 3.90386608142213 9.48805334345299 6.55858625060282 4.26006341630999 3.4614393958126 5.59939218392209 1.88837600795205 3.0570597560753 6.06737057757983 5.43162369122129 9.7236545327561 10.4888534026302 3.03266237286965 2.94831682686129 4.0615380086382 2.59688143019154 8.07326977041688 7.86818001098744 6.52826330912136 9.1437487227101 7.97848965766836 4.89035273879012 5.8823184852459 8.01110032931834 5.91776837962057 8.30867153833911 10.3479391267858 7.52916838717838 6.01525969717228 8.83656801852851 7.15226262989338 6.78482484065758 8.81306554679491 6.16138485072362 3.84093283386631 3.38102696071441
2.35150499237417 6.06667241627842 5.52498600154726 4.68205895087351 3.01315046595886 1.61941695820464 2.33940076575963 5.45604522774867 3.04299708636367 2.40534672232848 4.0520445681965 9.46162843844128 9.10506177103924 7.44592854524961 7.31820539537397 4.93983835277039 1.52772321058661 3.49979836570265 4.19846792363892 3.17042916515824 9.50641940406961 10.3913525935922 5.64813336019884 4.31773330304746 4.59061164143237 7.44585781610548 7.39613816894465 5.08715619787604 3.89311990155448 4.18102031934975 4.48322011056679 3.40282427235549 7.92653770840194 8.72638888841147 8.66908520004305 10.0836796538439 11.9748295161636 11.0595960369481 8.12616319108238 4.62970642609834 5.75487735431186 8.45433880387891 10.6994262869188 4.19750854437581 4.34078723111957 5.13677391254272
3.52762017976725 7.2826767870361 8.52851685666249 4.76047647006814 3.25902022090861 2.91445689442265 5.44968075893674 5.76916525759083 3.54539330442724 2.51170060650599 4.63283588149678 9.36397020680563 6.61320404255263 4.36385117030411 4.85298322684069 2.34450269407339 1.79704202577147 2.64790341770591 3.68774535438087 4.72690939413851 7.733922668025 8.11764367557648 9.15530878475239 6.741620052543 7.53721400312876 8.33909905238184 4.87335364419633 5.3686745438237 2.35716253177403 3.41986516520461 5.91799633632789 2.82998269986054 7.02727830409066 5.18065855375173 5.73897272589563 8.56453691769389 9.51510307045118 9.61902327543064 8.95277745818018 8.34090892233669 6.90806494632673 10.7598791524491 8.22530451387883 3.1333478669035 5.39143069758391 7.58728636912213
8.25142986025012 6.78384722971975 8.2487245669001 4.47103842589894 2.9659580340322 4.18692972187924 2.52335252942276 2.55419833322317 3.83356806878185 4.17437661840967 4.26505301578203 7.96023934876097 3.73158782466207 3.96587768647097 3.26193438803068 2.05222690126471 3.12192723509889 2.10371522192484 3.33258647995132 5.71347566021665 6.30531019463245 8.84535351195793 9.12069039071535 8.20543651089051 9.21456663726907 6.88810996140074 4.83501560167606 6.67169267854064 7.56888442898981 6.96972661138885 3.88412754500509 2.29037796394399 5.12107141044144 7.21683157945975 7.83017848003242 6.59917033131938 5.19155801042895 7.27492113791975 6.12607472245589 6.9806167456296 9.38922583293535 9.78299106740167 6.33240887732933 4.42299576283651 4.56522990273179 4.97423626934245
9.84040573529384 5.81384235309665 7.07537895920249 4.96429915148678 8.09040485289697 3.37454714732447 3.83228200455575 2.21862194657031 3.99065495287555 4.9840190038865 3.34080456517234 7.59950938872805 10.4572072779517 5.36541246576081 3.34645651867249 3.14998255049492 3.85322190464029 2.28549926633034 2.00475468044029 4.53945298056858 5.49512093296404 8.60672399307601 7.84237002646684 7.01576761699463 8.16661888634371 3.6853035694929 3.65820650146794 3.59042783079027 5.21433829437125 6.7187034981421 5.1801585044977 4.20108649403916 6.67763923656396 8.72625704757486 7.817702930853 4.91392979054223 4.85180037900671 5.90891642201814 8.15601088149059 8.70682235114617 8.87590075050883 7.90376704794717 6.39501965148785 3.51061536778403 3.39507301949263 5.01886730554967
7.77830352474432 6.64069062404446 5.85713046945457 7.12369257946383 5.39536890143768 8.03079663088464 8.29666536044908 5.97056565260591 7.38936059557072 6.75220050573441 3.85221656506416 10.1715524198402 10.1927650490016 5.02317508854287 1.66723732463047 3.57333010630725 2.80869337799105 1.77211169597733 2.44474791702418 4.34563224096072 7.95978034805113 8.34507940788041 6.971183067474 5.90987989096348 4.75300156371789 2.49993165300526 1.98115904647457 3.2722917963437 4.9390329375618 4.94568575143573 6.95519056032926 5.40328975873802 3.32846855024237 5.44127997820631 5.95427682763332 3.22829082748477 4.00035637042729 5.40900883195455 6.17519172751559 4.11532705016993 4.875927808061 5.89946292311474 5.54188972809113 4.81587190349136 4.03303202006509 5.13576921008938
4.50863910326842 4.95609599609043 3.93503169187697 6.60403693816022 6.21563198085832 8.57428552675361 9.48010572522508 9.41450131771141 6.30846964348089 7.69128974243162 7.69948599994688 4.41460289530026 2.65829667599102 2.17139055098036 2.23014453265585 2.32531083180757 2.4155313672541 2.0573393092421 1.47812859330646 3.28938887169473 6.17428491651514 6.60672609908463 4.86633234155252 4.97489744545504 2.81773636182447 2.69335581297424 2.73366537252603 3.46834747130272 5.05890343364633 6.0486320584091 3.52995718811486 4.30265905726554 2.36896948960937 3.0895181938125 4.35363215498889 5.28543613485957 4.01324236066733 4.28441649338649 4.56852337491712 4.29433081271596 4.64166059826869 4.37507017285006 3.52646316879513 5.01894864236866 4.92810399927837 5.82365727080257
5.22738272214129 6.86325252017761 5.81719348413661 5.37683132148528 4.4962645208831 4.90458449833806 5.54219371592426 4.23827184294555 3.81794751634303 5.82111487688336 5.45800963847807 3.10445617668322 2.49226294159144 2.52512919841992 5.94487004939378 6.36195075021478 2.90832231129592 2.17076499407769 1.45721119515201 2.12050163307559 3.78773133192968 4.02683992241665 3.37479732134014 4.43427059599652 4.17192835106867 3.31084797316514 3.74656977723476 3.24761680103102 3.48016773382998 5.98239350901689 2.1890953424403 3.80795331555171 2.2234924388069 2.75829253504734 3.91138249584667 3.34834841601115 3.36233291214622 4.72979696082207 5.13062643447872 6.80784413589978 6.36912805014368 4.54076021032938 6.6665076173658 7.22283852534723 13.6230645747227 7.88415425638911
7.0334722225686 7.11292867183886 8.12976787531088 7.69259083160394 6.90226962952467 5.67907360555075 5.06961143347699 4.29436309209885 4.974758020172 6.23229508811507 7.29824592180264 5.98257408759509 4.95779707769398 5.36450617922522 5.62002812951634 9.9811362621633 6.34251776376489 2.50882337378082 2.76496305516328 2.17647311584475 2.40701525292724 2.78743405034303 4.95548108461122 5.41436371555449 5.94696024855097 4.76119359551952 3.46793284237544 3.11288700354521 5.05504926303449 7.31678684221009 2.96982849263002 4.41467907053624 4.00050236056962 3.45401828135493 4.06128068442245 3.57896630870928 3.72738715857549 4.26369873757492 4.20806825123041 6.01409401447587 7.83933749815599 6.14962853346713 7.67205895590204 11.2437083548393 8.59608347346968 6.44783100226945
9.46533529851911 7.18654678788523 7.59221790336908 9.10108893490901 8.56690656374782 8.96103908798313 7.19718659224191 7.58904186900679 6.62369081034859 4.60682186836315 4.15900917267784 6.06535980005762 8.02550134908063 8.17486722448401 4.1024627341788 5.26261207490842 7.48256628421752 4.5708559657739 3.83771371989339 3.87213631117127 4.23586377414287 4.24910261122928 5.22885887058187 5.19345734250383 6.16407987667507 4.33051865604957 2.3714156963135 3.03064352585917 4.182227275091 3.85868686248362 4.19047619874928 5.42211471833575 6.09362766423531 6.09443053044306 5.88536489962616 5.75908282996134 5.51011424342905 3.98098102601382 3.77240572961703 5.91252013076396 9.76012597015169 11.5734330660389 7.75991896628719 8.73067354763627 5.71522422633801 9.24307740554759
10.9930697072416 12.8103512171376 13.6891088474685 12.8740719073749 7.67633752452057 9.48274343311417 8.15812534915467 9.95791337642357 7.54062339681743 6.63936369300193 5.4955001064478 6.68779477074473 7.35312181895122 7.04301132296992 6.028072564457 6.03161782564486 5.53020278586303 4.9634465415064 3.81061849186414 5.26129704778198 5.64943020126222 3.27559789363163 3.12266467024363 3.12647802759884 5.93042854058821 6.36538243073873 5.19783815573066 3.71704291801342 3.46479783351269 4.13853383586879 2.80758530107679 4.90938546837722 6.92649741303743 6.50431860160049 4.77412641333833 4.5452328144591 4.66760765656431 4.98110023216005 11.1701662678819 10.1234901819485 13.8083082112446 9.67869980387059 7.2596418951626 5.7200060393979 7.71187061969937 9.20349805945939
12.2494557389147 12.421163836339 12.2183590268784 11.4545973021246 13.3516688500801 14.9917192275523 16.3173207695035 17.0465162641281 16.5287693817493 14.815345538999 9.80662090652472 8.68318674207124 8.5454701977812 7.43074607229424 7.12303936024544 7.08396046443189 4.93653794485981 4.05474381866736 5.47552799784997 6.94432553548077 4.52110638344961 4.03026990704551 4.26060328184183 5.33923050788125 6.34321239441853 4.88938155960481 3.79706652272803 4.68544483615489 5.4673487971111 4.76241171505009 4.55975999443345 5.72884343559739 6.89429496217052 5.4185426684732 2.99063747095917 4.66808741615966 3.96195615882717 4.40279633407955 4.88339758897613 9.44287673690302 8.76216416319847 7.66791428329144 8.30239622731698 6.51499391001095 6.9083972608885 7.41619262729469
10.2592260605097 11.6715703880084 11.5800742261311 11.9357820408373 10.2423166829445 6.96841327646625 10.4291792031132 10.3051517816692 11.0671088600468 17.3665711904485 17.2165116886053 16.9075091594389 14.5301719746005 8.56664571605835 6.52754873684209 8.5020793869792 6.17508169701488 5.95871708227223 6.82050632528218 8.70216195958886 7.57400735600954 7.03547437160937 7.24028042540482 9.34299307162203 7.4895320575682 4.60836968521596 2.96859253398846 2.60636149941682 5.52231131558458 14.7643794420311 6.47425456488612 7.14783145484659 7.16860457156601 5.31278984827403 3.29213119786224 4.94369058108023 6.31188285038371 3.88578636522284 3.53806589656745 6.27005689291833 6.5362510822589 5.72314614627159 5.35981808249811 7.97133147713895 4.65773241313968 3.5917770304757
4.64130358952415 3.4551513197666 4.13043860292398 4.09822963381947 9.56011663915574 6.02334540253997 10.2658716888294 10.4074274201603 13.56395795271 18.6185792006681 17.9946304078682 16.4620825802578 14.5459614151099 12.3926530584292 10.2860921321997 7.71650595703713 9.2614423445644 8.56418794147379 8.83192816981436 9.66426686212712 8.75381815818598 9.0008753135511 11.6957945109042 11.1560958836966 9.51922198012673 8.27697713859447 8.62931222432872 4.58707855880401 4.66439160815765 13.9201750687076 10.8932482425215 8.4525692093486 6.60630668059776 4.95161721835882 8.87704760676448 3.32769925010668 4.10017837547744 3.47591989649822 4.46384215596516 5.92881469906516 5.71794169901338 3.43641103814362 2.89409059198845 5.50987202576063 4.82997697582225 3.44461373613298
10.1691742517977 2.67532138623706 3.39007588753939 4.62871272304099 4.10908751881585 6.12598758359515 10.17150641676 14.392808708562 17.6122174541833 17.8829205797681 17.9126579242487 16.4848986770998 14.593347541678 12.5350254187584 11.9930206213838 13.8788871495405 15.8744780760675 17.4323093188607 18.030981635485 18.229097909313 17.8170610705063 17.1051438906638 10.8514578194857 9.64999607241487 10.3947313299289 11.6181555664981 11.5975916335162 9.6993692855117 8.35792103547057 7.839573376758 14.1591876642962 15.6403045715736 7.53387087770758 8.3438600996077 2.93608434294781 3.48016550618867 5.7291427379961 5.20285805596141 6.52538173482131 7.01573221620591 4.74782608182612 2.6701833211213 3.88326409913533 4.74081985744659 5.18123421746758 5.07736276458136
10.8256209972562 10.8307270724929 12.022812312921 13.0152469460506 9.85899142460444 6.6611673339664 6.60500806867237 10.9518409731136 15.1693275571155 16.3375348213274 17.2397823594996 17.0948811608089 15.6927415842642 14.4984388933002 14.2604592633475 15.2024879980568 16.6101666440541 17.8323940634417 17.550281296447 16.9051880764457 16.5897262923654 15.572052987526 14.5828414921651 14.6111165175875 15.290535732758 11.5938823371154 10.7096757756729 11.8193801680224 10.2046504724934 9.70615104580344 12.2148225318212 17.4977357805146 15.7653905357891 12.333080268808 2.76147741249667 3.47842639306068 4.46285278886122 5.24535827874772 5.76571029385988 7.08106235450998 5.25683388410152 3.81777525575436 4.69677426815433 6.87824755080798 6.2561527609116 7.24043862684934
10.6317235034488 10.2769801498076 12.4288495772313 12.1942917767002 10.7994051467047 11.3983438247183 12.3513007886376 7.01262450242493 4.23198882685542 6.7720839896053 11.4078384172234 16.905423371453 16.6400240617417 16.3607868590543 16.2977697479301 16.8061972083492 17.6718846359508 17.4501114876099 16.1609700126913 15.0843614544374 14.7514187731969 14.0115746939641 12.3560701083408 12.3913710331371 14.0644001429702 14.7291219396742 12.5275005741755 12.5398050450778 11.5743838243782 10.7218227377095 17.5301694611392 11.0501235510521 10.8459174230189 7.88507139675197 4.99720877152679 4.40281048364708 4.62463326401534 6.56765863644834 6.26726435702582 7.61627986483538 6.98545812384867 6.23484073036199 6.25229422012365 5.73436159488345 5.43916191452444 5.84403849001803
