IBR/IBR_outputs/all.combrep_1/EucDistWater_Total.FireFreq_2000_2008_Total.Spinifex_Total.VRM_Total/EucDistWater_Total.FireFreq_2000_2008_Total.Spinifex_Total.VRM_Total.asc
NCOLS 160 
NROWS 95 
XLLCORNER 210004.651214014 
YLLCORNER 7350008.22228844 
CELLSIZE 4999.99999999997 
NODATA_value -9999 
[rows 21 to 41 of 95, columns 46 to 91 of 160]
-9999 -9999 -9999 -9999 -9999 8.3961921250658 6.27131304262286 9.39970883838081 -9999 -9999 -9999 9.07006942697069 13.7920096384912 6.44597765332111 6.92588932933367 7.42779081386392 10.7291926374005 -9999 -9999 -9999 -9999 -9999 -9999 -9999 -9999 -9999 -9999 -9999 10.2681317361012 10.8092706550682 6.87199001326233 4.36212648839664 3.6746509945946 4.05379770155491 5.27699796785537 6.79391408228615 13.4251372695514 11.4916450106679 11.838567626087 13.3912703535457 10.0596220545525 6.01481244136162 5.11214028274218 8.83038753036889 1.71833019060604 4.03617552225602
-9999 -9999 -9999 -9999 8.49779574623018 8.50815712996728 7.25956246619238 10.8961635547525 12.0593802297827 -9999 11.2463000535081 11.8189213502093 4.4972482725846 8.01942092279643 8.83893490825088 7.577514740196 11.6772917644445 12.735335159206 -9999 -9999 -9999 -9999 -9999 11.324069887202 11.5415524386981 10.8528700039276 11.7407261189962 11.0718216081441 10.3152037477128 10.7898839683477 9.2381325283278 7.93111270306887 4.48786211360369 4.26489208343043 4.81125170988441 5.77874865818148 8.12228072522909 12.9659524515975 11.2690168304372 11.8198454962327 5.22945438773766 6.02777692685055 4.47289156421078 9.70983454899525 1.59361433606585 2.58550560796348
-9999 -9999 11.1466409712104 12.7771148942682 13.1461825863187 12.4000194511484 11.186580604389 11.3883274318287 15.4947946962339 11.9365218171043 9.9578258447014 4.92753989679823 3.60067410202847 9.10785247723931 4.48843423990192 9.8247097947083 11.8929322415586 10.6820980375082 10.424088441534 11.1382588776651 11.2027660293336 10.8961687909877 10.9458348555916 10.3961127687682 10.4200473725909 10.5291089219086 12.199295784228 12.7618520508539 11.3304545255152 11.4245777696018 11.4117466704001 9.23286350728004 7.68993830338402 2.32434738491377 3.04347248768485 4.47929667300426 3.38834750609976 6.94841782299994 11.659870870711 12.2342415117335 5.07039001047437 6.29465268228594 5.70605771905205 4.11609366723147 2.11363214606381 1.11235341260753
-9999 9.81324406350254 10.3026905894399 11.4433423082695 11.1813849851566 12.1558368768683 11.2025281090852 9.36863001618184 10.9447852515941 12.0981109658035 11.5083728105496 6.455560772437 4.31926010010095 4.23523239470134 4.00807061668874 10.4702078626467 12.9216564825301 10.8313491921484 11.5191466482898 12.2367945184258 11.2824549020396 10.7442127417764 12.3650231171366 11.6889966561272 4.86340519949009 3.05568732500865 7.11936046195769 12.8976830795019 13.5455374631576 10.8172503802827 8.65599847337597 11.5091550251114 5.48509601890469 8.00232911857303 3.18737285926629 3.12625349107917 3.77631316428034 4.09072133188552 5.56289896632039 12.0257214909361 3.98858255671907 5.60583363568796 6.20506876057107 4.78443479791777 2.75129204258944 1.2166812541657
7.55868583104473 9.47467109491896 10.5422645827145 10.6833136882795 9.98508512487187 10.6725971101122 14.4046588738753 12.1268782486803 11.1187332841666 12.3402088112172 8.11125727513864 5.37699323086777 2.47599232962871 3.66390751386244 5.06744241276286 5.91579821874042 15.5661058040912 12.5025108917095 13.1205350291237 12.7855332190133 11.3350457826586 10.647086938857 12.4000528284721 12.4853367787771 5.26247223023732 3.70735010990203 5.38662976593437 6.34224258278546 6.81645784970166 5.46316795037019 8.05293239116342 6.8878496951794 3.93250989492082 10.0899149781324 3.82115581797102 3.31609111208619 2.84056340627953 5.55135720843059 4.48786519807461 4.35260024306456 2.78785639042986 5.0315076603786 5.24479179905904 3.25932349380044 2.43062113598113 3.12678870491243
7.23882205274843 8.47327222278399 11.2555610046917 10.7191007098503 8.60140311125278 8.70851098168675 8.80020618970168 9.95258718654042 7.17288209437445 5.6742980896344 5.50675932617396 5.24145583150534 3.26645409618631 6.1531660447214 8.29775611697029 7.56988507303997 14.6277950116554 14.6302114857581 13.1515898942291 11.384478395347 11.5118683817913 12.2281497223033 13.1645042905707 12.5881837167206 10.8398085181776 12.8734624114623 8.3311491114437 7.33232424855748 9.39139654833622 6.71965384188506 9.31149093436579 7.39641037969154 1.28310472933332 3.62056338877444 3.42593739439275 3.9108800904957 4.94607977515938 5.14465318215286 3.42045293234218 6.17025118113248 3.58430590061809 5.2936787434271 5.08966104596168 2.77312188782596 1.27402798363205 2.08404516066404
7.91974604394535 11.30965074463 9.60099666729448 13.4025793102699 12.2266662929517 11.3435981333455 13.098758666385 11.9773245976688 10.3653178607034 7.46881443794021 7.0530912566445 5.39148327973506 5.90399762250996 7.97460390023065 7.02009879954376 11.3334939185488 14.4372996129818 12.32704849766 9.4962553359929 8.80567668010302 12.777217650509 5.15429369986583 5.79887627385619 8.80554935720169 11.0909865491517 10.7949273083956 6.48262647341887 8.66729850190972 11.3416835419579 8.47250090942071 10.2608905390461 4.61968497137079 2.15396038692898 3.46677317912072 3.35005611883824 4.14845919381165 5.93874435258746 5.73950204305824 3.45135728297749 2.54066928943717 2.57251049171965 4.63016595475496 5.77155845959004 4.32308224364071 2.28085712502448 1.25723685812697
8.29880726470678 7.12948254605753 10.0250099963365 12.1916463596241 12.6573502254026 12.7970699247264 11.5096270895443 11.2744706646334 12.8213392088939 8.11568014520571 6.38321005819006 3.61715916804248 6.63822858047551 8.21629832720637 8.45075611706929 9.61359546416955 10.8359686023839 9.82272496944627 7.60591594656718 4.83766182512548 7.92501846033503 2.05166883979865 4.61986556060042 4.73449623555406 5.88475443313148 4.90738508048337 7.48096337816842 7.83279014441332 8.57029090044393 9.47184950010552 6.16255419244344 5.14425839706855 3.88732191858298 2.6443534373267 2.06601206835589 3.40483006128808 5.84455564557289 6.37769985212435 4.65593176340951 2.21511532977469 2.08202890908608 4.87628169374745 6.35469190645249 4.7713136733024 2.59740798056027 1.08507801746499
8.93588005593174 9.07925326887362 8.52580711499411 8.96572742534239 9.57290673780579 12.8304380111895 6.94480983362027 5.76545281932793 11.4795676317222 6.43011451708675 6.19251105746913 6.971441266604 7.75517835590706 7.40271241995558 11.1934874055652 9.03086749630734 9.02655153394401 9.16497622110093 7.9891234520054 6.47383862154356 10.7435771491324 7.02539945740224 6.67684983107099 8.61420784038152 7.13813176799846 5.03498909689176 6.20070352111239 5.4758653404494 5.89617607049033 13.0911731093595 10.3684171522071 7.36985872194591 7.19247732009905 5.32785527674436 4.04759497592858 4.50831290252612 6.43556770841964 10.3416493655978 5.42577616240159 3.88643893636289 4.32760988034525 5.45689451962554 6.029056017498 5.24292307360778 2.87931261435395 1.96288831750016
11.1660017536469 10.5706041086611 9.75232252281655 9.69060699142354 7.47686555376347 8.41954384613632 6.19528779751544 5.48196083005288 11.9961967776859 12.0162536817949 5.81353374537958 5.38937963213825 9.03924805787538 10.6610155050289 10.9384358661945 8.90244643250183 11.6461405564202 10.1351063306164 8.74176416040745 13.397480671484 11.6453574456464 10.8168553585056 8.29396489925398 9.59652687739232 6.79087832053732 5.97629925341502 2.67766341646476 3.64323517888588 5.97972275224905 12.7871464800359 17.849767962724 16.1227601844001 16.6785845678202 15.9160765032269 15.9383435124226 18.0623389230179 17.5938455360131 11.1431240252159 6.96176660200494 6.0158197544451 5.38420585975708 8.27529860555266 10.605254925264 10.5609778861035 7.11883988887393 3.91662937563359
10.7415665043529 11.397655566627 11.1520817180501 10.3275222994608 10.5067575102293 10.5678569356984 9.52134447899743 9.86991551098586 11.2522942935355 8.20572446140148 6.85821364692921 5.46190953314395 8.46096190532686 12.3931086507641 9.10033461987523 4.20123905944656 9.32471903271242 9.3753639923968 10.2683414107723 11.148000224011 12.4466807229457 5.92271133391608 10.5170499915366 8.54998403902631 6.22988245897476 3.90389681450432 4.02789427929981 10.3134777105594 14.2854842303698 19.1167659039188 19.5971092912753 15.5886072458395 15.8520774811638 19.8746910313016 17.0715824200362 18.1586889695172 10.4074454165064 10.0939625938531 8.11651873567798 6.7266342172868 4.7650985862121 2.59266704932953 5.42996704725491 8.65972652996974 9.42263856138181 5.32621725161666
7.07121534008917 9.12300054810098 9.46922286168041 9.05349904143123 9.10978610935652 9.68224677257682 8.51147863352435 7.96863173285831 6.78116623307301 4.46798206669833 6.08710400965697 5.89966652340474 7.54764047403205 10.5867118060168 5.08670322679893 2.37427073034002 8.32157566003255 9.4000152632157 10.0726607681565 12.8980897419458 11.3459314028417 11.1737448120818 4.22845295623597 5.9862565248712 7.75852307718146 9.53161320274363 9.39889461896806 8.40283168498376 11.4164654557021 12.7729656193182 13.8211699104908 12.992582114261 9.16331991636152 8.84928182099628 9.43867974499541 13.112582686019 10.8693209571447 14.6654977405072 9.41668642280138 8.57253661430454 10.9367464537633 9.33083853360528 3.54924203844547 4.00031282485062 4.45235179613291 3.10993110414901
6.90911423332668 7.21657648622059 9.30189736684154 7.97277676018851 8.4022277572298 8.27811823523414 7.08889293142486 7.45655983824654 7.60852935516537 8.52789088707806 6.00227191430759 7.57254942293955 5.65277866791478 6.43104456630294 4.36518354724884 3.2466544314167 4.424868694908 11.4544735815291 11.437809348981 12.1106958173437 10.1091017539529 9.27221583601129 3.57630054673495 6.12760028971432 8.88835584666575 10.071707332951 11.805654563983 10.0433467718126 11.720649785078 8.60036824569112 6.76865719904943 1.880034883772 2.55111024886169 4.24793061798629 7.86386230053412 13.257676724484 12.7396400722759 13.2645351959228 10.1293319475659 8.7728033613507 10.176749988995 2.69482483042829 2.6700879168951 4.7434910503532 3.83655538218606 1.96172266609527
5.83053064009451 5.30658851283713 6.7170466028897 5.83576473511741 6.48161527418733 5.555625035339 4.83174513698328 6.56540329042636 7.82892889142615 7.73760098265444 6.0076934199441 3.17131647028892 8.42026479911505 5.43896176628255 9.35602379123305 9.81569663596555 7.38062984368378 13.9484386245924 10.3239565806733 9.20459187811126 8.9181969843904 12.9505207641993 10.7001585088551 5.78086015734343 8.93454876519113 10.8472166650236 11.7693527542219 13.1126185774711 12.7155436846924 6.30201304732248 1.91252257832848 2.92486621657675 1.93971897310924 2.48375480567097 8.07686987366251 11.6476048699042 11.1877981381886 11.6700556962321 5.46563870783514 2.87634179549284 2.32914284196555 1.73227490407628 3.58070909543985 4.26061750235283 2.92447812354335 9.5633838280612
5.54865048137677 4.39327880450684 4.70315277684735 3.05092654734404 6.19848634306951 7.19954389444787 7.33380701352374 7.65075126685871 6.57362876522619 7.39345101047212 7.7197257212711 8.43912216180411 9.29343608707928 8.5673495485025 8.0212708938735 9.17317294386725 10.5291178892871 14.6675455318825 8.3689940155094 7.18370241834735 8.32592735728792 10.786571581542 9.6315509609196 4.3528473378231 3.27449773741172 8.92077217201678 9.38059771252852 14.701530837313 11.2382858669317 11.1318324252837 2.55618382555036 4.25634532509651 9.09586320694621 8.30778914064429 7.65071112086031 10.8538976864553 12.1546820971443 7.77074679219161 2.06631628226749 2.15650554512262 1.36101658280556 1.92164598550023 3.66857760748223 3.9054707573 1.82085969369471 8.3234136298176
5.47468600190749 5.20795428964923 5.01706873556426 6.00563264254305 6.08377683705141 6.29677870611791 5.57463441289294 5.20137540741926 4.00980740506187 3.64111488329618 5.93352560396658 7.04051057962753 7.01388635231477 8.46665004673291 5.29469968091456 8.57821990343605 8.96135248417116 8.12124419321113 5.11365083462214 8.58229610336985 5.78831044842577 9.69743053216529 9.4583332870284 8.9076354419224 9.58415126785524 10.120872138307 9.45326737259854 10.6780359083508 9.36196377637853 9.74760250513217 7.58320798002395 9.46736996805384 10.1594937999779 7.88669934235928 11.2830619280496 11.151807302899 9.30113867570513 6.26132574158123 2.05068123494319 3.33598807476198 2.39184096797479 1.40692471430415 3.28902574194383 4.63689550480172 3.72956948440832 2.68791213594008
6.06906312615846 7.53825880976217 6.6012806001831 5.79528841861722 3.31241370852905 4.10815714012976 4.89371770245784 2.85673532267917 2.84307280877006 2.2435374278306 2.9126710089998 3.53083193329185 3.77298467003667 5.33779502329269 2.69667538240887 3.95417047190369 9.08402139810565 9.25832773752055 10.2848732371793 10.341220707607 9.27152498910761 10.216283963631 9.90987189563153 10.465922955395 9.31993507369762 9.3360452963556 9.31694214596688 8.73378743047119 9.09650983698035 8.96357662562176 9.49863412017063 9.25897539941343 9.39020868824169 6.4006455665735 8.56649490822581 9.26310647199633 5.32637173352173 6.90162275290295 4.19646207206365 3.69505267856981 2.59288473470159 1.59209121273727 2.01715677516661 5.80060120180705 11.3473170164447 5.43220491022444
8.86490326709922 8.97575789485006 8.94139558284007 8.18449571508183 4.98703536318306 3.73498871307369 3.32240367932941 3.18215050465862 2.04629928931995 2.48905818038951 2.26768843985647 2.02726978091617 2.73301575339077 2.03018348986085 3.12227421922786 4.01554419580649 8.90871320176059 9.02374229873332 9.86027209860687 9.60103503831258 8.98213058597067 9.37462198218145 8.9294455758269 9.60906237785182 9.70336418180156 9.85942253795193 9.1623925952986 9.27664904974424 10.4702816526321 10.6701016018094 10.9251475467508 7.38273492129171 9.42333337704854 8.84406094374897 6.58069019540321 5.89641895481141 10.4684290770731 12.029509296815 5.62421859588134 2.15335253027767 1.40516192369245 2.71946999634024 1.82098619953388 3.22236227961877 5.5333203311399 6.81669891373676
7.74415288471261 6.72285857646343 8.08461438170522 7.8552451985977 6.67438599436356 4.999769992726 5.07365747654286 5.04624384126479 2.81510845498207 2.74540132230223 2.0535972135306 1.79639798743629 3.30817527148773 2.11199487935635 2.76544968779885 3.57869725506819 4.35334188965673 8.26165911854169 8.73088955201656 8.05477854301989 8.46645513522708 5.04842203832964 7.53911265895383 7.84036828002702 8.88601627874467 9.33934206032735 8.3856698022951 8.82786065226222 8.60256941143765 9.64365408868105 10.5131371910165 10.8081069611708 9.94366910306778 8.52732420196962 8.81552961847647 7.75798261029012 8.10227748972167 9.24535730442467 6.33381822984902 1.28468936154116 2.33724344461191 3.06699278440603 1.78689331094414 1.85189013120091 3.35317661672326 5.25692560334822
6.77844718438805 5.69679509979159 5.24557766436722 6.13712266153476 7.22027421798057 6.36275453872272 5.96521520758921 3.542752091085 2.68513021555811 4.40919329114128 4.02310458475452 2.78051860217774 3.48282904741321 1.89042720216021 2.16232085992521 2.71650694467055 3.50398220658529 3.57741817702846 4.48143392158355 5.12086646769421 4.33865757139618 3.55386649561619 6.58358846848142 8.54578980436295 8.21814682585729 8.25605276497539 9.45373450293122 7.2666766998631 8.15097563640875 8.80635602152789 9.16416948741188 9.40568215200966 9.54007749885343 8.45342421638327 8.21965557024024 5.04796718744662 4.58706541654624 8.60159798540117 1.69091571044537 2.91742378115609 1.59411428603912 2.67355682708743 2.88546903769688 2.0187124691613 2.40868155818693 4.28303777239071
8.27699069122781 4.019060470947 3.48778733445646 4.08542619951527 5.00526111499074 4.12948012574405 3.91996170356489 2.38125225996042 2.43203294372988 4.06950124440479 7.33220713299067 5.6000012684631 3.79030533530352 2.9497964888925 2.98308436458771 4.36226339362096 4.887948326272 4.44875104715079 5.09607132500236 5.37498037850265 4.02526103649396 3.21080158690719 6.02016729791541 6.55379884127033 7.5957207955858 11.2683302650429 10.2206587881264 8.72644536540054 7.68080494826187 8.14484764895345 8.94954214369865 9.62848010698709 7.81339222295022 8.22504898688519 8.53480528232498 5.82129217476512 5.90408518448871 8.72512159161292 1.85815518888778 2.83702068898317 2.1793695975401 3.0946024110326 4.51178644362584 1.86959085719392 2.28894333492038 2.23711393449845
