IBR/IBR_outputs/all.combrep_1/EucDistWater_Total.FireFreq_2000_2008_Total.Spinifex_Total.VRM_Total/EucDistWater_Total.FireFreq_2000_2008_Total.Spinifex_Total.VRM_Total.asc
NCOLS 160 
NROWS 95 
XLLCORNER 210004.651214014 
YLLCORNER 7350008.22228844 
CELLSIZE 4999.99999999997 
NODATA_value -9999 
[rows 63 to 83 of 95, columns 92 to 137 of 160]
9.07030134970398 7.88654778516024 11.0976765726833 11.407441701486 9.60982865145376 10.6791406219639 12.4686283154524 10.4921970105464 9.02480073359839 4.78301662011459 6.16336109019522 8.65737813739081 15.2104856483705 16.1536152811907 17.2704607495233 18.145819013909 18.1672034660469 16.7535540359613 14.9781156380116 13.1418856251246 12.4407275966252 13.0119840009993 11.0703034902168 11.2201878023693 12.2283747626333 12.6120191365513 13.8655940953179 10.7570379226044 11.7303220860624 11.7434586592452 12.5702935102024 7.83765196519822 7.50475944811155 6.61161299922233 6.27767100171223 6.95560112609562 6.33080329046622 7.53837554812313 7.95806972373534 10.3928116851071 10.1852899125498 7.90301552036711 6.20060611958934 4.54785155653055 5.15784770646949 5.60409782080245
10.7181541246795 7.45698192187861 5.59791599983433 7.95563731165276 9.36914454678035 11.8071625600732 12.4918178699916 11.1004476163191 9.49189137982958 10.5419373804043 8.70373981383625 3.79396426922408 10.8197349459652 14.8380425005809 16.5942868064122 18.1024466544302 18.1327572023105 16.5637325649699 14.6076392140314 12.2996028531223 11.1430166042646 12.3427745507911 12.621418487665 12.1916453444868 10.8362004442969 10.6306391946431 11.6028434796275 10.1664090805352 7.88441065087667 9.75519652225135 8.29886164397978 7.06003087915429 5.46497102333745 5.57088358407301 6.9720316293048 7.87593727743344 8.0805727236085 7.88352252352138 13.4618155491445 18.01408534714 10.0841883775358 10.0480499449705 6.55477400057464 6.84146312440464 4.98694859012893 5.77044710311742
11.5006983330963 3.79143944275852 10.9521984340055 11.7963356470438 9.45281807609289 5.77206911572542 9.02452840397812 9.86841110187127 10.7699846340087 11.5027567577272 11.2863438304914 8.62070327796072 4.9445868238021 13.9785067963919 16.3012580437358 17.9298497686964 18.3349001943575 16.96261666239 15.3593775863843 13.8127555839936 13.2905268466103 9.14621385204189 13.3006225120687 13.830066150789 12.6759864848694 11.8086286638176 10.8240956483976 12.3525862026752 14.0896274752685 10.487698859514 8.49225886719104 8.09163810049553 4.31113182048009 3.89307445264426 5.7842760090742 8.8149205184093 10.7640177245001 16.8595600655212 17.8494734542134 12.6174724925198 10.1099673791734 9.1359467099969 8.80679238352429 8.79557023555538 7.97063404104831 6.80830376378963
7.19606583075725 3.48275817263784 5.25383317601946 11.2103030926412 6.99626639394184 8.34675831679028 4.62846213262928 7.00187518953107 8.10055348770974 10.6803901369967 10.6266367538217 9.15343688113511 10.6052935223136 7.50420842121542 12.3789021199608 18.0348671787551 15.4659368063711 12.6079000943475 16.6232443594558 15.7458028781142 15.4948051097794 16.0317566985486 13.9736127651912 12.0427455575237 14.8372359268165 13.1237295284963 11.0843963484856 11.7768129693606 12.7329472584811 13.6893967916523 12.7070051744984 11.9372055442546 5.14515503076551 6.33101849588721 7.3131982587871 8.21899612753046 8.65536761512188 12.5785502190479 9.53565317691049 8.30513477217353 7.48899792285128 7.624286090106 8.18501147187128 8.08152679021783 7.59640829923815 7.91402974092177
9.14492418487886 6.81081373933709 9.30753859540562 9.91341058856195 8.41772873790067 6.75432090908198 4.76549410726579 6.98335892447779 6.68722222627274 8.35482660980716 8.58960055848878 9.29057480849596 11.5368862415483 13.2167035058036 9.13000423386407 8.8064679954636 9.60671070685112 9.76024623091677 17.3089003728254 17.4690141499794 17.3222353246998 17.1304068500918 8.65622673770565 12.7899780443349 16.0930135547522 5.99773482914921 4.23675580366146 11.6675518986896 11.1589170212186 12.6557297424362 10.9829959658959 11.330718104717 4.33823277620172 4.01826919835048 5.50855874227621 7.19073550777731 8.62434896526209 9.47703110786291 9.03724617908543 7.29635822938779 5.55712160643035 5.4401290538348 5.335209016384 7.11057966851135 7.31690177418065 6.29956983835348
6.88315414880918 9.52763372183572 12.4097154652306 14.7577634258646 7.26483049867665 4.6833871596655 8.49827596676127 6.06261734519661 7.4805454118703 7.35552139497135 8.11835470160356 8.6346011541038 10.4434267528477 9.77490200151056 14.5770319835492 13.6449252178166 9.0075911456312 9.44820327189722 9.67997640496738 16.3051126036135 18.9390572727073 19.1718820001263 17.82037214159 18.3107140976406 17.1554420868472 7.35156964904335 5.41614766473653 9.78978472266348 12.9726306325604 13.6146666155951 10.4389091606226 8.60112904974174 3.51794765140441 4.97649676319719 6.54558629632532 8.00226963926192 9.16436612058399 9.38200710528571 8.81564818784733 6.79955099229686 4.5509112879142 3.00834654500893 2.69938955862157 5.09864615830802 5.04618764803078 7.04872498553542
10.694289848568 8.43839061605407 8.7548655233046 9.48519350144607 11.2136862913657 10.6748065909537 8.44824000210845 10.565876760497 11.4726284741988 8.24569171343791 8.89330743894369 6.39667191080768 6.77354433049565 7.39598873044168 10.9277903863947 14.5120097819147 12.8179885389881 8.66188338964189 9.08738326405345 11.4423218427227 19.3371964179546 19.6261038170646 12.6525135636089 12.9312786199983 18.3206154583779 13.3327244126651 9.58897192631122 7.85303152355751 10.9043456535736 14.5056764818612 3.50150881868708 1.59915018195984 1.75664017321987 3.89846284038199 5.99181271978679 7.75194490651331 9.02906633314551 9.77473020477524 8.84629889046671 6.66893950324082 6.17791527772087 5.32230330860556 3.58306045821249 6.20806535710583 6.43766123395597 7.32713235691088
13.6370567114801 11.0887701911869 10.0608169340029 12.1692277426044 12.5862499736101 12.7253709985415 12.1459116625093 13.0084165580898 13.8787791570243 11.9152537457324 11.69961232904 10.3577311439841 6.86602175723826 9.34746824199603 9.05466461235365 12.1190985007189 13.0205376710932 9.65251109635788 8.18776153289351 8.32449491990975 17.4072599476755 18.149210353051 14.7226292417905 17.2878163982384 19.3737347950356 18.5470603763741 17.3793245354146 7.76899962679631 7.8173425973517 9.93629305261818 11.0065035086563 2.72709053608943 3.39183143788538 4.17392901215696 5.984077043418 7.66376414374262 8.89446310714015 11.2159363511385 9.15389012704524 8.46889313258668 8.23842916685061 6.19673664321618 5.64808746275398 6.83398321129212 10.5322036810428 10.9443530523934
9.02851942604994 11.9993266882264 12.1223806024709 13.7714847376924 13.4324137746662 12.3595647131058 12.0543454533127 15.143893010167 12.865049936825 12.2636701849867 10.4174278795435 9.35146582906058 9.32204037903917 9.73969751258015 8.72772515686611 10.6600976944238 11.9313841602805 11.698301326055 9.0024290599061 10.0216793756905 16.5066446237107 14.2722574170378 11.2117475977928 19.2349088845945 19.8886580821913 19.483399688507 15.7141101777538 9.23677880075593 8.32661215772124 8.29960814209787 10.6537021153857 4.49069770145328 4.30557296377113 14.3580420478374 10.9305422469652 7.70893205839842 7.82371957484652 7.84158390227735 10.499573896434 13.695947540943 8.04092844547012 7.20600606862481 7.68575826263825 14.0704398549086 16.3247403196285 16.1220638235141
15.5231294448615 13.1946982972424 13.8467219055526 10.3067021294978 9.74084825861341 9.77623657902598 8.15002086143551 11.8295417412438 11.568347592177 14.3218584302118 12.5780855069631 7.62883967883435 11.1148125979991 6.94155363998636 7.67903809825407 9.32142277482695 9.80519549846367 12.0995860107842 8.3941378764676 10.6050408579649 12.3500027320777 6.99474402906385 7.97500820407108 17.277401756322 19.1920866100128 18.9518934069642 15.6460744958198 11.9606691042293 8.69732867630476 7.71531771068146 6.76287821357726 5.0451612929789 4.0605524027405 10.9649442405939 15.4701428809435 7.48574507493691 6.15199181641447 6.44839382296843 12.8801069436407 14.5742028404419 9.21488012861375 12.3246654843394 9.87211847430661 15.7125773051906 17.9398118215064 9.84570903070288
17.4542536602262 16.5346749346463 14.9987639323507 10.9931167953646 10.6608508780767 9.90311506724743 6.84752505080367 11.8722856660272 13.6362631992805 11.5911869593176 12.0880267592543 9.79554058607478 9.44866232367708 11.5002649895578 11.0546495338322 9.30236185209491 9.91079456222571 12.0429132720365 11.5483905739893 10.4479080736953 3.81113075875952 5.28828711143466 6.89587845778964 15.6406851241396 17.96495144974 17.533916609178 17.5248473327815 8.67882078690421 8.00672269053749 6.55804368370194 6.00492242410813 3.53821310099797 1.69074658251864 3.95997501816469 11.1662707359883 14.5765345514844 12.1929951988211 13.4903150184706 14.8716125014657 14.1689208799061 11.9227209321996 13.1343995437218 12.0683501754788 18.4103202330744 19.4701300586536 12.6692284943181
15.7195197189867 14.6644287924563 15.1163873062086 16.035436202291 14.4317783761497 12.8908070094808 14.3210944016198 15.2720247848918 14.4857733249395 15.507489365208 13.7722175482525 12.9188092785947 13.8235111114604 14.0119823548852 9.16378827294944 10.487146758396 11.8250683682818 11.6616807593431 9.7085374353627 9.06553864464166 10.0035728355672 9.5167292624627 5.91152909567162 7.45621970291482 14.7260576283603 15.7953834707175 11.7495776158241 6.78413693903534 7.34081310389959 6.49356928048022 9.31392640236012 4.79349167454114 2.72165881977692 3.8555277689547 5.05794108469856 5.29797464099759 11.4149713714331 11.6238441638773 13.930863088139 14.1824243931954 13.9494916514144 18.8062589885819 19.1830366392281 20.131494839405 15.869611875354 10.0178764236048
19.2667022311253 18.3231053296083 18.075402940234 16.8556385980878 14.8705640937088 13.3130460406646 12.1412693511712 10.0173574583486 10.4863617979349 10.1937603686153 10.9185718599241 13.6307022929613 10.0005228270282 10.8550894726986 10.6963069277841 8.74329843868227 9.16913532316607 9.35243537218841 8.92979044631026 8.77831824136375 7.95604476895174 8.55370442700115 7.20333531058066 6.44555876864988 8.32975738707218 13.7251106525621 6.59740768249723 5.30087882028782 6.75886160756862 8.61932169231169 13.693991597048 5.52316297522647 3.84457788033842 5.83757540570783 6.42572353753311 4.93746744415847 3.39618470908189 10.6768391768799 14.3232230952978 13.9039128127577 8.32656623986286 13.5570848458134 17.3228076269339 19.2338888222195 18.203515997815 11.7559124515982
20.2734023457855 17.0541324584958 15.5878576063986 16.6282694930374 15.1191596484046 12.5770415902687 11.9575057749953 8.94735228320011 6.20010690193647 4.69393737996292 4.85333389049933 8.69746495918326 7.15921461401041 11.706704588858 12.2002296635223 13.0427204849416 10.0801775745035 6.26446303790231 4.14159984448591 5.29642429229352 8.03172480202905 9.57673172871037 10.0250987870424 9.32276990891861 5.02553438024656 11.5620318689125 2.68997797961677 4.33811259854947 6.70945034806746 15.7109804867556 12.8590543141312 7.24216183535955 6.17734660198587 6.39244385146893 6.88872224636729 6.13524317343863 5.18778993574248 6.31795120688293 15.723997709026 17.045503393276 17.0070001200517 10.0679674087954 19.0311043344664 18.1327719103764 17.3344160733509 11.8547368226415
18.3055628118593 14.0170145512014 13.9305412040348 16.1066039936715 14.9269256349158 12.5468861472725 12.2299720360418 14.3743010685751 8.93175522101469 6.12759841925282 6.52662525585007 14.0927790499712 11.7220166089654 14.2890779279502 14.6352135861675 13.1866846329593 9.32851019280795 7.16135819470755 4.15041347773922 4.94316045835118 8.04877790716309 9.10770664985194 10.3522156537467 11.4444020017016 7.32180834278117 9.09513496162332 4.04504274862517 4.50787684771376 12.8481637592442 14.5317999266047 9.47695607984084 7.81109365499851 6.68872821848807 5.04579020489379 4.3602156598616 5.32648703818373 6.5523525198168 7.75010074604851 11.3252798358494 15.6966609636197 19.0540941384839 19.1642087586931 18.2576198986462 9.6537583762298 12.2287128647428 10.7188219448003
19.8119350261822 19.9474454107959 18.7548565119262 18.1529473665458 18.0636593510916 17.5043180814532 16.4976131025113 16.0359924153225 13.7093421511347 17.391256563135 16.9668972420946 15.9759872184091 12.3994153183633 10.5130383178638 9.35165323073782 12.0289177120728 12.7686816961992 11.2385243958906 7.7654853010549 7.03878527637065 9.01073486810372 8.57854423507083 10.0634516101099 8.15327448000185 9.05720513585899 8.79910304495664 5.78816960867146 15.0196092935216 16.1903870405581 10.4432559888313 9.4716951058327 6.96002855695298 5.42408537839018 4.34140854760737 2.51812610482689 4.13008319138775 6.07579565954371 7.98240505228636 8.93256306827852 10.2563503285119 13.554608870082 15.9435006436508 17.9408568288265 13.0169493197547 4.89022153722637 3.04447494766222
18.3568322412447 17.7729583981884 18.3509444755097 21.0043306634329 21.1396702316477 13.7433965034723 12.8924006018732 14.4586984939757 12.0308600060761 15.31544779211 15.721861687213 15.0507896125962 15.0594939444421 13.9925032111622 12.1412665685836 7.10954709414787 5.48036346667184 11.1198458454147 10.9383154180383 10.0737364404894 7.41310041963733 8.654269038844 8.81788179024641 9.23915735537268 6.55891747106586 10.6858158243574 9.00948604056887 16.5695805715631 9.3112062147903 9.69346122705672 6.5854382693582 5.95103290117598 4.86363156684603 3.7732174263393 3.75309833577555 3.81789718688632 5.148574883697 6.58406628780014 9.29046211817094 10.8011916171903 11.0931776095105 14.354022612028 15.2042638049237 15.7299932412395 5.42527788007644 1.92573382712228
19.1150466879416 19.9769835495923 15.6317608306663 11.8063814602269 12.009052025714 13.3956680195291 13.1774154805811 14.0789074674063 17.3836740862033 14.4711090820669 12.1352693855733 14.6199535156189 12.2308681416192 9.25781358539058 7.59355544597928 7.1187250134847 6.61363410648982 11.7916259455191 13.3281023880324 11.3604348518603 10.2016762619999 9.15022841536404 9.07830005147579 8.95999690793191 5.54757127616522 9.21167417369455 11.349908381655 11.7245726402966 8.18576180977726 7.38445804425508 3.70162996117991 4.26716226737718 5.44480702072881 5.65917709731684 4.66220546179938 2.05913118432255 5.19992414934629 5.71248234237439 10.9372947279135 12.2201062919024 14.860805726195 16.8370639963741 17.9139668273669 14.8295477543252 5.13349985748072 3.39155571325433
15.9064234619632 16.1735300069557 14.8951628004778 13.021730365065 9.12473370428901 9.14455713144532 14.087812632775 16.844827554126 19.0771478919953 16.5454509190175 17.3156022049396 15.3864182166217 15.7536344865333 13.3461904575126 8.04113430994404 9.51171699234312 7.32258555528749 9.35119546320336 12.8528574335291 12.5222208565214 11.0387830653559 5.89929571623858 7.85767714395335 10.1782980285446 7.05737503431406 11.0380409820485 11.5369854280288 13.7376200255492 12.2287026456959 4.78569416239138 2.96648625768924 3.2226180482393 5.84876224309185 7.98429634355222 4.99480252568959 2.98982357451631 12.035691049107 8.77639692562309 9.18592218146439 9.95784994966494 16.0618159875567 19.1174158648665 18.2235411052571 16.8648528336625 11.0536090034644 4.6971386412454
14.1147624861228 14.1836127567309 14.3365778048036 11.2234294942282 7.26188657591218 10.9550063038333 10.3504950310066 10.9692473795363 17.3055171603506 14.6305744319523 13.8849863468879 13.3860569606029 15.5341503504785 11.8305211999359 10.5131626989205 8.12948492349875 9.4992694398031 9.10706767510981 11.0002827261969 14.4370470091869 13.5678172571547 11.3129101167303 6.03439572341845 11.674601971057 13.9404275856232 14.372384252855 15.9589644825085 12.2270864051823 7.89485544957201 10.8567009339058 8.212885100709 5.09199683160595 6.90685023541423 9.62404770369364 7.61773010708832 5.15718193211118 8.40367372019874 11.9194605207921 11.2090414614625 9.82652864674465 14.7919057200262 10.8792833824823 13.3370805209337 17.4867661079798 16.2122097594949 10.4721204320597
13.6933701584921 9.02963479779877 7.74009853206292 8.33176921822374 4.29024089300787 9.85767789163507 8.99667929198786 13.613933151449 7.8406795068665 6.69201400404262 6.40336886398925 8.74514826579883 8.72087977272959 10.7650949911205 10.3238228263041 9.53893254472882 13.6114065300553 10.1776002168741 13.5095259523309 13.5336749715778 9.9820259545806 14.0889651808749 16.0416003142439 15.4946824730902 14.7978473708208 15.0723288954725 16.1981006092693 17.1936772521592 11.7046794213488 11.1745796452688 11.729057374449 11.9502293326786 14.0583797011506 12.2067714822727 12.1066561539336 11.7395573202497 10.0621080558505 9.37968911375638 9.86600428353189 10.4307498944711 10.5122983411696 9.52549945884045 16.2221953122939 10.7692772719635 15.0989237875541 9.23781470177911
