0,26.6618555215578,28.3328756770944,28.0868063060652,32.8975066428309,35.4259641601265,39.1549229206829,34.4872167094397,53.0718103324521,52.7427975391575,75.1595205784862,53.7595879941994,52.3808094664525,53.2723276320207,60.7005679228094,59.1835159540903,47.3890122930963,45.4708070704897,47.7926769941932,44.5378137937818,33.1408163998506,32.3810800282763,32.4550472140354,69.0388867064136,81.2007715921083,103.527396495747,66.9226543740574,68.4061346323667,48.9827812363811,53.3259635301561,53.3673543385641,59.6637781433178,68.4083766863908,40.5690724172231,54.6241463091507,56.525551242197,52.2412614759449,73.0335630223607,70.3224859590417,71.0501568295147,80.2687887482403,82.7523792613166,81.6100234904767,81.9239325101642,76.5033247520536,77.8131778892744,78.0336901764516,78.8733808376474,75.9493460621872,73.0308666339247,77.0863442389375,38.815836153972,39.7805693634856,37.815307209257,39.9348096527582,37.5564007499603,37.0960153869091,36.045119152946,32.0704736908828,34.8497700633141,32.7177307656784,32.9843049350725,29.8909843871214,79.5333309724222,48.0761150665986,46.2736783680704,76.2413944463699,77.8719427799067,78.3300330328599,76.7402537288908,77.2713064752527,80.0372223254357,74.2913007501612,80.5793258577408,85.909390184461,47.9194867936995,47.0782525473479,75.1980174766032,34.6325417481066,40.8250305790831,49.5448633308774
26.6618555215578,0,30.1538830368264,25.3254195849926,27.3193176443831,35.2668851875453,38.4149491393009,31.8791062552561,51.9157084111511,51.5883087978199,74.8534550909085,52.6230266685172,51.2387964401239,52.1267332397837,60.5065352292333,58.9476898302739,46.7237134824781,44.8396959465506,47.1290979259457,43.9093991134294,33.0631727948993,32.3671472618716,32.4433651953284,68.5017432315691,80.9619423843328,103.278827627391,66.2245154263602,67.760922692664,48.8438813209723,52.1708137199164,52.2035875440297,58.5168508473178,68.1612358529776,40.5733170526576,54.376522110088,56.2797577200478,51.1169991751758,72.7486587415097,70.0392796701059,70.7642620505147,79.9717078021403,82.4546213845523,81.3105161653121,81.6238245165591,76.204004628799,77.5177508914967,77.7357017898726,78.5765549040176,75.6517770344286,72.7330256137554,76.792385162344,38.3903334367293,39.371010479721,37.4233676224303,39.4061501272033,37.2951064430111,36.8316693983573,35.7622944137085,32.1202018993849,34.8886683020151,32.8410092275081,33.1026984070959,30.1181586682052,78.7901465450396,47.0027218266537,45.4347419220988,75.9636462754322,77.5957548803401,78.0530480269753,76.4624029222046,76.9633700249605,79.7296557671465,73.9889969689153,80.2776081029455,85.595135951409,47.406653411464,46.5768023891121,74.8848274766299,34.339821100295,41.1050455673479,48.3613772270329
28.3328756770944,30.1538830368264,0,34.6157785562427,36.4048286571953,29.0284545004106,36.4123955003024,30.1517366644481,54.903628227382,54.5598228164974,76.5674910604687,55.6882426274013,54.3042942324271,55.1617334536812,62.1254174527849,60.5638767761539,49.773543617655,47.8401696575028,50.1640948396102,46.9134956211168,35.41354699478,34.5551053245041,34.6557801204325,70.2328095590542,82.6968418801613,105.006418385324,68.116545704748,69.5884591092664,50.5462556855407,54.7898152077526,54.8184855804384,61.2628791703677,69.8714257184323,42.5827645721827,55.9796199966489,57.8678467740881,54.2099353403366,74.4575635242269,71.7483861654163,72.4743666549286,81.6798460673105,84.1635351140311,83.0188354257176,83.3329544553163,77.9164976144367,79.2297709856138,79.4483866278239,80.2886612123772,77.3645901019209,74.4454200830352,78.5043232267209,41.1764575394522,42.1460217183213,40.1632197224224,42.3275378976919,39.8394844451874,39.3974389342817,38.364578456567,32.3934501153598,37.134280795677,34.9529615099779,35.3223900608628,32.154637969024,81.852860741272,48.3927386737338,47.3644271569562,77.6774931820292,79.3099480210859,79.7669645781006,78.1760213166826,78.6760675673948,81.4419521598265,75.7017279731058,81.9900643939453,87.3084374462884,48.929643574727,48.1209384604915,76.5111552163651,35.4588539958801,42.5052226558554,51.3707433665866
28.0868063060652,25.3254195849926,34.6157785562427,0,23.6207898138182,37.3784200824045,39.3002375869242,34.8342658410899,49.3781592171396,49.0695855612232,72.7718871743599,49.9579084500934,48.5808819631998,49.5133373818738,58.399807602676,56.8882949224034,43.4876578519295,41.629192505311,43.9115546347758,40.690465152666,30.0707011346607,29.498941605666,29.5477474638711,66.6584878128156,78.7847195736725,101.11985478171,64.4009371280051,65.9425561119585,46.5935373370467,50.104313870346,50.1557086976594,56.2756447161872,66.0185821368676,37.8763589569544,52.3429062416249,54.2591936257726,48.3990168510833,70.648937806952,67.9374786175681,68.6644130783198,77.886208048979,80.3690815606216,79.2275107792181,79.5406593533742,74.1165536356817,75.4264805175802,75.6465844177396,76.4867421200047,73.5620658197288,70.6440409440656,74.6995766823857,35.2189556476578,36.1964057934394,34.2732974957469,36.17721210329,34.2445797295961,33.7601341648379,32.6665038010827,30.9155759315563,31.9207235855201,29.9548424057404,30.1080864582695,27.2439693118907,75.6347328610817,46.1618144816115,43.7455529015598,73.8509772029933,75.481007933858,75.9394645634492,74.3500808501917,74.8852271081659,77.651511427399,71.9045996607038,78.1928427075823,83.523355430609,45.7396805436182,44.8770694735822,72.8991403917862,32.8017071762208,38.7984924662921,45.8368134559327
32.8975066428309,27.3193176443831,36.4048286571953,23.6207898138182,0,38.1543340440777,39.7065980206166,34.8736163497544,49.0563651792371,48.7507572695086,73.0992575315154,49.6415986854447,48.2605210138008,49.1937837031211,58.800549649094,57.2617798014816,43.5276413350436,41.6972011476675,43.9530402711919,40.7606449713894,30.5760306044124,30.0393645141934,30.0919888711459,66.8347611675738,79.1574962081523,101.486011690058,64.4682676075422,66.0465324273134,47.0317588918049,49.8278023945934,49.8751177914044,55.9867507476375,66.3854889884544,38.4206350737496,52.7086710986689,54.6260982832672,48.0887478907569,70.9905068311418,68.280188947075,69.0053230618073,78.2196008309589,80.7020216436351,79.5592759402388,79.8720227844315,74.4484532384393,75.760994501651,75.9793797486163,76.8203163564555,73.8951435807197,70.9769341554887,75.0350768586781,35.4537479948727,36.4448640869675,34.5346703527323,36.3292580528238,34.6073069190419,34.1219795758537,33.0150764666469,31.4658831251523,32.5122261998497,30.5952547833828,30.7625307897678,27.9544170039228,75.6126710976269,46.1432231524505,43.7300960243745,74.1973906186142,75.8284733078532,76.2863916583469,74.6964233268607,75.2113398922177,77.977872369952,72.2344952255509,78.5231313010188,83.8452287834492,45.9423788706543,45.0852781595741,73.2221349413331,33.1494472689713,39.488410034718,45.4936913826654
35.4259641601265,35.2668851875453,29.0284545004106,37.3784200824045,38.1543340440777,0,28.5081755865081,27.1320639682576,54.6158265876851,54.2581440525785,75.8523544276221,55.4879664270618,54.099752076022,54.9260660746293,61.4301754435555,59.8222315258748,49.9757627180614,48.0299138899862,50.355198356588,47.1086431842153,35.5382676945228,34.5986181215294,34.7240887087518,69.2992683230976,82.0697636905886,104.362343396884,67.1880094688391,68.6457709662294,49.9907916583624,54.1584477366154,54.1762937572005,60.7575991112777,69.2116403136671,42.477945816636,55.2124480875081,57.0874277115719,54.0455019051184,73.7585235208743,71.0512517887829,71.7755299415481,80.9678122155647,83.4515990671712,82.304545759656,82.6188749157397,77.2065802817502,78.5232854342924,78.739996634459,79.58085878805,76.6567486890425,73.7368876636308,77.7992278176628,41.3617399596067,42.3357840639446,40.3382057583736,42.5384335184151,39.9607324716288,39.5351456578384,38.5176453041768,30.4750028484643,37.2826492785987,35.0716395688444,35.5280592148415,32.3163499054512,81.9986127511815,46.4673427620649,46.3347133379641,76.9905459551171,78.6249084674872,79.0808515245298,77.4887444473355,77.957709481772,80.7235623047971,74.9890560886152,81.2777052008446,86.5843418407235,47.7949574175374,47.0221832115372,75.6996680893518,34.113497417248,42.1453733351639,51.0809231489028
39.1549229206829,38.4149491393009,36.4123955003024,39.3002375869242,39.7065980206166,28.5081755865081,0,29.5604664066822,54.4659033596681,54.0958536301187,75.244635995624,55.4112475768002,54.0200957528702,54.8198742716877,60.8393360031663,59.1871815828749,50.2082064239221,48.2509389544721,50.5786792441874,47.3338820290036,35.6919979512958,34.6854801543012,34.8325167310665,68.4898372757053,81.5424065752801,103.819364385256,66.397433065049,67.8359084495998,49.5311088044719,53.706559373219,53.7166600627587,60.4154465219361,68.6539486467731,42.4348180338955,54.5529918349022,56.4152332618582,53.9982487566104,73.1651403255978,70.459603471557,71.1823821833349,80.3626169674815,82.8465295763268,81.6973134215693,82.0118723642594,76.6035102615237,77.9232992882781,78.138317414058,78.9796848802787,76.0555715223997,73.1350663380214,77.2004958032987,41.5708992561854,42.5480685211481,40.5377328406088,42.7721809194338,40.1111511735132,39.699789551256,38.6957190276088,28.6485783945777,37.4598341515982,35.2294526066669,35.7555478759281,32.5161855907731,82.1889488514161,44.5920383251022,45.4568937372763,76.408301532057,78.0444021827256,78.499364115028,76.9061933688319,77.3470059923698,80.1128096069043,74.3835041630811,80.6724231525171,85.9684676801619,46.7709665312838,46.0362609401954,74.9989220521666,32.8485173923925,41.9227584925689,50.9342234659485
34.4872167094397,31.8791062552561,30.1517366644481,34.8342658410899,34.8736163497544,27.1320639682576,29.5604664066822,0,52.4249597755116,52.0686207264179,74.6882637324957,53.3223776835562,51.9280763520128,52.7491572826906,60.4005664240189,58.7546341273014,48.2903018453106,46.376455487912,48.6708267664489,45.4579900455131,34.4038760970086,33.5450877516043,33.6646337996786,67.9056371014483,80.9636535106181,103.249095831561,65.5880563685264,67.116379305276,48.9863710175876,51.9531582837605,51.9582978464343,58.5709792545383,68.1048406647102,41.4881979236761,54.1379199534921,56.0193650417204,51.8945881460261,72.6161452545652,69.9104328178288,70.6318497359457,79.8140490727833,82.2969588318647,81.1484142632175,81.4619285455972,76.04938322243,77.3699428033795,77.5840129030565,78.426156045364,75.5011268787993,72.5811308715685,76.6473098603412,39.9043636016792,40.8923464932628,38.913341000655,40.9827514630655,38.6666925693841,38.2340404443964,37.1961321420652,30.3789189378942,36.2392689434182,34.1096599740522,34.5293499264218,31.4232678062217,80.2355072245164,44.2893469635956,44.5602832185047,75.8535259871306,77.4892743271617,77.9445389139571,76.3516942427801,76.7922320351224,79.5585571777576,73.8289420050947,80.1182319136858,85.4126570099126,46.4857495403384,45.718262858544,74.5556206899448,33.1839378292496,41.5344438054787,48.8574008473812
53.0718103324521,51.9157084111511,54.903628227382,49.3781592171396,49.0563651792371,54.6158265876851,54.4659033596681,52.4249597755116,0,21.3736063907219,81.5901055031511,35.5744109243978,33.7053614869168,31.2632344069678,68.4034804392639,66.4889024087674,50.6535381171408,48.9050430148109,50.8084405609848,48.1411084820447,42.4014346734707,41.8935020658816,42.0200304246859,73.2267471092381,88.393745207241,110.613021265883,69.0254020596393,71.2926118113686,57.1957043162323,46.5525289806466,47.0475121101614,47.9823334896604,75.5190582650921,50.0666757649631,61.8354686034216,63.7753575561693,36.5225426203127,79.7150288551873,77.0232168299371,77.7187749216004,86.8117608463495,89.2864147540514,88.124981959588,88.4307445622205,83.014053528295,84.3694645318678,84.5595314954199,85.4134112598548,82.4798657557985,79.5587968495763,83.6596845824351,45.0795796830618,46.2817315274386,44.3785288544912,45.2579182840434,45.2717755185492,44.8347315999798,43.6620884750246,43.3033653417224,44.910834070096,43.1530973633569,43.607557895985,40.8946415476409,80.2128332865272,55.7899396164595,48.3100938865932,83.0004408164286,84.6487416098122,85.0978483135566,83.498312451275,83.6826102299382,86.4534510986137,80.7672905310465,87.0624760107247,92.2473771232655,53.5586695972392,52.6463823552852,81.7349531972776,42.8163161145535,51.7299376911096,34.2294855024965
52.7427975391575,51.5883087978199,54.5598228164974,49.0695855612232,48.7507572695086,54.2581440525785,54.0958536301187,52.0686207264179,21.3736063907219,0,81.1495942666951,35.4850700633922,33.9317405128386,31.3658454377733,67.9952857722463,66.0687645079015,50.4277023573131,48.6740248791469,50.5835840891879,47.9090452919305,42.0915288460391,41.5739851864188,41.7023680222123,72.721759335272,87.9793873423668,110.1946355183,68.4676376405267,70.7552767696156,56.8092481353632,45.8813212757008,46.4046636508253,47.0021034176194,75.1000490272979,49.7329759590163,61.4116831120289,63.3517197791328,36.3358584266488,79.2822110801984,76.5910312479241,77.2856316575364,86.3744541301757,88.848874563502,87.6867913221819,87.9923477451,82.5760107418096,83.9328516111449,84.121987645786,84.9762823352102,82.0424813546476,79.1212996062391,83.2236136685972,44.8124643028025,46.0120256716855,44.1064381054984,45.0058877441203,44.9792201796686,44.5437071231936,43.3742104954262,42.9170090660996,44.5948165625864,42.8317957229853,43.2902875367321,40.5715552010786,80.004375347018,55.3676405405434,47.7779079796981,82.5704850798859,84.2193833049501,84.6681798741467,83.0683074057961,83.2413922942495,86.0123646510546,80.3281489221396,86.6235454052549,91.8038523925136,53.0928412223247,52.1785342299446,81.2925106528763,42.3952730830286,51.3784941999482,34.3799568132149
75.1595205784862,74.8534550909085,76.5674910604687,72.7718871743599,73.0992575315154,75.8523544276221,75.244635995624,74.6882637324957,81.5901055031511,81.1495942666951,0,82.7547303955981,81.3804738510717,82.0777068340201,67.1521383937429,62.0508401790257,77.281781204464,75.1585564065943,77.6037469721716,74.2539537426429,61.4501324183219,59.8659272832809,60.3422735408143,80.6653416437143,68.0781935588596,86.7911974624247,83.082161506589,83.5260643657219,60.0618321915898,79.8966329022585,80.028664092448,86.5933141786254,56.706785805181,66.0062197438515,58.3686204075402,61.9421909048142,81.4146137136758,43.6860427327604,41.3737817081135,39.0477356186497,49.68349431106,50.4750065954516,50.6030125732289,49.1515913277052,31.8411625304346,36.0664728390063,32.167697015798,36.3998479905493,29.3341210310033,28.9969193979546,36.2163685178809,67.768654091403,68.7607639471554,66.5559188794236,69.43891620432,65.2109889412635,65.0857449109585,64.3134847210164,61.5204797401528,63.993920843507,61.9854340943759,63.0545470414978,60.0442488262453,109.323433520351,77.2627797830286,69.1992881896711,45.1619484306279,47.8008575307958,47.8402689319242,45.8063525257886,35.5344779627603,39.6967089334249,28.6729467425563,36.4337894050754,46.7799851949275,68.4436439835133,66.4574866666404,77.2829539226093,59.1342305848473,68.6664106493747,78.2917751758187
53.7595879941994,52.6230266685172,55.6882426274013,49.9579084500934,49.6415986854447,55.4879664270618,55.4112475768002,53.3223776835562,35.5744109243978,35.4850700633922,82.7547303955981,0,22.1758092631441,29.1864120389731,69.4148015926018,67.5661757312664,50.1471287987014,48.4005256155269,50.241554547014,47.6741285082323,42.8017819337261,42.3632416253933,42.4797041660914,74.7583221382646,89.4176153969872,111.659417790405,70.815525961343,72.9884085104626,58.0758785059776,49.3514028665228,49.7646401321976,51.7015688786264,76.5721316931372,50.630764815723,62.9356019925251,64.8777750975318,27.692896001685,80.8406993705575,78.145535560812,78.8458697861245,87.9611069272015,90.4367906438481,89.278913464316,89.5855525125351,84.1661727501853,85.5142309491824,85.7089998470984,86.5608514032629,83.6284715391238,80.7080912292076,84.8016409246843,45.0525492300018,46.2905962575428,44.3986999004738,45.088471031988,45.4868729468948,45.0424841070933,43.8444554379012,44.2896367575809,45.3787764100321,43.6642594140771,44.1016334383001,41.4323080926259,79.1351689544176,57.0913584697444,50.1110603304746,84.1100802052172,85.7551907788009,86.2059741927337,84.6082578788345,84.8512759632032,87.6215330101152,81.9250908170939,88.2192419210063,93.4279686758747,54.9657239151818,54.0532779616329,82.9332110926617,43.9913259575521,52.4498126602061,37.2141486058801
52.3808094664525,51.2387964401239,54.3042942324271,48.5808819631998,48.2605210138008,54.099752076022,54.0200957528702,51.9280763520128,33.7053614869168,33.9317405128386,81.3804738510717,22.1758092631441,0,27.0597051412611,68.0435917233507,66.1921746729733,48.9326972561931,47.1932595772043,49.0417780865426,46.4583556725112,41.4661759308873,41.022155784795,41.1389148438869,73.3672099288695,88.0489874828816,110.289766308395,69.4180829571211,71.5924519383846,56.7118783414245,47.8754955386573,48.2826930266511,50.2803751385756,75.2017278812,49.2833455204205,61.5602534156742,63.5018948249046,29.1983411148323,79.4676491966685,76.7726118110518,77.4728093428678,86.5871822295096,89.062856859104,87.904830485903,88.2114674281868,82.7923049094135,84.1406078337702,84.3352328464891,85.1871362985549,82.254739570585,79.3343202953281,83.4281147347294,43.770067989861,45.0023517173152,43.1106487154181,43.8226003094574,44.1755603304385,43.7311565527918,42.5355768381912,42.9050288302962,44.0342291199916,42.315595072055,42.7524218180267,40.079534839429,78.0496038566132,55.6789107596271,48.6946118683295,82.7377598977759,84.3829943653572,84.8337096729204,83.2359194942971,83.4768253211768,86.2470882699445,80.5510293765179,86.8452074424612,92.0531121712939,53.5678964465028,52.6569298012941,81.5543893418488,42.6003844295952,51.0864318730389,35.2323808395523
53.2723276320207,52.1267332397837,55.1617334536812,49.5133373818738,49.1937837031211,54.9260660746293,54.8198742716877,52.7491572826906,31.2632344069678,31.3658454377733,82.0777068340201,29.1864120389731,27.0597051412611,0,68.8004908549533,66.9247853584266,50.1779502810212,48.4322793692208,50.3003342097996,47.6887144508633,42.4394226584206,41.9719665859205,42.0924866034762,73.9307295367324,88.798493466616,111.031018386075,69.8822878400201,72.0937019182359,57.5156372960062,48.0214068670123,48.4664472450287,50.0236466195903,75.9409387863684,50.2004550603774,62.2847934536143,64.2259905700748,32.3852445370682,80.1796714524983,77.4858855497829,78.1842595830383,87.2903479300651,89.7656103346494,88.6062706089511,88.9125514409636,83.4942847100758,84.8453634000887,85.0382016708534,85.8908852902537,82.9580281620766,80.037363825752,84.1339279859389,44.8741144284748,46.0963223016573,44.2000265227969,44.9710685549182,45.2045642097397,44.76306856545,43.575760171449,43.6834326438718,44.9872248312271,43.2545254602419,43.6984549428242,41.0109793663586,79.426022202779,56.355334447994,49.1739936336155,83.4556532869044,85.1020758417935,85.5521694532961,83.9537045797,84.1725886850224,86.9430847072215,81.2508687150078,87.5454442295183,92.7443820948805,54.1888173793724,53.2764924708938,82.2421705644014,43.3087404415594,51.9538020550256,35.6205361116998
60.7005679228094,60.5065352292333,62.1254174527849,58.399807602676,58.800549649094,61.4301754435555,60.8393360031663,60.4005664240189,68.4034804392639,67.9952857722463,67.1521383937429,69.4148015926018,68.0435917233507,68.8004908549533,0,43.1118868328425,63.0153110860498,60.8703041679093,63.3455153245695,59.9583353012545,46.635754785031,44.9375340044878,45.4364095478588,72.1856153401232,72.6400414098839,94.7710085648249,73.5676738862415,74.1618438787524,40.7445204183172,67.2021585569884,67.2969229568482,73.8689630921211,58.3395041520754,50.832179885325,42.3802357911358,45.2914415361052,68.011666067749,64.173969474135,61.419757290621,62.278725430025,71.7671282157708,74.3010034110278,73.194764439494,73.5567974448406,68.2380232695317,69.4131868450432,69.7381234827463,70.5181645897496,67.6476227816032,64.7180541198834,68.639973242238,53.2826655517985,54.2577890425255,52.043683432216,55.0349708242368,50.5983388047434,50.4661931112023,49.7064774076331,46.8578064459691,49.1244272974597,47.0662641465673,48.2007706126326,45.1451702508633,95.185996620146,63.3520193248806,56.8265723017075,67.4466672343696,69.0542268625826,69.5179850835526,67.9346080056874,69.2750680262229,72.0164041236816,66.1239480327841,72.3836883586316,78.1349821443927,55.4639689622058,53.726862382134,68.5618371255755,44.6689226059789,53.3491944018513,65.0459497956292
59.1835159540903,58.9476898302739,60.5638767761539,56.8882949224034,57.2617798014816,59.8222315258748,59.1871815828749,58.7546341273014,66.4889024087674,66.0687645079015,62.0508401790257,67.5661757312664,66.1921746729733,66.9247853584266,43.1118868328425,0,61.635977220733,59.5098126298518,61.9646180559698,58.6007440890665,45.5329062314406,43.8992984277604,44.3682759254834,68.3349729443106,69.0790015549748,90.8537296613388,70.3514959134452,70.8068314832455,43.2410946027886,65.0580620809559,65.1592609927905,71.7737668533991,54.0817496765824,49.962795676954,29.1140856431074,34.2853033443033,66.1909300929895,59.1175057635629,56.3941097947517,57.2614701261909,66.5231688811278,69.0832091873316,67.9293518626665,68.3199317199499,63.1552508547595,64.3583131617312,64.679569907102,65.4497223844348,62.5994693557714,59.6492478532992,63.5997073480445,52.0523629461477,53.032713807804,50.835937577937,53.7412168377178,49.4951518654389,49.342253643408,48.5606936826084,45.2061164675367,47.9762900844852,45.9093131866274,46.9992881061213,43.9344606390093,93.740884885849,61.4336175427281,54.3458560378343,62.6803884820751,64.3202946755105,64.7638156562807,63.1584743631605,64.0968565850632,66.8259182856559,61.0147361093754,67.2700993272125,72.9090204745368,52.7708154039301,50.8579985182318,61.5412422244917,42.7056594919253,52.1736242113478,63.1437087457948
47.3890122930963,46.7237134824781,49.773543617655,43.4876578519295,43.5276413350436,49.9757627180614,50.2082064239221,48.2903018453106,50.6535381171408,50.4277023573131,77.281781204464,50.1471287987014,48.9326972561931,50.1779502810212,63.0153110860498,61.635977220733,0,20.8341896985329,18.2823639546116,17.6709103947785,31.5207527714424,31.7676523661675,31.8488505300498,71.9288930021033,82.9156564599789,105.328925422752,69.591647750982,71.2027582679565,50.6299730096386,54.0307230145801,54.177677128274,59.3016470350038,70.3184358661549,40.8470671770496,57.1882702519611,59.1700956010914,48.014848952227,75.1016325861889,72.3824532603984,73.1147946777547,82.3905948795139,84.8721993191803,83.740482281585,84.0518943333474,78.6076384340067,79.9046075941896,80.1314170142665,80.9699547915978,78.0445769750459,75.1297848179708,79.1723216454488,26.5387071005118,28.5869826414229,26.6964324118204,23.9323208611274,30.9666184046949,30.5296847781898,29.0061255619117,38.6982752218441,35.2479176379554,34.0371766190062,34.5685053597791,32.3168895641365,59.7073077802949,53.9743926671892,49.341596739911,78.2493894350963,79.8713924266376,80.3344819498693,78.750116825591,79.4092343602141,82.1760774137811,76.4062524495575,82.6935807732453,88.0691238149922,51.6791921273241,50.7151654487486,77.8503369284095,39.3745495038556,44.5791885649797,47.5142685826902
45.4708070704897,44.8396959465506,47.8401696575028,41.629192505311,41.6972011476675,48.0299138899862,48.2509389544721,46.376455487912,48.9050430148109,48.6740248791469,75.1585564065943,48.4005256155269,47.1932595772043,48.4322793692208,60.8703041679093,59.5098126298518,20.8341896985329,0,15.9577316192284,11.6452297877246,29.1741099222454,29.4525531003293,29.5414365500199,69.916710150652,80.7452212376993,103.167039084474,67.62566959375,69.2222669300327,48.4304066765635,52.2122285962389,52.3581892473395,57.5069049230882,68.162958124356,38.5665097807821,55.0715117814578,57.0572859760376,46.2625216112348,72.9680278091808,70.2477993502026,70.9813228865058,80.2642408256459,82.7459649055507,81.6154529758382,81.9269304078604,76.4810554752243,77.7759444736633,78.0039957479674,78.8420689585172,75.9168668470139,73.0023824094042,77.0428395015345,23.2646160121228,25.5897724556492,23.4285748048107,21.1331997095215,28.1335994250872,27.7398896056438,26.2037273006028,36.6783507558808,33.0225041951947,31.845188143724,32.4120466211435,30.1785397759739,53.0894974606162,52.0338154352765,47.4096008027852,76.1097887098527,77.7307538437377,78.1944121776822,76.6106637928436,77.2875421893332,80.0543083920899,74.2813077909331,80.5683941231294,85.9508466909387,49.6784004386915,48.7091460336587,75.7574157142522,37.3526443331801,42.4588483658098,45.7826366404702
47.7926769941932,47.1290979259457,50.1640948396102,43.9115546347758,43.9530402711919,50.355198356588,50.5786792441874,48.6708267664489,50.8084405609848,50.5835840891879,77.6037469721716,50.241554547014,49.0417780865426,50.3003342097996,63.3455153245695,61.9646180559698,18.2823639546116,15.9577316192284,0,14.9208704602793,31.8712718529243,32.1151846093999,32.2001986400863,72.243899118319,83.2387455778032,105.652061764053,69.8955457603135,71.5110137291448,50.9592937176932,54.2842986021601,54.4343192788656,59.5243303617907,70.6424865391243,41.1910037240144,57.5170087395684,59.4995052280095,48.0717481942619,75.4245131584279,72.7053784822861,73.4375871284146,82.71312319651,85.1946698241938,84.0629248363676,84.3742798744689,78.9298912598132,80.2270064524472,80.4537030905206,81.2923051195828,78.3668703065627,75.4520892914966,79.4947710257539,26.6748664560969,28.8269975242085,26.8112121180769,24.3647240546372,31.1887616144092,30.771038191877,29.250864217968,39.0564171749461,35.6201183436299,34.4111841963685,34.9538072541349,32.7000761912226,56.648934050268,54.314291180401,49.6474390715161,78.5722625424322,80.194298489209,80.6573759664039,79.0729976391053,79.7312037014047,82.4980773426402,76.7283992384437,83.0157591198578,88.3908641336751,52.0046907416389,51.0399223209145,78.1759503350727,39.7153819062624,44.9447570739294,47.7026160100989
44.5378137937818,43.9093991134294,46.9134956211168,40.690465152666,40.7606449713894,47.1086431842153,47.3338820290036,45.4579900455131,48.1411084820447,47.9090452919305,74.2539537426429,47.6741285082323,46.4583556725112,47.6887144508633,59.9583353012545,58.6007440890665,17.6709103947785,11.6452297877246,14.9208704602793,0,28.226438747134,28.5109079613318,28.5980444106393,69.0277112306825,79.8351517137157,102.257802538639,66.7482418117899,68.3406719686133,47.5134280605979,51.3807472917821,51.5247322600352,56.6967699237936,67.2537944807113,37.6313225968129,54.163339928633,56.1490966441191,45.5587176294411,72.0618057212724,69.3414434020921,70.0751692472697,79.3589712116948,81.8407434261404,80.7103707413227,81.0218903203415,75.5759344989127,76.8705222400099,77.0987693388938,77.936755528408,75.0116067321949,72.0971464260576,76.1373030065863,22.3318737895994,24.6130634079339,22.5307870859168,19.9224830456603,27.2211692778908,26.816641987922,25.2745350196613,35.762053097675,32.074742682,30.90017676316,31.4637813004153,29.2337487016741,54.7111102468109,51.1370947358755,46.5344977214744,75.2029658756198,76.8238056449644,77.2875289242446,75.7038510467236,76.3830922125516,79.1498315891387,73.3764184806607,79.6634606820268,85.0468846621928,48.7841241634414,47.814784760887,74.853616150235,36.4467538838306,41.5271860564888,44.9995562683049
33.1408163998506,33.0631727948993,35.41354699478,30.0707011346607,30.5760306044124,35.5382676945228,35.6919979512958,34.4038760970086,42.4014346734707,42.0915288460391,61.4501324183219,42.8017819337261,41.4661759308873,42.4394226584206,46.635754785031,45.5329062314406,31.5207527714424,29.1741099222454,31.8712718529243,28.226438747134,0,9.85067943351999,8.81088308845676,57.5295896781763,66.5715701714829,89.067975376897,56.0150755800247,57.3500385861773,33.6605684341719,43.3490489591738,43.4382078658528,49.4110583883378,54.0843888337015,21.0056969578847,41.187465133022,43.1888567377122,41.1341654094225,59.1326675162431,56.4012786707775,57.1503291938955,66.5076889071874,68.9925108102762,67.8740591841122,68.1881003116662,62.7319558646965,64.0027327720779,64.2460835011705,65.077654878596,62.1560692691158,59.2439922068945,63.2603812742675,20.0899692898493,20.8644317186345,18.6564926378376,22.5270236539403,16.7653103872462,16.2021613060027,15.3774587627275,23.2670793569062,14.4936962122512,14.3653176208877,15.7537226738351,13.9335479194916,64.414840324343,40.1706367698782,36.1956216239747,62.2204944969138,63.8308996623743,64.3001206002325,62.7224099825441,63.59308709449,66.3581054482967,60.5508835008003,66.8346589237756,72.295681109062,37.1922906699873,36.1739811365736,62.2216495396181,24.2546452106129,27.0975053129172,39.0105786458354
32.3810800282763,32.3671472618716,34.5551053245041,29.498941605666,30.0393645141934,34.5986181215294,34.6854801543012,33.5450877516043,41.8935020658816,41.5739851864188,59.8659272832809,42.3632416253933,41.022155784795,41.9719665859205,44.9375340044878,43.8992984277604,31.7676523661675,29.4525531003293,32.1151846093999,28.5109079613318,9.85067943351999,0,6.11377838517918,56.2334342468407,64.8901947884211,87.4021314544876,54.8563781827562,56.1482979796353,31.8116624535397,42.6074217830529,42.6930498122781,48.7446635021908,52.4220222554643,17.3864845684514,39.5779160474989,41.5852161174659,40.7269074039493,57.5222499571247,54.7885046320205,55.5407552209829,64.9139039757375,67.3993087665433,66.2834498567615,66.5979561719422,61.1393677206795,62.4051337912308,62.6516392165034,63.481890401746,60.5610137342199,57.6494677499855,61.6608541372091,20.6155712771189,21.4531458641757,19.1992213606427,22.9487506938327,17.1835048539052,16.806634373537,16.0865068489093,22.0292690610916,14.1315638511941,12.9541580728777,15.0362927444668,12.7239555134037,64.5520561873507,39.1321861392343,35.1386603361229,60.5985966210574,62.206789173629,62.677177495747,61.1007343626099,62.0119339667204,64.7766243736649,58.9621856616111,65.2452901197663,70.7227267939314,35.9299017413242,34.8940596219999,60.6880761487414,22.9404295697679,25.4283715983382,38.4973747180475
32.4550472140354,32.4433651953284,34.6557801204325,29.5477474638711,30.0919888711459,34.7240887087518,34.8325167310665,33.6646337996786,42.0200304246859,41.7023680222123,60.3422735408143,42.4797041660914,41.1389148438869,42.0924866034762,45.4364095478588,44.3682759254834,31.8488505300498,29.5414365500199,32.2001986400863,28.5980444106393,8.81088308845676,6.11377838517918,0,56.5549410157406,65.4342727175214,87.9337003359814,55.1329821369624,56.4372857498303,32.4133892943914,42.7735638056223,42.8591634705177,48.8991235581873,52.9436395805106,18.6604751515467,40.0311297099176,42.0305460104333,40.839346866171,58.0126198970909,55.2803692652971,56.0310592596471,65.3939985288831,67.8793203546482,66.7617010180797,67.0762051796361,61.6202557721686,62.8888886377643,63.1337219507984,63.9645645580362,61.043514216853,58.131494140856,62.1457484469366,20.7228234756496,21.546614948634,19.319950437072,23.0334287431774,17.4188319284842,16.9858021215949,16.2200718424985,22.2273523909843,13.5640584890108,12.7101099833496,14.8464003733103,12.6603015702184,64.6418667605414,39.3227463698863,35.3701118536957,61.0978349465197,62.7075110368601,63.1770788642847,61.5997460750743,62.4859824815373,65.2507359470794,59.4408018945018,65.7242162788058,71.192045837867,36.2105929989342,35.1842102500177,61.1101318225293,23.2053647020682,25.6494367568989,38.6223646680109
69.0388867064136,68.5017432315691,70.2328095590542,66.6584878128156,66.8347611675738,69.2992683230976,68.4898372757053,67.9056371014483,73.2267471092381,72.721759335272,80.6653416437143,74.7583221382646,73.3672099288695,73.9307295367324,72.1856153401232,68.3349729443106,71.9288930021033,69.916710150652,72.243899118319,69.0277112306825,57.5295896781763,56.2334342468407,56.5549410157406,0,90.8458463138578,112.529782486134,63.1437451458299,60.1221785487086,63.8977835938718,70.1855442147465,70.3433964557141,77.2330664463258,77.3434959437011,63.0812622187956,63.0932055269115,65.1227282957917,73.5736539320172,79.7065283377078,77.0993062976629,77.6812899037825,86.1990470253797,88.6558770164764,87.3967420485915,87.689535656317,82.378346245426,83.9101869284126,83.9904292716175,84.8892385763709,81.9327974526775,78.9915397907467,83.2685369162833,63.2747623702507,64.2893238625207,62.1962613373862,64.5743144558287,61.4903986369578,61.2106837438934,60.298897852571,54.9160066123931,59.7696376724812,57.6856577253444,58.5394346019981,55.4635742599149,103.601096306482,69.0591303128907,56.8021134094337,83.3952884096066,85.1208524226125,85.5293387282095,83.8856758346963,82.636801744929,85.4163442597104,79.9939760523216,86.3116909615949,90.9046671599135,56.1762600331615,53.2398128456372,79.2029933382026,51.3647330663989,64.1135445746426,69.9832725135198
81.2007715921083,80.9619423843328,82.6968418801613,78.7847195736725,79.1574962081523,82.0697636905886,81.5424065752801,80.9636535106181,88.393745207241,87.9793873423668,68.0781935588596,89.4176153969872,88.0489874828816,88.798493466616,72.6400414098839,69.0790015549748,82.9156564599789,80.7452212376993,83.2387455778032,79.8351517137157,66.5715701714829,64.8901947884211,65.4342727175214,90.8458463138578,0,58.9693483328816,92.5397775488855,93.1168600374223,63.1812617695676,87.16673385793,87.2797186923966,93.7866537622951,58.2589791209845,70.780195176476,65.885211654371,69.4140116937054,88.017835427413,63.5213364208664,60.3151903743934,61.0201587752741,73.8061375758705,76.0979958744713,75.594234141289,75.6943639370836,68.4525955098583,69.010083969334,69.5028930351475,70.3894969603869,67.2179064858239,64.6426418109742,67.9401455367076,73.051238243416,74.0382884800193,71.7809073395351,74.8769552545916,70.1524942250819,70.1078370778873,69.4009030230889,67.839782689577,69.2872354613751,67.3355333801012,68.4843445766101,65.5236307163349,115.099687919061,84.0016398687319,76.9480099339379,60.7478756761737,61.5717769890047,62.5567062350692,61.5288181611398,71.3093509034782,74.1602923466947,66.8937135034554,73.1759613797264,81.1969328778215,76.1270179327952,74.33033109969,87.1576188123596,65.8844308110783,74.3076250934953,85.0637731819809
103.527396495747,103.278827627391,105.006418385324,101.11985478171,101.486011690058,104.362343396884,103.819364385256,103.249095831561,110.613021265883,110.1946355183,86.7911974624247,111.659417790405,110.289766308395,111.031018386075,94.7710085648249,90.8537296613388,105.328925422752,103.167039084474,105.652061764053,102.257802538639,89.067975376897,87.4021314544876,87.9337003359814,112.529782486134,58.9693483328816,0,114.35528013795,114.90561755016,85.9146282738534,109.310222967398,109.425528623451,115.945057630306,79.90873096158,93.3336942910244,87.619014305677,91.1992857598729,110.269257201033,82.4238752538114,79.1381351404824,79.6311836204598,93.1235518633343,95.330725376942,94.9497896635146,94.9647104667796,87.0929322496426,87.5392915779068,87.9949163668481,88.980368212926,85.6353845948446,83.2149920024525,86.4001473802728,95.5262585618956,96.5137674435827,94.2663590692097,97.3241668314115,92.6901690561963,92.6295667299025,91.9102717289516,90.1037723186518,91.7484848268296,89.7842350538226,90.9193839784912,87.9476203262828,137.489237231073,106.206124932378,99.0017212314743,76.7259799341515,77.1343650882575,78.4431687364657,77.7463562882245,90.3777852141224,93.2702397449147,85.6577066932144,91.9672456861411,100.462645107892,98.1617320395925,96.3319698342979,108.638717635726,88.0659473521359,96.6881915001047,107.287074861933
66.9226543740574,66.2245154263602,68.116545704748,64.4009371280051,64.4682676075422,67.1880094688391,66.397433065049,65.5880563685264,69.0254020596393,68.4676376405267,83.082161506589,70.815525961343,69.4180829571211,69.8822878400201,73.5676738862415,70.3514959134452,69.591647750982,67.62566959375,69.8955457603135,66.7482418117899,56.0150755800247,54.8563781827562,55.1329821369624,63.1437451458299,92.5397775488855,114.35528013795,0,47.2927563757504,64.4235256093645,65.0588528471264,65.2758028273855,72.2492618271119,79.2325377176458,61.9750181495842,65.334548720402,67.3468310902396,69.7373321980743,81.9916093007414,79.3655171215405,79.962681071455,88.6189036090303,91.0711782155331,89.8398637843676,90.1263801884098,84.7560331384104,86.2579405895101,86.3532885811103,87.2488569453174,84.290234037058,81.3568147321195,85.6038304386254,61.3540910582293,62.3893550190581,60.33264659708,62.4879744715987,59.877529753384,59.5611953261368,58.6031120190173,53.2925815498771,58.2435355549342,56.1897349685399,56.9574099095787,53.9167338396566,101.041989896121,66.3813217693547,50.9584999083421,85.5709989144336,87.2802589634515,87.697797968989,86.0639838897459,85.0957026140976,87.8786110409393,82.396376604125,88.7126196596775,93.4205341986706,55.5411074971564,53.4669493732594,82.932272911191,50.0707941455101,62.8987283399842,65.8701851407719
68.4061346323667,67.760922692664,69.5884591092664,65.9425561119585,66.0465324273134,68.6457709662294,67.8359084495998,67.116379305276,71.2926118113686,70.7552767696156,83.5260643657219,72.9884085104626,71.5924519383846,72.0937019182359,74.1618438787524,70.8068314832455,71.2027582679565,69.2222669300327,71.5110137291448,68.3406719686133,57.3500385861773,56.1482979796353,56.4372857498303,60.1221785487086,93.1168600374223,114.90561755016,47.2927563757504,0,65.2259331503315,67.6490265489456,67.836994122089,74.8132162906541,79.7622862358643,63.18770389925,65.7319899307881,67.7372148921008,71.8716952968651,82.4519345207928,79.829231527648,80.424780306323,89.0553003200991,91.5092208972761,90.2724124948788,90.560930327673,85.2045625903228,86.710932255383,86.8044953337525,87.6999678639853,84.7424763807588,81.8073006089901,86.0588008511358,62.8281544318725,63.8560004616289,61.7885242081753,64.0153877264922,61.2548656016849,60.948351489962,60.0041223472549,54.553895218348,59.5739413462725,57.5065197828932,58.2996721053896,55.2434516155698,102.730109595091,67.9614176315065,53.3539518095354,86.0537271771104,87.7659269370625,88.1817674580498,86.5461056713928,85.5307086662945,88.3125286499206,82.8410455076597,89.15721032043,93.8463482680522,55.9640314748432,53.5569084072216,83.0440677935146,51.1428217896965,64.1064896415247,68.0969785964938
48.9827812363811,48.8438813209723,50.5462556855407,46.5935373370467,47.0317588918049,49.9907916583624,49.5311088044719,48.9863710175876,57.1957043162323,56.8092481353632,60.0618321915898,58.0758785059776,56.7118783414245,57.5156372960062,40.7445204183172,43.2410946027886,50.6299730096386,48.4304066765635,50.9592937176932,47.5134280605979,33.6605684341719,31.8116624535397,32.4133892943914,63.8977835938718,63.1812617695676,85.9146282738534,64.4235256093645,65.2259331503315,0,56.4533758538441,56.5435079074918,62.999696428586,50.5063345035945,37.2542224551006,40.1799483026251,42.7495067540872,56.6161506730074,57.0644764595344,54.2738753785841,55.1113460727401,64.8667652851191,67.3675735053286,66.3159066295347,66.6425570514096,61.1308290860338,62.2747853817289,62.5999561225223,63.3957492028808,60.4956414363106,57.5943276101151,61.4841796249837,40.5055690572362,41.4755090533004,39.2009900456165,42.4346843708585,37.4309546337195,37.3879134024658,36.7041065858503,35.739331661327,36.3944744011885,34.4262691192314,35.6705973189899,32.6996984728025,82.9468634969899,52.5323275426137,46.7829245744826,59.9185780167857,61.4796072964577,61.973503871604,60.4227016041787,62.2800097030448,65.0366151031773,59.0476083707997,65.313796152334,71.1923190143331,45.9729595247412,44.4783983585415,63.2893070382585,34.2915070064927,41.2603497368765,53.8264312991371
