IBR/IBR_outputs/all.combrep_1/EucDistWater_Total.FireFreq_2000_2008_Total.Spinifex_Total.VRM_Total/EucDistWater_Total.FireFreq_2000_2008_Total.Spinifex_Total.VRM_Total.asc
NCOLS 160 
NROWS 95 
XLLCORNER 210004.651214014 
YLLCORNER 7350008.22228844 
CELLSIZE 4999.99999999997 
NODATA_value -9999 
[rows 63 to 83 of 95, columns 46 to 91 of 160]
10.4489924528202 10.4790214249025 8.93334967907845 9.0589607601208 9.47581363945172 12.0643731728487 12.7120961072025 11.1350634744761 8.61784234390064 9.20659532848356 11.0213462345119 12.5636331435437 14.534691848351 15.5633343635848 14.8411271552807 15.0928994592865 17.5357819459142 20.1067976408382 18.2969210598122 17.0242489343982 15.5330067927158 11.8578363332922 6.64813918610888 10.1399072896784 10.2417230088256 4.73653107302718 5.03901693810171 7.22460945124358 12.755835792492 7.75381686295867 6.11021586331206 7.20606459302974 6.01921616257127 12.2329923153324 14.2022631354857 15.4095049297842 15.5146161021939 15.4327220961319 15.3560607035996 14.5148403158517 14.2953605238628 14.1873286964206 13.5936389810759 10.1537613089042 10.603086653069 8.03163925362979
10.4753005691862 11.0834260818796 8.23821473086485 8.53040450015943 9.4885333301883 10.7310646218509 12.02364721928 10.285883847434 7.90531447609998 7.00267155662029 8.00217033566833 10.7456083236517 10.1405683950055 11.838470565763 12.2974794162931 14.3219450293682 15.7445239776344 14.1653926495293 17.1720582413589 16.907908257156 13.5854229701613 9.85042998993545 7.58015148332852 12.0171049859025 8.48184527303984 4.54769122543194 4.56071687085783 5.43899168950145 10.6650677242064 9.09867222640635 6.55301399875023 5.69816367455284 7.43862533916444 12.2425522440688 16.0916890899974 15.5276495803676 14.3645863501099 15.9728969599604 15.48670982713 15.845956810766 14.1234120842869 13.4443073102124 11.0629721002102 9.38974185389318 9.35687803758391 9.733183303126
10.728714397294 11.5189617227988 10.9677521977872 10.0204475015827 9.33406864493848 9.34599162227065 11.3320180588239 9.32125845067982 8.39549122208122 9.22568533907292 8.73572738223244 8.97652925544809 10.4779498974258 14.0681123302172 15.8590223419032 15.1094772526999 13.2916156118002 11.9470761366047 10.3096377440455 9.40866958801218 9.39824083927894 10.2907154988856 11.7412158304857 13.5989965075361 10.4984248631475 10.223251221962 9.36065994551043 9.12539341835346 9.84917387774695 3.94604411365475 8.45533836217857 11.1409618416774 7.15914665662566 11.5601302931288 16.1510082847952 17.5303270774662 15.928845238406 13.3774412317403 13.3893296038667 13.213859488279 12.7009702069742 11.6025703580186 13.1211211600635 12.2018385267877 6.66347370626965 11.9858771662928
4.93382007621235 5.49498030913022 8.99985606790707 9.80034422207139 10.7907554202834 10.747505054705 11.7520432868267 9.53204128654701 9.00357747724009 8.2063782198257 5.93061417636229 8.61024544505101 12.5616790851738 14.7782334484971 14.779885160397 12.4111555297277 13.3196360753057 15.0792623366038 10.6718643691718 12.332771225722 13.3674957111943 12.5673918902591 13.9298576868648 14.2750120393957 13.6414293273677 11.8594238491679 10.0788803463894 10.3712502108728 11.1329033293742 9.17092523104697 10.4194743460152 12.7259428071556 13.322206798748 12.9993632401348 8.57865573549001 10.321177230209 8.46925491308637 11.1463684431961 10.2823327589854 8.06224245762255 11.9251184646517 9.92834429690857 12.7743928239433 13.569612099212 12.1136991867869 11.5676561462876
2.68979591762371 1.61166091916759 8.84417646561228 10.9667197769983 10.2947248966027 9.57924098413961 11.5549250823012 11.1769063590227 10.7992772306706 9.67741354583342 8.75197520491116 11.0945709574068 13.6910669289084 13.9438538306295 13.2235551651698 14.1491595136083 14.6955855696906 15.0683476505329 12.4604966450592 10.7051575022861 10.889482831152 10.2456786236828 10.7882819312657 9.50887498162335 7.86684771239472 6.99271623901606 10.7645801978538 12.5823007010187 10.9691612636902 9.88911452465767 9.74293122293724 11.5433026077089 11.9549428006436 11.6061050683556 12.2715304494058 9.92518375317498 5.7396470936506 4.76914117124004 8.66802294293691 7.44732137568008 8.31104170980723 10.2652864824106 14.4033782025442 12.5370633781016 10.4100866397905 10.0995607794995
9.75672639564131 3.82628942810381 3.57898137056833 11.6131351087249 10.7890179143711 9.45913979045191 10.7261160934862 9.96296925710539 11.7214681809576 12.6247874655644 12.5989389342314 12.9593404275833 13.7241742412361 10.3719299264682 11.0708962390104 12.165552308044 11.9106931696382 12.5777318339342 9.17783774429434 10.622415775846 6.52201933350764 6.051489841231 8.32158733849148 14.434485132157 15.483040282172 14.8876463237117 14.1146452084926 13.9385762255266 12.2315724111266 9.62955183610343 3.40201034045776 6.02299065804835 5.47474136827487 7.01329192026453 7.78483228811903 6.27773753649833 5.49500308769604 6.57471042097773 9.05662617063955 9.70383985122539 10.4554088593722 13.3577528489862 14.2903320451833 12.381893153175 10.2651736615386 9.56989267607269
12.6502870040467 7.30602920564024 4.82872830928527 12.0621981225766 11.0885479056209 9.78273070991404 8.53217689617946 10.5419118163779 12.4834594543302 12.1134636014714 12.1102838406941 12.8009120990519 13.5821744426092 10.3326268816682 7.70072320881254 9.44118615437867 8.21370950476848 6.22677672764167 4.45423556810095 5.34195079793728 5.32313662808091 6.29663949849871 6.51915080162446 12.2280375861046 15.4473520348285 15.7164753533066 13.5105049799377 10.0515106396474 5.06853348816255 7.89856696802284 10.095708383098 9.8265321083122 6.19885816008798 7.03055071614175 10.882099253578 8.53678046340073 9.56037279649763 7.69015744654219 8.13396929516474 5.61646507325777 12.707697703779 15.7138542608585 15.0919116379157 13.455706398758 12.260162886916 9.41374234111444
17.5984433410572 12.254236968267 11.5385106778021 14.8392197387012 7.32091123541944 12.4241784046669 10.9176707751738 10.0169238178105 11.9566601955021 10.4863117580983 11.4009696510296 12.134153241284 13.8212204007452 11.448131840658 9.71015103117792 8.97012981851461 8.92712083234865 5.93263232019987 2.137839727339 3.00332765546035 3.19179872474582 5.00889963131093 7.6392215965214 9.01552979105331 14.521947010852 14.9025735877636 12.8176034373702 10.4538735511165 4.22516243755542 7.04902229584014 10.9464331337365 10.526072322297 6.15247316843652 5.3899025145832 4.15359846505439 4.99881570446776 9.54127336232664 10.7562522456039 9.17028210412085 7.74167549652887 9.37514135822113 10.2580171945055 15.7418913557091 15.3264248988522 14.8415996247422 15.5510522822526
13.0942268720844 13.4543855115298 13.3867198816908 12.0791662510289 11.9815073398537 12.9840217402923 14.3409406267759 13.2921282723565 10.444492607655 10.9038726173794 10.5128950310649 12.1783089245285 12.3325816004711 11.9691207688343 13.6900541341143 11.526625638456 11.6059266444738 10.9323326736448 6.21735950636917 4.478668457255 6.02196800668467 7.44216887981439 8.58167100137723 7.97677541449109 13.1301475361081 14.432330584104 11.296662329156 9.34508047442259 9.85840432953275 9.59832637282599 10.98990615332 12.4240631379862 11.4960472189282 9.31623908686218 5.3455985189749 3.24831439306228 4.29843520932064 5.40117453899509 6.34412142040572 10.9351313473528 12.175933491782 13.3664623650504 11.6177535665866 11.5623851589289 9.91378275520352 8.83392422169576
11.5172228046355 13.9863630885512 15.3362413755871 15.5855030148595 15.3149667006575 16.7174088208261 16.0100640894948 13.0857808549602 12.4035255121073 11.1353458256007 9.88960072921038 15.0484059559055 10.1355342349071 13.8409747862637 12.6780943195487 10.6063921473082 10.9724161016991 12.252596826369 11.5945353227535 7.08995289750606 7.99230531603528 11.2627991012119 11.9501987400973 11.0054679240092 12.7169870163902 11.9140853966432 10.4912557172464 9.4130819948788 9.73356278321979 5.9423166993016 10.828127340727 12.9201974039643 12.1439310606527 10.6123532905482 9.41665297008687 5.39567228739636 7.82866692869329 9.86282909414318 9.21798096871172 6.86067925294993 8.21903333558222 14.703382515295 16.185322096957 17.0052492901294 16.4043880189307 15.9733434626195
14.9348756527845 14.8948543362768 19.1940828288286 19.6999838167272 18.6050971089456 19.5689016218292 19.2719489139187 18.8316782060786 17.3991420456941 15.8470283574953 11.8970719960392 12.5147401609038 12.0159480193406 14.5252951083907 11.7791527250028 10.4447102723773 10.053169369521 11.5249088688142 12.7186728259675 11.22628175267 11.2937063127153 9.12942706703538 10.9684087755881 11.7190527338604 12.1864011328382 9.48661078185862 4.85051833613194 4.50156896712908 8.58017797008953 8.51557604864665 10.1905075356533 12.1319952807958 12.6535221510651 10.0863139681043 8.75524197948183 7.72124651728119 10.9097966941679 12.587681528884 11.8765067991807 9.46299861644843 11.4777416534782 18.0615854873061 16.6658243458244 16.687310291239 17.7851555624786 18.4132956717156
13.9624926517166 13.22610291926 15.8292552653098 17.2739536604752 16.6119018393324 17.3147969210946 18.6258257627402 19.2853707005887 18.5192025731871 19.238151913111 18.1971946565569 15.9515303074064 12.1790664285556 12.9986009917693 15.1119842052344 12.4478905006288 9.98063290698473 9.17493908217876 10.629193849257 10.828461644245 12.6854508693428 9.36412368973466 7.63459212684313 8.74956198008557 10.7186733364146 9.81606136872076 9.02131002739952 7.63461008697031 5.87590964229834 7.95378196058692 7.76124360752315 10.2679957702713 9.9946633217126 9.11890033968996 5.40625542443795 10.8171869367958 12.7188256979381 13.3006539924908 8.60138979793374 11.0652500938113 13.1586436418918 16.3758677827666 23.1798145340088 18.1994746235122 19.1953712427932 18.16942794236
11.8100675572892 12.1631989558128 14.6635545350567 14.5756289604933 14.1702528588894 15.1360403889762 15.3205967564279 15.406129051051 16.9235959666524 18.1759784817032 19.5184460344084 20.0092763158351 16.6183456067612 14.2275538367186 15.40209327917 18.0790038030883 14.2592076476709 8.71004874073282 8.76975130186693 8.75930173724049 10.5022429642914 9.7813196429098 8.50971190229459 7.89917528793896 8.33689621589781 8.99976578104021 10.3622263481915 9.14091318063045 7.46767910340329 5.48760101284765 5.07794590185063 7.9303529420635 6.45368907044552 6.73728307485969 9.83558980526739 11.4352491323463 9.8189727390144 12.7033393350333 12.3801353849868 13.2937385458276 14.4049650017247 14.7118580094884 16.5996221199418 16.500840355068 17.9844515331032 19.7437578468431
13.4676773925616 12.8415085265248 13.0369454194791 11.3533210214195 11.6505754922523 11.4524806119722 12.1467832738583 15.2578574339807 16.5763273302931 18.0110952472073 17.2443012636573 19.2354423915591 18.0455393295705 17.861182457927 15.7644124736913 15.5482677920706 13.5005513941556 14.2116064765296 7.40838295427315 6.43431762754584 6.25736395086688 6.75589672339817 7.09048398109972 8.40132146625765 9.58536436498457 7.76189271879516 7.67529644288278 8.36841001860009 7.13391728690732 7.54334445925 8.8942201574287 13.3916499941252 12.7996004599391 9.66068260295312 10.4992237027279 9.92773778715607 13.8514656412735 16.4434400870335 13.9639340731702 15.1255803593146 15.3816610217804 16.4357503089394 17.8596146318637 19.7429192764885 19.8033843656191 20.5798179804075
11.0826608804371 10.5035706292782 13.6606785218964 12.0411223791229 11.1248959503334 10.4647139923105 12.2616220700153 15.3241912440839 16.3099219711665 15.3972624872224 15.0718479303907 16.2030258292978 20.8426038185392 20.6129658857992 16.2957076931146 14.4639125001135 13.5424062375358 15.1390545595642 13.5209102536022 11.1712312627951 11.7433832828216 11.3170672225564 7.86297382606279 8.14917062295878 7.10634010008839 9.29753339572225 8.00667884733384 10.2706366325865 12.7639953621515 13.1569495613129 13.0439745526006 13.6088029430547 11.2331200551 9.7226394822317 10.6757726408443 10.5263325330702 11.7619435452622 12.7107421955089 15.2516834249031 17.8789482076427 16.6119710704169 18.7581102202211 18.402647227907 19.1534372357614 20.6251694531334 19.8759056281941
11.9009479015988 12.4583418165038 15.2698883187959 17.7941450981415 16.6979988899113 13.3880132693766 11.0604813149943 13.7169237754754 15.7202766191432 17.0180791906896 15.7433945669771 15.7601162406402 15.1898681129688 16.7709833763511 15.3698240631397 17.864110578702 17.7968309314887 17.570345971272 17.0893887661591 15.9888247394693 16.6345807849086 15.746197799975 12.9400591813524 9.8338333551263 8.18623769024912 8.5157967578322 9.18816326119229 7.66410584735144 11.9684648729279 14.1845591831029 10.3221131834276 13.7170536586607 14.0049153482484 11.9858113719605 10.4577049262987 13.7122815715849 10.3712369575403 11.4913069700818 13.6584692168483 17.5529694467398 19.1912354439682 23.96756513852 20.4807599330731 19.8028086491145 19.7904640364319 19.8519001365468
19.1195528021887 18.5071268108794 15.9675758695661 20.1716380528103 22.0154608708559 20.5838925327174 12.8986427632938 10.7799079785516 13.461476206918 15.7233655360676 16.0765258731829 13.9997784450845 12.3495617025935 11.6412949507934 13.7413532428952 15.8374473462425 17.7082410644234 18.8386787060439 21.9567651382151 21.292087232019 18.8578898150896 15.2708919884604 13.7211020730468 11.6113728201375 10.9172970456388 11.4852651951755 11.2296225151332 9.9938502677749 11.2302000340007 15.0072315031689 14.7939770720825 11.832928560227 11.7176712899272 10.7377425247477 7.42820423113662 2.85285874207358 2.2416657504375 9.56136091311254 15.6860977410756 17.4015686009797 18.3125279087506 21.0667830821604 18.9307668988125 19.207989271387 19.5553568209851 19.8959646803407
17.8000119156083 18.7921868643148 18.3115493441034 19.8629711547605 19.2688466535503 18.5266157360282 16.5547512896203 17.3565362396002 12.5889419994678 10.2628609709926 13.4312974013604 11.7197737775592 11.5640164770461 12.5113313689532 14.797619314325 16.4124721290979 17.8100878459607 18.0980233168093 19.959766267732 20.4728500993924 19.2046601633666 17.632428632876 17.4236290705765 16.4235542670741 14.8840174692775 9.51840670082175 10.5496444536424 11.1294904261838 11.4093103087836 13.0767445969046 13.7133361657786 12.6041037233704 10.1676525600043 6.12262374845261 10.2134669437679 8.00970503565398 8.05758021304781 13.8705437839215 17.0240835056746 15.6686398134058 15.8139452233058 14.5771981179561 19.6679870905769 16.6679964548698 18.5330030262448 19.2500123390937
18.7558237811462 17.9641604684004 17.6783579246527 15.409541774629 19.8018388512868 19.6718990364934 19.6612051393544 18.1252843232978 18.4012234457516 13.2467503078656 10.3413205395455 10.8603187082359 11.7207311446848 13.9048084649493 14.6312768207654 15.6695094823169 17.6445705473512 20.1363469632312 22.2513926698927 18.8276619230284 20.4224626389685 20.9351555476564 19.1034401677769 17.6453936535125 16.1884475018796 14.3303658017898 12.0893944008609 9.72638904487463 12.8403694706811 13.2401001595827 13.9240252417334 14.6677174977455 11.6449417837663 9.82124134708688 10.7530455180421 8.63358652151175 8.77424309627583 11.1952250501412 10.8875838361216 10.9763656816665 11.1538242383516 16.7910120402817 17.6046095746135 17.6658384567414 17.0452276796967 16.9471002244636
17.6556030189991 17.9616352096814 17.4112503499852 16.2281641228701 12.879464660464 20.3761429562031 19.4684673762363 19.7569673388868 18.5975365702534 17.736525173055 15.4677163920496 18.7754587296795 19.3210402300383 15.5169310978159 11.6539342489306 12.897847831825 15.3010843820002 17.6817730296719 19.9833930004284 21.0460960620984 18.4891122351439 21.2566229180311 19.7187543784588 18.2723605378126 16.9949984403697 15.5402027142122 14.2880719669638 7.97057117212344 9.57995845640281 9.86810484265518 14.5775564206248 13.0190870066099 13.6958071448186 13.0043497946604 13.6292539600301 10.024691839063 7.77385731028977 7.88118888338304 10.7976509564167 12.8635666348261 11.2523764878223 15.0197679267498 16.0828106895493 17.3341900860147 16.7694073530712 14.0433836378004
18.1191887704766 14.6186392608556 18.2070481667701 19.1130036430369 16.6044910555028 15.5353648194397 13.259769170648 20.0192601657013 19.0616415372065 19.1571205044699 18.4792640950822 17.815424320266 18.2399924738173 17.9409244962457 17.3137394228087 14.5679770517347 13.5462852943892 16.0557793474143 15.5298609201378 20.5481682756825 20.9712216415822 17.6532047540905 17.1857621826028 17.749400091858 18.0499316113635 17.158983848945 16.6167689370854 15.4973044240673 14.4745546223033 12.8898702927453 11.3462204699367 12.3848809990263 13.6742164927805 15.6526446990417 14.5975644373666 12.3280572376486 6.85923800338269 5.32092437724832 10.2497040087719 10.2109403743047 10.2410245414485 11.3054191838531 15.2630319599147 12.1927954190368 11.3343816872035 14.2595605636528
