0.0408709 0.0858125 0.161276 9.9991E-05 0.0141085 0.0631957 0.634636
0.103137 0.095354 0.184882 9.9982E-05 0.0335829 9.9982E-05 0.582845
9.9973E-05 0.0362164 9.9973E-05 9.9973E-05 0.0120416 0.371435 0.580007
0.0285936 0.129547 9.9991E-05 0.00479041 0.0327197 0.123392 0.680857
0.0454546 9.9982E-05 9.9982E-05 0.059683 0.00256909 0.0880344 0.804059
0.0638092 0.0617868 9.9982E-05 0.0494909 9.9982E-05 0.100415 0.724298
0.276664 0.108576 0.0856537 0.0195297 9.9991E-05 0.00226958 0.507207
0.183975 0.173783 0.050023 9.9982E-05 0.0220786 9.9982E-05 0.56994
0.576312 9.9991E-05 0.0380579 0.0681471 0.0203674 0.113627 0.183389
0.25749 0.142241 0.0794649 9.9991E-05 0.0288885 0.210525 0.281291
0.355552 0.405391 0.0532707 0.0456842 0.0442948 9.9991E-05 0.095707
0.296494 0.178875 0.0226447 0.0197807 0.00523532 0.288908 0.188062
0.187952 0.694364 9.9982E-05 0.0207153 0.0471869 0.0495811 9.9982E-05
0.777856 9.9964E-05 9.9964E-05 0.0556488 9.9964E-05 0.166095 9.9964E-05
0.383817 9.9991E-05 0.0810865 0.0457577 0.0110853 0.164922 0.313232
0.521709 0.121035 0.127623 9.9982E-05 0.00442997 9.9982E-05 0.225003
0.675035 9.9964E-05 0.21418 9.9964E-05 9.9964E-05 9.9964E-05 0.110385
0.404683 9.9982E-05 0.0784711 9.9982E-05 0.0316772 0.0223646 0.462604
0.143104 0.0996739 0.294373 0.116138 0.0625396 0.244126 0.0400454
0.183872 0.0983274 0.199599 9.9973E-05 9.9973E-05 0.517902 9.9973E-05
0.15504 9.9973E-05 0.694256 9.9973E-05 0.0155275 9.9973E-05 0.134877
9.9973E-05 0.139869 0.680876 9.9973E-05 0.000261136 0.178694 9.9973E-05
9.9964E-05 0.0519557 0.919426 9.9964E-05 0.0282184 9.9964E-05 9.9964E-05
0.0687943 9.9991E-05 0.588484 0.00654398 0.0434144 0.199052 0.0936112
0.152768 0.0235162 0.615013 9.9982E-05 9.9982E-05 0.051022 0.15748
9.9973E-05 9.9973E-05 0.648857 9.9973E-05 0.0102956 0.299884 0.0406637
9.9973E-05 9.9973E-05 0.660189 0.00464305 0.0363797 0.298488 9.9973E-05
0.0942032 9.9973E-05 0.843909 0.0397123 0.0218758 9.9973E-05 9.9973E-05
9.9964E-05 9.9964E-05 0.614954 9.9964E-05 9.9964E-05 0.372138 0.0125079
9.9973E-05 9.9973E-05 0.643255 0.0631009 9.9973E-05 0.221038 0.072306
9.9973E-05 0.0620099 0.882023 9.9973E-05 0.00279296 0.0528741 9.9973E-05
0.126288 9.9973E-05 0.843807 0.00677581 0.0228289 9.9973E-05 9.9973E-05
0.0191905 0.000437295 0.892587 9.9982E-05 0.0385692 9.9982E-05 0.0490161
0.208572 0.154755 0.00984457 9.9991E-05 0.0760199 0.24172 0.308989
0.20089 9.9982E-05 0.071914 0.0250468 9.9982E-05 0.258333 0.443616
9.9973E-05 0.00242613 9.9973E-05 0.0690682 9.9973E-05 0.223416 0.70479
9.9973E-05 0.120562 9.9973E-05 9.9973E-05 0.0280799 0.16507 0.685988
0.329474 0.155586 0.13659 0.0543377 0.00109783 9.9991E-05 0.322814
9.995E-05 9.995E-05 9.995E-05 9.995E-05 0.9994 9.995E-05 9.995E-05
9.9964E-05 0.162213 0.493518 9.9964E-05 9.9964E-05 0.343869 9.9964E-05
9.9973E-05 9.9973E-05 0.21915 0.0874734 9.9973E-05 0.0159118 0.677165
0.275371 0.107774 0.181535 9.9982E-05 9.9982E-05 0.0268272 0.408293
0.161761 0.262097 0.348885 0.0620125 0.0191171 9.9991E-05 0.146028
0.227958 0.553539 0.0704891 0.103708 0.0441058 9.9982E-05 9.9982E-05
9.9964E-05 0.843205 9.9964E-05 9.9964E-05 9.9964E-05 0.134016 0.0223787
9.995E-05 9.995E-05 9.995E-05 9.995E-05 0.9994 9.995E-05 9.995E-05
0.224123 0.231605 0.115723 0.0187432 0.0766047 0.162241 0.170961
0.229723 0.467896 0.100014 0.0498196 9.9991E-05 0.0685811 0.0838664
0.320238 0.0805779 0.206333 0.0945001 0.0187161 0.179874 0.0997606
0.0103117 0.207781 9.9982E-05 0.67164 0.0102223 0.0998448 9.9982E-05
0.0506604 0.157967 0.0768527 0.691877 0.0224426 9.9982E-05 9.9982E-05
0.0651362 9.9973E-05 9.9973E-05 0.757646 9.9973E-05 0.0370871 0.139831
0.0980175 0.229385 9.9973E-05 0.639956 0.0323418 9.9973E-05 9.9973E-05
0.122473 9.9973E-05 9.9973E-05 0.770513 0.0352711 0.0714427 9.9973E-05
0.0879758 9.9973E-05 0.0656791 0.804212 9.9973E-05 0.0418333 9.9973E-05
0.314778 9.9964E-05 9.9964E-05 0.678712 9.9964E-05 0.00611017 9.9964E-05
0.188459 0.0420042 0.0219033 0.737996 0.00943738 9.9982E-05 9.9982E-05
9.9964E-05 9.9964E-05 0.143016 0.797919 0.0586657 9.9964E-05 9.9964E-05
0.0654503 0.104987 0.00582023 0.730916 0.0372572 9.9991E-05 0.0554689
9.9982E-05 0.185048 9.9982E-05 0.577905 0.0320896 0.0412795 0.163479
9.9964E-05 0.0431754 0.207934 0.748491 9.9964E-05 9.9964E-05 9.9964E-05
0.013282 0.138755 9.9991E-05 0.677062 0.0135458 0.104827 0.0524289
0.0543979 0.592805 0.0278035 0.265197 0.0595962 9.9982E-05 9.9982E-05
0.0397749 9.9991E-05 0.516421 0.0490302 0.0211233 0.278329 0.0952211
0.00475856 9.9991E-05 0.664829 0.0180437 0.0346016 0.137481 0.140187
9.9964E-05 9.9964E-05 0.460726 9.9964E-05 9.9964E-05 0.413837 0.125037
0.0798062 0.0772982 9.9991E-05 0.653133 0.0308222 0.0704662 0.0883746
9.9982E-05 0.39957 9.9982E-05 0.449755 0.0634291 0.0668223 0.0202228
0.102216 0.0984721 0.0693669 0.687746 0.0201518 9.9991E-05 0.0219472
0.0100723 0.175992 0.0337231 0.647912 0.0519137 0.0802875 9.9991E-05
9.9973E-05 9.9973E-05 9.9973E-05 0.780239 0.0470104 0.105882 0.0665687
0.267623 0.53609 9.9982E-05 0.0987221 0.00236913 9.9982E-05 0.094995
0.24118 0.615575 9.9982E-05 0.0480619 0.0115511 0.0834319 9.9982E-05
0.0872441 0.728631 0.0271851 0.0619711 0.00766046 0.0872084 9.9991E-05
9.9964E-05 0.956956 0.0269624 9.9964E-05 0.0156814 9.9964E-05 9.9964E-05
0.00448121 0.795792 0.135479 9.9982E-05 0.0214563 0.042591 9.9982E-05
9.9964E-05 0.87526 9.9964E-05 9.9964E-05 0.0148794 0.109461 9.9964E-05
9.9991E-05 0.650026 0.0945028 0.00363158 0.03644 0.0638439 0.151455
0.193896 0.145771 9.9973E-05 0.645933 9.9973E-05 0.0141002 9.9973E-05
9.9982E-05 0.29646 9.9982E-05 0.395205 0.106772 0.117453 0.0839103
9.9991E-05 0.156024 0.0469444 0.628531 0.0356682 0.0969956 0.0357375
9.9973E-05 0.01797 9.9973E-05 0.708736 0.0423207 0.230673 9.9973E-05
0.306832 9.9964E-05 9.9964E-05 0.659027 0.0337415 9.9964E-05 9.9964E-05
0.168701 9.9973E-05 0.0177646 9.9973E-05 0.0199945 0.79324 9.9973E-05
9.9973E-05 0.482466 0.206426 0.236305 9.9973E-05 9.9973E-05 0.074504
0.0767727 0.805793 9.9973E-05 0.105785 9.9973E-05 9.9973E-05 0.0113487
9.995E-05 9.995E-05 9.995E-05 9.995E-05 0.9994 9.995E-05 9.995E-05
0.0557575 0.136206 0.168659 9.9982E-05 9.9982E-05 0.108835 0.530342
0.133686 0.0126663 0.0995684 9.9991E-05 0.0365066 0.102644 0.614829
0.569107 0.108776 0.0480936 9.9991E-05 0.0539018 0.0973856 0.122636
0.519527 0.0600465 0.0764659 0.0785565 0.0242728 0.241031 9.9991E-05
0.116594 9.9973E-05 9.9973E-05 0.0483062 9.9973E-05 0.302038 0.532761
9.9964E-05 0.817303 0.0791293 0.103168 9.9964E-05 9.9964E-05 9.9964E-05
9.9973E-05 9.9973E-05 9.9973E-05 0.000285849 0.0400688 0.807439 0.151906
9.9982E-05 0.652083 9.9982E-05 0.1185 0.0836973 0.121868 0.0236513
0.131092 0.333756 0.302104 0.023891 0.0154767 9.9991E-05 0.193581
0.447594 9.99641E-05 0.238441 9.99641E-05 9.99641E-05 9.99641E-05 0.313565
0.145799 0.180364 0.133132 9.9973E-05 9.9973E-05 9.9973E-05 0.540404
0.23285 0.221057 9.9973E-05 9.9973E-05 9.9973E-05 0.181191 0.364602
0.738992 0.148983 9.9982E-05 0.0387238 0.00777171 0.0653297 9.9982E-05
9.9964E-05 0.339253 0.0674033 9.9964E-05 9.9964E-05 9.9964E-05 0.592944
0.734749 0.142992 9.9973E-05 9.9973E-05 9.9973E-05 0.111477 0.0104825
9.9982E-05 0.563688 9.9982E-05 0.176975 0.0183718 0.155377 0.0853879
9.9982E-05 0.452841 9.9982E-05 0.123574 0.0692776 0.278895 0.0752117
0.0701389 0.684704 9.9991E-05 0.131399 0.0737606 0.0220076 0.0178906
0.224085 0.524496 0.0911819 9.9982E-05 0.0129575 0.14708 9.9982E-05
0.300607 0.433738 0.187706 0.0776499 9.9973E-05 9.9973E-05 9.9973E-05
0.346586 9.9973E-05 0.437382 0.0225774 9.9973E-05 9.9973E-05 0.193155
0.0801236 9.9991E-05 0.0285096 0.716597 0.038785 0.00934984 0.126535
0.0119489 0.223217 0.0214212 0.665641 0.0138218 0.0638499 9.9991E-05
9.9973E-05 0.503138 9.9973E-05 0.113067 9.9973E-05 0.319584 0.0639107
0.302892 0.36549 9.9982E-05 0.152088 0.0210694 0.158261 9.9982E-05
9.9991E-05 0.489066 0.165073 0.0646333 0.0535965 0.167783 0.0597492
9.9964E-05 0.165363 0.359441 9.9964E-05 9.9964E-05 0.474796 9.9964E-05
9.9973E-05 0.249566 0.108715 0.607289 0.0341294 9.9973E-05 9.9973E-05
0.10412 0.189441 0.095068 0.611071 9.9973E-05 9.9973E-05 9.9973E-05
9.9973E-05 0.396518 9.9973E-05 0.426056 9.9973E-05 0.0693327 0.107794
9.9982E-05 9.9982E-05 0.180619 0.0462009 0.0567082 0.408635 0.307637
0.0847694 9.9991E-05 0.0769341 0.0356574 0.0091523 0.287387 0.506
0.155023 0.0759777 0.101516 0.0104789 0.0263917 9.9991E-05 0.630512
9.9973E-05 0.0440775 9.9973E-05 0.0911811 9.9973E-05 0.204707 0.659734
0.0783328 9.9964E-05 9.9964E-05 9.9964E-05 9.9964E-05 0.573906 0.347361
0.124422 0.0114278 0.0690143 9.9991E-05 0.0108851 0.185335 0.598815
9.9964E-05 0.0927193 0.149992 9.9964E-05 9.9964E-05 9.9964E-05 0.756889
0.202851 9.9982E-05 0.0543513 0.0477223 0.0187328 9.9982E-05 0.676143
0.0654242 0.102437 0.234082 0.00345706 9.9991E-05 0.188296 0.406204
0.926946 9.9964E-05 0.00806001 9.9964E-05 9.9964E-05 0.064594 9.9964E-05
0.897487 9.9973E-05 0.0949618 9.9973E-05 0.00612022 9.9973E-05 0.00113152
0.883307 9.9964E-05 0.11359 9.9964E-05 0.00270337 9.9964E-05 9.9964E-05
0.288646 0.110709 0.00473419 0.0310999 9.9991E-05 0.371873 0.192839
0.695511 9.9973E-05 9.9973E-05 0.0685226 0.0317104 9.9973E-05 0.203956
0.581188 0.15055 0.0728504 9.9982E-05 9.9982E-05 0.185366 0.00984498
0.141655 0.0892836 0.0184225 0.0237297 9.9991E-05 0.164698 0.562112
9.9973E-05 0.0715159 0.620467 9.9973E-05 9.9973E-05 0.303914 0.00380231
9.9973E-05 0.0705538 0.750945 9.9973E-05 9.9973E-05 0.124047 0.054154
0.0918911 9.9973E-05 0.733972 9.9973E-05 0.0321126 0.141725 9.9973E-05
0.0430769 9.9991E-05 0.566142 0.0414934 0.00658406 0.32517 0.0174336
9.9991E-05 0.0806261 0.53238 0.00979957 0.0160592 0.348383 0.0126527
0.161343 0.14597 0.00999221 0.05304 0.0075137 0.0341076 0.588033
9.9982E-05 0.0809509 0.0672691 9.9982E-05 0.0321602 0.0957595 0.72366
9.9964E-05 0.0891011 0.0347092 0.87579 9.9964E-05 9.9964E-05 9.9964E-05
0.0087201 0.0165508 0.121416 0.738842 0.0441901 9.9991E-05 0.0701809
0.0486675 9.9973E-05 0.0974407 0.822691 9.9973E-05 9.9973E-05 0.0309006
9.9973E-05 0.223567 0.113072 0.583673 9.9973E-05 9.9973E-05 0.0793888
0.124799 0.0139799 9.9982E-05 0.789991 0.031794 0.0392357 9.9982E-05
0.0220105 0.0191814 0.202767 0.751251 0.00458985 9.9982E-05 9.9982E-05
9.9973E-05 9.9973E-05 9.9973E-05 0.806724 0.0180386 0.082518 0.09242
9.9964E-05 0.0770996 9.9964E-05 0.756408 9.9964E-05 0.166093 9.9964E-05
9.9955E-05 9.9955E-05 9.9955E-05 0.75836 9.9955E-05 0.24114 9.9955E-05
9.9973E-05 0.063653 0.161648 0.771348 0.00305133 9.9973E-05 9.9973E-05
0.109937 0.0856592 0.0265859 0.741365 0.0362531 9.9982E-05 9.9982E-05
0.0751711 0.0612874 0.0671272 0.714083 0.0356439 0.00733185 0.0393558
0.0116239 0.0556458 0.0674643 0.723707 0.00733041 0.0388334 0.0953951
0.057683 9.9982E-05 9.9982E-05 0.815956 0.00773827 0.111238 0.00718441
9.9982E-05 0.0444614 0.0524856 0.7783 0.000429625 9.9982E-05 0.124124
9.9973E-05 9.9973E-05 9.9973E-05 0.841689 0.0228333 0.0156544 0.119523
9.9982E-05 9.9982E-05 0.0341308 0.787517 0.010434 0.113978 0.0537401
0.0640976 0.704557 0.0453064 0.0994453 0.00621591 9.9991E-05 0.0802778
0.103964 0.846235 0.0425746 9.9973E-05 9.9973E-05 9.9973E-05 0.00692553
9.9964E-05 0.149161 9.9964E-05 0.752674 9.9964E-05 9.9964E-05 0.0977643
9.9973E-05 9.9973E-05 0.086913 0.637992 0.00705942 9.9973E-05 0.267735
9.9982E-05 0.13827 0.0426922 0.789436 0.000680041 0.0287218 9.9982E-05
0.0495373 0.745365 9.9973E-05 0.0907496 9.9973E-05 9.9973E-05 0.114048
9.9973E-05 0.0201212 9.9973E-05 9.9973E-05 0.0278029 0.153185 0.798591
0.061349 9.9973E-05 9.9973E-05 9.9973E-05 0.0179688 0.381986 0.538396
9.9973E-05 0.163989 0.260617 9.9973E-05 9.9973E-05 0.311542 0.263553
0.115663 0.173545 0.445635 9.9982E-05 9.9982E-05 0.165778 0.0991788
9.995E-05 9.995E-05 9.995E-05 9.995E-05 9.995E-05 0.9994 9.995E-05
0.0718251 9.9964E-05 0.441259 9.9964E-05 9.9964E-05 0.486516 9.9964E-05
9.995E-05 9.995E-05 9.995E-05 9.995E-05 9.995E-05 0.9994 9.995E-05
0.186335 0.0191844 0.324011 9.9982E-05 0.0172221 0.453048 9.9982E-05
0.0137558 0.116126 0.334008 0.0266277 0.00242243 0.506961 9.9991E-05
0.0497577 9.9991E-05 0.648004 0.0608248 0.0291125 0.187422 0.0247787
9.9964E-05 0.109204 9.9964E-05 9.9964E-05 9.9964E-05 0.268651 0.621746
9.9982E-05 0.0860429 9.9982E-05 0.0212893 0.0272202 0.252417 0.61283
0.0554287 0.160593 9.9982E-05 0.0121398 0.0490707 9.9982E-05 0.722568
9.9973E-05 0.167441 9.9973E-05 0.0166094 0.00302155 9.9973E-05 0.812628
0.0782745 0.149071 0.0192225 9.9982E-05 0.0195366 9.9982E-05 0.733695
0.102335 0.307812 0.0348779 9.9982E-05 9.9982E-05 0.0158787 0.538897
0.471611 0.0525341 9.9973E-05 9.9973E-05 9.9973E-05 0.347168 0.128386
0.757245 9.9964E-05 9.9964E-05 0.0174035 9.9964E-05 0.224952 9.9964E-05
0.866537 0.0664757 9.9982E-05 9.9982E-05 0.0255857 0.0359679 0.00523349
0.718234 0.00291065 9.9982E-05 0.0363589 9.9982E-05 0.118968 0.123328
0.741479 9.9982E-05 9.9982E-05 0.0472207 0.0182257 0.129965 0.0629094
0.0289284 9.9982E-05 0.0408834 0.0318623 0.146217 0.751909 9.9982E-05
0.0581508 0.259217 9.9982E-05 0.664413 0.0170835 0.000935752 9.9982E-05
0.00101546 0.0553521 0.149229 0.74324 0.0509644 9.9982E-05 9.9982E-05
0.0351744 0.0454871 9.9982E-05 0.792215 0.0154625 0.111461 9.9982E-05
9.9982E-05 0.083448 0.0905893 0.662488 0.00300251 9.9982E-05 0.160272
9.9982E-05 9.9982E-05 0.046075 0.723901 0.0267208 0.108521 0.0945818
0.394364 0.0327259 0.301421 0.123803 0.0197755 9.9991E-05 0.127811
0.330453 0.0919672 0.0920912 9.9991E-05 0.0119922 0.234392 0.239004
0.749275 9.9973E-05 9.9973E-05 9.9973E-05 0.0402502 0.181449 0.0287254
0.271656 0.158278 0.224424 9.9991E-05 0.0427089 0.038661 0.264171
