9.9982E-05 0.373938 0.365398 0.153907 0.0972096 0.00934741 9.9982E-05
9.9982E-05 0.368394 0.418008 0.120945 0.0699968 9.9982E-05 0.0224556
0.326726 9.9964E-05 0.639809 9.9964E-05 9.9964E-05 9.9964E-05 0.0330654
0.0317903 0.0241199 0.696962 0.0274273 0.212584 9.9991E-05 0.00701652
0.0705664 9.9973E-05 0.844994 9.9973E-05 9.9973E-05 0.0586397 0.0255
0.121523 0.0972089 0.7034 9.9982E-05 0.0150775 0.0625905 9.9982E-05
0.0506951 0.144454 0.627426 0.0394342 0.13779 9.9982E-05 9.9982E-05
9.9982E-05 0.277977 0.53371 0.0591212 0.0799511 9.9982E-05 0.049041
0.135841 0.68979 0.0582443 0.048513 9.9982E-05 0.0674111 9.9982E-05
0.285065 0.323155 0.147849 0.0360763 0.144584 0.0202288 0.043041
0.013805 0.310258 0.151458 0.0499924 0.380577 0.0570525 0.0368567
0.279636 0.513276 0.086873 9.9982E-05 0.0955073 9.9982E-05 0.0245088
0.11151 0.15757 9.9973E-05 9.9973E-05 0.707923 9.9973E-05 0.022697
0.16713 0.6609 9.9982E-05 0.0596331 0.0412942 0.0708426 9.9982E-05
0.0826535 0.431437 0.255412 0.130557 9.9991E-05 0.0536427 0.0461978
9.9982E-05 0.654724 0.078526 0.122048 0.139719 9.9982E-05 0.00478237
0.0619045 0.490414 0.24132 0.205429 0.000732743 9.9982E-05 9.9982E-05
0.0360943 0.242314 0.649335 0.0482869 9.9982E-05 9.9982E-05 0.0237702
0.241837 0.110954 9.9991E-05 0.343563 0.126783 0.122192 0.0545714
0.496659 0.121688 9.9973E-05 0.265051 0.116302 9.9973E-05 9.9973E-05
0.0566354 0.156882 0.0744547 0.674428 0.0361787 9.9991E-05 0.00132095
0.0925723 9.9982E-05 9.9982E-05 0.759697 0.138448 0.000980913 0.00810191
9.9964E-05 0.0156463 9.9964E-05 0.953014 9.9964E-05 9.9964E-05 0.0309394
0.199154 0.0950967 0.000904226 0.678769 9.9982E-05 9.9982E-05 0.0258757
0.0993561 0.105279 0.117467 0.644254 0.0334433 9.9982E-05 9.9982E-05
0.125107 9.9973E-05 0.0880364 0.771337 9.9973E-05 9.9973E-05 0.0152199
0.466102 9.9973E-05 9.9973E-05 0.455877 9.9973E-05 0.027476 0.0502445
9.9973E-05 0.0549721 9.9973E-05 0.86397 9.9973E-05 0.0548376 0.0259201
0.347652 9.9973E-05 0.0368695 0.610747 9.9973E-05 0.00443166 9.9973E-05
0.260877 9.9982E-05 0.0323344 0.65532 9.9982E-05 0.0508778 0.00039147
0.196746 0.0223836 9.9973E-05 0.757508 9.9973E-05 0.0230628 9.9973E-05
0.084757 0.0527941 9.9991E-05 0.768342 0.00755498 0.0534541 0.0329982
9.9964E-05 0.055495 9.9964E-05 0.892129 9.9964E-05 9.9964E-05 0.0519766
0.223447 0.194882 0.329657 0.00945187 0.160796 9.9991E-05 0.0816655
0.185867 0.287642 0.369766 0.126896 9.9982E-05 0.02963 9.9982E-05
0.274968 9.9964E-05 0.682272 9.9964E-05 9.9964E-05 0.0423599 9.9964E-05
0.239103 9.9973E-05 0.627951 9.9973E-05 0.117315 9.9973E-05 0.0153298
0.177589 0.140157 0.359766 0.0778258 0.191079 0.0458438 0.00773948
9.995E-05 9.995E-05 9.995E-05 9.995E-05 9.995E-05 9.995E-05 0.9994
0.368204 9.9973E-05 9.9973E-05 0.481803 0.12833 9.9973E-05 0.021364
0.0550129 0.0324976 0.675912 0.146651 9.9991E-05 0.0832219 0.00660415
0.132244 0.241454 0.371823 0.0989532 0.155326 9.9982E-05 9.9982E-05
9.9982E-05 0.317106 0.00226054 0.320223 0.293937 0.0662733 9.9982E-05
9.9982E-05 0.204494 9.9982E-05 0.0777254 0.598937 0.0855104 0.0331332
0.121916 9.9964E-05 0.0280287 9.9964E-05 0.849656 9.9964E-05 9.9964E-05
9.995E-05 9.995E-05 9.995E-05 9.995E-05 9.995E-05 9.995E-05 0.9994
0.210104 0.226983 0.215094 0.108474 0.171462 9.9991E-05 0.0677833
0.20136 0.168392 0.173465 9.9982E-05 0.395662 0.0609205 9.9982E-05
0.327234 0.200872 0.120284 0.0971314 0.12625 0.0941462 0.0340825
0.0981933 0.0606344 9.9982E-05 9.9982E-05 0.150717 0.668712 0.0215428
9.9982E-05 0.0632274 9.9982E-05 0.0450576 0.112912 0.748738 0.0298651
0.0141776 0.0851768 0.0672236 0.0571783 9.9982E-05 0.776044 9.9982E-05
0.0693529 9.9982E-05 0.0578919 9.9982E-05 0.189962 0.641415 0.0411778
0.154701 9.9973E-05 0.0213796 9.9973E-05 9.9973E-05 0.777097 0.0465226
0.0524403 0.0557852 0.0738986 0.00267942 9.9982E-05 0.814997 9.9982E-05
9.9955E-05 0.320145 9.9955E-05 9.9955E-05 9.9955E-05 0.679355 9.9955E-05
9.9964E-05 0.224075 9.9964E-05 0.0146302 9.9964E-05 0.760895 9.9964E-05
9.9964E-05 9.9964E-05 9.9964E-05 0.175321 9.9964E-05 0.796241 0.0280384
9.9991E-05 0.0535934 0.0909101 0.0129017 0.0436001 0.755199 0.0436953
0.0804632 9.9982E-05 0.0800235 9.9982E-05 0.293219 0.534866 0.0112278
9.9964E-05 9.9964E-05 9.9964E-05 0.123252 0.134497 0.741851 9.9964E-05
0.121986 0.00271449 0.0662513 9.9982E-05 0.125929 0.68292 9.9982E-05
0.0411923 0.0611976 9.9991E-05 0.00743074 0.55795 0.266519 0.0656103
0.0980219 0.0349759 0.116716 0.690967 9.9991E-05 0.0363541 0.0228657
0.101005 0.191868 9.9982E-05 0.623785 0.0522057 9.9982E-05 0.0309365
0.267818 9.9973E-05 0.0949872 0.625801 9.9973E-05 9.9973E-05 0.0110934
0.117143 0.0728349 0.0895736 9.9991E-05 0.0645181 0.648919 0.00691116
0.0984685 9.9973E-05 9.9973E-05 9.9973E-05 0.396671 0.44609 0.058471
9.9991E-05 0.106277 0.0108223 0.0769697 0.123075 0.66351 0.0192459
0.0188072 0.00846096 9.9991E-05 0.031214 0.238319 0.635311 0.0677879
0.0398649 9.9973E-05 0.135595 9.9973E-05 9.9973E-05 0.777169 0.0470711
9.9973E-05 0.346931 0.00540897 9.9973E-05 0.520312 0.127048 9.9973E-05
0.0132127 0.282716 9.9973E-05 9.9973E-05 0.665256 0.0385153 9.9973E-05
0.0299243 0.107974 0.0355952 9.9982E-05 0.770599 0.0557078 9.9982E-05
9.9973E-05 0.0183407 9.9973E-05 0.0187975 0.952652 9.9973E-05 0.0099102
0.0117327 9.9973E-05 9.9973E-05 0.124787 0.828813 9.9973E-05 0.0343676
0.130489 9.9964E-05 9.9964E-05 9.9964E-05 0.849411 9.9964E-05 0.0197
0.036264 9.9991E-05 0.11681 0.134168 0.670228 0.0330348 0.00939554
9.9973E-05 0.178073 0.0225726 9.9973E-05 0.187842 0.611213 9.9973E-05
0.0293852 0.0623641 0.0524182 9.9991E-05 0.360958 0.375505 0.119269
0.121604 9.9991E-05 0.00853995 0.0062945 0.135542 0.701919 0.0260003
0.120779 0.033871 9.9982E-05 9.9982E-05 0.0377697 0.756305 0.0510755
9.9964E-05 0.294303 9.9964E-05 9.9964E-05 9.9964E-05 0.67116 0.0341375
0.88295 0.00904928 9.9982E-05 0.0678938 0.0254415 9.9982E-05 0.014466
9.9982E-05 0.0533607 0.0199508 0.246334 0.385654 0.294501 9.9982E-05
9.9973E-05 0.0675564 9.9973E-05 0.101897 0.745767 0.0844789 9.9973E-05
9.995E-05 9.995E-05 9.995E-05 9.995E-05 9.995E-05 9.995E-05 0.9994
0.0793355 0.0244179 0.573958 0.193124 0.128965 9.9982E-05 9.9982E-05
0.137677 0.201544 0.517581 0.0602321 0.0465897 9.9991E-05 0.0362768
0.166114 0.475651 0.106591 0.0635222 0.147646 9.9991E-05 0.0403761
0.134198 0.554696 9.9991E-05 0.0822401 0.0968131 0.0801088 0.0518445
0.184888 0.263696 0.506557 9.9973E-05 9.9973E-05 0.0445596 9.9973E-05
9.9973E-05 9.9973E-05 0.0350536 0.1071 0.755519 0.102028 9.9973E-05
0.609743 9.9982E-05 0.160208 0.108688 0.0861973 9.9982E-05 0.0349632
9.9973E-05 9.9973E-05 0.12376 9.9973E-05 0.686735 0.111315 0.0778903
9.9973E-05 9.9973E-05 0.253619 0.323235 0.396872 9.9973E-05 0.0259737
9.9973E-05 0.706869 0.15538 0.13239 9.9973E-05 9.9973E-05 0.00506116
9.9973E-05 0.0238572 0.647879 0.161182 0.166782 9.9973E-05 9.9973E-05
0.0383431 0.426151 0.209385 0.134486 0.191435 9.9982E-05 9.9982E-05
0.0163296 0.853934 9.9973E-05 9.9973E-05 0.12379 9.9973E-05 0.0056471
9.9964E-05 9.9964E-05 0.630636 0.0454088 0.323556 9.9964E-05 9.9964E-05
0.0637934 0.935707 9.9955E-05 9.9955E-05 9.9955E-05 9.9955E-05 9.9955E-05
0.0530215 9.9991E-05 0.127283 0.00736893 0.602131 0.197529 0.0125657
0.285892 0.0363776 9.9982E-05 9.9982E-05 0.529027 0.112782 0.0357213
9.9991E-05 0.0337186 0.0485884 0.0193069 0.668372 0.155768 0.0741464
0.223951 0.0633781 0.0923523 0.113298 0.497759 9.9991E-05 0.00916138
0.123663 0.249871 9.9982E-05 0.132707 0.412079 0.0814798 9.9982E-05
0.150172 0.218873 0.243817 0.342071 9.9982E-05 0.044867 9.9982E-05
0.0206288 9.9982E-05 0.177588 0.039894 9.9982E-05 0.739558 0.0221312
9.9991E-05 0.0655176 0.00423996 0.0381454 0.179308 0.687878 0.0248118
0.267368 9.9973E-05 0.049347 9.9973E-05 0.550765 0.13222 9.9973E-05
0.23043 0.188353 9.9982E-05 9.9982E-05 0.43076 0.137022 0.0132352
9.9982E-05 9.9982E-05 0.0974748 0.320948 0.454949 0.0868201 0.0396088
0.284711 9.9964E-05 9.9964E-05 0.514429 0.20046 9.9964E-05 9.9964E-05
0.00724556 9.9982E-05 9.9982E-05 0.0255342 0.348407 0.574527 0.0440865
9.9973E-05 0.0876568 9.9973E-05 0.0972833 0.170894 0.643866 9.9973E-05
0.035513 0.0427614 0.118795 9.9982E-05 0.368269 0.434461 9.9982E-05
0.544565 9.9982E-05 0.322179 0.0657345 9.9982E-05 0.016028 0.051294
0.169391 0.39669 0.299136 0.110569 9.9982E-05 0.0240143 9.9982E-05
9.9991E-05 0.230302 0.487914 0.0989244 0.137528 0.0102523 0.0349788
9.9973E-05 0.23405 0.572647 0.0986298 9.9973E-05 0.0943733 9.9973E-05
0.47845 0.189665 0.331485 9.9964E-05 9.9964E-05 9.9964E-05 9.9964E-05
0.135962 0.0223232 0.625718 0.134881 0.077435 0.00214185 0.00153933
9.9982E-05 0.0504527 0.70459 0.194142 0.0226436 0.0279716 9.9982E-05
9.9973E-05 0.176225 0.725931 0.0613857 9.9973E-05 0.0361578 9.9973E-05
0.0272024 0.0975768 0.374565 0.409022 0.0874997 0.00403449 9.9991E-05
0.00610374 0.894728 0.0506053 0.0426586 9.9982E-05 9.9982E-05 0.00570411
9.9973E-05 0.783343 9.9973E-05 0.193806 0.00918321 9.9973E-05 0.0133683
9.9973E-05 0.61292 0.159936 0.214138 9.9973E-05 9.9973E-05 0.0127065
0.435148 0.219877 0.254901 9.9973E-05 9.9973E-05 0.0897735 9.9973E-05
9.9982E-05 0.663931 0.192256 0.0710448 9.9982E-05 0.0466996 0.0258687
0.279322 0.58852 9.9982E-05 9.9982E-05 0.10761 0.0108111 0.0135363
0.0801715 0.266566 0.495677 0.0478313 0.109555 9.9982E-05 9.9982E-05
0.220783 9.9964E-05 9.9964E-05 0.662045 0.116772 9.9964E-05 9.9964E-05
0.285366 9.9964E-05 0.0188212 0.695413 9.9964E-05 9.9964E-05 9.9964E-05
0.0366236 0.0433484 9.9973E-05 0.89615 9.9973E-05 9.9973E-05 0.0235778
0.20243 0.0846648 0.0359237 0.619253 9.9982E-05 0.0575288 9.9982E-05
0.225789 9.9991E-05 0.102819 0.578242 0.0689814 0.0144404 0.00962878
0.00701153 0.23371 0.487854 0.0236324 0.214324 0.0311611 0.00230699
0.0631533 9.9982E-05 0.709014 0.121565 0.0753914 9.9982E-05 0.0306763
0.0438765 9.9964E-05 9.9964E-05 9.9964E-05 0.103045 0.852678 9.9964E-05
9.9973E-05 0.108755 9.9973E-05 0.0738865 9.9973E-05 0.771286 0.0457722
9.9982E-05 0.0416957 0.0669925 0.0690763 9.9982E-05 0.816062 0.00597357
9.9991E-05 0.0611765 0.0225852 0.0971262 0.22439 0.593456 0.00116624
9.9982E-05 0.0691453 0.0582424 9.9982E-05 0.0383427 0.817381 0.0166885
0.0392762 0.0132118 9.9982E-05 0.180719 0.0288388 0.737754 9.9982E-05
9.9982E-05 0.00259416 0.0809725 9.9982E-05 0.0321286 0.853581 0.0305237
0.183232 9.9973E-05 0.0283876 9.9973E-05 0.0136498 0.774431 9.9973E-05
0.204527 9.9964E-05 9.9964E-05 9.9964E-05 0.005693 0.78938 9.9964E-05
9.9973E-05 0.000447635 9.9973E-05 0.154163 0.0871457 0.757944 9.9973E-05
9.9982E-05 9.9982E-05 0.0840285 0.0428738 0.111581 0.724597 0.0367205
9.9982E-05 0.183777 9.9982E-05 0.0251967 0.0633418 0.704415 0.0230695
0.147495 9.9973E-05 0.0977077 9.9973E-05 0.0388984 0.715599 9.9973E-05
0.142853 9.9982E-05 0.0385482 9.9982E-05 0.0214953 0.784441 0.0124628
9.9973E-05 9.9973E-05 0.0554519 0.0733991 0.136129 0.73472 9.9973E-05
9.9964E-05 9.9964E-05 0.151001 9.9964E-05 9.9964E-05 0.815714 0.0328855
0.023676 9.9982E-05 0.0568972 0.0889496 9.9982E-05 0.81398 0.0162974
9.9982E-05 0.00579754 0.0800895 0.0765384 0.733488 0.103886 9.9982E-05
0.104247 0.0530143 0.0398077 9.9973E-05 0.802631 9.9973E-05 9.9973E-05
9.9964E-05 9.9964E-05 0.170452 9.9964E-05 0.00884662 0.820301 9.9964E-05
9.9991E-05 0.0385877 0.198674 0.080944 0.0323693 0.642553 0.00677241
9.9973E-05 9.9973E-05 9.9973E-05 0.06627 0.202392 0.728048 0.00299067
9.9982E-05 0.111563 0.152175 9.9982E-05 0.630773 0.102478 0.0028114
9.9982E-05 0.0691556 0.798607 0.0603094 0.0583117 9.9982E-05 0.0134162
0.282651 0.397623 0.307771 9.9973E-05 9.9973E-05 9.9973E-05 0.0116554
0.336162 9.9973E-05 0.265287 0.25557 0.14268 9.9973E-05 9.9973E-05
0.323487 0.322956 9.9973E-05 0.328014 0.0252425 9.9973E-05 9.9973E-05
0.9994 9.995E-05 9.995E-05 9.995E-05 9.995E-05 9.995E-05 9.995E-05
0.67428 9.9973E-05 9.9973E-05 0.301171 0.0121207 0.0121282 9.9973E-05
0.9994 9.995E-05 9.995E-05 9.995E-05 9.995E-05 9.995E-05 9.995E-05
0.641075 0.126123 9.9973E-05 0.220509 9.9973E-05 9.9973E-05 0.0119937
0.51743 0.0772188 9.9991E-05 0.302611 0.0390546 0.0356737 0.0279119
0.299741 9.9982E-05 0.0796236 0.553945 9.9982E-05 0.0244349 0.0420558
0.137477 0.0100851 0.749934 0.00179066 0.0681575 0.0324554 9.9991E-05
0.272024 9.9973E-05 0.605791 9.9973E-05 0.0827985 9.9973E-05 0.0390862
9.9991E-05 0.0359958 0.757297 0.0448826 0.0973956 0.0227502 0.0415787
9.99641E-05 9.99641E-05 0.839279 9.99641E-05 0.152878 9.99641E-05 0.00744264
9.9982E-05 0.140171 0.747695 0.00477791 0.0908411 9.9982E-05 0.0163148
9.9991E-05 0.123274 0.552444 0.0448176 0.242247 0.0360632 0.00105412
0.291565 0.637331 0.0220129 9.9973E-05 0.0487907 9.9973E-05 9.9973E-05
0.169286 0.637047 9.9982E-05 0.0819782 0.0714633 0.0400257 9.9982E-05
0.045057 0.886358 9.9973E-05 9.9973E-05 0.0305792 9.9973E-05 0.0377062
0.302125 0.60393 0.00348371 9.9982E-05 0.0636452 0.0266162 9.9982E-05
0.144312 0.68433 0.114936 9.9982E-05 9.9982E-05 0.0333253 0.0228965
0.797019 0.0171562 9.9982E-05 0.0535165 9.9982E-05 0.0303275 0.101781
0.0761168 0.0354771 9.9991E-05 0.0142407 0.178807 0.682655 0.0126034
9.9973E-05 9.9973E-05 9.9973E-05 0.144854 0.089146 0.730569 0.0351314
0.0772923 0.0722083 9.9973E-05 9.9973E-05 0.0434438 0.806756 9.9973E-05
9.9982E-05 9.9982E-05 0.155272 0.0875231 0.0767942 0.653012 0.0271986
0.0864745 9.9982E-05 0.127446 0.0384361 9.9982E-05 0.730806 0.0166375
9.9991E-05 0.349041 0.134005 0.274966 0.123927 0.0929144 0.0250472
0.232793 0.476296 0.174393 0.0902925 9.9982E-05 9.9982E-05 0.0260249
0.0804715 0.873861 0.000957333 9.9973E-05 9.9973E-05 9.9973E-05 0.04441
0.100849 0.174639 0.298753 0.209033 0.171039 9.9991E-05 0.0455873
