0.0170084 0.820543 0.162449
9.999E-05 0.903669 0.0962313
0.00992958 0.741851 0.24822
0.0434084 0.952915 0.00367696
0.0258151 0.964315 0.00986963
0.00982041 0.99008 9.9991E-05
0.0617947 0.881815 0.0563899
9.999E-05 0.95508 0.0448198
0.0520977 0.705122 0.24278
0.0187932 0.738543 0.242664
0.181901 0.677206 0.140893
0.0517974 0.668819 0.279384
0.329112 0.578286 0.0926017
0.0974858 0.659603 0.242912
0.069468 0.685601 0.244931
9.9991E-05 0.867591 0.132309
0.0113817 0.739905 0.248713
9.9991E-05 0.872423 0.127477
0.218845 0.172672 0.608483
0.0108306 0.304149 0.68502
9.9991E-05 0.227762 0.772138
0.0649795 0.0730131 0.862007
0.0277042 9.9991E-05 0.972196
0.0177173 0.139565 0.842717
9.9991E-05 0.300486 0.699414
9.9991E-05 0.0849163 0.914984
0.0662834 9.9991E-05 0.933617
0.043537 9.9991E-05 0.956363
9.9991E-05 0.00198845 0.997912
0.0694976 0.0282877 0.902215
0.0285746 9.9991E-05 0.971325
0.0270805 0.0802833 0.892636
0.027402 0.0368943 0.935704
0.0529619 0.722043 0.224995
0.000983693 0.731561 0.267455
0.0776513 0.849272 0.0730762
0.0192997 0.910812 0.0698887
0.142355 0.662415 0.19523
0.355162 9.9991E-05 0.644738
0.0386624 0.125131 0.836206
0.100001 0.714359 0.185639
9.9991E-05 0.841049 0.158851
0.193302 0.522884 0.283814
0.340929 0.52361 0.13546
0.303754 0.679676 0.0165695
0.360094 9.9991E-05 0.639806
0.100543 0.617927 0.28153
0.206223 0.619778 0.173999
0.113537 0.473953 0.412511
0.849825 0.123808 0.0263679
0.916389 0.0377352 0.0458755
0.860849 0.122858 0.0162939
0.84987 0.0888036 0.0613268
0.905473 9.9991E-05 0.0944272
0.905889 9.9991E-05 0.0940109
0.80025 0.19965 9.9991E-05
0.91302 0.026213 0.0607669
0.917903 9.9991E-05 0.081997
0.899557 0.100343 9.9991E-05
0.738926 0.260974 9.9991E-05
0.922524 9.9991E-05 0.0773755
0.79694 0.15611 0.0469498
0.579744 0.343104 0.0771521
0.0201713 0.144217 0.835612
0.0234332 0.156419 0.820148
9.9991E-05 0.137763 0.862137
0.819519 0.124999 0.0554822
0.715014 0.241389 0.0435968
0.826358 0.0784351 0.0952068
0.887996 0.0158182 0.0961858
0.89325 9.9991E-05 0.10665
0.347581 0.652319 9.9991E-05
0.321623 0.650704 0.0276732
0.338989 0.660912 9.9991E-05
0.314947 0.684953 9.9991E-05
0.28698 0.488132 0.224888
0.365326 0.631661 0.00301345
0.286728 0.561122 0.15215
0.745754 0.254146 9.9991E-05
0.58614 0.255774 0.158086
0.869335 9.9991E-05 0.130565
0.847188 9.9991E-05 0.152712
0.844564 0.155336 9.9991E-05
0.0521906 0.212219 0.73559
0.460711 0.441909 0.09738
0.389488 0.610412 9.9991E-05
0.384229 9.9991E-05 0.615671
9.9991E-05 0.770929 0.228971
9.9991E-05 0.862283 0.137617
0.0806626 0.694957 0.22438
0.115642 0.582677 0.301681
0.0363097 0.903223 0.0604671
0.442324 0.501542 0.056134
0.0770525 0.298475 0.624473
0.479075 0.494659 0.0262657
0.182 0.492899 0.325101
9.9991E-05 0.747798 0.252102
0.0498667 0.87703 0.0731035
0.00707006 0.829444 0.163486
0.100777 0.822723 0.0765006
0.042217 0.894407 0.063376
9.9991E-05 0.955784 0.0441161
0.460116 0.472849 0.0670353
0.374473 0.534411 0.0911159
0.447335 0.457369 0.0952967
0.126113 0.598358 0.275529
0.243055 0.681644 0.0753002
0.0234906 0.506824 0.469685
0.838153 0.144314 0.0175332
0.871725 0.101791 0.0264845
0.388893 0.439208 0.171899
0.339541 0.471287 0.189172
0.342515 0.349359 0.308126
0.0208391 0.162176 0.816985
0.82045 0.0839142 0.095636
0.819913 0.159735 0.0203518
0.633961 0.365939 9.9991E-05
0.0561811 0.389654 0.554165
0.0391869 0.650303 0.31051
0.0381709 0.855194 0.106635
0.0696963 0.835024 0.0952795
9.9991E-05 0.626912 0.372988
9.9991E-05 0.816928 0.182972
0.00251978 0.833594 0.163886
0.00450633 0.936861 0.0586331
0.0197783 0.540795 0.439426
9.9991E-05 0.833962 0.165938
9.9991E-05 0.749589 0.250311
9.9991E-05 0.898949 0.100951
0.112763 0.594595 0.292642
0.0440675 0.86905 0.086883
0.0588701 0.65771 0.28342
0.000924399 0.863925 0.135151
0.011337 0.121006 0.867657
9.9991E-05 0.0907347 0.909165
9.999E-05 9.999E-05 0.9998
0.0574492 0.118401 0.82415
0.0489728 0.0646673 0.88636
0.0914212 0.908479 9.9991E-05
9.9991E-05 0.837962 0.161938
0.9998 9.999E-05 9.999E-05
0.887138 0.0703025 0.0425592
0.915597 0.0364664 0.047937
0.756672 0.19908 0.0442472
0.948217 0.0516828 9.9991E-05
0.85581 9.9991E-05 0.14409
0.987146 0.0127536 9.9991E-05
0.923523 9.9991E-05 0.0763769
0.904171 9.9991E-05 0.0957295
0.931308 9.9991E-05 0.0685917
0.910477 0.0774417 0.0120814
0.859355 0.0645374 0.0761077
0.843778 0.0328389 0.123383
0.943588 9.9991E-05 0.0563125
0.939259 0.0606412 9.9991E-05
0.972714 0.027186 9.9991E-05
0.919607 9.9991E-05 0.0802931
0.391305 0.545628 0.0630666
0.222269 0.747335 0.0303966
0.92977 0.0701297 9.9991E-05
0.748699 0.251201 9.9991E-05
0.983282 9.9991E-05 0.0166178
0.343425 0.656475 9.9991E-05
9.999E-05 0.9998 9.999E-05
9.9991E-05 0.709096 0.290804
0.0287007 0.510252 0.461047
0.00758885 0.316509 0.675902
0.0603676 0.108872 0.830761
0.0345459 0.115137 0.850317
9.9991E-05 0.1999 0.8
0.0271212 0.185676 0.787203
0.127644 0.087336 0.78502
0.0849624 0.0820777 0.83296
9.9991E-05 0.879151 0.120749
0.0434299 0.79886 0.15771
0.0873064 0.912594 9.9991E-05
0.0416017 0.958298 9.9991E-05
0.0154333 0.977627 0.00694013
0.0801161 0.909846 0.0100383
0.0172746 0.795708 0.187017
0.0594148 0.697312 0.243273
0.0625843 0.798622 0.138794
0.0555212 0.696722 0.247757
0.0568402 0.790104 0.153056
0.110924 0.0890849 0.799991
0.837205 0.078595 0.0842004
0.870133 9.9991E-05 0.129767
0.971445 9.9991E-05 0.0284547
0.818079 0.160218 0.0217032
0.867276 0.018427 0.114297
0.188849 0.491705 0.319446
0.0197065 0.639959 0.340335
9.9991E-05 0.749733 0.250167
0.00219117 0.644913 0.352896
