0.0214132 0.70547 0.134385 0.0314636 0.107268
9.999E-05 0.809075 0.059936 0.026395 0.104494
0.0442579 0.720569 0.166375 0.0420428 0.0267552
9.999E-05 0.748284 0.00881986 0.00850564 0.23429
0.0676205 0.93208 9.9973E-05 9.9973E-05 9.9973E-05
0.0557418 0.851761 9.9991E-05 0.00304273 0.0893543
0.0394103 0.806387 0.0717275 9.9991E-05 0.0823754
9.9982E-05 0.816978 9.9982E-05 0.0470886 0.135733
0.0963521 0.649862 0.17764 9.9991E-05 0.0760456
9.999E-05 0.479878 0.18982 0.0237473 0.306455
9.999E-05 0.189297 0.135991 0.0505243 0.624088
0.034651 0.540243 0.257457 0.0175375 0.150111
0.00277418 0.0127642 0.056671 0.0642039 0.863587
0.114779 0.459981 0.212951 9.9991E-05 0.212188
0.0998315 0.682349 0.19925 0.0184694 9.9991E-05
9.9982E-05 0.628845 0.0766382 9.9982E-05 0.294317
0.0450202 0.696162 0.249974 0.00874394 9.9991E-05
9.9982E-05 0.829048 0.115188 0.0555636 9.9982E-05
0.114773 0.0913439 0.567036 0.0647508 0.162096
9.9982E-05 0.141507 0.707803 9.9982E-05 0.15049
0.00240781 0.282982 0.684362 9.9991E-05 0.0301479
0.031737 9.9991E-05 0.802944 0.0171148 0.148104
9.9982E-05 9.9982E-05 0.851657 0.0555631 0.0925796
0.0095928 0.19183 0.770491 0.0279858 9.9991E-05
9.9982E-05 0.172567 0.708742 9.9982E-05 0.118491
9.9991E-05 0.0538319 0.918802 0.0119074 0.0153592
0.0487183 9.9982E-05 0.912763 0.0383185 9.9982E-05
0.0529218 9.9991E-05 0.889105 0.0300313 0.0278418
0.0174921 0.029488 0.95282 9.9982E-05 9.9982E-05
0.0686046 9.9982E-05 0.87028 9.9982E-05 0.0609151
0.0443071 9.9991E-05 0.926952 0.0133297 0.0153112
0.0391072 0.0714969 0.855635 0.0336607 9.9991E-05
9.9991E-05 0.0399425 0.793565 0.0482645 0.118128
9.9991E-05 0.481242 0.141627 0.0535615 0.32347
0.0574123 0.636138 0.297228 0.00912192 9.9991E-05
0.112314 0.777632 0.106894 0.00306053 9.9991E-05
9.9991E-05 0.701089 0.026239 0.0467636 0.225808
0.0779685 0.511288 0.126165 0.0065877 0.277991
9.997E-05 9.997E-05 9.997E-05 0.9996 9.997E-05
0.027753 0.026069 0.77656 0.0283487 0.141269
0.152607 0.721931 0.125014 0.000347529 9.9991E-05
9.9982E-05 0.635105 0.137432 9.9982E-05 0.227263
0.131454 0.257751 0.299017 0.0036197 0.308157
0.0701539 0.118106 0.0488638 0.0781257 0.684751
0.0265774 9.9991E-05 0.0239783 0.00267637 0.946668
9.997E-05 9.997E-05 9.997E-05 0.9996 9.997E-05
0.0347341 0.374766 0.185741 0.072975 0.331783
0.0825387 0.306836 0.138015 9.9991E-05 0.47251
0.121811 0.304049 0.349697 0.0141646 0.210279
0.741767 0.014445 0.0651857 0.0293514 0.149251
0.793206 9.9991E-05 0.0449631 0.0203353 0.141396
0.813946 0.159032 9.9982E-05 9.9982E-05 0.0268218
0.700953 9.9982E-05 9.9982E-05 0.0614559 0.237391
0.881274 0.0500994 0.0392377 0.0292892 9.9991E-05
0.877672 0.0317326 0.0903957 9.9982E-05 9.9982E-05
0.745383 0.220367 9.9982E-05 9.9982E-05 0.0340503
0.793635 0.0744969 0.0250804 0.0216025 0.0851856
0.899167 9.9982E-05 0.0736419 0.0269916 9.9982E-05
0.818071 0.100779 9.9991E-05 0.0488557 0.0321938
0.649964 0.130722 9.9991E-05 0.0364014 0.182812
0.853819 9.9982E-05 0.0759532 9.9982E-05 0.0700277
0.747163 0.0419023 0.105646 9.9991E-05 0.105189
0.292846 9.9982E-05 9.9982E-05 0.0784151 0.628539
0.0944629 0.148077 0.734886 0.0224736 9.9991E-05
9.9991E-05 0.0542359 0.761697 0.0316456 0.152322
9.9982E-05 0.158654 0.831611 0.00953561 9.9982E-05
0.689273 0.0582513 0.0430986 0.00526016 0.204117
0.55284 0.0200834 9.9991E-05 0.0780509 0.348926
0.694605 0.0320141 0.0556132 0.0335104 0.184257
0.699943 9.9982E-05 9.9982E-05 0.0531554 0.246702
0.840267 0.107696 9.9982E-05 0.0518371 9.9982E-05
0.15861 0.158939 9.9991E-05 0.0062326 0.676118
0.0669907 0.100779 9.9991E-05 0.0229893 0.809141
0.109472 0.0323077 9.9982E-05 9.9982E-05 0.858021
9.9973E-05 9.9973E-05 9.9973E-05 0.044452 0.955248
0.00726271 9.9991E-05 0.130377 0.0399225 0.822338
9.9973E-05 9.9973E-05 9.9973E-05 0.0231063 0.976594
0.0453207 9.9991E-05 0.113772 0.020222 0.820585
0.635412 9.99731E-05 9.99731E-05 9.99731E-05 0.364288
0.442771 0.0391922 0.00960226 0.174296 0.334139
0.75785 9.9991E-05 0.0825833 0.0302959 0.129171
0.775947 9.9991E-05 0.12103 0.0694939 0.0334295
0.749696 0.193072 9.9991E-05 0.0256563 0.0314761
0.00650554 0.00988269 0.733069 0.0115617 0.238981
0.29202 0.00707218 0.169751 9.9991E-05 0.531056
0.101702 9.9973E-05 9.9973E-05 9.9973E-05 0.897998
9.997E-05 9.997E-05 9.997E-05 0.9996 9.997E-05
0.00618527 0.720742 0.155995 9.9991E-05 0.116978
9.9991E-05 0.710303 0.152556 0.0235165 0.113525
0.0217702 0.5563 0.164907 0.0535714 0.203451
0.0406993 0.309041 0.264974 0.0501226 0.335163
0.0990182 0.781645 0.0160177 9.9991E-05 0.10322
0.190803 9.9982E-05 0.0301004 9.9982E-05 0.778896
0.0389829 0.15127 0.559443 0.0473916 0.202913
0.167235 0.0711 9.9991E-05 0.0899974 0.671568
0.0387684 0.24642 0.319031 0.02493 0.370851
9.9982E-05 0.76679 0.169147 9.9982E-05 0.0638634
9.9982E-05 0.596925 0.0391302 9.9982E-05 0.363745
9.9982E-05 0.570349 0.171995 9.9982E-05 0.257456
0.0549207 0.580951 0.0314286 0.0126035 0.320096
9.9982E-05 0.585069 9.9982E-05 0.0229549 0.391776
9.9982E-05 0.594185 0.106674 9.9982E-05 0.298942
0.20471 0.0120316 0.0563901 0.0211707 0.705698
0.230824 0.135586 0.11841 0.0711553 0.444026
0.182768 0.0369368 9.9991E-05 0.074767 0.705428
9.9982E-05 0.0997374 0.241888 9.9982E-05 0.658174
0.0871896 0.288612 0.13757 9.9991E-05 0.486528
0.0787711 0.453925 0.467104 9.9982E-05 9.9982E-05
0.78127 0.19506 9.9982E-05 0.0234701 9.9982E-05
0.726426 0.0279444 0.016155 0.0361605 0.193314
0.172884 0.0620033 0.177552 9.9991E-05 0.58746
0.164505 0.190289 0.0931453 0.0258427 0.526217
0.188363 0.0637816 0.280847 0.0624036 0.404605
9.9973E-05 9.9973E-05 0.754363 9.9973E-05 0.245338
0.662906 9.9991E-05 0.0528518 0.0575362 0.226606
0.683472 0.0185978 0.0267132 9.9991E-05 0.271117
0.511262 0.11763 9.9982E-05 9.9982E-05 0.370908
0.0855668 0.329931 0.523875 0.0516634 0.00896448
0.0645194 0.702056 0.227626 0.00569943 9.9991E-05
0.0264745 0.719778 0.0166335 0.0193727 0.217741
0.154118 0.834372 0.01131 9.9982E-05 9.9982E-05
9.9982E-05 0.596079 0.368412 9.9982E-05 0.0353084
0.0309968 0.703528 0.138541 0.0114676 0.115466
0.0608763 0.78502 0.153903 9.9982E-05 9.9982E-05
0.105182 0.894519 9.9973E-05 9.9973E-05 9.9973E-05
9.9982E-05 0.377391 0.445601 9.9982E-05 0.176808
9.9982E-05 0.707002 0.10227 9.9982E-05 0.190528
9.9991E-05 0.588213 0.156808 0.0182992 0.23658
9.9991E-05 0.7548 0.0320329 0.019521 0.193546
0.127465 0.514107 0.239403 9.9991E-05 0.118925
0.0288118 0.66377 0.0914547 0.0402434 0.175721
9.9991E-05 0.365711 0.243712 0.00204217 0.388435
0.0457184 0.846103 0.0451872 9.9991E-05 0.0628917
9.9973E-05 9.9973E-05 0.78268 9.9973E-05 0.21702
9.9973E-05 0.0667892 0.932911 9.9973E-05 9.9973E-05
9.9982E-05 0.0203886 0.931803 0.0476088 9.9982E-05
0.0357146 0.0650301 0.779676 0.00782635 0.111753
0.0696185 0.0612535 0.791612 0.0022221 0.0752937
0.0705172 0.652942 9.9991E-05 0.00575535 0.270686
9.9991E-05 0.595354 0.122405 0.0345588 0.247583
0.957954 9.9973E-05 9.9973E-05 9.9973E-05 0.041746
0.788856 0.019257 0.0193433 0.0341385 0.138405
0.87616 0.107283 9.9982E-05 0.0163566 9.9982E-05
0.667523 0.0784481 0.0115068 9.9991E-05 0.242422
0.845894 0.112729 9.9991E-05 0.0372593 0.00401787
0.783288 9.9982E-05 0.110897 9.9982E-05 0.105615
0.884289 9.9982E-05 9.9982E-05 0.0367446 0.0787664
0.866103 9.9982E-05 0.106962 9.9982E-05 0.0267351
0.860048 0.057568 0.0508554 9.9991E-05 0.0314286
0.835008 0.0321645 0.0546679 0.0134258 0.0647338
0.805288 0.0272703 9.9991E-05 0.0330599 0.134282
0.809148 0.078008 0.0498313 0.0166349 0.0463777
0.817859 0.158945 0.00725768 0.0158387 9.9991E-05
0.887428 0.0199038 0.081688 0.0108797 9.9991E-05
0.777233 9.9982E-05 9.9982E-05 0.00891848 0.213649
0.924495 0.0639992 9.9982E-05 0.0113061 9.9982E-05
0.894013 0.0232866 0.0389449 0.0329014 0.0108544
0.174514 0.0242129 0.00779958 0.000550653 0.792923
9.9982E-05 0.0349986 0.0217579 9.9982E-05 0.943044
0.870076 0.018461 9.9982E-05 9.9982E-05 0.111263
0.718124 0.162775 0.0115355 0.0474462 0.0601194
0.835199 9.9982E-05 9.9982E-05 0.00645421 0.158147
0.144946 0.0793383 9.9982E-05 9.9982E-05 0.775516
0.0198562 0.890849 9.9991E-05 0.0132586 0.0759366
0.0118922 0.682444 0.288352 0.0172118 9.9991E-05
0.0343921 0.338689 0.423181 9.9991E-05 0.203638
9.9991E-05 0.327292 0.556909 0.00595982 0.109739
9.9982E-05 9.9982E-05 0.816126 0.00897835 0.174696
0.0581175 0.0577971 0.863945 9.9991E-05 0.0200404
0.00791139 0.149627 0.820151 0.0222102 9.9991E-05
9.9991E-05 0.0489432 0.816564 0.0131961 0.121196
0.0916969 0.0362318 0.724525 0.0433227 0.104224
0.0953952 0.0361805 0.847719 0.0206057 9.9991E-05
0.0392667 0.846156 0.0977813 9.9991E-05 0.0166958
0.092584 0.773158 9.9991E-05 0.0378058 0.0963527
0.0164076 0.666873 9.9991E-05 0.0495835 0.267036
0.0116252 0.750826 9.9982E-05 9.9982E-05 0.237349
9.9982E-05 0.762807 9.9982E-05 0.0258115 0.211182
0.016038 0.578435 9.9982E-05 9.9982E-05 0.405327
9.9991E-05 0.549708 0.18554 0.0014725 0.26318
0.0669722 0.555609 0.158982 0.0240419 0.194395
0.00874166 0.642223 0.0747059 0.0489118 0.225418
9.9991E-05 0.547477 0.137454 0.00513439 0.309834
0.0549005 0.747362 0.0720401 0.0495829 0.0761147
0.10471 0.0678827 0.669349 0.157825 0.00023305
0.743003 0.0313562 0.0137524 0.0262063 0.185682
0.790918 9.9991E-05 0.119097 0.0545421 0.0353424
0.846348 9.9991E-05 0.000765682 0.00640645 0.146379
0.694557 0.111633 0.00665995 0.023763 0.163386
0.803757 0.0723122 0.0717751 0.0282594 0.0238968
0.102055 0.367177 0.317876 0.00742246 0.205471
9.9991E-05 0.466406 0.310058 0.022431 0.201005
0.0247623 0.754303 0.122819 0.0682427 0.0298734
9.9991E-05 0.441803 0.225079 0.0417062 0.291312
