0.107187 0.038706 0.00936754 9.99963E-05 0.753756 0.0908835
0.0589399 9.9991E-05 0.251331 0.0258821 0.640843 0.0229045
0.161978 9.9982E-05 9.9982E-05 0.0193982 0.737115 0.0813096
0.0392051 9.9991E-05 0.0207007 0.00902405 0.735093 0.195877
9.9982E-05 0.0362159 0.0799366 0.0189258 0.864722 9.9982E-05
0.0383749 0.0298246 0.0343156 9.9991E-05 0.7969 0.100485
0.035533 9.9982E-05 0.169442 9.9982E-05 0.508716 0.286109
9.9982E-05 9.9982E-05 0.163707 0.0294037 0.708361 0.0983289
0.102074 0.0529949 0.652635 0.0206963 0.1715 9.9991E-05
0.154054 9.9991E-05 0.41273 0.0226709 0.251927 0.158518
9.999E-05 0.073602 0.302433 0.0524176 0.183591 0.387856
0.170432 9.9991E-05 0.38763 0.0395121 0.214514 0.187812
9.99846E-05 0.0384637 0.169077 0.0476459 9.99846E-05 0.744613
0.101899 0.074594 0.729084 9.9991E-05 0.0360238 0.0582997
0.0992841 0.0538861 0.373437 0.0245016 0.448792 9.9991E-05
0.0412241 9.9982E-05 0.651104 9.9982E-05 0.155058 0.152414
0.177444 0.0107734 0.494281 9.9991E-05 0.303887 0.0135155
9.9973E-05 9.9973E-05 0.335605 0.00947049 0.654625 9.9973E-05
0.517392 0.100459 0.15878 0.0466709 0.0239373 0.152762
0.603219 9.9973E-05 0.272811 9.9973E-05 9.9973E-05 0.123671
0.60122 9.9991E-05 0.101631 0.0157941 0.203474 0.0777805
0.778828 0.0682486 0.0710056 9.9991E-05 0.0515841 0.0302337
0.881452 9.9973E-05 9.9973E-05 0.0361022 9.9973E-05 0.0821464
0.777517 0.00545362 0.118314 0.0531365 0.0454796 9.9991E-05
0.616692 0.00264897 0.151434 9.9991E-05 0.154902 0.0742241
0.877027 9.9964E-05 9.9964E-05 9.9964E-05 0.122573 9.9964E-05
0.867876 0.067128 9.9982E-05 0.0508853 9.9982E-05 0.0139111
0.8045 0.0770011 0.077654 0.00965246 9.9991E-05 0.0310929
0.848082 0.0182026 9.9973E-05 9.9973E-05 0.133416 9.9973E-05
0.819541 0.0699083 9.9982E-05 9.9982E-05 0.104214 0.00613675
0.80862 0.0281498 0.144463 0.0185667 9.9982E-05 9.9982E-05
0.790689 0.0237662 0.0323521 0.0373515 0.102032 0.0138097
0.769974 9.9991E-05 0.0847072 0.0529616 0.0858453 0.00641161
0.157291 9.9991E-05 0.135866 0.0499665 0.433671 0.223106
0.186448 9.9973E-05 0.299968 9.9973E-05 0.513284 9.9973E-05
0.117415 0.0799757 0.138101 9.9991E-05 0.621412 0.0429959
0.0581327 9.9982E-05 9.9982E-05 0.0176108 0.727437 0.196619
0.0333358 0.0490213 0.245144 0.0172297 0.347066 0.308204
9.996E-05 9.996E-05 9.996E-05 0.9995 9.996E-05 9.996E-05
0.776665 9.9973E-05 9.9973E-05 0.0214783 9.9973E-05 0.201557
0.17367 0.116756 9.9973E-05 9.9973E-05 0.709274 9.9973E-05
0.0836193 9.9982E-05 0.214409 9.9982E-05 0.500771 0.201001
0.280094 0.138476 0.218593 9.9991E-05 0.128575 0.234162
0.0529813 0.105728 0.130793 0.0367723 0.0575646 0.616161
0.0459167 9.9982E-05 9.9982E-05 0.0111931 0.050954 0.891736
9.996E-05 9.996E-05 9.996E-05 0.9995 9.996E-05 9.996E-05
0.174356 0.0170274 0.270888 0.0637685 0.317846 0.156114
0.106527 0.0821759 0.12781 9.9991E-05 0.225354 0.458033
0.340572 0.0700131 0.274008 0.0181181 0.130048 0.167241
0.0102954 0.724017 0.0452892 0.0251484 9.9991E-05 0.19515
0.0523184 0.713292 9.9982E-05 0.0243497 9.9982E-05 0.20984
0.0511213 0.806794 0.0214491 9.9982E-05 0.120436 9.9982E-05
9.9982E-05 0.601786 0.0820727 0.0580138 9.9982E-05 0.257928
0.10087 0.807125 0.0282453 0.0457857 0.017874 9.9991E-05
0.109682 0.829006 0.061012 9.9973E-05 9.9973E-05 9.9973E-05
9.9964E-05 0.659359 0.340241 9.9964E-05 9.9964E-05 9.9964E-05
9.9973E-05 0.779282 0.21015 0.0102681 9.9973E-05 9.9973E-05
0.125273 0.843255 9.9973E-05 0.0311718 9.9973E-05 9.9973E-05
9.9991E-05 0.764012 0.0543188 0.0601616 0.0697572 0.0516505
9.9982E-05 0.54955 9.9982E-05 0.0301299 0.069159 0.350961
0.151497 0.821261 0.0269423 9.9973E-05 9.9973E-05 9.9973E-05
0.130685 0.655436 9.9982E-05 9.9982E-05 0.012377 0.201302
9.9982E-05 0.303012 0.150618 0.0525063 9.9982E-05 0.493663
0.678777 0.0461136 0.1452 0.0242863 0.105523 9.9991E-05
0.733142 0.00676081 0.148196 0.0334601 0.0783407 9.9991E-05
0.824236 9.9982E-05 0.0232549 0.0182663 0.134043 9.9982E-05
0.0163281 0.667218 0.098918 0.0189596 0.0510865 0.14749
9.9982E-05 0.492181 9.9982E-05 0.0641395 0.112608 0.330872
0.0604709 0.731345 0.0638021 0.0130862 0.0538607 0.0774351
0.00484267 0.651375 9.9982E-05 0.0643753 9.9982E-05 0.279207
9.9982E-05 0.784485 9.9982E-05 0.057176 0.10882 0.0493197
9.9991E-05 0.148562 0.27793 0.00406049 0.0257523 0.543595
0.00932951 0.0662229 0.27207 9.9982E-05 9.9982E-05 0.652177
9.9973E-05 0.0505433 0.101647 9.9973E-05 9.9973E-05 0.84751
9.9964E-05 9.9964E-05 9.9964E-05 0.0153419 9.9964E-05 0.984258
0.0571682 9.9973E-05 9.9973E-05 0.0233025 9.9973E-05 0.919229
9.9964E-05 9.9964E-05 0.109399 9.9964E-05 9.9964E-05 0.890202
0.125949 0.0507957 0.0812527 0.00886468 0.142946 0.590192
9.9973E-05 0.684161 0.264883 9.9973E-05 9.9973E-05 0.050656
9.9991E-05 0.451504 0.0203015 0.113799 0.140139 0.274157
0.042363 0.705218 9.9991E-05 0.0309514 0.0528263 0.168542
0.0778104 0.717111 0.0614837 0.0448822 9.9991E-05 0.0986131
9.9973E-05 0.658935 0.312517 0.0282487 9.9973E-05 9.9973E-05
0.599194 0.0372834 0.338428 0.0209321 9.9991E-05 0.00406288
0.0880377 0.249378 9.9982E-05 9.9982E-05 0.154387 0.507996
9.9982E-05 0.125085 0.00614753 9.9982E-05 0.024663 0.843905
9.996E-05 9.996E-05 9.996E-05 0.9995 9.996E-05 9.996E-05
0.138282 9.9982E-05 0.160504 9.9982E-05 0.509845 0.191169
0.119221 9.9991E-05 0.183449 0.0172006 0.61447 0.0655591
0.108437 9.9991E-05 0.561723 0.0174617 0.16394 0.148338
0.133567 0.123057 0.638216 0.0160648 9.9991E-05 0.0889944
0.0748431 0.0450254 0.378665 9.9982E-05 0.501266 9.9982E-05
9.9982E-05 0.161338 0.0208652 0.00531532 9.9982E-05 0.812282
0.505571 0.0112857 0.109141 0.0372339 0.163645 0.173123
9.9991E-05 0.15341 0.00411222 0.0496925 0.0924321 0.700253
0.304063 0.0605062 9.9991E-05 0.0389561 0.259071 0.337304
0.0632797 0.00488615 0.703572 9.9982E-05 0.228062 9.9982E-05
0.00627127 9.9982E-05 0.158216 9.9982E-05 0.532676 0.302637
0.134223 9.9982E-05 0.319117 9.9982E-05 0.299521 0.246939
9.9973E-05 0.0889815 0.895296 9.9973E-05 0.0154226 9.9973E-05
9.9973E-05 9.9973E-05 9.9973E-05 0.0128645 0.599288 0.387548
9.9973E-05 9.9973E-05 0.841375 0.00161168 9.9973E-05 0.156714
9.9982E-05 0.186817 9.9982E-05 0.0167852 0.158013 0.638185
0.0882937 0.0969249 0.0918155 0.0808977 0.0536862 0.588382
9.9991E-05 0.168336 0.0350178 0.0832125 0.0723896 0.640944
0.137328 9.9991E-05 0.288659 0.0160635 0.00106169 0.556788
0.0837584 0.112181 0.307908 9.9991E-05 0.0950103 0.401042
0.399965 0.0588472 0.187332 9.9982E-05 0.353656 9.9982E-05
9.9973E-05 0.760803 9.9973E-05 0.0174529 0.221445 9.9973E-05
0.00948076 0.689962 9.9991E-05 0.0261102 0.0498829 0.224464
0.131006 0.182853 9.9991E-05 0.0014254 0.130822 0.553795
0.0237395 0.121392 0.303061 0.0096015 9.9991E-05 0.542106
0.205093 0.136077 9.9991E-05 0.0276834 0.195928 0.43512
0.727761 9.9973E-05 0.00843459 9.9973E-05 9.9973E-05 0.263504
0.092275 0.608942 9.9982E-05 0.0512744 9.9982E-05 0.247309
0.0841405 0.653125 0.0524201 9.9982E-05 9.9982E-05 0.210114
9.9973E-05 0.420813 9.9973E-05 9.9973E-05 0.157456 0.421431
0.445858 0.0184873 0.0236383 0.0568926 0.327534 0.127589
0.209587 0.0434996 0.144079 9.9982E-05 0.602634 9.9982E-05
0.00958669 0.00705813 0.185728 0.0315499 0.591524 0.174554
0.0726971 0.0944997 0.0843392 9.9982E-05 0.748264 9.9982E-05
0.364735 0.00166662 0.284773 9.9982E-05 0.348625 9.9982E-05
0.14793 9.9991E-05 0.149752 0.00142248 0.533821 0.166975
0.0789333 0.0186466 9.9982E-05 9.9982E-05 0.867259 0.0349611
9.9982E-05 0.0610831 0.088521 0.0121712 0.838025 9.9982E-05
0.31328 9.9982E-05 0.12746 9.9982E-05 0.346322 0.212737
0.00257171 9.9973E-05 0.944338 9.9973E-05 0.0527907 9.9973E-05
0.0223226 9.9973E-05 0.956038 0.0213396 9.9973E-05 9.9973E-05
0.00862931 9.9991E-05 0.838512 0.0180464 0.099447 0.0352649
0.212067 0.068616 0.186156 0.00958468 0.296792 0.226785
9.9982E-05 0.0208999 0.833884 0.013645 0.131371 9.9982E-05
0.141727 0.0255394 0.669287 0.00188094 9.9991E-05 0.161466
0.0534072 0.017753 0.250661 9.9991E-05 0.596832 0.0812466
0.837183 9.9964E-05 9.9964E-05 9.9964E-05 9.9964E-05 0.162417
0.840952 9.9964E-05 9.9964E-05 9.9964E-05 0.158648 9.9964E-05
0.780564 9.9973E-05 0.200782 0.0183544 9.9973E-05 9.9973E-05
0.731979 0.0490434 0.154124 9.9982E-05 0.0646542 9.9982E-05
0.777217 0.0416114 9.9991E-05 0.00716323 0.0889809 0.0849275
9.9991E-05 0.0490881 0.192715 0.00399086 0.507899 0.246207
0.169985 9.9982E-05 9.9982E-05 0.02386 0.734255 0.0717003
9.9964E-05 0.876463 9.9964E-05 9.9964E-05 9.9964E-05 0.123137
0.0152636 0.760905 0.147537 0.029798 0.0236773 0.0228189
0.00176515 0.840051 9.9982E-05 0.00683818 0.151145 9.9982E-05
0.0571466 0.623198 0.0200715 9.9991E-05 0.0507485 0.248735
9.9982E-05 0.778598 0.0810852 0.0116916 9.9982E-05 0.128425
0.107385 0.763911 0.128404 9.9973E-05 9.9973E-05 9.9973E-05
9.9982E-05 0.878309 9.9982E-05 0.0360355 0.033953 0.0515027
0.106204 0.796236 9.9991E-05 0.0020958 0.0610683 0.0342963
0.096388 0.796529 9.9982E-05 9.9982E-05 0.0180838 0.0887996
0.121964 0.831685 9.9982E-05 0.00628714 0.0398633 9.9982E-05
9.9982E-05 0.763264 9.9982E-05 0.0426035 0.0956017 0.0983304
0.0354568 0.749674 0.161542 0.0377867 9.9991E-05 0.0154404
0.0656665 0.75636 9.9982E-05 0.0255606 0.152213 9.9982E-05
0.0727834 0.825494 0.0929025 0.00861989 9.9982E-05 9.9982E-05
9.9982E-05 0.7924 9.9982E-05 0.0167593 0.167676 0.022964
9.9973E-05 0.868436 9.9973E-05 0.0204451 0.110819 9.9973E-05
0.0840104 0.823032 9.9982E-05 0.0267512 0.0660065 9.9982E-05
9.9973E-05 0.0938628 9.9973E-05 9.9973E-05 0.119663 0.786174
0.00767282 9.9973E-05 0.097819 9.9973E-05 9.9973E-05 0.894208
9.9982E-05 0.764776 0.00868523 9.9982E-05 0.0720662 0.154273
9.9973E-05 0.658456 9.9973E-05 0.0160815 0.325162 9.9973E-05
0.0258085 0.817586 9.9982E-05 0.0236107 9.9982E-05 0.132795
9.9982E-05 0.120173 0.125933 9.9982E-05 0.0888868 0.664807
9.9964E-05 9.9964E-05 9.9964E-05 9.9964E-05 0.970402 0.0291982
0.139714 9.9982E-05 0.211661 0.0239743 0.624451 9.9982E-05
0.427071 0.0263666 9.9982E-05 9.9982E-05 0.351131 0.195231
0.499898 9.9982E-05 0.266164 9.9982E-05 0.117117 0.116621
0.757615 9.9973E-05 0.0207299 9.9973E-05 9.9973E-05 0.221355
0.852595 0.0378689 0.108519 0.000817642 9.9982E-05 9.9982E-05
0.733091 9.9991E-05 0.135546 0.00864384 0.0839012 0.0387182
0.655996 9.9982E-05 0.220936 0.0434676 9.9982E-05 0.0794013
0.680087 0.0336987 0.109251 0.0230451 9.9991E-05 0.153818
0.733435 0.048304 9.9991E-05 0.0237738 0.13966 0.054727
0.0870908 0.0236889 0.0438986 0.00899457 0.775518 0.0608091
0.0543751 0.0554931 9.9991E-05 0.0500233 0.70084 0.139169
9.9991E-05 0.0190162 0.133777 0.0435716 0.677431 0.126103
9.99641E-05 9.99641E-05 9.99641E-05 9.99641E-05 0.732518 0.267082
9.9982E-05 9.9982E-05 0.124926 0.0426358 0.680249 0.151989
9.9982E-05 0.0242005 0.14897 9.9982E-05 0.586176 0.240454
0.131953 9.9991E-05 0.58394 0.00648718 0.211594 0.0659251
0.0126737 0.0756758 0.859139 9.9982E-05 9.9982E-05 0.0523112
9.9982E-05 0.0067195 0.925996 0.0495346 0.0175501 9.9982E-05
0.080025 9.9982E-05 0.65271 9.9982E-05 0.118288 0.148777
0.0247612 0.0462737 0.790005 0.0158273 0.079685 0.0434482
0.573653 0.0636035 0.210312 0.152231 9.9982E-05 9.9982E-05
0.0396951 0.696439 0.0618506 9.9991E-05 0.0418164 0.160099
0.10611 0.729457 9.9982E-05 0.0566267 9.9982E-05 0.107606
9.9973E-05 0.821643 0.0648332 9.9973E-05 9.9973E-05 0.113224
9.9991E-05 0.673102 0.059383 0.0101582 0.146831 0.110425
0.0613448 0.76604 9.9982E-05 0.03512 0.137295 9.9982E-05
0.215648 0.0970217 0.528958 0.0237965 0.077209 0.0573666
0.201975 0.0114484 0.408423 0.0263503 0.283351 0.0684526
9.9973E-05 9.9973E-05 0.831901 0.0641399 0.10366 9.9973E-05
0.170366 9.9991E-05 0.355889 0.0385701 0.334799 0.100275
