0,7.55811574088016,10.2347917094129,9.92697945943658,11.2270197006997,13.6486591755202,17.2876419527078,14.0255967821902,31.4611532235728,32.2018814091352,70.1687699729908,40.1234938547127,36.3603836916553,34.7245101659083,35.6667057850056,40.7441511067152,40.097657161788,32.3170634516753,35.0466330233098,40.0207173186743,33.3697765868588,30.6781921535712,31.5562900571099,40.9966420981094,55.0092195680796,64.7382768491133,49.7192994104978,52.6304206567766,40.7590271527773,30.6167343687452,28.6298770709344,33.808357308637,42.9310311033116,52.8191381952321,39.7800531506825,36.0408673819706,53.6254178279645,51.9319940708609,49.6841180843923,51.560661408007,56.3581027367001,60.2892989025443,55.7876000275365,56.0205864655465,59.4676220118806,55.2615794968536,58.2021505467812,59.1147911670734,60.3817524079432,55.4880732287598,55.0406093107271,40.602325653567,44.6805865443186,37.8481003563431,43.736571930746,35.1423342554257,38.5578349756466,36.480623732542,24.6369424910633,38.4512038167705,31.5585023096297,32.8665708230941,25.7009352205159,35.3144565992116,23.1965420706267,37.7301110417972,54.8952755397087,57.8232974116683,55.8535158413296,54.8465265394107,58.4367544295836,54.9151471403351,62.2262830752686,65.8138604005542,84.0848948662199,29.028767066565,31.5850858615424,74.1379420448619,31.0652279159986,27.1292571983521,33.5998689636857
7.55811574088016,0,10.705434179658,8.10772489245844,8.03015036823961,13.4022600203204,16.8298091066507,12.9791334124861,30.1016427659596,30.8435005362089,69.52746705313,38.7729829821659,35.0072674136842,33.3687618371757,35.0945042412629,40.1597706162786,38.9997452571611,31.2676145041684,33.961387695837,38.966362792346,32.8942918442902,30.2727740980357,31.1557414684683,40.2006637091111,54.4045635752268,64.1292265962228,48.8165104380848,51.7688556669437,40.2024807381447,29.2955985459298,27.3079430414131,32.4736575823733,42.3282868379777,52.4243922581136,39.1906070771985,35.4536118468711,52.2844983778269,51.3066579825855,49.0595876198322,50.9349958325286,55.723376456348,59.6542349474569,55.1517907478455,55.3843446415395,58.834395694112,54.6304899525876,57.5699917847968,58.4829507690524,59.7500200772983,54.85582228958,54.4100900296461,39.7513395177198,43.851918324361,37.0253704767953,42.7882668104468,34.4204846761479,37.8507977974209,35.7648744278907,24.4813437435337,38.1192889694221,31.3102523284162,32.6146730637039,25.550500921391,34.2355510484031,22.1124061228895,36.7219690483472,54.2745399345397,57.2033335448073,55.2332003700861,54.2258569019877,57.7969241075052,54.2755970793445,61.5906899529811,65.1783770662471,83.4374193385226,28.2418433697887,30.8159449334023,73.5034047000522,30.4561310428237,27.0664097678957,32.2223167700941
10.2347917094129,10.705434179658,0,14.0891852474466,14.1468616672194,11.9497582320166,16.823079070624,13.1078840997596,33.1549034123695,33.8923410215944,71.6163600038784,41.8475976939777,38.0813393373244,36.4315456072307,37.0993520210992,42.1677803891836,41.9724037058612,34.1806259664197,36.9153609547484,41.8875552055007,35.2218393408751,32.4718155126459,33.3655815304969,42.3701646761236,56.486995554545,66.2089983203068,51.1108891302235,54.0116180950832,42.2335692680636,32.1751338552038,30.1835640200401,35.4141334627823,44.3945115363382,54.5120938276058,41.1940952253307,37.4504538833423,55.3672911570082,53.3857295796727,51.1383646008481,53.0146519212153,57.8062529825367,61.7375851791006,57.2352149552222,57.4683212492725,60.9183357493147,56.7133148508597,59.6535458044195,60.566128408037,61.8334512931368,56.9392969037505,56.4926461420207,42.4605498344797,46.5447098800177,39.6995490508286,45.6119464093079,36.9660893590127,40.3947496014629,38.3282294917137,25.3475771566433,40.3256896099371,33.4007735403434,34.7874330861644,27.5676427459803,37.1741950806766,24.2405923539953,39.0852875498213,56.3534913884177,59.2821007368417,57.3119914181077,56.3046712043297,59.8836751601595,56.3620987106857,63.6757544150391,67.2632195689741,85.5285016608963,30.3337853190495,32.896107071026,75.5462019517724,32.2308098297621,28.6321783433126,35.2922817613797
9.92697945943658,8.10772489245844,14.0891852474466,0,8.39672829855625,16.1655539629465,19.2536683616061,15.8404846601366,31.4053899290753,32.1503417583042,71.0133233401353,40.0457464068682,36.2833918668883,34.6589586791413,36.5909323465783,41.6631136391816,40.1086055406071,32.3894494366618,35.0771791246969,40.0844981463051,34.0575575917632,31.4953556858326,32.3657103989861,41.7482416640302,55.8653823778882,65.5958059345653,50.3556567578755,53.3137527931528,41.6664016935964,30.7259491834057,28.7430198470707,33.8600466639355,43.8005851811566,53.7289155457221,40.701328940837,36.9677099689838,53.5387206072727,52.7872040984297,50.5397077134708,52.4153493430098,57.2085930914313,61.1393547826972,56.6374602599211,56.8699330183516,60.317550827007,56.1127773621061,59.0525783077983,59.9655739173368,61.232354573264,56.3385469090321,55.8921231138463,40.8825890418657,44.9782732472672,38.1642477422482,43.898690609315,35.5890468405182,39.0084790443913,36.9123732109352,26.3935753268991,39.2815950025835,32.5151036449515,33.7508576482124,26.7557919490693,35.3615512395277,23.9187058232188,38.2955136608188,55.7514061776488,58.6797119010312,56.709849095336,55.7027785467729,59.2832606579595,55.7619007758262,63.074893603176,66.6626656460228,84.9265904628096,29.838153009573,32.4071940903545,75.0193702653515,32.133576606473,28.5517637829553,33.5298808540413
11.2270197006997,8.03015036823961,14.1468616672194,8.39672829855625,0,15.7217492517716,18.5874151890681,15.0706270368295,29.8136934777321,30.5598276665394,70.023703429429,38.4611800295013,34.696513265462,33.0701975531321,35.6543524530872,40.7167046093931,38.7538109545364,31.0765289629721,33.7329082207468,38.7676704186959,33.2472557224285,30.7272435983158,31.6047415183127,40.6344873963176,54.9066446220138,64.633129434875,49.1563588195011,52.1476920342148,40.7445781477864,29.1774642165869,27.1945087539872,32.2951569158233,42.842338242639,52.9534858140619,39.7505322194615,36.018387782621,51.9624379218334,51.8105781783478,49.5637487394137,51.4384783467936,56.2242176167915,60.1547194072695,55.6521973539244,55.8843340532895,59.3345075668298,55.1314844775337,58.0704195089268,58.9836637301727,60.2505509911,55.3563051858581,54.9112990428487,39.746726069473,43.8637075752692,37.0523300222802,42.6788612274521,34.5615946587344,37.9966624855122,35.8951237575033,25.7541289425012,38.5930646819327,31.8805816699429,33.1373225115928,26.1986514973937,34.0220660071431,22.6399661096225,37.0177902297355,54.7786912875537,57.7076435665927,55.7374821721804,54.7301108366956,58.2947727513277,54.7736368595469,62.0899051832416,65.6777579975173,83.9318612988797,28.7345781765757,31.3169522987803,74.0333056577492,31.1666898081571,27.9887626807724,31.9214713646304
13.6486591755202,13.4022600203204,11.9497582320166,16.1655539629465,15.7217492517716,0,12.7175323419034,11.4527377678556,33.2192939510418,33.9526847447354,71.4157389490962,41.9488728362894,38.1788017779453,36.5120840686747,36.8885886885035,41.9436723153624,42.2593107348184,34.4577701488279,37.19636094099,42.1680102851848,35.5274536586907,32.7242309694429,33.6360896116347,42.0561795582507,56.3282494366652,66.0409564555564,50.8119495719947,53.7020420659296,42.077935850068,32.071440856408,30.0739301505308,35.369946808045,44.2182535691075,54.6498456880903,40.9569703353719,37.2079012514768,55.4901038092669,53.1946000560364,50.9479682103751,52.8238071476295,57.6070424866918,61.5385106919648,57.0352098842857,57.2684216868721,60.7225303184518,56.5190312452921,59.4587166334482,60.3712605881395,61.6390515545158,56.7442411608807,56.2988050734041,42.7421919677919,46.8340398756892,39.9753690473112,45.9068480284091,37.2172637241268,40.6617321148431,38.6064245455107,24.1617500567942,40.6745063613691,33.7311783780454,35.1966489438739,27.9426112551444,37.4455802167768,23.3984739799009,38.7254921368523,56.1685011387641,59.0979331605816,57.1273740543769,56.1195997582869,59.6823610049785,56.1608533119025,63.4781233553021,67.0654582281412,85.3221714286762,29.9242797671027,32.4972666823636,75.2957716783289,31.6425889356267,28.6279306022448,35.3555734981463
17.2876419527078,16.8298091066507,16.823079070624,19.2536683616061,18.5874151890681,12.7175323419034,0,14.1105839323797,34.8484388731932,35.5778294233964,72.7386254936096,43.6121760440391,39.8387327218834,38.1561947404301,38.2012499160659,43.2419886606984,44.0795809388589,36.2677343867565,39.0110434173236,43.981036550674,37.3533266904353,34.5051080088773,35.433832025923,43.26093977847,57.6937167449477,67.3969585885784,52.0383708991512,54.914575395996,43.4480735437816,33.5342763264834,31.5312105825633,36.8918933994793,45.5659139114334,56.3222436588334,42.2414755636746,38.4867025183221,57.1729341516695,54.5270742387565,52.2811900302102,54.1565796774147,58.9312788879153,62.8628940690921,58.358638541123,58.591967405593,62.0502766750932,57.8483213868888,60.7874578135697,61.6999569729374,62.9682308038395,58.0727491600548,57.628544904549,44.5492133905253,48.6473306308477,41.7762912900549,47.7286129813438,38.9927501478525,42.4516690136798,40.4068345870051,24.3659109249555,42.5439277215666,35.5907352688972,37.122221766694,29.8482753986003,39.2516139516287,23.9927498470129,39.8895442319928,57.5072457445071,60.4375150406284,58.466497791561,57.4582609185358,61.0044989876751,57.4830576121557,64.8040146842724,68.3912123512505,86.6392279686174,31.0189497068536,33.6038925829401,76.5659812987621,32.5201465761207,30.2097904405906,36.9859659673142
14.0255967821902,12.9791334124861,13.1078840997596,15.8404846601366,15.0706270368295,11.4527377678556,14.1105839323797,0,32.7480998934368,33.481737907482,71.7102401620722,41.4954970150159,37.7219305782692,36.0485465232397,37.2643208781849,42.3068895184199,42.0938773659081,34.3365551645127,37.0418195119999,42.0426754053631,35.9343357655804,33.2046415100393,34.1178360084733,42.1788078722176,56.6614468001902,66.3698952465575,50.8082551085687,53.747076690099,42.4650902857955,31.5995903639967,29.5990164945529,34.8999913583691,44.5552109454633,55.161304116656,41.3157920982261,37.5699131207506,55.051376359555,53.5067542499482,51.2609892584628,53.1355522043004,57.9090487628244,61.8401118727719,57.3360327346486,57.5687321017207,61.0259597888862,56.8247997633725,59.7632946867724,60.6762117785482,61.9440847622228,57.0487332392826,56.6051944494795,42.807963730243,46.920145594293,40.0675282318448,45.8827865111882,37.4050567244086,40.8614684011776,38.7969690433555,25.4330003082764,41.2035097136442,34.3391022122509,35.7830289389464,28.6251246471569,37.2949263124324,23.0340103644414,38.5866500580894,56.4854269984989,59.4156789053741,57.4447530479736,56.4366094368691,59.9786358772045,56.4574471985409,63.7789749419385,67.3664494110404,85.6100356464805,30.0615833698052,32.6561491495239,75.60317971389,32.0430737989895,29.520659751557,34.8651646670918
31.4611532235728,30.1016427659596,33.1549034123695,31.4053899290753,29.8136934777321,33.2192939510418,34.8484388731932,32.7480998934368,0,7.14969854922022,79.7175610656994,23.0862958492734,18.7116246324818,13.8315693047899,46.0684927775248,51.0412942255904,43.8248340728049,36.3951356751745,38.7357359362972,44.1450178997562,44.8702073482454,42.6416511547595,43.6095814298325,49.052471581433,64.9747665554676,74.6581780706772,56.2202169001469,59.7861939719228,51.2495317813493,28.9648409037456,27.5046575205837,27.1598592180913,52.9348960548415,64.7560667987202,50.0508256458053,46.3498532566234,39.7614818034684,61.6733985498384,59.4347108398043,61.2972594050849,65.9918137746073,69.9182272287071,65.4086290467022,65.6356238341191,69.114143111004,64.9333753070338,67.8608820288116,68.7778063122246,70.0452955199938,65.146025505429,64.7190797419756,47.6738605134013,52.1282135634555,45.2271971921879,49.7545502563951,43.6905066400363,47.357466718529,45.2317745521829,40.0341191442823,51.4130127161905,45.0779646891009,46.6957982358812,40.0374280562588,38.5826547538427,34.3718880303449,44.2479141233909,64.6866474437072,67.6234527871598,65.6497571899952,64.6388297507218,68.0069532805632,64.488958731837,71.8450897523867,75.4344141218612,93.5640317212491,38.0546792520321,40.7002539669906,83.9172892559619,42.3153842545223,41.5590166656086,20.6377531312225
32.2018814091352,30.8435005362089,33.8923410215944,32.1503417583042,30.5598276665394,33.9526847447354,35.5778294233964,33.481737907482,7.14969854922022,0,80.4133383113473,24.204586196516,19.9139637637218,14.9683317167028,46.7750918256961,51.7452316213865,44.6659625139829,37.2305091489576,39.5763557576297,44.9804861238141,45.6340953276845,43.3983304294809,44.3670987456038,49.7141950525587,65.683494349056,75.3647321947095,56.8557961669346,60.4328223354777,51.9638798302516,29.5042931171428,28.058864523299,27.5453507465058,53.6412972522238,65.5025571936051,50.7530304115799,47.0519861619263,40.8020921756917,62.373640608059,60.1352036159324,61.99746428844,66.6891943238064,70.6155466813677,66.1056942308081,66.3326035587817,69.8121933162319,65.6320492340463,68.5592669065606,69.47625600328,70.7438187196416,65.8443663060159,65.4179239899953,48.4777769271404,52.9289053328893,46.0273813490759,50.5706585896488,44.4762432682416,48.1423198336362,46.0181846307942,40.756214824886,52.1688789219297,45.829669488708,47.4489765420778,40.786747379277,39.4238411797383,35.078097598092,44.8937657185177,65.3885814077653,68.3256486212362,66.3518233574055,65.3407653030269,68.7029990844311,65.1850741955609,72.542434563959,76.1317705715819,94.2578983446476,38.7314465419036,41.3781446426357,84.6112048824237,43.0133787203142,42.2932008406797,21.6595892241254
70.1687699729908,69.52746705313,71.6163600038784,71.0133233401353,70.023703429429,71.4157389490962,72.7386254936096,71.7102401620722,79.7175610656994,80.4133383113473,0,88.5457907555344,84.783053122144,83.0535916013144,58.432841504757,62.7717930627236,87.3754616094973,78.9805313481575,82.1235454891126,86.7817454051747,78.2206289152505,74.647522004078,76.0713211157725,70.1066083473623,62.2018467810813,68.7080385507362,82.5676832717151,84.3506755188778,64.4953183003546,77.5570272484886,75.6118453717367,80.9886661113242,51.733215968829,93.7120553660582,62.7965607837617,60.2267642527552,102.101854514049,46.7140029292606,44.7245653036931,44.6100394634277,49.2951565941583,52.1758932275238,48.446928611659,47.524570369892,42.5649994124221,40.6384393689148,40.5236997706444,44.0423591000868,42.1241532147813,39.146562048711,40.8479603674851,85.5569632059425,89.7052333127572,82.4089145031059,89.7806573112738,78.1134708159778,82.0819962117253,80.4492284714843,75.1400615284154,85.0811144905335,78.5386384103144,81.0617811271797,74.1518337675348,82.2271220224855,72.9889371529055,79.0246617156111,48.7671521836757,52.4731197102127,50.2312460972957,48.967966609463,45.6993567443469,42.8070488221821,44.5488518614647,49.9832913308458,72.3964338562396,66.2408215100854,67.9260188116949,93.4760878184447,72.4101241049096,73.0043550949704,82.077718672454
40.1234938547127,38.7729829821659,41.8475976939777,40.0457464068682,38.4611800295013,41.9488728362894,43.6121760440391,41.4954970150159,23.0862958492734,24.204586196516,88.5457907555344,0,13.3402423411127,20.2286540414798,54.8268405646237,59.825506586878,50.8284795251125,43.4048574040921,45.7036120587006,51.1790327321625,53.0328426828069,50.895993202028,51.8588835355521,58.2032931044307,73.6829643674707,83.3880741767399,65.5655316896977,69.0523067521659,59.9220724953024,39.2465009863752,37.7030659556698,38.2514055384077,61.6716134355274,73.1204969418328,58.8546200299514,55.1572078512072,35.5966408236922,70.4635475971079,68.2225941379166,70.0874908826251,74.8076365777035,78.7344026955814,74.2272203865842,74.4547623209641,77.9229921596101,73.7367788293123,76.6667063318856,77.5831913212043,78.8498527627453,73.9523112681243,73.5209789286837,55.2084179768488,59.7224144908872,52.8117687063056,57.1314216312803,51.4817142668413,55.1733072427356,53.031263193845,48.8131891151651,59.7178202728505,53.443931593729,55.0619939496909,48.4559672779384,45.3678815931205,43.3683314736679,53.6143523716995,73.46071011787,76.3951067655207,74.422632411675,73.412935712627,76.8336973062674,73.3151587872399,80.6601645833407,84.2494885824584,102.40961210041,47.1453810144558,49.7747987393987,92.7884942240088,51.255481517733,50.1388780444123,31.9548322242281
36.3603836916553,35.0072674136842,38.0813393373244,36.2833918668883,34.696513265462,38.1788017779453,39.8387327218834,37.7219305782692,18.7116246324818,19.9139637637218,84.783053122144,13.3402423411127,0,15.6592236085369,51.0703887032797,56.0659372212752,47.3144239075502,39.899631083759,42.1998578944987,47.6671831192884,49.3500421302821,47.2007183283957,48.1639099024515,54.4022861561194,69.9345172298167,79.6369414070236,61.7446212275143,65.2392996668843,56.1766852091185,35.3270732176774,33.7900016649749,34.2716932279508,57.9193073833618,69.4114153966855,55.0925148246446,51.3944932466818,34.9217591204181,66.7051291715625,64.4644413952516,66.3290793609395,71.0462201253673,74.9729577375597,70.4654846381113,70.6929769029621,74.1624528068865,69.9768657379223,72.9065217388576,73.8230487628282,75.0898178889942,70.1920684629111,69.7612400044899,51.6203331536468,56.1245005398677,49.2168329123937,53.5640338279449,47.8568164861579,51.5439358670682,49.4038067079146,45.042128479689,56.0128695676948,49.730157176735,51.3468316177137,44.7335780706398,41.9128943012559,39.5687556932833,49.7856955167877,69.7042314375526,72.638913560882,70.6662925820927,69.6564480862008,73.0710737672985,69.5525935604024,76.8989047420495,80.4882220534051,98.6448353181309,43.3469800790234,45.9785626714291,89.0190678651791,47.4710218860396,46.3968007912174,27.7959847523013
34.7245101659083,33.3687618371757,36.4315456072307,34.6589586791413,33.0701975531321,36.5120840686747,38.1561947404301,36.0485465232397,13.8315693047899,14.9683317167028,83.0535916013144,20.2286540414798,15.6592236085369,0,49.374478851262,54.3584684435148,46.3735426278707,38.9464536698453,41.2690956171856,46.7067939724981,47.9183012491268,45.7293954261963,46.6951202712092,52.5281063974699,68.2589947519485,77.9517773411003,59.7796952185531,63.3115671011752,54.5183923731557,32.9407545901769,31.4442987194825,31.4880270987522,56.2314599419222,67.891480674018,53.376479982059,49.6770587325396,38.6872038729178,64.9930105608894,62.7533451364434,64.6169055511561,69.3225036520659,73.2490680538953,68.7405131539832,68.9677426461958,72.4418179482831,68.2587014894245,71.1872516586548,72.1039872601845,73.3711183079723,68.4725946362482,68.0437569975392,50.4511820970456,54.9312021814157,48.0261074136361,52.4638032925161,46.5785676207931,50.2561023103375,48.1233266809766,43.3488295750575,54.5223677887161,48.2137366926069,49.8315553427673,43.1958294144776,41.0370090977416,37.7814183028381,47.8184340967126,67.9993141242715,70.9350799809718,68.9619115498844,67.9515153812282,71.3423488510609,67.8241201187282,75.1754501927748,78.7647750628701,96.9075504306413,41.5050378166829,44.1435410704114,87.2720429665339,45.700313086168,44.7874072965051,25.0921992012331
35.6667057850056,35.0945042412629,37.0993520210992,36.5909323465783,35.6543524530872,36.8885886885035,38.2012499160659,37.2643208781849,46.0684927775248,46.7750918256961,58.432841504757,54.8268405646237,51.0703887032797,49.374478851262,0,22.5512537007741,53.3238989216468,44.9284783591061,48.0758736128509,52.7265210839516,43.6354434984656,39.9018235627219,41.3350868555774,40.3786862779023,42.284900552855,51.842953826268,52.5319255869514,54.3036124844863,26.8223081228126,44.1600596178967,42.1982754395604,47.5953219152577,28.6888324820173,58.6307482231554,24.4470637385742,21.2970777144276,68.3437833961628,39.23693509558,36.9492237728514,38.9070081572466,44.1542021461948,48.1163815514349,43.6455152278497,43.9156640219927,47.2569505845726,42.9320048696364,45.9405920785235,46.825226583831,48.1017575635715,43.2253037358262,42.6807089903733,51.4274613229715,55.5473285300872,48.2793335967166,55.6696977047826,43.9890644596761,47.8958980630332,46.243846821279,40.3225030885153,50.3097847286345,43.669809736704,46.2616203271677,39.2715195935186,48.19006678352,38.7339907673544,45.7605796018582,42.0906140552894,44.9922568566843,43.0297095619808,42.0300417809977,46.5685568938262,43.0276648675121,50.1420897049486,53.716794719544,72.6615362674892,32.1622674329412,33.8602243991848,63.0079856650262,37.3502345012793,37.5247868482806,48.4030600623001
40.7441511067152,40.1597706162786,42.1677803891836,41.6631136391816,40.7167046093931,41.9436723153624,43.2419886606984,42.3068895184199,51.0412942255904,51.7452316213865,62.7717930627236,59.825506586878,56.0659372212752,54.3584684435148,22.5512537007741,0,58.5316035419361,50.1640037438922,53.290961817176,57.958790910583,49.0335508929341,45.3382643438532,46.7503738264792,44.5122956694222,47.4693138689617,56.8603713886859,56.8816145089753,58.5907277850739,34.2134820078044,49.0389722753718,47.0768149593885,52.4974530419465,33.7623251167518,64.1961152702504,23.3127413286037,21.6242966683966,73.3587500940988,43.7341973897325,41.466645760171,43.4209222650042,48.4369947843497,52.4126974678688,47.9105334382619,48.194690723855,51.6722376469468,47.3792269254831,50.3807407928334,51.2590481838272,52.5532566647327,47.6574331238713,47.1380142199276,56.7633604103007,60.8857162894293,53.6335429690023,60.9519916786461,49.4164026913087,53.3070437317059,51.6381671755712,45.3546354720937,55.6550628700363,49.0033329450809,51.5591549043873,44.5589292536011,53.4077022980422,43.6640774064774,50.4223904917285,46.7559873456337,49.6763212238838,47.7035998222127,46.6935533333875,50.8496339790159,47.3066426264492,54.5161589139481,58.0830171255218,76.8517455776448,36.6787851540134,38.3354032055012,65.2981296564709,42.1377938236357,42.8251440016545,53.3741865283747
40.097657161788,38.9997452571611,41.9724037058612,40.1086055406071,38.7538109545364,42.2593107348184,44.0795809388589,42.0938773659081,43.8248340728049,44.6659625139829,87.3754616094973,50.8284795251125,47.3144239075502,46.3735426278707,53.3238989216468,58.5316035419361,0,22.5837356494326,20.4223384287479,26.4200136857575,46.5269964632834,45.3068892308397,46.2702184607422,59.5695149587205,71.5498381416826,81.4403700470574,68.1286762577133,71.1474433578872,57.6412876939691,47.184388548119,45.3383622458264,49.1146000798672,59.8190813269844,68.4775137282706,57.7386850587434,54.0900855431584,63.1583750586266,69.0114164829681,66.7527563684317,68.6341979320774,73.5547605724848,77.4828945790854,72.9953965257389,73.2256497287075,76.6092057334998,72.3817617235637,75.3292696493747,76.243348649783,77.5023875629547,72.6189263089284,72.1544458126092,40.8535332041506,46.1613394287221,39.1435950609216,40.1993356987818,40.3080749111949,44.3612808535776,42.0663783215874,48.8983943976197,55.0148230360974,49.4127609296986,51.2256951464971,45.1428693833005,27.6591228612882,45.3152904875277,56.7814470748192,71.8769496629838,74.7921744125157,72.8296291904954,71.8299420500574,75.65822053005,72.1360200692451,79.394003050383,82.9840502594,101.375321600175,48.4885722450312,50.9705144384337,92.129739860938,51.8857369367482,48.0955381453599,46.6634743560537
32.3170634516753,31.2676145041684,34.1806259664197,32.3894494366618,31.0765289629721,34.4577701488279,36.2677343867565,34.3365551645127,36.3951356751745,37.2305091489576,78.9805313481575,43.4048574040921,39.899631083759,38.9464536698453,44.9284783591061,50.1640037438922,22.5837356494326,0,13.6905792056678,16.7559178198265,37.6117343646696,36.4916318637125,37.4773222788609,51.5067296881619,63.0201229084116,72.9389001243472,60.1687434268674,63.1506169206828,49.1239617618104,39.6192757975096,37.7698166764678,41.5937293955261,51.33923818407,59.74507076712,49.3989122461521,45.7608116876307,55.7220470890246,60.5816758528199,58.3206389393736,60.2039486881084,65.1514867550124,69.0795397852435,64.5948344172073,64.8251537439684,68.1965323508301,63.9638057261049,66.9134169132264,67.8273708175875,69.0851627397438,64.203703875183,63.7349892683144,30.6098939708618,36.2960419477917,28.7322027758064,31.3120500927838,30.1471924322729,34.4088459945718,32.1766814174359,40.9686986830827,46.4587359160237,40.9545322146516,42.8562890586987,36.8314078182804,15.6972123109242,37.5635071583557,48.9448203581809,63.428335183698,66.34090867762,64.3797783258988,63.3815179790133,67.263819413022,63.7412387370228,70.9875280605151,74.5778105495819,92.9987179293893,40.4866126660195,42.9482763668892,83.8351788480776,43.8789682933485,39.8633068288876,39.2568500932365
35.0466330233098,33.961387695837,36.9153609547484,35.0771791246969,33.7329082207468,37.19636094099,39.0110434173236,37.0418195119999,38.7357359362972,39.5763557576297,82.1235454891126,45.7036120587006,42.1998578944987,41.2690956171856,48.0758736128509,53.290961817176,20.4223384287479,13.6905792056678,0,19.5962023949397,41.1724333368675,39.9706184559544,40.943169529554,54.4059080600205,66.2609768763385,76.1594509690134,62.9881682732994,65.9990013774352,52.3590859992295,42.1247887916912,40.2797347772024,44.049373067201,54.5448272737742,63.1538770962414,52.5058389299818,48.8604079502117,57.9993058476606,63.7503567677598,61.4910546028604,63.3729699162169,68.3008252926176,72.2289146743252,67.7421837583153,67.9724292443376,71.3526259889605,67.1237765711357,70.071830476129,70.9858928504758,72.2445753840221,67.361664943203,66.8960591688814,35.1784685485031,40.6338893666085,33.3561485836573,35.3110744736343,34.5404915435001,38.6781003435401,36.4181884157463,43.7950780605199,49.7626281425592,44.1843434935501,46.0276826641723,39.9563862598936,20.1705313189691,40.2484911160471,51.6754934955317,66.6106824733641,69.5251835438686,67.5630281876562,66.5637342267198,70.406551535361,66.8842578767358,74.1390811072645,77.7292037493647,96.1283605884667,43.3455251704612,45.8221616115071,86.9075344820355,46.7489433777535,42.9160129939098,41.6018521342559
40.0207173186743,38.966362792346,41.8875552055007,40.0844981463051,38.7676704186959,42.1680102851848,43.981036550674,42.0426754053631,44.1450178997562,44.9804861238141,86.7817454051747,51.1790327321625,47.6671831192884,46.7067939724981,52.7265210839516,57.958790910583,26.4200136857575,16.7559178198265,19.5962023949397,0,45.4328328024272,44.3124438747914,45.292229768358,59.2685706521498,70.8382920842558,80.7533544933766,67.921501957846,70.9063905257102,56.9377508699007,47.3422697888852,45.4919885228353,49.3228958740245,59.1503716702423,67.5675236921935,57.1901007719214,53.5504597822856,63.5185816889914,68.3869502655973,66.1262044966494,68.0093098550872,72.9535392058934,76.8816199735339,72.3965626085601,72.6268938580259,75.9998187965863,71.7677223729772,74.717093348429,75.6310490598784,76.8890091549606,72.0072971434744,71.5390867212426,38.4260823021376,44.0290055506239,36.6943705573776,38.2287500072045,38.1909211327033,42.3911878663008,40.12495719549,48.6972209285159,54.2379109171961,48.7262669416798,50.6128145020956,44.5856923370683,25.1494792909053,45.2799799774278,56.6820665759381,71.2360092587904,74.1489137268181,72.1876037973465,71.1891623413998,75.0648872670947,71.5423457383582,78.7900681669078,82.3803125298585,100.797683891847,48.2382473301801,50.7022005795679,91.6221202305767,51.6257436874496,47.6215016621592,46.9895131324672
33.3697765868588,32.8942918442902,35.2218393408751,34.0575575917632,33.2472557224285,35.5274536586907,37.3533266904353,35.9343357655804,44.8702073482454,45.6340953276845,78.2206289152505,53.0328426828069,49.3500421302821,47.9183012491268,43.6354434984656,49.0335508929341,46.5269964632834,37.6117343646696,41.1724333368675,45.4328328024272,0,22.249128892942,20.5575371768049,52.4086178985097,61.7879588017912,71.7786926420394,61.9462727564977,64.5934332343638,47.3742025313526,45.0919712490565,43.1577068040969,47.9417735265444,50.1523609083797,51.3608148734375,48.3682652119129,44.7377458444869,66.1697488457006,59.6481648538211,57.3773891792422,59.2721800840468,64.3296679577491,68.2600882964632,63.7853606607983,64.0189783565761,67.3487611835418,63.0918436951213,66.052739814505,66.9640979970722,68.2191815024105,63.3446813614839,62.8564323526525,41.0656221375561,44.502208721191,37.6194411078991,46.6576029129155,32.5203652859761,35.0673808990966,33.1027392288774,41.0141355204895,34.3332640536607,31.5357812367829,34.9021840824311,30.1270352882966,41.2947819900271,39.9448706679693,51.43648665699,62.4319369247589,65.3347595750248,63.3783471669958,62.3848438464036,66.4938647168712,62.968612037525,70.1670827731119,73.7569177625336,92.3135946648315,41.4593519886811,43.7798624954701,83.215760913756,44.2739651504614,36.0395187820986,47.2788908348959
30.6781921535712,30.2727740980357,32.4718155126459,31.4953556858326,30.7272435983158,32.7242309694429,34.5051080088773,33.2046415100393,42.6416511547595,43.3983304294809,74.647522004078,50.895993202028,47.2007183283957,45.7293954261963,39.9018235627219,45.3382643438532,45.3068892308397,36.4916318637125,39.9706184559544,44.3124438747914,22.249128892942,0,13.4673686403513,49.1297938347716,58.165045591299,68.1578112132011,58.8269930069169,61.4149757786084,43.5475437003974,42.5773484171056,40.6361282383919,45.5118477157252,46.5069214500959,43.2946012625516,44.6900804144833,41.057114159323,64.0942503426302,56.0466161586878,53.774492822555,55.6714527629071,60.7440958158732,64.6752248368349,60.2016815793539,60.4361814323834,63.7613928892225,59.500772696415,62.4636166701141,63.3743088839674,64.6293792187277,59.7556472013006,59.2643885564459,40.6740864757085,44.3401317472086,37.2695078093071,45.9651232557351,32.0947884185441,35.1288468196244,33.4055931518255,37.8978955396766,32.4238475434656,27.3216099070282,32.2286610137486,26.4604728053049,40.0898946494609,37.1426424986847,48.4824664572767,58.8241107028047,61.7257983420815,59.769842813628,58.776800737272,62.9176646147093,59.3918878680301,66.5837574652024,70.1733296766877,88.7508275101094,38.2231856739651,40.5115949813846,79.6336623589039,40.9961930283757,31.9167013195663,45.0253758542566
31.5562900571099,31.1557414684683,33.3655815304969,32.3657103989861,31.6047415183127,33.6360896116347,35.433832025923,34.1178360084733,43.6095814298325,44.3670987456038,76.0713211157725,51.8588835355521,48.1639099024515,46.6951202712092,41.3350868555774,46.7503738264792,46.2702184607422,37.4773222788609,40.943169529554,45.292229768358,20.5575371768049,13.4673686403513,0,50.3525019886033,59.6631408914533,69.6411487412254,59.9973638035378,62.6030457119979,45.0790768797538,43.5738198951536,41.6326425371765,46.5006234502632,47.98181673539,46.3397603706239,46.0833299374595,42.4435514431643,65.0546992123572,57.4908255930583,55.2200732695088,57.1158946506932,62.1729744341827,66.1041239619728,61.6289788203606,61.8634120799144,65.1955541970794,60.9380030682974,63.8996015975134,64.8103945227872,66.0661461314256,61.1912834223553,60.702486973969,41.6561166263142,45.27978469566,38.2724420991523,46.922273234821,33.2390694999736,36.1673597080138,34.3621336757274,38.87668176074,31.9027161707915,27.503942580648,32.5368552082739,27.0196602182369,41.0712870972667,38.1298306423575,49.5745039482302,60.2788305052646,63.1820012539766,61.2252671264198,60.2314394335393,64.3412723392251,60.8157243857685,68.0143318483047,71.6037836876374,90.1640523615399,39.3932152160905,41.6943618478688,80.996866368153,42.1260103997055,32.9601375555969,45.9911693148585
40.9966420981094,40.2006637091111,42.3701646761236,41.7482416640302,40.6344873963176,42.0561795582507,43.26093977847,42.1788078722176,49.052471581433,49.7141950525587,70.1066083473623,58.2032931044307,54.4022861561194,52.5281063974699,40.3786862779023,44.5122956694222,59.5695149587205,51.5067296881619,54.4059080600205,59.2685706521498,52.4086178985097,49.1297938347716,50.3525019886033,0,58.8474787768241,67.9689754479864,37.7619685312809,35.6238634999081,47.3325761876641,45.6699414057318,43.7215244519416,49.414830894691,46.3482824639458,69.1820330447926,43.0669550768895,39.4836661376891,71.9610673735953,53.2694338450277,51.1026232795764,52.8869149303203,56.7637844572378,60.6789642728676,56.090855271315,56.3006701905741,60.1094566681291,56.1011133263848,58.9515268337169,59.8828004219406,61.1755688655637,56.2223833046968,55.9343674971502,59.260873166603,63.4259093070693,56.3320378045562,62.8518995467759,52.9082985710568,56.6475291609106,54.8082179647752,45.8553734935339,58.6432956762113,51.952123222862,54.1335051461017,47.1113230919842,54.5393245518167,42.2727461258846,44.025288870043,56.7611403245603,59.7697079613707,57.7607403498867,56.7142237160749,58.4311915796635,54.9297094432594,62.6432702668295,66.2320150484736,83.3830022508898,31.4796928244735,32.7848705296997,73.0747663105698,41.7876698541578,46.0785178328446,51.3994003004115
55.0092195680796,54.4045635752268,56.486995554545,55.8653823778882,54.9066446220138,56.3282494366652,57.6937167449477,56.6614468001902,64.9747665554676,65.683494349056,62.2018467810813,73.6829643674707,69.9345172298167,68.2589947519485,42.284900552855,47.4693138689617,71.5498381416826,63.0201229084116,66.2609768763385,70.8382920842558,61.7879588017912,58.165045591299,59.6631408914533,58.8474787768241,0,31.5408453597309,70.9237626104866,72.7789615131904,46.5748903009143,63.2211212704733,61.2713665581159,66.5795750634004,33.4495408336448,76.9869749642712,48.020930017308,45.3698806252706,87.1636727384771,41.332335300549,38.8031307945421,40.6324322005033,48.6843024173478,52.486627632167,48.3731613164381,48.483166292033,49.9913333497106,45.2503455692745,48.2887733821542,49.3258300430309,50.255244804793,45.724189345256,44.859714680384,69.1431507445864,73.2951826202457,65.9057338251834,73.6176786961776,61.2532746273471,65.3393853981789,63.7977775064373,60.1052704332585,68.9673579290771,62.5209515777673,65.150269202508,58.3144008830139,66.3499417809688,58.2774451487218,65.2853140381108,40.1910852651675,42.5558501220559,40.9591338840111,40.3235479774204,51.1403022173855,47.6206657330455,53.4486146743128,57.1412688816158,78.4487677092966,52.4606726657802,54.2169313311877,81.704624658314,57.8755961970881,57.3568217128657,67.3376933990165
64.7382768491133,64.1292265962228,66.2089983203068,65.5958059345653,64.633129434875,66.0409564555564,67.3969585885784,66.3698952465575,74.6581780706772,75.3647321947095,68.7080385507362,83.3880741767399,79.6369414070236,77.9517773411003,51.842953826268,56.8603713886859,81.4403700470574,72.9389001243472,76.1594509690134,80.7533544933766,71.7786926420394,68.1578112132011,69.6411487412254,67.9689754479864,31.5408453597309,0,80.1289366298653,81.9632062854761,56.5910026825307,72.8314395466189,70.8817693675005,76.2057357241071,42.2334216515905,87.0121661525234,57.3667221223093,54.7577380866425,96.8826423807017,47.875032787336,45.3032780732103,47.003386102121,55.62313190901,59.3737262783664,55.3381025006684,55.3955417004931,56.3675178627808,51.5502195165352,54.5411390383616,55.667330651708,56.434850478872,52.0435953916753,51.1269752095614,79.1531125483476,83.3029102657663,75.9344306855116,83.5759843874297,71.3570066993917,75.4152879325445,73.8536332200066,69.7930287041553,78.8827024605218,72.4116420438837,75.0222030610212,68.1671187864415,76.2520077636867,67.9237258355876,74.7731847890133,44.7331791251772,46.7851557671402,45.4346227423273,45.0375412908266,57.9778366064683,54.4703368212524,59.9616828129237,63.702284162078,85.5037570158474,61.9133839502593,63.6541837051479,90.6495216045557,67.4450480451879,67.1425919632057,77.0192178334061
49.7192994104978,48.8165104380848,51.1108891302235,50.3556567578755,49.1563588195011,50.8119495719947,52.0383708991512,50.8082551085687,56.2202169001469,56.8557961669346,82.5676832717151,65.5655316896977,61.7446212275143,59.7796952185531,52.5319255869514,56.8816145089753,68.1286762577133,60.1687434268674,62.9881682732994,67.921501957846,61.9462727564977,58.8269930069169,59.9973638035378,37.7619685312809,70.9237626104866,80.1289366298653,0,33.9389883473033,59.0899261129346,52.1036939169786,50.1849185752785,55.9309566452179,58.5377535852086,79.2549927688317,55.5823641558582,51.9833144963312,79.4376533288421,65.665751683509,63.4899435494431,65.2762783589022,69.2608047218338,73.1697968122093,68.5969112212529,68.8001908178029,72.5426253037073,68.5201328948228,71.3731153945595,72.3078952167802,73.5918603108755,68.6479476004196,68.348853864519,68.3547096195076,72.5455611443386,65.4945186675169,71.7352489392922,62.3386268929636,66.0467476691247,64.15758428921,55.0866870337232,68.1412755834821,61.4771262041466,63.5399089027022,56.549511027169,63.1184024654261,50.6735858828395,50.3064914221388,69.0834728719703,72.0838168529012,70.0793769328705,69.0374711567509,70.9288099595032,67.4288564168107,75.0952187233234,78.6882611402576,95.9269646650334,42.2969105841762,44.2291495328621,86.7384137518531,51.9913566575356,55.9231757085819,58.6061621925562
52.6304206567766,51.7688556669437,54.0116180950832,53.3137527931528,52.1476920342148,53.7020420659296,54.914575395996,53.747076690099,59.7861939719228,60.4328223354777,84.3506755188778,69.0523067521659,65.2392996668843,63.3115671011752,54.3036124844863,58.5907277850739,71.1474433578872,63.1506169206828,65.9990013774352,70.9063905257102,64.5934332343638,61.4149757786084,62.6030457119979,35.6238634999081,72.7789615131904,81.9632062854761,33.9389883473033,0,60.9967613081007,55.9632709402493,54.0294169143803,59.768939227464,60.3524784151173,81.7103035244879,57.242180966593,53.6386563334054,82.878305305353,67.4469931397323,65.2729061485012,67.0601952338167,71.0233666315617,74.9347753372377,70.3581360610816,70.5640709490012,74.3232383938639,70.3022465868511,73.1559064422778,74.0891330640634,75.3757353342952,70.4296084396211,70.1316076137376,71.1767069762262,75.3570507845155,68.2917564395061,74.633813692067,65.0395247021362,68.7567257258807,66.8846857623835,57.7757442070381,70.7936451530867,64.11594951931,66.2202413244082,59.2147446129469,66.131488300777,53.6604511264294,53.9102321784096,70.8818621147632,73.8837556470452,71.8783558895605,70.8354675703574,72.6982523397002,69.1974314119744,76.8731869273719,80.4647219825894,97.6923855196136,43.9971473617063,45.6935013513502,88.1309996299203,54.225408717328,58.4294092962954,62.1528860611345
40.7590271527773,40.2024807381447,42.2335692680636,41.6664016935964,40.7445781477864,42.077935850068,43.4480735437816,42.4650902857955,51.2495317813493,51.9638798302516,64.4953183003546,59.9220724953024,56.1766852091185,54.5183923731557,26.8223081228126,34.2134820078044,57.6412876939691,49.1239617618104,52.3590859992295,56.9377508699007,47.3742025313526,43.5475437003974,45.0790768797538,47.3325761876641,46.5748903009143,56.5910026825307,59.0899261129346,60.9967613081007,0,49.6374643214665,47.6803797343091,52.9887363881905,33.9909428153325,61.8454755617903,34.8492770775986,31.6372118958168,73.3832103058613,45.0809748637442,42.7638866759599,44.7207172453059,50.3027191918557,54.2450298110685,49.8186920814942,50.0684590545591,53.2067517308933,48.83498400343,51.8520014106775,52.7481225092322,53.9951040093066,49.1499102277613,48.5686287045512,55.2175583356387,59.3398937429048,51.9887307526903,59.687090067157,47.3707434965972,51.3776912244024,49.8105026308646,45.7207551251413,54.4002503709052,47.8742443413457,50.5846028311395,43.6894834079459,52.4574826758951,44.2607831122824,51.9030063439852,47.6346248710643,50.501155037345,48.5594197765053,47.5808414167772,52.7177423886446,49.1798172144847,56.1533971740407,59.7402098034218,78.9430769635594,38.8635598148354,40.6604491020104,71.5101546794357,43.6207761264223,42.3048661845471,53.5986332142127
