IBR/IBR_outputs/SS_Optim/EucDistWater_Total/Results/EucDistWater_Total.asc
NCOLS 160 
NROWS 95 
XLLCORNER 210004.651214014 
YLLCORNER 7350008.22228844 
CELLSIZE 4999.99999999997 
NODATA_value -9999 
[rows 21 to 41 of 95, columns 92 to 137 of 160]
47.5991906970107 25.3805072977555 19.0643403833775 16.9656237706812 44.8965068859175 78.6271284184673 107.421734394603 81.3258075891375 47.4951712604425 19.3665703776388 22.1991779136349 46.6444650172359 33.8943285016056 12.1363572082258 9.07176538218698 25.6863317620733 50.6187703359158 34.0350639129632 19.5848529931891 6.4341160234743 3.89500416185604 20.3262287243509 40.6925896078423 28.1074862914686 14.0751013613425 11.5352172555187 9.96331509673934 8.56413225196371 7.77675293654329 8.54815549429622 7.98038862199388 23.2731989150419 22.9459422418777 6.45254184461533 13.8791722665176 6.90664464464237 17.0320217019261 40.0829870582189 56.8180752000856 49.2533704199208 54.1379953497026 72.8972983775648 83.2975670906702 95.0549150671674 115.007484478667 140.864495467111
38.4084697621646 17.2032243619658 12.8084328014453 17.2542760017029 42.2541248734361 74.1788791639141 107.344829498499 92.94657030226 63.7875507583054 45.1830841233447 46.3259410759112 40.8779925115546 15.9305220842934 12.0571175416757 10.6038902975164 29.0118643569558 60.1186366494495 62.4005350494979 40.8655889832195 14.7759824900204 4.859548730185 12.0325323603151 35.4419127496892 51.0795091191073 42.2404393530035 36.9935916987968 35.7116873397832 36.3105482383985 29.1812285098561 23.171546646921 16.1860691793337 7.30270258665956 11.1783709715491 8.52500789477205 9.82691474700334 17.2358486522642 15.6729085521029 24.8457574329666 29.3177598315086 19.5741346087689 28.3058557526047 42.3682573985523 49.1900977887105 63.5956823625188 85.9919298368773 110.591443203395
24.9934142648708 30.3221476894434 20.1468466260322 17.6395268554978 40.7289185544979 73.1113753942869 109.303272159123 115.212874583732 89.3952569673409 70.7690148169564 59.9864614906567 44.5868046337521 24.8757330563378 26.272961630658 11.7344844094189 30.2598875937988 62.6072619135487 77.0285841821854 56.9957091702693 33.8655807964812 9.83327764456175 5.47219104113486 18.0819804509568 39.7119037775872 49.1541255850341 24.2406882602623 22.6029383791146 36.0559578271181 43.0193829766525 46.5954210080917 39.6633171160968 17.3462919278397 12.2226448578849 9.43816691996318 7.53812351782221 7.24698197008564 8.86345152039439 7.54442375930176 7.65809029309474 6.16794460771411 9.33412300530506 12.0822720916581 19.0957463111015 37.3149472999515 61.7949754374808 77.5177263854152
8.52971012600653 12.4056879461688 27.4267468699069 44.7127990155225 59.4771362037238 85.7022103728151 115.05534958704 116.7612793463 83.1865119110155 53.8593393138268 32.6138267299863 31.5232604605096 22.1824711800324 20.9940411932811 8.31750871218145 29.8396954909972 58.851186419207 51.3562369431171 43.9218494303984 39.9424189783034 14.5036526927835 8.84495367203886 8.2113374961869 20.5186908432674 36.8673716089084 24.9621328248088 19.394147933935 11.704969985737 17.3349998297095 30.9560172913183 44.4621998526113 16.963066754954 9.41391766627783 17.7497250609703 14.1126743732132 16.8694584000894 33.4029118834007 30.4116691747224 24.2541717557439 12.29559778525 9.35300445251534 6.99689597562372 7.4708254949237 18.6209116343646 34.6178056169651 46.3607104837835
29.3917504975972 21.9768909707756 29.7472478885748 36.6037526547224 49.8228117570691 75.3100896302604 88.0685170145217 95.94121456087 73.5782631153226 40.2899068099563 13.0077091185497 17.6021132647081 10.9922905972566 14.0912408973579 8.57402759162363 27.7811030471247 51.5939178532641 29.5224177081122 15.835534511178 28.6543041911955 9.45248309471435 13.3377659641665 15.5274409576407 10.8651206969127 13.2236151662886 32.854628216041 37.503838479579 22.9609619917583 8.29994997433641 24.9196573593006 39.8799048671139 19.532279848929 9.48539202384853 22.2387200235316 9.6586980446919 15.1109121169351 39.6069780647019 31.2017522485327 26.6645601038714 37.6083660240705 30.5036171344105 13.9749871474186 8.73704051314371 7.16360243357241 10.6222836036317 19.0022192857612
45.3860953889948 50.4737117386286 31.4958729011163 12.217964240448 31.2394341911679 48.2795505705345 53.8451449265573 63.4271106547194 65.7552857154369 48.9089509899536 30.118270132807 27.1615721077205 10.6514776727051 13.6955205393453 10.6167953058363 28.031132539025 51.5794093316724 28.4852132912013 8.55296661872416 19.0976155425139 9.86943183682519 28.2126382043847 25.6196992870445 7.17821268080547 12.3330741129514 29.0470425945776 53.0925670579668 32.9181377056977 15.1440573044566 12.2028653339518 24.8436968419084 15.3311712524776 8.96534950117928 10.4730082555114 11.989611509071 10.8398144716409 28.1749412191374 22.161603005434 16.9641222211388 43.5142263372836 54.8608238481206 30.8684737747349 8.66609359028041 8.38320475968874 17.251707890625 7.90633985686077
32.1638101116905 55.3253111080638 39.5572004430935 15.086158254632 16.5554202229724 17.7107683478706 24.5264780937073 31.3298508811254 40.3853153766017 42.4579318029137 41.466472366852 43.8640591518689 33.6988954917792 25.2080339529018 7.19428795602892 26.3947412940282 37.8084439771857 27.939393865127 18.9563472451767 24.7479196882784 6.80093792443768 12.5602381512192 15.7275356425086 10.567868679469 8.17173591241851 28.4958256580064 53.9922595125929 54.9987479465524 43.1706287560075 30.6917936746142 15.9222349601125 14.4413472218144 8.26322011367557 8.50460420672005 14.9696147490291 8.79001803410688 11.9967048410335 22.0237739871945 10.5207402451572 33.1233810021258 60.123099117046 41.1461823183633 11.4381388848525 8.72066212283966 18.6122642262177 23.8031346368698
14.7083464299557 36.6974711444199 45.538325413382 29.2995371790141 12.1153782706253 10.4275132738581 9.48827232832832 12.9100483624143 20.1423150675139 16.9613263008831 20.2242959087271 48.2970059735361 52.7322511763879 23.5039099518754 6.81360290225234 9.19819098101783 12.9738429095778 12.2317368618037 15.5225458430032 16.5319003478866 6.38821662653112 8.29095981503542 13.2137416594884 11.0302454770196 9.31998255998496 12.1960701736389 37.9523917594666 68.2320450499402 67.8725696248084 51.7077301456759 34.8366140418119 28.5091742052694 9.73248460307951 8.53356148113238 9.96427474430948 10.5072786585442 24.0568690181935 34.1920854932935 23.7504946608889 39.0331499717366 53.5094190323229 34.3803124431337 10.736900196582 13.863790315343 25.2089059944051 39.4006521636007
6.61247420220451 12.8079738452558 21.7469534867243 29.9646736303263 14.334412328752 19.9732945539639 16.2318662238375 13.6946333484524 12.2020967117829 12.3462352308488 22.2258936847701 30.8380760730114 45.6856991247647 23.8352897090692 9.12048783542173 13.5274440819416 7.28114083063736 12.3506950399287 14.9064460715104 9.86895510507628 11.6353757601423 6.27397095921287 13.7461074947923 9.53484329938772 14.2691608444389 10.3354967825732 31.6951647270209 55.2234885704967 51.7463138758888 33.0897434162087 26.9840206163984 25.4876783192991 16.9485944731604 20.9405166676035 8.78285979004238 7.60016139656921 19.2350079632424 36.964770925434 40.721608052124 43.9918065112129 27.0237893198999 18.1963078838076 9.35794263615952 17.4020052075502 28.715408191061 42.6656994930077
26.3466642696374 10.5518225097569 9.08638652722334 10.9648827137302 29.5920402273589 37.8243943324509 40.1512931525751 29.1166464767196 34.4680373275659 32.6081599321057 15.4768105722879 14.4093936391835 30.0371651078308 16.7041355133273 21.1002571039382 35.5152574376845 17.3801627400333 6.89757040227994 7.40554298234866 20.0649454919031 13.0232103745515 8.34039778386187 10.2333003383398 9.79980308378981 25.8165813259865 13.2648617045564 20.7707779943866 28.5403996065402 35.6448497475086 14.1796475035698 9.37192021154175 14.2821507625234 11.1573591007675 14.0585170021862 8.18923891126724 10.6601185073545 6.8162838570064 13.8004206702048 16.3162833915169 22.5541077288201 11.2185118269065 6.57148649570775 19.4743336574136 21.0631588037406 18.9619300399518 42.9871487253154
47.9425230713721 22.6724976235404 13.734209866312 22.1702402968471 24.6467681609116 19.0760918181969 40.2488936166631 47.610146699975 42.2747074002425 25.3483598029193 8.49699596162378 21.556326306358 12.6906974691713 6.48316798450065 16.7360610256532 28.5487858867975 17.8777041358759 6.57968924248206 6.61462172026614 7.59813096491871 12.908476709015 8.7306881718232 9.32237590645337 9.63806447348031 29.0842174352183 12.8150944590694 13.2479820425592 12.5867410023732 16.223994802072 19.7585013120222 12.9674939087321 12.6167518730958 12.5951563755373 17.7031878088343 9.28113085419574 18.0560419579022 15.0520962354295 7.94563991750448 12.3303478879566 8.2533473926643 5.21334175569928 13.1338729773868 36.3300827467783 29.5436259448459 27.6167412822943 42.5306114323262
32.7721557955621 32.779989263498 19.7707624847692 12.0462703176287 22.9127266644342 15.6564832963668 14.5572289727744 26.3824383997248 17.2592412692592 13.5170425280829 8.15820504869521 14.2399374771338 15.5689782722215 8.49537698694365 6.19916817353777 9.8120068966021 20.4676531593973 7.95083231757582 11.5185320879099 8.60763463633043 12.7777438168579 6.78141170340132 10.1576500386645 14.769248680429 27.7558838041244 9.88632545361577 11.2186048523781 10.4865361447928 8.07225024206139 8.8706890081678 8.00392508630409 14.3199508523374 18.0377487018025 17.2984194532715 10.712529699806 24.7526050365485 19.579248570325 13.3537454825641 30.5772498772951 15.1808334848457 9.75990248377713 20.086905207334 47.7862183381058 55.8957034593338 55.3954392451781 39.7864641622204
11.840836532864 26.7416246830151 33.254224076701 10.6090626465461 16.662381322042 13.8885975757952 13.5018316912902 20.3575789546016 7.69818914161004 7.33777303712526 6.74028474082485 14.74874439614 16.1112571019956 10.4471570311816 11.9644745958825 11.8632011345624 15.5264302993605 18.4620659841499 7.30067311138788 9.66019928017101 14.8091663585405 9.30549475264212 7.1071707813411 18.2585069955636 13.4220912097545 8.79962911102825 11.5774054727763 13.1804218690133 13.3488840292044 16.3566741478948 17.5615349361535 12.6290207994982 9.58331238528791 12.8709863484565 21.642472536992 28.8102766008541 34.2979446593191 30.3230347752698 16.9475995342492 8.90447475827733 14.7146372768121 15.1017048196574 36.7132418487521 41.027555332944 51.8531968141395 36.1560264774686
30.7238396188818 27.7207695964673 31.3998936421152 15.2212116581273 8.23354446328324 16.7407049410729 10.7366854091376 20.3156963274674 18.3705077166594 12.9206897269854 20.9830601925678 12.7871196094368 11.2134423471112 8.11758749438229 8.32458382949397 17.0085407498307 15.8284374049725 11.2037404307957 8.2529982800537 21.1122906511663 20.2632448219234 7.81003077849908 9.32816871495709 30.0072535691223 26.6573797638191 25.5266605769906 22.6480561989092 28.1152708547947 12.1284695399005 15.2539665304814 26.8611336471729 14.3383156598316 16.8102936575107 11.8032904663442 19.4436749031265 13.35722804204 28.3763617237365 31.6311696325761 9.63023726036232 12.1357804744678 29.1783283786532 26.40814899168 25.0777375977237 13.9109712947346 26.1926724881621 41.5884990949515
34.4508690851334 15.4257926998519 16.6323627699385 16.5564684724885 7.2167562903806 19.538051061586 12.221494847251 25.0730018079399 13.5226731709191 15.2541832606302 23.6057822605715 15.2086411546655 7.26931598451279 11.1965696493584 12.6203752796388 24.9514111427645 26.6699710603408 20.2280321045591 20.6490223272447 18.6416993587573 9.76510050318791 5.76911074978113 10.7908025185411 31.143808580565 19.1107673517776 16.2046897110612 10.6395440173151 16.6902234678676 16.1188847129831 11.2357204592657 15.109454279363 19.9082291683906 37.100243433194 27.873550666579 30.943015561191 23.6684859206922 11.3560870062162 17.9664058232668 7.55141949275026 21.8552916027739 23.0515036701732 40.4369046099274 28.3112685081713 10.6045217926238 20.5192893526637 20.8510874135887
40.1768977616039 23.8346981564168 16.7341055514017 25.4662345453074 11.3522864165096 10.2752717411228 14.0043887017475 21.4443192817967 19.0759518998526 14.4279987251024 15.3697880259503 12.3635566788755 13.0777759434077 13.3591999101938 8.96525335943954 12.7949050502941 17.4120594171769 6.87547951148815 13.0348348819623 7.43626332614167 15.1988595472202 7.90992937054318 6.5307785898529 14.7520765267691 26.3394372730247 24.6122908687767 11.5939600119738 14.0968579481133 18.7770176401391 7.15404704506915 15.3576249043896 33.1261945304913 38.3670816759281 34.9161534020374 16.8846305422093 13.7102778991487 15.486673435256 6.39610676426241 12.2316599933739 25.3801515147809 16.3144448782309 37.69761515324 30.9881012216238 13.6330672982841 22.7191106256402 7.1285917867915
62.1040505682393 47.2029886517504 40.3341866057961 23.3525991016543 15.6224613660411 13.2323708884464 10.8443701895083 13.1754998869067 32.4843533504525 25.1436723827567 24.1805667091056 28.0646117448907 18.1836378050023 12.6926858884041 9.7763632603025 7.31259322342203 8.75924392171078 9.46844839176498 13.5129757574055 17.9967430878957 8.09091622013568 13.3323807271822 11.4183613344134 12.5522135015607 16.0125093054335 30.1539648457123 28.272246023553 21.681587797258 19.0778134265207 16.491568762678 32.8783298275611 41.2298498631176 15.9764741019387 20.2621203431619 9.68739451442872 4.53388423318916 5.74529130298191 9.07847369423445 9.45216317395329 30.35993687479 26.8930490863291 22.1300874903461 24.7127274027205 16.2571552189039 15.5958725002283 13.3045141147906
89.9347551103372 75.4724948174175 56.0297168260448 31.1292549352221 26.8629258097995 31.2808154187006 13.5409078263538 13.4133413872352 37.7089752616352 46.3202798615196 24.0870142024673 9.94193875887805 5.89685558554322 12.5732282573557 16.3290234256197 10.9202572383705 11.4864994142856 9.60648178029265 14.3564381739117 22.5456534078928 9.17400678977504 16.3768628961717 8.5214003813179 19.2554591201951 12.4583697612125 14.2276424512739 38.1525228668852 27.4932743065891 13.1669759920972 22.406942190698 26.0120265700937 44.1023981130447 30.4113148843481 26.4119306569687 8.7302085173522 10.5273085592279 21.7493416953807 18.0455363428813 18.1108695521491 34.9904513267747 19.8185433484052 7.34028787702488 9.84770226081457 11.0812257003365 8.66563175675429 13.4034372561668
85.0920999068443 64.7787353997352 40.8803605027028 35.5225688441351 48.8640845465019 39.9429717902715 14.8670484524844 20.9323497139876 21.4227227155012 39.6681507786026 26.9703469204525 13.8725300144718 11.2817486383894 13.455350847426 14.7648176611768 12.5973071268093 26.9723322319694 21.3786656426871 11.6891860804869 24.5420987351375 18.6857577231746 9.96458177274405 6.19793275425337 8.22560027709147 18.378530108894 24.5249038729993 42.4230363969781 24.5425463276068 14.8501332772189 16.9560853310231 20.941478126926 32.7706162524863 31.4275572308666 16.5717364010295 10.3929460443931 10.1941916084363 12.421654761511 11.4709283721223 16.5916198002254 16.897822774216 35.5336045329664 31.7510213751966 25.5008633139539 13.8913565417543 17.2920945423604 17.5612744253654
63.5088348271279 53.749172826809 22.602060123084 13.8530012977098 41.6614177044524 55.1740297054303 41.1948026871869 26.2706916056169 9.86851247912017 26.2094867321249 21.3725044671732 11.8999593550768 10.675503704105 20.5721528519208 18.916567721836 16.237721609188 15.4112652284844 32.6813239066601 19.8335618608361 24.930409032028 38.1203910372121 28.084794177363 10.0733664482626 14.4512601754284 7.35018397368805 23.140309854069 42.0992474597367 31.5552947702372 18.0573098711285 7.44464654636789 14.5850791975486 9.51806843170885 10.1465088788001 8.63647907497267 12.6180181935263 8.74029322160254 13.128772071995 17.7966637782609 6.84705490015887 15.1706192624072 32.9430583990507 38.3325891115194 24.1193556192924 15.3937962889577 13.6838313738281 21.7432846521886
37.231432390054 52.2060211776835 26.9916359713116 15.9453657950046 40.4931321666135 65.7621264372438 64.572449595996 40.7954600874641 17.9439641984797 11.4134014795248 6.37779877033552 10.6622131738062 9.08656481950834 10.7169247693081 10.6237598934983 7.67922386452682 6.43591769717813 18.3640489452974 28.0245398691601 18.4761137167275 26.4504288729432 14.4312213007758 16.7209600185007 29.0146351375439 21.6024793811276 8.66658867648243 18.3025847287348 22.4393360483122 28.2784127793907 26.3728439108278 20.1159092825072 9.59345297880321 18.5865692718526 20.5288091412916 8.91478768487099 8.07790555717094 24.9787467080566 17.5419941114178 6.86538484598265 12.2491610431223 29.784047058369 24.6736306341141 7.62290434656916 10.6184060497808 20.0779656156016 25.4272183487967
