IBR/IBR_outputs/SS_Optim/EucDistWater_Total/Results/EucDistWater_Total.asc
NCOLS 160 
NROWS 95 
XLLCORNER 210004.651214014 
YLLCORNER 7350008.22228844 
CELLSIZE 4999.99999999997 
NODATA_value -9999 
[rows 63 to 83 of 95, columns 92 to 137 of 160]
13.8263194967807 12.5339291995009 35.8826391360344 39.5817545087957 14.5943620780085 25.4980285241662 50.9370098460738 31.3231565694251 15.9974668073722 36.9833944617548 64.6557814966912 65.1265583197443 67.2595520092981 84.4296438266947 108.440970916119 130.76204244388 131.496296364908 96.8497791748687 63.4956777034927 36.656115947428 27.8699722903863 34.9555612092918 12.5388678642946 13.9687465788584 24.9941204607353 29.5030842131255 45.5072892192854 62.5916847567271 89.668304946418 122.093217687544 125.745741586241 105.986527838033 92.9036425710892 81.7519712261767 73.1982059894576 67.861891278547 57.5230845844786 63.3830821514622 83.9145002386047 111.520941523642 109.203924535985 90.2344000278362 59.9078202223725 30.652013774126 20.5902882953145 41.0948312109998
30.2263201502019 21.4185657887478 21.8596403733233 32.9043714237109 38.2956384845541 44.2884212700828 49.4329432769977 32.5368323242865 11.9213150181827 26.0526781139533 47.6121196647434 33.1280828585574 36.6944847275071 61.0293103792633 93.2104650702832 129.755808863547 130.536954636971 92.4716250653447 57.4122593756383 26.1964054767413 13.3633952188895 36.1198975677243 32.3837473164959 24.7634924435988 9.9793535619076 7.95059559381718 17.7986264453721 41.9027335500521 71.2874171195826 98.659469301032 94.4052175992672 73.2295003549432 60.6881223773382 64.6172270429043 82.7190743920124 96.8596081145955 93.2584801294541 97.4737196280317 113.431190124017 138.011849322724 131.106385714472 93.8693542685057 59.3596372152085 29.6417905020396 19.1106502351787 42.3867436858341
41.8698158718117 24.5278254466965 10.7982239084498 28.8031333264559 54.4536414414064 51.6645712322511 27.1805031949819 20.6816341419332 30.8652342508925 40.1853429566431 36.2490090672663 12.2238657687006 21.5635041394321 52.4280946452288 87.1410118762913 125.068541280616 136.723624221382 101.442941421316 69.5853641048899 45.5677631507604 38.5296567184068 53.6263070513079 61.5578238754384 45.7748706994812 30.3774111387606 20.3417272450492 8.51861499808803 26.4567737476663 54.6752503445789 70.9767515369319 62.0768955694015 47.6898826070449 28.7041560484507 35.6397990951188 62.0289218168226 95.1023229827838 124.486064644656 135.763031372496 147.247915532717 145.187588915491 125.105096173576 102.251064445614 75.9179828993637 54.2465087503982 48.6310550439492 62.7115420015555
17.8612038956886 23.6099375433916 34.8897907221171 48.7055702040333 41.0733920513898 27.5061487300641 24.609044458192 21.3315810070415 39.1607003090251 45.0935609082309 30.4552337337459 12.1617142587203 24.6000725941881 55.336450338395 90.0657189510948 128.08891475209 150.774451464181 121.771890091764 94.5830419256604 76.7718357241336 72.208589818219 82.38963367691 92.0015553551299 73.3171648289202 61.0964963026335 39.0395534288349 12.7798978956774 19.954324985135 31.2333007631971 43.7801549984582 30.1027407071037 27.9220006751067 14.3495860128513 24.990799651957 55.8781921023855 90.7387681246943 128.897098106244 163.562215168356 148.976710506189 117.504058051413 92.6896138590645 78.1388182215154 76.4691349969199 79.7271710874278 77.3278287839042 80.1713485343824
23.7230470677005 30.6345017730073 56.2502285566805 61.885414393378 32.3603474023472 10.9683415862494 11.485830623168 21.3477842777041 20.190951004513 19.1397829957405 19.0226179864447 16.9211015860958 41.0211384285401 66.6199322978893 98.2267427171292 134.716338414123 166.216085401758 150.425615383972 127.178170025009 112.925014360212 109.392429965738 117.241283545053 123.495345160386 106.619934507926 83.3780243665797 54.8592486837831 36.6171041095787 18.8625744200165 13.4143836278242 30.4754907298715 11.5509013164803 16.1558784712823 35.3031282889266 45.0113446054769 68.3506055531824 99.8570596789657 136.285237657008 162.211238281089 130.661255873064 95.3259789436549 65.435905728794 45.181846351689 44.2801373349248 62.3426799133844 57.8097861747437 51.0330725365559
43.9927028115262 43.9210864135193 43.6096816742568 57.3012494890664 48.875400960968 25.372042848333 11.587045184985 11.7526560135775 23.0650026530085 12.003361259137 20.7635788383574 23.9154861255676 32.4478530966936 59.3697604533655 92.6266187024164 124.468428801665 144.114624958924 161.190250231472 162.390541867643 153.025969834029 150.036976567134 156.602602663085 159.941252308846 135.830517714414 105.672453783252 82.3915300248058 61.6698263532256 39.4675191940917 34.2983089114032 42.9061358685893 23.882042280275 19.2295610047486 38.1374195512752 58.3824828539383 84.7692005353184 115.638469825173 151.242485596752 161.195679569976 121.992305470742 84.5127761472727 50.4287151799419 21.2386596218727 19.4813965850415 45.3409122813208 32.8774998834278 20.4642442824251
51.6238799598753 25.2668038884174 16.8139091743112 42.729276179024 61.8030340174226 35.919585532803 18.8465254042515 34.322955327689 43.4399924863894 22.9896107752572 26.3315869892076 17.0014813324198 24.5952286180981 51.3159441470575 76.4596920293019 92.2362432695675 108.011383924651 129.733151078524 151.65486295196 166.364362783127 168.412342274894 178.557027269868 187.488090195275 163.23117056667 135.988006336705 112.816342180555 87.6630522595356 70.479570476956 66.9196647246274 55.9572635250782 27.2396899660823 12.5328461679892 15.7846729555433 41.9064903015584 73.4255039380722 108.964477656798 148.167383172519 162.80428998394 124.593943943214 87.7891809306237 55.1549665444693 29.8986647597941 28.5386368890171 48.5925279378354 31.3112453857767 18.0610575206173
59.2207312313523 32.0563987077575 25.5238116647865 47.385299549208 72.3103086596905 58.4683325795924 49.3032143981799 59.5559917809344 67.2115653416147 51.9441518763729 46.0705418727284 34.9738245024037 23.4451304179149 31.0440897362672 47.2758053703321 59.0253671100347 77.0169603642869 96.3432632222577 119.416902664653 126.771382504499 129.727961457393 142.946493348074 164.973219455273 184.381934767305 170.551090825986 142.741271672687 119.856747719509 106.315551025669 98.4902611367633 73.4051825677184 50.4124203605393 26.4916305843191 13.98540483144 37.9241548995208 70.651882954135 106.874676911823 141.534692844698 151.287638190867 136.179619364018 104.223053864365 76.7239351055317 59.4843122422 58.6985663909719 69.7275317471767 54.8466008706864 47.6608602522067
79.5137914833144 60.201146073655 56.5734794132995 69.4997740626278 68.7386795944344 52.2811561156319 52.5128230614218 70.0823101319054 84.7516239416545 58.4199717105448 30.9559105377998 15.9322078796622 16.6343282759625 20.0602105993847 17.8641734294379 30.4342315683219 48.3004006246583 67.6155316512779 90.6625801383429 88.1432082382322 91.8245759038487 107.862696004523 133.24312391426 165.521927522533 190.867238765401 174.885154293853 157.187913092094 145.65173416651 126.526147137746 100.118495185869 72.9761419162095 49.1367016369026 41.1097306860028 55.00178586382 81.4584582637279 110.234386117704 113.033986966747 112.371524509074 122.425842253159 125.536132897322 107.462465975644 94.4424358606272 93.8662511446027 100.167334117039 87.3140859335735 82.4068223076117
109.379976674387 94.6200918267783 91.6745753213202 81.7442974652998 50.5026261530598 23.9480993034114 25.0294674980341 52.2069991910025 78.3394158067978 54.8574866428168 24.8532569062916 14.3817160180407 35.0630910631382 30.6136559520375 13.2314339412353 15.5192744368564 22.2883115942424 49.9597383627647 64.6239874844426 52.9502845541934 58.21863077429 79.1700957266603 108.997649530312 144.415855773131 164.055885141159 156.094433005666 155.948725155001 161.251881674564 139.564514206919 110.02533387308 82.7409637549046 57.7614093049576 44.8246510402736 50.4945019123484 71.7238848326772 88.5311503090043 76.3395251835088 75.3122003028964 88.7472234301771 112.842382096843 134.374168007708 133.142358180814 132.714844013827 136.102480893354 124.42236275826 120.556054170257
145.290413329566 132.991718964305 117.703734865952 83.3117769537953 49.9703902887001 22.9454243302782 24.0380873143415 51.6580158543694 80.2861981355786 67.9918549981141 48.0216860132516 42.8472741523361 56.5507041932971 55.4549915450387 40.0332417312741 25.8813157003476 25.7330484297379 47.5061899213702 39.7031251604503 22.2958165622726 31.9267932484316 60.6718459773935 93.0782130859422 124.468679172837 126.135509413727 115.201367881736 115.398064292774 126.653590875702 120.18841429755 87.1993972353233 60.21115490383 37.0430315418549 15.8096837999805 26.0194022188783 55.4457606988414 64.1266483573676 43.7935210733212 42.1719348831406 61.3076132639437 90.7843055558416 125.792579700544 160.526990570038 174.882661143133 176.451617285887 165.33074971785 157.117304894835
186.019390762545 166.915851105731 131.394784053799 96.9878167719044 68.6292227700808 50.7402102109809 51.2715506778351 68.4566640716425 66.1537502953689 52.3441767249528 53.2677070592027 62.4288401187301 81.2857856947332 85.1092813694414 70.3594422151793 54.6672781323002 53.5197765131973 45.268408524603 18.4795118545671 9.47801250637951 23.3731156954136 47.1246206007535 72.801558177409 101.362376914558 91.7967264500557 77.9530259071021 78.2017953444453 92.4862822267457 104.490628078341 73.7411865152061 41.214284775371 17.0927833457874 14.7044571600134 29.3859470307479 56.7836038928344 50.9825825440546 21.285386677022 18.1878949998451 46.5758600214972 80.3806700706909 117.533584729222 158.061685724732 198.707060452487 198.900462072266 176.181221800748 144.146959580584
225.910338744524 188.83515765725 152.234912316047 121.388234039457 97.978078433704 84.9463394943771 84.5332088646988 74.1536193931182 44.5809048700892 22.066756309062 22.8893927037705 42.7786375971812 73.7239866643005 105.094652604586 102.212997305993 88.000265881041 67.2679722585439 35.4548522976028 10.7958117912841 9.24720003337848 12.595492546307 28.7197093759561 59.3695714839561 84.144292796545 64.1055997874024 44.6681939641885 45.0413812489646 64.9696621847677 91.8063202171512 75.5374855111485 43.9878576182177 22.5916670724337 32.1714011665186 54.27069419074 73.6598601606485 56.899409573038 31.9219172961857 29.7320622691718 52.8109874930478 84.5881785114599 120.814857500512 160.829834279642 185.655578606902 163.795119262079 144.211390676175 119.54420744021
254.866426937849 215.126656492913 181.038630655631 153.370361948467 133.447652365864 122.449494382454 103.799244075219 68.8420814257444 35.9743691601905 11.7757836130803 14.5486500488366 38.0819700632966 70.7008486580897 106.827677741658 125.038710313727 106.682507336937 73.3221969113324 40.9808635630116 13.2321882883207 16.1152443795687 12.4726332235036 22.0537411979468 44.5323408795221 69.9490989008439 48.5447208749527 19.8193952192655 20.5823321686378 49.6454877851999 83.5714659795336 91.3411281824855 66.4921468721319 53.3880827245921 58.7173383988708 73.4818029361813 80.6124856998642 75.9378211454093 61.7944458985851 60.5362840737439 75.8681420738529 102.119129478437 135.122395212999 170.191100266348 159.693201628536 130.005542688124 107.862665805195 94.211028356674
276.185657549589 243.211206739294 214.66448406768 191.036135126235 173.295999414539 149.429109338797 112.359097065487 78.3900831548423 50.5190567048118 36.0037745953397 41.4006809441137 56.1369447050997 82.9852323706863 108.224997399951 97.4597749630205 86.938965135511 77.6482520218423 49.9061335878853 25.6337789849053 24.9209891347326 24.9554562664408 14.616131729692 39.5962911693275 67.3944340550564 47.459525711595 18.898012711598 21.0899763693042 50.5020154262591 84.6181238499227 111.691404656078 98.1075247294178 86.0097723284098 70.5143379118359 51.7853252318431 48.5553120487791 64.6288203450194 86.0046610483874 95.7597737926187 107.537066987638 129.251531278759 158.664874728946 170.97595759901 136.394392145805 103.124065644449 76.4609998291494 60.4702658385221
243.523850817002 216.691149187101 197.066630193293 185.411849955279 180.79313625354 164.231662816359 130.709736058738 100.798464237758 79.0111642892928 69.550742783545 74.5981931511453 85.9284662414329 104.431847867269 92.6596296429234 66.4845319441499 52.094414015153 53.8934425066138 48.4031731266766 19.7617223635564 12.410656220291 22.4312373192192 14.1236316496371 37.074541219764 54.8783513028415 60.0726152192838 43.8780968631098 44.9763259080343 65.419954483537 94.9827561330496 110.106749219603 105.071795647458 88.7470353432141 55.2806837584309 26.257248500874 19.9928856243217 45.5443340677412 77.4942973293444 105.307203814723 129.691714787475 157.287560833515 184.483054487189 162.428282877117 122.269546768139 85.861382726245 53.8031039776568 29.9454146369693
206.380341479932 177.393435183292 155.663306326044 142.51167117757 139.10328707646 145.703952219081 149.664131429465 131.56398314945 113.798524492971 106.585918371401 111.06107050552 121.093550145827 112.312150270435 77.296808533205 45.1507990975953 21.9146311267534 24.22686444291 45.5196773234969 39.9778744565133 32.2879727510321 15.2969418231801 21.143065217866 17.6986180452466 30.9646612859943 51.622863641365 58.9007444379912 72.7611855105886 91.8341119959313 95.8669120160768 77.3236155899888 69.0794997261963 73.7636829078654 56.4099189762792 28.423984322922 22.5878163896438 40.7040440836872 56.3131419830593 79.6739437497357 110.935909771672 147.393377880608 183.156660427217 159.539094761242 118.788766525646 81.3497314787315 47.0387703896604 16.6874568365268
174.192117119491 143.877753751743 119.136588692336 103.492137701362 99.3181750110325 107.491651633088 126.434892115564 149.34788902376 152.225387305963 146.412038726702 149.431399050657 148.148241389342 112.811030584159 76.3815336749445 43.7292849796693 18.9133114824674 19.7200611310254 46.219681867937 67.5838476320023 51.0562157739799 30.7061799705153 24.8436860292416 13.9596311321099 27.0657717835793 22.6336694337747 35.6581235212356 64.9985065254937 94.6634281538798 75.6289972531079 48.40331433401 35.5392766125055 47.1351968789133 65.9674828269391 54.5359427436111 36.2971468962463 18.1219322252574 33.1224936871484 63.7079403340549 98.7044355624633 137.225989888035 177.001239316863 161.291073362285 120.709779077832 83.6294738602685 50.1922595585489 22.7350858035996
139.170802576878 117.151470432539 88.5201817069321 68.6510262543819 62.9574067511198 73.9106934453483 97.245561422333 128.283954821992 148.636726835135 138.268609066097 135.787224114339 140.922393605047 123.405530170033 90.3439326107571 63.3126667586832 47.8853716713512 47.4306643370843 64.3787341243709 88.2911475060445 76.0371456724184 54.4317185962453 26.7942178605491 18.2708154494275 32.5933421418904 15.8299162086294 31.3053150753054 62.4172744445368 90.3672393925469 66.0212177847112 33.4805360837394 12.4009370138788 31.6646631679995 63.8994514774982 69.9130144403303 39.3281103384947 19.8492637556441 34.1902869063577 64.3293784799052 99.1456593762312 137.571448387097 178.644121676576 170.542934939233 131.491754608388 97.000471618194 68.4424247971215 50.1681833252684
101.155241030242 92.4024387407667 66.7127038287117 39.8345360415211 30.3058263071395 47.6086030749105 77.1759968977451 111.449882463953 114.312271968143 99.4187669126388 96.3524039067386 105.82864444531 122.917763861935 114.847361646075 93.4660133266084 82.3334100344335 81.5777863072118 93.6567454146079 114.443673641348 102.021487393061 72.5772083949245 51.0252746809456 46.5691623055667 53.8323557589625 44.6149419330532 52.9994515374103 76.8800540975112 99.1016855417292 73.166048821365 44.7949367916341 30.6395400768548 43.3549532888163 71.2138611739426 84.7780034362021 61.8976917252726 50.5075219048608 58.4465216696271 81.2397167661916 112.156721694319 148.386276227401 181.077554531339 172.742867179557 143.83776505857 110.278222293213 82.7703534671487 64.8703301477684
66.8775385294121 60.1085895140995 56.3387910636525 27.8318143989637 13.2412136341269 37.7358190369138 70.767953429399 100.558377856182 83.8947834451095 64.6463134479631 60.3905776254168 73.1367264645844 97.8014486096533 126.525927111475 128.981590267489 120.299921532956 119.424922061792 129.032049426858 144.717091019757 125.668284461758 99.9931934270526 83.9085550586842 79.1356726762988 71.8217312071442 60.0610954594236 63.9144229963472 82.7764970900964 106.97795800832 94.1794175574198 72.3477414676479 63.5493109504555 71.3497528495247 92.5282427728897 109.61233472451 93.6837685972456 85.6334378868362 91.1376459694168 108.769899537537 135.34876981961 163.698732327907 155.830904440666 136.142483620927 123.072698398226 95.7992961576081 63.1536306751715 37.5449203799164
