IBR/IBR_outputs/SS_Optim/EucDistWater_Total/Results/EucDistWater_Total.asc
NCOLS 160 
NROWS 95 
XLLCORNER 210004.651214014 
YLLCORNER 7350008.22228844 
CELLSIZE 4999.99999999997 
NODATA_value -9999 
[rows 42 to 62 of 95, columns 92 to 137 of 160]
26.295954160371 48.8717383790693 27.8687826201822 19.1904913274715 35.3070249034521 40.842686985039 47.4610982418081 29.3186664540413 32.1785198863216 25.3317650844626 9.5590799870327 20.7835449236688 22.8940563056279 14.3438209291641 7.45291213489105 16.3042154867004 7.60737335332448 11.8766799072276 20.4212169734442 12.6029361942107 19.6192641885947 18.5567178680981 8.04685628052584 22.3441775357056 37.7261742376098 20.731080486889 7.25492501711489 7.39427654945592 9.79345263957765 24.4283134248159 22.221948623946 24.9479516541884 31.0201690173017 25.1341590022613 14.2667502404929 12.9406214433054 9.64153876164687 6.42135550018827 18.9395552803614 39.844397262072 44.2357697395198 22.8491467885472 9.64547025305478 20.8888873710922 12.6275183529003 9.45957992885485
18.9851454612211 44.5822513353798 28.3725228615584 19.9208901200441 15.3804881144695 18.3225060473566 31.0448466064682 14.7601582350678 24.5869115741939 44.8368419825442 36.6795944215511 39.730457408802 25.3118118717888 9.47371180783392 11.4944296734142 32.7694111226863 18.4793099089475 12.076909231345 21.1727609771608 34.5514241831045 39.2561916400403 36.9797041298337 12.5971763930395 13.2279855174075 29.0234911507232 26.8537942557034 22.7187727290835 7.61960874297785 14.575252732657 8.06142822799723 12.6608246718911 25.9090212628718 17.0365877014449 14.4622667087515 31.0426074056314 22.6108427767332 14.132028000696 7.11278507182493 29.0284518582251 51.0813208070703 47.3474367482003 18.4787465875419 6.94009288242739 11.7489362083208 8.29188989739373 9.92809172379617
13.5081526115017 38.0517119505873 24.0520552013281 12.2234321807077 25.2987526125642 27.6154279220033 13.4847088417974 24.4909717683793 43.7979289266672 65.3474521984182 68.7580585856976 65.9371995381687 46.187406697446 24.5405290788856 8.55298730234057 28.5211630315189 24.8439486226658 11.5285165794407 29.3092376858299 57.2436880560915 49.6511998823729 21.5256490665893 14.8931060653043 17.7677251289215 20.3556392316764 9.22430768471384 12.2810188600336 9.26470314553904 12.3482449003113 18.0626227178018 24.0564112173768 18.4641126804872 8.28847444015975 12.6625506649995 20.8260979144044 9.77526402336804 7.80849231481295 5.17039138307058 18.2239830035372 26.1558065685956 40.7765142413832 17.1548032250197 11.4482760444604 30.2316883599438 26.4686198690112 15.5638415841748
15.4111312194711 38.2230085261097 31.118075424803 25.9160014169664 39.8074631511063 35.3765291008241 28.2058459856191 37.389373891883 42.8742282697664 52.4784849991628 59.871714912602 72.9734431277497 53.3260485907219 22.3244632467647 12.3743768458746 13.9029024419204 18.3145471036709 14.3638669992283 37.7040668869626 60.3762615080762 47.6222828828398 28.3819626032214 21.8066035624748 17.3169816309942 7.76493523919942 13.7071980918719 10.2321907963919 9.00651310860138 14.237920295935 20.4707277399702 13.8765048554425 19.0674321895303 9.29393883078177 9.63197251003476 9.65846093008679 8.96740768014962 20.5998572532648 18.3725614931173 14.7313778310976 20.9504814204519 39.7384431949389 19.5668902050891 20.2755532819646 23.3768344970474 19.3495922868188 7.24018577104385
15.3449864673673 25.2805996995032 15.0619446048671 38.306315237553 40.1576893233038 16.1175948269156 20.9636902138813 31.2425732122764 14.8327498482388 23.4739118859505 30.6396687019248 47.2659129847424 49.0781876210015 38.6462879750541 32.1671677961471 14.0786433565035 13.522211811422 25.7494209226766 36.706369975162 39.7308974900931 23.5049180864208 25.5994443960233 10.7270728731953 12.9326967797755 10.0298772568437 10.6029742601128 12.0350318270845 10.9599506614033 12.3886959789799 24.0574855858373 19.0411640697997 11.1712572468639 21.008252923141 25.4159588980827 8.83902968304227 22.716482720054 42.7936563814642 45.8115719967895 40.4794148684029 34.8156771888383 42.3699132375498 44.8340724641551 40.6292531072448 20.1459878982876 14.408940161482 9.35628126663545
12.2803582990622 24.9321410087753 21.4999113553284 39.4964207897535 26.2832544436861 11.3522499369984 17.5064516233575 18.3514322790896 12.4527339816871 8.771913512038 21.5475823377953 20.7144122867385 26.6975237534768 51.9594588418801 43.7270749411717 16.2547887817297 10.7685808900105 29.7146740425447 18.324111820045 20.9060953175478 17.9405452347646 17.9864347783525 17.0494934991011 9.39360470776944 8.03753538491526 11.367521774172 7.38727432524041 22.3535218204053 18.7103383304087 8.67331526627737 8.0892555562973 12.6477402680566 24.6807514661372 27.9094920285555 20.8795814439848 37.6385319904355 64.0056490726745 69.6191373499763 41.74641620036 14.8451104438645 24.2269369225459 53.0132175094432 43.6918717746915 26.1880559115945 30.2041304753939 32.8133250999603
22.1855354819462 16.3114803327685 31.3223017174423 41.7782320282392 28.9690276103917 21.2316211651965 27.4058500047898 28.6034416634575 20.4352281193779 15.3340013944323 24.9686889780209 14.9604471148702 21.8486781367847 43.2093049345384 30.3856563614131 9.15451691473493 14.2505848973059 17.6403570326942 27.7206948822503 31.4714427224184 27.8725509601518 14.1185048094451 19.7206080718259 8.69053023681374 12.5345259885952 5.13847531950381 7.61077714695011 22.1061018520281 12.509852306856 13.5611658011605 18.2061805615452 11.5964713442554 26.5221058162302 13.843951724135 21.4304642740355 46.3113030990792 50.5503548621251 57.7995738470195 42.7506638530583 19.7981142759548 29.3031666337691 54.2111029206603 35.78628538658 11.9082662977345 27.4371521867088 51.817282267617
25.0775521218006 8.30811727124501 12.3928292885 18.3077584612355 26.1072610612077 35.8626756891465 16.617515306926 23.2606814001786 39.3514593437268 38.9959273591701 25.0089168840443 16.455219022079 11.8029609948446 30.917311686207 17.0217313969591 13.9721810529754 27.6228506463709 14.2950645881332 28.9347748230395 45.5115924114198 37.9560721994368 13.560463202163 13.190411199027 10.4880349013529 15.563696974649 5.91270735608731 9.5815032884845 11.228513318859 15.4043675925641 15.6235415937968 7.67698075804685 9.87979108486002 28.3356767592462 36.2025292927233 37.5951559755294 30.0934051872355 19.7939191871719 28.1673923001718 42.3260488043713 48.0345500050863 54.0128730263936 67.6275325507453 44.4272624411187 22.9713484579348 20.8582913286386 35.4878496382112
22.2242171821857 8.06834483667922 16.1578263296419 12.4718662680553 13.8024354235052 16.3159784814489 9.91812705343659 18.7556250943884 40.4315593753107 42.1858087290678 19.6181538542642 23.9948413525103 34.2030038570117 31.5270212941306 9.46446255525376 25.1016554880105 34.9482478858951 17.0810997259107 12.1343300640136 31.702576572031 45.3176530635743 29.0742633799744 26.8610435733668 7.78615990569983 15.518289405946 7.61429075065746 17.7319349873928 14.6217148260575 14.0977641257605 7.12373359733897 13.3374395838905 30.4852088272103 32.9878572417869 41.1894921971935 33.1237599272986 10.7842717624942 5.89968031499569 6.4878613737082 27.9765875822369 43.3538509416911 51.0268216787968 66.0328366975087 42.2557737636112 15.9180326638721 15.1845532904709 20.9386503125172
11.7013318986818 7.53767124240261 18.2427073751863 7.82350349213476 8.22603128377892 11.3080975442792 17.5427665161345 13.681997108182 21.5900103493082 17.9879132250983 15.2126486798037 26.8496105871185 40.5121897775446 22.6933253927319 10.1664007102744 32.5994533464136 24.343607271692 13.5190062778702 21.3084257446002 38.2765324395216 62.8062932242602 57.2642059290461 33.2857848368777 9.60132680500959 11.0358114876124 16.5332234139966 10.5176652190553 8.27238377206356 6.65715964843366 12.3888968196981 11.384022011357 25.8023646780276 10.3224066226536 19.1317881028917 24.8740955729984 8.88719478332996 11.4683665279103 9.83627565145031 18.7145894728561 15.6641722310245 27.6097481582762 50.5498464125647 47.5256002842754 37.2146288072027 18.028371903421 10.496300455428
14.0357906839117 7.88053299394699 15.4930138804261 13.4246384765548 9.55068040677457 9.53020489261871 18.022816911623 14.1985274714511 7.71057430029458 11.5431642279838 11.873051272831 19.591077352847 13.4182246696476 7.35516451902282 16.6554267822933 20.8876142685471 20.1751277967136 16.5251552016754 9.91371281803885 30.810106935968 58.1159589486085 52.6292426369203 31.3519775190805 13.3439088550759 9.23604787023936 15.7927067469659 9.83225903960954 8.75947526835841 8.60161631275213 17.7071757922599 7.40883587276653 22.4349942972422 8.99954061914292 12.1359304400783 30.8142687488061 24.8040905950299 17.4109072794855 19.9508705338255 13.1954231778367 17.0044318135919 30.1556442373135 29.1068915387378 23.3636457661689 40.0052678007862 25.2731179489537 20.4935146290618
34.0106955278516 25.1596249196464 25.0750682989208 31.5980941967807 15.4110047390992 14.8933030343391 10.8675793741144 14.8573346467639 10.5411846376466 8.40082222662352 16.011130811309 23.1692476994114 14.8486584422807 17.8366709179298 21.2283857534454 23.4425604772616 20.5322506777202 16.9697625146346 9.58184184521878 15.9531678816049 35.3734989082269 34.0868380260817 13.7485206416109 23.6488414888727 25.4963032122763 23.0912656569587 23.7534671676272 11.1566410667683 6.97956756427749 18.089758412427 10.3657478397457 21.2866856273861 11.6987438267091 13.1473295971407 30.5997217311447 13.9789271145793 9.87653395441293 18.3591704092073 14.5309009860997 38.2867158122897 49.6359513346525 26.1259438284789 19.2020520515808 42.8653426616047 46.616722139013 39.7052868725178
58.704199250228 56.0631936219931 56.0796887050611 56.5574132998136 42.9578159475776 36.9690862496175 26.5800438100861 18.7003001771614 32.9361463417694 19.2521785814197 14.8353310763667 16.0039669485909 34.9532133158927 23.3712570778077 9.23303785221395 33.4354171948355 31.6515837303294 20.4835209565014 18.4126799834444 10.7378136020592 16.3988086491488 16.8716232189001 29.7647440288339 39.3925609803388 54.63811251744 40.0633492241651 21.9405692880666 15.6030072677185 23.2167442226465 24.1923302676192 14.7246253091093 28.3035453776894 34.4408467103088 32.8850514947524 37.5431028719219 19.1099825191766 23.8388113153639 25.2220719032403 27.6112700153398 51.1100510423667 68.4226810248797 50.8302950547885 43.2487142222641 34.6582227040777 23.5661885410297 25.9112674145763
38.5293621019511 50.2547312702789 71.5892276692313 73.5012342540201 72.6687235155446 68.5248178632238 54.3366533672229 48.3179291732814 51.9497544230459 25.8101729271169 12.4511247351993 21.9384495983907 42.6109189166949 32.309108965171 12.3501694753701 23.6111183973113 41.2070135413733 21.0828765134619 10.1300459709129 14.8914581453402 19.7215785509525 13.2329022254011 32.4373534973924 41.5667520345032 59.1633162510927 38.5351391872068 15.7749467276008 17.7376643879837 17.40417166128 13.5768165839912 26.8923781353619 46.9665959797883 65.5066424086843 65.4648784304997 61.1703430278753 48.0771081475704 39.29401034717 14.8212555624104 21.7604878936747 52.1793074166025 82.958462141551 70.2664393869897 39.1485309971269 14.8117323870295 14.4529121103388 32.120446351675
11.3204873614924 31.6613728198511 49.2170272457745 44.5039460941063 58.1852787714981 82.4075423771741 86.2864748528488 82.6717392271687 68.0758892508112 43.5691137279294 36.7935460182787 50.3912153163617 64.8259903705342 49.4880354342064 26.5852766381924 29.0768721544388 22.7017508193071 13.7710206353545 17.0415560696576 27.8990051438357 27.1162128689032 7.55393952257691 12.574098514027 22.3759674761195 52.7449058471759 54.9179410515992 41.9942108528052 28.5015250150842 18.2338458032369 19.7204069681505 18.245050264856 46.5923906917137 79.1151758243288 74.8229453967049 50.5533065236444 38.9210184116334 44.3905239573729 37.9326631511428 41.6899594086347 64.1674513624388 92.1871944516614 75.1636934615307 44.3115483140704 24.4498289607005 19.1794375515132 25.9609867147984
25.5492561115548 27.4281186754936 24.4892912161657 16.0558862652354 38.7382757259908 63.0915289651101 86.4002041216825 107.937785251084 92.4586682186527 74.3250825489636 70.0767348673383 81.085696478034 88.0097048474898 69.2690226797994 56.3658955110707 44.6306393279236 20.0567826055844 17.8528850847329 38.6358388952327 54.3529182001528 36.3587447026471 25.3075247222769 30.2323464644371 35.6573415764739 56.2436919606612 41.9641155734697 28.9470801085725 38.4104962240489 44.6053403538014 44.5114022910718 42.846225038664 61.7365062444686 84.907049505514 62.3030086354022 30.7522166399382 12.4037249964385 31.8950770669763 43.2544611329257 49.352462223701 71.8793328896408 93.1059242743905 78.6469375915753 63.7244054932643 46.3185583196018 22.060709415447 16.3645997555345
47.2668658651651 19.8982345485242 17.7125850943594 21.8187979563183 23.0858247291402 38.3125434793039 67.7718113637819 102.385768099639 121.839312585798 110.191176363233 106.63421029612 99.2216425210731 72.9731153690857 52.0974234777374 48.3174301291805 56.1926552170494 48.3365058789489 47.0707943040676 61.5897012663087 78.7876847389761 63.4876132075705 57.2010442721228 62.1625720498935 65.7307751972101 62.4952215413937 31.5738807478884 12.1116166794373 17.0251433178922 39.4057906819987 66.8408113212458 76.0815830341999 89.3250095866736 93.3257611341947 62.2961909444134 34.1242136839896 23.0645722029994 33.0463312126209 16.4018569423293 27.5368027047503 58.1258226105377 71.1565102160301 49.7293821384419 43.5004416307547 53.1670138462655 38.2207846564421 14.7024178646787
42.6164073088831 30.3951997248262 37.6398802806597 34.6243391443356 14.4124193409693 32.4361462668718 64.2260000579062 99.8062816005361 136.541970160921 145.071706360149 126.902100552586 90.4559762048429 56.1518358038143 26.8610156194313 19.6308155193027 44.8554805990238 72.705310033701 81.5800206437686 91.8588747439975 107.405646420937 97.4370733893269 92.9116610787884 97.40618428066 97.5141689971489 74.5376647886804 48.2160649346154 31.2787790893056 20.7885885627081 41.2119470024433 72.6387597781532 104.994258648912 115.182973092953 87.5431786100696 53.7275744330612 23.2648743670323 16.0862301218923 36.3679605424835 24.3406562861057 33.2444445918104 59.3789998142921 51.5381739691907 26.6760029871532 15.9128367806646 39.4397207307841 29.8408882480715 10.9954113296926
22.8434989108121 12.298929852332 33.2029919547728 51.2204617735422 42.4347681262161 52.4340655222776 77.4714333896347 106.094526294651 116.863581093142 124.06623761545 124.935522800831 91.3133165299608 57.3564887332256 29.0239815956074 22.3642642022255 46.2596710710278 78.6293757205642 111.210813987207 125.728953168854 130.41316093255 120.659747772368 103.451393838012 91.3774926381072 90.9530807785415 91.6519055921606 77.1671087220165 58.6293007094853 51.6554665696958 63.7653870826935 88.813630410122 120.437938709972 113.871628603361 77.4565555714024 44.8348372528344 19.0030829573737 22.4538472881405 37.7337321862022 43.7242158642867 58.3339436772991 67.4390213345418 38.7408197713132 13.2326807101817 20.9522224900852 44.9331493624887 44.3001373725144 33.3306364898584
23.9555176005499 27.521095809331 45.0559168755775 64.4632706270095 58.4736120860811 63.700560554463 83.352222965482 84.8429482684204 79.294112392399 88.0568810680664 107.893296498066 104.536232199893 75.8926615131103 55.8053042770659 52.2397689874229 67.2539592417483 93.919285348852 122.491301408897 115.114907971345 99.9506277233386 92.718957734389 73.0529216537236 56.6553011203187 56.3739816423707 73.3113930134473 89.3864690903828 88.4782331354854 86.76465712733 95.4608861318166 115.439537997751 138.174216267617 113.038400158015 76.1712586445825 42.6168377108135 15.1268027743156 21.2805259809019 14.5762517419644 28.2092997465697 59.3828198010339 75.9220838980482 49.5100026405546 31.9176017055269 40.1347195519425 64.1993332196431 69.5145542839021 63.0627969779434
10.9030324361137 22.9565111769398 51.8117047551131 48.8484288404463 29.2321594358949 36.5644816618428 60.963761509598 53.0826126218701 44.7699331299923 57.533766994762 83.569778905848 99.8460224128318 94.4245408077698 88.4215633990591 87.1170040648287 97.9815575240262 118.377155069451 112.899641493029 84.8054742226701 65.2968170056143 59.8295116216781 48.335731011383 26.6005410215794 26.9951625138694 48.868730089697 58.6152617112378 75.9750212295754 91.9133372813834 112.407710860559 138.555152072992 150.956850571185 120.524691402407 86.5296173450981 57.6049028759659 39.9620153563835 38.6848354055867 25.7051638829819 35.9146044327416 63.8675245126803 90.1794480114015 75.9473157414619 64.5753544123928 64.5334996866765 55.7018159297443 50.6720513801732 55.2069080879502
