IBR/IBR_outputs/SS_Optim/EucDistWater_Total/Results/EucDistWater_Total.asc
NCOLS 160 
NROWS 95 
XLLCORNER 210004.651214014 
YLLCORNER 7350008.22228844 
CELLSIZE 4999.99999999997 
NODATA_value -9999 
[rows 21 to 41 of 95, columns 46 to 91 of 160]
-9999 -9999 -9999 -9999 -9999 9.27746538329495 14.9875566692775 15.8384348976059 -9999 -9999 -9999 31.4858711159221 18.4049680524143 29.3308623012961 25.2759927916015 7.58683929401718 6.20575922816238 -9999 -9999 -9999 -9999 -9999 -9999 -9999 -9999 -9999 -9999 -9999 4.11217281396154 9.47412210128579 6.38953200444746 15.1483921295327 32.9960076415688 45.9282884690996 64.4209968000795 61.6630395116968 40.6164292818783 16.6580254651458 19.8563460576245 39.9296627388484 63.9722397148523 74.203042397994 42.3864170311273 12.3502553274831 16.0496838543407 44.6640430982064
-9999 -9999 -9999 -9999 27.7565127079462 10.8757792991675 14.1783629630579 11.5535866545851 22.4259779207225 -9999 13.4167661172014 26.3478119170871 16.7568722107246 22.5653441212989 24.719981776663 6.18794461858204 12.5901175866485 18.9626871902061 -9999 -9999 -9999 -9999 -9999 11.7090604555511 15.7892701316221 9.68002936728823 19.2821290365588 10.9346481828633 4.55196509172043 9.36473108385735 12.3075676925101 30.4786077691729 50.7186640798478 48.759362153748 56.1488896797301 64.9722482415099 49.2913493533642 34.2866910240705 14.0764980524732 20.180654325487 50.6002487945946 73.6657694513273 48.5881648780376 20.1801509396482 11.2769834421341 24.8766166824
-9999 -9999 12.1396370725571 28.8546066332235 30.3534821967208 25.4890832937129 8.17389579175853 15.5785152300032 36.6765698983526 25.6116752103177 5.09774151534396 9.45651175094054 24.3637526517127 38.0568358325949 17.0269733063102 4.86884520664853 16.1056224876791 6.71330103759578 5.60263345630506 10.4812630667845 11.8352178298474 7.21399357515378 19.8531028432942 6.29759282000919 5.30120117095231 6.76167193244117 24.2577111961321 30.818380388443 13.9227472531863 21.9514530046486 29.4184425874355 50.7065322987707 40.7908700963869 19.1501708354428 31.9242435173983 41.5842031638606 24.0117559856375 31.6933778521746 18.832237064448 24.5071310725173 51.4018375299125 78.8961111068021 64.4825060673832 40.9804639612612 19.8899396920438 9.25078748001874
-9999 10.5965271463575 3.97244976167946 16.0210382879226 9.43267298412815 17.535813417748 11.9203091314764 11.7273746139391 36.0016620885135 36.3170946561306 17.5107236879835 10.2887394921049 25.4704322233592 36.7883400217013 15.3218123703453 11.894688672568 26.1914943101037 9.77220278113276 16.872271759988 24.9462891333164 11.720841774373 7.40148287264407 25.9303308131217 18.459020253866 7.09288641223702 24.5679411326425 44.8623380872834 54.072235175558 40.2370247217317 46.6735242196239 51.9293258810697 54.4949900472598 39.0684488593221 19.2125344534526 31.3239202807249 31.5413889010305 9.44787093133647 29.2656514425552 40.41908637368 30.3323351956479 40.6047455762351 67.069866353509 76.0199227016951 52.9434424427372 28.0454554801548 10.8464480858409
5.64320109547623 15.6336841392471 6.76292217367291 8.96944220501223 10.9460145576748 26.894947014296 32.446759309288 31.4247624883964 51.9321088194234 55.6267330301752 37.569152506315 23.8919614127329 14.6104210138818 23.9198066492728 24.9528311028941 14.391399116972 34.2287588739767 27.623298815541 36.0671360947497 30.9178045864844 14.5445882370138 7.84079702092146 27.1457876039061 28.1330687523531 11.5281545855879 34.731681167856 65.8202702699585 82.2749415087912 72.5201312408901 56.5171737280583 32.3616867526599 25.7221730550157 25.1301073092877 29.020726552921 22.3679836766175 34.6007130912636 26.3284171463157 41.2140268135333 35.0116134917356 10.7616476896412 27.1049741465049 58.9005489443215 60.8316859996087 32.4171494371727 22.7447486540896 31.0058053753061
9.50103511797619 12.1225374880926 18.3079390651229 17.2161057674567 13.301343439017 20.9055374490229 43.1806555474063 59.151801846023 53.9129855622161 33.8331654898753 35.5507449547948 45.2746476507587 30.6616861910266 35.2674826090166 38.1413480842282 37.721160187412 54.6313550942887 56.8477872545904 35.975514412639 15.1739627786581 16.9487653368016 24.535019128293 36.4766629277709 29.522495907394 9.73665944486947 32.9150700731001 65.8831943360287 98.8935237622206 86.574143286044 52.2314304053006 22.0793348991791 12.1474973781303 10.3963845749342 21.6710994793553 18.0542174445166 42.6166856138366 57.9930667150318 59.8684984983029 34.2097234917774 11.7783342241064 27.5912311668944 58.3146373287339 58.5429523575738 28.2941824240929 9.87939441476453 20.5988355956138
14.0129007931956 20.5078247071982 34.7966856180251 39.8465340534611 25.2378190308817 14.8432146843066 35.5000758301524 46.1023830688716 43.1754023063875 16.7647490640856 20.1291172772526 41.2376761733451 50.7347269523783 35.0313201993569 16.0419143972527 32.0782306350695 63.1970965377338 69.3666026932583 39.5019939759014 22.1092176586765 31.6368502408195 38.5809906480958 51.2223203997851 31.5961347969358 12.1809341259527 29.69850082869 59.7866235926752 93.6651945541636 96.2615794402614 65.8836194384251 44.1885869292418 32.8791755519543 21.0135014333356 13.5848182644519 27.8829872783784 45.499266499202 73.6047875866687 69.1064122290065 36.9901883370148 11.1510858385995 20.7070507756005 50.5894413812335 69.2967561797402 46.4399796923032 21.3061229974287 10.5903327363238
22.4586742618537 13.0368723131326 29.4113941419005 26.0727467303135 32.578502854208 31.8944160789621 21.0469786803368 16.4050381253121 26.9690793091896 17.086935438717 15.292439655774 19.7674057444364 38.7816549425785 16.2842918627754 9.30389506691699 33.7565894488674 64.6372147546712 63.6307251775265 34.8368995089876 21.0444084574256 20.0884226108986 17.9545427193225 44.3785613649122 32.1677631110164 8.58254097927431 25.0876545108909 56.2726520248632 86.6978551274565 103.71275210139 91.1366567614161 76.1542691309136 61.9841730972603 43.042950543601 27.0044963595917 12.5376234817243 35.207294162803 68.0998834359411 79.8314557339131 48.7952789913278 20.1994097503634 17.2150707593786 45.8733585836601 74.811724915741 55.8415725938162 26.1017063178742 8.94775155541748
35.0058888984713 35.5003077756986 19.2676442341934 11.9908525151458 21.1437457954991 14.21442486184 16.0079575798358 9.49979303685319 15.1538585062399 10.4799945688478 17.5769099441172 29.2370541163531 43.9578265453681 24.9886764513639 22.3986323965916 46.4041969623921 60.3061495281144 44.1481346361592 25.1473114615756 15.1719389093963 13.3803685977409 19.5174669756023 41.6556424677546 28.1789869034167 8.65103073523693 30.2611192818004 45.2770846834898 62.0610327706065 73.6241616985504 86.2220548724003 100.723663160436 91.5229149569311 69.8511477585936 45.5907860407373 34.8871482090791 49.1794436501937 77.1930483461781 91.8084181985827 63.771376410538 42.2461327041705 40.08966826295 57.4784432076451 71.3542543831507 57.4744059071068 29.757516992133 17.3956830509823
57.1489271836963 49.6742006308165 24.5312795078159 26.9737023826474 34.9465663171196 24.6365279204028 34.1050980142276 21.0906323826686 21.9761030972692 23.2848908199525 16.8005824231473 22.1525763917352 40.4856844699048 52.0317010221747 49.1779926298996 50.3644639116578 32.8982237807434 24.7319074826384 11.4715911778026 24.5880214288571 17.6541612762682 9.34063856175544 24.995743016457 33.370406173207 12.8563916973006 18.5518717049545 18.7436331698636 32.7799987281153 40.6051190372976 57.9666606231332 82.9280317587893 99.0937473097092 90.6286649243422 74.947076889523 68.2417537185227 77.4453922625502 99.2717544466751 112.976802537064 90.0628093479735 73.8739325276989 62.1199761750567 45.5442884237931 41.626996747189 56.5971139093778 55.8789482133591 40.5959403694973
56.8846318799079 50.8660154841782 34.2098311588914 33.3598274825484 34.2311086739154 14.1555916346325 27.3794926175706 25.4216102398851 9.62286217240199 20.5441222392859 11.5345103864191 12.6236670078382 30.6208836285816 49.9016605303864 38.8301250494837 25.1669034227702 15.1675210449836 8.78533307875944 16.3470353309008 22.5707697669846 20.0156110434966 9.72411209048028 29.5118797205886 32.5525307589081 9.35175399971064 9.13256053397163 9.31536247670891 8.92172450957202 14.4060841659076 35.4215464715931 62.7272189527917 65.3723783510329 71.5536692409068 88.9102673280095 98.6308923993687 108.416751293777 127.522131479919 132.653633215943 113.608177553967 87.9716613518654 54.2555922825887 23.7158197325307 15.2544225669857 41.065556140612 66.1915970489376 57.9881499135844
29.0288173537313 25.2657198539526 19.2102751587526 11.8662824424588 15.4430478354964 14.2105918958323 14.0720784660565 10.6162061379195 12.2855062282069 9.73278624544457 8.13374719274952 25.8978743531105 19.3890608931641 26.626387599877 26.6816003789503 11.6080411310505 16.0947744026507 18.7933812393075 37.5188851534115 29.2516385140022 16.4306833663008 18.224118046238 16.1206543535586 29.6173291078699 11.924894178181 23.8037045742604 25.1782496978338 15.7478524177877 11.7057442576652 30.3461498908243 43.1388940619601 32.4195921489277 42.4047748013959 63.5311688116568 77.1320930843521 92.9517046736678 115.663854842268 107.421839990301 87.8537677629968 73.0600500657678 45.2296825370466 18.9445616230656 18.0645094566068 43.5342588108397 49.8187944232536 31.4435558759702
23.4778840939015 19.3150951542876 24.3560794154163 9.64577330421793 10.8174106645584 7.6387042155884 6.3420379407043 7.80284937227071 13.9462973163068 20.5024367977735 10.6159802780911 15.3475592834161 14.0112478569249 14.9253848479719 17.4058688013408 17.2720368664505 19.9956330310688 41.1526077267801 35.4021437580607 19.7821250412267 9.62818712777408 18.5167917010301 15.5989562814726 15.2939328458894 11.1726732835872 22.3078797506625 44.6116307928997 29.1206991306016 19.1982379918327 13.9145566760098 22.0709849001747 11.7714113919145 22.8338488588992 33.8073453040906 44.9451711284552 66.2884389572087 88.6798789925148 75.7256385450543 57.1384159688165 44.6696448257804 30.9678796778424 9.79777940955614 26.0503443352479 53.7975055059744 40.8063989786867 14.5660514601258
22.956076241744 16.5001059108546 27.1624455901386 17.5360284756661 13.5059372811945 13.1086534485619 12.9885395160878 6.0171165532264 10.5483772933608 10.2316341712864 14.4952041987828 7.08075736066331 14.3878886072114 12.5880811738653 18.6730707675153 20.6591212807988 15.0327913757836 40.5361635863281 27.2563552173489 14.160349861515 16.9451832652904 28.987328059413 21.2014266172512 8.33182445341942 9.46214009642949 30.2089844538094 39.2605357754077 45.4225324163993 31.6850444567642 8.55112725904741 15.8514371729498 28.5008855098703 16.7400913907828 12.4119890195942 22.1039781503719 52.0608441281723 68.9384705966309 46.0458032981519 32.0624351909324 16.0241271710217 18.6745276714549 11.0217854246104 36.8442260620732 47.1126796639364 28.1040770897195 28.2092592239205
12.0628724760898 11.6480897614214 15.8951628875349 15.1181066082071 31.2351137590201 21.6649931726856 12.2437695846575 8.43397436138144 7.48638737034793 5.79784184516586 7.32091611678948 6.95596694870176 16.7693298677771 9.20152928385852 11.5970829766272 13.3493212129803 15.7489752159581 34.2042831751963 21.6287249774958 17.6984574378799 11.4027917442193 15.2277446385694 19.2526517927708 14.4947506140774 21.2317083610815 27.6219667587365 13.5511332958598 33.1614901237285 24.9894846260066 15.160959050276 18.8622856257867 38.9236822626719 34.5664193861664 24.3914186457422 31.1378086290983 52.8567835578514 52.9577113661346 29.0314258148196 11.9353686445648 16.637296950351 9.8611384257735 12.3514527799477 38.5812564787543 41.5412529043501 15.0232401054316 14.9100939085179
11.1974522222727 5.34835233215216 7.02101344350626 11.5019757956009 18.7629340996591 19.7042489507339 12.8790352638857 12.1286672517685 11.4637247210694 6.94775258630136 5.58026319785006 7.31237090928101 19.9385027655351 8.32943107435426 11.8060015362294 7.87287240130053 12.8824908349479 14.7555078866706 14.1769463722439 7.26477090212842 7.98973236551564 15.2393104531822 16.99669044284 14.0293000683987 22.2697431262076 28.5838399327377 22.548378358687 29.7618081263649 24.1683579180857 15.8080543424563 13.8240707409827 20.7637957888054 26.7091104581039 13.3209532707205 37.4735712381511 39.8050470530677 24.922282290123 29.9265762168176 18.4351548089949 32.8525676874034 22.134678704011 10.6868700752817 33.7168080891761 50.8560731814665 33.5390664563814 23.6668875970038
8.6170258170381 6.9855990590446 5.44496514227768 5.79924629991604 6.23976951523144 7.90581927714044 14.6984535192674 11.0486717332256 15.1385038083548 10.5205738662607 11.9794874751429 21.7361155938038 21.4649481621219 8.74925698467541 17.6311418681342 15.0978609923331 16.688490354471 14.7658382337611 24.1432061063967 17.8092962633091 8.93298225411655 22.556562542237 20.231423547371 31.151951074439 20.0819092573391 12.4891489245023 13.8581648731547 15.1373106678398 25.2985190842421 12.8009027045351 21.1208454274081 11.3066802311148 15.7428669342061 17.4630598980164 39.5102575913634 32.9390752713276 13.5325401133456 33.1420182501595 46.3161769200769 38.1420838888038 24.082569962446 8.49625073012413 17.7951679146996 45.0772393690595 58.1811065984617 54.8235555039971
15.7617226083893 11.6131005149849 10.0460121585689 10.8165074643508 10.2976967462578 11.9495689775008 13.0910823622631 11.5558965827701 8.2350781159908 10.9448879431761 9.74564889711701 11.8819831321406 17.4298930324419 10.7322135487893 29.0153661022099 29.5652639493183 11.967617919435 13.1469794463607 19.3718808527438 19.0873599819521 8.05602693364523 17.5990867753359 10.0359982274937 29.9229595726977 19.887901825836 21.1242680049563 13.0303815939591 14.4629815667518 28.4558015612288 30.2936272609726 33.2744724483761 11.9952333603415 22.4893949290927 18.358484322828 18.8970261572762 31.4931248207862 34.2746269110224 48.3912429300331 42.6181548083789 19.1289345644319 11.0703817381099 23.153908931264 13.8944364122099 30.5496825805262 54.6163464147232 76.4226956142517
22.4058019808043 19.0606965566166 15.6756494313619 6.7703788770213 9.17591447031282 9.07466307942707 13.9611008661988 4.82235905131603 6.86598698879862 6.93816915779445 7.50390983823678 6.32580619662667 17.9291393168897 12.4814589291221 22.4528987836638 20.7987891164165 27.1174405704714 9.20323655915371 8.93393397273019 7.88201794400868 8.80106909462887 7.09306591970937 7.42436264361493 23.7746188542073 17.0551063698115 13.4409108570286 8.98493780949661 13.127821925946 8.68775905540701 17.3986351938586 27.4801918788968 30.4594825961569 20.6834381016915 8.18116140582794 16.1918876163449 9.44349505915346 19.6471409202376 31.7307529661311 26.5008960841977 9.00305310376581 21.5369232734603 30.2941600990961 13.0633659451602 12.6470827728091 32.7220733509822 59.7131744390393
8.26995683749635 9.78744550589465 15.5518090625956 7.82954485267419 4.29693797288576 8.06004138144908 5.00292152273818 11.1814144384874 7.32773225915793 11.322221106352 12.9146512077054 13.9863392280084 16.989452809947 10.7009901109176 16.2503140237209 19.9793166011252 30.0240162686248 13.5593216689531 13.1000084394399 24.0363301905517 28.2193775527958 20.4450602036194 11.759102971813 8.75106558116698 8.70074167124255 13.8906278128389 17.7881206151942 10.4514441511128 13.9458699104454 10.4491821375894 13.0090807652299 15.2160482634615 19.7458322170141 6.73024682300121 8.99123105636789 8.86889533375881 14.4652958540745 11.6888380837429 10.2621897114274 18.1359290394935 11.7702464193137 23.9930381976538 16.2781142505509 9.4931827490168 20.2218976845168 45.1327197255382
17.9265513159856 5.67640647516777 12.8220462746685 5.70514692307631 5.74180379633708 16.3451317512037 6.83366240255333 8.74986748659694 13.0913845825334 7.42200921119303 7.27014109799069 6.66612342308849 11.5459880561131 15.3290245743489 24.4546108734812 44.0112625325627 50.659729466393 41.001408155915 40.4588559177374 49.9867561041087 39.9664284541367 12.588468883266 8.41433643086884 14.4547277456361 13.4946376594802 21.794571969462 36.5409592158051 20.8485063249854 8.45239854718409 14.7583546022632 10.6750244161361 17.7548106953556 13.1985076220591 6.27390159664515 9.84072377900554 6.77471625851996 11.5691500908815 12.1233111635826 8.85610993384773 23.7975015457644 13.8838519034952 27.8479920263966 29.793324881735 14.0575854202073 16.716916264053 20.0356755264049
