0.0979739 0.0582215 0.139317 0.704488
0.124328 9.9991E-05 0.0871412 0.788431
0.13559 0.00881747 0.215663 0.639929
0.2154 0.0409847 0.00583849 0.737777
9.9982E-05 0.069887 9.9982E-05 0.929913
0.143499 0.0400306 9.9991E-05 0.81637
0.184423 0.0237099 0.0406064 0.751261
0.236528 9.9982E-05 9.9982E-05 0.763272
0.0940254 0.090753 0.201868 0.613353
0.234258 0.055281 0.207205 0.503256
0.55491 0.071809 0.071736 0.301545
0.234406 0.043035 0.219822 0.502737
0.887617 0.0670735 0.0452093 9.9991E-05
0.285133 0.0505088 0.21962 0.444738
0.0124003 0.0965757 0.129128 0.761896
0.252903 9.9991E-05 0.0470813 0.699916
0.109873 0.00179451 0.245677 0.642655
0.0275596 9.9991E-05 0.149775 0.822566
0.0955202 0.158686 0.612486 0.133307
0.239844 9.9991E-05 0.626812 0.133243
0.0656378 9.9991E-05 0.744692 0.189571
0.05091 0.0548116 0.8137 0.0805787
0.0077241 0.033973 0.958203 9.9991E-05
9.9991E-05 0.0366167 0.837079 0.126204
0.0805959 9.9991E-05 0.701788 0.217516
0.0129283 9.9991E-05 0.939371 0.0476009
9.9982E-05 0.0699934 0.929807 9.9982E-05
9.9982E-05 0.0982467 0.901553 9.9982E-05
9.9991E-05 0.00623526 0.907999 0.0856659
9.9991E-05 0.0764824 0.86345 0.0599675
9.9991E-05 0.046549 0.950164 0.00318701
9.9991E-05 0.0771957 0.856875 0.065829
0.0727042 0.0208138 0.892695 0.0137865
0.29212 0.020363 0.197879 0.489637
9.9991E-05 0.0317167 0.273604 0.69458
0.0721454 0.0618344 0.121105 0.744916
0.240818 9.9991E-05 0.128028 0.631054
0.31528 0.0563057 0.126385 0.50203
9.9982E-05 0.368691 0.631109 9.9982E-05
0.204654 0.00449308 0.790753 9.9991E-05
9.9991E-05 0.119173 0.131392 0.749335
0.212928 9.9991E-05 0.128055 0.658917
0.276923 0.114086 0.273812 0.335179
0.567796 0.186469 0.104753 0.140982
0.985308 0.0144918 9.9982E-05 9.9982E-05
0.0186519 0.370908 0.609992 0.000447817
0.34081 0.0181652 0.323446 0.317579
0.638856 0.0678339 0.115565 0.177746
0.260896 0.0771833 0.338717 0.323203
0.210309 0.784574 0.00501669 9.9991E-05
0.19453 0.80527 9.9982E-05 9.9982E-05
9.9991E-05 0.818838 0.0200406 0.161021
0.284203 0.712767 0.00293013 9.9991E-05
9.9991E-05 0.863251 0.0555898 0.0810594
9.9991E-05 0.872342 0.062816 0.0647418
0.0111374 0.745913 9.9991E-05 0.24285
0.129246 0.795903 0.0457237 0.029128
9.9982E-05 0.926355 0.0734454 9.9982E-05
0.115487 0.826966 9.9991E-05 0.0574466
0.317733 0.640525 9.9991E-05 0.0416421
0.057311 0.862441 0.080148 9.9991E-05
0.122979 0.737345 0.0316628 0.108013
0.575631 0.393719 0.0305506 9.9991E-05
0.0415759 0.0808477 0.73288 0.144697
0.0740546 9.9991E-05 0.790411 0.135435
0.0100984 9.9991E-05 0.828108 0.161693
0.151626 0.705306 0.0071129 0.135955
0.419018 0.580783 9.9982E-05 9.9982E-05
0.0727177 0.764642 0.106399 0.0562417
0.247687 0.706731 0.0454823 9.9991E-05
0.0229231 0.858491 0.0179445 0.100642
0.62962 0.145367 9.9991E-05 0.224913
0.80847 0.0879391 0.00756861 0.096022
0.738005 0.126313 0.0244784 0.111203
0.9997 9.998E-05 9.998E-05 9.998E-05
0.884719 9.9982E-05 0.115081 9.9982E-05
0.937822 0.0529043 0.00917386 9.9991E-05
0.853227 0.0355549 0.073704 0.0375145
0.314969 0.637585 9.9991E-05 0.0473458
0.373075 0.511302 0.0814956 0.0341274
0.19674 0.764132 0.039028 9.9991E-05
0.105347 0.76013 0.134423 9.9991E-05
0.0657467 0.738729 9.9991E-05 0.195425
0.222746 0.0451828 0.731971 9.9991E-05
0.543927 0.291799 0.0735594 0.0907137
0.870187 0.129613 9.9982E-05 9.9982E-05
9.9982E-05 0.407742 0.592058 9.9982E-05
0.188416 9.9991E-05 0.224685 0.586799
0.218431 9.9991E-05 0.150643 0.630826
0.284947 0.0142142 0.202316 0.498523
0.350273 0.0802503 0.274154 0.295323
0.00860292 0.0889362 0.118403 0.784058
0.813145 0.186656 9.9982E-05 9.9982E-05
0.297464 0.0408007 0.570068 0.0916679
0.663304 0.252758 0.0226025 0.0613353
0.401509 0.0657038 0.306469 0.226318
0.0262779 9.9991E-05 0.162468 0.811154
0.348441 9.9991E-05 0.0685864 0.582873
0.422093 9.9991E-05 0.0968133 0.480994
0.297723 0.0309852 0.0784234 0.592868
0.456555 9.9991E-05 0.0443861 0.498959
0.358867 9.9991E-05 0.0548999 0.586134
0.688466 0.234442 0.00400358 0.0730875
0.66276 0.165102 0.0850793 0.0870585
0.584582 0.249137 0.0276974 0.138584
0.725518 9.9991E-05 0.189717 0.0846656
0.594986 0.0793104 0.102092 0.223611
0.0799933 0.0505029 0.467476 0.402027
9.9982E-05 0.778721 9.9982E-05 0.221079
0.217047 0.730718 0.0261035 0.0261315
0.60711 0.218121 0.14543 0.0293389
0.534429 0.153828 0.166608 0.145135
0.446808 0.177558 0.298952 0.0766818
0.321637 9.9982E-05 0.678163 9.9982E-05
0.216297 0.684751 0.0975257 0.00142638
0.352275 0.625635 0.0219901 9.9991E-05
0.370384 0.523767 9.9991E-05 0.105749
0.128899 0.0409973 0.488535 0.341569
9.9991E-05 0.0785767 0.21268 0.708644
0.197614 0.0269705 0.0345375 0.740878
0.0604422 0.119428 0.0693266 0.750803
0.056237 9.9991E-05 0.391304 0.552359
0.120302 9.9991E-05 0.215394 0.664204
0.0530816 0.0481648 0.0908558 0.807898
9.9982E-05 0.0773974 9.9982E-05 0.922403
0.103073 0.0308027 0.394679 0.471445
0.155042 0.0145833 0.14566 0.684715
0.239357 9.9991E-05 0.193593 0.566951
0.175073 9.9991E-05 0.117997 0.70683
0.149258 0.0748004 0.307236 0.468705
0.154937 0.0509138 0.0693186 0.72483
0.360933 9.9991E-05 0.265498 0.373468
0.0331747 0.0589012 0.0942854 0.813639
0.122806 9.9982E-05 0.876994 9.9982E-05
0.0744824 9.9982E-05 0.925318 9.9982E-05
9.9982E-05 9.9982E-05 0.862638 0.137162
0.0667081 0.0765167 0.737948 0.118827
0.0684559 0.0753534 0.764545 0.091646
0.203902 0.105055 9.9991E-05 0.690942
0.163416 0.00386938 0.16533 0.667385
0.0588521 0.940948 9.9982E-05 9.9982E-05
0.0127138 0.856806 0.0640944 0.0663859
9.9991E-05 0.898743 0.00255084 0.098606
0.214356 0.669567 0.0269392 0.0891372
9.9982E-05 0.9137 9.9982E-05 0.0861001
0.0543269 0.811455 0.134118 9.9991E-05
0.0702676 0.906719 9.9991E-05 0.0229135
0.0257941 0.867444 0.0939174 0.0128449
0.0928171 0.816531 0.0905523 9.9991E-05
0.0377195 0.862657 0.0888762 0.0107477
0.0332489 0.842783 0.0431835 0.0807842
9.9991E-05 0.78599 0.0405238 0.173386
9.9991E-05 0.811734 0.0300792 0.158086
9.9991E-05 0.863926 0.124497 0.0114768
0.0871986 0.858665 9.9991E-05 0.0540363
9.9982E-05 0.891855 9.9982E-05 0.107945
9.9982E-05 0.903565 0.0962354 9.9982E-05
0.682465 0.194671 9.9991E-05 0.122764
0.971681 9.9982E-05 9.9982E-05 0.0281195
0.110849 0.826486 9.9991E-05 0.0625649
0.0281464 0.72513 0.0269705 0.219753
0.124759 0.875041 9.9982E-05 9.9982E-05
0.649145 0.190204 9.9991E-05 0.16055
0.155995 9.9982E-05 9.9982E-05 0.843805
9.9991E-05 0.0310908 0.255153 0.713656
0.306125 9.9991E-05 0.398073 0.295702
0.0677236 0.0102352 0.608854 0.313187
0.27857 9.9982E-05 0.72123 9.9982E-05
0.0618696 0.0328976 0.78135 0.123883
0.136203 9.9991E-05 0.766912 0.0967855
0.183813 9.9991E-05 0.73563 0.0804566
0.0951674 0.0642132 0.787598 0.0530211
9.9991E-05 0.0862165 0.818139 0.0955449
0.12925 0.0420096 0.0939943 0.734746
0.156441 0.109918 9.9991E-05 0.733541
0.28276 0.0400764 9.9991E-05 0.677063
0.405064 9.9982E-05 9.9982E-05 0.594736
0.323287 9.9982E-05 9.9982E-05 0.676513
0.472304 0.00602411 9.9991E-05 0.521572
0.291596 9.9991E-05 0.156572 0.551733
0.138271 0.086631 0.198249 0.57685
0.311961 9.9991E-05 0.114451 0.573488
0.331269 0.00345046 0.17071 0.494571
0.319822 0.0271815 0.108195 0.544802
0.0495334 0.123256 0.804011 0.0232001
0.180748 0.752995 9.9991E-05 0.0661571
0.0644008 0.810667 0.124832 9.9991E-05
0.0749181 0.871368 0.0536137 9.9991E-05
0.0562447 0.759248 9.9991E-05 0.184407
0.0265285 0.833138 0.0789013 0.061432
0.148231 0.129218 0.32328 0.399272
0.273207 9.9991E-05 0.24505 0.481643
0.0691219 0.0395606 0.143108 0.74821
0.260371 9.9991E-05 0.305324 0.434205
