IBR/IBR_outputs/all.combrep_1/FireFreq_2000_2008_Total.PersistForestCover_Total/FireFreq_2000_2008_Total.PersistForestCover_Total.asc
NCOLS 160 
NROWS 95 
XLLCORNER 210004.651214014 
YLLCORNER 7350008.22228844 
CELLSIZE 4999.99999999997 
NODATA_value -9999 
[rows 42 to 62 of 95, columns 92 to 137 of 160]
1.10825086723746 1.08297113758263 1.0927472301907 1.14476283869297 1.08732422791236 1.14476283869297 1.12265617896715 1.08616410456378 1.11468526323958 1.08665506985108 1.09054173607001 1.08388619756166 1.08809223004433 1.08876138810561 1.23075062155675 1.43325682439329 1.23075062155675 1.0927472301907 1.08876138810561 1.08447164267517 1.0818766964486 1.09054173607001 1.08579209272203 1.15991621380949 1.0927472301907 1.08522761048672 1.08606611765227 1.13186135757109 1.10238765142872 1.08265013993167 1.08133438925658 1.08140882652821 1.08732422791236 1.08154827867466 1.08239101886559 1.08138898857166 1.09886398135452 1.17801900824075 1.08150155915333 1.08134961261626 1.0818766964486 1.08522761048672 1.09054173607001 1.08616410456378 1.10305680949 1.08809223004433
1.91017055238581 1.23075062155675 1.12265617896715 1.31064671949983 1.08265013993167 1.11468526323958 1.09886398135452 1.09547939149501 1.09054173607001 1.10825086723746 1.10825086723746 1.17868816630203 1.43325682439329 2.35329788894158 1.20194281637914 1.08876138810561 1.20194281637914 1.12265617896715 1.11468526323958 1.08386139938784 1.08265013993167 1.08297113758263 1.07473366582814 1.09819482329324 1.10305680949 1.08876138810561 1.08447164267517 1.09054173607001 1.08297113758263 1.08176666930607 1.08134961261626 1.08136004769614 1.08143340173766 1.08150155915333 1.08201299824046 1.13253051563237 1.08732422791236 1.08732422791236 1.08239101886559 1.07933283369319 1.08160615488888 1.08732422791236 1.09547939149501 1.08732422791236 1.08167785160229 1.08070381658493
1.23075062155675 1.09547939149501 1.36541275806555 1.26643766205832 1.14476283869297 1.08265013993167 1.08154827867466 1.08876138810561 1.08154827867466 1.08143340173766 1.0817218608043 1.08297113758263 1.10825086723746 1.75039390040336 1.31064671949983 1.08876138810561 1.09054173607001 1.08876138810561 1.08732422791236 1.08732422791236 1.14409368063169 1.08067158531539 1.07726335489248 1.08269963058406 1.08386139938784 1.08732422791236 1.09547939149501 1.08665506985108 1.08100869354101 1.08150155915333 1.08138898857166 1.08133438925658 1.0818766964486 1.08167785160229 1.081328900239 1.07985991752553 1.08732422791236 1.08876138810561 1.08616410456378 1.08297113758263 1.08176666930607 1.08177637222183 1.08150155915333 1.08202737572028 1.08136004769614 1.08138898857166
1.17868816630203 1.51730186423857 1.13253051563237 1.17868816630203 1.09886398135452 1.08386139938784 1.08160615488888 1.08218184809766 1.08386139938784 1.08137297464621 1.08201299824046 1.08732422791236 1.12265617896715 1.62141670268792 1.62141670268792 1.12265617896715 1.31064671949983 1.08336878864534 1.08732422791236 1.10825086723746 1.09547939149501 1.09140581726563 1.0853844859978 1.08732422791236 1.09054173607001 1.08616410456378 1.08876138810561 1.08876138810561 1.08150155915333 1.08136004769614 1.08071983051038 1.08140882652821 1.08809223004433 1.08047796713875 1.08665506985108 1.0854949465025 1.08732422791236 1.08741997518054 1.1021157471467 1.10825086723746 1.08140882652821 1.08154827867466 1.0818766964486 1.08076424367638 1.08001863477108 1.08068045455498
1.10825086723746 1.23075062155675 1.13253051563237 1.13253051563237 1.23075062155675 1.23075062155675 1.08201299824046 1.08201299824046 1.10305680949 1.08447164267517 1.0818766964486 1.08732422791236 1.08336878864534 1.09054173607001 1.12265617896715 1.17801900824075 1.0854949465025 1.08133438925658 1.08146384554458 1.08150155915333 1.08447164267517 1.08987257800873 1.09480229331819 1.15991621380949 1.08380248461388 1.08522761048672 1.08336878864534 1.09886398135452 1.08154827867466 1.08134961261626 1.08138898857166 1.09054173607001 1.08160615488888 1.0927472301907 1.08732422791236 1.08876138810561 1.11468526323958 1.08876138810561 1.20060140345407 1.14476283869297 1.15991621380949 1.08455845242544 1.08009198881259 1.07866477724281 1.08138898857166 1.08073966846693
1.20194281637914 1.08579209272203 1.08447164267517 1.23008146349547 1.14476283869297 1.43325682439329 1.08336878864534 1.0818766964486 1.10305680949 1.10825086723746 1.08876138810561 1.08297113758263 1.081328900239 1.08143340173766 1.08876138810561 2.35329788894158 1.10825086723746 1.08143340173766 1.0813411890374 1.08176666930607 1.08386139938784 1.09481023343373 1.08151269003638 1.09547939149501 1.10238765142872 1.08616410456378 1.08732422791236 1.09547939149501 1.08146384554458 1.08136004769614 1.08167785160229 1.0831302297501 1.08876138810561 1.08239101886559 1.0927472301907 1.09054173607001 1.0927472301907 1.11468526323958 1.08732422791236 1.08447164267517 1.13253051563237 1.08522761048672 1.12265617896715 1.0813411890374 1.08133438925658 1.08136004769614
1.12846882759605 1.09481023343373 1.08732422791236 1.0927472301907 1.10305680949 2.10810149654419 1.09054173607001 1.10305680949 1.26643766205832 1.17868816630203 1.15991621380949 1.08218184809766 1.0813411890374 1.08146384554458 1.08137297464621 1.31064671949983 1.23075062155675 1.09054173607001 1.08265013993167 1.08336878864534 1.09886398135452 1.08297113758263 1.08150155915333 1.0818766964486 1.08150155915333 1.08876138810561 1.08732422791236 1.08386139938784 1.08732422791236 1.09547939149501 1.09547939149501 1.12063940004408 1.08732422791236 1.0934231991579 1.14476283869297 1.09547939149501 1.23075062155675 1.11468526323958 1.09054173607001 1.08336878864534 1.08732422791236 1.09054173607001 1.08201299824046 1.08087912061338 1.08084043517259 1.07726721220267
1.07623793480343 1.10171539656493 1.10305680949 1.08732422791236 1.09054173607001 1.62141670268792 1.09547939149501 1.12265617896715 1.43325682439329 1.31064671949983 1.0927472301907 1.08143340173766 1.08218184809766 1.11468526323958 1.08522761048672 1.10305680949 1.09054173607001 1.10305680949 1.08447164267517 1.08447164267517 1.09886398135452 1.08732422791236 1.08154827867466 1.07867770419288 1.08386139938784 1.08336878864534 1.08386139938784 1.08297113758263 1.08732422791236 1.08447164267517 1.15789943488642 1.61939992376485 1.10758170917618 1.08386139938784 1.0927472301907 1.15991621380949 1.08218184809766 1.08167785160229 1.08447164267517 1.09547939149501 1.08239101886559 1.08150155915333 1.08073966846693 1.07999297633151 1.07466888835508 1.07594820637504
1.08648004803368 1.08326253987603 1.09547939149501 1.08579209272203 1.08522761048672 1.15924705574821 1.13051373670931 1.09054173607001 1.15991621380949 1.75039390040336 1.09886398135452 1.0927472301907 1.0927472301907 1.09886398135452 1.20194281637914 1.08741997518054 1.08616410456378 1.10305680949 1.08876138810561 1.08386139938784 1.08876138810561 1.08447164267517 1.0818766964486 1.07555834806733 1.08876138810561 1.09073045126763 1.08218184809766 1.08151269003638 1.08732422791236 1.08482269163871 1.7490524874783 1.75039390040336 1.14476283869297 1.08732422791236 1.08297113758263 1.08297113758263 1.08522761048672 1.08160615488888 1.08137297464621 1.08265013993167 1.08265013993167 1.08137297464621 1.08071983051038 1.07591926549953 1.08000819969119 1.07309142848451
1.08386139938784 1.07720935773505 1.08732422791236 1.08218184809766 1.08616410456378 1.079749890383 1.09684720243145 1.10305680949 1.08732422791236 1.91017055238581 1.10305680949 1.09886398135452 1.08732422791236 1.0927472301907 1.12265617896715 1.09547939149501 1.0927472301907 1.09210248938721 1.08522761048672 1.08154827867466 1.08160615488888 1.0813411890374 1.08386139938784 1.08162972465757 1.08319224132656 1.08265013993167 1.08482269163871 1.08579209272203 1.07842061719122 1.08154827867466 1.11334385031452 1.09054173607001 1.10825086723746 1.08876138810561 1.08876138810561 1.0927472301907 1.08876138810561 1.08876138810561 1.08150155915333 1.08218184809766 1.08386139938784 1.08162972465757 1.08143340173766 1.08134961261626 1.07727270122025 1.07692820825431
1.0927472301907 1.11334385031452 1.09054173607001 1.08269963058406 1.08665506985108 1.08852495714694 1.08784646561667 1.20127365831786 1.08447164267517 1.09819482329324 1.13253051563237 1.12265617896715 1.20060140345407 1.20127365831786 1.13253051563237 1.08732422791236 1.08732422791236 1.09481023343373 1.08809223004433 1.08616410456378 1.08522761048672 1.08297113758263 1.0818766964486 1.07953149975159 1.08346883411044 1.08319224132656 1.07909249039596 1.07832933082926 1.08040995463884 1.08150155915333 1.08616410456378 1.08876138810561 1.08732422791236 1.09547939149501 1.0927472301907 1.09054173607001 1.15991621380949 1.09886398135452 1.08297113758263 1.08732422791236 1.15991621380949 1.12265617896715 1.0784997943408 1.08150155915333 1.07934326877308 1.07679863532668
1.08732422791236 1.0927472301907 1.09547939149501 1.13253051563237 1.15991621380949 1.14476283869297 1.08455845242544 1.10305680949 1.08648004803368 1.08462895745902 1.10104003056693 1.10104003056693 1.11927927685934 1.0927472301907 1.08176666930607 1.09886398135452 1.09547939149501 1.08665506985108 1.17734675337697 1.09413797856995 1.08297113758263 1.08732422791236 1.08920032314494 1.08154827867466 1.09548707924671 1.23008146349547 1.08319224132656 1.08530744898929 1.09207807212942 1.08143340173766 1.12265617896715 1.08876138810561 1.08876138810561 1.14476283869297 1.10305680949 1.0927472301907 1.23075062155675 1.15991621380949 1.09054173607001 1.15924705574821 1.20060140345407 1.20127365831786 1.51255222089059 1.0802068657496 1.07933283369319 1.0767142021966
1.08510095387339 1.08002898447302 1.0818766964486 1.08154827867466 1.08143340173766 1.08732422791236 1.08120753838732 1.10305680949 1.09547939149501 1.08876138810561 1.0809369968276 1.07863609613265 1.08809223004433 1.08140882652821 1.08140882652821 1.08201299824046 1.08176666930607 1.08447164267517 1.08482269163871 1.08447164267517 1.1140161051783 1.08920032314494 1.08386139938784 1.08146384554458 1.08109751124479 1.09547939149501 1.08084043517259 1.07144199241715 1.0818766964486 1.08201299824046 1.23075062155675 1.0927472301907 1.09886398135452 1.10855014314882 1.2061730161003 1.15991621380949 1.12063940004408 1.11468526323958 1.09547939149501 1.36541275806555 1.17801900824075 2.09915674459219 2.34646521814332 1.08849483311016 1.08346883411044 1.08326253987603
1.8792273464167 1.10993561989161 1.0806333610086 1.08346883411044 1.07876857509124 1.07679863532668 1.08047796713875 1.07790049658369 1.08278720245597 1.08852495714694 1.10238765142872 1.10305680949 1.08162972465757 1.08167785160229 1.08120753838732 1.08137297464621 1.08522761048672 1.08336878864534 1.08068045455498 1.08120753838732 1.0853844859978 1.07651501984091 1.08201299824046 1.08137297464621 1.08146384554458 1.08269963058406 1.0802758671293 1.12072375770487 1.08522761048672 1.10825086723746 1.91017055238581 1.10305680949 1.31064671949983 1.10993561989161 1.35504360982119 1.36541275806555 1.74495311820675 1.30997756143855 1.10418917920113 1.20127365831786 1.11859449093082 1.43056155393995 1.35787930835932 1.15097146185749 1.10036153903666 1.0927472301907
1.09644410930995 1.73930760729443 1.42217053128436 1.35360600013804 1.09699345199788 1.10270082189363 1.10142755858827 1.08149117292484 1.06893328855113 1.07772627929708 1.09481023343373 1.08665506985108 1.08809223004433 1.08665506985108 1.08297113758263 1.08336878864534 1.08522761048672 1.08109474056736 1.08073966846693 1.07939204760514 1.08143340173766 1.0745563177734 1.07812016006133 1.07880494598985 1.08598281498729 1.08202737572028 1.08192871730735 1.20127365831786 1.09547939149501 1.08876138810561 1.08469970006928 1.12781860231242 1.43258766633201 1.08278720245597 1.09346261257195 1.22530983936014 1.10040570394551 1.12265617896715 1.26509624913326 1.09203131055627 1.74356122960511 1.15516657046151 1.61176139678012 1.36407134514048 1.08732422791236 1.08732422791236
1.07511669022544 1.11228703072279 2.34435313698957 2.34646521814332 2.34923620090525 2.34292874069721 2.32949957723584 2.32235468297247 2.31490662416012 2.3165885962538 1.34316228304391 1.14738565681604 1.0934015035822 1.08732422791236 1.08616410456378 1.08140882652821 1.08143340173766 1.08732422791236 1.08151269003638 1.08134961261626 1.0788062887 1.07797271050845 1.08151269003638 1.11468526323958 1.08218184809766 1.08447164267517 1.09073045126763 1.09886398135452 1.09547939149501 1.12216136738801 1.50549510631106 1.61939992376485 1.2152912183431 1.08979910483868 1.10825086723746 1.1759928958487 1.15991621380949 2.10810149654419 1.91017055238581 1.42850718104531 1.42642415359504 1.20060140345407 1.12856273229453 1.13118910270731 1.08741997518054 1.09054173607001
1.08336878864534 1.26509624913326 1.7442587803126 1.43056155393995 2.34149113101407 1.51460659378523 2.3485482455936 1.74769862995003 1.41926860582312 2.33258102294441 2.33181598754494 2.33783848572792 1.90333788158756 1.08741997518054 1.08732422791236 1.08319224132656 1.08009198881259 1.08160615488888 1.08067158531539 1.08136004769614 1.08068045455498 1.08136004769614 1.08137297464621 1.08130872700661 1.08009198881259 1.08920032314494 1.17734675337697 1.08876138810561 1.08310145241648 1.05020273840314 1.41100634937165 2.33181598754494 1.06634751680222 1.05994853205064 1.08868554215437 1.42288767614893 1.60669459054129 1.19580769628838 1.348468521685 1.2138063851762 1.14138593658516 1.29665850092966 1.09272886126376 1.10104003056693 1.10690945431239 1.08598281498729
1.08732422791236 1.08386139938784 1.09547939149501 1.49194135853432 1.26237597402199 1.17734675337697 2.34785710674496 1.62141670268792 1.90950139432453 2.35262873088029 2.35329788894158 2.35329788894158 2.35262873088029 1.23075062155675 1.09547939149501 1.08732422791236 1.08616410456378 1.08218184809766 1.0809369968276 1.08133438925658 1.07865434216292 1.0824548637521 1.07770498126974 1.08150155915333 1.08455845242544 1.08346883411044 1.07890944954631 1.0813411890374 1.07939204760514 1.07651501984091 1.15873280922852 1.48635865826946 1.14476283869297 1.10690945431239 1.42145006646578 1.51186108204195 2.34785710674496 2.10196637645343 1.34545740099203 1.34161444635981 1.4148139797019 1.12216136738801 1.07079040333967 1.07837947596036 1.13253051563237 1.10305680949
1.11468526323958 1.08218184809766 1.08265013993167 1.10825086723746 1.17868816630203 1.17868816630203 2.10810149654419 1.75039390040336 2.10810149654419 2.35329788894158 2.35329788894158 2.35329788894158 2.35329788894158 2.35329788894158 2.35195647601651 1.51324017620224 1.42572337468706 1.14409368063169 1.10350122388948 1.09141770345869 1.07945544296108 1.42712170430253 1.22873384263369 1.08462895745902 1.09210248938721 1.0804915571141 1.08297113758263 1.08136004769614 1.08137297464621 1.0813411890374 1.08135200972227 1.29738901484852 1.22461550146599 1.90610886434948 1.74769862995003 2.35195647601651 1.90472977018919 2.09484379189288 1.60669459054129 1.61388325298169 1.42987992228548 1.12915361352457 1.17734675337697 1.16974341435003 1.26168801871035 1.1140161051783
1.20194281637914 1.08297113758263 1.08732422791236 1.08297113758263 1.08732422791236 1.09054173607001 1.13253051563237 1.14476283869297 1.51730186423857 1.62141670268792 2.35329788894158 2.35329788894158 2.35329788894158 2.35329788894158 2.35262873088029 2.35329788894158 2.35262873088029 2.35060261848824 2.34646521814332 2.34435313698957 1.90403543229505 2.34506041718708 2.35060261848824 1.13793016789472 1.12569784483412 1.29883996157233 1.07464839839143 1.08070381658493 1.08133438925658 1.08076424367638 1.08116592245039 1.08445255553173 2.34506041718708 1.90610886434948 1.90610886434948 2.35195647601651 1.30451159940907 1.10939847431583 2.3485482455936 2.34785710674496 1.11130836113177 1.26237597402199 1.30997756143855 1.09207807212942 1.11198999278625 1.30451159940907
1.22940920863169 1.08297113758263 1.08176666930607 1.08160615488888 1.08732422791236 1.08732422791236 1.08732422791236 1.08265013993167 1.10825086723746 1.91017055238581 1.75039390040336 2.33635365256103 2.33027528340958 2.32872028348512 2.3485482455936 1.61528158259716 1.19856591427133 2.10810149654419 2.35329788894158 2.35329788894158 2.35060261848824 2.34646521814332 2.3485482455936 2.35329788894158 2.35060261848824 2.35060261848824 1.51046919344031 1.07885300822132 1.08133438925658 1.08137297464621 1.07579495631942 1.88323335749516 2.34923620090525 2.34716276885082 2.3485482455936 1.43258766633201 1.30451159940907 1.89397044598737 2.35195647601651 1.90747528193248 1.08732422791236 1.36066311471757 2.35329788894158 1.3079514490465 1.51116674414781 1.6159759204913
