IBR/IBR_outputs/all.combrep_1/FireFreq_2000_2008_Total.PersistForestCover_Total/FireFreq_2000_2008_Total.PersistForestCover_Total.asc
NCOLS 160 
NROWS 95 
XLLCORNER 210004.651214014 
YLLCORNER 7350008.22228844 
CELLSIZE 4999.99999999997 
NODATA_value -9999 
[rows 0 to 20 of 95, columns 92 to 137 of 160]
-9999 -9999 -9999 -9999 -9999 -9999 -9999 -9999 -9999 -9999 -9999 -9999 -9999 -9999 -9999 -9999 -9999 -9999 -9999 -9999 -9999 -9999 -9999 -9999 -9999 -9999 -9999 -9999 -9999 -9999 -9999 -9999 -9999 -9999 -9999 -9999 -9999 -9999 -9999 -9999 -9999 -9999 -9999 -9999 -9999 -9999
-9999 -9999 -9999 -9999 -9999 -9999 -9999 -9999 -9999 -9999 -9999 -9999 -9999 -9999 -9999 -9999 -9999 -9999 -9999 -9999 -9999 -9999 -9999 -9999 -9999 -9999 -9999 -9999 -9999 -9999 -9999 -9999 -9999 -9999 -9999 -9999 -9999 -9999 -9999 -9999 -9999 -9999 -9999 -9999 -9999 -9999
-9999 -9999 -9999 -9999 -9999 -9999 -9999 -9999 -9999 -9999 -9999 -9999 -9999 -9999 -9999 -9999 -9999 -9999 -9999 -9999 -9999 -9999 -9999 -9999 -9999 -9999 -9999 -9999 -9999 -9999 -9999 -9999 -9999 -9999 -9999 -9999 -9999 -9999 -9999 -9999 -9999 -9999 -9999 -9999 -9999 -9999
-9999 -9999 -9999 -9999 -9999 -9999 -9999 -9999 -9999 -9999 -9999 -9999 -9999 -9999 -9999 -9999 -9999 -9999 -9999 -9999 -9999 -9999 -9999 -9999 -9999 -9999 -9999 -9999 -9999 -9999 -9999 -9999 -9999 -9999 -9999 -9999 -9999 -9999 -9999 -9999 -9999 -9999 -9999 -9999 -9999 -9999
-9999 -9999 -9999 -9999 -9999 -9999 -9999 -9999 -9999 -9999 -9999 -9999 -9999 -9999 -9999 -9999 -9999 -9999 -9999 -9999 -9999 -9999 -9999 -9999 -9999 -9999 -9999 -9999 -9999 -9999 -9999 -9999 -9999 -9999 -9999 -9999 -9999 -9999 -9999 -9999 -9999 -9999 -9999 -9999 -9999 -9999
-9999 -9999 -9999 -9999 -9999 -9999 -9999 -9999 -9999 -9999 -9999 -9999 -9999 -9999 -9999 -9999 -9999 -9999 -9999 -9999 -9999 -9999 -9999 -9999 -9999 -9999 -9999 -9999 -9999 -9999 -9999 -9999 -9999 -9999 -9999 -9999 -9999 -9999 -9999 -9999 -9999 -9999 -9999 -9999 -9999 -9999
-9999 -9999 -9999 -9999 -9999 -9999 -9999 -9999 -9999 2.26845047620628 2.32262463706495 2.34992098683377 2.34568637487595 -9999 -9999 -9999 -9999 -9999 -9999 -9999 -9999 -9999 -9999 -9999 -9999 -9999 1.2239179507585 1.09571018200114 1.08990545874163 -9999 -9999 -9999 -9999 -9999 -9999 -9999 -9999 -9999 -9999 -9999 -9999 -9999 -9999 -9999 -9999 -9999
-9999 -9999 -9999 -9999 -9999 -9999 -9999 -9999 -9999 2.22244036134658 2.34173165530744 2.27540538334069 1.90950139432453 1.12122497388648 1.57583126402333 2.34844970652104 2.35329788894158 -9999 -9999 -9999 -9999 -9999 2.28544446136727 1.68792535546824 1.44038130938287 1.55247792590035 1.50764655833077 1.09472990616606 1.08450975843621 1.08522761048672 1.12265617896715 1.08297113758263 1.0818766964486 1.08447164267517 1.0818766964486 1.08176666930607 1.08265013993167 1.0813411890374 1.08176666930607 1.08336878864534 1.0818766964486 1.10825086723746 -9999 -9999 -9999 -9999
-9999 -9999 -9999 -9999 -9999 -9999 -9999 2.35329788894158 1.82754642696847 2.35128111001851 2.35329788894158 2.34576443923535 1.73202444227857 1.13253051563237 1.13253051563237 1.10305680949 1.36541275806555 1.20194281637914 1.09732519930697 -9999 -9999 2.35329788894158 2.28692549993952 2.30677521574279 1.36135107002922 1.0802758671293 1.08522761048672 1.08154827867466 1.08140882652821 1.08138898857166 1.08150155915333 1.08154827867466 1.08218184809766 1.08140882652821 1.08134961261626 1.08239101886559 1.08297113758263 1.0813411890374 1.08140882652821 1.08132089251984 1.08132446931472 1.08297113758263 1.13253051563237 1.91017055238581 1.15991621380949 1.17868816630203
-9999 -9999 -9999 -9999 -9999 -9999 -9999 2.35329788894158 1.17868816630203 1.51730186423857 2.35329788894158 2.35128111001851 2.35329788894158 1.23075062155675 1.08732422791236 1.08201299824046 1.08876138810561 1.10104003056693 1.10238765142872 1.79903747300525 1.70429879281296 2.35329788894158 1.12265617896715 1.14476283869297 1.08462895745902 1.08140882652821 1.08150155915333 1.08386139938784 1.08297113758263 1.08136004769614 1.08136004769614 1.08176666930607 1.08732422791236 1.08154827867466 1.08201299824046 1.0927472301907 1.08616410456378 1.08154827867466 1.08133438925658 1.08143340173766 1.08146384554458 1.08146384554458 1.11468526323958 1.91017055238581 1.08160615488888 1.12265617896715
-9999 -9999 -9999 -9999 -9999 -9999 2.35329788894158 1.19066502562588 1.08616410456378 1.11468526323958 2.10810149654419 2.34923620090525 2.35329788894158 1.91017055238581 1.08732422791236 1.08732422791236 1.08394732580455 1.07273571295779 1.06913928724122 1.23075062155675 1.11334385031452 1.08616410456378 1.08522761048672 1.43325682439329 1.26576850399704 1.08447164267517 1.08336878864534 1.0817218608043 1.08160615488888 1.08201299824046 1.08133438925658 1.08137297464621 1.08732422791236 1.08160615488888 1.08218184809766 1.08447164267517 1.08447164267517 1.0813411890374 1.08140882652821 1.08218184809766 1.08176666930607 1.08336878864534 1.08336878864534 1.17868816630203 1.08154827867466 1.08386139938784
-9999 -9999 -9999 -9999 -9999 2.35329788894158 2.10810149654419 1.08876138810561 1.0927472301907 2.35329788894158 2.10810149654419 2.3485482455936 2.35329788894158 2.35329788894158 1.23075062155675 1.09547939149501 1.08616410456378 1.07734713849188 1.07822149423466 1.08297113758263 1.08137297464621 1.08138898857166 1.08138898857166 1.09054173607001 1.08447164267517 1.08265013993167 1.08154827867466 1.08150155915333 1.08131800519223 1.08131227423655 1.08131800519223 1.08133438925658 1.08522761048672 1.08447164267517 1.08386139938784 1.08138898857166 1.0813411890374 1.0813411890374 1.08138898857166 1.0813411890374 1.0818766964486 1.08143340173766 1.08143340173766 1.0818766964486 1.08146384554458 1.08146384554458
-9999 -9999 -9999 -9999 2.35329788894158 2.34834699311485 2.35329788894158 2.35329788894158 2.35329788894158 2.35329788894158 1.90815377346274 2.34923620090525 2.35329788894158 2.35329788894158 1.26643766205832 1.08386139938784 1.08386139938784 1.08138898857166 1.079749890383 1.08265013993167 1.08167785160229 1.08133438925658 1.08137297464621 1.08138898857166 1.08876138810561 1.09054173607001 1.0818766964486 1.08201299824046 1.08167785160229 1.08131800519223 1.08130861475941 1.08146384554458 1.08134961261626 1.08447164267517 1.08265013993167 1.08218184809766 1.08138898857166 1.08616410456378 1.08265013993167 1.08297113758263 1.08137297464621 1.08265013993167 1.08386139938784 1.0818766964486 1.08136004769614 1.08131104823219
-9999 -9999 2.33560607769987 2.31922015867815 2.30551323072176 2.35329788894158 2.35329788894158 1.08732422791236 1.08132089251984 1.09547939149501 1.08732422791236 1.10418917920113 1.906793650278 1.36541275806555 1.17868816630203 1.08239101886559 1.08137297464621 1.08336878864534 1.08297113758263 1.12265617896715 1.08239101886559 1.08150155915333 1.0813411890374 1.08137297464621 1.08218184809766 1.08386139938784 1.08134961261626 1.08131567445725 1.08131800519223 1.08133438925658 1.08132446931472 1.0813411890374 1.0813411890374 1.08137297464621 1.0813411890374 1.08134961261626 1.0813411890374 1.08154827867466 1.08265013993167 1.08447164267517 1.08146384554458 1.08239101886559 1.31064671949983 1.08150155915333 1.08167785160229 1.08218184809766
2.32019955999562 2.29177096920355 1.15829772161655 1.51186108204195 1.61939992376485 1.74972474234208 1.15991621380949 1.08218184809766 1.08131567445725 1.08265013993167 1.08732422791236 1.10758170917618 2.10335185319622 1.61317923093343 1.22873384263369 1.0927472301907 1.08160615488888 1.08132089251984 1.08218184809766 1.17868816630203 1.08201299824046 1.081328900239 1.0813411890374 1.08160615488888 1.10305680949 1.08522761048672 1.08154827867466 1.08136004769614 1.08131005855919 1.0813411890374 1.08265013993167 1.08133438925658 1.08138898857166 1.08131567445725 1.08136004769614 1.08143340173766 1.08150155915333 1.08154827867466 1.08150155915333 1.08143340173766 1.08447164267517 1.17868816630203 1.08616410456378 1.08143340173766 1.08146384554458 1.08447164267517
2.35195647601651 1.90882913946075 1.08132446931472 1.08138898857166 1.20194281637914 1.26643766205832 1.10825086723746 1.10825086723746 1.08239101886559 1.08447164267517 1.17868816630203 1.09547939149501 1.09547939149501 1.14342142576791 1.12216136738801 1.30862994057677 1.081328900239 1.08265013993167 1.09054173607001 1.08138898857166 1.08137297464621 1.08150155915333 1.0818766964486 1.08265013993167 1.08876138810561 1.08336878864534 1.08146384554458 1.0813411890374 1.081328900239 1.08134961261626 1.08447164267517 1.08336878864534 1.0813411890374 1.0813060488825 1.08132446931472 1.08150155915333 1.08154827867466 1.08160615488888 1.08138898857166 1.08130809417604 1.08201299824046 1.10825086723746 1.08160615488888 1.08136004769614 1.08133438925658 1.08167785160229
1.17868816630203 1.51730186423857 1.08732422791236 1.08201299824046 1.09547939149501 1.0927472301907 1.14476283869297 1.11468526323958 1.08732422791236 1.08265013993167 1.08616410456378 1.10305680949 1.08732422791236 1.08809223004433 1.08037423994252 1.0871648339622 1.15308354301124 1.74286045069714 1.10825086723746 1.0818766964486 1.08134961261626 1.08218184809766 1.08201299824046 1.08167785160229 1.08160615488888 1.081328900239 1.08137297464621 1.08386139938784 1.08201299824046 1.08143340173766 1.08160615488888 1.08732422791236 1.08140882652821 1.08130608105504 1.08131379300759 1.08131379300759 1.08143340173766 1.08140882652821 1.08130809417604 1.08130925965674 1.08133438925658 1.10305680949 1.081328900239 1.08131567445725 1.0813411890374 1.08154827867466
1.11468526323958 1.26643766205832 1.0927472301907 1.15991621380949 1.36541275806555 1.11468526323958 1.08265013993167 1.08265013993167 1.09054173607001 1.08265013993167 1.08616410456378 1.10825086723746 1.10238765142872 1.08239101886559 1.08154827867466 1.08201299824046 1.0871648339622 1.73930760729443 1.90051524647802 1.51730186423857 1.08201299824046 1.08140882652821 1.08176666930607 1.0813411890374 1.08134961261626 1.08133438925658 1.08201299824046 1.08336878864534 1.08146384554458 1.08239101886559 1.08140882652821 1.08522761048672 1.08167785160229 1.08130666139262 1.08130767394319 1.08130630721417 1.08132089251984 1.0813411890374 1.081328900239 1.08132089251984 1.08134961261626 1.08160615488888 1.081328900239 1.08154827867466 1.08447164267517 1.0818766964486
1.10825086723746 1.91017055238581 1.26643766205832 1.08522761048672 2.10810149654419 1.62141670268792 1.08522761048672 1.08616410456378 1.12265617896715 1.08386139938784 1.08522761048672 1.10305680949 1.0927472301907 1.08185070837891 1.08447164267517 1.08003156172115 1.08386139938784 1.0927472301907 1.12915361352457 2.34435313698957 1.43258766633201 1.08201299824046 1.08265013993167 1.08160615488888 1.08146384554458 1.08218184809766 1.08336878864534 1.08146384554458 1.08160615488888 1.08447164267517 1.08297113758263 1.09054173607001 1.08201299824046 1.08130733471675 1.08131104823219 1.08130861475941 1.08131104823219 1.08150155915333 1.08133438925658 1.08150155915333 1.08297113758263 1.08150155915333 1.08150155915333 1.08616410456378 1.11468526323958 1.08455845242544
1.08297113758263 1.36541275806555 1.12265617896715 1.08447164267517 1.08616410456378 1.10305680949 1.08732422791236 1.08732422791236 1.08140882652821 1.08160615488888 1.0818766964486 1.09054173607001 1.14476283869297 1.08251998646278 1.13186135757109 1.080425256381 1.08160615488888 1.0854949465025 1.08154827867466 1.11130836113177 1.22251314980226 1.1759928958487 1.13118910270731 1.10825086723746 1.08239101886559 1.08336878864534 1.08732422791236 1.08876138810561 1.08201299824046 1.08265013993167 1.0818766964486 1.08852495714694 1.08140882652821 1.07999977611234 1.08016506917459 1.08265013993167 1.08218184809766 1.08239101886559 1.08136004769614 1.08732422791236 1.08265013993167 1.08336878864534 1.08201299824046 1.08297113758263 1.09886398135452 1.10825086723746
1.09054173607001 1.09547939149501 1.13253051563237 1.08732422791236 1.08201299824046 1.08150155915333 1.10825086723746 1.08616410456378 1.0818766964486 1.08265013993167 1.08201299824046 1.08297113758263 1.51730186423857 1.10825086723746 1.12198702090587 1.08732422791236 1.08160615488888 1.08218184809766 1.08336878864534 1.08522761048672 1.91017055238581 1.08100869354101 1.13253051563237 1.08741997518054 1.10623408831439 1.09616871090119 1.09886398135452 1.13253051563237 1.09886398135452 1.08265013993167 1.08201299824046 1.0927472301907 1.08084043517259 1.06951124726472 1.07999977611234 1.07953149975159 1.0818766964486 1.07944706662151 1.08132446931472 1.08167785160229 1.08876138810561 1.14476283869297 1.08154827867466 1.08133438925658 1.10305680949 1.43325682439329
