IBR/IBR_outputs/all.combrep_1/FireFreq_2000_2008_Total.PersistForestCover_Total/FireFreq_2000_2008_Total.PersistForestCover_Total.asc
NCOLS 160 
NROWS 95 
XLLCORNER 210004.651214014 
YLLCORNER 7350008.22228844 
CELLSIZE 4999.99999999997 
NODATA_value -9999 
[rows 63 to 83 of 95, columns 46 to 91 of 160]
1.12265617896715 1.08732422791236 1.09547939149501 1.09819482329324 1.17801900824075 1.10305680949 1.11468526323958 1.12265617896715 1.08876138810561 1.08876138810561 1.08876138810561 1.08732422791236 1.12265617896715 1.36541275806555 1.13253051563237 1.08876138810561 1.08876138810561 1.09054173607001 1.08239101886559 1.08239101886559 1.08447164267517 1.09967990738219 1.61735501465159 1.10825086723746 1.0927472301907 1.08732422791236 1.07377552648596 1.08450975843621 1.08265013993167 1.11334385031452 1.08868554215437 1.08732422791236 1.08269963058406 1.08137297464621 1.08150155915333 1.08136004769614 1.08134961261626 1.08136004769614 1.08133438925658 1.08167785160229 1.08167785160229 1.08140882652821 1.08732422791236 1.08809223004433 1.09886398135452 1.08732422791236
1.08920032314494 1.08876138810561 1.08732422791236 1.09547939149501 1.10305680949 1.08732422791236 1.08876138810561 1.08732422791236 1.09054173607001 1.11468526323958 1.26643766205832 1.14342142576791 1.09886398135452 1.15991621380949 1.09054173607001 1.12265617896715 1.12265617896715 1.09547939149501 1.08386139938784 1.09054173607001 1.08732422791236 1.36203585595774 1.90815377346274 1.26442088313525 1.08852495714694 1.07861914529736 1.08137297464621 1.06974953052854 1.11441870721266 1.11266848431651 1.08648004803368 1.09054173607001 1.08920032314494 1.08665506985108 1.08239101886559 1.08167785160229 1.08160615488888 1.08134961261626 1.08134961261626 1.08138898857166 1.08297113758263 1.08522761048672 1.08522761048672 1.08732422791236 1.08876138810561 1.08176666930607
1.08732422791236 1.09054173607001 1.13253051563237 1.10758170917618 1.10238765142872 1.08732422791236 1.08386139938784 1.10305680949 1.09054173607001 1.15991621380949 1.36541275806555 1.09752256842946 1.08876138810561 1.20194281637914 1.09886398135452 1.11468526323958 1.08665506985108 1.08579209272203 1.08616410456378 1.1014181964392 1.10785259244133 1.14342142576791 1.13253051563237 1.0927472301907 1.09054173607001 1.08732422791236 1.08616410456378 1.08732422791236 1.08394732580455 1.07979077820613 1.08016014622827 1.08138898857166 1.08137297464621 1.08239101886559 1.09054173607001 1.0927472301907 1.09547939149501 1.08176666930607 1.08154827867466 1.08136004769614 1.08134961261626 1.08146384554458 1.08297113758263 1.08239101886559 1.08176666930607 1.08239101886559
1.17868816630203 1.14476283869297 1.10305680949 1.0927472301907 1.08462895745902 1.14476283869297 1.09547939149501 1.75039390040336 1.20194281637914 2.10810149654419 1.17868816630203 1.0927472301907 1.09886398135452 1.15991621380949 1.10238765142872 1.08665506985108 1.08876138810561 1.09899512145367 1.08462895745902 1.08784646561667 1.51730186423857 1.11468526323958 1.08876138810561 1.08876138810561 1.10305680949 1.08732422791236 1.08732422791236 1.0927472301907 1.10305680949 1.08616410456378 1.08146384554458 1.08133438925658 1.0813411890374 1.08131227423655 1.08134961261626 1.08336878864534 1.08176666930607 1.08447164267517 1.08160615488888 1.08447164267517 1.08201299824046 1.08143340173766 1.08137297464621 1.08137297464621 1.08136004769614 1.08150155915333
1.36407134514048 1.36407134514048 1.14409368063169 1.08665506985108 1.09547939149501 1.0927472301907 1.09886398135452 1.43325682439329 1.91017055238581 2.35329788894158 2.35329788894158 1.31064671949983 1.17868816630203 1.09547939149501 1.09547939149501 1.08616410456378 1.08876138810561 1.08868554215437 1.09411433800655 1.0927472301907 1.09547939149501 1.08876138810561 1.10825086723746 1.08876138810561 1.0927472301907 1.09886398135452 1.08265013993167 1.09054173607001 1.15991621380949 1.10305680949 1.08150155915333 1.08218184809766 1.08137297464621 1.08130767394319 1.08130666139262 1.08143340173766 1.08137297464621 1.08167785160229 1.08143340173766 1.08265013993167 1.08201299824046 1.08143340173766 1.08138898857166 1.08136004769614 1.08133438925658 1.08136004769614
2.35329788894158 2.35128111001851 1.36541275806555 1.08876138810561 1.09547939149501 1.09886398135452 1.09207807212942 1.26643766205832 1.09886398135452 1.51730186423857 2.35329788894158 1.26643766205832 1.10825086723746 1.08598281498729 1.08482269163871 1.0927472301907 1.08732422791236 1.08868554215437 1.08522761048672 1.08176666930607 1.13253051563237 1.14409368063169 1.11468526323958 1.09886398135452 1.08732422791236 1.08876138810561 1.08616410456378 1.51730186423857 1.13253051563237 1.08732422791236 1.08239101886559 1.08138898857166 1.08134961261626 1.08154827867466 1.08132446931472 1.08167785160229 1.08136004769614 1.08133438925658 1.08143340173766 1.08134961261626 1.08297113758263 1.08150155915333 1.08137297464621 1.08134961261626 1.0813411890374 1.08138898857166
2.35329788894158 2.35262873088029 1.62007528976285 1.36339597914248 1.14476283869297 1.19788112834281 1.23075062155675 1.09054173607001 1.1140161051783 1.22805535110342 1.30997756143855 2.35329788894158 1.20194281637914 1.12131476604209 1.09413797856995 1.08732422791236 1.19992603745607 1.0927472301907 1.36541275806555 1.43325682439329 2.10810149654419 1.51255222089059 1.15722094335615 1.08732422791236 1.08447164267517 1.08522761048672 1.08150155915333 1.08140882652821 1.08167785160229 1.08522761048672 1.08176666930607 1.08447164267517 1.0802758671293 1.08336878864534 1.08239101886559 1.08522761048672 1.0813411890374 1.08138898857166 1.08160615488888 1.08239101886559 1.08239101886559 1.08150155915333 1.08137297464621 1.08134961261626 1.08133438925658 1.08132089251984
2.35329788894158 2.35329788894158 2.35329788894158 2.35128111001851 2.35060261848824 2.34785710674496 1.90882913946075 1.15991621380949 1.11468526323958 2.35329788894158 1.74972474234208 1.75039390040336 1.7490524874783 2.35195647601651 1.42288767614893 1.08730644799408 1.09547939149501 1.75039390040336 1.75039390040336 1.62141670268792 1.7483771214803 1.60888614569447 1.09886398135452 1.08732422791236 1.08732422791236 1.08522761048672 1.08137297464621 1.08133438925658 1.08001863477108 1.07999621931739 1.08386139938784 1.11468526323958 1.08876138810561 1.07812465704553 1.08239101886559 1.08037423994252 1.08167785160229 1.08176666930607 1.08297113758263 1.0818766964486 1.08140882652821 1.08218184809766 1.08218184809766 1.08137297464621 1.08154827867466 1.08732422791236
2.35262873088029 2.34576443923535 2.3393096703714 2.34716276885082 2.34646521814332 2.35060261848824 2.35195647601651 2.35329788894158 2.10810149654419 2.35329788894158 2.35329788894158 1.36541275806555 1.91017055238581 1.51663270617728 1.43056155393995 1.11468526323958 1.12265617896715 1.31064671949983 1.36541275806555 2.10472459443639 2.33410053283561 1.62074754462664 1.17734675337697 1.43325682439329 1.10305680949 1.15991621380949 1.08160615488888 1.07939204760514 1.08201299824046 1.0934231991579 1.08732422791236 1.08732422791236 1.0927472301907 1.08741997518054 1.08462895745902 1.07701702595809 1.07731128660989 1.08137297464621 1.08176666930607 1.08386139938784 1.08160615488888 1.0818766964486 1.10305680949 1.08522761048672 1.08239101886559 1.0927472301907
2.35329788894158 2.35329788894158 2.35329788894158 2.35262873088029 2.35329788894158 2.35195647601651 2.34364258303378 2.34221159583265 2.34292874069721 1.36407134514048 2.35195647601651 2.35195647601651 1.61458403188966 2.35060261848824 1.36541275806555 1.10305680949 1.12265617896715 1.10305680949 1.09062650960003 1.42288767614893 1.09899512145367 1.09886398135452 1.08876138810561 1.14342142576791 1.09207807212942 1.08336878864534 1.08146384554458 1.08218184809766 1.08616410456378 1.08934427140425 1.08665506985108 1.08732422791236 1.08665506985108 1.08732422791236 1.08665506985108 1.07890944954631 1.08136004769614 1.08154827867466 1.08265013993167 1.13253051563237 1.09547939149501 1.08167785160229 1.08160615488888 1.08143340173766 1.0813411890374 1.08146384554458
2.35329788894158 2.35329788894158 2.35329788894158 2.35262873088029 2.35329788894158 2.35329788894158 2.35329788894158 2.35329788894158 2.35195647601651 2.34992098683377 2.35329788894158 1.26643766205832 2.35329788894158 2.35329788894158 2.35060261848824 2.34923620090525 2.34149113101407 2.33635365256103 1.61735501465159 1.08876138810561 1.13253051563237 1.91017055238581 1.75039390040336 1.09886398135452 1.0927472301907 1.10825086723746 1.20194281637914 1.15991621380949 1.17801900824075 1.10036153903666 1.0927472301907 1.08598281498729 1.08665506985108 1.08606611765227 1.08665506985108 1.08530744898929 1.08876138810561 1.08732422791236 1.09547939149501 1.09054173607001 1.08218184809766 1.08136004769614 1.08131800519223 1.08133438925658 1.08150155915333 1.09054173607001
2.35329788894158 2.34923620090525 2.35262873088029 2.35329788894158 2.35329788894158 2.35329788894158 2.35329788894158 1.62141670268792 2.35329788894158 2.35329788894158 2.35329788894158 2.10810149654419 2.35329788894158 2.35329788894158 2.35262873088029 2.35329788894158 2.35329788894158 1.75039390040336 1.08732422791236 1.09054173607001 1.09054173607001 1.12265617896715 2.10810149654419 2.10743233848291 1.26643766205832 1.13253051563237 2.10743233848291 2.35128111001851 2.35262873088029 2.35262873088029 1.74701699829556 1.17868816630203 1.22737371944895 1.17255304621127 1.10758170917618 1.08218184809766 1.08201299824046 1.08616410456378 1.11468526323958 1.08130872700661 1.08160615488888 1.08167785160229 1.08140882652821 1.08239101886559 1.08386139938784 1.08265013993167
2.35329788894158 2.35329788894158 2.35329788894158 2.35329788894158 2.35329788894158 2.35329788894158 2.35262873088029 2.35128111001851 2.35262873088029 2.35329788894158 1.74972474234208 1.36474360000427 2.35262873088029 2.35060261848824 2.35262873088029 2.35329788894158 2.35262873088029 2.35329788894158 1.0927472301907 1.13253051563237 1.08732422791236 1.0927472301907 1.43325682439329 2.35329788894158 2.35329788894158 2.35329788894158 2.35329788894158 2.35329788894158 2.35060261848824 2.34716276885082 1.74701699829556 1.62141670268792 1.09752256842946 1.09140581726563 1.08598281498729 1.08447164267517 1.08732422791236 1.09054173607001 1.12265617896715 1.08160615488888 1.08150155915333 1.08138898857166 1.08134961261626 1.08143340173766 1.08386139938784 1.08218184809766
2.35329788894158 2.35195647601651 2.35329788894158 2.35329788894158 2.35329788894158 2.35195647601651 2.35128111001851 2.34992098683377 2.35262873088029 2.35262873088029 1.26643766205832 1.13253051563237 1.36474360000427 2.35262873088029 2.35128111001851 2.35329788894158 2.35195647601651 2.35329788894158 1.91017055238581 1.90950139432453 1.26643766205832 1.91017055238581 2.35262873088029 2.35329788894158 2.35329788894158 2.35329788894158 2.35329788894158 2.35329788894158 2.34785710674496 2.34364258303378 2.35329788894158 1.36541275806555 1.11468526323958 1.09207807212942 1.09819482329324 1.10305680949 1.08732422791236 1.13253051563237 1.14476283869297 1.08386139938784 1.08218184809766 1.08297113758263 1.08336878864534 1.08522761048672 1.0818766964486 1.08297113758263
2.34576443923535 2.34716276885082 2.34992098683377 2.35329788894158 2.34923620090525 2.35262873088029 2.35060261848824 2.35262873088029 2.34576443923535 2.35329788894158 2.35128111001851 1.10690945431239 1.08732422791236 1.26643766205832 2.34992098683377 2.35329788894158 2.35329788894158 2.35329788894158 2.35329788894158 2.35329788894158 2.35329788894158 2.35329788894158 2.35329788894158 2.35128111001851 2.35329788894158 2.35329788894158 2.35060261848824 2.3485482455936 2.35060261848824 1.09547939149501 1.23075062155675 1.31064671949983 2.35329788894158 1.17868816630203 1.10758170917618 1.13253051563237 1.0927472301907 1.08876138810561 1.09054173607001 1.09547939149501 1.08522761048672 1.08732422791236 1.08336878864534 1.08154827867466 1.08336878864534 1.09054173607001
2.35329788894158 2.35329788894158 2.35262873088029 2.35329788894158 2.35329788894158 2.34716276885082 2.34992098683377 2.35195647601651 2.35195647601651 2.35262873088029 2.35128111001851 1.906793650278 1.51730186423857 1.43325682439329 2.34364258303378 2.35128111001851 2.35195647601651 2.35195647601651 2.35262873088029 2.35262873088029 2.35329788894158 2.35329788894158 2.35262873088029 2.35128111001851 2.35128111001851 2.35195647601651 2.35329788894158 1.51730186423857 1.13253051563237 1.09547939149501 1.12265617896715 2.10810149654419 2.35329788894158 1.36474360000427 1.23075062155675 1.13253051563237 1.0927472301907 1.10305680949 1.09547939149501 1.09547939149501 1.08732422791236 1.08732422791236 1.08732422791236 1.08447164267517 1.08732422791236 1.08732422791236
2.35329788894158 2.35329788894158 2.35128111001851 2.35329788894158 2.35329788894158 2.35329788894158 2.35128111001851 2.34923620090525 2.35262873088029 2.35128111001851 2.35329788894158 2.34785710674496 2.35329788894158 2.34576443923535 2.34435313698957 2.35128111001851 2.34716276885082 2.35128111001851 2.35262873088029 2.35329788894158 2.35262873088029 2.35262873088029 2.35329788894158 2.35329788894158 2.35329788894158 2.35329788894158 1.43325682439329 1.26643766205832 1.09547939149501 1.08876138810561 1.08876138810561 1.31064671949983 1.75039390040336 2.35329788894158 2.34923620090525 2.35262873088029 2.10676008361913 1.91017055238581 1.08876138810561 1.09547939149501 1.08732422791236 1.08732422791236 1.09054173607001 1.08732422791236 1.08732422791236 1.08616410456378
2.35329788894158 2.35329788894158 2.35195647601651 2.35329788894158 2.35262873088029 2.35128111001851 2.34923620090525 2.34716276885082 2.3485482455936 2.35195647601651 2.35329788894158 2.35329788894158 2.35329788894158 2.35329788894158 2.35329788894158 2.35329788894158 2.35329788894158 2.35329788894158 2.35060261848824 2.34576443923535 2.34221159583265 2.3485482455936 2.35329788894158 2.35329788894158 2.35329788894158 2.35329788894158 2.10810149654419 1.91017055238581 1.51730186423857 1.17868816630203 1.17868816630203 1.14476283869297 1.13253051563237 1.74769862995003 1.74972474234208 1.91017055238581 1.11468526323958 1.09886398135452 1.09481023343373 1.09054173607001 1.09054173607001 1.08876138810561 1.09886398135452 1.17868816630203 1.09547939149501 1.08876138810561
2.35128111001851 2.34785710674496 2.34716276885082 2.35329788894158 2.35329788894158 1.90815377346274 1.36541275806555 2.10810149654419 2.35329788894158 2.34646521814332 2.34785710674496 2.34992098683377 2.35262873088029 2.35329788894158 2.35329788894158 2.35329788894158 2.35329788894158 2.35195647601651 2.34923620090525 2.35262873088029 2.35329788894158 2.35195647601651 2.35195647601651 2.35329788894158 2.35329788894158 2.35329788894158 2.35262873088029 2.35128111001851 2.34992098683377 2.35329788894158 2.35329788894158 1.22940920863169 1.26374239160499 2.10676008361913 1.14476283869297 1.14476283869297 1.08732422791236 1.08732422791236 1.09054173607001 1.08732422791236 1.09054173607001 1.08876138810561 1.08876138810561 1.08522761048672 1.17868816630203 1.08876138810561
2.3485482455936 2.3485482455936 2.35329788894158 2.35195647601651 2.35060261848824 2.35329788894158 1.17868816630203 1.62141670268792 2.35329788894158 2.34923620090525 2.35262873088029 2.35329788894158 2.35060261848824 2.35128111001851 2.34785710674496 2.35195647601651 2.35329788894158 2.35329788894158 2.35329788894158 2.35329788894158 2.35262873088029 2.35329788894158 2.35329788894158 2.35329788894158 2.35329788894158 2.10810149654419 2.35262873088029 2.35329788894158 2.35329788894158 2.35128111001851 2.35329788894158 2.35128111001851 2.35329788894158 1.62141670268792 1.09886398135452 1.10305680949 1.08732422791236 1.08732422791236 1.08732422791236 1.08732422791236 1.15991621380949 1.0927472301907 1.10305680949 1.0927472301907 1.0927472301907 1.08876138810561
2.35128111001851 2.35262873088029 2.34992098683377 2.35329788894158 2.35329788894158 2.35262873088029 2.35329788894158 2.35329788894158 2.35195647601651 2.35262873088029 2.35262873088029 2.35329788894158 2.35329788894158 2.35329788894158 2.35195647601651 2.34716276885082 2.35329788894158 2.35329788894158 2.35329788894158 2.35329788894158 2.35329788894158 2.35329788894158 2.35329788894158 2.35329788894158 2.35329788894158 2.35329788894158 2.35262873088029 2.35262873088029 2.35329788894158 2.35329788894158 2.35329788894158 2.35329788894158 2.35329788894158 1.31064671949983 1.15991621380949 1.10305680949 1.08732422791236 1.10825086723746 1.08876138810561 1.08876138810561 1.36541275806555 1.23075062155675 1.0927472301907 1.15991621380949 1.13253051563237 1.0927472301907
