IBR/IBR_outputs/all.combrep_1/FireFreq_2000_2008_Total.PersistForestCover_Total/FireFreq_2000_2008_Total.PersistForestCover_Total.asc
NCOLS 160 
NROWS 95 
XLLCORNER 210004.651214014 
YLLCORNER 7350008.22228844 
CELLSIZE 4999.99999999997 
NODATA_value -9999 
[rows 42 to 62 of 95, columns 0 to 45 of 160]
-9999 -9999 -9999 -9999 -9999 -9999 -9999 -9999 -9999 -9999 -9999 -9999 -9999 -9999 -9999 -9999 -9999 -9999 -9999 -9999 -9999 2.16879037431655 2.35329788894158 2.30860478157454 2.27574754040698 2.35329788894158 2.35329788894158 1.09054173607001 1.11468526323958 1.08239101886559 1.08386139938784 1.0830919242829 1.13932205649635 1.75039390040336 1.26168801871035 1.12063940004408 1.09054173607001 1.08616410456378 1.08876138810561 1.10305680949 1.10825086723746 1.09547939149501 1.09547939149501 1.09886398135452 1.08380248461388 1.10758170917618
-9999 -9999 -9999 -9999 -9999 -9999 -9999 -9999 -9999 -9999 -9999 -9999 -9999 -9999 -9999 -9999 -9999 -9999 2.34762601672993 2.35329788894158 2.3338121838139 2.34716276885082 2.35329788894158 2.34785710674496 2.31908261268271 2.31574955171596 1.61939992376485 1.08447164267517 1.08297113758263 1.0809369968276 1.0818766964486 1.08809223004433 1.09133053164829 1.43325682439329 1.13186135757109 1.12287520972458 1.0595985301009 1.08809223004433 1.12265617896715 1.10305680949 1.08876138810561 1.12265617896715 1.09054173607001 1.11468526323958 1.08674460918254 1.10825086723746
-9999 -9999 -9999 -9999 -9999 -9999 -9999 -9999 -9999 -9999 -9999 -9999 -9999 -9999 -9999 2.0565802250329 2.25481869409306 2.34762601672993 2.35329788894158 2.34992098683377 2.35329788894158 2.35329788894158 2.34923620090525 2.3393096703714 2.3485482455936 1.89471114917215 1.10238765142872 1.08616410456378 1.08297113758263 1.08251998646278 1.10825086723746 1.09054173607001 1.14476283869297 1.36541275806555 1.09547939149501 1.09140581726563 1.06558608237618 1.15026090790169 1.09054173607001 1.09054173607001 1.08522761048672 1.09886398135452 1.08876138810561 1.1101256219737 1.13774463552038 1.15254113481298
-9999 -9999 -9999 -9999 -9999 -9999 -9999 -9999 -9999 -9999 -9999 -9999 -9999 2.35329788894158 2.34470718503427 2.32715085745252 2.35195647601651 2.35262873088029 2.35329788894158 2.35329788894158 2.35329788894158 2.35329788894158 2.34576443923535 2.10810149654419 2.34576443923535 1.5069327159942 1.08674460918254 1.09054173607001 1.12265617896715 1.14409368063169 2.10810149654419 1.36541275806555 1.08876138810561 1.17801900824075 1.08732422791236 1.0831302297501 1.09411433800655 1.06634751680222 1.10305680949 1.36541275806555 1.09622413869174 1.07485846224236 1.09352875509083 1.10795291017592 1.08230426431552 1.08336878864534
-9999 -9999 -9999 -9999 -9999 -9999 -9999 -9999 -9999 -9999 -9999 -9999 2.35329788894158 2.35329788894158 1.26576850399704 1.14342142576791 2.35195647601651 2.35329788894158 2.35329788894158 2.35329788894158 1.26576850399704 1.36474360000427 1.62074754462664 2.10810149654419 2.10403980850787 1.90333788158756 1.08455845242544 1.08053528352354 1.36474360000427 1.11468526323958 2.10810149654419 1.62141670268792 1.09547939149501 1.12265617896715 1.09073045126763 1.08326253987603 1.08482269163871 1.15797130030487 1.2995604263909 1.15516657046151 1.08920032314494 1.12198702090587 1.17462647826571 1.13932205649635 1.09054173607001 1.09547939149501
-9999 -9999 -9999 -9999 -9999 -9999 -9999 -9999 -9999 -9999 2.35048923153276 2.35329788894158 2.35329788894158 2.35329788894158 1.31064671949983 1.08300828636378 1.74495311820675 2.35329788894158 2.35329788894158 1.62141670268792 1.26643766205832 2.10810149654419 1.36541275806555 2.35329788894158 2.10810149654419 1.89021519531229 1.08616410456378 1.08135200972227 1.07812465704553 1.17868816630203 1.75039390040336 1.17868816630203 1.09886398135452 1.10238765142872 1.11468526323958 1.08616410456378 1.08462895745902 1.35646800611355 1.14476283869297 1.0927472301907 1.08732422791236 1.08732422791236 1.09886398135452 1.2239179507585 1.06804452210844 1.14342142576791
-9999 -9999 -9999 -9999 -9999 -9999 -9999 -9999 -9999 2.35329788894158 2.33793083325087 2.35329788894158 2.35329788894158 2.35329788894158 1.62141670268792 1.19992603745607 2.34292874069721 2.35329788894158 2.35195647601651 1.61872143223458 1.15447543161287 2.35329788894158 2.35329788894158 2.35329788894158 2.35329788894158 2.10743233848291 1.09622413869174 1.08239101886559 1.07876857509124 1.22940920863169 1.75039390040336 1.15991621380949 1.10305680949 1.09886398135452 1.36541275806555 1.09547939149501 1.10825086723746 1.10825086723746 1.0927472301907 1.23075062155675 1.08876138810561 1.08732422791236 1.08616410456378 1.0927472301907 1.08665506985108 1.08530744898929
-9999 -9999 -9999 -9999 -9999 -9999 -9999 -9999 -9999 2.35063840677109 2.35195647601651 2.35329788894158 2.35329788894158 2.35329788894158 2.35329788894158 2.35329788894158 2.34923620090525 2.35329788894158 2.35329788894158 1.61735501465159 1.74564425705539 2.35329788894158 2.35329788894158 2.35329788894158 2.35329788894158 2.35329788894158 1.2138063851762 1.08297113758263 1.08297113758263 1.0927472301907 1.11468526323958 1.10305680949 1.08732422791236 1.09547939149501 1.19440936667291 1.26509624913326 1.10825086723746 1.09054173607001 1.08732422791236 1.08522761048672 1.08447164267517 1.09547939149501 1.08876138810561 1.08876138810561 1.08447164267517 1.08455845242544
-9999 -9999 -9999 -9999 -9999 -9999 -9999 -9999 1.87395924158943 2.29952744810199 2.35329788894158 2.35329788894158 2.35329788894158 2.35329788894158 2.35329788894158 2.35329788894158 2.34992098683377 2.3485482455936 2.35329788894158 2.35195647601651 2.34364258303378 2.35329788894158 2.35329788894158 2.35329788894158 1.91017055238581 1.75039390040336 1.09054173607001 1.08048449728004 1.08522761048672 1.08297113758263 1.08002898447302 1.08262626801485 1.10238765142872 1.51730186423857 1.1277808722844 1.09622413869174 1.20194281637914 1.08184462046477 1.08876138810561 1.10825086723746 1.12265617896715 1.09054173607001 1.08732422791236 1.08522761048672 1.0854949465025 1.08522761048672
-9999 -9999 -9999 -9999 -9999 -9999 -9999 -9999 1.94391989890349 2.34506041718708 2.35329788894158 2.35329788894158 2.35329788894158 2.35329788894158 2.35329788894158 2.35329788894158 2.35329788894158 2.3393096703714 2.35262873088029 2.34646521814332 2.34576443923535 2.35329788894158 1.15991621380949 1.09547939149501 1.08732422791236 1.09054173607001 1.08447164267517 1.08265013993167 1.08321083156365 1.43325682439329 1.08732422791236 1.09054173607001 1.08732422791236 1.0927472301907 1.11468526323958 1.08237808194634 1.0811891078216 1.08987257800873 1.09616871090119 1.23008146349547 1.10305680949 1.08732422791236 1.17868816630203 1.09054173607001 1.08380248461388 1.08732422791236
-9999 -9999 -9999 -9999 -9999 -9999 -9999 1.72690996710698 2.32235468297247 2.35329788894158 2.35329788894158 2.35329788894158 2.35329788894158 2.35329788894158 2.35329788894158 2.35329788894158 2.35329788894158 2.34576443923535 2.35329788894158 2.3485482455936 2.34716276885082 1.31064671949983 1.10825086723746 1.15991621380949 1.09413797856995 1.10350122388948 1.08522761048672 1.08201299824046 1.08522761048672 1.35997197586893 2.10810149654419 1.15991621380949 1.08987257800873 1.11468526323958 1.08876138810561 1.09547939149501 1.07420609348005 1.0854949465025 1.09967990738219 1.15991621380949 1.12198702090587 1.10238765142872 1.08876138810561 1.08732422791236 1.10825086723746 1.09054173607001
-9999 -9999 -9999 -9999 -9999 -9999 2.03926909544841 2.2151538586103 2.35329788894158 2.35329788894158 2.35329788894158 2.35329788894158 2.35329788894158 2.35329788894158 2.35329788894158 2.35329788894158 2.35262873088029 2.34576443923535 2.3485482455936 2.10126882574594 1.10350122388948 1.09547939149501 1.10305680949 1.75039390040336 1.20060140345407 1.08852495714694 1.08784646561667 1.10825086723746 1.14409368063169 1.17255304621127 1.51730186423857 1.09547939149501 1.07557230457893 1.07562392763335 1.09899512145367 1.08987257800873 1.0927472301907 1.07999621931739 1.08732422791236 1.10104003056693 1.09886398135452 1.08616410456378 1.08388619756166 1.08530744898929 1.0927472301907 1.08876138810561
-9999 -9999 -9999 -9999 -9999 -9999 1.99985292583106 2.3393096703714 2.35329788894158 2.35329788894158 2.35329788894158 2.35329788894158 2.35329788894158 2.35262873088029 2.35329788894158 2.35329788894158 1.5152850853155 2.35262873088029 2.33635365256103 2.35128111001851 1.12198702090587 1.08876138810561 1.26576850399704 1.11468526323958 1.11996090851381 1.10071741753123 1.09133053164829 1.10825086723746 1.09886398135452 1.11062357520325 1.51324017620224 1.08732422791236 1.08665506985108 1.08616410456378 1.23075062155675 1.11334385031452 1.11468526323958 1.20194281637914 1.30862994057677 1.14070115065664 1.30997756143855 1.11468526323958 1.08732422791236 1.09886398135452 1.08987257800873 1.08665506985108
-9999 -9999 -9999 -9999 -9999 2.30714253713648 2.14160920859699 2.35195647601651 1.91017055238581 1.75039390040336 1.62141670268792 2.35329788894158 2.35329788894158 2.35329788894158 2.35329788894158 1.31064671949983 1.11996090851381 2.35262873088029 2.34992098683377 2.33709778254313 1.1992475459258 1.0927472301907 1.09886398135452 1.15991621380949 1.10758170917618 1.26576850399704 1.1140161051783 1.17868816630203 1.09547939149501 1.11468526323958 2.10608471762113 1.09140581726563 1.08732422791236 1.08920032314494 1.74633221236704 1.74633221236704 1.08794594178879 1.74356122960511 1.2609968798617 1.12131476604209 1.10825086723746 1.08876138810561 1.08732422791236 1.09886398135452 1.12265617896715 1.08876138810561
-9999 -9999 -9999 -9999 -9999 1.9419787744391 2.2391354841649 2.35329788894158 1.31064671949983 1.14476283869297 1.51730186423857 2.35329788894158 1.30930530657477 2.35262873088029 2.35329788894158 1.62141670268792 1.09346261257195 2.10810149654419 2.34923620090525 2.33104741391993 1.43325682439329 1.0853844859978 1.17868816630203 1.10623408831439 1.08326253987603 1.08257458456438 1.11062357520325 1.09413797856995 1.43325682439329 1.43325682439329 2.35329788894158 1.75039390040336 1.36271748761221 1.74769862995003 1.10758170917618 1.09752256842946 1.10350122388948 2.35128111001851 1.7483771214803 1.30099141359204 1.10690945431239 1.14476283869297 1.08522761048672 1.08616410456378 1.08732422791236 1.09054173607001
-9999 -9999 -9999 -9999 -9999 2.10469082036671 2.35060261848824 2.35329788894158 1.11468526323958 1.09886398135452 1.15991621380949 2.35329788894158 2.35329788894158 2.10810149654419 2.35195647601651 2.35329788894158 1.62141670268792 2.35262873088029 2.35128111001851 2.34576443923535 1.89247874114411 1.11130836113177 1.09207807212942 1.12265617896715 1.08521378048447 1.08370906527175 1.08809223004433 1.12063940004408 1.11468526323958 1.43325682439329 2.35329788894158 2.35329788894158 2.35329788894158 1.23008146349547 1.0927472301907 1.15991621380949 1.15991621380949 2.35262873088029 1.75039390040336 1.08876138810561 1.09207807212942 1.17868816630203 1.10825086723746 1.09413797856995 1.08987257800873 1.08616410456378
-9999 -9999 -9999 -9999 -9999 2.20040654269298 2.35329788894158 1.20194281637914 1.0927472301907 1.10758170917618 1.11468526323958 2.35262873088029 2.35329788894158 2.35329788894158 2.35329788894158 2.35329788894158 2.35329788894158 2.35329788894158 2.35262873088029 2.35329788894158 2.34992098683377 1.50257975209194 1.23008146349547 1.09054173607001 1.08598281498729 1.08665506985108 1.08741997518054 1.17531126419423 1.23075062155675 1.36541275806555 1.43325682439329 1.74972474234208 2.35195647601651 1.19719317303116 1.15991621380949 1.10305680949 1.62074754462664 1.91017055238581 1.10305680949 1.13253051563237 1.11468526323958 1.09886398135452 1.20194281637914 1.12198702090587 1.15991621380949 1.08876138810561
-9999 -9999 -9999 -9999 -9999 2.32115247453567 2.35329788894158 1.09547939149501 1.08987257800873 1.43325682439329 2.35262873088029 2.35329788894158 2.35329788894158 2.35329788894158 2.35329788894158 1.14476283869297 1.14476283869297 1.20194281637914 2.35329788894158 2.35329788894158 2.35329788894158 1.50257975209194 1.10305680949 1.09054173607001 1.10825086723746 1.10238765142872 1.09073045126763 1.15378109371873 1.12265617896715 1.10825086723746 1.09547939149501 1.43325682439329 2.35262873088029 1.12198702090587 1.0927472301907 1.09207807212942 1.09547939149501 1.26374239160499 1.08732422791236 1.11468526323958 1.23075062155675 1.14409368063169 1.15857480088443 1.09886398135452 1.10825086723746 1.08732422791236
-9999 -9999 -9999 -9999 -9999 2.3485482455936 2.35329788894158 1.31064671949983 2.31149571797251 2.34785710674496 2.34716276885082 2.35128111001851 2.34506041718708 2.35195647601651 2.3485482455936 1.61458403188966 1.42987992228548 1.5152850853155 2.35262873088029 2.35329788894158 2.35329788894158 2.33485504425019 1.10690945431239 1.17667138737897 1.30997756143855 1.30520593730322 1.08852495714694 1.10350122388948 1.20127365831786 1.10623408831439 1.09346261257195 1.16543046165072 1.89908425927688 1.26643766205832 1.08876138810561 1.08265013993167 1.09141770345869 1.07861914529736 1.08386139938784 1.3079514490465 2.35262873088029 1.11228703072279 1.09481023343373 1.10305680949 1.0927472301907 1.08616410456378
-9999 -9999 -9999 -9999 -9999 2.35329788894158 2.35329788894158 2.35262873088029 2.32872028348512 1.36961175987911 1.50835711228656 2.10743233848291 2.35060261848824 2.35195647601651 2.3485482455936 1.7483771214803 2.35128111001851 2.35060261848824 2.35195647601651 2.35329788894158 2.35329788894158 2.34076733194813 1.12063940004408 1.09140581726563 1.14409368063169 1.90815377346274 1.09547939149501 1.08920032314494 1.10758170917618 1.51255222089059 1.74701699829556 1.41631258801274 1.17801900824075 1.62141670268792 1.08876138810561 1.13253051563237 1.90815377346274 1.17667138737897 1.50621557112964 2.35128111001851 2.34716276885082 2.34646521814332 1.11334385031452 1.10305680949 1.08606611765227 1.09054173607001
-9999 -9999 -9999 -9999 -9999 2.35329788894158 2.35329788894158 2.35329788894158 1.26509624913326 1.06518123036577 1.23790915303883 1.8983637944583 2.35262873088029 2.35262873088029 2.35262873088029 2.35329788894158 2.35329788894158 2.35329788894158 2.35329788894158 2.35329788894158 2.35329788894158 2.34435313698957 1.30862994057677 1.09547939149501 1.20194281637914 2.35329788894158 1.26576850399704 1.23075062155675 1.26643766205832 2.34646521814332 2.10196637645343 1.61803980058011 1.36541275806555 1.09054173607001 1.0927472301907 1.5152850853155 2.35128111001851 2.35195647601651 1.22321717185053 1.1992475459258 1.26509624913326 1.61104755444356 1.42781604219667 1.19650203418252 1.22668893352043 1.11198999278625
