0.734199 0.0218051 0.130741 0.0237838 0.0894705
0.733386 0.0285842 0.115544 9.9991E-05 0.122386
0.56925 0.0136267 0.229327 9.9991E-05 0.187697
0.781743 0.0380105 0.0841204 0.038126 0.0579999
0.949224 9.9982E-05 9.9982E-05 0.0494889 0.00108703
0.835657 9.9982E-05 0.102128 0.0620154 9.9982E-05
0.741097 9.9991E-05 0.180664 0.0101781 0.0679617
0.717188 0.047712 0.2349 9.9982E-05 9.9982E-05
0.680867 0.0223268 9.9991E-05 0.102154 0.194552
0.519967 0.034439 0.250707 0.00929481 0.185593
0.276629 0.0682597 0.502464 0.0608492 0.091799
0.480857 0.0307484 0.264653 9.9991E-05 0.223641
0.0037529 0.0626405 0.800326 0.056434 0.0768461
0.448211 9.9991E-05 0.200977 0.0740766 0.276636
0.678918 0.0571487 9.9991E-05 0.0788093 0.185024
0.639914 0.0270812 0.231792 9.9991E-05 0.101113
0.714236 9.9991E-05 0.0262459 0.0350914 0.224326
0.904291 0.0242655 9.9982E-05 9.9982E-05 0.0712433
0.0888731 0.0657035 0.186078 0.0953865 0.563958
0.177142 9.9982E-05 0.0901561 9.9982E-05 0.732502
0.180416 0.0174962 0.0923556 0.0171662 0.692566
0.0363512 0.0165706 0.0862192 0.0205626 0.840296
9.9982E-05 0.0472573 0.0609243 9.9982E-05 0.891618
0.150031 0.0393236 0.0294708 0.0304894 0.750685
0.266812 9.9991E-05 0.0899979 0.00607325 0.637017
0.0513141 0.0180427 0.0273711 9.9991E-05 0.903172
9.9982E-05 0.0257519 9.9982E-05 0.0493088 0.924739
9.9991E-05 0.0124937 0.022972 0.0824951 0.881939
0.0560598 9.9982E-05 9.9982E-05 0.0309631 0.912777
0.0153163 9.9991E-05 0.0259325 0.110094 0.848558
0.0109951 9.9982E-05 9.9982E-05 0.035763 0.953042
0.0521531 0.0331961 9.9991E-05 0.054974 0.859577
0.0605326 0.0676007 0.0746383 9.9991E-05 0.797128
0.532627 0.0533841 0.266058 9.9991E-05 0.147831
0.683029 0.0141272 9.9991E-05 0.0174333 0.28531
0.746406 9.9991E-05 0.0148955 0.104849 0.13375
0.702941 0.023547 0.262462 0.00458153 0.00646916
0.495052 0.0268213 0.169663 0.112857 0.195607
9.997E-05 0.9996 9.997E-05 9.997E-05 9.997E-05
9.9991E-05 0.00837977 0.18358 0.0122702 0.79567
0.746656 9.9982E-05 9.9982E-05 0.136899 0.116245
0.686516 9.9982E-05 0.196838 9.9982E-05 0.116446
0.241259 0.010028 0.319165 0.095074 0.334474
0.0625037 0.0630471 0.587601 0.143184 0.143664
9.9982E-05 0.00643453 0.941852 9.9982E-05 0.0515135
9.997E-05 0.9996 9.997E-05 9.997E-05 9.997E-05
0.403722 0.0822771 0.267883 0.0215634 0.224554
0.255458 9.9991E-05 0.418594 0.147698 0.178151
0.298579 0.0177239 0.223652 0.0978999 0.362146
0.0161621 0.0036405 0.201331 0.749138 0.0297287
9.9982E-05 0.0267545 0.214796 0.75825 9.9982E-05
0.168584 9.9982E-05 9.9982E-05 0.782572 0.0486447
0.0638048 0.054899 0.17015 0.711047 9.9991E-05
0.0371637 0.0265926 9.9991E-05 0.824309 0.111835
0.0213849 9.9991E-05 0.0110149 0.837991 0.129509
0.22633 9.9982E-05 0.0369746 0.736495 9.9982E-05
0.0162526 0.032198 0.105111 0.813303 0.0331354
9.9991E-05 0.0134527 0.0417406 0.84801 0.0966967
0.096321 0.0292712 0.112999 0.761309 9.9991E-05
0.063614 0.0521954 0.300994 0.583097 9.9991E-05
9.9982E-05 9.9982E-05 0.127033 0.790178 0.0825891
0.0802434 9.9991E-05 0.190097 0.703249 0.0263103
9.9982E-05 0.074144 0.63352 0.292136 9.9982E-05
0.183234 0.0172175 9.9991E-05 0.0473815 0.752067
0.182957 0.0383649 9.9991E-05 0.0700771 0.708501
0.160982 0.0224735 9.9982E-05 9.9982E-05 0.816345
0.0312978 0.00444805 0.219018 0.692944 0.0522926
9.9982E-05 0.0999923 0.449712 0.450096 9.9982E-05
0.0178397 0.0127225 0.190832 0.729437 0.0491682
9.9982E-05 0.0682864 0.286605 0.644908 9.9982E-05
0.105403 0.0366518 9.9991E-05 0.83691 0.0209342
0.261544 0.00652771 0.568813 0.163015 9.9991E-05
0.0953318 0.0113656 0.858919 0.034284 9.9991E-05
0.113414 0.00964854 0.738842 0.137995 9.9991E-05
9.9973E-05 0.0147887 0.984911 9.9973E-05 9.9973E-05
9.9982E-05 0.0322502 0.868379 9.9982E-05 0.0991704
9.9973E-05 0.0290386 0.970661 9.9973E-05 9.9973E-05
0.104252 0.0394046 0.803349 0.016274 0.0367198
0.118038 9.9982E-05 0.234986 0.646777 9.9982E-05
0.0969699 0.114618 0.382124 0.406189 9.9991E-05
9.9991E-05 0.0278004 0.238233 0.671408 0.0624582
9.9991E-05 0.058087 0.134618 0.70569 0.101505
0.218341 0.0101902 9.9982E-05 0.771269 9.9982E-05
0.0256571 0.04246 0.190933 0.0210608 0.719889
0.076953 0.00581316 0.554597 0.309638 0.0529986
0.00570265 9.9982E-05 0.890818 0.103279 9.9982E-05
9.997E-05 0.9996 9.997E-05 9.997E-05 9.997E-05
0.673145 9.9982E-05 0.120368 9.9982E-05 0.206286
0.722148 0.0460568 0.0543131 9.9991E-05 0.177382
0.51781 0.0452811 0.252095 9.9991E-05 0.184713
0.372716 0.0361888 0.201583 0.132464 0.257048
0.825867 9.9991E-05 0.0913003 0.0249748 0.0577575
9.9973E-05 9.9973E-05 0.858042 0.141659 9.9973E-05
0.172969 0.0445005 0.206289 0.0170725 0.559169
0.0477368 0.102262 0.679261 0.170641 9.9991E-05
0.287271 0.0200791 0.328678 0.0612018 0.302771
0.724357 0.0107612 0.0152778 0.0408444 0.20876
0.70106 9.9982E-05 0.220567 9.9982E-05 0.0781727
0.542971 9.9982E-05 0.302719 9.9982E-05 0.15411
0.569908 0.0248759 0.275401 0.0728848 0.0569308
0.573412 9.9982E-05 0.375416 9.9982E-05 0.050972
0.674608 9.9982E-05 0.248466 9.9982E-05 0.076726
0.0578125 0.0237749 0.692702 0.186446 0.0392648
0.204196 0.0680064 0.574354 0.153344 9.9991E-05
0.0979036 0.104891 0.59656 0.200545 9.9991E-05
0.132568 0.00301498 0.609384 9.9991E-05 0.254934
0.224575 9.9991E-05 0.559514 0.0800607 0.135751
0.432897 9.9991E-05 0.00908856 0.0871148 0.4708
0.18409 0.00572698 9.9991E-05 0.794069 0.0160143
0.0335411 0.0131166 0.259403 0.682185 0.0117545
0.00672135 9.9991E-05 0.682791 0.133556 0.176832
0.194316 0.0249506 0.467475 0.166859 0.146399
0.00301864 0.0621514 0.52884 0.129857 0.276133
9.9973E-05 9.9973E-05 0.299971 9.9973E-05 0.699729
9.9991E-05 0.0273883 0.302131 0.615423 0.0549573
0.0194209 9.9982E-05 0.373014 0.607365 9.9982E-05
0.0850696 9.9982E-05 0.473464 0.441266 9.9982E-05
0.366782 0.0324947 0.107275 0.0426475 0.450801
0.626622 0.0216067 9.9991E-05 0.0560202 0.295652
0.788618 0.045698 0.116869 0.0457321 0.00308286
0.740493 9.9991E-05 0.0314915 0.125508 0.102407
0.600675 9.9982E-05 0.074043 9.9982E-05 0.325082
0.735814 0.014234 0.0502054 0.0116594 0.188088
0.819603 9.9982E-05 9.9982E-05 0.0677302 0.112467
0.936944 9.9973E-05 9.9973E-05 0.0627561 9.9973E-05
0.535026 9.9991E-05 0.0898721 0.0444325 0.330569
0.789242 9.9982E-05 0.0632293 9.9982E-05 0.147329
0.682426 0.0181259 0.105655 9.9991E-05 0.193692
0.723045 0.0242223 0.117245 9.9991E-05 0.135388
0.546907 9.9991E-05 0.115182 0.0944792 0.243332
0.766783 0.0352741 0.118416 0.0308818 0.0486446
0.424712 0.011484 0.265882 0.00331798 0.294604
0.80094 9.9991E-05 0.0190262 0.0581081 0.121826
0.00258526 9.9982E-05 0.130354 9.9982E-05 0.866861
9.9973E-05 9.9973E-05 0.0832414 9.9973E-05 0.916459
0.00643946 0.0285081 9.9982E-05 9.9982E-05 0.964852
0.113386 0.00715599 9.9991E-05 0.105477 0.773882
9.9991E-05 0.0177376 0.1066 0.0432546 0.832308
0.665524 9.9991E-05 0.273409 0.0598487 0.00111824
0.700666 0.0157393 0.113436 9.9991E-05 0.170058
9.9982E-05 0.00902637 0.138232 0.852542 9.9982E-05
0.0928809 0.0491324 0.0257403 0.768197 0.0640495
0.125879 0.0173079 9.9982E-05 0.856613 9.9982E-05
0.0900618 0.0170333 0.158247 0.650746 0.0839111
0.0610686 0.0275743 0.0123118 0.898945 9.9991E-05
0.0173256 9.9982E-05 9.9982E-05 0.829742 0.152732
0.0331252 0.04214 0.0643458 0.860289 9.9991E-05
9.9982E-05 9.9982E-05 0.0927031 0.822818 0.0842787
9.9982E-05 9.9982E-05 0.164262 0.773271 0.0622675
9.9991E-05 0.0108465 0.0602545 0.83638 0.0924185
0.0944463 0.0413098 0.0701426 0.785099 0.00900201
0.0919244 0.0401806 0.0197805 0.773272 0.0748427
0.0437239 0.000255306 0.0650821 0.807453 0.0834852
0.0195043 0.00141442 9.9991E-05 0.868863 0.110119
0.047624 9.9982E-05 0.139899 0.812277 9.9982E-05
0.0970555 0.0218675 9.9982E-05 0.880877 9.9982E-05
0.0712579 0.0175798 9.9991E-05 0.866973 0.0440888
0.110114 9.9991E-05 0.741823 0.110265 0.0376976
0.111119 9.9982E-05 0.880815 9.9982E-05 0.00786579
0.0706298 9.9982E-05 0.0747006 0.85447 9.9982E-05
0.250409 0.0211707 0.0794143 0.641204 0.00780196
9.9973E-05 9.9973E-05 0.25408 0.74562 9.9973E-05
0.202639 9.9982E-05 0.681943 0.115218 9.9982E-05
0.878795 0.015993 0.105012 9.9982E-05 9.9982E-05
0.715591 0.00595624 9.9991E-05 0.0348915 0.243461
0.260877 9.9982E-05 0.27076 9.9982E-05 0.468163
0.283496 9.9991E-05 0.0819233 0.0346575 0.599823
0.0610688 9.9982E-05 0.200974 9.9982E-05 0.737758
0.0643693 9.9991E-05 0.0512134 0.0466802 0.837637
0.174468 9.9982E-05 0.0725389 9.9982E-05 0.752793
0.0948485 0.051532 0.0339817 0.00598091 0.813657
9.9991E-05 0.039884 0.137233 0.0889155 0.733867
0.105795 0.0445725 9.9991E-05 0.0763912 0.773142
0.731471 0.00840267 0.106557 0.0172524 0.136317
0.680631 0.0624767 0.124598 0.0717324 0.0605622
0.805125 0.0346269 0.133104 0.0270445 9.9991E-05
0.720276 0.00258516 0.238641 0.0383979 9.9991E-05
0.874018 0.0162121 0.0932163 0.0164532 9.9991E-05
0.609262 9.9982E-05 0.388342 9.9982E-05 0.00219547
0.541017 9.9982E-05 0.233651 9.9982E-05 0.225132
0.566238 9.9991E-05 0.200432 0.0630443 0.170186
0.627485 0.0503832 0.211414 9.9991E-05 0.110618
0.53549 0.0210812 0.220417 0.0113276 0.211685
0.632283 0.014266 0.0809043 0.0669306 0.205616
0.117102 0.124849 0.00740317 0.0860612 0.664584
0.0386174 0.0315739 0.155589 0.770533 0.00368629
9.9991E-05 0.0399789 0.0720437 0.76272 0.125158
9.9991E-05 0.000599664 0.118243 0.840657 0.0404003
0.153032 0.0175335 0.11196 0.6958 0.0216748
0.145959 0.0153903 9.9991E-05 0.786079 0.0524709
0.494938 0.0343364 0.0694453 0.13239 0.26889
0.462345 0.0271954 0.197616 9.9991E-05 0.312744
0.776916 0.0630957 9.9991E-05 0.00896872 0.150919
0.435952 0.0308725 0.23773 9.9991E-05 0.295345
