9.9991E-05 0.223531 0.776369
9.999E-05 0.17477 0.82513
9.999E-05 0.333963 0.665937
0.00823809 0.0886051 0.903157
0.0134155 0.150757 0.835828
0.0357779 0.118218 0.846004
0.0392053 0.151071 0.809724
9.999E-05 0.0727881 0.927112
0.0749471 0.229756 0.695297
0.0565751 0.284703 0.658722
0.186958 0.151236 0.661806
0.0550372 0.35015 0.594813
0.325111 0.057129 0.61776
0.109061 0.315862 0.575077
0.0653716 0.312504 0.622124
9.9991E-05 0.200465 0.799435
9.9991E-05 0.300933 0.698967
9.9991E-05 0.225954 0.773946
0.203198 0.609801 0.187001
0.0190243 0.808035 0.172941
9.9991E-05 0.803985 0.195915
0.0793741 0.888463 0.0321632
0.0174419 0.982458 9.9991E-05
0.0436039 0.871676 0.0847199
9.9991E-05 0.78886 0.21104
9.9991E-05 0.973599 0.0263007
0.0629265 0.936974 9.9991E-05
0.0807445 0.919155 9.9991E-05
9.999E-05 0.9998 9.999E-05
0.0854081 0.914492 9.9991E-05
0.0469278 0.952972 9.9991E-05
0.0306792 0.969221 9.9991E-05
0.0390225 0.898139 0.0628381
0.0441219 0.313291 0.642587
9.9991E-05 0.442597 0.557303
0.038552 0.230673 0.730775
0.0301024 0.161944 0.807953
0.154009 0.226479 0.619512
0.380097 0.19012 0.429783
0.0625292 0.889732 0.0477383
0.0761644 0.265407 0.658429
9.9991E-05 0.295195 0.704705
0.202935 0.35384 0.443225
0.349501 0.174974 0.475526
0.260892 0.148191 0.590917
0.392337 0.1695 0.438163
0.081303 0.343028 0.575669
0.207043 0.210384 0.582573
0.142823 0.440117 0.417061
0.853228 0.0490669 0.0977055
0.884344 0.0180275 0.0976281
0.861705 0.0149309 0.123364
0.828477 0.0362115 0.135311
0.917628 0.0631076 0.0192643
0.913112 0.0392456 0.0476426
0.777314 9.9991E-05 0.222586
0.902973 0.0790817 0.0179449
0.930425 0.0694747 9.9991E-05
0.873846 0.00592102 0.120233
0.726585 9.9991E-05 0.273315
0.926407 0.0734933 9.9991E-05
0.826204 0.0666039 0.107192
0.555445 0.0629206 0.381634
0.0104565 0.935669 0.0538747
0.031727 0.876933 0.0913397
9.9991E-05 0.957827 0.0420732
0.780808 0.033847 0.185345
0.732972 0.0161767 0.250852
0.827075 0.0705266 0.102398
0.855035 0.0388427 0.106122
0.912495 0.013419 0.0740862
0.355815 9.9991E-05 0.644085
0.324612 0.0793348 0.596054
0.308792 0.0633677 0.62784
0.305418 0.0645479 0.630034
0.291424 0.181757 0.526819
0.337901 0.0434779 0.618621
0.273144 0.138011 0.588845
0.767792 9.9991E-05 0.232108
0.627272 0.0692698 0.303459
0.845873 0.0962881 0.0578388
0.882103 0.117797 9.9991E-05
0.784024 9.9991E-05 0.215876
0.0732571 0.749548 0.177195
0.48367 0.166405 0.349925
0.417111 0.00214761 0.580741
0.407542 0.166805 0.425653
9.9991E-05 0.283792 0.716108
9.9991E-05 0.256253 0.743647
0.0609991 0.242129 0.696872
0.12894 0.36062 0.51044
0.0524286 0.195012 0.752559
0.446245 0.0626087 0.491147
0.0455116 0.661385 0.293103
0.409103 9.9991E-05 0.590797
0.153097 0.410544 0.436358
9.9991E-05 0.292703 0.707197
9.9991E-05 0.130361 0.869539
0.00515975 0.272159 0.722681
0.0909442 0.0970746 0.811981
9.9991E-05 0.157926 0.841974
9.9991E-05 0.132514 0.867386
0.441838 0.0494106 0.508751
0.377256 0.140948 0.481796
0.438956 0.0407874 0.520256
0.0979985 0.361325 0.540677
0.240117 0.282156 0.477727
0.0274171 0.549918 0.422665
0.821826 0.0224677 0.155707
0.844852 0.0636422 0.0915057
0.372322 0.20178 0.425898
0.309193 0.216144 0.474663
0.295254 0.353303 0.351442
0.0353057 0.860589 0.104105
0.819944 0.133516 0.0465401
0.795634 0.00979839 0.194568
0.62925 9.9991E-05 0.37065
0.0282002 0.592994 0.378805
9.9991E-05 0.372554 0.627346
0.0773307 0.112983 0.809686
0.0663993 0.176849 0.756752
9.9991E-05 0.508385 0.491515
9.9991E-05 0.312512 0.687388
0.0119698 0.218232 0.769798
0.0248345 0.121342 0.853824
0.0224872 0.454522 0.522991
9.9991E-05 0.257561 0.742339
9.9991E-05 0.334821 0.665079
0.0226536 0.208926 0.76842
0.100815 0.367839 0.531346
0.0534875 0.175777 0.770735
0.072175 0.321456 0.606369
0.0183548 0.195138 0.786507
9.9991E-05 0.94308 0.0568196
9.9991E-05 0.965818 0.0340821
9.999E-05 0.9998 9.999E-05
0.0638294 0.876751 0.0594195
0.0793073 0.857241 0.0634513
0.109748 0.0764179 0.813834
9.9991E-05 0.296993 0.702907
0.9998 9.999E-05 9.999E-05
0.884516 0.0285851 0.086899
0.927337 0.020926 0.0517371
0.756404 0.0630734 0.180523
0.93056 0.0138438 0.0555957
0.85178 0.14812 9.9991E-05
0.935005 9.9991E-05 0.0648954
0.933185 0.0667152 9.9991E-05
0.920746 0.0791544 9.9991E-05
0.898889 0.101011 9.9991E-05
0.918994 9.9991E-05 0.0809058
0.813892 0.0467297 0.139378
0.811773 0.0681814 0.120046
0.937836 0.0620638 9.9991E-05
0.889529 9.9991E-05 0.110371
0.93833 9.9991E-05 0.0615698
0.908197 0.0917032 9.9991E-05
0.385062 0.0812185 0.53372
0.229377 0.105351 0.665272
0.919963 9.9991E-05 0.0799373
0.738721 9.9991E-05 0.261179
0.969312 0.0305875 9.9991E-05
0.378109 0.0431968 0.578694
9.9991E-05 0.124309 0.875591
9.9991E-05 0.310284 0.689616
0.0369668 0.510627 0.452406
0.0148766 0.686345 0.298779
0.0308799 0.907859 0.0612614
0.0666648 0.931277 0.00205839
9.9991E-05 0.83907 0.16083
0.0239182 0.91127 0.0648113
0.114058 0.856781 0.0291615
0.0890568 0.868946 0.0419973
0.00269626 0.250177 0.747127
0.0938936 0.166782 0.739324
0.0914275 0.0635523 0.84502
0.0165336 9.9991E-05 0.983366
0.00860121 9.9991E-05 0.991299
0.0922228 0.072623 0.835154
0.0133177 0.278508 0.708174
0.0753617 0.271106 0.653533
0.0381756 0.174555 0.787269
0.0861252 0.242986 0.670888
0.0160553 0.19712 0.786824
0.11789 0.791442 0.0906685
0.866434 0.0566121 0.0769537
0.881686 0.076159 0.0421547
0.943751 9.9991E-05 0.0561491
0.767918 9.9991E-05 0.231982
0.87142 0.052026 0.0765541
0.145817 0.348883 0.5053
0.0274137 0.357045 0.615542
9.9991E-05 0.24718 0.75272
0.0103195 0.328528 0.661152
