0.782838 0.217062 9.9991E-05
0.835008 0.164892 9.9991E-05
0.708292 0.291608 9.9991E-05
0.942947 0.0194499 0.0376031
0.9998 9.999E-05 9.999E-05
0.971174 9.9991E-05 0.0287263
0.870603 0.0925546 0.0368421
0.89398 0.10592 9.9991E-05
0.658521 0.25507 0.0864092
0.723717 0.243202 0.0330811
0.64248 0.153864 0.203656
0.724809 0.21678 0.0584112
0.579806 0.101023 0.319171
0.667004 0.220636 0.11236
0.707727 0.237937 0.0543364
0.835783 0.164117 9.9991E-05
0.752327 0.247573 9.9991E-05
0.88929 0.11061 9.9991E-05
0.158319 0.647395 0.194286
0.26231 0.735008 0.00268222
0.273455 0.726445 9.9991E-05
0.0134979 0.929699 0.0568031
9.9991E-05 0.970758 0.029142
0.036377 0.931281 0.0323424
0.30263 0.69727 9.9991E-05
0.0230249 0.976875 9.9991E-05
9.9991E-05 0.901182 0.0987177
9.9991E-05 0.896673 0.103227
9.999E-05 0.9998 9.999E-05
9.9991E-05 0.926891 0.0730086
9.9991E-05 0.951352 0.0485483
0.0553954 0.914333 0.0302716
0.0355623 0.918379 0.0460585
0.715347 0.263488 0.0211657
0.691245 0.308655 9.9991E-05
0.804845 0.135594 0.0595608
0.898079 0.082987 0.0189344
0.681526 0.171797 0.146677
9.9991E-05 0.596764 0.403136
0.0782555 0.80375 0.117995
0.740096 0.196213 0.0636911
0.784063 0.215837 9.9991E-05
0.476593 0.303535 0.219872
0.405502 0.228974 0.365523
0.636052 0.0612709 0.302677
9.9991E-05 0.59328 0.40662
0.679579 0.254882 0.0655394
0.624051 0.163083 0.212867
0.418757 0.433298 0.147945
0.00248291 0.0659682 0.931549
0.0771009 9.9991E-05 0.922799
0.112394 0.0380898 0.849516
0.148131 9.9991E-05 0.851769
9.9991E-05 0.137195 0.862705
9.9991E-05 0.0771141 0.922786
0.216923 9.9991E-05 0.782977
0.0758277 0.0404265 0.883746
9.9991E-05 0.118978 0.880922
0.105817 0.0142512 0.879932
0.251808 9.9991E-05 0.748092
9.9991E-05 0.0843181 0.915582
0.102837 0.0935573 0.803606
0.359134 0.0254294 0.615436
0.0413869 0.864207 0.0944063
0.116447 0.874128 0.00942452
0.0626835 0.937216 9.9991E-05
0.177408 0.0186416 0.803951
0.250702 0.034928 0.71437
0.123544 0.0431106 0.833345
0.0493145 0.0798012 0.870884
0.0366859 0.0411134 0.922201
0.64186 9.9991E-05 0.35804
0.642698 9.9991E-05 0.357202
0.623521 0.00925286 0.367226
0.605221 0.0459686 0.348811
0.556286 0.161136 0.282578
0.587959 0.0410945 0.370946
0.618311 0.122753 0.258936
0.277645 9.9991E-05 0.722255
0.310958 0.0671914 0.62185
0.0130506 0.144783 0.842167
9.9991E-05 0.120712 0.879188
0.165561 0.0161971 0.818242
0.149571 0.801489 0.0489404
0.460364 0.0516951 0.487941
0.608877 9.9991E-05 0.391023
9.9991E-05 0.622885 0.377015
0.77879 0.22111 9.9991E-05
0.81427 0.18563 9.9991E-05
0.725525 0.256897 0.0175778
0.492886 0.343835 0.163279
0.883619 0.107512 0.00886869
0.583929 9.9991E-05 0.415971
0.333494 0.589084 0.0774222
0.563178 9.9991E-05 0.436722
0.482427 0.362703 0.15487
0.783369 0.216531 9.9991E-05
0.920144 0.0797564 9.9991E-05
0.768539 0.230702 0.00075815
0.850633 0.0312477 0.118119
0.889562 0.0731072 0.0373305
0.877123 0.122777 9.9991E-05
0.53258 0.0677633 0.399657
0.479192 0.15782 0.362988
0.467628 0.0916382 0.440734
0.650008 0.220591 0.129401
0.620062 0.169376 0.210562
0.476755 0.517048 0.00619718
0.149277 0.0671769 0.783546
0.0642162 0.0755328 0.860251
0.38164 0.247638 0.370723
0.429844 0.171177 0.398979
0.260233 0.400774 0.338993
0.145905 0.84542 0.00867409
0.0663361 0.131217 0.802447
0.214628 0.0101659 0.775206
0.36227 0.0017725 0.635958
0.43088 0.49366 0.0754601
0.653647 0.340604 0.00574954
0.880787 0.0495246 0.0696885
0.910077 0.0452377 0.0446849
0.532061 0.467839 9.9991E-05
0.76964 0.230115 0.000245132
0.806006 0.193894 9.9991E-05
0.913955 0.0484764 0.0375686
0.532947 0.446947 0.0201055
0.837022 0.162878 9.9991E-05
0.823859 0.176041 9.9991E-05
0.887132 0.112768 9.9991E-05
0.575351 0.311807 0.112841
0.86738 0.0835096 0.0491104
0.678142 0.255419 0.0664385
0.905428 0.0944717 9.9991E-05
0.0257843 0.95521 0.0190057
0.0265669 0.973333 9.9991E-05
0.0200734 0.979827 9.9991E-05
0.126167 0.824406 0.0494273
0.0601304 0.879832 0.0600376
0.875314 9.9991E-05 0.124586
0.822694 0.177206 9.9991E-05
9.999E-05 9.999E-05 0.9998
0.0370235 0.0850675 0.877909
0.0423817 0.0373843 0.920234
0.176456 0.0755528 0.747991
0.0405879 9.9991E-05 0.959312
9.9991E-05 0.13479 0.86511
0.0244795 9.9991E-05 0.975421
9.9991E-05 0.0995121 0.900388
9.9991E-05 0.109639 0.890261
9.9991E-05 0.0687282 0.931172
0.0687444 0.0299959 0.90126
0.110357 0.0713328 0.81831
0.111425 0.0403078 0.848267
9.9991E-05 0.0569976 0.942902
0.0966145 9.9991E-05 0.903286
0.0256396 9.9991E-05 0.97426
0.0285931 0.0570431 0.914364
0.617993 9.9991E-05 0.381907
0.749692 0.00457415 0.245734
0.0701038 9.9991E-05 0.929796
0.216956 0.0457288 0.737316
9.9991E-05 0.0372581 0.962642
0.62705 9.9991E-05 0.37285
0.996603 9.9991E-05 0.00329709
0.723019 0.276881 9.9991E-05
0.494909 0.455877 0.0492136
0.262522 0.731533 0.00594455
0.142378 0.840557 0.0170652
0.0351801 0.925775 0.0390445
0.151112 0.848788 9.9991E-05
0.120149 0.824509 0.0553425
0.0296589 0.828169 0.142172
0.0257897 0.893362 0.0808483
0.856879 0.143021 9.9991E-05
0.871162 0.0576825 0.0711557
0.947358 9.9991E-05 0.052542
0.986374 9.9991E-05 0.0135261
0.9998 9.999E-05 9.999E-05
0.91802 0.0119914 0.0699887
0.734094 0.239503 0.0264034
0.706212 0.194453 0.0993348
0.786406 0.170539 0.0430549
0.781912 0.174892 0.0431953
0.749708 0.196449 0.0538429
0.0247352 0.848258 0.127007
0.0911767 0.0247136 0.88411
9.9991E-05 0.135003 0.864897
0.0722768 0.0127029 0.91502
0.205177 0.00779654 0.787026
0.0257156 0.115773 0.858512
0.519398 0.323434 0.157167
0.588071 0.411829 9.9991E-05
0.737524 0.244554 0.0179219
0.652986 0.340747 0.00626749
