0.216612 0.783288 9.9991E-05
0.150611 0.849289 9.9991E-05
0.155449 0.819636 0.0249151
0.0939968 0.905903 9.9991E-05
0.0421528 0.918683 0.039164
0.0125156 0.950074 0.0374102
0.0546885 0.920285 0.0250265
0.00695023 0.981117 0.0119326
0.204875 0.723177 0.0719483
0.265083 0.690406 0.0445104
0.0933455 0.685961 0.220694
0.231215 0.666775 0.102011
0.0895463 0.577434 0.33302
0.258209 0.647684 0.0941063
0.279716 0.670351 0.0499321
0.167624 0.832276 9.9991E-05
0.306005 0.693895 9.9991E-05
0.0998204 0.90008 9.9991E-05
0.560749 0.22819 0.211061
0.672787 0.300962 0.0262517
0.744561 0.255339 9.9991E-05
0.884137 0.0875295 0.0283338
0.982669 9.9991E-05 0.0172309
0.852097 0.13859 0.00931306
0.667498 0.332402 9.9991E-05
0.951935 0.0479646 9.9991E-05
0.960691 9.9991E-05 0.0392091
0.939505 9.9991E-05 0.0603946
0.995925 9.9991E-05 0.00397488
0.856419 0.0796807 0.0639
0.977308 9.9991E-05 0.0225919
0.894022 0.0686272 0.0373512
0.933898 0.066002 9.9991E-05
0.215707 0.712078 0.0722146
0.267147 0.714185 0.0186684
0.185272 0.755986 0.0587413
0.0626817 0.877201 0.0601169
0.157625 0.707746 0.134628
0.608648 9.9991E-05 0.391252
0.889258 0.0685023 0.0422395
0.227891 0.682433 0.0896754
0.161177 0.838723 9.9991E-05
0.322934 0.503013 0.174053
0.131474 0.519094 0.349432
0.106336 0.574364 0.3193
0.598471 9.9991E-05 0.401429
0.306577 0.561207 0.132216
0.135234 0.652349 0.212417
0.477786 0.41437 0.107843
0.0252679 0.08116 0.893572
0.0608901 0.0670546 0.872055
0.0438779 0.102981 0.853141
0.033937 0.109747 0.856316
0.0825147 9.9991E-05 0.917385
0.0328241 0.0433333 0.923843
9.9991E-05 0.220058 0.779842
0.000698863 0.0914873 0.907814
0.110969 9.9991E-05 0.888931
9.9991E-05 0.118329 0.881571
9.9991E-05 0.245778 0.754122
0.0843568 9.9991E-05 0.915543
0.040566 0.129477 0.829956
0.0841621 0.369216 0.546622
0.810614 0.147061 0.0423249
0.856511 0.127111 0.0163776
0.852777 0.147123 9.9991E-05
0.00890246 0.204853 0.786244
0.05062 0.187195 0.762185
0.0422018 0.140953 0.816845
0.0902773 0.0683412 0.841381
0.0366851 0.0642084 0.899106
9.9991E-05 0.677046 0.322854
0.0353149 0.633965 0.33072
0.0650221 0.547598 0.38738
0.0841864 0.577286 0.338527
0.164913 0.535593 0.299494
0.0813013 0.548993 0.369706
0.168202 0.526358 0.305439
9.9991E-05 0.202408 0.797492
0.0631062 0.27293 0.663964
0.141404 0.0208569 0.837739
0.124327 9.9991E-05 0.875573
9.9991E-05 0.223839 0.776061
0.811047 0.110334 0.0786193
0.173924 0.366596 0.459479
9.9991E-05 0.573108 0.426792
0.586377 9.9991E-05 0.413523
0.233849 0.766051 9.9991E-05
0.19268 0.80722 9.9991E-05
0.269705 0.676508 0.0537873
0.333263 0.519579 0.147159
0.134928 0.808613 0.0564589
0.0131354 0.521342 0.465523
0.657433 0.270199 0.0723682
0.00323072 0.522415 0.474354
0.315493 0.507583 0.176924
0.18726 0.81264 9.9991E-05
0.113646 0.886254 9.9991E-05
0.123903 0.875997 9.9991E-05
0.130112 0.730387 0.139501
0.0977264 0.863542 0.0387316
0.0986561 0.901244 9.9991E-05
0.0797949 0.481295 0.43891
0.224567 0.376373 0.39906
0.0688966 0.507466 0.423638
0.244881 0.615242 0.139877
0.127575 0.631748 0.240677
0.503475 0.490673 0.00585237
0.0452093 0.116529 0.838262
0.0729502 0.0950155 0.832034
0.215717 0.410937 0.373346
0.166303 0.492402 0.341295
0.356604 0.320436 0.32296
0.822238 0.155564 0.0221987
0.0803059 0.100849 0.818845
0.0301121 0.194844 0.775044
9.9991E-05 0.365644 0.634256
0.604641 0.333624 0.061735
0.351877 0.642836 0.00528614
0.0171921 0.907735 0.0750732
0.0888355 0.817025 0.0941399
0.431985 0.567915 9.9991E-05
0.240819 0.750626 0.00855524
0.074362 0.925538 9.9991E-05
0.0193409 0.912439 0.06822
0.408002 0.566124 0.0258739
0.152512 0.833213 0.0142751
0.242788 0.757112 9.9991E-05
0.223224 0.774555 0.00222058
0.273695 0.593427 0.132878
0.0988497 0.81817 0.0829802
0.269272 0.615889 0.114839
0.0810253 0.890163 0.0288119
0.863655 0.104633 0.0317114
0.945309 0.054591 9.9991E-05
0.9998 9.999E-05 9.999E-05
0.809602 0.17946 0.0109374
0.860565 0.074076 0.0653586
9.9991E-05 0.898752 0.101148
0.117328 0.871947 0.0107252
9.999E-05 9.999E-05 0.9998
0.0831317 0.0520724 0.864796
0.0265148 0.0742558 0.899229
0.0536995 0.185523 0.760777
9.9991E-05 0.0499113 0.949989
0.109613 0.0297472 0.86064
9.9991E-05 0.0559412 0.943959
0.0749438 9.9991E-05 0.924956
0.106299 0.00053003 0.893171
0.08393 9.9991E-05 0.91597
9.9991E-05 0.113261 0.886639
0.0700114 0.0952585 0.83473
0.0451498 0.118838 0.836013
0.0723708 9.9991E-05 0.927529
0.00736911 0.0864221 0.906209
9.9991E-05 0.0511665 0.948733
0.104784 9.9991E-05 0.895116
0.0292565 0.563489 0.407254
0.0468869 0.698372 0.254742
9.9991E-05 0.113591 0.886309
9.9991E-05 0.252427 0.747473
0.0384806 9.9991E-05 0.961419
9.9991E-05 0.616945 0.382955
0.0105362 0.989364 9.9991E-05
0.27635 0.72355 9.9991E-05
0.471102 0.48535 0.0435483
0.574444 0.423 0.00255604
0.876644 0.123256 9.9991E-05
0.920363 0.0466913 0.0329454
0.882063 0.117837 9.9991E-05
0.819873 0.138805 0.0413213
0.838026 0.0617019 0.100272
0.820965 0.0981898 0.0808456
0.166125 0.808754 0.0251207
0.158968 0.735208 0.105824
9.9991E-05 0.920661 0.0792386
9.9991E-05 0.970983 0.028917
9.999E-05 0.9998 9.999E-05
9.9991E-05 0.927893 0.0720069
0.287136 0.696187 0.0166771
0.236746 0.70027 0.0629842
0.0836347 0.873997 0.0423685
0.197194 0.757962 0.0448433
0.173501 0.784397 0.0421026
0.788198 0.094955 0.116847
0.0119516 0.138749 0.849299
0.104554 9.9991E-05 0.895346
0.0150451 0.0434951 0.94146
9.9991E-05 0.205488 0.794412
0.165667 0.00191002 0.832423
0.313991 0.54403 0.141979
0.356226 0.634003 0.00977119
0.209524 0.790376 9.9991E-05
0.252896 0.711326 0.0357787
