0.102451 9.9991E-05 0.686553 0.0106613 0.098831 0.101403
9.9982E-05 9.9982E-05 0.543248 0.0295991 0.398913 0.0280406
0.128482 9.9982E-05 0.676248 0.0133398 9.9982E-05 0.18173
0.214854 9.9964E-05 0.784746 9.9964E-05 9.9964E-05 9.9964E-05
9.9982E-05 0.0351777 0.856712 0.00446142 0.103449 9.9982E-05
0.0878258 0.0291423 0.836148 9.9982E-05 0.0466843 9.9982E-05
0.0954931 0.033655 0.664596 9.9991E-05 0.175502 0.0306543
0.10878 9.9982E-05 0.498004 0.0270836 0.365933 9.9982E-05
9.999E-05 0.0621777 0.160045 0.0213988 0.634058 0.122221
0.237212 9.9991E-05 0.321347 0.02727 0.22467 0.189401
0.385617 0.0757156 0.0346648 0.0225647 0.425644 0.0557947
0.191999 0.0141741 0.224308 0.0318472 0.373514 0.164158
0.740102 0.0262351 9.9982E-05 0.0177349 0.215728 9.9982E-05
0.0795343 0.0777993 9.9982E-05 9.9982E-05 0.668488 0.173978
9.9991E-05 0.0504913 0.236208 0.0384961 0.500051 0.174653
0.147676 9.9991E-05 0.245887 0.0134671 0.497523 0.0953466
0.0289037 0.00427494 0.317473 9.9991E-05 0.503806 0.145442
9.9982E-05 9.9982E-05 0.755535 0.025801 0.174008 0.0444562
0.173244 0.0979906 0.125095 0.0559065 0.0565037 0.49126
0.122731 9.9973E-05 9.9973E-05 9.9973E-05 0.260459 0.61651
9.9982E-05 0.0515042 0.213881 9.9982E-05 0.0623435 0.672071
0.0377839 0.0775275 0.0483709 0.00816976 0.0212058 0.806942
0.0905729 0.00753559 9.9982E-05 0.0416082 9.9982E-05 0.860083
9.999E-05 0.0197459 0.00915756 0.0518228 0.172619 0.746555
9.9982E-05 0.0179587 0.129323 9.9982E-05 0.144567 0.707952
0.0179772 9.9982E-05 0.117925 0.0106585 9.9982E-05 0.85324
0.0960013 0.0420852 9.9982E-05 0.0458981 9.9982E-05 0.815815
9.9982E-05 0.0790089 9.9982E-05 0.00783196 0.116289 0.79667
9.9973E-05 0.00312785 0.106957 9.9973E-05 9.9973E-05 0.889615
9.9973E-05 0.0843718 0.0854102 9.9973E-05 9.9973E-05 0.829918
9.9982E-05 0.0338657 9.9982E-05 0.012139 0.144136 0.80966
9.999E-05 0.0547274 0.034043 0.0278817 0.109847 0.773401
9.9982E-05 0.0101478 9.9982E-05 0.0577177 0.209901 0.722033
0.260384 9.9991E-05 0.313492 0.0697537 0.220029 0.136242
9.9982E-05 0.0133164 0.368611 9.9982E-05 0.39824 0.219634
9.9991E-05 0.103003 0.808465 0.000852465 0.00936778 0.0782114
0.124699 9.9982E-05 0.84853 0.0139407 9.9982E-05 0.0126305
0.105258 0.0810569 0.436279 0.00361676 0.236865 0.136925
9.996E-05 9.996E-05 9.996E-05 0.9995 9.996E-05 9.996E-05
0.277421 9.9973E-05 9.9973E-05 0.0284519 9.9973E-05 0.693827
9.9973E-05 0.103307 0.794664 9.9973E-05 9.9973E-05 0.10173
0.141955 9.9982E-05 0.501968 9.9982E-05 0.197909 0.157968
0.302264 0.0971538 0.183952 0.00795516 0.172491 0.236184
0.593449 0.118282 9.9991E-05 0.0238205 0.174564 0.0897843
0.93678 9.9964E-05 0.0628202 9.9964E-05 9.9964E-05 9.9964E-05
9.996E-05 9.996E-05 9.996E-05 0.9995 9.996E-05 9.996E-05
0.173928 0.0198418 0.219 0.0813502 0.366663 0.139217
0.28928 0.122225 0.129325 9.9991E-05 0.350894 0.108177
0.158238 0.0819388 0.165574 0.0258802 0.234205 0.334164
0.236077 0.72665 0.0218308 0.0152421 9.9982E-05 9.9982E-05
0.160576 0.747668 9.9991E-05 0.0359573 0.0466456 0.00905275
9.9973E-05 0.772866 0.010578 9.9973E-05 0.216256 9.9973E-05
0.186654 0.679027 0.0282671 0.0598599 0.046092 9.9991E-05
9.9991E-05 0.778353 0.0202468 0.0402594 0.0286738 0.132367
9.9982E-05 0.828754 0.0720587 9.9982E-05 0.00701985 0.0919677
9.9964E-05 0.686275 9.9964E-05 9.9964E-05 0.313325 9.9964E-05
9.9973E-05 0.718202 9.9973E-05 0.0209041 0.260594 9.9973E-05
0.0737027 0.741785 9.9982E-05 0.0448872 9.9982E-05 0.139425
0.146188 0.731702 0.0436577 0.0451248 0.0332273 9.9991E-05
0.320814 0.562146 0.0523852 0.0423214 0.0222333 9.9991E-05
0.135332 0.764829 9.9973E-05 9.9973E-05 9.9973E-05 0.0995395
0.147766 0.663935 0.121341 9.9982E-05 9.9982E-05 0.0667579
0.600991 0.309398 9.9982E-05 0.0577446 0.0316664 9.9982E-05
0.0145037 0.0493295 0.0350618 0.0274413 0.137038 0.736626
0.122651 9.9991E-05 0.0513112 0.0214964 0.05748 0.746962
9.9973E-05 9.9973E-05 0.181924 0.0110659 9.9973E-05 0.80671
0.176744 0.647613 0.0548911 0.011851 0.105534 0.0033673
0.51766 0.413918 9.9973E-05 0.0681217 9.9973E-05 9.9973E-05
0.0659208 0.729692 9.9982E-05 9.9982E-05 0.111947 0.0922402
0.292314 0.627192 9.9982E-05 0.0578874 9.9982E-05 0.0224068
9.9991E-05 0.809271 0.0993896 0.0349599 0.0443501 0.0119292
0.587121 0.116609 9.9982E-05 0.00260301 0.293466 9.9982E-05
0.679828 0.0652449 9.9982E-05 0.0160286 0.238699 9.9982E-05
0.762308 0.0737562 9.9982E-05 9.9982E-05 0.162852 0.000884025
0.955225 9.9973E-05 0.0246666 0.0198088 9.9973E-05 9.9973E-05
0.802022 9.9982E-05 9.9982E-05 0.0154059 0.0732246 0.109148
0.951992 9.9973E-05 9.9973E-05 0.0152727 0.0324356 9.9973E-05
0.729449 0.00427326 0.0962229 0.0175078 0.0794027 0.073144
0.122275 0.617957 9.9973E-05 9.9973E-05 0.259468 9.9973E-05
0.341942 0.406876 0.142266 0.108715 9.9982E-05 9.9982E-05
0.232142 0.681291 9.9982E-05 0.02577 9.9982E-05 0.0605969
0.0887482 0.729141 9.9991E-05 0.0443468 0.0796517 0.0580122
9.9973E-05 0.687653 9.9973E-05 0.0148746 0.297173 9.9973E-05
0.100463 0.00625671 9.9991E-05 0.0372069 0.185792 0.670181
0.4992 0.261121 0.0611244 9.9991E-05 0.0438758 0.134578
0.782403 0.110769 0.0212247 9.9982E-05 0.0854037 9.9982E-05
9.996E-05 9.996E-05 9.996E-05 0.9995 9.996E-05 9.996E-05
0.128969 9.9982E-05 0.590446 9.9982E-05 0.131247 0.149138
0.061651 9.9991E-05 0.650019 0.0420156 0.12662 0.119595
0.0956902 9.9991E-05 0.213991 0.0431089 0.542388 0.104722
0.115747 0.0670169 9.9991E-05 0.0291532 0.580734 0.207249
9.9982E-05 0.0547635 0.591808 9.9982E-05 0.323788 0.0294398
0.797457 0.137489 0.0256831 9.9991E-05 0.0364944 0.00277598
0.24194 9.9982E-05 0.219514 0.0431863 9.9982E-05 0.49516
0.60814 0.172545 0.16353 0.0555852 9.9982E-05 9.9982E-05
0.344022 0.0578028 0.29536 0.0209032 9.9991E-05 0.281812
9.9982E-05 9.9982E-05 0.1967 0.000397518 0.648485 0.154217
0.21111 9.9982E-05 0.468766 9.9982E-05 0.267326 0.0525981
0.0768994 0.00791601 0.164226 9.9991E-05 0.634886 0.115973
0.0831492 0.0579479 9.9982E-05 0.00643257 0.85227 9.9982E-05
0.441468 9.9982E-05 0.547409 0.00541713 9.9982E-05 0.00550559
9.9964E-05 9.9964E-05 9.9964E-05 9.9964E-05 0.985573 0.0140273
0.632047 0.190589 0.148823 0.0176078 9.9991E-05 0.0108328
0.704708 0.087507 9.9991E-05 0.0943787 0.109588 0.00371792
0.677841 0.134618 9.9982E-05 0.0753695 0.111972 9.9982E-05
0.519068 9.9982E-05 9.9982E-05 0.00368547 0.308675 0.168372
0.434122 0.0535735 0.078245 9.9991E-05 0.290598 0.143362
9.9991E-05 0.0513879 0.368037 0.000957089 0.149529 0.42999
9.9982E-05 0.735152 0.155322 0.00849504 0.100831 9.9982E-05
0.226266 0.685122 9.9982E-05 0.0347945 9.9982E-05 0.053618
0.57446 0.161539 0.132159 0.00574093 9.9991E-05 0.126002
0.421882 0.183427 9.9991E-05 0.0459816 0.229029 0.11958
0.519251 0.0686145 0.143778 0.0364914 9.9991E-05 0.231765
0.283443 9.9973E-05 9.9973E-05 9.9973E-05 0.0295225 0.686734
0.36886 0.553846 9.9982E-05 0.0254713 9.9982E-05 0.0516221
0.161306 0.656939 0.00960757 9.9991E-05 0.113657 0.0583909
0.316386 0.489582 0.0541592 9.9991E-05 0.107033 0.0327393
0.0850818 0.0377326 0.431524 0.0711027 9.9991E-05 0.374459
9.9991E-05 0.0216357 0.648075 0.0108248 0.0779472 0.241417
0.105026 0.033361 0.568472 0.0229769 0.261693 0.00847022
0.0521147 0.077831 0.661097 9.9982E-05 0.208758 9.9982E-05
0.0656737 9.9982E-05 0.424905 9.9982E-05 0.113037 0.396184
0.0394694 9.9991E-05 0.6029 0.00565314 0.187112 0.164765
9.9973E-05 0.0288195 0.881125 9.9973E-05 9.9973E-05 0.0897555
9.9973E-05 0.0675633 0.929755 0.00238221 9.9973E-05 9.9973E-05
0.0470437 0.0358449 0.413318 9.9991E-05 0.216926 0.286768
0.0385658 9.9982E-05 0.150336 9.9982E-05 0.739964 0.0709341
0.0599279 9.9991E-05 0.0234203 0.03214 0.806341 0.0780709
0.00427588 9.9982E-05 0.286933 9.9982E-05 0.673042 0.0355485
0.116568 0.0553392 0.317923 0.000996586 0.270548 0.238626
9.9982E-05 0.0310657 0.0290387 0.0346862 0.905009 9.9982E-05
0.254121 9.9991E-05 0.0335926 0.0152799 0.530674 0.166233
0.0412076 0.0121722 0.635266 9.9991E-05 0.287888 0.0233665
0.116997 9.9973E-05 9.9973E-05 9.9973E-05 0.0539838 0.828719
0.036195 9.9973E-05 0.108842 9.9973E-05 9.9973E-05 0.854664
9.9973E-05 9.9973E-05 9.9973E-05 0.0183226 0.144066 0.837311
9.9982E-05 0.0790363 0.125736 9.9982E-05 0.0614831 0.733545
0.1165 0.0356973 0.0798783 0.0107424 9.9991E-05 0.757082
0.25076 0.0434953 0.616304 0.00882994 0.0805102 9.9991E-05
0.16717 9.9991E-05 0.626518 0.0194501 0.0613928 0.125369
0.137346 0.862254 9.9964E-05 9.9964E-05 9.9964E-05 9.9964E-05
9.9982E-05 0.755357 9.9982E-05 0.0250967 0.17894 0.0404059
9.9982E-05 0.854132 0.129043 0.0156456 9.9982E-05 0.00097943
0.366434 0.545721 0.0265796 0.00476582 9.9991E-05 0.0563996
0.0215742 0.832319 0.124989 0.0209176 9.9982E-05 9.9982E-05
0.00730523 0.809671 9.9991E-05 0.000331831 0.0608299 0.121762
0.0974877 0.848013 0.0230197 0.0192886 0.0120914 9.9991E-05
0.117142 0.755793 0.0215507 0.00787248 9.9991E-05 0.0975415
0.133529 0.757651 0.015137 9.9982E-05 9.9982E-05 0.0934833
0.0289758 0.832394 0.0575348 9.9982E-05 9.9982E-05 0.0808958
0.0334849 0.739258 0.0149378 0.0599916 0.152228 9.9991E-05
0.0383218 0.737135 9.9991E-05 0.0246914 0.16858 0.0311717
0.00516868 0.749588 0.0997608 0.0460836 0.0919194 0.00747968
0.0258946 0.860521 0.075362 0.0125081 0.00114035 0.0245739
0.145446 0.757415 0.0698511 0.0270881 9.9982E-05 9.9982E-05
9.9973E-05 0.845379 0.136855 0.0174665 9.9973E-05 9.9973E-05
9.9982E-05 0.823297 0.0803672 0.00315282 9.9982E-05 0.0929827
0.824869 0.0664821 0.108349 9.9973E-05 9.9973E-05 9.9973E-05
0.852255 9.9973E-05 0.0969567 9.9973E-05 0.0504883 9.9973E-05
0.127619 0.778642 0.0934385 9.9973E-05 9.9973E-05 9.9973E-05
0.00514044 0.648561 0.322138 0.0194985 0.00456235 9.9991E-05
0.222433 0.758079 9.9973E-05 0.0191885 9.9973E-05 9.9973E-05
0.651101 0.111179 0.0985958 9.9982E-05 0.138924 9.9982E-05
0.0202674 0.0201136 0.866609 0.00719711 0.0857131 9.9991E-05
9.9982E-05 9.9982E-05 0.685229 0.0442645 0.134137 0.13617
0.214303 9.9973E-05 0.358728 9.9973E-05 9.9973E-05 0.426669
0.0570017 0.00755052 0.1588 9.9991E-05 0.198384 0.578164
0.130088 9.9973E-05 9.9973E-05 9.9973E-05 0.113709 0.755903
0.00960326 0.0439089 9.9982E-05 9.9982E-05 0.172296 0.773992
0.0642588 9.9991E-05 0.116524 0.0194924 0.0634764 0.736149
0.0436777 0.0104261 9.9991E-05 0.034231 0.242689 0.668877
0.112072 0.0822914 9.9991E-05 0.0232303 0.0864874 0.695819
9.9982E-05 0.0693715 0.111223 0.0558981 9.9982E-05 0.763308
0.0795342 0.0107052 0.836511 0.00520783 0.00630005 0.0617422
0.16122 0.0245193 0.750579 0.0634821 9.9982E-05 9.9982E-05
0.104799 0.013702 0.391973 0.0435337 0.445892 9.9991E-05
0.226017 9.9973E-05 0.40138 9.9973E-05 0.372303 9.9973E-05
0.0935801 9.9982E-05 0.352076 0.0339945 0.520149 9.9982E-05
0.293378 9.9973E-05 0.308021 9.9973E-05 0.398301 9.9973E-05
0.147412 9.9991E-05 0.0879664 0.00742237 0.638429 0.11867
0.103443 0.0365476 9.9991E-05 0.00216876 0.786965 0.0707758
0.0694889 9.9973E-05 9.9973E-05 0.0431137 0.887097 9.9973E-05
0.0399115 0.0204211 0.0165677 0.0122951 0.780545 0.130259
9.9982E-05 0.048925 0.0624388 9.9982E-05 0.818417 0.0700197
0.0525183 0.0747238 9.9991E-05 0.131991 0.159935 0.580732
0.246396 0.678509 0.011749 0.0226655 0.0148004 0.0258799
0.0581332 0.752207 0.0104581 0.0346925 9.9991E-05 0.144409
0.105366 0.808979 9.9982E-05 9.9982E-05 0.0853545 9.9982E-05
0.0763798 0.67779 0.102611 0.032588 0.110531 9.9991E-05
0.0343098 0.753518 0.108661 0.0332202 9.9991E-05 0.0701912
0.0614592 0.123906 0.0631449 0.0412925 0.495546 0.214652
0.0635251 9.9991E-05 0.243961 0.0328631 0.448227 0.211324
9.9982E-05 9.9982E-05 0.0262004 0.0688856 0.879147 0.0255671
0.113073 9.9991E-05 0.313855 0.0619257 0.271943 0.239104
