0.0218116 9.9991E-05 0.438047 0.0969686 0.0277689 0.0645205 0.350783
0.00219242 0.00404594 0.593079 0.050744 0.00857482 0.042457 0.298907
0.0240069 9.9982E-05 0.305319 0.197054 9.9982E-05 0.118272 0.355148
0.0148527 0.0423225 0.24643 0.101288 9.9991E-05 0.104655 0.490351
0.00451563 0.0418256 0.407664 9.9982E-05 0.0108753 9.9982E-05 0.53492
0.00121954 9.9982E-05 0.359669 9.9982E-05 0.0852598 0.0618828 0.491769
9.9982E-05 9.9982E-05 0.390777 0.0558997 0.0988427 0.0485882 0.405693
0.0459176 9.9973E-05 0.310201 9.9973E-05 9.9973E-05 0.0967883 0.546793
9.9982E-05 0.0640866 0.774661 0.0906971 0.0506847 9.9982E-05 0.0196707
0.0347083 0.0244696 0.416102 0.160927 9.9991E-05 0.153491 0.210202
0.0579512 0.0880515 0.368148 0.0413742 9.9991E-05 0.40516 0.0392152
0.0221948 0.0289409 0.458422 0.169131 9.9991E-05 0.193621 0.12759
0.023347 0.0954127 0.249073 9.9982E-05 0.0256098 0.606357 9.9982E-05
9.9973E-05 0.0856539 0.712307 0.128 9.9973E-05 0.0737388 9.9973E-05
0.0482926 9.9982E-05 0.617042 0.0993744 0.1092 9.9982E-05 0.12589
9.9982E-05 9.9982E-05 0.617273 0.0671008 0.0309572 0.201601 0.0828685
9.9982E-05 0.00559224 0.564283 0.125183 0.0347688 9.9982E-05 0.269973
0.0563294 9.9973E-05 0.609136 0.0309104 9.9973E-05 9.9973E-05 0.303324
0.0562742 0.108084 0.215231 0.467186 0.119445 0.0336793 9.9991E-05
9.9973E-05 9.9973E-05 0.336609 0.572329 0.0484078 0.042354 9.9973E-05
0.0204131 0.054501 0.0923083 0.727404 9.9982E-05 9.9982E-05 0.105174
0.018391 0.0100951 0.0567685 0.774698 0.0386381 0.10131 9.9991E-05
0.0346354 9.9973E-05 9.9973E-05 0.870577 0.0889621 0.0055258 9.9973E-05
0.0412735 9.9973E-05 0.215136 0.681483 0.0618076 9.9973E-05 9.9973E-05
9.9982E-05 9.9982E-05 0.0524309 0.667973 0.0228996 0.0394222 0.217074
0.0126952 9.9973E-05 9.9973E-05 0.884833 0.0415183 9.9973E-05 0.0606538
0.0361381 0.0916375 9.9973E-05 0.855159 9.9973E-05 0.0167654 9.9973E-05
0.0264554 0.0260509 0.0664389 0.794953 0.0577196 0.0282824 9.9991E-05
9.9973E-05 0.0586838 0.0657768 0.865509 9.9973E-05 9.9973E-05 0.0097308
9.9964E-05 9.9964E-05 9.9964E-05 0.747029 0.147059 9.9964E-05 0.105513
9.9964E-05 9.9964E-05 0.0579321 0.84662 0.0950484 9.9964E-05 9.9964E-05
0.0326804 0.0716959 0.101626 0.793697 9.9973E-05 9.9973E-05 9.9973E-05
0.050257 9.9982E-05 0.0252759 0.788934 0.0867907 9.9982E-05 0.0485423
0.0615049 9.9982E-05 0.382852 0.129587 9.9982E-05 0.193883 0.231974
9.9973E-05 0.0915415 0.25137 0.241085 9.9973E-05 9.9973E-05 0.415704
9.9973E-05 0.0695173 0.0154352 0.135061 9.9973E-05 9.9973E-05 0.779687
0.0277301 0.00907398 0.00497034 0.075913 9.9991E-05 0.131568 0.750645
0.00520565 0.0575416 0.467609 0.102585 0.0728432 0.0943092 0.199907
0.9994 9.995E-05 9.995E-05 9.995E-05 9.995E-05 9.995E-05 9.995E-05
0.023949 0.0463374 9.9973E-05 0.779181 9.9973E-05 0.150233 9.9973E-05
0.0181174 0.0230481 0.324163 0.157676 0.0981099 9.9991E-05 0.378786
0.0020919 9.9982E-05 0.629256 0.0577086 9.9982E-05 0.171272 0.139472
9.9982E-05 9.9982E-05 0.271955 0.256003 0.163578 0.219887 0.0883772
0.0477952 0.0786898 0.244056 0.076406 0.0528967 0.500057 9.9991E-05
9.9964E-05 9.9964E-05 9.9964E-05 9.9964E-05 0.0186665 0.860246 0.120688
0.9994 9.995E-05 9.995E-05 9.995E-05 9.995E-05 9.995E-05 9.995E-05
0.0677446 0.0791885 0.26591 0.197351 9.9991E-05 0.169965 0.219741
9.9982E-05 9.9982E-05 0.167444 0.0646734 0.169019 0.216036 0.382627
0.00669352 0.0756143 0.282566 0.36944 9.9982E-05 0.265487 9.9982E-05
0.00382444 0.359874 0.0960766 9.9982E-05 0.438673 0.101353 9.9982E-05
0.0254618 0.538076 9.9982E-05 0.0115147 0.237405 0.187343 9.9982E-05
9.9973E-05 0.484739 0.152696 9.9973E-05 0.329596 9.9973E-05 0.0326696
0.0615533 0.531356 0.0378994 0.00773267 0.167828 0.19353 9.9991E-05
0.0335168 0.748544 0.038783 0.0429772 0.131065 9.9991E-05 0.00501384
9.9982E-05 0.668233 0.00987597 0.0972584 0.200536 9.9982E-05 0.0238968
9.9964E-05 0.685363 0.290036 9.9964E-05 0.0242009 9.9964E-05 9.9964E-05
9.9964E-05 0.227793 0.117263 9.9964E-05 0.654544 9.9964E-05 9.9964E-05
0.00985848 9.99549E-05 9.99549E-05 9.99549E-05 0.989642 9.99549E-05 9.99549E-05
0.0245863 0.738332 0.126299 9.9982E-05 0.0755368 0.0350462 9.9982E-05
0.0426028 0.323631 0.148093 9.9982E-05 0.338834 0.146639 9.9982E-05
9.995E-05 9.995E-05 9.995E-05 9.995E-05 0.9994 9.995E-05 9.995E-05
9.9982E-05 0.429236 0.0878684 0.0608305 0.274659 0.147206 9.9982E-05
0.0491176 0.2263 0.0851442 9.9982E-05 0.133396 0.505842 9.9982E-05
0.0100213 0.0623679 0.00464047 0.787435 9.9991E-05 0.0179953 0.11744
0.0254697 0.00695431 0.140929 0.704219 0.0408044 0.081524 9.9991E-05
0.0332632 9.9973E-05 9.9973E-05 0.827743 0.0125836 9.9973E-05 0.126111
0.0134068 0.613318 0.0213036 0.0349914 0.0805528 0.201726 0.0347015
0.0863114 0.466389 9.9973E-05 9.9973E-05 9.9973E-05 0.4057 0.0412993
9.9982E-05 0.67419 0.131097 0.0238859 0.111097 0.0595304 9.9982E-05
0.028935 0.539455 9.9973E-05 9.9973E-05 0.0950622 0.336247 9.9973E-05
0.0299696 0.859605 9.9982E-05 0.00918447 9.9982E-05 0.00886665 0.0921741
0.00807803 9.9973E-05 0.212083 9.9973E-05 0.147962 0.631577 9.9973E-05
0.0130965 0.0326636 0.229195 9.9982E-05 0.0249409 0.699904 9.9982E-05
9.9973E-05 9.9973E-05 0.0765238 9.9973E-05 0.150388 0.684854 0.0879338
0.0214567 9.9973E-05 9.9973E-05 0.017892 0.00577261 0.954579 9.9973E-05
0.0182382 9.9982E-05 0.00987544 0.0770715 9.9982E-05 0.871776 0.0228387
0.028979 9.9973E-05 0.020471 9.9973E-05 0.0122828 0.937967 9.9973E-05
0.018436 9.9982E-05 9.9982E-05 0.141525 0.0651042 0.592017 0.182718
9.9982E-05 0.415716 0.0422666 9.9982E-05 0.221492 0.266448 0.0538779
0.110119 0.354756 9.9991E-05 0.0178019 0.106799 0.324875 0.0855486
0.00823008 0.52154 9.9991E-05 0.0517157 0.269503 0.0987886 0.0501228
0.0293486 0.478986 9.9982E-05 0.106246 0.323035 0.0621839 9.9982E-05
0.0206479 0.716537 0.202111 9.9973E-05 0.0604041 9.9973E-05 9.9973E-05
0.0190237 0.0592773 0.116086 0.684235 9.9982E-05 0.121178 9.9982E-05
9.9982E-05 0.124374 9.9982E-05 0.0660688 0.134166 0.538163 0.137028
9.9973E-05 0.0746321 9.9973E-05 9.9973E-05 0.00166075 0.83035 0.0930575
0.9994 9.995E-05 9.995E-05 9.995E-05 9.995E-05 9.995E-05 9.995E-05
9.9982E-05 9.9982E-05 0.408861 0.224562 0.0228028 0.070423 0.273151
0.0492766 9.9982E-05 0.423127 0.144673 9.9982E-05 0.0338755 0.348848
0.0275812 9.9991E-05 0.613075 0.00187462 0.131226 0.0544303 0.171712
0.0276922 0.0966912 0.492103 0.191018 0.0551376 0.137258 9.9991E-05
9.9973E-05 0.0590228 0.362585 0.0468928 9.9973E-05 9.9973E-05 0.5312
9.9964E-05 9.9964E-05 9.9964E-05 9.9964E-05 0.21842 0.730802 0.0503778
0.0369214 0.0270363 0.154309 0.550622 0.0572047 0.0168513 0.157056
0.0914747 0.169639 0.0539321 9.9982E-05 9.9982E-05 0.638251 0.0465027
0.0408549 0.0525244 0.0036129 0.325595 0.00169488 0.23887 0.336848
9.9964E-05 9.9964E-05 0.84382 0.0974293 0.058351 9.9964E-05 9.9964E-05
9.9973E-05 9.9973E-05 0.196374 0.0705223 9.9973E-05 0.216394 0.51641
9.9973E-05 9.9973E-05 0.515893 0.0607456 9.9973E-05 0.207263 0.215799
0.00356096 0.019109 0.705898 9.9991E-05 0.0617149 0.0945904 0.115027
0.00343364 9.9964E-05 9.9964E-05 9.9964E-05 9.9964E-05 0.199277 0.796889
0.00265843 9.9982E-05 0.76645 0.00808424 9.9982E-05 0.203479 0.0191283
0.0344674 0.156536 9.9991E-05 0.00954897 0.0602133 0.542015 0.197119
0.0771521 0.0959404 0.0170296 0.0262748 9.99894E-05 0.783403 9.99894E-05
0.0832792 0.129864 0.0213991 9.9991E-05 0.0529471 0.608227 0.104183
9.9982E-05 0.00336665 0.145665 0.227593 9.9982E-05 0.491198 0.131978
9.9982E-05 0.0545477 0.344355 0.0996252 0.0036814 0.497591 9.9982E-05
9.9973E-05 0.0925418 0.288268 0.397483 9.9973E-05 9.9973E-05 0.221408
0.00983839 0.648862 9.9973E-05 9.9973E-05 0.141621 9.9973E-05 0.199378
0.0216149 0.643324 9.9982E-05 0.00741426 0.0558384 0.271608 9.9982E-05
9.9982E-05 0.131022 9.9982E-05 0.195744 0.040645 0.541728 0.0906607
0.0159619 9.9991E-05 0.26749 0.0638984 0.213115 0.392085 0.0473491
0.0514044 0.0272651 9.9991E-05 0.258248 0.155439 0.330452 0.177092
9.9964E-05 9.9964E-05 9.9964E-05 0.668605 9.9964E-05 0.287097 0.0438983
0.0404055 0.604499 9.9982E-05 0.0350388 0.0268908 0.292966 9.9982E-05
9.9982E-05 0.424304 0.0130961 0.00495574 0.223335 0.334109 9.9982E-05
9.9982E-05 0.384236 0.0340248 9.9982E-05 0.121497 0.29503 0.165012
0.0655787 0.0415458 0.112215 0.421775 9.9991E-05 0.0762473 0.282538
9.9982E-05 0.080759 0.59911 0.181369 0.017962 9.9982E-05 0.120599
0.0237508 0.0355928 0.307352 9.9991E-05 0.0216305 0.0617399 0.549834
9.9982E-05 0.0594308 0.320006 0.0548346 0.0511593 9.9982E-05 0.51437
9.9973E-05 0.0367273 0.387494 0.302093 9.9973E-05 9.9973E-05 0.273385
0.0268575 9.9991E-05 0.298069 0.143107 0.0280448 0.0407326 0.463089
9.9973E-05 0.0391822 0.371575 0.142076 9.9973E-05 9.9973E-05 0.446867
0.0216352 0.0669854 0.601441 9.9982E-05 0.00617393 9.9982E-05 0.303565
0.0049736 0.0984106 0.199727 0.360922 9.9991E-05 0.0224952 0.313371
9.9964E-05 9.9964E-05 0.839798 0.0113991 9.9964E-05 0.148404 9.9964E-05
0.0281271 9.9982E-05 0.793239 0.0733529 0.080133 0.0249479 9.9982E-05
0.0170498 9.9982E-05 0.823865 9.9982E-05 0.0435854 0.0644144 0.0508853
9.9982E-05 0.0580224 0.388876 0.271732 9.9982E-05 0.203284 0.077885
0.0284807 0.0880701 0.883049 9.9964E-05 9.9964E-05 9.9964E-05 9.9964E-05
0.0174781 9.9982E-05 0.569769 0.152084 9.9982E-05 0.244398 0.016071
9.9982E-05 0.0415872 0.602892 0.0406085 9.9982E-05 0.0731136 0.241598
9.9973E-05 9.9973E-05 9.9973E-05 0.841458 0.0202038 0.0985651 0.0394733
9.9964E-05 9.9964E-05 9.9964E-05 0.897909 9.9964E-05 0.0776284 0.0240629
0.0365198 9.9973E-05 0.141296 0.81785 0.00403463 9.9973E-05 9.9973E-05
9.9973E-05 0.104171 0.0105646 0.824303 9.9973E-05 9.9973E-05 0.0606615
0.0201944 9.9991E-05 0.0906915 0.80658 0.0818623 0.000381987 0.000189734
0.0103046 0.130516 0.278206 9.9982E-05 9.9982E-05 0.075314 0.50546
0.0232105 9.9964E-05 9.9964E-05 0.133779 9.9964E-05 9.9964E-05 0.84261
9.9964E-05 0.439472 9.9964E-05 9.9964E-05 0.511673 0.0484549 9.9964E-05
0.024414 0.804729 0.125773 0.0121279 0.0129987 0.0198582 9.9991E-05
9.99644E-05 0.763915 9.99644E-05 9.99644E-05 0.160006 9.99644E-05 0.0756794
9.9982E-05 0.573034 0.0704353 0.0415444 0.0691702 0.245616 9.9982E-05
0.0073271 0.736414 0.0953636 9.9973E-05 0.160595 9.9973E-05 9.9973E-05
0.00789983 0.725907 0.0429964 0.080602 0.142395 9.9982E-05 9.9982E-05
0.0243688 0.870745 0.0242282 9.9973E-05 9.9973E-05 0.0803584 9.9973E-05
9.9982E-05 0.540735 9.9982E-05 0.108737 0.315446 0.0180943 0.016788
9.9973E-05 0.720387 9.9973E-05 0.114435 0.132819 0.0320586 9.9973E-05
0.00820712 0.589325 9.9982E-05 0.0969625 0.271174 0.0341313 9.9982E-05
0.0370812 0.824155 0.0401774 9.9982E-05 9.9982E-05 0.0677763 0.0306101
0.0376566 0.708488 0.101156 0.0586448 0.0938553 9.9982E-05 9.9982E-05
0.0103346 0.623371 0.129377 0.0233216 0.213396 9.9982E-05 9.9982E-05
0.0176806 0.716217 9.9982E-05 0.0711126 0.141863 9.9982E-05 0.0529273
0.00270065 0.607902 9.9982E-05 9.9982E-05 0.179463 0.186229 0.0235058
0.0167398 0.904911 9.9964E-05 9.9964E-05 9.9964E-05 9.9964E-05 0.0779494
0.00795623 0.744883 9.9982E-05 0.0512899 0.133376 9.9982E-05 0.0622954
9.9973E-05 0.144567 0.116286 0.0199056 9.9973E-05 0.718942 9.9973E-05
9.9964E-05 9.9964E-05 0.187514 9.9964E-05 9.9964E-05 0.791614 0.0204722
9.9973E-05 0.755023 9.9973E-05 9.9973E-05 0.101219 0.103107 0.0403514
0.0295553 0.38066 0.0300829 9.9982E-05 0.331424 9.9982E-05 0.228078
9.995E-05 9.995E-05 9.995E-05 9.995E-05 0.9994 9.995E-05 9.995E-05
9.9973E-05 9.9973E-05 0.0459306 9.9973E-05 0.195215 0.589384 0.169171
0.0135445 0.023539 0.453697 9.9973E-05 9.9973E-05 9.9973E-05 0.50892
0.00921579 9.9973E-05 0.541235 0.207172 9.9973E-05 9.9973E-05 0.242078
9.9982E-05 9.9982E-05 0.144515 0.410218 0.101565 0.0941727 0.249329
9.9982E-05 9.9982E-05 0.332794 0.568679 0.0416181 0.0475272 0.00918089
9.9982E-05 0.000486169 0.000229151 0.810205 9.9982E-05 0.162697 0.0261822
0.00800923 9.9973E-05 9.9973E-05 0.876491 0.0466945 0.0685057 9.9973E-05
0.0125435 0.0171279 0.110809 0.750395 9.9991E-05 0.0325975 0.0764269
0.00862584 9.9991E-05 0.035408 0.715192 0.0323326 0.207552 0.000790297
0.0310912 0.0468 0.0460798 0.72218 0.0393668 0.0989951 0.0154869
0.0534948 0.0933058 0.0254523 0.761518 9.9982E-05 0.0660289 9.9982E-05
9.9982E-05 0.0527241 0.421667 0.0926777 0.00738606 9.9982E-05 0.425345
0.0499355 0.0356055 0.195507 0.0269013 0.0641895 9.9991E-05 0.627761
0.0154555 9.9964E-05 9.9964E-05 9.9964E-05 0.100973 9.9964E-05 0.883172
9.9955E-05 9.9955E-05 9.9955E-05 9.9955E-05 9.9955E-05 0.0646467 0.934854
0.00985492 9.9964E-05 9.9964E-05 9.9964E-05 0.0301896 9.9964E-05 0.959556
9.9973E-05 9.9973E-05 0.0271654 9.9973E-05 0.0278842 0.198127 0.746524
0.00459151 9.9991E-05 0.573389 0.086245 0.0396686 0.161644 0.134362
0.0113489 9.9982E-05 0.761608 0.0632712 0.0979645 0.0656072 9.9982E-05
0.0348125 0.011199 0.819457 9.9973E-05 9.9973E-05 0.134232 9.9973E-05
9.9991E-05 0.0777645 0.67163 0.0760475 0.0132835 0.0881025 0.0730719
0.017504 0.0792139 0.790562 0.00530215 0.0072191 9.9991E-05 0.100099
0.135986 0.0759162 0.10107 0.590185 0.0027709 0.0503051 0.0437673
0.0175739 0.189672 0.00491545 9.9991E-05 0.63438 0.0835622 0.0697972
0.0352752 0.685743 9.9982E-05 0.0922593 0.145684 9.9982E-05 0.0408379
9.9973E-05 0.788978 9.9973E-05 0.036893 0.0709805 0.102848 9.9973E-05
9.9991E-05 0.700317 0.0841536 0.0542868 0.0489316 0.0592969 0.0529138
0.00793341 0.750902 0.0418058 0.0528512 0.0748121 0.0218329 0.0498624
0.0394615 0.101075 0.348453 0.22297 0.0670734 0.0254086 0.195559
0.022094 9.9982E-05 0.513724 0.209612 9.9982E-05 0.125459 0.128911
0.0336584 9.9973E-05 0.853884 0.061385 0.0507727 9.9973E-05 9.9973E-05
0.0373406 9.9991E-05 0.494635 0.217962 0.00975482 0.169283 0.0709246
