0.0274702 0.141513 0.0265821 0.804434
9.999E-05 0.113635 0.0517179 0.834547
0.035983 0.251593 0.0375479 0.674876
0.0174336 0.0253099 0.034 0.923257
0.0270886 0.0664922 0.0193797 0.88704
0.0223687 9.9991E-05 0.0154903 0.962041
0.0437919 0.0919808 9.9991E-05 0.864127
9.9982E-05 9.9982E-05 0.045854 0.953946
0.0672046 0.266208 0.0189424 0.647645
0.0320133 0.246937 0.0508161 0.670234
0.210202 0.135174 0.0751122 0.579512
0.0724445 0.308425 0.0269842 0.592146
0.307194 0.0764449 0.0694492 0.546912
0.0904838 0.245354 9.9991E-05 0.664062
0.0150414 0.248366 0.0670644 0.669528
0.0014184 0.11716 0.00880859 0.872613
9.9982E-05 0.234369 9.9982E-05 0.765431
9.9991E-05 0.0853334 0.0309529 0.883614
0.177086 0.619034 0.0744953 0.129385
0.0268839 0.694885 9.9991E-05 0.278131
0.00249958 0.759261 0.011563 0.226676
0.0458574 0.862629 0.0185175 0.0729962
9.9982E-05 0.949631 0.0501691 9.9982E-05
0.0089396 0.806693 0.0297038 0.154664
9.9982E-05 0.700261 9.9982E-05 0.299539
9.9991E-05 0.985559 0.0114386 0.00290271
0.0319357 0.935033 0.0329312 9.9991E-05
0.066978 0.896437 0.0364847 9.9991E-05
9.998E-05 0.9997 9.998E-05 9.998E-05
0.0864367 0.885974 9.9991E-05 0.0274888
0.0420149 0.957785 9.9982E-05 9.9982E-05
0.0343466 0.884995 0.035269 0.045389
0.0179416 0.856417 0.0682008 0.0574404
9.9991E-05 0.20999 0.0767649 0.713145
0.00944807 0.348919 9.9991E-05 0.641533
0.0907056 0.160051 9.9991E-05 0.749144
9.9991E-05 0.0944184 0.0437518 0.86173
0.142328 0.177574 0.00944368 0.670655
9.998E-05 9.998E-05 0.9997 9.998E-05
0.0497735 0.863594 0.0414184 0.0452137
0.081902 0.177849 0.00259698 0.737652
9.9991E-05 0.21803 0.00566779 0.776202
0.190324 0.355817 0.0159564 0.437902
0.30485 0.157085 0.0597901 0.478274
0.327336 0.0884844 0.0144509 0.569729
9.998E-05 9.998E-05 0.9997 9.998E-05
0.0848939 0.269143 0.0548702 0.591093
0.20459 0.173748 9.9991E-05 0.621562
0.112838 0.355883 0.0344878 0.496792
0.864278 0.0603509 0.0167729 0.0585978
0.892346 0.0781814 0.0151671 0.0143056
0.865485 9.9982E-05 9.9982E-05 0.134315
0.835628 0.00585965 0.0506649 0.107848
0.85525 0.0866571 0.0579927 9.9991E-05
0.91068 0.0891202 9.9982E-05 9.9982E-05
0.798586 9.9982E-05 9.9982E-05 0.201214
0.899235 0.0257522 0.016968 0.0580446
0.913253 0.062953 0.0236937 9.9991E-05
0.821377 9.9991E-05 0.0314974 0.147026
0.722473 9.9991E-05 0.0339767 0.24345
0.899169 0.100631 9.9982E-05 9.9982E-05
0.788379 0.0776389 9.9991E-05 0.133882
0.539581 9.9991E-05 0.0625734 0.397746
0.0590152 0.862677 0.0153782 0.0629297
9.9991E-05 0.841706 0.0241309 0.134063
9.9991E-05 0.94208 0.0188105 0.0390096
0.799165 0.0426713 0.0014999 0.156663
0.698794 0.0148857 0.0682255 0.218094
0.806493 0.0606245 0.0256345 0.107248
0.839116 0.0430983 0.0702283 0.0475579
0.905707 0.00917817 0.0493514 0.0357629
0.307333 9.9991E-05 0.0176337 0.674933
0.288718 0.0332464 0.0119285 0.666107
0.349624 0.0774826 0.0157763 0.557117
0.30026 0.0506464 0.0452404 0.603853
0.229294 0.123392 0.0565641 0.59075
0.325971 0.0617675 0.047993 0.564268
0.277155 0.21786 0.0421522 0.462833
0.793924 9.9982E-05 9.9982E-05 0.205876
0.572322 9.9991E-05 0.126965 0.300613
0.824602 0.133371 0.0169665 0.025061
0.852954 0.0985545 0.0483914 9.9991E-05
0.795354 9.9991E-05 0.0343776 0.170169
0.0765607 0.733177 0.054663 0.135599
0.478425 0.149334 9.9991E-05 0.372141
0.402235 9.9982E-05 9.9982E-05 0.597565
9.998E-05 9.998E-05 0.9997 9.998E-05
9.9991E-05 0.237661 0.00792178 0.754317
9.9991E-05 0.145079 0.0630944 0.791727
0.0590958 0.178703 0.0410093 0.721192
0.147073 0.272251 0.0480784 0.532598
0.0351956 0.133811 9.9991E-05 0.830893
0.453696 0.0871263 9.9991E-05 0.459078
0.0593382 0.649661 0.0578323 0.233168
0.392758 9.9991E-05 0.0860174 0.521124
0.171872 0.3423 0.0327367 0.453091
9.9991E-05 0.211549 0.0210249 0.767326
0.0148198 0.0642092 9.9991E-05 0.920871
0.00457177 0.218906 9.9991E-05 0.776422
0.128966 0.0379916 0.0304805 0.802562
0.0533227 0.0519777 0.0160175 0.878682
9.9991E-05 0.173536 0.0336926 0.792671
0.415998 0.066047 0.0205315 0.497423
0.359501 0.0982758 0.0772456 0.464977
0.411497 0.0680359 0.0788038 0.441663
0.0738978 0.35742 0.0222008 0.546481
0.205426 0.213834 9.9991E-05 0.580641
0.0523788 0.523918 9.9991E-05 0.423604
0.840838 0.0524388 0.0196683 0.0870545
0.859178 0.0179482 0.0567818 0.0660923
0.382785 0.188096 0.0130211 0.416098
0.322828 0.145319 0.0257364 0.506116
0.29256 0.330302 0.0397263 0.337412
0.0344155 0.850109 9.9991E-05 0.115376
0.778241 0.0510619 0.0411002 0.129596
0.813303 0.0298801 9.9991E-05 0.156717
0.628805 9.9982E-05 9.9982E-05 0.370995
0.0351988 0.534284 0.0598665 0.370651
0.00937023 0.323338 0.0126124 0.65468
0.0725995 0.0487989 0.0170295 0.861572
0.0830944 0.116473 9.9991E-05 0.800333
9.9982E-05 0.42875 9.9982E-05 0.57105
9.9991E-05 0.232065 0.0247619 0.743073
9.9991E-05 0.153915 0.00127103 0.844714
0.0405384 0.0850624 0.011245 0.863154
0.0147291 0.410513 9.9991E-05 0.574658
9.9991E-05 0.166639 0.0178766 0.815384
9.9991E-05 0.175923 0.0280318 0.795945
9.9991E-05 0.124972 0.0381228 0.836806
0.0913236 0.253554 0.00885004 0.646272
0.0457889 0.0871279 0.0585866 0.808497
0.0535842 0.338449 0.0352099 0.572757
0.00472019 0.153689 9.9991E-05 0.841491
0.0537161 0.917892 9.9991E-05 0.0282916
9.998E-05 0.9997 9.998E-05 9.998E-05
9.9991E-05 0.94438 0.0444483 0.0110719
0.0750047 0.87972 0.00648554 0.0387895
0.0685427 0.838774 0.0158358 0.0768477
0.114992 9.9991E-05 0.00642726 0.878481
0.0119921 0.214158 0.0188289 0.755021
0.9997 9.998E-05 9.998E-05 9.998E-05
0.849333 0.0332681 0.0191152 0.0982841
0.925824 0.00743454 0.0218114 0.0449303
0.776688 0.0710722 9.9991E-05 0.15214
0.885666 9.9991E-05 0.00409339 0.110141
0.853417 0.146104 0.000378959 9.9991E-05
0.968414 9.9991E-05 0.0138701 0.0176164
0.889324 0.0853077 0.0243129 0.0010557
0.912405 0.0873953 9.9982E-05 9.9982E-05
0.868839 0.120697 0.0103647 9.9991E-05
0.85606 0.00095777 0.0404629 0.10252
0.824764 0.0266057 0.0536857 0.0949443
0.841561 0.0769777 0.0108966 0.0705652
0.910506 0.0782272 0.0111663 9.9991E-05
0.91524 9.9991E-05 0.0248291 0.0598314
0.921093 9.9991E-05 0.0226498 0.056157
0.905774 0.0701165 0.0240096 9.9991E-05
0.370166 0.0466074 9.9991E-05 0.583126
0.239356 0.0818091 0.0038959 0.674939
0.896922 9.9982E-05 9.9982E-05 0.102878
0.747338 0.029973 0.0152511 0.207438
0.934631 0.0567554 0.00851377 9.9991E-05
0.376471 0.000927798 9.9991E-05 0.622501
9.9991E-05 0.0155154 0.0276654 0.956719
9.9991E-05 0.317467 0.0187303 0.663702
0.0401044 0.504054 9.9991E-05 0.455742
9.99926E-05 0.676371 0.000466511 0.323063
0.00807453 0.850977 0.00351936 0.137429
0.022639 0.922076 0.0188986 0.0363867
9.9991E-05 0.80528 0.0330087 0.161611
0.0357045 0.802438 0.0157418 0.146116
0.114201 0.76899 0.0463577 0.0704516
0.0908385 0.764374 0.0486182 0.0961696
0.0309825 0.148517 0.0342767 0.786224
0.0365237 0.0719687 0.0630876 0.82842
0.0647956 9.9991E-05 0.0460915 0.889013
0.0105626 9.9982E-05 9.9982E-05 0.989237
0.0298761 9.9991E-05 0.021953 0.948071
0.0797532 0.000699308 0.011801 0.907747
0.00409246 0.247253 0.0278294 0.720825
0.088591 0.215037 0.0116288 0.684744
0.0549089 0.123138 0.0810301 0.740923
0.0876728 0.192068 0.0286419 0.691617
0.0470512 0.16532 0.0480838 0.739545
0.10261 0.688559 0.150793 0.0580388
0.868425 0.0261523 0.0080513 0.0973715
0.84206 0.110117 0.0477234 9.9991E-05
0.958479 0.0388779 0.00254329 9.9991E-05
0.774802 0.0432498 0.0044134 0.177534
0.864703 0.0264049 0.0431778 0.0657142
0.135877 0.329185 0.0427568 0.492181
0.000712887 0.305165 0.0287546 0.665367
9.9991E-05 0.217134 0.0868167 0.695949
9.9991E-05 0.265479 0.069827 0.664594
