0.108872 9.9991E-05 0.0560907 0.041638 0.785282 0.00801781
0.0136518 9.9991E-05 0.0687879 0.123064 0.76649 0.0279063
9.999E-05 0.0471756 0.177243 0.14726 0.594204 0.0340174
0.0316534 9.9991E-05 0.00647079 0.195003 0.76459 0.00218281
0.0132343 0.094908 9.9973E-05 9.9973E-05 0.891558 9.9973E-05
0.18447 9.9964E-05 9.9964E-05 9.9964E-05 0.815131 9.9964E-05
0.126368 9.9982E-05 0.0377338 0.11194 0.723758 9.9982E-05
9.9982E-05 0.0398471 9.9982E-05 0.138818 0.790202 0.030933
0.159809 9.9982E-05 0.125096 9.9982E-05 0.688549 0.0263466
9.9982E-05 9.9982E-05 0.212649 0.292184 0.458968 0.0359987
9.9991E-05 0.0971849 0.0484681 0.511093 0.281949 0.0612057
0.101391 0.00644317 0.196741 0.131668 0.557769 0.0059887
0.0012149 0.103311 0.0127499 0.740055 0.105289 0.0373805
9.9982E-05 0.124783 0.163783 0.196548 0.514686 9.9982E-05
0.0419484 0.0946145 0.150861 9.9991E-05 0.664009 0.0484672
9.9982E-05 9.9982E-05 0.10785 0.27624 0.615322 0.000388443
0.0613436 9.9982E-05 0.239742 0.0339124 0.664802 9.9982E-05
0.0137767 0.0207236 0.0907859 9.9991E-05 0.834072 0.0405418
0.181042 0.000267692 0.481365 0.154557 0.120429 0.0623386
0.00180881 0.0097906 0.744583 0.146689 0.0970284 9.9991E-05
9.999E-05 0.0465679 0.75099 0.0132776 0.180444 0.00862069
0.0364005 0.0319035 0.861542 0.0696412 9.9991E-05 0.000412555
0.0344977 0.0223734 0.874388 0.0147423 9.9991E-05 0.0538987
0.0479019 0.0251283 0.777312 9.9991E-05 0.120384 0.0291735
0.00011923 0.0283388 0.66333 0.163028 0.145083 9.9991E-05
0.048748 9.9982E-05 0.875711 9.9982E-05 0.0610394 0.0143021
0.0637589 0.0590795 0.858227 9.9982E-05 9.9982E-05 0.0187344
0.0466955 0.0720264 0.853116 9.9982E-05 9.9982E-05 0.0279619
0.0195036 0.0184129 0.899942 9.9982E-05 0.0619411 9.9982E-05
0.150585 9.9964E-05 0.849015 9.9964E-05 9.9964E-05 9.9964E-05
0.0459266 0.032566 0.916959 0.00434834 9.9982E-05 9.9982E-05
9.999E-05 0.0985305 0.80761 0.0164121 0.0470802 0.0302668
0.0214769 9.9991E-05 0.803874 0.106175 0.0243724 0.0440013
0.0176928 0.00933599 0.137695 0.222466 0.532357 0.0804522
9.9982E-05 0.0777444 0.235663 0.0535978 0.632794 9.9982E-05
0.0381343 0.102277 0.134979 0.0265272 0.697983 9.9991E-05
0.0917104 9.9991E-05 0.0458557 0.147187 0.670922 0.0442248
0.065963 0.0874719 0.16868 0.194988 0.47514 0.00775663
9.996E-05 9.996E-05 9.996E-05 9.996E-05 9.996E-05 0.9995
9.9982E-05 0.0553296 0.765543 0.155882 9.9982E-05 0.0230457
0.20719 9.9973E-05 0.130001 9.9973E-05 0.662509 9.9973E-05
9.9973E-05 9.9973E-05 0.17984 0.271028 0.548832 9.9973E-05
0.165799 0.00353696 0.210013 0.319363 0.301189 9.9991E-05
0.138497 0.0422446 0.0758858 0.61253 0.0975807 0.0332616
0.0936421 9.9982E-05 0.0446609 0.848966 9.9982E-05 0.0125313
9.996E-05 9.996E-05 9.996E-05 9.996E-05 9.996E-05 0.9995
9.9991E-05 0.0761229 0.228726 0.22723 0.388912 0.0789095
0.167989 9.9982E-05 0.0859748 0.451086 0.29475 9.9982E-05
9.9991E-05 0.111203 0.284045 0.170815 0.374527 0.0593116
0.774928 0.0790608 0.00777507 0.0909049 0.0249329 0.0223982
0.478148 0.411372 9.9982E-05 0.0797773 9.9982E-05 0.0305027
0.344473 0.548842 9.9973E-05 9.9973E-05 0.106385 9.9973E-05
0.316829 0.419355 9.9991E-05 0.185518 0.0277366 0.0504619
0.169117 0.719269 0.0678962 9.9982E-05 9.9982E-05 0.0435173
0.33818 0.592202 0.0454644 9.9982E-05 0.023954 9.9982E-05
0.094569 0.691765 0.0118725 0.033113 0.168581 9.9991E-05
0.717445 0.184376 9.9991E-05 0.0411256 0.055313 0.0016406
0.9995 9.996E-05 9.996E-05 9.996E-05 9.996E-05 9.996E-05
0.141607 0.73578 9.9982E-05 9.9982E-05 0.0885472 0.0338663
0.402138 0.297179 9.9991E-05 0.279639 0.00138351 0.0195601
0.9995 9.996E-05 9.996E-05 9.996E-05 9.996E-05 9.996E-05
0.275846 0.466974 0.0424239 0.164698 0.0499584 9.9991E-05
0.192215 0.203128 0.0222526 0.46491 0.0552316 0.062263
9.9982E-05 0.105876 0.808424 9.9982E-05 0.0679015 0.0175987
9.9991E-05 0.0460819 0.803352 0.0396826 0.0849814 0.0258021
0.044403 9.9982E-05 0.8285 9.9982E-05 0.116979 0.00991814
0.206092 0.564561 9.9991E-05 0.102203 0.112012 0.0150316
0.0582885 0.426293 9.9982E-05 0.4395 9.9982E-05 0.0757186
0.0785441 0.704897 0.0483305 0.155114 0.00242948 0.0106843
0.193173 0.537203 0.018704 0.232161 9.9991E-05 0.0186587
9.9973E-05 0.901938 9.9973E-05 9.9973E-05 0.0604999 0.0372625
0.0476009 0.0872856 9.9991E-05 0.715842 0.126372 0.0227996
0.152547 9.9982E-05 9.9982E-05 0.683645 0.158216 0.00539214
0.113353 9.9973E-05 9.9973E-05 0.815685 0.070662 9.9973E-05
9.9964E-05 9.9964E-05 9.9964E-05 0.985595 9.9964E-05 0.0140052
9.9982E-05 0.0258169 0.143591 0.805467 9.9982E-05 0.0249253
0.0375765 9.9982E-05 0.0441946 0.910251 9.9982E-05 0.00777784
0.0306668 0.018721 0.139048 0.735692 0.05419 0.0216826
0.150658 0.556317 9.9982E-05 0.273641 0.0191843 9.9982E-05
0.175798 0.337248 9.9991E-05 0.271002 0.0875773 0.128275
0.500174 0.330238 0.0248703 0.0821129 0.0337162 0.0288883
0.357124 0.490718 0.0835882 0.0305331 9.9991E-05 0.0379367
9.9991E-05 0.730198 0.000751388 0.16174 0.0725905 0.0346203
9.9982E-05 0.0616323 0.751185 0.185068 9.9982E-05 0.0019141
0.0235634 0.270501 0.120686 0.55732 0.0278296 9.9991E-05
0.0375964 0.0734845 9.9973E-05 0.888619 9.9973E-05 9.9973E-05
9.996E-05 9.996E-05 9.996E-05 9.996E-05 9.996E-05 0.9995
0.0450588 9.9982E-05 0.14448 0.119034 0.691226 9.9982E-05
0.0756061 9.9991E-05 0.079307 0.141772 0.684775 0.0184391
0.139919 9.9991E-05 0.180792 0.0493579 0.597553 0.0322773
0.0175011 0.096998 0.288068 0.238519 0.314107 0.0448072
0.0514961 0.0532371 0.0701004 0.0915484 0.733518 9.9991E-05
0.198537 9.9973E-05 0.020847 0.780316 9.9973E-05 9.9973E-05
0.159299 9.9991E-05 0.51375 0.0929707 0.197351 0.0365297
0.0293385 0.153397 9.9982E-05 0.721206 9.9982E-05 0.0958576
9.9991E-05 0.110019 0.330833 0.310039 0.232594 0.0164155
0.0917166 9.9973E-05 0.148395 9.9973E-05 0.759588 9.9973E-05
9.9973E-05 9.9973E-05 0.0682112 0.25977 0.671719 9.9973E-05
0.0232542 9.9982E-05 0.161962 0.261762 0.552822 9.9982E-05
0.0987149 9.9991E-05 0.00639682 0.219387 0.646107 0.0292943
9.9982E-05 9.9982E-05 0.0175569 0.338546 0.633909 0.00978732
9.9982E-05 9.9982E-05 0.0240158 0.28631 0.673069 0.016405
0.225076 0.0387997 0.00564907 0.620386 0.076266 0.0338227
9.9991E-05 0.177891 0.0774667 0.571033 0.10328 0.0702297
0.175089 0.10004 0.0281708 0.544205 0.0574143 0.0950798
9.9982E-05 9.9982E-05 0.25474 0.65551 0.0854174 0.00413285
0.0130796 0.065446 0.156573 0.57844 0.186362 9.9991E-05
9.9982E-05 0.139507 0.478652 9.9982E-05 0.380466 0.00117568
0.152672 0.708401 0.00897068 9.9991E-05 0.126231 0.0036256
0.0762699 0.65569 0.0266675 0.21222 9.9991E-05 0.0290519
0.256746 9.9982E-05 0.12965 0.589144 0.0242609 9.9982E-05
0.233661 9.9991E-05 0.0545904 0.423139 0.246109 0.0424002
0.269633 9.9991E-05 0.211022 0.380136 0.0861116 0.052998
9.9964E-05 9.9964E-05 0.710134 0.289466 9.9964E-05 9.9964E-05
9.9982E-05 0.645189 0.0166382 0.299423 9.9982E-05 0.0385496
0.273612 0.439709 9.9973E-05 0.286379 9.9973E-05 9.9973E-05
0.131235 0.388572 9.9982E-05 0.373286 0.106706 9.9982E-05
0.0640817 0.0086645 0.445802 0.102762 0.305413 0.0732771
0.05126 0.0279087 0.225126 9.9991E-05 0.680245 0.0153599
0.00634202 0.0930258 9.9991E-05 0.158103 0.733518 0.00891136
0.0649101 0.115502 0.0188899 9.9982E-05 0.800498 9.9982E-05
0.022543 0.00609041 0.391771 9.9982E-05 0.579396 9.9982E-05
0.0818358 0.00516278 0.138344 0.00245695 0.749087 0.0231129
0.0125766 0.03884 0.0666653 0.12161 0.755593 0.00471486
0.139013 9.9973E-05 9.9973E-05 9.9973E-05 0.842922 0.0177651
9.9982E-05 0.0531067 0.334894 0.178454 0.433346 9.9982E-05
9.9991E-05 0.0536484 0.0658547 0.12153 0.752144 0.0067236
0.00346524 9.9991E-05 0.243414 0.0470622 0.66131 0.044648
0.0797682 9.9991E-05 0.0334821 0.0881119 0.761258 0.0372797
0.136898 0.0562198 0.2235 0.045874 0.52668 0.0108283
9.9991E-05 0.102868 0.0101207 0.0845646 0.741184 0.0611622
0.0404034 9.9991E-05 0.223861 0.286288 0.434779 0.0145687
9.9991E-05 0.0648268 0.0116765 0.084576 0.822385 0.0164361
0.0162858 9.9973E-05 0.851916 0.131498 9.9973E-05 9.9973E-05
9.9973E-05 9.9973E-05 0.929211 0.0400248 0.0304639 9.9973E-05
9.9973E-05 9.9973E-05 0.948615 9.9973E-05 0.0125707 0.0385141
9.9982E-05 0.100272 0.828087 9.9982E-05 0.065076 0.00636505
0.0952658 9.9991E-05 0.791169 0.0393702 0.0563895 0.0177055
9.9982E-05 0.0895313 9.9982E-05 0.211858 0.667281 0.0311302
9.9991E-05 0.0175187 0.159751 0.161053 0.633884 0.0276932
0.618927 0.380673 9.9964E-05 9.9964E-05 9.9964E-05 9.9964E-05
0.0386062 0.842115 0.070988 0.0234541 9.9991E-05 0.0247364
0.084685 0.853435 0.00200726 9.9991E-05 0.0519386 0.00783458
9.9982E-05 0.716647 0.0562277 0.196624 0.0303014 9.9982E-05
0.0311907 0.876766 9.9982E-05 0.0694413 9.9982E-05 0.0224022
0.145865 0.711541 0.0792176 0.0631765 9.9982E-05 9.9982E-05
9.9973E-05 0.919703 9.9973E-05 0.0695453 9.9973E-05 0.0104514
0.495562 0.409427 0.0206125 0.0741981 9.9982E-05 9.9982E-05
0.30651 0.646624 0.0465659 9.9973E-05 9.9973E-05 9.9973E-05
0.317708 0.603172 0.0788201 9.9973E-05 9.9973E-05 9.9973E-05
9.9973E-05 0.834136 9.9973E-05 0.120296 9.9973E-05 0.0452683
0.0474545 0.759427 0.0777798 0.079618 9.9991E-05 0.0356205
0.25324 0.626228 0.00137181 9.9991E-05 0.101282 0.0177782
0.232806 0.744972 0.0207447 9.9982E-05 9.9982E-05 0.00127754
0.168262 0.715953 9.9991E-05 0.0947926 0.0124096 0.00848289
0.0106466 0.933438 9.9982E-05 9.9982E-05 0.0353628 0.0203531
0.0821798 0.862807 0.0543061 0.000506977 9.9982E-05 9.9982E-05
9.9982E-05 0.155435 0.00676492 0.819312 0.0182883 9.9982E-05
9.9982E-05 9.9982E-05 0.0124711 0.928009 0.0582274 0.00109234
0.185306 0.690239 9.9973E-05 0.124155 9.9973E-05 9.9973E-05
0.514126 0.260224 9.9991E-05 0.0287303 0.173852 0.022968
0.9995 9.996E-05 9.996E-05 9.996E-05 9.996E-05 9.996E-05
0.268733 9.9973E-05 9.9973E-05 0.552394 0.178573 9.9973E-05
9.9982E-05 0.0768398 9.9982E-05 0.089193 0.816153 0.0176146
0.0409331 0.00245965 0.181716 9.9991E-05 0.737885 0.0369072
0.0549606 9.9982E-05 0.437286 0.157372 0.350182 9.9982E-05
0.0163178 9.9982E-05 0.591326 0.100115 0.292042 9.9982E-05
0.0408224 9.9982E-05 0.786011 0.156092 9.9982E-05 0.0168751
0.115203 9.9973E-05 0.865392 9.9973E-05 0.019105 9.9973E-05
0.0574491 9.9991E-05 0.755112 0.0350676 0.129993 0.0222792
0.00301676 0.0201189 0.773949 0.174559 0.00753753 0.0208195
0.0944387 9.9982E-05 0.734072 0.112544 9.9982E-05 0.0587461
9.9991E-05 0.120144 0.798247 0.00645362 0.0426469 0.0324081
0.049275 0.0446121 0.083502 0.04307 0.766919 0.0126219
0.180065 9.9973E-05 9.9973E-05 9.9973E-05 0.776828 0.0428079
0.121101 9.9982E-05 9.9982E-05 0.0379931 0.807178 0.0335277
9.99731E-05 0.0714028 9.99731E-05 0.26759 0.660707 9.99731E-05
0.0464413 9.9982E-05 9.9982E-05 0.13722 0.813877 0.0022618
9.9982E-05 0.066838 0.0130828 0.301509 0.618371 9.9982E-05
0.0707495 9.9991E-05 0.200715 0.160089 0.543836 0.0245109
0.121867 0.0209315 0.146514 0.0949168 0.605299 0.0104726
9.9991E-05 0.0915692 0.00695311 0.154053 0.70874 0.0385847
0.0275527 0.0569659 0.205875 0.114347 0.571008 0.0242513
9.9991E-05 0.0440461 0.0873176 0.159694 0.67422 0.0346218
9.9991E-05 0.13326 0.651245 0.0271932 0.0610796 0.127122
0.687809 0.158297 9.9991E-05 0.0988125 0.0340558 0.0209264
0.184527 0.658455 0.108642 0.0167435 9.9991E-05 0.031533
0.0361411 0.874317 0.0017524 0.0807231 9.9991E-05 0.00696586
0.0359029 0.716003 0.0258579 0.102148 0.113181 0.00690691
9.9973E-05 0.886342 0.0979518 9.9973E-05 9.9973E-05 0.0154068
0.0989995 0.0850136 0.30552 0.0947052 0.386461 0.0293004
0.0988734 9.9991E-05 0.231717 0.0788029 0.563368 0.0271389
0.0492489 0.0305188 0.128254 9.9991E-05 0.744971 0.0469076
0.00493951 9.9991E-05 0.317537 0.240831 0.396716 0.0398766
