0.111988 9.9991E-05 0.187169 0.700744
0.0923276 9.9991E-05 0.116551 0.791021
0.215995 9.9991E-05 0.171557 0.612348
9.999E-05 0.0257768 0.198947 0.775176
9.9982E-05 0.0745088 9.9982E-05 0.925291
9.9991E-05 0.0653968 0.0502611 0.884242
0.059216 0.0135651 0.172336 0.754883
0.00782307 9.9991E-05 0.180575 0.811502
0.151243 0.118063 9.9991E-05 0.730594
0.232397 0.00697358 0.222212 0.538418
0.093245 0.0796966 0.504842 0.322216
0.207939 0.0387026 0.247909 0.505449
0.109994 0.0195344 0.870371 9.9991E-05
0.236919 0.0838726 0.148384 0.530824
0.221913 0.0724392 9.9991E-05 0.705548
0.130343 9.9991E-05 0.191151 0.678406
0.218761 0.0172529 0.0647394 0.699247
0.0754761 9.9982E-05 9.9982E-05 0.924324
0.593901 0.123012 0.241713 0.0413738
0.70759 9.9991E-05 0.150822 0.141489
0.716873 0.0114021 0.032843 0.238881
0.808536 0.0421873 0.0946432 0.0546339
0.91108 9.9982E-05 0.08872 9.9982E-05
0.785296 0.0524511 9.9991E-05 0.162153
0.658285 9.9991E-05 0.0768636 0.264751
0.944136 9.9991E-05 0.0382702 0.0174938
0.943333 0.0564666 9.9982E-05 9.9982E-05
0.920827 0.0705948 0.00847829 9.9991E-05
0.849701 0.0232313 9.9991E-05 0.126968
0.82073 0.0978121 9.9991E-05 0.0813576
0.932389 0.061828 9.9991E-05 0.00568324
0.824522 0.0713981 9.9991E-05 0.10398
0.844483 9.99999E-05 0.0769153 0.0785019
0.217692 9.9991E-05 0.322539 0.459669
0.222122 0.0540144 9.9991E-05 0.723764
0.0508428 0.0694867 0.0958973 0.783773
0.00709176 9.9991E-05 0.24816 0.744649
0.132953 0.0753199 0.315655 0.476072
0.650447 0.349353 9.9982E-05 9.9982E-05
0.76999 0.0150798 0.214831 9.9991E-05
0.14851 0.102503 9.9991E-05 0.748887
0.0828558 9.9991E-05 0.295217 0.621827
0.301759 0.130296 0.278564 0.289381
0.144687 0.126647 0.660103 0.0685627
9.998E-05 9.998E-05 0.9997 9.998E-05
0.652949 0.346851 9.9982E-05 9.9982E-05
0.205668 0.0663812 0.191093 0.536858
0.0841163 0.0519914 0.52708 0.336813
0.380132 0.122061 0.10317 0.394637
9.9991E-05 0.785189 0.0719385 0.142772
0.0406785 0.792713 0.166508 9.9991E-05
9.9982E-05 0.827593 9.9982E-05 0.172207
9.9991E-05 0.715116 0.264204 0.0205803
0.0821674 0.88986 9.9991E-05 0.0278722
0.0650384 0.870646 9.9991E-05 0.0642157
9.9991E-05 0.738402 0.0136615 0.247837
9.9991E-05 0.817944 0.165613 0.0163431
0.10167 0.864069 0.0341606 9.9991E-05
0.00133403 0.802514 0.090236 0.105916
9.9991E-05 0.621263 0.286865 0.0917718
0.115328 0.880005 0.00456702 9.9991E-05
0.0642031 0.733652 0.13183 0.0703149
0.0311766 0.377651 0.55037 0.0408018
0.747582 0.0309191 0.0736071 0.147892
0.790711 0.00903757 0.0581321 0.142119
0.862815 9.9982E-05 9.9982E-05 0.136985
0.0170966 0.705896 0.115636 0.161371
0.0223615 0.538722 0.438816 9.9991E-05
0.0549436 0.741658 0.133195 0.0702039
9.9982E-05 0.702215 0.297585 9.9982E-05
9.9982E-05 0.859983 9.9982E-05 0.139817
9.9991E-05 0.146331 0.622757 0.230811
0.0208759 0.0712052 0.775518 0.132401
0.0375115 0.0805004 0.845334 0.0366539
9.998E-05 9.998E-05 0.9997 9.998E-05
0.172735 0.00674862 0.813667 0.00684893
0.0334648 9.9982E-05 0.966335 9.9982E-05
0.0979597 0.0169997 0.812077 0.0729642
9.9991E-05 0.604823 0.384736 0.0103413
0.10999 0.487116 0.281075 0.121818
0.0741381 0.711028 0.214734 9.9991E-05
0.114183 0.746395 0.139322 9.9991E-05
9.9991E-05 0.795398 0.0396641 0.164838
0.718567 0.0468016 0.15843 0.0762021
0.0778046 0.294775 0.554476 0.0729444
9.9982E-05 0.116551 0.883249 9.9982E-05
0.613933 0.385867 9.9982E-05 9.9982E-05
0.105485 9.9991E-05 0.168681 0.725734
0.152024 9.9991E-05 0.117907 0.729969
0.151565 0.0569515 0.13351 0.657974
0.183087 0.0779221 0.283381 0.45561
9.9991E-05 0.0537827 0.0870683 0.859049
9.9982E-05 0.149041 0.850759 9.9982E-05
0.595301 9.9991E-05 0.254898 0.149701
9.9991E-05 0.171222 0.689445 0.139234
0.311689 0.0981822 0.327308 0.262821
0.0891794 9.9982E-05 9.9982E-05 0.910621
0.0613391 9.9991E-05 0.312628 0.625933
0.136156 9.9991E-05 0.308494 0.555251
0.0594735 0.0524244 0.271691 0.616411
9.9982E-05 9.9982E-05 0.476941 0.522859
0.0961793 9.9991E-05 0.22355 0.680171
0.0505602 0.226895 0.660361 0.0621833
0.0739447 0.122384 0.715034 0.0886374
0.0506444 0.195908 0.682558 0.0708905
0.174546 9.9991E-05 0.65971 0.165644
0.0461292 0.13142 0.475889 0.346562
0.466477 0.0617054 9.9991E-05 0.471718
0.0337012 0.787843 9.9991E-05 0.178356
0.0243062 0.748354 0.22724 9.9991E-05
0.148971 0.143682 0.707246 9.9991E-05
0.171989 0.175688 0.530627 0.121695
0.247717 0.15423 0.550933 0.0471203
0.694096 9.9982E-05 0.305704 9.9982E-05
0.102181 0.630097 0.267622 9.9991E-05
9.9991E-05 0.656493 0.303321 0.0400853
9.9991E-05 0.459997 0.470906 0.0689972
0.493185 0.0341262 0.149113 0.323576
0.188579 0.0470719 0.0599101 0.704439
0.0127598 0.0155397 0.20391 0.767791
0.0445952 0.103496 0.0715795 0.78033
0.384117 9.9991E-05 0.0564646 0.559318
0.130577 9.9991E-05 0.113134 0.756189
0.0510263 0.0225883 0.136005 0.79038
9.9982E-05 0.0788593 9.9982E-05 0.920941
0.343926 9.9991E-05 0.176101 0.479874
0.101153 9.9991E-05 0.09668 0.802067
0.219463 9.9991E-05 0.120365 0.660072
0.0625127 9.9991E-05 0.162249 0.775138
0.260527 0.0540861 0.190513 0.494874
0.0486912 0.110162 0.012866 0.828281
0.183837 0.0158781 0.269861 0.530424
0.0272191 0.0398498 0.104871 0.828061
0.81496 9.9982E-05 0.18484 9.9982E-05
0.857735 9.9991E-05 0.092233 0.0499319
0.912394 9.9982E-05 9.9982E-05 0.0874063
0.758446 0.057314 0.048143 0.136097
0.820065 0.0472963 0.132538 9.9991E-05
9.9991E-05 0.0919335 0.252458 0.655509
0.0934496 9.9991E-05 0.21524 0.69121
9.9982E-05 0.929537 0.0702635 9.9982E-05
0.0510016 0.790912 0.128374 0.0297119
0.0776557 0.869216 9.9991E-05 0.0530286
0.0367103 0.655809 0.290267 0.0172139
9.9991E-05 0.883042 0.0562613 0.0605962
0.135132 0.827697 0.0370707 9.9991E-05
9.9991E-05 0.871542 0.0979657 0.0303926
0.026705 0.815203 0.157992 9.9991E-05
0.0737831 0.84804 0.0373874 0.0407894
0.0867637 0.869027 0.0441091 9.9991E-05
9.9991E-05 0.790819 0.19486 0.0142212
0.0558266 0.76546 0.0663111 0.112402
0.0280047 0.799206 9.9991E-05 0.17269
0.100212 0.887071 9.9991E-05 0.012617
9.9982E-05 0.824461 0.175339 9.9982E-05
9.9982E-05 0.89931 9.9982E-05 0.10049
0.095731 0.835602 0.0526695 0.0159973
0.0221695 0.104962 0.872768 9.9991E-05
0.0266489 9.9991E-05 0.913404 0.0598472
9.9991E-05 0.829921 0.10755 0.0624291
0.00732293 0.684979 0.0874266 0.220272
0.0343265 0.847494 0.11808 9.9991E-05
9.9991E-05 0.158799 0.647868 0.193233
0.016481 9.9991E-05 0.121474 0.861945
0.274059 0.00338323 0.024869 0.697689
0.465424 9.9991E-05 0.233436 0.301041
0.585408 9.9991E-05 0.122397 0.292095
0.736409 9.9991E-05 0.211092 0.0523986
0.863857 0.059188 9.9991E-05 0.0768546
0.723794 9.9991E-05 0.0719936 0.204113
0.780624 0.00572377 0.155008 0.0586449
0.700524 0.0518246 0.223069 0.024583
0.814583 0.08673 9.9991E-05 0.0985872
0.03491 0.0363839 0.155097 0.773609
0.0960997 0.105994 0.0651502 0.732756
9.9991E-05 0.00936627 0.218193 0.772341
9.9982E-05 9.9982E-05 0.325839 0.673961
9.9982E-05 9.9982E-05 0.208563 0.791237
9.9982E-05 9.9982E-05 0.450009 0.549791
0.207318 0.0246446 0.132276 0.635761
0.202562 0.0623391 0.122664 0.612435
0.111844 0.0558135 0.209621 0.622722
0.147297 0.0794118 0.168435 0.604856
0.11588 0.0588482 0.109686 0.715585
0.768042 0.119851 9.9991E-05 0.112007
0.0288791 0.744733 0.152823 0.0735652
0.0930091 0.818559 0.0552143 0.0332171
9.9982E-05 0.836251 0.163549 9.9982E-05
0.0436427 0.74896 0.11623 0.0911671
0.065793 0.809187 0.0614652 0.0635549
0.334294 0.128882 0.108288 0.428536
0.274994 9.9991E-05 0.14141 0.583496
0.11695 0.045774 9.9991E-05 0.837176
0.289161 9.9991E-05 0.247246 0.463493
