0.836352 0.158975 0.00467301
0.907283 0.0926171 9.9991E-05
0.803204 0.196696 9.9991E-05
0.972375 0.0275254 9.9991E-05
0.921458 0.0522405 0.0263018
0.939457 0.0133272 0.0472156
0.871751 0.0609182 0.0673308
0.969628 0.0302718 9.9991E-05
0.66071 0.246349 0.092941
0.659898 0.274538 0.0655645
0.675401 0.0842648 0.240334
0.659909 0.286307 0.0537843
0.589386 0.0684611 0.342153
0.651696 0.22392 0.124384
0.650881 0.307112 0.0420068
0.805741 0.173604 0.0206548
0.741006 0.258894 9.9991E-05
0.855046 0.144854 9.9991E-05
0.169044 0.645199 0.185757
0.236203 0.745757 0.0180406
0.256699 0.743201 9.9991E-05
0.0675342 0.870866 0.0616003
9.999E-05 0.9998 9.999E-05
0.0637821 0.903494 0.032724
0.268007 0.731893 9.9991E-05
0.0128264 0.987074 9.9991E-05
9.9991E-05 0.912272 0.0876279
9.9991E-05 0.932997 0.0669035
9.999E-05 0.9998 9.999E-05
0.038043 0.891253 0.0707038
0.0497321 0.933559 0.0167088
0.0826131 0.888219 0.0291676
0.0930924 0.906808 9.9991E-05
0.668298 0.228864 0.102838
0.739855 0.260045 9.9991E-05
0.757749 0.181709 0.0605425
0.862825 0.108054 0.0291211
0.724842 0.120153 0.155006
9.9991E-05 0.598182 0.401718
0.033986 0.919713 0.0463011
0.643454 0.236128 0.120418
0.793449 0.206451 9.9991E-05
0.484717 0.317626 0.197657
0.482378 0.137849 0.379773
0.61601 0.0721878 0.311802
9.9991E-05 0.572915 0.426985
0.622754 0.302802 0.0744432
0.643746 0.118304 0.237951
0.410875 0.434437 0.154689
0.125281 0.010187 0.864532
9.9991E-05 0.0647969 0.935103
0.129147 0.0297463 0.841106
0.162698 0.00327096 0.834031
9.9991E-05 0.106887 0.893013
9.9991E-05 0.0818746 0.918025
0.247443 9.9991E-05 0.752457
0.0866044 0.0286468 0.884749
9.9991E-05 0.0714845 0.928416
0.100652 9.9991E-05 0.899248
0.246444 9.9991E-05 0.753456
9.9991E-05 0.0937332 0.906167
0.109319 0.0744781 0.816203
0.420837 0.0398946 0.539269
0.13819 0.800444 0.0613661
0.222011 0.775606 0.00238331
0.0710952 0.928805 9.9991E-05
0.184813 9.9991E-05 0.815087
0.248928 0.0136224 0.73745
0.143566 9.9991E-05 0.856334
0.0647187 0.050513 0.884768
0.0985667 0.000292926 0.90114
0.642647 9.9991E-05 0.357253
0.600877 0.0760261 0.323097
0.60168 0.0132505 0.385069
0.574245 0.100707 0.325048
0.509532 0.184844 0.305623
0.593994 0.0509951 0.355011
0.516006 0.193907 0.290087
0.1869 9.9991E-05 0.813
0.312369 0.0469148 0.640716
0.0101649 0.12513 0.864705
9.9991E-05 0.131392 0.868508
0.181121 9.9991E-05 0.818779
0.187828 0.77094 0.0412324
0.40819 0.156417 0.435393
0.604624 0.000290684 0.395086
0.0135172 0.554719 0.431764
0.771487 0.228413 9.9991E-05
0.813407 0.186493 9.9991E-05
0.687903 0.261772 0.0503248
0.566492 0.269198 0.16431
0.783701 0.152398 0.0639012
0.498785 0.022675 0.47854
0.254347 0.668746 0.0769071
0.526096 0.0345204 0.439384
0.445316 0.378188 0.176497
0.802829 0.197071 9.9991E-05
0.911316 0.0775966 0.011087
0.838244 0.161656 9.9991E-05
0.851913 0.0469788 0.101108
0.913845 0.0561938 0.0299608
0.860527 0.139373 9.9991E-05
0.5113 0.0260801 0.46262
0.423646 0.18796 0.388394
0.480343 0.0754346 0.444223
0.598995 0.272143 0.128862
0.617709 0.163122 0.21917
0.475971 0.466275 0.0577538
0.150693 0.00686671 0.842441
0.106047 0.0579105 0.836042
0.450773 0.157702 0.391525
0.460031 0.207073 0.332897
0.365577 0.322068 0.312355
0.129395 0.848401 0.0222038
0.0519721 0.140275 0.807753
0.174831 0.0389064 0.786263
0.336545 9.9991E-05 0.663355
0.356819 0.571421 0.0717598
0.700407 0.299493 9.9991E-05
0.930058 0.0163862 0.0535562
0.835619 0.0867707 0.0776102
0.532962 0.464808 0.00222938
0.739199 0.260701 9.9991E-05
0.837763 0.162137 9.9991E-05
0.933536 0.0389795 0.0274848
0.619565 0.380335 9.9991E-05
0.783444 0.216456 9.9991E-05
0.802581 0.197319 9.9991E-05
0.822278 0.167696 0.0100254
0.577455 0.290024 0.132521
0.841471 0.0759224 0.082607
0.638961 0.292393 0.0686466
0.887567 0.0838746 0.0285585
0.0785626 0.921337 9.9991E-05
0.0794464 0.920454 9.9991E-05
9.999E-05 0.9998 9.999E-05
0.0592428 0.874317 0.0664402
0.0367342 0.89058 0.0726857
0.860901 0.0129009 0.126198
0.81042 0.18948 9.9991E-05
9.999E-05 9.999E-05 0.9998
0.0182597 0.106088 0.875652
9.9991E-05 0.0472951 0.952605
0.140677 0.0988005 0.760522
0.0756118 9.9991E-05 0.924288
0.00121898 0.142845 0.855936
9.999E-05 9.999E-05 0.9998
9.9991E-05 0.0857239 0.914176
0.0166821 0.0777194 0.905598
0.0163354 0.0711322 0.912532
0.0666064 0.00195035 0.931443
0.0988191 0.0244249 0.876756
0.0607436 0.0596689 0.879587
9.9991E-05 0.0781793 0.921721
0.062506 0.00747047 0.930023
0.0514414 9.9991E-05 0.948459
9.9991E-05 0.068501 0.931399
0.609487 0.00501362 0.385499
0.674398 0.0568863 0.268716
0.0802289 9.9991E-05 0.919671
0.265668 9.9991E-05 0.734232
9.9991E-05 0.0155222 0.984378
0.649741 9.9991E-05 0.350159
0.994969 0.00493053 9.9991E-05
0.6911 0.3088 9.9991E-05
0.489286 0.457105 0.0536085
0.383207 0.616693 9.9991E-05
0.104692 0.871564 0.0237437
0.0273332 0.941874 0.0307927
0.137185 0.862715 9.9991E-05
0.117698 0.863191 0.0191112
0.0296326 0.847025 0.123342
0.0836561 0.852782 0.0635616
0.837501 0.162399 9.9991E-05
0.747285 0.133922 0.118793
0.89782 9.9991E-05 0.10208
0.9998 9.999E-05 9.999E-05
0.984359 9.9991E-05 0.0155415
0.924993 9.9991E-05 0.0749068
0.726941 0.261512 0.0115465
0.65583 0.234589 0.10958
0.750933 0.177285 0.0717816
0.742314 0.194991 0.0626957
0.745182 0.188963 0.0658548
0.0610978 0.813299 0.125603
0.137806 0.0264856 0.835709
0.00918796 0.0855319 0.90528
9.9991E-05 0.0322027 0.967697
0.219398 9.9991E-05 0.780502
9.9991E-05 0.130422 0.869478
0.542891 0.32958 0.127529
0.649704 0.326683 0.0236129
0.808519 0.191381 9.99934E-05
0.681365 0.300779 0.0178567
