IBR/IBR_outputs/all.combrep_1/EucDistWater_Total.PersistForestCover_Total.VRM_Total/EucDistWater_Total.PersistForestCover_Total.VRM_Total.asc
NCOLS 160 
NROWS 95 
XLLCORNER 210004.651214014 
YLLCORNER 7350008.22228844 
CELLSIZE 4999.99999999997 
NODATA_value -9999 
[rows 42 to 62 of 95, columns 92 to 137 of 160]
11.789140815885 20.8300839058576 12.5158011198717 8.88977216583431 15.5540385280252 17.7261419462495 20.297300084749 13.6605773350923 15.6242310872547 20.683683280762 14.1252956389868 19.3157469036978 16.5060326110075 13.9109377547966 5.00210545994771 9.07582790109176 4.89155118319981 10.6476555471805 11.2617950892539 10.9705774867199 17.8078433485431 18.0520997343912 13.8143981814022 10.4574805800697 16.5170927146676 9.67367805071081 4.99455058026627 6.74172630537092 14.2742850003426 20.0686092735655 18.7016170759129 19.8584195138905 22.1705277198487 18.598534535834 16.0146270646961 13.5779202821951 13.5585519445297 12.5662510086545 16.7722139439698 22.7488574454714 22.0292112726927 14.7552928482166 5.92023321302601 11.1645065458248 10.4458839886587 10.7172174017937
8.76539896348494 19.1617063218854 12.7029189933144 9.25796900186636 7.3973190535123 8.49895986024045 13.8812535771554 7.06211904514323 11.2501790939281 21.9688376464588 21.8869419364561 25.789643578759 14.7215635163268 5.33422163177722 7.35544976040926 17.3761296007246 14.9644234304272 7.09177543713367 12.0751424542965 18.2883192246363 24.2412199907566 25.0657042812383 16.9239173624612 8.01720927506895 13.1044604468155 12.2320383019636 10.7182258855481 9.90139167595924 16.2458358202365 12.4127472156297 14.0297432009147 15.4236806349075 10.3100337097482 13.367048295226 20.7077348376104 19.6164948639949 15.7289635467635 12.2666011906435 22.2347860806443 29.3728382691551 27.7224137949466 16.8377313906879 9.2432764861338 10.1889754750225 10.000238049202 11.2468415777792
6.67376076830898 16.6212439566626 10.9808389142785 5.89339927696695 11.5294747029445 12.5579774403957 6.72611902688136 11.2074658286281 21.3202369887333 32.4781428631287 31.7230006552003 34.0342760997152 24.2488994916869 13.2639034496205 5.12007370524418 15.1185653501248 18.2821174528142 10.6097617588604 18.5831214822856 25.4661736142663 25.581473631244 19.3076830687846 14.363909850135 8.65294446725942 9.66811257085667 4.98878685559133 10.3158474345188 13.3406660561621 15.5419740529321 16.4685831843492 16.3647992567968 11.3609605106424 10.3589142935452 14.2085815212516 16.0846138966483 10.5294570111498 11.5591279095993 10.0519852063075 17.8703818718948 20.9476082192769 26.1359937440183 17.4751844091 13.6197842255643 18.5555032255356 18.0689516831598 12.9113034879269
12.0159211821426 17.8302159111635 13.9606669925897 11.8664311685891 17.5762963377868 15.7626952527443 12.8305370412677 16.7420765787411 20.6067857560935 26.2757949594377 26.3905909461109 35.9594601192099 27.1311033585161 10.9685818014278 6.32386285203405 12.191212845933 10.416154719626 8.27446570247553 20.6554649862308 26.4440113676286 28.1324286665467 20.4592134491465 15.7016637328748 8.180004355263 6.04914199019331 11.4880228781969 6.66849097814577 13.7074323825493 15.8730694708722 16.7054430117044 15.0340395514057 13.9239275053347 9.97090650165365 15.2263839158832 12.5865756600473 11.7514814817643 12.2835623856107 14.1357866842334 17.8684270355007 19.08100138378 26.7839784771419 15.828699497426 13.0951080098481 14.3305107174411 16.0274852678499 9.21451304559174
8.04970077381274 13.2328348641402 7.35529963623307 17.0001811481616 18.1852087465282 7.97405333657883 9.95185549822677 14.8879228029017 8.68896732679345 15.1265473346243 15.0552605164024 25.5458276977702 24.2003510967413 17.7653126179877 14.6932863314615 12.8547387811549 7.01505833946064 12.2777460890838 20.1251725140493 19.4098448565655 19.6684561441031 19.9505426041414 8.79556490700112 8.46936384363251 9.57419347213818 7.27596045323483 14.6631370685589 14.0752750175789 13.2849279657284 19.8401356696991 16.9584843181612 9.52999358687639 14.9822551543114 19.1081015917936 11.072602815001 18.5646597539348 27.0019857900012 24.5132489198834 21.1536062434389 22.886437614519 23.1808681449001 23.6118396881679 25.0467680117682 15.502597244493 9.86361545186612 8.33612131432474
6.15992440595999 14.5725950931088 14.7439157454332 17.6046498445439 12.2466837110331 5.69080115175035 8.79093362181322 13.870369421607 8.53590485052053 6.41325330598283 12.7337796144859 17.3611777530963 20.699645319131 26.4629202495544 23.9478234204292 12.4017310205813 5.38012226581039 14.1335885919608 12.0390946506351 10.9844943706532 17.2148596716084 17.9144337099355 13.6717766831647 9.4331856333778 9.60536794967871 13.8629151307646 12.3308381448212 14.509484153933 11.6424032947499 9.0909794791065 9.30375922884327 8.6192963859414 18.5835735862376 20.6853863816252 17.8894513149675 25.1190310875435 35.1820740736072 35.977045912478 24.366697990369 11.563046752393 15.8665488365879 28.0161841335222 27.6537432762058 14.1838800629355 15.392399653506 17.5515748332125
12.0233785659304 14.9206144674482 21.4927910674454 18.7148260771429 13.3974813807089 10.135230167372 16.5321324780993 17.366324997937 11.6083532583062 8.45850588788982 14.5923400512244 15.3651146621193 16.4112860254318 19.1981959382651 16.4900493345626 6.08923430531516 6.90095859759614 9.34790719037382 13.8905893778513 16.5781874776487 18.6492290992486 14.7143287414982 17.7769557044122 11.4284488181671 14.1278114685493 12.1188469818855 9.67831139632994 14.7256216641764 7.25958969616333 9.39191721537038 14.3706251516154 7.73223559804054 18.2407134590176 12.5163037260404 12.6632143065093 25.3174482084197 28.3903531908964 30.6041476163397 25.5993944800897 17.557797327458 18.7472619062825 31.0166326043414 22.567588272081 8.65097232713567 16.6476560255665 27.8100833836962
22.4698113563651 12.3598120808546 14.8971031975523 12.0648106695256 12.1860343978204 16.3376319722394 8.85526964350959 10.7641383667712 17.2884913841245 17.7537231242579 14.0219169632606 12.1998457068811 9.04768933351527 15.1268187842754 9.49719408234029 6.91801613608994 12.7918900296271 7.44187951233101 13.585702236758 22.036170171034 20.2082603685668 15.0611619971759 15.6170191734659 14.7543023875934 16.7246909885782 11.3847630395596 10.2466847556618 12.7161895852004 15.393783922425 14.8369492385581 8.11180850042685 6.52154952308136 15.9876962679187 21.0207770262041 22.595511075003 17.0163418519922 12.3203451726011 18.7258149322864 21.2914472809593 24.0842080151935 29.4737534996184 33.8959109319428 22.592468235591 13.9254806562493 15.1623343845497 19.6791765141719
20.854321622903 12.2466065732229 15.0900568648275 12.7340952711179 15.2829661257514 10.2110389407085 9.5775479918017 8.95492334488592 17.8462779644518 19.9648805255578 10.9805029669219 16.521442966517 24.2743274744489 17.5926770617007 7.89132777864498 12.3837912961602 16.0105605285055 8.51229113550088 6.6660040928807 16.3786685170802 21.5430712402876 20.1881468181551 18.5373914427658 14.0503428550776 15.9640045956062 8.6132605094739 10.9575889389313 10.1490431497241 12.1217459277064 12.1129138918091 8.77368240675847 14.3302246139075 19.0296923636053 23.8480221097254 20.98591417907 10.5927291888522 8.87972719543873 10.4715984276803 19.9442111354126 24.5556128236781 27.1372212246282 30.5440126317651 22.1561154730827 11.9203434905553 10.1296240189415 16.5890972205467
14.1252050845909 13.5579679816488 14.3397186555359 12.2148715078994 10.4550515648486 15.0044843734931 17.4109200976168 12.9378444131048 17.2980748182204 15.3475590676924 10.2426245833566 20.8316662276827 26.1527556237203 14.5032257004261 5.56052141875124 14.9330847881395 11.1836649358647 7.82042162285064 10.0165911560842 17.866781646961 30.1478904563391 29.1402340662492 19.6172438656757 11.2892214869189 10.7808666052444 8.77333501884393 6.69931502310985 9.21250778443637 11.1887054378079 11.2992609465921 12.6267539188976 14.6101263171291 7.48402388775689 13.9883375566315 16.500395908705 7.76125895355272 9.65079780470039 10.7935782825791 13.9491229498317 10.0034765727059 15.4632089537056 23.5844840058564 22.1809650731333 18.1480196092828 12.7759940239901 12.4491011528296
8.14027524185275 9.73230819235166 10.7262309130251 13.7545412354277 12.1702274125455 14.5856188980285 18.5788848257244 16.2801745756762 11.2937036792046 14.353815683285 14.1615110202742 11.9330901113101 8.1459576250281 5.41880400112683 8.15885210185934 9.69726823415613 9.68988704303495 8.24752789646416 5.3338565517847 14.0120439707745 26.1247773221823 25.337881684897 16.6280310711729 12.1304004547833 7.97520310040029 9.02849194450758 9.1319639798329 9.44570767123349 11.5684072051086 14.4075162836062 7.74084680751751 13.3409155294827 6.42641657657821 8.46323448167688 15.8005859247327 15.4751154920401 11.4282739334451 12.459016477569 10.9292592629453 11.7396238174779 15.6023839540817 14.3541969687491 13.0028299925288 19.2771233814241 15.664475044129 14.8495927939446
18.1096630136201 17.7442826160614 15.8169127190184 15.3824765265406 10.5106026838732 10.7453343452 11.6436451855338 10.8679283891668 10.4087592135011 12.0375655682659 13.7100919545478 12.0016937347722 9.01257615676349 8.67255116170442 15.3534387289053 16.6190689610457 10.6026034824045 8.5940952002433 5.43064686634571 8.42888835093883 16.113803861728 16.1171451415318 9.79776361328978 13.9153367689312 15.0341839849104 11.9662187831786 12.8815146451233 9.07561096497666 7.72982174179367 14.4895485054997 6.52771505627879 12.2508124176253 6.93927302363276 8.23369591160031 14.9959562038696 9.19881260869949 7.56776869260531 12.1946526534449 11.2591956907306 21.1715495783091 23.740641210835 12.9117990204323 10.8037617188016 23.185637496663 29.4732082281578 22.9468457331033
29.3871827445636 29.1038381593299 28.5434201196278 28.0276994504182 23.0680084488983 19.4658185351468 15.9402603911887 11.4085082720232 15.2528248921717 13.7597371191148 15.1489564650443 14.9025333186616 17.7807045270026 15.2147347520837 11.1434381547769 23.7449320675014 19.0535690047322 9.86435388334164 10.0549525324583 6.46642362450193 8.69287651770808 9.73998444567375 16.4441527720877 19.8663279975701 24.9375023858739 18.867128992584 12.3100257181951 14.286980506167 14.7449548169887 18.0548676140763 9.02752454579892 15.2008707154596 16.1862183552049 16.9902810558918 24.6612403182872 10.7885191339356 13.0596023834456 13.8517629739798 14.4830888214464 23.8298911843645 31.5501058070604 25.5543168981602 23.7821801873619 24.0279933371763 18.8940062502991 18.0216734055173
26.5944981763688 23.4955439409867 32.0999439195168 35.0046351358522 34.417269362883 34.635870138286 28.0975560861217 27.0813830270957 26.1256036512751 15.3730745191752 10.3478277579207 15.746991448683 24.9106489302061 21.5079262846376 10.2283947244276 15.1213559119167 23.3531178058676 13.2744812552594 9.23222335271089 10.6913087112082 13.3361557781734 12.437491323843 17.6547538997267 20.1633007799159 26.4185290536861 18.0414098509078 9.12169456370767 13.6858087196939 11.7275670098036 10.0932067528504 14.4451153650656 21.958091354828 27.7255976317845 29.1384686809262 29.1723924396462 21.9284995113619 20.1210534050226 8.15772876219661 13.2021837410061 24.0759597737883 38.9376058304657 35.9546129330165 23.548527733231 18.8315868864514 13.3542091574681 22.540831958652
9.17407606069016 17.6083903530018 24.622493518126 23.2110241313055 30.8646868559268 40.8991713903142 40.038139048362 41.8188836859796 34.7759433052354 24.4700608202699 19.4803173287228 25.0757987675735 29.9196155783573 25.2237193423621 16.9833755757759 17.1874444014576 15.1168476844919 12.8460045170056 11.2472897502482 17.1175845796819 16.7300575571424 9.74146587487878 9.98098574244791 12.4940097306924 24.2615963241699 24.9108159123638 21.808406425938 14.1042523521898 10.7502827705503 12.3212331034965 11.0354281714054 26.0280586869654 32.5594268010826 31.5985651447001 22.1521591975317 19.1222533726609 26.1400128264664 16.7452431059878 19.0085756844784 30.6028765409158 39.7446799326041 33.8530602404381 23.3276742423462 15.3862854138605 16.5038709561637 20.4364416374395
13.8568299278253 15.5764654165622 13.9511864666952 9.62922943868631 18.0900821303234 29.3475495802432 41.5366660126268 50.3264384861833 47.4861643113057 41.1029739369802 36.8286230444739 38.070250405998 38.4709675092202 30.9597423131205 26.9900078451565 23.6995572167051 13.5645885110605 11.6593337212773 20.0261539838018 26.3762682153706 18.5183572954024 14.7814725396708 15.6056168987874 18.3473906682652 25.8287566078859 19.5211432576671 14.6184283429136 18.3139162413612 21.2607888030439 23.4298853639598 23.0128790276841 26.6695283623148 38.7869873881327 30.2951727112256 13.4449794370777 6.90494435058743 14.0614758824595 18.4949835521852 20.9499057544271 31.2608081003268 39.0900607055193 33.6014104037429 33.421020155679 22.9176883745579 17.1136854876955 15.3473731172199
19.983528717219 9.36838785492425 10.0681435224053 10.6276997121325 14.3018445823028 17.8576098032386 29.2188141783977 41.1341481999166 50.7657423813138 48.0398781267852 47.1861456437301 43.1385152613575 31.7583476178462 23.4312619550847 23.5214690693903 29.1772467405452 23.8869962640279 22.7842011694056 28.5708683795362 35.5058109515416 30.0272172863356 27.2339396104093 28.7796781669689 33.1238583428389 29.8124540227856 16.8287700793123 7.34966519673602 8.94481423273856 24.1322411087567 40.7953109352432 37.7709906717088 42.0431333643934 47.2847721257347 32.9806426270973 16.2508881580231 14.2501532818151 20.3845842477114 10.3130975760967 18.3184926633507 30.3222733314882 30.5321883469792 26.3381679848973 21.9610906287994 27.7952317024308 18.6330472978057 10.0837473458219
18.4688308286937 13.4589478253046 16.3136808932624 23.0864528097885 7.98906500731389 15.6557288049167 28.3543891166477 39.2038584237593 49.5375472358661 51.4178171985649 46.1567295346642 35.1063364957388 23.5141154174705 11.8378811485458 8.98384674104944 19.8854359367835 30.3296855003543 34.3238575311376 38.7867840382695 43.949396616723 41.0324708192548 39.7143965772037 45.5164240093335 43.3857322356034 35.3374838799337 27.0178754060255 21.8962037712175 13.2991450492361 19.6738407378829 31.5147205427604 46.3296191126573 52.4479756397241 34.1876671227844 22.8667004977217 14.4616521857678 9.53188164940278 18.3743258576533 13.722542487424 21.5253193955117 32.6476587397772 28.2493388871152 15.9254281487336 11.542802064817 22.6798634315267 16.1191330220722 8.05490632795805
19.9189639197826 7.39220831851668 14.8810390467901 21.7524155527381 18.3614821151742 22.0698476654761 30.9875639419967 40.279539940676 43.2486407884471 45.3335506185929 45.5784612194174 35.3508824209301 23.6663805990071 12.658157361257 10.395224958279 20.986410860284 33.8246470928945 41.9006378253577 47.6364697545371 48.7976854502202 48.2425218893163 41.4255479109536 36.4222952394698 39.5199643086454 41.9245850560216 40.846402747358 33.1330870134897 28.5107921887672 30.9550884137861 36.3890231993143 45.3369584913734 46.8809302601848 32.9489732975993 20.5711817661685 9.76306515895475 11.4529375116406 19.7288443445622 24.0242975653908 29.6144464260801 31.2294505237012 19.2965594373454 8.86396701730558 12.1787602626848 22.9169693433848 22.3449576180348 16.8878035245395
20.3874661595963 21.8749227798393 28.8822030642568 36.0582749073943 31.4567832161049 28.4068822030957 33.0828499706385 33.4263232044578 31.4857848928065 34.318007899073 40.5529847079672 39.5245990532603 30.2321026901503 23.1042551053929 22.0117329610111 27.231727326928 36.4275933314161 45.8457925066805 45.1086644090433 41.1904936778563 38.0000034512217 32.152457511736 24.4198100992749 25.8229925235208 31.871643682014 39.3507192235853 42.9883447821926 41.5339609014331 41.1389442469229 45.7154265511461 51.1340425119591 49.8368606278273 33.2591881032165 19.7196810327732 8.74210373174076 11.0653749319602 9.88972980736236 17.5091522792297 26.9293984013107 33.394380348485 23.2736624597601 16.2576529829101 18.9552408819965 29.0285214364332 29.9767566000978 30.9657412364336
15.214195364693 19.966575937214 31.4500669050987 30.3323063524758 22.5829377310071 25.535171304522 34.5324487630547 26.0864018415207 19.2312934050511 23.8284531735748 32.8259964477563 43.7031227522111 43.7758357874483 42.3064194007402 35.6789872313999 39.623967368614 44.890708053226 42.0670328748151 33.2232556743565 26.5345626713158 25.5229979362519 22.6939350712055 13.3549257812406 11.8628366992874 21.5107731583477 25.1748500606721 33.0102708347479 43.378193990972 47.0557179138783 52.3254504171035 56.7041582438182 53.3462455500827 35.80347635435 26.3610587241968 19.4248995633775 17.5516916318305 14.4213872720265 21.8797670951678 27.3254329095911 37.1661079516703 31.8895548781933 28.8649357129604 27.3111659023676 25.5361274878209 24.2256417989372 25.816777760824
