IBR/IBR_outputs/all.combrep_1/EucDistWater_Total.PersistForestCover_Total.VRM_Total/EucDistWater_Total.PersistForestCover_Total.VRM_Total.asc
NCOLS 160 
NROWS 95 
XLLCORNER 210004.651214014 
YLLCORNER 7350008.22228844 
CELLSIZE 4999.99999999997 
NODATA_value -9999 
[rows 21 to 41 of 95, columns 46 to 91 of 160]
-9999 -9999 -9999 -9999 -9999 12.0365187338573 14.1521377001453 19.487301998857 -9999 -9999 -9999 15.7848160846808 32.2081263366808 24.6146010746953 23.1485736176467 25.0630572685439 15.7831479084224 -9999 -9999 -9999 -9999 -9999 -9999 -9999 -9999 -9999 -9999 -9999 25.1039439316723 6.13857810512784 3.24350863256217 11.7500885656661 15.2463861595757 19.4020321259877 26.2564476108334 25.2738119128859 17.3572609533873 7.50086697043232 8.97139169610052 17.0850885583489 26.0866848907882 29.6957207157532 18.0330181409937 5.66178415348779 7.26742099223647 18.9726157400625
-9999 -9999 -9999 -9999 20.9109605292867 14.5567386924831 12.0374181431037 12.0757771316527 25.0173823312875 -9999 46.064204599905 24.7838881078733 12.4934881547791 17.8647574621914 19.5076428092487 21.775971758253 25.9735385112819 26.9461650043128 -9999 -9999 -9999 -9999 -9999 13.5556066865792 31.9221628201201 32.1430894595753 28.6421143138421 18.6858203003846 10.4289164423108 4.75610332729815 5.86397555700215 17.0594990879155 21.2377234075094 20.4896431183991 23.2403672456046 26.4527254405008 20.7018674042519 14.8395172560063 6.42198103164957 9.30337186071845 21.2127948169836 29.5060162852363 20.4291551792958 10.9602897401584 5.16603931952754 11.476884869001
-9999 -9999 45.5400559358197 63.9620996530394 30.3262065423618 11.4708514106778 4.62021591093319 7.18999949650808 23.0031674137013 17.6835755257482 8.80452792165708 5.1186509812351 11.6989472147301 21.8898325778865 11.2357055777661 3.81572638891485 9.73464912068986 8.15163916409868 5.96089447638245 27.6725380409938 14.9541240261293 10.0940715927854 18.168703555488 12.2443221334105 4.8702593656628 8.01673899391511 11.2673055181941 13.544280062334 6.48086486801181 10.0437365549763 13.4756059760564 25.8912339547067 18.3906804705605 8.78633258192585 13.8792135865237 17.7226217549811 10.6432168981344 13.7831109612656 8.41034608741429 11.6401323169922 22.0139379896539 31.3433050934534 26.291306794229 17.7563612239087 8.99263159501487 4.29376315624931
-9999 19.885437523399 10.0443116676046 7.71203812370537 4.96386629993106 8.87210367264912 6.20147400669852 6.20669722073721 17.1001635997307 16.1150626330783 8.39162499487347 5.86383965902004 13.8025581033418 17.1963328543957 10.7099360336869 7.95319544913079 12.5518813567986 4.45691016056669 7.60095159634909 14.8037840423127 8.60547782627082 4.36309547715496 11.5297765107259 8.32832115637715 3.48972607194341 10.8637214279151 19.1050789337762 22.5820284074998 17.4243995865138 27.045953247389 24.7080855923457 22.9704053311508 16.768921731912 8.81673396388495 13.7424827699809 13.8430126680367 4.3031074951165 12.7935673084062 17.2662001978304 13.5883472487523 17.3362528453186 27.2200064021396 30.5218474968649 22.3717512711052 12.3646249055236 5.26333864953094
12.2097728176153 11.0562623927538 3.12276990926212 5.36042611187832 5.2875086580748 12.6547678634511 22.0248565876043 14.8292995422071 22.0631210854199 24.047892896303 17.8722315916329 13.7848510283484 8.16878433765941 12.7117919693623 15.1677755198489 12.6840209798975 19.0322165112827 12.2249424296116 15.5567041523698 13.6011270199517 6.64303805573355 3.6028650347106 11.9184962009045 12.3324044877342 5.2603037020668 15.0223236496737 26.7912241111018 32.4961263182849 29.3594787347267 24.0991437234338 21.3090815739231 15.8790206396844 11.0810787887536 12.6853886518299 10.0130968663752 15.0733544986737 11.5753836854793 17.5917171134292 15.1290638232151 5.01460556710192 11.901780458471 24.292648794772 25.1965670162003 14.3272729624127 10.3848863359301 13.8333803116171
5.06088468222514 6.54515957408003 8.22979250539503 9.01397766101237 11.2649249859931 10.7590249650003 18.6438972275046 24.7012024776566 23.6887944352696 16.5376771777902 18.1337880492697 20.9424032937779 13.9506165307997 19.7105491866584 23.2464991372197 16.8825829572701 23.0407843975736 23.6199121067473 15.5888691530909 6.9014114571542 7.61009229266463 13.9813994600524 15.7418217141024 12.8843803836731 4.46179270686147 14.3039018911726 26.7959624649931 38.1379441499118 38.4635080485177 25.3836937966169 19.2558602512396 14.1197324680412 5.21508265804056 9.88508406194957 8.12860319752462 18.1837869225762 23.9507160371936 24.7488912256301 14.8462788329602 6.40113150891741 12.2291912019256 24.0723290362419 24.1293626172452 12.3833815738751 4.72484032397518 9.20736050723868
8.27561623130928 9.88214642280285 15.0788287136094 17.0508296206285 11.3598502970443 6.7441831368558 15.3734563215182 19.8327910602044 18.994067575349 9.97010105287113 12.8975190851301 18.6315361924735 23.7026230037241 22.0480408223128 14.3128843726854 23.6777953504845 35.3793041398841 36.4716862388153 24.9725823358438 10.5335963123906 13.7793391931408 17.3006636292027 21.8607189920612 13.9071778562536 5.57022395865864 13.0542511457056 25.0733740502961 39.0843886331289 43.6165309889255 31.4176327448185 27.5617062575196 16.8068763215216 9.43765339851543 6.16669460804542 12.3636039127142 19.4219628663043 29.6619098069168 28.1884552262463 15.998710666647 5.74541715262019 9.27607003218478 21.1976422621793 28.0158532359581 19.7781197551199 9.47840724431308 4.88992215823028
18.2995889695117 13.4445363698852 19.5557393652558 13.8102022002601 14.8311989180506 13.8916866196643 9.39459304264418 7.5398972204624 12.9845538271455 14.9263964279828 13.1775899589231 11.3340344769844 21.4063112575742 16.6237835223381 14.498190306606 23.2731558594993 34.1809418899181 32.4803697453789 20.5994406819824 13.4205827671165 10.9291839657971 8.7282021611395 19.9183462976536 16.0528813064628 5.06328918706064 14.9075063581819 27.6795109754619 36.1239086635753 41.446498167311 39.713371593532 30.6707491465859 25.4114792294396 18.3496807382077 11.9097873357809 5.79736843265093 15.4383160722254 28.0291884110767 31.9137322729116 21.1791101226782 9.5663104659569 8.5950718449707 20.6790965075012 30.7069418671423 23.1456934369721 11.4774290631523 4.09669578532515
23.1968161050607 23.5226378619269 17.3403737122004 15.0766820128892 18.6563743285864 10.6364080489817 11.4363284792439 10.8119626242197 8.01402068809487 9.49767832163935 14.4791746497833 19.1106983179487 24.4236317345321 18.3967430273117 22.0193424722469 26.7549749177205 30.5174610219724 24.2064106722963 18.0057691163278 11.8029885426073 7.5450572267078 16.2807729770765 22.0609265829176 19.7998114556988 7.31523043434686 16.6086513094454 22.7127946584873 25.9393266985417 29.6158196998027 42.7998992824014 43.3782353514778 36.4800015227604 28.3850947599724 19.5038714048973 15.882074540797 20.9206215042328 31.4265105384249 41.1488528946153 26.2884878884292 18.0718367825207 17.3483115136448 24.4730612542875 28.8811402778623 23.7795162899618 12.9840105202675 7.79965995817716
32.3840471621948 29.5156719700601 20.786614028375 18.8421676181672 19.5902047205167 17.6206207041139 17.8173658327187 13.665703771334 10.0843025198676 14.7411496050888 13.3783660903399 14.7745379603957 25.1646134645776 30.3079066124498 34.3968710281185 21.8686507753847 18.184547034953 20.5727854439449 14.6563469093758 19.9901737052095 8.58596477393163 4.32170697772069 18.0971032655074 23.2901954522542 15.0312226171986 14.4841681070382 9.55879997462932 14.2929369633546 21.0733256348169 33.7152412141632 39.844723130034 39.7760032299487 35.5668797590695 30.4155773909103 28.7699116759367 34.5171665042061 42.1486868530902 47.3512457073567 35.3382306606207 29.6777793203513 25.5737844200758 25.2096608594223 26.9812983911301 31.6257399118923 26.8070779917746 17.3844350687594
31.8821183548029 30.9882594949586 24.9312036889767 23.8690856200195 24.2958903489806 15.1420672795886 21.1811787285931 20.6042878900007 8.56738077919422 14.3053074165884 13.1867425081597 12.2136829803129 21.1396533861543 30.6619464560403 25.4842209434456 14.5263650401156 16.3123933708327 13.6672279428061 17.0978099646099 20.0392450223624 14.7697931771695 7.90693321701092 22.4373296517752 21.9822506565411 13.2165992853509 12.4800336067084 11.3647801481324 6.45160054856811 15.0512048576753 23.8900456142331 32.6663814594822 27.4666621540054 29.4618452774598 40.1102202445254 38.133825441123 42.9420629649911 47.5052933218222 50.4904405198927 42.8984659331115 34.4285938962878 22.5996534170549 10.6208791693698 12.7643367212513 24.8479662431484 33.0801344005401 24.5991478231589
19.1935539114939 20.2272324953567 18.2549271321068 15.1014283512989 16.5606063089994 16.1885511261481 15.7191604992516 13.9364157988499 12.626591984826 10.3129490877071 11.410553027766 16.6546005865073 16.7514628476548 21.7194079134448 15.632005062836 7.02875614827847 16.3717234755473 17.8064050820807 25.1068816283334 22.5193568172369 9.68691411366908 10.2033489592961 10.5775259535561 17.9429845875418 16.1340611259035 19.9521345088106 20.3692786908923 16.7756800217225 9.77191627564626 13.4635229839566 18.6773310682712 14.504263048377 18.2878939129327 26.2226484537209 34.7696613751875 44.0291490598612 48.7909380201491 49.9339574404105 38.8428537857023 33.6790661478072 28.4106914396625 17.9296958495819 10.6009375462108 18.5877504270479 20.9829497586324 13.8204121120768
17.3252754501716 16.3593698170909 20.0492873060293 13.6942785672182 14.3993616824338 13.0830474157068 11.726041612732 12.5703143171139 14.7037245088776 17.969278147916 11.9179134556266 15.3311805657246 12.6530400511183 14.1436287302084 11.873766147704 10.0094614448605 10.264197212986 27.1988168510105 24.9489186382659 21.2487038565379 11.4614622745286 8.41760865418992 8.01452652675019 13.7467281552592 14.7594941223749 19.6461456278639 28.6261044938749 16.0856623015096 12.5822185263863 7.25879353777736 10.7845108383814 5.63842456712094 10.6368412883563 16.5038088614752 25.0199270187858 36.7155288687298 44.4690289960079 39.7986554273532 31.5602983015763 26.0222039660355 22.973375628106 6.40512811437743 11.572938540939 22.5288743655141 17.5898428809141 7.2565643882867
15.7730290033193 13.0803214500277 18.2235849299736 14.0810256879125 13.5708225004272 12.3285162027031 11.3325234205824 11.1187430204658 13.7626279204633 13.6154803615009 13.2282816000509 6.97742232051042 15.7384066474136 11.8658631116828 17.9261180904947 18.6710802578631 14.0000213230343 27.0849702032639 20.1172451790344 11.9008987521028 9.35302198022954 22.1637115416061 19.1868731788602 11.9691471744084 16.4043677864253 22.9694080369783 26.6100913829912 23.6434721893976 14.5256660788891 8.10201397344908 7.57397399151708 12.8231492555692 7.87491764927106 7.58790044392926 18.5591829569498 31.4090609461523 37.5670605718842 29.178980590025 18.0392896426478 9.49092388058785 9.03486631751858 5.69230630436083 15.9594071291616 20.0116526261266 12.56553905937 21.5459235287691
11.9882429620488 10.2897781712789 11.9893858543638 9.23301636854785 18.7257523658939 17.0827654000977 14.0340669353115 12.9146782688583 11.6547756057377 11.758998077688 12.5016932243215 12.8849384495941 17.2235549154969 14.0858845683371 14.3861120921877 15.7321971630507 16.8593345338531 22.6978156704464 11.8048110578302 9.10476976023648 5.31528533795375 16.5912844712466 18.2693197875531 12.0555367069582 11.341912584072 20.8366167831972 18.2379167399289 23.9664201493516 11.0628768010405 12.265501764401 10.9152577518457 17.8388570486631 23.2933663355513 19.1583733167475 21.1456610624795 30.8508567984985 31.8031444490741 21.5089767947797 6.86372521502167 8.11157582262575 4.8048314452212 5.84755630508888 16.6790772568248 17.9029936382538 7.18150075721869 15.8397008480598
11.5391060552023 9.30454056296563 9.63980605423313 12.3521572780661 14.7671011755556 15.367109121571 12.2788550555181 11.5090969920312 9.66000628851967 7.64251684852923 10.227483745225 11.9553436618186 16.2616821693207 13.4237032006651 11.5612817696435 13.3026872543943 15.4897597325609 14.6468809800706 7.34443017555004 7.73776213253109 5.79472067862862 16.6319221325113 17.7728023636444 15.8631965410916 19.4428164142869 22.0233891431346 19.4559114195204 23.3289004936887 18.1322499483025 13.0882185204521 15.9431487346655 18.9924693746158 21.4022023656508 14.9775656795258 25.9126948305598 26.72912651532 20.2491675223635 18.8258852811879 8.49221378320633 14.635058008912 10.0233602586941 5.31328594804578 14.7888893057127 21.630744953442 15.5416345158572 11.0164224940978
14.6172671054699 13.9425633334556 11.563656984076 11.8048528913224 7.90003310337095 9.1676493602258 11.8779367124929 7.71425113069358 8.79911862589548 6.5057387043075 7.69317542078995 11.7896556574334 12.2038496004777 11.0478070376528 9.37320644243097 10.6662280535068 17.0780341837438 16.6543745814689 20.4013023703074 17.7109397582543 13.8409828066977 19.7759735039573 18.7579477842406 23.1832961469679 18.4327545934969 15.3687982465056 15.944819219637 16.1962411210725 20.7471857156323 16.3307267678603 19.8305000661629 20.6349774186302 17.5686651195171 15.0385731266403 24.5479190949044 22.935001369489 12.5493623335218 20.4767839673378 19.7672599486998 16.6721108380997 10.9513218032787 4.20057265614074 8.18292235879725 21.9152649696674 32.9198348902283 24.0429554583539
17.5188575563694 16.4254532659729 18.085869083192 14.4903336264783 10.6877196428397 9.56548748986276 9.39034517239709 8.09087242416602 5.49414098716298 7.41864473635751 6.66830313290413 7.01855722623686 9.29061336012802 5.89351259328273 13.2944230009551 14.0233468615414 15.1332293604646 15.8972307174502 18.9121001494875 18.2393848776557 13.7002761454117 17.5007269918297 14.5197544165183 22.075759494617 18.5651885947321 19.1459410559987 16.2745572120278 16.4660315588457 23.061035412763 22.9897915570588 24.2151245572401 15.1173991724818 20.4030033852549 17.5730113597978 15.4729864709254 18.7431632710379 24.3809808700848 30.3881734386482 21.0767379075618 8.8454405027868 5.26104709484679 10.5555647591696 7.72568954787653 13.8250986048305 24.1465999772313 31.8810175945779
17.931690493043 15.7046635756111 16.2156769690516 13.507086534618 12.5038577474689 10.1999461365592 11.7896978635368 8.92253741534245 6.25477888836612 6.65637477516666 5.96567808215365 5.21835763131962 9.64086186268236 6.4585384822891 10.6728320552555 9.8354887205088 14.6142470854532 13.6846060602121 14.0469116746859 13.0194297929391 13.6321455356383 10.170977452468 12.4762230784975 18.4546462508544 17.7533075360456 17.5121261797328 13.8511198628488 15.5468970238899 13.6632624506821 17.8230981896418 21.8488035607853 24.273490830874 21.825422129382 14.139080660434 17.2028586211617 14.1176866911662 17.6126002345758 22.7863720359951 17.5092874200463 4.51821037755321 9.80568042558044 13.4494312768173 7.6644752898011 5.88425215499298 14.4726392869715 24.9953212953641
12.3449499870185 11.9118601503115 12.6708717281695 11.1206999127593 11.1927639535981 11.2811937020371 10.0351957705583 8.87976971117109 7.86476968721709 10.3581574360649 10.0211441821296 8.63109811192663 8.36935844832682 5.79737573938623 8.02081270586808 9.67793686441719 14.1151131262258 9.56875904890977 11.7177497128078 14.9758169939759 15.0087978930838 11.734330551133 13.2571007955708 15.0691717422347 13.4167561388798 15.3448561117093 17.5715091656816 13.3327817783393 15.3591412492909 14.4799537917583 16.1403548013912 16.6370528400128 18.4978052998119 13.7479359863857 13.8220907968436 10.3088581995351 11.4267937521386 14.862919513835 5.55557078583393 9.90303578965554 5.81352605231876 11.297028924213 8.92353139980408 5.08708184512052 9.38720758269618 19.4869588740804
16.924677013517 8.2993670687637 9.09304879111893 7.53064166685898 8.73098254544683 10.8902053685293 8.64422674608574 7.24238679313662 7.31569411975982 10.8383010641759 16.5742543087743 20.0364642631248 20.1799301753545 10.6208191730053 11.827755630404 19.4460459857036 21.9838803312359 18.6925067607062 20.0314280730975 22.4965007444117 18.1354690025648 8.9393102917631 12.9203275862968 14.4080723697609 13.6901966459046 18.1630997881768 25.0876019085455 18.3354550793906 12.9486336698077 15.7127333250973 14.8643533273213 17.7361289692018 14.8456131632556 13.6728465070184 14.1233734115634 10.6106209701114 12.2777499394533 15.1184141268594 5.40163794218402 11.3245160849906 6.98022698844006 12.852773939527 16.1868271544717 6.82721776841512 10.3938020071795 9.37827365856495
