IBR/IBR_outputs/all.combrep_1/EucDistWater_Total.PersistForestCover_Total.VRM_Total/EucDistWater_Total.PersistForestCover_Total.VRM_Total.asc
NCOLS 160 
NROWS 95 
XLLCORNER 210004.651214014 
YLLCORNER 7350008.22228844 
CELLSIZE 4999.99999999997 
NODATA_value -9999 
[rows 42 to 62 of 95, columns 46 to 91 of 160]
11.4734479160943 8.09078421953337 9.13523143959407 6.87617268257792 7.11431286177861 8.78935418987714 6.39448509478512 6.10687666589658 13.9056365231516 16.5931775128905 15.3015272868651 12.7457817846703 12.0859384758839 27.1956952848302 21.6044127105698 18.8701774864646 28.8153752841113 29.7609759215215 28.5159638177395 28.3200004411935 20.2138344034976 12.0327880025028 9.7589477457198 6.64426936254913 6.52742690163653 6.03140507034433 14.9460976662525 12.2894548398784 13.6169409705649 17.944001079798 16.1558377579429 21.1620364601012 16.9650356511841 14.2103958130312 14.4890744720915 18.8244401921819 16.0920935172324 12.3069454024687 9.00464312147901 9.29967789465993 6.40741392986008 16.2855117079497 23.5308778916738 14.7203969899093 7.82985882526305 4.94342000208046
17.7156335430279 15.2491370962576 11.9863251969843 6.14426123516263 11.6717200008429 7.85260157167147 13.1200577823649 19.5037996271587 23.5775982069244 26.2021584287942 23.2544642127974 22.9517984251349 17.4662602131927 11.8802564312623 21.8803717836998 20.2062393363968 22.313543283262 24.4669384913501 20.0668232464205 20.5631178161112 25.1850235394078 22.0888568330856 12.2359643347482 9.63656189257511 14.7986293885969 12.8462817124608 16.2448308675751 9.91022795153087 18.3080632038451 18.6285859744594 15.0044705485272 17.5946291490296 15.7854092381753 12.4016530643628 13.0175363983072 18.1027063717896 19.0764487367564 14.3129084269646 16.9211906974161 8.80225596861985 20.3886499728704 26.9966245538769 26.0696105513415 18.8663710723926 8.13871970601407 5.66446663802988
17.8278023826157 18.3886581906858 15.3754406097804 10.1047235790308 15.1762498605918 19.3180122670151 22.0815317298904 23.5878531379036 27.5744264433751 25.6603703067083 20.3155891438429 21.9557521487511 25.891058827927 21.8538851476327 19.3100077600903 21.4783766598418 21.2949320024662 16.9920653996274 8.41674294783254 10.7684189596472 21.0010920906999 24.3718303175604 12.3601380718922 6.75393682859544 7.84715881880629 10.3190594100628 14.4452962446185 8.42035655556969 22.0317250444391 21.1639556198736 16.5948710717079 15.285290890355 14.595340701916 12.4290726204095 10.0592694022055 12.6058475402658 14.146358092476 13.9254507110517 14.6738857459158 15.0350507518401 24.7741199898463 20.7465579642663 19.0413060196049 28.0739475893682 24.9241475750742 13.0248942933895
17.9950684340629 17.6156118763786 16.4177774624044 11.6807740534489 14.9204452151317 17.6310946670869 14.5418047787084 14.5474427158636 22.9669757280927 21.8219394376821 18.4233055616128 21.743757980096 30.2027958460599 32.2159847107112 25.0393250011305 13.4147117243765 18.5076299477423 20.9994981656574 9.95071383254918 12.103205875678 15.9468178129341 16.9480021025828 21.1696214491613 17.6302214371707 14.3629022111916 13.7787901594702 16.7150846779944 9.09107304935949 12.0204237998314 21.7714934372556 22.7756137983376 15.4764993464506 14.696771653239 12.7624705646084 11.7490927836289 9.66235420095606 7.75599278000734 13.6363287925424 14.7914695576325 18.6609304693356 17.2114706866075 17.8198008137588 19.032862017261 24.7257688400108 23.6126448975126 13.6890787169926
28.8689339437922 25.4196062745737 15.4284101393833 13.1576218229361 9.50342583709349 8.40874896690253 5.33235100764175 14.7942425322001 23.7471000905703 25.4995888860894 19.568705743888 22.475180056681 33.459072310591 40.8247921943661 26.8432373699993 21.422229409629 15.2811321124475 18.7490871480683 19.4897869800087 10.0406771283764 5.31256717895025 4.3063596500413 10.4183269109645 15.8922651458665 21.9830127434169 23.554097093129 23.1944824549222 12.6200459015683 9.32054977433635 15.6851075861869 14.6322892204502 14.6692849413925 14.9874006343393 13.0477242244013 10.7154392802834 8.04829449454513 8.59889820266081 14.9237331059386 11.2952177620962 16.6623053962451 14.22942550277 16.3303469817846 18.4740918993321 13.4231629475849 14.9239028797292 6.63408805106718
24.8898249635504 19.4058100801416 13.7603194025247 15.9060875540516 14.6659245960997 9.10405194268812 9.27767351078181 22.7091410872583 16.2327149313044 18.7825615828154 24.2082167736399 19.9231928092087 29.6016824234611 32.9033497301779 25.5122608478448 26.8300135540445 27.9506859528358 25.2396099358039 21.2199444338961 10.9052976553391 10.2393732560734 11.5489745296598 7.07114895902602 5.07885708157113 10.0887108499047 15.6710852877262 19.0471457500617 11.6594377604243 6.35122593563981 10.1905308921478 16.9140719361169 17.681943301173 20.7587275552992 12.2827373946428 8.8362271998607 13.2140057415166 10.8373554600215 8.11118109110527 10.1036051938539 12.5213235891091 17.3953823419768 20.9503971310208 17.6710631863558 14.0569003737662 14.339672731639 15.866012727171
14.4538389203151 10.063630253095 12.2754047000074 19.3443329180514 23.9691568920146 20.8417134835748 14.4940150759834 19.4760534540309 17.9429731544085 13.7591603457534 18.377863340815 13.4063962120639 22.8445648010479 25.5207703847893 16.9188093159957 19.5028942930435 31.5309752852617 42.0127045561332 37.8904440068319 32.0794853488173 31.4801823561561 23.7701095264064 16.3278969315492 9.63272780084644 6.12368785795858 4.59582031323939 9.15612196178592 11.1484477559824 5.74898543960579 12.045143926415 18.961593279362 28.2277194162549 22.2764758201647 13.4490330143942 5.67282375178541 12.6124736322484 10.366728339474 9.04814818118744 13.6934866384196 13.4435177777152 13.5735801961739 13.1214073403192 15.0689508420103 13.6134644485191 16.2800701858587 17.4508595546078
25.189573122365 22.9289561175273 15.5735973409251 21.3081526311973 31.8876860995726 27.8435069055533 15.4838890075916 17.9146505552393 15.5016333014775 10.2967783225756 16.2531839886875 15.1186742685235 22.7777270153106 14.993455551709 14.1323413169493 24.1985975456497 34.9680842881525 45.7109349215091 46.3162291220159 41.8333993459722 41.6809309736249 42.4521399550017 35.7511924776725 22.0974125642344 16.1750800094796 14.1240684307185 15.4654788682843 19.1514257037034 19.9348651361542 19.5323466274097 25.8493347516202 32.1980280717235 24.3215089096153 17.8464907503063 9.62310011675945 6.10960498722952 9.3914252676487 12.2127757881205 13.2395385378921 10.3666364730141 12.9536571673392 14.5961954035325 12.7745967438979 11.9982077240205 14.3812810218585 14.8345341316745
32.6293806821598 29.0469647790741 21.2546595761128 22.2017619535807 29.7310056423599 27.0968774862043 19.3202044741294 14.4858565716517 13.7768539430908 15.44979226033 7.53248161580346 10.0620257168131 17.2017043185978 11.3512828317564 10.8925557225901 19.8024880668209 35.3925193689895 44.7948857115283 40.6350050376247 34.0196177512277 32.8350969783371 38.0612126768097 44.1363293961095 42.0915857112059 33.4253239486101 25.4763682782848 35.1461847001023 37.0875894047028 36.2069418305743 39.5077983698486 44.5605019422325 30.5819733132546 21.546171017661 24.0048655900382 10.5139637057168 10.2362510848625 16.7260398446276 23.3350438054883 18.9612595622055 11.0209273884268 15.3470082353093 18.8303383563932 11.0495934380103 9.61327196654073 12.7234337506873 14.8831591131601
26.4507357693226 25.2921046865986 19.4241948378877 15.783088076258 23.515504880789 14.5037933120937 15.324266694994 17.6401773706257 14.2169206487201 15.0331187415606 13.1569556921003 13.1641699947711 12.5503025541758 6.95230736008478 8.38632536408443 9.87876732143293 21.4101711419168 32.163205177537 33.6453379693997 23.2085251104386 20.8247101680018 29.9987469934346 41.3055821783007 40.9406252785853 32.218377544176 27.3970652244544 32.2383215645992 29.0590943812109 28.3892900276032 35.3674241391892 43.758690265789 36.2769268724883 14.407401998717 18.1732895612497 19.6533457538 26.0287093740654 31.6840140331092 33.7855246985232 28.8959399542585 23.3512098702674 26.7849868633292 24.2194008826418 13.5839472852945 9.4032198350704 10.8992392001731 16.7519253500394
18.4568841988168 17.0061083025642 19.1688656330554 17.1566285952684 17.3827230651896 12.2009645037726 11.5809131939926 16.3542532054145 15.4352815792464 15.7598876958948 13.840063789041 11.8121991112651 12.9304400878777 10.4317440118284 10.5290629652209 12.4333362143039 16.2190710950827 25.7265019247036 31.2284521550099 20.3146502790767 18.5504514248953 28.5955137662905 39.8582003501504 36.5319667086512 18.8590663319182 8.71422676481595 23.9047920264924 19.3201164185997 18.0912188539529 29.5584955191139 41.3613546178574 38.916926539377 18.9721326208315 27.8784121254848 27.0931504901878 31.5448819152219 26.0138694625764 23.2960276588652 27.228152575283 31.4659684402902 33.7490073253114 21.398109387249 10.6349164550155 8.24300743169526 11.4480988763426 9.92233650947441
18.6788753077905 18.2095158962156 25.4395068434328 20.0159478558163 14.4758634492727 14.236311523039 12.805120352973 14.6689197946119 13.8419465545747 14.9606503337347 12.114071067686 13.3162473153357 16.2818408398889 17.169651955556 22.0697691687777 21.3496281744595 14.9089572278162 23.6549764122926 34.4212165285399 30.223922013679 28.909447815624 35.1529416125083 42.9396554324445 36.8819349081352 25.635074941197 18.7096011935926 16.5781728963226 20.5775145269995 21.0645685560866 32.1490696505804 43.9172531038484 45.8303010195264 30.1942095493979 26.0889370702947 40.4298685541815 35.5002646872109 24.7029016771105 21.7660988985984 26.6412969609187 35.4791480630726 34.7235856822856 24.9179490418189 17.0511388445086 19.2736591289575 20.7183090110378 18.2610685157465
18.6275753738227 15.329952423318 22.6780966798604 29.0879872983709 22.8417284592625 13.7495203076904 18.4109041038814 12.2332664908919 14.9625381003572 14.1199509847481 13.466916814493 10.9684001836523 22.8560445638197 29.7098575372732 27.2870558262792 27.1897463339423 21.3794610080552 27.6627194691236 38.8568074743854 41.8539132242228 41.1587464731673 45.0632683068016 49.8750417902833 43.2129894090621 35.1007001548965 26.3374315097006 19.3166517571697 21.9070252618308 22.1736822539335 31.4585846614454 42.0994138865168 51.2450382243791 47.1554962250995 38.4055895653395 35.6849589952839 24.8999767016051 14.5864260383354 14.8535442082693 20.8779014263087 29.2534985641787 39.9772097025753 21.6634782585945 14.9719267371722 24.9375030552201 30.6288758409244 30.6512784808211
23.3243788623267 22.4357562034316 25.5343209430871 32.7009872133763 21.3793190949397 15.0034797801394 21.0243114665653 10.7404823383822 15.0519912027273 21.8665734651262 10.5687410268922 11.513448727468 29.4530980485958 33.7902318112396 27.6635473809012 27.9037013703003 29.6310868772969 36.3842615523699 44.8088117378646 44.2431718679985 45.9928122183235 46.4954061585824 45.897046933421 46.8445767386431 43.039673648995 35.2827557521825 30.0065220704996 20.6611030380089 16.8410528054043 27.8582941883135 40.0486232860033 51.8393432919886 59.8098151243174 53.7140162968614 43.6971237656037 36.1919793781461 28.5893409659858 21.7689491387586 23.7487271547011 26.3253495007375 27.8193477806651 27.2585570839518 22.8092383000638 20.8877685552716 27.1109450775281 25.3004910907691
32.233575937758 34.7159309276462 34.9525523378046 30.2988891083822 23.718470044314 21.9485014065529 26.3607033163188 17.3125982559365 13.4781930446149 23.1514305376707 20.9386814839192 22.4182772884713 26.6347025492622 26.4533279847629 18.4183653872173 17.5156932015735 22.7494684242788 33.4075488468218 42.9131932686734 37.5627490953762 34.4489648344296 34.530724140127 34.0710162549475 36.1120426841467 40.0721070427237 43.5634517894235 37.056539686001 29.0089220044687 27.1341995585916 33.642835435329 43.5899017514823 54.2743377740581 63.5425045430752 58.963115737088 48.7317774078078 40.4387996871768 35.2785451496563 34.0831504269216 26.8181714540695 16.4421191173404 21.3464524445068 25.1998019412811 21.5416646028813 26.8022513491614 26.3933818938755 12.8939169333023
32.581451763602 27.9517616770978 30.1048813189781 35.9888887223174 34.4462727566577 32.4225674779612 32.1263033548376 25.7259158918892 19.0097476912843 25.1632206893312 31.7695831659542 24.5144733718093 14.8938360218695 16.0661786216738 15.0757616289694 13.9063794849967 23.6805268779564 33.7252016531188 35.6498219991889 27.7851008679403 21.724793510057 21.8962069267321 21.3985230046972 23.6752828151385 30.462948618653 36.292999094897 34.3344561898185 34.1419327067912 33.594279338118 36.4045237060875 41.5489142631734 50.9747568955498 63.7468215318773 53.8556536454816 42.6952716084425 31.7694390339013 23.4992568128052 24.7612970984189 20.2215553526421 15.0388448326536 26.4338360747533 28.7938648079126 32.159302444612 32.3883429897097 24.8868099157243 15.4594180019741
26.424020363033 16.9644417645609 22.7783568991935 29.8708018993675 25.0696970349127 20.9414068819408 22.1503566686854 24.6381544337574 26.9928245847736 29.451408312951 29.5829967356425 20.2682192190001 12.2023283721674 18.3381227586331 26.230993551975 25.9852242207732 30.701514706033 21.2126613366207 19.6652840805054 19.3229440554944 12.1145553048802 8.2345586351576 5.91813688155091 15.2785371305184 21.5610331993761 16.4461229095265 23.7322994233973 22.7433919268169 25.1137562722552 33.4507526379296 44.924996371011 52.9367671148723 56.5545349425795 52.5384177690612 40.7684566219441 28.5239045429745 16.9745960947609 19.5720039080462 19.9196215301205 13.6914165248533 23.6197247901728 31.1498809949077 34.247654848637 32.5218381564803 22.3705670800612 22.9504886413465
27.9238350291911 20.4503553264558 25.3785856977107 28.8543320652031 22.813903660116 13.3607608029502 11.7152483387679 14.1246501856759 15.7290056385355 18.2916806979977 17.4329716445336 12.7275950067452 16.3950798188475 17.6280712037697 12.6382452207193 22.1198129694051 29.5860755941239 18.9403017522883 9.49136180802771 16.2730453728659 17.5377771660384 19.8282829722498 14.7022074572956 16.427360051941 7.13702655467597 11.8026949239019 16.0587856706185 9.4020474820813 15.7196897759109 27.1902875577875 41.8058820261788 50.5804767139884 64.0237096359474 54.8346494921908 43.4441738026812 31.9859928646804 18.6079962295791 16.9642110046576 15.4566736535293 15.5683331400163 20.9276924177703 19.1947257513697 22.2270429275494 24.9907404092761 19.5588566288496 19.1610355289103
30.6579604296519 29.8884149280145 30.4809522093956 20.6087468760493 14.3365120274094 13.9328503533886 16.9568470927155 17.7413940117102 13.026324660157 12.8558117267964 13.5045237820565 12.3056490746047 22.4155744377377 16.696407282642 9.05145329681247 24.3310873852793 32.6331855296252 24.9397510237406 22.3102585015997 24.5499903172015 35.9544603192782 31.933885192341 27.4618225198658 17.3448832246782 5.8070679378287 9.97784916717663 15.6873807353679 10.8749905270728 18.6100506838422 28.0864882877309 45.4886985448822 46.530084036659 56.634794790666 54.9972338723186 44.5813674581785 31.9943627440667 11.1621683390186 5.51235658871754 9.84824122319983 11.2784198048884 16.3464305818756 14.907521692912 17.3325918659774 22.9871430238351 16.7941618894546 16.2840813344792
19.02697269134 20.5533791685734 23.8475103557209 19.0308016858997 13.6272809089256 21.3957014661088 26.1752431087265 27.235406979307 18.1317523783228 15.101680201961 21.5617595655087 29.0296107758987 31.0403091787686 24.5829324173152 21.3942958841797 32.0598966139572 38.4232117238417 36.6644705773468 36.8592575128071 40.4725382386069 45.532440124974 37.9805295424579 24.442961761144 15.0700220290025 15.0747501162023 19.9518467463494 23.1028245823645 27.0997040976596 30.8096762099011 35.4599631864793 42.665615943138 37.25105417538 43.4976635894504 48.0169866802188 47.3665709842063 37.6024741018064 29.0836686285142 20.7395052259117 16.8864470590913 16.5122496002583 18.1206175263474 20.8460226401726 25.461046801835 21.7919936350014 19.245193780652 13.6782763414067
14.4726499228378 13.8713614963242 12.9396674434748 16.6190618822341 12.4176717682439 20.0361197562329 32.0261609210807 29.7079718301461 18.0440157816094 18.1719012596411 30.0719920189027 40.3173604191946 41.3880229956917 37.1830710713645 34.8385305256726 41.5110393970434 49.1435060059817 50.2683101306137 48.9877986486886 50.6949960455446 47.6773130612921 35.4258247497251 22.1460587995481 11.8062263102668 19.8032206931873 25.3256163959336 29.7038951365452 36.5451098198418 40.8889356089964 33.701692040977 33.1685680640791 27.186336109833 31.0782177702704 37.6234918456008 45.8843707897938 46.1347783245726 40.3101400791 38.3403778355255 35.4402049972744 29.0377633577717 30.0086250815526 31.5245495845992 24.6881261942402 14.9216392879962 13.5668003317275 13.1802712090755
