IBR/IBR_outputs/all.combrep_1/EucDistWater_Total.PersistForestCover_Total.VRM_Total/EucDistWater_Total.PersistForestCover_Total.VRM_Total.asc
NCOLS 160 
NROWS 95 
XLLCORNER 210004.651214014 
YLLCORNER 7350008.22228844 
CELLSIZE 4999.99999999997 
NODATA_value -9999 
[rows 63 to 83 of 95, columns 92 to 137 of 160]
17.0952325222743 14.9435101565292 25.2745029253394 26.7407221440714 16.3692890649351 21.0347194763325 31.1172569362454 23.2022743104808 17.0211506734212 18.0483879963146 27.1461733486604 33.0495408831771 30.7775204436934 34.7792505264772 42.392236198332 54.4591227499755 54.2082521309944 37.8560391834019 26.1340215698148 15.7501188050101 12.4225280240649 15.3110193913665 7.99723141144854 6.99965953598845 11.278148117148 13.1590158567593 21.4773902320444 31.9754174905588 42.5606542087701 48.7151241652147 56.4517204934611 40.4264822615037 37.8202140236019 33.9973057521664 31.218622991431 32.188253826981 27.1422208741125 28.4849658074507 33.8112884257397 44.7820054928928 45.006055590904 36.682128280684 26.0605516386142 14.8428808966767 13.6491413320155 19.7838321364339
22.985377448911 17.3334733796048 10.2964241435389 20.2955548872385 23.8026110787347 28.5792628487975 30.5538429235512 23.932900720466 15.1913207575305 21.2543420527006 26.6641256726129 15.8257252322641 16.0459468552115 25.028316401089 39.9922491519909 53.0336015456732 56.1798923380912 48.8889811666536 29.5383061150008 11.732670055452 6.00126220798693 15.5402509370765 14.7547333069333 11.8663730110145 9.66634026607495 5.73468265133779 9.42335922582779 19.5660074537429 30.7604279878784 43.1173180159067 42.8506926375568 31.2304396639875 25.5286454734228 26.8341384070447 35.2505621417316 40.0673085712549 40.988615722697 40.3994466781808 47.6648329604309 51.2762745888608 49.0857184400378 41.7664239439022 28.5553970536085 17.7941491555474 13.0106527555573 20.5841529701066
27.6066011961957 11.8183879880761 5.77833848611783 13.469074727234 22.7974912093329 23.1356483685428 20.746606527832 18.9937796643366 23.2451486066505 26.986886147369 25.4272265699927 15.0802407369365 13.5221662552304 22.1191117461136 34.7458886588879 48.9469254900249 55.2046393411041 48.4424477619452 40.5670230689233 21.6269994123505 16.5205018059701 22.2998601256436 25.2022134236248 19.356569070581 15.8674262424501 11.4135808290898 11.9607645627923 14.0148785887815 27.8836154213662 31.7034499760956 29.0265988281972 23.4632861575032 14.6639888468493 17.589450583515 27.3254550657876 38.1975161380976 49.0927451040805 58.2928388861666 53.6941381931359 55.4696335643205 47.5246730228518 42.2535184915997 33.9815845739264 26.7627524328193 23.4916267223026 27.3740328086388
15.8119650658906 10.9361946870991 16.1065187983535 21.0189378949789 18.4768552585478 12.839333989624 14.1120304910814 16.7035388454121 23.0016864355645 28.2189012901465 23.0614349212029 15.2977497112205 20.6538874558609 27.2620094138618 35.2355068746775 47.9396843712562 56.9501740250773 55.867271890857 56.2109093017834 44.5190097667931 28.979960768949 32.4344282932859 44.1144544407891 33.5798302386646 40.3034936769722 25.7284175970058 9.98269896154906 9.12678679492016 13.594438416725 18.5802929142506 13.2498252571229 14.7979084763611 9.61140174060941 16.8618442932769 24.4009994621499 35.4410413647517 48.9440527327863 60.9707859372744 58.4099445908392 45.5396968740001 36.9213423997828 33.5612772458582 33.5196491482552 33.8581647385251 32.5460970723173 34.0185658453995
19.7079948408275 18.9151835706324 30.1523285005635 28.0116056171318 14.642548709184 7.50732026199808 7.97636718211359 16.7549051706687 16.0370770322798 17.4700240633208 17.6319895843105 17.3027932362091 27.3143276708598 39.4242565717615 40.50464086203 48.3962501380933 56.6980947387051 57.3138591932593 64.8347536981379 70.423281990143 57.7521174242917 55.2313012667335 57.4385173603534 44.8595551100003 43.9537031970873 38.0260142546811 26.0833635144058 10.531208852429 6.02711174276796 13.2572963574692 5.20937286067461 7.27634024970617 18.1019085444505 19.0604053511604 27.6500541020219 38.0895512924945 48.7981024484674 59.4632112325301 47.5715805545854 37.092824788806 26.8495939474369 21.4571013338161 20.8437812606564 28.3571045314479 25.2828166271091 23.7036093670287
19.2928597411694 26.0121521611285 19.5396236564817 24.0524290607002 21.6186903631323 13.3830861074445 9.80065631812234 10.8180744835881 18.0637692988624 13.8841297138624 17.7856907202625 19.3427231631925 23.7086234842982 32.2621010255868 45.9906832995527 53.4075898475701 51.0303796921934 55.6898682625305 60.6432662488802 73.231888324105 74.1787908704119 67.2642506554105 81.7407848432566 69.4841945883947 57.6386882571353 44.057453857939 32.2388977322576 20.1905843902232 17.4436397213143 20.5992554405902 13.5964678064044 22.3310924858525 17.0945313640595 24.1301471761587 33.2942009083279 42.9114550739626 52.8467135060093 55.4215356722974 46.177119979595 34.0335428924512 21.3235507007173 10.9148959827505 9.90283836862549 21.6258527701519 17.0591238733541 12.583082980962
29.8379277456763 16.6339224438522 7.86086444859643 25.7991146739142 33.5481136428088 25.0843557503393 17.1958239465404 24.6904728339569 28.1565369206009 19.0716366145223 21.821340824271 15.1072113406086 19.4814899267881 30.4001076988065 37.8374439212951 45.4691880410245 48.3001638283311 47.0376724375144 52.9808170073794 59.8123765837477 108.400365566593 101.626946190357 77.3246310507511 65.1360114006542 62.6905262064043 52.3531155461223 42.7264908119142 33.064053848127 31.3671561103803 31.7144336573594 17.9901656088574 6.59916595073743 12.9520282952307 20.1084858148751 29.5188873659107 40.9093315777517 52.0334208508015 56.182264036019 46.9660635963847 34.3557034129174 23.3477558969253 13.8273550516528 13.5860533139855 21.5761062153571 16.191080212768 14.0666500973861
33.8154966827366 23.5448368581566 20.5203731820322 29.7752510512155 37.9343825508437 33.9005433313167 30.5043761613538 34.3099467261205 37.0521608652108 31.5510636160881 29.6787738647836 24.5364000760497 16.3345358008914 22.360696194838 27.204945831991 33.7722445305622 40.013568224442 40.9422448624134 44.151527139909 46.6508972804099 84.0212216925816 83.855651152941 68.6293498880768 72.5057833809698 67.3993569388646 52.9431839385371 49.4945636754188 41.9768723699565 39.7838762912289 33.6195836205711 36.3644315356002 11.6201314492736 17.7129960665488 32.3633505232295 32.46702940957 40.2724760556266 50.7305075108897 55.8338069584238 49.5716226314166 39.9409806553591 31.7057905650365 26.1668382162464 25.1599215093133 28.9755905588883 23.1440765566006 21.9609272543168
33.4187209000357 29.6556278798949 29.7605760638434 37.8397240392644 37.5900896729398 31.62557640948 31.5694767789141 38.0485038128715 41.3140231926328 33.68049284889 23.1545631489451 18.7846723076563 17.1616456497288 18.7100932202134 17.2887400198576 23.2998547564157 30.1004495321958 36.1192304625891 36.5396736640035 37.711615328631 54.526944592783 51.9587500700877 56.0386153390374 63.477740381008 65.4717135021712 60.7238568212085 55.8021809351985 53.011431694808 47.48858942226 40.7722764526221 55.703388457767 25.3036627855046 19.4155391575534 33.7803141643627 40.8860215172874 42.0009292526552 42.1379587919036 42.0761636506471 46.5827242522139 51.2478399767951 42.4545822857941 37.7706927248666 37.0480807942203 38.7773546390898 34.8322815257281 36.8017690150213
50.7508106684591 44.1744119325216 42.7452205667592 37.2468027387995 28.8454417492969 20.1779461863114 19.1497074875004 30.8487982369543 34.0424810113147 31.9999423012527 21.0578747976215 15.9603999789965 24.9356661509163 19.5548051225663 14.7561793444953 16.7545082644715 19.6241041910545 30.740013397046 31.0867511731442 25.0791974168903 33.9094618062927 34.9138873423739 50.3220547561174 57.0850990280477 57.5591313246336 55.7557411511099 54.2882758854703 56.388999877022 50.4327528726295 41.2289726202039 33.5468519166039 29.4462788641532 18.9682456526639 22.0789747126492 34.8710087922131 38.00611938075 30.4178247941896 30.6246257911739 41.371629131404 44.3966322229549 49.2523621166504 53.5375751326035 49.8128565162789 49.1584499269151 45.7500477744634 46.4329092401432
60.8581071052891 56.8280602256015 44.0827871285806 39.6718628418769 29.7452849279629 19.8803898651114 17.3865432382311 31.1617329028817 41.3712779799355 30.7466550866314 28.3567990429276 26.1992367214387 30.1956609049099 32.19666895204 26.7626826096887 20.6044927160144 20.9652433474906 30.0598273747374 26.7964025773331 21.9215718743856 16.9354791522724 25.332607410123 41.1499107659375 54.8928299166622 48.7795518426816 44.4191917466438 44.0229710620368 47.2885694830719 44.2386840452557 34.0257787067426 27.0947588102089 16.4061074576805 9.91386966630153 18.1700905205234 27.6714368232644 33.7734014701592 20.4807572213166 24.7049009667902 35.0202864879184 37.5178981923973 49.958953724429 61.3279627374575 60.9848501272708 59.5128995977236 58.0630437598423 56.2795667035942
67.7760815895098 64.0379751942749 52.5831799496993 44.922288213841 37.5509122407472 30.6366718735822 27.1460804636797 37.4128613603014 36.6642243092952 31.3570450789418 31.8264493095384 35.309964925405 41.8108112602758 43.0913019181293 33.9146477578728 31.0540935966069 31.8131523910178 28.9107224842246 18.0562567791933 14.3405540319599 20.0812536194289 27.6932514431516 29.4698385649297 39.7758811531764 36.2461258371915 32.1406045766518 32.2207551671446 35.7580486434542 39.5273570688829 29.5203576807568 17.5748353013592 9.78108726814031 12.6617596107841 25.7680918903503 25.632466192395 32.0813437037071 27.6135543627955 19.9720253703251 37.6808951329711 38.6374264256872 47.2729663413798 56.0585452335142 64.5444667249796 65.3021487071855 60.7920712515821 52.7070137953497
79.6728593461356 71.8423286337489 62.5351772808532 54.155439904807 44.2876031032812 37.060231332722 38.9323854869742 34.270927111696 24.7816978389097 18.0454892024744 20.5448311638749 27.8364472116166 34.4555858121116 44.2132396070517 44.1752907183558 37.9017832008763 33.0832663428456 23.8946383853033 14.6872123629885 13.973823420961 14.7241164466892 20.774087893893 28.1044956021968 33.1186457263241 27.8172188763003 18.9177309040558 19.3040138659938 26.4415368932376 35.5343317572827 31.5744818886436 20.0766024641994 13.0688167229342 13.9738767307495 22.7995893807523 29.498625422189 23.5605980132435 16.0372472086163 26.341181190259 30.1174873742468 38.1214736074965 44.6517243207398 57.9282643437811 62.7156604820654 56.3831349607589 51.2425364455977 45.9442973487302
86.0770212504716 74.9894121451132 67.2917509124331 62.9373458517236 56.8766705512623 51.2286059926462 46.1598326581915 32.9196032983229 19.7046350144917 9.86333151043751 10.8617691712129 19.1261320657996 30.0890156651153 42.1307887676898 48.7077000003551 47.6160792615514 31.7749379577584 19.3102220187753 10.168506733622 12.7655285251612 14.779478153261 19.5981873796263 28.5906379396468 34.02194568834 21.6004177618356 8.82812041580782 9.1436226793657 20.8230552474975 32.8533647900066 35.4554757595755 27.952193155391 22.2765114365689 24.2066705951053 29.4429088345407 31.8677510976907 30.286108370165 25.3567210051585 42.727885252423 35.4268707892322 40.3000901287121 49.9474711204136 57.6732388456739 55.2814240731454 47.7946762036645 41.4240876084652 36.7967636589537
84.2984062679738 76.3919881659464 72.9733366141324 71.0346779680019 65.925537541141 56.7522532830883 43.2330857715722 35.3761357668107 26.4590715687213 19.5369635962443 19.6249680206075 24.0177506293622 34.0818216405911 46.2333302835286 46.1783740114615 42.770000703798 31.9993972553529 22.3337072742957 12.9565465529181 14.5424536130664 19.0451612217042 16.4967721561766 26.1030909788628 35.806414106595 24.9900007542524 9.18841373262094 9.60753175528198 21.625154195462 33.7503291824631 42.1196713858924 37.6341391157417 33.6570314058381 28.4099173854954 21.6268307486817 20.4076714440133 26.3696101739144 34.3649324011418 39.0332331956901 40.8827605463966 47.5826920161946 55.0316625468005 59.0641541334184 49.0977825556588 39.8603780813041 31.3004225815124 25.5711797942749
83.8529078522124 78.2587805921591 73.8792205228631 71.14815057894 70.0313899705931 65.9975820994256 58.2135729229498 49.7106097600172 37.7273667976959 33.8138319846889 38.1606515411625 36.0314251844668 40.2296737290975 38.5749135570847 29.247819816331 23.78239978132 26.2716530558285 29.3089991207433 17.0348862226754 13.7802500639293 19.3107306891194 16.447767727447 25.2358676794776 28.0657674078369 30.2342135983185 20.6902591686402 20.4665636972822 27.9381605823762 36.8794976997089 41.2777558236239 39.7120975740424 35.0321975565702 22.9327701159694 11.5472870764017 9.40141520977741 19.3286920641098 30.8136636142445 41.4199312674292 48.0090162006423 56.4232484478244 62.6412402431955 57.035464634847 46.4571710143747 34.0003730884874 23.8796209948051 13.16924628365
75.9963374000592 69.0745919744219 63.7980292557228 67.3265605584886 70.7508609267645 66.4485765785364 68.430987078439 59.2607655825447 49.2001879146139 53.3615785594757 52.0336885412581 53.8813362173906 51.4721601516867 40.5449504036033 28.9163925763952 15.9445057340194 15.4474522982434 28.6718152229603 26.6491192838191 23.3723963451782 15.321332729777 18.3470491235518 17.2662459998036 22.266806591537 22.9745687606676 24.8150160017119 31.2727891354476 35.7282622626048 38.5235623828095 31.3802137340034 27.98012428821 29.777132756239 23.3629921916346 12.6852988616928 10.2508184382578 17.3827040837906 23.3106336456231 32.0540231430111 42.6705204171748 54.5498216035375 62.2350935478897 57.8504623602841 47.0253123535224 36.0242235191172 20.0132566706554 7.81602352391647
68.3773875932196 54.9432401273008 47.1207964340694 44.1346486454153 45.3675565015583 46.3969282641896 53.9989392860194 58.7006565707379 61.2342514210339 58.3034247335993 55.9314556357196 53.6410420124059 44.6612006823827 34.4896262859831 21.6432372335834 16.0038698153991 17.3880125664998 29.2414229326754 37.1734230694121 30.3216015150078 22.458659807926 19.9490574288698 16.0004685422454 20.6685471818685 15.0198232003118 23.7866134693762 34.9995234508724 43.247062253591 31.3886634164125 20.8542947018428 15.7048203610455 19.9226222699844 26.8100032490857 22.6675206757763 15.6485234568782 8.09522517762194 14.8557549179483 28.3915088995151 41.1734932472742 54.2529672813976 62.0827213161445 58.4552436527547 45.6078144256007 35.4562015945678 22.0169778504944 11.9333688304043
58.8657262479955 51.1532086339174 44.1810575551746 37.2134052973193 31.5211667850121 34.722426327507 44.7867743949413 52.5911372060785 58.5658800291521 52.2020754759514 55.6468992429137 54.5826202144099 47.4811263591963 38.1763023814131 31.8530577577684 27.1359044143414 24.3474563760181 33.0141613269982 43.8239461676425 40.0297914617434 32.8871713549251 22.1550375506378 19.8285808441375 26.078208449323 25.3624184099647 22.2127907252863 33.7870189757763 44.3097137569218 35.6038538822004 16.724112264997 7.90816986426233 14.446176449329 26.1247197975985 28.1972409032542 16.8435084767453 8.85355938910932 15.7532670329255 28.2899351622568 39.0939241824972 51.6272256744832 61.8449765960703 59.9020509228829 47.5775990297709 37.5992040229183 30.023781572484 21.7176746599596
47.33699219526 43.2266736381599 36.8710154344824 26.5342223817361 20.1394931191995 29.1785812302995 37.2122112069049 45.4214747817243 53.9623073487423 45.6888142469089 42.3120913398862 44.6094086810687 47.775160695598 45.3639893798856 41.1695114892731 41.5399737672458 35.4783117971555 41.6246126244935 48.4116971656418 50.4730256517718 44.9759930121417 35.3239656112784 24.6104437238153 39.3856678659789 34.9092185382203 28.6954073648634 34.7206489696509 40.8974978858403 31.0155864341854 28.2172026571849 20.9878963796721 20.3285768878021 31.7996896159036 37.5457218336524 25.3651173896745 21.14778862846 25.1019656103733 36.2196054870687 46.2474875206809 54.5682249345109 63.0386373478569 59.2259336032648 51.8175594752145 41.768187525554 32.8178671643844 27.0211081087248
36.8901944738666 30.2024158880863 27.4764988397879 20.0645965389182 12.78583396669 25.0819174285963 33.5742032624937 48.5765612261852 35.9281256954354 28.4568541077776 26.7581262737094 32.4375803603426 41.1693726731075 48.6643496683158 49.511110623561 47.8620370757549 55.4362366365596 50.2720550732076 61.0320321273552 57.5510027695229 45.9535392405468 37.0735497392595 41.9577444677015 34.0357610857405 25.1896878930917 30.4139347026356 34.7184802431678 42.3458999403244 38.403354781146 34.9176727572952 28.259972233517 32.8959930855739 40.8684289029953 44.0120809979452 36.4731867097329 36.7114262036533 36.8415900830039 46.6858543639081 49.6728053312755 56.8461246052499 54.7814642493666 50.2737336956144 46.6365852781698 37.7649892098513 26.2725727805637 17.1327280865364
