0,18.8309208555747,19.7487768648705,20.515303686833,24.1027978071215,24.9870145343234,28.8645882209351,25.2242236129581,44.6148162304613,42.306924208685,71.1432095575051,48.9886379877814,46.3569483292682,47.4751057067771,49.1261582227557,51.4447378983138,41.6907665404557,36.8232932265917,40.2567641423103,41.6098496203405,33.9825214832585,32.2485252477015,32.7520734085511,52.822275645865,62.158430630604,71.5991219218902,57.2464892803356,59.5487273823543,44.1922800249764,44.1496538854234,43.0599700477088,49.0030861555137,55.3268511585635,46.7236309007467,48.8581597558979,48.2096774211765,54.2598886176784,64.7965148847148,63.5486152246449,66.2673102316638,68.1510944943574,71.0288335059508,68.0574030328987,68.4303155967047,67.9615630400712,67.4610268501596,69.8842347915592,69.6134902849831,70.536952909232,64.5101992680315,67.8350480322684,40.0070807536754,42.5323385285828,38.1833611057411,42.062062660939,36.42783645739,38.2938015506758,36.783915789624,29.848530860178,37.2929505843014,32.9921310282438,33.7345547850771,28.6698118740011,40.6401888161175,36.8064982827476,44.1631027687737,64.4676846211657,66.4102665644102,66.1966411055634,65.7136484015959,68.9003335591124,67.7460059267618,68.3088195250102,73.3055281799288,84.1392247152637,40.6347055084982,41.5705004404735,73.6151594536992,33.9412682816402,34.3974275579589,43.3974217528335
18.8309208555747,0,21.4853815489349,18.3476845302745,19.6815186808361,25.3588479448148,28.8118097082275,23.8821130089283,43.6977812807117,41.3917817208784,71.1233502457917,48.0872947983093,45.4507335748244,46.5656401060336,49.2192927716004,51.5081121903869,41.0901637553858,36.2809987446267,39.6722675176238,41.062320482436,34.1816301739076,32.5324530838805,33.0403306574068,52.5922078844537,62.2049638775484,71.6370393710706,56.8641756629286,59.2213490224416,44.3177716259341,43.2603406885141,42.1654182635415,48.1083147761488,55.3724825991765,47.0260631215206,48.9112135109655,48.265952979669,53.3710757134251,64.8024246921034,63.5565164743209,66.2726883542296,68.1432633009553,71.020210961453,68.0473735279476,68.4194461058937,67.9526195975821,67.4558304659628,69.8767857370217,69.606933518077,70.530314409827,64.5026570086236,67.8312917851537,39.7320259940803,42.286621454284,37.9528700361472,41.6525751656823,36.3585546783952,38.2301534243613,36.7009578925748,30.3635767168886,37.6551433243436,33.4571648140927,34.1938665569575,29.2563753487632,40.0507996084694,36.1424798541163,43.6411136424339,64.4817356883161,66.4263896362662,66.2117452990851,65.727768825052,68.8811208633296,67.7272942917791,68.2965799254053,73.2937576990715,84.1106567120375,40.4261939617578,41.3783014727075,73.6063825241431,33.9685754675696,35.0793154196488,42.4531972553875
19.7487768648705,21.4853815489349,0,25.4715252039661,26.6704771170991,19.9296229354423,26.1700826066686,21.5163982865647,45.4955639503006,43.1766263301094,71.688597055773,49.9486948939874,47.3102624006301,48.3976481539583,49.6742159987504,51.9637915573318,42.9616685279105,38.0792159813267,41.5187249849551,42.8711894401366,35.2264335486511,33.4073722621449,33.9359048675273,53.1894098008168,62.7774698069843,72.2040216117792,57.6180018531128,59.9114029542386,44.8416819556369,44.740032145303,43.6397787363476,49.6991294039067,55.9221152763938,47.7338061293465,49.3565258361853,48.6976755333581,55.2564302092017,65.3588185194163,64.112917127653,66.8303328321792,68.7003128540971,71.5781123442789,68.6048213042258,68.9778069852929,68.5142465242371,68.0166496038669,70.4384915786947,70.1679415160424,71.0921193216121,65.0640759162132,68.391908854125,41.263993747082,43.7973349638378,39.4301522047108,43.3419206775141,37.6264320796942,39.5130569931502,38.0204057253858,29.3525350245681,38.5756174288283,34.2344693221293,35.0884447837258,29.9552619045224,41.8838715031735,36.4830287945784,44.4506001398958,65.0421227723384,66.9869260980442,66.7721015115671,66.2879372817342,69.4437535676103,68.2894974078355,68.8587158443732,73.855494760522,84.6754770877181,40.8668611718675,41.8240241788701,74.0848800303633,33.991651601619,35.135476599083,44.2717425004691
20.515303686833,18.3476845302745,25.4715252039661,0,17.2244637174712,27.8005346847648,30.460781550473,26.7253433168081,42.8581691972118,40.5654549195258,70.665669295431,47.1502582614639,44.5220271306074,45.6746770819269,48.7603050939153,51.0759590861401,39.7868482816485,35.0055960475714,38.3830573877294,39.7790702509646,33.0501309466068,31.5086417542648,31.992718063745,52.3065044798272,61.675720127333,71.1215594226897,56.5793869187613,58.9430010531707,43.7623875918479,42.7683879745358,41.6870274441235,47.4897749983031,54.8665504269003,46.1502963505608,48.4985047138263,47.8630879106827,52.3891651894593,64.3283211883474,63.0804769004808,65.7978894807123,67.6818347291077,70.5587274103697,67.587689297794,67.9596951850922,67.4878514123264,66.9882105094355,69.4104923622256,69.1404498078956,70.0631391641489,64.0367314765373,67.3624709594789,38.4936370554069,41.0435943874618,36.7332271588975,40.3653427633177,35.2178054321773,37.0687364383282,35.5176977228742,30.7015230504051,36.5272352873229,32.4012429347309,33.0249530879059,28.2003635550609,38.7852121999794,36.5403053012202,43.4480143741217,63.9958587931651,65.9383560645283,65.7248762818199,65.2420375347182,68.4253333647037,67.271435291975,67.8345151628526,72.831623287481,83.6618217618591,40.2629557923093,41.1951439711757,73.2206303844508,33.9426470362225,34.5305937711815,41.6241187879171
24.1027978071215,19.6815186808361,26.6704771170991,17.2244637174712,0,28.1545539177343,30.4702420237369,26.4858036463056,41.858610464401,39.568501812576,70.3941977181623,46.1582343422793,43.526113343005,44.6784010992994,48.5704186781358,50.8641964261545,39.0449876662098,34.3137000762929,37.6548172817671,39.0829068728033,32.9864389003078,31.4947734873664,31.9856958798871,51.8805746820166,61.4549650710593,70.8940747270451,56.0398472751668,58.4449499830604,43.599003018384,41.8216293182679,40.7377556002188,46.5254149565315,54.6443169424588,46.1351027522045,48.2789241231275,47.6455850936064,51.4055814081271,64.0761893616226,62.8298561375869,65.5453870778327,67.4192994656948,70.2956117973349,67.3234971962962,67.6948869961426,67.2245800109011,66.72776334563,69.1483573309098,68.8789747332246,69.8016220767623,63.7745185275241,67.1031119908316,38.0327685490097,40.6094186805171,36.3095292204473,39.7907564031471,34.9264007066461,36.784935951839,35.219957611027,30.7899949939222,36.5959567152387,32.5339246863127,33.1800171869633,28.424201706732,38.0525585600899,35.92060994359,42.8145619388596,63.75002383806,65.6941005571369,65.479840821869,64.9962486195157,68.1542950544212,67.0007676350447,67.5687544935956,72.5662092287939,83.3837401973048,39.8598217632967,40.8024912204943,72.9560905321343,33.7094610045129,34.7403291288849,40.6009964554056
24.9870145343234,25.3588479448148,19.9296229354423,27.8005346847648,28.1545539177343,0,19.8609856624284,18.9258815690045,45.1244469019837,42.7947660502772,70.9841820193734,49.6524164620359,47.0078320208153,48.066013515656,48.9785866591287,51.2361836394448,42.9520063967447,38.0573456585604,41.5014832132355,42.8539818665058,35.2195092338877,33.3329077646358,33.8848846241756,52.291635676114,62.1503051435499,71.5622100332371,56.7244805594577,59.0081954242676,44.2512143381022,44.0854171880766,42.9752289729006,49.1482518662724,55.2710190653344,47.5200007138252,48.6068646031975,47.9374727048906,54.9942491174234,64.6725573566688,63.4287656747985,66.144784997568,68.000204929589,70.878040646681,67.9027975318887,68.2758311978433,67.8176479239919,67.3231801227552,69.7435503553207,69.4732293316623,70.3981342373871,64.3687434304025,67.6997526427056,41.247838148537,43.7889305639992,39.4059800400353,43.343140922969,37.5626178799078,39.468418479511,37.9907593227593,27.474289190794,38.6191482764706,34.2576674764368,35.2050943213242,30.0350053167553,41.85035461692,34.7548223317618,43.4655259076995,64.3685031960729,66.3156409668204,66.0995603927334,65.6141695012235,68.7373412342161,67.5831737006058,68.1591586688262,73.1560247085338,83.9614221085455,39.8174004882429,40.7993374312133,73.3022884493109,32.7367412713224,34.7331521595049,43.8968981990913
28.8645882209351,28.8118097082275,26.1700826066686,30.460781550473,30.4702420237369,19.8609856624284,0,21.4978383111338,45.9239005717194,43.5843410083632,71.4152410792511,50.5169179793408,47.8673665230941,48.8998515495417,49.4176463922959,51.6434075167286,44.0481728554263,39.1413939414498,42.5908466979852,43.9420555316081,36.3011552211189,34.3594666721786,34.9321098340497,52.5351098933342,62.6546283784654,72.0525826516289,56.9821084666745,59.2518966513849,44.7923401046119,44.6249684095298,43.5066433882748,49.7827385380233,55.7524540241243,48.4221789447838,48.9922444770891,48.3124364735534,55.8878219440697,65.1206194293293,63.8788319002594,66.5935535803553,68.435122270089,71.3130161502148,68.3359035731453,68.7090087370204,68.2560253460623,67.7645066263151,70.183502848657,69.9133811449728,70.8389964718193,64.8083171776442,68.1423203543275,42.327581805165,44.8743129465328,40.4775616499353,44.4416020758538,38.5952401654764,40.5177964061577,39.0535910720197,26.676914210046,39.7481327984611,35.3760469497611,36.3981160603308,31.2076076867061,42.9263998777657,34.0738431908361,43.6375869087675,64.8286377697701,66.7779901259901,66.5607163381576,66.0741598104491,69.1664247597801,68.0123285369032,68.5947409432519,73.5916786039462,84.3833029473145,39.8949482878663,40.9035701449248,73.6554310768153,32.5756661185822,35.5161736566711,44.6969342546271
25.2242236129581,23.8821130089283,21.5163982865647,26.7253433168081,26.4858036463056,18.9258815690045,21.4978383111338,0,44.1087213420404,41.7792541918855,70.9160482239383,48.664861782905,46.0145056341127,47.0645258852141,49.0389527881049,51.268659832149,42.2899697159004,37.4454085290917,40.8525982583801,42.2380279318162,35.2528836265806,33.4548592840815,34.0050384209364,52.0116046576359,62.1448489911964,71.5494348827171,56.2655372914639,58.6146467372707,44.3278366448913,43.0493921714241,41.9303498165206,48.1274757795879,55.2687120789568,47.692421474425,48.6317543369386,47.9682031733051,54.0246169765767,64.630854689342,63.3889786804889,66.10234185389,67.9451553660728,70.8220725738401,67.8455586426941,68.2176156675757,67.7606875244727,67.2699754974096,69.6880145953925,69.4186802578719,70.3433609893802,64.3131703029114,67.6479716891577,40.8743795711964,43.440561351492,39.0723280927254,42.8513050117032,37.3760389972867,39.2834060175902,37.7864739653371,28.572035061174,38.7778962758993,34.5079709662709,35.4229916834797,30.3670669676561,41.1941456643559,33.8157462086483,42.8372683454949,64.333915932938,66.2830227982691,66.0659931524661,65.5796883909592,68.6703085319994,67.5167022458206,68.0989312479701,73.0963220197927,83.8849798738987,39.5847492846447,40.5829631808037,73.2614757905621,32.8594463509736,35.3406750510049,42.851784290152
44.6148162304613,43.6977812807117,45.4955639503006,42.8581691972118,41.858610464401,45.1244469019837,45.9239005717194,44.1087213420404,0,13.3653820742044,78.9250651324939,31.471179584263,28.2063937025912,25.6614226904828,58.0926690184906,60.1690028335581,43.4071281065732,38.8609105049803,41.9327779340065,43.7229539856844,44.0986020068984,42.8164375678949,43.3973280149037,58.87277192227,70.6109862301629,79.9685073061075,61.4784557436443,64.5040746498552,53.3794324808278,39.5949586041834,39.0252844740426,39.1552487402524,63.784510819037,57.3093638961427,57.5169189745614,56.9189215155886,39.7864558963582,72.8516227036879,71.6237036428818,74.3153024705914,76.0677564692327,78.9361257983501,75.9514835461392,76.3144095114118,75.859396044329,75.3978628699602,77.7970051749241,77.5363312383011,78.4577547949772,72.4224724772589,75.7867099304156,45.4640019819001,48.4020473404078,44.0673627651822,46.2456996642019,43.900186986658,45.8920180469382,44.2450536927809,43.634950654371,48.7517987695348,45.0064990456361,46.0304667367213,41.4909888737002,41.6557561850755,46.3541628216243,48.3314431799953,72.6002830720335,74.5637818230826,74.3399775299664,73.8471745466654,76.6934571566954,75.5449361746313,76.1726676841462,81.1747611747708,91.8350666034925,47.9138907852921,48.8497142465883,81.6991442513589,43.7531332584676,47.3024717289521,28.8220560196271
42.306924208685,41.3917817208784,43.1766263301094,40.5654549195258,39.568501812576,42.7947660502772,43.5843410083632,41.7792541918855,13.3653820742044,0,76.5216889562059,29.5984359058007,26.5440686449475,23.8661637408154,55.7176011261095,57.7853031359839,41.2584188564268,36.7027820952412,39.7824384063469,41.5651037477919,41.8244904760164,40.5304520899565,41.1131387206346,56.4096913284623,68.2356700425561,77.58893285209,58.9683283039776,62.012703406209,51.0229788744242,36.941151651234,36.3983117911223,36.2059357424805,61.4054709908919,55.0067787893181,55.1293410246867,54.5312562819739,37.8085053512653,70.4577360642196,69.2306133564659,71.9213321551112,73.6684689036749,76.5365983467253,73.5513611820568,73.9140319576287,73.4600746778877,72.9999682757517,75.398291714639,75.1379087614366,76.0593773714396,70.0236937680697,73.3893743276335,43.2549504748528,46.1877285971074,41.8507933478031,44.0584782018992,41.6545254106876,43.6471462465259,42.0041516371296,41.2816752495572,46.4672834556454,42.7153232411692,43.7429202351733,39.1967378878667,39.5074027641753,43.965528689788,45.8383732859929,70.2101380089718,72.1744976954377,71.950256608914,71.4570303806946,74.2901251898397,73.141768873045,73.7720724292553,78.7743179719176,89.4282072296789,45.4801989918393,46.4160174274344,79.2949126608928,41.360189410899,44.9794422209609,26.9371652526629
71.1432095575051,71.1233502457917,71.688597055773,70.665669295431,70.3941977181623,70.9841820193734,71.4152410792511,70.9160482239383,78.9250651324939,76.5216889562059,0,83.7091329005944,81.0685722406273,82.0041383841477,61.0683050837965,61.4658084979646,76.6814144558798,71.3925570375221,75.0970714335731,76.2496390352416,66.7485056727167,64.1936963558107,65.1884761803169,69.9135959645236,57.8119035932978,63.876192832396,78.1603910866378,79.4128517612463,58.2897822325237,76.6748679729952,75.6636888048573,81.8473291870083,52.9792466510969,76.1674850716061,59.5689826984888,60.3011180927147,89.13448877786,46.7663861174358,45.9064719192224,46.2060790403062,48.7299803977893,50.3434198043704,48.3281206032227,47.3629510544326,36.8066217704229,38.6118813911619,37.6796270347126,40.2871470026696,37.573662244194,33.7705086965151,39.614425795346,73.2230406573297,75.7624923937681,71.0400016054019,76.1787852433182,67.6683804881817,70.0332925461438,68.9459002644898,66.390587666008,71.5401091603258,67.5324153303409,69.3301737532787,64.4766524541382,75.3860596231431,72.4907641355935,72.2248677911946,44.9434319075648,48.1011997084502,47.3762290994827,46.4240821107214,41.7022565996132,41.5207079774558,36.5987296766337,43.1617829144574,58.931340708569,65.785651046928,65.7384180534472,81.8690747068404,63.3032570344755,67.8186264234174,77.9412805134999
48.9886379877814,48.0872947983093,49.9486948939874,47.1502582614639,46.1582343422793,49.6524164620359,50.5169179793408,48.664861782905,31.471179584263,29.5984359058007,83.7091329005944,0,18.7291120048588,27.4465838189899,62.7251394982719,64.8577475571398,46.10094211827,41.5474213640199,44.5892189493749,46.4403069178746,48.0182553217588,46.8330344441307,47.4038460060771,64.0577199537,75.2181310524013,84.6036524506705,66.9284563092127,69.8521483990319,57.8776161216946,46.179321200238,45.5060521508069,46.8213183528828,68.4205722246643,61.4480506627226,62.2337726664473,61.6398127626989,32.6361212006683,77.5789683804847,76.3460614454155,79.0428097177526,80.8287562727693,83.6983674985345,80.7175989079306,81.0818421406245,80.6192064648586,80.1489891815983,82.5529890966799,82.2907036481427,83.2116079627115,77.1789503503326,80.5343999365099,48.727936075115,51.7296293089828,47.3999498986442,49.3187725474906,47.5085405913337,49.50255064631,47.8234583071437,48.2606272795924,52.7890027381376,49.1046795462264,50.1149763735549,45.6323559014339,44.0935082738932,51.3093027010563,53.8014247519963,77.3031324335395,79.2612175407587,79.0401877922574,78.5500770280742,81.4780782997467,80.3286617347115,80.9402961134506,85.9415603427964,96.6411278950489,52.9946873963611,53.9208501944312,86.5167723900878,48.6044154980154,51.6515955863305,35.9678389808075
46.3569483292682,45.4507335748244,47.3102624006301,44.5220271306074,43.526113343005,47.0078320208153,47.8673665230941,46.0145056341127,28.2063937025912,26.5440686449475,81.0685722406273,18.7291120048588,0,23.9698193924187,60.094752625606,62.222375464234,43.701156961597,39.1651710781489,42.2031065267181,44.0484329402641,45.4561697960497,44.2601603533566,44.8315382433705,61.3807462714709,72.5929066318016,81.9758778381119,64.2322433264236,67.1629498997092,55.26058695208,43.382947891207,42.7122548825841,44.0011363294519,65.7922513426593,58.8630410038304,59.5956174466761,59.0009415974338,33.2386717790778,74.9429975186664,73.7105188285597,76.4068628437818,78.1899148488075,81.0594463147629,78.0783301839231,78.4424892558538,77.9806115584103,77.5111139107761,79.9147247753712,79.6525558527264,80.573529355191,74.5406347683061,77.8968130555215,46.2561556684243,49.2475925033692,44.9196055267946,46.8691997096602,44.9919085190115,46.9844639065708,45.3089093759952,45.615308020278,50.2097737133715,46.5179466230093,47.5277197378095,43.0386827091571,41.7701650231121,48.6272607344939,51.0931252528047,74.6693779469617,76.6279306137686,76.4066582675148,75.9163117181002,78.8373852309156,77.6880316561237,78.3010464933001,83.3023692471578,93.9986619012128,50.3189588239787,51.2468196592993,83.8704747218597,45.9443494576271,49.0384596005418,32.7961945998436
47.4751057067771,46.5656401060336,48.3976481539583,45.6746770819269,44.6784010992994,48.066013515656,48.8998515495417,47.0645258852141,25.6614226904828,23.8661637408154,82.0041383841477,27.4465838189899,23.9698193924187,0,61.092400607843,63.1981373332424,45.4035518330947,40.8556398826936,43.9111328322937,45.7328495313757,46.7262078041304,45.4944228697017,46.0699752285503,62.1614524140766,73.5977259266766,82.9698525312131,64.9059623834303,67.8781957882149,56.3091503367704,43.6308357466258,43.0059559988467,43.769980246565,66.7863018986436,60.0510497780916,60.56072165099,59.9648112121168,38.1006670203746,75.90107631667,74.6705536328659,77.3648421669892,79.1347784586747,82.0037971085732,79.0211764087332,79.3847910979966,78.9258028648902,78.4597356694566,80.8614147294669,80.5998986977685,81.5210522706323,75.4871394902294,78.8467887717494,47.7541909481117,50.7247336859582,46.3930193014126,48.4370754034337,46.3680438858123,48.3607918330752,46.6971371290857,46.6292355251394,51.4397372775597,47.7260076194648,48.7424717849205,44.2325528831112,43.5254591006169,49.5208575388159,51.7703969200677,75.636956230972,77.5976295077693,77.3752731299214,76.8838750814256,79.7728162884427,78.6238273219317,79.2431560531773,84.2448161864314,94.9256202498781,51.1480914083976,52.078852432108,84.7956452837603,46.8665526180402,50.1527974555341,33.0553630958108
49.1261582227557,49.2192927716004,49.6742159987504,48.7603050939153,48.5704186781358,48.9785866591287,49.4176463922959,49.0389527881049,58.0926690184906,55.7176011261095,61.0683050837965,62.7251394982719,60.094752625606,61.092400607843,0,33.2820799250841,55.0625566961308,49.7416480446714,53.4736225496389,54.5980941225079,44.4253848526192,41.7137946592051,42.7314931079743,53.2003318529567,51.0093048419856,60.3114300998513,60.9570349067557,62.2664289933585,32.2279527006282,56.3085764804772,55.2674210861361,61.4516390024429,42.6419891883906,53.351693994769,34.1739847624723,34.3285064888396,68.083068359119,53.6836684881285,52.3805946507341,55.2234128885611,57.461945368225,60.391343673799,57.4478567898651,57.875096793092,57.4649592888539,56.8330209143943,59.3513178357933,59.0291580600742,59.9871022354934,53.9682366846342,57.1609310899069,51.3583954715532,53.8692609899299,49.1463182109151,54.4056266113206,45.6751648621765,48.0151042686978,46.9342863372497,44.0837285092001,49.1043406810914,45.0203628735063,46.8994344285955,41.9793277085614,53.7850971466744,50.9533127263604,52.1705464710956,53.348691808062,55.2507939112818,55.0509852320744,54.5806764596751,58.7244870074991,57.5427026123906,57.9201052400078,62.8897886802496,74.3063530269993,44.9064378630477,44.9969193461202,63.8558845564587,41.040400830177,44.7729936721434,57.0640825776875
51.4447378983138,51.5081121903869,51.9637915573318,51.0759590861401,50.8641964261545,51.2361836394448,51.6434075167286,51.268659832149,60.1690028335581,57.7853031359839,61.4658084979646,64.8577475571398,62.222375464234,63.1981373332424,33.2820799250841,0,57.4925277993433,52.2032418682844,55.9116171915153,57.0571197224887,47.1692726375244,44.5146041647859,45.5034461128438,53.8662616796019,52.7213995098084,61.7444202167463,62.0208314602499,63.2273185666907,37.668815155891,58.1971677043311,57.1579449283257,63.3857914640875,43.9975338184018,56.3187848277827,27.3302476473516,29.3300728596648,70.2421829044944,54.2211666137568,52.9586630730034,55.8007159426113,57.7502219176987,60.7010638163149,57.7096575582015,58.1600877628811,57.9243496480725,57.3316094834952,59.8420525743724,59.5093082070536,60.4968526832644,54.4459691698455,57.6789193822864,53.9705901469464,56.4902439113896,51.7877013952586,56.9396210927623,48.4399475984646,50.7566808036859,49.6499220785482,46.3048589972201,51.7880759664231,47.6916654700343,49.5240478001013,44.5928578529587,56.2158803477034,52.969057125739,53.7391067479731,54.1821990886788,56.1257902230611,55.9023705440363,55.4087425905722,59.0284821489036,57.8384648897097,58.3371346904347,63.299555850728,74.5233421716434,46.27980833994,46.2708621117961,61.8566407925114,42.9346036424606,47.4107873872138,59.1440485655936
41.6907665404557,41.0901637553858,42.9616685279105,39.7868482816485,39.0449876662098,42.9520063967447,44.0481728554263,42.2899697159004,43.4071281065732,41.2584188564268,76.6814144558798,46.10094211827,43.701156961597,45.4035518330947,55.0625566961308,57.4925277993433,0,18.514070224464,17.3663092123876,20.1557759306156,36.3367936265832,35.8042563902393,36.3513959727421,59.1790093847078,67.2530229566034,76.7936024019907,63.2302537069775,65.71604304629,49.4168133358575,47.3543418162015,46.4151006968785,50.7496423327906,60.6414367433248,51.13055518463,55.0331069548665,54.4799359059009,50.4599120357654,70.2681514490055,69.009081977343,71.7308591277654,73.6934228271791,76.5681678592368,73.6084679110059,73.9781369767256,73.4702181958146,72.955780246153,75.3838170062562,75.1142064639941,76.0311103371679,70.0128284642702,73.3235045344696,30.9991522827838,34.6570599044179,30.3308276302479,29.4381620815035,32.8556049881428,34.945165479882,33.0345878446936,41.5064377399012,42.2317577524018,39.0087798681773,40.1016003613674,35.9949492103257,24.0675684637563,46.4661703404907,50.5464259026043,69.8577312172934,71.7872366504495,71.5810141755806,71.1052915954096,74.4575737207358,73.3041668481084,73.831471291752,78.8290357776702,89.729558513166,47.9198202789929,48.7611493969893,79.8077242852166,42.6292474160501,43.0790806851027,42.7059489046041
36.8232932265917,36.2809987446267,38.0792159813267,35.0055960475714,34.3137000762929,38.0573456585604,39.1413939414498,37.4454085290917,38.8609105049803,36.7027820952412,71.3925570375221,41.5474213640199,39.1651710781489,40.8556398826936,49.7416480446714,52.2032418682844,18.514070224464,0,13.3527089198077,12.8528321012879,30.6358819313578,30.1737430710857,30.7358133018513,54.1275143915398,61.8568141017146,71.4167061527092,58.2643629423014,60.7211699987566,43.9880506110672,42.6878859391547,41.746331614095,46.1247828610375,55.2743209304787,45.5613732695972,49.7651298924244,49.2207901764501,45.8839573244178,64.950795326396,63.6888027707924,66.4129366480962,68.39542863146,71.2704484893898,68.3132600262831,68.683215036322,68.1690920091683,67.6499998624631,70.0804087282246,69.8102259515234,70.7264021594811,64.7098619826672,68.0158200761538,23.9649998803782,27.9975365560135,23.2437224067498,23.3200611924865,26.256638215137,28.456161472683,26.5520108813436,36.4913602123593,36.7811189111588,33.6265126858476,34.7860134993698,30.717957205964,15.0053061254684,41.6037500294634,45.660791007938,64.5239329053157,66.4501924445546,66.2456883037117,65.7716398582597,69.1704437921544,68.0167423887639,68.5346515311806,73.5319431981188,84.4538283991875,42.903805087169,43.7318651882038,74.5837415473911,37.5891858322361,37.8490910395159,38.1975011263189
40.2567641423103,39.6722675176238,41.5187249849551,38.3830573877294,37.6548172817671,41.5014832132355,42.5908466979852,40.8525982583801,41.9327779340065,39.7824384063469,75.0970714335731,44.5892189493749,42.2031065267181,43.9111328322937,53.4736225496389,55.9116171915153,17.3663092123876,13.3527089198077,0,16.4217025642986,34.663777811277,34.1465135912136,34.6998553921802,57.6559687817348,65.6403605779791,75.1861805347833,61.7252930741983,64.2053079562801,47.7980677285631,45.9047181215819,44.9665943003979,49.2942680084532,59.0371880256399,49.4847749036409,53.4580009554608,52.9075332633431,48.9180100415085,68.6766533819885,67.4168201102557,70.1391717249165,72.1069605081838,74.9817495651668,72.0227203234568,72.3924343532582,71.8827880129843,71.3671605136982,73.7957878921564,73.5260508143056,74.4427382535946,68.4249242547458,71.7343939169159,28.9256175117421,32.7281611968828,28.211982020088,27.8505748378683,30.8788645748732,33.0128972615608,31.1113384429166,40.0154875165687,40.634581928792,37.4296620308907,38.5459788221935,34.447702752694,20.3470929981334,45.006091389316,49.0638593733773,68.2618024918438,70.1904543231694,69.9846871728308,69.509408606476,72.8737673653748,71.7202975344799,72.2451496214048,77.2426558895249,88.1486588701217,46.4106534976221,47.248300083119,78.2429844044241,41.1210575083238,41.5342875163339,41.2608994523334
41.6098496203405,41.062320482436,42.8711894401366,39.7790702509646,39.0829068728033,42.8539818665058,43.9420555316081,42.2380279318162,43.7229539856844,41.5651037477919,76.2496390352416,46.4403069178746,44.0484329402641,45.7328495313757,54.5980941225079,57.0571197224887,20.1557759306156,12.8528321012879,16.4217025642986,0,35.5047375919125,35.042123318009,35.6003032983477,58.9641464045322,66.7237580028903,76.2817411097421,63.0971665026741,65.5549742788975,48.8555362027574,47.513813070932,46.5710384103023,50.9608834229872,60.1379055185409,50.4301667506335,54.6169043250396,54.0714188090056,50.7996543379845,69.8101623346115,68.5484313509962,71.2723921046303,73.2530847115457,76.1281052229326,73.1706789602132,73.5406354010907,73.0271642310362,72.5084644333939,74.9386876007759,74.6685350965904,75.5848004039676,69.5680926880258,72.8744490153107,28.9253117690525,32.8716400907374,28.2891803139259,27.6612116321886,31.2804511818063,33.4470297920177,31.5282689578718,41.3052640986975,41.6212576333141,38.4617859510036,39.6101067418915,35.541143615074,21.5761089555628,46.4127660985817,50.4854388221743,69.3848949318746,71.3114501330645,71.1067863071916,70.6325819178118,74.0272938554191,72.8736061108773,73.3923535760805,78.3896577783955,89.3097239107126,47.7333700946493,48.5627663322324,79.4326447132011,42.4145272327773,42.6783163202143,43.0393520699036
33.9825214832585,34.1816301739076,35.2264335486511,33.0501309466068,32.9864389003078,35.2195092338877,36.3011552211189,35.2528836265806,44.0986020068984,41.8244904760164,66.7485056727167,48.0182553217588,45.4561697960497,46.7262078041304,44.4253848526192,47.1692726375244,36.3367936265832,30.6358819313578,34.663777811277,35.5047375919125,0,15.815918220965,14.5000937211499,51.3180141936892,56.5045349545534,66.1747384624174,56.4415088175718,58.5439179689662,38.0116548430583,44.6912921651015,43.6636878305141,49.1544983395002,50.0241403302006,35.0043078340417,44.8703581464586,44.3498283382633,53.0338222193388,60.0781762444505,58.7958718067534,61.5408550133243,63.6600582100143,66.5398800539044,63.598701565505,63.9737287609489,63.4275743110008,62.8733959584591,65.323353086105,65.0467614110143,65.9606970731309,59.9548617289514,63.2253123520391,30.0058124084223,32.0799536464798,27.5287806950619,34.0668157040849,23.558321904327,25.0234933568503,23.7259555214487,32.5392227505695,24.025389912445,22.7270527415087,25.0604417997621,21.7995841136722,35.0990432775191,39.9278369623662,44.4961400035159,59.5524282340439,61.4569106502439,61.2635425375842,60.8003003986155,64.5296244430472,63.3724395710337,63.8247692737935,68.8188019055283,79.899801838058,40.0978523947024,40.8188445724033,70.144643572506,34.0666293767661,30.7574827117677,43.0836963649922
32.2485252477015,32.5324530838805,33.4073722621449,31.5086417542648,31.4947734873664,33.3329077646358,34.3594666721786,33.4548592840815,42.8164375678949,40.5304520899565,64.1936963558107,46.8330344441307,44.2601603533566,45.4944228697017,41.7137946592051,44.5146041647859,35.8042563902393,30.1737430710857,34.1465135912136,35.042123318009,15.815918220965,0,9.64329225654227,49.0466037097975,53.8654669049906,63.5459145939239,54.3240906706876,56.3729833105852,35.1877143990898,43.1068965730563,42.0730197432496,47.666029743555,47.3810919094236,29.2335402083485,42.2382519971057,41.7182026069271,51.8972917142475,57.489967563352,56.205023677214,58.9533034726561,61.0900839200897,63.9708741033033,61.0316226229098,61.4076727109933,60.8586855832365,60.2996287751811,62.7524996962912,62.4747716301914,63.3887787641208,57.3841442948967,60.6496648668379,30.0108549704252,32.2252800469912,27.5621281688324,33.8788917211933,23.4455236492747,25.2441818875833,24.1274898484098,30.330097907954,22.8715428557259,19.9037112524195,23.3440926720297,19.3347822435494,34.5603010167464,38.0019695685913,42.5083149864738,56.9536561899674,58.8554710214695,58.6634058123853,58.2014218033958,61.974212218944,60.8164091691494,61.2601834304956,66.2536285422527,77.3565865856229,37.8559092782482,38.5537560795004,67.5974123012525,31.7598868407989,27.8233526513892,41.7876404770806
32.7520734085511,33.0403306574068,33.9359048675273,31.992718063745,31.9856958798871,33.8848846241756,34.9321098340497,34.0050384209364,43.3973280149037,41.1131387206346,65.1884761803169,47.4038460060771,44.8315382433705,46.0699752285503,42.7314931079743,45.5034461128438,36.3513959727421,30.7358133018513,34.6998553921802,35.6003032983477,14.5000937211499,9.64329225654227,0,49.8584586792317,54.9405501856369,64.6066405742624,55.0863298117012,57.1506380425435,36.3143007014221,43.7277882689557,42.6938888972384,48.2755584079881,48.4354284797586,31.3896161263496,43.2081269006667,42.6795798892059,52.4638376165017,58.5059261183918,57.2231999379421,59.9697339979058,62.0913605931357,64.9719873644873,62.0308001731727,62.4066830277541,61.8625654200404,61.3069926900414,63.7581069628728,63.4807827779285,64.395371020403,58.389406222652,61.6584593724771,30.5917755480526,32.7806665379089,28.1642771520562,34.4294726016111,24.1960211082301,25.9102500275043,24.7256746873631,30.9562499462031,22.367064518824,19.9088385742568,23.4363038397724,19.6149936151581,35.1191937018729,38.630319328661,43.2099390263401,57.9820939182993,59.8863474181753,59.692991142801,59.2297488369486,62.9675409326467,61.8099368086774,62.260829311405,67.2544614603775,78.341381580296,38.6198636492428,39.3290410916921,68.5342066408109,32.4952787415798,28.4890172732626,42.3667039613414
52.822275645865,52.5922078844537,53.1894098008168,52.3065044798272,51.8805746820166,52.291635676114,52.5351098933342,52.0116046576359,58.87277192227,56.4096913284623,69.9135959645236,64.0577199537,61.3807462714709,62.1614524140766,53.2003318529567,53.8662616796019,59.1790093847078,54.1275143915398,57.6559687817348,58.9641464045322,51.3180141936892,49.0466037097975,49.8584586792317,0,65.1835467159386,73.9843216860618,46.2323801250428,44.0414250624784,50.8854506166283,55.2023468071212,54.1935173924557,60.7873067204131,57.8876787131099,61.8334327996958,50.6060759068889,50.0842727239434,69.6726755870893,64.9733011295934,63.8519871435412,66.4395523511974,67.4644248659411,70.3140332920671,67.2392513313037,67.5828850449495,67.3253715636869,67.0414102233348,69.3446116812246,69.1125623452802,70.0509534559576,63.9573822213881,67.5013610949515,57.0639534208179,59.6568689834484,55.1020865017513,59.4373634092819,52.6813704355193,54.8305730369388,53.5350635673426,47.6494983840342,55.60339917479,51.4694150463744,52.985911042523,48.0332040468847,57.8950362882862,52.1535337726169,47.5532688636755,65.2413635551095,67.3158434559133,67.0352406140572,66.4872735946882,67.6352228531818,66.5005415039624,67.4767689046641,72.4925321301655,82.330820323921,41.0020077847617,40.2014045441466,71.2815594484307,43.0985194993695,51.3612281095638,57.9022565188059
62.158430630604,62.2049638775484,62.7774698069843,61.675720127333,61.4549650710593,62.1503051435499,62.6546283784654,62.1448489911964,70.6109862301629,68.2356700425561,57.8119035932978,75.2181310524013,72.5929066318016,73.5977259266766,51.0093048419856,52.7213995098084,67.2530229566034,61.8568141017146,65.6403605779791,66.7237580028903,56.5045349545534,53.8654669049906,54.9405501856369,65.1835467159386,0,31.6893697489607,72.9261518823647,74.2876202450423,45.8525476057417,68.9174988552022,67.8924827051178,73.9865603081271,39.7412309286917,65.5674774748157,51.4509734012341,52.1362590343822,80.560369238884,48.7445332461385,46.9922318844494,49.6615354771699,55.1586788105209,57.8914681032628,55.4312533276835,55.6545969640871,53.2223727939907,52.0607830410373,54.6574713620831,54.5071592866633,55.0045093344663,49.4712732896166,52.1220134639538,63.1989318582776,65.719984008124,60.9147616189661,66.4163261559828,57.1006315779548,59.5805865365414,58.5942895084542,57.6380872969171,61.5760708390161,57.6532165170908,59.5584107666475,54.772446553722,65.9498097873149,64.2034768055199,65.1073114817528,42.9189131452668,43.9751317778572,44.3088489599449,44.3616113015257,56.5348708715096,55.421621851986,54.2599578392267,59.3144517429083,73.3170800391408,58.5674046816065,58.6642503641677,76.4782440797061,55.1050412555816,58.3071646815951,69.6086683151172
71.5991219218902,71.6370393710706,72.2040216117792,71.1215594226897,70.8940747270451,71.5622100332371,72.0525826516289,71.5494348827171,79.9685073061075,77.58893285209,63.876192832396,84.6036524506705,81.9758778381119,82.9698525312131,60.3114300998513,61.7444202167463,76.7936024019907,71.4167061527092,75.1861805347833,76.2817411097421,66.1747384624174,63.5459145939239,64.6066405742624,73.9843216860618,31.6893697489607,0,81.8269012288041,83.1640820511828,55.7319952123029,78.185946834637,77.1622941082985,83.2743309214486,48.3703754508541,75.2870851222632,60.4120711589488,61.1438830182736,89.9591992362229,54.8973630455431,53.0666937759881,55.5667310359624,61.7318662614806,64.4000678652355,62.0400919645821,62.1983874073755,59.1616375236084,57.9010977719412,60.4581512133516,60.4050921197407,60.7076739128442,55.3503027439707,57.899935669069,72.8441188645692,75.3676210811816,70.5781781049532,76.014954788556,66.8448171841662,69.3018655231664,68.29652535934,67.022790004212,71.1890142223102,67.247332219511,69.1349425934825,64.3337677362704,75.49257051913,73.5265001276186,74.259211916973,46.7275389253328,47.3953953287035,48.0079372684671,48.3289772866235,62.964591289132,61.8780315640781,60.3339251969833,65.4282936705266,79.9690345439891,67.6982327312861,67.7700589755852,85.1190393035813,64.3811979137621,67.8132297393594,78.9678740722562
57.2464892803356,56.8641756629286,57.6180018531128,56.5793869187613,56.0398472751668,56.7244805594577,56.9821084666745,56.2655372914639,61.4784557436443,58.9683283039776,78.1603910866378,66.9284563092127,64.2322433264236,64.9059623834303,60.9570349067557,62.0208314602499,63.2302537069775,58.2643629423014,61.7252930741983,63.0971665026741,56.4415088175718,54.3240906706876,55.0863298117012,46.2323801250428,72.9261518823647,81.8269012288041,0,38.8479331100681,58.050321962101,56.8902235308127,55.9241362960228,62.6347685298186,65.7644701537503,67.4318158325758,58.9623765510758,58.4328938937161,72.6627790584176,73.1415347056185,72.0032309036908,74.5958820430998,75.7466428208025,78.5893126351729,75.5358663430601,75.871646144681,75.5424682653007,75.2400422591209,77.5483592155928,77.3194978381402,78.2468149254993,72.1661730961281,75.6913264805242,61.6656465892049,64.2955257961521,59.7846511778916,63.8149961395068,57.6925739927917,59.8012508212666,58.44636758482,52.5840317589772,60.7029528421232,56.6004634412611,58.0122061323032,53.0967390692624,61.9285522364937,56.0854434780125,48.5489955356483,73.3036680549663,75.3622191719652,75.0903859606728,74.5510479996445,75.9253215294769,74.7941522035892,75.7133176889165,80.7317319181991,90.6701786621139,47.2918712262119,47.2699472153789,80.8301792367835,48.6714693603919,56.8000518587811,60.5697679018267
59.5487273823543,59.2213490224416,59.9114029542386,58.9430010531707,58.4449499830604,59.0081954242676,59.2518966513849,58.6146467372707,64.5040746498552,62.012703406209,79.4128517612463,69.8521483990319,67.1629498997092,67.8781957882149,62.2664289933585,63.2273185666907,65.71604304629,60.7211699987566,64.2053079562801,65.5549742788975,58.5439179689662,56.3729833105852,57.1506380425435,44.0414250624784,74.2876202450423,83.1640820511828,38.8479331100681,0,59.5355883946446,60.2624617518712,59.2754132518144,65.959664549571,67.0854732630353,69.3756227388894,60.1102724939447,59.57283674031,75.5410120553588,74.4030019079353,73.2683776751461,75.8609248003579,76.9837715687091,79.8287090066282,76.7701637716098,77.1084761402068,76.7978687694195,76.4986897324181,78.8066986060095,78.5765282151497,79.50692973012,73.4231726587071,76.9516537005793,63.9595922414514,66.5757785279394,62.0509708601087,66.1860793652405,59.847648949991,61.9680858348321,60.6325065286497,54.6610389990794,62.8039946412132,58.6865730046009,60.132442652582,55.2000842100194,64.4222889059652,58.4976334904574,51.8409657700622,74.5906651940469,76.6526462563612,76.3788557652287,75.8375826678305,77.1657515503137,76.0334000000146,76.9649839015824,81.9824527981766,91.9017103389049,48.4193550241009,48.0900047238529,81.719375020551,50.4339006822134,58.7617604016483,63.5668431091175
44.1922800249764,44.3177716259341,44.8416819556369,43.7623875918479,43.599003018384,44.2512143381022,44.7923401046119,44.3278366448913,53.3794324808278,51.0229788744242,58.2897822325237,57.8776161216946,55.26058695208,56.3091503367704,32.2279527006282,37.668815155891,49.4168133358575,43.9880506110672,47.7980677285631,48.8555362027574,38.0116548430583,35.1877143990898,36.3143007014221,50.8854506166283,45.8525476057417,55.7319952123029,58.050321962101,59.5355883946446,0,52.0382199583652,50.9997644813784,57.0537339348605,38.8046323637608,46.3921743596872,36.6841499274128,36.7046759115867,63.170359570885,50.7084732859664,49.3472012273284,52.1834890698521,54.8349819243116,57.7345661020384,54.857282611758,55.2527246753821,54.5903399005095,53.9000685252254,56.4287410104153,56.1238109324339,57.0349230721771,51.066011410851,54.1988049032519,45.1340363775365,47.6299685354295,42.8213097779679,48.4399972956909,38.9053633287044,41.3626023349675,40.3869614430377,39.6606521202613,43.0511346704596,39.0905438283476,41.0919865207784,36.2781047367775,48.1239446700472,46.7432650543335,48.6606036795827,49.8780483971965,51.7095354442771,51.5512212205634,51.1218728543954,56.0800271292089,54.9092970492012,55.1090072608255,60.0893641252053,71.7905097330606,42.0087936443757,42.2531135141586,63.8644176151105,37.5200310952951,39.5195633385273,52.3554201386697
