IBR/IBR_outputs/all.combrep_1/EucDistWater_Total.VRM_Total.WeatheringIndex_Total/EucDistWater_Total.VRM_Total.WeatheringIndex_Total.asc
NCOLS 160 
NROWS 95 
XLLCORNER 210004.651214014 
YLLCORNER 7350008.22228844 
CELLSIZE 4999.99999999997 
NODATA_value -9999 
[rows 42 to 62 of 95, columns 0 to 45 of 160]
-9999 -9999 -9999 -9999 -9999 -9999 -9999 -9999 -9999 -9999 -9999 -9999 -9999 -9999 -9999 -9999 -9999 -9999 -9999 -9999 -9999 1.86414495188821 6.27518980358829 10.5260234151398 4.27231051168846 4.9332151606502 10.20946170255 7.17000908821645 9.9332863979804 17.2755524729906 24.6485130877269 27.4674992213802 22.5811522113551 16.7477882384018 9.77857407562223 7.69220232585843 13.7090691326306 15.397346762048 14.7037720994065 18.6680745129568 20.0461102610579 18.3879073203948 13.3998260793878 10.282081528054 10.9277056920672 5.01037217788807
-9999 -9999 -9999 -9999 -9999 -9999 -9999 -9999 -9999 -9999 -9999 -9999 -9999 -9999 -9999 -9999 -9999 -9999 4.1324645234971 4.3355769439093 9.21353020136598 5.83545130445709 8.63734351779538 13.4679228709464 8.15241996981594 7.06970835976336 14.0076370263032 15.3374344606387 16.6082325786622 21.4128579346416 26.0354567856342 26.550129229189 23.6499658126107 16.6349823999818 8.96234336687802 6.3170082689505 7.66616120464922 10.2047004819031 7.38838797521672 14.3216302461509 19.4471655707833 18.5476826006142 17.2258603566594 13.8451431784518 10.8547502698348 9.50139788253937
-9999 -9999 -9999 -9999 -9999 -9999 -9999 -9999 -9999 -9999 -9999 -9999 -9999 -9999 -9999 1.09090082140936 2.1837549158298 3.11445089443133 6.68878561291419 3.50657611460477 9.14998203926511 13.533604826872 15.2992703896838 18.5424350748658 15.1702875282853 14.6954480988854 18.8859681229069 21.4095655399957 21.7611450885366 23.6122547020641 21.2586741252302 19.1641392461808 20.4117567946627 20.0353145102388 15.4870030320034 11.0231555063549 5.36683028496224 5.88871046476729 11.8464751294704 12.7324979374674 11.9750743656359 10.585704580023 11.8588668842506 7.81837997277826 5.70711621558279 5.59957269671566
-9999 -9999 -9999 -9999 -9999 -9999 -9999 -9999 -9999 -9999 -9999 -9999 -9999 12.159751683935 4.78167820210345 2.78197778635435 5.74910313116587 5.57363871899951 10.91147024098 10.9955368960704 14.0103214520046 19.3558239156569 22.5268022962074 24.3478785573218 21.3869693739172 19.9427050188713 19.9591675094083 16.1939241121864 15.5681065228236 17.3953181767753 14.7546171754601 11.0548701851611 14.0037867926419 20.3118478300914 21.0968999131615 15.0485540071333 7.58129429958254 2.70295672333104 7.04426973466807 8.47899979881744 8.81325709861279 5.07404207758684 6.27534840215973 6.55774645797816 10.4429020931007 11.3447596928459
-9999 -9999 -9999 -9999 -9999 -9999 -9999 -9999 -9999 -9999 -9999 -9999 21.8950439040571 16.0275988734561 9.07859649455305 3.19842898924755 6.61388800180228 11.8133318067519 12.7922419513078 8.05491081357585 11.314805759538 18.3417851911294 25.1876309258447 23.3320125774859 17.303444024295 13.4730310377773 13.9377692767866 9.11006271422441 7.74064518513037 11.4855580756268 7.11955555593622 4.48530813433146 9.79271929843488 17.9546548863938 21.160451858616 18.0269702629747 13.2579362298445 8.74887809888764 2.93665917449561 3.59056038696125 10.5062913874278 10.952447100026 9.775464243699 13.8656301523932 18.9907999634914 19.3591894289204
-9999 -9999 -9999 -9999 -9999 -9999 -9999 -9999 -9999 -9999 5.54383053801584 11.2252348912213 17.8470685666812 16.9438765809914 13.1747730413274 5.78866908886516 3.66415942880842 11.5364812582485 11.3570014767008 5.09502395128303 9.63947581115596 17.4548972506864 24.3703950399801 20.6322608134979 12.7888590054727 5.81427573369169 7.77039410624852 8.13978251689251 6.84760996127789 9.52749372260767 3.45180166137647 3.94064558060921 9.08019880510069 16.7951741821492 16.0530551470092 12.9597143217143 13.7858536351792 9.17395722676462 4.0495920587967 4.5062950500464 12.9194826427984 12.9918124622802 17.247410823687 18.7535664037432 16.9581840554797 15.2806832426344
-9999 -9999 -9999 -9999 -9999 -9999 -9999 -9999 -9999 5.20466046379741 3.18248674195127 10.6333439089943 11.8942742647827 9.14986721052594 11.2712471308961 7.45601789424158 2.88147313621355 7.68668869236491 8.16438679563088 10.1684814870191 14.7241684600593 20.5168729591321 25.7523483020581 21.0539199367545 13.6529816268688 6.48700992072779 4.05652799084157 10.9278643080525 14.0092118239308 11.8721907770652 7.02338791739034 10.7289968511764 15.2278645184174 17.1054440580399 11.064797237744 8.23215854787406 12.0745741638116 7.23009235202106 5.44077019115809 10.0248339282162 17.63856977679 20.3362982771208 20.8954947893938 21.3192492533871 13.8741622688717 7.37753681097187
-9999 -9999 -9999 -9999 -9999 -9999 -9999 -9999 -9999 3.70345138617217 5.74193861874739 12.7533482606393 8.36081773349629 3.3790895236934 8.70426472291635 12.1936108154245 5.65039184203898 5.72884570750521 3.93990927638986 8.87345586873405 16.8921037669834 24.3219286852564 25.6639586095842 19.2456780352277 13.3025244458171 9.86014722650105 6.33641465965007 7.31188625740903 12.8716933505731 14.3153301788837 10.728744055382 13.1199295873247 18.8479414687872 18.3366296068532 10.0885834543738 6.63638678170096 10.8126982515442 5.93298564791284 5.04082010321037 13.9363630119229 21.416711756117 21.0041649875023 13.4130805457406 13.3058888965385 11.8080767525025 13.5095612326592
-9999 -9999 -9999 -9999 -9999 -9999 -9999 -9999 6.68560798399765 4.06860901849041 8.85683098458941 15.4631592498992 12.5157607472733 9.81589473167091 12.613974710462 12.5268321331839 5.4209145792391 4.06542371417645 9.50095603201257 13.176908341891 19.3920663033568 26.0686522112774 24.2212101829182 16.4988929453408 8.37454580543552 4.58498296197136 6.78602647942609 3.9980120327492 6.84490315421401 10.5823629078357 4.88451442749509 8.69617127238747 15.9373112645652 18.2414211611602 13.0281948803746 9.05279694796564 13.307723975181 6.16251403317041 4.72090766941001 10.6114922297675 17.9833770939977 15.9526720273736 11.2620503518181 12.5561958863504 8.22522237263859 18.1954913184286
-9999 -9999 -9999 -9999 -9999 -9999 -9999 -9999 15.0466114831622 11.6677356274227 14.6302873239495 17.1260461965475 10.6203812488416 6.76098213151402 10.7190754891231 6.50294992438442 6.09953871102447 2.58269450512574 9.15205329595051 17.1370945013259 23.8087414716645 29.0226617376566 25.1900734939046 17.9861501832772 10.9932749697654 5.69277520524623 9.51402103838944 6.42752578834826 3.71940356639735 9.92759463389723 9.90417664955352 9.95949445451338 9.56106414125539 13.7095763882149 19.367212378289 17.1929280855944 13.3916401972367 6.69432877052506 4.24136147418918 4.51198745952753 10.2120796835757 9.08189390592605 13.0144048540694 14.2323051770816 7.14158500581168 15.0920513010021
-9999 -9999 -9999 -9999 -9999 -9999 -9999 25.4133758995471 21.5872663324267 19.9050979504078 21.2562796420168 17.9186566926663 10.0694452447776 5.96468588290059 10.8251853400499 7.01088252474574 7.34731626617436 3.02362360939519 9.10176677136273 16.7110063763102 23.4225978277187 28.8978800089097 28.1762066363734 22.3155777595271 16.7277629498792 13.6325682626654 15.3349201720562 13.0066394891875 10.518494524286 14.0122651832033 15.8475226863754 8.29259651346918 3.91561097543658 11.0117210058518 19.7677279213217 22.5742497991153 16.8800638619414 12.4104578603277 11.5409300122378 8.82125049657677 12.0018689554093 11.2140699720883 11.0600786302014 8.73876681270142 9.72584072373294 9.35565949877248
-9999 -9999 -9999 -9999 -9999 -9999 34.175981833462 31.6151513088813 28.534133585456 27.4730485064013 26.979952418785 21.327412656728 15.9754118949358 13.7993347592567 14.5616957895874 13.2076066036278 10.9222752745302 4.04012328566525 5.82483360751758 12.2127716766276 18.4176969661748 24.7516586073796 29.6521738731524 26.4721726056546 22.4833602275613 20.8192865841681 21.8875118549251 21.3751441246263 20.1652404767039 19.0370657558244 16.2176130505885 11.6859884078684 9.79150777301235 12.556623034122 18.4253898870738 20.2430544511663 19.9102953566223 19.6736848997845 19.9575332493915 17.1920297295926 17.1975084319268 9.82699432076094 9.45654618681798 12.1715873631794 9.68423318516644 10.740104412418
-9999 -9999 -9999 -9999 -9999 -9999 39.9460304096692 37.3830467088125 35.1977200508039 34.3584510826135 31.6480256768758 26.4120626145931 20.8391559185817 14.2713710506535 8.7084854773662 7.39097836648233 11.4674959386464 7.45794701711727 2.49300082331749 6.53938033731342 13.8887766749614 21.1398479995816 26.9251070296096 23.1663784456914 18.47451465935 16.7866098772929 19.213097343955 24.1713871434729 24.3877236441394 15.6768596049132 9.61888334305944 9.65759730158084 6.94645669293916 7.74307127195353 13.5910887343575 12.162590909893 13.1527712621891 17.0165582607049 23.0173780872708 23.6337053307629 18.493770427709 10.7679144690431 8.04706674400949 7.57190958363912 9.94430445107291 8.74926192159605
-9999 -9999 -9999 -9999 -9999 48.1536520313886 45.6986040555189 43.1109918368738 41.4651695154523 39.8413020654916 34.7482446056396 27.9903410513475 20.5928354900635 12.6169749491779 5.26935200040138 5.40208883943431 11.9475444251825 12.061526382574 5.94066980591555 3.14216475407001 10.9480339806426 18.9839361345719 24.1925105822325 18.8527371616981 11.8309713947281 8.4796665981258 13.0259456332601 20.2408962394451 22.0683396413955 13.9805460233543 6.29035074028496 6.66424652494948 6.5756118414651 6.7219349382665 9.02951193641876 4.36353419702439 5.68364993855392 11.1942391337796 18.913721103918 24.7980296112437 20.1619837257035 12.6446501988365 9.11193227008427 10.9648644621787 8.33064194269256 9.38686499809048
-9999 -9999 -9999 -9999 -9999 45.0473366935968 48.1021658359925 48.1207642237721 46.3333486099635 41.8224232066335 35.815121860683 29.4340271888961 22.8262635283685 16.5237771774452 12.3519926423522 13.060304767014 16.7649149288988 16.8780697153368 9.13906053581329 2.65764903976967 7.72513628814067 14.8830728191734 21.4308033798246 17.5206600984617 9.49304366070155 4.65793865251244 11.0422869201853 19.1188003947608 26.3312186389301 17.4652079877386 12.6154711073434 12.1979237699857 7.77042400764832 7.39660347796945 11.5955310157625 10.788981172094 6.16478315754264 11.368155701596 18.9926724748871 21.5659062550755 16.9495785713757 14.5029615114374 12.1129940379691 10.8383552958788 11.5983054832121 17.652235990352
-9999 -9999 -9999 -9999 -9999 41.4160876044362 44.3246725709211 47.874853849637 46.2652059622606 40.7295051354094 34.7779922068983 28.1586026376145 21.6330185572207 15.720568751667 12.7656447472231 15.172712829282 20.4651920187225 19.7965905982738 12.7880232616703 5.79272956050328 4.18638637319827 11.9412001674653 18.0155584737834 19.6770281515401 14.3427592504987 11.9738590959842 15.3090242258321 19.2110879750613 23.7014578786781 20.5634884668078 19.2436742843417 15.0588686525942 10.6689083865525 6.23226821604311 13.7079546722682 20.3754520356 14.6872266228085 17.1282117784235 20.8610100698915 16.1010465046419 10.1786191424164 6.63246088717874 12.2538056930602 15.795359101348 16.7137833080285 24.3086465001152
-9999 -9999 -9999 -9999 31.6621772063258 35.9819956266661 39.9088167695805 44.5131454148373 45.153096485485 39.6768547591788 33.2919043850757 26.2746419553693 18.7626025416137 10.7699529063658 4.95361152502124 10.0715597695853 18.0423915337711 22.6717948511294 17.5436317705904 11.3430028743885 7.45564746271863 6.721468761908 12.8424164689296 20.0134142550436 21.4084207138285 20.0997669362407 18.3855873216031 13.3455513322511 12.4779980888344 14.4320846285136 15.4950984676474 9.09700932740846 5.78799821149329 4.0208930413507 10.3075103957094 18.2644263234262 22.3683005840624 23.8749783627205 23.1325563823684 13.0586702224791 5.26161280973478 5.30726375983608 14.1463955331062 22.796191237985 23.1066143783751 25.4095222314092
-9999 -9999 -9999 -9999 27.6726408635486 31.0257982288288 35.950814293034 41.3389680899749 41.8680422880474 37.5378803632616 32.7174509383181 26.708768850945 19.4870943456069 12.2197510720093 7.61862755044681 11.5712970090181 17.1011119594897 18.7141510853853 20.4549854614243 16.1686369415812 7.96828824161044 3.24833608624214 11.0733508281667 19.4785735329821 26.1728735066481 24.3014010159411 16.5839382056207 8.56630219011163 6.28507947750119 7.9618151013492 10.708683941919 9.2849869652105 5.08857586817944 6.88031554503409 13.3783998937214 19.7914865391562 21.7834354476816 21.837873772848 19.8188638159544 15.4174446510654 10.6719115795634 12.2742250381694 18.6672184299791 23.3416342725542 26.03466035215 23.4427925043912
-9999 -9999 -9999 -9999 21.7795694554029 26.5457886666862 32.947883723409 38.8099486339243 38.1860613683164 33.0112912146453 28.1065629107523 24.258139935327 21.2724714095222 18.0602525547854 15.9506418908889 15.3763480395134 11.0478230025596 10.8738489808208 16.4390400446116 18.2096339536686 11.6284027126831 8.74599763120553 13.4189859050518 21.9296544554118 27.7122153341617 26.2588385654131 18.3142726109303 13.6306361698548 15.1318411855948 7.13690217255769 10.2903390551614 13.9810370031273 7.84087308312037 4.72671816075395 10.5032502135458 13.8570606615312 13.8712042244895 14.6104367791025 15.9086282728391 14.9591538102491 14.8971310644564 17.4280887661735 20.1995108010593 18.6660906395094 17.4775679420196 19.1747639038839
-9999 6.31138898083876 4.62540058025689 -9999 17.1981417819329 24.131500648274 31.2056150739361 37.3149461471198 35.3135678156949 29.1560128254881 22.9012920808284 17.4268114158535 14.6396841265309 16.4020332830329 19.8038749891872 14.3830120439555 6.24329811369428 5.95345795037004 14.0082144116835 20.6686275001369 17.9305086119344 14.7967952550717 15.0709161253312 19.6639051894156 24.399907658466 25.7392676063734 19.6171959860119 15.148444843315 14.9714475267343 14.4005023829614 13.4764860847275 14.6315318534904 11.100051659129 3.6691192005644 5.70796493591953 5.75793772412425 6.09150197510089 8.86760494710492 6.00307326235421 7.53877295000364 7.3534136638832 9.92925963207214 15.1987657529857 10.5863828235958 9.43134316572837 11.5462486096229
-9999 4.87717702425902 7.19707294613561 12.3869685441561 17.3815964444317 23.9161455139457 29.5160010462041 34.2268326438029 33.6150471582187 26.8898682566285 19.4945704092543 11.8667764732914 6.31813196661837 10.0595984407994 17.4438752933821 16.9904408938019 11.4340215437885 11.2549831124028 16.66751787845 22.1565147739863 17.1934412061031 9.97327936975 7.42915627808962 13.996081324512 19.2974872661224 20.8230997967524 17.0135513809772 9.36224928360135 5.40603325262447 11.0113928791808 7.27265226344443 8.84929479780668 13.2075681214379 8.01857054498914 6.52023741497483 3.6297047257101 3.64373791862716 3.94078724749079 4.63482338424643 3.9417527141396 4.85912423205172 4.57886561402346 5.51226761004729 4.49259849808376 6.86680344932752 9.25771430675821
