IBR/IBR_outputs/all.combrep_1/EucDistWater_Total.VRM_Total.WeatheringIndex_Total/EucDistWater_Total.VRM_Total.WeatheringIndex_Total.asc
NCOLS 160 
NROWS 95 
XLLCORNER 210004.651214014 
YLLCORNER 7350008.22228844 
CELLSIZE 4999.99999999997 
NODATA_value -9999 
[rows 63 to 83 of 95, columns 92 to 137 of 160]
11.4548724671784 9.40171611435835 18.9609768445263 19.859547802544 13.4272546987207 16.6280381846205 22.9570456727716 16.0070375711988 11.7738381602819 12.1526171413631 18.3271271164193 18.2563962612073 18.6938149386777 22.4473535928517 27.2028193856533 31.192508543121 31.3170329824186 24.9791262829438 17.8413364570263 11.1523939893518 8.76166295624984 10.702214982343 4.26249802546509 4.72575514789148 7.96723436244924 9.23941370096994 13.4959473721483 19.8605899718996 26.4074814986288 31.1515575978158 30.609050814104 27.0078645347214 24.4765551349452 22.1019529125529 20.3360269725234 19.3643340182551 16.9198204741103 18.3791952483818 22.9032456000731 29.0643857207065 28.8332931885048 24.3335579330214 17.542485492778 10.0573530992761 8.39294485775544 13.0332772070123
17.4221636186993 10.6861298705276 7.4549203001976 12.693438388296 14.9826325245315 21.1561780590871 23.0005108512155 18.6011579476265 12.6709371020072 16.0529546792123 16.840994483709 10.6772943096193 11.1706297980187 17.2623011934007 24.2581062439028 31.0221040498383 31.1556132232744 24.1062883914512 16.396858660963 8.30030145091764 4.60966453923717 11.0878429068781 10.0570468978544 7.90575651019543 3.51026250233699 2.8861629213028 5.88056870890004 12.8458190765626 20.1422610676882 26.1183288837177 25.1237618289415 20.5178664853831 17.4568798979776 18.3149650254409 22.4555500834071 25.4272830921053 24.677777229226 25.4074983908034 28.3936547778743 33.0199920107829 31.9798956027369 26.0514922316282 17.5997056753029 10.6366618851595 7.56089987837857 13.426930480072
19.9120074378192 8.33694379688175 4.21352151584924 9.50161077940004 15.9331477874579 15.6896489622823 13.3760687542924 14.7384713229858 17.5811061753214 20.5966393956026 19.5878854533914 10.3915045684015 8.2289557465498 15.1973456714501 23.0372534217626 30.2550714856712 32.2376598053871 25.8861169692171 19.2247098056358 13.4702405624783 11.6891768729029 15.5158069558349 17.3776835598157 13.5395256590863 9.48846600831417 6.66527666350059 3.13844366883384 8.36853738147787 15.7567298923294 19.7814878507808 18.8541080830806 15.1897552719413 9.69954728735025 11.1174346829163 17.7561427029887 25.0929374937706 30.4387769799626 31.9703392371126 33.7432702651422 33.7989428979662 30.8854797494979 26.8440353895255 21.7452018684299 16.8964481912702 15.2922470301957 18.2746318698664
9.61897731923487 7.91977645867762 11.2370021901667 14.7378484225472 12.8907526871132 9.18197064301567 9.17719143629913 10.2000944995717 14.5451814959111 18.6286276586457 17.1569428236552 12.711662203831 15.9009868682608 16.3761262174099 23.6516953112249 30.8046990700642 34.5236768170184 29.6505740193417 24.5227435621797 20.8024106440725 19.80365973756 22.0075268677323 24.0030528835935 20.049978659635 17.2704295529946 11.7845285095114 4.37113411179941 6.50048698697293 9.68026473939139 13.0227643742756 9.44399594244363 9.54146965300505 5.70293906872309 8.20364879981924 16.4022944609708 23.8543575559591 30.965158606198 36.5168842638637 34.2482567752225 28.9173605278118 24.2381175138874 21.578832186549 21.7962267481734 22.2261864917214 21.6523350531438 22.4384581138312
12.9947763198627 11.8448544263405 19.1094607167476 18.6249996549426 10.4608101622387 4.72535614545027 5.12077307805923 10.1597105086225 9.72757518094973 11.1490740844009 11.4695188266414 12.6627003181696 20.6433691068706 24.7736663283503 25.7762638936378 31.9308294188001 36.8682554781363 34.4202368362133 30.5851673783146 28.0384851271688 27.3840834351119 28.8423134919458 29.915765175235 26.8249532339274 22.1723682035032 15.7140319312017 11.0832919597524 6.1541979352819 4.54694809688706 9.47938051546331 3.97049922753959 5.38348621458122 10.8063000104015 13.3202123406871 18.922809586659 25.5407182259116 32.1062515314374 36.202951223121 31.3260176532695 24.7082406335977 18.1343900400358 13.7378675171301 13.7206745671477 18.342881169949 17.1572750140951 15.8127376142578
13.509936506061 16.4842339270962 13.5531900141206 16.7634683639545 14.9169828467312 9.01055293482507 5.83828075643114 6.31150319064126 10.8989917323102 8.42164998784878 11.0578709693953 12.3583404344531 16.4689776021741 19.8373990686868 31.0062466436454 33.8598285481669 33.4637851745166 36.0708644469084 36.2337210434711 34.8572540557793 34.454695097842 35.4875497013825 35.8484841604128 32.0234349005155 26.6677073708962 21.9699506386082 17.3561107795782 11.8201550854776 10.4586367176994 12.7811050387393 7.64864248123755 6.27441178470179 11.5280198717712 16.6222893899154 22.5185076373382 28.536712424167 34.5230154199507 36.012937604079 29.9608784786147 22.5328934918649 14.4899717830561 6.95532039251451 6.46986551281157 13.8561786605324 11.0709755893684 7.76454612931337
19.1514921846452 10.3335881796147 5.93225046216703 16.348942863755 21.5547181184867 17.3401156641809 10.8986725377251 16.8842227563608 19.784896936267 11.6381381498307 13.0426941257239 8.69324822683652 10.4336042537663 16.6041640655539 24.0659258212729 31.7525079423279 30.6209241891415 31.0620711536904 34.6098261005064 36.8173859939861 37.1340257137404 38.6061053656743 39.785077604668 36.352661282335 32.0654985248646 28.0045938258782 23.1000162156437 19.3970461792539 18.5771867829341 16.0034746237172 8.58467048385048 4.28673619154659 5.26077497509756 12.5511200504736 20.0972273066781 27.2996433602646 34.028653907309 36.3316965132058 30.3106669815162 23.0139632216311 15.7686588065373 9.5105126218761 9.17299678557961 14.5117759700544 10.5453475319085 8.32745311703949
22.7322616608978 16.3812338033801 13.6262081857131 22.3863665351599 24.7470283041996 24.4623241725692 22.8952581219069 25.4759607370185 27.0562356716893 21.5121349640501 20.6627307213025 16.4899815078668 9.65473798782098 14.3850203361908 17.1890335608303 22.6814867982652 26.4952309034394 26.276877100363 29.2532585491268 30.5171794279029 31.0168860675162 33.2431811187952 36.6150988620446 39.3760464778868 37.4131299171227 33.1662724701101 29.2709231568291 26.7755806162833 25.2614872401622 20.0368239303547 14.675340494838 8.39122826705797 4.73709127886929 11.4913655919026 19.4509126927946 26.9067786258222 32.9791608233908 34.708577836914 32.2429592587061 26.5006433351097 21.2015659792174 17.3909915571318 17.0156320747905 19.5571569872675 15.9922195799182 14.3912049723464
22.2272565197837 19.0551439100354 18.948773300555 26.9240921949485 27.363536458064 23.5444357405052 21.8780893474433 27.1989268608425 26.5194217678865 22.9611605040528 16.2140276561081 12.371738009218 12.361211806692 14.1292926100868 11.4530389075445 17.1780434596453 21.6371839298683 23.331719713418 24.2092642867132 23.2436405887267 23.9675568748538 27.1186527423813 31.6003455259759 36.6808314978005 40.2439891324488 38.0358379884483 35.4302316464604 33.6064614901421 30.421502936067 25.5814605455834 19.95083210588 14.3876944688903 12.3510319285034 15.8369341970928 21.8263158161269 27.5309905359743 28.0529805555708 27.9873388463737 30.0772752827443 30.9581483128624 27.0780625631631 24.6253180097596 24.7218685577393 25.9999048336734 23.3451701081174 22.3567776423902
34.4096961849782 28.2309575798596 27.2594501136553 23.9334129729641 18.3754854283865 14.0846032544748 11.9695379352311 20.2962529034139 22.3878241181755 21.2335904954591 13.6518545396931 8.56516677841718 18.4663060205779 12.2108634826328 9.33207971737014 12.8297174636041 14.2843368275418 22.3279955669625 19.9011710242347 15.7231165997039 16.5979710361657 21.3527085840515 27.3126965260764 33.4416517730109 36.4632582849401 35.2791456600857 35.2364845491461 36.0195660881819 32.626062670838 27.465224105712 22.0454301697944 16.523432829694 13.3126970108784 14.7212918371847 19.7335763312208 23.2962929435868 20.701710615221 20.5527112378443 23.5745026085765 28.3296171333395 32.218693295874 33.6519373544418 32.1927526591504 32.4881479760649 30.3625257861146 29.9181919642289
39.9871566254063 36.4862923625805 29.2583594507984 25.3186827747244 19.3735030191084 14.3969918032886 10.6774476411897 21.3324430820756 28.0590722732528 20.1660238675156 18.1488237044605 16.6884478833594 19.2405583139745 21.3362602240403 18.5670146859246 13.645223305782 14.7102482127949 22.3799812124017 20.2651749195781 13.8546268375423 10.2740776315328 17.3310028702494 24.2646135839787 30.1251939079553 30.3902182838433 28.4600390449615 28.494421583428 30.4681444752008 29.3205142090875 22.9948126368596 17.0686997025192 11.3042448756688 5.31053988121985 8.25019499756968 15.9371286512484 18.0031349026973 13.0271447107736 12.6550744993635 17.6143334548389 24.1060608513244 31.8202712914801 37.1167909099272 38.2939419459726 38.5284957011637 37.0457053247425 35.985111435051
42.2228996395341 40.1322567378011 33.3485312149184 28.6694703631793 27.2868303854937 20.6137029400848 17.3136331847476 26.0379555019551 26.2372075997113 21.315662456161 21.2281851894185 25.0259265579749 28.7680474184986 29.7233373477508 21.7668640982716 20.0187088978298 21.6037557888529 20.6239684559425 14.404226821352 11.7749430527599 14.5074521454661 17.4381695368632 20.0723451329753 25.8900228383244 23.9727293771646 21.0870836228655 21.1355082007798 24.0715596730677 26.434346455824 20.1274142893308 12.3793443601606 5.69382931665422 4.92975185940259 9.15543884263569 16.2433140984963 14.8353197429944 6.89540099708253 6.02700894509291 13.9568549241746 21.7602403550595 30.007833111237 35.7072388793573 41.5134449681528 41.5354149866629 38.5943324712681 34.030768143473
50.1194054757336 46.6552893857417 40.5649227718002 35.8423894294819 28.150040337512 24.0409652729842 24.8874944143408 22.1167172849663 15.7355489525364 11.2544897651202 14.1900597291316 19.3877789130542 22.2227484489269 28.4233419501251 28.2815641663216 24.6989596072437 21.1753452030105 15.3186152866262 11.8833056937285 10.8774815393448 9.39515409277498 12.9868436907218 18.1966891990566 22.4421727478897 18.0008466363087 13.2676781502913 13.341723188842 18.1524274322217 23.9482061551533 20.5453361606505 13.1077671408555 7.19080227270808 9.9198763988303 15.617903344545 20.1253245962885 16.2763230703198 9.89447445518602 9.40332678015661 15.4100030922526 22.5523545090214 29.6784158905737 36.1276892161372 39.7852345377162 36.4893911332132 33.5591660679681 29.6288974047438
55.5155023322504 46.3659763923733 41.9898901807243 40.9805895655633 36.4283971471241 32.4105799070864 29.2907150355203 21.0578919485134 12.5958778010436 5.81866362603338 6.54625278500086 12.6427218909143 20.2337482926699 27.7529922755204 31.4694866072469 30.3325732495306 21.0974819783076 13.1513111042166 6.19763957531487 7.68275207782487 9.53139598216677 13.3369321152734 17.5253246006215 21.6206122208627 14.6707951727955 6.47373198947777 6.67331686014446 14.4889658695648 22.2644901309751 23.9349249872161 18.5201209161611 15.2449459957307 16.5618533036702 20.0656601130672 21.6375103904725 20.6297213084099 17.4555369457214 17.2664014306961 20.7863385080307 26.070798325397 32.185358218377 37.5466069888624 35.8625680207743 31.0963417214209 27.1843964003376 24.8161297007145
51.5380236787835 47.4953717938049 45.2067018118641 44.4132765972589 41.2289022075633 35.9747696510137 28.6055399945482 22.8935318806146 16.7388872330742 12.2634838535778 13.2050046900582 16.5567270281935 22.7815445072777 29.4058279127396 29.8717969787272 27.7458542371166 21.6434582662276 15.3010080499344 8.9371678508706 9.40434323757294 11.7958929779642 11.6082918579776 17.1419067580751 22.9974664030048 15.8447182169435 6.2177075583596 6.82191844963722 14.7141695401863 22.5402815376931 27.9004844491761 25.1077618467775 22.5660524866768 19.2063185611095 14.9244503683816 14.2208241689743 18.1051060463072 22.7799671380474 25.1820187401136 27.340130756215 31.1623812721502 35.8526013889767 37.6868188098369 32.3099022475288 26.2782222207258 20.8311182783639 17.3926006819787
55.1318958179414 51.822425013823 48.8368101052657 46.9924062365786 46.2195048782872 44.9274739057359 38.6570039375742 31.6366847363774 23.0228399086799 20.5937543292032 21.3109045248104 23.3745613308777 26.8738647572561 25.2325280363279 19.4425036457522 15.9690151242587 17.1423231362207 19.207551372975 10.5182764568755 8.26916655285525 12.4098669556944 10.4617361754323 16.304428447552 17.8442002870678 19.1850168911349 13.6398319490255 13.6778880071618 18.3560151457041 24.7373101883212 27.5265449490036 26.467101474428 23.1263549825744 15.6738927846046 8.16644285217551 6.50589387920821 13.4811910256346 20.9637139877912 26.7577512389876 31.5109737861278 36.0600596129189 39.6631151843154 36.4643749485891 30.0843406185275 22.9607161863219 15.7129353068297 9.50651172538145
50.73955536078 44.9237133177386 43.3033686253703 37.5806326000189 40.0681230307109 36.0087885960111 35.0555565577809 35.050504571831 29.9203563118028 28.0386617819738 35.3621233044187 35.2568526711967 34.1495776478787 29.1319947981917 21.4948493930465 9.71373869061633 9.66022116852542 19.3179005117767 18.1963130060531 15.5149585738423 9.10376688133315 11.728439524166 11.3799377938566 14.1888008198977 15.4747443154991 16.9315386946751 20.6949040254667 24.0928440247196 25.3948444376831 21.1627536439592 19.0504016754092 19.9565143869756 15.9846799005643 8.80291188256568 7.2333162796505 12.2184091000314 16.1287437693444 21.4535846771927 28.2349530366547 35.0120591938081 39.8785293774308 36.1713305163243 29.5126868232163 22.0350700544721 14.1042599523202 5.84423147691626
44.8742081257666 34.9812491839807 30.3853882682261 27.8523111731867 26.692182702253 27.5521150020997 30.9608730032603 35.8380705374224 35.1094904926404 34.2268111961878 35.0472091059452 34.6117996078221 28.7762996998713 21.8168275939296 14.2321054455297 8.10514641267325 9.22443173510622 20.6151020673615 26.6652513622402 19.8215864531658 14.5998909245862 12.8159526679419 11.5981048665652 13.1451288294468 8.88845512155888 14.7052184450038 22.3770446302417 27.4008964429087 21.0681635431597 14.4701536662699 10.9490310779832 13.7359353452064 18.2425022417674 15.6446026026408 11.0442111927291 5.94479947227808 10.1990494969675 17.877480895317 26.4159194800532 34.2579641257905 38.7445507889422 36.5040500905047 29.7948195285674 22.6536718395002 15.1765145743027 8.12775980666636
38.0803307738993 32.5284800974317 30.199131043378 24.9248802628362 20.0414825026931 22.0301639318479 25.631914607903 31.3893641821415 34.5963210304986 33.020574518451 32.808574135142 33.548109536443 30.5753263669449 24.5105148298 18.4176537383327 14.7482580620945 15.2258647222307 20.5124813517601 27.7988570441028 25.6300845182867 20.4146330903018 10.3764568308289 8.97960895914539 15.1717824090264 6.89233034039736 13.5932787874326 21.6069465124551 29.0234191530142 23.1066100106626 11.1610179516519 4.99571728985195 9.72076683177488 17.8141082956518 19.2077711867843 11.8464157875002 6.45490164024174 10.4981105559951 18.1366451187939 25.78006346907 33.2057086147986 39.2575591399314 37.7372537525405 31.5920546716681 25.1771437396577 19.7336651997086 14.9683551849044
30.6314561456423 27.5931001995341 26.5972361798786 17.9940607124222 11.8541096974964 19.1217906892567 23.6197466769822 28.8610309299954 28.8172210821704 26.1334921623174 25.6015066456634 27.2414773154074 30.3861620974769 29.3291964669164 25.2717322878514 22.6551262468605 22.4812970536563 25.3828377452822 30.2644725765432 31.5908676170758 27.7771914070231 19.8880169325215 14.053920819953 15.6494089815351 13.3186942319637 15.159249756715 20.7624537398627 25.6135704963325 20.6466852322305 18.2671055132717 13.085981797262 13.4945266619569 20.2436510874552 22.6984120232995 17.4874780383998 14.7118289456574 16.7616796842573 23.3724308454349 29.6214730616358 34.6797228142649 39.2828344675057 38.2262463873919 33.821970274713 27.7154146375282 22.3210861019678 18.5518863090288
25.9767903089235 19.2513231145528 17.62343616948 12.4442199024102 6.17935569197213 16.1576371379881 21.064593876819 30.1347286429765 23.1258900060828 18.8327438909819 17.8733816460928 20.7483139762398 25.8385955448829 31.3211569395184 31.782716316764 30.0082917044661 29.737356013196 31.6909923128512 36.0487226918248 33.5776034269286 26.5680022997717 22.7220673975095 21.5043645114021 19.7473604028261 16.8986737108205 17.6912387959668 21.8905921197973 26.7679499481957 24.4226188203916 20.308360974976 18.0433380879263 20.4705884889824 25.1367176221662 27.4898976859297 24.3988051873397 22.7936390156399 23.8778433682593 27.4901203622057 32.5201569017619 36.8127277953356 35.556737246778 32.6456103555043 30.2891820841191 25.0134411741148 17.9483045630395 11.8407061549213
