IBR/IBR_outputs/all.combrep_1/EucDistWater_Total.VRM_Total.WeatheringIndex_Total/EucDistWater_Total.VRM_Total.WeatheringIndex_Total.asc
NCOLS 160 
NROWS 95 
XLLCORNER 210004.651214014 
YLLCORNER 7350008.22228844 
CELLSIZE 4999.99999999997 
NODATA_value -9999 
[rows 42 to 62 of 95, columns 46 to 91 of 160]
7.32269998483513 4.77364285203668 6.2021178622146 4.6931560174781 4.559902980914 5.88156612991329 3.73087445790448 3.74652729237812 8.40921760675353 10.3187941729036 8.86207081501174 8.10809655866052 6.02730339680064 2.94797468002411 4.52337950012312 12.3244684764488 19.2628882774338 20.1261344077067 19.0927376032179 19.1093567967246 13.7796391054974 8.20709019577127 6.44746748819312 3.74032312058159 4.24824193333478 3.67711889975261 9.81988794989308 7.49139744238405 8.21340840542005 11.9482534417446 10.8417675285919 13.4468192702997 11.1223635776718 9.61608957062893 8.99588117476161 12.0069298392171 11.1408239703591 7.43523492743952 5.06676131643767 5.84132731077976 4.28999795816493 11.1399999979215 15.1281613694023 10.1975190582588 5.61574078842629 3.14604230888045
11.0291503478575 10.0755221757976 7.6903604749182 4.09770361915991 8.16790030000852 5.44487882930849 8.39522549966795 11.7872930676483 14.7028818340682 17.0107394199348 15.8985063696769 16.0240119768477 12.4017806909864 8.30480432176092 5.26615434677713 11.3821520876897 15.455234367537 16.7945715912829 13.675922567398 13.798998945107 16.9944298615682 15.1156416820981 8.74221157678202 6.39907055737792 9.53846797990919 8.6934226986871 11.2463718488093 6.77925236466031 12.9511199356645 11.9391436803947 8.48700427887996 9.99672588225485 9.76175363871019 9.80675009145268 7.86575573439619 11.0372300766519 12.4860280793528 10.8119906806218 13.0110637581507 4.381499942912 12.4839259245624 17.9415296521177 16.0363566010537 12.3222837492773 5.71260973670618 3.81290897662245
7.3574437129613 7.85621557376302 5.92754316023435 4.38482532604246 9.34784715568723 12.8371214700167 14.4699354492872 15.8672692975621 18.8690776926498 17.7700841808478 14.2879509403444 15.3971721560615 17.9876738314855 15.3669872552114 13.0957977715413 10.4754420537616 7.32872707119597 10.4485026010285 5.82780767279961 7.10716085647978 14.7055043318299 15.6388367848722 8.56345188432994 4.60776831879827 4.78892681045588 6.33154441564439 9.6177416774929 5.86294750060141 13.7899294789633 13.7394184111453 10.653948609082 8.46894799565495 10.490772547954 7.17721608137268 6.17094910485363 8.4427534875413 8.28746805998682 8.77601163354837 11.0440265830159 11.3703411000794 18.6793026434896 15.2087375538912 13.326933634525 19.1182236599128 16.3156212990923 7.29855936231454
10.300231334511 10.916326127869 7.363978274971 5.44471452728108 9.02455376094033 11.1324021653922 9.44293783361748 10.2296780930223 16.0859287107054 14.3841461234096 14.0854673589295 16.3416772262273 19.1777748394168 21.7515374272509 17.3947107449264 9.64262619261308 4.68126914215096 5.23422394549668 7.28884462104149 8.74099803339328 10.5510745830313 10.9707390869149 11.7867498739498 11.8087479930432 9.43371461713379 8.83403992971958 10.7954759447791 5.21178229357559 7.97081611996804 13.6922340413133 14.7313954346112 9.54888662189164 9.20453484390031 8.13368927304054 6.45689250351498 5.21314986815203 5.02336484660713 8.35572105331289 11.0011621338845 11.4348442084408 11.09378945541 10.6286935978102 12.5033612663023 15.5188836061969 16.4883714055746 7.18767763923066
18.2605342992257 15.9379372698372 9.78088926635563 7.15870793153445 4.79661410482733 4.24151556154198 3.75536839248522 9.06411136638538 15.2076538503528 18.5896547040052 13.965925986851 15.5191291531183 23.1066332156025 29.1798217183091 18.4699255795999 14.9911250756655 10.9344844941567 9.47014881836791 12.0837867116886 6.66105511401373 3.63376308736744 3.46131187683936 4.83001412580414 9.35826651400466 13.5894225557992 15.2441411937102 14.3822956088316 7.82208406205331 5.33395091799866 10.5213219322537 8.69733733165845 8.9188576670831 10.8888992096425 7.76935184383877 5.73893365086488 4.18762611718223 5.25360576211581 9.6747030188554 6.72598191064761 10.1865542589137 8.88952636100261 9.51150121237558 12.1115833764066 9.10213806062933 8.80222426589616 4.05381398976606
15.7195205821272 12.0298383865461 9.25539936782468 11.2590626734382 10.1110085219323 5.98524524269019 6.73422027761445 17.3001595618988 12.5643708589819 12.3178615074492 15.5983950421502 12.4185464064541 19.4086931057444 23.5984920182175 18.84874435429 20.464517367455 17.9225951249476 17.5666230582895 14.5306951781634 7.97809613133926 7.60493652509142 8.48293144394154 5.3846370084237 3.27401344889583 6.5073498992038 9.60544423209933 11.0237509908512 8.04625535870614 4.76360967527027 6.81307285059721 9.83953055230134 10.4656314870979 12.642412381837 6.52723787871666 6.11796051092195 9.16218094287097 7.40829661225175 5.53725191125739 5.94262029439352 9.54447891462758 11.7604018322632 14.017504747405 11.8392444002448 8.6803220273138 10.2950886323423 9.31508674639751
9.63286284173543 5.85347279799021 7.06631125743496 12.423834234103 16.4069279458575 13.2426827635208 9.61080368698667 15.4432577911121 13.3736013743114 9.38140269006413 11.6812406880586 7.94464190725254 14.3117267537268 16.7343776421321 13.264147256861 15.6530780112961 21.5947683291746 28.4888345523386 27.6639380518625 23.5557579415517 20.5202199606452 16.5790103789544 11.702340581927 7.11072466344997 4.64130132394958 3.41900908166939 6.19792070433266 8.03377118717046 3.53071935778115 6.09433734394047 12.7858321750515 16.8619041539919 14.1147545488224 7.97748645697612 4.00643067343621 8.71111213284011 7.01349018037717 5.84800752656595 7.0330662877154 8.33503903103451 7.94243249045909 7.58956586650161 10.7376674765675 9.50977953205293 11.4384244099952 10.72268485308
18.6236933884506 16.2197904784844 10.7746269834593 13.8018994358165 20.4909612281746 19.5202698118584 11.9976605172647 14.275556585438 9.38217140730792 6.27074856737813 9.93923900995886 9.69239606462094 14.2228348085209 9.02965411584444 8.42461832741619 15.9688227319848 25.3978663638711 32.4826597358103 33.1347817389559 30.1565063636945 30.0942947779731 29.3174444333053 24.1973181032213 15.2927766134632 11.5889664562392 10.1675058959933 10.9177942003531 13.1624709855325 12.6389411377417 13.604624590865 17.7916494810065 21.4051561637676 15.5505956435831 8.73845647788389 5.32474196133807 2.9924571754959 4.48614638654548 8.19190822466925 8.65066615117865 5.8527953163956 8.64838190297734 9.08140950685024 7.21035504895582 7.02156093464482 9.48822133146725 9.17034245876031
23.8974680356068 20.3264893554589 14.1238240861746 14.2076480502772 19.0667203752009 17.6729938715822 14.6102063891666 11.8678400598723 8.74549730980774 9.20287166428002 4.15776908914238 6.35915486389433 11.3669679714791 7.71439266009848 6.93864216152299 12.6594319228617 24.8924426038139 31.2977354672502 27.7092211905943 25.2706598864898 24.5126347590316 27.6548941062103 31.2142333834933 29.0581608087663 21.1870714279208 17.6166121739367 22.6644475895109 27.1794000749791 26.6533134187303 28.7677850074504 30.7171409577934 20.6915583924552 14.0912838650161 10.0841972584536 6.42045479829521 7.19322143493888 11.3808180806349 15.4146213296109 12.7422243992205 6.68349515627494 9.78449666565407 12.7158483452127 7.25503426387004 5.97297541530428 7.2131430159795 10.9832375816052
19.2851350260509 18.094183024945 13.2391858426326 10.7690245523932 15.6276940086618 8.91747588322891 9.64414292213094 12.9448353634064 9.81212979969883 8.94312667494101 7.42223651332482 7.66907722025755 8.00018039559315 4.85066507701325 5.86109666144929 6.678744903695 14.8253576782171 21.3701805830026 23.5028925634961 18.0512370300049 16.4314042919099 22.351020270459 29.8311959149913 29.0421397407191 23.1063624949954 17.5244150571521 24.1247141097876 21.6892888010331 21.4793654025829 25.9323108508466 31.4518940872132 24.7957625816232 10.4051096648401 4.28474691224124 10.8582431063298 16.2560122767648 20.0734993451968 21.4389633776785 18.338852308055 14.526592514764 15.886061614693 15.2872199125298 8.73724187238275 6.51045470658168 6.46931253244353 10.5679919111438
13.6575601397541 13.2990911055693 15.0539858993623 11.9667824984965 11.2161755535349 7.15001518955922 7.99830176976799 10.5236012901995 10.796932012672 10.6022126751639 8.28332533758224 6.83578835711837 7.68708013911205 6.13556975223404 7.08574498310245 8.71635607942192 11.5982457343228 16.5928573466832 20.3279918573922 13.455832343954 13.5027351563075 21.4835923244538 25.8548066037519 25.6521817980911 11.4733735469825 5.73047925157139 16.324165677184 13.4113844502916 13.3172956597099 22.1596728913767 29.9470670528339 27.033926868557 13.4924007188779 9.64197691984358 13.76010990965 19.8933939171553 16.7175825421387 15.2787140152857 18.2342194374074 20.8738795950331 20.0559026598473 13.5777732491377 6.13387302604708 5.0272536579295 6.96992200446099 5.56705652937818
13.2420925003687 13.0538880321046 18.4130323367732 14.0312566518287 9.79840551218127 8.67154779617099 7.53333945605511 8.83015701203535 9.04383015285357 8.99863149522277 7.05492528981672 8.13606688717007 10.5737840272474 10.9459525417219 14.6829166952038 13.3488730902819 9.4586780558484 15.2725234147139 24.3233008632468 21.790918850529 21.5729324541779 25.5733197306547 28.2766941110813 25.3515598516302 17.6525128101384 12.4969786303055 9.21108814494246 16.0098513218486 13.5156810667796 23.4221732159453 30.8079538166122 32.8599639300223 20.300235242859 17.9805094471637 19.5534315809719 17.0706969060526 9.62289757403288 6.62892529053726 12.7086389261648 20.2369933110176 21.4968603358803 15.0989370396487 10.6251646551857 11.2875351366946 12.3684828441501 11.2423674320617
12.0173262996141 10.6850059448971 16.2247939038954 21.6444838470288 17.2108683302655 8.31351311268633 11.5981636027346 7.34937286070018 9.01477329784793 8.52352561650805 8.22917738040689 6.44560792319554 14.4613793557028 19.1316912472978 18.412331467318 18.9583287661534 13.7317892457132 18.6338180105969 25.3457380457027 29.7458775885342 29.7987987363096 32.101829419503 34.2805448166891 31.1409935103445 25.1551887623584 20.1517724831987 13.177957341731 16.9251605555573 16.4769891492102 22.2435702552617 29.7937132753747 36.1850055612427 29.9612465258825 25.8219316289142 24.1262396487445 16.9946235349921 9.4337087201551 6.12224057965279 12.3613140689247 19.9907156627774 19.729979947797 12.0030493157691 5.73575340905303 9.69692805836985 17.2131164519663 18.5566734643753
17.110908990868 14.2839998049191 16.1184689498124 21.9822401294628 13.709697369763 9.70911296472125 14.2612713976011 5.92742838142469 9.06057176132245 13.2592807668297 7.08315773931267 8.0817198243689 18.7597585133407 24.397560015969 19.817273738248 21.0496025026764 20.8916056165118 25.0365714485263 31.6443035216528 27.8543909169364 32.352902131098 32.7200230739796 30.3243078140721 32.9490676639068 31.0592162261554 25.9583869921316 22.2238845595749 16.3556540171535 13.6771400325169 21.1236618425376 28.4052730665872 36.5187777154251 40.3626555553615 34.0372656107781 28.1606230573952 22.9315652711971 18.0806196264819 14.6411803879508 16.3292916620121 18.1092584855183 18.6077778844975 12.4361936935819 6.81772315139894 10.2351677590463 16.1549275986886 13.1587749186417
23.3135147408485 24.0170399075566 22.305674655244 20.101778995928 15.1943770387096 13.7705509738693 19.6908426876246 12.4546581103256 7.66960651745086 17.3113615313323 15.9753757956239 16.263667720244 18.4016234729613 17.8005120705906 13.7025317185279 12.931241714059 17.2428809840692 21.7598866418439 30.4074096847755 26.0641934870975 25.0092554058898 25.4717218967892 24.0894715290336 26.4115649419962 29.1124200965478 30.4003762393332 24.7997578676544 21.8965191681683 20.6902679831827 24.9036124375568 30.8267445257233 37.7731755760886 43.6458258935454 40.2333367150426 34.6150576808607 29.3640482378478 26.0559253150822 25.2955544321587 20.0869205875414 10.8594957654608 14.8539415557328 17.3620041581348 14.9714726617719 16.5701173304182 15.5490725829077 7.62580516915754
22.1238517893057 19.9264730987376 19.5060264790218 22.3096899057319 22.0305599357695 22.0723740669298 23.4964812637739 17.4656633068626 12.35635026099 16.8221168540579 22.4236032045517 16.6042025679319 8.14781732239728 9.92181329072024 9.79871507751452 8.54765483465839 15.0089820258333 23.2868590695901 25.8030648619832 21.0100587890684 17.0002402873442 17.0435279445321 16.5253125243604 18.3223126063271 22.0262967892247 23.9509452660727 22.4059973541663 21.7395752358206 21.4664298405039 23.7654714227407 27.5952552518901 33.1759849606734 43.2731826165509 37.7968471832978 30.7241006845178 23.8207065498334 18.3769317394978 19.1785906642187 16.10049969807 12.5027210136199 18.9869186118389 19.6163353579668 21.8751194584922 22.033246312985 17.2168977219372 10.6173322307593
18.7968220515232 12.1050298586827 15.7846311556467 18.8945344170289 15.8216053212656 13.3403605462053 15.2003751243299 18.3850620010791 20.0325424297423 22.1263587724778 22.0995310437609 13.1070070216413 6.59346725419311 11.6334484772563 16.5454603074797 16.4926768211079 19.5167713271882 13.906683861315 12.3477088604764 12.0846363128819 7.02342891216722 5.20095958448625 3.61161412034385 10.5704787936513 14.9398961172556 11.6565178180109 16.4086704348459 15.0679035172335 17.2195091472153 22.5588524945947 29.2835993425771 34.6591356018182 36.2421382853487 37.0279078456096 29.5952639604583 21.5086412384772 13.7933064103018 15.2671107164548 15.802414937546 11.3252003467495 18.3821472234245 23.3900961151177 24.5845366620033 20.6663775975936 15.5959028069795 15.916249923202
19.4634458817785 14.2798499311083 19.0203207998032 21.5202640420165 14.1762180707906 10.1330673968534 6.97670599608985 9.77755545889069 10.872913432073 14.3364938993658 12.6871314738656 7.17103728845736 9.70924667425829 11.0782673247387 8.26262102645931 14.3260343437668 18.7922483272054 11.6600312698312 5.79694659839678 11.3362236616028 12.0040028466984 12.6483343809982 10.0423581202686 10.6651207365577 4.83340627056798 8.26417980713931 11.3145435990085 6.8942864483805 11.3141287787325 18.7957891043187 27.0986036486801 33.0877869232296 43.8980316147951 38.1949819723984 30.7245179750621 22.0341534875337 11.4868381682357 10.4045096387783 12.2722747911849 12.8344332386807 16.4832047690848 15.3877985170957 17.4531403663692 19.3174241784491 15.3758525411826 12.3118395169273
22.5728276361276 22.330175732761 22.3952921859557 15.5100567637095 10.2935174105794 10.1585326784168 10.6744303731533 11.6993389988017 8.47874699478867 8.10574932286709 8.01079855691909 7.5276510356387 13.9039370946286 10.5540155392678 5.97671971721558 15.1722189924421 20.6891026388299 15.669739635165 14.0013405678437 16.0085362608168 23.1221771321948 20.5654059440109 17.8063523887412 11.9050236380528 4.49463555544104 6.9128863247543 10.6772899999808 6.45476483959581 11.9187362188025 18.5958297011186 28.9036238786833 30.7536175929042 39.3611460791032 38.4851049797155 31.7591705478906 21.2219242661683 8.15301307591171 4.12278208721262 5.95695131026161 6.60861358491995 11.9287433201579 12.1753676927313 14.1195417631705 17.8442662856435 13.7650530223095 13.3773438476272
13.7271839623614 15.3429631472694 18.3626115540018 14.9638199051458 11.1733074348516 16.2289113792464 17.7670722870314 17.6213463417049 11.0897695844387 9.37206022699461 13.595999031457 18.4244217359668 19.6076248374773 16.0447531252975 14.1078596324839 20.3543422062669 24.4245037365132 23.4167020431653 26.8796169322368 29.3312076883153 32.3220628548424 27.486732195753 15.3582289742071 9.83687640016987 10.5310425525685 12.2217184346256 15.7753338822453 15.3248304282042 18.5077377567177 22.0506029737506 27.3900170326925 24.7619061143803 27.9628382798043 34.2510268630698 33.7904881357822 25.5705347973793 20.3298972693305 13.1918533049669 12.07022092456 11.7109329201483 11.2077464089578 13.8750676281156 19.3995275406735 15.0336534768028 12.9252685174619 11.5524835770273
8.08779273167698 7.01721490401435 7.5588637946912 12.8074014425271 9.95617673554445 15.7573868695755 22.4226739110143 20.8181874949842 12.4307997420102 12.7874579219676 21.9896111633812 28.0379875679414 26.3312066447479 23.8981596810604 22.5822761363329 26.3684222403644 31.4204846648729 34.8225494604909 34.2289593771604 33.1027202531351 33.8753596409335 23.5958574720858 12.9175564692655 6.39133735525667 12.4575565936289 17.273399400623 19.0017942094899 22.9750628669346 25.5874145823279 21.9373865135575 21.0884130846392 17.8374262502558 19.8974436723093 26.825900847489 32.676259913382 31.249591891772 28.6518582885473 28.0919071182134 22.5928194467947 19.2734213377513 19.4709945219943 22.6992549362802 15.6518118503031 9.91043525642495 10.5803075792038 11.2458097917919
