IBR/IBR_outputs/all.combrep_1/EucDistWater_Total.VRM_Total.WeatheringIndex_Total/EucDistWater_Total.VRM_Total.WeatheringIndex_Total.asc
NCOLS 160 
NROWS 95 
XLLCORNER 210004.651214014 
YLLCORNER 7350008.22228844 
CELLSIZE 4999.99999999997 
NODATA_value -9999 
[rows 63 to 83 of 95, columns 46 to 91 of 160]
16.0806192492548 16.5794710269933 11.2095407211404 10.7896693991954 11.8044884291829 16.9932381346085 24.0869786667665 17.2072643292143 11.8404022947587 14.4138193359058 18.9102570781834 23.2615412905824 30.3519280916991 34.5955477688164 32.6007668694977 34.6716411988264 35.5751684260562 34.9231994335772 34.2484474953184 36.9808585196804 34.2535536473432 24.0369580824515 15.6256484574575 16.5363670306635 18.0854346026982 12.4764515814518 11.7846624076609 15.2557324788193 24.5466157503259 16.0054555072069 12.9118753527305 11.7064651282117 8.65496674138461 21.7257151662545 29.3058791881894 35.9472356901064 36.4506682184676 35.6628422394802 35.4661731934351 31.2477122914521 30.2017273662567 27.1359474056267 18.1352931643275 10.8474296783376 10.441700089815 9.52988521830048
15.485955593154 17.9852133794017 11.2826199523417 9.82440844101298 12.9162377252948 16.8855836610606 21.6747972614107 15.4153825715419 8.44311526941325 8.93095422658488 9.88315098868781 12.7119267016683 19.2327232730457 26.4820667392101 32.381416189261 37.4038078573126 41.9595166428247 41.202911602665 43.3533453078775 40.534926450616 32.4998814015505 25.9430085725626 21.9495459845391 23.9256957372284 16.9568147421851 7.85290780755965 5.92782727570352 10.4699681506536 19.3892649906715 13.5357171329511 7.83728213203338 8.19439461887916 6.11946533523746 12.2268082393023 22.615225734574 33.4817209661322 31.6291266723742 35.0047232544953 35.8312598463772 37.3979976186308 31.5610669771095 26.1647134338698 18.5215166615476 12.2043104203221 11.9217285571964 13.8093827263179
17.9245243979583 19.5609331676777 17.1201198278548 14.0320840899279 12.3258545215828 12.5079882175105 19.15923307336 12.4387243652968 9.48698471561297 11.8797786346191 10.410898784206 11.6565340202704 18.6295475268382 29.19766827711 36.7137918332325 38.8389465510927 39.5699158280782 36.7523561756407 31.4915942361482 27.76009495276 25.7463683358755 26.6599439996891 28.6859052802193 28.7919410731573 20.2656540821767 15.9602526444664 12.5731550654531 13.2765229404397 16.2321636994102 8.70124455545275 12.2434499263338 18.1320818453596 12.6124174811437 19.8759441638288 25.9845479974832 30.8407412076892 22.0054887755076 25.4014819629778 27.6616621121432 30.3860690933998 31.6710316039557 26.1221534075032 23.9929357631361 19.3148963264515 15.4590632112304 22.1111415277461
8.22817469523987 7.79387949910797 12.1770237935378 11.9824846487099 15.9012664911141 16.3473228846065 20.1930006979356 12.4795251835434 11.3366138092236 8.65418452173955 5.62022894768587 12.7066088197664 23.4657649287009 30.48143679296 33.5410036967917 32.0687333975346 34.8154010619734 36.3326418576013 27.7750263813215 24.9232146052614 24.063078005579 23.4475006072865 28.1730010145044 31.0814407137962 27.4258318825955 21.5236502652442 15.1449423217642 15.5837088103738 18.2744384470072 11.7891010047156 15.9839378376079 24.5637521126222 25.4859768415902 25.2036778435778 22.6365023193159 21.4458471820995 16.699169122951 18.0001556057566 19.6137271696392 21.6886863117376 25.1777345238675 27.6666142835224 27.9364275317029 27.4551987971189 22.2412035226725 20.211468478085
4.89746450184899 3.81629738482518 12.3509686272837 15.675838718293 13.7367379871525 12.2793381012785 19.152929689821 17.980732848398 17.1973287577502 13.4144036051595 11.9287634382395 18.2722237944435 26.2317524693347 28.7474516326552 26.8892216937706 29.6015736281765 32.1824332338537 33.5983579865839 26.25086903647 19.2676668726524 16.628260913937 15.6866936991864 20.0082541243859 25.3750318538164 24.9052904524326 19.5978229312399 19.742518441305 24.4174855662328 19.797908654199 14.6529465750116 13.6995561241962 19.759152494161 21.5897225300768 20.1605582210028 22.5228973120002 15.65567162686 9.78937105237391 6.52536466255391 14.0108562619046 16.1941511818007 19.9842779324576 26.8213210364762 31.1793171622275 24.1728246780737 16.2616189912104 15.3964417345583
13.2342322154908 5.90817709123572 6.1702290533488 19.3497449376634 16.5946565499834 12.5901130682204 12.4450181466326 13.7478590531506 20.9770688430287 22.9850278580933 22.9750686096279 24.6575139414403 27.3112088030709 20.2840685577643 18.814970700791 21.9990885932451 23.3697386563151 24.7401902793337 20.5404217998816 17.9651108557836 8.2328854946582 9.64768070296846 17.5354606597945 30.508536026527 35.8536072600901 33.3886452676836 29.9211674552199 29.6069228162208 22.9517481289657 14.0862233122146 6.53672255253848 12.6657274301355 9.2226523910881 9.22975771151648 14.4298790671615 8.73016606170044 7.13116527634388 9.13011575848749 10.9491956338087 13.336200680866 18.1305465284169 27.9330297300297 30.7833389596667 23.6392702164249 16.0589455559355 13.0722931706693
9.3819092937315 8.29411190168573 10.5058802648725 21.3789386637867 17.0677133010936 9.32019126898838 10.0210782413414 16.276976209013 21.5990998207654 18.6568609744208 18.4941237159524 23.4316413399556 25.937101276002 16.5629749274788 9.5179041787655 13.5081137644782 13.8157467200392 15.0702368102127 11.3840388633965 12.7067894632126 9.78319352786253 10.7690395743099 16.6652886700299 25.1649843817194 35.1563194540763 35.7432360958616 28.7452186740769 19.9890159557445 12.5929901145827 13.9107091636128 17.428989999997 18.4286941130689 11.3717810825142 11.2032927277048 17.0116887956787 10.0822281650097 13.1772612281395 8.8384285271738 10.7114040899868 9.95127602794486 21.0876441903719 31.0169456016062 33.8076384785994 27.5495496332234 23.3041121899297 17.2609263695885
9.87295878193899 6.07233193407876 9.76908448072324 12.8903838345 12.1158496516972 7.78886159491546 3.63392733611959 13.8203707049596 21.0056993735187 14.17792767294 11.0143502369039 16.3569601429852 20.5606408332834 15.2414835627778 11.6018390895003 10.5070920645545 11.3120788443479 11.9576874624555 4.74466190889921 8.04921025430197 6.14832582336636 7.19532800287322 12.1976259743833 17.6934966983676 30.8800856873215 30.8809857394768 24.722175675643 17.9156080102349 7.4236716557092 9.48991943414594 19.0966656621261 22.6406341239255 17.5430992463318 15.602325573769 9.18241910353384 5.06601136483019 14.0820258683095 16.9983546919441 15.5949292989992 16.843567751247 21.9410219522564 26.5259647310251 33.4484388563819 33.8497392978354 29.9230867070217 28.8286879589955
7.5234196151552 4.58712143708455 4.59597744755602 4.90970228236501 5.31426722612005 6.6825314602284 8.71378228859713 9.42001875174963 10.4771519232851 12.3847433167775 15.8220480592594 20.8660898156392 20.8501680259077 12.5099613540713 13.13651698529 17.1206676989731 18.2157930476663 17.7182817333314 8.01141717723786 6.73326612941087 8.46570177315969 9.57549978542161 11.7593914276048 16.5027973782527 26.6611556256232 27.0429965526695 17.4324349506248 12.672723443174 14.4104229370731 13.1424462647429 18.4539962828311 24.9140860666538 26.1732801896093 19.7049597112621 10.4622761043618 4.16067068261987 10.0259558862653 11.6787946655958 9.18307643127017 17.7259266588451 23.8192833749506 29.1415944033366 31.9104691419097 33.3211534229902 30.5987498172794 27.383858822122
4.63193746837993 8.72922814083976 11.4017931601903 10.7811926382756 9.26181016441451 10.2722714926536 10.0708697625876 4.41725027554334 4.48741672711617 3.47938280184368 7.37567165965969 14.6689541659627 18.2247340036854 19.6495015177669 17.5011960711552 14.8072591019955 16.9185149913721 21.3998492303445 17.785332108198 9.69342390180884 10.8598323545698 18.9638297814806 21.5049121939447 21.9509488342532 25.2811066414535 21.4384797438895 16.3799107829636 12.8365526251565 13.8778516373268 6.54434348619356 17.1546617773639 24.7891254634293 26.0197558677995 20.545063559807 13.8940983753355 5.68776654970378 11.8980572798395 14.2922158140092 10.1617682352195 9.71825430508205 14.5083905592801 26.684784754025 35.6765938896464 41.9938698978289 40.9755361904596 36.3113766585558
10.5914284012018 13.9619171051753 19.6812242433661 20.0098634212333 17.986971784654 18.3683341899153 16.4122156953572 13.40117024768 10.4861021946406 7.48649875915845 5.03925904295815 8.88974902243329 10.9479874611609 13.8136794944513 10.4969384657939 9.04234858888982 13.2615797462352 19.8499632594611 24.3653583539004 19.9652279622937 19.8621006338192 18.4288436167436 18.3749110300845 20.6452491081866 22.4892944920705 13.8513016032225 9.22886192690953 6.75123036665655 12.575445067836 11.6171841054198 15.418532198862 22.1603280072918 24.5787160196858 16.7241722910557 11.4216644485957 9.21011763774445 17.8875664446669 23.2217041874175 15.5680524432346 7.06989186166654 14.6600504609382 21.9399612556918 29.6219248346347 41.9137516532713 47.369992113524 45.3837725710428
7.81975039547294 9.75904962655171 15.4531923656689 21.0996162467134 20.9127132899214 20.4380245810361 20.1409550390491 19.7047894713437 17.2087642122343 15.0848313906243 14.8210531885686 11.983002003991 4.88241905653541 9.639608417703 14.9776280729886 17.9894642129575 16.9330520894065 18.734669791378 20.3170187617395 21.021422879001 24.2253898072307 16.4473694810671 9.41301093144678 10.7200875598657 17.5366743631993 14.062736997715 11.3884785677043 8.66239202858992 7.51865853175144 10.5626289162329 7.44692419024123 17.097952083332 19.3941935921098 9.90768385756463 5.49427914387444 15.4613952679198 24.0485147385034 26.4560868008176 16.6831338360294 17.7569392662751 21.9684503523404 28.7145381157973 35.3231409696996 42.592109457167 48.2503434059009 47.2493559275974
4.76996160815133 5.09488871860576 12.0099704765542 13.9686840293308 13.7960684767008 13.3425608596488 13.6336637073637 17.8339061050775 19.5647594120134 15.5914658356431 14.9454093783024 16.5172009607726 11.696058600351 13.0449561780227 18.36136970185 20.6698035654141 21.6626852810654 13.9737714923567 12.3997841253757 13.4202405136775 16.5416883307324 14.635591425109 10.5597157405789 11.4056520554632 17.7376684246731 15.1090805320273 16.5211437487993 13.2185259410252 8.46822647929337 7.26680144409895 8.03094112167627 14.5772014503762 13.7272301945159 7.01903221985432 8.59950148180177 19.1268229019983 22.3681366090956 27.7238507856957 25.5275861090651 26.5783680733624 29.2744931115232 31.3871450441827 38.2993153108565 41.4884068745705 47.8939323181018 53.5839642788875
7.00122809159748 5.37461410910521 7.02791968960785 5.00754297117822 5.39493268710785 4.93096417948113 6.50026947270948 14.7343722563487 17.7726149038928 12.6233818847205 8.36649917224554 14.8282273183282 18.5429111998122 20.7409635540758 24.1655646626164 24.0084736773147 17.2355904075878 13.0422903767045 4.94587386194782 7.77305596099637 7.39389297198903 8.50808070255975 9.00244964440272 16.8210560305908 20.2661670613397 18.4502626047853 18.9007642004409 16.6548015751905 13.3007341207653 9.51800626154405 12.0651016559739 19.7792688520152 19.8480547506641 11.8904348339068 14.1778966326558 16.586296296037 20.048383964597 23.6511604024692 27.7788305473862 33.85020870281 35.3427019645674 39.6592678631466 43.720295735937 41.4669312175118 48.5522979595737 55.082459769864
2.83954116878818 2.10945636713267 4.546946969749 5.03336819484409 4.08675796940852 2.1168837681877 5.52285546868075 13.7605588769159 18.4782547009229 13.5662100904466 10.9849661454086 14.8653436537916 22.6734871647992 23.7890744124541 23.7929229987524 26.7554316295582 21.0604394869214 15.1044443709946 12.2568526805097 15.7655450117506 17.0795774987424 18.3303088135332 12.064712942517 12.6693003097005 12.5620794032889 13.9273802736108 15.945730893054 19.6415138706166 19.5879137755664 23.1521612402194 23.2480282143911 26.5964603658334 18.7995649399509 8.56020145122246 5.14965409334267 11.8651798055826 16.9316720445154 22.5242590332047 24.568745541417 30.9241999676081 39.6597113296517 43.3595396904345 48.3484662457621 52.5991951125371 51.4429854907847 57.3146470427122
4.57818118841829 4.32210732416837 9.29050455968926 14.3516537263394 12.4148998023208 5.35964955375842 3.63476009920963 10.1995278736949 16.649334834432 19.1360143548035 18.1507276735286 17.8573845182743 14.5189581569495 14.6049138629816 17.4084902647486 23.9949647781056 25.5702018871731 22.5501276746972 20.9623857303113 19.8900498033857 19.120080748959 15.4464494644572 12.4157267008718 12.7521939357873 9.51091865604232 9.51784789476745 15.7276644547434 16.2536640298607 21.9637704873616 28.8041363574044 25.4503165552986 21.9886874824712 13.7494370633483 5.86908415851718 9.31448252377798 7.895855473757 7.31445756902173 15.8037854898514 25.9519526580526 28.3821628920485 35.1598934819838 43.2418676003665 51.0504695140944 55.7835760418415 56.8575184299523 57.6372452275641
14.3108124560963 12.2193853778748 8.75173559989666 16.0206205634554 23.0715950617144 17.6281033298397 4.49123581970836 8.0225521347653 10.2622957491818 14.1965641020727 16.087537146236 12.36890018011 7.31383373823068 5.62037765836682 12.8675620094368 20.7576718855987 27.795607397215 29.3986540170781 30.3136147081216 29.2364554186921 25.0796711129742 17.7629897343125 12.5683534603411 12.4096774494139 15.3154370869888 18.9377497615911 19.0119445256507 13.1336183180658 18.3583684198595 27.1661675582109 31.1411294408427 23.3255985226833 15.0331683424566 7.43220667614454 5.54411353776978 4.44340417831238 4.49474876260042 11.5110420535459 19.6844560766977 27.1294360314532 33.9857164693703 42.5483254011107 49.4121963078897 56.3436051663309 54.9624421860005 53.1516191889011
15.5874506533848 12.5892678062137 10.1154830476513 15.7798267417613 22.2749042334441 19.1570810083873 11.8219092527907 11.7565575414912 9.58264500813231 9.68480223439659 9.56368394635984 4.79609026848009 5.69512314189021 7.70430884810394 14.0488163425456 20.5296922554022 25.9126570741589 30.1211107125309 33.7201169877308 33.7939819848963 29.0947857335296 23.9771424251544 21.1543562370667 20.1284595180584 18.4223157774822 15.751976344687 10.670626818326 10.592404494021 18.5839039415642 23.3719731587975 25.6186359744215 22.1809790496987 13.8270077449499 5.33501358835802 8.92147161021225 9.28314993398068 8.85785377899773 13.578318561845 21.5330785343172 28.178088160295 35.2910500833414 41.7349518627356 51.6290248906337 49.5226099836201 51.1319639527457 49.1417310037345
13.9191840437543 11.0336865137521 9.50623238690807 11.3654025211281 15.1576244472497 16.3413895542059 15.4517783643808 16.2037858911749 14.3517275685185 8.63308062129811 7.82047600119481 2.53494753807079 6.1668255083392 12.5751241327854 13.2107664306299 15.221089028713 20.5364197159108 26.895232775657 31.4523157746472 30.4750567437697 32.3670154807829 31.2230804759391 28.473334928332 27.1459019007325 22.4009124036105 14.8971818077634 8.21656766308235 12.7327721209245 11.1616667557469 9.16952794822595 13.6788358332343 13.2778732204318 14.6674457673842 12.4987782643208 16.5602978792725 17.6913642750459 16.8307692170283 20.8373272476726 22.2472496704006 27.5462185935845 32.5818023606002 42.8261979602284 47.7223773129589 47.8152715859004 43.1330095991527 42.2803667510798
10.9688716817552 9.18358405011642 12.8296309463735 7.74043867846521 5.74419433379106 16.5993504480837 13.9345037004782 15.1418818317434 13.9992833294273 9.55433273600727 12.533225692197 13.0468408237753 13.3149488839386 8.65185191911601 5.41569579982086 8.00222730860338 14.509080759445 20.267195255786 23.4463597604478 25.9403902578746 27.4203353038613 32.1161672588414 31.8850528911709 30.8645745652221 25.1996108723069 19.1231938806691 14.7637175095794 13.1259548244101 12.758311963627 12.1735054983303 14.6134130978301 9.90496802397447 11.9879695983739 23.2005908303441 26.649855709438 20.699595312293 13.6829004227366 12.1522204383752 18.9897531062424 26.5404021085973 30.2654197828347 37.7610604056793 41.3853064856267 44.9000105612166 41.633690845658 33.2417553733922
12.5486114739888 6.4982438997838 10.0957213360815 15.7033609439791 12.3760979652288 8.42396117375197 10.7268984918871 16.1516156733391 12.6554029424477 13.1232242562042 10.2801037281438 11.2893856212416 13.5854023064769 10.1078360305908 9.22483246602093 6.21637954092167 8.3299695036665 13.8730050264245 13.7166033559945 20.1236189590589 24.6612807274797 24.1592183633586 25.0219851347381 28.238574832638 29.2321934821542 25.2692616667145 22.4359974551356 18.8522700205866 17.2266728300899 21.9886263967361 21.7601123295623 22.8067483349743 23.9277294538013 28.5601466711088 30.5024568357335 21.9748814904018 10.9062919661351 6.90845561045769 17.0993072979893 22.0382813808403 25.5514589230552 29.6931961789452 31.5703757816906 34.665617866661 31.0060258986614 30.1376705481081
