0.150024 0.690868 9.9991E-05 0.145033 0.0139742
0.0473647 0.835925 0.00792385 0.0674893 0.0412973
0.162925 0.603728 0.0290101 0.1727 0.0316372
0.259979 0.711547 0.00686408 0.0215099 9.9991E-05
9.9982E-05 0.923292 0.0740766 9.9982E-05 0.00243106
0.106698 0.817267 0.0758355 9.9982E-05 9.9982E-05
0.212018 0.699836 0.0364255 0.0516203 9.9991E-05
0.138205 0.794243 0.0137725 9.9991E-05 0.0536794
0.0525344 0.681092 0.116965 0.146649 0.00275997
0.224356 0.535209 0.00408849 0.209823 0.026523
0.444523 0.342906 0.0725228 0.0744702 0.0655787
0.318941 0.415596 9.9991E-05 0.237111 0.028252
0.883494 0.0147078 0.0344873 0.0348814 0.0324294
0.26421 0.482517 0.0829749 0.170198 9.9991E-05
9.999E-05 0.65871 0.0987003 0.183421 0.0590687
0.193099 0.649198 9.9991E-05 0.132709 0.0248942
0.140285 0.639151 9.9982E-05 0.220365 9.9982E-05
0.0343549 0.862721 0.00837011 0.067903 0.0266509
0.21484 0.0592402 0.104205 0.539083 0.0826316
0.266164 0.0698479 9.9982E-05 0.663788 9.9982E-05
0.0713228 0.234847 0.00404616 0.680497 0.00928673
0.122982 0.0590231 0.0295855 0.788309 9.9991E-05
0.0332272 9.9982E-05 9.9982E-05 0.912875 0.0536974
9.999E-05 0.0938534 0.0124014 0.852984 0.0406615
0.135287 0.175414 9.9982E-05 0.689099 9.9982E-05
9.9982E-05 0.111996 9.9982E-05 0.882311 0.00549385
9.9982E-05 9.9982E-05 0.0599649 0.90461 0.0352252
0.0587717 9.9991E-05 0.0473441 0.86643 0.0273544
9.9982E-05 0.0830196 0.0378657 0.878915 9.9982E-05
9.9982E-05 0.0672604 0.112778 0.819762 9.9982E-05
9.9991E-05 0.0783735 0.0583875 0.841518 0.021621
9.9991E-05 0.0980355 0.0631005 0.791553 0.047211
0.0188645 0.103596 9.9991E-05 0.806856 0.0705838
0.329759 0.41574 9.9991E-05 0.170645 0.0837556
0.018147 0.659337 0.0580135 0.264402 9.9991E-05
0.174604 0.63371 0.05536 0.136227 9.9991E-05
0.224779 0.62756 0.0410282 0.0663675 0.0402658
0.325566 0.451428 0.0699231 0.124177 0.0289062
9.997E-05 9.997E-05 9.997E-05 9.997E-05 0.9996
0.210678 9.9982E-05 9.9982E-05 0.765961 0.0231618
9.9982E-05 0.710566 0.139532 0.149702 9.9982E-05
0.198911 0.62406 9.9982E-05 0.17683 9.9982E-05
0.279042 0.31374 0.111776 0.277353 0.0180891
0.705001 0.0254172 0.115513 0.103129 0.050939
0.954357 9.9982E-05 9.9982E-05 0.0333352 0.012108
9.997E-05 9.997E-05 9.997E-05 9.997E-05 0.9996
0.273841 0.425908 0.00796766 0.197165 0.0951181
0.523207 0.267355 0.0818997 0.127438 9.9991E-05
0.224201 0.283981 0.0925794 0.372413 0.0268247
0.22593 9.9991E-05 0.731731 0.00457639 0.0376629
0.113638 0.00886837 0.79785 0.0655104 0.0141333
9.9982E-05 0.136493 0.861642 9.9982E-05 0.0016655
0.228198 9.9982E-05 0.722944 9.9982E-05 0.0486588
9.9991E-05 0.0177331 0.848537 0.0754677 0.0581625
9.9982E-05 0.0507164 0.855701 0.0933829 9.9982E-05
0.00733969 0.264543 0.727917 9.9982E-05 9.9982E-05
0.0919332 0.048889 0.814081 0.0189314 0.0261655
9.9982E-05 9.9982E-05 0.876908 0.0835801 0.0393114
0.106462 0.0975739 0.75495 9.9991E-05 0.0409144
0.235318 0.114628 0.593064 9.9991E-05 0.0568904
0.082197 9.9991E-05 0.817909 0.0929339 0.00685971
0.160488 0.0687393 0.691842 0.0788307 9.9991E-05
0.653407 9.9982E-05 0.290445 9.9982E-05 0.0559475
0.0126228 0.128557 0.0572208 0.780035 0.0215644
9.9991E-05 0.138576 0.0383073 0.790542 0.0324746
9.9982E-05 0.161919 9.9982E-05 0.819501 0.0183796
0.163068 0.0875132 0.713663 0.0125805 0.0231757
0.422479 9.9982E-05 0.499432 9.9982E-05 0.0778886
0.152396 0.0206623 0.727838 0.0881525 0.0109513
0.247915 9.9991E-05 0.703168 0.00150495 0.047312
9.9991E-05 0.118423 0.832389 0.00185682 0.047231
0.624965 0.224211 0.127612 9.9991E-05 0.0231116
0.838217 0.0398515 0.0770889 0.0447429 9.9991E-05
0.917955 9.9973E-05 0.0817451 9.9973E-05 9.9973E-05
0.956963 9.9982E-05 0.0136779 9.9982E-05 0.0291592
0.856764 9.9982E-05 9.9982E-05 0.0995007 0.0435355
0.961866 9.9973E-05 9.9973E-05 9.9973E-05 0.0378336
0.769288 0.11982 0.0496632 0.0433035 0.0179252
0.268205 0.0471324 0.684462 9.9982E-05 9.9982E-05
0.390161 0.0603833 0.426322 9.9991E-05 0.123033
0.166609 9.9991E-05 0.762476 0.0531952 0.0176197
0.100853 9.9991E-05 0.749871 0.102829 0.0463467
0.128285 0.116091 0.695725 9.9991E-05 0.0597987
0.241655 0.0290922 0.00797221 0.690907 0.0303727
0.518083 0.106822 0.288051 0.0869443 9.9991E-05
0.833264 9.9973E-05 0.166436 9.9973E-05 9.9973E-05
9.997E-05 9.997E-05 9.997E-05 9.997E-05 0.9996
0.210068 0.640275 9.9982E-05 0.149457 9.9982E-05
0.107166 0.695855 9.9991E-05 0.157394 0.0394841
0.270171 0.523804 0.00587632 0.150674 0.0494748
0.255815 0.36115 0.112569 0.245803 0.0246626
0.0901063 0.731443 0.0697261 0.108625 9.9991E-05
0.825265 9.9982E-05 0.164892 0.00964261 9.9982E-05
0.163106 0.192614 0.0313156 0.561549 0.0514153
0.777319 0.00193047 0.147786 9.9991E-05 0.072865
0.363492 0.201617 0.0780424 0.307693 0.0491563
9.9982E-05 0.842334 0.00808553 0.14938 9.9982E-05
0.302304 0.673964 9.9982E-05 0.023532 9.9982E-05
0.278556 0.564793 9.9982E-05 0.156452 9.9982E-05
0.349692 0.575437 0.0351615 0.036256 0.00345372
0.474773 0.503088 9.9982E-05 9.9982E-05 0.021939
0.30431 0.601348 9.9991E-05 0.0765026 0.0177393
0.719758 9.9991E-05 0.192578 0.0645618 0.0230022
0.589069 0.142588 0.157706 0.0230105 0.0876266
0.668254 0.0685665 0.194442 9.9991E-05 0.0686382
0.655149 0.129485 9.9991E-05 0.192248 0.0230177
0.395218 0.276191 0.163884 0.164607 9.9991E-05
0.0137353 0.467541 0.0873265 0.431298 9.9991E-05
9.9982E-05 0.179412 0.786474 9.9982E-05 0.0339145
0.193047 0.0277901 0.727329 0.0400338 0.0118002
0.673797 0.000953802 0.169051 0.149682 0.00651582
0.614783 0.0701182 0.130926 0.155761 0.0284118
0.474613 0.0425045 0.166225 0.259193 0.0574644
0.333262 9.9973E-05 9.9973E-05 0.666438 9.9973E-05
0.268455 9.9991E-05 0.622929 0.0519209 0.0565951
0.198686 0.0698029 0.720922 0.0104883 9.9991E-05
0.416629 0.0852899 0.497881 9.9982E-05 9.9982E-05
0.168486 0.355872 0.0263504 0.3913 0.0579918
9.9991E-05 0.687632 0.0484597 0.251944 0.0118649
0.173373 0.746391 0.0544428 0.00559053 0.0202028
9.9991E-05 0.813149 0.118555 0.0644126 0.00378416
0.0612193 0.526023 9.9982E-05 0.412558 9.9982E-05
0.19075 0.625934 9.9991E-05 0.171258 0.0119571
0.0517766 0.754595 0.0395638 0.153965 9.9991E-05
9.9982E-05 0.902445 0.0900787 9.9982E-05 0.00727612
0.12133 0.481131 0.0210122 0.376427 9.9991E-05
0.238105 0.641892 9.9982E-05 0.119803 9.9982E-05
0.23302 0.589213 9.9991E-05 0.119729 0.0579385
0.312771 0.573537 9.9991E-05 0.0834476 0.0301439
0.1002 0.503279 0.149938 0.246483 9.9991E-05
0.191615 0.672222 0.0646235 0.0234535 0.0480856
0.367228 0.364569 9.9991E-05 0.263261 0.00484169
0.0353199 0.795426 0.0619201 0.107234 9.9991E-05
0.15343 9.9973E-05 9.9973E-05 0.84627 9.9973E-05
0.0124367 0.0953032 9.9982E-05 0.89206 9.9982E-05
9.9982E-05 0.0510705 9.9982E-05 0.930004 0.0187252
0.0347957 0.111179 0.0729239 0.743252 0.0378497
0.0263858 0.117314 0.0674562 0.770911 0.0179328
0.264131 0.62146 0.0904505 9.9991E-05 0.023858
0.251739 0.550925 9.9991E-05 0.160092 0.0371445
0.0731215 9.9973E-05 0.926579 9.9973E-05 9.9973E-05
9.9991E-05 0.0719071 0.842441 0.032227 0.0533245
9.9991E-05 0.0957972 0.867178 0.0248755 0.0120496
0.270093 0.0714111 0.644208 0.0141877 9.9991E-05
0.0145535 0.0753175 0.872054 9.9991E-05 0.037975
0.121556 9.9991E-05 0.772904 0.0935673 0.0118732
0.00334197 0.0528986 0.890168 0.0293084 0.0242826
0.10569 9.9982E-05 0.850996 0.0431135 9.9982E-05
0.0342205 0.00230055 0.863168 0.100211 9.9991E-05
0.0468509 9.9991E-05 0.847553 0.102036 0.00346053
0.100771 0.0466899 0.795274 9.9991E-05 0.0571655
0.0745993 0.0882886 0.765707 0.0498824 0.021523
9.9991E-05 0.131636 0.785097 0.056685 0.0264813
9.9982E-05 9.9982E-05 0.88931 0.085791 0.0246994
0.084515 0.0635968 0.826783 9.9991E-05 0.0250051
9.9982E-05 0.113116 0.852541 9.9982E-05 0.0341438
9.9991E-05 0.0516595 0.875775 0.0537448 0.0187212
0.750571 0.0516946 0.156911 0.0407236 9.9991E-05
0.938168 0.0615317 9.9973E-05 9.9973E-05 9.9973E-05
0.1031 0.0606077 0.836093 9.9982E-05 9.9982E-05
9.9982E-05 0.254666 0.719682 9.9982E-05 0.0254518
0.068179 9.9991E-05 0.846322 0.0651317 0.0202669
0.633779 0.198112 0.16791 9.9982E-05 9.9982E-05
0.094354 0.862836 0.00946668 0.0168833 0.0164604
9.9982E-05 0.780018 9.9982E-05 0.199443 0.020339
0.184562 0.322753 0.0582761 0.434309 9.9991E-05
0.139944 0.24502 9.9982E-05 0.614837 9.9982E-05
0.223314 9.9973E-05 9.9973E-05 0.776386 9.9973E-05
0.0226995 0.0713377 0.0698294 0.836033 9.9991E-05
0.151542 0.067029 9.9991E-05 0.772988 0.00834108
0.206495 0.0400854 9.9991E-05 0.740451 0.0128686
0.145649 0.0137847 0.0294331 0.774211 0.0369222
9.9991E-05 0.0632925 0.0964423 0.814401 0.0257643
0.0527299 0.779265 0.0483125 0.119592 9.9991E-05
0.126452 0.707286 0.0663536 0.0505163 0.049392
0.171414 0.733807 0.0308609 9.9991E-05 0.063818
0.294729 0.703252 0.00181926 9.9982E-05 9.9982E-05
0.236307 0.735172 9.9982E-05 9.9982E-05 0.0283208
0.453669 0.53549 0.0106409 9.9982E-05 9.9982E-05
0.280279 0.476854 9.9991E-05 0.224945 0.017822
0.292303 0.407721 0.0430276 0.240733 0.0162158
0.316357 0.56293 9.9991E-05 0.0544672 0.0661459
0.279127 0.518669 0.0294353 0.156767 0.0160024
0.182444 0.589697 0.0679427 0.12178 0.0381364
0.156302 0.00822784 0.0443321 0.635024 0.156114
0.135668 0.0589843 0.766158 0.0226184 0.0165715
0.0776799 9.9991E-05 0.806544 0.0873672 0.0283092
0.131333 9.9991E-05 0.847671 0.0179171 0.00297909
0.148906 0.14051 0.687392 9.9991E-05 0.0230926
0.0280797 0.0779663 0.796739 0.0727285 0.0244869
0.177073 0.369332 0.099382 0.302882 0.0513312
0.221935 0.450672 9.9991E-05 0.287466 0.0398273
0.0912912 0.679864 9.9991E-05 0.14783 0.0809146
0.27428 0.428602 9.9991E-05 0.271561 0.0254564
