9.9991E-05 0.0233325 0.189159 0.787409
9.999E-05 0.0615968 0.133226 0.805078
9.999E-05 0.0343837 0.277287 0.68823
0.00590166 0.0261234 0.0142682 0.953707
0.0140001 0.0188853 0.0499926 0.917122
0.0458074 9.9982E-05 9.9982E-05 0.953993
0.0310182 9.9991E-05 0.117776 0.851106
9.999E-05 0.0405165 0.0250153 0.934368
0.0805202 0.0336048 0.180266 0.705609
0.0630071 0.0470626 0.266924 0.623006
0.168506 0.065673 0.14889 0.616932
0.0497425 0.0341391 0.248904 0.667214
0.33676 0.0422867 0.117006 0.503948
0.105875 9.9991E-05 0.279662 0.614363
0.0350617 0.0400218 0.236396 0.688521
9.9982E-05 9.9982E-05 0.155006 0.844794
9.9991E-05 0.0169043 0.234642 0.748353
9.9991E-05 0.0390501 0.106821 0.854028
0.189441 0.0702146 0.564714 0.175631
0.0193585 9.9991E-05 0.739512 0.24103
9.9982E-05 9.9982E-05 0.813349 0.186451
0.0409106 0.023605 0.87028 0.0652042
9.9982E-05 0.0613087 0.938491 9.9982E-05
0.0267712 0.0451253 0.899538 0.0285657
9.9982E-05 9.9982E-05 0.795976 0.203824
9.9991E-05 0.0163804 0.947882 0.0356378
0.0702381 0.0209902 0.908672 9.9991E-05
0.0783737 0.0312481 0.890278 9.9991E-05
9.998E-05 9.998E-05 0.9997 9.998E-05
0.109244 0.00768268 0.857602 0.0254709
0.029181 9.9982E-05 0.970619 9.9982E-05
0.0438894 0.0324701 0.923541 9.9991E-05
0.00614966 0.0715474 0.880183 0.0421197
9.9991E-05 0.101716 0.21511 0.683074
0.0104791 9.9991E-05 0.3217 0.667721
0.0176061 0.0164395 0.161772 0.804183
0.0485062 0.0190174 0.153898 0.778578
0.154066 0.0151131 0.177675 0.653146
9.998E-05 0.9997 9.998E-05 9.998E-05
0.0700867 0.027794 0.886272 0.0158478
0.117072 0.00766563 0.204236 0.671026
9.9991E-05 0.00129427 0.229025 0.769581
0.174058 0.0343857 0.345401 0.446156
0.337984 0.0535226 0.167506 0.440987
0.278546 0.0163153 0.0902052 0.614934
9.998E-05 0.9997 9.998E-05 9.998E-05
0.0290981 0.0844197 0.230434 0.656048
0.23001 9.9991E-05 0.171798 0.598092
0.131434 0.0355926 0.40741 0.425564
0.836633 0.0337312 0.0538013 0.0758341
0.911017 0.0397716 0.00806773 0.0411439
0.865853 9.9991E-05 0.035621 0.0984265
0.80229 0.0719759 0.0138038 0.11193
0.859689 0.0486608 0.0915499 9.9991E-05
0.906427 9.9991E-05 0.088034 0.00543913
0.777007 9.9982E-05 9.9982E-05 0.222794
0.914973 9.9982E-05 0.0848266 9.9982E-05
0.889238 0.0718401 0.0388217 9.9991E-05
0.881329 0.0500486 9.9991E-05 0.0685222
0.68803 0.0354088 9.9991E-05 0.276461
0.897691 9.9982E-05 0.102109 9.9982E-05
0.782654 9.9991E-05 0.0905323 0.126714
0.506667 0.115648 0.0234026 0.354282
0.0151552 0.033795 0.798868 0.152181
0.0179397 0.0467859 0.819895 0.115379
9.9991E-05 0.0193178 0.891792 0.0887902
0.780893 0.0290778 0.0702433 0.119786
0.655046 0.0879956 0.0495579 0.2074
0.816224 0.0318718 0.151804 9.9991E-05
0.836587 0.0662485 0.0112783 0.0858861
0.874913 0.0433232 0.0304093 0.0513546
0.345394 0.0148762 9.9991E-05 0.63963
0.306946 0.0304063 0.0978029 0.564845
0.358754 0.00587305 0.0837618 0.551611
0.30904 0.060323 0.0519164 0.57872
0.27491 0.0465269 0.125597 0.552966
0.35685 0.0356566 0.0786477 0.528846
0.268944 0.0241922 0.179223 0.527641
0.736032 9.9982E-05 9.9982E-05 0.263768
0.591048 0.121599 0.0656739 0.221679
0.857918 0.0230776 0.0617347 0.0572693
0.811789 0.0630698 0.125042 9.9991E-05
0.763044 0.0603971 9.9991E-05 0.176459
0.0614981 0.0409124 0.79642 0.101169
0.463133 9.9991E-05 0.150973 0.385794
0.386685 9.9982E-05 9.9982E-05 0.613115
9.998E-05 0.9997 9.998E-05 9.998E-05
9.9991E-05 0.0101409 0.221341 0.768419
9.9991E-05 0.0395731 0.194003 0.766324
0.0115263 0.0469376 0.250687 0.690849
0.109553 0.0602032 0.289888 0.540356
0.0361145 9.9991E-05 0.0704671 0.893318
0.462057 0.00915363 0.0513075 0.477482
0.0724154 0.0438514 0.632589 0.251144
0.365771 0.1018 9.9991E-05 0.532329
0.118029 0.0502074 0.391893 0.439871
9.9991E-05 0.0265702 0.219739 0.753591
9.9982E-05 9.9982E-05 0.086643 0.913157
0.0279171 9.9991E-05 0.188614 0.783369
0.103665 9.9991E-05 0.110506 0.785729
0.0159696 0.00896366 0.073742 0.901325
9.9991E-05 0.0103148 0.146727 0.842858
0.410565 0.0257764 0.0795624 0.484096
0.325973 0.0929588 0.176434 0.404634
0.384128 0.126658 0.0347929 0.454421
0.105606 0.0174917 0.294401 0.582501
0.239771 9.9991E-05 0.206574 0.553555
0.0560402 9.9991E-05 0.550094 0.393766
0.799733 0.0349322 0.00628314 0.159052
0.810982 0.0384709 0.0591953 0.0913516
0.343227 0.0151166 0.147342 0.494315
0.317022 0.0316571 0.157757 0.493564
0.292006 0.0881681 0.300969 0.318857
9.9982E-05 9.9982E-05 0.823581 0.176219
0.792328 0.0608128 0.14676 9.9991E-05
0.810942 9.9991E-05 0.0734305 0.115527
0.64374 9.9982E-05 9.9982E-05 0.35606
0.0262178 0.0700736 0.512253 0.391455
0.0321426 0.0167598 0.395629 0.555469
0.0513075 0.0300368 0.113418 0.805238
0.0827846 9.9991E-05 0.128572 0.788544
0.0136601 9.9991E-05 0.417953 0.568287
0.0183813 0.0375365 0.244446 0.699637
9.9991E-05 0.0011421 0.20314 0.795618
0.0481664 0.0296834 0.0371826 0.884968
0.0316056 9.9991E-05 0.436002 0.532292
9.9982E-05 9.9982E-05 0.187164 0.812636
9.9991E-05 0.0363657 0.250649 0.712885
9.9991E-05 0.0232558 0.087355 0.889289
0.111167 0.0201623 0.277192 0.591479
0.0561092 0.0581974 0.120312 0.765381
0.0760572 0.0180203 0.298764 0.607158
0.0141773 9.9991E-05 0.18539 0.800332
0.0224969 9.9991E-05 0.931061 0.0463424
9.9982E-05 9.9982E-05 0.971773 0.0280268
9.9991E-05 0.0317514 0.939586 0.0285629
0.0430511 0.00429906 0.838051 0.114599
0.0627257 0.0355026 0.819903 0.0818689
0.102673 0.0228901 0.0528133 0.821624
9.9991E-05 0.0366789 0.219645 0.743576
0.998346 0.00145399 9.9982E-05 9.9982E-05
0.847774 0.0353689 0.0718728 0.0449844
0.896277 0.00584034 0.0106231 0.0872592
0.744392 0.0124964 0.110125 0.132987
0.911967 0.0490635 9.9991E-05 0.0388691
0.840611 0.0276172 0.131672 9.9991E-05
0.93938 0.0321912 9.9991E-05 0.0283288
0.87531 9.9982E-05 0.12449 9.9982E-05
0.885773 9.9982E-05 0.114028 9.9982E-05
0.890072 0.0076243 0.102203 9.9991E-05
0.860674 0.0553368 9.9991E-05 0.0838897
0.783562 0.0543985 0.0551965 0.106843
0.838074 0.0156165 0.0936842 0.052625
0.908131 0.0118473 0.079922 9.9991E-05
0.887999 0.0214572 0.019833 0.0707111
0.953206 0.0237618 9.9991E-05 0.0229319
0.895259 0.0190349 0.085606 9.9991E-05
0.41002 9.9991E-05 0.093577 0.496303
0.244652 0.000280152 0.0452703 0.709797
0.942109 9.9982E-05 9.9982E-05 0.0576914
0.746133 0.0133381 0.0338751 0.206654
0.985629 9.9982E-05 0.0141707 9.9982E-05
0.344245 0.0141603 9.9991E-05 0.641495
9.9982E-05 0.0263706 9.9982E-05 0.973429
9.9991E-05 0.0548709 0.218863 0.726166
0.0339947 9.9991E-05 0.532738 0.433167
9.9982E-05 9.9982E-05 0.694648 0.305152
0.00124403 0.0067768 0.921011 0.0709677
0.0346124 9.9991E-05 0.949166 0.0161212
9.9991E-05 0.0118717 0.855466 0.132562
0.0183864 0.0429881 0.782963 0.155662
0.100421 0.0466812 0.796233 0.0566649
0.0670435 0.0543907 0.878466 9.9991E-05
0.00280647 0.0256112 0.187583 0.783999
0.0450291 0.0519064 0.101505 0.80156
9.9982E-05 0.054362 9.9982E-05 0.945438
0.008074 0.00610161 9.9991E-05 0.985724
9.9982E-05 0.0097632 9.9982E-05 0.990037
0.0660284 0.00285744 0.0318651 0.899249
0.000805607 0.0221773 0.26489 0.712127
0.0602873 0.00987277 0.188298 0.741542
0.0287425 0.0544864 0.107893 0.808878
0.0533343 0.0157344 0.258266 0.672665
0.0730374 0.0289596 0.128778 0.769225
0.0884535 0.118851 0.697465 0.0952305
0.812099 0.0329885 9.9991E-05 0.154812
0.845694 0.0559103 0.0982959 9.9991E-05
0.943747 0.0124242 0.0375682 0.00626047
0.785052 0.00923134 0.0138649 0.191852
0.852505 0.0395894 0.0609775 0.0469277
0.131665 0.0260222 0.407944 0.434369
0.00568632 0.033433 0.39249 0.568391
9.9991E-05 0.0752752 0.155185 0.76944
0.000851465 0.0673575 0.340498 0.591293
