IBR/IBR_outputs/all.combrep_1/EucDistWater_Total.FireFreq_2000_2008_Total.PersistForestCover_Total.VRM_Total/EucDistWater_Total.FireFreq_2000_2008_Total.PersistForestCover_Total.VRM_Total.asc
NCOLS 160 
NROWS 95 
XLLCORNER 210004.651214014 
YLLCORNER 7350008.22228844 
CELLSIZE 4999.99999999997 
NODATA_value -9999 
[rows 63 to 83 of 95, columns 0 to 45 of 160]
-9999 -9999 -9999 -9999 -9999 33.779386112528 42.2584032453911 52.3793325443645 57.2213110972393 46.5671933471927 33.7620762247785 20.2513999070879 16.3142436573184 28.6841758284638 31.7119510488963 37.0943733266285 33.5982985849489 33.6072105838182 38.7086635131715 41.2960381536665 28.946586743593 15.513892493476 16.368327634248 26.1716277042624 20.9500830543245 23.7449808891207 27.8952914793554 17.3535718689139 49.0383593890177 25.9594888196997 18.9330271361014 18.0013919572881 26.9422201894853 24.2443435478043 18.5395410240581 11.9971504401005 9.85941793967229 12.0358698263659 19.1463914508077 20.5615094523943 20.7722905981166 24.2340454956097 18.282063321913 18.5179993798399 24.2402302536036 22.7255155615205
-9999 -9999 -9999 -9999 -9999 23.0345991058421 35.3505946790131 47.572960213358 57.2833129034732 50.3713695215371 39.5376491198543 29.7787210328249 24.594947880187 44.9715874143729 29.4044230354684 29.6107869409883 35.5261325445735 49.5239084822854 50.2409610116495 46.0188716091425 36.351481350826 24.8232939785339 22.7687195407524 26.427478184612 12.5424517627823 17.8917638251987 22.179571543433 12.7895019562454 11.7242900926337 17.4394162539109 15.6492372360366 18.8820329425115 18.7051475165126 13.7716584787605 12.3762453003198 28.7042760330886 11.1120399604836 4.69849668275693 19.572612839233 31.6482956139766 34.5263394092458 28.3102756723414 26.5590380811343 34.0601142651103 30.4699009455722 30.1317966987352
-9999 -9999 -9999 -9999 -9999 19.0807828579527 33.3217667048682 46.4283274815216 58.171353512456 57.0260354406289 48.5656279487909 41.6624627741471 37.6451458879448 29.7736495942539 17.5677690332825 15.331757108231 23.8424552066941 36.1895192763055 48.1105804904676 52.794602827477 50.8894968275484 36.8168106635577 67.7745711989146 49.3517063952822 18.1897952660556 20.0759811480313 24.8373852341811 21.4360772826905 16.4977689732794 22.1089213274365 15.1704672164852 9.98789090679285 8.67605373422906 8.36960515658451 13.1323648577224 11.930464829271 9.5187678394427 5.92666462100638 10.1869434531632 22.3803105992838 34.2401680014595 32.2876039649789 27.1183290092153 22.7489861505128 12.9934247727409 19.4473709201848
-9999 -9999 -9999 -9999 -9999 24.9017415743534 36.8889816823665 48.8145094255101 60.1040020538854 64.5783800244973 58.1984650804179 49.9187463436939 38.447426397381 25.4030245624062 11.5997150930016 5.85521848959785 19.6223630213336 34.2681714515684 46.7801808588634 56.7036118570416 51.6573245086079 40.925958416332 36.6731720088107 22.2213231462788 15.4556222764438 39.748323799831 31.2578098795778 49.1713147395004 24.2139256328674 12.396289776787 27.9275621439971 13.8230920669598 8.75018909741663 14.8156078816724 22.7925403230868 25.8802462139336 17.1757641242129 11.4829202791124 9.33531289793858 10.4557709884347 21.5802927790303 29.4901360143717 13.1716771537863 12.8650143229507 15.683544432082 16.9345141792001
-9999 -9999 -9999 -9999 -9999 35.7390146085884 44.289735671742 54.083050727745 64.1260625931301 70.1550970890107 61.715707670536 49.9389031078804 37.1777421263953 22.9875426001747 8.31898892724221 7.40706106072105 19.934379567979 32.553350089063 43.605573864269 54.7598540716762 53.3758092226548 44.5296713303983 27.3207460532198 16.8981815187706 10.5550187290282 18.414101873466 24.6477211506482 41.622396165614 30.4088604265086 16.0376527256169 13.823031486578 11.7605194989591 14.3687460220086 12.0557849331216 25.501984308885 34.0759405929438 29.7486813436116 22.9336320406138 15.0153786737021 12.550736237077 11.7466942887181 18.8464718259052 15.7601852377327 28.3122351770786 10.8759780199097 13.2839939473637
-9999 -9999 -9999 -9999 -9999 47.5313023401592 53.5096484766474 61.4159804874065 69.9333912352095 72.8064309117309 63.2194578808193 51.9576176371948 39.6389059778834 27.2008890008449 14.3920467515539 4.67901476863205 12.3039206006023 26.359610947785 41.2378824019588 52.6618223910436 57.0470945619056 45.6111266077184 34.2039137358316 29.2309153477355 18.6587926043897 7.94689624804676 27.4961854812531 27.6544935037458 24.2698424348528 13.5521745504002 13.916762396198 8.06611624103822 14.0547373888299 17.7809365800707 27.2694219840318 39.1808357685993 44.3645914976598 35.0844964394697 37.3317111068132 13.0766263563628 6.90590027847234 9.27468837448105 15.7201640840099 17.934865987473 22.7908869232517 22.3987452517112
-9999 -9999 -9999 -9999 -9999 59.2152911695335 63.3603201818893 69.3653757626591 76.4452360941292 75.9131883091726 66.4037559734083 56.4284856255782 45.5998511962122 34.7904559794897 23.6173593460489 12.1568599612562 10.3786369004675 22.7539918140052 36.6819933954737 50.8958044325323 57.952344221883 48.9776836807127 35.810131916809 27.6699448541338 23.3378779977154 15.8550051026871 15.443527561376 14.6106477539839 14.5599205854386 11.0505379797622 14.3734864104724 8.5287159969118 12.6519097861434 20.2432456250837 29.3491367284774 33.773883157735 39.1265968028344 44.62819718689 35.651402387891 20.7627011532679 8.643533701906 10.7182674953317 8.40238956190049 14.3962744743957 14.8546446696989 13.0576277079303
-9999 -9999 -9999 -9999 -9999 69.5506342849997 73.096064482367 77.7147280140683 82.5135523734207 79.4125697034939 71.0279501431308 61.2780013370507 50.0670448274926 37.7620120410938 23.8526324779685 9.2639599848611 7.73925916855083 22.342951356318 35.7540171061263 48.9303922430414 56.1248490720149 46.5989774937812 32.8308483997751 19.9776345253887 15.7736937892339 21.5209914911826 25.8105619771691 12.6257567132807 14.7360674275873 22.6395329655378 20.1694019058111 21.8783507906014 15.0537502598937 19.8338321967868 16.7563371695695 23.1059901938332 30.4983007426668 32.6567655164774 38.9727525683116 35.4510303196789 21.5907545345516 18.353990029489 6.23861202851262 10.9005723121595 19.6940182112079 17.655956049129
-9999 -9999 -9999 -9999 -9999 77.0285890665943 76.8595943400991 77.2122088327548 78.4100263749379 79.2131847193733 72.8402235778229 62.5320951248501 50.9725421982189 38.245161567337 24.3281463564847 9.2612509913302 7.82017195831651 21.4242302606304 34.7816864751444 45.0290979487308 51.4629236758255 45.361889879594 34.9995101079424 28.4047877416446 26.627286830028 26.6471434212392 25.7852320002369 25.3697631679459 25.535660123171 31.3658495969968 21.0636943845661 24.2319171097964 9.31612222290109 12.0883452836232 17.6046348535903 9.05091242582235 11.8426621757316 21.1814790161596 28.2044038280094 35.1733097064973 34.453862918826 22.600407470899 11.4572310583907 7.30740866159944 18.67733126007 22.0929148870971
-9999 -9999 -9999 -9999 -9999 69.8842180871393 67.0063670154282 66.6356847039598 68.324594690005 71.5470210788418 72.6808906259829 64.0963810128978 53.0768964776544 41.0297771824889 27.8294590451104 13.7615781646317 4.54650715477076 17.0713298629109 27.9340372275018 31.9469166595556 47.3897817968076 38.2567198018814 27.2774942982414 21.9730790213769 28.9419145489381 33.0786788481231 35.8000430998674 27.8402806533569 19.3507288498244 27.3294634292289 19.4320219975728 11.2494948103523 15.1274786189905 17.9942152153514 19.8200530356167 22.4772945092316 17.1051783985656 18.5322705152252 14.3250593331339 28.4292318250343 31.4230005166 26.582381641916 15.7793886205363 8.05592829624436 13.3968972564175 14.8898280618879
-9999 -9999 -9999 -9999 -9999 59.5237895064122 55.8949136138903 55.1100730633316 57.2180473916814 61.7428211475958 67.5114340614465 66.4706338611716 56.4031831542354 44.8399552218023 32.2127546783382 19.1517196403129 7.95389847025472 13.1845896126066 19.308703246745 17.4951643268525 25.5775400084162 31.0384011670187 20.914606816033 13.4012609076257 19.7708424030759 31.2650284984181 36.4173183117844 22.3513311412132 8.66263489991812 15.0105258548017 19.1238906137941 9.07495290635376 17.828362854834 9.72961370973856 16.1069956757919 32.6400798379997 20.6752662845705 7.88748929971042 6.8622305104175 17.7243047850847 22.252947853221 14.9513594257696 15.0655597653466 4.17338877579457 13.4785046152859 20.9476285361717
-9999 -9999 -9999 -9999 -9999 48.9079166791888 43.8621130557713 42.6709244709578 45.8615307975577 51.5985988926352 58.8147271415649 65.6766009221272 60.0238838391941 50.5878562894948 39.0252954247839 27.4294673906377 16.2509385256393 9.71637862859289 7.74538554054435 9.85400673856395 22.7127779779368 28.3316816360593 23.3143586799919 18.0695525143188 22.7211007899417 34.22377843823 38.5931992431691 26.8724939647382 20.0165526491837 28.5653837952714 19.1518547196423 16.2927022732306 17.0887668247525 14.3060519433038 17.8918533699912 28.6149261815096 12.0628756086919 9.58178338705663 6.11534878476356 9.38026303895064 20.3111293071568 24.8945966696645 15.0657187094835 5.14053251795643 10.2775865361673 15.8429221048988
-9999 -9999 -9999 -9999 -9999 38.7343579804698 31.0575110713636 29.0997219229189 34.3165037745264 41.6083156623523 50.9688681803446 59.1336372950167 59.1586603975682 55.2231410056955 46.2797844937151 36.1700636931607 24.1523584042892 10.8665992434974 6.79684629372377 12.8777487102906 14.6018514042795 16.9996541680867 22.7542825502786 31.4141106103473 32.9402089500708 41.5627420621231 44.3948525783186 34.2653867075327 26.0120681547622 34.0291253519244 23.8785516211979 22.0659645493522 23.2890549633566 21.5040279995837 20.107680597208 26.2441640123141 18.1893477828141 16.9813573580867 14.841989103664 14.0023612328921 15.3084403700188 27.2177392614502 32.3485487933563 13.1646434347221 5.95151717197081 8.98625025987455
-9999 -9999 -9999 -9999 -9999 30.7241979962324 18.8071960335906 14.6803231920303 22.1242596060402 34.8158880228936 46.1277399349344 48.9182106102316 47.7891872360183 49.8441985179789 50.8869041422742 42.5529077069092 32.0066086468307 19.7316378975928 7.3062723635079 5.14893061264076 6.93051200637223 9.19805276072735 12.494874462935 27.031692691478 37.4920411200838 48.4231868084051 43.8875563716322 30.9150640762001 18.975420928712 11.5960518439164 22.5857358398637 17.5222880750025 21.9157019989056 13.3607542049725 10.8057965799618 13.3996709447903 18.2551020475167 13.5105178558755 21.3771981118631 15.390626338885 10.3441776922431 6.46303774291897 26.874568652514 21.9305247513439 9.35678793095801 11.9054149386133
-9999 -9999 -9999 -9999 -9999 28.9816066565295 14.4062850029873 7.91703645094975 16.0635996125687 29.8808364975464 42.774115668563 36.8252952464648 34.1893802296516 37.7908964062943 39.1227850549357 42.4654376189435 39.274518725471 27.5266517690241 15.9795744050445 7.64455614827316 15.467233736213 14.4060477702774 15.1104637455626 25.8328297181901 37.3908744271343 42.4089982156148 41.0289519349476 28.4509693795138 18.4845631222753 16.7358079650021 16.3978035226649 11.1251662017422 14.2581104620549 18.2400995876065 21.8476010597972 22.9902729601467 23.8790522265313 25.5024259193516 22.8748456230063 23.3975244637464 27.0961264220646 30.9519508915526 26.5936273879033 17.9987443308599 16.4857151033125 11.1763350154208
-9999 -9999 -9999 -9999 -9999 30.817032188901 21.243879316335 16.4088700738119 22.1564840893164 33.3117931143063 33.8834401252719 23.6922917180319 20.0457918826756 24.8322250821108 25.3830325356442 32.3083295372983 40.7640129721862 33.9816187673514 20.9989789520628 8.84809707770463 9.08829079093402 16.5375587560909 23.3673785309808 25.5082097089486 27.5085726994751 31.395329212336 32.1117250467906 25.5339326595393 12.3711297107857 13.5704018334031 20.9089102459389 11.4189140690087 10.0956296481053 24.7047481051093 25.6659635511507 20.7897828655691 13.2452249673151 20.1984031744968 16.6616639915527 28.5576080418672 35.9626561841146 31.9164881749212 25.6256764489003 17.6206844001951 23.5782740236947 19.9463503000625
-9999 -9999 -9999 -9999 -9999 23.2452282800487 18.7982193745515 10.6669469478532 23.0828946467664 33.0273220550758 27.1426367734399 15.4259245363766 7.67309475031287 12.9824166242654 11.5209698109352 23.2865851326623 37.3915114707861 39.9653228068705 30.0209428244113 20.1891578040988 10.7930691613027 8.79395606974713 10.7261326334453 13.1471202387884 11.6211241524363 22.3473014547688 27.3866973659944 16.3435636304045 16.1442049384756 13.9494665109704 22.8094344297294 15.7362856703619 7.06702049312395 14.656095443318 22.8082779474903 15.7477414936509 19.0874374388653 18.6426667817774 14.9257424509637 21.7199834194625 31.4057490919598 29.0966895884627 25.663241448996 21.7620695110627 25.0577473520594 19.7401463035462
-9999 -9999 -9999 -9999 -9999 -9999 9.18861486476063 12.5236755303815 20.9531652362998 21.2393542559669 16.8384777895129 7.88505572919214 5.10850241661702 9.26813980424993 12.3386392808091 23.6986402425695 36.5775825883695 47.5001266612912 39.6056756010986 29.1683675535836 18.6150700111451 9.89780625384967 8.30668706779462 13.1508708179179 12.1938822332731 11.0989567891463 17.2147090908917 13.5450021847007 12.5781469288921 12.9443155561511 19.5158809826273 15.5095470226759 7.1193242876688 10.1318489794432 10.9868047551882 15.3094759692605 20.8452639560612 14.2060522544424 20.9005818346751 21.700635903312 18.0156374758826 13.3437482317683 30.7792896964711 26.6765264950996 21.7604339784447 16.0240771710311
-9999 -9999 -9999 -9999 -9999 -9999 -9999 17.241589508457 10.6083330255959 10.0890656043687 12.5977182716276 6.60249871079098 5.47283681460942 8.70317721563202 23.2561178279019 55.7439360022443 47.6663603943056 42.7707284981995 43.2729672231257 38.6521641755737 29.8543352202277 22.4260783074275 21.109667480771 23.6817728616375 8.03697997136691 8.00012324723382 19.0255388436402 14.7046160090227 6.5044606950193 6.12727744817362 12.5420205293088 20.1192182302494 10.9757244869186 8.5738504035901 16.6291189128016 19.8641224786405 26.4118165738872 20.226407935595 17.8105909527583 24.2795967367087 20.1253519696109 16.8842423068973 22.0738268118729 19.4824796428774 15.9480190784567 25.6726300064206
-9999 -9999 -9999 -9999 -9999 -9999 -9999 -9999 14.7987484804381 11.9928637665764 15.0461450141819 12.6472159567691 6.82383190465353 9.61108178159758 19.6280123413201 46.7701738905388 54.1617148381109 27.9380864413518 40.997678696958 49.6577707831143 40.9459734812783 36.4077534548924 35.1021505532377 33.1449007281575 21.4931309841208 8.74665638129391 5.68013924709908 10.2634719949246 6.45771350329048 13.1598782319998 23.4757174112036 22.0411747708964 9.20834894751859 12.7562741400446 15.8815802461904 15.4815437618838 27.1722867036079 26.3831487187501 10.1810338116183 14.275491635525 25.5854981647877 27.2997549950806 27.0747987023255 12.3023789667615 15.4045282258467 21.1845310112329
-9999 -9999 -9999 -9999 -9999 -9999 -9999 -9999 -9999 24.4809114831154 28.1801928236194 21.9342253138924 12.2728565218748 8.0060172840487 19.1210340730615 20.789534092052 18.0485531582006 18.2684522653273 27.4200381131571 42.4177396123138 64.2624907034585 48.7456040134708 46.0920366187287 38.5726215715676 30.5819289653504 14.256769903735 9.97221423443015 5.05093011713434 7.01833766735195 11.3682286930354 25.5018560980354 25.9123309790701 13.9887977203848 11.9367102253171 21.7129127573643 22.5562759682718 22.1262093133399 13.9882191462893 10.944616644067 10.3306970638346 20.0804781952736 23.5950966706564 14.5871760088555 13.7923348490507 11.5986330960579 16.8151588318078
