IBR/IBR_outputs/all.combrep_1/EucDistWater_Total.FireFreq_2000_2008_Total.PersistForestCover_Total.VRM_Total/EucDistWater_Total.FireFreq_2000_2008_Total.PersistForestCover_Total.VRM_Total.asc
NCOLS 160 
NROWS 95 
XLLCORNER 210004.651214014 
YLLCORNER 7350008.22228844 
CELLSIZE 4999.99999999997 
NODATA_value -9999 
[rows 42 to 62 of 95, columns 46 to 91 of 160]
11.8308846939746 8.42392021380651 10.1254072025255 7.47552174792955 7.73054044573209 9.52439690835804 6.63653651142112 7.42141371904003 13.1676118999014 16.8017541994888 16.059428100699 16.5886836139567 17.4458339716136 52.8145319414372 39.4106325878997 23.2242042124278 34.7449215099721 34.7866974400235 33.066620877443 32.6281336773699 24.0541293388007 14.3987313684668 10.7841992482198 6.05185033234355 7.82194091288271 7.26833586829543 16.161087943134 11.7361035852291 12.2723307516864 19.3822286202965 20.2066336294751 21.58230593646 17.7413610741284 18.1748712961757 14.3965068403968 19.0630964389179 18.6565513721988 11.4337942884069 8.31933768546275 10.2239663205233 7.28749549620682 18.9639895362995 29.1546309160077 17.4572110620808 9.51889996846366 6.80118557785808
19.2473668081524 16.7639726301207 13.7634035832106 7.05119254767584 13.738675807185 8.76701189597495 13.4403778033673 19.4389590986403 24.5937257728972 30.8784076323924 27.6432965231409 27.4058729299542 21.0805381367947 14.8043428359309 40.5294210851718 28.4900127335337 26.7871335567331 29.4641741363378 23.9573278704058 24.442063240886 30.0963069966736 26.1819646881878 14.6681958982448 10.5036224860487 15.4325057198062 14.3318112861195 19.0504723081708 11.0516664636017 24.1879002740488 22.3404183306429 13.5247066728651 17.4151894722754 21.6985907747766 19.9552366532393 11.8059329501107 17.5347799792073 20.1306727507636 22.7278432199619 27.9112806988208 6.55980087657959 20.0237755137127 29.9045785603476 27.4781520438104 21.9213069083732 10.1092499009365 7.29222377486102
22.1743552075674 23.0373989690619 18.9321081278492 11.6968475222926 16.9684409211262 21.5194042925889 24.1516271635844 27.3854824233976 32.8053960172065 30.5048676528926 24.311660198624 26.0627232438795 30.583061085944 26.0532955331751 23.7081511169395 32.4586748728583 36.6623763511668 22.8898351141827 11.0040351754726 14.3022963731062 25.0734558325419 30.8463756310129 14.6194931516565 7.44345028556516 7.42468687677731 9.75603056437691 15.8993390218695 9.59017968723312 22.085934961479 23.0119015649484 17.2598350580439 14.4458575063208 20.3234234283676 10.5004318287685 10.2746629541914 13.9406972196892 12.4004028006044 13.4145378172674 20.9926559937232 22.0467392148975 37.6803312547759 29.9362087571408 24.4351109089007 32.5012729769914 26.8492591749402 11.3590119099734
18.1857955219184 17.7278261744595 19.1961712789691 11.4897077230179 14.2938578725776 18.2346125725125 16.4621362982452 17.5411357967498 27.368424167143 23.7749285778244 26.9854423612053 31.1048372786997 31.4280944222929 37.0419378408087 29.6420442385189 16.1504196800469 34.1642199775981 38.8089242482734 12.1797091255649 14.8076158914779 20.5666191217113 22.2059646030378 29.5207388259715 19.8078359864318 16.0205930332809 14.7074517258191 17.9080422357363 9.12045989055948 13.1171464338005 23.7252850113601 23.7945160219522 19.7992030794026 14.3577039144573 12.4724081143986 10.0324163219063 8.7754302840585 7.84577934823344 13.0849374377807 20.8924137204834 17.8387069123377 17.5106870310849 19.9225874150952 23.8705686845161 28.0159024350892 28.4018817163404 13.2149655765167
29.8698864699747 26.0900129895933 15.6495180139021 12.0809728054334 8.5136464791517 8.64142454550747 6.68887730126658 13.9662721536463 24.3158902932186 33.9613737931959 23.9278474004357 26.0921486871708 40.0287592837571 55.5781342079142 31.3384390912962 25.2927355145754 18.395293794971 28.2624434887392 25.9210260929378 13.2845242014157 7.30197771036873 5.3690218905063 16.7523707134814 21.3731543927586 26.8835663401486 28.2489156326506 28.6523543661057 14.0399993682477 9.58741551330314 17.8168268226156 14.1328226374126 14.7979509983519 19.3991705474262 12.7835825993313 8.63756264158909 7.70801999173865 9.36977744145872 15.8308182727475 10.2478795226467 15.6287215327776 17.0038641401736 17.9829303984982 19.4924863973345 14.6192041789561 15.7216477124712 7.67839251811038
25.4199653027441 18.8221889508324 15.0963905662857 18.8216558048857 16.6344446036829 10.9983807254956 10.7871480452763 34.6109546233427 24.740365311125 19.7630774264573 25.2487314296141 19.7474911246522 31.8758796460664 43.4108805841909 35.5947694645144 45.7498533073793 29.6020288016702 29.8354323130625 25.6891876508681 13.0996975142837 12.4689636303302 14.0612566728757 8.70920706270704 7.2748722104627 12.4267638707522 20.4653000471165 26.4524297040191 14.7052460371686 7.9182911121769 13.1147033058223 20.5866940802327 19.1764125040465 20.6914653137221 11.2859092635831 9.99904534020119 15.4205643476296 12.2430416430076 8.96121699400471 8.9558534377005 19.9284890282091 21.5710067207496 22.9891647124452 19.2048923758447 16.4603571062688 17.824645373338 14.5570551015079
15.6907065396224 8.56029948621642 10.470659766476 20.882111300032 27.600864679941 21.3197295275955 15.0880788840805 35.2615370438383 24.7573834429 15.1149370351279 18.310502501319 11.5989073235232 22.8799616255138 27.2892958868355 27.2117605009872 38.9738560511525 36.7703050973673 48.8648986923553 56.7203199229519 45.6376278904747 33.6700031628742 28.2069049378014 19.6855394085258 11.7703261978934 7.25097234314018 5.23158614979382 11.9913022090191 13.6653665360405 8.37955132275333 18.6099605729175 23.6376577942248 37.465259534371 27.8600305739283 13.793280717324 6.32490057132099 14.6098428134463 11.5197627063716 9.23725237412869 13.337795181225 15.9914310095884 12.0284577885352 11.161357253119 19.1797395004969 16.5577974933092 19.3339450167713 17.0266341095903
34.8004332591501 27.9065443622812 17.576412211546 21.9906150317628 33.4962155964276 33.9858803913843 23.4991738861239 32.6253798900406 14.132024637342 9.30110421980694 16.4724462777865 16.4374714959958 23.2067776491571 13.5753407166448 12.6415114431404 25.8413476490032 49.6028294887799 64.2132753409916 69.8344584252152 61.4601490737309 61.8521867539215 52.5972015428831 40.9184698535994 26.0550200123731 19.4880718788372 17.0924955997742 18.6401925905282 22.5091420391871 20.8969219269416 23.3009022645958 30.6928959071476 38.6749859993498 31.0295820002143 26.5400908053027 14.1047472998773 8.82444993166188 12.7989195955037 13.4242308048938 14.1182280384197 8.419410187698 14.1801613728776 14.5176913947882 11.0487373903011 10.1676834199684 15.1867957101658 14.1895343436242
46.3332397293497 35.3271329143833 22.8529025790978 22.6683716180244 31.0667669638763 28.6228483275603 27.8112482572977 27.8461518438743 13.0931389938693 14.3821808733981 6.71212787355059 11.116559835024 19.839108986505 12.8597717847108 10.7387470427693 21.6849628864901 44.2188353791802 56.6021323407387 47.7774592275318 58.4305259748362 55.2383188398137 55.3729741535615 58.6576201088396 51.3522360850541 35.1885656859938 30.1168419783653 37.6549615484724 59.4290950376861 66.1825520268567 61.9986171897771 54.6528610248517 35.5287578000727 27.3563787646842 38.1179292805713 10.1277363671109 11.9982467604109 19.2438773533768 26.0620320700633 21.5291173118295 10.4335805992208 15.9571764523327 21.4893165279891 11.7826034545523 9.37343096379867 10.7264217279735 20.132937040947
35.6006807492161 32.1107200095997 21.910221114709 17.5543144175465 25.6621918956728 13.716786745508 14.65564216252 23.094908098758 15.8855045754547 14.3596876451807 11.6593506457882 12.8343812544718 14.6992808631887 7.66024697157873 9.64239610678159 11.4892621136497 24.870787290242 36.0696534871351 41.1140690103465 43.7357010814096 38.8137539782492 45.7602562480109 60.6515470351862 53.5179769637023 42.5406224502364 28.617883296477 56.4140639493697 41.9948754278097 46.9138423755134 52.8317449281877 64.6066682553645 42.3965114422697 17.4245417034327 34.1511932350133 22.4705534063399 26.7797403732486 33.6345262325096 36.6797701957409 30.7742361916367 24.7714989730872 30.7350848170748 26.0183623348298 14.294285362175 10.701814645416 9.99564622206607 16.8906427943987
25.0040358472577 27.4792561146717 32.6438627183798 20.1632808577371 17.5834236892311 11.0708641757748 12.784939584149 16.8470622594102 17.9770217829967 17.7488120520827 12.1451873694022 9.71700792534367 11.665087225501 11.8224870107949 12.4377314554783 14.1828408558286 19.3601625825201 27.3676600489934 33.589111280324 21.9635133512938 27.3429201830171 44.4176276170614 44.1858276207727 47.385985874763 21.2364345646084 10.166557923813 27.3164999180274 22.0955190381111 23.6603047881828 48.3572392277435 65.45595659437 47.3014152993898 22.7580459136653 47.5483947685984 37.5062543085404 34.4507775783899 30.9315522432075 27.895438694979 31.3895264863208 36.0520838770166 42.0477583532186 22.7068008274091 9.47040732811508 7.83249411417898 11.1138559260414 8.23279736716279
22.719693717788 22.561101606288 33.4577138470735 23.9292349403186 15.6387446791286 12.8797251187605 11.0088856894769 13.1898709289149 14.0864531587576 13.4792255897573 10.2645096926027 13.7154035258301 18.2242617442754 20.1048091056767 24.3193987801449 21.109675508593 14.3591026994197 24.6168500200881 43.9853710788639 40.0825448651478 44.1171583869601 50.0479606874706 47.5982356369514 43.7856885200574 29.6704678905706 19.9646089535324 16.9408821033369 33.9863718533393 21.3711810802327 52.7238986066274 71.0522306172118 70.035341330893 34.6137293111413 30.9595597678961 59.5426971558996 52.8643024007998 40.8134221221987 38.7097044621785 40.4473532180638 47.8131646347505 43.8957061045741 31.9106932735661 20.3720221317736 23.5826267001759 24.4946897233154 19.3799738722874
18.9600659160301 17.760293283552 28.5639256307825 44.0027665624067 33.9069426195691 12.5120967182766 18.0560276442316 10.6216318343307 13.6117049737791 13.1463952273427 12.645895075239 11.9072517351842 24.7265107522648 32.3905594234976 31.1318216746414 32.8905110795623 22.5218694524869 31.0362692844688 44.0720057400219 55.9275295841295 63.9890687690767 63.8950449490425 61.4202187893478 65.7770825067568 46.8115394284087 46.0118159137331 23.2976746146027 35.7157251945487 30.975095681272 44.1753291345319 58.9493399917815 74.2792957665335 50.1426027757387 44.4225533871576 41.5626876354119 29.8674388975343 19.1500084818776 24.6214953833803 28.5532316144403 34.5714743835339 58.4529876932657 30.9287921170425 25.4038795602991 40.6992338908623 40.0081844786664 36.3798665698208
31.7042371845738 22.7461317276395 25.9894022187188 36.7997497879269 21.8016833278259 14.9892803343621 24.1282458213611 8.59029347103509 13.596878182398 22.8161592111275 11.0488490717689 12.974338351687 30.5665703220119 46.5426061344209 35.6312225487833 45.9280498535383 36.6301399354733 44.1854046888293 59.4431658777442 47.7359729379484 60.5633157458473 61.6580273102751 51.3443818558461 61.8276100438642 68.7772329788767 54.4359917838912 43.6934294524382 41.3475952495239 35.1575618100694 46.7708505162893 52.4560209974508 73.3615294731266 72.1885338376335 57.5613840206256 47.8646577840885 38.4501813970498 29.7852096110661 24.8201435012983 28.087822463469 31.1784990859899 33.7077848665826 42.384617780815 40.7901607360971 31.8588808803389 36.1952184462623 36.9498573073691
43.8159689799649 41.841088388091 36.7473544400263 33.9816180547298 24.8081515671113 21.8849360136538 38.3369782869095 21.5939752303943 12.1681139722366 33.579135991113 32.0188968056588 29.0799673476238 31.2646768329567 30.170387946383 33.9673788875566 31.4151803300316 35.6749155338635 35.9155142888709 57.1609492690638 45.6894829416325 47.9921624718775 53.5700436121833 43.2146578957172 53.8161648495268 62.1060176891821 54.7660477973115 41.7798699763243 46.8751651311813 47.5582810620136 52.3766326189051 57.4309653592758 71.5904827129278 86.9152546120143 79.2672168393415 75.4697971950962 68.4953915343034 62.4519933494453 63.8130267507857 40.6298894454798 18.0151717039054 25.4532203298884 29.8691360398554 25.7612028283989 34.8835490777796 35.6559437297353 18.135873506698
37.8036815890591 35.7547911462236 31.9403009059102 39.1726844419967 36.2468887734889 37.2881070765288 45.6840293971103 29.09341354987 19.4914623359799 27.6743209415623 40.9193733974201 27.5977425482644 14.6015521745919 18.6861016423798 15.6747813245793 13.2131172909185 25.12201855481 40.1979659759711 49.1689380439137 45.2208653823503 38.9344874844999 37.8639789670684 34.703080601185 42.1490267984093 40.5889309879048 39.9569264316341 38.5142002008542 36.9176534830225 36.5386982594833 40.2483162798594 47.4886303171011 56.9855337218593 79.5115392242568 80.5003590023644 62.7176828586588 60.2442858238236 50.4119152279894 51.0945361308903 47.1439680487398 40.1319286858866 34.1918316752575 33.6519937704845 37.5750273974601 37.8976892017223 29.5266715535509 19.1785294305641
35.0505382784442 22.7349113247491 26.5938374475485 31.7018623937144 25.8909941826335 21.2555214566382 25.4358242288986 35.4860080251898 38.6497987306968 48.1505308221185 45.9734076598986 20.7559094837186 10.8864826823933 18.8038217622711 26.9866175796507 27.2535256628022 31.9756456450732 22.951624789473 19.798224884671 19.1913820538456 10.0669712188708 7.76155933895183 5.01276578031119 17.1609344485919 25.0999566415413 19.7587554291912 28.0257484972298 28.5035963677199 30.162601783393 38.8385126728074 49.9897660506774 59.714833626471 61.6623668583705 79.8089701786261 68.3894924518577 46.5680868985002 34.3839047350534 32.3087130815941 36.4983648719221 41.8437987494022 48.8696788759161 55.2750462617719 46.0068590887574 33.990625232689 26.5000333527977 27.3300900355065
33.6031396298459 24.457846949022 37.6867488255075 43.6078433164229 26.2787421373796 18.7273579225436 10.1191214338012 16.1165541629719 17.9414551315309 29.9768372470269 22.2664705763499 11.7131410639857 15.6221982760991 17.9071570611337 13.4221014192969 23.7401742014399 30.9914327292829 18.3562326575229 8.62301771997662 18.7082160296026 19.8994423533179 20.4485493819246 16.5237380783084 17.1841214861091 7.28949988670791 13.6224524572188 19.6478835981683 11.8240724334221 19.0793983184969 32.2109909873539 46.0852664010389 56.9913244690319 87.5680355602416 76.5557574143607 57.0672595598206 37.7434111751315 18.0349208629842 15.9627811492428 24.9063603945696 32.5193763603829 38.3736007185074 39.4363916299812 44.835849990281 48.4797822860353 34.2529017786792 20.33927087958
44.3079752977871 46.8946868096112 43.5406594169272 29.733261922147 18.7266755417172 17.795804608275 16.7730363604714 19.1792418708451 13.2546697549435 12.3348584242873 11.9467737616905 11.8267466020988 22.4030602699329 16.9235925247976 9.47670662581695 24.5790566771157 34.1328613870835 25.3736931871332 22.2414610475011 26.4170037907217 38.082837996843 34.1473538596755 29.5753645159859 19.7589078261687 7.01916939991064 13.0395180152189 20.0324862002952 13.2936020479208 19.9238988130691 34.3882887477566 48.3456926515986 53.0000052512827 76.5458770221811 82.0001334644132 61.4923673961925 35.1155442835606 13.2712127887685 6.14290453687746 8.66649449090306 9.51548238936543 20.7190867299214 30.9583228806029 38.5401777167139 39.4880421877516 43.568201353592 38.6436839910442
25.3271747869089 28.8457809767662 40.7417745288298 32.5435816582208 25.2407734270058 31.9434173233596 29.8071759687411 28.7354569722771 17.2596839256826 14.8372391998844 22.1620755828955 30.1905293638445 32.4577847151068 26.80536057901 23.5297835652294 33.5823857497804 40.7385691724964 38.7085744373222 53.7446959519346 61.6059098593407 63.5678147097784 53.3783251746984 24.7890051054843 16.4423465857971 17.417728306822 26.9373336708212 28.3667085239008 33.1102455897645 34.2600902203415 44.3619909865149 46.2111733412639 42.4141569888186 46.5923820287394 70.4089508102153 73.5807880663067 43.6533727823063 35.1387226269156 21.2445643122565 20.2394215320196 19.5431671315285 17.7843418143843 24.6380881033198 40.8158616009175 25.0852395883826 20.8237840903549 35.9487853159366
14.3153780053049 13.9401949097416 12.2989208039592 28.5176426118453 22.2485010732638 35.8040433183532 39.2169246960412 36.3513300698127 20.768623258199 21.7648641502968 41.5428587001881 49.894288189543 44.0233985413525 40.1874879162348 38.0732181268266 44.0178646574122 52.6722693649673 63.3230771445174 63.6821737170114 55.9702758388898 68.9688806263986 39.6071570978107 23.2910172952654 11.1704239530818 20.0885554082197 30.3018546519895 36.6064864264269 39.0561663101164 44.289512906791 37.1048036972196 36.3921518955577 29.9560162391868 32.5583269079907 49.2322385347832 64.3639544747032 54.1333302618374 53.4107562664994 65.0659107060895 37.3760627209227 32.3662061737402 31.8111138601582 41.635429000038 25.0597349606359 15.5082603464661 20.980406057588 27.8974159481354
