0,23.1057688616756,23.1890494530894,22.8958388148576,29.4996182953122,28.7392694415769,32.3523867580712,27.9971055259382,46.6616861457884,44.9402921304349,74.123619285063,49.835465969602,47.9116355221576,49.247245774116,54.6687271300541,52.222971407642,44.0559883330314,39.455906350624,41.8411732770093,44.2225118059615,36.2180050064392,34.3988950684781,34.9508152994738,59.2441121906784,64.4532808699042,73.8510158889615,67.8425768786881,70.7692821628329,46.1956412127253,43.3051244293816,42.8165760805646,49.7276509513629,57.7373031741336,48.7101884337397,49.640433311727,48.8734457618341,55.2342024177304,65.3018214623669,65.1761107460897,68.6197498794929,70.2449786356376,74.6868680949271,73.0613152606463,73.2443968440639,68.2695365759621,68.3168891333372,72.9408384835443,70.0044633008076,73.3315477500269,65.6368592269558,68.7382411840106,42.6730057033439,44.9872317134744,40.9127374535341,44.7601246283226,39.2330369815107,40.9814764248085,39.4080575720125,31.4420688711859,39.0644213829123,34.658714962676,35.3046407224365,30.4644703365096,45.2322694848795,39.6149903667293,44.4871287029299,64.864974541436,66.6101865875451,65.7017020046854,65.0957066147134,69.1698750614292,70.3958963063546,69.0379272266507,73.6556848990772,84.1364605257162,39.8128871545633,40.9757545261144,86.6859790441854,35.9094043792053,37.5676710044879,45.7346176069508
23.1057688616756,0,26.0109638011022,21.7915670148862,25.7272830699501,30.024426224709,33.2267090199005,27.2731174894198,46.9164903135185,45.1963525616796,75.3049031354249,50.1140057459768,48.1849629514966,49.5143498407201,55.9713280116151,53.4934362390991,44.6925087369222,40.1470572518561,42.4920374738651,44.9094995845714,37.6974045462295,35.958665973485,36.517214085891,60.180206327319,65.7121873479412,75.0996189672101,68.6150737338707,71.5973803688472,47.5463170845201,43.5708857413985,43.0771600531395,49.9921659185192,58.9937492499792,50.2786485425423,50.8994502707696,50.1344639341237,55.5286038776698,66.5134084149797,66.3902499458154,69.8312599290431,71.440454123039,75.8813817378363,74.2539349339308,74.4359765861461,69.4640400668074,69.515922967693,74.1371435427537,71.2017700591038,74.528764751286,66.8330509929108,69.9391094754584,43.6525531813055,45.9995215185781,41.9398449594991,45.598826817712,40.4319310480855,42.186019394051,40.5923298349517,33.1205099290396,40.7170534389867,36.4129641836886,37.0622602940495,32.3470078988447,45.8742882841016,40.0555432597963,45.1112175569389,66.0869411502095,67.8341900156199,66.924661334964,66.3176145725258,70.3521453762493,71.5786480954299,70.2285025473689,74.8466585194371,85.3073053441433,40.7604593214655,41.9433579335394,87.87365280646,37.0959879798131,39.5116000033817,45.9618657833221
23.1890494530894,26.0109638011022,0,28.5521265156122,32.43943089272,23.330356159118,29.7183327527098,24.0814692385193,47.7786483313773,46.0463045855774,74.9139537700869,51.0426010410126,49.1107378897119,50.4117599613676,55.4635090941174,52.9852476404367,45.6510368353976,41.0376255104255,43.4270446684022,45.8097878302942,37.8117605245056,35.8956331778817,36.4771783648266,59.8362156672663,65.3212749849744,74.7043329255851,68.4304302949005,71.3494895803924,47.106926793217,44.112990751541,43.6145209031857,50.6472609168825,58.5826286835017,50.0343827844276,50.3802773975446,49.6015542619705,56.4833046555283,66.1118573019651,65.9885093872792,69.4307601030751,71.0405605366561,75.4824535054141,73.8546638273935,74.0377782806427,69.0685541326865,69.1193187368296,73.7415561435538,70.805506702455,74.1331952076291,66.4372180277026,69.5421439518632,44.2679596014679,46.592470735896,42.4978233586846,46.3754230057191,40.7669486856627,42.5396215549449,40.9857665641679,31.0809129142423,40.7083075503701,36.2593992370117,37.0344859746635,32.1199761721586,46.796678093282,39.4116089730588,44.978919362087,65.6877463376958,67.4349484246566,66.5253630708078,65.9182539937083,69.9586454036564,71.1847384723773,69.8338189078627,74.4516076229041,84.9169268154924,40.2529658380681,41.4362074193119,87.3927404191637,36.1541305945697,38.6026414834437,46.8436858703583
22.8958388148576,21.7915670148862,28.5521265156122,0,21.2827826501508,30.7465976573125,33.0544066739457,28.5915400725211,44.0564668983871,42.3494862367669,72.8173442409395,47.1433570222852,45.2241842424316,46.5959471832752,53.4797675703789,51.0321571700751,41.2677765049501,36.7488065728521,39.0818223974621,41.5032622673487,34.4348849203404,32.8163992508828,33.3468528630416,57.8850686141099,63.1490146207359,72.5507268730542,66.3305446479248,69.3176961345794,44.9441668285918,41.0802956839256,40.5992644107985,47.3681784074091,56.4526798442707,47.3076068701191,48.4592725052512,47.705351650702,52.5064980610826,64.0065972910986,63.8811423643552,67.3235120897151,68.9476917782779,73.388627577981,71.763347139391,71.9453700080628,66.9679935201576,67.0165496694014,71.6394442297967,68.703747064865,72.0301621535047,64.3356977102354,67.4383011097026,40.2843046520884,42.6251080526829,38.5912531240068,42.1814125510163,37.1695825543941,38.8991937206445,37.2806679269667,31.5015768164325,37.4509105600519,33.222801226136,33.7433125810587,29.1484457534185,42.4912651588971,38.5568235389004,42.9312649946855,63.5677653215804,65.3130775461216,64.4046197252826,63.7986563161242,67.8660727261988,69.0925004378655,67.7355012481203,72.3536227456089,82.8293316668267,38.6037235491548,39.7672507278855,85.4650958765654,35.0837488592736,36.8851787322343,43.113977520215
29.4996182953122,25.7272830699501,32.43943089272,21.2827826501508,0,33.7283295588618,35.7127984386109,30.8602874197942,45.8214017780449,44.1168814650718,75.3501092791223,48.9190257395434,46.9959893042766,48.3662782315001,56.1008870001886,53.6298512781745,43.3317281874282,38.8612530630834,41.1585607769241,43.6120427287861,37.2298037193915,35.6588961377559,36.1980270121347,60.2388288342521,65.7401869820503,75.1340661350699,68.5615321976383,71.5911264818935,47.6022956556907,42.8956274306002,42.4122594893412,49.1654519385895,59.0415771137818,50.1421037570836,51.0485300914912,50.2959497458831,54.2917903348112,66.5620010321239,66.4384592289296,69.8788703738823,71.491029031641,75.9312517032086,74.3045491411432,74.4858009498984,69.5106399494082,69.5625853661769,74.1834418689002,71.2484898678639,74.5748446028534,66.8796078781336,69.9857101658782,42.6511609474789,45.0220391625466,40.9989623967555,44.4256980084327,39.7224746651548,41.4595395982758,39.8256774414524,34.3764728816728,40.3888294163308,36.2247121471471,36.7755254998268,32.248156590836,44.5609611923337,40.6977673557541,45.0632305458473,66.1310002828065,67.8778434647476,66.9685995068689,66.3618444328174,70.3995601211433,71.626346037262,70.2752074147276,74.8936246252692,85.3542779756644,40.975803527917,42.1524369828121,88.0024616588055,37.6311986271351,39.9438832056275,44.8550658396896
28.7392694415769,30.024426224709,23.330356159118,30.7465976573125,33.7283295588618,0,23.1085229552677,21.2817287796888,47.1272414183432,45.3848783817676,73.9593290386228,50.4710346824001,48.5322410152541,49.8024649855413,54.519370007879,52.0075340501947,45.4170952287241,40.7940463771427,43.1859068763859,45.5706744800394,37.6114137806058,35.6228315588177,36.2305888088157,58.6792547700471,64.4434766360313,73.8122029174538,67.2687039484589,70.1797917674005,46.2768073478881,43.1777652748969,42.6705185831239,49.8153935010933,57.6833616002059,49.6096298906093,49.3801105876827,48.590113614561,55.9486116747368,65.1771265220869,65.0561300340429,68.4969592341084,70.0914213576399,74.5332875547938,72.9032858288677,73.0863996784575,68.1226868795176,68.1768731528215,72.7973788359813,69.8616746849409,73.1899395222991,65.4926927593045,68.6011716497428,44.0428913002796,46.3768713940446,42.265941090167,46.1630520537586,40.4970762767335,42.2908706615584,40.7528544753042,28.902563765832,40.5681790764516,36.0998585445486,36.9774640401856,32.0265869524604,46.5374974407668,37.3572826836025,43.7187186312523,64.7655494260602,66.5147235120305,65.6040507320073,64.9958416130355,69.002542899102,70.2287194086422,68.8848240409421,73.5026550210106,83.9524796586957,38.9356137343077,40.1410794670765,86.3568314317505,34.628558871286,37.9936940994711,46.1875536387254
32.3523867580712,33.2267090199005,29.7183327527098,33.0544066739457,35.7127984386109,23.1085229552677,0,23.6830929381495,47.5255945675683,45.7743495251948,74.0194252806404,50.9355251091952,48.9913537357727,50.235713988656,54.5870863206222,52.0439102764634,46.1402864452628,41.5071935885278,43.9027681276578,46.2875448465371,38.3348434367428,36.2888906612349,36.9184947482931,58.5559423876661,64.5717763935589,73.9276712364404,67.1523267961742,70.0511398388115,46.4490200703099,43.3255991433513,42.8114494930232,50.0546574608461,57.7921948392008,50.1470872556756,49.3955004738075,48.5949005953877,56.4430970964964,65.2545639371096,65.1356565287428,68.5752603346523,70.1560671901323,74.5979458062933,72.9659566211498,73.1491106907944,68.1904148684098,68.2476089301718,72.8666085906835,69.9311876405923,73.2599906748269,65.5616036997425,68.6732067742074,44.7584510641268,47.0987347573162,42.9740452126987,46.8945192281956,41.1670175675084,42.9783214282125,41.4541011756477,27.7564550740994,41.3424870855605,36.8636461512738,37.8193426845335,32.848118970719,47.2403426213364,36.282655221503,43.5150071405773,64.8542107526012,66.6051356714883,65.6934951781871,65.0843069195654,69.0612200873552,70.2874547943395,68.9497945719554,73.56764934002,84.0038310909375,38.6455766417947,39.8734317493565,86.3398482039675,34.1065269992247,38.4192691491664,46.5858763216359
27.9971055259382,27.2731174894198,24.0814692385193,28.5915400725211,30.8602874197942,21.2817287796888,23.6830929381495,0,45.1319503961424,43.3902232817228,72.9798132418169,48.5051994613484,46.5608154246985,47.8225803954585,53.6786174217246,51.1390430105731,43.8084427711123,39.2337775550544,41.5896242337538,44.006890909755,36.7458031731405,34.8509427660061,35.4564029313048,57.4647023635899,63.5332655457159,72.8939282612589,65.8624187991707,68.8405169855103,45.4585544921143,41.1730603935371,40.6583980993201,47.8194863388199,56.7761695530613,48.8943893163566,48.5047200224494,47.7203825992113,54.0009675791003,64.2274476588012,64.1087780401897,67.5469341264522,69.1269313332239,73.5676838578552,71.9360832730157,72.1179853388312,67.1561642174108,67.2146880560969,71.832490561106,68.8978585599909,72.2258603408145,64.5277681472913,67.6407187873894,42.7422005960705,45.1038972147175,41.0089755982941,44.7353120455316,39.4026215184977,41.1961197614058,39.6361839725485,29.1893352742072,39.8340638275739,35.4606038698831,36.3028565633093,31.4707498119867,44.9316398843813,35.4498134568749,42.1421065474041,63.8245135205489,65.5755180956144,64.6639280880574,64.0547967434141,68.0245800540201,69.2512943749346,67.9145844814023,72.5328678161429,82.9634964860035,37.7709512126644,38.99592077935,85.407500804196,33.8443531936358,37.737170272569,44.1631290572889
46.6616861457884,46.9164903135185,47.7786483313773,44.0564668983871,45.8214017780449,47.1272414183432,47.5255945675683,45.1319503961424,0,14.415163995071,80.1440858177134,30.3697900603566,27.8193362519868,25.7360044863056,61.943157344352,59.2531522552257,44.165042513219,39.866510462802,41.90281935787,44.7066227827468,44.9434220963826,43.5563972173567,44.1934509571559,63.2951187854419,71.2104858940359,80.5163856342812,70.0328236037381,73.6702883353179,53.7755877856178,36.7008805448245,36.657817012728,38.0621414460214,64.4941645447394,57.8547507759628,56.6068673433454,55.8850904140274,38.7069911005678,71.6271986034804,71.5256430078269,74.942361033404,76.4174016634096,80.8482262650433,79.205964272357,79.3769939686899,74.4232163826135,74.5151850367519,79.1115407532922,76.1859318482968,79.5107343182938,71.8070197520715,74.954415269008,46.636544403458,49.3830899598458,45.3275425882061,47.4047259460982,45.3154366038408,47.1758622784798,45.4528013728412,43.6007006600309,49.1588149876272,45.2979321936108,46.2514570420818,41.9255581448119,44.6168158948474,47.1196859202316,46.5570282542436,71.2837264041711,73.0482677688329,72.1299965741001,71.5141575521911,75.2055223783027,76.4369714205761,75.1532866277541,79.7755657792924,90.0592716084908,45.0989705057596,46.3087846599825,93.0072551441534,43.8138521830391,49.0133994680103,29.1335073607115
44.9402921304349,45.1963525616796,46.0463045855774,42.3494862367669,44.1168814650718,45.3848783817676,45.7743495251948,43.3902232817228,14.415163995071,0,78.3349949374617,28.9972517093995,26.6463864534367,24.3677981621888,60.1593116334135,57.4623292395259,42.5834566466293,38.2768269146626,40.319717898369,43.1172716684965,43.2497518703578,41.8519687152205,42.4907362699456,61.4336155623849,69.4250256659781,78.7274419996425,68.1315472218089,71.7843680983703,52.0083209704807,34.6760377762003,34.6544016263308,35.7841372261784,62.7061374596827,56.1350923103492,54.8131040551802,54.0912505468999,37.2555504219312,69.8266230841814,69.7258141509902,73.1418172737982,74.6121558699348,79.042735453959,77.3999066514796,77.5706714993434,72.6178616175021,72.7111249282506,77.3067163771422,74.3813744175511,77.7061821415683,70.0021506248762,73.150883719724,45.0011542152109,47.7429157011407,43.6852221257619,45.7890672140106,43.6462495093185,45.5077197105579,43.7884424901546,41.8378094006215,47.4561643751115,43.5894720834828,44.54647894835,40.2147074961137,43.0346527950134,45.3247469508854,44.6725426213987,69.4864066866651,71.2515611430983,70.3329698414472,69.7168082543915,73.3966372635338,74.6282141939388,73.3468023554916,77.9691847406882,88.247149043104,43.2648976653104,44.4752434205436,91.1984120047628,42.0146592931496,47.2768228604932,27.8712195895912
74.123619285063,75.3049031354249,74.9139537700869,72.8173442409395,75.3501092791223,73.9593290386228,74.0194252806404,72.9798132418169,80.1440858177134,78.3349949374617,0,83.739474629425,81.799155764304,82.9501593868667,65.7761843592606,61.6510983852337,78.4732372041611,73.5098208377347,76.1248457426512,78.3380633455639,68.5590140263733,65.8701241966553,66.9368781503158,75.0335304608428,58.6303438346755,64.8608600516936,87.999594829358,89.8663449129573,59.6832714194824,75.0110112682097,74.5855170388143,81.7819193802687,53.8312637235291,77.6155513163005,59.9149109539315,60.5617728499698,89.3068398006832,46.4631093778309,46.7676988386899,47.9992718055121,50.0801946275595,53.1378292721077,52.5121847545629,51.1755759685301,36.4442009636394,38.8499771671876,40.0770819669861,39.9652823352779,39.5803031339119,34.3060305824758,39.9900541559061,75.4378532085358,77.7664610983989,73.3218873477933,78.3889476426585,69.9925571661777,72.2579851670285,71.1207823026294,67.5567330709904,72.9412395242544,68.8270397273761,70.5729230714856,65.947681198927,79.4246085066165,74.4665652751175,72.0356751101163,45.1959367181987,47.9397017425239,46.5927940599682,45.5619095118477,41.074805265252,43.1979967976723,36.6084836172613,42.7381183706346,57.8355872703378,64.5645543150329,64.8753605489957,94.1954615987248,64.7139732501866,70.6119457001325,79.4199098088551
49.835465969602,50.1140057459768,51.0426010410126,47.1433570222852,48.9190257395434,50.4710346824001,50.9355251091952,48.5051994613484,30.3697900603566,28.9972517093995,83.739474629425,0,17.1770903413053,25.7424047738238,65.3919942023371,62.7534402363775,45.5948723585591,41.2922066820134,43.295268796366,46.1614506222216,47.6687561402782,46.3824319992356,47.0084861569242,67.2821912583992,74.6416207756765,83.9729624171446,74.2695115867444,77.8152719244409,57.0892887455397,42.0146100550983,41.8869236142632,44.3486016174291,67.9485463743718,60.8090630363213,60.1320024677851,59.4146747752956,30.1672597037948,75.1665634189644,75.0598490294233,78.481170857102,79.9889186792766,84.4211342770176,82.7829635532923,82.9554850845526,77.9940164786088,78.0773057642405,82.678667732515,79.7514159402938,83.0759541548419,75.3745403135162,78.5129615357306,48.6745448734112,51.4892139771315,47.4400841521126,49.2390898635397,47.7256894791791,49.585039981023,47.8261884668399,47.038090315126,52.0041290834273,48.2047437067987,49.1431682616338,44.8745646906565,45.7886959043206,50.897833533382,50.8166604200137,74.7996743242031,76.5599632476171,75.6439357867362,75.030359448426,78.8003619005044,80.0310577353636,78.7317171443724,83.3533983169775,93.6757362656888,48.9886239615092,50.1856117999737,96.6327046176642,47.4839490794481,52.1735142907622,35.1322814314505
47.9116355221576,48.1849629514966,49.1107378897119,45.2241842424316,46.9959893042766,48.5322410152541,48.9913537357727,46.5608154246985,27.8193362519868,26.6463864534367,81.799155764304,17.1770903413053,0,22.9227061088582,63.4622254175437,60.818952296185,43.9028953663134,39.6130376234215,41.6148711536184,44.474428858733,45.8095570410514,44.512156316037,45.1389576160185,65.3057763084682,72.715841623945,82.0448314272243,72.2735795318684,75.8261459898597,55.1730118260987,39.9238087239157,39.798813656609,42.2269489006302,66.0202640682457,58.925843922637,58.1949933590585,57.4769614045511,31.2081120306835,73.2309512648925,73.1246904903236,76.5456340314033,78.0504891176162,82.482605960004,80.8440620409901,81.0164787387487,76.0557645826339,76.1397963564322,80.7407395386287,77.8136164438803,81.1381957756315,73.4365708939281,76.5757604196112,46.9060261688328,49.7104643934754,45.6623972449608,47.4943792470808,45.9100850142273,47.7686259163685,46.0137560396458,45.0969483910686,50.1283376145492,46.321603828255,47.2599834765898,42.9850085782387,44.1636063705464,48.9196941264532,48.810074072706,72.866195854681,74.6268603616882,73.7106328391908,73.0968546173169,76.8600238714908,78.0907758343481,76.7928078132894,81.4145325895839,91.7335551206884,47.0140908142885,48.2128126296989,94.6873025492362,45.5258101236894,50.2638164273983,32.7071373335387
49.247245774116,49.5143498407201,50.4117599613676,46.5959471832752,48.3662782315001,49.8024649855413,50.235713988656,47.8225803954585,25.7360044863056,24.3677981621888,82.9501593868667,25.7424047738238,22.9227061088582,0,64.673246282031,62.0101009536489,45.8424740763216,41.5420687533453,43.5610304102467,46.3972307163038,47.2952201791174,45.9608390706866,46.5921140606574,66.3059283208655,73.931055750092,83.2502143358636,73.1735986979198,76.7634023381875,56.4350495436634,40.4214111974908,40.3343305717441,42.2923691752298,67.226897166025,60.3263035265067,59.3768229725401,58.6574125166492,36.4232418614811,74.4041492091149,74.2999082336733,77.7190181549573,79.2110877205248,83.6426320857042,82.0025024136658,82.1743038268657,77.2165082050558,77.303962677693,81.9029204638392,78.9764592190076,82.3011209290177,74.5986055268199,77.7413333688201,48.6303541230889,51.4122864626606,47.3602092384011,49.2923405804094,47.503235935545,49.3630356217854,47.6212818500215,46.3253626136124,51.5730947168794,47.7443433251826,48.6898288546517,44.393919360949,46.1605435740923,50.0241240565193,49.7130959314044,74.0484759105,75.8108036812591,74.893700747897,74.2790398782092,78.0113228720577,79.2423817450249,77.9505479276526,82.5725174640837,92.8763186018532,48.0605901298498,49.2635435109848,95.8294490412313,46.6606380909021,51.5924886720998,33.1953117045499
54.6687271300541,55.9713280116151,55.4635090941174,53.4797675703789,56.1008870001886,54.519370007879,54.5870863206222,53.6786174217246,61.943157344352,60.1593116334135,65.7761843592606,65.3919942023371,63.4622254175437,64.673246282031,0,35.8260757362215,59.4597041663777,54.4667572215118,57.1077207034466,59.2940221257319,48.827598024985,45.9809237730617,47.0699506101759,61.5067849029949,54.9000247040838,64.1761571014472,73.6003283433763,75.5718095148117,36.4993877363089,57.2473030570209,56.7949401114482,63.9933995655159,46.761997164751,57.3885185954426,36.6789087100775,36.8565995629448,70.8928297983993,55.8821006269224,55.6934136578621,59.2501224813168,61.2575697257671,65.7566599074363,64.1645246558598,64.409736913312,59.4698038371535,59.3767422996274,64.0996406772875,61.1143599152921,64.4726800433332,56.7877286205585,59.7451618397598,56.1723934059848,58.4712208771799,54.0260024786491,59.2172856974621,50.5938090064637,52.8348715876351,51.7045917697434,47.8244919341026,53.0928696262826,48.9015511636739,50.7299427456785,46.0383124824412,60.4319435866992,55.5057697569167,54.4790313988282,55.3759237171868,57.0844167593353,56.1898341480809,55.5976210504042,60.7140222032692,61.9154523379237,60.3533444400068,64.9486486897097,76.0543963740476,46.1194948137778,46.5138191853938,78.7447094687443,45.006953892161,50.1578908252174,61.1783659478057
52.222971407642,53.4934362390991,52.9852476404367,51.0321571700751,53.6298512781745,52.0075340501947,52.0439102764634,51.1390430105731,59.2531522552257,57.4623292395259,61.6510983852337,62.7534402363775,60.818952296185,62.0101009536489,35.8260757362215,0,57.1164685851417,52.1515320325259,54.7713882955126,56.9767273349551,46.7947510628444,44.0052097894224,45.0648152012482,57.5341763499574,51.9417063133826,60.9682812792367,70.0162851560027,71.8963323646901,37.0783255253632,54.3917307369062,53.9405984637161,61.1796782431976,43.501134753647,55.5756443398122,25.4139748098889,27.3444607639493,68.2788063707804,51.9032872931013,51.7550594192937,55.3094053717707,57.0418638670611,61.5622282953706,59.9206907707256,60.1901143960177,55.4098023561689,55.3558013687465,60.0677818623782,57.0753079553604,60.4574595604645,52.7448429799772,55.7434598513885,54.0083931496949,56.3164877605684,51.8916999932646,56.9756805762555,48.5871873932249,50.8033862846867,49.6460164063589,45.2759292477923,50.9975894196241,46.7933510041126,48.5750692465869,43.8716409008141,58.0875908070129,52.7597133773271,51.3442597801804,51.6548494962455,53.3947446544093,52.4818534431397,51.870980475719,56.5101412188438,57.7043742859114,56.2533268224753,60.8417999690517,71.7668684273415,42.7904779436208,43.1047991432022,72.2557035981887,42.1333613083871,48.0082671674979,58.4903765006423
44.0559883330314,44.6925087369222,45.6510368353976,41.2677765049501,43.3317281874282,45.4170952287241,46.1402864452628,43.8084427711123,44.165042513219,42.5834566466293,78.4732372041611,45.5948723585591,43.9028953663134,45.8424740763216,59.4597041663777,57.1164685851417,0,18.0806130254204,16.2310903317132,19.899532229761,37.3377723220283,36.7731526092712,37.3673848929127,64.2594792636431,68.4437575753264,77.9259112310624,72.4655164904437,75.5815333696134,50.2992634108784,45.0976060815239,44.7355308285672,50.1211723679547,61.9122409621675,52.0083145305552,54.6534308116603,53.9808075494111,50.0545149780317,69.5986446452422,69.4629161000332,72.9084799486047,74.6011649213756,79.0397674081974,77.425406375692,77.6047151617746,72.5952465838842,72.630979864083,77.25919003251,74.3236635299601,77.6456159011998,69.957683006599,73.0468958136291,31.6107990436911,35.1809699530275,31.1249042337873,29.8343977700513,34.1903323300658,36.1255449517373,34.0892059321597,41.9683239678698,42.8882149592169,39.5818609882288,40.5973217743572,36.7312423711962,25.7533010458889,47.8868570706014,49.4629152928363,69.0952444898545,70.8314787684643,69.9282652478949,69.3276191436462,73.535091886132,74.7621606413231,73.3750412816734,77.9939050173893,88.5284904030205,45.7697905676304,46.8690004061775,91.6801227174333,43.3167995045062,45.1877529444868,43.7531148550831
39.455906350624,40.1470572518561,41.0376255104255,36.7488065728521,38.8612530630834,40.7940463771427,41.5071935885278,39.2337775550544,39.866510462802,38.2768269146626,73.5098208377347,41.2922066820134,39.6130376234215,41.5420687533453,54.4667572215118,52.1515320325259,18.0806130254204,0,12.0769276797844,12.7338614204902,31.9697942729356,31.4749967719819,32.0826683820143,59.510493236155,63.3881386096657,72.8865985789003,67.7965073146597,70.8871233883386,45.2054926372546,40.6926977531676,40.3287920721679,45.7536707705957,56.8790662203814,46.7758176280708,49.7068819542665,49.0424806332191,45.7349145693874,64.6086845585976,64.4701473232101,67.9177235118546,69.6284983386347,74.0674349051704,72.4555325768872,72.635181917179,67.6201317621826,67.6515096595229,72.2820593678516,69.3459240070807,72.6674059425578,64.9808874230588,68.0655859452322,24.8701587221523,28.8231576226395,24.3549611566379,23.9400334562132,27.9598810383612,29.9928358203136,27.9544635548772,37.2445506505661,37.7600764397272,34.5184123850242,35.5958305453318,31.7665122013711,16.8838991925559,43.2995494190031,44.8648739971236,64.0910560649025,65.824925683216,64.9229973529402,64.3236496698829,68.5725611583643,69.7993979383365,68.4038397185905,73.0225384734031,83.5766650842392,41.0539645471755,42.1415949577217,86.7742970541139,38.5761557700657,40.2681612761993,39.4868544149114
41.8411732770093,42.4920374738651,43.4270446684022,39.0818223974621,41.1585607769241,43.1859068763859,43.9027681276578,41.5896242337538,41.90281935787,40.319717898369,76.1248457426512,43.295268796366,41.6148711536184,43.5610304102467,57.1077207034466,54.7713882955126,16.2310903317132,12.0769276797844,0,15.4602263515754,34.9053637232525,34.3554324598055,34.9554633895892,61.9643071301528,66.0719333724754,75.5583777781085,70.1864373226636,73.2977260407734,47.920144331236,42.8631626212507,42.502100975306,47.8803470160931,59.5468130855289,49.6034631926634,52.3132670353346,51.6431198917698,47.7264977416519,67.2438548693131,67.1074196407301,70.5534542687195,72.2507101220534,76.6893667630322,75.0756403492851,75.2550015535386,70.2440303809069,70.2786939015481,74.9074653779322,71.9718059599489,75.2936166847352,67.6060512716637,70.6941544411364,28.761692009872,32.4813433598778,28.2382620620139,27.4550498281823,31.4653445116165,33.4411714102525,31.411141666066,39.7028656310133,40.5279375606273,37.2383153333874,38.2758389059695,34.4174257797484,21.1485045422807,45.6458973934995,47.2031896613207,66.7367652941475,68.4724004107074,67.5695152471619,66.9692010387962,71.187006142333,72.414029007629,71.0247927149541,75.6436262712491,86.183022155314,43.487703444398,44.583898077174,89.3490200838035,41.0357225079657,42.8751622865601,41.5183095941063
44.2225118059615,44.9094995845714,45.8097878302942,41.5032622673487,43.6120427287861,45.5706744800394,46.2875448465371,44.006890909755,44.7066227827468,43.1172716684965,78.3380633455639,46.1614506222216,44.474428858733,46.3972307163038,59.2940221257319,56.9767273349551,19.899532229761,12.7338614204902,15.4602263515754,0,36.8079962051556,36.3128530630119,36.9169575649985,64.3224083039979,68.2239277963542,77.7209262553339,72.6054505851496,75.6967020963193,50.0422088098712,45.498493124437,45.1335833274662,50.5689032842982,61.7124164523842,51.6135715206053,54.5303812918784,53.8649819143592,50.6246941805705,69.4388006381058,69.3004869441928,72.7479334003538,74.4572520662687,78.8961875312442,77.2840759489985,77.4637265294641,72.449204319965,72.4809066444649,77.1112934651784,74.1751892529984,77.4967285293842,69.8100874911315,72.8951230030091,29.8133184764382,33.6787744693616,29.3743998161142,28.295401290119,32.9430885587077,34.9464872860673,32.8957734121357,42.0354284082322,42.5720279718564,39.3261183223177,40.3933526152107,36.5633586680085,23.4576920265364,48.0883963561752,49.6671686293704,68.9223990196366,70.6564605805869,69.7544255897008,69.1549700132614,73.4006626527717,74.6275072795512,73.2326152617368,77.8513174889246,88.4039794519105,45.859452815318,46.948056969671,91.5956002185614,43.3776144072354,45.071235845436,44.3088926187458
36.2180050064392,37.6974045462295,37.8117605245056,34.4348849203404,37.2298037193915,37.6114137806058,38.3348434367428,36.7458031731405,44.9434220963826,43.2497518703578,68.5590140263733,47.6687561402782,45.8095570410514,47.2952201791174,48.827598024985,46.7947510628444,37.3377723220283,31.9697942729356,34.9053637232525,36.8079962051556,0,16.4709864269482,15.1248472334624,56.5152047810335,57.7041927858758,67.3155980682669,65.8338588893383,68.5735740623285,38.8295582468316,42.5543281300736,42.1150762215446,48.6298845807833,51.2919308740418,35.7305705224154,44.4874249278125,43.8535425103491,52.8194206655045,59.4088956864508,59.2470453174355,62.7150693292647,64.5741191352686,69.0188712653291,67.4258097248997,67.6116604013971,62.560260627941,62.5528487281033,67.2056138354435,64.2623361231854,67.5823341501877,59.9063274236829,62.950909735296,31.2501918963846,33.0986047767095,28.8062377002169,35.3850941400957,24.8061185156747,26.1757850135807,24.8386175145186,33.0206510270113,24.5202457468733,23.1932037352697,25.5003629444271,22.5013525838322,38.3729402104743,41.3911441706679,43.5690537543921,58.7853714162217,60.5001929735093,59.6083153406208,59.0191060391947,63.6207815426346,64.8444402922793,63.3781567369395,67.9943324652451,78.7215603562899,38.0799879787688,39.0519418689891,82.0451095785265,34.85528008948,32.8500102450279,44.2030276318903
34.3988950684781,35.958665973485,35.8956331778817,32.8163992508828,35.6588961377559,35.6228315588177,36.2888906612349,34.8509427660061,43.5563972173567,41.8519687152205,65.8701241966553,46.3824319992356,44.512156316037,45.9608390706866,45.9809237730617,44.0052097894224,36.7731526092712,31.4749967719819,34.3554324598055,36.3128530630119,16.4709864269482,0,10.0968351092729,54.1368611658746,54.9207105318118,64.5441272486409,63.6177305754841,66.3044951301212,35.8525408561108,40.8692101562517,40.4244942695775,47.0395622662904,48.5075087871545,29.7423849914963,41.7205932456096,41.0888958312297,51.583654354933,56.6826417422996,56.5175803633189,59.9888593061042,61.8681599994499,66.314033387953,64.723420459167,64.9104771656468,59.8551234170761,59.8420967748396,64.4982218986075,61.5537308427572,64.873798909131,57.1990934193728,60.237878506489,31.2530383064638,33.2459549415513,28.8403898059772,35.1838286526327,24.6753562131284,26.391674226154,25.2443872020515,30.7219378384213,23.3191454046601,20.2926483216662,23.7233917537692,19.9746456887883,37.7980804514353,39.3608789946662,41.4851436753246,56.0461912830967,57.7585041165631,56.8679073884652,56.2799884804182,60.9309080208262,62.1540020386738,60.6779003973649,65.2936062071388,76.0458440174262,35.7382038862166,36.6860041905298,79.3701231640049,32.4516852933819,29.8127197240513,42.8015206005397
34.9508152994738,36.517214085891,36.4771783648266,33.3468528630416,36.1980270121347,36.2305888088157,36.9184947482931,35.4564029313048,44.1934509571559,42.4907362699456,66.9368781503158,47.0084861569242,45.1389576160185,46.5921140606574,47.0699506101759,45.0648152012482,37.3673848929127,32.0826683820143,34.9554633895892,36.9169575649985,15.1248472334624,10.0968351092729,0,55.0129371251382,56.0678496264415,65.6770344831866,64.4395655479778,67.1418807098466,37.0584407619201,41.5476685191111,41.1030030893575,47.7059215172163,49.6354867759631,32.0182456712918,42.7611474182209,42.120215073122,52.2048819880893,57.7721933911303,57.6096059980059,61.0791709821812,62.9424888127669,67.3881327535979,65.7953131290551,65.9821431830593,60.9319130065476,60.9226634922448,65.5767843250856,62.632790279631,65.9533139612337,58.2773456071016,61.3200471678192,31.8814763974719,33.848683494585,29.491702179108,35.7802234440439,25.4903737593955,27.1170927254538,25.8971658052997,31.40326981064,22.8296385846417,20.3287238596592,23.8503968334183,20.2948138611026,38.4035941720704,40.0483820723763,42.2446668343002,57.1483517657064,58.8627331423667,57.9710103490036,57.3819533640723,61.9966981289554,63.2199680420707,61.7512836966549,66.3671111229548,77.1023663215647,36.5622186080471,37.5208937394101,80.3758902499701,33.2469809172225,30.5386892890206,43.4370998436889
59.2441121906784,60.180206327319,59.8362156672663,57.8850686141099,60.2388288342521,58.6792547700471,58.5559423876661,57.4647023635899,63.2951187854419,61.4336155623849,75.0335304608428,67.2821912583992,65.3057763084682,66.3059283208655,61.5067849029949,57.5341763499574,64.2594792636431,59.510493236155,61.9643071301528,64.3224083039979,56.5152047810335,54.1368611658746,55.0129371251382,0,69.7833218871684,78.5438497497426,59.1434212895604,57.5011479202483,55.7212702255944,56.8324638126145,56.4113777148872,63.9859838916435,62.7245689621181,66.7210932970734,54.4091151327255,53.8056807260245,73.0361387662976,67.7916862324436,67.8127121858469,71.1224140209963,71.8087824112996,76.2127376634081,74.4662332971643,74.6092605284805,69.8644314749106,70.1568220298869,74.6398044245589,71.7493250750217,75.0843613523007,67.3244107157152,70.6790724105822,62.5849621638796,64.9762057755246,60.6986716853176,64.9434851495153,58.370712413603,60.4130890897154,59.0579212237153,52.2692843627282,60.3950896365739,56.1645117679993,57.6180209972721,52.9010215500201,65.2038660459424,57.5278168940298,51.0400882825653,67.9899667762643,69.8511938676192,68.8822518871004,68.2152833536169,70.078436995186,71.323833465263,70.4168690366345,75.0505145608973,84.425557260795,43.6652102391513,43.4059465491687,86.976469605391,48.0073133111686,57.597712278047,62.5818594314459
64.4532808699042,65.7121873479412,65.3212749849744,63.1490146207359,65.7401869820503,64.4434766360313,64.5717763935589,63.5332655457159,71.2104858940359,69.4250256659781,58.6303438346755,74.6416207756765,72.715841623945,73.931055750092,54.9000247040838,51.9417063133826,68.4437575753264,63.3881386096657,66.0719333724754,68.2239277963542,57.7041927858758,54.9207105318118,56.0678496264415,69.7833218871684,0,32.6459068881112,82.0651321442601,84.056016955501,46.5357769380648,66.5753923914306,66.137584943254,73.2556491716575,39.6331884032725,66.3916315064102,50.7702192183074,51.4020967529737,80.1310604094886,46.7793452682192,46.1162626556344,49.5584335240063,54.8087264331199,59.1135316909414,58.0417220562494,58.0730070601295,51.2388133813569,50.5904441796933,55.4538159176949,52.5847965579289,55.5687051904184,48.3102584619741,50.68296242332,64.8336487696072,67.1404309390025,62.6177780208691,68.0382716995347,58.8446948533874,61.2221048494609,60.1853945377643,58.0946305655452,62.3499508589964,58.3108860333104,60.1646601514921,55.599092056816,69.3955868734088,65.4830675094207,64.122229482378,41.3306845705844,42.3478371641065,41.9007459517343,41.759118658455,54.459500467115,55.7211362084671,52.6936280606071,57.3687967255501,71.0237460934523,56.5005022603316,56.915849603355,87.921323972942,55.7650632965839,60.4155031136346,70.470647810494
73.8510158889615,75.0996189672101,74.7043329255851,72.5507268730542,75.1340661350699,73.8122029174538,73.9276712364404,72.8939282612589,80.5163856342812,78.7274419996425,64.8608600516936,83.9729624171446,82.0448314272243,83.2502143358636,64.1761571014472,60.9682812792367,77.9259112310624,72.8865985789003,75.5583777781085,77.7209262553339,67.3155980682669,64.5441272486409,65.6770344831866,78.5438497497426,32.6459068881112,0,90.9436767999099,92.9101662847947,56.3868076083204,75.8034283258808,75.3668141641467,82.5004742074546,48.2326755859782,76.0541819255288,59.7473600824487,60.4211180713411,89.4745921154821,53.0401038093945,52.3002378362719,55.5973357721645,61.4631835947604,65.7065879253364,64.7334331488418,64.6997672992962,57.3329111289207,56.5850112570223,61.4274307962,58.6342071659892,61.4570621646328,54.3507551615329,56.6172357011174,74.4149027829255,76.7247022148223,72.2167516045819,77.5751685607309,68.5235508911806,70.8789302268266,69.8235343486857,67.4419670603267,71.9076633360901,67.8517599931858,69.6881342731986,65.1089974483246,78.8784392068703,74.7672848734342,73.2540748875054,45.4453715391137,46.1214442472616,45.9255074788593,46.0309322924737,60.9916866463232,62.2754682063556,58.9104905775323,63.620744806598,77.7632759089578,65.6192244336993,66.0158103177523,96.5673831528552,65.0123456544864,69.8782857963853,79.7778358420353
67.8425768786881,68.6150737338707,68.4304302949005,66.3305446479248,68.5615321976383,67.2687039484589,67.1523267961742,65.8624187991707,70.0328236037381,68.1315472218089,87.999594829358,74.2695115867444,72.2735795318684,73.1735986979198,73.6003283433763,70.0162851560027,72.4655164904437,67.7965073146597,70.1864373226636,72.6054505851496,65.8338588893383,63.6177305754841,64.4395655479778,59.1434212895604,82.0651321442601,90.9436767999099,0,55.8363077357515,67.1968395305673,62.7111006709665,62.3227736557817,70.0357717779941,75.1098999400258,76.540161546768,67.0556251418542,66.4174858602822,80.138143516451,80.5863741168021,80.582034908308,83.9047949084752,84.764757150425,89.1642208752359,87.4466469209666,87.5839763036158,82.760161521703,83.0200802346352,87.5174578955959,84.6262652411485,87.9519985286596,80.2069959917517,83.5278809172179,71.3603280637149,73.7915520943784,69.560399416592,73.4852226214818,67.587766801605,69.5831523945412,68.1626775009932,61.3183560338267,69.6796586055905,65.4778828720645,66.8202779381359,62.1372078389906,73.386808734727,65.5639765651565,56.1906550594787,80.6574030553253,82.5002400743162,81.5413252770542,80.8845294645002,83.0817704643567,84.3291674240054,83.3435048875914,87.9788210378051,97.5123047836112,53.841910761798,54.2757303611739,101.062145484459,57.6409285105998,67.2006558515915,69.3684155766868
70.7692821628329,71.5973803688472,71.3494895803924,69.3176961345794,71.5911264818935,70.1797917674005,70.0511398388115,68.8405169855103,73.6702883353179,71.7843680983703,89.8663449129573,77.8152719244409,75.8261459898597,76.7634023381875,75.5718095148117,71.8963323646901,75.5815333696134,70.8871233883386,73.2977260407734,75.6967020963193,68.5735740623285,66.3044951301212,67.1418807098466,57.5011479202483,84.056016955501,92.9101662847947,55.8363077357515,0,69.3380044676026,66.6595188626186,66.2548255218388,73.9351247587059,77.0702686801629,79.1235476724,68.8884159262069,68.2458404898486,83.6421625505353,82.4756185114916,82.4759202647022,85.7972746645378,86.6246679709892,91.0259012258235,89.3024274231742,89.4418687491133,84.6357734597512,84.9007894746895,89.3963995895073,86.5047032629367,89.8328494639038,82.0847709712573,85.4109843957535,74.2893814071527,76.7065691271774,72.4617713837964,76.4898758081672,70.3766489454115,72.3846446741811,70.9839176487786,64.0438568514705,72.4191194393494,68.203335540562,69.5794496220329,64.8807275259765,76.5123216746005,68.6077288829884,60.0580294593869,82.5722738198697,84.4184474855466,83.4576532303122,82.798945621317,84.9387149426886,86.1853122257727,85.2140096297295,89.8486468163661,99.3561566766403,55.6882064414037,55.8590631856532,102.626228480271,60.0684289392657,69.8106282058861,72.9829660722224
46.1956412127253,47.5463170845201,47.106926793217,44.9441668285918,47.6022956556907,46.2768073478881,46.4490200703099,45.4585544921143,53.7755877856178,52.0083209704807,59.6832714194824,57.0892887455397,55.1730118260987,56.4350495436634,36.4993877363089,37.0783255253632,50.2992634108784,45.2054926372546,47.920144331236,50.0422088098712,38.8295582468316,35.8525408561108,37.0584407619201,55.7212702255944,46.5357769380648,56.3868076083204,67.1968395305673,69.3380044676026,0,49.5074776092122,49.0575067243499,56.1288089671955,39.7057844332716,46.801803621081,36.0232779256888,35.959653155611,62.5242510239115,49.5934915989141,49.3439038089276,52.8945729203991,55.3140634241459,59.7800283507495,58.2603119727083,58.4683468545534,53.28048213842,53.1286466676282,57.8654291986803,54.8940271292273,58.211265004468,50.5721294864462,53.4674365671945,46.4064259379713,48.6857909600318,44.1517802860057,49.7237909290454,40.2332609729365,42.600328598592,41.5842511224461,39.8641075221185,43.4678093110231,39.3982895051602,41.3594341276138,36.7728650828319,51.2635975823192,47.8068929139629,47.4711970944196,48.6260446451623,50.2773799229605,49.4174909175073,48.8605701026675,54.7439455680293,55.9563457389789,54.2252438050259,58.831830060169,70.2074025426503,39.7312079501212,40.2695898158664,75.4625348777343,37.9846432555267,41.3193995036003,53.0165415477816
