IBR/IBR_outputs/all.combrep_1/EucDistWater_Total.FireFreq_2000_2008_Total.PersistForestCover_Total.VRM_Total/EucDistWater_Total.FireFreq_2000_2008_Total.PersistForestCover_Total.VRM_Total.asc
NCOLS 160 
NROWS 95 
XLLCORNER 210004.651214014 
YLLCORNER 7350008.22228844 
CELLSIZE 4999.99999999997 
NODATA_value -9999 
[rows 42 to 62 of 95, columns 92 to 137 of 160]
14.222044377469 24.7130209204694 15.0105219398587 10.6748940154509 18.5805149357465 21.1683626731599 24.1355950647432 15.8882778079843 17.5739452354429 22.4326300044955 22.2206018254896 23.0032004751216 15.877531085017 12.1924139231296 4.85933071491582 9.68918766390097 4.87889178488505 9.00212263414788 11.9363560685527 9.37675444441475 18.0607923906509 24.7358498887198 14.1149568649542 12.3614653890379 19.7191376763588 11.4721782674221 6.53147599830746 5.96687463835214 16.6624575091961 21.4385392854517 18.6654187615352 20.0796801157284 22.6026328978828 17.7727420162398 18.4582393731439 11.7432316392807 13.2921300469922 13.2172770973376 15.8242071632834 23.1117120047514 23.7746089812308 14.3207555304951 6.00526355247616 12.0552586677127 9.0866911268185 8.86898815416696
10.5851181179601 22.8622245535539 15.2661197398945 11.0828312103822 8.69053860158567 10.2130467891176 16.5799829779026 8.37252926915293 13.4147968892538 23.9633070371729 22.0250847744567 27.0512951482573 15.0528614577548 5.78587881242962 7.26994631028952 18.4524488469443 13.6136247529796 7.37265324040154 12.5389750042468 19.3727598089814 24.4485059957536 26.9043606472331 18.9695015483852 8.57863628762261 15.6193027012153 14.5497583728802 12.5454668683683 7.53505552735523 20.0900664871954 10.9643420955452 12.4867302155736 15.4587134253812 10.3347047336923 11.5656240744237 20.3010023359913 22.9111598395847 16.5831174150855 11.3074571459065 25.4119380833991 31.1095084383222 28.5066719356458 16.1667755950567 6.87933492437651 8.67633156209943 7.69268731458271 9.32420549681001
7.78756324563579 19.8648597304761 13.1722173729074 7.03290398898051 13.7869817874709 14.9056342985795 7.71354334948148 13.3633275442001 23.3289632676574 34.2087721225747 34.8225614882677 35.6870983757643 25.4472674780887 14.175801561565 5.3335601150867 16.1747309530444 17.4471901336629 8.88526395208155 18.2530163681707 28.8340731083775 27.3846299696857 20.9741390458987 14.7814112204527 10.4728985962674 11.3251097343017 5.50931903857473 8.90910015231152 12.5982892527797 20.360774439142 15.5102258669728 15.5728049282041 11.24137611305 8.00221732474454 12.8679292017583 14.8117904206806 9.48574880656278 9.40881213434077 7.50286698734473 22.9745196993713 23.2201213932009 27.2970364884391 18.2329464665847 12.101943229782 19.1741544784403 17.3083083347776 11.3416405273069
10.7922129071553 20.370004733475 16.643955930805 14.1243167707074 20.7622686624766 18.6605178515308 15.1833613256182 19.6457667667766 22.7991802702611 27.9096311568447 29.8838130956297 37.9268088771835 28.6669561715852 12.5476464160507 7.24476968217202 10.5516319149064 10.9140280582457 8.62162427088209 21.418034009076 30.0905909771801 29.1295003115683 20.5354704228696 16.5657646018616 9.70647450935801 5.35140332736416 9.99207051216463 6.50472901185874 15.9909881371427 17.2328792977084 15.4920660687497 14.1365961428791 12.8174455730591 8.28508495743632 17.0182127838035 10.8909226969231 9.80784392871452 12.4211320613245 13.604915204247 20.4766184310041 26.1943032815509 35.755577148469 14.4858883016494 12.6786271074299 14.6042236437044 15.2274143261157 7.19925201359359
8.9356319377012 14.3933613151413 8.6000595505215 20.0881991944914 21.1060677952338 9.22069717766559 11.6265538560922 16.9460769782027 8.97969527564517 14.694682922094 16.8024593378618 26.4655391438003 26.0829749178091 20.4389595178447 17.2458946906884 11.4590249707671 8.31906065506046 14.091252450678 20.8302360814854 21.3445323427375 20.9288832917057 20.010641449837 10.1501867732883 8.23104675547979 8.21836992199275 6.87362331490343 14.7286023236354 13.7201690737481 11.3980339612412 20.8620749636962 16.1398025826138 8.139373530386 13.9847949475267 18.4904531620738 8.78303449299232 18.1613758590925 28.4709255180808 25.5107909504928 23.2561295398706 22.9598255775751 23.994241550619 25.1545017773603 25.8692058073284 15.5962272424709 9.25347920630969 7.29750235306172
7.13750620465918 17.8172716373339 13.9703879926537 21.1483630257987 14.3762601539445 6.63042402428616 9.96742950915564 12.6462162638068 8.0774277544682 5.88160695724705 12.9282094168925 16.4667055487442 21.256788127769 27.9110647553977 24.7324260374487 11.2744801057945 6.26914401855468 16.1366021128823 11.5199638351834 11.9616307988192 17.7166348169281 21.5280534440397 12.5973357350737 7.58977272685977 7.74737030937362 12.7238572598166 11.2609273270188 14.065870807653 11.4748266735877 7.10589570799433 7.12845113437394 9.02069970165121 17.8164909957025 20.6166780852532 17.4611311344208 26.5025052825891 38.3579272268645 37.9945393418549 24.7392861253371 10.3266633382579 15.3628672462304 29.1721771319368 29.8308524509076 14.9634337089648 16.7438324891938 18.4751309437935
15.519492145606 13.6676550893367 21.2951527138071 21.779465482035 15.6964797817454 11.873375263235 16.5298028538012 17.3219052277301 12.1183100039445 9.09277278867347 14.8722584132958 14.423943764549 15.2377485809664 22.343467817965 17.2785769812393 5.91991219259167 8.15004847411673 10.2321767898029 15.4058840444332 17.6948050691912 18.0784696509334 13.3973972315302 17.844298609439 9.14208978506258 12.7401133396103 18.9328369894258 7.3435006271022 14.1055234333857 7.57282426621067 8.82814525112377 13.0365983060538 8.75982912388567 17.5317732176042 13.7505915860716 12.8850549350665 26.1506671780682 29.318419954006 31.9000476877933 26.055468848808 17.1963960999511 18.3722399104176 32.702772745207 22.4963231785065 8.30913677294446 17.3771524563629 30.9830600593062
26.2978378057499 10.9209552587873 15.3127610838428 11.6016992515571 14.2702085623034 19.0784527889162 9.68574474893538 12.7906135668708 20.5513704683018 20.5856086655495 14.600894333716 11.0902380534152 8.05368759085462 16.973693215376 10.0532782141831 8.02569049607142 15.0103320645218 8.32613562432388 15.7238819706722 24.1543900031491 21.2608772660291 14.5364396889579 18.9406886765873 15.2839012432515 21.8346891557284 9.65904955268847 8.16853540309938 10.7297264204182 14.3240004194345 13.3321481752449 7.55231567833541 7.69482797507688 16.9425257335674 21.2876116089099 22.7212436753655 17.5392301666765 12.1570944040928 18.1335586335284 22.9390058846719 25.7874030260709 30.5204402198006 35.6123781505595 24.484363307318 14.6844645777395 17.9507034685949 23.6030682958745
25.6127191040374 11.6355357014767 13.6608186165845 13.1237875936557 15.043449273327 10.564794872659 9.01517428858435 10.5091973096072 21.0740701789756 22.4054554364761 11.5593931253903 15.7433248756097 27.3583444970734 18.2089298679589 6.79210639954032 14.879246629796 18.6070203964052 9.74334104242339 7.22031584009815 17.684460094162 23.9056516205891 19.6949374761372 17.8091311801888 14.852142102712 15.7198306179932 7.77295465066226 10.8742289867383 9.91238586964005 10.5181078868357 10.7606053241039 9.39150706637438 16.5764408842557 19.3761733078756 24.2303905965655 20.7520043114655 8.67816041753996 6.37048577554379 7.96364309915921 19.3661540161722 25.0826244634552 28.2051566755091 33.1775507488981 23.7010031418553 14.0405942233725 10.4730165362289 19.4630611899318
13.1941133392213 13.8309273336128 13.0074303771704 10.6202195365604 8.10971079838802 15.694111591473 17.9423319028623 11.1316429110503 16.2811269754105 13.9857073228198 9.76758145989471 21.6534883072577 27.5271715409701 14.1514715589424 6.09749412296104 17.461459353136 13.3072565718369 10.3996628546112 11.7984928504332 20.3065887681134 32.2913722358365 30.5841861572914 19.7605160772751 9.68156088995514 9.2400286639872 9.59483989161405 7.5040884740065 9.90179154193296 11.06200604796 9.51201947533283 11.1916338627723 15.1076167890884 6.88461962439597 12.9348923999041 15.9003659308999 6.51101796598813 8.29092841151515 8.66027449893676 12.7646020051527 9.76741022316411 16.0305018637532 27.0815355180027 24.7445150363132 20.0513604953118 14.2701021336545 12.4379038827647
8.4731838643186 8.16887540306005 10.077519021288 12.2305283932191 10.3227686573483 17.0731371487007 22.3445134951778 19.7797425626478 9.02325798126967 13.8379830054798 13.2158065447258 11.9634441120567 9.16192963866568 5.41879965496896 9.47419681778517 11.5436790913969 11.2765613103225 9.89264521562039 6.35369387249576 16.524481639094 29.3228364604623 27.5226788461721 17.6624318764731 11.4088083593564 8.40467587287027 9.87129707463295 11.2236159662683 9.7432436446402 11.0701258130501 12.9299773716172 6.01893556855797 13.4839106385395 5.95180980585565 7.93152366622367 17.1876280884561 15.2553755507441 11.0442038979559 12.3106388460635 9.49581006506406 11.0450054097798 16.9208820990701 16.0871377438818 15.7820647942955 21.3743888609454 16.6320965130356 16.4761985858248
19.1459660906759 16.9282032865992 15.5260415698353 17.298366743406 9.97270214197291 9.92523095967142 9.8730185477226 9.96552721736447 10.8292059944409 10.8911344678217 13.1661430334714 14.519307423082 11.3245438198097 10.0731222502403 14.3033489508352 15.7273989174643 11.7343952111257 10.1656003407206 6.73714099708574 10.1878675657536 18.7703673248103 18.3606688546388 9.91772883488686 14.0782219749532 17.3356003150295 13.6087553404249 14.1330662005856 9.13604170257026 6.295250854222 13.0512870684527 6.52148673030404 12.632542312224 7.1538910256111 8.20832386289577 16.8148476623233 8.88042315905234 6.78500473683624 11.7136286104041 10.0764688777213 22.2778084942621 26.9349025346809 15.0066171702653 14.4805281156598 24.8165581013733 32.5579911643519 25.9029647155686
34.2855146205704 33.9072598951373 30.0230759867259 29.7923171146562 23.9683100836124 20.6173891516873 16.3585389297662 11.4328264831337 17.6844040891353 12.8148976222167 14.0711734491954 14.7470306883608 19.7164518846052 14.6715478862763 8.83400617320517 25.6610770188254 19.0188462914612 11.4405343337079 11.6522787854319 6.60678192513258 10.0061752991027 10.9865736352983 17.1262084789296 21.4343027559827 28.308831063239 21.2931984041031 13.7173730405553 20.3735879533064 14.3872005189613 17.1401717248854 9.09736079551656 16.1462939498139 18.5154209397689 22.2854973729657 37.050515329579 11.3255233586942 15.1434964505397 14.6083749656269 15.6302101227138 26.5234100082274 34.7197320382861 32.755421166422 28.5796504846101 28.4813828034534 19.1547189082943 19.3670315754273
41.268691735473 29.2089649494503 36.5064305911491 38.7597342718946 38.2257470662234 38.7493276059754 32.1826747301496 30.2614203104061 29.8270449286779 16.7262597323572 9.37845586008113 14.7844110673127 25.9487358952798 21.2247043782853 9.23552045385641 14.672008649886 23.8494173085883 13.025184100612 7.99229729385899 10.2505363036681 14.731315017722 13.8880426314457 18.4532448756164 22.1809030229494 29.6781677140433 20.9298211193441 11.2256464041129 19.2647229907862 11.1531690144122 9.1783145406246 15.4285381820364 24.5639396339061 31.9975620454689 35.5770394736192 37.8957658759431 24.9091196856433 25.078739201929 9.25080611591226 15.7880542630026 27.3510791928648 43.5401915012228 39.0302112380998 27.7591569376438 22.5708015695386 12.9362942000286 22.961699933073
15.2754955910428 25.1681038598655 33.2376285375934 31.7117625942625 41.8333016140608 53.1219018064573 50.0153409757414 50.4502303107558 43.0299337338524 28.5063678484436 21.006672276943 27.2691117388802 33.0886063150715 27.1246915501846 16.5772597037463 17.3094302636512 14.4972685235819 12.7629505982292 11.1739768613196 18.1240142127281 16.5099401418204 11.075837348475 11.2607308106421 15.2563853688649 27.988472105745 28.8405706707487 27.3588160051783 16.2497435228549 10.9899318641132 12.163022133598 13.7184317209607 36.2762585395646 37.7626202521093 38.0552017472498 27.0575806823652 24.5986845701371 38.5337834141038 19.8776181488503 22.7858109320733 37.0521506946588 47.499195280079 39.8645189471199 30.4010370504987 15.9577452869819 15.3792338460386 21.1146590542469
19.5209338313503 22.5504102152884 20.1254035278611 14.2491535505227 23.3346973377864 38.5293403358395 56.4279532427031 68.1068516037148 67.0809287039979 59.5398772051508 49.7322183844233 47.6136604486715 47.7385621796487 34.1891442367671 29.2481109348355 24.7071911127952 12.8491078875134 11.2626010116125 21.741006650548 28.3937370919111 21.7043869853748 17.0863128138883 17.3274739299958 19.7536209542108 28.6766460847806 22.1077042150725 17.4491090869111 20.5715466590659 23.5924721108951 30.9038313640415 31.1170650079063 31.9325281872706 50.5231696315546 40.2920330315968 16.3435543458937 9.23848781774028 16.9534122221158 22.2379466045173 24.9761884288064 38.088681927466 47.4784551471421 38.4548397031775 43.4868070037702 25.6521910522587 16.6146033554778 14.0115073830169
23.9366848459998 12.0200204101644 14.575505296644 14.0553334482963 21.4675316958399 22.2053877225368 36.2957323384283 47.7015236909541 62.176326124084 62.5624899408185 61.8968252584768 55.4902663342807 39.8923800543218 27.4996379290068 25.5830903457968 30.8625535451917 26.5490465508477 24.877617912828 32.0875436342345 38.3870795175494 32.7547553456017 29.5036675013304 31.4350901791645 35.4849992970916 32.8521080219488 18.71418077235 8.38007634879491 9.85964508393164 34.9940538038988 61.1704552913913 51.6675024519272 56.0874417725699 66.4032413975438 46.6098680148127 21.1242413611708 20.5597245877995 28.7068860457645 14.1362790441649 27.3629157626101 41.2294742377158 36.7383595393252 35.6768087670452 27.4592636082537 30.1909958764459 21.5221397092822 10.3600767085989
21.961913651939 16.1916860305448 19.627970413476 35.9731425085729 11.2821647612996 18.5769284879704 35.4506628265817 44.6483040262943 56.3766257286759 58.6357393737567 52.8924579281797 41.0539979888329 28.3581251443034 14.4623765332074 10.8536355409741 23.1497918715944 34.8120633963614 38.5030990859003 43.0765554586632 48.0131700175663 46.4644302797632 44.5893963799148 50.0024374441587 46.2272546315336 37.9819965877368 29.1151261457947 23.2617280363157 12.8913245399086 23.2135683372647 39.2018975125895 60.3806395868193 70.3981149779672 39.9932709723244 27.8248810970868 21.5710773566576 13.3287402698916 23.5231431553128 18.2321323091077 32.0901366318734 46.1193793036069 39.4109625044229 22.3946535646376 17.350140608652 28.1972513380803 17.037968930128 7.36486063510339
38.5547839730494 7.51822784173713 17.6207829103342 25.7802036224193 21.9013308135999 26.2735156455433 36.3677735998332 46.4560936488367 49.8256188776348 52.0371239571365 52.2979115572877 41.3465511565574 28.3141742831703 15.5228662050826 13.2906439419361 26.7176993225674 42.5204150167281 48.5697999650888 56.2451836900473 57.1260029049111 59.3270613563067 50.2622009280386 43.0466279289163 44.5278620123157 46.3572428991828 45.9993365254728 35.7713479943767 29.3843404016985 32.9241510369594 40.95673462404 52.5575688421811 58.7514531283663 41.030593349574 26.1317173097255 12.7267659106204 13.6698429688197 24.4412430119694 32.6052367641196 39.79844030125 38.6313553986793 23.2827080126947 10.6705639386927 13.3880761620911 30.0033683448956 27.0038328657672 18.8700981015131
36.106039514215 35.6605076583733 51.8697166202204 47.1459711908769 32.7844922584507 31.7296588979066 38.5590393254804 39.0576635809037 37.0058416080116 40.1890441311469 46.9641990285436 45.8621833927928 35.7040416754289 27.6658185045134 26.680122811997 32.3477185099014 42.7920858041028 53.6862295774439 54.5424189940557 51.1433971691921 46.5965515140061 40.9293104312589 30.1612739107088 33.1772630956478 39.9914078469024 49.69823683401 48.7942158808258 44.2526336028289 44.4646198820526 50.749488194774 59.408650292061 65.3939092225577 42.1335654397112 25.1371095448155 11.8169657244696 13.1122954069213 13.3098989770086 25.185318980449 33.133161168797 40.3499162221735 28.0201012404049 20.3988456411247 21.8249351881671 32.5507905696614 35.6483039481298 36.5271072959116
28.8864711233203 36.891325246224 55.1164527725937 54.3101632616464 44.3292874052088 35.2267020690443 39.5033114967763 27.9944511968927 22.9256207462626 28.4141209660057 38.5630337396986 56.672008298609 58.7402198058132 57.6012541062883 43.560814358748 48.3949432979092 52.9257076745812 48.5746042768841 39.0165369840673 31.5654879504763 31.4641875193358 29.7212985474391 18.0429735660838 14.5414619887321 26.826315669017 30.9908314454934 41.1052196772364 47.1189792067189 50.4894337260254 57.2183750767018 67.6086280544887 69.827965733511 43.0023172934955 33.3081575405547 24.6202385703431 20.8715709416606 18.9404800335522 31.0279524075924 32.3201726667189 43.4696167144957 36.2167901804137 35.2584569552195 31.6009905779128 30.2355456536706 30.4957120367306 31.9632275120172
