IBR/IBR_outputs/all.combrep_1/EucDistWater_Total.FireFreq_2000_2008_Total.PersistForestCover_Total.VRM_Total/EucDistWater_Total.FireFreq_2000_2008_Total.PersistForestCover_Total.VRM_Total.asc
NCOLS 160 
NROWS 95 
XLLCORNER 210004.651214014 
YLLCORNER 7350008.22228844 
CELLSIZE 4999.99999999997 
NODATA_value -9999 
[rows 42 to 62 of 95, columns 0 to 45 of 160]
-9999 -9999 -9999 -9999 -9999 -9999 -9999 -9999 -9999 -9999 -9999 -9999 -9999 -9999 -9999 -9999 -9999 -9999 -9999 -9999 -9999 76.8081606088501 10.1559718722497 46.4746033372488 50.4576175841433 8.20994088371706 17.1686938437873 11.774980022611 16.6695307009761 29.5398605130914 42.5114705410964 54.8173321501591 43.3478133959753 28.6983047623732 20.3049392984807 14.4145623422415 22.779621394531 25.4536214142447 23.5738258822174 30.2799467038456 32.7800552905945 30.4614187477613 21.9263680207485 17.2654807705718 18.8347414278047 8.30355812776191
-9999 -9999 -9999 -9999 -9999 -9999 -9999 -9999 -9999 -9999 -9999 -9999 -9999 -9999 -9999 -9999 -9999 -9999 10.6436692763453 6.7251418282147 29.5479233295756 14.1856176878219 14.6196974431779 27.3961934024996 36.8449282983035 36.8229356055505 25.3952340495114 26.0227234234716 28.2770327402571 37.1517643980444 44.6935138797476 46.3679149477507 46.7403302014575 28.3523972952021 15.4150145165958 17.473050063331 33.3659844172526 17.0639131543129 10.9568151504792 22.6580020359476 31.8820684403068 30.9846290439382 28.369325520109 22.6794563107473 19.7132868876907 15.1855875181239
-9999 -9999 -9999 -9999 -9999 -9999 -9999 -9999 -9999 -9999 -9999 -9999 -9999 -9999 -9999 93.8399534675577 54.4099681594236 9.09980348509857 10.975333392992 7.99125496971173 15.26902184401 23.0155320842451 29.5440492185967 42.413719638229 29.8981097368596 36.71540215106 32.7168397052399 36.5642787172289 37.1536891504363 41.5727209589561 36.2264010631839 32.7498904545797 35.2914377542455 34.1376827699163 25.976060587947 19.1568094718948 35.1324358032878 17.1259213826092 18.58765758169 20.7547670384274 19.3248437847317 16.884498230657 18.7836085217862 20.9356621347704 35.2578623761977 26.1816317571554
-9999 -9999 -9999 -9999 -9999 -9999 -9999 -9999 -9999 -9999 -9999 -9999 -9999 19.952436296617 14.3082942213555 22.6465868317623 10.634992822563 9.71180428112255 18.2266311691447 18.4046008508903 23.8399854899934 33.3550682775657 44.7531270742723 42.1877116515877 42.8091653958105 42.3383859594704 35.6607755088569 27.4745679500884 26.3852730408188 30.1012229750601 24.6530791196878 18.4182719357905 23.6144562565498 35.1199800928393 35.8345471742175 25.8391918290691 15.5924994615763 28.4933823519719 11.0940865139813 13.106623327313 18.7149587745876 14.8451074611989 19.6344171424708 27.4050133246121 23.2117423991273 18.0196537742282
-9999 -9999 -9999 -9999 -9999 -9999 -9999 -9999 -9999 -9999 -9999 -9999 37.4721757470512 27.5216561849247 15.9793276041666 6.18530742693728 12.1958443018504 20.1540412466266 21.7135418718423 13.5746347675817 19.8330172491184 32.2230547395917 44.1740001039164 40.4351221573815 33.0964178843448 28.5017591947546 24.1272987418644 16.1200104831793 13.2673776563766 19.0523595822358 11.6315469331846 6.86719491719213 16.1200703854656 30.5299614062522 37.9446509077115 33.6288168965296 22.9622415219728 28.1528076991143 12.7027357970613 8.82560137048457 17.6910958469902 17.7721118356582 18.4498688794353 26.3845120813787 31.237879035065 31.8917036216899
-9999 -9999 -9999 -9999 -9999 -9999 -9999 -9999 -9999 -9999 10.9907073732485 19.0874798148132 30.7599361872881 29.2898572038173 22.6637211682814 15.4398687947115 10.1843851351696 19.7736327761127 19.4356310052788 8.43138144713181 16.3007602539619 30.1412034975422 42.1475475191853 35.7061537819228 22.0485188066807 24.133376064383 12.7571131747159 14.9895776540855 13.7420369078846 15.8715340420683 5.14705445196561 6.00562789847342 14.894370957073 28.9257819104501 26.7222103477523 21.781473417801 25.5397026654261 22.1909754925817 6.65185335044156 7.00076710283664 20.5506893742882 24.4476266805204 30.19288356862 36.215776090483 43.3980285852802 26.3519823707637
-9999 -9999 -9999 -9999 -9999 -9999 -9999 -9999 -9999 8.37085546861949 16.2932357809481 18.124899238789 20.443626213477 15.6330577926279 19.315057795005 14.2356641197156 12.4367550891444 13.0388964325103 14.9015301820542 19.3251502291048 29.4523892947996 35.4702323207417 44.5327683541946 36.3451644323677 23.4795641417244 11.4906582295258 11.5742195867197 18.1985901061165 25.8050538685519 20.9415879877727 11.3237085038159 17.7676116882384 25.4386793137616 29.0737049012323 17.9443435114157 12.2298545113879 19.235486738745 10.783565596351 9.07270460402575 15.6521372154516 29.0611419629917 36.1160314649069 35.8410750757706 40.2997711435803 22.4654379232874 12.919247606478
-9999 -9999 -9999 -9999 -9999 -9999 -9999 -9999 -9999 7.90492406276298 10.6692319512426 21.854957416886 14.2311719838198 5.49734297637805 14.8137135311208 20.9387215067707 12.6738497949785 9.66103451242176 6.46787042886328 18.147565677887 32.8249837215257 42.0380730946057 44.3400640919227 33.1471136754394 22.8227270968258 16.8469810916341 23.0040563170781 11.8350078654697 21.6518032186541 24.1701478573353 17.7576730255013 22.0536598513841 32.2854350680638 31.1674408838868 22.7173770404812 10.8345514750511 17.7438021443432 9.81814259469567 8.3484802789851 23.0511076609147 35.3162696298342 37.485225680916 21.1163575144269 21.7055416394125 20.2557736111967 24.1090984060325
-9999 -9999 -9999 -9999 -9999 -9999 -9999 -9999 121.384301294208 39.7430722752619 15.0908296956838 26.6169095466068 21.4656507900771 16.8042305864393 21.714389055062 21.5715654821689 11.7794256216637 10.4502790019935 16.2631408726827 23.765958189121 40.7643892636859 44.971490551007 41.7965068198181 28.3363849510671 14.10458389082 7.49281208487703 11.4330392666074 8.92281234246815 10.9356173888118 17.5916170929973 12.4590863472049 19.4937763728702 28.033924953717 31.2088099554015 25.8510061516905 20.7143723662085 21.7869723078259 11.5843877654258 7.13304348813025 17.1341291718274 29.399741740468 27.2883480671956 19.0701307359742 20.2322732299931 12.6036541810222 33.683173614435
-9999 -9999 -9999 -9999 -9999 -9999 -9999 -9999 130.473534293207 26.3083458151328 25.192911316169 29.5255207647409 18.1182676201235 11.3794017067423 18.3718623311205 11.0099951862047 10.3260406647898 14.5011934998586 16.1685967388338 34.8962490897761 46.9564173738855 50.1076690668007 43.3686458079742 30.9234748538791 18.5891246196273 9.13399341063392 15.9161421826574 10.7298590818277 7.26248734127596 16.4942155676601 16.6201252226362 16.9975640654342 16.2961863065226 23.5011057485588 32.572008772346 37.5670819108742 27.7222853012522 11.1330069270466 8.78072593190985 7.66322252534365 16.5755571173033 13.7888841587926 20.9276357270824 25.2804475407287 10.7119492367133 24.4364911295962
-9999 -9999 -9999 -9999 -9999 -9999 -9999 163.231654929596 58.3896467857966 34.3903301293818 36.7543968420148 30.8558879260891 17.2229622053992 10.0127102658896 18.3810474738275 11.8695841994157 12.5084504094678 10.6773239322828 15.5213685945459 32.5714985653417 45.2444158507012 49.9115885885464 48.7141272457983 38.517770322516 29.6218249032289 26.8886221208879 26.0945371101383 22.0092506125639 17.5877590673497 28.0433358015377 27.0225448495369 13.9340229329284 6.90956230019975 18.7300717364072 33.6713941407913 39.1175448458751 36.4709116350766 21.7597855947345 21.9370843504358 14.5728912533356 20.9045494974081 18.6319703163846 17.4684193797434 13.0004617225727 15.2102613770009 13.9842002270118
-9999 -9999 -9999 -9999 -9999 -9999 153.599971432941 117.780332079881 49.3947272292315 47.5518795245757 46.6019405550728 36.8753638011008 27.5761833073227 23.7849399387592 25.0786732401658 22.6863482018613 19.3096943770776 12.4687191929907 13.4513865168277 26.2851473978569 35.4610159022644 42.8056743256628 51.3205188655563 45.8401222250926 39.9445807607427 37.508148094031 39.890921354171 36.2155110037322 34.3675378833651 37.3845603892247 27.8778630636359 19.965215365841 23.8305925380004 27.8766024704034 35.0039306662506 35.4111152965723 34.3780637534473 35.4073719047274 33.4655976755835 30.8036859297017 28.7143276616395 15.5953262046608 15.8548437243727 21.7431449721827 15.2024747447305 16.9043083792966
-9999 -9999 -9999 -9999 -9999 -9999 168.03957351268 74.907857083385 60.8542984951878 59.4364763659069 54.6974134623698 45.7283815610236 36.057706789197 25.137797714268 14.8467115527979 12.5398710683493 21.2959583626905 13.2229637958625 16.2924433059702 12.662068715691 24.4250478125637 36.383626988118 46.9515147767869 39.9719283247176 33.9677490081242 34.7318102195568 38.9542444170316 41.427273949812 41.120085016664 30.1217639974476 19.551745116805 16.4650518570406 12.2879274925534 12.8229995733198 23.2843182599409 21.9524324410513 22.7166625800977 29.2741659025726 40.6293899290106 43.9012940634167 31.8214485159504 17.6102464367237 11.872335206153 10.9687956942048 16.2791876181478 14.484767915084
-9999 -9999 -9999 -9999 -9999 112.296199029228 158.187813469812 75.3769250178229 71.5456224389526 68.7979725517033 60.0565648233272 48.4583908584697 35.627894809457 21.7391157997714 8.81682394897687 9.01103232663617 22.6469840665191 21.2942617945116 12.6828698931247 16.9611999371379 20.8006086865622 32.4007093840517 41.424542334462 32.3272215255378 20.6935119251827 14.9669743822689 22.9901416099843 34.9501703705765 37.8468752505912 24.0399059787792 11.9374387599843 12.2698564141763 11.0898449290891 12.2656221123214 18.5619651845366 10.2863541109892 15.0118103475017 24.4616730890859 36.874833278912 43.7989909610415 34.2925587639724 21.2330968376342 13.8963729968741 22.8166233085916 12.3780635315846 14.1534455860591
-9999 -9999 -9999 -9999 -9999 182.350339974071 139.122085090153 82.9299902042074 79.8586226744778 72.1056606569948 61.895315828738 50.9407876593926 40.5674964926499 29.0847391206683 21.2418728994765 22.4664663736216 30.4939763879977 29.1763421297522 18.8087689804936 20.0401776827269 13.1251928606393 28.2491834661515 36.9957527600204 31.8398231586538 19.3188435700128 11.4380981188252 22.2302811973558 34.1088877896603 44.0368639312459 30.1091437723525 21.6242785433654 20.8574440250986 15.1932177718469 14.7976359524408 19.2291712334505 17.9743128519325 14.0446191698316 21.0701015213948 34.4209229188404 44.5252166631258 29.9987426902888 24.331222852445 20.4962598894541 17.1968833141042 20.0282259877551 30.4922650631521
-9999 -9999 -9999 -9999 -9999 157.110303072204 78.553746661538 82.5310186882697 79.7137305526048 70.2168883359714 59.9859087299115 48.7580833018663 37.4435219565167 27.1644589664078 23.0396980991374 26.1878471124425 35.4206289911545 34.7722663816315 23.6028958517586 15.5126985924297 19.7578488695271 23.0884127022278 31.7309791353324 34.0916889971837 30.6154016779253 25.9437970693308 27.1931282237638 34.8195902879202 39.4964563496459 35.5036982836765 32.9617293617854 25.9556411187452 18.2940989685328 11.1154746145931 22.1173751296352 34.5639222070321 25.3321865145581 30.0829867443622 36.0102364716639 27.6523370676013 17.8209886159608 10.8404026821369 20.4291781083338 27.1566511962586 27.8275846148158 45.2002811148985
-9999 -9999 -9999 -9999 -9999 129.101148450302 68.9308822263653 76.7567638424157 77.804974697765 68.9996882441898 57.5300609984149 46.0394846259265 32.4400992679683 18.5230512446893 8.29727462596022 17.2797758761384 31.2036389954083 39.2610630690052 30.8652982407 19.5116400757286 15.3391346602261 22.2561047101594 22.6910100497328 34.6130267024143 38.1722207795312 35.3482968721924 32.9307823633058 25.5158449215182 20.5914326012913 24.6710193604796 26.3311927459172 16.0594135215143 10.7892511018966 10.3531479889784 17.6293265300033 31.494534004983 39.2468269201962 41.2631558063963 38.8172491679775 22.4026054405788 8.66010698542692 8.70956525633496 22.8865659002825 38.3611587430105 38.7204241258789 43.5944443123011
-9999 -9999 -9999 -9999 -9999 75.4331744911664 62.1655407642377 71.3282376787226 72.8211247897365 64.9177403024283 57.1803628714002 46.2393285159368 33.722643676351 21.0030066653374 12.9720988662052 19.856848474446 29.519066844877 32.323890533857 35.4110341213733 27.9694265810983 13.6328747916005 16.2021673510096 18.9667323763724 33.2949314858455 45.1074295656965 42.408908170398 30.1888598452175 19.1827153145908 9.48925645070601 12.5517133093848 17.712530197617 15.8317359813792 9.05306513479127 12.0662984109506 23.1286730935301 34.6958571058842 37.7014250999619 39.9311437035498 34.1413172275188 26.6157138940701 18.0619430302623 20.9299960705756 32.2652558070534 39.3534615592188 43.5568368864048 38.8744758893472
-9999 -9999 -9999 -9999 -9999 49.6039450862693 56.944921505305 67.1010847202188 93.1625694658686 61.3466974079748 53.422902538511 43.6023059310651 43.0931214856592 32.2931429774367 31.2551683566958 31.783890691664 21.575865942828 20.2318626129965 28.9239749606146 31.5102000060893 20.052368765684 28.2284282133091 24.0603203156217 38.3751751305243 48.1050230375267 49.1160944807539 33.232817753925 26.0540906040533 25.9335041188923 12.7362295064372 18.6316863895446 33.9225824514758 21.6814464246816 8.17615225721932 18.2547659481476 23.8509189270973 27.0783823027312 28.8344727946394 25.8524757789504 27.7724240917424 26.1863307081621 37.2726344100939 34.4520864048926 31.2199072294223 29.1015952009546 31.6449182811366
-9999 -9999 -9999 -9999 -9999 41.7580655835829 54.0296643508097 65.0793745168889 78.391314605889 88.0948299144064 46.4948179479437 30.6833080197077 27.3587052134017 29.4302448675897 37.9708042974787 26.3603780746018 12.1141900329662 12.1190576131358 25.203281195135 35.7568840082601 31.0509195897035 34.8373397919541 27.4742792042357 34.2987587002605 42.5584049018986 46.2206580713841 33.9245129898067 26.1141004367882 24.7955347924181 27.2002291696514 25.3198570109876 37.7458891298352 19.627868610883 6.39901287700789 9.83306961040897 9.85470895067263 11.8793286615663 16.7126317853799 17.640493319377 14.4158817477225 17.2355873788875 22.1696163797754 25.6726721956982 17.2266207554049 16.9441752068502 18.6972243171974
-9999 -9999 -9999 -9999 -9999 41.3904942511639 51.1144594065102 59.2842215480187 59.2536385263227 64.2687153529783 53.4177023925809 29.3180735805226 11.2933508234186 17.8687524754576 30.7375152084349 29.3333408839143 19.6439482218759 19.3523014571932 28.8282774777058 38.3913671688454 29.7748736062491 23.8477234658751 13.9886906888342 23.2194169657251 33.0892171406098 36.0567733449306 30.0220874851818 15.9287610246718 8.64082617454243 23.3916236781095 16.3979162726804 18.0480406348475 23.0409774057232 13.8955450913738 11.1991616721789 7.65872868312044 7.55284850235195 7.54784105706422 13.1396782425836 8.3030310571613 8.27024778891807 14.4521201768437 12.7830527037333 10.7551748145141 13.1612790986164 16.4440146219931
