9.9991E-05 0.0167962 0.204145 0.778959
9.999E-05 0.0333265 0.0986251 0.867948
9.999E-05 0.0427796 0.267158 0.689962
0.0256456 0.0189416 0.043209 0.912204
0.0547602 0.0135831 0.000783842 0.930873
0.0480274 0.00192955 0.0255167 0.924526
0.0395265 9.9991E-05 0.0884344 0.871939
9.9982E-05 0.0563964 9.9982E-05 0.943404
0.0663329 0.0116808 0.23897 0.683016
0.0730309 0.0130582 0.24682 0.667091
0.230124 0.0537874 0.0615652 0.654523
0.0675673 0.0431959 0.210403 0.678834
0.28893 0.0465808 0.0554362 0.609053
0.110792 9.9991E-05 0.228401 0.660707
0.0451906 0.0427924 0.267724 0.644293
0.0529217 0.0111153 0.164296 0.771667
9.9982E-05 9.9982E-05 0.249555 0.750245
9.9991E-05 0.0351651 0.106753 0.857982
0.179657 0.0585025 0.617444 0.144396
0.0131408 9.9991E-05 0.793931 0.192828
0.0334066 0.0126279 0.710451 0.243514
0.0291607 0.00625655 0.964483 9.9991E-05
0.0286392 0.034575 0.936686 9.9991E-05
9.9991E-05 0.0375477 0.886228 0.0761245
9.9982E-05 9.9982E-05 0.780885 0.218915
9.9982E-05 0.00330871 0.996491 9.9982E-05
0.0521473 0.0274485 0.920304 9.9991E-05
0.0653198 0.0310948 0.903485 9.9991E-05
0.0188878 9.9982E-05 0.980912 9.9982E-05
0.0914643 9.9991E-05 0.907746 0.000690103
0.0201529 0.00420329 0.975544 9.9991E-05
0.0300316 0.0303677 0.932117 0.00748333
9.9991E-05 0.0666892 0.841625 0.0915859
0.0391269 0.0847124 0.200299 0.675862
0.0123481 0.00508747 0.329788 0.652776
0.054381 9.9991E-05 0.129445 0.816074
0.0167072 0.0422336 0.0757893 0.86527
0.138479 0.0012542 0.196061 0.664205
9.998E-05 0.9997 9.998E-05 9.998E-05
0.0703265 0.0311149 0.874426 0.024133
0.0958118 0.0276656 0.221548 0.654975
9.9991E-05 0.00369999 0.152114 0.844086
0.207155 0.0180127 0.311096 0.463737
0.331298 0.0554225 0.130686 0.482594
0.284304 0.0356187 0.0993043 0.580773
9.998E-05 0.9997 9.998E-05 9.998E-05
0.0754443 0.0907691 0.273723 0.560063
0.237405 9.9991E-05 0.195072 0.567423
0.144012 0.0400829 0.458369 0.357536
0.863028 0.0587559 0.00565538 0.0725602
0.876395 0.0301892 0.063596 0.0298202
0.867634 9.9982E-05 9.9982E-05 0.132166
0.800224 0.0697055 0.0385225 0.0915483
0.850277 0.0554294 0.0941941 9.9991E-05
0.893585 9.9982E-05 0.106215 9.9982E-05
0.783637 9.9982E-05 9.9982E-05 0.216163
0.903335 0.0107238 0.0636418 0.0222994
0.891032 0.058433 0.0504348 9.9991E-05
0.812716 0.0533889 9.9991E-05 0.133795
0.724485 0.0353717 9.9991E-05 0.240043
0.885149 9.9982E-05 0.114651 9.9982E-05
0.767248 0.00424169 0.0919208 0.13659
0.537331 0.0944174 0.00808252 0.360169
0.0412882 0.0366458 0.875504 0.0465617
0.0228795 0.0454904 0.910953 0.0206771
9.9991E-05 0.0152528 0.898323 0.086324
0.77743 0.0263683 0.0216291 0.174572
0.694684 0.0854238 9.9991E-05 0.219792
0.836101 0.0312382 0.0174831 0.115177
0.815072 0.0646151 0.0529023 0.067411
0.868667 0.0514378 0.0299259 0.0499697
0.34158 0.0193334 9.9991E-05 0.638986
0.343198 0.00501955 0.0584931 0.593289
0.320339 0.00942041 0.0524026 0.617838
0.341348 0.0501431 0.0312911 0.577217
0.268719 0.0365334 0.195838 0.49891
0.344914 0.0361934 0.0392702 0.579623
0.279628 0.0407739 0.125812 0.553787
0.761644 9.9982E-05 9.9982E-05 0.238156
0.591509 0.129198 0.0402548 0.239038
0.824726 0.0558558 0.11454 0.00487853
0.835694 0.053365 0.110841 9.9991E-05
0.75093 0.0360943 9.9991E-05 0.212876
0.0444876 0.0264662 0.78901 0.140036
0.477345 0.0038714 0.132932 0.385851
0.412338 9.9982E-05 9.9982E-05 0.587462
9.998E-05 0.9997 9.998E-05 9.998E-05
9.9991E-05 0.0251373 0.300331 0.674432
9.9991E-05 0.0378387 0.199787 0.762275
0.0611075 0.0530227 0.200184 0.685685
0.173692 0.0568749 0.24759 0.521843
0.0371523 9.9991E-05 0.152169 0.810579
0.422915 0.00767644 0.0364446 0.532964
0.0589687 0.037887 0.652784 0.25036
0.407783 0.0945299 9.9991E-05 0.497587
0.119885 0.0459074 0.428127 0.406081
9.9991E-05 0.0123931 0.196332 0.791175
0.0308469 9.9991E-05 0.117791 0.851262
0.0495657 9.9991E-05 0.178486 0.771848
0.0790752 0.0210425 0.0388872 0.860995
0.0614138 0.0115523 0.043553 0.883481
9.9991E-05 0.0272943 0.119663 0.852943
0.467118 0.026867 0.0744042 0.431611
0.313825 0.0977205 0.0234964 0.564959
0.43073 0.102604 0.0310987 0.435567
0.125839 0.00960282 0.310183 0.554375
0.26315 9.9991E-05 0.203265 0.533485
0.0494056 9.9991E-05 0.551239 0.399255
0.847124 0.0267224 0.00965435 0.116499
0.812237 0.0469317 0.108382 0.0324493
0.394808 9.9991E-05 0.230657 0.374436
0.360967 0.0446966 0.115645 0.478692
0.30703 0.0624333 0.302835 0.327702
0.0233813 9.9991E-05 0.821512 0.155007
0.767032 0.080573 0.106723 0.0456722
0.834202 9.9991E-05 0.0669538 0.0987444
0.624212 0.00584162 9.9991E-05 0.369847
0.0491256 0.0572844 0.544029 0.349561
0.00991791 0.0330973 0.322817 0.634168
0.0364928 0.0465159 0.0352017 0.88179
0.0579874 9.9991E-05 0.0825399 0.859373
9.9982E-05 9.9982E-05 0.480357 0.519443
9.9991E-05 0.0254512 0.192545 0.781904
9.9991E-05 0.00242404 0.0502989 0.947177
0.0319479 0.0134807 9.9991E-05 0.954471
0.0590608 9.9991E-05 0.40525 0.53559
0.0221572 9.9991E-05 0.119507 0.858236
9.9991E-05 0.0343948 0.222514 0.742991
9.9991E-05 0.0144158 0.141473 0.844011
0.134821 9.9991E-05 0.310395 0.554684
0.0458454 0.0408332 0.0264036 0.886918
0.0466025 0.0334843 0.258985 0.660928
0.024206 9.9991E-05 0.0925901 0.883104
0.0170697 9.9982E-05 0.98273 9.9982E-05
9.998E-05 9.998E-05 0.9997 9.998E-05
9.9982E-05 0.0375144 0.962286 9.9982E-05
0.0584477 0.0219303 0.859513 0.0601089
0.065258 0.0342611 0.852235 0.0482462
0.0986526 0.0236963 0.0354925 0.842159
9.9991E-05 0.0416518 0.227557 0.730691
0.9997 9.998E-05 9.998E-05 9.998E-05
0.884047 0.0501436 0.0657092 9.9991E-05
0.913874 0.00580652 0.0447057 0.0356141
0.761182 9.9991E-05 0.0536292 0.185089
0.906265 0.0195228 9.9991E-05 0.0741119
0.854724 9.9982E-05 0.145076 9.9982E-05
0.971688 0.0249713 9.9991E-05 0.00324063
0.91938 0.00676963 0.0737504 9.9991E-05
0.934949 9.9982E-05 0.0648509 9.9982E-05
0.919007 9.9991E-05 0.0791195 0.00177325
0.899287 0.051158 9.9991E-05 0.049455
0.804498 0.0608802 0.0635882 0.071034
0.846034 0.01567 0.019781 0.118515
0.891035 0.0253612 0.0835034 9.9991E-05
0.890132 0.0301419 9.9991E-05 0.0796261
0.930951 0.0236097 9.9991E-05 0.0453398
0.90925 0.0134788 0.0771712 9.9991E-05
0.365071 9.9991E-05 0.0503566 0.584472
0.215619 0.0110864 0.091745 0.681549
0.942845 9.9982E-05 9.9982E-05 0.0569554
0.738053 0.0233979 9.9991E-05 0.238449
0.97426 9.9982E-05 0.0255398 9.9982E-05
0.369674 9.9982E-05 9.9982E-05 0.630126
9.9991E-05 0.0271103 0.0257166 0.947073
9.9991E-05 0.0357102 0.240618 0.723572
0.0936288 9.9991E-05 0.564745 0.341526
0.0375457 9.9991E-05 0.613256 0.349098
0.0551582 0.0174986 0.798608 0.128735
0.016048 0.00499683 0.952891 0.0260641
9.9991E-05 0.00683383 0.810602 0.182464
9.9991E-05 0.0217976 0.854053 0.12405
0.103847 0.0312609 0.783627 0.0812653
0.0779663 0.0595426 0.836998 0.0254935
9.9982E-05 9.9982E-05 0.116167 0.883633
0.0526145 0.0603476 0.117012 0.770026
0.061724 0.0498335 9.9991E-05 0.888343
0.0384281 9.9982E-05 9.9982E-05 0.961372
0.00914462 0.0304507 9.9991E-05 0.960305
0.11326 9.9982E-05 9.9982E-05 0.88654
0.0324998 0.0107492 0.207799 0.748952
0.107233 0.00138342 0.193102 0.698282
0.0363878 0.0643893 0.0767928 0.82243
0.0854653 9.9991E-05 0.237479 0.676956
0.0341148 0.0402293 0.153002 0.772653
0.0943404 0.143341 0.730314 0.0320051
0.848405 0.0349027 0.00379298 0.112899
0.843207 0.0471644 0.109528 9.9991E-05
0.935151 0.019768 0.0370782 0.00800303
0.795792 0.02379 0.0090871 0.171331
0.853883 0.037509 0.0967941 0.0118136
0.148755 0.0337615 0.27759 0.539894
0.00967103 0.0497929 0.288043 0.652493
9.9991E-05 0.0955922 0.161669 0.742639
0.0102655 0.0720082 0.268328 0.649399
