9.9982E-05 0.0115901 9.9982E-05 0.781975 0.125916 0.0803185
9.999E-05 0.023166 0.371915 0.48767 0.0698238 0.0473249
9.9982E-05 0.0242307 9.9982E-05 0.706585 0.189255 0.0797292
0.0068189 0.0161334 0.166766 0.658437 0.0319092 0.119935
0.0389412 9.9973E-05 0.108142 0.852617 9.9973E-05 9.9973E-05
0.0386208 9.9982E-05 0.268627 0.647192 9.9982E-05 0.0453596
0.00573047 9.9991E-05 0.333174 0.453784 0.0965208 0.110691
9.9982E-05 0.030061 0.209477 0.628795 9.9982E-05 0.131467
0.0585562 9.9982E-05 0.654296 0.187114 0.0998337 9.9982E-05
9.999E-05 0.0138497 0.284257 0.310338 0.198308 0.193148
0.0541028 0.0567706 0.390846 0.072604 9.9991E-05 0.425577
0.0251731 0.0188595 0.446251 0.240483 0.141397 0.127837
0.0595707 0.0250496 0.272983 9.9982E-05 9.9982E-05 0.642197
0.0579419 9.9991E-05 0.706551 0.00825354 0.10631 0.120844
0.0402383 0.0378298 0.500703 0.294171 0.126958 9.9991E-05
9.999E-05 0.00703537 0.573018 0.176153 0.0833437 0.16035
0.0313858 9.9982E-05 0.647266 0.203027 0.11812 9.9982E-05
9.9982E-05 0.0324074 0.509922 0.42315 0.0343206 9.9982E-05
0.133265 0.0530442 0.182346 9.9991E-05 0.490087 0.141158
9.9973E-05 9.9973E-05 0.339657 9.9973E-05 0.577787 0.0822557
0.0204257 0.0210985 0.11369 0.211314 0.614073 0.0193986
9.9973E-05 0.0128686 9.9973E-05 9.9973E-05 0.788871 0.197961
0.00182505 0.057686 9.9982E-05 9.9982E-05 0.847348 0.0929407
0.0083997 0.0349527 0.262047 9.9982E-05 0.694401 9.9982E-05
9.9982E-05 9.9982E-05 0.00716804 0.236299 0.642148 0.114185
9.999E-05 0.0101779 0.010244 0.135677 0.841962 0.00183848
0.0413822 0.0267631 0.0129427 0.0270714 0.825835 0.0660058
0.0553687 0.0131642 0.15985 9.9982E-05 0.771417 9.9982E-05
0.0217272 9.9982E-05 0.0398026 0.122278 0.815992 9.9982E-05
0.094656 9.9982E-05 9.9982E-05 0.0864104 0.805348 0.0133854
0.0209172 9.9982E-05 0.0988919 9.9982E-05 0.871362 0.00862944
0.0029822 0.058969 0.142837 0.0181017 0.77701 9.9991E-05
9.9982E-05 0.0848557 0.123546 9.9982E-05 0.701621 0.0897777
9.999E-05 0.0866243 0.314262 0.311165 0.0794427 0.208406
0.00745473 0.00807457 0.201509 0.528702 0.247657 0.00660302
0.0593991 9.9973E-05 9.9973E-05 0.835473 0.104828 9.9973E-05
9.9982E-05 0.0341598 9.9982E-05 0.763249 0.0692119 0.133179
0.0501903 9.9991E-05 0.364669 0.235881 0.137413 0.211747
9.996E-05 0.9995 9.996E-05 9.996E-05 9.996E-05 9.996E-05
9.9973E-05 0.021219 9.9973E-05 9.9973E-05 0.747951 0.23053
0.0937984 0.00301948 0.0957544 0.595318 0.21201 9.9991E-05
9.9982E-05 9.9982E-05 0.460384 0.318542 0.0972161 0.123658
0.120418 9.9991E-05 0.235074 0.122267 0.270817 0.251324
0.0494456 0.0477643 0.215158 9.9991E-05 0.0321308 0.655402
9.9982E-05 0.00515474 9.9982E-05 0.054252 0.0444473 0.895946
9.996E-05 0.9995 9.996E-05 9.996E-05 9.996E-05 9.996E-05
0.00748307 0.072264 0.288403 0.277682 0.151702 0.202465
0.113138 9.9991E-05 0.230021 0.167982 0.142323 0.346436
0.109741 0.0330684 0.349681 0.0790134 0.311851 0.116644
0.742444 0.0455768 0.0866928 0.0129629 9.9991E-05 0.112223
0.727007 0.017164 0.127394 9.9991E-05 0.00485605 0.12348
0.779901 9.9973E-05 0.0919849 0.127814 9.9973E-05 9.9973E-05
0.641965 0.0784368 0.104408 9.9982E-05 9.9982E-05 0.17499
0.773784 0.0393311 0.137708 9.9982E-05 0.0489767 9.9982E-05
0.806496 9.9973E-05 0.177349 9.9973E-05 0.0158555 9.9973E-05
0.660228 9.9964E-05 0.339372 9.9964E-05 9.9964E-05 9.9964E-05
0.731859 9.9973E-05 0.17068 9.9973E-05 9.9973E-05 0.0971605
0.833371 0.0242066 9.9973E-05 9.9973E-05 0.142123 9.9973E-05
0.700391 0.0611627 0.0854418 9.9982E-05 9.9982E-05 0.152804
0.548578 0.0409198 0.0130883 0.119766 9.9991E-05 0.277548
0.813446 0.00195334 9.9982E-05 9.9982E-05 0.174628 0.00977283
0.581905 9.9982E-05 0.130099 9.9982E-05 0.0328346 0.254961
0.284446 0.0729478 0.0624421 9.9991E-05 0.0135376 0.566526
0.0530505 0.00431773 0.149943 0.0234816 0.753907 0.0153008
0.041761 0.0389027 9.9982E-05 0.196848 0.722289 9.9982E-05
9.9973E-05 0.00452449 9.9973E-05 0.154888 0.840288 9.9973E-05
0.692329 0.0114706 0.218978 0.000861749 9.9991E-05 0.0762609
0.506581 0.0726392 9.9982E-05 0.107653 9.9982E-05 0.312927
0.713436 0.015525 0.12619 9.9991E-05 0.0158441 0.128905
0.634235 0.0713399 0.0145005 0.00503538 0.0237224 0.251166
0.78684 0.0449254 0.0668409 0.0964614 0.00483258 9.9991E-05
0.105115 9.9982E-05 0.280269 0.0569976 9.9982E-05 0.557419
0.0532088 9.9973E-05 0.276378 9.9973E-05 9.9973E-05 0.670113
0.0633728 9.9973E-05 0.174353 9.9973E-05 9.9973E-05 0.761974
9.9964E-05 0.0201456 9.9964E-05 9.9964E-05 9.9964E-05 0.979455
0.00595339 0.0339007 0.0368116 9.9991E-05 0.143711 0.779524
9.9973E-05 0.0119741 0.00527146 9.9973E-05 9.9973E-05 0.982455
0.0338251 0.0336778 9.9991E-05 0.191695 0.0774849 0.663217
0.61212 9.9973E-05 0.163738 9.9973E-05 9.9973E-05 0.223843
0.424272 0.121117 9.9982E-05 0.217156 9.9982E-05 0.237255
0.691932 0.0462483 9.9991E-05 0.0890071 0.0991438 0.0735691
0.729267 0.0585681 0.0812318 9.9991E-05 0.026641 0.104192
0.663109 0.0465198 0.255204 9.9982E-05 9.9982E-05 0.0349674
0.0086323 0.0181699 0.240774 9.9991E-05 0.615407 0.116916
0.320452 9.9991E-05 0.0639064 0.0663774 0.148777 0.400387
0.082845 9.9973E-05 9.9973E-05 0.0292556 9.9973E-05 0.887599
9.996E-05 0.9995 9.996E-05 9.996E-05 9.996E-05 9.996E-05
9.9991E-05 0.0181314 0.278091 0.402692 0.182094 0.118891
9.9982E-05 0.0369681 0.200321 0.628718 0.133793 9.9982E-05
0.0270702 0.0440542 0.528995 0.168755 0.102357 0.128768
0.102416 0.026077 0.644012 9.9991E-05 0.116198 0.111196
0.0428882 9.9991E-05 0.137343 0.687944 0.0855659 0.0461588
0.113575 9.9982E-05 9.9982E-05 0.00861857 0.0265105 0.851096
9.9982E-05 0.026549 9.9982E-05 0.232551 0.557218 0.183482
0.148443 0.0862953 0.0311891 0.104255 9.9991E-05 0.629718
0.0485031 0.0496763 0.124538 0.166869 0.331647 0.278766
9.9973E-05 9.9973E-05 0.620355 0.30218 0.0771655 9.9973E-05
9.9982E-05 9.9982E-05 0.105347 0.620384 0.0667807 0.207288
9.9982E-05 9.9982E-05 0.257476 0.347145 0.120802 0.274376
0.0214195 0.0207679 0.780258 0.0796771 9.9991E-05 0.0977777
9.9982E-05 0.0120269 9.9982E-05 0.669879 0.0100913 0.307803
9.9973E-05 9.9973E-05 0.735833 0.100401 9.9973E-05 0.163466
0.211125 0.0215972 9.9991E-05 0.214076 0.0214915 0.53161
0.138062 0.0808123 0.180521 0.0836922 9.9991E-05 0.516812
0.163233 0.0823813 0.109619 0.00572208 9.9991E-05 0.638945
9.9982E-05 9.9982E-05 0.301692 0.015267 0.171118 0.511723
0.084592 9.9991E-05 0.311458 0.0337263 0.135928 0.434195
0.0648059 9.9982E-05 0.368917 0.219573 0.346503 9.9982E-05
0.750305 0.0252689 9.9973E-05 0.224126 9.9973E-05 9.9973E-05
0.698822 0.0282847 0.000447448 0.0173225 0.075068 0.180055
0.160648 9.9982E-05 9.9982E-05 0.155062 0.158701 0.525389
0.207865 0.0232934 0.376378 9.9991E-05 0.0672267 0.325138
0.160778 0.0483762 9.9991E-05 0.189709 0.259615 0.341422
9.9973E-05 9.9973E-05 0.0281435 9.9973E-05 0.666143 0.305413
0.557707 0.0529031 9.9982E-05 9.9982E-05 0.0358799 0.35331
0.669232 9.9982E-05 0.139958 9.9982E-05 0.0324799 0.15813
0.461063 9.9982E-05 0.0658229 0.072207 9.9982E-05 0.400707
0.0398404 0.0667339 0.0641935 0.392911 0.39088 0.045441
0.0209855 0.0185942 0.077078 0.658928 0.224314 9.9991E-05
9.9991E-05 0.0373703 0.176018 0.65116 0.00635927 0.128993
0.0604145 9.9991E-05 0.0900118 0.776104 0.0641178 0.00925153
9.9973E-05 9.9973E-05 0.163501 0.472869 0.363331 9.9973E-05
9.9991E-05 0.0116405 0.250313 0.48426 0.164593 0.0890942
0.0111951 9.9982E-05 0.175959 0.740692 0.0719531 9.9982E-05
0.0319976 0.0154501 0.271435 0.680917 9.9982E-05 9.9982E-05
0.00862733 9.9991E-05 0.225013 0.390281 0.334011 0.0419678
9.9973E-05 9.9973E-05 0.862794 0.087927 9.9973E-05 0.0489792
9.9973E-05 0.0159422 0.942506 9.9973E-05 0.0412516 9.9973E-05
9.9973E-05 9.9973E-05 0.834814 0.0850661 9.9973E-05 0.0798199
0.111319 9.9991E-05 0.358174 0.294255 0.175582 0.0605696
0.0406133 0.0186132 0.887767 0.0528061 9.9982E-05 9.9982E-05
9.9982E-05 0.00956905 0.701182 9.9982E-05 0.104651 0.184398
0.0221338 9.9991E-05 0.20374 0.685046 0.029427 0.059553
9.9973E-05 9.9973E-05 0.00343086 9.9973E-05 0.769189 0.227081
9.9973E-05 9.9973E-05 9.9973E-05 0.141331 0.816305 0.0420639
9.9973E-05 0.0172388 0.215466 9.9973E-05 0.766995 9.9973E-05
0.0603616 9.9982E-05 0.181056 0.0493229 0.709059 9.9982E-05
0.0399496 0.0309702 9.9991E-05 0.143545 0.731929 0.0535057
0.0263354 0.0251738 0.23736 0.489107 9.9991E-05 0.221924
9.9991E-05 0.0111524 0.0259009 0.599228 0.169598 0.194021
0.891317 9.9973E-05 9.9973E-05 0.026361 9.9973E-05 0.0820219
0.780729 0.023206 0.130834 0.0136124 0.0254806 0.0261383
0.817788 0.00785489 0.00330523 0.104454 0.0298652 0.0367333
0.586916 9.9973E-05 9.9973E-05 0.0975502 9.9973E-05 0.315234
0.815608 0.0288101 0.140883 0.0144989 9.9982E-05 9.9982E-05
0.815148 9.9973E-05 0.0404726 9.9973E-05 0.14408 9.9973E-05
0.811276 0.024049 9.9982E-05 0.00898046 9.9982E-05 0.155495
0.790599 9.9982E-05 9.9982E-05 0.0890202 0.0764352 0.0437457
0.807934 9.9982E-05 9.9982E-05 0.0905056 0.0395699 0.0617909
0.825859 9.9982E-05 9.9982E-05 0.095896 0.0684643 0.00958048
0.767095 0.0408689 9.9991E-05 0.0359803 0.0156732 0.140282
0.694588 0.0483609 0.0279155 0.0477759 0.0783674 0.102992
0.737876 0.019204 0.0521961 0.153647 0.0161663 0.0209107
0.824817 0.0337026 0.0392561 9.9982E-05 0.102024 9.9982E-05
0.721279 9.9973E-05 9.9973E-05 0.103804 9.9973E-05 0.174617
0.841061 0.0155895 9.9973E-05 0.14305 9.9973E-05 9.9973E-05
0.811038 0.00561244 9.9991E-05 0.0786095 0.0625988 0.0420408
0.0776393 9.9982E-05 9.9982E-05 0.103474 0.0487299 0.769957
9.9982E-05 0.00288875 0.0867559 0.0415394 9.9982E-05 0.868616
0.785332 9.9973E-05 9.9973E-05 0.0912916 9.9973E-05 0.123077
0.645289 0.0364446 0.00384758 0.281606 9.9991E-05 0.0327132
0.829645 9.9973E-05 9.9973E-05 9.9973E-05 0.0256942 0.144361
0.0669849 9.9982E-05 0.094541 0.0654471 9.9982E-05 0.772827
0.000480377 0.0141256 0.049161 0.936033 9.9982E-05 9.9982E-05
9.9982E-05 0.0323192 0.188504 0.602584 0.176393 9.9982E-05
9.9982E-05 9.9982E-05 0.0440145 0.332477 0.428013 0.195296
0.00274079 9.9991E-05 0.272397 0.0820783 0.531533 0.11115
0.0103452 0.0340238 0.140143 0.0614304 0.663421 0.0906365
0.0518327 9.9991E-05 0.157627 0.00613774 0.760984 0.0233192
9.9973E-05 9.9973E-05 0.157493 0.155636 0.686571 9.9973E-05
9.9991E-05 0.00989172 0.0708089 0.0660766 0.747476 0.105646
0.0640996 0.0246832 0.106934 9.9991E-05 0.700685 0.103498
0.060741 0.0685183 0.196785 0.0186528 0.655203 9.9991E-05
0.0119637 0.00522151 0.0592625 0.78277 0.0930945 0.0476875
0.0452539 0.0511836 9.9991E-05 0.794573 0.0484752 0.0604143
0.0297114 0.0306416 0.0176544 0.744668 9.9991E-05 0.177225
9.99641E-05 9.99641E-05 9.99641E-05 0.821391 9.99641E-05 0.178209
9.9982E-05 0.0243472 0.134896 0.728434 9.9982E-05 0.112123
0.0115154 9.9982E-05 0.0848107 0.625606 9.9982E-05 0.277868
9.9982E-05 9.9982E-05 0.569167 0.234342 0.108515 0.0877765
0.00638512 9.9982E-05 0.803532 9.9982E-05 0.04067 0.149213
9.9973E-05 0.0353177 0.813938 9.9973E-05 9.9973E-05 0.150445
0.0585243 9.9991E-05 0.652396 0.117684 0.0726984 0.098598
0.0226856 0.0221881 0.829213 0.125714 9.9982E-05 9.9982E-05
0.0878672 0.137083 0.234118 9.9982E-05 0.540732 9.9982E-05
0.712996 0.0336292 0.0984775 0.0174509 0.0168709 0.120575
0.729706 0.0548339 0.0516124 0.0551288 0.0278456 0.0808736
0.771665 0.000162006 0.125631 9.9982E-05 9.9982E-05 0.102342
0.662543 0.0145735 9.9982E-05 0.184521 9.9982E-05 0.138163
0.759989 0.0239606 9.9982E-05 0.185346 0.0305045 9.9982E-05
0.117717 0.0271286 0.423494 0.14529 0.207222 0.0791488
0.00143093 0.0416898 0.382831 0.285598 0.225997 0.0624542
9.9982E-05 0.036893 0.918396 0.0440589 0.000452484 9.9982E-05
9.9991E-05 0.0509645 0.320093 0.240629 0.22585 0.162363
