9.9973E-05 0.690606 9.9973E-05 0.114217 9.9973E-05 0.0875386 0.107338
0.0294027 0.658153 9.9991E-05 0.0664214 0.17698 0.0462441 0.0226991
0.024022 0.793587 9.9973E-05 0.0772466 9.9973E-05 9.9973E-05 0.104844
0.00316204 0.513981 0.00914094 0.327573 0.145943 9.9982E-05 9.9982E-05
9.9973E-05 0.920304 0.00184174 9.9973E-05 0.00730773 0.0702468 9.9973E-05
9.9973E-05 0.64925 9.9973E-05 0.0458263 0.193884 0.11074 9.9973E-05
9.9982E-05 0.415734 9.9982E-05 0.153547 0.289013 0.0613097 0.0801961
0.0310137 0.569652 9.9973E-05 0.299271 0.0997631 9.9973E-05 9.9973E-05
0.0100642 0.263835 0.057398 9.9991E-05 0.58672 0.0191157 0.0627679
0.0323228 0.208054 0.00375512 0.298134 0.336766 0.00202346 0.118944
0.0642047 0.0114856 0.110025 0.465192 0.327589 9.9991E-05 0.0214039
0.0123496 0.306143 9.9991E-05 0.0557941 0.43948 0.0862153 0.0999186
0.0429647 9.9982E-05 9.9982E-05 0.475516 0.232798 0.193968 0.054552
9.9982E-05 0.0425764 0.121112 0.0644581 0.653689 9.9982E-05 0.117965
0.0321966 0.565679 0.113867 9.9982E-05 0.157966 9.9982E-05 0.130092
0.0137129 0.168731 9.9991E-05 0.178887 0.574824 0.0236989 0.0400461
9.9991E-05 0.197826 0.00497192 0.0291294 0.611283 0.000957387 0.155732
0.0063255 0.558648 9.9973E-05 9.9973E-05 0.433999 9.9973E-05 0.0007271
0.0736018 0.0249563 0.0699045 0.0504457 0.243106 0.0941505 0.443835
9.9973E-05 9.9973E-05 9.9973E-05 0.015954 0.400454 0.0317841 0.551508
0.0156671 0.0929634 0.00268858 0.095943 0.152975 9.9991E-05 0.639663
0.0118071 0.0233614 0.026395 0.0283219 0.0453176 0.0496495 0.815147
0.0258333 9.9973E-05 9.9973E-05 0.0528445 9.9973E-05 0.0459277 0.875095
0.0373187 0.116302 0.00185534 9.9991E-05 0.136722 0.000415721 0.707286
9.9982E-05 0.00793627 0.00698925 0.145847 0.174008 9.9982E-05 0.66502
0.0088442 0.133016 9.9982E-05 0.0249378 9.9982E-05 0.0556492 0.777353
0.0388235 9.9973E-05 0.0735088 9.9973E-05 9.9973E-05 0.0603307 0.827037
0.0269771 9.9973E-05 9.9973E-05 9.9973E-05 0.147566 0.0746022 0.750554
9.9973E-05 0.169639 0.0226651 9.9973E-05 9.9973E-05 0.00594176 0.801454
9.9982E-05 0.0512126 0.00402813 0.0822296 9.9982E-05 0.0693635 0.792966
9.9964E-05 9.9964E-05 9.9964E-05 9.9964E-05 0.108307 0.0837884 0.807505
0.0156888 9.9982E-05 0.0563896 0.0451526 0.128185 9.9982E-05 0.754384
0.0584531 0.0633649 9.9982E-05 0.0745732 9.9982E-05 0.0455446 0.757864
0.0812236 0.331214 9.9991E-05 0.155716 0.228052 0.0536444 0.150051
9.9973E-05 0.483233 0.047025 9.9973E-05 0.222455 9.9973E-05 0.246987
9.9982E-05 0.456254 0.0918308 0.203663 0.075671 9.9982E-05 0.172382
0.0273183 0.516354 0.0055489 0.259777 0.0995828 0.0457826 0.0456366
0.0161723 0.125793 0.0961114 0.279446 0.352227 9.9991E-05 0.13015
0.9994 9.995E-05 9.995E-05 9.995E-05 9.995E-05 9.995E-05 9.995E-05
0.0427672 9.9982E-05 0.0164205 0.258674 9.9982E-05 0.0297075 0.652231
9.9982E-05 0.594195 0.0610235 9.9982E-05 0.154838 0.0687673 0.120976
9.9982E-05 0.483898 0.00965535 0.129684 0.294614 9.9982E-05 0.0819482
0.0133044 0.277213 9.9991E-05 0.234924 0.0644644 0.178586 0.231407
0.0619217 9.9991E-05 0.0400174 0.436343 0.23184 0.202926 0.0268507
0.0301346 9.9973E-05 9.9973E-05 0.718717 9.9973E-05 0.18089 0.069958
0.9994 9.995E-05 9.995E-05 9.995E-05 9.995E-05 9.995E-05 9.995E-05
0.0653072 0.19608 0.0681216 0.265837 0.214309 9.9991E-05 0.190246
9.9982E-05 9.9982E-05 0.0514452 0.499193 0.212049 0.104242 0.132872
0.0261322 0.239488 0.112725 0.0780699 0.239185 0.0408601 0.26354
0.0172324 0.0509275 0.316528 9.9982E-05 0.0699834 0.545129 9.9982E-05
0.00667572 9.9973E-05 0.618639 9.9973E-05 0.169873 0.204513 9.9973E-05
9.9973E-05 0.197072 0.470314 9.9973E-05 0.00149544 0.330819 9.9973E-05
0.0530939 9.9982E-05 0.515269 0.0523921 0.107197 0.271848 9.9982E-05
0.0366605 9.9982E-05 0.759229 9.9982E-05 0.0807755 0.0758805 0.0472546
9.9973E-05 9.9973E-05 0.691796 9.9973E-05 0.159356 0.112576 0.0359719
9.9964E-05 0.034096 0.709119 9.9964E-05 0.256385 9.9964E-05 9.9964E-05
0.00414838 9.9973E-05 0.505915 9.9973E-05 0.147942 0.341695 9.9973E-05
9.995E-05 9.995E-05 9.995E-05 9.995E-05 9.995E-05 0.9994 9.995E-05
0.0293219 9.9982E-05 0.659049 0.0157391 0.151778 0.143912 9.9982E-05
0.0117617 0.0724667 0.329494 0.160455 0.066335 0.359388 9.9991E-05
9.995E-05 9.995E-05 9.995E-05 9.995E-05 9.995E-05 0.9994 9.995E-05
0.00209971 0.104259 0.472729 0.0250003 0.0272847 0.306383 0.0622445
0.0691548 9.9982E-05 0.180114 0.25338 0.180458 0.316693 9.9982E-05
0.0203181 0.161897 0.0579705 0.0569805 0.0143711 9.9991E-05 0.688363
0.0407121 0.20495 0.0298615 0.0761173 9.9982E-05 9.9982E-05 0.648159
9.9964E-05 0.175115 9.9964E-05 9.9964E-05 9.9964E-05 0.000965813 0.82352
0.00858465 9.9991E-05 0.666858 0.072085 0.15908 0.0500677 0.0432249
0.0791564 0.0337688 0.30174 0.288607 9.9982E-05 0.296527 9.9982E-05
0.0238868 9.9991E-05 0.739025 0.134935 0.0331911 0.00994118 0.0589209
0.0722867 9.9982E-05 0.585987 0.199982 9.9982E-05 0.124556 0.0169882
0.0299778 0.150897 0.736146 9.9973E-05 9.9973E-05 0.0826786 9.9973E-05
9.9982E-05 0.124874 0.00391678 0.422928 0.203437 0.244644 9.9982E-05
0.019786 9.9982E-05 0.0089369 0.335549 0.401737 0.233792 9.9982E-05
9.9964E-05 9.9964E-05 9.9964E-05 0.496718 0.203447 0.299435 9.9964E-05
0.0319848 9.9973E-05 0.00600274 0.794949 9.9973E-05 0.166763 9.9973E-05
0.0291805 9.9982E-05 9.9982E-05 0.72497 0.0314549 0.141438 0.0727567
0.00753263 9.9973E-05 9.9973E-05 0.591797 0.14656 0.25381 9.9973E-05
0.0192881 0.0526038 0.090975 0.638464 9.9991E-05 0.0794122 0.119157
9.9973E-05 9.9973E-05 0.685805 0.0755411 0.232658 0.00569689 9.9973E-05
0.149789 0.208127 0.226162 0.0800017 0.00150653 0.334314 9.9991E-05
0.000885173 0.0467498 0.500788 0.0536135 0.00554585 0.301971 0.0904463
0.0522493 9.9982E-05 0.579751 9.9982E-05 0.0795499 0.228073 0.0601771
0.00159872 9.9982E-05 0.71378 0.0323463 0.248989 0.00308581 9.9982E-05
0.0257573 9.9982E-05 0.0918628 0.0328075 0.230884 9.9982E-05 0.618489
9.9991E-05 0.0693308 0.100471 0.243978 0.142425 0.325489 0.118206
0.00466748 9.9982E-05 0.111787 0.72456 9.9982E-05 0.158559 0.000226963
0.9994 9.995E-05 9.995E-05 9.995E-05 9.995E-05 9.995E-05 9.995E-05
9.9982E-05 0.56494 9.9982E-05 0.132051 0.0935792 0.022685 0.186544
0.0114324 0.601033 9.9991E-05 0.113584 0.107703 0.0173878 0.14876
0.0289552 0.192927 9.9991E-05 0.107894 0.468315 0.120249 0.0815596
0.00968436 9.9982E-05 0.126419 0.132689 0.557114 9.9982E-05 0.173895
9.9982E-05 0.417266 0.0489614 0.239968 0.219846 9.9982E-05 0.0737596
9.9973E-05 9.9973E-05 9.9973E-05 0.537862 0.053407 0.39052 0.0179108
0.0596867 0.0475509 0.0395107 0.171415 0.144057 9.9991E-05 0.53768
0.0757586 0.106951 0.311226 0.478369 0.0274956 9.9982E-05 9.9982E-05
0.0371534 0.115316 0.0484169 0.455132 9.9991E-05 0.0437937 0.300087
9.9964E-05 0.50145 9.9964E-05 9.9964E-05 0.382002 9.9964E-05 0.116149
9.9973E-05 0.280157 9.9973E-05 0.583154 0.0429092 9.9973E-05 0.0934807
9.9982E-05 0.311343 9.9982E-05 0.190397 0.372752 0.028417 0.0968914
0.0142451 9.9973E-05 0.0347493 0.155437 0.795269 9.9973E-05 9.9973E-05
0.00513418 0.217341 9.9973E-05 0.74287 9.9973E-05 9.9973E-05 0.0343544
9.9964E-05 0.0306669 9.9964E-05 0.0149025 0.954031 9.9964E-05 9.9964E-05
0.0168618 9.9982E-05 0.177296 0.614099 9.9982E-05 0.142576 0.048968
0.0712802 0.0828765 0.0613506 0.384727 0.111014 0.246443 0.0423088
0.0808722 0.00490102 0.109048 0.55211 0.0380924 0.188355 0.0266207
0.00337945 9.9982E-05 9.9982E-05 0.616591 0.135265 0.0196003 0.224964
9.9991E-05 0.0502221 0.0379213 0.403268 0.225919 0.176735 0.105835
0.00191681 0.153402 0.0321482 0.194231 0.272532 9.9991E-05 0.34567
0.0190991 0.0519415 0.68584 9.9982E-05 0.141636 0.101284 9.9982E-05
0.0287284 0.119423 0.538321 0.0108571 0.0175163 0.256167 0.0289866
9.9982E-05 0.0625412 0.0731718 0.440806 9.9982E-05 0.232298 0.190983
0.0211379 9.9982E-05 9.9982E-05 0.229681 0.353676 0.302382 0.092923
0.0230097 0.197097 9.9982E-05 0.207682 9.9982E-05 0.31719 0.254822
9.9964E-05 9.9964E-05 9.9964E-05 0.240507 9.9964E-05 0.0650634 0.694029
0.0539394 9.9982E-05 0.629738 0.266714 9.9982E-05 0.0124866 0.0369227
9.9982E-05 9.9982E-05 0.507152 0.195298 0.0405394 0.208332 0.0484794
9.9982E-05 0.0850686 0.335183 0.356545 0.00921291 0.213791 9.9982E-05
0.056726 0.2909 0.0732992 0.10292 9.9982E-05 9.9982E-05 0.475955
0.00663539 0.688951 0.0534915 9.9991E-05 0.0515982 0.00129633 0.197928
0.0340449 0.601033 0.0366522 0.309077 9.9982E-05 9.9982E-05 0.0189928
9.9982E-05 0.679989 0.0808616 0.190278 0.0146813 9.9982E-05 0.0339893
9.9982E-05 0.328568 9.9982E-05 0.0778687 0.236287 0.0243556 0.332721
0.0106075 0.455429 9.9991E-05 0.0828753 0.282358 0.0356151 0.133014
9.9973E-05 0.83213 9.9973E-05 0.0428463 9.9973E-05 0.0364153 0.0883082
0.0061066 0.782563 9.9973E-05 9.9973E-05 0.151653 0.0593774 9.9973E-05
9.9982E-05 0.262284 0.0332576 0.202493 0.159052 9.9982E-05 0.342713
9.9973E-05 0.0685039 0.0167581 9.9973E-05 0.893462 9.9973E-05 0.0209761
0.015145 0.0818107 9.9982E-05 9.9982E-05 0.806896 0.0658138 0.0301343
9.9973E-05 0.0887497 9.9973E-05 0.0977243 0.793052 9.9973E-05 0.0201739
9.9991E-05 0.321375 0.0740441 0.178583 0.150114 0.0295261 0.246258
0.0297245 0.113817 0.0344326 9.9973E-05 0.821726 9.9973E-05 9.9973E-05
0.00456286 9.9982E-05 9.9982E-05 0.157073 0.591849 0.0633009 0.183015
9.9982E-05 0.738129 0.0635372 0.0780334 0.0558887 9.9982E-05 0.0642116
0.00541502 9.9973E-05 0.0209931 0.174733 9.9973E-05 9.9973E-05 0.798559
9.9964E-05 0.122894 9.9964E-05 0.0954258 9.9964E-05 9.9964E-05 0.78128
0.0332311 9.9964E-05 9.9964E-05 9.9964E-05 0.194065 9.9964E-05 0.772304
9.9973E-05 9.9973E-05 0.0476087 9.9973E-05 0.197663 0.0423788 0.71205
0.0186374 0.113661 0.0415026 0.0821119 9.9991E-05 0.00706556 0.736922
0.00956134 0.416073 0.120764 0.278613 0.174789 9.9982E-05 9.9982E-05
0.0350033 0.519996 9.9973E-05 0.329126 9.9973E-05 9.9973E-05 0.115575
9.9964E-05 0.00194203 0.367388 9.9964E-05 9.9964E-05 0.63027 9.9964E-05
0.0342645 9.9982E-05 0.793455 0.119664 0.00208628 9.9982E-05 0.0503299
0.0110745 0.0395983 0.822555 0.0198541 0.035161 0.0242743 0.0474828
9.9982E-05 0.04241 0.492336 0.290453 9.9982E-05 0.164741 0.00986051
0.0139249 0.130133 0.694109 9.9973E-05 9.9973E-05 0.161533 9.9973E-05
0.0193188 9.9982E-05 0.661551 9.9982E-05 0.0658956 0.147371 0.105664
0.018724 0.103605 0.811754 9.9973E-05 9.9973E-05 0.0656169 9.9973E-05
9.9973E-05 0.00260012 0.6173 9.9973E-05 9.9973E-05 0.268131 0.111668
9.9973E-05 0.0236047 0.818569 9.9973E-05 9.9973E-05 0.031765 0.125762
0.0059541 0.0151898 0.688172 9.9982E-05 9.9982E-05 0.20222 0.0882634
0.039952 9.9973E-05 0.77924 0.169481 9.9973E-05 0.011027 9.9973E-05
0.0302106 0.0534141 0.703607 0.0400577 0.0299436 0.0698292 0.0729381
0.02666 0.14212 0.723541 9.9991E-05 0.0177788 0.0518292 0.0379709
0.0286811 9.9982E-05 0.783781 9.9982E-05 0.0379745 0.0889026 0.0604611
0.00619992 0.0981096 0.606964 0.0389033 9.9991E-05 0.22658 0.0231429
0.0155448 0.153209 0.830847 9.9964E-05 9.9964E-05 9.9964E-05 9.9964E-05
0.0268751 9.9982E-05 0.787495 0.0987464 9.9982E-05 0.0357837 0.0509
9.9991E-05 0.0119066 0.0883857 0.619111 0.0472887 0.203132 0.0300757
9.9964E-05 9.9964E-05 9.9964E-05 0.699792 0.17577 0.124037 9.9964E-05
9.9955E-05 9.9955E-05 0.835683 0.163817 9.9955E-05 9.9955E-05 9.9955E-05
0.0267318 0.148209 0.466781 0.150022 9.9991E-05 0.192913 0.0152432
9.995E-05 9.995E-05 9.995E-05 9.995E-05 9.995E-05 0.9994 9.995E-05
9.9964E-05 9.9964E-05 9.9964E-05 0.346033 0.317303 0.336264 9.9964E-05
0.00695599 0.83512 9.9964E-05 0.157524 9.9964E-05 9.9964E-05 9.9964E-05
0.0118341 0.668261 0.0236758 0.013501 0.102357 9.9991E-05 0.180271
9.9982E-05 0.363531 9.9982E-05 0.113266 0.00696896 0.13645 0.379584
9.9982E-05 0.0775233 9.9982E-05 0.0422964 0.339909 0.0611883 0.478883
9.9982E-05 9.9982E-05 0.0207204 0.0944561 0.191918 0.0152437 0.677462
9.9964E-05 9.9964E-05 9.9964E-05 9.9964E-05 0.14302 0.0868069 0.769773
9.9982E-05 0.121399 0.00760272 0.00893021 0.233603 9.9982E-05 0.628265
0.0143049 0.0238388 0.0223629 0.0292547 0.289379 0.0151063 0.605754
0.0349894 9.9991E-05 0.0106271 0.0618582 0.179402 0.102739 0.610285
0.0373804 0.121269 0.0809925 9.9982E-05 0.126758 9.9982E-05 0.633401
0.000125012 0.820926 0.0054819 0.0467865 9.9991E-05 0.0311544 0.0954265
0.0556057 0.700196 0.0365618 0.159618 9.9991E-05 0.0297638 0.0181548
0.0319827 0.373009 9.9982E-05 0.492575 0.0591302 0.0431025 9.9982E-05
9.9955E-05 0.158452 9.9955E-05 0.841049 9.9955E-05 9.9955E-05 9.9955E-05
9.9964E-05 0.301211 9.9964E-05 0.657338 0.0410505 9.9964E-05 9.9964E-05
9.9955E-05 0.2491 9.9955E-05 0.7504 9.9955E-05 9.9955E-05 9.9955E-05
0.00629033 0.0988203 9.9991E-05 0.0971904 0.602499 0.0571967 0.137903
9.9964E-05 9.9964E-05 9.9964E-05 9.9964E-05 0.876221 0.112101 0.0112781
0.0305656 0.0474942 0.0380328 9.9973E-05 0.883608 9.9973E-05 9.9973E-05
9.9973E-05 9.9973E-05 0.0424741 0.225467 0.638516 9.9973E-05 0.0932432
0.0150733 0.0767235 0.0441146 0.124894 0.696798 9.9991E-05 0.0422969
0.12661 0.0107218 0.0812317 9.9982E-05 0.224347 9.9982E-05 0.55689
0.0246682 0.0323304 0.277216 0.0671869 0.0301627 0.568336 9.9991E-05
0.0273198 9.9991E-05 0.66607 0.0326614 0.013158 0.135148 0.125542
9.99627E-05 9.99627E-05 0.868108 0.131392 9.99627E-05 9.99627E-05 9.99627E-05
0.0078399 0.154019 0.653595 0.0900943 9.9982E-05 0.0942521 9.9982E-05
0.0129103 0.11772 0.737397 0.0011182 9.9991E-05 0.0457064 0.0850476
0.0274045 0.0374813 0.0679788 0.173716 0.453128 0.0521214 0.188171
0.0113083 0.268767 0.00141142 0.00245233 0.452732 0.0640799 0.199249
0.0479106 0.197066 9.9973E-05 9.9973E-05 0.727261 0.0274619 9.9973E-05
0.0247392 0.193636 9.9982E-05 0.270806 0.331119 9.9982E-05 0.1795
