IBR/IBR_outputs/all.combrep_1/EucDistWater_Total.FireFreq_2000_2008_Total/EucDistWater_Total.FireFreq_2000_2008_Total.asc
NCOLS 160 
NROWS 95 
XLLCORNER 210004.651214014 
YLLCORNER 7350008.22228844 
CELLSIZE 4999.99999999997 
NODATA_value -9999 
[rows 42 to 62 of 95, columns 46 to 91 of 160]
11.1473416638479 6.65510111392143 9.87376871125718 7.22414266882041 6.84795295157505 9.19178811688454 5.04337931939415 5.65962000401404 11.3298784532488 15.7111117521284 12.4233854614538 13.6293602291724 9.45507249818192 3.90583029671367 6.67930910335988 21.6775814702025 37.1499473438386 39.292788602159 36.7275136565332 36.833815120455 25.2636416219352 14.1170130952913 10.5554481641797 4.66043046377467 6.67981123937841 5.50352891281364 15.9947355186511 10.4678852729226 6.3582115394986 10.7685658535231 7.35375710633465 15.6495692902525 9.69091305606636 4.98523461667776 6.57298778607918 12.4066603095435 8.21763536928279 4.2881417446809 7.24813702232888 9.93944027469954 7.20814736033981 19.6870607621597 28.2376615043788 18.1227441651968 9.60948794473845 5.28100565024812
17.728800400317 16.7362692246402 12.4531413624713 6.3220391190755 13.9371416469199 8.56538395482914 12.6435161686564 16.6788535243626 23.2767427803935 31.3489919446684 29.7342466114274 30.3373399634955 22.5094841639026 14.1348295091287 8.57116021132379 20.1305889281255 28.8421465942708 31.6098955194907 24.4178173959843 24.9502117865882 32.2989217346655 27.8078392346494 15.1009086641189 10.1957933925088 14.7829508661339 14.2706335163807 19.8875951294534 10.9276763405286 10.2122755625109 10.2224826116626 10.1086153369175 11.2680143563002 5.16226242527654 3.55226809182238 5.4530205052244 15.3943642483128 12.3741455570183 5.54242162367035 9.00099542294979 4.20591953926646 15.7154706456181 22.7569481758457 25.6115881255173 21.5623442436224 9.64315192395571 6.25689932126929
6.0609756700425 6.27602532110274 5.55211121456131 5.0592304596878 14.8730060119501 22.1549117881896 24.9482014719156 29.0695610392107 36.6696553626761 34.3428680254137 26.3508604121888 28.5035327785556 34.3826484367879 28.5976795030345 23.6343747495146 18.4195095264077 12.5736288054593 18.4858183946226 9.58745361252002 11.8741657880615 27.2518587578319 29.1769478023982 14.2768207852151 7.26893215565579 6.65797600455232 8.69653407746009 15.8661350445251 9.4873250793369 17.5226605929473 14.7072417668261 9.21868665862374 10.3112554258942 5.6436321754741 5.64356118715631 8.99462833206601 13.885608766467 8.58999749918468 6.2053924760867 6.28753909653798 6.71497419209507 19.1225840464072 13.2340497599749 11.1635425877901 23.9635042813831 20.1651329225681 6.94165818093396
11.3764718320227 10.7675450235699 5.82253593316872 5.03429937286387 12.5094695533579 17.4025614473344 15.1710751228629 17.6046315275599 30.205702207872 24.4108473742696 10.8887205299409 15.1320715847877 31.0760738031477 43.0528307719271 33.2037742472633 16.8081621636118 7.5656113099414 8.69184863967294 12.5455747794508 15.3295298200362 18.801210588569 19.5124832438377 20.6035623951225 20.3214026155721 16.0665360359721 14.3231180476863 17.7495020449882 7.09523897126405 12.876244879641 22.8443514500175 17.520066643813 5.43606198490957 7.13600589209372 4.62763321840472 6.60488539119197 6.15717426336906 7.41146313825379 11.6312808528077 6.15064833222874 13.8226972303823 10.1854586446217 9.07318804705091 10.3488580779051 18.2227275107468 17.7587932446295 5.808996749736
27.7049890555772 24.8840141581275 14.5865142223185 6.76799383550167 4.90563157288619 4.77225534978808 5.60115935951308 11.856558763593 19.4706396280337 20.1394924889989 12.4739495218632 16.3608434422419 31.5448466623075 42.6950031112446 35.2999223292128 27.5835325631707 19.3938871042016 16.5603728318189 21.9930386145585 11.3823937791164 5.81673125054854 5.4911338126991 8.01515636516859 15.9428719118133 23.7003177878141 27.3849828286951 26.017509123864 12.5267044614191 7.60856045277956 18.1904321202101 11.815487295444 6.51861493716336 6.7244057357841 4.63868237732996 4.62284911956436 4.91983413641628 7.78472948279062 15.4469513437573 8.73235586747239 10.5794043175094 4.60097704182829 7.32862610791364 11.6039103277196 5.09785934097465 6.23353785020453 6.3536894475005
23.9385396278693 15.8105526472375 14.9208132165246 19.6742187599038 16.8418003067423 9.24271973444093 10.7740210330477 16.3806265407207 8.16412899928815 12.0479122861882 19.6843092021611 17.7065740432886 26.8803857139392 30.5643582328047 20.1337719222782 21.9107208646789 30.6957481956637 33.4820681615423 26.7222834113521 13.3967183359302 12.7729661686547 14.5251878649198 8.89708527467013 5.27883923451824 10.1420978177781 16.0053404870971 19.5268850220998 14.0629739333388 8.02412000217356 11.6976607998277 16.2263972171291 16.1346154486521 18.7608019131403 6.96088117382649 9.87163312524743 15.7093766369533 12.1628519156876 8.7976078356715 7.52882376565375 3.13737151179797 8.88808351091703 14.6015982975831 10.3928476911578 4.44936090214699 5.98142388813301 10.7120636597565
15.4622912471005 6.68555301343105 7.53222924985477 20.1799526233469 30.0537536731356 20.2743946945174 6.56272469228 12.1980444369576 10.3103270504985 5.48917171405543 12.0754626766263 7.29004188972254 20.0830773452874 21.1175797587097 9.000467463532 12.2316594289828 28.8300831385625 44.8964756418299 38.0593856809368 29.3360373155791 29.8664922689038 31.3155142747746 20.86041318783 12.0667053280258 7.31732076875099 5.20016635541646 10.575845266224 14.0844549338152 5.85611336766087 10.457763927584 23.5906623669428 32.4270807697993 25.9470956282279 11.4997539123342 6.17114592675009 14.7702206363591 11.3201235027142 8.74051547294283 5.83580623751837 3.67822124257592 9.36956430593594 7.3618941382822 6.55964607614993 4.86515666087394 8.40574245196845 11.0366493201899
19.7018360250745 16.8283819282243 7.64613149186212 15.6681777001053 31.3589868080637 23.4614604692147 7.25091898560595 10.2314090228049 9.76245120191047 7.83148674176815 15.4124590843642 16.2684865592729 21.9543928862883 10.1754939133864 9.48687555047221 19.2606002125226 33.6029510196541 50.7513205203602 51.7809347640622 44.3158419847265 44.0685016893143 45.0127660547338 35.2063578691546 28.439669244834 20.6548531118188 17.9124589204 19.6276428208591 23.9731333540916 20.4754505965697 25.0484152722779 34.5152606840221 43.4592943990168 29.471068360693 14.955603119398 8.91711167943728 4.4802401463991 6.62188051601066 13.21688358339 13.7101274899638 6.04962917406181 14.0041025123545 13.3787552464394 5.94578460069337 4.59845863406289 6.35237307721596 7.52574147775539
30.1379431793057 25.1502920614581 15.1610562508313 17.2203693690009 28.1557079576783 23.5780232311816 12.0230616720048 6.02294387131855 6.13180049950216 11.8059067740073 5.74506789031031 10.8843876811097 20.6289075306101 12.8287211064311 9.77120321640973 20.4946223298721 34.3180505754521 49.2409019122353 42.626125720141 32.1814997962252 30.4330693147957 38.3254663484957 48.1118021954694 44.8371427924809 36.7392663413827 33.8984620386312 35.4420971761935 36.8187902496963 35.4713130393605 40.5913581929765 48.8914825043578 40.9540669349773 26.2023055069546 17.6368557201334 9.06374876614495 12.0960155922736 19.9126337041069 27.5940653550378 22.4266467762614 9.22840621436779 15.3021017807082 22.4446507729506 11.3575185721577 8.51032484615581 6.79917796568927 6.56749001544455
21.4251165326588 19.9054632891377 12.4977777509204 7.94720792472847 18.0859948690823 11.7899532313981 8.22772342201384 9.9687048780923 6.00512372423418 7.76734701717126 6.14964454798357 11.529868090716 13.5779851120603 7.47366784373759 9.59402917236804 10.8792386042694 26.7374293659039 40.9633607427404 31.7586525698428 17.032383032851 13.9227108415259 26.3396528481157 43.4620082344313 42.8943618756531 29.5635272365806 24.3618617531951 29.5607821238798 25.0159777188277 24.0704519486065 34.2002175348745 47.4745672810917 35.8657053535692 18.2438651682753 7.11362208722147 16.5858869655391 25.7983568895741 35.4750863516977 39.6109634877602 32.230582031872 24.1645555307227 27.1783349117522 25.8659483767894 13.7522531024806 10.6339960711554 8.52510749333848 9.6659606804447
10.9635433220133 9.1077462117627 11.8099120655463 9.51570459120325 10.4900282304325 8.36999806889969 12.5803333474518 16.0018329625975 7.40888773518628 7.62877090023153 7.61444002382888 6.23937373832678 9.39893527387011 9.07989748289498 11.2716654334772 14.2561282941233 20.3884656113403 28.0254182004978 29.348288912571 13.8645109409838 10.1594922720284 24.3599469551044 41.4686331020213 35.2845193914408 18.2304318014396 8.93716053544546 18.3138993287749 12.3141349206181 10.5303723360265 25.7139464765898 43.5514371696965 39.7858534171721 24.463394922181 17.0357347083796 24.2217672608226 35.8337780487746 30.759480639303 27.7770517217533 34.2643847126607 40.6783632043178 38.6787568539529 22.6660087450228 7.76103576702565 6.96504583728284 9.94870099960357 6.18999699863639
11.3564978382142 10.7391993200897 20.0683389075551 13.0872045573804 6.4101733337755 7.35378528382256 7.89479683754121 8.42998910678577 5.83115287861196 9.05555387184577 4.94415206501151 11.4964359003121 17.7700630104782 18.1412040529175 25.2798522084427 17.2450627609058 7.56765854567564 18.9009608205604 32.8340928558941 26.6925515802735 24.8008204656529 33.8802697895891 46.9790534207177 36.708689804122 20.5942859233564 11.826239163745 8.89599909776527 13.6067716866843 15.6380989233137 28.3959920095854 45.7769387491835 50.9527805307185 39.4745964328441 34.8661015602891 38.7515902779827 32.8476656921452 17.1149666303409 11.366612477666 23.2105627103522 40.4287847709384 43.414168779951 27.5949675273927 17.8742379338874 18.9482565425157 21.0660360682645 18.2993952140147
12.1262925139618 7.28900491623534 16.4412954758658 25.0522632432767 16.5583934417727 10.1371063223764 12.4061863924266 4.78679167698564 8.58154139243481 11.0628331711126 10.8355616186056 8.8310965029481 23.6684834186227 34.0519689830717 34.5312174081281 22.5797097904326 15.3358621182803 23.5844863263348 39.2053093436219 44.3590608053894 43.2248564008003 49.6560805291588 58.0456044793045 46.5718834990763 33.8176473978951 21.2359333191424 11.6129658586684 15.3268760274462 15.6996511925783 27.0787136675163 43.9776751394638 60.4535188533092 58.1343438467351 54.6917009555146 50.1779269288887 32.7055607923942 16.562144326968 10.4377455053726 22.6618068513198 39.8897529249073 39.1911676560807 21.8304528794433 9.70917884633536 16.8252064768319 31.7152535594868 33.6487537766182
17.2221163599956 17.7516517542209 23.5970102592488 30.802322096714 15.9914894223281 7.40974136699975 14.2326740482168 4.30883167955656 9.28309139908288 19.4731136895318 10.5015063938959 12.9503227211019 28.1736170536629 31.852476369803 23.1258603599568 23.3940715735882 25.9355151043454 35.5324251801545 49.2365568139192 53.817497431908 51.239604786908 52.0954324886852 51.7681051589119 52.6952745544193 46.2863555927561 34.0719046552014 26.354127625464 13.7119970440262 8.89672646216727 23.3308389148972 41.4695257443284 61.5340761681831 76.8515609091149 73.9718085163253 58.3236931365729 41.7270446899545 29.7732697872839 26.4173531864407 31.0455935708265 35.225086739705 36.4919988480162 22.7288663529837 11.6643982989037 18.3363244912385 30.8141234601861 24.2468636737188
29.5716076744488 33.3864852288884 37.0993360631258 37.9549197818798 24.6039177956264 19.4951173901949 21.2763391921007 9.61162787651787 6.75402450811197 16.9705958049666 14.0773544064886 16.0664770243034 21.9122945589869 21.514874969992 9.08745878707086 7.97699586662242 16.1185255617387 32.6674866111865 46.0886178669575 37.6779597890634 32.8286625009972 32.9434406400349 32.3214336536795 35.3278877205473 41.4859754284048 47.1958117266776 37.3499142616893 24.9390089452674 22.3290532172546 31.6232764072715 47.2076181493106 66.0453436004842 84.4787481560504 73.6927860902547 55.9681707860584 42.0702777994723 34.0651597083476 32.275918869419 21.8978503874002 18.0387875512791 27.8107149029115 33.5785585701258 28.2261584452296 31.8458423078642 29.533253650438 13.289146296679
30.3940667673806 23.5327103341159 28.0273946282664 39.5702769430368 35.6004116537296 30.2164927276224 29.4042987628856 20.8461851640926 12.5664899161867 20.2770011671996 28.5944140246644 19.2239798333398 7.843017267081 15.7553195301853 14.9757390465599 11.471332512576 18.3147862568264 31.9516804861984 34.6346586592705 23.2295377643185 15.0878269078597 15.3112848939477 14.6665963504682 17.6506886017465 27.0289969489073 36.496725991404 43.4727060749037 39.5694979294973 39.4442832815542 46.6920418747369 59.4939568430456 76.3179384009933 84.920780767464 65.256971141711 45.7212402880143 28.8794593445732 17.4170211874796 19.1007914996199 13.1480375443768 6.69053409530167 21.4323906745543 38.4856276025459 44.1750904299582 44.7704838970758 33.126289101467 19.0868061532059
20.7589491858705 8.54153205440406 16.7402841036995 31.9954570160648 25.2878202097839 15.4679438056344 15.9730975905246 18.9483540782915 22.1451818169154 25.5625640766799 25.7494878092244 14.3601044121853 5.12364178908351 17.9061441214558 25.9748880309575 27.3360338216085 30.3625165693895 23.3158896572857 18.3809846017987 17.3886901372123 6.45008753772143 6.88081083351926 4.16304125090591 7.29571456364212 15.1546290076416 20.8445024028032 30.9435468441153 28.3123350249477 33.1981985342294 45.8568917472416 62.8291457609056 82.473153297223 84.737112989463 62.8144418556122 42.5977418344429 24.2587118400703 9.06191166800954 12.3223431886912 12.7625242945056 4.49929572642699 17.5767693705907 27.9845888114673 32.5396894029996 33.5052621238526 29.0370101166999 30.1749873961609
23.6086888727205 13.6432985704542 19.9393780384467 24.7239880852062 15.3043656092539 4.72538396994332 4.00338288937678 5.84918410466065 7.81483917213436 10.7069660155191 9.73409865907735 8.03081594552066 12.2932541711722 16.898680008084 12.9554670377157 24.0723622443378 31.2700613415864 15.4842519364925 7.33827060393543 19.2739945991188 20.4905384588051 19.6067402904032 16.6423704503642 16.6112725723933 6.84508352462524 13.6544331586294 20.1322398094443 11.5396215296685 20.1113646646655 36.584543837818 55.6668166994707 76.7783588895464 85.4952262857334 66.6476666643272 46.9673958769835 29.4365975461251 15.5970194694569 12.8820588071663 7.20802669486744 7.33458493187368 14.0555054572915 11.8407732963203 15.7424407510012 19.409360766 12.3037397235194 20.0493719292927
27.2839142334909 26.1820611688893 27.032542270298 13.6646733899079 5.6582108876726 5.46774779505483 10.1524195531811 10.5197685903732 4.80941614753519 4.84682753290195 6.59467824561563 10.4871594131262 20.1014726784673 15.9503095149176 8.99923366881353 21.8675324945765 34.0620858530902 23.4857339891036 18.5454385525728 27.2549959489956 37.6040902497781 36.4597467106838 31.091931535084 20.411187014356 7.05412217155023 11.6762810349848 18.750873269686 9.65289683956351 18.9862940348827 35.9040839115891 55.1421995971333 69.4503661032909 70.5406177066271 67.4053881171667 48.8484413560153 30.0444720973083 13.6385960147566 6.05178394307598 7.11224198348137 7.08498292898096 8.39828569299144 6.24325803153818 9.50554901007669 16.7407307704702 8.83872319551554 8.21045225272186
11.3983689086848 13.6029639099841 17.8798590491535 11.6351481824242 4.99361508971316 14.6711275202736 21.4302732098976 23.8748812234337 13.2161028107845 13.39922251174 21.2862276681505 27.3767271835686 32.8714422529248 28.0241686210106 24.2921037941705 31.9823004699692 44.2898521397319 39.5306150932898 36.4697774543697 42.124357288783 50.4490843654569 38.2026980057101 22.8344709579684 15.5861206925121 17.8603296448935 21.8990766075904 29.4265000298059 25.7381504455483 30.9473416012177 43.9096462026689 54.6897350441912 50.9109550327458 49.3598200698494 54.7168345356017 53.587047336497 37.9311127746849 25.2155897424729 20.3480644695379 21.4429176849285 20.556899727762 11.8850249154731 13.3517094666527 20.0455587919145 15.4845595551746 12.4420610439867 5.05201488967975
6.31150382970256 5.44319314413579 4.74230318515032 8.04093101937988 3.27933892284693 12.9114926746651 29.3851237460163 26.0670082993004 10.678978564981 10.7486225445407 26.4576668090328 41.9562327346833 49.5151155943898 45.4249433229807 42.9317161340215 48.2523203610429 59.2443716969815 58.721613485982 56.4304788891535 60.4123369123251 54.1259436531322 34.9603565188843 17.5289426114322 7.47316032062025 18.8892956208055 32.5029550042548 36.5713190763066 39.0053314274787 44.3840885185962 42.0030986878094 38.6838260732707 32.1921810999266 30.1605523889947 37.6705750672151 51.0459503755847 51.689026419642 41.8796559568579 38.7586654978562 39.6524672327032 35.7588995798884 27.8197230871863 28.557632048349 21.4228951826577 7.10885066257617 4.65760461265231 4.4584050101017
