IBR/IBR_outputs/all.combrep_1/EucDistWater_Total.FireFreq_2000_2008_Total/EucDistWater_Total.FireFreq_2000_2008_Total.asc
NCOLS 160 
NROWS 95 
XLLCORNER 210004.651214014 
YLLCORNER 7350008.22228844 
CELLSIZE 4999.99999999997 
NODATA_value -9999 
[rows 21 to 41 of 95, columns 46 to 91 of 160]
-9999 -9999 -9999 -9999 -9999 5.4523137526208 8.5269814339359 8.9853749543413 -9999 -9999 -9999 17.4254544090311 10.3683981995797 16.2619126612543 14.0735781345446 4.54249005515456 3.79942672658166 -9999 -9999 -9999 -9999 -9999 -9999 -9999 -9999 -9999 -9999 -9999 2.67331593020913 5.55816144019093 3.89829296392571 8.6136237943941 18.2410297457672 25.2325169734391 35.2518747812818 33.7560225238266 22.35925851466 9.42696840007997 11.1507348854862 21.987933376838 35.0084418797788 40.5618273223908 23.3164319113932 7.10656288278059 9.099190182173 24.548475512353
-9999 -9999 -9999 -9999 15.4121129326563 6.3126758107621 8.09109920503212 6.67759856242381 12.5362585671603 -9999 7.68090433698157 14.6518921265587 9.48023046725777 12.611418724231 13.7736109518878 3.78984295683063 7.23572631551883 10.6690056557758 -9999 -9999 -9999 -9999 -9999 6.7613089699104 8.95888682648888 5.66899152173718 10.841194275788 6.34436856378213 2.90984368292126 5.49928288378493 7.08357651087005 16.8815632165105 27.8255195092659 26.7647532747461 30.7669329029421 35.5509266657653 27.05274286714 18.9382260166152 8.03623218464571 11.3255699957328 27.7614013403575 40.2700049416364 26.6720806677058 11.3252986130768 6.52867440016394 13.858112791069
-9999 -9999 6.99315093709797 16.0048196637256 16.8140047925182 14.1885466588781 4.85839232385183 8.84534222965306 20.2295215500059 14.2546901921998 3.20339397689816 5.54868278900378 13.5814387061163 20.9755050452767 9.62577437031831 3.08027720554671 9.12932901165664 4.07248133908519 3.47497634784978 6.10029072665517 6.8292362450207 4.34187204979011 11.1489865060355 3.84883109078581 3.31283277030667 4.09850572327059 13.5242352645334 17.0650211170495 7.95341971184692 12.280359017487 16.3091923088645 27.8189504817328 22.4535819700017 10.7700639007547 17.6621867198431 22.8825814340928 13.391559604531 17.5375114886336 10.5986915333824 13.6587847736155 28.1954569036424 43.1117527211976 35.285242248058 22.5561015963123 11.1688448761277 5.43795499554599
-9999 6.16234102331236 2.59817388644566 9.08375651322385 5.53585177579856 9.89997874909272 6.87505293403888 6.7711698335317 19.8648117897944 20.0352623121977 9.88645787469764 5.9966516391986 14.1784837203817 20.2899237840438 8.70704795437078 6.86125775300397 14.567543266635 5.71860521597441 9.54241276147221 13.8957005055642 6.76765236379953 4.44275343259395 14.4266239521032 10.3975309338237 4.27671010406343 13.6915894983882 24.6557584204333 29.641805316628 22.1541152865698 25.6357958256204 28.481114774079 29.8708273703983 21.522337887552 10.8036800343145 17.3380006036775 17.4554346050791 5.5440319360294 16.2267093939006 22.2525542594647 16.8025871189765 22.3529409963973 36.689076542707 41.5488252113725 29.0303609462532 15.5680633789005 6.29688511481012
3.49679868316343 8.8750642342944 4.09917837741253 5.28653106198422 6.35048781757902 14.9471409924048 17.9443781605213 17.392455376233 28.4826219109298 30.4839995166259 20.7119132397234 13.3269405380479 8.32382600502066 13.3419605925014 13.8992298641253 8.20584860428704 18.9069296883527 15.3402159039343 19.9001913948084 17.1187062375063 8.28836439186946 4.67914430569107 15.0825092384416 15.6153519945709 6.66390558318392 19.1786289581484 36.0110182036338 44.9485540758205 39.6478141212291 30.9665016404974 17.8984321735009 14.3143094800333 13.9948707462898 16.0944927297896 12.5049827421896 19.10787274199 14.641426618381 22.6824004608306 19.3298683664817 6.25123253322235 15.0604835730909 32.2582645840747 33.3052236602274 17.9283863967053 12.7081738232792 17.16622381419
5.57264723761546 6.9839434561477 10.3161026833424 9.7276918581091 7.61874199202953 11.7163861459489 23.7460173074215 32.3944650709655 29.5555372922827 18.693227660959 19.6211626962951 24.8788384498469 16.9804140370496 19.4681124114508 21.0211855935666 20.7940711114084 29.9447042054902 31.1456656515109 19.8506826956402 8.62739894412508 9.58363141996227 13.6738292872693 20.1214912529789 16.3653655977868 5.69947341008057 18.1973135150457 36.0451595072121 53.9941537671855 47.286830389841 28.6447268044412 12.3493207911962 6.99738342305938 6.05459865070858 12.1291797433123 10.179358443243 23.4409739817748 31.7663702693035 32.7830010357416 18.896646377907 6.79860808132813 15.3229088436084 31.9406684582918 32.0644247032583 15.7023134821992 5.77630356811534 11.551024643552
8.00197751899225 11.5019566237893 19.2137484587135 21.9429892925637 14.0529826598743 8.44922592945548 19.5937850623575 25.3267232484864 23.7431757927541 9.48447482403907 11.2977857259758 22.6951890585954 27.8342171321166 19.3405155637796 9.09500414461374 17.7453472547569 34.5879917140367 37.935627759264 21.7567170040883 12.3654355990701 17.5069853083038 21.2588299528338 28.0982452874825 17.484998207973 7.01538794067415 16.4603839612043 32.7386130750706 51.1463201340709 52.5603228749819 36.0453901599931 24.2912530646961 18.1779262266016 11.774597846215 7.77141289294755 15.4803739659882 25.0003738378026 40.2368836361339 37.7943907414345 20.3990080454653 6.4608927578727 11.6093691261057 27.755549516412 37.8977130854837 25.5094104279493 11.93237736176 6.15900634885435
12.5538915566973 7.47631182002866 16.3053872291651 14.5034684543647 18.0155313258797 17.6460786654444 11.792648198278 9.29065361784299 14.9871465960991 9.65808574959868 8.69122424790348 11.1027884940791 21.3673019381423 9.22559487518686 5.46653896918099 18.6518622040261 35.3691696193513 34.8231935378191 19.2354747004704 11.7912623753983 11.2758468709548 10.1256397881232 24.3940274500003 17.7936999960583 5.07830612578832 13.9719671465283 30.8339971319291 47.3541343739798 56.620771414535 49.7697049985264 41.6218164720392 33.9301696418979 23.6715324023888 15.0062596132071 7.20745836155265 19.4355926187195 37.2480706045115 43.6201457256386 26.7841960758371 11.3356813336316 9.72713411719747 25.2027937224159 40.8924607408575 30.6004090618747 14.5190946081144 5.27485712451559
19.3267754722116 19.593910387147 10.8333863605375 6.9130368699316 11.8448238559336 8.11052325950837 9.07670890656993 5.57197869231186 8.61656857859171 6.09960786020653 9.9221258081372 16.2112715897789 24.1664175332306 13.9185683033811 12.5215113146036 25.49004654036 33.0202790427583 24.2693691062711 14.0041525547603 8.62630866473935 7.66130187457327 10.9680536460819 22.9212150030459 15.6401362179894 5.11516547265899 16.7641365313433 24.8801570441574 33.9718508838014 40.2474063406631 47.0952865433526 54.9914502951134 49.9799680039635 38.1986621693173 25.0498937595923 19.2626225950406 26.9921613120331 42.1862344998244 50.1353906843913 34.8994862184013 23.2405603092683 22.0744429274152 31.4874490009867 39.0147271410362 31.4852608974006 16.4922450864864 9.82446303916259
31.3088644921045 27.2600112742983 13.6718119049295 14.9896414589503 19.2947247028527 13.7285898251981 18.840126013905 11.8161856536195 12.2936517601845 12.9994947007747 9.50378330328454 12.3888176913386 22.2885638369637 28.5365577557949 26.99137579015 27.6337343177601 18.188214511463 13.7800445968621 6.63345124888812 13.7024221222434 9.96375718513497 5.48631547159459 13.9223807023743 18.4432575684978 7.37911777831073 10.4475760064176 10.5509337932635 18.1243595275189 22.3531429310637 31.7520579355452 45.3036786620089 54.1032505506443 49.4931906592604 40.9659868288732 37.3250700744973 42.3233563360733 54.2002444184785 61.674246757427 49.1852001119837 40.3830672996102 34.0038163669274 25.0247344817845 22.905723674184 31.0098215875404 30.6206611665343 22.3481799235209
31.1656327566409 27.9053071374153 18.8967045418485 18.4375434395201 18.9081991012299 8.07883391753725 15.2086345878197 14.1521425948277 5.6382207909927 11.5215261589447 6.66732762967141 7.25379271921526 16.9583829956303 27.3831589199668 21.3935036174942 14.014722638044 8.62392871646443 5.18744451164878 9.25940124950765 12.6143448049073 11.236593841671 5.69271960781563 16.3596343998592 18.001503990708 5.49229817119294 5.37432281565077 5.47271107717211 5.26084938389616 8.21375866798584 19.5513543275207 34.3331436669324 35.7680094849369 39.1230052891247 48.5579484047956 53.8510565938922 59.1860677147515 69.6198213180753 72.4261727053306 62.0188613916796 48.0471947895588 29.7411350687314 13.2319290313503 8.67074373711432 22.6021146210387 36.2124965862066 31.7637053158656
16.0988602740339 14.0680356766807 10.8024621913592 6.84596265320539 8.77236082104835 8.10845870038986 8.03385170261845 6.17293495555552 7.07169694602447 5.69738860083652 4.83678696357208 14.4091113831361 10.8988355477492 14.8022161322427 14.8320105802633 6.70691778740002 9.12348421934948 10.577748060177 20.6847448798136 16.219144733005 9.30447156513645 10.2709264498504 9.1374279807234 16.4165621347184 6.87752173036066 13.2793341482577 14.0208440948764 8.93657267129231 6.75952343761602 16.8100459352565 23.7234282867358 17.9297056591762 23.3263606680699 34.7691925850355 42.1531125255409 50.7578300533696 63.1410619367055 58.6433777615376 47.9830458469888 39.941029984132 24.8545094588652 10.6592356841148 10.1849052616159 23.9372885812964 27.338294450968 17.4026038895244
13.1035895392345 10.8589644570858 13.5772993938259 5.65055287096285 6.28125265381422 4.57039805306474 3.87274179726236 4.65872439653128 7.96610400201035 11.4990517828763 6.17281336663842 8.72091842203193 8.00108722119523 8.49348992205097 9.82995204698321 9.75783190827175 11.2258236835769 22.649187752365 19.5408707880052 11.1107234027778 5.64108698230899 10.4286685052305 8.85635472647104 8.69202865950709 6.47251506677046 12.4725694659977 24.5201195451837 16.148459893331 10.7959737225002 7.94900819891529 12.3448179189297 6.79488059948017 12.7562276267198 18.6792798561605 24.7005741961596 36.2650437132311 48.4325742758369 41.3889432055961 31.3031679648881 24.5515061564956 17.1457450913965 5.73237233609004 14.4913805075845 29.4929810979654 22.4619788434489 8.29992577512596
12.822148713126 9.34187748832852 15.0914990372257 9.9000946441875 7.72892934106994 7.51496878133753 7.45028294723846 3.69794349886374 6.13642030292118 5.96591134963725 8.26176332015916 4.270184111204 8.2039576798671 7.23462970774733 10.5129009185726 11.5835277044325 8.55134924165861 22.315858110583 15.1421795609704 8.08139683086821 9.58170120573561 16.076463740838 11.8759250135043 4.94338053455004 5.55171220486631 16.7359883723213 21.6261803507344 24.9588546036769 17.5330112522108 5.06140023510795 8.99238012433329 15.8138849513956 9.47118832164574 7.13980540999088 12.3626100961688 28.5523408377926 37.7032309504865 25.2961064861254 17.7368168615205 9.08542073961129 10.5136861803713 6.39128044100613 20.3201257904334 25.8734611103176 15.5997038922861 15.6564757286084
6.951816286303 6.72848081271076 9.01593810656499 8.59730876728736 17.2900457559045 12.1258870170221 7.0492228820969 4.99835289574142 4.48843850922898 3.57998502001149 4.39940294366303 4.20304178500621 9.48694314260561 5.4114430786143 6.70101770938996 7.64458089767467 8.93717758678139 18.8937074105875 12.1063300456267 9.98762896754994 6.59640926324263 8.65637191240893 10.8253048243342 8.26151899437539 11.8922528570285 15.3394969850201 7.75327085223395 18.3304122001562 13.9190043119281 8.62039370642455 10.6148879331351 21.4440787226539 19.0893456003556 13.5963631111985 17.2375024304801 28.9834234622973 29.0380895476864 16.100268364325 6.8831616628143 9.41579925508609 5.76647679698624 7.10720768728945 21.2589736493992 22.8593546054933 8.54620398563813 8.48525285135935
6.4858556681165 3.33819537313829 4.23803928823935 6.64981061440022 10.5613369930731 11.0687419976715 7.39131184905915 6.987244099816 6.62921588654669 4.19862216868714 3.46294289183106 4.39480506236967 11.1950249010218 4.9420925388572 6.81350511658539 4.69640439706455 7.39317275561319 8.40198003032444 8.09033618755117 4.36919325187051 4.75928866377461 8.66260259374999 9.60945616375784 8.01081044182331 12.4520030231164 15.8586619408217 12.6022690099193 16.4945617567848 13.4760348554152 8.9690070300604 7.90027208629539 11.6399637155435 14.8468559221151 7.62930303852681 20.6602539065076 21.9205592634665 13.8827489675826 16.5835167973275 10.3846680491864 18.1635548961081 12.3791659754175 6.21097624066971 18.6303729710794 27.8999235427169 18.5343613777999 13.2055352849807
5.09686489067153 4.21898495069925 3.39016396878657 3.58074053146265 3.81772339847285 4.71413353779604 8.37124631866521 6.40575528728323 8.60829687680564 6.12145284955963 6.90691736060305 12.1642388074724 12.0180176552312 5.16802887820214 9.95135178674792 8.58640235067233 9.44338385857705 8.4075447493542 13.4624671674154 10.0473621581007 5.2669082884598 12.606682775128 11.3529405289573 17.2451390951084 11.2723354767024 7.1813551249119 7.91863525371397 8.60765412301882 14.0857315547755 7.34923588277283 11.8324761868666 6.54466295710469 8.9338867078379 9.86077196216519 21.7611845423647 18.2102792182207 7.7432569809861 18.3198946994941 25.4424147483541 21.0215833129394 13.4297583073768 5.03186758365527 10.0397480621602 24.7720291281004 31.8682910125077 30.0488326145365
8.94404534216548 6.70964185891376 5.86599126427075 6.28076641195349 6.00147343115734 6.8908077868266 7.50550602218959 6.67884226247517 4.89131692118917 6.34988128774441 5.70431212596918 6.85441655161029 9.84289851885492 6.23538670159374 16.0915990752155 16.3884542139781 6.90052620593289 7.53560900912274 10.8895746404767 10.7362070080317 4.79496336272271 9.93407703521027 5.86060085898509 16.5815642197291 11.1677462803583 11.8343216067167 7.47281633352156 8.24440647184232 15.789549845211 16.7816880494143 18.391438838385 6.91539574021692 12.5704591518767 10.3433448635783 10.6336134305302 17.4293714733729 18.9317086737848 26.5654854769261 23.4417686169009 10.7586168921659 6.41744339786192 12.9288486495239 7.93817128084751 16.9199388285327 29.9365730683253 41.7676580642434
12.5253778161514 10.7218347354844 8.89767301428961 4.10319023179426 5.39765666409056 5.34316163273277 7.97407735928886 3.05527416768834 4.15462970248302 4.19346595365784 4.49786700391022 3.8640093805551 10.11194901708 7.17721412963016 12.5507768611178 11.6588308146131 15.067211273501 5.41236197088685 5.26742050275189 4.7013257230675 5.19591344208069 4.27680668750918 4.45506443052182 13.2636452318864 9.64093420333367 7.69390792989404 5.29487084143818 7.5252918306368 5.13493182766356 9.82605392112805 15.2629810447023 16.8712369783558 11.5966382144184 4.86230221823826 9.17580776267678 5.54167665970195 11.0379565377885 17.557695026728 14.7344980947815 5.30462057070011 12.0568280990096 16.7819757369472 7.49057963265415 7.26640219138693 18.093073627622 32.6987934979133
4.91008666156486 5.72680990399004 8.83095448939503 4.6730894186642 2.77268379953091 4.79712364516152 3.15239248702127 6.47722116503067 4.40307047901075 6.55303009152874 7.41049192200146 7.98767106397085 9.60555610799912 6.21857768206499 9.20728764372774 11.2170275104849 16.6361237581938 7.75768093534711 7.51031308201757 13.4048154559626 15.6619371212444 11.4681178737268 6.78825334865692 5.16900223618504 5.14191880587873 7.93611994568556 10.0359501144335 6.0842384398959 7.96587379670598 6.08302074301051 7.46134509274569 8.65007090718225 11.0911586241077 4.08159844476012 5.29825789089037 5.23241692486923 8.24565306905433 6.75042070187001 5.98235962857106 10.2233966540373 6.79425334008278 13.38146286176 9.22226637589492 5.56842073289326 11.3478049618579 24.8020469196328
10.110554256921 3.51466077925909 7.36062207444058 3.53012113867553 3.54984008344789 9.25837559019965 4.1372382103105 5.16835744063548 7.50566878013373 4.4537981089521 4.3720827470473 4.04709914774082 6.67350736589273 8.71093333287669 13.6304523510741 24.1953246926835 27.7936081311273 22.5674269778081 22.2740576034149 27.4292309753453 22.0078111770015 7.234838489136 4.98778460179904 8.23996053201685 7.7228436564576 12.1957609091331 20.1562368147871 11.6856366505925 5.00826803320854 8.40351348930133 6.20459920964797 10.0179987059588 7.56335937679574 3.83608568935779 5.75548810347198 4.10552383124141 6.68597815889126 6.98436005068578 5.22553590650622 13.2759882122041 7.93247040195473 15.4614861533674 16.5115768667017 8.02604545502902 9.45870071719534 11.2474106482846
