IBR/IBR_outputs/all.combrep_1/EucDistWater_Total.FireFreq_2000_2008_Total/EucDistWater_Total.FireFreq_2000_2008_Total.asc
NCOLS 160 
NROWS 95 
XLLCORNER 210004.651214014 
YLLCORNER 7350008.22228844 
CELLSIZE 4999.99999999997 
NODATA_value -9999 
[rows 21 to 41 of 95, columns 92 to 137 of 160]
26.1367715287972 14.1299663016646 10.7237988485238 9.59271567155415 24.6742449567142 42.9655623777761 58.6433201661562 44.4325053474143 26.0804724413814 10.8867120316666 12.4139486917385 25.6200698695049 18.7262675111955 6.99138485207118 5.34160206066747 14.2949711476076 27.7714301061556 18.8022929408266 11.0043790285057 3.92227873637972 2.55652490841123 11.4040521324899 22.4004395614856 15.6015439881429 8.0354798973091 6.6677082174659 5.82147645809133 5.06839910936148 4.64468178152717 5.05980092764074 4.7542606002815 12.9931885298142 12.8166830818192 3.93219169879097 7.92994992475789 4.1765047322273 9.6284947531156 22.070830587918 31.1295639531258 27.0321823906504 29.6774291851298 39.8526416072604 45.5046303944725 51.9031116042482 62.7827176445324 76.9199969585681
21.1655737597953 9.72075038527302 7.35329097080032 9.74826093798595 23.2448827668774 40.5487025085538 58.6013738903062 50.7550345500451 34.9082596731282 24.8292969093611 25.4476985643958 22.5006915797098 9.03498859652856 6.94871750480175 6.16630487739829 16.0897087799411 32.9186148714287 34.155969155035 22.4939845978911 8.41300923400399 3.07527698941433 6.93547948610058 19.5623585248174 28.0209122310878 23.2374811395691 20.4008473406225 19.7081246936496 20.0317247418599 16.1811352235599 12.9383616024705 9.17267283057311 4.38960287889154 6.47558261030321 5.04734366483515 5.74805506655969 9.73833083954332 8.89619636260713 13.8414646026234 16.2548394298845 10.9986011079377 15.7086142682885 23.3066103421863 26.9979290231898 34.8041856772116 46.970098058135 60.3725130674579
13.9211243446992 16.7970867004641 11.3073438164583 9.95587053866777 22.4200833313206 39.968904507169 59.6696890417667 62.8948470342715 48.8218848629397 38.696970442369 32.8469547821148 24.5066882344263 13.8576360845431 14.6115027290571 6.77499795698745 16.7634715271826 34.2680849883718 42.0968682776858 31.2258291655482 18.7107381568761 5.75148004417301 3.40480907954603 10.1943211691069 21.8702016456239 26.9784551898209 13.5150524247077 12.6316935632523 19.894151070597 23.6587848034783 25.5935288879658 21.8439336834944 9.7978467329477 7.0378478372705 5.53880883581465 4.51627678406129 4.35962173103633 5.22948709857602 4.51966684394031 4.58082956558786 3.77908353277874 5.4828085864456 6.96226215423806 10.7407274671202 20.5745231037192 33.827568981965 42.3626629907543
5.04987424461345 7.13641237646328 15.2341371698657 24.5748534963054 32.5708308629102 46.8124952563201 62.8088485789073 63.7402610856225 45.4442380708154 29.5264766960719 18.0346095721775 17.4456450274441 12.4049391607111 11.7641052628757 4.93567653294488 16.5366113431103 32.2315064298253 28.1707631740682 24.1469551866927 21.9948301704098 8.2663141488847 5.21953169061428 4.87854113002211 11.5078150063758 20.3326342072236 13.9042481005569 10.9015777235484 6.7591065484105 9.79176157927262 17.139339786619 24.4392759506407 9.5913378093349 5.52575691864496 10.0152579597132 8.05571757029713 9.5408967880341 18.460815733426 16.8454212440681 13.5223259495569 7.0771310004267 5.49297120725424 4.22506312668565 4.48006499205894 10.4847875958117 19.1171069967511 25.4665138851003
16.2947826941654 12.2940766275341 16.4867010739243 20.1901705476849 27.3404694604636 41.1631894818084 48.0998971651968 52.3858261897247 40.2224773839185 22.1827078592352 7.46060641433712 9.93570803152588 6.37540130854646 8.04417300191571 5.07372447633608 15.4253847666105 28.2994743562929 16.3653233815077 8.98381232971508 15.8966974361464 5.54651439581065 7.63835768672999 8.81782641263237 6.30693765784534 7.57688105930788 18.1646678184063 20.6766125328825 12.8247837770889 4.92622733915761 13.8813328370036 21.96103138458 10.9760387029194 5.56422741270842 12.4352728689819 5.65750972371708 8.59343305429988 21.8134746840294 17.2720309523675 14.8228151183539 20.7331073881059 16.8950665446203 7.98155668165268 5.16145417381546 4.31475884973239 6.17620668756464 10.6903141815853
24.9391394328454 27.6928866403826 17.430855461961 7.03532746721874 17.292378742242 26.5050269318875 29.5187875200039 34.7127505544376 35.9757592200061 26.8457305825213 16.6870112333323 15.0910276452988 6.19192301276362 7.83103554433973 6.17325212702394 15.5603327347531 28.2916174461919 15.8054254900348 5.06239011923381 10.7417350343695 5.77094094243429 15.6582995406427 14.2590195630388 4.32261994299029 7.09731115091645 16.108698570613 29.1111333564153 18.1989704042517 8.61128858852896 7.02719717777808 13.8403529415843 8.71208979807659 5.28432836017402 6.09584694280161 6.9123686493096 6.29331386474843 15.6379525619309 12.3936854980663 9.59190655312497 23.9264523515928 30.0690237991277 17.0920694608057 5.12327194862974 4.971030933772 9.74687703704976 4.71441366920931
17.7915651334804 30.3206815564464 21.7865632408594 8.58009804132735 9.37168196057408 9.99426350652172 13.6692217271277 17.341203104796 22.2342944172475 23.3551106510074 22.8189147951896 24.1156928951828 18.620696922106 14.0369131202641 4.33126932000846 14.6772155586931 20.8412474923303 15.5108182141749 10.665588320623 13.7886828324548 4.11963165400059 7.21963628108097 8.92562688197671 6.14691316285936 4.85723001411361 15.8111537711279 29.5984810060187 30.1437489894008 23.7405937479085 16.9966704332275 9.03052372989853 8.23275309370811 4.90646133284949 5.03636312001638 8.51731621860253 5.18996589492579 6.91618806075556 12.3193587737892 6.121542416328 18.3098280394466 32.9210342652308 22.6457131940686 6.61544030566066 5.15263961243176 10.480126738597 13.2790267218359
8.37657535473664 20.2408168206108 25.0215079833627 16.2450021437649 6.98008849481897 6.07135588806563 5.5657777220967 7.40801316932178 11.3049008001124 9.59039995623147 11.3490978877598 26.5144753972899 28.9159733410782 13.1176273405523 4.12644570613162 5.40964633294269 7.44236835723706 7.04274360982402 8.81518922360289 9.35900894500494 3.89758530579658 4.9213893157856 7.57156367035046 6.39583509325553 5.47519774927892 7.02353820232884 20.9190517090107 37.3198006916108 37.1247000356043 28.3611085352266 19.2353204715102 15.8183589842154 5.69722623723965 5.05194691337803 5.82199302128643 6.11429564638365 13.4158945754278 18.887117988329 13.250632627516 21.5032555651672 29.3369273336181 18.9888030877978 6.23790974760027 7.92166513717652 14.0373836000041 21.7019292517515
4.01823536979853 7.35304381478485 12.1700830281176 16.6040851415125 8.17515298418911 11.213781035532 9.19734802365232 7.83055771212503 7.02678329925197 7.10439814097728 12.4283558971156 17.0756559436273 25.1012505453146 13.2963713318773 5.36782510529781 7.74051237764851 4.37800128621191 7.10679965923691 8.48328780215817 5.77068432894603 6.7216353126403 3.83612300495528 7.85828128294605 5.59084440780819 8.14000595571699 6.02182169407064 17.5384764452619 30.2655130616742 28.3820034783088 18.2916592159454 14.9952097473204 14.1877886225441 9.58353934935053 11.7352460349108 5.18611341990464 4.54965852462138 10.8157941051625 20.3852716197904 22.4161303920561 24.184799582612 15.0166712129798 10.2559379908623 5.49562910624405 9.82786999059712 15.9296807270815 23.4674839358944
14.6512728498502 6.13827497495927 5.34947132649268 6.36064578824445 16.4029096413926 20.8498686298106 22.1077619327387 16.1462721758219 19.0361952914813 18.0315489568274 8.79054994484173 8.21554130964631 16.6432227488012 9.45181400064811 11.8213751869375 19.601987995467 9.81609930148574 4.17162250768146 4.44493806677337 11.2631902086231 7.46895437708324 4.94799427173447 5.96680825801448 5.73346162059786 14.3652483777232 7.59909451816705 11.6437282529389 15.8352137321507 19.6720100953978 8.09179109647741 5.50315232530903 8.14700281137419 6.46427017032795 8.02654722340776 4.86664902638509 6.1965747301835 4.12788812374649 7.88753416679376 9.24283196978655 12.6053588831874 6.4971938765575 3.99618376506982 10.9448022145445 11.8013722728755 10.6685975391051 23.6413494991984
26.3226012031374 12.6692076340902 7.85187329451807 12.3983433599846 13.7341141317466 10.730133170759 22.1605326061239 26.1427013617228 23.2560145729109 14.1126218391408 5.03226863982724 12.0672906798036 7.28988897902485 3.94866840947091 9.46901661063563 15.8397404649189 10.0842289807973 4.00059687541525 4.01939074981959 4.54856597185872 7.40716679322102 5.15803545289384 5.47648592326803 5.64640353305327 16.1287662658737 7.35687839304657 7.59000390388258 7.23390802592107 9.19310693325292 11.0979882828377 7.4389492238237 7.25006890330022 7.23843970352601 9.99017823585382 5.45428661113579 10.1803417531992 8.56174876526936 4.7355616602438 7.09584313685687 4.90114839228124 3.26557369802856 7.52855058826006 20.0422808603669 16.3767727732629 15.3366767659121 23.3944198011162
18.1201234897247 18.1243544155918 11.1045980510104 6.94287675452497 12.7987687813183 8.88734725098311 8.29517344811501 14.6705768108875 9.75093661753903 7.73491035056915 4.84994857231834 8.12426520746774 8.84020426107887 5.0313973672838 3.79588091748244 5.74003058238387 11.4802985659562 4.73835578331239 6.65872471059566 5.09181081294091 7.33676444840583 4.1091261198076 5.92608544837242 8.40938187999404 15.4117735029439 5.78003439112254 6.49724396030348 6.10312936734016 4.80369356993697 5.23338226975005 4.76692607701276 8.16736343150728 10.170482730606 9.77204899701343 6.22478996670503 13.7912104794668 11.0013578714724 7.64696364136833 16.9348234186718 8.63110026737129 5.71198435972201 11.2750288278243 26.237999703661 30.629740086033 30.3586781439061 21.9105124292783
6.832261569666 14.8644017422816 18.3805017445528 6.16908934508334 9.42931547073994 7.93502644794816 7.72671817510755 11.4209539053901 4.60240657393803 4.40847308857545 4.08699901758689 8.39833669912136 9.13236486463481 6.08193057934332 6.89883368731202 6.84430355241378 8.81728193146969 10.3991725104331 4.38851089079569 5.65831777752169 8.43088470250692 5.46739996793838 4.2843957734739 10.2894606729202 7.68377225925093 5.19513845974595 6.69042299312574 7.55361931589681 7.6443454471711 9.26459470211711 9.91384014763426 7.25667575098632 5.61693293805675 7.38697732196385 12.1137431572468 15.9808902690268 18.9443055287392 16.7975656537937 9.58300322226356 5.25156560881751 8.3799640632613 8.58847303751119 20.2493395104842 22.5815658712703 28.439886299939 19.9482248272053
17.0139735700471 15.3928218382595 17.379026130412 8.65285250066319 4.89049159900617 9.4715189255345 6.23779411723655 11.3983738448212 10.3498250955278 7.41374382533206 11.7581845340211 7.34181345857783 6.49446453335872 4.82809090437635 4.93948399802096 9.61584180460164 8.97998866522693 6.48924115136293 4.90096051974916 11.8278635405098 11.3700960135259 4.66258875495171 5.4796037960952 16.6270736826275 14.8189403906139 14.2088210690051 12.6560260591689 15.6057456621578 6.98713763947694 8.67049806250441 14.9288937022184 8.17725548357512 9.50901613138672 6.81204538026546 10.9282754079859 7.64883921686041 15.7466707402497 17.5039176659745 5.64219047992154 6.99107430247133 16.1795696508988 14.6844504815158 13.9666169188532 7.94707708448647 14.5681790033867 22.884904614156
19.0269203296592 8.76306493387818 9.41314057592939 9.37224678104641 4.34335854831451 10.979149749018 7.03722859137449 13.9640619376931 7.73794287846562 8.67061481871426 13.1725756428879 8.64608059705782 4.37163878516751 6.48538050350155 7.2520201155443 13.8984638027327 14.8257350361121 11.3511121392001 11.5780828276746 10.4959919736558 5.71478228562671 3.56452946978177 6.26692806781685 17.2407422938192 10.7488242299843 9.18270544908947 6.18549864431938 9.44431771786404 9.1364745210071 6.50645880024894 8.5926477094977 11.1787045870683 20.4584861010666 15.475280781133 17.1323192857892 13.2063974096858 6.571263402021 10.1320332424395 4.52343114085679 12.2285037421686 12.8736165651025 22.2621885431504 15.711535856365 6.16664483456276 11.508137687777 11.6870282916042
22.1216057767051 13.296052244616 9.46796292866966 14.1762189224649 6.56921716993423 5.98940180783575 7.99739277336954 12.0068942197886 10.7300577511477 8.22556292136949 8.73289361177717 7.11372540446195 7.49833998021921 7.64990119128953 5.28427661650423 7.34600604506647 9.83328811740031 4.15973695012221 7.47521458944749 4.46146788931168 8.64081111908595 4.71634523861053 3.97428283276162 8.40013163803556 14.6473731261734 13.7155146866209 6.69933624784025 8.04719847241873 10.5689280393304 4.30961755000052 8.72634102343983 18.3113477274032 21.1432017622332 19.2782933364439 9.54907227450491 7.83898372136414 8.79586341887307 3.90183011093856 7.04270221844209 14.1297743464628 9.24184137319688 20.7813452574773 17.1566640958549 7.79739900499192 12.694346758118 4.29592132412569
33.9951797572212 25.9223369689877 22.2066494621653 13.0360141989953 8.86901799509999 7.58159647066205 6.29576646519291 7.55096859288244 17.9646821298745 14.002189234181 13.4826206840979 15.5784027795611 10.2491093942258 7.29095975896513 5.72084467152851 4.39492468186091 5.17340369289195 5.5551076018738 7.73272008796027 10.1483831394749 4.81373827164137 7.63545740969988 6.60479198047526 7.21531503083673 9.07916127771162 16.706282919755 15.6904731378534 12.1348354046513 10.7310611623631 9.33727752196341 18.1774694365704 22.6909569083075 9.05974633673841 11.3694897831863 5.67295589465732 2.90011917161232 3.55171613447257 5.34521254798389 5.54634220098174 16.8174898046018 14.9461167784307 12.376690068084 13.7696973889698 9.21097366648942 8.85469335520591 7.62044958509082
49.1155042654624 41.2514173028689 30.7023566869037 17.2328835981078 14.9298608355678 17.3147242284835 7.74776364011967 7.67905988963597 20.7874852763843 25.444635030338 13.4321556468865 5.80996993125748 3.63324880780559 7.22663142620263 9.24969634670472 6.33662100397248 6.64147797490617 5.62940395473652 8.18701705321408 12.6007994334808 5.39662991372478 9.27547254558607 5.04540222590646 10.8268180867148 7.16478084364283 8.11764268866989 21.0272258262441 15.2700415681322 7.54637807210878 12.5259927229434 14.4707049929717 24.2446266240031 16.8452299539658 14.6864911071042 5.15777731123671 6.12507833933518 12.1713708459721 10.1746798220684 10.2098908637842 19.3184348438773 11.1303559332544 4.40982624181575 5.75924444174311 6.42328152387694 5.12302340035856 7.67372585454703
46.4806236942237 35.4459441660686 22.5019720290848 19.6059385042833 26.8214427402166 21.9951290542325 8.46206481216493 11.7308426162186 11.9952490284254 21.8465469536232 14.9878306681787 7.9263723757829 6.53123994578334 7.70168487456559 8.40699499012322 7.23959788379966 14.9889020506604 11.9714929118488 6.75060807237872 13.6776484676565 10.5197391113364 5.82215828988032 3.79521629572776 4.88621650577218 10.3541489196577 13.6683724961451 23.336237434272 13.6778899270149 8.45295286381398 9.5875758327137 11.7357644302661 18.1192919693451 17.3939645479157 9.38047349524817 6.05274762184308 5.94575583893189 7.14501027334771 6.63309438888703 9.39118716043424 9.5561809044562 19.611901330101 17.5686405427183 14.194902427285 7.93651244349215 9.76864061422137 9.91369975737072
34.7570783756898 29.4667993069225 12.6312199125144 7.91585413561685 22.9243382028002 30.2387160169291 22.6720048780599 14.6102778249091 5.77044607382066 14.5772518653706 11.9681707424572 6.86409571570638 6.20485723088223 11.5366387203265 10.6441465739017 9.20050288499309 8.75523854444558 18.0710647249831 11.1384522055729 13.887133287622 21.0098578429011 15.5892960751167 5.88071586423678 8.23809271896218 4.41515101341489 12.9215139648178 23.1611202575975 17.4629439603786 10.181025087176 4.46597869690746 8.31017529061202 5.58181536490693 5.92008816450596 5.10733412755917 7.25075081946315 5.16320472689472 7.52580352592034 10.0405542170912 4.14444372178153 8.6255977573833 18.2124305920692 21.1245571839068 13.4496015017266 8.7458275195952 7.82473988088773 12.1681046463343
20.529386933755 28.6309655604226 14.9993194184877 9.04298597927965 22.2925908261318 35.9794708091889 35.3340351864977 22.4560638965017 10.1199386515175 6.60212157655721 3.8919806245483 6.19770237638949 5.34956728552834 6.22715603504932 6.17700143126638 4.59220142783104 3.9232480229384 10.3463440190088 15.556774421792 10.4067439158178 14.7072652057078 8.22729876153466 9.4608796366069 16.0912044893071 12.0921776457833 5.12353839275218 10.3132168896208 12.5434625349166 15.6938016888921 14.6653995502769 11.2906651644778 5.6223911463814 10.466277478316 11.5132702071036 5.25711599840315 4.80673685522615 13.9132112316435 9.9033095374017 4.15430573274594 7.05212602995766 16.5065679932614 13.7486056801781 4.56189627724416 6.17411925181705 11.2702094336388 14.1551683513057
