0,7.81134422922257,10.3349658298145,10.1382275572395,11.5374007415509,13.7650757517071,17.34532299732,14.1546871867132,31.746768131351,32.4900799892884,69.4128672014018,40.0705903021334,36.4558111382132,34.9146412251103,35.635080200737,40.501304611916,39.9677693064259,32.7308315744263,35.2442848947575,39.9665572637238,33.1667165968235,30.6619938340886,31.4533454136116,40.73993744734,54.8137606044037,64.1922661955688,49.0429208771256,51.8042054118115,40.5101609218891,30.7867152878821,28.8776416264284,33.9658624356098,42.8545619793637,51.7266253031722,39.6189164864267,36.0557243123643,52.9523539993254,51.7270253269416,49.5799303408691,51.4073977570933,55.860420704408,59.6115761300381,55.3172772066499,55.553819108121,59.029869535664,54.994858418987,57.8741487640598,58.6588372104487,60.001315771272,55.2463320731634,54.8099838040447,40.3188556015974,44.1611548361098,37.7011749783565,43.296004222377,35.148860367846,38.3208191654667,36.3198948901668,24.5491504580019,37.8894353824534,31.3105544643151,32.499154211664,25.6632033969324,36.0263196671704,23.2767979281851,37.4907336164147,54.7689361366718,57.5433765235972,55.6503189292614,54.6784373001276,58.0019910808711,54.6126644457261,61.6332536948745,65.0136160783347,82.3910164650588,29.1389848372963,31.6269911939299,72.4197191441488,30.8758850069199,27.0174072441742,33.6605541516549
7.81134422922257,0,10.8462706140509,8.32521624122039,8.33111994446718,13.5551592840752,16.9202215877244,13.1247238265798,30.4211624243632,31.1656811159831,68.8127082530216,38.7538991057426,35.1364889835408,33.5928093838718,35.1053927925355,39.9587640770751,38.908276321957,31.7194589607123,34.1971352103545,38.9506660401784,32.7359260102976,30.2996110011951,31.0961107947972,39.9830205459289,54.2516168436306,63.6254944837246,48.1779753266249,50.9807019962542,39.9971590706012,29.5006053445533,27.5906723678175,32.6661198707947,42.2941150773303,51.3761825823573,39.0709536291135,35.5099080582247,51.6451700399498,51.1430879134563,48.9968340982302,50.8231376101454,55.2669205332413,59.0177310718919,54.722659152615,54.9587638144196,58.4378647236221,54.4050560513356,57.2832417233183,58.0682571602661,59.4108550065898,54.6553255981641,54.220779506115,39.510451437482,43.3752327855395,36.9219558745808,42.3887587640194,34.4737917455431,37.6594952005771,35.6489935935028,24.4305631938595,37.6016753909499,31.1064798395406,32.292486220155,25.5582698101497,34.9852136118667,22.2281450991615,36.5196089532943,54.1898436071336,56.965102432556,55.0716698009098,54.0994095485148,57.4032138559655,54.0141669592347,61.0388383914948,64.4193219587246,81.7845126905241,28.3910689159663,30.8966844334432,71.825973702044,30.3065977137535,26.998746067308,32.3164961533491
10.3349658298145,10.8462706140509,0,14.2297768871537,14.3590684866956,11.9555113569298,16.7747113194697,13.1209508479494,33.3410154126754,34.080898249766,70.7655289036991,41.6965861668331,38.0785065167783,36.5229133998276,36.9743142595742,41.8309433808097,41.7527801982363,34.5051853246712,37.0234030012831,41.7441468140905,34.9336003040734,32.3699548786651,33.1776604349288,42.0147708780807,56.1977957810932,65.5691315074015,50.3343697849518,53.085751308443,41.892689326872,32.2418223544184,30.3279202682352,35.4694138306906,44.2243558797827,53.3327500922505,40.9386720987922,37.370979373744,54.59677085471,53.0861847964891,50.939635887928,52.7668217025631,57.2137504927835,60.9650366863336,56.670037238116,56.9066931012817,60.3858127720394,56.3518896045819,59.2308113675156,60.0154437678792,61.3583013457727,56.6028125454436,56.1673412446672,42.0894363000243,45.937854202324,39.4650171774582,45.0831703768489,36.8845170353954,40.0701779133696,38.0802316637348,25.1634792972833,39.6807318611391,33.0707172074546,34.3384960728736,27.449977185867,37.7963295734324,24.2097860360007,38.7434898365428,56.1328183146651,58.9078845871466,57.0144803676534,56.0422481818301,59.3539517338717,55.9646566080086,62.9878950737315,66.3681514349047,83.7394986756547,30.3438319749233,32.8384249158869,73.732550169637,31.9419302165435,28.4364397682984,35.2530233733124
10.1382275572395,8.32521624122039,14.2297768871537,0,8.60561088698765,16.3008916794968,19.3185638841011,15.9746713108398,31.6684884057715,32.4162791649327,70.2479257183499,39.9686088481361,36.3547222192948,34.8257344260183,36.5506970569714,41.4114090177204,39.9520644484424,32.7764372736665,35.2479452754989,40.003895740674,33.8384786227861,31.4629501916193,32.2462416348864,41.4823017863544,55.6608842028835,65.0406404587889,49.668948032136,52.4774748310863,41.4086108391857,30.8800930706478,28.9750554468369,33.9999211085629,43.7149628024086,52.6236223843913,40.5312501016028,36.9736719394944,52.8405976134278,52.5727956047711,50.4260897367996,52.2526399268084,56.7014630602916,60.4521770431582,56.157677847345,56.3937013880531,59.8702971903459,55.8365764319592,58.715078255883,59.5001318353013,60.8424248004867,56.0873094484413,55.6520276249542,40.5781246071291,44.4380502055474,37.9976942478315,43.4346576421724,35.5813612958761,38.7557211522282,36.7345291722871,26.3023431842064,38.7032741063517,32.2509708629621,33.3675565434586,26.7027628171083,36.0465382249647,23.9972502870992,38.0463560629483,55.6156748304253,58.3904158855149,56.4972688942762,55.5252974711068,58.8389572471166,55.4498791326198,62.4723576948027,65.8529229715481,83.2231852401209,29.9408959363982,32.4411057739865,73.2920902065567,31.9395051628142,28.4299170170215,33.5679617014354
11.5374007415509,8.33111994446718,14.3590684866956,8.60561088698765,0,15.9197674077145,18.7099519071785,15.2595166463816,30.1215637221509,30.8706353095679,69.3150723653091,38.4286869591646,34.8124503359766,33.2817265350748,35.6723980057847,40.5226842892511,38.6480491069133,31.5143870491653,33.9542688706008,38.7382457807006,33.088889613078,30.7544724847737,31.5452515868884,40.4228554749942,54.760213755399,64.1358261435954,48.5222727087679,51.3645022983212,40.5459814757851,29.3784270571527,27.4733418727435,32.4813836832823,42.814641185929,51.90878728171,39.6378357982031,36.0817134027321,51.3089100520717,51.6532313566183,49.5072260523573,51.3328344882838,55.7739587819691,59.5244048613874,55.229251733312,55.4649327109904,58.9441278458518,54.9122228943949,57.7898239926607,58.5751348952688,59.9175443728398,55.1619656809272,54.7281689074009,39.4986601117566,43.3802013927074,36.9431876641054,42.269165047427,34.614776485229,37.8039781908421,35.7765720876145,25.7198676945185,38.0758389080043,31.6780457918958,32.8164547090973,26.2088484411404,34.7574183725197,22.771495606891,36.8201935188096,54.7002470213432,57.4756771006482,55.5822104542577,54.6099163102725,57.9071705105916,54.518317425683,61.5441948281577,64.9248510505844,82.2850491833974,28.891911610034,31.405382904245,72.3625997736032,31.0291092692958,27.9286804917237,32.0037860220311
13.7650757517071,13.5551592840752,11.9555113569298,16.3008916794968,15.9197674077145,0,12.6823781123077,11.4781507547949,33.3963410675368,34.1320529933366,70.5592536442902,41.7898848061506,38.1678869174082,36.5950191726142,36.7595204622277,41.6022547954705,42.0371932563477,34.7802248904891,37.3020301527134,42.0224586060878,35.2381161319045,32.6207184105369,33.4470831493704,41.6928806433264,56.0341843743659,65.3962097848144,50.0263560006164,52.7674931008348,41.7340612425559,32.126375699815,30.2064779635682,35.4141058429842,44.0434859727025,53.4690809865985,40.696753370524,37.1236196907976,54.7120059910854,52.8896146996329,50.7438303606885,52.5705479561009,57.0089560033325,60.7603720544319,56.4644206204876,56.701176480585,60.1844304350543,56.1520815846933,59.0304344418766,59.8150293345873,61.1583710383529,56.4021987631653,55.9679991540492,42.3696301938002,46.2257537153127,39.7393769765788,45.3763558284052,37.1335375805165,40.3352751406225,38.3567310221508,23.9768347362963,40.0293634563854,33.4018825451759,34.7484388526962,27.8272998883525,38.0652889090061,23.3514081800398,38.3733229417199,55.9425987861718,58.7185235401339,56.824652233452,55.8519476818234,59.1469310444215,55.7577022417554,62.7846510476057,66.1647866240556,83.5273746515706,29.9254643936308,32.4311996393565,73.4763481967322,31.3461272578912,28.4343253211396,35.3069207456288
17.34532299732,16.9202215877244,16.7747113194697,19.3185638841011,18.7099519071785,12.6823781123077,0,14.0706243682591,34.9530596892902,35.6846494039814,71.8152139682435,43.3817996107301,39.7563297033521,38.1673007002658,38.0071660322027,42.8349777869832,43.7914719000171,36.5246927934272,39.0508754590574,43.7699253195919,37.0005135788705,34.3377765024993,35.1815095252384,42.8282333025687,57.3335223068009,66.6860802020186,51.181838694282,53.9096306906448,43.0401241294582,33.5142670951317,31.5887642198849,36.861674012305,45.3253301270613,55.0783616746891,41.9154628153027,38.3366318825081,56.3238394537503,54.1554008032319,52.0103965358091,53.8366426070923,58.2663524987489,62.0179079606519,57.7209802865701,57.9578460919544,61.4453398039997,57.4145902570998,60.2923688820261,61.0769210356546,62.4207611564346,57.6638898025056,57.2309818057831,44.1121131690306,47.9745558631778,41.4758037389124,47.1331292697725,38.8440948818591,42.0605576634079,40.0926388661073,24.1273768859045,41.8363577720959,35.200023007629,36.6124921075799,29.673087167857,39.8054713068299,23.865723619388,39.4648152934254,57.2148676878206,59.9916662018202,58.0973193249231,57.1241337699691,60.4020957167624,57.0129313105079,64.0436666995716,67.4236753814962,84.7773600407607,30.9498708709573,33.4681387204,74.6796549579624,32.1561213839115,29.9577729501897,36.8645864988506
14.1546871867132,13.1247238265798,13.1209508479494,15.9746713108398,15.2595166463816,11.4781507547949,14.0706243682591,0,32.9247050540931,33.6607152311378,70.852790856641,41.3359875720789,37.7104916463395,36.1310936015888,37.1350177774377,41.9647030373499,41.8727518682956,34.6591632764022,37.1480592296313,41.8976865605097,35.6446933180741,33.0988129626884,33.9265723510437,41.814452554438,56.3673368024772,65.7249251301581,50.0214276425989,52.8110815156646,42.121666505983,31.6546745845612,29.7316521909648,34.9443989657471,44.3801863989302,53.9794679555965,41.0545239480565,37.4845323489783,54.2725638322719,53.2008646319533,51.0559731661357,52.8813976821115,57.3100089974664,61.0610153160734,56.7642677835799,57.000510559274,60.4868699684378,56.4569010828684,59.3340388017904,60.11901338826,61.4624452719594,56.705711768075,56.2734611843908,42.4374638194842,46.3138009269116,39.8341519911221,45.3540068187073,37.3259478722239,40.5384182565371,38.5499406764208,25.2392326899627,40.5557310607364,34.0062020998905,35.3318950966126,28.5058941730051,37.9148775774166,22.9850117528705,38.2337411217248,56.2588047898475,59.0355877749088,57.1413302001352,56.1682357801358,59.4421295004959,56.0532160290783,63.0844992435664,66.4647859698519,83.8141810994116,30.0619116414283,32.5887448149851,73.7825298417733,31.7451185987048,29.3220226193446,34.815789538816
31.746768131351,30.4211624243632,33.3410154126754,31.6684884057715,30.1215637221509,33.3963410675368,34.9530596892902,32.9247050540931,0,7.41922021821841,79.0230620245487,23.1352291343309,18.9065963159167,14.1082734950937,46.1077596870516,50.8634461501635,43.7600077684321,36.8723376784461,38.9961777580492,44.159206177073,44.7519631872529,42.689661839183,43.5728670236894,48.8456093233886,64.8539376044699,74.1843004268828,55.5880398167148,59.0034709270159,51.0815153125729,29.1652840186298,27.778336795593,27.3579419857598,52.9300686218178,63.7397134534328,49.9513116540622,46.4257801923161,39.1739634846868,61.5316050102978,59.3940408714454,61.2072550034106,65.5560465799497,69.3023553374249,64.9998998070961,65.2304239166747,68.7380769941047,64.7289425779888,67.5948231882178,68.3838880631047,69.7269950940841,64.9661620811699,64.5510194545054,47.498408388283,51.7156237296298,45.1976086301201,49.4080100216242,43.8427808190099,47.250351750642,45.1910089916009,39.9743399930421,50.9091717425328,44.8835125515182,46.3806098821211,40.0527058623311,39.3595914315414,34.5121266603801,44.0446586592767,64.625893693361,67.4095983679968,65.5123830239994,64.5363081694219,67.6324228005015,64.2466897441914,71.3134215747756,74.6956575423381,91.930051585878,38.2167691858471,40.7897197891091,82.2568505023075,42.1845263313217,41.4962282605166,20.7577156467824
32.4900799892884,31.1656811159831,34.080898249766,32.4162791649327,30.8706353095679,34.1320529933366,35.6846494039814,33.6607152311378,7.41922021821841,0,79.7197721118877,24.2540640824512,20.1124846568242,15.2454419647227,46.8157325642515,51.5686447024264,44.6043458055491,37.710884114744,39.840008946375,44.9978022191224,45.5179319834187,43.4484005355916,44.332491487692,49.5081371860417,65.563780809201,74.8919632947416,56.2241189919153,59.6506857748636,51.7973780095537,29.7044459035254,28.3324062973539,27.7402022157883,53.6376467037945,64.4881178447732,50.6547429406382,47.1291508413245,40.2149901330183,62.2328138141348,60.0955080305239,61.9084282250461,66.2543777983737,70.0006227785135,65.6979089461014,65.9283456541933,69.4370629369537,65.4285650116107,68.2941489845056,69.0832807896477,70.4264633623853,65.6654421728421,65.2508186435776,48.3047391005498,52.5187077525111,46.0000521779699,50.2268437192968,44.630205944143,48.037074671416,45.979435760406,40.6983206215771,51.6673099797729,45.6374917394022,47.1361589337592,40.8043688174486,40.2039739391891,35.2201619058154,44.6911598475485,65.3288420745453,68.1128187002777,66.2154688717801,65.2392582786252,68.329379168574,64.9437151302271,72.0116971199461,75.3939486801369,92.6248249226991,38.894637592879,41.4686476785983,82.9518230696352,42.8840654498447,42.2324889527272,21.7900794345827
69.4128672014018,68.8127082530216,70.7655289036991,70.2479257183499,69.3150723653091,70.5592536442902,71.8152139682435,70.852790856641,79.0230620245487,79.7197721118877,0,87.525400577153,83.9096318149166,82.2696294975821,57.8011642766456,61.8972192340398,86.3536757946269,78.5247998394531,81.4382129952542,85.8515955994781,77.1001726118125,73.6908807239699,75.0360901058419,69.1355216481692,61.5378356616633,67.7452812863925,81.1414731269976,82.7949091662507,63.679295800887,76.7208987243122,74.8540280484595,80.1410851997889,51.2422920547884,91.761231428822,61.9707912859559,59.5569453582429,100.468613024118,46.1241495371352,44.2305018947277,44.0872368597388,48.526316062933,51.2383684030465,47.7159541829445,46.8136326401168,41.9107901446084,40.1281677638184,39.9444163361437,43.3501909968508,41.4909816723538,38.674458176507,40.3682207671377,84.4003759813586,88.3076074908373,81.3864455028262,88.4596542721793,77.2156978214706,80.9453458525097,79.3937539151875,74.0660343319763,83.5809120658258,77.3520479577696,79.7493642845829,73.1762328084468,82.0605357178571,72.0846929529276,77.8718003031928,48.2528885214393,51.8137579279402,49.6443717872871,48.411212951977,45.0228126306083,42.2699130807588,43.7728834750756,48.9716304149068,70.5288102070723,65.5309314469899,67.1548802692728,91.1970813391397,71.3898393420172,71.9844353746849,81.1562023375076
40.0705903021334,38.7538991057426,41.6965861668331,39.9686088481361,38.4286869591646,41.7898848061506,43.3817996107301,41.3359875720789,23.1352291343309,24.2540640824512,87.525400577153,0,13.3035352848963,20.1561858726661,54.5369397163018,59.3192530465948,50.4156194304295,43.5365691003193,45.6165330868166,50.8481022446894,52.5831941364611,50.6116200041042,51.4894439074657,57.6687958300016,73.2359718151007,82.5878098784432,64.6065134364558,67.9427566454369,59.4243644568475,39.1229047459844,37.652875891842,38.129479299494,61.3396521586545,71.772950349239,58.4268053880249,54.9047035090653,34.8067306864381,69.9959606280436,67.8560853070985,69.671674013463,74.0459580204128,77.7926384036528,73.4926101046785,73.7236923167085,77.2212060687556,73.2065704873026,76.0749104330037,76.8635254377197,78.2057910026061,73.4467228411705,73.0271015029547,54.6995056806313,58.9765485053929,52.4508996758877,56.4467325584787,51.310047854839,54.7395626499414,52.6618720000948,48.4203060685589,58.8792139211092,52.9143316866628,54.4106840107653,48.1352507523796,45.8021840018204,43.1757424200064,53.08367788967,73.0738959446719,75.8551282978737,73.9591637666744,72.9843518859307,76.1334826278214,72.747218272904,79.8027567874558,83.1849581129147,100.449795552393,46.9784929967588,49.5358115385023,90.8007212545597,50.7934036423202,49.741692156792,31.7527426100116
36.4558111382132,35.1364889835408,38.0785065167783,36.3547222192948,34.8124503359766,38.1678869174082,39.7563297033521,37.7104916463395,18.9065963159167,20.1124846568242,83.9096318149166,13.3035352848963,0,15.7285596078851,50.9277744681222,55.7069111751863,47.0509248796963,40.1799278040136,42.2619106787758,47.4848774395585,49.0474110452513,47.0636087465204,47.9417649142899,54.0153006211816,69.634379378207,78.9835873383645,60.9332199248652,64.27728673222,55.8262306238258,35.3515231715219,33.8877388846737,34.2986382282577,57.7343581131025,68.2110404487473,54.8119399662127,51.2892488937322,34.2465123312553,66.3844571558874,64.2448502608907,66.0601798862051,70.4314989997554,74.178149069058,69.8778314410635,70.1088632732546,73.6075944964397,69.5935854084158,72.461652305023,73.2503098978936,74.5926839848698,69.8334055074668,69.4142936947174,51.2583265891184,55.5255556903383,49.0025576867194,53.0269739057433,47.8307842374622,51.2562442092747,49.1807538606458,44.7970525833786,55.3218749342913,49.3482694583299,50.8433637414426,44.5607190761782,42.4946338738201,39.524073731142,49.4027022711338,69.4643450426999,72.245867399609,70.349754279069,69.3747923368979,72.5178031846972,69.1315950110408,76.188433998833,79.5706325952501,96.8320009687853,43.3276770897295,45.887094727999,87.1784852977629,47.1566351832487,46.1474135531079,27.7393658809566
34.9146412251103,33.5928093838718,36.5229133998276,34.8257344260183,33.2817265350748,36.5950191726142,38.1673007002658,36.1310936015888,14.1082734950937,15.2454419647227,82.2696294975821,20.1561858726661,15.7285596078851,0,49.3225823708015,54.0898995906211,46.2016380791723,39.3176037483439,41.4224684430508,46.6152334031044,47.7053671714901,45.6826940798885,46.5635253764467,52.2323892308307,68.048078635425,77.3878076901758,59.059796751044,62.4408114017773,54.2586116237586,33.0588709868227,31.6354120262157,31.6085469823541,56.1362473989095,66.7814074651465,53.1863761929084,49.6623561698968,37.9890084285842,64.7616385328481,62.6230673727185,64.437314491234,68.7972141999779,72.5436834841613,68.2422864163566,68.4730521213627,71.9762828917148,67.9647528910947,70.8317037279175,71.6205736089633,72.9633128829196,68.2032493754195,67.7861564657017,50.1773116506229,54.4205504280227,47.8992686873726,52.0161240743613,46.6377111421918,50.0548026356456,47.9874375902464,43.1963914040518,53.9230204890874,47.9238849607134,49.420554576253,43.1155816030902,41.7079442813927,37.8300893559767,47.5273859005676,67.8487973907259,70.631424726543,68.7347545899615,67.7592302488231,70.878439911854,67.4924759864464,74.5543305258677,77.936552148131,95.1842039521135,41.5774953680217,44.143530700413,85.5217136447538,45.4782469042652,44.6304850837239,25.1389568943697
35.635080200737,35.1053927925355,36.9743142595742,36.5506970569714,35.6723980057847,36.7595204622277,38.0071660322027,37.1350177774377,46.1077596870516,46.8157325642515,57.8011642766456,54.5369397163018,50.9277744681222,49.3225823708015,0,22.4375320849895,53.0098688785016,45.177496801883,48.0974793746747,52.5014338332166,43.215137623269,39.6476424231533,41.0034165734992,40.0961034248445,42.1862204328222,51.4076786357987,51.7919879924663,53.4357542180308,26.7044240929646,44.0674475889831,42.1838625107875,47.4896619905313,28.741751196146,57.3813685937722,24.3953365858853,21.4161149646273,67.4395165269111,39.167300088082,36.9800167760836,38.8888098391648,43.7850043147614,47.567210348082,43.3038228338279,43.5772787462553,46.9520129359678,42.798095274115,45.7458292627589,46.5022183893814,47.8543291704446,43.1167760125176,42.5824403579851,50.9662021811107,54.845613981781,47.9502554171257,55.0491273252457,43.7788257994451,47.4496051919953,45.880673620774,39.9796965215424,49.5183560530774,43.1946459287685,45.6619649566565,39.0108594348081,48.7301362796333,38.5652555606439,45.366078812276,42.0963021058427,44.8431929299044,42.9580341698022,41.9941762888564,46.2646544514426,42.8563865643116,49.680298686504,53.0472686833464,71.0902708037586,32.2197639333968,33.863040350547,61.4024221346962,37.0837240856744,37.2305423828889,48.2155080957432
40.501304611916,39.9587640770751,41.8309433808097,41.4114090177204,40.5226842892511,41.6022547954705,42.8349777869832,41.9647030373499,50.8634461501635,51.5686447024264,61.8972192340398,59.3192530465948,55.7069111751863,54.0898995906211,22.4375320849895,0,58.0058393725096,50.201106596805,53.1006342258469,57.5220268906955,48.4086365086484,44.8814381413862,46.2152362746834,44.0005357774082,47.1381892462536,56.191068108423,55.9162406333075,57.4969481622175,33.8908880925953,48.7268017067741,46.84290624203,52.1725456101054,33.5795922606901,62.7445046285565,23.0084100539755,21.4775276714246,72.2383633478288,43.4194010334406,41.2527002329352,43.1581544555806,47.8237683378267,51.619472801598,47.3246930498338,47.6121549120322,51.122914943105,47.0011523169523,49.9419002435632,50.6916949076124,52.0619961178906,47.3045244572039,46.7958786549814,56.0936303749165,59.9758269879578,53.0966700847397,60.121652371225,49.001614517688,52.6555428494504,51.069098897282,44.7991351963716,54.6586620831745,48.3231275472729,50.7536093127058,44.0921308126216,53.7356621409663,43.2794190999495,49.806349882887,46.5204815436223,49.2866694272642,47.3909994962801,46.4164024710796,50.3015133416454,46.890922878678,53.8102011469402,57.1695045062327,75.037185545048,36.5146736635251,38.115495652575,63.4583768014052,41.6569722817135,42.3256943555253,52.9695531897992
39.9677693064259,38.908276321957,41.7527801982363,39.9520644484424,38.6480491069133,42.0371932563477,43.7914719000171,41.8727518682956,43.7600077684321,44.6043458055491,86.3536757946269,50.4156194304295,47.0509248796963,46.2016380791723,53.0098688785016,58.0058393725096,0,22.4061207030663,20.0643527053771,25.8688928427989,46.0545582163488,44.9830946609576,45.8607663240646,59.0074694087366,71.1053188895176,80.6394740546639,67.1406851436994,70.011757283666,57.1183036228905,47.014806448318,45.245750093483,48.9319797689265,59.4798877517511,67.1018906029173,57.29111081817,53.8166501098747,62.1327099790039,68.5448271035505,66.3869846493669,68.2192023965997,72.7920950237329,76.540269657443,72.2599097111908,72.4937639760994,75.9081347108794,71.8520802604625,74.7381704854926,75.5243403252201,76.8588861199133,72.1141236386085,71.6608390984681,40.2611062256076,45.3465561749247,38.7214935028031,39.4087611109669,40.1661381171423,43.9328212855422,41.6817301211934,48.4544406353791,54.1234661035211,48.8268792552252,50.5127870369889,44.7619136682342,27.8289137276876,45.0665516487781,56.2149981225275,71.4896996387798,74.2513794465901,72.3655153305187,71.4009047984149,74.9582088622556,71.5684114468367,78.5368948754068,81.9195587129383,99.4137931825152,48.2877724326066,50.7011913463238,90.1275915645947,51.3813024044887,47.6422993681768,46.3806954324043
32.7308315744263,31.7194589607123,34.5051853246712,32.7764372736665,31.5143870491653,34.7802248904891,36.5246927934272,34.6591632764022,36.8723376784461,37.710884114744,78.5247998394531,43.5365691003193,40.1799278040136,39.3176037483439,45.177496801883,50.201106596805,22.4061207030663,0,13.7597076529845,16.5584249194749,37.7136636705562,36.7363454204015,37.6365044373273,51.4991514451967,63.1457066358791,72.7069025805888,59.7326620394691,62.567960853264,49.1668185448597,39.9905728227381,38.2181084890147,41.9518688778102,51.5674334062428,58.9390658352778,49.5134073206106,46.0490193548731,55.2437676446099,60.6823196685024,58.5221249084295,60.3561717850015,64.9551390623668,68.7032506390131,64.4256109794784,64.659538036133,68.0622234874717,64.0009954139847,66.8891541499733,67.6752010688519,69.0085137860448,64.2657361824511,63.8082579732218,30.5790937345178,36.0451464952174,28.8833534346917,31.031021321494,30.6071975185053,34.5736508020407,32.3791579176059,41.0726302695708,46.1304123250167,40.9292989188996,42.7017670893499,37.008050490768,16.3162373856579,37.8575988821583,48.9257248259448,63.6085949761072,66.3676420558401,64.483178581305,63.5199830407475,67.1300421340716,63.7398919495881,70.6969737874003,74.0798337005357,91.6027441648822,40.8379239941513,43.2318498869602,82.3948063535916,43.9260074425521,39.9652571211265,39.5144985233952
35.2442848947575,34.1971352103545,37.0234030012831,35.2479452754989,33.9542688706008,37.3020301527134,39.0508754590574,37.1480592296313,38.9961777580492,39.840008946375,81.4382129952542,45.6165330868166,42.2619106787758,41.4224684430508,48.0974793746747,53.1006342258469,20.0643527053771,13.7597076529845,0,19.2830223589662,41.0403745831069,39.9852498658151,40.8721124726054,54.1755676803928,66.1546992263424,75.6963211130994,62.3307020099696,65.1943089815508,52.1730961486285,42.2809103253671,40.5128369241083,44.1922140361568,54.5428735549579,62.1169251183473,52.3933394054419,48.9218776617461,57.3005345699201,63.6207111774939,61.4622453548939,63.2949167070719,67.8747250590011,71.6228602779099,67.3432337711753,67.5770818907474,70.9882858135125,66.9308821378502,69.8174979950202,70.6036527182339,71.9378519490648,67.1936255267127,66.7392483659191,34.9224501479781,40.1549643223146,33.2764980766727,34.8238388314393,34.7520858300414,38.599320272358,36.3806874474369,43.680296181745,49.2071353078159,43.9333407076356,45.6486100541234,39.9088900834782,20.621487955208,40.3268860170309,51.4377401920054,66.5605468711974,69.3215218293008,67.4360363426065,66.4718083386799,70.043036327414,66.6531549998219,73.6186167721431,77.0013444571991,94.5030585069025,43.4755077529411,45.8839112596302,85.2401721062033,46.5751455113639,42.79530667001,41.6440336263567
39.9665572637238,38.9506660401784,41.7441468140905,40.003895740674,38.7382457807006,42.0224586060878,43.7699253195919,41.8976865605097,44.159206177073,44.9978022191224,85.8515955994781,50.8481022446894,47.4848774395585,46.6152334031044,52.5014338332166,57.5220268906955,25.8688928427989,16.5584249194749,19.2830223589662,0,45.056279297869,44.0799196066385,44.974260488009,58.7904024311232,70.48796123326,80.0457997647924,67.0159432960016,69.8538359895963,56.5052867658013,47.248601100473,45.4752647539299,49.2166832321507,58.9033495481311,66.2844517633938,56.8310329405646,53.3652308535135,62.5774385018704,68.0127748297158,65.8528504635281,67.6867120775383,72.2826776174962,76.030814500563,71.752852234505,71.9867911426461,75.3908756461647,71.3302249581098,74.218163894245,75.00421098761,76.3376813152911,71.5946674448522,71.1376564204642,37.9183509097927,43.3025220660046,36.36338199887,37.504204196954,38.1613163622285,42.0693231685075,39.8425256308706,48.3320446484229,53.4345187381867,48.2268071309339,49.9848822072595,44.2893561697797,25.3625124284905,45.1068351757448,56.1949035938514,70.9412764246594,73.7006321660131,71.8160015085404,70.8526370609147,74.4566752012733,71.0665579753452,78.0249505430362,81.4077784598223,98.9274879545036,48.1196232062209,50.5156119150044,89.7085607555042,51.2027791003568,47.2513540169665,46.7840510122101
33.1667165968235,32.7359260102976,34.9336003040734,33.8384786227861,33.088889613078,35.2381161319045,37.0005135788705,35.6446933180741,44.7519631872529,45.5179319834187,77.1001726118125,52.5831941364611,49.0474110452513,47.7053671714901,43.215137623269,48.4086365086484,46.0545582163488,37.7136636705562,41.0403745831069,45.056279297869,0,22.0006620607207,20.2361203833554,51.7606980149305,61.2290572704145,70.8659747322042,60.875823462846,63.3762998602534,46.7298601025341,44.8393157762267,42.982274545295,47.6812406045239,49.7019399390376,49.9715383205695,47.8255177791989,44.370319249566,65.1095232818733,59.081069207777,56.9106559486393,58.7564537525353,63.4681138209253,67.2186106498036,62.9513654594047,63.1885801908234,66.5487442875321,62.4625049715034,65.362323307468,66.1457453221415,67.4761036118227,62.7406994082093,62.2628210565292,40.479716285023,43.6941842976786,37.1629024515975,45.895602766788,32.2046079589812,34.548158682189,32.6772829971697,40.5104644813089,33.5079339906598,30.981782234268,34.2154092370505,29.7654378528311,41.684754460992,39.6040285233812,50.7863409352323,61.940761312326,64.6894312489226,62.8100122057659,61.8519133277277,65.6966526497107,62.3038635089187,69.2114233997497,72.593740635805,90.2553207333169,41.175750300025,43.4299587419194,81.1228659975995,43.6899798480123,35.546845117945,46.9341185545758
30.6619938340886,30.2996110011951,32.3699548786651,31.4629501916193,30.7544724847737,32.6207184105369,34.3377765024993,33.0988129626884,42.689661839183,43.4484005355916,73.6908807239699,50.6116200041042,47.0636087465204,45.6826940798885,39.6476424231533,44.8814381413862,44.9830946609576,36.7363454204015,39.9852498658151,44.0799196066385,22.0006620607207,0,13.426761234621,48.6544938349472,57.7632331801367,67.4038075246104,57.9292589611432,60.3710319786492,43.0629570801101,42.4935170376874,40.6297438869164,45.4189316745326,46.2168426749392,42.1293680672076,44.3171041962071,40.8602391558538,63.1977317690484,55.64230393,53.4704207712974,55.3184513571584,60.0462690957128,63.7974592524512,59.5315329828378,59.7696101415446,63.1247551243039,59.0345883263654,61.9364458978279,62.7192019881651,64.0494747977505,59.3149473282011,58.8338493995162,40.2079287049164,43.6456670215454,36.9300443502438,45.3365695995809,31.8742778090583,34.6979176434871,33.0683919806287,37.5813209911981,31.8148752833332,27.0360704229687,31.7687086051389,26.3488254019856,40.625047852075,36.9779632192822,48.00596584413,58.4946805875319,61.2420551808588,59.3631808068086,58.4056331004443,62.284564316404,58.8912529858418,65.7916922474305,69.1737462454242,86.8571401258801,38.1154288208543,40.3378213714573,77.7106871468575,40.5919366230326,31.6333647180161,44.8474711605248
31.4533454136116,31.0961107947972,33.1776604349288,32.2462416348864,31.5452515868884,33.4470831493704,35.1815095252384,33.9265723510437,43.5728670236894,44.332491487692,75.0360901058419,51.4894439074657,47.9417649142899,46.5635253764467,41.0034165734992,46.2152362746834,45.8607663240646,37.6365044373273,40.8721124726054,44.974260488009,20.2361203833554,13.426761234621,0,49.7958298722664,59.1846455958029,68.8102173970714,59.0174879271694,61.4770783349735,44.519384648329,43.4064096196072,41.5426750667212,46.3239033724266,47.6148581919147,45.0903565655121,45.6315866609974,42.1677620629218,64.0729462252276,57.0082360524556,54.83778271654,56.6846460924811,61.396610202484,65.1478169567502,60.8802433543958,61.1182529776445,64.4804208330346,60.3934166251316,63.2939886444212,64.0768449663276,65.4078327820193,60.672121454049,60.193588901712,41.1088718147163,44.5046982132227,37.8529926473405,46.2101582435496,32.9465181854346,35.6629631924,33.9497295138052,38.476551434574,31.20000225295,27.1175709303919,31.980394155613,26.811669088485,41.5209100514266,37.8814176172211,49.0152707632424,59.8715630788482,62.6204939223674,60.7408036730803,59.7824312289493,63.629434236952,60.236344968086,67.1437084638434,70.5256562658668,88.1915087559647,39.2031435810001,41.4383701857708,78.9942406486785,41.6387968557254,32.5915430120483,45.7285351472547
40.73993744734,39.9830205459289,42.0147708780807,41.4823017863544,40.4228554749942,41.6928806433264,42.8282333025687,41.814452554438,48.8456093233886,49.5081371860417,69.1355216481692,57.6687958300016,54.0153006211816,52.2323892308307,40.0961034248445,44.0005357774082,59.0074694087366,51.4991514451967,54.1755676803928,58.7904024311232,51.7606980149305,48.6544938349472,49.7958298722664,0,58.3828829572612,67.1651687490842,37.2550679185897,35.1019482119774,46.8385928042418,45.3316836770492,43.4619103421232,49.0612536884265,46.0200459234568,67.683071504042,42.6300199675976,39.2183479377166,70.8098011195178,52.8132364334715,50.7471418022681,52.4837034135095,56.0382621298471,59.7734283870441,55.3938018885537,55.6076974361962,59.4339921917631,55.5942701650965,58.3842055998084,59.1872810951541,60.5557928279191,55.7411131970415,55.463904943116,58.5576968510995,62.4841172181945,55.7647108615981,61.9873319145878,52.4803958789412,55.977574604368,54.2165978479727,45.2692483746223,57.6243711746418,51.247831746319,53.3057314035536,46.6192899946561,54.8251013233252,41.8658873812308,43.4151445876885,56.383751656513,59.2394888849674,57.3068494694266,56.2949593516597,57.7709113194026,54.4006809028192,61.8180600480172,65.2005804013852,81.4848878512181,31.3091062049302,32.5411927711875,71.1597146794604,41.2719270236255,45.5366338694162,50.9656813080648
54.8137606044037,54.2516168436306,56.1977957810932,55.6608842028835,54.760213755399,56.0341843743659,57.3335223068009,56.3673368024772,64.8539376044699,65.563780809201,61.5378356616633,73.2359718151007,69.634379378207,68.048078635425,42.1862204328222,47.1381892462536,71.1053188895176,63.1457066358791,66.1546992263424,70.48796123326,61.2290572704145,57.7632331801367,59.1846455958029,58.3828829572612,0,31.2005682514893,70.0091264942041,71.7330145260425,46.2946320302404,62.9585422619303,61.0868327117377,66.3066217748506,33.4189358257126,75.5958496351453,47.7427173836229,45.2517925017967,86.1047623242283,41.2520061107157,38.8176072534107,40.5953724008697,48.2940986735279,51.9166990756754,48.0117827604063,48.1252472430463,49.6711789895029,45.0971234066238,48.0743241781155,48.986397915037,49.9849814623081,45.6002276731346,44.7375397937108,68.5622922444174,72.4718542145016,65.457772112668,72.8728723714435,60.9211995870623,64.7697402911333,63.310849635595,59.5931192618184,68.0248586256997,61.8911735868608,64.3953860366762,57.8963118036916,66.7634652247317,57.9385286952859,64.6971743840231,40.1500353514832,42.3561983950065,40.8380189133098,40.2397377750411,50.8191083391378,47.4347470758581,52.9689891541711,56.4511424546264,76.8491821660406,52.3083769625823,54.004961682685,79.9240283922176,57.410522197642,56.8901620186882,66.9895214895075
64.1922661955688,63.6254944837246,65.5691315074015,65.0406404587889,64.1358261435954,65.3962097848144,66.6860802020186,65.7249251301581,74.1843004268828,74.8919632947416,67.7452812863925,82.5878098784432,78.9835873383645,77.3878076901758,51.4076786357987,56.191068108423,80.6394740546639,72.7069025805888,75.6963211130994,80.0457997647924,70.8659747322042,67.4038075246104,68.8102173970714,67.1651687490842,31.2005682514893,0,78.8733696093702,80.5770046924211,55.96905770139,72.2167008633412,70.3451340251007,75.5802065081589,41.8970486848196,85.2679065414566,56.7488433030239,54.2985217234377,95.4701119874207,47.4950936151373,45.0169920775041,46.6659737399693,54.9326448975203,58.5037397053437,54.6766389309078,54.7378625099771,55.7514223199503,51.1000926830365,54.0301581578011,55.0316370842277,55.8678905547607,51.6239458673346,50.7067270747135,78.2147404193892,82.1224345037957,75.1289724436334,82.4741945636266,70.6684137325691,74.4892513943283,73.0102538706985,68.930850166345,77.5882973843206,71.4305253097913,73.9159798177423,67.3979989161791,76.3084109395712,67.2342069765728,73.8362259251857,44.40904089756,46.3063553415207,45.0310201740247,44.6679773913919,57.3569716368592,53.9853330098121,59.1847704165767,62.7137440284793,83.6022812864898,61.414813675434,63.0959970061061,88.537352207375,66.6333617177336,66.3271905615778,76.3181034257929
49.0429208771256,48.1779753266249,50.3343697849518,49.668948032136,48.5222727087679,50.0263560006164,51.181838694282,50.0214276425989,55.5880398167148,56.2241189919153,81.1414731269976,64.6065134364558,60.9332199248652,59.059796751044,51.7919879924663,55.9162406333075,67.1406851436994,59.7326620394691,62.3307020099696,67.0159432960016,60.875823462846,57.9292589611432,59.0174879271694,37.2550679185897,70.0091264942041,78.8733696093702,0,33.2115788855471,58.1381315635611,51.3400039527994,49.4999474672673,55.1516551948692,57.7561862322458,77.3253135883322,54.6929399490209,51.2662149846448,77.8608023586343,64.7568683382331,62.6817536379208,64.4202528903047,68.080337046855,71.8094058765056,67.4448219308621,67.6522570314393,71.4133793097976,67.5597040590418,70.3520885179227,71.1587500911562,72.518370281288,67.7130466547832,67.4247632889114,67.2275463087089,71.1801205670994,64.5043759843569,70.4460896917523,61.4937656147652,64.9576759941783,63.1453030166922,54.0745792406448,66.6986884132185,60.3483735614913,62.2883533816783,55.6325792779959,62.9763860743544,49.8427539807084,49.2520553414207,68.2532354836059,71.1006781504339,69.1726024582634,68.1653678651794,69.8134612559838,66.4448673188468,73.8157567944388,77.2024277004724,93.5723767826798,41.6702003718837,43.5267363129128,84.3505506590788,51.0247261388121,54.9502176920966,57.7469550935456
51.8042054118115,50.9807019962542,53.085751308443,52.4774748310863,51.3645022983212,52.7674931008348,53.9096306906448,52.8110815156646,59.0034709270159,59.6506857748636,82.7949091662507,67.9427566454369,64.27728673222,62.4408114017773,53.4357542180308,57.4969481622175,70.011757283666,62.567960853264,65.1943089815508,69.8538359895963,63.3762998602534,60.3710319786492,61.4770783349735,35.1019482119774,71.7330145260425,80.5770046924211,33.2115788855471,0,59.9159038223346,55.0477208239345,53.1925718728017,58.8381810246921,59.4410028626251,79.638143021701,56.2245360985766,52.7932210164664,81.151547065036,66.4082694992372,64.3348685314784,66.0743337359089,69.7136149032723,73.4450530670573,69.0767902533014,69.2868287115001,73.0643382720254,69.2121164984938,72.0052057145459,72.8103008628177,74.1725645367407,69.3650202578161,69.0778182066966,69.9022363850145,73.8442521336784,67.1540284415074,73.1971215605308,64.0456028686564,67.5193165413685,65.7245147979436,56.6169411537853,69.2047590126088,62.8412485718508,64.8222025431416,58.1517860009174,65.8424767304662,52.6802086446175,52.7110448618836,69.9216808461211,72.7706674807713,70.8416367493109,69.833423033879,71.4535972376282,68.0841216358262,75.4641687354741,78.8493763977868,95.2086762152225,43.2387940648381,44.860316860402,85.621691318859,53.12438193793,57.3135359411841,61.1432314301646
40.5101609218891,39.9971590706012,41.892689326872,41.4086108391857,40.5459814757851,41.7340612425559,43.0401241294582,42.121666505983,51.0815153125729,51.7973780095537,63.679295800887,59.4243644568475,55.8262306238258,54.2586116237586,26.7044240929646,33.8908880925953,57.1183036228905,49.1668185448597,52.1730961486285,56.5052867658013,46.7298601025341,43.0629570801101,44.519384648329,46.8385928042418,46.2946320302404,55.96905770139,58.1381315635611,59.9159038223346,0,49.3387065814713,47.4596562929586,52.6773168318786,33.8514913498076,60.3754512651213,34.5935745598805,31.551652135168,72.2716176780564,44.8311750922918,42.6139832581137,44.5215028566323,49.7507023268765,53.5131165758233,49.2942357282016,49.5473640012391,52.7200937929401,48.5191806140616,51.4751752925166,52.243427940931,53.565307408915,48.8597432441088,48.2880625060576,54.5427130834118,58.4235192346563,51.4443962450146,58.8548127645284,46.9352743638284,50.7083844389876,49.2263347754056,45.1642434322394,53.3834370364832,47.1738190875134,49.7606942889402,43.2054120699199,52.7907747346634,43.8811147047183,51.2951109432339,47.4554707818672,50.1665651947683,48.3025691928261,47.3601879728572,52.2311598893954,48.8261755141285,55.5093475308249,58.888122480523,77.1872651373005,38.7007035496638,40.4424478344053,69.6966126253499,43.130505706433,41.785236061618,53.2036623870633
