IBR/IBR_outputs/all.combrep_1/EucDistWater_Total.FireFreq_2000_2008_Total/EucDistWater_Total.FireFreq_2000_2008_Total.asc
NCOLS 160 
NROWS 95 
XLLCORNER 210004.651214014 
YLLCORNER 7350008.22228844 
CELLSIZE 4999.99999999997 
NODATA_value -9999 
[rows 0 to 20 of 95, columns 92 to 137 of 160]
-9999 -9999 -9999 -9999 -9999 -9999 -9999 -9999 -9999 -9999 -9999 -9999 -9999 -9999 -9999 -9999 -9999 -9999 -9999 -9999 -9999 -9999 -9999 -9999 -9999 -9999 -9999 -9999 -9999 -9999 -9999 -9999 -9999 -9999 -9999 -9999 -9999 -9999 -9999 -9999 -9999 -9999 -9999 -9999 -9999 -9999
-9999 -9999 -9999 -9999 -9999 -9999 -9999 -9999 -9999 -9999 -9999 -9999 -9999 -9999 -9999 -9999 -9999 -9999 -9999 -9999 -9999 -9999 -9999 -9999 -9999 -9999 -9999 -9999 -9999 -9999 -9999 -9999 -9999 -9999 -9999 -9999 -9999 -9999 -9999 -9999 -9999 -9999 -9999 -9999 -9999 -9999
-9999 -9999 -9999 -9999 -9999 -9999 -9999 -9999 -9999 -9999 -9999 -9999 -9999 -9999 -9999 -9999 -9999 -9999 -9999 -9999 -9999 -9999 -9999 -9999 -9999 -9999 -9999 -9999 -9999 -9999 -9999 -9999 -9999 -9999 -9999 -9999 -9999 -9999 -9999 -9999 -9999 -9999 -9999 -9999 -9999 -9999
-9999 -9999 -9999 -9999 -9999 -9999 -9999 -9999 -9999 -9999 -9999 -9999 -9999 -9999 -9999 -9999 -9999 -9999 -9999 -9999 -9999 -9999 -9999 -9999 -9999 -9999 -9999 -9999 -9999 -9999 -9999 -9999 -9999 -9999 -9999 -9999 -9999 -9999 -9999 -9999 -9999 -9999 -9999 -9999 -9999 -9999
-9999 -9999 -9999 -9999 -9999 -9999 -9999 -9999 -9999 -9999 -9999 -9999 -9999 -9999 -9999 -9999 -9999 -9999 -9999 -9999 -9999 -9999 -9999 -9999 -9999 -9999 -9999 -9999 -9999 -9999 -9999 -9999 -9999 -9999 -9999 -9999 -9999 -9999 -9999 -9999 -9999 -9999 -9999 -9999 -9999 -9999
-9999 -9999 -9999 -9999 -9999 -9999 -9999 -9999 -9999 -9999 -9999 -9999 -9999 -9999 -9999 -9999 -9999 -9999 -9999 -9999 -9999 -9999 -9999 -9999 -9999 -9999 -9999 -9999 -9999 -9999 -9999 -9999 -9999 -9999 -9999 -9999 -9999 -9999 -9999 -9999 -9999 -9999 -9999 -9999 -9999 -9999
-9999 -9999 -9999 -9999 -9999 -9999 -9999 -9999 -9999 1.4524565305282 3.16465726838246 3.23166297355291 6.96465178089633 -9999 -9999 -9999 -9999 -9999 -9999 -9999 -9999 -9999 -9999 -9999 -9999 -9999 36.2049574015719 24.6994822130522 9.48825997253874 4.17633105713159 8.27589431117354 23.7179790454879 42.1268481124328 52.4839197068622 37.7946682921409 26.2023072813055 24.4298919496119 32.4284704961877 48.1684550079273 67.2113420977791 88.7381902167047 105.278560873872 96.7093426166664 89.1855801057785 86.6823359338948 89.4105194909108
-9999 -9999 -9999 -9999 -9999 -9999 -9999 -9999 -9999 1.94749585998346 3.41539323238689 1 4.12960424781045 5.95837869089689 5.78006552154426 2.7407437999959 11.1715285333857 -9999 -9999 -9999 -9999 -9999 8.09935842342622 8.31234729592478 8.49541862707687 20.5624444955517 36.429142989322 31.4965511752827 20.2059100085888 17.061738420283 19.0592185357428 29.762513128329 46.1888288041848 48.837313668077 30.7334687421942 15.3245027615971 12.2670316676031 25.7636373864641 43.565682454791 63.579945294325 85.6456172444666 108.798022502593 112.878311700075 106.039371721216 103.723684195822 106.242657479262
-9999 -9999 -9999 -9999 -9999 -9999 -9999 1.14850005573103 2.34038940572529 5.68844684948277 10.236027736495 3.68055727081961 4.03751453778685 15.5503625612477 15.2493107260317 10.1957427105563 16.1688707851731 7.99397872628728 4.67332227995502 -9999 -9999 9.66595660472981 3.73877635751637 5.70305705555106 14.4873218173516 27.8316165704429 43.6886521449797 45.5078161387981 37.4530869217301 35.1861485479726 35.8080761380527 40.4626909090271 49.8458677672222 48.4909100266316 30.5377690856471 14.9586658707888 11.8173630567079 25.5254249151507 43.402403916902 63.4505285348288 85.5316084841673 109.740939443141 131.951635894035 132.129534629215 130.007483921499 132.313570092253
-9999 -9999 -9999 -9999 -9999 -9999 -9999 6.47079522962642 8.74394650727601 14.9139129749991 11.4231120900383 4.11514683496543 4.00060636099099 11.3615077948021 25.0556790183593 26.9284779316502 28.4541209503492 19.6372861351513 11.0485353162245 4.21507262818969 9.49532557094778 18.2346412444029 15.017674002685 10.2262655333 10.2461665754429 26.2571101595028 44.8922951713832 59.9832341433143 54.1543979091117 42.741489693733 31.5704245220639 28.0755956317887 35.0279419476636 46.7644928918622 39.9697228401769 28.934007993463 27.2704186446576 36.0262207879594 51.0115043552014 69.5442247822196 90.7487236895074 114.412785228232 140.532419785273 158.890847203224 158.763038516618 160.929953088479
-9999 -9999 -9999 -9999 -9999 -9999 12.9478360470972 15.871231809673 14.7234336926288 14.6079418271769 9.83603517817397 4.29388138896127 3.78094636692254 11.6232194340362 27.92605560399 42.9030240591673 40.6173515556465 25.1485657171166 9.37557551275032 5.47010251835724 11.5047009945372 24.6859245011372 30.5068058568811 20.7664597394326 20.428752596938 32.1457192023133 49.0090256530432 65.5280952316044 52.9269306819147 34.0747280137487 18.0260869760372 11.6670198020926 23.1633313077251 40.37964352574 52.565781788011 47.018766351087 45.880259410233 52.2004969704776 64.4663454447162 81.0177370633248 100.880287041271 123.607388540408 149.043481573916 176.597746221864 189.838307679597 192.295012599928
-9999 -9999 -9999 -9999 -9999 5.84645918534704 5.03687627802563 5.75320353085033 4.7156155410251 7.61591055043618 10.0077186642313 4.9024666829975 8.37644421150148 21.2084611871682 33.9332084295303 48.1567592744481 42.0064332546447 24.0600544983446 10.054276534749 13.4047996588029 25.7274669223543 35.5801240540031 44.3892258301539 37.887716702521 37.6767602230934 45.8102065494421 59.8032346070188 70.1594824009607 52.5184073890339 33.5113238506228 17.0562984510679 10.2327417254806 22.3693088113372 39.1029369769746 55.3066778646219 60.1031468748684 57.4988073816956 61.0398578492281 70.3256680134737 84.2396977931936 101.856795519149 122.651418837959 146.400638711654 173.048086728124 201.891243499785 223.172306945267
-9999 -9999 -9999 -9999 3.22522114127133 3.0902566211679 6.16746473384285 3.66464853212855 2.3429162302269 2.93185442660464 4.61761860107956 3.7355555490135 9.48814188908023 19.850921638938 25.4649916938549 38.8145935001285 46.0163501872683 33.5152719700864 24.8678792892612 26.8038613971503 38.3712221035071 51.4592172953106 60.8927286842675 57.4788826639114 57.3275517430727 63.6430623243969 75.4152916681923 78.2692863925162 59.0667786121943 42.1153966791353 29.6609102948181 23.5065804661815 23.1492736388475 29.7539378099593 43.1041968584992 45.0072886897775 40.1454591803759 43.4915353783121 53.9523600671428 69.3217363015742 88.2094084945234 109.998354900198 134.486701887593 161.681774397666 191.686343262913 224.663335002721
-9999 -9999 4.08114491150769 2.71659011599971 2.09580106430707 6.54703514956194 9.48982845369059 3.10344571091295 7.53592651948475 6.62253244801292 6.16303372174107 3.4754983175086 7.08052173852073 7.33155297129494 14.5300000520505 29.1087001862078 35.0423969216038 29.1615849027672 25.8224239175613 33.0529259785357 46.6751034253122 61.5715830124069 61.5031372439605 59.6701600718579 63.7087256017631 73.082448175452 85.466545632276 82.2309195568037 69.780018439093 53.9151456704702 36.583775541105 19.5101288111175 8.7953701169929 18.4071801117712 34.0604088885384 29.1554969452205 21.8526765522152 26.9519842245188 40.6560566676704 58.3977296588057 78.817532386504 101.603198770088 126.754152981749 154.391058900566 184.687137563576 217.855756475191
3.10271578783792 3.15347410209759 3.43970264907833 4.86986293536714 3.09626419843954 5.60552218763638 11.6579213151446 11.6292817338755 21.800016772135 20.4990356957314 12.7425793474341 6.16363843520779 3.62596812967752 3.36122447405344 8.13382591571818 15.2060496013825 19.6627514919415 15.676062418885 10.3072098694235 23.0819649876341 40.7359245285286 50.7289382101025 42.235924913706 39.7762501149848 45.5736080486178 57.8284181017813 70.2313311346566 63.6633879625939 59.1525343796663 54.5210361350249 37.4862528617901 20.1672954586619 9.13179264117952 18.179003437167 31.4772550364786 20.017387563056 7.89376252541928 16.8556089837188 34.1106756843361 53.4636958823091 74.7307224063931 98.0158429895528 123.481880521653 151.321566915896 181.748600286009 214.999307988337
5.15683981062958 5.54738055420123 12.8028787930551 15.8522282627984 11.1305391327319 13.1005961595966 21.1659561942202 19.9178629407639 28.0438083063274 33.7868842457378 22.2221928634117 8.27162156732555 9.2156046762538 8.2798184287505 3.45178992158534 3.83750842598729 9.54893623070382 13.5002915897811 11.4221601161113 23.9557129137632 40.6423105311042 38.5486624767964 25.4215813432028 21.6043461333298 30.1696510297231 45.502027442044 55.5747553660943 44.8736447992259 39.0874511565891 41.5801309185736 42.3779195275669 27.939929044842 16.1445938742115 16.6693448050604 28.6546317339968 24.0853643245149 14.9179706289501 21.454651409357 36.8736488209048 55.4964863545031 76.393033685531 99.4631498866724 124.794791810733 152.544571153648 182.911889908072 214.350533819417
10.361828145786 9.83887692317663 9.52649524601605 18.9814505922672 20.1317285339849 25.6788785842326 17.3131579756149 7.62496938100432 18.9427381498837 31.8775483849581 19.0624613182301 5.74453677978229 10.6156244641854 9.84322814829818 10.2859921650483 7.00288961682659 2.66462832594144 7.85333440616492 15.128591637392 26.023096880198 33.4576676313592 29.9898938391206 15.0168070420488 8.12326841920577 21.7689413570864 39.7875303479244 44.6895611882357 29.6028141116014 20.9780965558272 24.9815100233178 34.5484128615564 27.2055823023405 11.4424817284961 10.5382340209269 26.2097029103763 36.3831580528513 32.2301983896491 36.0973826781404 47.7176355404482 64.063140046335 83.6164942580625 105.852334117282 130.64319652314 157.343449337806 179.271527622346 193.263587036383
7.59855440534625 8.86552784028058 16.6507075779547 9.21591124583603 12.0788436977305 27.1485634135771 19.182947883311 7.41967358233779 17.1961607406995 32.6004176971022 25.2951773323346 13.9229501093983 7.72483132360705 11.8357737124634 12.1467369603401 17.9880804483013 7.96673807774752 3.02199117660584 4.64137903072469 12.9704943476069 16.655197599276 19.1546684414859 18.87218825677 15.6240420076354 25.9445189710891 42.3498242652907 39.559257564884 21.538379340417 7.86733260102949 14.1437274869344 18.3653768013862 23.3925841763708 22.8882925606425 22.8083655600894 32.2498527357126 34.4555592099059 35.991796128462 44.8188920998754 58.4748438961004 75.374907748636 94.7888649979646 113.558787623802 129.661729262458 143.647855583737 152.799651859773 164.373735418571
8.39784606930897 17.5124310868354 23.0988485679866 17.9489134273422 19.7307267352195 32.4578251300601 28.937046888634 21.9007770018928 27.2981760028093 39.6695219279461 36.4568877925746 20.7647690197556 6.74962588390815 6.88099512460479 6.86463769968913 21.2189244175703 19.6463099984638 7.53675333836523 4.20973749094577 3.30743416224462 6.30660824783624 6.79124067867093 12.4747818625624 23.4285612789674 32.2441889966086 41.0018227385729 40.6756835628379 26.1745796121398 16.1062549703313 13.2151816693427 5.27895505730723 11.8679744012267 18.2035115799259 19.3982313380141 25.2669920803461 17.5195944026935 20.1191398690226 33.7724925895507 51.4622248546147 70.7356001664503 88.1962899039174 96.7644294859068 107.621587475365 117.980756277971 126.282214584351 138.4756089398
16.8026192757273 9.46218244061544 14.8427394541727 27.6762329109925 33.9104609416019 45.0056296136262 44.9715360127391 39.9972259242808 37.0857654754052 31.2395345737773 31.5464308471872 28.080720596316 12.6842090402075 6.1396745889441 5.0932445965606 16.5949689336892 26.1639866804629 16.1614922524859 7.76029831204272 3.5158837080462 3.06246486255037 4.31353151254189 4.40212695005263 10.4101450917478 17.6688557348039 24.0171254864779 29.2334406717405 29.127871176627 28.5891829043842 21.6566419483746 12.5083317039046 6.37486997234637 8.98466429962613 7.86752554778067 13.169709892429 8.67151319533411 12.4779838433922 26.9783981942201 42.9459944443057 60.0795245427375 67.938083212005 75.1666844834101 86.3848133903761 93.6234819390557 102.510347615417 115.28098988581
25.1383579918506 13.6815384983087 14.0111886472172 15.9076845027236 28.0768132917308 45.3011518036229 58.468163583539 45.7539941691748 28.2619187779615 15.0415094034451 16.2387935528012 27.9391953556001 18.6714604965195 5.24256722832777 6.01090080609987 14.7640023738034 26.0623981037109 12.976735890652 4.83373960313088 6.30285149452865 2.52345520179011 11.0261409995227 12.0879145445973 3.98052077738151 4.31066907768218 8.29434243049312 11.9165764983753 12.6552923039542 16.6618254325955 19.42607924449 16.9112158943776 15.7886019611285 7.28476775094063 7.45264707987494 10.7233652007681 7.13781477451218 7.51437734470844 19.1859288707243 36.6072657814764 45.3525097149921 47.6053665879396 56.3675143052272 65.7023918189018 71.5310511372367 81.4217738582438 94.6762999554696
