0.0234409 0.0154376 0.2394 0.721721
9.999E-05 0.0334282 0.144227 0.822244
9.999E-05 0.0305341 0.212212 0.757154
0.0275907 0.0275927 0.0566092 0.888207
0.0106165 0.0124192 0.11994 0.857024
0.0401212 0.0136051 9.9991E-05 0.946174
0.0471775 9.9991E-05 0.0964488 0.856274
9.999E-05 0.0520547 0.00591451 0.941931
0.0584577 0.0198641 0.252474 0.669204
0.0402601 0.033012 0.286731 0.639996
0.198639 0.0565189 0.0574557 0.687387
0.0621851 0.0374562 0.286646 0.613713
0.31888 0.0722411 0.0576415 0.551238
0.0854996 9.9991E-05 0.277767 0.636633
0.0171761 0.0511793 0.287967 0.643678
0.00169348 0.0153751 0.131719 0.851212
0.00360784 0.00974351 0.250795 0.735853
9.9991E-05 0.0342633 0.0851058 0.880531
0.154928 0.0544451 0.63337 0.157257
0.0216698 9.9991E-05 0.720525 0.257705
0.00696767 0.0074193 0.732458 0.253155
0.061212 0.0274591 0.904685 0.0066437
0.00845019 0.0547092 0.936741 9.9991E-05
0.00894419 0.0432891 0.851248 0.0965185
9.9982E-05 9.9982E-05 0.748139 0.251661
9.9991E-05 0.0251096 0.969133 0.0056575
0.0720492 0.0304693 0.897381 9.9991E-05
0.0473662 0.0474524 0.905081 9.9991E-05
9.998E-05 9.998E-05 0.9997 9.998E-05
0.0549767 0.0100067 0.910976 0.0240408
0.0209911 9.9982E-05 0.978809 9.9982E-05
0.0529262 0.0270332 0.904146 0.0158942
9.9991E-05 0.0620435 0.907676 0.0301802
9.9991E-05 0.0976452 0.204418 0.697836
9.9982E-05 9.9982E-05 0.335754 0.664046
0.0714625 0.0033744 0.139253 0.78591
0.0248748 0.0315104 0.0896456 0.853969
0.149875 9.9991E-05 0.0920266 0.757999
9.998E-05 0.9997 9.998E-05 9.998E-05
0.0318198 0.0398598 0.863361 0.0649595
0.0870612 0.00324935 0.165978 0.743711
9.9982E-05 9.9982E-05 0.213915 0.785885
0.150358 0.0168108 0.375846 0.456986
0.33193 0.0603668 0.136642 0.471062
0.297626 0.0107694 0.0558162 0.635789
9.998E-05 0.9997 9.998E-05 9.998E-05
0.0955336 0.0906203 0.229628 0.584218
0.25042 9.9991E-05 0.161621 0.587859
0.127441 0.0465604 0.383176 0.442823
0.835118 0.0101313 0.09136 0.0633904
0.868651 0.0156668 0.024537 0.0911449
0.867687 0.0016372 0.0147979 0.115878
0.80416 0.0464408 9.9991E-05 0.1493
0.847254 0.0682373 0.0844088 9.9991E-05
0.885922 9.9982E-05 0.113878 9.9982E-05
0.734526 9.9991E-05 0.010077 0.255297
0.858872 0.0230745 0.0594127 0.058641
0.885679 0.0457492 0.0684721 9.9991E-05
0.841209 0.071731 9.9991E-05 0.0869601
0.736035 0.0308635 9.9991E-05 0.233001
0.907125 9.9982E-05 0.092675 9.9982E-05
0.767904 9.9991E-05 0.061662 0.170335
0.534405 0.0758407 0.00737243 0.382382
0.020484 0.0291313 0.825866 0.124518
0.0459144 0.0320675 0.860406 0.061612
9.9991E-05 0.0251842 0.906001 0.0687147
0.771573 0.0301016 0.0663098 0.132015
0.675311 0.0994593 9.9991E-05 0.22513
0.80484 0.0229642 0.0739504 0.0982456
0.857853 0.0560668 0.0486882 0.0373925
0.918369 0.0536028 9.9991E-05 0.0279287
0.340936 0.0083999 9.9991E-05 0.650564
0.302693 0.00482795 0.0327129 0.659766
0.341644 0.0103642 0.0214741 0.626517
0.304277 0.0405708 0.0693174 0.585834
0.250011 0.0240785 0.168839 0.557071
0.336615 0.042522 0.0395705 0.581292
0.278236 0.0092156 0.142668 0.569881
0.766135 9.9982E-05 9.9982E-05 0.233665
0.570667 0.124026 0.0818112 0.223496
0.835881 0.0257301 0.0910356 0.0473534
0.820185 0.0479063 0.131809 9.9991E-05
0.785742 0.0417492 9.9991E-05 0.172409
0.050488 0.0261655 0.735177 0.188169
0.476317 9.9991E-05 0.111688 0.411895
0.430647 9.9982E-05 9.9982E-05 0.569153
9.998E-05 0.9997 9.998E-05 9.998E-05
9.9991E-05 0.0131857 0.269906 0.716808
9.9991E-05 0.0263798 0.186689 0.786831
0.00708491 0.0568838 0.194367 0.741664
0.12644 0.0397149 0.301396 0.532449
0.0706828 0.00838923 0.131238 0.78969
0.449547 0.00655356 0.0443928 0.499507
0.0525084 0.0233111 0.640685 0.283495
0.34321 0.110618 9.9991E-05 0.546072
0.154672 0.0368308 0.344986 0.463511
9.9982E-05 9.9982E-05 0.244149 0.755651
0.0255459 9.9991E-05 0.0636027 0.910751
0.0225947 9.9991E-05 0.22688 0.750425
0.0881622 0.0136799 0.123373 0.774784
0.0549303 0.026203 0.064851 0.854016
9.9991E-05 0.00425137 0.122332 0.873316
0.431007 0.0466193 0.039234 0.483139
0.352755 0.0911205 0.052814 0.503311
0.42426 0.0952766 0.0172048 0.463258
0.122376 0.0194526 0.278049 0.580122
0.249713 9.9991E-05 0.167934 0.582253
0.0416529 0.000690056 0.478909 0.478748
0.798709 0.0301999 0.0260172 0.145074
0.851256 0.0500028 0.0523209 0.04642
0.389114 0.00967979 0.209145 0.392061
0.321748 0.0389235 0.129219 0.510109
0.30488 0.072631 0.348165 0.274324
0.0136111 9.9991E-05 0.895491 0.0907977
0.779815 0.0617783 0.097744 0.0606624
0.78793 9.9991E-05 0.0678445 0.144126
0.63271 9.9982E-05 9.9982E-05 0.36709
0.0324766 0.0777292 0.542433 0.347362
0.0389268 0.009485 0.326095 0.625493
0.0319885 0.0104082 0.0747703 0.882833
0.0540691 9.9991E-05 0.173313 0.772518
9.9982E-05 9.9982E-05 0.458807 0.540993
9.9991E-05 0.0243705 0.165078 0.810452
9.9982E-05 9.9982E-05 0.146234 0.853566
0.0198978 0.00999731 0.0228421 0.947263
0.0114705 9.9991E-05 0.451285 0.537145
9.9991E-05 0.0185538 0.156836 0.82451
9.9991E-05 0.0645625 0.201437 0.7339
9.9991E-05 0.0341231 0.0804752 0.885302
0.115831 0.00381055 0.292052 0.588307
0.0266003 0.0509397 0.0507903 0.87167
0.0598592 0.0350011 0.263737 0.641402
0.0286824 9.9991E-05 0.167328 0.80389
0.0372638 0.0118269 0.87346 0.0774493
9.9982E-05 9.9982E-05 0.99241 0.00738985
9.9982E-05 0.0128487 0.986951 9.9982E-05
0.0688821 0.00593184 0.867893 0.0572929
0.0324157 0.0183026 0.890118 0.0591641
0.12871 0.0111797 9.9991E-05 0.860011
9.9991E-05 0.0435584 0.164655 0.791687
0.9997 9.998E-05 9.998E-05 9.998E-05
0.863152 0.0570901 0.0585497 0.0212083
0.914682 0.00727452 9.9991E-05 0.0779435
0.770547 0.00681316 0.0677444 0.154895
0.962256 0.0338906 9.9991E-05 0.00375378
0.864423 0.000679518 0.134797 9.9991E-05
0.945051 0.0421643 9.9991E-05 0.0126846
0.889403 0.00701343 0.0804768 0.0231066
0.898158 9.9982E-05 0.101642 9.9982E-05
0.905266 0.0179008 0.076733 9.9991E-05
0.900468 0.0385571 9.9991E-05 0.0608753
0.8368 0.0213581 0.118035 0.0238067
0.863032 0.00181867 0.0214247 0.113725
0.913466 0.0425359 0.0438983 9.9991E-05
0.936668 0.019784 9.9991E-05 0.0434484
0.920342 0.0391072 9.9991E-05 0.0404507
0.895781 0.0135505 0.0755918 0.015077
0.378644 0.00353907 0.0751011 0.542716
0.228629 9.9991E-05 0.0373469 0.733924
0.937872 9.9982E-05 9.9982E-05 0.0619278
0.709401 0.0294615 9.9991E-05 0.261037
0.943302 9.9982E-05 0.0564977 9.9982E-05
0.368202 9.9982E-05 9.9982E-05 0.631598
9.9991E-05 0.0277659 0.0240777 0.948056
9.9991E-05 0.0289477 0.328504 0.642448
0.0279685 9.9991E-05 0.541727 0.430204
0.0131166 9.9991E-05 0.702046 0.284738
0.017065 9.9991E-05 0.852046 0.130789
0.0575033 9.9982E-05 0.942297 9.9982E-05
9.9991E-05 0.00573728 0.833308 0.160854
0.0198487 0.0286059 0.862689 0.0888566
0.0803828 0.0412499 0.795198 0.0831688
0.0644382 0.0650941 0.823134 0.0473337
9.9991E-05 0.0161181 0.169401 0.814381
0.0906439 0.0693953 0.0656661 0.774295
0.0524508 0.0406949 9.9991E-05 0.906754
0.0371245 9.9982E-05 9.9982E-05 0.962676
0.00811156 0.0169964 9.9991E-05 0.974792
0.0919035 9.9982E-05 9.9982E-05 0.907897
0.0465364 0.0301554 0.271932 0.651376
0.071644 0.0248667 0.30152 0.60197
0.00824908 0.0619037 0.113043 0.816804
0.0677944 9.9991E-05 0.228923 0.703183
0.0415965 0.0427043 0.125685 0.790014
0.0842311 0.152732 0.719853 0.0431835
0.835536 0.0317997 0.053657 0.0790075
0.856279 0.0357843 0.107836 9.9991E-05
0.925276 0.0241017 0.0216768 0.0289455
0.776969 0.0128051 0.0470553 0.163171
0.851404 0.0293475 0.0846633 0.0345852
0.136663 0.0450347 0.256087 0.562215
9.9991E-05 0.048062 0.342872 0.608966
9.9991E-05 0.0678282 0.175165 0.756907
9.9991E-05 0.0461208 0.28285 0.670929
