0,46.5718236085589,46.6786678421017,44.1955064830602,58.6479418137521,58.7949552704918,64.2033157896059,56.5945050280378,81.8956411100493,83.1031234424223,101.458949480759,71.7020294311187,73.599032189806,75.1432284021989,91.8437594014975,78.6221176925316,71.1027358580057,73.5617945884197,71.7143473578828,66.5084787630006,47.5506508920327,51.7551892716668,49.2696437689291,113.294567867744,123.275457530161,147.601350363431,111.806334664557,113.496386994417,80.0441296778143,77.6070998829625,78.5390456361988,87.9173142908978,99.5008897887426,52.8863392263944,74.1515489022076,77.4379941274435,65.56273368536,97.0574321897495,95.3820366054496,96.6166289533363,107.921567569012,112.60696881113,118.40350904209,116.873255990281,103.467526963922,107.400337814904,111.397607353494,106.053643778745,106.207493484855,102.782518792199,104.567404133063,57.6531060598283,55.9847260068506,56.6677032063701,56.8829199653151,56.6474204278502,52.7331839147281,53.5406545195525,60.3796878665749,48.6461067533043,49.0317052623248,49.4409038554241,48.7464244340487,123.641477618883,75.4676220226344,70.5042086790552,108.24242516053,109.966262220537,108.806267930412,102.72106270929,100.040760057224,110.19896786711,101.322694425105,104.974494321807,100.944760222667,71.3001562089258,68.6761103637096,114.028357419749,57.0455957003817,67.365200488594,75.7148974604194
46.5718236085589,0,52.4366964465287,43.302494964394,52.9074946518686,62.0515563836985,66.8524770230431,55.9524410591942,84.4165221538473,85.6282328530373,104.989980768305,74.2644453042938,76.1537425629752,77.6907636656766,95.5231948055875,82.2347828641715,74.324678080579,76.7985302472571,74.9228375038348,69.7616185296303,51.4513186395655,55.7196467685459,53.2326375666704,116.50714390407,126.908800239373,151.218151134927,114.82305860757,116.570015786616,83.8405698746724,80.0834936981554,81.0040068566988,90.427658244643,103.114363532708,56.9156075588468,77.7493375285946,81.0354127002831,68.1413333942854,100.613368116243,98.9403208717246,100.172380702216,111.462515868787,116.147100363888,121.94097943749,120.410058892847,107.006714301705,110.945190895748,114.938101819865,109.596131304827,109.748045614727,106.32379139427,108.114783184572,61.1317583848402,59.4855875467373,60.1883575425676,60.2722112109732,60.346295235362,56.4270142847914,57.2021789686687,64.255813325074,52.691060632967,53.212776351631,53.6490140997355,53.1576606887974,126.700584167084,77.833188020869,73.3849970747854,111.812669013643,113.538559618763,112.377546082788,106.291201105699,103.568815965864,113.727293866908,104.857651556912,108.51014010916,104.46644157104,74.5279565916137,71.9148725464528,117.525710976158,60.4820819747074,71.9046687632872,78.1830850166053
46.6786678421017,52.4366964465287,0,55.2847184285308,65.0957553484041,48.9485122471066,60.1807777561624,49.341036043956,85.9156098521297,87.1026424843675,104.734403211355,75.8669329651554,77.7601910343665,79.2505323969832,95.1786922523203,81.8577524710015,76.1677037278121,78.6002198789766,76.7500773507033,71.568669678967,52.4593127857647,56.4691179691353,54.0691451299016,116.175668594242,126.716536929374,151.009704833797,114.682470589755,116.341999081017,83.681901656615,81.0148051084664,81.9277709286517,91.555020292196,102.876995479104,57.2927770370301,77.3461862398964,80.6079353167931,69.7846036748511,100.357628930216,98.6857263670955,99.9183716322462,111.200556364863,115.886306836268,121.678385137614,120.148752063582,106.751264417754,110.690613032443,114.683453038943,109.341060901308,109.493639452408,106.068742103035,107.860791193662,62.7414217816161,61.0831293237597,61.7356236009791,62.0054638302534,61.5922738179118,57.7084900724464,58.5503020011334,60.8825326347242,53.5560812395624,53.86692146057,54.3973402736285,53.6064343812637,128.513565452335,76.1292561443865,73.1786463461437,111.568082472849,113.2950242695,112.133322235956,106.046247824501,103.310613156095,113.468548404049,104.601455320584,108.253740740349,104.207090529469,73.7415961915896,71.1815956595118,117.115216445022,58.8997101664448,71.3973557712706,79.7424984535186
44.1955064830602,43.302494964394,55.2847184285308,0,43.0787185236344,60.8937189357251,63.6228039169626,56.6048484892384,75.1194011675127,76.3527149081514,96.4352247690335,64.8027576534942,66.6971156539735,68.2939172534183,86.9141714511344,73.7145761785082,63.900153896753,66.4086922457728,64.5313669250366,59.3483392850531,41.3440983161807,45.8260207054317,43.2551056078982,108.317910261882,118.201013165414,142.540540923664,106.650992549182,108.421630527052,74.9574965249751,71.4596476208138,72.4037841165389,81.5477547136492,94.4663700885945,47.3432705271299,69.2659229754491,72.5741022081633,58.6157067085246,92.0355436160002,90.3592696030193,91.5931568307718,102.904292830577,107.588582633775,113.386571493471,111.855107586602,98.4442368083976,102.376640699424,106.373679384268,101.03023305104,101.18334936968,97.7590066277033,99.5433467532386,50.7243370958533,49.0711437101193,49.8121452761132,49.8081965811683,50.1399118656947,46.1883132833816,46.9198168426875,57.835157399949,42.637677685588,43.2857649142976,43.6192013065676,43.3048696905621,116.480714940862,71.8267755571004,65.4174152708084,103.211372315509,104.93439265412,103.774955757569,97.6903368755838,95.0192095045164,105.177926395,96.2997943855276,99.9518248048458,95.923816420624,66.7224363733991,64.0531098844177,109.140601941964,53.1401869452982,62.8356085654814,68.8877741052108
58.6479418137521,52.9074946518686,65.0957553484041,43.0787185236344,0,69.2726258865278,71.5143801404316,63.7497027568593,82.1519123025749,83.3908383779289,104.371163397822,71.86536140159,73.7523203454312,75.3459062160505,94.9653510651949,81.7151592248113,71.5778883554736,74.0993699838692,72.1954341789577,67.0551686720072,49.6118501869554,54.1254180874667,51.5598723607369,116.008050207532,126.217659187588,150.544150654462,114.182287859386,116.001032559807,83.0988276486583,78.5016037517412,79.4379033088552,88.5989447734301,102.467337262501,55.6713313825164,77.2554115966211,80.5635441631752,65.6905062004114,99.991203767271,98.3167789304848,99.5486586281799,110.848152569041,115.531784174136,121.327686543604,119.795680740146,106.386636476296,110.323519468247,114.317106830405,108.975242874601,109.12682031453,105.703054095381,107.492220815428,58.6405171393361,57.0090076943486,57.7648399970732,57.6451977348227,58.2427069656359,54.2892310527024,54.9951084087814,66.0157006981034,51.0152709931898,51.7520989820973,52.1241217589576,51.935822775537,124.001056329136,79.1774218529188,72.8563596954324,111.178287887277,112.902928053677,111.742687803742,105.657170494116,102.952822607923,113.11175995341,104.238850909978,107.891428966113,103.852396259224,74.4474655766717,71.7833184098419,117.053106024379,61.0454037942222,71.4666340029129,75.8690572280672
58.7949552704918,62.0515563836985,48.9485122471066,60.8937189357251,69.2726258865278,0,48.9213623877754,45.3325065337712,86.8346845593534,88.0016107749175,104.938762114676,76.9210613645396,78.8114341600779,80.2507363971209,95.4560897589262,82.0268140929627,78.067693163806,80.4780771177957,78.6236836620673,73.4666217420132,54.290200378603,58.134971861324,55.8139167734786,115.954592104148,127.095756252734,151.354611915321,114.452108090833,116.080129095401,84.2780430627012,81.3462624704528,82.2421576262703,92.1066113894805,103.189030530633,58.685790556531,77.4717060915531,80.7079653852947,70.8920478393206,100.5886741336,98.9204765914897,100.150987626451,111.409054481976,116.095120523162,121.882478984593,120.353447827989,106.964543280161,110.910893367871,114.898962112482,109.55828635185,109.70945926395,106.284679459508,108.084394816737,64.6805215476365,63.0327257268639,63.6603726259587,63.9671825923156,63.4236290305504,59.5671241220631,60.4363870615282,58.1620884476986,55.4190111081158,55.6962526520882,56.3371939052952,55.5149983099145,130.233522346863,73.4216022233407,72.7351816171223,111.825950953421,113.556180082868,112.392676645729,106.303628966167,103.509066382278,113.666734798311,104.809408815064,108.462227988066,104.397490148125,73.0472754489083,70.5572651575244,117.121920855651,57.5703226480145,72.603693620695,80.675020776085
64.2033157896059,66.8524770230431,60.1807777561624,63.6228039169626,71.5143801404316,48.9213623877754,0,48.8122492949344,86.2975414734146,87.4461415899593,103.721668598478,76.4978230366429,78.3865720191,79.7816995316032,94.3108712703118,80.7781389514026,78.3487764215062,80.7413285175389,78.8832307706503,73.7463486673319,54.5354436481038,58.2477162668169,55.9933644810751,114.336525939137,126.041225116571,150.268223248568,112.83074246075,114.426344810066,83.4309226188143,80.2934163864136,81.175935839184,91.2453396980309,102.072358978339,58.5726720618547,76.1818812115221,79.3943271716159,70.5140385260925,99.3964484758942,97.7317020028109,98.9602201509277,110.195814071536,114.882173852572,120.665131571614,119.136661689506,105.755757325993,109.708629823259,113.692253324868,108.353177072619,108.503039680675,105.078370017719,106.885226813971,64.9966297287325,63.3577105506612,63.9655800258835,64.3000875839164,63.6556820815566,59.8220687466728,60.7131716244278,54.4186317566788,55.7048088629892,55.9704197869898,56.7009444955403,55.8790240134693,130.366346912624,69.2628493328676,70.9139185321543,110.658676758633,112.391964197653,111.226785806866,105.135903093926,102.286465969834,112.443884606664,103.595661742219,107.24897800476,103.16738256956,70.9649419571842,68.5441060165487,115.718523068712,54.8622081759978,72.4443808788718,80.1572870823199
56.5945050280378,55.9524410591942,49.341036043956,56.6048484892384,63.7497027568593,45.3325065337712,48.8122492949344,0,83.1683996229842,84.3402587285694,102.427386233251,73.2964687176234,75.1789314118042,76.6117265147739,93.0982864432517,79.618878473961,75.0251881030108,77.4481733288553,75.5694467745845,70.450923579078,51.838032099269,55.7724950380738,53.4320247752855,113.170546650215,124.660564126855,148.908548963489,111.438727861875,113.139692611525,81.9757872582614,77.6349027332729,78.5160888309964,88.435519327405,100.746990254275,56.439127455947,75.0573657142037,78.2996302889199,67.2827925475821,98.0996524021146,96.4332779680712,97.6613762234685,108.908129956958,113.593177708806,119.37859340168,117.848647928532,104.460443445219,108.411656247817,112.39583713759,107.057050454998,107.206326510545,103.782349819866,105.58727730583,61.8600822290469,60.2302155955372,60.8775544866064,61.0681522002536,60.8072105608804,56.9412866009077,57.7786242402251,57.4578646432329,53.0727162880308,53.4667545754877,54.0947469538695,53.4413750024451,127.049089844352,69.3860089518544,69.5777603243165,109.347014407432,111.078825943905,109.914577875606,103.824687647139,100.995666840601,111.153710189749,102.301701625268,105.955187600464,101.878658925033,70.3851150259622,67.8929581258884,114.619260637893,55.3713101985625,70.8952378244841,76.9504204453468
81.8956411100493,84.4165221538473,85.9156098521297,75.1194011675127,82.1519123025749,86.8346845593534,86.2975414734146,83.1683996229842,0,37.817992710964,108.618196253408,46.8173539027423,47.8865560276443,45.1968025534192,101.152288612411,87.1807040196605,75.9118049866406,78.1119038114074,75.8300421821838,71.664202244419,60.162937450942,64.4659221636026,62.0853976962203,116.536358065479,131.805537130151,155.920771747246,111.769135465671,114.633930347908,90.5548396852578,65.5027991200327,66.9380565091486,69.7282225179431,107.819147318712,65.6528831977096,82.5879977242261,85.927712162509,43.4526840313011,104.582698618894,102.939002063122,104.135255678295,115.242864006429,119.913363589368,125.675594229527,124.132267442622,110.746557020961,114.760486742712,118.693877555969,113.380236808314,113.504022247823,110.091210231877,111.963251861874,66.6354934456997,65.3644085109126,66.0560097524306,64.9658929310319,67.6696690027914,63.7858157628273,64.3618717896358,76.22012405604,62.0979540813464,63.0720998480441,63.795978336298,63.9177497360923,122.658084409118,86.7154286581625,70.6362919327791,115.952936402565,117.704646487012,116.531148103931,110.430767154191,107.163309226709,117.326949237276,108.541410507525,112.203859046573,107.97687248905,77.2050027587436,74.4129321783983,121.210007992543,67.6131995032182,82.6471738798039,52.5170646839497
83.1031234424223,85.6282328530373,87.1026424843675,76.3527149081514,83.3908383779289,88.0016107749175,87.4461415899593,84.3402587285694,37.817992710964,0,109.638045245537,48.0088503496056,49.4814600228446,46.7442629262579,102.222258346853,88.2316764355938,77.1819571195936,79.3775792519838,77.0991048635362,72.9301059856115,61.3769156323638,65.6666193955112,63.2917203552306,117.4619143734,132.862868091046,156.972103969026,112.623353807009,115.515023373491,91.6611922536706,66.3119561509057,67.7747714078263,70.2148534332936,108.869314062183,66.8321239367773,83.6352624610825,86.9755188929569,44.5330317179616,105.611962628081,103.969117120193,105.164405152902,116.266698918622,120.93684999926,126.698146956694,125.154521621421,111.769497056285,115.785541883164,119.717285768871,114.404412971362,114.527444555554,111.114926156669,112.989244169373,67.8831739731853,66.6106054747406,67.2994908931693,66.2223224089395,68.8935946271623,65.0120257601604,65.5921272480148,77.3332981587739,63.3093768636891,64.2781255151944,65.0069550915877,65.1224658095589,123.922674052317,87.8060162693879,71.5300257411677,116.987337062943,118.739799992944,117.565930470766,111.465134077935,108.18214096662,118.345905948845,109.56277516677,113.225492081158,108.993346346857,78.1937614798879,75.3981120296173,122.226904496327,68.6770115741876,83.8181891309327,54.6475425267995
101.458949480759,104.989980768305,104.734403211355,96.4352247690335,104.371163397822,104.938762114676,103.721668598478,102.427386233251,108.618196253408,109.638045245537,0,99.0923557206272,101.025827126345,102.239342448038,89.4103358904209,70.8683063332219,101.831629085691,104.084847205758,102.309296647818,97.112557376628,76.1632688621802,78.4907062487078,77.0397209244747,115.90289637146,96.9888699294864,116.789587776747,121.484823700545,121.858535621688,85.5925541075216,101.239183401657,102.259169525643,112.145365023434,74.9408862155867,76.4665784743498,67.4359214246826,72.7830052159733,93.2454249811196,48.9573269951203,47.6019238341536,45.8441615695647,59.7611001184531,62.0527188269043,69.6424391701795,65.5533749411339,38.3224271677857,46.252125049602,44.1178876839811,43.6250844655479,37.7383995521268,38.7099580338837,44.7947695039519,87.7340695309026,86.1029691064275,86.4663566168605,87.4681186713908,84.7875511114511,81.3097745171846,82.5425570094618,90.1758821622516,78.1099382276417,78.6285438033307,80.119421550899,79.7895923880416,153.720569497654,104.391324403374,87.4658462292952,60.5706939333664,63.3688586551924,61.820852136869,55.282456202207,37.3461803426333,49.2770457922634,34.3956244736898,39.8573931674912,41.2286002928852,85.4889215657655,81.6729321973192,105.766369794556,78.0933199512476,95.1206304661533,103.016420690275
71.7020294311187,74.2644453042938,75.8669329651554,64.8027576534942,71.86536140159,76.9210613645396,76.4978230366429,73.2964687176234,46.8173539027423,48.0088503496056,99.0923557206272,0,24.3103253157147,32.0778059212836,91.4226687820772,77.5446300059248,64.212790328013,66.3355058141212,63.9965902168718,60.000347349485,49.5994437088246,53.9880202623424,51.5766964484198,107.486339425752,122.103486932276,146.248257345611,103.032275396406,105.794582420987,80.6264683229019,58.2412863942092,59.6204960881607,63.3354739788089,98.157809485477,55.317833279937,72.9747194831055,76.3172309502102,23.6423572893262,95.0162875099902,93.3686377165233,94.5689260384187,105.701460767063,110.373172360162,116.139897087586,114.597532942617,101.207372870677,105.211966404102,109.152475023332,103.835628586695,103.962498764986,100.548581195669,102.410546142347,55.572018792807,54.3584926184871,55.0533635364817,53.7737179859537,56.9348201771874,53.040246309689,53.5732219509089,66.5100557660831,51.5849018104543,52.6093153724307,53.3157381694285,53.4949215089658,109.84779673743,77.3504933804246,61.9752230719501,106.361732605568,108.109949842194,106.938211688995,100.839792048533,97.6425445862188,107.805788476149,99.0092054821139,102.670549315405,98.4665876849132,68.0229314217349,65.2312966359658,111.739252909652,58.1180310299724,72.4407250586301,46.8931014674585
73.599032189806,76.1537425629752,77.7601910343665,66.6971156539735,73.7523203454312,78.8114341600779,78.3865720191,75.1789314118042,47.8865560276443,49.4814600228446,101.025827126345,24.3103253157147,0,32.2384575913184,93.3506120955693,79.4728749228683,66.2714043659207,68.409756707686,66.0759797063246,62.0577650770989,51.539334334697,55.9258247352934,53.514655633948,109.420190569289,124.035551469297,148.180397473423,104.971704971288,107.730282809337,82.5560943898901,60.0615320120574,61.4317573196534,65.2313538670856,100.089351705392,57.2515704220373,74.9025191111195,78.2444135635797,27.7615393503773,96.9489937532911,95.3013064783476,96.5016873848203,107.634430027529,112.306202007627,118.072950672972,116.530646597484,103.140595908229,107.145042158133,111.085682266866,105.768761973956,105.895711532994,102.481752427203,104.343562036268,57.5570698525478,56.3364192773328,57.0329916192653,55.7702832269237,58.8912604334461,54.9964850706442,55.532496841488,68.410186047784,53.519794270392,54.5413393225495,55.2465617219296,55.4225902559909,112.077312306937,79.2257471481294,63.8859109859962,108.294317053642,110.042500804171,108.870774875648,102.772369932926,99.5760223108335,109.739240350826,100.942535425783,104.603851738958,100.400221875119,69.9363701173656,67.1466697703078,113.668319801058,60.0231987176566,74.3635387876012,47.9635299858644
75.1432284021989,77.6907636656766,79.2505323969832,68.2939172534183,75.3459062160505,80.2507363971209,79.7816995316032,76.6117265147739,45.1968025534192,46.7442629262579,102.239342448038,32.0778059212836,32.2384575913184,0,94.6598711244706,80.7419227568376,68.2581493035802,70.4122089383002,68.0964749504283,64.0314332383126,53.1842301840508,57.5375971576972,55.1390488738241,110.431742380373,125.32650321432,149.458632728317,105.842123377557,108.650246091167,83.9471950119788,60.5717993819071,61.9768684457433,65.3326792969155,101.363795213141,58.8086283629686,76.1626225642552,79.5043409026021,31.5000242027164,98.1810682469772,96.5351274058862,97.7336354629127,108.855414992598,113.526569679104,119.291364840263,117.748550100841,104.360210407941,108.368879454914,112.306267996552,106.990836633782,107.116339534695,103.702920814191,105.569282104145,59.359651929425,58.122818463098,58.8162911112837,57.613589177111,60.5888484384927,56.6987382889995,57.2492759807766,69.7527275376434,55.1495167483049,56.1536146470507,56.8674243361976,57.0234635710033,114.343115786616,80.4627252834993,64.7773332430142,109.537158304406,111.286886129597,110.11438972991,104.015124534139,100.787366271878,110.95079650508,102.158998617262,105.820831538987,101.60684137371,71.0387764106755,68.2456619320967,114.865866081768,61.2693658221889,75.8807701523748,48.7383693813454
91.8437594014975,95.5231948055875,95.1786922523203,86.9141714511344,94.9653510651949,95.4560897589262,94.3108712703118,93.0982864432517,101.152288612411,102.222258346853,89.4103358904209,91.4226687820772,93.3506120955693,94.6598711244706,0,56.5584200290792,92.4486779332739,94.7023984104239,92.9649264949489,87.6931452480891,65.9114916579085,68.0196352267853,66.6607799527132,114.827701872069,111.083233670354,135.072575094315,118.533574021559,119.069064347109,70.0698502780246,94.497691270474,95.4835756292553,105.343867188155,85.1332364382909,65.5495247014142,55.9363208054259,60.5047686382703,85.4832797959981,84.1328503455959,82.4242808762109,83.7806400824484,95.2853798553518,100.045700041034,105.8704551767,104.412952656566,91.1503006637893,94.9247613324313,99.0691867834116,93.6386976572474,93.8875814052272,90.4104252974822,92.0300421245245,77.9907823620412,76.3290477729779,76.6723552563499,77.8311415895958,74.7692018082624,71.2973069489451,72.5724744823411,80.5619690372615,67.8198232091295,68.2665960873049,69.854984259305,69.4643071834598,144.698528284884,95.6317218257398,81.4341386360158,95.3686722302983,97.0748209112941,95.9140400049917,89.8304424853896,88.0001651207843,98.1302325671826,89.1201285191059,92.7405581414225,89.0857774805944,78.2461346740694,74.6669920159558,103.711206802775,68.6147795205835,84.2274398600084,95.4087345789571
78.6221176925316,82.2347828641715,81.8577524710015,73.7145761785082,81.7151592248113,82.0268140929627,80.7781389514026,79.618878473961,87.1807040196605,88.2316764355938,70.8683063332219,77.5446300059248,79.4728749228683,80.7419227568376,56.5584200290792,0,79.3762649717182,81.6346807107582,79.8757462067619,74.6425815279272,53.2854507832235,55.5351533447045,54.1029701346058,98.1332016172725,94.5602332828992,118.068999552095,102.756604821404,103.125547492195,61.4615515640063,80.1599429323521,81.151538422272,91.0880895561709,67.5616903879123,53.3224320948187,27.3533532897806,34.9771237374973,71.6459261578174,65.6081842256663,63.9401500847928,65.3137403065341,76.5430456170118,81.342274701966,87.1064416335579,85.691681660667,72.6214653834431,76.4293990795638,80.5672668908811,75.1251807525431,75.3934617238786,71.8964570627523,73.5560720040625,65.1196704918955,63.4710731355369,63.835072598531,64.892596821385,62.1002548907881,58.6039982645332,59.8431635921592,66.9114757752429,55.1610004158926,55.6129452833081,57.1391196657592,56.7412109491935,131.454820228739,81.6848153589661,66.4468448047871,77.2205838959976,78.9621468199633,77.7787919868938,71.6710960546211,69.3747569302189,79.4880171569437,70.5634420708552,74.1780595694572,70.4221187271608,63.032755565955,59.2749635177378,83.4388210598126,54.5401003042051,71.6222445714109,81.4791222205221
71.1027358580057,74.324678080579,76.1677037278121,63.900153896753,71.5778883554736,78.067693163806,78.3487764215062,75.0251881030108,75.9118049866406,77.1819571195936,101.831629085691,64.212790328013,66.2714043659207,68.2581493035802,92.4486779332739,79.3762649717182,0,38.1217902365472,29.0366064669978,28.0917549900586,43.143633106882,48.3078089498327,45.678565799356,114.283487919701,123.28730141256,147.695011040575,112.396802502428,114.311280612496,79.8779945318129,75.4701282199196,76.5259956142132,84.3855729942091,99.714010725053,51.0322779703418,75.0091957193906,78.384066599929,57.4127804724858,97.4027687385567,95.7203816601544,96.9555388648025,108.307223468265,112.989124556792,118.795435570713,117.261064671983,103.830503163865,107.753621193232,111.756064697324,106.411463111858,106.564961275215,103.141624220351,104.915613486665,40.1415133285669,40.2248784330726,40.7959371212039,35.6138092413782,47.3720249081171,43.4273440896581,43.2976415176473,68.520135999456,45.9975592783244,47.6232315974425,48.3552697159487,49.1846223450161,96.3368577778087,82.2292807976053,71.6373352777608,108.528794406331,110.246267255479,109.090082723433,103.00897847972,100.42668161339,110.586626136447,101.693267574083,105.345059916787,101.342164902344,73.7305267441638,70.9326599240348,114.990002004779,61.501798463509,69.9319464139929,70.3202477569108
73.5617945884197,76.7985302472571,78.6002198789766,66.4086922457728,74.0993699838692,80.4780771177957,80.7413285175389,77.4481733288553,78.1119038114074,79.3775792519838,104.084847205758,66.3355058141212,68.409756707686,70.4122089383002,94.7023984104239,81.6346807107582,38.1217902365472,0,30.1103194186827,24.3588471284766,45.3586220739053,50.5128760454711,47.8973437016806,116.563742903097,125.526905702708,149.937393209989,114.680630750304,116.595611376447,82.1113065990839,77.7577993469052,78.817180065713,86.6410597440181,101.959556970508,53.2544810916121,77.2702111014689,80.64696112951,59.4970815360136,99.6541127620788,97.971448351046,99.2067430637716,110.560230540879,115.242093752995,121.048757658758,119.514327927908,106.083087259973,110.005699090613,114.008480014763,108.663763513424,108.817351071518,105.394015086332,107.167448412704,41.2935020571974,41.8027965823615,41.984393857086,37.1610897541997,49.1938669508738,45.2917513617291,45.1186691422155,70.8709880220391,48.2766200030531,49.9172604279182,50.6760985649168,51.5151604668296,90.5172798257702,84.5872735957074,73.9360277496315,110.778052177429,112.495273881419,111.339229652503,105.258278413348,102.680346228546,112.840315479137,103.946237673583,107.597994870466,103.596408919802,76.0303997663542,73.2298642117203,117.256680260938,63.8199572079771,72.2435830034743,72.5817041477486
71.7143473578828,74.9228375038348,76.7500773507033,64.5313669250366,72.1954341789577,78.6236836620673,78.8832307706503,75.5694467745845,75.8300421821838,77.0991048635362,102.309296647818,63.9965902168718,66.0759797063246,68.0964749504283,92.9649264949489,79.8757462067619,29.0366064669978,30.1103194186827,0,23.8478032166732,43.8244509806789,48.9651592955288,46.3465482572297,114.678109712464,123.795531871791,148.198219960492,112.735174059305,114.668555887656,80.4279990972586,75.6274956902267,76.6904822183595,84.4592728105372,100.215748954054,51.6616702709736,75.5048765681826,78.8795708705016,57.1331503551442,97.8877316637181,96.2060357139137,97.4404575068389,108.787796561525,113.469460094414,119.274993765792,117.740428099678,104.310566949957,108.235348209889,112.236513518273,106.892495361725,107.04542767552,103.622300357828,105.39808278816,40.6231133070955,40.8544513332398,41.2609736622058,36.333654705744,47.9751308749341,44.0496811270507,43.9202546835205,69.0410919175945,46.6800645488363,48.2956419989392,49.0365443204885,49.8524454376105,91.7257473610906,82.6827211903264,71.9708428444613,109.018021556815,110.736104018715,109.579615073366,103.498170966399,100.903481637157,111.063506566817,102.172089660152,105.824084025818,101.817101018333,74.1537175980003,71.3553907611543,115.46004665953,61.9821789019986,70.5489465930457,70.3172950155906
66.5084787630006,69.7616185296303,71.568669678967,59.3483392850531,67.0551686720072,73.4666217420132,73.7463486673319,70.450923579078,71.664202244419,72.9301059856115,97.112557376628,60.000347349485,62.0577650770989,64.0314332383126,87.6931452480891,74.6425815279272,28.0917549900586,24.3588471284766,23.8478032166732,0,38.1802500209154,43.355627717874,40.7326849859739,109.677141189326,118.522293161149,142.938209300555,107.848785667476,109.745746177112,75.0651113971638,71.1001435326666,72.1534687591951,80.0565840851158,94.9624743228165,46.1287043402273,70.2823370922815,73.6596711147892,53.2146778203491,92.6744080496749,90.9910193227531,92.2270502644029,103.585104989487,108.267187966954,114.074675561832,112.540419916111,99.1083579451562,103.029262011296,107.033344051026,101.688042225508,101.842192639226,98.4186555205669,100.190245437473,34.0292631969011,34.486589291416,34.7812077726591,29.5860200077448,42.0081933970244,38.0926155445875,37.9061246939632,63.8792519992937,41.111694824534,42.7658266885083,43.522321110655,44.3768756138096,88.9591072157823,77.6619122300867,67.1121576257179,103.793796598032,105.510378026973,104.354656774658,98.2740653304002,95.7089872074214,105.868884693918,96.972785081552,100.624340620881,96.6269664099798,69.1207979033277,66.320101202437,110.294679182602,56.8596437513142,65.1503003694499,66.0710039099974
47.5506508920327,51.4513186395655,52.4593127857647,41.3440983161807,49.6118501869554,54.290200378603,54.5354436481038,51.838032099269,60.162937450942,61.3769156323638,76.1632688621802,49.5994437088246,51.539334334697,53.1842301840508,65.9114916579085,53.2854507832235,43.143633106882,45.3586220739053,43.8244509806789,38.1802500209154,0,14.5210388175671,10.0774711337991,90.7212778626595,96.837218639539,121.377860386721,90.0367261930976,91.5806283617812,52.3314171990726,56.8102788996486,57.799200913136,66.714675116925,73.4537122036951,20.1054255333291,49.0358342380713,52.4370212106815,43.3059487117198,71.5602902174976,69.8604066898068,71.1126549252269,82.5750762863586,87.261635312938,93.0881105515462,91.5572632409225,78.1048353361503,81.9874800474432,86.0205090485046,80.6623392303102,80.8287768513678,77.4009867127873,79.1312411889723,26.731185168453,24.8237319022137,25.1522748229611,27.1786872475373,22.6070133240306,18.6159867328462,19.9195467864519,43.8811643869297,13.6831729516016,16.6017461159032,18.5290171337009,20.1045519413247,97.0389949562092,59.206554919843,49.6835567779391,82.5751068238291,84.2771452851366,83.1287997589913,77.0564165189584,74.7813718675936,84.9398801823231,75.9978997369332,79.6450466888414,75.742402716532,49.9682942408199,47.1247958686097,89.6519892203458,36.9376345154461,41.801564397166,54.1905592563031
51.7551892716668,55.7196467685459,56.4691179691353,45.8260207054317,54.1254180874667,58.134971861324,58.2477162668169,55.7724950380738,64.4659221636026,65.6666193955112,78.4907062487078,53.9880202623424,55.9258247352934,57.5375971576972,68.0196352267853,55.5351533447045,48.3078089498327,50.5128760454711,48.9651592955288,43.355627717874,14.5210388175671,0,12.1572125814611,93.6710892935615,98.924493833364,123.507575118804,93.2658800586761,94.7337326305337,54.0607447374169,60.7764920809056,61.762161666978,70.7867034357834,75.6077583068197,19.4264129847897,51.3286154212984,54.746276070399,47.730380956641,73.8387100808886,72.1335196930781,73.3903993929343,84.8866534636111,89.5741395330332,95.4068967856101,93.8766155184723,80.4160879636836,84.2870425489841,88.3287131419283,82.9668581512954,83.1367245424936,79.7078900453355,81.4254749470318,32.032750408271,30.1832309054334,30.4354741992774,32.4746655180989,27.5095350767472,23.7508475654413,25.2047108622626,47.2208979864559,18.9634395381949,20.7215730056563,23.2268763486753,24.1631123291512,102.0188061,62.7483245513306,53.0744164459882,84.8185963120159,86.515949495605,85.370031594616,79.3003380335213,77.1161755350863,87.2744600444825,78.3179349491195,81.9638402262678,78.0904225481864,53.0083335797415,50.1361078351031,92.1265077148258,39.9695958689041,44.4402096186589,58.5083271166432
49.2696437689291,53.2326375666704,54.0691451299016,43.2551056078982,51.5598723607369,55.8139167734786,55.9933644810751,53.4320247752855,62.0853976962203,63.2917203552306,77.0397209244747,51.5766964484198,53.514655633948,55.1390488738241,66.6607799527132,54.1029701346058,45.678565799356,47.8973437016806,46.3465482572297,40.7326849859739,10.0774711337991,12.1572125814611,0,91.87981332299,97.6165874392685,122.173377075616,91.341421564279,92.8435252089731,52.9296314175585,58.5260274813667,59.5123282913693,68.497015481881,74.2541908832866,19.5706968471206,49.8707709657387,53.2759678181306,45.3062327007015,72.4144772987945,70.7123819056723,71.9668423855304,83.443281280898,88.1304562154146,93.9594890168748,92.4291118751613,78.9739807884281,82.8514740747897,86.8884088181847,81.5284963803366,81.6966020208566,78.2682286190195,79.9929197561528,29.4308570525146,27.5596836519065,27.8643244279898,29.8324639580212,25.2186415004497,21.3515325880627,22.7126600759486,45.1324998088454,15.1163713185699,17.3921456461261,20.0438007730219,21.2978078430163,99.4447446874327,60.6162399821083,51.0628387162882,83.415453654899,85.1155587242119,83.9681872199734,77.8968898356378,75.6607384155637,85.8190581840876,76.8709004441068,80.5174510924769,76.627579958633,51.1448249621746,48.289481652721,90.5762040725801,38.0721412862186,42.4900905949684,56.1181569544858
113.294567867744,116.50714390407,116.175668594242,108.317910261882,116.008050207532,115.954592104148,114.336525939137,113.170546650215,116.536358065479,117.4619143734,115.90289637146,107.486339425752,109.420190569289,110.431742380373,114.827701872069,98.1332016172725,114.283487919701,116.563742903097,114.678109712464,109.677141189326,90.7212778626595,93.6710892935615,91.87981332299,0,143.608041474551,166.969700584086,115.20411736329,111.414527386708,108.919844152275,107.185197374535,108.2277977856,118.605295559802,118.657906288264,92.6299768575495,92.9919587647758,96.4495215130748,101.844346305659,112.878992724901,111.341734941475,112.436887909127,122.855041897767,127.504104477581,133.134739358608,131.578271991732,118.358525284407,122.610929079084,126.367273578405,121.129818420068,121.18224659258,117.791778180742,119.921782168389,101.215257119015,99.6436142209456,100.126561049043,100.597813016012,99.3707991326248,95.7208034171779,96.7517896780834,100.593568852568,92.4487980502907,92.9516352605989,94.1737025501375,93.7832756755853,165.31196234762,113.073998834904,89.1101794661561,124.90992799513,126.751947559462,125.532877896582,119.381667923953,114.289562868724,124.456434636189,115.973958683115,119.661682729924,114.824338832597,88.3280038652108,83.6671167983364,126.204390459827,87.2515966091161,109.452904714803,111.135088094918
123.275457530161,126.908800239373,126.716536929374,118.201013165414,126.217659187588,127.095756252734,126.041225116571,124.660564126855,131.805537130151,132.862868091046,96.9888699294864,122.103486932276,124.035551469297,125.32650321432,111.083233670354,94.5602332828992,123.28730141256,125.526905702708,123.795531871791,118.522293161149,96.837218639539,98.924493833364,97.6165874392685,143.608041474551,0,91.5003348712401,147.97991417444,148.509076050589,103.824894271435,125.079848231442,126.083419154229,135.87173634337,90.8489157090654,96.5641120757807,91.5362958519901,96.8070573374055,116.178735399431,89.734134301223,87.3564491704182,88.5339892206368,104.406119278236,108.793656354214,115.473908876486,113.602414915071,97.8620664585469,100.741655696608,105.296887524224,99.8875780809355,99.9926103138097,96.7550580216459,97.3530874093683,108.777604259411,107.126506731929,107.43410804155,108.657791464284,105.349581987693,101.962361220323,103.286357154528,112.67467206727,98.9167141195365,99.4737027553254,101.065918552001,100.792971670391,175.504465781949,127.353474281147,112.186769652041,93.3167606677262,94.143609148135,93.5841559995772,88.1209406820244,96.8449354312576,107.139680678574,96.5411322465383,100.179249036411,98.934907475263,109.952261855806,106.316117501008,132.763977170008,101.15945155873,116.194430094297,126.114570452651
147.601350363431,151.218151134927,151.009704833797,142.540540923664,150.544150654462,151.354611915321,150.268223248568,148.908548963489,155.920771747246,156.972103969026,116.789587776747,146.248257345611,148.180397473423,149.458632728317,135.072575094315,118.068999552095,147.695011040575,149.937393209989,148.198219960492,142.938209300555,121.377860386721,123.507575118804,122.173377075616,166.969700584086,91.5003348712401,0,171.557232704669,172.053314708225,128.70337360337,149.083492535905,150.089138953958,159.898154703469,114.476683041595,121.203259118252,115.017003893596,120.354384331691,140.33643279353,109.578508909623,107.061600836601,108.043117534299,124.889537901007,129.156899741247,136.01659163459,134.02052360664,117.545013744434,120.247221537249,124.819868423234,119.490366901217,119.461378215327,116.356010297752,116.740052453219,133.257921590491,131.609977387938,131.928230611764,133.111724728303,129.918911514981,126.513696271585,127.820557120283,136.856896256742,123.429638084316,123.976976732923,125.551324100242,125.265212062878,199.85662681146,151.466715336023,136.022623467952,109.674841331639,110.004043716455,109.870231140073,104.812250665609,117.01144057757,127.359008362127,116.375345885306,120.037257017198,119.304454563424,133.784434258661,130.1148909138,155.929058715085,125.224509737415,140.637675792727,150.243127223494
111.806334664557,114.82305860757,114.682470589755,106.650992549182,114.182287859386,114.452108090833,112.83074246075,111.438727861875,111.769135465671,112.623353807009,121.484823700545,103.032275396406,104.971704971288,105.842123377557,118.533574021559,102.756604821404,112.396802502428,114.680630750304,112.735174059305,107.848785667476,90.0367261930976,93.2658800586761,91.341421564279,115.20411736329,147.97991417444,171.557232704669,0,96.5052972188844,111.243459928129,101.099302988516,102.182194595772,112.800021100956,123.332875511579,92.6887666271188,97.802246352,101.198096546891,97.5281439662601,118.245975837606,116.678436539764,117.793714503389,128.418871943374,133.064282033934,138.738855448629,137.175475523688,123.873352688406,128.069368542458,131.86338208731,126.612961378888,126.675641885097,123.285112553575,125.353484017074,99.89154525139,98.3600638453885,98.8891173320491,99.099446579244,98.5510602369776,94.8461174341388,95.7915965295774,99.6499684412609,91.7503014592499,92.309053377991,93.4148717578827,93.0743640081893,162.885665402737,110.850817693897,81.3509795879622,130.080975366086,131.89899930131,130.692516931215,124.555265628952,119.930114170444,130.101497111743,121.532079532175,125.216246798901,120.536967767078,88.3377321535681,84.5236769818463,133.302105072577,86.8668878404253,109.239406261779,106.553958549944
113.496386994417,116.570015786616,116.341999081017,108.421630527052,116.001032559807,116.080129095401,114.426344810066,113.139692611525,114.633930347908,115.515023373491,121.858535621688,105.794582420987,107.730282809337,108.650246091167,119.069064347109,103.125547492195,114.311280612496,116.595611376447,114.668555887656,109.745746177112,91.5806283617812,94.7337326305337,92.8435252089731,111.414527386708,148.509076050589,172.053314708225,96.5052972188844,0,112.074737417412,104.350379113418,105.409497782592,116.0203017995,123.796797480658,94.0303222644186,98.117769950281,101.501668806454,100.24352765653,118.631206306706,117.067506314442,118.182359803742,128.779743393358,133.427663020132,139.095702569806,137.535363085653,124.250352415214,128.451073254318,132.242987160506,126.992387690102,127.055870764678,123.664042216195,125.737733794766,101.63216487047,100.087551258657,100.60447312749,100.891776858536,100.146807272604,96.4553358956722,97.4245852493572,101.006340892212,93.2887883564064,93.8252592337042,94.9613836643076,94.5979450722805,164.976777905707,112.558863377469,84.2262513180677,130.494788126589,132.315726328152,131.107549253555,124.968453773014,120.294291773838,130.464110338505,121.90527169911,125.589160515615,120.894115082561,88.4972708329853,84.3693318610219,133.253215481857,87.9135366955886,110.596586237822,109.337321532043
80.0441296778143,83.8405698746724,83.681901656615,74.9574965249751,83.0988276486583,84.2780430627012,83.4309226188143,81.9757872582614,90.5548396852578,91.6611922536706,85.5925541075216,80.6264683229019,82.5560943898901,83.9471950119788,70.0698502780246,61.4615515640063,79.8779945318129,82.1113065990839,80.4279990972586,75.0651113971638,52.3314171990726,54.0607447374169,52.9296314175585,108.919844152275,103.824894271435,128.70337360337,111.243459928129,112.074737417412,0,84.686847852424,85.6690103678124,95.3237966435188,80.4481230158916,50.97667498772,58.2984471029123,62.2524450853723,74.6019353439874,80.3275066072928,78.5639359437517,79.88574678572,91.7559443724424,96.4617687761073,102.364165019732,100.847906074824,87.3201824251133,91.0522864783766,95.2007227147972,89.7900888894038,90.0073923650825,86.56089111987,88.1289094553168,64.9148950319897,63.2286922798336,63.5008537400274,64.9395059631968,61.0867468490196,57.7219193833561,59.1131352342883,70.2302803242757,54.449753262335,54.9708482529796,56.7136193623297,56.4345043753268,132.505707617062,85.6615373453487,73.076664243871,90.9790973102632,92.6292070043561,91.5057116553131,85.4614330362939,84.2955836228535,94.4485852847497,85.3258012583902,88.9551700913044,85.4281719057179,70.7164817441854,67.4140259269073,101.704949452356,59.5118051026967,71.4761841155044,84.7447483135433
