IBR/IBR_outputs/all.combrep_1/Spinifex_Total.VRM_Total.WeatheringIndex_Total/Spinifex_Total.VRM_Total.WeatheringIndex_Total.asc
NCOLS 160 
NROWS 95 
XLLCORNER 210004.651214014 
YLLCORNER 7350008.22228844 
CELLSIZE 4999.99999999997 
NODATA_value -9999 
[rows 63 to 83 of 95, columns 92 to 137 of 160]
35.7054097451456 18.5474257571404 39.7045088136233 42.1907015354449 77.9020817851281 81.6194740928882 52.8265340591443 35.0369412689164 28.9737008488192 12.7354896490093 22.9035571121356 35.5335534754909 48.6549564373052 48.6565520002162 48.66481541411 48.6716095450142 48.6659025068805 48.6561996031894 48.6285942698793 48.6376807528569 48.6314173589825 48.6347239077853 48.6677987151638 48.6522399488583 48.663573798728 48.6663270060424 48.7198255296968 35.4205396893851 27.8191517299243 29.563757769074 38.3017170492675 13.56890712367 15.7147532267491 12.977772041788 14.506906577416 25.2050772696772 25.8751577290916 29.838248592954 25.6066694513931 25.5603507605982 16.1635822671452 16.2337036789703 17.9130585445216 24.290340624032 22.1872414685706 24.0882961137044
45.5653556668378 12.1069317896476 35.1634190714822 29.8751659153178 31.7328281630347 45.5011385203698 80.7104471642203 74.5773341647428 86.9305501687022 48.9585615659155 20.2289315290399 11.786665477337 45.0202395009481 48.6502373747808 48.6653939323218 48.6602255308125 48.6645173806591 48.672770101196 48.6563045570433 48.6278328841057 48.5999446775894 47.5051860352835 48.350424600342 48.635683573959 48.6521474113726 48.6408458379334 48.6838439194493 42.6718709014651 28.7646293428973 28.9158450797327 18.470716179108 19.2860490977789 8.7425994932212 11.4838944221944 17.134368450823 20.3331605381234 24.2135196003873 22.0127644974233 41.454682817221 47.7965657354236 22.5641349990584 20.1707207457318 16.7615195136375 32.0231701992328 26.2035917380315 21.8145296365847
37.0586845561172 23.4749302687687 48.5209072836848 47.3392048172983 39.5134869487194 18.9023528882104 22.8088566318767 42.2007760647679 44.3384363230478 66.7173477607743 69.3666726380725 29.2006904872102 24.0532787076459 48.2164826396395 48.6482939898856 48.6293404645585 48.6218204044495 48.6426553845395 48.6730724173922 48.6638913534109 48.6266802965225 39.0752289533452 46.3340376841012 48.6579295318837 48.6514164485508 48.6208439403479 48.7852178045616 48.6772189965849 48.1529354595613 39.2637007204653 28.2730519660761 32.205232956404 17.4913618621606 15.462224381069 17.3091294461548 26.8742786825679 31.6728440909353 47.0299691683566 50.8782324841994 36.5597963632243 25.2918728879196 19.8982108286602 25.9104711808729 33.6195472717114 32.5178939004669 23.1610628244625
17.0020719238175 23.7326791143404 27.8700959915702 43.8961137229496 34.0938060445971 41.1933559004257 17.8351094007261 16.5297655029621 25.1892062325469 19.1684530552607 36.6549743312844 60.1929309158174 55.1161807628912 31.5278847686619 41.7057898281317 48.6106333043667 43.1633006046533 39.0967895997596 48.6221966667659 48.6622079532416 48.6623566461441 48.6627737625228 44.6707339794303 42.8696566621213 48.662510877632 48.3663796309003 48.6149013671491 48.6630206530768 48.6754258512162 48.6596063404172 48.7072123294154 47.4015006589239 33.0575643412136 36.4776268606283 30.9716648122897 27.1510277134603 13.1805833488867 34.4361337731991 15.2679537756291 13.9982867403536 13.2609411014552 29.1555717810264 19.353685497065 24.3393306500603 22.2617000289605 18.8844774224247
22.2689053344145 22.1601151895959 12.3295521214792 37.0151377620975 40.5424580251447 39.9965376861869 31.9084101998044 11.3745630484486 8.67659396460535 14.0573339112318 16.1286280550906 27.030301551701 50.4263611136107 39.7200185307106 26.8176459869295 15.8063554314663 11.6792187885729 21.9959203125827 47.6448273077826 48.6824356950757 48.681357387023 47.9292534512091 20.0231340315982 41.0576376425254 48.7642970946109 26.8395880161016 23.1725417758057 48.6809833638389 48.6506097704981 48.6383670080381 48.668261866633 48.5223522303996 24.6771707297241 6.3382358428253 4.45689279151986 8.92447953984594 8.74833736458157 9.79540978973973 19.0745648450389 12.462251310783 13.0593752810837 39.858998184321 14.143471107522 22.891033301798 29.3153440794641 20.3901428226799
33.3664150821598 29.1784141739427 46.4623964474627 48.7577230025524 32.6923272518323 24.9980735551342 42.4581286880665 31.5684262006093 16.1918479960109 23.4831888555928 15.622641578762 16.4086960958235 25.5942614372952 22.1373409776872 39.277486742333 18.7244082694407 12.2444470840974 10.0941851991069 15.8504334650203 44.5508350487386 48.8025815360475 48.8423224632611 46.8172125161566 48.6936908022233 48.691788688016 25.0370755939658 16.162477329699 42.9430890689029 48.8319714849714 48.6669927622116 46.114343140153 43.6528175982258 5.14353311261502 7.850394327761 11.4238789478815 13.873300804106 11.221678586755 7.24636032171576 15.1003449989148 8.93911314107507 14.2393341285077 32.7854258914785 12.9075628758157 14.4996247965831 17.354750655943 37.2523771509436
29.5337465459205 37.3407093913508 44.1574805382492 27.6698551535425 27.7909486528967 25.7858688478109 27.8706451206529 27.5461629749784 32.3460789134199 20.0850232811237 17.866638403164 12.3692123388339 21.9152748801567 16.4062784572065 11.9495380596914 36.7008543136372 19.602085030833 16.0095960739512 4.76689256857348 30.1233200035642 48.6697570383753 48.6723576329201 33.0400946785033 36.1928303770875 48.6638296883474 41.6264244369383 34.6429028577097 31.5068564217281 41.3357276275329 48.7357623164796 23.2842517811786 15.8091442656865 11.5330777221182 8.34093611884286 11.8627830226574 14.5956555893997 9.99155411587235 16.4987148806431 18.2637548834931 8.94835368137762 29.3132147157528 31.1437170842046 14.8549110982509 27.343948961167 31.9345433930044 34.0701366683579
46.3900717950146 42.8409240542452 37.9392466658199 61.3527900320072 31.830322859495 42.0392703816832 53.0780267254216 70.8527110509884 63.4454764042373 29.7726511541961 31.2556363074716 24.8006383626623 29.7136323908798 20.855876444883 12.6927492302265 26.3732444020838 24.3131512037079 18.427338026853 13.187529051463 9.86438175297687 47.6609061062242 48.0487169251033 40.76193630579 44.8235453673834 48.6663640672549 48.6933148773887 48.202411663017 17.1792575603204 22.3298124402944 38.0648564819849 43.5962164308106 12.7923695074311 30.0909706094372 21.6618444403577 16.6727937518083 14.5484804613961 12.597210538404 30.3568708088383 15.9693297607826 23.6401179951844 28.9841822071342 15.5354474510253 13.0654699589836 22.5924748831004 41.7625241498708 43.5276312203206
30.5158076626156 41.3966416254941 41.2885680898825 50.6045375314431 54.3584586336183 54.1582818271674 32.5326972002897 62.7111448541089 33.3258352302013 27.555742571974 28.0013641320764 37.0085367160405 33.8907328101501 34.8653656418357 21.5446345526811 38.2612621033151 31.7329202642246 16.6504418258809 28.7419380006748 35.9171711839202 48.6459882215075 43.863471193083 33.6483155656046 48.6800326083505 48.6491322320167 48.66817069334 43.3414154420752 17.3969721823145 11.4010884061784 25.7184875734156 39.9166553947537 13.817677751768 20.4266483565405 48.5179471010571 39.4151923557027 11.6921491110532 11.7221098592826 10.4702461548957 30.8950630562605 39.8742296637516 19.4294946965404 9.85081011686016 17.208014804168 43.9140931348138 48.6204460103602 48.6744353770279
43.1820270353146 33.7052495582762 39.3988926280146 27.8868785529039 20.0228811719893 30.6568001552286 20.0259285140684 36.3749288038634 38.9065797776581 49.6815039817359 52.3895749517768 31.6868163370576 42.6924670753532 10.800604693746 17.3800100488971 35.5677276910456 27.899201106176 36.8581887606806 15.9761830079068 41.7777302242803 45.0630956119473 23.2928234004897 18.6549818496755 46.7195948490144 48.6726516392857 48.6532062493831 43.2891248640299 33.1508818111398 6.10408615700021 12.4174502107005 18.6273851675955 13.174216103019 9.41826958296784 43.4719329658742 48.626150017571 23.492462254842 13.712137348257 19.2544770903899 42.7890255775312 43.9049294830155 16.2429691917131 21.2087928680435 18.8025599799341 44.3074405546705 48.6308928777056 27.9587213095228
47.1675270343678 42.2574579816759 44.1998241144201 17.8956888496086 17.5566191223049 33.5755915613415 13.3594095357649 31.1599408452435 31.2768514358684 40.3460397036767 41.6716429698203 28.2354670541351 20.2594633295231 21.1942853252703 26.2292401390636 20.3818869578627 26.339563019876 56.2124024798122 55.6630248449486 45.5454337507196 12.1668281626549 4.6438515081892 8.58743735591622 45.1379802828339 48.6725406183295 48.6521707875415 48.6331821303048 18.7048118591653 6.43605984194592 7.79070957568793 24.2603108586571 11.3423913876819 9.26551209157034 27.3835913086933 43.2197611718604 47.99056413869 46.4344433077533 48.513537884117 48.6127842912465 44.9534040239911 29.0730452699191 31.4542000923763 30.9757428492044 46.8713947623819 48.8592948567509 34.6430650412757
34.6710819697595 25.158227813519 40.4604158474323 45.9507376110922 66.756989927549 45.0932320282994 47.9414318353801 56.7081519771425 59.6411737442793 56.236623947576 48.7712857332981 38.5785499272549 31.7781481023079 29.3050228275072 10.2504100200555 13.431886661429 24.8611527395484 31.1761271057811 51.2233686514922 63.4632479071949 36.6967697809119 14.4023193405441 4.04166349865919 15.0766145769355 45.9548282451274 48.6395610622627 41.719766342644 4.88957494014768 5.62916594258625 21.3938475715703 41.4480791152343 34.6141445002289 25.8957618365291 24.7173258421668 14.9521629943942 23.2605436868246 47.9688005088554 48.6367304872174 48.6465222315597 45.8928902199487 40.215080672125 48.2835676565262 47.2785865144671 48.6535309123309 42.1207286661802 13.7977280011484
44.2642635746042 45.3706860946115 48.0950706299626 48.3383586185522 42.5725262452638 42.0577324265466 35.9386370970197 30.3630630146061 38.8926291858578 42.1622204990559 49.4630852802987 54.1600646010947 29.2455898327694 25.4046036857232 14.9114891919591 6.15116357064132 9.44490690944552 12.3314705768264 42.5455576049364 40.3315914772429 23.499156734317 20.630380274062 6.98011124060623 7.23495862383451 34.70780134497 48.6368508577325 33.0602580953685 4.26673804659016 5.52345697065965 33.4206074155719 48.6247319206329 35.6478544194182 22.8075287321447 25.9155377938893 20.5928488801874 10.9597023366446 17.202583616689 45.6494227446713 48.6137670676985 45.103563080978 16.3947777475786 38.1169997090217 44.6439482330449 48.674503376537 47.9923989913059 35.8814989607235
57.1126758115958 36.7501677697251 32.271186165759 35.13247001915 29.0593926164198 23.8946632611041 19.3206441837061 18.34419330928 19.0102598195693 24.5504789989887 24.7812369375871 38.1810329031965 21.1451776531638 36.2812514744151 33.5237010871924 29.0113941248081 35.6123045575073 28.8728212773002 16.681642633097 16.8595125220887 22.2559106106055 30.9587373850072 19.3642235096662 9.5290369916258 10.8992438047193 48.4311645232275 21.1290098714032 6.12723777873562 17.3579249672787 47.486133197409 45.0969618497698 35.088298840945 27.0884193589446 20.3518674932946 21.5091353855983 13.481671191733 8.33703382829939 25.898576736882 48.6212508592563 48.6752623530152 46.6814273974154 18.7784626997752 48.5638499607645 48.6592512567982 48.7188929361686 39.6815691878572
41.1379092938376 28.8670008368304 17.1809377108126 23.0646793957737 22.1339251398849 26.4212868108408 37.8489503977214 45.0316051525755 31.2626243966584 25.0264207300452 29.855781612113 47.8389309651229 40.0536524479068 40.2985256252168 39.4803026673113 30.0421771656162 33.8337269656526 31.2682753076445 22.4807094675232 19.63501345865 19.0688925093297 34.5463154112707 22.5217075526683 16.1718408614986 9.96373883342207 44.6099845547469 30.2439021967778 11.6600223002556 43.2092044949467 43.9877531837044 32.9901936175875 29.5046542713856 28.1573425428171 20.6311275361181 11.4748974588429 6.20363249133703 10.281478309269 17.3183096192588 36.6980796295344 44.7760811624409 48.6054097385409 48.2745666436981 48.480081445696 32.0001329381481 42.7562227348981 41.4502025353905
84.0688541541578 71.083120599914 54.9253050806473 48.339574106918 47.5236370096744 60.0379215723225 47.5925551644527 47.3837045738578 43.4689039069809 51.1463282643857 50.1939158538466 48.0299301079902 39.7753320370627 32.7607899064827 34.6437159201146 44.3869159884777 44.8619352578946 33.2871059378309 19.4264371216707 19.3285724226436 26.1591694446049 28.6875248966783 23.6691833487647 17.0181235352972 24.5300807090735 38.2548957499558 26.7159035232012 48.4940944120702 47.8991774424224 34.0169129588119 31.3764053524774 20.2039174960478 24.4873229009721 30.1400858540216 19.511468401901 8.41283916374157 8.62528343310548 19.3248602584861 12.2222800079705 18.4459966207916 35.9710773363796 43.3205763055888 48.7204506488262 43.298833066242 14.7853362538511 11.8383493454314
64.9519534216927 42.014052138657 63.610992889678 54.3468609651669 68.7689190592888 31.3574347334733 35.3599909058791 31.3183612189384 32.2561859591813 44.7224379178124 48.6124556948208 24.8833238059786 31.3209599166591 54.4534529692516 56.9129174145679 29.4122009737717 15.9283522461678 23.8570455589027 27.602588209467 26.1958508919259 22.292511566751 23.1119616886714 25.3637828697618 19.013852227128 27.3059291423405 41.482965083888 31.8952961591113 48.6610611330166 28.1401444215661 35.934782589597 24.6392583084257 14.3010029823071 11.8470155855068 25.1265397433908 28.0399806300561 11.7676987586045 17.725121708494 18.4656312243597 25.0610769694103 16.5566538375027 17.5354118271754 39.8411050894199 44.5557227639602 48.1856521613908 25.7032501068613 6.83209148390596
54.2243958588668 50.1872940559572 44.2819126032694 33.9034063854859 36.9850452485328 41.6775313413403 39.4129018418188 36.2198617450946 46.2719573020561 40.9533171160659 31.7937901803301 40.8576126349517 37.4347689715539 30.8586783057824 31.7871591341792 35.4925941525276 24.1879450818988 36.8792420292935 44.4457248209343 32.4086762188045 35.8994516882953 27.9571000166988 34.3105193674575 21.0187194109618 22.9135803150294 25.1874685494055 16.7832687250348 24.0195971981336 28.8749094333821 34.2743340910641 13.9247190364069 11.4711459894514 10.9489646000912 24.5799245348159 26.6605737896392 14.6321344553316 31.1271851586253 18.8929846220399 32.9074489043181 23.5414720570155 40.0025605649311 44.8120277807825 48.7551821236752 46.6287809822302 14.3017964170334 8.74708367053302
33.7463474707491 43.6003368071537 46.6165118263969 35.7161398581669 19.7478546813006 21.746107008255 43.9201972062128 46.5118575716514 48.9743258025366 45.4662575596923 46.7282739400076 43.0084278585147 44.9415142922299 42.6180724198835 31.5797657434216 39.6100433837432 27.4866099693624 18.5361728985338 21.2651675741292 22.491862521975 20.5433460526044 16.7846214944023 34.2925484451457 33.4419648761621 36.8210714060785 42.5634899519368 31.4932552457241 30.6247589881986 32.9504902449001 18.0880871741878 19.7667754630092 12.319661926037 20.9118454737215 32.4648233145353 27.2881393641249 24.359510546085 47.3912226864593 35.9725065733281 29.7118830966357 14.3098765724843 41.9775045767354 48.1793543931149 48.6562840729731 48.7078608887789 40.1565671615518 14.0734705210498
33.3931871626586 40.3451988685759 61.8953639252324 37.0535531270504 25.1750585313797 25.0492876725782 16.4982813500557 30.6272263921325 48.1584396961206 44.6577792297119 43.3395670012402 41.7622466500112 44.6933380139253 35.0701907289665 33.0435025619384 25.2503996169066 33.251996941255 23.1993147271767 17.0428570177459 32.0953404240145 41.3034794256277 30.0216890645668 27.5148781479526 44.2381795935632 48.8993941267904 50.7990344766971 50.4711475738719 40.0324114643284 26.3619797696799 30.6051580094272 19.9301832158618 18.090218566424 17.9472857524932 34.7798120669336 32.579636250746 22.4576717416024 35.8364677946495 38.1890101346707 26.3548799991797 15.4303129058185 39.6137437439021 23.1036529484644 38.2704230982483 48.7551416394978 48.7525303888172 40.0530470562926
48.5159407906002 24.281219621007 23.1144771465203 24.3888285904224 15.7365865926647 17.8370916236029 25.8753337284369 29.0260188104623 17.0107714918699 17.1556387774139 15.6452595034401 31.3698649533167 24.3569593514279 27.9452650558527 22.799716731635 21.0169031950567 40.8508380306908 22.3145410956989 27.1644193463274 26.7796559342969 28.0845895515446 45.2007355855809 48.7942746968294 48.6708822401385 49.4021830682275 55.0164687516926 56.1123602297259 51.1400383171238 39.8779382186275 40.0554929311903 43.0202288614899 41.3340086637343 43.3774274913247 39.1350299176233 40.6930212564781 40.7256703017385 35.5431922344462 28.6532983515181 22.1080529764735 21.8491162489229 25.7638535067004 17.7917988386347 45.947482054591 36.7805197336361 48.7418824715655 41.2178224477311
