IBR/IBR_outputs/all.combrep_1/Spinifex_Total.VRM_Total.WeatheringIndex_Total/Spinifex_Total.VRM_Total.WeatheringIndex_Total.asc
NCOLS 160 
NROWS 95 
XLLCORNER 210004.651214014 
YLLCORNER 7350008.22228844 
CELLSIZE 4999.99999999997 
NODATA_value -9999 
[rows 63 to 83 of 95, columns 0 to 45 of 160]
-9999 47.7827589506912 48.4109857353572 48.609988743383 48.6045565600108 15.1484447025005 11.1405540364556 11.8697277770038 12.1425014992035 11.0512563778536 18.4459717878417 13.4009942801874 21.6528518678645 45.3820968416242 48.7664357377762 48.6774066989939 48.7232939443548 48.6660651530249 48.6816025479058 48.6767074435178 48.6212966402655 48.6538571246226 48.7077975863704 49.0709560209548 48.8066249105871 48.8084407778252 47.9323167362992 37.8711677530111 20.9813508702274 14.7261466432116 17.66730104996 15.4651026855891 19.683224098671 17.3718141805914 9.63365266307297 14.6799008873648 20.0107303007467 16.2618063792713 12.7063615747529 13.3443127627865 11.7839948718845 27.3270358154841 21.3493820498731 24.083405375379 18.6028707062487 32.3258972021353
-9999 12.4592672576144 31.3562894484747 42.8003652865458 41.719511812426 25.2916814776921 16.1215536520879 17.9409318466911 14.3959158397618 13.5062565750138 9.36658404453751 10.5411947545312 12.198780251447 29.4180181489541 48.8613338377052 48.6869230876963 23.995230333359 24.1885710362522 28.0037464864973 31.1206107872172 20.0937870107399 23.3894432662265 37.6071477750515 42.8309678879832 41.0809999857847 31.8195682577259 16.363704730096 17.6587528642829 10.9752977512125 12.3379872632597 13.0908498888289 12.5003555969004 13.5422296169381 16.7095837781882 17.1473552947818 29.9882118780727 29.4867679167294 15.2160914360281 19.1100770746558 16.8680902800455 18.4492254288251 15.3603366978499 19.0522921097671 30.9952592461403 31.4854127430985 51.264774228248
-9999 16.4703228820193 34.150168716109 22.5911557434022 14.4518104437932 22.1576631886244 20.5499323036181 18.2109326182764 17.4241052426932 11.4908388382306 11.4442317892768 11.3303915690632 11.351074827694 12.833102252704 44.0562114008228 39.9017975202568 7.44791517776136 5.39029684014501 7.57215778791824 16.6324804835089 10.8316115366925 10.6647509145905 21.0495361148742 34.2855605018569 13.7611114578002 13.5012596351038 19.6330584749495 19.9079012752525 12.51703561344 13.1202580255399 14.3168838936702 10.2175029181625 12.1731581397706 14.1503681128967 14.1760995791476 12.9856584766268 18.4103047952631 46.7858337112798 19.344024319995 14.9828788761825 25.7496342331845 14.5900467332349 19.3793894874901 27.5495887903636 15.6069744715664 20.0000190415936
-9999 34.4551707857086 42.6724220124122 8.25688835139388 16.1735674975416 14.9402879117993 20.1257025750428 10.9299956828841 13.2138497008201 22.8410677649408 18.0649934363774 12.0577178986613 9.69891256709745 6.51966908844804 21.1003987399958 36.9393500328625 10.5553395398604 8.68959150861521 9.52789372709129 12.6305436264047 9.74420129914207 14.1695659380734 15.5682528670742 16.6153182655166 13.3218734047867 18.0135113579943 14.5850548435155 48.0647165791714 18.4985744359192 11.383622362769 13.6714657167829 13.6132366179905 10.6847968850229 12.8399310302374 13.2134721344445 18.5819755314342 10.3916968487826 18.9973503038851 15.2656556246153 10.6643219387782 13.6241069037451 20.2101083261491 14.5067654098514 14.6383919792691 15.9134408934224 15.7362627741399
-9999 48.8896644569297 48.4085676068221 43.8444867636941 14.3088139530567 15.6070986074424 19.8897520451616 18.555428614974 18.5450328825908 24.3220054695474 11.8121397758384 12.0773687618711 9.5771295195319 6.37210818017469 12.4923504445872 11.4928234312146 11.1383713493094 10.7651994980905 10.2634934256043 9.96522377870448 8.67817009163098 25.7428741165774 10.2848017799696 10.7386124650039 7.39101232861102 11.5882290364734 13.2246691275352 29.3377719965007 18.3428808965303 9.17015241163594 11.6047059573157 10.6477932785741 13.0895846760065 14.3232875455363 13.114234463877 10.3952319907869 10.4060561446306 13.9797101451526 16.8353226944869 13.901697964167 15.7381496689674 14.6030400786442 12.6126180005324 49.30456830184 24.0790808668171 14.2230759344027
-9999 48.7479961712689 48.8076004816617 41.4913040142049 11.9331444819911 18.7925756117259 14.5601862394559 17.7408779209959 24.0592558805863 20.3029841786081 16.0642543667193 19.1228547867854 9.21994281750076 9.70335641225731 9.01143332884462 11.3146827546886 14.0140924933966 12.957462922349 15.5074886601288 12.0195265956135 12.1075940002032 11.8243121538728 9.69329251150889 20.1601902203168 8.07935091920604 8.41526027726589 16.5120534430625 14.5439021141418 12.6319899129633 12.1548834494202 10.2468206598345 9.14025037742001 12.7349311939801 19.5774419458597 12.446211150232 11.1179994473059 22.1353362635921 18.5519207029797 74.0416721353003 14.8880370595496 29.0584147166593 31.9292857476276 35.0004237158631 34.1725040755124 46.980817663604 41.8466935285419
-9999 48.9187997818056 41.3238930354266 26.4126860974325 15.8289635121529 18.8407846416628 21.8651363152209 10.637625288305 16.3768915818226 15.1990739321385 11.6515965345827 21.0257331316944 14.0802082798421 10.0900459599398 8.42124281870086 5.87661231905626 13.4423514272236 14.1892043856854 11.3979069882874 13.9445332891135 11.4415375745967 11.5946618103882 10.4404566475107 37.0748189247347 30.6730829973534 12.1827724454153 10.4191902353748 10.2421462537398 14.6240504988719 8.39034171764457 11.0836010863548 8.87261775309457 14.270145285489 10.2170482973307 12.8689693915767 11.995117458019 14.4197960533865 29.273376174763 28.1515499075385 19.4001160874168 25.2723128070049 45.0708238007898 48.6658672827415 48.7236612292923 50.4911837039603 52.4565446313177
-9999 45.0500714142683 44.5595765009119 20.6458915248731 17.6545145473113 15.3467672169378 18.916222510338 17.9023892848744 10.7065236702285 7.35583572354432 13.1744134588077 25.4691142990489 25.7058262583958 11.9458726663139 7.86081944562478 5.62466581235955 9.15952096390446 11.1551483107956 13.7941256727246 14.9688412558093 12.6002532371534 10.5926068566486 13.7787316006783 11.0714173969897 25.189277432146 35.5080476255028 34.3986199144892 12.2433545189738 17.1128863584143 10.3647352064293 24.8468060497119 13.0684492060612 11.6877037788385 14.37319157346 11.6095875000212 14.6443775541938 15.4638236035805 12.068140344757 34.1772887410042 36.0497228161029 43.9762467687476 33.7384398608841 48.9754449837959 48.6744661167836 48.7858496078935 52.9705835780594
-9999 -9999 34.2434657684983 11.8718088965501 13.7204405910057 8.90217950747342 9.09458787409327 8.80524371950156 9.40824576449278 18.9970489077228 15.2034629813279 11.1214283489598 11.7137146588609 9.05715054115815 7.21029629893734 8.1391481122696 23.3183840148391 17.0886759596627 19.1746070871014 26.5426451154975 16.7919718257154 8.55404605813262 7.88028829812358 11.5699347901958 30.4755511878117 53.0522789301699 50.5438978634862 20.9876745390493 18.0818560579479 12.0318841929691 38.697013104734 13.9136381765183 7.86939948449538 13.8177801914481 14.1513106661192 14.623376788591 20.422748255665 14.895404296963 18.976349607185 34.346323439722 28.5127736498596 36.5642769175252 50.4741606609537 49.0272351368333 48.6748361514854 48.9868875920399
-9999 -9999 8.04394514790096 9.10623760989683 9.5738996779352 7.51484584393075 7.95092061278677 8.07412478865862 9.54896871516269 22.7120149411909 11.304447967112 9.55591559141557 10.6934593958733 8.42647166641511 6.91099072971745 5.62289550359918 25.4684091524873 17.3278189368987 19.8151206616727 48.4012140503501 28.2494422813215 8.92975398553029 10.3761772907491 14.817280575742 46.3511118879024 49.0314197051436 50.0507763343755 47.446496659013 42.6729813576044 29.4309963972693 42.117380050494 20.9239750619473 32.8263765802654 24.6304739111845 12.2379523084951 28.9099275249242 48.2788596162198 42.8189237052781 36.4735116985208 37.3950396015977 34.8013302467316 31.5938345655365 50.555492778429 49.7394663542178 48.6656889807001 48.7075473694217
-9999 -9999 9.28871613428944 12.8697372918294 15.3624030286946 12.3153798928519 7.07982061041886 7.11986044427216 7.9609856390143 36.8168121156943 13.7396994319103 11.526515565403 10.0511703617542 9.29008501701872 7.26171016586205 5.99432663542532 13.2121995007204 48.4945370391597 48.7039937005827 45.9433425863926 29.5533432062763 21.6761704795207 26.7573751150919 47.9583916924549 55.6932957888046 50.7442200374107 54.2719138693755 50.5778232972982 50.1204033470843 44.9646138457731 34.2279107841241 32.0896809189361 19.8647259452198 27.6991082344002 36.6152843922521 47.8860322160806 38.7587705900835 38.21173431245 48.7534185900156 26.7949408308756 32.3391226985436 45.6515807322702 48.8955735197605 48.7418555039941 49.2589423641529 51.0711764727774
-9999 -9999 -9999 19.2686171384351 22.0410281996412 9.65609038775773 15.4078051873507 15.0445164436927 23.4968021034714 17.0114037033807 37.0060829820809 11.3264777477399 9.15875926181008 10.957972582592 7.76211339886911 11.2449078059852 6.93733862007062 27.6937328128784 48.7991089875267 48.9177225756742 48.9979131859744 48.980095294533 49.9954633895242 63.1003258665092 55.5137062129253 55.1667171735566 66.9124544290188 59.434629964623 50.5679145534698 58.8299912132815 31.2670855894795 39.9170453261002 19.7005288636294 32.3788523076785 49.830105809437 50.9156909926597 22.0082533276734 24.5490793350751 46.0542007534598 41.3018303393875 40.3897036341675 46.8537537032705 55.8660395195372 48.7916567998491 48.8382645582353 49.0947749020972
-9999 -9999 -9999 40.284291856552 45.557341364471 45.7973978355165 39.3202814856855 43.7025197744457 49.4003090664808 43.9509108007268 48.6379530425468 21.0217627514523 9.32928611462348 8.96759861770119 7.15012045430596 9.10736756164555 9.59945907342734 10.0195416865773 40.827345850123 51.5937499429002 50.1737648680345 48.8722314040076 49.8351924220257 49.7246416865342 52.3004830392196 70.2871308551049 76.1454864303661 90.1625735799132 62.0998671523478 60.8495526842719 43.1620148263394 38.9759203509428 24.7924289142522 34.9460939832095 40.8471687539423 40.2289239868845 28.912608404277 21.9948095212698 46.2752092233102 49.1256885540312 41.7063173759111 44.0748177633286 50.0941761037308 53.9391314897092 48.8196621290487 49.0784307795647
-9999 -9999 -9999 48.9445055557096 48.7374469461163 48.825885125104 48.7699293848434 48.8373163077335 49.1149423187477 48.7792483416878 48.7045164834399 28.5371501623133 9.20832517895688 9.08575827462939 6.60567980743874 40.5860361132867 19.8295793522883 5.39922537755446 12.6645989857336 40.0933911262377 48.8121164458803 48.718250929566 48.7565574670777 48.9112582621882 50.1673082445428 56.7570007995774 65.0378769672739 61.677275114026 59.6614401859475 57.1699551188425 54.460424419458 28.9323168748098 24.0096423042656 29.143768796171 33.2222214187524 36.0019207499314 35.0386661202383 27.9683076609364 38.8180113742265 44.5057411159454 48.7876735793001 50.3372886111646 59.2410135312341 61.2345864241006 49.5716388727379 49.2826084928063
-9999 -9999 -9999 -9999 48.6455447979599 48.6456943010566 48.7540585887806 48.8041934928976 48.7977029576473 48.8068294454681 48.7955975810535 38.0776603949244 12.1253432830617 10.8362260284864 6.68086430211651 46.4949283305318 20.2467837033834 12.0501965925627 19.1388438706471 21.1788066762114 38.0038617728803 48.9451289519477 50.5629373561163 50.8212346489674 49.0765962196375 50.1430911302442 50.9053783818482 50.196684293267 51.1892814217231 52.6383046696231 101.7256883015 33.3573852927511 31.7638299395638 33.7508428282421 32.8729149591985 33.6518677880238 36.5607649882031 48.2987159522743 71.9236957091999 38.6761539205925 52.0246578154791 69.9766140111393 60.4120134479854 63.724318436524 52.1117603245882 49.0877504363059
-9999 -9999 -9999 -9999 48.6241896487301 40.6274805508699 36.9559913978651 44.7172551652101 48.6596919635477 48.6539738862445 48.8961284293435 48.7942044680676 44.285313370911 11.8080780075066 16.654025260469 28.2532031426393 18.7249662227652 16.7309053232573 47.2408880328603 45.6535971511361 24.9245234804031 47.3219794289656 51.7893902188125 52.8682716570811 49.0267838188447 48.9643544896951 49.2556263375418 59.6673914523498 49.0933342823353 51.4432319958699 94.3693597953499 105.567153087371 30.6013415379135 38.9578445174399 33.7701148906032 32.7447864481052 18.326844319611 39.1849468177988 58.8518997637502 59.5401027299098 47.6822498858163 54.6855802889028 55.6996620805358 59.0579914801829 63.8247238747432 51.5252212500516
-9999 -9999 -9999 -9999 -9999 10.5816080546479 19.2181098577772 21.8021918560465 37.6954196934658 48.6620332855185 45.2158516160585 35.9983260961485 48.9584684697545 15.4586476507462 13.7007274238212 10.6710043233528 14.6256603356143 34.3214023685154 50.5687800707218 50.3568219969375 49.4188339743154 47.4476672653903 49.3707214401735 49.3786902881841 48.8524963199683 48.7295546432024 48.8194769604228 49.5076529384297 50.0960099952883 49.2321656762221 87.9644034334443 116.822564181501 50.7522217093627 38.4698793438146 29.0404265350773 24.1005905677519 23.1315529729281 39.5355367932923 55.2820712342515 61.7805491946189 67.1047783357706 53.2325289532092 51.3341158535944 51.5320218892328 64.1480349185813 57.7965560353463
-9999 -9999 -9999 -9999 -9999 -9999 48.6656517150826 47.456379025466 35.4201978271522 40.1634865823422 21.7910328267587 21.4669231867334 39.0400316627008 25.6923103851728 16.1497849143069 7.48247510453867 7.97147788223342 20.8034715109549 50.2861538193532 52.1239903551506 49.9802808376482 49.3477741268676 48.9392608266718 48.7921237987895 48.891114429608 48.8293198047739 48.7535005163913 48.7023738822227 49.1332233905092 49.6800437039126 52.1910526341636 54.0379661066321 49.6479134840829 49.2540757669115 26.7403704454495 28.0741637553628 25.7270081706483 36.8813036149227 56.3940060731954 56.5470938925932 62.0222775985552 48.6962102931934 41.0499440020524 47.483699445456 58.8028706259573 62.9723060770908
-9999 -9999 -9999 -9999 -9999 -9999 -9999 48.6856686760115 26.3841888257993 18.9455146903788 41.5420191562764 48.697821550849 48.6878564822747 47.5635483225642 33.8984073079951 15.1937275179026 21.8370531966358 33.3010285352303 48.9976800057792 49.6701041370858 53.6608690692217 51.1598218619792 50.4417084251417 49.2902408530742 49.1522616879802 48.796182015127 49.111221831944 50.4328505432784 50.3900822506174 49.8045560693276 49.3119333680841 50.0746895138643 53.6468402664154 51.4590066596105 44.0783219111446 31.799491321195 32.2640114720635 54.0425169088275 50.8782725545094 56.2358758381225 58.0003616037252 56.8642993318983 49.8775769773768 45.7414306325762 44.8923632862183 61.4961161550024
-9999 -9999 -9999 -9999 -9999 -9999 -9999 -9999 13.1927952730537 24.6926700678985 48.8484354196308 48.7365309308172 48.6964755496863 48.8244091497839 49.6451311705755 39.7379683446016 39.918163838407 14.6401674090599 45.1805145185882 48.8937640699929 52.4592234707755 57.2212128013249 59.3774363764497 53.320976334917 49.4516969456143 49.423071468973 48.94151825472 50.3268337858372 49.1384722727908 48.8757861203088 49.1226960936366 52.1415359961346 50.5237364213206 59.5472636610286 53.120591357541 43.2557576051343 49.7556164003806 55.2858408117848 50.3599081437195 49.9623272263292 57.0772962165961 53.6630666578479 66.6169142385285 53.4356823505935 51.8292431041319 61.6519326291321
-9999 -9999 -9999 -9999 -9999 -9999 -9999 -9999 -9999 48.366474442603 49.4615648814973 48.4369159486377 48.6848931544885 48.6702748548771 48.9593048450924 48.8297917843667 44.4607080778007 10.1377546345522 7.04661418529314 22.5868914517503 47.9964721842939 50.3051419161329 58.9349499510212 54.5956466296469 49.2448720945342 49.9041919610111 48.7926704254241 48.8961640462081 48.9730813312623 50.1298618315481 49.5071618273498 50.2308926402956 50.1638944416015 53.2641879212964 61.7758927966477 62.0731177200061 51.5136294117658 48.9705803296733 51.9406792663537 49.5374366526734 50.7841752064961 54.11527603564 52.4921453375273 60.8008819901419 56.3811196194872 66.1023619107772
