IBR/IBR_outputs/all.combrep_1/Spinifex_Total.VRM_Total.WeatheringIndex_Total/Spinifex_Total.VRM_Total.WeatheringIndex_Total.asc
NCOLS 160 
NROWS 95 
XLLCORNER 210004.651214014 
YLLCORNER 7350008.22228844 
CELLSIZE 4999.99999999997 
NODATA_value -9999 
[rows 21 to 41 of 95, columns 46 to 91 of 160]
-9999 -9999 -9999 -9999 -9999 44.1408556559139 27.7982155468851 40.1095002998332 -9999 -9999 -9999 41.1771853641462 51.4580616719743 33.6200826102693 35.6323278929456 41.1195863004593 48.7567203912748 -9999 -9999 -9999 -9999 -9999 -9999 -9999 -9999 -9999 -9999 -9999 48.6460411709203 48.6692429277176 42.8677391280963 18.64129929135 10.7383533204236 7.71506056093553 8.01074283594379 32.1083678680747 51.8657476348214 51.7887621156694 51.9532165722202 52.208633585033 42.8704972060269 16.4104769210322 29.970432039375 48.4179362315804 10.3305802575778 8.24453219945861
-9999 -9999 -9999 -9999 40.5066932242177 39.8975565461075 36.2916439862235 48.1198390185215 48.6996046537769 -9999 48.6902091574418 47.4733988337169 26.9735841912822 27.2176892228735 31.0137196856513 43.6934491031103 49.3099206988101 49.8533859149703 -9999 -9999 -9999 -9999 -9999 48.9998466761105 48.8073435052266 48.6791088811456 48.6438735376389 48.7872851900467 48.6682209208494 48.67475418953 45.8804423493786 39.5279019490024 12.9848470159937 8.69915532890445 12.2175391247856 22.0352617137508 40.4652685910871 51.8100989478545 51.895374108621 52.0203392358724 26.1319287807741 17.67700976804 17.8677268750785 48.9180354752228 20.0326667847683 5.26017775098872
-9999 -9999 48.7607775964684 48.8614626997355 49.100583548955 48.7685250244175 49.1975389814302 48.5981981363073 51.7384898242313 47.0128434731289 48.0412556739294 36.3989981139483 21.8382272209223 35.7510911416135 22.5588371167472 47.7031721304878 49.1630915266401 48.8303131345496 48.6937687862538 48.9352137939285 48.8667821306395 49.0368493219904 47.4449131754442 48.4891011054503 48.7329816247006 48.6734685748441 48.7148256010112 48.7615558291786 48.8083017906145 47.8839297391113 46.8002705429341 34.0175345977561 37.8214625335537 19.2986624159753 10.0994329549469 25.1595675062691 27.9089983349371 40.6647117237272 52.1281757224276 51.9477756789759 22.4659443242009 16.0559153080074 21.5264652396661 18.093792088046 11.7837421352751 11.3315212630305
-9999 46.9409846389096 48.7327044904877 48.6872964242402 49.1212672977252 49.3013873720289 48.7119586948535 46.0294290426181 44.6879233313929 46.9945402592947 48.5929615435445 40.0732697407776 17.6023061026109 8.93046199102639 12.8110884125685 47.5056605448721 49.3551105289889 48.6906889049878 48.6789699922853 48.670142100167 48.9686251662671 48.8605160788582 48.7899113700046 48.7497866177068 37.7176997097253 21.2115166333215 34.830991385651 46.4790753470166 48.808741260449 37.5499088582563 34.3165689734703 43.9837766571552 30.1136978387733 42.5434592438313 12.8922302811243 11.1539472887202 36.8089582380593 29.5063912831857 33.098690746195 50.8040416365336 18.3253525387311 15.1984302442498 14.142511077627 12.3449257266201 9.04633663196034 7.82837406392919
44.0200690851889 45.7125008706269 48.6940762003094 48.6007118499744 47.2181815508733 45.7938199169901 51.6934942354885 47.4719822209843 43.4071853525655 44.9289445849264 37.6528214533355 27.2750707676009 7.81895780637856 9.50413068083884 11.5010713736312 30.5576186022833 51.9795567307888 48.7474003388459 48.6864262463749 48.7631542383617 48.749485499517 48.7103166674274 48.6812225856615 48.6642972048344 37.8351762813177 19.7156661535402 9.56968429410267 9.16117411122153 23.9272940511526 16.1882420295641 20.544353799001 32.1006360300126 27.8099090448332 44.8891931485271 28.1863387884624 7.19584002159929 16.8365822021913 32.4288735133285 29.1946885597923 37.4483994078948 13.1222948148876 11.4474440823463 11.0799330007194 11.9227968473688 8.18660094556787 6.77836286557373
42.3656844025459 44.5525264557556 48.127704270045 47.5218873262026 43.89596954795 43.1766894037107 39.7115438537766 39.8374877376376 30.2913068018773 28.3162906108914 24.4228221092464 14.1341235398441 6.47278307066407 13.662476660808 21.9702063564665 37.1913373614886 48.9878987715311 48.7220177107837 48.7263591473115 48.7466989734778 48.7111224621927 48.7472133891848 48.6878111073092 48.636034381886 48.6953117506988 48.6587320014369 34.7874489188081 11.1696460524696 10.2406048125112 10.5338789365691 23.8606411177476 17.0858283092193 12.7241828509634 27.5425335462772 28.2638401961458 8.59626152039124 8.93740180150813 9.86658699386728 14.6883947406555 41.3004016034429 23.2197065945838 17.9457984629809 16.1194648705151 12.9351760961052 12.6792323961246 8.92314783378423
42.2965340901784 47.7472693607033 43.0272274858889 48.6743640549703 48.8087113306392 48.7920126871418 48.695375276831 45.7726366060144 42.9382308667765 40.0667067566831 36.4662457659766 26.2922681270391 8.66840997131356 19.1401601022799 32.1205393546159 47.7767037525614 50.4935104845525 34.0638492613848 26.5548475623488 43.1969783293764 48.7133597757535 26.9996683887901 25.4625367133282 41.8993550260449 48.7437458027645 45.876356549856 26.2504749949304 11.2147296963257 12.8284519710042 18.0810024400903 17.1638155989936 8.35222369153678 5.42463868491931 30.6758722441399 20.4637336967803 5.62443655132194 6.90006426615394 7.21185466430224 4.54475695192873 27.685290292561 18.8637413613711 14.7856494997009 14.5186488966173 13.3673378096169 16.339361394276 13.7195909837464
25.2829546650087 29.5328441054823 40.5597678852085 48.1560115988594 48.8524543966292 49.0883722799029 48.2307452296408 48.3804825218777 49.0479686457385 35.641055686799 27.7405816793181 13.0862718885717 14.4736789200679 26.7227305805918 36.2165119899361 28.1017218123377 22.6770304703349 23.6018789842507 27.9111946966147 17.667385695812 41.9969698317821 10.5991311506564 6.48389203595477 20.4422240853132 39.2625681969243 13.8204618453451 9.02020801535097 6.57527620763767 7.29127518217493 10.9310543876791 7.77965339479759 5.80101803827958 5.88409790521434 7.90222844445158 21.7247758086616 5.55791528607555 10.4557080366337 8.8083177578747 5.67749477139821 13.1868450181955 15.9607552274733 10.0759427791684 7.00506924594537 7.96816094500622 10.969701756235 15.3578270369838
20.2033738802093 19.5820873382945 29.1349261654224 39.4987514317775 40.8371991317407 50.840278538937 37.6991503364395 30.7191940757709 48.8242744425609 36.3174070081329 15.7847907307473 14.4608703530592 16.8367993307242 21.2921191493034 48.4095842392591 19.8796618057733 21.8778429993816 33.989114915235 31.1031605217466 35.0553180722299 48.0302883323629 30.7827922533864 18.3951750122283 31.6167555578581 41.3566296087403 12.4302360045626 9.62641245890722 8.31613885423272 6.85435221627091 18.8244739348275 12.8019216791191 8.23200219045572 27.9540517825642 25.8898806942697 17.3372087502748 9.01594309131936 6.45397714604252 11.1179970718807 8.49917166389127 8.53043762357131 21.548290539177 14.3355722971773 15.3499379662596 17.8146639772841 9.02526835533059 14.4456053980107
21.9398489584864 20.56637624765 31.9509771560724 39.8452381741764 31.6492273713203 35.9369982456264 28.012903063311 29.9350778874763 48.7904121776921 47.9109425398896 22.0370652057117 14.0799975782183 22.195085010601 22.2402352016856 29.2387411841303 38.521788218699 45.7036086782132 38.0168230815432 36.2844101079581 53.6776182655545 48.6873965387989 48.7382696711804 32.9332386859073 24.7985834418562 30.7180801796179 16.0869328460496 15.5006848962668 19.6646347178357 9.43230508277143 45.7165268128348 51.5269974078447 47.3297604099968 49.0523432668223 48.9942794319704 49.4409055223154 51.5101910186609 49.1424507374 16.8794957932494 10.6154219739396 12.208538334238 13.6669442719549 24.4298917629985 23.3035140773549 20.2904677748583 15.6355886711779 14.3822669542144
21.1778547569005 28.9443447059975 42.2213063534527 30.3356690583586 31.6445330229383 46.9001811828411 28.2883638643746 37.9891477297718 48.7623949075693 38.5621573247198 21.9253981641201 14.9716554350432 23.4255101541058 44.4093583049254 25.8190795237732 13.3697506192446 39.3765634267592 47.2672413664966 52.7154207072194 65.2534017916278 49.1475482085852 36.6081804722157 38.3695587392561 20.3156336711569 31.0841783695423 20.9018031629087 31.6944565863904 48.1932630747696 54.828423537454 60.7111064704905 56.2314063916513 49.8598112894354 51.2989405337197 53.760373715412 48.9266295171068 49.5997898508855 29.1221437109149 10.177910823008 9.24368149594711 10.8986905246559 11.3776844358558 14.8970490670545 14.1873359961396 15.3781899652376 13.3404592163571 10.0541308893466
15.7286010167521 19.8250022318412 31.314197003478 41.0788624416778 36.9704126542748 56.5989737603558 25.05873486742 27.6533112222738 29.9044573593809 16.9719872545677 20.9198300676679 12.8076185934276 22.9742962359565 46.4360136610474 13.99924830495 18.427887988146 31.5429637209319 36.1978560330823 24.9476658697998 58.8944404798785 48.3894414843872 47.6262068629514 22.891696747977 10.7511260486075 25.1393609326259 28.8756971143542 26.0078174695566 43.2476640986373 49.249471928152 51.5889535123907 54.0280833619091 55.1738827110616 48.0458057582884 47.0497204487887 27.2316810930818 31.570645844613 19.8575032771351 25.8373339796219 9.41793274407439 13.7770191450711 25.0906938617141 34.1939504087584 18.1302858638586 13.1549175237519 12.6657729107447 11.8472002426735
12.219648386123 12.4134769596859 22.9878011739676 21.6481038527659 27.9978736184194 31.2078056987716 20.5278014051229 22.4980631701716 26.3216460320826 24.7603352764696 19.6867994719823 21.7727220963747 15.2895548519931 18.0770217239705 13.17154955653 19.358851481953 29.3902852871872 38.450125431149 44.4570018872149 55.140924027309 47.5863500059815 44.9616711411297 28.5568112497801 14.1877145910031 37.7575114154359 41.9081642334091 40.4382441014622 44.4449271291188 48.7109712918015 46.8534716081685 44.1932529220254 24.4590652255421 15.1871101905327 31.2084093309923 12.4999562086846 44.6486430558479 23.4887285324422 25.778136077575 18.0295541095867 17.428260366774 28.8984026900284 27.7136416800261 15.0463769204862 13.3670636005419 13.4780105844353 9.81098804189287
10.0910991010092 9.63559225208794 10.9224041111073 11.4530229610892 14.6244749679332 11.2811846223645 9.5266545358966 17.8584780406704 28.8864460073441 26.2239529275201 19.8714852053953 14.6759106872115 25.5697503787222 17.3086959943549 33.5175695954309 39.274414980789 32.0695111105186 62.0561492600121 41.4443910722207 45.0491289555888 44.6091076544849 53.7872361088339 53.5566939476796 16.7533152007049 43.0969018297019 47.2012264855435 51.9027814880047 46.8746398877929 48.5940835088022 40.821641019488 13.1921633490248 14.1224533728592 22.9978701749814 23.3494210221977 21.757883486595 27.5725627764068 20.1789843270695 31.3714540069283 20.0320005145074 17.2658286753532 10.1561484445657 22.7451525788883 15.400400231743 12.1652935617648 20.0501086792024 27.7960920302975
11.7378571227581 10.4804752744734 11.7630521957592 10.7439926229158 14.9058257696206 17.2264173382247 25.0671281918725 25.4839910840151 16.4734287854387 24.4855680674299 28.8304573890826 36.1457029962852 33.5970957449268 34.5587513996937 26.0111717216588 40.8682916801956 59.2922370083528 51.9961439358152 42.5205728662881 40.8943248891592 44.4410421870611 56.0722933031722 37.4540146954708 16.4677705152723 9.37656977510601 20.036994030344 44.6588419291218 59.2393152314716 47.2445756746033 48.3891957126613 20.8902487886428 21.2923300207602 22.1734620349712 18.6841756420887 25.9189703048657 26.6805619484562 32.5398446477638 15.1684384878986 11.7200126356663 12.0477445411534 12.2732836584489 21.2929690970915 12.004946260389 15.3639586850978 29.229669634792 30.3631772325351
15.3245776599193 16.0233949377789 15.4135858238912 17.0493718753634 17.2691016582861 12.095455680578 13.3437341837879 15.1768713430679 14.1511107375478 15.2057796129199 19.2456115235779 24.0699181596257 17.3696552301864 35.5372796134181 13.08887010201 38.1812614485986 37.1446953616555 34.9687820157966 35.4424862130999 44.3239362417735 38.1297185560024 50.3179456910357 38.5215471633426 33.8994488241784 30.7359713511609 32.6710779739523 28.963687175777 40.2314988043928 39.0657945502986 43.9197339413915 39.0101645296998 32.7678007212212 34.0120508938394 19.1578632847453 47.9056352137441 30.1548321674032 21.8123736931858 13.872263426262 8.29218618926597 7.97503946361776 13.5747972379674 15.5242438530911 10.1601182552641 27.1571538936 40.3881837451249 31.9739322739502
20.3553486420439 25.8275134801817 22.1977236120347 17.9775232586624 13.6635136690202 12.2251489614425 12.7509994566779 11.1178841486359 12.5765171867657 12.2948174302046 17.8970579511786 12.4503002783394 9.59666480200211 16.3339045261769 9.13764421699535 10.0804697529128 29.3832941540947 40.0479813843375 43.1828762543732 51.1279586751012 52.9546599453047 46.6361107550782 42.28153787164 33.4510169347411 31.0368114156032 44.4629879099002 41.5779494959136 29.7745106737992 31.3659625788342 36.9444208455693 33.6081663683711 42.5288416370944 39.8927764501593 12.0089108403085 12.5525834934373 19.6113854247164 15.0659432646106 12.1601016214984 4.7061351460251 10.2480741716999 15.2621887701633 23.0760686185639 14.7342870674451 24.4445709941405 22.5561076763895 50.7078638079759
28.5038417378587 37.9691056802722 42.4225760881542 26.1934475735133 11.5719880746172 11.8842186314431 14.4488279168245 16.8451445172925 12.6866505200571 13.7566588488555 14.6868543170297 11.1257286961027 11.1812463442169 18.992444104959 6.10608213386483 20.7070059313701 35.2114398893238 35.5834932197222 49.7885463535954 36.6945772315738 59.504389157728 35.5498727846803 41.5438381132031 28.6975202025462 37.937577446907 39.1788665167922 40.1886499959415 39.4706144647241 38.6635320302544 39.8611251639655 41.7655825446686 30.1862017539081 26.400477202976 21.7490009308211 11.9378365206449 13.51878790205 25.2896385275913 40.4179368444868 11.1450553563268 16.1141570365053 14.6831650838217 17.0292743948333 15.9290407039563 37.2850047160667 56.442832823239 60.3088858685271
15.384857521706 10.9459061528965 18.6834652265871 31.9328970785143 20.0141530943831 15.7256013763709 16.0527363264555 16.7905799631099 15.1260269609661 14.784450739086 13.5974407188295 19.0032248078844 24.6293431200294 17.4001695361515 12.6272600472354 25.9473706526353 13.4222654212486 28.8171216245406 38.7927939168658 29.4097994240306 33.6189446247417 15.069710155534 25.0648399608232 18.2210215421205 29.4439699101111 48.6867943183046 33.4175223552169 31.0834243427193 35.7620720653386 47.2033939650573 45.0167335194864 54.7872319872802 45.5957107497637 34.8780504801424 25.3610162246707 24.2760522276215 17.9877662572638 16.8448377956076 11.9226180502656 20.1349646582437 13.7305254019282 9.68803211470365 14.789919017611 20.7156606768253 26.1352839530835 29.9009156926114
18.468600492186 12.4092407254628 10.8627477692856 21.5636471866894 27.6707577134779 24.9966904140796 19.6228328890562 9.19717621624311 21.9018001535842 13.4269787898024 13.5464073101304 12.1923165454474 27.255021000968 14.6871740739235 10.3543179110772 15.7451174632618 9.22798151289088 11.2477417433773 13.5022182160545 12.9748942470902 10.4287827353616 12.2765233081478 20.4544662846016 34.9475731382059 34.9265107975156 28.4100781273384 37.2040087711577 21.2897980809988 24.4753911715025 36.8323101667117 42.9965279623267 45.729213123254 30.8368748293678 36.9922802871233 28.2609328077673 11.6672321716099 9.13153204538475 31.5652954109535 31.4699167785592 10.6412103791645 15.0668139195402 10.8649191410748 24.4115065903233 23.1382826421216 13.7168320292657 9.50689232901967
20.0094398217125 14.2163730001249 18.2463995777674 21.1336841118134 23.7251665535498 18.4959852734162 16.5695865643961 15.3675673389572 15.5371069280084 18.1624049241615 27.2053780084784 22.9132576873545 14.638199379024 6.32056339521923 3.84106284023611 3.51655520910876 8.60206509732959 8.50657984055895 11.307967465757 12.8092845097166 9.6908621327281 12.4407782390769 19.7941353278849 16.8873148248473 33.3087937165962 46.4520653463417 28.4460218896152 22.4178770965073 25.9795225316286 20.3075201134701 42.93974670682 43.5245060425734 20.5675927294118 33.7076058260923 30.3797732066304 12.3972012756566 12.346083221884 40.1647369461174 41.5115759020486 36.2932290115138 20.5860532469329 9.04224492651228 27.192389341522 12.1845332338919 18.4342475012838 11.2531428138659
