IBR/IBR_outputs/all.combrep_1/Spinifex_Total.VRM_Total.WeatheringIndex_Total/Spinifex_Total.VRM_Total.WeatheringIndex_Total.asc
NCOLS 160 
NROWS 95 
XLLCORNER 210004.651214014 
YLLCORNER 7350008.22228844 
CELLSIZE 4999.99999999997 
NODATA_value -9999 
[rows 42 to 62 of 95, columns 92 to 137 of 160]
16.8676009257206 8.96181791753328 9.27639446468355 8.54136614412987 8.15103449488615 6.75338652170653 12.0342159603468 25.8166136487224 22.1402460270917 36.4678015455489 50.3325549908849 38.7481715533393 18.7860664418153 33.2367783864649 51.3461278867206 72.2957265931227 63.1148540609652 81.3832389104819 76.9583501716132 88.6318518277852 40.5050614290925 59.6324808306967 40.5886456585629 18.0177242003612 15.5612153742809 13.0455637799014 23.3530172496628 27.3256590803982 31.8839672329724 26.8266771860604 21.4109004807196 35.791061572344 27.39367895915 21.9648070977707 30.5573031531467 14.6303108754107 25.0008676865279 37.567059834543 31.6590046176058 27.1785409401987 13.7237142887723 35.1056517032388 26.3274147097934 29.9048587357437 27.4184357865909 20.1730291290252
9.05966350829738 13.5505805143322 9.22814554860693 13.7708151170026 11.0117491611765 11.313381858551 11.609472757223 16.1964481559376 23.0637648635488 13.9713063403658 24.4767984770021 31.7285526075678 15.7647800898204 24.3407663962496 47.858179798757 61.4636792950164 81.2881688358434 69.7731308057653 86.4787718384411 69.4276989014309 29.7498682898593 42.4148594287414 47.6248405199936 19.2828436988956 18.0040835306368 22.1326540372667 25.3040877280627 16.8349331806041 34.3095440566554 22.8174058673563 21.843700418895 21.0274584769358 26.2141475013827 22.8567055781671 22.824984260411 30.137404226686 29.9560673256261 22.284234892899 38.4769648078956 28.2091004542155 35.253700065165 25.254813100674 26.479923924725 19.2548049564246 31.1663421585227 17.6495354546538
14.6492338719531 17.5785296138978 17.6954990050343 14.9262844382958 16.1540168223812 7.64399817262279 14.0564400587884 13.2814300941435 21.0128275538574 16.7164287068459 17.981522678693 35.9810962413844 32.4667625267813 53.3528590513932 22.4644059708196 24.7082780819266 84.7503853442456 97.8255798998029 61.3568176047008 19.327891251884 41.2011575109313 47.0363747019279 33.2606210715813 21.6530939878945 19.5980746366355 22.7393502570047 29.0319731517549 28.5826965572577 34.3582195886775 18.8567302317822 23.2279360730869 12.6308671227157 20.4039391599473 23.8113309971799 23.7965131769573 34.6445085430957 37.0719390461421 20.4497978179183 40.4041284626907 31.8936397373437 27.5764671456565 28.4157751871732 23.5287013948936 23.0208612200612 20.4498683186376 16.3876109169651
21.2190843139536 22.8123671686409 13.9310929179087 10.7680425604372 13.0928484557436 6.44852025439172 18.6208235649733 15.0202169512221 26.9979723362165 59.810749517704 26.9562179675261 36.6564297297078 19.7234489941619 23.2429444635023 14.8404790779436 30.3276098880889 24.9881702862246 31.2639585649188 36.5739081333506 15.3923165713485 40.7700076467206 42.5877144762584 24.497008283194 19.9938266105193 41.7992207105555 71.1651641266393 7.73050220779407 32.8282741807574 42.0649417051946 19.4027305504641 23.8276617984893 20.3123202180574 22.6638023578154 36.0906009947737 29.8708837444589 33.2784949652372 24.3853684096353 26.9058906109426 38.8438950797116 42.2723523305184 45.396740177457 20.3463575571295 18.3691266809966 18.0977518894886 20.1236507937475 15.2112884657609
29.6047203181715 24.2017103624853 19.0555287745688 16.611997491074 14.9034269049066 14.1512780948598 19.8066445335887 23.7063054131961 41.8679568452585 92.6167845695657 41.5997592825364 34.2566106357485 18.6098200730215 21.3620064772439 14.1708496429355 28.0838933346153 19.7614547964731 17.039490040162 42.9991123314703 19.7265440073476 36.0857083888528 42.0224437900345 20.6091106367416 28.8375523972783 84.5527281580455 20.8854859498082 21.4470499555225 25.4861685930777 41.405681934189 81.3643778257304 24.4537879640317 27.5119257830184 18.7547363751921 20.1807842596864 22.9528499332508 20.6210910694236 26.4942565594404 18.8526867019107 18.1939913642061 23.6537988808354 14.5678816475731 13.3245149658597 24.1311626149287 25.5172557068424 18.8835282107536 10.315606529941
22.1365487687456 33.892843036673 15.4202091476171 23.0838596707006 12.8807272805317 18.0591605788215 13.4150619427595 56.740927330154 80.3143964540224 65.797348931433 64.4166897509849 39.5232159297 28.9671420872678 36.1361166244244 26.4728214066719 26.9851781964542 19.670014254422 14.9518643519236 40.2219403613046 15.7185556119393 39.2933054699113 47.5658266481311 19.3585497326681 17.6747747079834 19.5359151594205 19.9534529735274 24.476230611624 24.0545091843104 12.0228854809791 68.4896127990967 29.0429939878251 22.6630067244654 24.4599662798191 21.9261949297357 31.0120935907704 26.2409161743797 25.3483460838734 18.5819486600851 14.8696938718592 11.6090875014753 15.5841235346731 15.8225540667776 26.5510472004954 11.5517604592145 14.5095420660357 11.3649167793368
23.938700927721 29.3202958282282 22.5890200641703 19.3778070869323 15.4125471468615 20.7512348457494 32.2572276370775 40.96396389734 20.9863940359291 59.6408816232299 73.8182985308953 41.0346520071975 16.0957776413681 20.2020128159075 17.4397659626046 25.4039399692108 17.4151354897062 19.5906675809043 21.3956673798938 30.1735864555129 29.3958034212575 33.6490285594605 35.2651018169538 30.614417980272 26.9227795307667 38.765544722646 21.9818946667674 16.1316703712523 15.2695227438481 10.0661603002213 13.6311407689624 21.2941263762691 18.7233297512163 28.1183307071737 31.2528214153881 27.6845520734108 23.6021606825067 23.0734202569708 19.5355313837946 23.8934844481051 21.2246518552922 23.9853021589517 20.2564692921837 11.4455627052272 17.3372107210832 16.9694827770494
29.4408264079395 25.5537046477214 24.3243728317334 19.5423119008634 22.3283199466903 18.368977071766 28.7881536963787 15.7406879751959 12.2003703481248 42.3856941776386 45.9854488511907 39.4066653974412 18.1889422476113 20.59029335519 22.0673592178197 21.7484591065039 19.1390611582141 25.5370505292532 25.8542532655447 19.7322933604596 21.3038706311792 37.8253273224035 38.7988236300507 33.8794557320275 31.4888436489938 25.7728214921527 17.082687423217 25.4071325686171 17.3453222505917 15.4135584205398 24.0944151081435 19.6027918111511 19.8149207999287 23.0396768201745 19.3191315068337 29.8559981295999 27.655625074922 24.230262307816 19.1716313488642 20.6632424569381 18.7346321089159 16.0707023604294 17.4735818986286 16.1196676818693 19.6284272915096 16.1848518425898
37.8064948140435 20.5575110151079 17.5896635619949 19.8634686583355 40.1052164931959 13.6836298758536 30.5607730332399 15.0169891150181 14.325080650734 54.0838231975427 32.3971963790353 32.8961320967987 32.3932587531473 39.2904772742499 22.457680959511 21.5731199234517 18.4989044655949 19.3826839230729 24.9628673233796 28.3117139117951 16.084305890853 30.7952019310264 29.5309512591187 29.8361177106012 22.2012067386793 14.6030232629449 9.97203426532103 11.6168980538431 13.8865401757791 19.8727768201222 34.0398315046341 22.2771487343379 24.8503982426177 29.7956631254701 23.9926960583114 17.0176145427734 20.156514054818 21.252650536968 23.9044177140494 28.9445487738606 27.4011437501337 18.4085659124997 16.7141330632168 14.9910941394975 14.868274967943 17.9701204876286
27.6618867870776 20.9242884417753 10.3509128058707 23.8542083388988 17.1504659537638 27.2458016565867 31.0286308758692 30.7561169076221 29.9526133663041 40.2369866553121 19.1943251831988 38.7053484533012 26.1380154477369 41.561502457134 14.5860125942533 15.0498625653112 21.1176829568501 17.6411281082021 17.5926314046359 21.8145712743758 46.3901394485792 32.539808875073 25.2552647843655 27.6640807213654 13.642978244932 7.20118306432366 6.65019744053816 11.7463482318844 18.38333818007 10.8932045648253 33.1018186298035 26.5996292225267 23.8788216747679 23.8780695928928 45.4410051142461 34.7032928190217 14.9294227842715 21.5082728562348 27.0065759385552 24.4923464645806 17.2856768813867 18.6621665783411 12.010339105677 13.4870577654618 17.686929342697 18.033494639788
31.5710838047194 23.985560419808 10.4322291807672 21.5247859814083 16.4787397640883 36.0937158416459 38.0877808430326 48.7676599946759 22.4425858160639 22.5319608333706 26.6698614762719 21.7780309672991 18.3097782789004 22.9322132222638 15.8482874120223 15.1770784758826 17.8179603745338 14.4282720667286 16.5217704019359 18.0996168228817 28.2232553017425 49.5768908044062 15.8856487145424 17.7851710473713 13.7376899698944 10.7690513768105 14.7278356130379 11.0974791644167 16.1059411292376 13.1639044964172 35.1046654564509 100.121934592528 94.6750211301458 106.798823779916 63.1173936448809 39.2912284328188 36.1904310497292 14.4388204448474 19.2707704811118 36.5812765550318 18.9910627378686 21.8933204765488 18.2621439393843 12.5048566756245 15.4238881031532 29.5974200669421
7.35059502984007 14.6551708903591 21.6026804126898 28.4294668837909 24.5295290673029 26.4556625777237 18.992702313737 14.7153698489903 14.0196083910493 15.8592292462867 17.408514499977 15.2306273099641 17.7133174686532 18.5489639318047 20.8047145363605 40.4385584964765 32.0163484805406 15.5373561275101 15.9921658752635 17.2943156564576 18.2995436570653 22.7512444788322 11.4797855528121 8.40082842148858 13.2427741991822 13.1186238862538 13.6535133327785 11.4040654490522 11.6565685855875 19.0167982479443 93.084960182592 106.013703287566 95.956411538716 43.0504770672974 11.1187997166054 17.6056396221863 21.0008280643707 21.1836767193375 25.3135759171885 22.8761328970098 21.98390257899 27.3339825555026 38.9792291289189 24.1370295718518 48.7635556005408 31.8949946751045
13.4930030018241 12.0933873352354 11.0564779884961 12.3805475759855 13.0070224019769 13.6313278411672 10.1483776579986 22.2494866995114 27.2550719310386 29.0525504251363 18.1610436801385 16.0972392999657 16.8656190322321 10.8045313869958 14.4831051412555 21.5155602884814 22.5626322111468 15.4314793915118 13.121281415617 13.6556727767049 14.7436233464482 12.0424479448362 9.07267142218749 8.93218065217187 12.3989118180305 11.6073506607402 9.88392089473305 12.4818923654605 20.1677177079184 43.5506734702533 99.0824558063992 112.030359731087 37.2886620377456 6.50001084016811 14.6860296649408 17.6603226608413 17.4997251455511 16.4180723558375 13.4531680638545 13.5870626762589 13.473840335367 25.2884411780758 32.3972631631513 43.7894814070354 34.2502421597101 25.5038853186668
41.9035490506935 32.5186862294957 18.6686254661216 21.9526570044143 16.0735362399748 16.0389235058788 16.7430223501034 16.7262594696525 16.0293894962305 12.9359963222649 12.7989645646548 10.685553830168 16.7839086411842 18.8501895219881 13.4098757115799 11.1104735212035 14.0814958735752 13.27195533716 11.6872543887967 11.0329109310085 16.9673786398811 16.9921259259869 7.6445252023754 5.74976127848324 6.30344220163104 9.80216266545144 12.3030913115523 14.7454915210272 18.428642766574 91.0252662490203 96.9048347205717 71.2663421424249 12.0440238175673 15.7327384449931 19.2969730845859 20.7884133590812 25.9922778030464 29.7657363149831 18.4717855588675 15.0289997727736 21.7419979737665 34.7955411854188 31.6649389184989 34.5511023849289 23.5896702764088 23.6251511415941
48.6833661903203 48.6781247824591 48.0434235297051 47.2881236076109 31.9050463754547 31.9861121261221 21.5994284540476 26.394810260926 17.2185748457492 20.5707562260072 9.61809090648776 10.1190381009259 11.6573748111612 15.1010619819571 15.7453516629261 22.5363053028982 15.0542887100944 14.183787692008 10.1573036254051 8.84732921660954 10.2498144169697 11.2493634748244 12.0078232080311 11.7891825216174 17.9442537343045 22.996067405746 20.2514565820262 13.6456946308866 11.5500345116811 19.2723308049792 14.8695416187114 17.6413428108546 15.5736702821667 16.9796884780342 14.7445185914982 21.5884427093277 20.9118890975095 26.335825450676 44.6259423756902 37.9166475342237 43.4934069762411 34.0229675801715 33.8191348662372 25.6265901927335 25.8987136025038 25.8980122443198
48.6553972497125 48.6527855649306 48.6920286185861 48.6657288202499 48.6809769701869 48.6578907730032 48.678241114829 48.3108313349205 48.5724276712032 47.4019217828086 36.6134950902266 28.3013788989783 28.1675649607263 11.4216486469403 14.4982912106858 17.3854558806821 12.2710284212347 7.08803810984263 6.44028121614958 7.42290897499636 9.3738105877032 13.1981949911863 12.0013219300157 16.9809369806909 11.054890210556 13.2643143527825 16.7798374682807 11.1511659213111 11.7371723493165 14.164518151008 15.2582181412837 14.8021132931613 15.7591002228808 9.78945415918087 8.06697577448445 35.2367872163465 23.0468981361068 18.5968326637109 18.402998833547 35.9216795485763 28.2170291554782 19.658511369432 31.0953947259059 23.4778619244509 20.5760852838742 24.0727561942027
42.487350039679 48.5083029071166 48.6560812580663 48.655115413534 45.8757446273365 35.3704069141531 39.9100752042241 32.6019637616103 32.3264918505103 48.6498232921642 48.6548619220791 48.6697916790463 47.1071060776308 36.466110210874 19.4316919012464 16.5643401138362 12.6482218827182 10.6632736308693 7.39126230790719 6.86520754986357 7.39992918548741 10.1161174738282 12.9994263114196 18.9343106897389 10.4187490835705 10.4954828621876 24.1795554945725 11.570367827566 28.1895394660831 47.9301790045143 17.5123586631665 16.4209576816677 16.1320263241872 11.9587442146247 9.49588930091334 32.3444400573409 33.4545972218437 29.5308609402466 19.6855987565534 24.377158134526 18.934283533313 24.1875460436772 22.142081292844 20.3471230389597 12.498047036702 17.5999063324162
20.9022330583748 18.6789578023408 20.4477197245232 23.0498818436306 46.0291354581911 32.574812473653 39.9102114221891 33.797181270952 39.775107379654 48.6640725917199 48.6568686609162 48.6299471593576 48.6605815525408 48.6632679716648 46.3856693498556 35.7246394261864 34.5836543816201 26.2995051241005 17.9233447519411 12.5270506289009 12.9334859613626 18.7726209104636 21.3966092958974 20.8599479433854 20.8290371039278 22.1820167055875 32.5353276100079 10.3755671915329 13.1228043956476 46.141306015678 36.034051730717 21.0022890093061 7.95636818530737 16.6278154882492 43.3440551695888 27.5925285231904 15.623857784831 20.8662262025828 24.615276409197 21.1344189703958 23.698785380874 19.0697265260945 23.9194841879601 17.53480960976 13.3728667669857 20.3555624747592
63.5334798698491 17.4611058278944 4.79994089210957 4.86157527949618 11.3472404237976 27.836178267592 37.7536425528934 44.1013621135427 48.6429133609325 48.6455811646477 48.6361311719965 48.6083002203242 48.6208769710309 48.6099115129348 48.6421428310798 48.6604851644078 48.6513488796121 48.6831823009454 48.722473113877 48.7421717953559 48.6941373751925 48.6735174884481 37.5694089846607 26.2752189645172 21.1607052530512 25.0840879061419 27.3211947472952 28.421392560995 11.8809874546742 14.4903941130341 42.4847251240788 45.7653236815054 27.7348631516983 38.3296253490307 22.9734143339145 21.6955998928329 27.5650531718758 22.1630161920172 26.540498114657 23.3183068907946 17.3003984890742 16.8168381211645 18.8297326393425 15.7148841797703 11.8211083026652 22.4556045394576
67.6934130128093 59.2351779039263 71.0421937714779 35.4737088417875 13.6325162511236 5.0424793614078 10.627504933692 38.8500237752666 47.5483213310451 48.6316030950597 48.6235330769724 48.6217128255628 48.6268091318129 48.636725456793 48.6260314228604 48.6224985619795 48.6025433261297 48.6115879480117 48.6480652705519 48.6262450622883 48.65899354537 48.6495677155443 48.6545139087894 48.6989030315102 48.2125053957606 39.5303230640069 21.7493290469434 25.201669897808 23.5101593216219 18.8581548256509 35.909596778905 48.6447054548029 48.645267633535 46.6738513565321 23.7609333496062 22.1763505765286 32.3066323554311 31.4242935923394 16.6809765708205 18.8132657572176 13.8477610481909 15.3621334021031 12.65097235205 10.2146120649039 11.7918211855087 15.7213790667978
71.6485184505767 61.9917618159 70.1907198724375 71.1763323815658 70.8399313293514 47.4519879228531 28.7778748108299 9.42498539901235 10.4744993095591 29.8360439300732 40.3022195775705 48.6714929333836 48.6553405727129 48.6690183844145 48.6718421528602 48.6467746561079 48.6353107340576 48.6379679494549 48.6468037967655 48.6093964666884 48.6843273054698 48.6788288855504 48.6489503888125 48.648095276917 48.6745648835688 48.6918681658489 43.2656026045397 33.3211721105896 26.0176096416832 19.139301837811 46.6059154592481 33.931658448007 37.9567779210013 33.8736826446969 24.4280821218749 18.7529806862295 28.6608867536137 33.7618402710043 20.4249125727331 15.372202544026 11.8727273123121 18.6794991864801 17.8799064382867 12.3685113019505 20.0614133466379 20.4615878018501
