9.9991E-05 0.0747343 0.0405428 0.77526 0.109363
0.0289104 0.0527841 0.00713935 0.873471 0.0376953
0.0381065 0.124935 0.0202177 0.645613 0.171128
0.0121599 0.216535 9.9991E-05 0.737963 0.0332415
9.9973E-05 9.9973E-05 0.0739386 0.925762 9.9973E-05
0.0028897 0.04517 0.0802656 0.871575 9.9991E-05
9.9991E-05 0.19972 0.0198277 0.704174 0.0761782
0.0393703 0.118927 9.9991E-05 0.822173 0.01943
0.00639235 0.0321577 0.117164 0.660827 0.183459
0.0197496 0.29677 9.9991E-05 0.501589 0.181792
0.070593 0.544422 0.0847644 0.258851 0.0413695
0.0110893 0.178911 0.0673244 0.49977 0.242905
0.0524927 0.779446 0.042095 0.0862375 0.0397285
9.999E-05 0.274477 0.0292656 0.525916 0.170241
0.0435705 9.9991E-05 0.101948 0.672519 0.181862
0.0119759 0.268973 9.9991E-05 0.635072 0.0838788
9.9982E-05 9.9982E-05 0.0610421 0.752889 0.185869
0.0278926 0.00689206 0.00781361 0.867347 0.0900543
0.0600949 0.10714 0.147628 0.13972 0.545417
9.9982E-05 0.206803 9.9982E-05 0.0786598 0.714337
0.0220444 0.03099 0.00162434 0.176492 0.768849
0.00845929 0.105362 0.0525555 0.0174624 0.81616
0.0441897 9.9991E-05 0.00832676 0.00986781 0.937516
0.0397692 9.9982E-05 9.9982E-05 0.166154 0.793877
9.9982E-05 0.10594 9.9982E-05 0.186875 0.706986
0.011035 9.9982E-05 9.9982E-05 0.025937 0.962828
0.0441085 9.9982E-05 0.0486878 9.9982E-05 0.907004
0.0598553 9.9982E-05 0.04924 9.9982E-05 0.890705
9.9982E-05 9.9982E-05 0.00424069 0.0210602 0.974499
9.9982E-05 9.9982E-05 0.0984607 0.0231656 0.878174
0.0201618 0.0223513 0.0208562 9.9991E-05 0.936531
0.0290211 9.9991E-05 0.0427422 0.0558181 0.872319
0.0643229 9.9991E-05 0.019256 0.0673161 0.849005
0.0571131 0.305471 9.9991E-05 0.440444 0.196872
9.9982E-05 9.9982E-05 0.0350667 0.722535 0.242198
9.9982E-05 9.9982E-05 0.092829 0.765305 0.141666
0.013546 0.176264 0.0281674 0.694745 0.0872781
0.0167102 0.315786 0.0681731 0.44755 0.15178
0.9996 9.997E-05 9.997E-05 9.997E-05 9.997E-05
0.0201542 0.184291 9.9982E-05 9.9982E-05 0.795355
0.00924506 9.9991E-05 0.126982 0.762667 0.101006
0.00801829 0.150581 9.9991E-05 0.708463 0.132837
9.9991E-05 0.291427 0.0760118 0.32335 0.309112
0.0547805 0.618091 0.119947 0.129467 0.077714
0.0111237 0.93153 9.9982E-05 9.9982E-05 0.0571458
0.9996 9.997E-05 9.997E-05 9.997E-05 9.997E-05
0.0671588 0.270863 0.0406783 0.444575 0.176725
9.9991E-05 0.597201 0.0769974 0.204186 0.121516
0.0359924 0.200355 0.0673191 0.332311 0.364022
0.00951893 0.159549 0.787515 9.9991E-05 0.0433171
0.0153781 0.235002 0.74942 9.9982E-05 9.9982E-05
0.00117392 9.9991E-05 0.828301 0.164041 0.00638433
0.0571523 0.212911 0.722007 9.9991E-05 0.00782942
0.0586467 9.9991E-05 0.842201 0.0648522 0.0342
9.9982E-05 9.9982E-05 0.857096 0.00904011 0.133664
9.9991E-05 0.0124762 0.749591 0.227478 0.0103549
0.010859 0.10446 0.823847 0.00388749 0.0569468
0.0261587 9.9982E-05 0.853752 9.9982E-05 0.119889
0.0449216 0.100892 0.792513 0.0615736 9.9991E-05
0.0250557 0.251279 0.589947 0.133619 9.9991E-05
9.9982E-05 0.0707631 0.830957 9.9982E-05 0.09808
9.9991E-05 0.179762 0.670059 0.118928 0.0311512
0.0803271 0.608881 0.308295 0.00239652 9.9991E-05
0.0133978 9.9991E-05 0.0481939 0.175517 0.762791
0.0320504 0.0449081 0.0213074 0.166104 0.73563
0.0177154 9.9982E-05 9.9982E-05 0.0714496 0.910635
9.9982E-05 0.169044 0.684134 0.146623 9.9982E-05
0.0838623 0.440748 0.47519 9.9982E-05 9.9982E-05
0.00232457 0.129687 0.728991 0.0694688 0.0695289
0.0601644 0.278158 0.661478 9.9982E-05 9.9982E-05
0.0648039 0.00198136 0.842931 0.0849046 0.00537948
0.00617525 0.697749 0.0997578 0.196218 9.9991E-05
0.0167119 0.864398 0.0423822 0.0678886 0.00861899
9.9991E-05 0.865278 0.0681758 0.0316407 0.0348057
0.0273689 0.972331 9.9973E-05 9.9973E-05 9.9973E-05
0.0332735 0.858643 9.9982E-05 9.9982E-05 0.107884
0.0373735 0.959517 0.00290909 9.9982E-05 9.9982E-05
0.0201077 0.845478 0.0254398 0.00190599 0.107068
9.9982E-05 0.36901 0.612121 0.0186684 9.9982E-05
0.108988 0.309869 0.457803 0.0834744 0.0398651
0.0254148 0.166881 0.75322 9.9991E-05 0.054384
0.0455674 0.116641 0.740973 9.9991E-05 0.0967191
0.0307909 0.0824837 0.696352 0.190274 9.9991E-05
0.0152551 0.194816 0.0160364 0.029954 0.743939
9.9991E-05 0.604295 0.274594 0.0165145 0.104497
9.9982E-05 0.851968 0.141622 0.00620939 9.9982E-05
0.9996 9.997E-05 9.997E-05 9.997E-05 9.997E-05
9.9991E-05 0.143171 0.00239645 0.69199 0.162342
0.0276727 0.0749117 9.9991E-05 0.781381 0.115935
0.0375632 0.285753 9.9991E-05 0.509671 0.166913
0.0420513 0.296518 0.0658071 0.371823 0.223801
9.9991E-05 0.0110626 0.0722511 0.841521 0.0750653
9.9973E-05 0.860619 0.139081 9.9973E-05 9.9973E-05
0.0440243 0.137237 0.00731696 0.178967 0.632454
0.0867013 0.65432 0.206837 0.0520423 9.9991E-05
0.0325475 0.374676 0.0546428 0.270224 0.26791
0.00842191 9.9991E-05 0.0149234 0.844841 0.131713
0.00367777 0.262073 9.9991E-05 0.638359 0.0957903
9.9982E-05 0.362098 9.9982E-05 0.511651 0.126051
0.0145873 0.312161 0.0502739 0.622878 9.9991E-05
0.0135292 0.387668 9.9991E-05 0.569882 0.0288202
9.9982E-05 0.249254 9.9982E-05 0.681954 0.0685914
0.0176956 0.690609 0.208678 0.00627607 0.0767406
0.0611349 0.632516 0.136102 0.0835678 0.0866796
0.0740083 0.707075 0.175311 0.014006 0.0296002
9.9982E-05 0.632434 9.9982E-05 0.130836 0.23653
9.9991E-05 0.424824 0.127678 0.29563 0.151767
9.9991E-05 0.0724857 0.0524174 0.403654 0.471343
0.000513899 9.9982E-05 0.78307 0.216217 9.9982E-05
0.041894 0.186763 0.724277 0.031755 0.0153115
0.000462443 0.573164 0.180494 0.0259368 0.219943
0.0290316 0.54427 0.166394 0.120974 0.139331
0.0392324 0.384306 0.188676 0.0934773 0.294309
9.9973E-05 0.303774 9.9973E-05 9.9973E-05 0.695926
0.04273 0.25261 0.645103 9.9991E-05 0.0594568
9.9982E-05 0.293201 0.660188 0.0464112 9.9982E-05
9.9982E-05 0.426448 0.512651 0.0607015 9.9982E-05
0.0621965 0.0509967 0.0454102 0.34957 0.491827
0.0100028 9.9991E-05 0.0866486 0.723891 0.179358
0.0332147 0.257291 0.0262629 0.639437 0.0437941
9.9982E-05 9.9982E-05 0.149741 0.798417 0.051642
9.9982E-05 0.0197034 9.9982E-05 0.600623 0.379474
0.0108391 0.0973669 9.9991E-05 0.74193 0.149764
9.9991E-05 0.0220718 0.0626016 0.837786 0.0774408
0.023541 9.9982E-05 0.0658565 0.910403 9.9982E-05
9.9991E-05 0.128969 0.014063 0.432284 0.424584
9.9982E-05 0.173772 9.9982E-05 0.694411 0.131617
0.0213544 0.214271 9.9991E-05 0.626497 0.137778
0.0320993 0.11444 9.9991E-05 0.690153 0.163208
9.9991E-05 0.159216 0.0892201 0.528072 0.223391
0.0543134 0.154411 0.0368452 0.742072 0.0123585
0.00835873 0.359016 9.9991E-05 0.377421 0.255104
9.9991E-05 0.0127444 0.0851494 0.862294 0.0397118
9.9973E-05 0.107733 9.9973E-05 9.9973E-05 0.891968
9.9973E-05 9.9973E-05 9.9973E-05 0.067403 0.932297
0.0358581 9.9973E-05 9.9973E-05 9.9973E-05 0.963842
9.99984E-05 0.0150131 0.0761759 0.0800694 0.828642
0.0402554 0.113125 0.0358826 0.0249816 0.785755
0.00780538 0.277566 0.0593522 0.655177 9.9991E-05
0.0369881 0.139586 9.9991E-05 0.616853 0.206473
9.9973E-05 0.0606061 0.939094 9.9973E-05 9.9973E-05
0.0276434 0.023064 0.808531 0.0926989 0.0480631
0.0382045 9.9991E-05 0.857946 0.0851284 0.0186207
0.0161279 0.209443 0.629202 0.0386053 0.106622
0.0185755 0.00718328 0.841879 0.132263 9.9991E-05
0.00231573 0.0970877 0.778726 9.9991E-05 0.121771
0.0197141 0.0596141 0.889344 0.0312281 9.9991E-05
0.00537037 0.0577611 0.835822 9.9991E-05 0.100946
9.9991E-05 0.00893649 0.833182 0.0423856 0.115396
9.9973E-05 9.9973E-05 0.862897 9.9973E-05 0.136803
0.0308107 0.143339 0.777119 0.0486312 9.9991E-05
0.0407903 0.128824 0.727928 0.102357 9.9991E-05
0.0101994 9.9991E-05 0.777231 0.205436 0.00703409
0.027419 9.9991E-05 0.863912 0.0160505 0.0925182
0.0155639 0.142862 0.841374 9.9982E-05 9.9982E-05
0.0166035 9.9982E-05 0.893918 0.0892782 9.9982E-05
0.0190469 0.0523087 0.860324 0.0682201 9.9991E-05
9.9991E-05 0.749983 0.151773 0.0650462 0.0330979
0.00210543 0.857611 9.9982E-05 0.140083 9.9982E-05
9.9982E-05 0.0945334 0.849676 0.0555904 9.9982E-05
0.0136623 0.130282 0.65482 0.201136 9.9991E-05
9.9982E-05 0.192704 0.793265 9.9982E-05 0.0138319
0.00225597 0.662067 0.171689 0.163888 9.9991E-05
0.00725239 0.0539505 0.0311629 0.864255 0.0433789
0.0139502 9.9991E-05 0.0257862 0.719516 0.240648
9.9991E-05 0.220145 0.000563175 0.332585 0.446607
0.00300037 0.0925631 9.9991E-05 0.264099 0.640238
9.9973E-05 0.223581 9.9973E-05 9.9973E-05 0.776119
9.9991E-05 0.0659783 0.0160784 0.0108434 0.907
9.9982E-05 0.163335 9.9982E-05 0.0649155 0.77155
0.0230131 0.130477 9.9991E-05 0.0614528 0.784957
0.044757 0.185889 0.0314999 0.00398119 0.733873
0.0360441 9.9991E-05 0.0624952 0.118339 0.783021
9.9991E-05 0.029554 0.0847098 0.819429 0.066207
0.055303 0.0944982 0.0535053 0.71399 0.0827032
0.0394833 0.265278 0.0152812 0.679857 9.9991E-05
9.99731E-05 0.302288 9.99731E-05 0.697412 9.99731E-05
0.0211875 0.233321 9.9982E-05 0.745292 9.9982E-05
9.9973E-05 0.461232 9.9973E-05 0.538468 9.9973E-05
0.0049718 0.302536 9.9991E-05 0.454859 0.237534
9.9991E-05 0.186667 0.0633491 0.564177 0.185706
0.0465577 0.221346 9.9991E-05 0.628144 0.103853
0.0257708 0.206307 0.0439914 0.571431 0.1525
0.0305864 0.08051 0.0566308 0.768714 0.0635585
0.146411 9.9991E-05 0.0802926 0.0799481 0.693248
0.00574237 0.219039 0.730702 0.0444169 9.9991E-05
0.0518855 0.062535 0.797835 9.9991E-05 0.0876446
0.00858319 0.125235 0.853174 0.00299722 0.0100105
0.011682 0.0169302 0.76055 0.194679 0.0161588
0.00822174 0.0135739 0.79424 0.145726 0.0382376
0.0277638 0.198957 0.105675 0.373014 0.29459
0.0413072 0.143213 9.9991E-05 0.561537 0.253843
0.0506913 9.9991E-05 0.0571348 0.775026 0.117048
0.0422673 0.284737 9.9991E-05 0.427558 0.245337
