9.9973E-05 0.0779292 9.9973E-05 0.113967 0.0911222 9.9973E-05 0.716681
0.244619 0.0577133 0.0337162 0.03413 0.0259785 9.9991E-05 0.603743
9.9982E-05 9.9982E-05 0.0186719 0.181641 0.0412525 0.0295118 0.728723
0.0469994 9.9991E-05 0.00308164 0.0546546 0.165217 0.0385535 0.691394
0.0480963 0.0234315 0.0216199 9.9982E-05 9.9982E-05 0.0717355 0.834917
0.25024 0.121069 9.9973E-05 9.9973E-05 0.0263098 9.9973E-05 0.602081
0.255847 0.0845816 9.9973E-05 9.9973E-05 0.135901 9.9973E-05 0.52337
0.0731397 9.9973E-05 0.0452685 9.9973E-05 0.177473 9.9973E-05 0.703819
0.711694 0.0287781 0.0118514 0.0254005 9.9991E-05 0.0476278 0.174548
0.311761 9.9991E-05 0.0208621 0.18726 0.1863 0.00115926 0.292558
0.394288 9.9982E-05 0.0485271 9.9982E-05 0.375239 0.103651 0.0780949
0.363997 9.9991E-05 0.0238734 0.179142 0.1854 0.0188197 0.228668
0.266255 0.0104334 0.0439566 9.9982E-05 0.620782 0.0583731 9.9982E-05
0.66925 9.9982E-05 9.9982E-05 0.079254 0.0928903 0.116711 0.0416945
0.373018 9.9982E-05 0.0379362 0.149504 9.9982E-05 0.0769572 0.362385
0.590247 0.00359663 9.9982E-05 0.0306672 0.170911 9.9982E-05 0.204378
0.405064 0.0698594 9.9973E-05 0.142966 9.9973E-05 9.9973E-05 0.381811
0.454646 9.9973E-05 0.0101386 0.0258756 9.9973E-05 9.9973E-05 0.50904
0.210711 0.0916341 0.0469997 0.477726 0.11579 0.0570388 9.9991E-05
0.293618 0.0353464 9.9973E-05 0.579521 0.0912149 9.9973E-05 9.9973E-05
0.118392 9.9991E-05 0.00309604 0.604807 0.0353413 0.0208856 0.217378
0.0578333 9.9973E-05 9.9973E-05 0.784414 0.0922138 0.0652385 9.9973E-05
9.9973E-05 9.9973E-05 0.0451545 0.890963 0.052442 0.0111409 9.9973E-05
0.118522 0.0475695 0.0493404 0.714647 9.9982E-05 9.9982E-05 0.0697218
0.153722 0.00320849 9.9982E-05 0.610788 0.0896477 9.9982E-05 0.142434
9.9964E-05 0.0194606 9.9964E-05 0.842188 9.9964E-05 9.9964E-05 0.137952
9.9982E-05 0.0101283 0.0210559 0.88299 0.00489667 0.0807292 9.9982E-05
0.0298466 0.0575185 0.00806448 0.846138 0.0222566 0.0360756 9.9991E-05
0.0254186 9.9973E-05 9.9973E-05 0.83232 9.9973E-05 0.0449515 0.0970101
9.9973E-05 0.100562 9.9973E-05 0.796463 9.9973E-05 0.00839808 0.0942767
0.0989227 0.0679868 0.00100659 0.831784 9.9973E-05 9.9973E-05 9.9973E-05
0.0779816 9.9982E-05 0.0305443 0.772299 9.9982E-05 0.0639774 0.0549976
0.0222988 0.0175463 0.0545934 0.797958 0.0389543 9.9991E-05 0.0685487
0.296703 9.9991E-05 0.042718 0.0986584 0.200104 0.0360573 0.325659
0.224379 9.9973E-05 9.9973E-05 0.233199 9.9973E-05 0.0419313 0.50019
0.15051 0.0409386 9.9982E-05 0.0885869 9.9982E-05 0.06695 0.652815
9.9982E-05 0.0444695 0.0333603 0.0782319 0.181379 9.9982E-05 0.662359
0.232476 9.9991E-05 0.0275183 0.0901683 0.2347 0.0974108 0.317627
9.995E-05 9.995E-05 0.9994 9.995E-05 9.995E-05 9.995E-05 9.995E-05
9.9973E-05 9.9973E-05 0.0322962 0.718324 0.239887 0.00919252 9.9973E-05
9.9964E-05 0.198018 9.9964E-05 0.16503 9.9964E-05 9.9964E-05 0.636553
0.299058 9.9982E-05 0.0015804 0.123352 0.14582 9.9982E-05 0.42999
0.257904 0.133399 0.00295211 0.242073 0.169358 0.0430736 0.151241
0.152069 0.0775033 0.0371058 0.0605769 0.583961 0.0886842 9.9991E-05
9.9982E-05 0.0347703 0.000674314 0.0676271 0.884878 9.9982E-05 0.0118501
9.995E-05 9.995E-05 0.9994 9.995E-05 9.995E-05 9.995E-05 9.995E-05
0.254084 9.9991E-05 0.0636978 0.185857 0.257455 0.0202459 0.218561
0.295154 0.142821 9.9982E-05 0.0564321 0.358801 9.9982E-05 0.146592
0.207117 9.9991E-05 0.0235566 0.340268 0.155629 0.118176 0.155154
0.0828488 0.497467 0.0197884 9.9982E-05 0.0848425 0.314853 9.9982E-05
0.0334935 0.23142 0.00834332 0.0820713 0.0641165 0.580455 9.9991E-05
9.9973E-05 0.292222 9.9973E-05 0.00854816 9.9973E-05 0.575551 0.123379
0.115344 0.188662 0.0335389 9.9982E-05 0.130129 0.532126 9.9982E-05
0.0587175 0.115253 0.0407577 0.0614635 9.9982E-05 0.723609 9.9982E-05
0.0603227 0.120946 9.9973E-05 0.0683704 9.9973E-05 0.750061 9.9973E-05
0.286652 9.9955E-05 9.9955E-05 9.9955E-05 9.9955E-05 0.712849 9.9955E-05
0.139394 0.518458 0.00388323 9.9982E-05 0.00181783 0.336247 9.9982E-05
9.99549E-05 0.996944 0.00255599 9.99549E-05 9.99549E-05 9.99549E-05 9.99549E-05
0.0760375 0.0739051 0.0501394 9.9991E-05 0.0445402 0.736393 0.0188845
9.9982E-05 0.265886 0.0262919 9.9982E-05 0.283884 0.372276 0.0514628
9.995E-05 0.9994 9.995E-05 9.995E-05 9.995E-05 9.995E-05 9.995E-05
9.9991E-05 0.20643 0.00746745 0.0950453 0.129039 0.527083 0.0348352
0.189462 0.132113 0.0507175 9.9982E-05 0.413761 0.213747 9.9982E-05
0.125884 9.9982E-05 0.0188119 0.690247 9.9982E-05 0.0563093 0.108548
0.00736239 9.9991E-05 0.0415011 0.716493 0.0396155 0.010929 0.183999
9.9973E-05 0.0559184 0.00782613 0.782961 9.9973E-05 9.9973E-05 0.152995
0.12 0.0771002 0.00440926 9.9982E-05 0.109703 0.688587 9.9982E-05
9.9982E-05 0.105992 0.0574003 9.9982E-05 0.28889 0.426426 0.121092
0.14387 0.0966353 0.0121499 9.9982E-05 0.0836965 0.663448 9.9982E-05
9.9982E-05 0.0755873 0.0624298 0.0027896 0.252493 0.606501 9.9982E-05
0.0148266 0.120884 0.0547271 9.9982E-05 9.9982E-05 0.738266 0.0710964
0.148868 0.140724 9.9982E-05 9.9982E-05 0.531467 0.0554574 0.123283
0.32079 0.055096 9.9973E-05 9.9973E-05 0.565177 0.0586375 9.9973E-05
0.108331 0.170357 9.9973E-05 9.9973E-05 0.720867 9.9973E-05 0.000145472
9.9955E-05 9.9955E-05 0.0187143 9.9955E-05 0.980786 9.9955E-05 9.9955E-05
0.0221827 9.9973E-05 0.0179792 0.071808 0.88773 9.9973E-05 9.9973E-05
0.0802786 0.0969084 0.00827805 9.9973E-05 0.814235 9.9973E-05 9.9973E-05
0.0402107 9.9991E-05 0.0341876 0.13059 0.59472 0.0534804 0.146712
0.163962 0.105765 9.9973E-05 9.9973E-05 0.109549 0.620424 9.9973E-05
0.042057 0.164842 0.105011 9.9991E-05 0.256619 0.312686 0.118685
9.9991E-05 0.207669 0.0253851 0.0622331 0.0441895 0.610228 0.0501961
0.0875198 0.198831 0.0380819 0.041027 0.0267551 0.607685 9.9991E-05
0.277951 9.9964E-05 0.0290997 9.9964E-05 9.9964E-05 0.69255 9.9964E-05
0.268208 9.9982E-05 0.00648704 0.626906 0.0288142 0.0693853 9.9982E-05
0.0422309 0.0880919 9.9991E-05 0.150455 0.424283 0.22401 0.0708291
0.012112 0.0336798 9.9982E-05 9.9982E-05 0.781821 0.126231 0.0459556
9.995E-05 9.995E-05 0.9994 9.995E-05 9.995E-05 9.995E-05 9.995E-05
0.11668 9.9973E-05 9.9973E-05 0.159941 0.179135 9.9973E-05 0.543944
0.143801 0.0863107 0.0260085 0.0967349 0.0278757 9.9991E-05 0.61917
0.581049 0.135666 0.0252574 0.077011 0.0320161 9.9991E-05 0.148901
0.576716 0.0674243 0.0383908 0.153989 0.101661 0.0617186 9.9991E-05
0.286513 0.0102632 9.9982E-05 0.0622525 9.9982E-05 0.079686 0.561085
0.0163801 0.226809 9.9973E-05 0.0209118 0.735599 9.9973E-05 9.9973E-05
0.179798 0.024857 0.0387346 0.511805 0.166616 9.9991E-05 0.0780893
0.0859947 0.0107793 0.0703087 9.9991E-05 0.613065 0.183487 0.0362643
0.0406073 9.9991E-05 0.0518384 0.290351 0.33639 0.0913807 0.189333
0.663597 0.0424006 9.9973E-05 0.0298391 9.9973E-05 9.9973E-05 0.263863
0.10426 9.9973E-05 9.9973E-05 0.055698 0.229903 9.9973E-05 0.609839
0.367964 9.9973E-05 9.9973E-05 0.110852 0.215684 9.9973E-05 0.3052
0.82275 0.0781426 0.00264063 9.9982E-05 0.0700953 0.026172 9.9982E-05
9.9973E-05 9.9973E-05 0.0211834 0.0279653 0.386693 9.9973E-05 0.563858
0.805428 9.9964E-05 9.9964E-05 9.9964E-05 0.143248 9.9964E-05 0.0509242
9.9982E-05 0.0844161 0.0212723 9.9982E-05 0.612863 0.137346 0.143903
9.9991E-05 0.105238 0.0638681 0.083579 0.602579 0.0601432 0.0844931
0.0719091 0.0174137 0.0694972 0.00503911 0.631389 0.178659 0.0260921
0.381983 9.9982E-05 0.00774564 0.111691 0.490445 9.9982E-05 0.00793598
0.286289 0.0616732 9.9991E-05 0.086585 0.438996 0.0601443 0.066212
0.219139 9.9982E-05 9.9982E-05 0.381701 0.0612669 0.0712471 0.266445
0.0606382 0.119493 0.0255315 9.9982E-05 9.9982E-05 0.679529 0.114608
9.9991E-05 0.0551253 0.0295505 0.0188152 0.164073 0.694945 0.0373909
0.0243854 0.156417 0.00134284 0.131948 0.509138 0.0773846 0.0993846
0.339243 0.140749 0.00357861 0.0814305 0.393684 0.0412153 9.9991E-05
9.9982E-05 0.203784 0.0353438 0.177202 0.378287 9.9982E-05 0.205183
0.0578911 9.9964E-05 9.9964E-05 0.70749 0.234219 9.9964E-05 9.9964E-05
9.9973E-05 9.9973E-05 0.0443163 0.0321089 0.310127 0.613148 9.9973E-05
0.0695066 0.172995 9.9982E-05 0.00736566 0.255474 0.494459 9.9982E-05
9.9982E-05 0.0718109 0.00386602 9.9982E-05 0.402476 0.414033 0.107615
0.14761 0.0422176 0.0658895 0.424186 0.0857054 0.028623 0.205769
0.0749733 0.0555407 0.00105783 0.193262 9.9991E-05 0.0226446 0.652421
0.122358 9.9982E-05 0.0350685 9.9982E-05 0.153218 0.0476653 0.64149
0.0053921 0.0489018 9.9991E-05 0.045191 0.010782 0.0610947 0.828539
0.304259 0.00985158 9.9982E-05 0.317322 9.9982E-05 0.0172228 0.351145
0.210827 0.0277086 0.0164508 0.194001 0.0759279 9.9991E-05 0.474984
9.9964E-05 9.9964E-05 9.9964E-05 0.0807424 9.9964E-05 0.0522155 0.866642
0.0439745 0.0754021 0.0146244 9.9982E-05 9.9982E-05 0.000660034 0.865139
0.167771 9.9973E-05 9.9973E-05 0.331696 0.179601 9.9973E-05 0.320633
0.872408 9.9973E-05 9.9973E-05 0.0316035 9.9973E-05 0.00653519 0.0891536
0.929953 0.0390978 0.00387502 0.0228167 0.0040574 9.9982E-05 9.9982E-05
0.812601 0.0498238 0.00972491 9.9973E-05 9.9973E-05 9.9973E-05 0.12755
0.216984 0.0313765 0.00815901 0.205412 0.180434 0.0537632 0.303871
0.816455 0.0034495 0.0426015 9.9982E-05 9.9982E-05 0.0648375 0.072456
0.667664 0.0214743 0.0107673 0.119866 0.180028 9.9982E-05 9.9982E-05
0.0397325 9.9982E-05 9.9982E-05 0.027895 0.0903212 0.032118 0.809733
0.0428963 9.9964E-05 9.9964E-05 0.831815 0.124889 9.9964E-05 9.9964E-05
9.9955E-05 9.9955E-05 9.9955E-05 0.815526 9.9955E-05 9.9955E-05 0.183974
0.209284 9.9964E-05 0.0348567 0.75546 9.9964E-05 9.9964E-05 9.9964E-05
0.1677 9.9973E-05 9.9973E-05 0.711476 9.9973E-05 0.0881873 0.0323368
9.9991E-05 0.0704693 0.00972146 0.746065 0.0441702 0.0150415 0.114433
0.175798 9.9982E-05 0.0148777 9.9982E-05 0.223212 0.0938232 0.492088
9.9982E-05 0.0181238 0.0314381 0.178231 0.137697 9.9982E-05 0.63431
9.99549E-05 0.550662 9.99549E-05 9.99549E-05 9.99549E-05 0.448838 9.99549E-05
0.0678884 9.9982E-05 0.0376816 0.0536306 0.0318391 0.80876 9.9982E-05
9.9982E-05 0.0799451 0.00898632 0.0230304 9.9982E-05 0.812074 0.0757639
9.9982E-05 0.0426468 9.9982E-05 0.0290407 0.240847 0.625435 0.06183
9.9982E-05 0.188551 0.0206309 9.9982E-05 0.127159 0.658711 0.00474782
0.0550777 0.1313 9.9973E-05 0.147533 9.9973E-05 0.665789 9.9973E-05
9.9973E-05 9.9973E-05 0.0202558 9.9973E-05 0.024461 0.954684 0.000299067
9.9973E-05 0.33657 9.9973E-05 0.0836165 9.9973E-05 0.551847 0.0276667
9.9982E-05 0.0902269 9.9982E-05 0.0695752 0.125459 0.713588 0.000951003
9.9982E-05 0.27222 0.00928602 0.116229 0.025449 0.576615 9.9982E-05
9.9973E-05 9.9973E-05 0.0520087 9.9973E-05 0.0855504 0.844767 0.0173739
0.118568 0.094753 0.0374418 9.9982E-05 0.0428321 0.706205 9.9982E-05
9.9982E-05 0.106626 0.0117494 0.0799498 9.9982E-05 0.70146 0.100015
9.9973E-05 0.168818 0.0100779 0.0875965 9.9973E-05 0.733208 9.9973E-05
9.9982E-05 0.130238 0.0212278 9.9982E-05 0.0877564 0.709718 0.0508602
9.9973E-05 0.0273324 0.0190142 9.9973E-05 9.9973E-05 0.867387 0.0859669
9.9982E-05 0.0593076 0.0278513 0.0698661 9.9982E-05 0.8235 0.0192755
9.9964E-05 9.9964E-05 9.9964E-05 9.9964E-05 0.763651 0.130835 0.105115
0.0717666 9.9964E-05 9.9964E-05 0.00461116 0.923222 9.9964E-05 9.9964E-05
9.9973E-05 0.0726138 9.9973E-05 9.9973E-05 0.102185 0.761921 0.0629808
9.9982E-05 0.239458 0.0178575 0.0443951 9.9982E-05 0.452836 0.245253
9.995E-05 0.9994 9.995E-05 9.995E-05 9.995E-05 9.995E-05 9.995E-05
0.0798128 0.211178 9.9973E-05 9.9973E-05 0.573427 9.9973E-05 0.135283
9.9964E-05 9.9964E-05 9.9964E-05 9.9964E-05 0.0337131 0.0411067 0.92478
0.169062 9.9973E-05 0.0390435 0.179753 9.9973E-05 9.9973E-05 0.611842
9.9973E-05 0.0988448 9.9973E-05 0.402831 0.093275 9.9973E-05 0.404749
0.233378 0.00566951 0.00950957 0.5578 0.0657841 9.9991E-05 0.127759
0.0682584 9.9964E-05 9.9964E-05 0.699308 0.232033 9.9964E-05 9.9964E-05
0.148901 0.0561668 9.9973E-05 0.780129 9.9973E-05 0.0145034 9.9973E-05
0.0681008 0.0354245 9.9982E-05 0.739438 0.0328551 9.9982E-05 0.123982
0.17284 0.00124585 0.0260169 0.665339 0.134358 9.9982E-05 9.9982E-05
0.048915 9.9982E-05 0.0295111 0.68507 0.191905 0.0443991 9.9982E-05
9.9982E-05 9.9982E-05 0.03085 0.732591 0.0209468 0.10069 0.114722
0.00364379 0.0458347 0.00499092 0.0928778 0.0851495 0.0038991 0.763604
9.9982E-05 0.134254 0.04574 0.0338166 0.0472998 9.9982E-05 0.73869
0.00073492 0.12203 0.0373052 9.9982E-05 0.153559 9.9982E-05 0.686171
9.99551E-05 9.99551E-05 9.99551E-05 9.99551E-05 0.286363 9.99551E-05 0.713137
0.115261 0.0574391 0.014171 9.9982E-05 0.143332 9.9982E-05 0.669597
0.208981 9.9964E-05 9.9964E-05 9.9964E-05 0.309503 9.9964E-05 0.481116
0.582128 0.0479757 9.9982E-05 0.150247 0.0831087 9.9982E-05 0.136341
0.812815 0.100442 0.00360558 0.0655291 0.0174084 9.9982E-05 9.9982E-05
0.91203 9.9964E-05 0.0310341 9.9964E-05 9.9964E-05 0.0565359 9.9964E-05
0.774309 9.9982E-05 9.9982E-05 0.0863714 0.0672524 0.0605867 0.0112806
0.763376 9.9991E-05 0.0150855 0.00793054 0.0343851 0.0877708 0.0913524
0.143003 0.0224317 0.151053 0.613339 9.9991E-05 0.0624011 0.00767268
0.0547568 0.485441 9.9982E-05 9.9982E-05 0.132784 0.293278 0.03354
9.9982E-05 0.0841274 0.055433 0.0457893 0.126997 0.687453 9.9982E-05
0.0853834 9.9973E-05 0.00847551 9.9973E-05 0.0470744 0.858767 9.9973E-05
0.0783635 9.9991E-05 0.0256064 0.0211268 0.0363416 0.743381 0.0950804
9.9982E-05 0.0549937 0.0181707 0.0529195 9.9982E-05 0.772619 0.101097
0.441063 0.0267155 0.0221114 0.197 0.0961627 0.0970646 0.119883
0.459836 0.038468 0.0238914 0.223564 0.031255 0.0101566 0.212829
0.80541 0.0331601 0.0504989 9.9973E-05 9.9973E-05 9.9973E-05 0.110631
0.36631 9.9982E-05 0.0411344 0.241416 0.126809 9.9982E-05 0.224131
