9.9991E-05 0.0251466 0.801268 0.173485
9.999E-05 0.0390559 0.792099 0.168745
0.00296018 0.0462742 0.667439 0.283327
0.0254963 0.0217314 0.887732 0.0650401
0.0710238 0.0151372 0.856592 0.0572467
0.0803916 9.9991E-05 0.87354 0.0459685
0.0756479 0.00584568 0.850811 0.0676959
9.9982E-05 0.0403958 0.959404 9.9982E-05
0.0748924 0.00516469 0.681277 0.238666
0.016763 0.0498173 0.665442 0.267978
0.172619 0.0722399 0.646152 0.108989
0.0705 0.0386836 0.633031 0.257785
0.312277 0.0634037 0.566039 0.0582801
0.101461 0.0200809 0.618268 0.26019
0.0353618 0.0407757 0.701125 0.222738
0.0204562 0.00807618 0.842168 0.129299
9.9991E-05 0.011765 0.721523 0.266612
9.9991E-05 0.0372533 0.893735 0.0689122
0.168754 0.073513 0.1401 0.617634
0.027249 9.9991E-05 0.223407 0.749244
0.00317069 0.0269839 0.257277 0.712568
0.0531756 0.0151438 0.0394196 0.892261
0.0141517 0.0594114 9.9991E-05 0.926337
0.0151046 0.0575289 0.0379019 0.889465
9.9982E-05 9.9982E-05 0.273666 0.726134
9.9991E-05 0.0195524 0.0274351 0.952913
0.0153135 0.0339578 9.9991E-05 0.950629
0.0602612 0.0354612 9.9991E-05 0.904178
0.0243993 9.9982E-05 9.9982E-05 0.975401
0.0934848 9.9982E-05 9.9982E-05 0.906315
0.0305514 0.0121222 9.9991E-05 0.957226
0.0150708 0.0618712 9.9991E-05 0.922958
9.9982E-05 0.0848419 9.9982E-05 0.914958
0.0387356 0.0730067 0.65869 0.229568
9.9982E-05 9.9982E-05 0.676415 0.323385
0.0555727 9.9991E-05 0.780183 0.164145
0.026596 0.0376264 0.852945 0.0828324
0.146309 0.00794866 0.697878 0.147864
9.998E-05 0.9997 9.998E-05 9.998E-05
0.0650227 0.0372496 0.0427605 0.854967
0.108165 0.013384 0.651285 0.227166
9.9991E-05 0.011721 0.804011 0.184168
0.169786 0.0182774 0.497492 0.314445
0.308762 0.0928839 0.514325 0.0840291
0.280173 0.0183322 0.553676 0.147819
9.998E-05 0.9997 9.998E-05 9.998E-05
0.0681196 0.0985769 0.560801 0.272502
0.224809 9.9991E-05 0.559677 0.215414
0.120129 0.0320522 0.426991 0.420828
0.844282 0.0461744 0.109444 9.9991E-05
0.889249 0.0335145 0.070552 0.00668439
0.874307 9.9982E-05 0.125493 9.9982E-05
0.822271 0.0565243 0.121104 9.9991E-05
0.867833 0.0586801 9.9991E-05 0.0733871
0.900117 0.00613945 0.0242981 0.0694453
0.797539 9.9982E-05 0.202261 9.9982E-05
0.887786 9.9991E-05 0.0385881 0.0735259
0.89651 0.021113 9.9991E-05 0.0822772
0.876823 0.0454403 0.0776369 9.9991E-05
0.706747 0.0296745 0.263478 9.9991E-05
0.892977 9.9982E-05 9.9982E-05 0.106824
0.782758 0.00552134 0.133872 0.0778488
0.54822 0.0868137 0.331954 0.0330125
0.0406567 0.0279996 0.061789 0.869555
0.0279645 0.0397139 0.119088 0.813234
9.9982E-05 9.9982E-05 0.0612007 0.938599
0.816743 0.0233862 0.10823 0.0516405
0.698054 0.106802 0.168537 0.0266071
0.844096 0.0157759 0.0990559 0.0410721
0.857945 0.0521102 0.0459924 0.0439524
0.870135 0.0320016 0.0528856 0.0449773
0.321529 0.0334399 0.644931 9.9991E-05
0.327171 0.0293196 0.643409 9.9991E-05
0.357237 0.0110773 0.621328 0.0103569
0.347602 0.0483028 0.512806 0.0912889
0.254506 0.0583006 0.605753 0.0814406
0.350731 0.0489271 0.577952 0.0223894
0.290689 0.0373933 0.53477 0.137148
0.783288 9.9982E-05 0.216512 9.9982E-05
0.523687 0.169331 0.268633 0.0383502
0.85536 0.0362936 9.9991E-05 0.108246
0.846722 0.0402043 9.9991E-05 0.112974
0.762575 0.0402341 0.197091 9.9991E-05
0.0504334 0.0165749 0.140569 0.792423
0.467836 9.9991E-05 0.335217 0.196847
0.417478 0.00494748 0.577475 9.9991E-05
9.998E-05 0.9997 9.998E-05 9.998E-05
9.9982E-05 9.9982E-05 0.754461 0.245339
9.9991E-05 0.0206526 0.749188 0.230059
0.0424047 0.0684993 0.665326 0.22377
0.136978 0.0743482 0.530554 0.258119
0.0104367 9.9991E-05 0.834282 0.155181
0.443813 9.9991E-05 0.503696 0.0523911
0.0633412 0.0503973 0.188762 0.6975
0.400456 0.0971401 0.502304 9.9991E-05
0.149724 0.0450752 0.463415 0.341786
9.9982E-05 9.9982E-05 0.772785 0.227015
0.0107167 0.00470324 0.89369 0.0908899
0.0470312 9.9991E-05 0.775451 0.177418
0.0843841 0.0326019 0.882914 9.9991E-05
0.0257111 0.0119812 0.850463 0.111845
9.9991E-05 0.0236323 0.859785 0.116483
0.431566 0.0556413 0.466104 0.0466887
0.332428 0.0972586 0.497825 0.0724889
0.401926 0.0818054 0.500778 0.0154906
0.140015 0.0257543 0.531876 0.302355
0.254039 9.9991E-05 0.52576 0.2201
0.0732802 9.9991E-05 0.467988 0.458632
0.84534 0.0173564 0.121915 0.0153893
0.811828 0.0305337 0.157538 9.9991E-05
0.384717 0.0204806 0.417256 0.177546
0.289823 0.0462963 0.509695 0.154186
0.26839 0.0626712 0.343645 0.325294
0.0343953 0.00204968 0.173949 0.789606
0.767355 0.0671467 0.0482329 0.117265
0.798285 9.9991E-05 0.198067 0.00354807
0.650081 9.9982E-05 0.349719 9.9982E-05
0.0327838 0.0588273 0.388752 0.519637
0.040884 0.00895359 0.606441 0.343722
0.0296676 0.0150865 0.845928 0.109318
0.0726972 0.00717341 0.771489 0.148641
9.9982E-05 9.9982E-05 0.51474 0.48506
9.9991E-05 0.0108441 0.790159 0.198897
0.0131617 9.9991E-05 0.775447 0.211291
0.0301159 0.017596 0.882349 0.0699394
0.0506892 9.9991E-05 0.547069 0.402142
9.9991E-05 0.0112719 0.901504 0.0871236
9.9991E-05 0.0523187 0.756156 0.191425
9.9982E-05 9.9982E-05 0.888228 0.111572
0.144717 9.9991E-05 0.571865 0.283319
0.0492235 0.0542321 0.859269 0.0372751
0.0414164 0.0213063 0.672046 0.265231
0.0210082 9.9991E-05 0.861333 0.117559
0.0063197 0.000136077 0.0702346 0.92331
9.998E-05 9.998E-05 9.998E-05 0.9997
9.9982E-05 0.0339352 9.9982E-05 0.965865
0.0813102 0.012327 0.076857 0.829506
0.0537383 0.0413455 0.0346817 0.870235
0.11998 0.0120421 0.866518 0.0014596
9.9991E-05 0.0243641 0.73201 0.243526
0.9997 9.998E-05 9.998E-05 9.998E-05
0.874813 0.0332728 0.0434125 0.0485021
0.927799 0.0155161 0.0355068 0.0211783
0.776714 0.0107015 0.168429 0.0441556
0.907557 0.036112 0.0562308 9.9991E-05
0.822149 0.0269401 9.9991E-05 0.150811
0.964235 0.0222093 0.0134559 9.9991E-05
0.920594 9.9982E-05 9.9982E-05 0.0792062
0.884955 9.9982E-05 9.9982E-05 0.114845
0.915043 0.00669272 9.9991E-05 0.0781644
0.875148 0.0280077 0.0967444 9.9991E-05
0.840561 0.0452624 0.0718024 0.0423746
0.856617 0.00838302 0.0576753 0.0773244
0.909703 0.0155461 9.9991E-05 0.0746509
0.957141 0.00767682 0.0350821 9.9991E-05
0.923547 0.0318753 0.0444778 9.9991E-05
0.89716 0.0251625 9.9991E-05 0.0775771
0.409575 9.9991E-05 0.51497 0.0753556
0.241305 0.00567224 0.670718 0.0823048
0.964732 9.9982E-05 0.0350685 9.9982E-05
0.724686 0.0268452 0.248369 9.9991E-05
0.966718 0.0156426 9.9991E-05 0.0175392
0.371081 9.9982E-05 0.628719 9.9982E-05
0.00274669 0.0343557 0.911626 0.0512717
9.9991E-05 0.0377718 0.64908 0.313048
0.0554612 9.9991E-05 0.396787 0.547652
9.9982E-05 9.9982E-05 0.341674 0.658126
0.0474276 9.9991E-05 0.0970886 0.855384
0.0412109 0.0111443 0.0580988 0.889546
9.9991E-05 0.0228491 0.118142 0.858909
0.000346744 0.018582 0.201622 0.779449
0.093091 0.0479364 0.0574503 0.801522
0.0783228 0.038433 0.0071966 0.876048
0.0066323 0.00677868 0.822244 0.164345
0.0620844 0.0517725 0.739444 0.146699
0.0312769 0.0585823 0.910041 9.9991E-05
0.000202126 0.0151178 0.98458 9.9991E-05
9.9982E-05 0.036143 0.963657 9.9982E-05
0.0498952 0.0101761 0.923853 0.0160761
0.00445161 0.0270709 0.703896 0.264582
0.0669005 0.0279962 0.718561 0.186542
0.0244128 0.038866 0.84182 0.0949009
0.0458937 0.0217664 0.718715 0.213625
0.012613 0.0588756 0.809051 0.11946
0.0621024 0.154814 0.0989091 0.684175
0.839938 0.00253334 0.129282 0.0282471
0.862409 0.0618134 9.9991E-05 0.0756777
0.966504 0.00234693 0.024768 0.00638148
0.767361 0.0312273 0.165327 0.0360845
0.856262 0.0261245 9.9991E-05 0.117513
0.128761 0.0416703 0.545066 0.284503
0.045967 0.0300913 0.59496 0.328982
9.9991E-05 0.0574012 0.779499 0.163
9.9991E-05 0.0704478 0.616676 0.312776
