9.9973E-05 0.199491 9.9973E-05 0.648197 0.142076 0.00993597 9.9973E-05
9.9964E-05 9.9964E-05 0.107544 0.474584 9.9964E-05 0.417473 9.9964E-05
9.9973E-05 0.227796 9.9973E-05 0.603728 0.15365 9.9973E-05 0.0145253
9.9982E-05 0.0741637 0.0210033 0.709095 0.177444 9.9982E-05 0.0180941
0.0380443 0.00318462 0.0604469 0.799731 9.9982E-05 0.098393 9.9982E-05
0.0562444 0.0739328 0.129778 0.726394 9.9982E-05 0.0134508 9.9982E-05
0.0242861 0.000544997 0.237732 0.463528 0.0635198 0.210289 9.9991E-05
9.9982E-05 9.9982E-05 0.0418055 0.669891 0.101866 0.156374 0.0298648
0.0479183 0.0324206 0.53785 0.104188 9.9982E-05 0.277423 9.9982E-05
9.999E-05 0.209144 0.18616 0.286564 0.201437 0.0995557 0.0170394
0.0149605 9.9991E-05 0.183601 0.119448 0.366766 0.251834 0.0632902
0.000699717 0.193371 0.412658 0.260212 0.122275 9.9991E-05 0.0106844
9.9982E-05 0.00168825 0.230007 9.9982E-05 0.669228 0.0638926 0.0349851
0.0517204 0.151301 0.623835 0.0948144 0.07813 9.9982E-05 9.9982E-05
0.0758095 0.0382252 0.293297 0.363301 9.9991E-05 0.216878 0.0123887
9.9973E-05 9.9973E-05 0.372782 0.110626 0.000839408 0.515453 9.9973E-05
0.00327465 0.246451 0.439071 0.286064 0.0140036 0.0110362 9.9991E-05
9.9973E-05 9.9973E-05 0.269697 0.523244 9.9973E-05 0.196578 0.0101818
0.14021 0.396395 0.147417 0.000776744 0.0312477 0.233711 0.0502422
9.9973E-05 0.389009 0.176858 9.9973E-05 0.0101183 0.423715 9.9973E-05
9.9973E-05 0.492703 0.133019 0.0874676 9.9973E-05 0.28651 9.9973E-05
9.9964E-05 0.45975 9.9964E-05 9.9964E-05 0.0511586 0.488691 9.9964E-05
9.9964E-05 0.280991 9.9964E-05 9.9964E-05 9.9964E-05 0.704523 0.0140861
9.9973E-05 0.430822 9.9973E-05 0.0572365 9.9973E-05 0.494658 0.0169834
9.9982E-05 0.408942 0.147464 0.1165 0.0147333 0.312161 9.9982E-05
9.99639E-05 0.659641 9.99639E-05 0.0958475 9.99639E-05 0.244112 9.99639E-05
0.0835486 0.85038 0.029197 9.9982E-05 0.0100771 9.9982E-05 0.0265974
0.00720991 0.535014 0.0650097 9.9982E-05 9.9982E-05 0.387505 0.0050615
0.0138423 0.851305 9.9964E-05 0.134453 9.9964E-05 9.9964E-05 9.9964E-05
0.0289672 0.395348 9.9964E-05 9.9964E-05 9.9964E-05 0.575284 9.9964E-05
9.9955E-05 0.529925 9.9955E-05 9.9955E-05 9.9955E-05 0.469576 9.9955E-05
9.9982E-05 0.558031 0.0884107 9.9982E-05 0.0230123 0.31479 0.0155556
9.9964E-05 0.213638 9.9964E-05 9.9964E-05 9.9964E-05 0.768132 0.0178303
9.999E-05 0.0814467 0.164395 0.294597 0.161387 0.239861 0.0582126
0.0413793 0.201237 0.227137 0.478105 9.9982E-05 0.0519408 9.9982E-05
0.0451176 0.212146 0.0336235 0.654267 0.0546461 9.9982E-05 9.9982E-05
9.9973E-05 0.160859 9.9973E-05 0.645261 0.163221 9.9973E-05 0.0303584
0.0550251 0.166606 0.213534 0.363553 0.197637 0.00132579 0.00231997
9.995E-05 9.995E-05 9.995E-05 9.995E-05 9.995E-05 9.995E-05 0.9994
9.9973E-05 0.500464 9.9973E-05 9.9973E-05 0.0527428 0.428167 0.0183267
0.0958769 0.25421 9.9964E-05 0.649514 9.9964E-05 9.9964E-05 9.9964E-05
9.9982E-05 0.0439459 0.149772 0.476538 0.136982 0.192562 9.9982E-05
0.104538 9.9973E-05 0.0780086 9.9973E-05 0.0116226 0.805531 9.9973E-05
0.0871973 0.0114336 0.138942 9.9991E-05 0.489284 0.225978 0.0470643
9.9982E-05 0.0669475 9.9982E-05 0.06124 0.824732 0.0341967 0.0126841
9.995E-05 9.995E-05 9.995E-05 9.995E-05 9.995E-05 9.995E-05 0.9994
0.0534599 0.158787 0.302461 0.197039 0.0975693 0.112524 0.0781593
0.111228 0.0704994 0.294748 0.175795 0.219388 0.128241 9.9991E-05
0.0467838 0.322659 0.229304 0.122863 0.14853 0.101189 0.02867
0.66571 9.9982E-05 0.0489719 9.9982E-05 0.0973395 0.160136 0.0276434
0.725254 9.9982E-05 0.143757 9.9982E-05 0.0686129 0.0285809 0.033595
0.735173 0.0283401 0.121755 0.114432 9.9973E-05 9.9973E-05 9.9973E-05
0.568712 0.0527147 0.0508631 9.9982E-05 0.260631 9.9982E-05 0.0668792
0.735895 0.122507 0.0937688 9.9973E-05 9.9973E-05 9.9973E-05 0.0475291
0.746693 0.0580611 0.194846 9.9964E-05 9.9964E-05 9.9964E-05 9.9964E-05
0.594763 9.9955E-05 0.404737 9.9955E-05 9.9955E-05 9.9955E-05 9.9955E-05
0.701101 9.9973E-05 0.196076 9.9973E-05 9.9973E-05 0.0962246 0.00629899
0.823508 0.0398665 9.9973E-05 9.9973E-05 9.9973E-05 0.100628 0.0356969
0.662256 9.9982E-05 9.9982E-05 0.0767785 0.121768 0.0989077 0.0400901
0.536856 9.9982E-05 0.0676314 0.114139 0.255394 9.9982E-05 0.0257799
0.727807 9.9955E-05 9.9955E-05 9.9955E-05 9.9955E-05 0.271693 9.9955E-05
0.606204 0.0844361 0.0351575 0.0502362 0.223766 9.9982E-05 9.9982E-05
0.32401 9.9982E-05 0.0324008 9.9982E-05 0.354231 0.215924 0.0732344
9.99639E-05 0.348011 9.99639E-05 9.99639E-05 9.99639E-05 0.649279 0.00230995
9.9982E-05 0.545601 9.9982E-05 0.0647344 0.035783 0.350112 0.00356911
9.9973E-05 0.598069 9.9973E-05 0.0768639 9.9973E-05 0.319343 0.0054234
0.619522 0.00299992 0.141882 0.0445046 0.0728734 0.0914518 0.0267657
0.395048 0.0648442 9.9982E-05 0.0369067 0.460674 9.9982E-05 0.0423274
0.67701 0.0612887 0.0853566 0.00897532 0.0426117 0.102202 0.0225548
0.607487 9.9973E-05 9.9973E-05 9.9973E-05 0.234426 0.134511 0.0232761
0.76172 9.9973E-05 0.0890117 0.0908032 9.9973E-05 9.9973E-05 0.0581647
0.0326976 9.9982E-05 0.118289 0.0336924 0.6805 0.134621 9.9982E-05
0.0550508 9.9973E-05 0.268475 9.9973E-05 0.480594 0.195581 9.9973E-05
0.034459 0.0681461 0.074455 9.9973E-05 0.82264 9.9973E-05 9.9973E-05
9.9982E-05 0.0218791 9.9982E-05 0.0023156 0.940756 0.0163569 0.0184926
9.9964E-05 9.9964E-05 9.9964E-05 9.9964E-05 0.680591 0.273379 0.0456299
9.9973E-05 0.0380911 0.0694725 9.9973E-05 0.865334 9.9973E-05 0.0268028
0.0342841 0.00401152 9.9991E-05 0.0970481 0.518844 0.33602 0.00969228
0.580543 9.9964E-05 0.211494 9.9964E-05 0.207563 9.9964E-05 9.9964E-05
0.327922 9.9982E-05 9.9982E-05 0.0303836 0.317806 0.2335 0.0901887
0.654285 0.0439006 0.0357756 0.0646374 0.156787 0.0178526 0.0267613
0.686831 0.0917798 0.118923 9.9982E-05 0.0621323 9.9982E-05 0.0401338
0.655642 9.9973E-05 0.298246 9.9973E-05 0.0235791 9.9973E-05 0.0222329
9.9973E-05 0.615378 0.195291 9.9973E-05 0.16948 9.9973E-05 0.0195508
0.188564 9.9964E-05 9.9964E-05 9.9964E-05 0.381147 0.429889 9.9964E-05
0.0625473 9.9964E-05 9.9964E-05 9.9964E-05 0.669501 0.267552 9.9964E-05
9.995E-05 9.995E-05 9.995E-05 9.995E-05 9.995E-05 9.995E-05 0.9994
9.9982E-05 0.200559 0.126466 0.536611 0.123097 0.0130665 9.9982E-05
9.9982E-05 0.0848092 0.231158 0.447874 9.9982E-05 0.210928 0.0250307
0.0237232 9.9982E-05 0.385542 0.160435 9.9982E-05 0.401937 0.0281636
0.0236898 0.000153001 0.531045 9.9991E-05 0.0913302 0.304001 0.0496815
0.0423304 0.191439 0.17768 0.561701 0.02665 9.9982E-05 9.9982E-05
0.110555 9.9964E-05 9.9964E-05 9.9964E-05 0.657267 0.231778 9.9964E-05
0.00226763 0.389746 9.9991E-05 0.175246 0.0899182 0.306397 0.0363248
0.119553 9.9991E-05 0.0451296 0.120015 0.611772 0.0325884 0.0708414
0.0152245 0.0661953 0.0113804 0.162641 0.248916 0.482616 0.0130267
9.9964E-05 9.9964E-05 0.200968 0.244063 9.9964E-05 0.554568 9.9964E-05
9.9973E-05 9.9973E-05 0.0528686 0.503109 0.1148 0.328922 9.9973E-05
9.9982E-05 0.0686737 0.429715 0.20816 0.127812 0.165439 9.9982E-05
0.0196607 9.9982E-05 0.790003 0.00463895 0.118389 0.067108 9.9982E-05
9.9964E-05 9.9964E-05 9.9964E-05 0.514503 0.187959 0.297139 9.9964E-05
9.995E-05 9.995E-05 0.9994 9.995E-05 9.995E-05 9.995E-05 9.995E-05
0.197287 9.9982E-05 9.9982E-05 0.129884 0.441522 0.194919 0.0361876
0.060871 0.195523 0.0131386 0.0138701 0.659641 9.9991E-05 0.0568564
0.144457 9.9982E-05 9.9982E-05 0.0541311 0.529552 0.183507 0.0881533
9.9973E-05 0.155628 0.270901 9.9973E-05 0.373625 0.199545 9.9973E-05
0.0480134 9.9982E-05 0.192244 0.0208545 0.363354 0.375334 9.9982E-05
0.0483902 0.331458 0.242369 0.281666 9.9982E-05 0.0959173 9.9982E-05
0.688718 9.9982E-05 0.0752252 0.154138 9.9982E-05 0.0635638 0.0181557
0.589496 0.107756 0.0066389 0.0086902 0.27899 9.9991E-05 0.00832931
0.164541 0.0345488 9.9991E-05 0.0976462 0.408507 0.28909 0.00556715
0.141929 0.0621882 0.399675 9.9982E-05 0.303371 0.0926363 9.9982E-05
0.144557 9.9982E-05 9.9982E-05 0.050129 0.260266 0.522323 0.0225254
9.9973E-05 0.535647 0.0141874 9.9973E-05 0.251217 0.198648 9.9973E-05
0.55089 0.0489 9.9982E-05 9.9982E-05 0.303979 0.0732999 0.0227313
0.587019 9.9964E-05 9.9964E-05 9.9964E-05 0.106785 0.305796 9.9964E-05
0.415405 0.000899397 0.0676091 0.180468 0.335419 9.9982E-05 9.9982E-05
0.0367017 0.50385 0.0391289 0.3231 0.0445062 9.9991E-05 0.0526136
0.051628 0.348776 0.0216269 0.561382 0.0163872 9.9982E-05 9.9982E-05
9.9973E-05 9.9973E-05 9.9973E-05 0.598633 0.117374 0.258589 0.0251043
0.091766 0.0915372 9.9973E-05 0.762804 9.9973E-05 0.0535926 9.9973E-05
9.9973E-05 0.297267 0.0700747 0.430375 9.9973E-05 0.201984 9.9973E-05
9.9991E-05 0.0671512 0.0473109 0.543123 0.0678401 0.261382 0.0130924
9.9964E-05 0.0512534 9.9964E-05 0.733163 9.9964E-05 0.215183 9.9964E-05
0.0454098 9.9982E-05 0.0691748 0.729117 9.9982E-05 0.130721 0.0253769
9.9973E-05 0.115417 0.100225 0.247159 9.9973E-05 0.5369 9.9973E-05
9.9973E-05 0.118369 0.739231 0.108989 0.0331105 9.9973E-05 9.9973E-05
9.9964E-05 9.9964E-05 0.495287 0.0479443 9.9964E-05 0.456369 9.9964E-05
9.9991E-05 0.0356372 0.752425 0.100754 0.0473588 0.0509698 0.0127558
0.0768911 0.282597 0.311176 0.259375 0.0630005 9.9991E-05 0.00686042
0.0365503 9.9982E-05 0.666098 0.0768241 9.9982E-05 0.184394 0.0359333
9.9991E-05 0.211946 0.531552 0.00187838 0.146887 0.0922573 0.0153791
0.0149176 0.0257373 0.0719001 0.641219 0.0334905 0.212635 9.9991E-05
9.9964E-05 0.59555 9.9964E-05 9.9964E-05 0.152544 0.251506 9.9964E-05
9.9973E-05 0.785646 9.9973E-05 0.0516511 0.0327091 0.129694 9.9973E-05
9.9964E-05 0.548173 0.0251919 9.9964E-05 9.9964E-05 0.426235 9.9964E-05
0.0479838 0.463088 0.0692392 9.9973E-05 9.9973E-05 0.419389 9.9973E-05
9.9955E-05 0.403823 9.9955E-05 9.9955E-05 9.9955E-05 0.595677 9.9955E-05
0.0302456 9.9991E-05 0.068677 0.616908 0.20635 0.0681883 0.00953115
9.9982E-05 0.0821681 9.9982E-05 0.612942 0.0579797 0.222189 0.0245214
0.819265 9.9964E-05 9.9964E-05 9.9964E-05 0.165191 9.9964E-05 0.0151439
0.726849 9.9982E-05 0.0742107 0.0239448 9.9982E-05 0.147161 0.0276351
0.772068 0.00519823 0.0228752 0.110349 9.9991E-05 0.0637306 0.0256788
0.503232 0.0305053 9.9982E-05 0.0451474 0.34076 0.0801549 9.9982E-05
0.744917 0.00980957 0.0554675 0.0384408 0.134269 9.9991E-05 0.0169966
0.714937 9.9964E-05 0.0711416 9.9964E-05 9.9964E-05 0.213521 9.9964E-05
0.787332 9.9973E-05 9.9973E-05 0.0513775 0.123592 9.9973E-05 0.0373985
0.757341 0.16524 9.99752E-05 9.99752E-05 0.0706689 9.99752E-05 0.00644998
0.747371 0.0716168 0.0530256 0.0568539 0.0709323 9.9982E-05 9.9982E-05
0.725828 9.9955E-05 9.9955E-05 9.9955E-05 9.9955E-05 0.273672 9.9955E-05
0.680357 9.9973E-05 9.9973E-05 0.0866566 0.195485 9.9973E-05 0.0372018
0.678862 9.9991E-05 0.0842215 0.0605564 0.0446456 0.0986273 0.0329873
0.665786 0.117199 0.0702241 0.0924641 0.0514843 9.9991E-05 0.00274253
0.749934 0.0253629 0.019139 0.066068 9.9991E-05 0.107561 0.0318345
0.692592 9.9973E-05 9.9973E-05 0.0323539 0.0971703 0.177584 9.9973E-05
0.794995 9.9964E-05 9.9964E-05 0.178165 9.9964E-05 9.9964E-05 0.0264398
0.765581 9.9964E-05 9.9964E-05 9.9964E-05 9.9964E-05 0.207059 0.0269607
0.0632358 9.9973E-05 9.9973E-05 0.00146998 0.724047 0.210947 9.9973E-05
9.9973E-05 9.9973E-05 0.0143694 0.047679 0.743865 0.193787 9.9973E-05
0.716092 9.9973E-05 9.9973E-05 0.115815 0.0771049 0.0906888 9.9973E-05
0.619572 9.9973E-05 9.9973E-05 0.232018 9.9973E-05 0.141611 0.00649912
0.758995 9.9964E-05 9.9964E-05 9.9964E-05 0.0336041 0.207001 9.9964E-05
0.0752782 9.9982E-05 0.119012 0.0377269 0.518025 0.249758 9.9982E-05
0.00194905 0.0153701 0.0249626 0.786565 0.05829 0.0887868 0.0240761
9.9982E-05 0.230195 0.0841348 0.593217 9.9982E-05 0.0646068 0.0276471
0.0106905 0.206649 9.9982E-05 0.281177 0.0930905 0.408192 9.9982E-05
9.9973E-05 0.361651 0.137437 0.0822616 9.9973E-05 0.418351 9.9973E-05
9.9964E-05 0.778163 0.062473 9.9964E-05 0.158964 9.9964E-05 9.9964E-05
9.99749E-05 0.74381 0.164879 0.0126982 0.078312 9.99749E-05 9.99749E-05
9.9982E-05 0.698179 0.130777 0.0957928 0.0622069 9.9982E-05 0.0128453
0.011127 0.685054 0.132486 9.9991E-05 0.0590349 0.0918871 0.0203117
0.043697 0.57523 9.9982E-05 9.9982E-05 0.0817469 0.285928 0.0131979
0.020382 0.561074 0.0692696 0.0435305 0.0200751 0.238065 0.0476037
9.9973E-05 0.117475 9.9973E-05 0.678264 0.0688663 0.135094 9.9973E-05
0.0579527 0.102778 0.0107607 0.692175 0.0920634 9.9991E-05 0.044171
9.9982E-05 9.9982E-05 0.100479 0.552166 0.0294875 0.272729 0.0449388
0.0452858 9.9982E-05 9.9982E-05 0.830186 0.0925048 0.0206331 0.0111905
9.9982E-05 9.9982E-05 0.0672902 0.733144 0.0141893 0.162609 0.0225674
9.9973E-05 9.9973E-05 0.117852 0.427223 0.1683 0.286326 9.9973E-05
9.9991E-05 0.191425 0.47177 0.168304 0.148924 0.00169876 0.0177791
0.0346265 0.0710545 0.866837 9.9982E-05 0.020654 9.9982E-05 0.00662763
9.9964E-05 9.9964E-05 0.895899 9.9964E-05 9.9964E-05 0.0804445 0.0232562
0.0490494 0.140021 0.597428 0.161583 0.0209936 0.0271402 0.00378428
0.0108681 0.0207568 0.790542 0.150028 9.9982E-05 9.9982E-05 0.0276052
0.0387567 0.553529 0.261194 9.9973E-05 9.9973E-05 9.9973E-05 0.146221
0.679272 9.9973E-05 9.9973E-05 9.9973E-05 0.0695895 0.22795 0.0228886
0.727587 0.0821301 0.0843303 9.9991E-05 0.0315186 0.0313914 0.0429429
0.75108 9.9973E-05 0.116072 9.9973E-05 0.0347733 0.0977748 9.9973E-05
0.621988 0.0368559 0.14889 0.0629103 0.093164 0.00877443 0.0274172
0.682345 0.125027 9.9982E-05 0.128456 0.0550298 9.9982E-05 0.00894186
0.0808297 0.00653589 0.33883 9.9982E-05 9.9982E-05 0.553611 0.0199929
9.9991E-05 0.125247 0.477466 0.247906 0.00444574 0.123697 0.0211381
9.9982E-05 0.0369324 0.661459 0.123366 9.9982E-05 0.137322 0.0407204
9.9973E-05 9.9973E-05 0.0682532 0.23638 9.9973E-05 0.652614 0.0424532
