0.0168632 0.808054 9.9991E-05 0.174983
0.0585987 0.806562 9.9991E-05 0.13474
0.0423006 0.683736 9.9991E-05 0.273863
0.0232809 0.850642 0.0245604 0.101517
0.00960275 0.930068 0.0226158 0.0377131
0.00915847 0.911177 0.0407387 0.0389255
9.999E-05 0.845122 0.0441592 0.110619
0.0603238 0.931908 9.9991E-05 0.0076684
0.0354997 0.676452 0.0720453 0.216003
0.0270732 0.70247 0.0703947 0.200062
0.0560364 0.668796 0.208587 0.0665802
0.0306812 0.603815 0.0999293 0.265574
0.0684856 0.568099 0.280212 0.0832035
9.999E-05 0.626474 0.1123 0.261126
0.0524865 0.651402 0.031694 0.264418
0.0295681 0.836642 0.00782423 0.125966
9.9991E-05 0.712498 0.0348011 0.252601
0.0274948 0.855446 9.9991E-05 0.116959
0.0498924 0.212132 0.167268 0.570707
9.9991E-05 0.249996 0.00546894 0.744435
0.0289679 0.239954 9.9991E-05 0.730978
0.00930541 0.0900587 0.0503366 0.850299
0.0448836 9.9982E-05 9.9982E-05 0.954916
0.0552965 0.105536 0.00326115 0.835906
9.9982E-05 0.252393 9.9982E-05 0.747407
0.00571101 0.044812 9.9991E-05 0.949377
0.0483167 9.9991E-05 0.0443497 0.907234
0.0313254 9.9991E-05 0.0738184 0.894756
9.998E-05 9.998E-05 9.998E-05 0.9997
9.9991E-05 0.0699823 0.0618888 0.868029
9.9982E-05 9.9982E-05 0.0316807 0.968119
0.0323965 0.0377585 0.0313437 0.898501
0.0784396 0.0878465 0.000168284 0.833546
0.0779529 0.703436 0.00755585 0.211056
9.9991E-05 0.612462 0.0262733 0.361165
9.9991E-05 0.695419 0.0787579 0.225723
0.0486957 0.81785 0.0187877 0.114666
0.0259303 0.674743 0.139611 0.159716
0.9997 9.998E-05 9.998E-05 9.998E-05
0.0359791 0.0360488 0.0498171 0.878155
0.0149692 0.591912 0.106092 0.287027
0.0103328 0.843628 9.9991E-05 0.14594
0.044691 0.457252 0.227952 0.270106
0.0776078 0.544249 0.331606 0.0465369
0.033561 0.657524 0.308815 9.9991E-05
0.9997 9.998E-05 9.998E-05 9.998E-05
0.0830904 0.60252 0.0627745 0.251615
9.9991E-05 0.608468 0.221791 0.169641
0.0337273 0.394246 0.0992611 0.472766
0.0482459 0.108723 0.842932 9.9991E-05
0.0422848 0.0509766 0.901448 0.0052907
0.00239702 0.151095 0.846408 9.9991E-05
0.0623128 0.0784513 0.826199 0.033037
0.0655751 9.9991E-05 0.871762 0.062563
9.9982E-05 9.9982E-05 0.920519 0.0792806
9.9982E-05 0.219615 0.780185 9.9982E-05
0.00880428 0.0287799 0.894186 0.0682298
0.0268539 9.9991E-05 0.880947 0.0920992
0.0401441 0.102108 0.857647 9.9991E-05
0.0499411 0.232765 0.717194 9.9991E-05
0.0125371 9.9991E-05 0.903832 0.0835313
9.9991E-05 0.125766 0.782504 0.0916295
0.0802499 0.362174 0.541814 0.015762
0.0279323 0.116477 0.0245392 0.831051
0.0245607 0.119235 9.9991E-05 0.856105
0.0275236 0.089012 9.9991E-05 0.883364
0.0187565 0.108934 0.801947 0.0703617
0.0849891 0.218571 0.689332 0.00710781
0.0317296 0.115809 0.803298 0.0491631
0.0512884 0.10204 0.833131 0.0135404
0.0655338 0.0192093 0.886783 0.0284739
0.0247554 0.662804 0.312341 9.9991E-05
0.0312259 0.666741 0.282082 0.0199513
0.0211777 0.590823 0.345008 0.042991
0.0417814 0.614418 0.337886 0.00591451
0.0461674 0.485801 0.291242 0.176789
0.0523512 0.585751 0.33962 0.0222779
0.0142818 0.615131 0.30759 0.0629973
9.9982E-05 0.242347 0.757453 9.9982E-05
0.168536 0.285507 0.486821 0.0591359
0.0228077 0.115575 0.833051 0.0285665
0.0662949 9.9991E-05 0.840955 0.0926506
0.0440216 0.165871 0.790007 9.9991E-05
0.0274504 0.186415 0.0391635 0.746971
9.9991E-05 0.390936 0.445194 0.16377
9.9982E-05 0.585319 0.414481 9.9982E-05
0.9997 9.998E-05 9.998E-05 9.998E-05
9.9982E-05 0.770983 9.9982E-05 0.228817
0.0322342 0.772291 9.9991E-05 0.195375
0.0490354 0.728938 0.0148217 0.207205
0.0533591 0.506997 0.127759 0.311885
9.9991E-05 0.796169 0.0279619 0.175769
9.9991E-05 0.458942 0.445488 0.0954699
0.0449514 0.301162 0.0498105 0.604077
0.0910155 0.483248 0.425637 9.9991E-05
0.0372396 0.504637 0.141463 0.31666
0.00848481 0.798241 9.9991E-05 0.193175
9.9991E-05 0.870742 0.0286673 0.10049
9.9991E-05 0.821482 0.0112925 0.167126
0.0240597 0.795855 0.0973213 0.0827645
0.0469263 0.891088 0.0332662 0.0287196
0.00781955 0.908718 9.9991E-05 0.0833622
0.0298518 0.424 0.465514 0.0806336
0.0832866 0.466502 0.338267 0.111944
0.0894269 0.509149 0.401324 9.9991E-05
0.0109251 0.61196 0.12037 0.256745
9.9991E-05 0.577776 0.236255 0.185869
9.9991E-05 0.500282 0.0154908 0.484127
0.0181625 0.134599 0.824583 0.0226547
0.0341446 0.0902077 0.823464 0.0521837
9.9991E-05 0.461019 0.388698 0.150183
0.0364025 0.490241 0.268565 0.204792
0.0571878 0.382743 0.290789 0.26928
9.9991E-05 0.162642 0.00551203 0.831746
0.0507426 0.0823824 0.772685 0.0941896
9.9991E-05 0.207962 0.791306 0.000632344
9.9982E-05 0.365368 0.634432 9.9982E-05
0.0601187 0.337258 0.00367919 0.598944
0.0186037 0.583265 0.00357532 0.394556
0.0313252 0.865796 0.0727746 0.0301039
9.9991E-05 0.743718 0.116531 0.13965
9.9982E-05 0.512902 9.9982E-05 0.486898
0.0197807 0.774856 9.9991E-05 0.205263
0.010843 0.838081 0.000855875 0.15022
0.0363215 0.923128 0.0238841 0.0166661
9.9982E-05 0.566063 9.9982E-05 0.433737
9.9982E-05 0.793408 9.9982E-05 0.206392
0.0279141 0.723234 9.9991E-05 0.248752
0.0260276 0.807429 9.9991E-05 0.166443
0.00734841 0.534777 0.149181 0.308694
0.0657434 0.810577 0.0439247 0.0797548
0.00899634 0.673116 0.05076 0.267128
0.00790656 0.825782 0.0175277 0.148783
9.9982E-05 0.0493292 9.9982E-05 0.950471
9.9982E-05 0.0391259 9.9982E-05 0.960674
0.0242044 9.9982E-05 9.9982E-05 0.975596
0.0260073 0.094234 0.0526132 0.827145
0.0173475 0.0453976 0.0682918 0.868963
0.00567676 0.866705 0.127519 9.9991E-05
0.0495153 0.725077 9.9991E-05 0.225308
9.998E-05 9.998E-05 0.9997 9.998E-05
0.0195684 0.0445158 0.875483 0.0604331
0.0224719 0.0395271 0.917951 0.0200498
9.9991E-05 0.211286 0.769638 0.0189756
0.0517269 0.0362006 0.911972 9.9991E-05
0.02178 9.9991E-05 0.867863 0.110257
0.0280412 9.9982E-05 0.971759 9.9982E-05
0.00859544 9.9991E-05 0.940009 0.0512955
9.9991E-05 0.0190658 0.904803 0.0760311
0.0133549 9.9991E-05 0.855114 0.131431
0.0574546 0.0749634 0.867482 9.9991E-05
0.0508698 0.0581265 0.851535 0.0394689
0.0059109 0.139966 0.839544 0.0145782
0.00650018 9.9991E-05 0.897531 0.0958687
0.00894504 0.0142273 0.958062 0.0187653
0.0432169 0.00884253 0.947841 9.9991E-05
0.0162442 9.9991E-05 0.919477 0.0641787
9.9991E-05 0.618639 0.350247 0.0310139
0.00335981 0.690537 0.254392 0.0517112
9.9982E-05 0.0731262 0.926674 9.9982E-05
0.0123781 0.259709 0.727813 9.9991E-05
0.00568688 9.9991E-05 0.953658 0.0405552
9.9982E-05 0.644695 0.355105 9.9982E-05
0.0219239 0.908765 9.9991E-05 0.0692107
0.0246542 0.742296 9.9991E-05 0.23295
9.9991E-05 0.49251 0.0506014 0.456789
9.9991E-05 0.314023 0.0100684 0.675808
0.012578 0.0862663 0.061061 0.840095
9.9991E-05 0.0873568 0.0344058 0.878137
0.00540256 0.220466 9.9991E-05 0.774031
0.0274176 0.131902 0.0264318 0.814248
0.0217155 0.0789267 0.0809278 0.81843
0.0456827 0.0762829 0.0376182 0.840416
0.0065396 0.855462 9.9991E-05 0.137898
0.0776438 0.822553 0.0663871 0.0334165
0.0509406 0.919736 0.0292237 9.9991E-05
9.9982E-05 0.941588 0.0582118 9.9982E-05
0.0260448 0.954494 0.0156771 0.00378366
9.9982E-05 0.882168 0.117632 9.9982E-05
0.0215901 0.699541 9.9991E-05 0.278769
0.0308677 0.611253 0.101797 0.256083
0.0549341 0.790883 0.0404895 0.113693
0.00693624 0.678924 0.102488 0.211652
0.0262238 0.71739 0.0431167 0.21327
0.142736 0.0349422 0.0517256 0.770597
0.0270863 0.0728007 0.839948 0.0601648
0.0586093 0.0134836 0.827959 0.0999482
0.0176663 0.0287374 0.918782 0.0348144
0.00892179 0.18893 0.779349 0.0227997
0.0339678 0.0545791 0.827515 0.0839376
0.0483618 0.501412 0.132209 0.318017
0.0310307 0.6581 9.9991E-05 0.31077
0.0664703 0.732418 0.0123468 0.188765
0.0559514 0.655017 0.0114649 0.277567
