IBR/IBR_outputs/all.combrep_1/PersistForestCover_Total.Silt_Total.Spinifex_Total.VRM_Total/PersistForestCover_Total.Silt_Total.Spinifex_Total.VRM_Total.asc
NCOLS 160 
NROWS 95 
XLLCORNER 210004.651214014 
YLLCORNER 7350008.22228844 
CELLSIZE 4999.99999999997 
NODATA_value -9999 
[rows 42 to 62 of 95, columns 92 to 137 of 160]
1.3487671841996 1.14863779909589 1.16664642218921 1.13946332928473 1.02994868384875 1.02284875153231 1.05098594435776 1.05341281033823 1.18465510025995 3.13681818899613 4.27621505204776 3.3910242926674 1.81540340632487 2.72933915979281 1.43400660673972 1.14928893959634 1.18050494050484 1.47744847515603 1.17909898408665 1.47825443131958 2.58650114486427 5.14990507623266 3.4037656662649 1.29699360035094 1.14821673475194 1.13087544156932 1.29592517420999 1.45883080001031 3.07634869796723 2.71843634934528 2.3607777257507 3.04731599892447 2.50556563372232 2.09894758624009 3.06130084569718 1.95022205121119 2.6224346289174 3.26333358869843 2.71115179414905 2.26240310295016 1.42981335612849 1.36612615768094 1.13505722711046 1.17467977500697 1.4490097555216 1.84389550072582
1.13281951281121 1.272913790744 1.15011902229178 1.30761125798802 1.14077987495259 1.12222888030613 1.17868875058039 1.16885535418291 1.11675685686686 1.33859201147347 2.05831278894645 2.71376161090004 1.37063719953869 1.20130482119493 1.24799672337792 1.26075625010002 1.66177713642286 1.16324973080356 1.21924833252818 1.26551783301024 2.48229578247002 3.62131196248671 4.34348614412523 1.33935971810873 1.18581177597039 1.26187070341393 1.1421854413332 1.67446033075068 3.35047355527045 2.37477097988166 2.24471053052845 1.81433272354306 2.12883543542318 2.08752954370797 2.1069899610174 3.0814950066903 2.82290693244923 2.38332308649264 3.36619310452607 2.41290354627089 2.97553571920299 2.21523184786301 1.67726247216384 1.5355114248957 1.6675477868852 1.80751669492463
1.35036738442227 1.48157659116679 1.4812566451568 1.35104285132741 1.4131273071915 1.09711650313565 1.13765294228484 1.09913402387156 1.20554714568315 1.68953821928112 1.59624992473955 3.03110011702128 1.4320691137959 1.19018493962181 1.27598381388511 1.22577797894877 1.77787282487971 1.47997806055298 1.52491736080632 1.23200370998118 3.85548922387026 4.07755698722935 2.73619298874819 1.36909741076416 1.16313034643138 1.19849051958395 1.40906807515452 2.57006857644335 3.4353486015208 2.15679093310867 2.01972804469414 1.41643413499316 1.93668732773267 2.32778401158485 2.10844825366196 2.93492511568802 3.12715430503932 2.014049844739 3.64621043977444 2.98901565077499 2.54946894185791 2.56948098095355 2.27924785026227 1.585854327918 1.76274896999817 1.70063021374228
1.85332558438451 1.83163708936968 1.31698791708068 1.20611623096687 1.27412376837193 1.0713457094528 1.03783193960981 1.17155114372669 1.20215153735332 1.36755572984728 1.18778268892613 3.12186928316033 1.59167413432932 1.221558520281 1.12209601852486 1.68916491508549 1.35408337443342 1.31933393841947 1.43773185776399 1.38825952660812 3.51770313654736 3.80735149453983 1.99048172210157 1.21798073208266 1.25154520596023 1.45424698575995 1.1844839582321 3.11434183808976 2.75075405283922 1.88781411689518 2.34550419471132 1.83210414113108 1.95177873737092 3.08377463291035 2.5470378445103 2.77192214305783 1.92966107533703 2.21173585428804 3.2848805595398 3.85714424365633 4.03174622390784 2.00009751803393 1.68795432585224 1.63817322367657 1.9460169974061 1.69554926533417
2.42982613255342 1.9643048087798 1.56876814452555 1.43766462915993 1.29925408028717 1.0740122249995 1.0634331928258 1.09689638856617 1.23787127708979 1.43520358250743 1.14327269625215 2.87197515756566 1.42730880856812 1.16113706961623 1.10039672983248 1.6914036443304 1.21233389123308 1.14218454671557 1.40257392300371 1.6406588655468 3.12057662955093 3.64590074252351 1.64158074124919 1.24921091861517 1.41256956969178 1.20261035538979 2.50402791631247 2.46943682976996 1.87619113625867 2.47872763837327 2.25583969143794 2.24014278044428 1.78634782580295 2.09885962523631 2.09757917247717 2.24914107346812 2.52501019519711 1.77482875475806 1.67416698600314 2.22773752912887 1.63740430297184 1.54769781230381 2.17688544444857 2.13994431045758 1.69585438665252 1.42674706898993
1.79047327282432 2.958492799713 1.64146937783521 1.82846791201564 1.17369477865911 1.20674517248625 1.1201842842459 1.48140997000189 1.20026598745367 1.21171701441634 1.24287241465162 3.35429865869251 2.38223838875265 1.40798370971408 1.46460843975804 1.52118337803624 1.20694021208079 1.12362588520341 1.33334049487458 1.29860249436512 3.3370943339148 4.05478618253442 1.8117483324582 1.54174549456445 1.62199815973442 2.24334310324914 2.47176445546713 1.40677059620303 1.31089377352351 1.47430005154215 1.55339889999446 1.85300930094775 2.2396855932104 2.27820296824455 2.71126556748248 2.56802866356537 2.58564985764212 2.08065319356613 1.79624398330414 1.55533918997719 1.69169754191303 1.760667172343 2.63258133758767 1.39484949465525 1.46507817845798 1.40131332252604
1.92365512908563 2.54137461207825 2.23695075785855 1.61427679418121 1.17930667385073 1.51099828242385 1.38402923785589 1.38687697475533 1.18451429216003 1.14388241025903 1.29427457355533 3.50546752944283 1.74849695563444 1.12167120104258 1.30034378759488 1.43069606961534 1.12894022350948 1.14441654765159 1.15547762180304 1.27515331992072 2.43839402527218 2.85993795484748 3.03155293151316 2.59266230575107 2.45118360994591 3.87677485170823 1.62401198844524 1.56219465526559 1.29386197316916 1.31728124552102 1.65875283834836 1.7556749491416 1.90339665925308 2.32335892481755 2.63219699911299 2.32177984134007 2.17543207491711 2.10140545523881 2.01854354505377 2.42813418887259 1.95999489689435 2.36609119873438 2.01703165026041 1.40194840746088 1.6341375452597 1.67206179127177
2.48719666456366 2.53545969975049 2.93444866087288 1.6292678179258 1.12419017888733 1.50590768098642 1.12736004422098 1.03851524829179 1.0303329326164 1.09081818923371 1.26811892314717 3.57605200430602 1.60220683104685 1.23098386619115 1.62596073093846 1.37277463942317 1.18568723005643 1.16672936819209 1.14383717570465 1.24559679459346 1.80207594853504 3.21486980393546 3.49573311871912 2.94273174368466 3.41759824156026 2.26126129087213 1.59763534646266 2.23059895076351 2.1455433973545 1.95976714696858 2.01457916666068 1.63240091848423 1.74765261385838 2.01640818209151 1.91799645471204 2.4885794635487 2.29147051101479 2.1383177989709 1.70659557477414 1.81367813334768 1.95263291504936 1.81522600381924 1.63914404205399 1.54255330379607 1.71624730450076 1.49828290954477
3.30239366085615 2.25035009398161 2.43829506897107 1.76414135739565 2.45727037038287 1.4132412427421 1.46378466291467 1.05179856095147 1.04413578535994 1.1393904603596 1.24368524656649 2.73387909586334 2.89991370320896 1.32972273872552 1.48354816864173 1.35470960406219 1.20985158508796 1.16937588771849 1.18538667906277 1.21342365280386 1.29300677379452 2.5864298364369 2.48946824460411 2.5763135667087 2.47331726661017 1.86836164772333 1.74651653990054 1.7535328094708 1.67504407226721 2.3159960349281 2.92385610579535 1.8047566332581 2.06160099788203 2.50161486896376 2.12104710992216 1.73413340796273 1.85477966444027 2.01755598006097 2.2242845859188 2.4264885987179 2.29891250876822 1.68989876807586 1.62519832414529 1.4762006199621 1.45432410747087 1.62919533432914
2.64952204831709 2.36298520340684 2.12144603006925 2.51939104233681 2.04130390205406 2.65906918839501 2.46875242594222 1.80240599030507 1.84655261516157 1.80521056687655 1.55748882429499 3.26746192912198 2.47424065082337 1.40607991775683 1.14996663522687 1.17537328068149 1.29110994717626 1.15729025986136 1.09365452303092 1.1390226975372 1.40688208426644 1.57215642915251 2.0612779758888 2.34555248311247 2.06888253557038 1.69685250952268 1.71018352531131 1.87040221661037 1.91632424803168 1.95520941979801 2.6954237789079 2.12804931758908 1.80211296296768 1.57871996495687 1.50615465874096 1.30224391583728 1.42290722382629 1.92989914714827 2.2498501202202 1.95701503748864 1.51994562496062 1.60286677354603 1.34954685170114 1.39379458456893 1.57533362046963 1.77745482502927
3.42154613777291 2.5873657886063 1.85286423568535 2.39308725843716 2.27328096606799 3.3745077683559 3.41453811066172 3.58985740928279 2.18124267123901 2.47159994236574 2.42686906199386 1.82063960180007 1.50500359805484 1.49667601246102 1.26515053354843 1.08428360943622 1.06155366692692 1.11512156738879 1.19255230065968 1.12661518798999 1.21037785311034 1.32061027164427 1.42359426832073 2.00175618955106 1.85969168135365 1.56164573458826 1.66989021059583 2.15510374482319 2.09274093771266 1.96753006604135 1.40065060954843 1.30850441772486 1.20965666571574 1.27312362079466 1.21542708328707 1.45392573455485 1.32954481103079 1.46582608010556 1.54560305499274 1.37931883855195 1.56640492176188 1.789862943577 1.56039980921466 1.36490259349224 1.53620162319551 2.42017196623007
1.36050476276568 1.87364213389798 2.28507589716173 2.91233049715862 2.59989019436492 3.08481231339493 2.30405879806382 1.97409010837984 1.80848133148223 2.0403863850569 1.6951029891344 1.41761067311513 1.46767591758274 1.46668706123071 1.6054447699198 1.58478814306595 1.11960083564274 1.10073438895332 1.194709260351 1.13595937367918 1.12773123499742 1.19910191678387 1.55898528961376 1.78433658957853 2.02204157090967 1.76646820474299 1.82111380802552 2.33738967368766 1.70870332462242 1.74685459227233 1.15976269665858 1.24175846077038 1.17745429215645 1.2070962087356 1.18446167473456 1.46149867557373 1.7638610113941 1.84011428941027 2.1005472754426 1.93542311516041 1.8221045970416 2.22588915542888 3.71450661022081 2.01733515204577 4.33651481905352 2.63748375156981
1.55618249472328 1.5342935890748 1.60364643172607 1.5624601988736 1.63975612988134 1.74561640120451 1.70485999266815 2.30049527294678 2.83320955049677 2.78995502110293 2.35526509192285 1.91553376276262 1.57746398551731 1.51295942519922 2.0424307684633 2.69963717201522 1.49889064166569 1.13761130767024 1.29843128966165 1.29266947098786 1.24059769966724 1.26301201743477 1.88147541211074 1.58075238948679 1.6535706521084 1.58164099051603 1.52732185915644 1.6372197694449 1.43047381860973 1.81422179841077 1.2091914591412 1.24020627512942 1.16646772528249 1.09645984261156 1.32238062069447 1.60057101620643 1.55862850911451 1.48551221202264 1.41368097113314 1.41211157473834 1.47936531906846 2.02567633590207 2.72790691200525 4.16693123423079 2.84584717724035 2.1020998430784
4.29052031768763 2.85130029017773 1.73834011365587 1.96096600060389 1.67506583315562 1.7662260496085 1.70817180332534 1.7985996806928 1.69151849966316 1.62754739568004 1.74467729840946 1.9294120717012 1.97315295188519 2.20524262158154 1.82142472387007 1.9445111978756 1.88297169997891 1.47901832648404 1.5580086157354 1.46214298504514 1.57155473372055 1.74386727861011 1.99368848933867 1.53279350467433 1.41927652173583 1.6408582263626 1.50663501387701 1.69518449427698 1.33275796564905 1.33022956991173 1.21009435016459 1.18061543691636 1.30173893520286 1.46195426635049 1.68143960694363 1.83042077321984 2.12106969738428 2.45880360454337 1.60698449603865 1.45507854914374 1.87841446938328 2.93957721320657 2.67258922127819 2.95585420035753 2.02357023118899 2.32796664318889
6.1330116494978 5.78516137348717 5.60416371575119 5.41219375422773 2.73255107815435 2.71054954310859 1.80566731047281 2.21235257732157 1.61760812139439 1.88124606295327 1.4811461121882 1.55541909227792 1.52088164821267 1.63567178563639 1.78083825624689 2.42218315225896 2.66921087414049 1.91758910771186 1.86767290951864 1.78976231603056 1.75773009623488 1.61125550968999 1.61495915188406 1.56617195424015 2.09227819734497 2.22920671336611 1.88427125601745 1.9742994415909 1.33571877337652 1.30698241552955 1.27639061194198 1.47395912449001 1.58523493775708 1.53008316773046 1.36323777897426 1.75198893176502 1.63556365878867 2.10518542161021 4.7547888836995 3.4774143550536 4.45927549776619 2.93216803151678 2.916456080054 2.1120258871623 2.31705343782475 2.53778839532122
5.88669091304244 6.04549466166474 5.90612449301002 5.82553716818667 5.82305816712429 5.82856759161417 5.73972822394473 5.67392259156111 5.69902062738026 5.44027537955608 3.32735436632228 2.36627524604055 2.34441948787412 1.4766213690083 1.60694833023885 1.73206909600733 1.77393629781589 1.92767588134316 1.95630817798634 1.87171023612688 1.51722936668586 1.52151402209272 1.72819262503901 2.01896292454891 2.02483085432526 2.20519655961286 1.66046745165291 1.7277470150758 1.40262446516601 1.49198144916871 1.51947271990288 1.52324778931008 1.45050587051102 1.16160050846644 1.10576331567366 3.14390815144345 1.81924840046443 1.52294346429097 1.53362212584215 3.22934480633989 2.28603649348356 1.64821746613315 2.57193980063644 1.93244583267946 1.95634371541425 2.2391938660156
4.36727080533265 5.73714065545031 5.86872213731904 5.98066827937306 5.15925512985615 3.24349373949687 4.21102919211605 2.82275500755725 2.80391838138379 5.82822899041496 5.85504880582925 5.75058882278486 5.43600492100217 3.3360646250777 1.77573364173208 1.80186061843614 1.49095032318205 1.45450739262504 1.66457987743255 1.87596159370135 1.65383824310824 1.66053911287497 1.81616345054102 1.92328268516961 1.53069700732204 1.58230869103656 2.05251655185119 1.41359981776455 2.33965264448495 5.48490709761576 1.5907443915041 1.57837117177592 1.34152836295828 1.18365189105818 1.13461200151638 2.73414856669705 2.87411605028612 2.42819968072047 1.60027703182631 1.92754726760399 1.57749107014576 1.91398473927965 1.77853200574591 1.80619795034809 1.32071620113669 1.57620570261477
1.68343260390756 1.53569417542474 1.65816919638306 1.87046212112103 5.14170293105429 2.82494369127986 4.07586945902691 3.06692633428142 4.02375661281277 6.43812422954898 7.00867663641804 6.20458580280391 5.90069453872864 5.77643318543237 5.19898609363238 3.23229519731681 3.05945672146887 2.15804989901163 1.66457185142256 1.59226318277948 1.48841081459086 1.70295782215345 2.03650974738209 1.94628305435656 1.88331703364415 2.02643018292732 2.73908167025999 1.46536003713273 1.4177719045273 5.13695216056035 3.30480482887076 1.64436117904502 1.10160312081069 1.41810172462205 4.52158975258815 2.2789224488533 1.48530088786175 1.70216763772689 1.94006964899047 1.67526532170067 1.87089376218513 1.56910009372088 1.89257642970479 1.55356227979184 1.42952690588344 1.73236149426627
5.43802730752273 1.52300883721219 1.10495022555308 1.10013299791746 1.24413680319717 2.26235438433798 3.54946961127242 4.74617063648028 5.90709286054108 6.372627514831 7.6106254174034 7.84809580395852 6.79398257007138 7.0383420855068 6.08819585109125 5.78326249359422 5.73675472467493 5.75214561528711 5.73929265910869 5.72631701667871 5.74623076807805 5.73274079281563 3.51008524956067 2.16327501435146 1.90578843577417 2.28658235995984 2.61716844626668 2.42516466984854 1.56451386468527 1.48551650643008 4.44529194375434 5.08485236321376 2.35226846903695 3.72508738001685 2.02303165087323 1.84936548651364 2.28332872263709 1.80143495309242 2.11752866330645 1.8783587903784 1.51581570345127 1.5155644040756 1.63606334993755 1.40344870814664 1.33196372816856 1.84976454807233
5.53921556705909 5.00842334136067 5.90577202156771 3.87722224829389 1.90932988032354 1.25069212717743 1.21894575241803 3.71835863609102 5.46570292023324 5.80052036509522 6.27259378427388 6.27007221799954 6.3245335329961 6.07011554552985 6.16034631770813 6.4435908116686 6.92580265035282 5.94331633019694 5.81938668796093 5.76946237083858 5.73574658916928 5.76244972033045 5.77453601270928 5.73670270049916 5.60914187478206 3.81285938059124 1.96473037584133 2.26937887018147 1.9997680140862 1.73804215293612 3.32817073082076 5.74419693971709 5.74887418845414 5.29447595086847 2.06254749119309 1.89363569079071 2.76829415304903 2.65270152449469 1.5400224558723 1.62162686931215 1.39488711600643 1.42151137826375 1.37051687708318 1.34480783322381 1.28727263845081 1.50999859434753
5.9857893715675 5.33434609751335 5.89336229747079 5.89755862966708 5.86616185544585 4.22667729634359 2.98070232414051 1.43179916468763 1.21655783770117 2.48078896693406 4.06523097732511 5.93242701632932 5.94395375894227 5.88993508476831 5.90093279790216 5.8354718788424 5.8313744198607 6.1106642171804 7.14293455842879 6.54259331132581 6.04887109848474 5.80770408812544 5.7311973568595 5.81604243070294 5.78877952732935 5.73050158021184 4.50603230348166 2.80098791067284 2.19084350737168 1.7223031199757 5.2167804908487 2.94004532642735 3.5955722045784 3.01644923337163 2.10679533394893 1.7081231598769 2.3712176680025 2.94006579707375 1.74134749457449 1.50046399513692 1.37416000121214 1.62086460531384 1.57993988251271 1.3606389482191 1.64871937022154 1.6714860408097
