IBR/IBR_outputs/all.combrep_1/PersistForestCover_Total.Silt_Total.Spinifex_Total.VRM_Total/PersistForestCover_Total.Silt_Total.Spinifex_Total.VRM_Total.asc
NCOLS 160 
NROWS 95 
XLLCORNER 210004.651214014 
YLLCORNER 7350008.22228844 
CELLSIZE 4999.99999999997 
NODATA_value -9999 
[rows 21 to 41 of 95, columns 92 to 137 of 160]
1.09596775189057 1.13664968361629 1.17337488769003 1.28232974221201 1.12997619570424 1.30479723759278 1.40053856883521 1.09416980131591 1.27860842452999 1.27278660293015 1.16806103517775 1.14158476123013 2.01007311480716 5.70335114587207 5.41197552962746 1.16063698264617 1.15096412953447 1.58270024493121 4.4966603789292 5.61073370727648 4.49225528630484 1.14876527972978 1.14483611727403 1.17993046708128 1.94480071142327 5.1291534789662 4.72095998306874 5.48050182012305 5.72803455206202 3.72328558294162 2.14542705972765 1.4224625871106 1.20398515643515 3.52952932424774 3.17207799103856 2.78119978851165 1.56390152447345 1.17632238119075 1.14908925738668 1.23968521153022 1.17430053734365 1.23441608013781 1.14541280200604 1.07582097953223 1.08805177859205 1.13920674015708
1.0562764101856 1.12011776795005 1.11716199590348 1.15476089518765 1.22481977895035 1.39944482957128 1.17379319881301 1.09688798405815 1.15115401315489 1.06592281867947 1.18910688032241 1.07103842271035 1.13881798621931 5.23182362089569 3.33591238481158 1.13746703709901 1.16855081064317 1.10285598736677 1.17971902103187 1.28220368421273 4.20546662816399 1.48770760574337 1.16528237293063 1.09213722501186 1.12637532170111 1.14921808846225 1.1341687100923 1.26867625595525 1.62520844530215 1.26770066309494 2.07944331406728 3.40704827775461 3.16450446612359 3.3119142490389 4.46343381286399 1.66199993210395 1.21730584349349 1.27447227510871 1.46278073068029 1.76925314278762 3.35243924744107 3.658107700781 1.8371628270387 1.16381830542121 1.15575363027415 1.20160198593383
1.11353324126908 1.07227941317453 1.08037163146982 1.08088299806259 1.13877144256737 1.18253850901351 1.06138207148372 1.08772273730672 1.12617543213444 1.10249668976716 1.12787789646069 1.19640724803914 1.19958383155487 5.61676091008286 3.00721130647096 1.29329132326556 1.15363445407931 1.12561271092641 1.30454299258283 1.17189922159235 1.56778488649421 4.80878599445187 1.30392275054913 1.08788348835894 1.1365655095128 1.11240158081902 1.07736139227169 1.18270504300321 1.21413749957267 1.14016884545531 1.13472766246842 1.26289421773928 1.57530605610061 3.38543924345963 3.26693748370997 4.99495431138033 3.10134418333143 1.6568301713069 2.77220812959365 4.38690618457306 2.66043346824422 5.09869718348512 5.85299475540105 4.27840746923999 1.45596333743358 1.17757321420635
1.26495455871345 1.236549234945 1.23239464711562 1.05390150304471 1.03735135592621 1.10007048306627 1.07414867587122 1.12061096640168 1.01321648538522 1.11714822627658 1.12148260434948 1.15309341099219 1.1486235650913 1.35862671189265 1.38225238774871 1.23975782397281 1.11653812518265 1.255317479698 1.9163706750432 1.34273139451058 1.24375757247595 1.28982052047047 1.69179534426252 1.10812285009065 1.093146088848 1.08567671507072 1.12686257595897 1.1496126414456 1.13642321652885 1.10817157463445 1.16671121519683 1.39915133500674 2.94554445540274 2.11967079936868 1.41319482601693 1.16068085282459 2.08850448689171 2.73615906376199 1.78932440280604 1.43276910282548 1.75757215504164 5.60738319982791 5.80417400301428 5.97965518118607 4.58858174140838 2.57975627240842
1.07977793348011 1.07308624326242 1.10339342426837 1.05701761677872 1.03843745093031 1.06678377793218 1.07791332615002 1.13690912937015 1.06431300029325 1.07510560313533 1.07106715299596 1.10706692332114 1.1676502050327 1.1005668457073 1.3860294585946 1.1563490798859 1.15637532292018 1.20783444370212 1.60559987452878 1.2630265752132 1.24902169462976 1.16928818501417 1.22612514332646 1.25899242602518 1.0898894832284 1.09433231947946 1.59535420373031 1.09293888709425 1.1301698164777 1.08596217133698 1.16059302295391 1.30622093305562 2.43181707570551 2.97868621108047 1.70173896236705 1.16220402879877 1.14568093582845 1.13790347969847 1.20215612888703 1.20546014284693 1.08325469630188 1.89222456259564 5.86096236233015 5.83159354649988 5.79818193990459 5.89900876543211
1.05412753296451 1.0467025389458 1.03010966544882 1.07597043705009 1.11238686513292 1.03206105237787 1.07676478909572 1.15999110245534 1.07468123362568 1.08356937553021 1.09731415525847 1.06201339819053 1.14603737491814 1.08521480102598 1.36748782575783 1.14025366927587 2.20588565631881 4.10190225374175 4.79535190882965 3.75886837400747 1.35752418705622 1.15028762333578 1.26021193639175 1.53187587353611 1.10971757762201 1.15761632860426 1.19428141944665 1.08049706916505 1.11733319313079 1.14048828586473 1.15796441907881 1.96118709622988 2.17739595110046 2.90677056191881 2.29693453376522 2.22151899725671 1.07958901166636 1.08414490864328 1.19090038568244 1.16761020166421 1.09841696483118 1.14254190214753 4.35136558059937 5.82906384202 5.23283456119555 5.000628577212
1.03439696986171 1.10968440712767 1.08464970379319 1.099154494964 1.08291969512078 1.08347281208698 1.20182633436823 1.19182428821513 1.03985821370418 1.08509569929007 1.06413708811276 1.14077863449269 1.23386077604125 1.15263178391106 1.82060465110443 1.6890665407959 4.53357088150886 4.66871425703193 3.57767221247767 3.91390426676076 2.43240843294194 2.11921505030105 2.63128377678069 2.39639374968746 1.58158812410553 1.33135168613233 1.16930172983677 1.22406737568753 1.42169422423957 3.06286084222559 3.49775060004999 5.08155908864839 2.90040363520624 2.34569829885809 1.69277055865147 2.20481817039702 2.18197070313831 1.19909678337366 1.34128860945241 1.09182912823587 1.09730625922593 1.08373905492573 2.10184463296067 5.68988765276574 3.53679367680901 3.11817428181805
1.09523085918293 1.13577218885133 1.17018642968854 1.11024149539414 1.1557934839497 1.13870071199531 1.29609201086573 1.08973769012793 1.06352350919558 1.0628819096765 1.19341594399374 1.17263900054175 1.19533771713552 1.25908881631529 1.35502186240939 2.95268679238279 2.51613709219853 2.72991108711853 3.22870553790816 2.01895323679619 2.16296255703504 3.11381379931557 4.35465010319974 4.73168473723292 3.53988673228649 3.6590795552278 2.65973394703512 3.27310133974167 1.87632735142969 1.47425388485705 1.21192635226607 1.79614224036 3.15364974012413 1.90362230044435 1.99977330700824 1.68850156215797 1.9173829667412 1.46716552319188 1.48266159841582 1.32892869371753 1.83739295317125 1.81509478156848 2.72674084183123 5.43203699459607 1.36614631388306 1.50058066432865
1.27507778773395 1.07810538231117 1.12354433213946 1.09774963709585 1.11892122054997 1.25555845508397 2.41669432108929 1.09614372871361 1.25629641036183 1.50275367086776 1.30913276977173 1.20605911743691 1.18515622872227 1.25902036277173 1.61820741307227 2.36919078692935 4.3043087066945 4.47667377418323 3.29334055355992 3.02777748304914 2.93800870903967 3.16716376485311 3.94216364906575 2.22754463702185 2.14181503048787 2.60651790710045 2.3235223393966 2.01132810294211 1.57414408315647 1.19076519037683 1.20517175038087 1.24480193784118 1.97136452922565 2.07130485692341 2.44920321983527 2.72432805229879 2.02738081189327 2.2224540457589 2.01995551417715 2.13053700293404 2.02710204445848 1.88929518731449 3.18003524228591 5.73983365151089 1.64568400504147 1.3843003569283
1.40207820878085 1.29928556377829 1.22159407577445 1.29583719403291 1.14059551918252 2.3550546961587 1.86480191404833 1.17517490493259 1.28676174507632 1.1861390588238 1.38958680551412 1.69775522475167 1.27478527238089 2.35534609906466 3.33282005609451 3.68449932154049 3.1915218470602 2.34765189018255 3.41998440003122 2.74360486902549 3.27923293364978 3.04039954721564 3.0374542659352 2.63631028768798 3.05516097518476 2.09940061827324 1.12486176438481 1.13308820646977 1.09128338646538 1.08784874015226 1.11223449247021 1.12624040043312 1.13878720014865 1.10228285554669 2.10633422699351 2.81249864087353 2.69295574305805 1.9291438946724 2.22191988593744 2.36787926086085 1.79000117676106 2.12205446888379 1.89686287094066 3.18891351053411 2.2362325293361 1.33412337075457
1.23345938506075 1.1761702051756 1.15413186190092 1.17204557318312 1.48565336214176 2.14365412831306 2.3231731358527 1.2921190095209 1.62663757195567 1.65008918531722 1.35652795347415 1.88026006083359 2.48834268476574 4.22627131401443 4.8544337891827 3.02382239130113 2.43312218439199 1.99097028488362 3.87224572493161 2.31098342224266 2.89337050375022 3.61157244647244 1.59399660674423 2.74876821668 1.98006466587012 1.49473234811351 1.43571733666328 1.40317547039113 1.16229059012965 1.10206327455664 1.1075196911777 1.07314573186123 1.0760746155497 1.1035304001582 1.26896269728707 2.37046924422981 1.85917138386083 1.96815760660727 1.86277805372538 1.96317513598591 2.1561513390371 2.41975612476792 2.27142633719971 1.47708592910652 2.8979581144628 1.49516147461385
1.76829075395128 1.19867421675845 1.0536812818445 1.16363055770548 1.41687935824915 1.42178279445515 1.81874105250054 2.34159178129418 2.38931668538884 3.36749448757571 4.89935611190692 5.44323240710498 3.65498375951771 4.35108073693172 5.03806839947388 2.90435074633485 3.07934626239909 2.68164415992062 2.6532875724767 2.4192377234302 2.7757540318858 4.3891587032403 1.78975256823033 2.73178171336419 1.61375354930417 1.37068631214274 1.18017037509395 1.12845136000664 1.24249763459541 1.14937681798168 1.10132307070645 1.07846661524146 1.08943122132884 1.08353670008112 1.16331422772186 1.43364792333363 2.17260399667464 1.59584316391711 2.41712080965994 2.39050444550306 2.23723279799482 2.35054945610871 2.02216083266517 1.39723052676773 1.33092924845523 1.77186904553067
4.96375944022731 2.83104934225113 1.06928586983882 1.36502289595283 1.34664352638117 1.60645966451571 2.1885803798623 3.16229474200215 3.87496688847721 4.19199662149463 2.50552004336799 3.3252166028696 4.3797289923494 4.87417818398125 5.69683731839598 3.36711169621154 3.69053682676281 2.63847573450466 2.03541676720245 2.97864198576474 3.49936466539738 5.20322594390486 3.45112204858114 1.67105463953889 1.31656875743203 1.32022300077737 1.23468561153291 1.27918591429909 1.23549802708626 1.17448653895594 1.17121705152288 1.1155130881101 1.15871630465518 1.1086596923627 1.13064571676848 1.20437544876651 2.37403177619887 2.37031699018556 2.38338317154709 3.08322612856775 2.53776745844323 3.45600175823871 2.23119866395583 2.3251469488439 1.41320736149001 1.5307103781489
4.54612572766366 1.60499960693638 1.06404548403367 1.13479612574229 2.50651627738502 3.52264874627961 3.92965857613026 3.49087686381777 4.05640205928161 3.47912473359792 1.28901341795134 1.40512472796301 4.63329789874302 5.61263411716324 3.28301681776396 4.67220844825348 2.9858096586357 2.08220532370887 2.22344868426572 2.50905725447252 2.13080819666859 3.18597093641265 3.33022735343938 1.95707193820333 1.13486049498274 1.25166325771978 1.32158674538252 1.25117266441536 1.27858913249746 1.22719415640912 1.15230193922351 1.12032251150555 1.10904689407676 1.15251580731004 1.21218732375923 1.62109821883788 3.0957899397335 2.55155189772401 2.3601554530336 2.16486394006722 2.88521510985154 4.27861765008238 3.54808206157562 3.06547074011609 2.29016418426793 1.7091330047749
1.65005416217096 1.16590757476452 1.11263687295995 1.11738413903659 1.30942175711822 1.23957288129317 3.02876234224516 3.13625925828249 4.4434825811455 3.34683356757994 1.23232068021934 1.7194062955877 4.59651134884843 4.06898152764202 5.10979759036369 4.69471894929962 3.74659436966025 3.22662919123221 2.41743783849201 2.54677269260941 1.34298700618283 2.17357485170669 2.78226525975867 3.7134911682193 2.11606375252929 1.14970317049908 1.32786565649358 1.20310577616709 1.12978935585382 1.21260017068461 1.14462508955232 1.18317107475939 1.11082317529545 1.22167560561332 1.24670716867766 1.93617995814954 3.02709380358442 2.12541820776558 2.5884612035209 3.39345452327723 2.68808806505334 2.42117971043153 3.61819069621112 3.03168213052289 2.85940906605986 2.16751043461153
1.24198721393721 1.0821775489704 1.14487055681326 1.14370060777644 1.21276211275553 1.42464631153482 1.87561891046303 2.02045633891977 4.83738654500415 1.87969791369918 1.53114182807746 4.83707669080481 5.00695433745716 5.31108076626596 5.22879754290984 3.38734897164682 2.31886102533505 1.8272162682441 2.12369929748413 1.78216660662991 1.55082496040681 1.71355629659128 2.30835644805703 2.55026192864675 4.77830087501061 2.85191678976663 1.18709708880109 1.12498326875181 1.0861110320437 1.17751540112909 1.14452508719394 1.11711573549155 1.15454861218971 1.17217903053682 1.85736892149736 3.03393844472161 2.72480094450034 2.74140614554012 2.96964850895089 3.99561694183176 2.20557649970299 1.89712595665035 3.35370202277104 2.89550210309849 2.62266990975314 2.0870822225177
1.41403179927478 1.23908761519768 1.14959612304137 1.13437678532197 1.1041344147726 1.38952252401637 1.99273995270181 1.77694887908213 2.89247466727577 1.99011006834955 3.0070440117087 5.30208350971976 4.99348443191243 5.04744379224891 4.37020734337262 2.09033513186058 1.40190935777275 2.1631721135076 1.75179834348428 1.85731617278594 3.28868672956184 2.74761583025229 2.69147191921602 2.79439337958218 2.93074281427195 2.98174685286561 2.70924466790489 1.41682926657511 1.14558228971216 1.19203622294695 1.17406404568587 1.25257407238339 1.15888877396749 1.89344774099476 2.81919934408882 2.35353101518172 2.55909877894891 2.56415024299622 2.63576162327786 3.75896851202923 2.15958454917685 1.53915289828969 1.57450390815381 3.39800296785443 3.21236459983479 2.4179244276622
1.19065263835815 1.1251761038406 1.30847502539373 1.18469704197651 1.11084707561866 1.09316391922171 1.52004852803272 1.20222764862476 1.59620490352125 3.17448236245324 3.22454415956656 2.96108186982472 4.83231797937325 3.95221099261885 1.95790611591262 1.37179569697338 1.47984755424098 1.53470037434378 1.87865564019016 1.82190887499801 3.114037971449 4.52977732228827 2.64242636934656 1.82175823531745 1.71481244431144 1.53569964233774 1.30071075557082 1.92908429957735 1.94837585224622 1.24206448633703 1.19499191347114 1.18811002549608 1.28381727336971 3.19404664464274 2.47421169282787 2.36465552307617 3.27886726173288 2.54680516130763 3.32652033230067 3.38952001994606 1.92335505010967 1.56288078917235 1.31389883964412 1.59358313243177 1.61060776991476 1.82905811648945
1.10618098524465 1.05905238078561 1.10703249256989 1.0734484135445 1.05087942491963 1.05171751450675 1.10695283473927 1.46902121564279 2.36634251162002 4.18670300398033 3.26312905176619 2.38203529986712 4.57020007823193 2.88410241670781 1.54962809630817 1.2660049285583 1.11540082344498 1.11994197021088 1.5256655476122 2.12980666876399 3.77940001839397 4.76631015262009 2.77502140077966 1.43137288295324 1.18289464640262 1.26739326244672 1.08154832772923 1.11956653050061 1.70548589404632 1.77447138601659 1.50152030346994 2.86404673522996 2.75383950338339 1.90437350157326 2.35855994471028 3.15031090466987 2.68514595249694 1.9273106968979 3.26031955659001 2.81582810259809 1.3396119340468 1.58978537771901 1.40474185841572 1.39505181086618 1.53503173457765 1.58383925312069
1.32203350520328 1.13349358865809 1.12511645645948 1.08637926555952 1.05475548960708 1.04750861650327 1.05046586713445 1.53848977431198 2.59032082616 3.77626284004225 3.62162355031091 3.65048424191141 5.63870591156922 5.29295611282195 1.94399925765307 1.38440813745649 1.20387327545402 1.24839637239916 1.7035565306698 1.28214477386946 3.02068674376503 4.44995045251119 2.55991904357419 1.32672760938902 1.50375357444862 1.18725153546812 1.12552785046064 1.17848524467916 1.59843661349732 2.24907670758947 2.55388073158087 2.70140832297409 2.97510731993025 3.06581292187632 3.02960788944762 2.80405383035509 2.95610181051305 3.28289941767369 2.32349403003282 1.48365992166025 1.15905785407393 1.15731096592438 1.43707091000904 1.69609438235106 1.41224754404736 1.68766078058834
1.29757007906994 1.17257929904545 1.10497379968332 1.06374043334828 1.01935673128329 1.02714275922152 1.0703924288769 1.32063503690231 1.8057251254731 2.74729200530152 3.3357047894838 4.98999279216896 2.7934887214226 6.27288724769048 2.3660393521815 1.2344004948366 1.16972545329728 1.78228372344749 1.18195911070333 1.26999565623048 2.52129994439456 4.71032939723085 3.62798800812409 1.26619343124358 1.34426299653831 1.25410161964286 1.14095122605425 1.14359608202473 2.17373482925001 3.31163634240272 2.68875333994325 2.8499631018678 3.65807340945324 2.24757820321518 2.95988094292357 2.97037266654065 3.89224030998413 3.20445153464628 2.703913870553 1.67668102151141 1.14220484249816 1.28070513293238 1.09440863711673 1.25851417515456 1.63673496072704 1.80952941662233
