IBR/IBR_outputs/all.combrep_1/PersistForestCover_Total.Silt_Total.Spinifex_Total.VRM_Total/PersistForestCover_Total.Silt_Total.Spinifex_Total.VRM_Total.asc
NCOLS 160 
NROWS 95 
XLLCORNER 210004.651214014 
YLLCORNER 7350008.22228844 
CELLSIZE 4999.99999999997 
NODATA_value -9999 
[rows 42 to 62 of 95, columns 46 to 91 of 160]
1.66470096189991 1.81823388371207 1.98393470660699 2.14266260505095 1.53692360433381 1.49427903594521 1.66438871345047 1.91335440512676 1.76868162415162 1.69467248767924 2.01068765428421 2.657240808351 2.65856679067024 3.1141364940607 1.30555756780046 1.3053751749467 1.44943025712595 1.30933142895384 1.29515144602335 1.39085816793728 1.54700653700109 1.3261767918601 1.31134144010709 1.69874138807907 3.3421579531017 4.90207469132353 3.64337009030826 1.80452236250018 2.54682267470085 3.00025146182447 3.2662771822824 2.4101153310593 2.79187632829976 3.27840070255058 2.79188785760932 2.4912669677207 3.05864389359498 2.57404398585402 1.35417451876068 1.2103267301688 1.29638396660893 1.23597541397994 1.69343534434613 1.31416778294772 1.14236528863923 2.08849320111612
1.69887016851289 1.63155447870495 1.6615566916727 1.84460058779727 2.13369990138565 1.6548751033386 1.57154677288855 1.89861373962933 1.83930614687604 1.69953601750609 4.48300873799032 6.27430402022385 4.52280124857798 1.82075484276735 2.08005786014068 3.26998588106374 2.96108423351314 1.71334938545423 1.28680471588876 1.33904163720663 1.30779069922037 1.38256813383975 1.36484361280409 1.38845404480575 1.82298420929501 3.24459007594842 5.98769052430896 2.77201694867758 3.64284197536567 2.9521103200544 1.74823670516825 2.02251357604313 3.37209360709571 4.06006259573796 2.49932534603757 1.89770750455735 2.80809929891352 4.14488595144502 4.42035902045828 1.80867788565756 2.06253888460515 2.77417100260531 1.87527292992335 1.41332802535358 1.25334665977419 1.40939848244726
2.19431095873205 2.33329978003448 2.21148872663997 1.66767521225126 1.52274146274723 1.50109574619781 1.52324004930277 1.4920891441927 2.14487112402218 4.42405629380838 2.65011932133298 1.68100617776877 1.65491789303766 2.1963056174977 5.16364399030817 5.68432397173392 2.94581469203228 3.43108217983824 1.77753844304828 1.79908071844605 2.37244483088914 1.62216050739155 1.21338378570873 1.26032178366933 1.39114765859499 1.52473796017506 2.47297677632349 2.9458526702971 2.42019731802243 2.74587133146935 2.60926025161274 1.74154486967274 3.69515850653782 2.90487983515073 1.49285314403968 1.50252710206194 2.08055404423892 2.65498473478961 3.8188983822414 3.86239808170948 4.48080505410447 3.98075161526342 3.55906304635034 3.17314666729285 2.78333435857335 2.40805590949803
2.15387091931853 2.47043170458242 2.2196661907972 1.85503547746535 1.73034233976911 1.69316506065159 1.87890774444202 1.8678033267588 2.42022082576153 1.73914727546727 4.16470188397739 4.29952368029667 1.93936515266248 1.39213835612247 1.93469981367159 2.36193450512862 4.6761240543728 3.42355775358446 6.1362760317857 4.21697007812856 3.38203121789554 2.65179836372967 1.38519756658941 1.30344293421665 1.25084426861646 1.26895226317522 1.33442899292903 1.5903921656887 1.65535146786447 1.71739665411582 2.60906514296037 3.15013558513555 2.58721406892086 3.14017916484376 2.12581868820938 1.56456342631118 1.43319830264395 1.71241403388367 3.80752721139972 2.16688493326282 2.63681745518639 2.70186833445189 3.65607342355863 3.28505427688449 3.70216216043224 3.18843045862916
1.99396542523866 1.72749765374843 1.41193755456942 2.0431718954935 1.90158191214884 2.03806753040419 1.91229199325914 1.87486801697351 2.30644189397901 3.83195826609484 3.28170870118168 3.0864483667824 3.26827373897803 4.41549648086166 1.25809184139355 1.19113384668565 1.48340975856671 2.18741125767793 5.11879085736849 6.14949788454459 2.52629582275806 1.90145652592905 1.58361565282357 1.33025070614717 1.3529031625044 1.24922420210806 1.43495987441616 1.54207474154172 1.52056771362925 1.5341379035401 1.77330563407414 2.63176598563353 3.62609935156155 3.08660444673059 2.72238047641948 1.94491731045158 1.48313710737213 1.57648621086935 1.80266457958749 2.33994896808304 3.0260097539033 3.12765943079117 3.56619925190183 3.91180389833284 2.86334861877048 2.06500269745972
1.93679155206778 2.02979052412128 2.79113051072445 1.96036140748039 1.44190629042359 2.21811291637214 1.46305863302909 4.35457904534957 4.3615721335595 2.57461701506276 2.31539918646007 1.60381423894421 2.42577033773233 3.84405949341735 3.94968047974784 5.28584852657031 1.61171570103541 1.14503453371245 1.24278198177567 1.31861503847354 1.19005847696298 1.13307161173462 1.17078186764784 1.39405913246439 1.35794572776863 1.18213523284714 4.06876482641209 6.35915719413023 7.57432401041627 4.20845619826157 1.71427557711032 1.63918349710356 1.80259745909591 2.00544064676906 2.97653851603276 4.4191423043667 2.2114694619132 1.63740404615537 1.78183122207081 4.10219128655454 3.39408212314817 3.14895393884971 3.60300825177513 3.29360486376688 3.39884055449776 2.00900561364389
1.70763622720938 3.46625467059057 3.5547253054522 1.94161075523771 1.1958900081533 1.57558221308057 2.91980937966265 5.07353408008731 3.65452097837404 2.91964167170383 2.44891116747926 1.98678726776829 1.80490233802832 2.4111707251423 4.20822483161378 5.47609927818921 3.09957971382804 3.12927498681658 5.01352587775628 4.40745921033996 2.43463505753761 1.08794344979095 1.07985702214306 1.22381219549663 1.32578769912408 1.64877750654685 3.62192746408002 7.20562397994701 7.11235506570295 7.61859882378935 7.72169263938806 5.95680519083568 2.31440837692915 2.13657688303975 2.45813972187854 6.04197817947688 2.26420458628037 1.74427635953531 2.35966275204797 3.59415950416079 2.14111142602726 2.24387979072246 4.10078353946444 4.04707155733234 3.50850805297771 2.48321154265876
4.18341985258293 3.51036186263384 3.21929941975015 2.4404019170238 2.20154998163466 3.33724877372454 4.16211666269716 4.85111004187991 1.91669666427824 1.39548005719383 1.40758888273488 1.25281077705165 1.59491602128856 1.80364300573388 1.75025093246166 2.49205651510694 4.46817520240302 4.85614015837158 5.50000566652767 5.11703198569633 5.20123821155447 3.63562307894353 2.88607731617198 1.2223528417102 1.17796448145555 1.27452851430622 1.4893193893131 1.40200902759627 1.71561480653246 2.23529065421901 4.72594716443781 8.35777450084137 3.19143370080013 1.78156467774922 4.92422969659872 6.06761840198397 3.95488707188935 3.47452213188883 2.67457361669637 2.12503115877537 1.97116986417824 2.00428526946964 2.51208133278232 2.49877291470553 2.90994812242003 2.84504544521694
4.6361269131685 3.44917149898459 2.76296455880657 2.45858333284961 2.27331251377761 2.3512843064299 4.03229013064284 5.27279525794928 2.44092317074245 1.65477951189809 1.37003109395854 1.21676228546186 1.17464984137436 1.20472348782371 1.33177733908221 1.32400705006417 3.51331223765211 3.81738045600949 3.11020424121027 5.82026949464603 5.68382103935009 4.87045784524144 4.30301930139757 3.53930910698743 1.79963807912059 1.16756918114436 2.42404855254044 5.94766413019274 6.69419411030712 5.52476142190611 3.78122606382982 3.12947149374617 5.73576060877905 1.60686126208729 1.98149214000651 5.87686436018107 3.31855013612023 1.85751399688169 1.81144129764057 1.69773834179823 2.89526282825554 3.21574089771539 4.28439156462673 2.44456091475731 1.98429127558538 3.81472167447904
3.87865424530036 3.56972441129761 2.98754644122088 3.02483876305369 2.74083743164611 1.54010734681292 2.41373455855691 3.53656930522991 3.10058939852866 2.24234128393705 2.2550945414327 1.40686204268984 1.20431381890879 1.20279549126223 1.22999352099703 1.20233925487284 1.21518932212754 1.29365531115175 3.30680136753287 5.56513786601484 5.41210107036324 4.80433469453469 5.04402044906315 4.08231249996946 3.96914004121312 2.30930821410537 5.8407441504743 4.38968034809348 5.12904220920267 4.83942566860944 5.38247669992115 3.46153927366041 5.71102431247735 4.17770436173552 1.88851594998662 2.09831232420707 1.75715748581708 1.6433433231088 1.60518801388561 1.61085064182999 1.95841445999265 2.25818111584437 1.94755655063875 2.67524537586854 2.60524291196501 2.88030355642262
3.74711119960133 4.5514670750532 5.38385150623609 3.19442710091731 2.54754730692826 1.66806631713348 1.25322296186925 1.60392866686144 3.316927663801 3.15759383047375 2.24372505686237 2.01599862584688 1.63191664297555 1.27773177489868 1.20841242813964 1.21766761318694 1.2136433066577 1.44723061749013 2.4056550715214 2.70144995077183 3.9228865545948 4.95064565028969 2.62069315330794 3.78687096672746 1.48763588222401 1.33002961124968 2.94932864626708 2.95872703526961 3.4684536123511 5.11655501665886 5.76711073644618 3.53305032492413 2.79469020067287 6.26247190356671 1.70754475813621 1.69406185798487 1.74202336968928 1.50771575976012 1.43028760352167 1.64047284754569 1.87622102976647 1.8056901705263 1.69316277435181 1.70862985175716 1.63716892710905 2.02588091796808
3.31420286714208 3.41856824573081 3.72670045364744 3.20635607049733 2.89194951905372 2.22791713012078 1.80158569764597 2.17104423094337 2.96750895247438 2.19076647011451 2.38719733377608 1.46590384047666 1.27871936289173 1.31737584147315 1.31747472946783 2.03364376323654 2.4641783633383 2.33927487320448 3.63714696495027 3.79903064005179 4.64641166294153 4.51844706179756 2.67941571409 3.3274617692677 3.10781940712851 2.7858689033304 2.13255480524847 4.6326014665084 2.29182397690299 5.24758501587299 5.97341681985308 5.6005111884513 1.26182441866504 3.63137069170312 6.90366558868752 6.10573585352357 6.27037210626301 5.98021576302554 5.14427337554716 5.67351566919725 4.36786242771033 2.32478358302744 1.7278010372819 1.55749867679946 1.54018653298775 1.43202968491407
2.47287741860203 3.11421757524303 3.46964172518269 4.89620349596751 4.33841404521964 1.6312887595518 2.28972721161063 2.36927097108914 2.17338331797155 1.64980049643637 1.58432655232551 1.46510395183666 1.4462600622698 1.48079471534949 1.29047233654697 3.24560874340295 2.49952141341015 2.78608130494252 2.62583061414798 4.22159250278797 5.45532085887689 4.90595613334582 3.80191226136589 5.79607502221296 4.45390155601329 5.53230404983058 3.15456795453849 4.68077668130991 3.89991136536286 4.1332395127239 4.66328931144764 5.45264192751481 1.83905473693528 1.13888929781502 1.61999767879426 3.73469392683364 1.92422271733193 2.50297489562109 6.62791353857208 8.60804269753507 8.57216772495041 7.44122767338506 7.0650696582652 5.37030791408512 2.41116771957193 1.86066350732918
3.83067136384542 2.46162912140327 2.00173107145492 2.81996723880745 2.36738740852749 2.58702461791351 2.9768886886976 1.90015545946423 1.96247499138878 1.68383297756179 1.2879916799128 1.27041575514791 2.05300818976485 4.25859689584777 3.69014106703575 5.18074557123851 3.48061851712363 3.3640091117051 4.269537973887 1.65247469815447 4.2494605462443 4.39151174173008 2.77099855469664 4.50396946237835 6.15581912703007 5.25060984847089 4.49153084143498 5.62497228414333 5.38033873988683 5.18649550257672 4.07018717895707 5.49317789766019 3.91767393837056 1.59538844546711 1.46181997618133 1.7094176800149 1.70515464521852 1.33547409386855 1.35287523799392 2.1333855064888 2.62975229016851 6.62493085208735 6.43126010554811 6.39787712661077 6.72422304186731 5.92282427783224
4.20066073710745 3.36248056666676 2.02432788373382 1.37710480743375 1.59764713697851 1.81986257575327 4.48157329067692 3.43078938430002 2.00726612845042 4.12909475772305 4.38997023728974 3.64959401150779 3.14398779664758 2.95995318268163 4.95688280031846 4.67064918784499 4.59306381814936 2.42968207819149 4.27700797538473 3.42972826402838 4.3498243282458 5.18161778413193 3.72711029842375 5.08687071927895 5.77896132137118 3.85034380932912 2.94848347926617 5.21511203284551 5.53391701954422 5.10598030794107 4.47214442426866 4.7762672359168 5.44655523645289 4.91419263787506 5.85803312721808 6.18995413725125 6.10887344213411 7.13211769697621 4.95115421753506 2.19885371583217 1.36113952290267 3.56762170054954 5.35749647847672 5.99350768299872 6.81185090444116 7.33937346286093
3.04520117766593 3.58818606186019 2.41620142557357 1.84268231157228 2.12606593765079 3.02545134040925 4.55332847847986 2.91297713076675 2.50896598333077 2.72482113823045 3.77737307220143 2.97699449290323 2.66310304670911 1.50765604768803 1.38084132131762 1.541548278234 3.09558251328832 3.6828614262494 4.56166709309233 5.43152704011875 5.7036140496796 5.69421571173271 4.7634269640594 5.52480311282723 4.21229844858367 2.8385381164261 1.93442041083524 5.5644970075478 6.12188504530736 4.06380003623613 6.32626178810002 5.92172472158035 4.86349788889947 5.91828455214406 5.25994659757118 6.43105351408905 6.45800081305696 6.60751479307631 7.49916820570211 7.40362431136461 3.84773266457173 1.19062163045396 1.58628065898776 1.91097032028439 2.0882288623001 5.6740889714989
3.71456284384684 3.48361620049514 3.05025592735323 1.7478607654637 1.87492762661519 2.65760466556682 3.11968572014665 4.22567802096279 4.44851529829019 5.52935887878949 5.03516715999366 2.67595068856095 2.69008688234771 1.65093575158164 1.74572316483622 1.62389715792543 2.17375883007308 3.0144163585815 1.84812082956481 2.09790240132647 2.73441413160899 2.31559230216374 5.4121171640906 4.36941869115171 4.90332415994903 3.63672912952841 3.33993505320003 6.02447823305406 7.51511114083354 3.28707114030661 1.97235283454825 6.08176189655568 2.25793094314498 6.04926181540666 6.12757773588875 5.11004736218986 5.24325664932434 4.50452906615252 5.09425853789626 7.31511782296047 6.57606603277262 6.57592209111036 4.38736143682816 2.05100765081633 1.12375030485421 1.87654584743029
3.22099071761923 3.14316051868482 4.48312920160145 4.69130900225052 2.89343501942634 4.00904466589704 2.70167204807406 3.51250085911501 3.67854008132727 4.78792126099452 3.70854877415986 1.96106356116075 1.97345030386019 1.59028071286115 1.43371725979541 1.53732738175652 1.84726951394644 1.92994540100956 1.55252904563495 3.4666604049852 2.55885708380791 2.94744296083805 4.46807179833215 2.02379468663828 2.60389110633175 4.31250935588252 5.99612448163922 6.54860191643773 7.21763532592454 6.29356556271819 1.76513288097689 4.29703568911942 5.74431071739061 5.33836209625476 4.2096748341361 3.10966855452601 1.71152199339487 1.76372228224744 4.19984886963753 5.36024386048706 5.29874223341874 6.01036504420369 6.23180106329602 5.96450119930225 5.08412499113651 1.75453338373445
4.71945879429199 5.14609812101974 4.77392193720228 5.51584067137358 3.89836934568377 3.5743273607379 2.64727747119301 2.80856543892964 3.01805834075459 3.20924332282617 2.3764219367676 1.51202035301695 1.78648796713292 1.45747549086539 1.33465582724975 1.95806952607735 1.94332576758519 2.01631178485804 2.28534773529044 2.9876322141515 3.40294710979712 2.86748933327974 2.04605869632047 3.38531295312647 5.3485079358973 6.2047409254993 5.90453715667319 3.57099414834594 2.14965815039904 4.44108953607748 2.49735503548762 6.56249110893255 5.21862408391777 6.07448666281979 4.69035070081442 2.68863474247351 1.35053594165407 1.88329710202628 1.7128099923036 1.67163778052043 3.46665893909371 5.54067770621047 6.31370126062612 5.07678396578443 6.66740033550838 6.53898415767977
3.6791195357774 4.16813413839248 5.37504701647007 5.29101924096743 5.86994995749731 4.58645035146376 3.35153065040419 3.06345941751171 2.35985707751511 1.88880669270911 2.22854864169195 2.22542875394328 1.78613749604284 1.46001131705874 1.3854556726185 2.15091205008031 1.81672631941965 4.07013115067484 5.08952408839304 5.355851187596 4.92394714370293 5.68700833659303 2.27311805137132 2.20547747264584 2.85236696616908 5.72355714198909 5.75521594935419 4.54075559233051 2.57570351507072 4.52381246771055 2.29523303164563 3.94845673898168 4.26756432712652 5.66315702634741 6.20722217483064 3.1462498379668 3.3344747337561 2.05370501185346 5.11925816249539 3.2204496199083 2.24074463011573 3.1027142326776 5.45022516316966 3.27066957664672 2.91312615787324 7.36782269842929
2.37310281523712 2.42150812895899 2.73236572164651 4.8280006315919 4.89289358991038 5.13559588503465 3.43011436475707 3.81955912024122 3.45913979473313 3.47442302718592 4.20573022848362 3.71378281073379 1.7608652787014 1.58209416801411 1.62076267032179 1.99413886214468 2.68391194336874 5.41838255089807 5.86781789306652 3.45438884976824 5.72324465328303 3.29385168230377 2.20720622279814 1.70842768249825 1.99205632024966 4.98278345811983 5.16518691544939 3.06209769154508 2.28737889129946 1.586195982222 1.80079224864794 2.15729191194426 3.24781795711999 4.03435251594442 5.00337091749261 3.27200378728015 4.17183859800471 6.05722647071082 1.96311018395652 1.71768081616425 2.351706298091 4.00364600863204 3.4053853767096 4.1570980816234 6.00349636655649 6.63926380759536
