IBR/IBR_outputs/all.combrep_1/PersistForestCover_Total.Silt_Total.Spinifex_Total.VRM_Total/PersistForestCover_Total.Silt_Total.Spinifex_Total.VRM_Total.asc
NCOLS 160 
NROWS 95 
XLLCORNER 210004.651214014 
YLLCORNER 7350008.22228844 
CELLSIZE 4999.99999999997 
NODATA_value -9999 
[rows 21 to 41 of 95, columns 46 to 91 of 160]
-9999 -9999 -9999 -9999 -9999 4.54515883074694 2.33967318356236 3.35347010398463 -9999 -9999 -9999 4.00415812620196 5.67030027131315 2.85379790048312 3.10823942219047 3.80387684846855 5.57232782795832 -9999 -9999 -9999 -9999 -9999 -9999 -9999 -9999 -9999 -9999 -9999 5.57195072684049 5.71265181753961 4.41383647402192 1.59643776588318 1.13844268371153 1.04202207104747 1.04641254033729 2.34057002311789 5.68559082850198 5.70438075649862 5.71562655406778 5.71856500206597 3.86044101652978 1.28023331152167 2.13334990733219 4.91085597539659 1.11593842950428 1.11611714645486
-9999 -9999 -9999 -9999 3.28028644265341 3.32771803736377 3.10822465022479 5.36360840633534 5.63025301360915 -9999 5.4347001573285 5.23984022093124 2.26041580202519 2.50471311068998 2.71293336009513 4.45734303032191 5.66050164050051 5.72730328821945 -9999 -9999 -9999 -9999 -9999 5.69305810066149 5.57737614427245 5.54136880378993 5.59375764155876 5.65454455342825 5.67181413235477 5.75512976541877 5.07399785794152 3.65400038429117 1.16543333813612 1.05669112713309 1.13426957966154 1.53476197080151 3.41144027294857 5.70464757170408 5.72204487778973 5.71838040933388 1.83002183190248 1.33290225534663 1.33068993293461 4.96502137383685 1.47601578088417 1.08919363117273
-9999 -9999 5.43757572254652 5.28384044139084 5.60850275050313 5.69947685536317 5.75284687953011 5.83185599270673 5.84893377219711 4.83057295006996 5.51933888763315 3.37997877452968 2.02154963140452 3.20724499071166 2.32138240754365 5.49483961619518 5.76461668978415 5.69886722035899 5.68357340922099 5.60044690845685 5.67085334308611 5.70392446694791 5.36741433493143 5.57985116742335 5.73317510894535 5.70249855342575 5.76459062039051 5.96484594073551 6.077692004241 5.67309101753832 5.30384517522297 2.84602125384798 3.47520812081534 1.47191763141087 1.0857911014046 1.73061628262154 1.93967034488341 3.47717666498346 5.72005387427456 5.71562124313582 1.65937669469856 1.29346954451473 1.51432794787004 1.38925364213225 1.16235053737625 1.17045838168714
-9999 5.18808749687184 5.69161675020934 5.83509596125012 5.80735525813335 5.87385490889618 6.00202442447611 5.3457656088395 4.83709178761826 5.49347354748748 6.56059155009284 4.33674998322803 1.78714683585383 1.68898517736108 1.70024512109382 5.85091170947709 5.97945573600414 5.9284738146622 5.73163193161068 5.68217902656694 5.72441092953821 5.74649159001133 5.79776762281238 5.82565903315828 3.5519714772235 1.88453583154006 3.43251816412528 5.67322266936415 6.02768661816016 3.2525809498092 3.0048627858604 4.60788601422663 2.46460018938536 4.34956044477256 1.24551567926443 1.14448577874164 2.91459556871722 2.12422109266666 2.48165371865749 5.47771097986762 1.41936786247132 1.27561476778208 1.2734245941851 1.18210638861256 1.10691366281717 1.08538167096824
4.61003362996307 5.07570868546287 6.45894383625461 6.96187133749865 6.13579519260339 5.86165968262386 5.38001108320312 5.67533628251823 4.74441652065034 5.13753459930993 3.70744409956923 2.35369634662899 1.56806776380631 1.48613348586714 1.66230572632926 2.59186206846144 6.20209178588379 6.54518164455509 6.62181271620401 5.83829127794816 6.05599488512554 6.11809659833044 7.17030129466761 8.00440323117298 3.78863353977008 1.65551912511073 1.14083676147098 1.22505102291301 2.29288367362491 1.60510205037548 2.11043541410568 2.63928794878393 2.22948145965301 4.84572470999588 2.27688410946734 1.08513313972172 1.38559821896239 2.43622869651602 2.09186283433763 3.11053644366514 1.25490537793184 1.16775604407778 1.17144862859179 1.17743495548274 1.11658002133823 1.09376665032964
4.57164437205956 5.59092718416875 7.72450819696827 5.76459213110587 4.6081496956566 4.66662588417931 4.33336426368859 4.36682948578422 2.75410087038697 2.46315718130946 2.08847927430568 1.53541898712971 1.20190983955235 1.60391348118255 2.23964168220132 3.61410247316165 6.2554123338812 7.44405190094571 7.22127368085146 6.90163341914527 8.70111226288604 6.68789938107559 7.31843368220624 9.39178812888724 6.39940068442227 6.58610541237466 3.30030695400262 1.2072148133945 1.56132668362778 1.49532208747713 2.84390513593991 2.30584215943006 1.31387531190483 2.29471476185082 2.33233408218878 1.13767858551248 1.16337082249914 1.1962704860551 1.32011599134621 3.87096198439567 1.82045820974245 1.47769693881694 1.29242457363908 1.17652125286081 1.19505955114052 1.07719794288009
4.59080374616995 6.60113749882369 5.99186537563938 6.21614375682479 5.80817691527646 5.84603367766564 6.05441751673296 5.51751525227024 4.81708898148919 4.12666245570615 3.39364950186912 2.30383923357734 1.45841094790798 2.16073540950995 2.83927967799205 4.18024338276827 4.43855477256484 3.06241745780473 2.52728078096261 5.47222946988947 8.71673790601416 3.02250439370071 2.35581573121704 4.57178168396892 5.94448786130201 5.85561913059425 2.44528359123111 1.48658456215851 1.80788234363916 1.84822993026227 2.36022777261935 1.35945305972623 1.1205388771284 2.63612949994429 1.66150852053216 1.09215701946559 1.11966672445042 1.14236196096484 1.07163989865686 2.10460402770037 1.52815437065745 1.3301262937419 1.30775813944777 1.25215846194302 1.2771938818201 1.17758477815483
2.48897626856399 2.6722660388645 4.11040548286056 5.59045823716333 5.64929915012705 5.78819330043179 5.78599284253906 6.18467769839101 6.51824554983535 3.18090303230151 2.47210043465529 1.53823036050559 1.66082065974894 2.61671737251879 3.25287722791052 2.65558295825219 2.23596465940721 2.13127209882825 2.45752513548928 1.84080499701692 4.4355503209035 1.82282333750874 1.36494022584779 1.79652018636457 3.83666770533795 1.66988637052501 1.5230150089019 1.3072780287463 1.25790869596296 1.46154582016057 1.14135370425542 1.09801960771821 1.06483808429672 1.06491291370122 1.71799323366773 1.08185856211651 1.20209821589211 1.15578949118189 1.10935820806282 1.2500088703415 1.33956593261229 1.21693895039643 1.14772358868153 1.11637558003719 1.16175694545772 1.20716070479695
2.18657527526471 2.24297911838861 2.71674977060436 3.46357444440361 3.20654260827964 5.87897536393807 3.3251283339783 2.19124903685566 6.6811246255034 3.42344431874882 1.85932818896333 1.8105166482836 1.84061267877726 2.17002394217688 4.24238289917975 2.11510197513872 2.15701963737592 3.09219490673934 2.7611678081766 3.27198224536334 5.85099044524371 2.74925416407969 1.95960926858826 2.78625541940046 4.09366236740812 1.5420239377516 1.37598618425892 1.16907290617158 1.11273545953346 2.49662747727239 1.53063881922478 1.19489268985219 2.2644241682627 2.04925495281598 1.51768215009211 1.21017075582473 1.14323605555573 1.54417498878917 1.13103175956445 1.13234639363358 1.63109016222928 1.32520475252078 1.36267481114561 1.49361663928714 1.15091490801272 1.3141678067196
2.37495178896769 2.33453920460235 3.06124700993359 3.63254662323914 2.64144292684652 3.10729441703465 2.47650467326884 2.13045447663654 6.26023760192968 5.65118886519628 2.08467855857179 1.72119349804336 2.22956112196943 2.53291875841311 2.85047967645862 3.89026265421531 5.04283381440128 3.57598446330724 3.38379604806581 5.29799966154732 6.57318481816254 6.30090803373906 3.18045499851906 2.54919511645941 2.6236631401233 1.76446525027351 1.43275461916304 1.88459704184633 1.43693285762656 4.22947684572582 5.33205483186334 5.18899140035313 5.77729659566745 5.98395454993588 5.88869480894845 6.1564879342963 5.42874315369617 1.66211087480276 1.18548927843738 1.22833170070608 1.28031821822022 2.00088077314843 2.56452299323466 2.13377697886561 1.52334246820658 1.33123314786176
2.22885556323385 2.75419038376023 3.64993089201818 2.95559804195962 3.02610837211806 4.26481267699818 2.72073925255001 3.11272520129473 5.58430965436882 3.52063172717552 2.26123115213504 1.81557586710104 2.34296942303134 3.96991482569007 2.48251633236906 1.5475270086036 3.68680154176539 4.09238953065029 4.5441604500972 5.45475527736789 5.64283741329066 3.37124715766738 3.45512083286259 2.17593325104003 2.67456703581579 1.87498658293667 2.69012135781521 5.66563570603207 5.80292152486821 6.91101311834666 6.4487474435202 5.77773942783787 5.7548529478331 6.25796807271749 5.91700196723054 5.95118689819037 2.64555701284249 1.3365292237414 1.1667322331153 1.1845587282529 1.19758576563761 1.28608774120649 1.79561724403098 1.87217244080527 1.64903607819682 1.19330453036983
1.76213459661283 2.48311221955866 3.27347142083717 3.67797352437359 3.21330671586391 4.47917310568049 2.76247557188477 2.67496244189412 2.60089146568089 1.84124432798313 2.14580902218091 1.6258605153678 2.3082617348986 4.18509374983991 1.73734749448637 1.81457964064185 2.9376439303952 3.27260505188542 2.58295983792699 5.31409229255838 6.29590563272609 5.7266461960803 1.94555356606497 1.56605955453416 2.55821989126796 2.97321446922451 2.76453587033405 4.38788401162509 5.75174747463764 5.73870344225849 5.72800479197063 5.70952070008663 4.01854604081044 3.26566825720547 2.24817764465413 2.8821530219625 1.94946298392039 2.94642941849964 1.54576292456373 1.79780698889498 2.68652734216856 3.11372807820061 1.46574240561999 1.12070990139328 1.1311074076067 1.14713048931588
1.80591281483354 2.26940320026245 2.67443852450825 2.708611840215 2.93050026748499 3.15531347677649 2.49206462878291 2.60239627932058 2.50432998360795 2.49744936814822 1.97844085490541 2.20231603853401 1.79873102811392 1.96244989466597 1.57590698904512 1.81161708744358 2.70684496538794 3.52268496500097 3.89528683582417 5.09919540680168 6.0367158752569 5.78186865196884 2.57281333637944 1.80605725052902 3.54582622190499 3.86759955585376 3.75555615223161 4.8010132119829 5.68586846814855 4.69115893712382 3.56625000846945 1.55833916966113 1.08740566040211 1.14936762439895 1.61290598773944 4.2667822772887 2.46041106418333 3.0109617195712 2.05117375731178 1.96926230138459 3.08466228820524 2.17552125610644 1.15523439570123 1.14226323780505 1.11407358472124 1.19445939530562
1.67822206020785 1.74810810050744 1.8990762618966 2.01370542082955 2.09259850647336 2.28341210911388 2.53292723115545 2.3710676957887 2.65824478832841 2.59433394973766 1.84698238963224 1.49400243896978 2.68789400379782 1.83432060141389 3.27818001607645 3.46735248722691 2.82522766688098 5.5845102042061 3.95116716484748 6.61266561337125 6.75866623378173 5.15431912545317 4.63778707131634 1.96767555381722 3.90459959366346 4.30584177315039 4.54532365149897 6.069072517015 6.0770613903336 4.01659346996293 1.12659371487536 1.06084218774418 1.09456320425079 1.19723805902714 2.2514585675741 2.89345631245241 2.21412581919353 3.40331706175413 1.79193826751338 1.55522271938169 1.1692985616243 1.51424888847479 1.21741978666774 1.10285571859694 1.16505904363126 2.59834057125685
1.73164104126515 1.54568844542669 1.70837883975957 1.53218895208421 1.84423530934575 2.12309018822131 2.3087198081092 2.83977183058333 2.54392761063743 2.81596348701634 3.01155376674735 3.56595111613804 3.52431083275866 3.33643444798689 2.74981070201632 3.63851036027375 4.95975911095341 5.7763782807454 7.08428981351825 6.39545717958425 7.35904517021167 4.90962301775289 3.55739277490332 1.99366077092577 1.57361094297051 2.45490135791648 4.01765885401691 5.86121848100815 8.01423168959501 5.97886793821175 1.63234056976103 1.16574974817116 2.13230560520915 2.19457934936723 2.25763321583397 2.56091012440762 3.50138386206185 1.9318913892689 1.28888615180558 1.21535470063725 1.23980852084341 1.54976149488579 1.14095689745771 1.12083639836683 1.11987265870732 2.56492915961629
1.79001718619212 1.8546888579517 1.76433583006222 1.91177386217712 1.90340893596424 2.27512398404917 2.16887077435831 2.15472617579005 1.90274910440354 2.1295016657746 2.81128805317779 2.67316469286095 2.51416244469296 3.36201644090267 2.24199639326433 3.7813791339214 3.43345650108833 3.233464252929 6.10857582950193 5.97032322498964 5.40857636176304 4.37272372095569 3.57346162157333 3.27776846624006 3.17409149640669 3.15087876457798 3.05059307204531 3.61724380437872 4.22985429259545 4.87345831809295 3.73091236186365 3.12450980147614 3.31637277761791 2.47833222817293 4.61462027465416 3.67761989672458 2.63353858797465 1.60066946645991 1.1394691477018 1.13592474477707 1.17250369128525 1.23448865552352 1.086734919371 1.11027927699579 1.11236502630871 1.13799889436087
2.05717614800886 2.60873309370864 2.29521942904869 2.00010395325247 1.56585895248061 1.9844020810251 2.40494065052014 2.8198293372373 3.13749953043479 3.02131238187552 4.10548681820085 3.46013530512665 2.85375733375357 2.52729416475737 2.12726872406272 2.20535631654298 3.207032321394 3.8100713273737 3.94204675578989 4.4430116754244 4.5300035742531 4.13157417426301 3.80822899911164 3.26266273859906 3.11670543577524 3.87061636603649 3.72367213260685 2.93724047366314 2.78505084724324 3.45304936080508 3.21644529653452 3.67157296339044 3.99032126021541 1.846911482342 2.09146414660339 2.34480535878497 1.71808240935374 1.65130185546392 1.07877101444376 1.10956906800699 1.14959131255814 1.5605456852336 1.16966894543681 1.36296792970725 2.34189440662303 1.13662701090091
2.91539368254974 3.63766215838613 3.87111427275009 2.97199359875733 2.31759469137525 2.96138538893212 3.54851268265861 5.04619747884203 5.12158106488972 4.87410231532082 4.68105482216404 4.32989030261837 3.56272029935496 3.36925785817801 2.56896054137299 2.4768266192971 3.82568844281625 3.50899686884083 4.46383392248759 3.63718791508643 5.06340479385681 3.46587929012679 3.76325140470442 2.79579840533318 3.70386909841699 4.0088997781076 3.58660226036205 3.61554470734353 3.55919070584709 3.94371201943498 4.07184431988401 2.68917472101439 2.91979675045078 2.73873565177954 1.82236733861079 1.5766861187529 2.97452262077879 4.14608423537698 1.30061219121698 1.14307539848649 1.19540031063992 1.36758245073323 1.32804026646929 1.10540347977546 1.16869394733793 1.14873604842054
2.10442542888581 2.14485229642148 2.57338009260451 2.88392750912904 2.26451797688263 2.12313183189502 2.9484926604058 2.0735522624929 2.71267580440102 3.54233342180349 3.4924446049168 3.56694753427987 3.76713916450239 2.60241925287952 2.20662389633523 2.5454530688824 2.07317235903847 3.46039865265229 4.01153753233499 3.38541619266709 3.77111537554594 2.67676935827735 3.06250135721976 2.38885055470177 2.97841921706852 4.33500027004556 3.16134403170192 3.50191084825506 3.7274374768908 4.38870495526954 4.35354131048525 4.96414674727251 4.27039710562955 3.44186507784562 2.86162517699206 2.72825453064849 2.34879903277211 2.24437964094097 1.56838531554166 1.18012906693829 1.1480520586841 1.13564245765839 1.38128207523327 1.50510221429755 1.21688506360062 1.10987534393893
2.17571004000274 1.89053180183745 2.34381728004171 2.22062828017321 2.66757600858654 2.43509300803795 2.12559077570663 1.82371683402336 2.46308136175201 1.77467566416674 1.64126274021394 1.53294105442774 2.44599202807801 1.56408999455869 1.40876525077795 1.54402367211692 1.39709166491268 1.63428093350131 1.84647837021186 1.69310842576356 1.48371001857152 1.69239593614451 2.45877654729841 3.62523703078122 3.13406958104629 2.9918836212751 3.43125740372857 2.7311678656572 2.99087440942131 3.69855364384158 4.21916795737237 4.41576477371695 3.34491583217797 3.56766058814778 2.97514780187794 2.30991221849326 2.12870789848867 3.08099256664383 1.21166685659067 1.21029364127937 1.18588770587786 1.16027673728438 1.97118393234115 1.82792093190074 1.27605831353823 1.1434772866726
2.6120687451283 1.75183540905412 1.88486764898407 2.11671275403402 2.36537905100624 2.02006482776423 1.81537818911218 1.60479769442564 1.60519673030911 1.8623120243186 2.67119452320076 2.13223843517499 1.53463870376592 1.27288630530654 1.20693417016004 1.22200757462684 1.30820339696973 1.33545710648051 1.42461074198179 1.46892254537003 1.35191112510587 1.5456694741833 2.06752432403859 2.1828374522663 3.22615966547731 4.53240969047162 2.80510512283667 2.7411957554844 2.74802353405112 2.83658612025718 4.14960308300106 4.2467562416525 2.44375745793673 3.24453172323524 3.35213358221528 2.15708395591196 2.44241987947984 3.13069603613215 1.2651839349158 1.14643009579659 1.46650114241209 1.16325681133696 2.21967925675107 1.2644920946998 1.49205915593503 1.20198813816268
