0,36.6290432604505,37.3240714735122,36.0896201967414,46.8239053733812,46.6587714890843,50.507648695388,43.7357138942138,68.4242248444254,72.016664499264,93.7201848737324,62.9164385870166,64.0875390866975,64.7842918648249,78.7363641057019,70.1026319415264,59.0313855529163,62.0604641823737,60.5383732914087,55.839686869044,42.7625734347292,44.1194903670652,42.97832693121,92.0263987984479,112.135774982321,138.692740925229,89.73881015495,90.2566562975013,63.176235252724,63.3605503530651,64.1013022638175,71.5961561566931,89.2953008022151,45.6374477149755,67.7606895392231,69.2664269496733,58.5949681997668,87.0476434069842,86.5675335680002,86.6312529238127,94.7355906100063,98.3234310674954,101.402498317204,100.972566617514,92.1481088735824,94.4669675989116,98.4269522019654,93.7038838639705,94.2103049457928,91.4094926388392,92.9905976024816,48.270815252157,47.0454409441189,48.3418709293273,48.0144514386925,50.3440231979531,47.1806150514584,46.6447878856549,40.6699825758111,41.2303046423211,41.0159058539064,40.3729599717347,40.0331467309995,121.51656270831,59.4330007028691,56.4357070709505,98.2509819272909,99.3088767563637,97.9329829700647,94.0514697553731,90.1975671233468,97.3748415513962,89.8353639923669,92.8936316837563,91.1371389381696,59.0517796995034,59.6039958469446,93.5189353827104,45.0706369289533,54.0355598019117,62.9728225437358
36.6290432604505,0,40.892685066229,34.2365993485058,40.8537976235284,47.7903326231332,50.9564461517923,41.5487050807123,68.8715999919907,72.4665529267571,95.0742760235073,63.4035163735307,64.5673989815146,65.2556482886827,80.2527720092214,71.557182669899,60.1844318839913,63.2253928124634,61.6798234399543,57.0170174479952,44.5067838772051,45.901783672264,44.7700535272074,93.0884277813384,113.592889809336,140.133981765348,90.6194405926704,91.1893066545828,64.7930914913221,63.7618310165641,64.4923731075169,72.0285478573165,90.7391610282977,47.4429982179924,69.1974091571706,70.7035271613676,59.1003937847382,88.4259283258621,87.9480597206543,88.0091187774316,96.099447124422,99.6865405255665,102.76297449389,102.332455472943,93.5105266059939,95.8347351317509,99.7909213362495,95.0694912393442,95.5744488043,92.7740042711422,94.3605664046894,49.6337320485522,48.4243366224869,49.7372305762339,49.3070441577548,51.880012483345,48.7084233228249,48.1451749997829,42.2955301334108,43.101253755123,42.9714009826436,42.3567332707331,42.1366551711176,122.505953815519,59.7229114142182,57.1611332828152,99.6445868005279,100.704552518741,99.3275969895466,95.4448176702085,91.5488950368901,98.7263857754896,91.1937986222282,94.2527021679312,92.4815339808427,60.112125298666,60.6814102535829,94.8499963972904,46.3830347480277,56.1487752544822,63.3750924351541
37.3240714735122,40.892685066229,0,44.6270187386899,51.3411828116908,38.6482576394351,47.204332778075,38.298819513134,70.7413037512325,74.3174188469513,95.5415269839803,65.3549237992659,66.5205397158559,67.1712372148161,80.6081582020534,71.9023077686955,62.2629971770504,65.2735779925477,63.7485148324669,59.0678469056102,45.8450804135459,47.0215609753056,45.9539405715321,93.5647260936975,114.08709978638,140.620087164497,91.259938925655,91.7621793077434,65.2560494527234,65.2101311884966,65.9352162982737,73.6221602532593,91.205768348856,48.2994847122258,69.5252771646381,71.0152082166884,61.0848026585261,88.8888442269064,88.4113488622989,88.4734100953319,96.5605830466779,100.148582529035,103.224236435306,102.794668208871,93.9764589585741,96.3004163254446,100.257250418815,95.5351738226395,96.0409614568572,93.2399057508836,94.8262875458955,51.5202950708745,50.3056564127766,51.5731276781645,51.2915352627741,53.4562247649095,50.325797841517,49.8253839674716,41.0166144282477,44.3454163702235,44.0809176893636,43.5695902683039,43.1618936733387,124.580672588934,59.681004618542,57.7911249231852,100.113662663971,101.174045814031,99.7967887182429,95.9136699095315,92.0146623232346,99.1917238155044,91.6598432638831,94.7185027156106,92.9475647991326,60.2995299328349,60.9005503708573,95.2096291768118,46.0569435977483,56.2847697588067,65.2815029536321
36.0896201967414,34.2365993485058,44.6270187386899,0,34.5262695704193,48.5856360128451,50.2793731473985,43.6155401610522,63.9920373982935,67.6054804980213,90.6588339405942,58.3763058836486,59.5475763171978,60.2907010693788,75.7727520275009,67.1515529566691,54.2260135978918,57.2917389701169,55.7474226985582,51.0656350719698,38.8111107608949,40.4016997981218,39.1981292732881,88.9781386472081,109.040907171468,135.606860562059,86.5514220800123,87.1288389748249,60.1049747392819,59.4314405322546,60.1828330472965,67.4878640750712,86.2281550547548,42.1914727750063,64.8268422529757,66.3478686750483,54.0110828352429,83.9887010204384,83.5080703760542,83.5710182466995,91.6793980189027,95.2664232514557,98.3464283354416,97.9156272715156,89.0874182272259,91.4061296589381,95.3657678621181,90.6432014685157,91.1489315609392,88.3486795718957,89.9295613605878,43.675357498761,42.4554908612014,43.804264468679,43.3070108099361,46.1004677894969,42.8920966114398,42.2853367541389,39.0371265134999,37.4137371018563,37.3643772433287,36.6292233809155,36.5235998008496,116.742578722428,57.0342636963369,53.2870500695332,95.1849975781575,96.2423396206704,94.8668136949342,90.9857196963851,87.1378387450194,94.3155088772747,86.7748546889335,89.8333104678622,88.077659204941,56.2724319275169,56.7943198183923,90.5611810854769,42.7197990013136,51.3645179359949,58.5145140977406
46.8239053733812,40.8537976235284,51.3411828116908,34.5262695704193,0,54.0179030549161,55.2854728460624,47.8897515974127,68.4063519360682,72.0243044640656,95.8812100374025,62.8145483932886,63.9792195033116,64.7196538820899,81.1183473063106,72.4498568945689,59.2700179061631,62.3472717176654,60.7801859844094,56.1331817924517,44.3882288811996,45.992145627385,44.8028569449353,93.9774526491826,114.344720164917,140.89804055088,91.4088637776453,92.0285506701878,65.5307626607448,63.866639978122,64.6120982874558,71.9242971219132,91.5209031712058,47.7824990473031,70.1113692933724,71.6324693482958,58.4615675254334,89.2300135402993,88.7511469023372,88.8120228795425,96.9093723751792,100.495821972624,103.573754264705,103.142502775509,94.3163182372264,96.6392266915311,100.595890826322,95.8746025326956,96.3791940741315,93.5792231425266,95.1643873131192,48.9198754840614,47.7164387696817,49.077890728829,48.4867205776208,51.4952393433357,48.2822177682702,47.6533498883276,44.4394391317237,43.0988788937842,43.1069268176231,42.4148410786173,42.383342804465,121.630666300751,61.6998710885906,58.0418683045537,100.438440627152,101.497416380717,100.121051195034,96.2389568271987,92.3580339405978,99.5358701655694,92.0006291530143,95.0595814001953,93.2924199619934,61.2875979726972,61.819287616246,95.7656156207356,47.9246791767455,57.1273151646533,62.8865268586943
46.6587714890843,47.7903326231332,38.6482576394351,48.5856360128451,54.0179030549161,0,38.2760119842264,35.2022445510017,70.7446124570296,74.3055914400072,95.0675960191852,65.4635339342845,66.6250084416064,67.2349637283646,80.1877536434631,71.4107106796002,63.0437329330428,66.0392373512301,64.5114932080545,59.8460091225117,46.5262210234857,47.5535770442019,46.5504879398499,92.8147610874123,113.737176693479,140.247369314933,90.4964578041152,90.9816224584658,65.0349661298809,64.7914522158326,65.5033959773278,73.3621632305636,90.8174511000132,48.6257580371756,68.9995473662277,70.4744478999284,61.2378948927943,88.4340224432667,87.9590293821944,88.0194817127629,96.0902294742632,99.6783694200089,102.750756105579,102.32152461826,93.5092634862205,95.8381137024607,99.7919174931783,95.0708010785732,95.5759694241068,92.7746890210256,94.3661333532577,52.318799108214,51.1132412928207,52.3573825522391,52.1112328985505,54.145304183362,51.0425854507107,50.5707747034222,39.0134253272849,45.0703889187135,44.7786041802438,44.3784684979873,43.9393973951305,125.221287691923,57.5435562289409,56.8672135722951,99.6793230569274,100.742083460897,99.3635254989326,95.4788742325917,91.53667226255,98.7135338140912,91.1889341087047,94.2479723416592,92.4631701763441,59.2508638906881,59.9028489562228,94.6098379719707,44.7315612422685,56.3260432475109,65.2832172073348
50.507648695388,50.9564461517923,47.204332778075,50.2793731473985,55.2854728460624,38.2760119842264,0,37.4798752625545,69.7225560608043,73.269842330324,93.5672211689049,64.5280892058561,65.6869467349481,66.2623659318042,78.7379265587417,69.8949563104777,62.6323263504769,65.615367224726,64.0863048868812,59.4317045674213,46.0258602927327,46.9334253548561,45.9835377054149,91.0622206495473,112.34750569486,138.837355466466,88.739620317591,89.2050857799198,63.7650055425964,63.4027070949488,64.1046409266026,72.1100054198099,89.3936393023289,47.8368907184631,67.452382598432,68.9136310454368,60.3389654658901,86.9506631972878,86.4779083853994,86.5369301121835,94.5929702519145,98.1812463144107,101.250702184832,100.821783493393,92.0148827031007,94.3480977908218,98.2992036898274,93.5789373155915,94.0835618276195,91.282074215805,92.8780354515265,51.9148977541782,50.7160805189948,51.9412505379014,51.7261806902038,53.6492650645177,50.5693486300085,50.1211209136578,36.1065102350228,44.609753925621,44.3016097166246,43.9884405319398,43.5341372479441,124.703054122372,54.3211404712018,54.9629102867224,98.2142818401423,99.2791654685569,97.8994454797533,94.0134252812114,90.0326489646513,97.2093252357152,89.6912392680577,92.7506125487516,90.9534263599937,57.1981780620742,57.902031747648,92.9936163299161,42.3936875612054,55.3568662332862,64.2670320160596
43.7357138942138,41.5487050807123,38.298819513134,43.6155401610522,47.8897515974127,35.2022445510017,37.4798752625545,0,66.3957877865685,69.9613570696405,91.8597259107638,61.1449646462376,62.2993391036727,62.905107124353,77.1612785148483,68.3358853769952,59.2807163722941,62.2892296159538,60.7398619949557,56.1060056487676,43.3355616479863,44.4558652684912,43.4348648721566,89.3469287331226,110.607762289146,137.107345798829,86.8065194424294,87.3616245620269,62.0511766714956,60.4363390537796,61.1362894174707,69.0291037859348,87.686970555583,45.6318210616652,65.9162598332587,67.3978495967196,56.9330676131144,85.2485852760566,84.7753789469531,84.8331664898017,92.8930534111678,96.4802101490324,99.5506250499662,99.1205310459521,90.3090477305663,92.6425924848304,96.5928867596845,91.8734218774213,92.3770199798845,89.5762853695847,91.1724899012152,48.7510835001338,47.5578768948811,48.8237070787843,48.4729041108442,50.771199472228,47.6513729564387,47.1451427964354,37.0607161391806,41.9678753072477,41.7591319023399,41.331062498455,41.0058266661601,121.321539588466,53.0694519785592,53.0143267628053,96.5047404289352,97.5691243951013,96.1897669483986,92.3041547572528,88.3269813469236,95.5041898152112,87.9852510947506,91.0449277247861,89.2474166532613,55.882222062299,56.5389661239311,91.4230532965368,41.8319749553748,53.7779349234005,60.8841396484516
68.4242248444254,68.8715999919907,70.7413037512325,63.9920373982935,68.4063519360682,70.7446124570296,69.7225560608043,66.3957877865685,0,32.9744934416438,101.41644294973,41.4137619248286,41.8033753926177,38.5688710681856,88.4425266164301,79.2094603226489,64.4724983966124,67.3585517545943,65.4820648398334,61.5435033259925,54.7090188624277,56.1658415912496,55.1350511237574,96.7678326405863,121.007298744062,147.390683383626,91.9210082751034,93.3761829010627,73.767692805886,55.056231335435,56.3020316935088,57.4984902655461,98.0559050445626,57.7386626576139,76.7344114198901,78.2857748217383,39.7918229013821,95.0437432533334,94.5893535957614,94.6190157038982,102.565305507767,106.141783031459,109.191880690105,108.752309061112,99.9474811932645,102.330830303829,106.243771999386,101.541970460748,102.028725900886,99.2339275302863,100.880629883379,56.9574489011102,56.0174436768959,57.3411561062629,55.9792114036182,60.6126578944739,57.430051693296,56.6962401133355,54.6044750210407,53.9917816851025,54.1846187543651,53.8147953364589,53.9756660302746,121.890317953508,69.6857748176279,59.018873560322,106.41557359104,107.497280188881,106.109364330802,102.213476350332,97.8654164221991,105.046552972432,97.5869381538723,100.653467980176,98.7220317373664,65.9919519277266,66.4027739271138,101.340655878895,55.5346271074525,67.8526029018015,44.0161460203707
72.016664499264,72.4665529267571,74.3174188469513,67.6054804980213,72.0243044640656,74.3055914400072,73.269842330324,69.9613570696405,32.9744934416438,0,104.867957007567,45.1173491672534,45.8864000488271,42.5816844943328,91.9392233513155,82.6912610222121,68.1446993330825,71.0278109205313,69.1549009708266,65.211808753348,58.3146360470855,59.7593719414839,58.7327252619451,100.150415627195,124.490765797897,150.869221247011,95.2485741956345,96.7253982760833,77.2915961697525,58.315851404357,59.5891618861418,60.4482459750077,101.535017229177,61.3161429362456,80.2123402521773,81.7641643664287,43.3726190570977,98.5028805909097,98.049176190873,98.0779975386056,106.020046821889,109.596266040996,112.645580901048,112.205796952817,103.40162873966,105.786646873985,109.698390514606,104.99711576045,105.483393873724,102.688726506027,104.337129864259,60.6028104239591,59.6611511820194,60.9822618274475,59.6335343284998,64.2334959050502,61.0536083413703,60.3241739712086,58.127613956432,57.593783652351,57.7817800242498,57.4164522749356,57.5716798933789,125.572094685954,73.184812224824,62.3924841402941,109.879383046319,110.961729906424,109.573486406951,105.67720773295,101.316135897387,108.497356714464,101.039845806516,104.106580896819,102.170607497469,69.4309188492669,69.837773197466,104.792034364203,59.0257922531877,71.4140999830248,48.4015772758814
93.7201848737324,95.0742760235073,95.5415269839803,90.6588339405942,95.8812100374025,95.0675960191852,93.5672211689049,91.8597259107638,101.41644294973,104.867957007567,0,96.4400039123672,97.6277894960407,98.0609459745599,87.4579397691376,74.5368505929408,94.9740060638997,97.8498659547778,96.3907111634374,91.6785168391865,76.7510493336653,76.516703914225,76.211189147141,104.344855891663,95.7867040742157,117.910593723392,108.359523907042,107.762077121297,78.7128469194381,94.1742838266902,95.0095689513306,102.732723888913,75.4381462784251,75.8376110096893,73.1450736130898,76.3084866044419,92.3555745775401,49.3020683427085,49.1458349551447,46.1221373698106,57.1243521950422,58.6244852763494,63.3576578313976,60.7166305709105,39.0002808441993,44.6772437829645,43.1278904637942,42.9521690501995,37.7131530705495,39.1349744261715,44.2079160025165,83.6022325731837,82.4273453160283,83.4209575687676,83.7783990391109,83.8662034751456,81.1480093226085,81.0349121562052,75.5439596657359,76.1377325171959,76.0298881819325,76.3383128067042,76.1767066694665,157.015188039014,94.2652057181214,83.2466176359517,60.538841951214,62.591471772887,60.8208884096973,56.456746346681,39.6461075627218,48.5286197201545,35.4068478110956,40.0317181246668,43.6504613560776,83.7436116343478,82.8853699369479,95.8870479763721,74.8974538141924,87.2458554271847,96.3361802694225
62.9164385870166,63.4035163735307,65.3549237992659,58.3763058836486,62.8145483932886,65.4635339342845,64.5280892058561,61.1449646462376,41.4137619248286,45.1173491672534,96.4400039123672,0,22.9217947057697,30.1126764317743,83.2720841786431,74.1182143748639,57.5562073293301,60.3884838264379,58.4589949374098,54.6573094208856,48.8416206317343,50.3856072057761,49.3307993041223,92.1683937955357,115.870439882738,142.279638878039,87.5697265861313,88.9412597231388,68.4366001927075,51.8823384014888,53.068895826211,55.1438213608113,92.9470587369822,52.0770156294076,71.6682681240396,73.2218470152046,24.3245212987394,90.0321415794682,89.5743509277765,89.6077465083442,97.575386648244,101.152813518482,104.206931435674,103.768070464229,94.9588652160433,97.3342998771188,101.252774392889,96.5486545112985,97.037433650545,94.2422012846929,95.880814676114,50.5889047888674,49.693899729189,51.0258099163677,49.4941829796823,54.5355375010511,51.3347640587858,50.5583852728987,49.4639428349857,48.1839571360842,48.4229370376504,48.0333238205087,48.2450611425209,113.893757527478,64.8589876259294,54.6981283082398,101.379790854681,102.458313343954,101.072051687467,97.1781308180471,92.8932960199806,100.074174300007,92.6042265764177,95.6698523234697,93.7601296134459,61.2778468070901,61.6881548789192,96.4040171836483,50.5647053828609,62.3668221982767,42.217227607847
64.0875390866975,64.5673989815146,66.5205397158559,59.5475763171978,63.9792195033116,66.6250084416064,65.6869467349481,62.2993391036727,41.8033753926177,45.8864000488271,97.6277894960407,22.9217947057697,0,29.7963677189781,84.4591199834418,75.3035552596415,58.8889546423639,61.7336976119519,59.8096768775692,55.9888462350611,50.0564750297965,51.5961084575076,50.5418847407615,93.3471359305847,117.060769875471,143.469437604939,88.7480234490413,90.1180271952009,69.628865071343,52.9647978197112,54.1436895310486,56.2874055818979,94.1362390139161,53.281223346611,72.8525890012791,74.4056201979781,27.9097866225865,91.2201322890639,90.7623909178759,90.7957826177141,98.7630790629172,102.340530035603,105.394574511135,104.95574225493,96.1467257286422,98.5222330702569,102.440674449265,97.7365544488092,98.2253435803889,95.4300928883475,97.0687832961223,51.8530704307018,50.9519341781539,52.2847563915218,50.7700233922661,55.7720167857228,52.5719896941705,51.7989831924007,50.6311471989956,49.3922612416814,49.6278054388373,49.2377977846676,49.4460286750953,115.407050410289,66.0004707155651,55.8483282596849,102.56824635985,103.646815858267,102.260526935159,98.3665742574025,94.0809766797712,101.261840572406,93.7920299149373,96.8576557242898,94.947710423288,62.4398906197145,62.8524510249026,97.5868206229699,51.7291383735118,63.5564540423196,42.669828588249
64.7842918648249,65.2556482886827,67.1712372148161,60.2907010693788,64.7196538820899,67.2349637283646,66.2623659318042,62.905107124353,38.5688710681856,42.5816844943328,98.0609459745599,30.1126764317743,29.7963677189781,0,84.9836971975488,75.7941193376771,60.0286581661703,62.884394742842,60.9778623843453,57.1167962280041,50.8602097459956,52.3663128061391,51.3220285708812,93.6204611590059,117.564550015566,143.962050398953,88.9074128002369,90.3187504506496,70.21969706263,52.7889694261279,54.0045588827071,55.7025247861378,94.6288204696145,54.0061481552873,73.3331618088608,74.8860549766205,31.1265395332457,91.6693451970449,91.2131082256454,91.2447659913167,99.2026757908153,102.779644254777,105.831935991118,105.392724810859,96.5854367466558,98.9645144037133,102.880430652136,98.1773918558775,98.665220868135,95.870202814424,97.512537770374,52.8240950564807,51.9096106324802,53.2379793879973,51.7797556607604,56.6445333019648,53.4516760808553,52.6937450863181,51.1717449284253,50.1770656180741,50.396205997736,50.0152987705977,50.2051894289967,116.835008294931,66.4380561355924,56.0443906666012,103.027969850268,104.107946708921,102.720931271164,98.8261136534288,94.5122937028849,101.69330199341,94.2280822840558,97.294129586605,95.374428500993,62.7950609593032,63.2040653394976,98.0097562513275,52.1972097417765,64.2211138756521,42.7063772489595
78.7363641057019,80.2527720092214,80.6081582020534,75.7727520275009,81.1183473063106,80.1877536434631,78.7379265587417,77.1612785148483,88.4425266164301,91.9392233513155,87.4579397691376,83.2720841786431,84.4591199834418,84.9836971975488,0,52.8351168795986,80.1566294110914,83.0277602800775,81.602772922035,76.829862393426,61.1043668572113,60.6562452743917,60.4305563044042,98.1208167051816,105.087892512938,131.479566115705,100.168821204814,99.7757064320402,57.539837214119,81.8105412190292,82.6030398961181,90.3557760719433,80.3798731319915,59.599964411,54.914706357216,57.6002852144507,79.0964415737678,79.9265099205281,79.4054629046695,79.5995658333146,87.9346854989651,91.5851405555056,94.7055734198008,94.3343611490926,85.6099553275868,87.7767546191115,91.8682896151944,87.069986405146,87.6565396755435,84.8152511783589,86.2454480331362,68.4711031021418,67.2741190349711,68.2440977244781,68.7432960799106,68.4770873652576,65.7747652902693,65.7068973764113,60.3904768054253,60.4667078393516,60.3058093538285,60.7124055507768,60.5053965656571,142.541984790561,80.1293127827221,71.2988972768795,91.1042551777877,92.1358324299321,90.7675608722192,86.8966142240998,83.94902321056,91.1032012779364,83.4071056236733,86.4373212270798,85.0932560124548,70.9414038889626,70.4272829203031,88.7966948519679,60.0813124315161,71.0776155742072,83.2559100189009
70.1026319415264,71.557182669899,71.9023077686955,67.1515529566691,72.4498568945689,71.4107106796002,69.8949563104777,68.3358853769952,79.2094603226489,82.6912610222121,74.5368505929408,74.1182143748639,75.3035552596415,75.7941193376771,52.8351168795986,0,71.7152749324762,74.5935612487554,73.1502158907834,68.4067430476298,53.0527523863237,52.7404029184528,52.4448826971542,86.4595086020941,94.1334440867955,120.109560000607,89.3675700821435,88.8193483963783,53.4881529986463,72.3034614000843,73.1026512497349,80.9021614002777,68.6603500401872,51.8904033279302,31.224053616126,36.6332106897644,69.978758917601,67.0694864973915,66.5874861752489,66.7958684028427,74.8544948347169,78.5368300112332,81.5977510944897,81.2618332471724,72.7186994760321,74.9286500398107,79.0087081858076,74.200315443845,74.8061565385031,71.9436318167958,73.4210525184382,60.1986264123938,59.0086270023177,60.0026222553415,60.4105513787878,60.4019862210571,57.6657011769173,57.5580230325957,51.5351267673879,52.3569020077367,52.1881957077455,52.5352595896235,52.3135219169554,133.950040459606,70.9503325834795,61.3855591360287,78.6509261599143,79.7194475089234,78.3290461909085,74.4323637733381,70.9418839140402,78.0806899473765,70.4808126402332,73.5073430247459,72.0316167244781,60.8037609599857,60.0702197912351,73.5752203591681,50.8670036206244,62.9140100734492,74.0454357232461
59.0313855529163,60.1844318839913,62.2629971770504,54.2260135978918,59.2700179061631,63.0437329330428,62.6323263504769,59.2807163722941,64.4724983966124,68.1446993330825,94.9740060638997,57.5562073293301,58.8889546423639,60.0286581661703,80.1566294110914,71.7152749324762,0,29.6901053557099,22.5275058408225,21.2155927191157,39.0958879993759,41.476928806516,40.2721020736546,94.0675058284325,112.932801359532,139.58199501409,91.5535467792236,92.228949373232,63.8046363688141,62.9745973569396,63.8344126044364,69.9299803821312,90.2862077553018,44.3891429773616,69.5021207457672,71.0875492204868,52.5547171870307,88.2518621006083,87.7630595958089,87.8293813697069,95.9922945744564,99.5775999219596,102.668613914615,102.235445141324,93.3838608985012,95.6879897270052,99.6559468622165,94.9313835567464,95.4378015558262,92.6391221444797,94.2047972116615,31.9648437871043,32.1869888751249,33.4182569704293,28.402968726397,41.035097233361,37.6765504713133,36.2800903760174,47.3693291561186,39.5011322689199,40.3108195451978,39.929556323476,40.713916178659,97.0565960284085,65.5897806236179,58.8661006047752,99.3761217847338,100.425538134437,99.0544669619642,95.1785939963891,91.467419216707,98.6462865461986,91.082475307907,94.1401205927113,92.4263305867152,62.3323163419178,62.7150991741752,95.3724912866791,49.649885056067,56.9322233548938,59.5805119055849
62.0604641823737,63.2253928124634,65.2735779925477,57.2917389701169,62.3472717176654,66.0392373512301,65.615367224726,62.2892296159538,67.3585517545943,71.0278109205313,97.8498659547778,60.3884838264379,61.7336976119519,62.884394742842,83.0277602800775,74.5935612487554,29.6901053557099,0,23.7687703102752,18.7157986306303,41.9101068099116,44.2834803524177,43.0929855141208,96.9789602686851,115.790258511146,142.442854248371,94.4742950960821,95.1481244128113,66.6525140349192,65.9138063272119,66.7758601093526,72.8507655583277,93.1496049829214,47.2127259253105,72.3841657117339,73.9713515310453,55.3553344768196,91.1248425774525,90.6356748820166,90.7022413328329,98.8675336977851,102.452830975372,105.544312136845,105.111107934312,96.2587018595992,98.5621027262225,102.530516951371,97.8058032590703,98.3123233362611,95.513669578384,97.0785922055891,33.9195570145079,34.4801974528338,35.3973245027519,30.6884373719932,43.458875329534,40.135733647229,38.7169456629229,50.3157959918632,42.3833383710952,43.2064263773094,42.849771242481,43.6407924959811,93.0219033332827,68.5528826723997,61.8028178927623,102.246107198776,103.295172526496,101.924293324483,98.0486464343105,94.343851674255,101.522740742006,93.9578675315403,97.0154531479943,95.3037082963149,65.2598585862466,65.6397539030459,98.2628331374786,52.5824562196,59.8429994991901,62.5098656481575
60.5383732914087,61.6798234399543,63.7485148324669,55.7474226985582,60.7801859844094,64.5114932080545,64.0863048868812,60.7398619949557,65.4820648398334,69.1549009708266,96.3907111634374,58.4589949374098,59.8096768775692,60.9778623843453,81.602772922035,73.1502158907834,22.5275058408225,23.7687703102752,0,18.5377930827718,40.6561093245124,43.0159001167083,41.8198528507869,95.43206285879,114.371133232849,141.016927328471,92.8821708959841,93.5698823523704,65.2720222118549,64.1730855539217,65.0386221713577,71.0641101885217,91.7212669216679,45.9089580691943,70.9337656521075,72.5191343478614,53.4003612277818,89.673513642622,89.1851744023792,89.2509600760821,97.4109799231463,100.996136775008,104.086609157918,103.653324136699,94.8022749344563,97.1075030696393,101.074682621454,96.3504523478367,96.8565745178409,94.0579668861471,95.6247640162693,33.3655501714572,33.7096033465167,34.8060939920047,29.9991085949631,42.5179957581947,39.1783080958966,37.7869714330653,48.8183906526675,41.0641314591446,41.8663384745401,41.4938708395275,42.2681331538405,93.9653392568385,66.9868470712567,60.1935488460625,100.800995558822,101.850843827511,100.479549988135,96.603411835385,92.8835548961307,100.062465986652,92.5000706581402,95.5578456177747,93.8410477494848,63.7160016625271,64.0986414341278,96.785413600184,51.0722385428367,58.4371594416825,60.6516575084114
55.839686869044,57.0170174479952,59.0678469056102,51.0656350719698,56.1331817924517,59.8460091225117,59.4317045674213,56.1060056487676,61.5435033259925,65.211808753348,91.6785168391865,54.6573094208856,55.9888462350611,57.1167962280041,76.829862393426,68.4067430476298,21.2155927191157,18.7157986306303,18.5377930827718,0,35.6002262164825,37.9915798449512,36.7958317068032,90.8595345026074,109.59673022968,136.252903802773,88.3878613680043,89.0506856674649,60.4318454522217,59.9438581304681,60.8013326260343,66.9335526735693,86.9599988590253,40.941249723931,66.2009064586903,67.788463724014,49.6686527108747,84.9486600478903,84.4590224366778,84.5261006067524,92.6943456607598,96.2797709775476,99.3718088135874,98.938699584048,90.0856785386626,92.3879893404072,96.357164177729,91.6321329104619,92.1389294018514,89.3402176727109,90.9040259735319,27.5619896649879,28.0731885570281,29.0817483581699,24.0892190650468,37.1500021173892,33.8127820445357,32.3823073987888,44.1293642985959,36.0843296679827,36.9167693300405,36.5571182211991,37.3584463001942,91.3723633519178,62.4148267225204,55.7203334156979,96.06657432374,97.115199657309,95.7445492660001,91.8691744211324,88.173102517581,95.3519573564624,87.7856576620557,90.8431194243219,89.1343668298043,59.1267461890615,59.5062310238815,92.0974110134867,46.4166294625629,53.6009697231628,56.6482730540328
42.7625734347292,44.5067838772051,45.8450804135459,38.8111107608949,44.3882288811996,46.5262210234857,46.0258602927327,43.3355616479863,54.7090188624277,58.3146360470855,76.7510493336653,48.8416206317343,50.0564750297965,50.8602097459956,61.1043668572113,53.0527523863237,39.0958879993759,41.9101068099116,40.6561093245124,35.6002262164825,0,15.5940685035326,12.315555858777,77.5573692624772,93.9957079275349,120.76122970397,75.9953255479995,76.3773007919831,43.8987748151766,50.5334562945055,51.3271993639018,58.3949658376281,71.4809358351366,21.305858542379,50.9719808891522,52.5805113112222,44.3522177717012,69.877525946773,69.373595891217,69.4557270332729,77.714207645791,81.3031012830511,84.4122739401002,83.9816077906045,75.1084468653184,77.378077428654,81.3698636301086,76.6355437599013,77.1503180435671,74.350109712149,75.8804820306181,25.7991066460993,24.4126903427296,25.3572215016115,26.5873436938126,25.1244046386648,21.9417820726685,21.8861690125158,29.7727972127075,15.002010863547,17.1941273191871,17.9798126320193,19.4297778376773,102.938784044991,49.6089539819504,43.6811455956053,80.8926198667422,81.9278907345375,80.5642086856785,76.6971147107082,73.264390171363,80.442416951964,72.8328467976365,75.8866881078844,74.2679569497543,45.7256278015952,46.0498305713684,77.4196337337897,32.2854482869567,36.7411582295649,49.4528557344665
44.1194903670652,45.901783672264,47.0215609753056,40.4016997981218,45.992145627385,47.5535770442019,46.9334253548561,44.4558652684912,56.1658415912496,59.7593719414839,76.516703914225,50.3856072057761,51.5961084575076,52.3663128061391,60.6562452743917,52.7404029184528,41.476928806516,44.2834803524177,43.0159001167083,37.9915798449512,15.5940685035326,0,11.6148717334765,77.8748206561178,93.5184623578957,120.325260066423,76.5398184000929,76.8614382619149,43.0909535296373,51.6818202387697,52.4713387878529,59.6422044869978,71.0587353828588,18.1574114709991,50.7126235165678,52.3377721397561,45.9350858653494,69.5966105371308,69.0876171376572,69.1743418162753,77.4652253101294,81.0548126527367,84.1702394668869,83.7398931030692,74.8578796225757,77.1165261100403,81.1156592005412,76.3785242074569,76.8955699052035,74.0951783550057,75.6142719005842,28.3129847946492,26.9925436818294,27.8443948077106,29.0995603853759,27.1239891483992,24.2383157197285,24.3736935634442,30.312741569324,17.6039444525339,18.6011136470936,19.9597539450219,20.818211357094,105.120773424108,50.3899772057629,44.387891791858,80.5734829135097,81.6039932563472,80.2428385014882,76.3787382983637,73.0372270407406,80.2152038982208,72.5905280188988,75.6432684326059,74.0550502602766,46.1569014729515,46.4477097126966,77.3300458941743,32.6766252015571,36.7591167824405,50.9092930664446
42.97832693121,44.7700535272074,45.9539405715321,39.1981292732881,44.8028569449353,46.5504879398499,45.9835377054149,43.4348648721566,55.1350511237574,58.7327252619451,76.211189147141,49.3307993041223,50.5418847407615,51.3220285708812,60.4305563044042,52.4448826971542,40.2721020736546,43.0929855141208,41.8198528507869,36.7958317068032,12.315555858777,11.6148717334765,0,77.2707295970859,93.3580902175977,120.139147213993,75.8359412683138,76.1817002312121,43.0789773099614,50.7444127129438,51.5344771647137,58.6767120590238,70.8585625665347,19.2964683417614,50.3858820351132,51.9984526168719,44.8698449282979,69.3162813534131,68.810242423052,68.8946448410658,77.1664475624259,80.7558716833503,83.8675825584056,83.4372927883547,74.5612036000411,76.8259919238017,80.8211400392494,76.085429740024,76.6014053986445,73.800960303084,75.3263809464832,27.162640334655,25.8187188961042,26.7325003263481,27.8980300805574,26.3450833746392,23.332362232878,23.3571343085661,29.4996726018112,15.0846429611928,16.5969603439707,18.0955433319437,19.2262155935884,103.955916293288,49.5278697753153,43.5984032950822,80.3164291287786,81.3497470705042,79.9870789856392,76.1211914483211,72.7272982177785,79.9051993833613,72.2892208768509,75.3425219091032,73.7371501798685,45.4662733142748,45.775935663317,76.9226594259176,31.9638516137666,36.0093295706685,49.8745770059175
92.0263987984479,93.0884277813384,93.5647260936975,88.9781386472081,93.9774526491826,92.8147610874123,91.0622206495473,89.3469287331226,96.7678326405863,100.150415627195,104.344855891663,92.1683937955357,93.3471359305847,93.6204611590059,98.1208167051816,86.4595086020941,94.0675058284325,96.9789602686851,95.43206285879,90.8595345026074,77.5573692624772,77.8748206561178,77.2707295970859,0,128.313176145819,154.002832030053,91.6265912989533,87.3317535122573,87.3121978368973,88.1515995901653,89.0124311654229,97.0326990234742,104.724990038532,77.9044583589771,83.3429697583112,85.0221502677118,88.2548825105945,98.9220828353131,98.5647591082713,98.4921156830804,105.813802201886,109.370299998225,112.297321144694,111.845790382789,103.199172462014,105.80038500342,109.564589904741,104.922361133044,105.358999957571,102.571727281303,104.441357142872,83.5014445775846,82.3547498665253,83.4719414381202,83.3862837723744,84.7532612011347,81.8390683825024,81.5242970526804,73.20033110553,76.6487878098228,76.4895434294012,76.5565084305468,76.3252258069043,155.398712650683,90.1901912687802,74.4586654762574,110.973099671636,112.142637026617,110.709161895087,106.759029834903,100.651338578655,107.834081735737,100.675160781965,103.764546498991,101.216392307813,75.4091899141204,73.499708815308,102.558037012339,71.4219032642314,87.4653365410464,91.7835265602329
112.135774982321,113.592889809336,114.08709978638,109.040907171468,114.344720164917,113.737176693479,112.34750569486,110.607762289146,121.007298744062,124.490765797897,95.7867040742157,115.870439882738,117.060769875471,117.564550015566,105.087892512938,94.1334440867955,112.932801359532,115.790258511146,114.371133232849,109.59673022968,93.9957079275349,93.5184623578957,93.3580902175977,128.313176145819,0,88.9300484772364,131.125904174589,130.68743237528,93.495465968599,114.29127707723,115.106125071384,122.778787050904,85.2989631233253,92.568164003144,93.3363255886621,96.4649169604589,111.711763108842,86.1515573819295,84.994550619741,84.9492770018666,97.6456329355964,100.95592597765,104.920541003648,104.173754947451,92.9570747036713,94.1813326670765,98.6412563433611,93.9182520879229,94.2707083164204,91.7494888569338,92.1670329028955,101.19312196217,100.009087041178,100.93853568122,101.507193439517,100.965827918487,98.3581428541952,98.3477912033456,94.3504551851394,93.564453722517,93.5066682070103,93.9182658958261,93.8138342313574,175.282685858834,113.594296187643,103.906184854807,89.0724130781761,89.2313619136361,88.4294102005061,85.1938072035829,93.5861998296126,100.907299950991,91.5007067032421,94.541658932014,95.9032419987048,104.237400265791,103.623912396986,119.371615444755,94.1675939206242,105.04075824389,115.870378604844
138.692740925229,140.133981765348,140.620087164497,135.606860562059,140.89804055088,140.247369314933,138.837355466466,137.107345798829,147.390683383626,150.869221247011,117.910593723392,142.279638878039,143.469437604939,143.962050398953,131.479566115705,120.109560000607,139.58199501409,142.442854248371,141.016927328471,136.252903802773,120.76122970397,120.325260066423,120.139147213993,154.002832030053,88.9300484772364,0,157.018871901581,156.550127988892,120.586797333019,140.588719483693,141.406237311347,149.090343206573,111.531991602269,119.418061379522,119.256943240343,122.430289362033,138.132853718783,108.308179574632,107.029356166866,106.757514727145,120.415312656738,123.615057851681,127.751855753532,126.891946730644,114.949276097929,115.987736514089,120.455171527355,115.823917691495,116.022114632855,113.650380956895,113.859031951928,127.904831912847,126.72200892793,127.663111580659,128.194939613325,127.764895094699,125.136563416665,125.107734528096,120.826802511103,120.294821661907,120.226313111429,120.620476638522,120.50410153793,201.881458610048,139.994569261808,130.104022086692,107.744673870574,107.455713166114,107.018417961895,104.156449699089,116.082119851545,123.455671815734,113.651001581768,116.713129970091,118.625427982316,130.434411206318,129.778839722125,144.887044509227,120.559902074947,131.689953126992,142.26164138331
89.73881015495,90.6194405926704,91.259938925655,86.5514220800123,91.4088637776453,90.4964578041152,88.739620317591,86.8065194424294,91.9210082751034,95.2485741956345,108.359523907042,87.5697265861313,88.7480234490413,88.9074128002369,100.168821204814,89.3675700821435,91.5535467792236,94.4742950960821,92.8821708959841,88.3878613680043,75.9953255479995,76.5398184000929,75.8359412683138,91.6265912989533,131.125904174589,157.018871901581,0,72.593788372114,88.129661429179,82.410414117852,83.321183169927,91.4124540839127,107.757171224808,76.8814132688321,86.5001361430985,88.1322739560255,83.7709634457108,102.731322992196,102.346125671846,102.29371080864,109.806257661985,113.35989487229,116.328026262018,115.870647346656,107.146146242933,109.694376835263,113.490510255067,108.838899828746,109.280948059762,106.497162438589,108.312055683612,81.4021120701173,80.2782757716537,81.4390632923253,81.1531682011271,83.0589935835759,80.0856644414632,79.6942985828262,71.3737965433886,75.057411472259,74.9309170039376,74.8992331540752,74.7003154867133,152.450941322529,87.206242902475,67.742919510185,114.575386569083,115.720890567874,114.300263196728,110.36536800691,104.721132601513,111.908505915369,104.662751938449,107.748731519661,105.362636430157,74.284993030428,73.3094392215304,108.008056580372,69.813475050597,86.2236254272213,87.0570141107826
90.2566562975013,91.1893066545828,91.7621793077434,87.1288389748249,92.0285506701878,90.9816224584658,89.2050857799198,87.3616245620269,93.3761829010627,96.7253982760833,107.762077121297,88.9412597231388,90.1180271952009,90.3187504506496,99.7757064320402,88.8193483963783,92.228949373232,95.1481244128113,93.5698823523704,89.0506856674649,76.3773007919831,76.8614382619149,76.1817002312121,87.3317535122573,130.68743237528,156.550127988892,72.593788372114,0,87.981819622309,84.134752002985,85.0174296945327,93.1474551347101,107.272512658051,77.1202165786633,85.8915225711378,87.5166402436704,85.1026504300102,102.14974778237,101.768237198651,101.714861464052,109.200601753989,112.756037661625,115.717989551811,115.262878915194,106.553680056287,109.107337514181,112.901022218749,108.249381291948,108.692194689758,105.907018958967,107.727630538677,81.9501611500502,80.8184845597345,81.9680438410551,81.7403153613444,83.4936955406177,80.5347399120077,80.164034994054,71.6560477278302,75.4370230016697,75.2957975232658,75.2894704504957,75.0746224168241,153.269430503599,87.7924580785541,69.1077718726327,114.024402318446,115.173010781122,113.750636454672,109.813686161796,104.114451975941,111.30045916601,104.065970184421,107.151895815175,104.747368896352,73.6823947297717,72.3418118678313,107.039164915523,69.9298656359695,86.4619319514416,88.4531060759455
63.176235252724,64.7930914913221,65.2560494527234,60.1049747392819,65.5307626607448,65.0349661298809,63.7650055425964,62.0511766714956,73.767692805886,77.2915961697525,78.7128469194381,68.4366001927075,69.628865071343,70.21969706263,57.539837214119,53.4881529986463,63.8046363688141,66.6525140349192,65.2720222118549,60.4318454522217,43.8987748151766,43.0909535296373,43.0789773099614,87.3121978368973,93.495465968599,120.586797333019,88.129661429179,87.981819622309,0,67.6974112036451,68.484233927872,76.1056577587977,70.8489514777366,41.532553440399,52.7088055848836,54.819489928063,64.1880847142996,71.2095136713759,70.645474289759,70.7993002505886,79.4396731846754,83.045252176037,86.2289234890924,85.8100373210978,76.8567302779382,78.9867521610124,83.0769476295569,78.3007412551305,78.8526417979451,76.0436633055249,77.4316081745298,51.7089806371544,50.5019996165968,51.3978721540915,52.1391221133847,51.153112921789,48.5693055534236,48.6202573962765,45.664158942207,43.5183020940164,43.4381882361134,43.9906613718429,43.8823409666361,126.511645334609,65.7861099707533,58.0441584224195,81.8367290884344,82.8198067275144,81.4823365297326,77.6467093921991,75.3056736546424,82.4800910390893,74.6852929898684,77.7231557822559,76.4927767717644,58.2768546156929,58.0889383134949,81.846463874623,46.1526982645856,54.8365207538108,68.5525719615748
