IBR/IBR_outputs/all.combrep_1/EucDistWater_Total.FireFreq_2000_2008_Total.WeatheringIndex_Total/EucDistWater_Total.FireFreq_2000_2008_Total.WeatheringIndex_Total.asc
NCOLS 160 
NROWS 95 
XLLCORNER 210004.651214014 
YLLCORNER 7350008.22228844 
CELLSIZE 4999.99999999997 
NODATA_value -9999 
[rows 42 to 62 of 95, columns 46 to 91 of 160]
8.69057036916458 5.29401022825027 7.72890576903139 5.72495914824913 5.44008452024574 7.21353433411586 4.07229901603101 4.53961473871323 8.82832038302454 12.1284864682736 9.65309878344006 10.5618588871703 7.41253213043833 3.20901906774336 5.31234769469143 16.6042927795875 28.1167718727648 29.7009257854197 27.804189607107 27.8828569218054 19.2844561703413 10.9290779283371 8.24376111885429 3.78177388122566 5.31272805702234 4.42126861660557 12.3417265798519 8.17764317286475 5.06908722247183 8.40466455526619 5.82309069612453 12.0822099320252 7.59075047609715 4.02819343419147 5.23180690791545 9.64048934173599 6.47686581745827 3.49924593439099 5.7431261572764 7.77851838605829 5.71284830909552 15.1134088739101 21.5016558609189 13.9401225446935 7.52922362595081 4.25252765984326
13.6444251151735 12.8990152373415 9.67553195672338 5.04167924226986 10.7936454328138 6.73990648786518 9.81904400059435 12.8558770332591 17.8003900086982 23.8159495364272 22.6155248453948 23.0640409230883 17.2267005085891 10.9424915620057 6.74427506935785 15.4458077044338 21.9517078972251 24.0097746307604 18.6529631144622 19.0504965852509 24.5214729189894 21.1815201919319 11.6695469795527 7.97215878566967 11.4303192454198 11.0447294669775 15.2637120799083 8.5247743771727 7.98460746096996 7.99231657026583 7.90631202816928 8.78163740554949 4.16247089658276 2.94053300331257 4.38297050809888 11.8902855849534 9.61597530072777 4.45075798913071 7.06930081134421 3.43683593237152 12.1317640296491 17.4117696049024 19.5441155100369 16.5180437900545 7.55466147012697 4.99232047618036
4.84384584313796 5.00681321299972 4.45810471582852 4.08432250082474 11.4980818630541 16.9614676066355 19.0489958067123 22.120970229631 27.7613696411058 26.0378708618755 20.0955793890763 21.6996277354666 26.0673614254259 21.769721414084 18.0676808199381 14.1628165207495 9.7663627183807 14.2125678740643 7.51257322495851 9.23894112192808 20.7672675896822 22.2008871672019 11.0493871891973 5.75887062501329 5.29618796716081 6.83909015291433 12.2450453764929 7.43690657780756 13.4896582784108 11.373347629325 7.2338669948082 8.05936156490748 4.52749370059909 4.52743988103811 7.06448709107957 10.7548406311521 6.75852156088388 4.95328998120133 5.0155376706529 5.33936319733433 14.6901995333084 10.264070922773 8.70279710397597 18.3136045266709 15.4716916162243 5.51105240498593
8.86347844061256 8.40389389751888 4.66311880012969 4.0654115779815 9.71799667617584 13.3994779374763 11.7223312114943 13.5512039055025 22.9661600085885 18.6477576009384 8.49536873703598 11.6929903241247 23.6131589323883 32.4748345402374 25.1930596885861 12.9530278739164 5.98346345873811 6.83554692641561 9.7452146794267 11.8415212894878 14.4491702729221 14.9825415144035 15.8001475873896 15.5887762361041 12.3957015516058 11.0842386319729 13.6599662251578 5.62735519000465 9.99445404411606 17.4771268352194 13.4877106178785 4.37011130865613 5.65822442892016 3.75688779778487 5.25597081234465 4.91674999614302 5.86677672816993 9.05572657770491 4.91180450181628 10.7074654012838 7.96435305768172 7.12387892831151 8.08775921155982 14.015156273736 13.6669412191918 4.65285559728151
21.1049011193348 19.0010762599709 11.2824921767644 5.37952289662455 3.96780714931108 3.86661983000492 4.49529250014175 9.22566089342126 14.9511719169836 15.4524792341562 9.69121904615656 12.61691057439 23.9614533632688 32.2111684250404 26.7471315143543 21.014413509531 14.8936289124629 12.7668525903238 16.8403565408459 8.86794688024984 4.65871864985418 4.41187015602113 6.32367365551139 12.3027369662124 18.1169580413532 20.8664720624095 19.8469525013409 9.73098934843441 6.01597233689567 13.9909204468012 9.19468169562428 5.19061548544242 5.34650724493963 3.76527181952741 3.75325763395231 3.97858140709396 6.14930528508861 11.9298363694102 6.86617888954421 8.26184936741388 3.73666096177035 5.8040647566267 9.03507799497978 4.11362279653711 4.97461799364826 5.06566086161426
18.2949532491533 12.2032557403088 11.5340527404332 15.1037828189469 12.9782989069873 7.25203326271939 8.40878283688471 12.6317782052185 6.43638631103162 9.36998051406232 15.1113463790655 13.627739092817 20.4903921792182 23.2328208047725 15.4481927599989 16.7787618400269 23.3304915416765 25.3995216907812 20.372527991307 10.3866208969888 9.91661588513601 11.2363366747352 6.99073831898382 4.25088469614569 7.93160235319211 12.3496989013183 14.9933380970811 10.8883917131294 6.33045593478312 9.1058023262803 12.51586374978 12.4468763914703 14.4188595734441 5.52561029945207 7.72729236200371 12.1271817884734 9.45665767575173 6.91552091126459 5.95561746740723 2.6253682216492 6.98393211209062 11.2938444203362 8.12097920166616 3.62160522775306 4.78355304127371 8.36200824300395
11.9413732067896 5.31707737430418 5.9581952529663 15.4827958460544 22.8531648827649 15.5535571838307 5.22403200477957 9.48319510222408 8.05866044167916 4.41038240538048 9.39075728517823 5.77485300509142 15.4102060044918 16.1850888837165 7.06890165843911 9.50854226236443 21.942728384035 33.8322874517049 28.789394981183 22.3192694022381 22.7138921465522 23.7910762998758 15.9925191904331 9.38415309423785 5.79550568709461 4.19121882321127 8.25916210514981 10.904565021698 4.68857123641984 8.17000033099246 18.035014518771 24.6166203603987 19.7944272481874 8.95649720348875 4.92733793936257 11.4207399018273 8.82095940171528 6.87234913913642 4.67317806942644 3.03618784123881 7.34790734921931 5.82925091825943 5.2216997571917 3.93710162224551 6.61916138976763 8.6070272312954
15.1244839350058 12.9682182800631 6.04440949196025 12.0962026690616 23.823375400261 17.9384554372637 5.74523246066464 7.99905839527202 7.64480308773039 6.18469008391359 11.9038949087613 12.5474983337809 16.8114401533836 7.95682673677607 7.43656685696042 14.7936926795052 25.4891897726331 38.1317365366 38.8860575119447 33.4049616256955 33.222875637422 33.9178524236796 26.6778137863214 21.6520775490327 15.8385654758309 13.7822921294394 15.0688698091991 18.3207983831109 15.704182308389 19.1238065356994 26.165665210759 32.7742583025177 22.4197381691161 11.5602283344927 7.00588004275761 3.64503951081571 5.2688451386479 10.2511374650736 10.6226893135556 4.83524650761821 10.8440652673356 10.3730887955911 4.75654049318395 3.73474995818238 5.06466345363483 5.95328431939943
22.9157732049035 19.1998528638423 11.7147944800597 13.2626567671807 21.4406240394039 18.0255690779909 9.35123934552606 4.81502180279703 4.89752104721183 9.18745519522601 4.60439357577125 8.49209804531938 15.8191318493692 9.95863756690047 7.65141569447659 15.7185439727178 26.0194724155387 37.024217361174 32.160408397117 24.4342890251781 23.1352156962459 28.9861063019987 36.1955596839211 33.7886284600089 27.8128873571436 25.7083596772886 26.8524535253834 27.8717382839239 26.8740950664788 30.6597548941277 36.7678429529187 30.9274121240949 19.9847888636098 13.5753974661656 7.1167429522546 9.40625669831311 15.2824771771428 21.0222609849059 17.1647416453398 7.24121391522812 11.8208909190459 17.1782082096724 8.84917700310977 6.69826424817141 5.40314246773657 5.22764202841616
16.4153260543016 15.2771033649967 9.70918261480625 6.27225925664853 13.912542100583 9.17542145783314 6.48449759346518 7.80062592964907 4.80151571871979 6.13615029158171 4.91104380961002 8.97921752569636 10.5231632998076 5.91386610549949 7.5175421254671 8.48821120114909 20.383819805335 30.9342694956587 24.12026947877 13.1214636102356 10.7827790465174 20.087221351375 32.7762571798142 32.3580745089853 22.4885256341445 18.6111722410203 22.4864833959757 19.0995921611017 18.3935018943821 25.9321122200987 35.727604837982 27.1661949951757 14.0310185325727 5.64127525272369 12.786024197383 19.6834657379951 26.8768901001166 29.935939208031 24.4707327068697 18.463798437038 20.7124731340143 19.7338916319091 10.6544149430132 8.30306789915691 6.70944482866391 7.57189627508385
8.55184759927405 7.15000398615426 9.19047635714387 7.45835347066795 8.19436356735268 6.59212388343337 9.77141674945714 12.3470621151692 5.86482707828403 6.03126953896636 6.02042258583843 4.97904025223689 7.37010564637311 7.12895114249994 8.78439259325326 11.0338099709946 15.6390186265092 21.3435879341389 22.3283855212193 10.7389532823096 7.94474063352732 18.6097421287668 31.3070136659942 26.735720488642 14.0209378083539 7.02103849079748 14.0835721400148 9.57072942698875 8.2248270725669 19.6204886429064 32.8421240081205 30.0650955201921 18.6870016994634 13.123981177323 18.5065338402932 27.1425516764703 23.3778646095813 21.1585854050434 25.979686028916 30.7239656015338 29.2472334806479 17.3437634936623 6.13137391095609 5.52876423805479 7.78551433124617 4.94162337751864
8.84840678829471 8.38249454669866 15.3991618310265 10.1534280177445 5.10845741841888 5.82311202824809 6.23259949184019 6.63750141251656 4.66965070337822 7.110547671536 3.99702901847809 8.95399382027423 13.6754014735657 13.9539764383609 19.2965550417213 13.2812019701109 5.98501306985554 14.523989185453 24.9187337728508 20.3503615451296 18.9389638691419 25.6948685029323 35.3635821312474 27.7902585808007 15.7931991400472 9.20279166528763 6.9899170665301 10.5448454605677 12.0735845979135 21.6195559511997 34.4799496863367 38.2793722948925 29.8352209472365 26.4256934956986 29.3010585889711 24.9288069488115 13.1834932512136 8.85603895956605 17.7509196056454 30.5397632525914 32.7410204435361 21.0229331471439 13.7536024106385 14.5594618902483 16.1464953711986 14.0726884954281
9.42908873059309 5.77406790918415 12.6773713928771 19.1266789757069 12.7653652381593 7.92783217062869 9.64013204322242 3.87764852575337 6.75212630182667 8.62678972302282 8.45524043187495 6.94084322988575 18.0931694986096 25.8221916451015 26.1774930908325 17.2792232136365 11.8462841489949 18.0303990701682 29.636301702433 33.4367750751028 32.6015685660818 37.3287612633914 43.4645719846106 35.064367541405 25.6484270504046 16.2737006781346 9.0419096240131 11.8395252232698 12.1198689317001 20.6382244702079 33.1560034577626 45.2193796153968 43.5292911258908 41.0157459385158 37.7114271487521 24.8233378352709 12.7681837242401 8.15488381051481 17.3406211284453 30.1418177870997 29.6258543508046 16.7186971170874 7.60455199808763 12.9658326899442 24.0880344946914 25.5231631231871
13.2639688022592 13.6615800373529 18.039758372006 23.4097079096113 12.3392863023417 5.8654733011536 11.0161534027534 3.51494975303092 7.28254883267167 14.953026716233 8.20303073743798 10.0502803537174 21.4539614847115 24.1899543869355 17.6875999098666 17.8880885313959 19.7857884380862 26.9193621778199 37.02102966918 40.376561159453 38.4895308828215 39.1163622986476 38.87666143747 39.555488451927 34.8544933849316 25.8369738659058 20.098015899124 10.6240973344021 6.99046702288229 17.8408256590557 31.3076720593629 46.0059638650428 57.0986665844147 55.021226269441 43.6673742651048 31.4975951337372 22.6445521680865 20.145164901717 23.5905081970946 26.6916895454206 27.6298778619537 17.3907700296801 9.08071007687361 14.1003993617363 23.4184794778996 18.5252795002587
22.4945370857762 25.3286149034735 28.0793267580319 28.7121539558532 18.7919407114568 14.9695226914211 16.3039508599075 7.53084066464754 5.36894201002419 13.0750517484843 10.8992189785276 12.3956571917266 16.7799394019871 16.4825133058624 7.1346673203441 6.29479919091449 12.4347819809315 24.7950776200136 34.7091242791089 28.507344633195 24.914703568713 24.9998841567019 24.5381867971827 26.7678489124484 31.3198049112382 35.522835960141 28.2647055235803 19.0421331967621 17.091740718557 24.0197142794664 35.5315095412528 49.2840309149241 62.5835280647866 54.819746738891 41.9483879433246 31.7506799703021 25.8319725389106 24.5043942546601 16.7691310820833 13.8771117127707 21.1836623593272 25.4710966598166 21.4930896160971 24.1850272876852 22.4660032415848 10.3055809202514
23.1062179111458 17.9917052292512 21.3450599920503 29.9058898755381 26.9697189101268 22.9741837949868 22.3700600466486 15.9818639384329 9.76098123660997 15.5555100267104 21.7672902979482 14.7662335203301 6.19341590423005 12.161726878043 11.5753780829158 8.93505352513284 14.0842376719304 24.2636301400661 26.254165325089 17.7651039448119 11.6597056188599 11.8277981720802 11.3427602497547 13.5857828491114 20.6011680435008 27.6333768563496 32.7841366445832 29.9053145211744 29.8128308736988 35.152676326749 44.520412017179 56.7139882221027 62.9006424887643 48.7118467842448 34.4389899698393 21.9794813785887 13.4103359555117 14.6738570976734 10.1992652124439 5.3208504604926 16.4207711713611 29.1044942411652 33.3013475446233 33.7395765917741 25.135567173399 14.6633692080532
15.9165310464002 6.72186707979497 12.9020316675965 24.2961398728924 19.302501954161 11.9456243484693 12.3254599843851 14.5595350426051 16.954188216091 19.5075348603102 19.6470058844539 11.1120801287841 4.13317844546075 13.7775521280594 19.8151594460845 20.8299962636004 23.0827602187266 17.8296515911033 14.1339101899617 13.3890616631001 5.13869828330879 5.46497014966275 3.40428784070955 5.77914779245547 11.7099595321801 15.9806037243203 23.5146706361051 21.5572628980158 25.1889227234852 34.5387430340058 46.9479801525717 61.1436760400298 62.7688891231572 46.9372891220554 32.1394898372413 18.5341293134869 7.11535412301727 9.57691829756777 9.90874578644889 3.65950050021956 13.5302848161112 21.3131774178813 24.7002155390457 25.4167270435663 22.0967446584111 22.9433202487698
18.0484858745141 10.5723569287279 15.3025202470122 18.8815973394332 11.8225937053864 3.83105764242454 3.28308381684819 4.6833187609263 6.17209175057335 8.35815968124499 7.62338092535549 6.33552234506616 9.55498557222296 13.0210288899053 10.0541570732531 18.3949289592129 23.7573047005154 11.9578891604254 5.81136636789411 14.8037360325506 15.7154847375172 15.0532010005168 12.8284651430343 12.8050988428394 5.43791126510195 10.5807431625518 15.4470447302772 8.98657610858868 15.431402608311 27.6983767728064 41.7282770423438 57.0459039927823 63.312627169953 49.7209921591492 35.3550165824603 22.3940913952849 12.0426935690575 9.99883563878946 5.71275694668486 5.80857604294518 10.8827685405547 9.21375442628579 12.1520432754375 14.9052301247044 9.56289159636683 15.3849488355414
20.7911563375153 19.9696899081961 20.603810599741 10.588455727523 4.53854643552332 4.39413767533335 7.93939853033947 8.21682036816833 3.89481341777126 3.92319623057697 5.24823849976769 8.19219730846593 15.4239902760544 12.3083284476994 7.06796887253233 16.7464443433459 25.829693290381 17.9565969894059 14.2572984948092 20.7696055485424 28.4527119464304 27.6060047657275 23.6249430665127 15.6560404984942 5.59621995515717 9.08967414039701 14.4114119136025 7.56202498520239 14.58798979015 27.1946149783193 41.3449889119137 51.7520634918106 52.5411909036084 50.270453106277 36.7362587863088 22.8462623119109 10.5688150839331 4.83687958034648 5.64023021800487 5.61958901711337 6.61352106843248 4.98198363955081 7.45067877818233 12.9023672534907 6.9466100242808 6.47143163402169
8.88000089965215 10.5419774571003 13.7578218278293 9.0586440906117 4.03455056356519 11.3461701942943 16.4191861294298 18.2473919730028 10.2505492057975 10.3885073476082 16.3113538028426 20.8603202185965 24.9464526495788 21.3426572370389 18.5590705109663 24.2863695464815 33.3858299959193 29.8765965040762 27.6134296015154 31.7905502253405 37.9102114552451 28.8953492846815 17.4697387555023 12.0344977101233 13.7431622537563 16.7700486457965 22.3865785757106 19.6385472017654 23.5174908692725 33.1059135396307 41.0143089541179 38.2487230019909 37.1114555711974 41.0341171832249 40.2080028168033 28.6945504897952 19.2485914782694 15.6087511315913 16.4286511948429 15.7651948806059 9.24713160436856 10.3527140778788 15.3820914175254 11.9581205088441 9.6671784935517 4.07884933115061
5.03369645741005 4.37551870129615 3.84389472806032 6.34317574864455 2.73322239290411 10.0210177933807 22.3557929352123 19.8838749517449 8.33702974662041 8.38960858591431 20.1752266801446 31.6665949704631 37.2253695729395 34.2210716795915 32.3855983254345 36.2987221054395 44.3385369723146 43.9575024341247 42.285975672453 45.1893906418063 40.6021278373408 26.4955399745139 13.4943751005105 5.91348191697692 14.5152398581988 24.6729464644627 27.6885884966175 29.4885557163709 33.4551975822946 31.7011498764731 29.2509798081805 24.4422200314592 22.9325860916788 28.5018831452395 38.3476430897429 38.8187444053168 31.610131423644 29.3062871450661 29.9665911962613 27.0870993372388 21.1903727830998 21.7399060731574 16.4136632388929 5.63766225515044 3.77962969273373 3.62846887188456
