0,8.02753923653806,10.4649365263698,10.340215382663,11.8118796929569,13.9272423811666,17.4855502397335,14.3277615565785,32.0757068083433,32.8224082959101,69.0193672757947,40.1755958263437,36.6572541665496,35.1851019518865,35.7567358881844,40.492932429163,39.9826227378565,33.1003484290519,35.4873678520289,40.0285980641162,33.1526583763563,30.7707463736804,31.510827324809,40.6633849359917,54.8700696793811,64.0301892737787,48.6380214062953,51.3192186272554,40.4712437443276,31.0534426759434,29.187661118565,34.2315354680362,42.9579707437323,50.9430777073686,39.6603108780622,36.2067243290422,52.5562279430847,51.7504980208411,49.6649997126185,51.4600510900821,55.6854470818009,59.3071847536171,55.16072288969,55.3977206592572,58.897750962287,54.9743890020621,57.816527615375,58.5152574041271,59.9080377071448,55.2377635217891,54.8093671220637,40.236958696961,43.8968698082409,37.7189391961156,43.0867301398434,35.2789959570185,38.2864980828119,36.3363002262547,24.6091270922055,37.5872075721715,31.259219553284,32.3558913705618,25.7614111532094,36.5388514149674,23.4539266215708,37.4810108961964,54.8652830929412,57.5461319184731,55.6980123221441,54.7451125171265,57.8606001476272,54.5503172560568,61.3908934580405,64.6125759020259,81.1154674985365,29.3471997560014,31.7980477352791,71.0504016980685,30.8855603728428,27.0673372373145,33.8504870224844
8.02753923653806,0,11.0069200288871,8.52251130885874,8.58228811894209,13.7411993747084,17.0803457997907,13.3034831447549,30.7685202690668,31.5164938140507,68.4431533115616,38.8774275943732,35.3563914575519,33.8817690820183,35.2525830777706,39.9753358737292,38.944699603653,32.1100873958009,34.4614260002009,39.0341489546722,32.7489378432663,30.4344768643885,31.1799314262102,39.9289696180459,54.333129792971,63.4884256437541,47.7943280430155,50.5172153320275,39.984630471993,29.7864156128132,27.9196989252449,32.9509366857333,42.4225976413045,50.6198399899408,39.1370145313853,35.6855819926268,51.2676727433467,51.1908072149802,49.1061821855299,50.9000371018975,55.1160211580074,58.7374049152792,54.5901448016299,54.8266979247713,58.3298037512821,54.408707645422,57.2497042971306,57.948773055269,59.3416745344626,54.670838037319,54.2443091295309,39.4529652058074,43.1355028633097,36.964833956235,42.2030402929123,34.6315533557223,37.6520836407003,35.6916029545773,24.5139709429692,37.3266904456218,31.082693621826,32.1776235236331,25.6854668805247,35.5179767282834,22.4248216049603,36.5309382095957,54.3106403624593,56.9923498890675,55.1438348362064,54.1905351260096,57.2857264724087,53.9757249903794,60.8204910664683,64.042307458316,80.5327949887332,28.6220455367645,31.0903901115683,70.4805108356639,30.3403608228614,27.0769968832652,32.5243335572988
10.4649365263698,11.0069200288871,0,14.4097702744947,14.5862575560191,12.0337320428614,16.8421777861914,13.2115001510891,33.6150108296139,34.3581626947195,70.3185515682286,41.747845516101,38.2260739045803,36.7390436253775,37.0436215711064,41.7697090676229,41.7201691750103,34.8274453662722,37.2190240436264,41.7589664430264,34.8747949615088,32.4331000372572,33.1901899872765,41.8818922023851,56.2017098974262,65.3545352471198,49.8722085612182,52.5437819840823,41.8028228132731,32.4500177051451,30.5792973448193,35.6776209322162,44.2753444354721,52.5023694648035,40.9269225039974,37.4687807440114,54.1475021393808,53.0564818278296,50.9715598441471,52.7663070628237,56.9853908509122,60.6072559504674,56.460066704811,56.697174686653,60.2003520855217,56.2781348285351,59.1198796747202,59.8185557029268,61.2117275857185,56.540925690471,56.1134604723639,41.9614964617928,45.6277609271267,39.43668823543,44.8275887959784,36.9679319557509,39.9896003280357,38.050675698342,25.1646856000731,39.3351630510703,32.9766365386907,34.1532781282928,27.5071204971402,38.2610628388243,24.3197332427303,38.6746906284334,56.176199044055,58.8577082504218,57.0092251030137,56.0559571648757,59.1590589230877,55.848807811287,62.6921422551208,65.9137245238548,82.4103211868816,30.4941660181551,32.9520644669015,72.3091833680805,31.89315465793,28.4406049003469,35.3876798874152
10.340215382663,8.52251130885874,14.4097702744947,0,8.79844361504044,16.4907387195174,19.4750062995938,16.162483965155,31.9848317029443,32.7362223165488,69.851987291765,40.0597509819467,36.5423789919921,35.0829844111927,36.6710179340486,41.4015032751281,39.9505456620302,33.1293600430622,35.4744197219898,40.0495860234669,33.8164447864654,31.5641571502488,32.2958450501755,41.4038324646138,55.7151418382116,64.8764352932907,49.2610511218783,51.9897650481105,41.3679395936936,31.1395943369729,29.2779217233637,34.2569430235026,43.8163007594109,51.8354529864738,40.5710834432908,37.1231953181787,52.4300365894201,52.5939292779826,50.5088286106104,52.3029445557778,56.5241339903784,60.1454216018408,55.9987561236754,56.2352284796665,59.7357647351443,55.8137149555041,58.655045106446,59.3541519048962,60.7467369157723,56.0763329348596,55.6490278899704,40.4834818130596,44.1610838536816,38.0037742890223,43.2111159297976,35.7040236097901,38.7127788499911,36.7411556622816,26.3684627730687,38.3931835265002,32.1924081094821,33.217161123417,26.794790583383,36.5419409037218,24.1792250200925,38.0346774040946,55.7097127160789,58.390876741156,56.5426612817191,55.5896648928739,58.6951172199315,55.3850854709296,62.2275752762914,65.4494696609175,81.9451984228489,30.1490748576727,32.6117076206348,71.9209414143702,31.9522595248494,28.478862508706,33.7450776319891
11.8118796929569,8.58228811894209,14.5862575560191,8.79844361504044,0,16.1483321556369,18.9005794523491,15.4788187990917,30.4612856798576,31.214035632692,68.9513127398845,38.5432916065833,35.0234973303021,33.562418186198,35.8264719899844,40.5460056938667,38.6744005113919,31.895033023,34.2083481317393,38.8119405057553,33.1027554867291,30.8908774685113,31.6303591350438,40.3747834992706,54.8478442111754,64.0048164576335,48.1432684928137,50.9060880535846,40.5398613173165,29.662586088935,27.8008211364587,32.7628437214743,42.9492568437618,51.1565507836582,39.7106522176221,36.2642335215199,50.9219441304299,51.7068592474226,49.6224893431218,51.4156320601607,55.6289420862431,59.2499529774876,55.102609448095,55.3387313522721,58.8419007165107,54.9217282901137,57.7621225190597,58.461497636823,59.8542015732429,55.1833179698641,54.7575595277662,39.4358584028385,43.135354925627,36.9818612686559,42.076205708527,34.772630638856,37.7957186518702,35.8172620071833,25.8197150935657,37.8023990080015,31.6566847243303,32.7040504220508,26.3396682517903,35.2795434941085,22.9826763563937,36.8369494257347,54.8269690572259,57.5088605982738,55.6603069650654,54.7069685991723,57.7954806479616,54.4856763448674,61.3316708812778,64.5536672932103,81.0391207208652,29.1309040838305,31.6067535536894,71.0235925614973,31.0745513430569,28.0150871202603,32.2036829098764
13.9272423811666,13.7411993747084,12.0337320428614,16.4907387195174,16.1483321556369,0,12.736164153873,11.5689380456082,33.6664765599916,34.4053423761298,70.1088927462589,41.8383059643499,38.3125151895118,36.8078408414982,36.826734604274,41.5383946354827,42.0060812256056,35.104081319043,37.49913967901,42.038915637644,35.1815295647711,32.6851866111373,33.4615258482826,41.5546916232631,56.0356145540425,65.179059782315,49.5581025122994,52.2196459242307,41.6433607226486,32.3276923684132,30.4509014546752,35.6162689983882,44.0920874051174,52.6397259141972,40.682131300029,37.2185150294008,54.2603576467902,52.8567637699483,50.7726359961235,52.5668939809082,56.7772904426691,60.3992811662222,56.2511162741453,56.4883204039887,59.995680498901,56.0750890101036,58.9162408612548,59.614881915671,61.0085489876129,56.3370426586145,55.9109022261366,42.2438996303287,45.9179761073569,39.7131727197461,45.1229305146938,37.2183184352299,40.2563565369365,38.3290639123562,23.9725558456175,39.6867995725797,33.3113642789343,34.5671784107317,27.8894035505989,38.5311668023186,23.4467455384242,38.2971945176753,55.983030825606,58.6654336166834,56.8164664420647,55.8627083762352,58.9486193515126,55.6384330088572,62.4855705092417,65.7070407694758,82.1946977131425,30.0691371248204,32.5386017920688,72.0492440930383,31.2903313949249,28.4412749875964,35.4374654936827
17.4855502397335,17.0803457997907,16.8421777861914,19.4750062995938,18.9005794523491,12.736164153873,0,14.1297261498505,35.1798880529738,35.9145175127356,71.3236659432878,43.3878833437522,39.8585274193081,38.3373349060798,38.0347208464399,42.7308909350374,43.7223582826861,36.8107505023894,39.2100117315874,43.7485985092313,36.9076040477806,34.3652440547738,35.1594839586741,42.6466718492933,57.2946973399981,66.4286094345742,50.6691485213004,53.3176732980461,42.9109845656809,33.669401344137,31.7869370268927,37.0184296052929,45.3338121930198,54.2120822919619,41.8603665694051,38.3910332917778,55.8302914879503,54.0816240095913,51.9983072307646,53.7920703702507,57.9935914062369,61.6157162469802,57.4665507264514,57.7038597316796,61.2155094835624,57.2965721820847,60.1371237344819,60.8357253557424,62.2299017072421,57.5576747284221,57.1328820470521,43.9494285396663,47.6299455076382,41.4126145395066,46.8425257293383,38.8913696097063,41.944419190381,40.0279417945571,24.0855059886416,41.4583969322988,35.0747675940042,36.396787452273,29.7018457595217,40.233118213748,23.90599758867,39.3426849213879,57.2145776642147,59.8978904264391,58.0484303455985,57.0941731021709,60.1625652070089,56.8524421527959,63.7034640894308,66.9248168590479,83.403372494662,31.0487924435178,33.5313056818906,73.2110897508354,32.0560727243752,29.9307187077651,36.9516138560702
14.3277615565785,13.3034831447549,13.2115001510891,16.162483965155,15.4788187990917,11.5689380456082,14.1297261498505,0,33.1944030064932,33.9336118112108,70.4027698149013,41.3841113650279,37.8547713283847,36.3435990762158,37.2038528867422,41.9019649289288,41.8423719806884,34.9829920585305,37.3454845359177,41.914456587322,35.589434160994,33.1635581836872,33.9413222499298,41.6763966110768,56.3700930090613,65.5089410371788,49.552591218285,52.2626656342984,42.0331568012349,31.8557234383182,29.9757183102828,35.1465370666704,44.4299973231908,53.1515472490968,41.0408031876337,37.5803454171411,53.8206747938725,53.168545342882,51.0853367235201,52.8782751133619,57.0787772926618,60.7003501715367,56.5513702336525,56.7880556504566,60.2985139985743,56.3803515128333,59.2202565455142,59.9192888037485,61.313044960871,56.6409659081306,56.216828934815,42.3133380795833,46.0075884460513,39.8100080570805,45.1020558190669,37.4144764459363,40.4624434432605,38.5246007827981,25.2350690369806,40.213421610764,33.9156043156074,35.1509919012171,28.5681131392575,38.3800758694803,23.0782301539262,38.1576485309222,56.299932042515,58.9832302535066,57.1338588727892,56.1796921338252,59.2441072042837,55.9342363091193,62.7857858791383,66.0074205946552,82.481782052481,30.2062421463863,32.6965050948385,72.3557967150556,31.6909239916166,29.3293413129419,34.9454536394741
32.0757068083433,30.7685202690668,33.6150108296139,31.9848317029443,30.4612856798576,33.6664765599916,35.1798880529738,33.1944030064932,0,7.64459311758762,78.6722517324979,23.2737003077206,19.134051046788,14.3760387426349,46.2868308002434,50.9073058629722,43.8000232746216,37.2574263710012,39.2576821500141,44.2435132370861,44.8055286975329,42.8534818280182,43.6875414607674,48.8052141379331,64.9654899169728,74.0754338581765,55.2104483960628,58.5469144803032,51.107465547009,29.4416921093145,28.0966840308378,27.6240042865505,53.0871289841439,63.0211789710367,50.042520044249,46.6267586504128,38.8218136328546,61.6005426202634,59.5248944032393,61.3053565402947,65.4250722974356,69.0418612126585,64.8870056272954,65.1179071070095,68.6495825246337,64.7527249131779,67.581058242174,68.2843079526413,69.6777045723053,65.0014371530631,64.5949149085208,47.478304280118,51.5150503936146,45.2843578454452,49.2524344899876,44.0658638269455,47.2997581557367,45.2836250708848,40.0902565116558,50.6631721632669,44.8882505752119,46.2943610757066,40.2117019631615,39.8637575840349,34.7598177553494,44.0660124401911,64.769698092553,67.4602528494577,65.6077625867793,64.6504471564978,67.5332278093922,64.2265549208176,71.1142907849929,74.3379958880442,90.6962651051711,38.4712577788946,41.0033199975849,80.9310095503754,42.2568362587585,41.605563369724,20.9482412007267
32.8224082959101,31.5164938140507,34.3581626947195,32.7362223165488,31.214035632692,34.4053423761298,35.9145175127356,33.9336118112108,7.64459311758762,0,79.3707357746853,24.3953231980245,20.3457293606699,15.5175391882757,46.9970574680068,51.6146413994986,44.6484043624166,38.1000094131534,40.1055742343923,45.0861065852192,45.5745786103446,43.6152391720773,44.4502318210292,49.4693209744535,65.6773739530977,74.7851131368431,55.8477639943887,59.1954720987786,51.8257692866443,29.9814638877775,28.6515351810204,28.0041867131074,53.7967782315463,63.7724493786666,50.7480477675092,47.3322387440463,39.8643181570854,62.30359877514,60.2282172480567,62.0083768926353,66.1252143534293,69.7419364823634,65.5868170139454,65.8176284707917,69.3503685915162,65.454163515693,68.2821904859496,68.9855103606329,70.3789827038157,65.702522988644,65.2965370269213,48.2880827089647,52.3215587756735,46.0901293345879,50.0749217189082,44.8561692093488,48.0894893903646,46.0751792878418,40.8169874211237,51.4245098275656,45.6454140609495,47.0531803594753,40.9665965348588,40.7122900488626,35.470522805072,44.7140018197717,65.4745436514436,68.1653812160259,66.3127513881869,65.3552948817845,68.2319491336409,64.9253455588514,71.814356435849,75.0380812159331,91.3927886453816,39.1510502939396,41.6841213103039,81.6278639796271,42.9587707214799,42.3447740604957,21.9909853393201
69.0193672757947,68.4431533115616,70.3185515682286,69.851987291765,68.9513127398845,70.1088927462589,71.3236659432878,70.4027698149013,78.6722517324979,79.3707357746853,0,86.9607051535214,83.4405810416415,81.8650421453729,57.5005064415961,61.4379283376025,85.7658650249812,78.3078567231686,81.085101338039,85.322966263219,76.4676208367181,73.1581834576564,74.461044917418,68.5363625066409,61.2448155741129,67.2649121772766,80.2078749459643,81.7915734927986,63.2601378830507,76.2818689143102,74.4593423755337,79.7015146884219,51.0344144823842,90.3930857438114,61.5372022968569,59.2197949505545,99.4081546775107,45.8327400873138,43.9978065460525,43.831059724055,48.1188137919536,50.706336492968,47.3341175349733,46.4409040093358,41.5625244115724,39.8746361625494,39.6398040488455,42.9783479444343,41.145170204529,38.4396266781879,40.1314868045338,83.7346289883176,87.4575818512165,80.817737157279,87.6595485256654,76.7367908170586,80.3061475450219,78.8099997213196,73.466147287733,82.6472429887149,76.6690032815906,78.9729172700886,72.6470331366353,81.9846356415776,71.5983738827072,77.2074725455225,48.0250146707523,51.5014927691716,49.373094701392,48.1543390776539,44.6506121129317,41.9854757249537,43.3366230029494,48.3576740921691,69.0788381640032,65.1572352810653,66.7467254368676,89.4334382666603,70.8313325831826,71.4204711321234,80.6674331933053
40.1755958263437,38.8774275943732,41.747845516101,40.0597509819467,38.5432916065833,41.8383059643499,43.3878833437522,41.3841113650279,23.2737003077206,24.3953231980245,86.9607051535214,0,13.3500591701121,20.2079802204188,54.4985441366311,59.1465644844054,50.2148149145152,43.6799888241447,45.6361285386563,50.6919947744068,52.4135994893655,50.5523125148051,51.3806690874702,57.4149153631581,73.1320388820106,82.2635249726173,64.0172104076675,67.2740995740988,59.2313881256472,39.1932503723887,37.7649546793368,38.1954298489152,61.2807747322447,70.8328465733594,58.3017503519928,54.8893195225133,34.3218041850861,69.8506184717445,67.772598136767,69.5554911433715,73.7008798928411,77.3180614384697,73.1656701849121,73.3971464761283,76.9187193636372,73.0162543352577,75.8471129819238,76.5498918155939,77.9424444758925,73.2679717201088,72.8568482520402,54.450189607359,58.5475068561716,52.3101766830266,56.0587784384689,51.3120816815072,54.5663201900436,52.5302693135269,48.3167480528251,58.4086778430846,52.6947000664172,54.0993834239782,48.0696940723617,46.059229664983,43.2055905582097,52.8926150747875,73.0030588573941,75.6910602145971,73.8398584146949,72.8838458448395,75.8204977924009,72.513296300447,79.3896845944927,82.6133211845997,99.00224130996,47.0180628593614,49.5347987758378,89.2601609074186,50.648158932307,49.6287817552651,31.7500070338082
36.6572541665496,35.3563914575519,38.2260739045803,36.5423789919921,35.0234973303021,38.3125151895118,39.8585274193081,37.8547713283847,19.134051046788,20.3457293606699,83.4405810416415,13.3500591701121,0,15.863404074328,50.985374482393,55.6301267924653,46.949393386955,40.42273784437,42.3809652301335,47.4279425356021,48.9742420585924,47.1007824284827,47.9294969511297,53.8571790971396,69.6261986456153,78.755061564836,60.4396037057565,63.7043060635595,55.7293864152611,35.517269340837,34.095146613172,34.460451603133,57.771303245142,67.367239479005,54.7827658346853,51.3697568496155,33.837279412916,66.3347799554661,64.2570337123808,66.039662957028,70.1820809063819,73.7992301693684,69.6465466612348,69.8779711965159,73.4007523501715,69.4989224911508,72.3295023467672,73.0323255905745,74.4249869302223,69.7503012520597,69.3396984912374,51.106310690916,55.1936844682781,48.9588801000118,52.7368113919644,47.9289381581726,51.17934444865,49.1457136479845,44.7895673864776,54.9479651185581,49.2252515059629,50.6287460486306,44.5917840284188,42.8520590835372,39.6498015433142,49.307314005624,69.4892057722551,72.1775049431789,70.3261509728935,69.3699845079191,72.300450718292,68.9933046323923,75.8710043690551,79.0946419764144,95.4800878272023,43.4630508194186,45.9818571539008,85.7336674902021,47.1073594780925,46.1309126431132,27.8273199749421
35.1851019518865,33.8817690820183,36.7390436253775,35.0829844111927,33.562418186198,36.8078408414982,38.3373349060798,36.3435990762158,14.3760387426349,15.5175391882757,81.8650421453729,20.2079802204188,15.863404074328,0,49.4461393770528,54.0787184662499,46.1709661633621,39.631584238682,41.6126712255364,46.6290749905567,47.699319725899,45.7871694463628,46.6187012722429,52.1392375996837,68.1048411019739,77.224237221078,58.6307040769768,61.932393212101,54.2281719415675,33.2890436507209,31.9072439716383,31.8328489999603,56.238395725386,66.0045125949684,53.2227226613187,49.8084404887625,37.5691423918139,64.7765302336809,62.6998423315456,64.481368013654,68.6123368189557,72.2292962487067,68.0755217411017,68.306673384665,71.8339158977536,67.9346021385046,70.7640407566602,71.4670852580183,72.860110692048,68.1846304783942,67.7760928731547,50.0931252090434,54.1563979723767,47.9228438676972,51.7946327102014,46.8010448473554,50.0438262503767,48.0189330389834,43.2560838372799,53.6172109019239,47.8690598179936,49.2744502105668,43.2150890386153,42.1378455599172,38.0229026822368,47.4970883136547,67.9383545323242,70.6277900259883,68.7758647272882,67.8191205794711,70.7255070856582,67.4186032230715,74.3013653521883,77.5250412712257,93.896736822659,41.7785063190249,44.3037409699507,84.1418594148899,45.49555756436,44.6817866601216,25.2954779684596
35.7567358881844,35.2525830777706,37.0436215711064,36.6710179340486,35.8264719899844,36.826734604274,38.0347208464399,37.2038528867422,46.2868308002434,46.9970574680068,57.5005064415961,54.4985441366311,50.985374482393,49.4461393770528,0,22.4824795232084,52.9250876368092,45.4610267073104,48.2468158335955,52.4734432721763,43.0724432902933,39.6047699727342,40.9196799263039,40.0051969540398,42.3057413421556,51.3190077465169,51.3611211566404,52.9371238041308,26.7537248040845,44.1693808152855,42.3298989127603,47.5895188775081,28.926013881825,56.4988662405821,24.488742691606,21.6154363180207,66.9034734177246,39.2850419067067,37.1588176400807,39.0359337477756,43.7018914553327,47.3549687386226,43.2397059767392,43.5136913876989,46.9157240562545,42.8726539014817,45.7841714991878,46.4540449183158,47.8569091691991,43.2039820667951,42.6762894922802,50.7906323457293,54.4859086403714,47.8697891035064,54.7443012372851,43.7814865464253,47.2943327566048,45.7827921241373,39.8982787630538,49.0814866844042,43.0102915454104,45.3862449564714,38.9838985079585,49.1571222585695,38.6060137025461,45.2567125077802,42.2839600407403,44.936103890145,43.0964636175773,42.1522003690634,46.219310264358,42.8901954854646,49.5333322763425,52.7410205751983,69.9056093594148,32.4004483209434,34.0139508551815,60.1144905635885,37.061139473525,37.1744667100098,48.2565471747392
40.492932429163,39.9753358737292,41.7697090676229,41.4015032751281,40.5460056938667,41.5383946354827,42.7308909350374,41.9019649289288,50.9073058629722,51.6146413994986,61.4379283376025,59.1465644844054,55.6301267924653,54.0787184662499,22.4824795232084,0,57.7914475402299,50.3549431138302,53.1201850747508,57.3645264443033,48.1431342634974,44.7177164793458,46.0097998524312,43.7599338038352,47.1121756686943,55.9547471594004,55.3404227070128,56.8525383567018,33.8246318922559,48.6905621430084,46.8508203490998,52.1347117813091,33.6152515982359,61.7422190832707,22.9104706563244,21.4844815404343,71.5684636762451,43.3779595575691,41.2727576499282,43.1465812874371,47.5812453836759,51.2478606778535,47.1009430379446,47.3889874948217,50.9274299955793,46.9168868525742,49.8213976708543,50.4844716195153,51.9059309966992,47.2326500609655,46.7311992920241,55.7915337217275,59.4898083589671,52.8903300004444,59.6891113474602,48.8813779556896,52.3767941330967,50.8470798732843,44.5861974508406,54.0984474247147,48.0153413272828,50.3535676062235,43.9406030797194,54.0322475535621,43.1854042672179,49.555614003791,46.5528000728111,49.2248446543367,47.3743689141865,46.4190228473514,50.0964611543318,46.7648407994106,53.5039915662804,56.7041602966896,73.6931888939489,36.5535213173724,38.1234333161572,62.0125351664213,41.5002567092727,42.1457346207394,52.8753631431631
39.9826227378565,38.944699603653,41.7201691750103,39.9505456620302,38.6744005113919,42.0060812256056,43.7223582826861,41.8423719806884,43.8000232746216,44.6484043624166,85.7658650249812,50.2148149145152,46.949393386955,46.1709661633621,52.9250876368092,57.7914475402299,0,22.3486313449138,19.8803332846177,25.5499972455772,45.8427627744258,44.868849742089,45.6960673402501,58.708512339435,70.9767695101354,80.2888565891377,66.5079055268984,69.3010755907198,56.8749187009464,47.0246752169455,45.2992859331861,48.9319783191151,59.389470408118,66.1140208930133,57.1245850969418,53.7586105775596,61.4259099884234,68.3763951088022,66.2801269870012,68.0798804835017,72.4232043419008,76.0420141262705,71.9093712886049,72.1437104997678,75.5832211675981,71.6389755048794,74.4878745440326,75.1880982781675,76.5729643464314,71.9128940966003,71.4675392162387,39.9456562404979,44.8598866767946,38.5296722491181,38.9436947584831,40.1734198680206,43.746817634981,41.5219841167912,48.2812379253284,53.5840557808517,48.534481288332,50.1233311802658,44.6189126507861,27.9887874547589,45.0233396770134,55.9690407336189,71.3943461357604,74.0623871810469,72.2214643123203,71.2758478496076,74.6228697861179,71.3122027309708,78.1012828782507,81.3251251236536,97.9426342631949,48.2743600774819,50.6499619868585,88.552892433994,51.1742633626086,47.4554164637724,46.2935709851809
33.1003484290519,32.1100873958009,34.8274453662722,33.1293600430622,31.895033023,35.104081319043,36.8107505023894,34.9829920585305,37.2574263710012,38.1000094131534,78.3078567231686,43.6799888241447,40.42273784437,39.631584238682,45.4610267073104,50.3549431138302,22.3486313449138,0,13.8720730354346,16.4786841801393,37.883059198476,36.9979599394029,37.8479155520158,51.5613847343572,63.3907995772027,72.7290705595063,59.4589446791507,62.2173074693283,49.2936258790667,40.3488570548124,38.6202042740308,42.2990510426206,51.848684452848,58.3267626287299,49.7145261970861,46.3582797999029,54.8807176757373,60.8855266268612,58.7869214494313,60.5884873467966,64.9572352362611,68.5759973432062,64.4460263587989,64.6804457785049,68.1086477790624,64.1592996939115,67.0102526116308,67.7103475667663,69.0940055411563,64.4358930064749,63.9863677102868,30.6428477093917,35.9405477350244,29.0767888185005,30.9138982659481,31.0156067454628,34.7837524338586,32.611931551446,41.2566511800965,45.9627098868695,41.0061951923088,42.6799648392919,37.2316060228661,16.7852630640769,38.1670523363159,49.034822547146,63.8850901823502,66.5505052496279,64.7109747809309,63.766766859397,67.1656550764712,63.8546537290751,70.6325522871753,73.8565554978075,90.5020072225975,41.18394430835,43.5406670252109,81.187663221531,44.0783264465504,40.1418793532833,39.7730231787557
35.4873678520289,34.4614260002009,37.2190240436264,35.4744197219898,34.2083481317393,37.49913967901,39.2100117315874,37.3454845359177,39.2576821500141,40.1055742343923,81.085101338039,45.6361285386563,42.3809652301335,41.6126712255364,48.2468158335955,53.1201850747508,19.8803332846177,13.8720730354346,0,19.1334621819473,41.0686216212157,40.1090789513848,40.9455435335363,54.1071312900047,66.2622613678517,75.5814486459313,61.9273028985431,64.7134678884681,52.1649083484289,42.5150940648848,40.790772149143,44.4156321110475,54.6878104313648,61.3667378846271,52.4604636379379,49.0973510932913,56.8135582973693,63.687359883825,61.590484650934,63.3906769936067,67.7406115956148,71.3593858152571,67.227449764512,67.4617839265406,70.8982846672052,66.9527359469474,69.8021452068839,70.5023535902175,71.8868853174683,67.2273341047332,66.7809151494924,34.847991990422,39.9093722617366,33.3288728338998,34.5789500714632,35.0092143874505,38.660925905362,36.4671620366803,43.7363149306013,48.9038537166673,43.876010879233,45.4934780175887,39.9996506670979,20.9864825014642,40.5107921143873,51.4195682408805,66.7004238220067,69.3677756376294,67.527221930999,66.5819789225921,69.9424156337438,66.6316715835909,73.4178472172665,76.6417434483912,93.266390219706,43.6919597619323,46.0627908412975,83.8988494930971,46.5981284487286,42.840801544445,41.7791134399792
40.0285980641162,39.0341489546722,41.7589664430264,40.0495860234669,38.8119405057553,42.038915637644,43.7485985092313,41.914456587322,44.2435132370861,45.0861065852192,85.322966263219,50.6919947744068,47.4279425356021,46.6290749905567,52.4734432721763,57.3645264443033,25.5499972455772,16.4786841801393,19.1334621819473,0,44.9097519067892,44.0268009584282,44.8709287337499,58.5439254795084,70.4202803282482,79.7554486115265,66.4344496539101,69.1950468127529,56.3196951919685,47.3030950183784,45.5734862913659,49.2609690970218,58.8723123879321,65.357855090069,56.7210373730003,53.3634672391932,61.9156353225911,67.9040031134843,65.8056525776464,67.607046988055,71.9730199002375,75.5918058689307,71.4615336067053,71.695965121546,75.1254574717333,71.1766472997632,74.0273952688959,74.7274896079379,76.111295853859,71.4529614728857,71.0038750507529,37.6651129749176,42.8814400124238,36.2373003775271,37.0903296409986,38.2465510865303,41.9577914120893,39.7545237508027,48.2079515381996,52.953494160648,47.9911385703602,49.651024495702,44.2013174670146,25.5636037172278,45.109819032215,55.9972944416671,70.9056613220517,73.5713685264651,71.7316800971674,70.7873123781378,74.1805951072834,70.8696222770079,77.6487389766814,80.8727148444238,97.5152197178977,48.1573409223496,50.5159553276551,88.1906094699794,51.0465687650249,47.1174251510414,46.7410710198391
33.1526583763563,32.7489378432663,34.8747949615088,33.8164447864654,33.1027554867291,35.1815295647711,36.9076040477806,35.589434160994,44.8055286975329,45.5745786103446,76.4676208367181,52.4135994893655,48.9742420585924,47.699319725899,43.0724432902933,48.1431342634974,45.8427627744258,37.883059198476,41.0686216212157,44.9097519067892,0,21.9245737362182,20.1021066159224,51.4268610653252,61.0406057787146,70.4576682367193,60.215022068998,62.6370777565015,46.4136815867019,44.8266854653931,43.0130754666135,47.6672015395046,49.5534971827927,48.9741340193276,47.6112772959826,44.2650768709211,64.4414425819382,58.8649596034079,56.7556986890948,58.5693554890928,63.0534265870911,66.6746284542875,62.555432869037,62.7931774741905,66.1781125504853,62.2029456740257,65.0659723516166,65.7633587035285,67.1439429203873,62.4934855434144,62.0227429196363,40.2046307934189,43.2458714540816,36.9812877091786,45.4748113589319,32.1210687736946,34.3248584737587,32.5194112057368,40.3134198357775,32.9977817069954,30.7027731534127,33.8392694635223,29.6348435994109,42.0050766980922,39.5207215787073,50.5076475947904,61.7948440862756,64.4493150732608,62.6151131132466,61.6762970250148,65.3173306315661,62.0036915935297,68.7305661490472,71.9539061964329,88.7407441713896,41.1273595508635,43.34509334985,79.5077370805001,43.4467750350039,35.3376663144678,46.8507733327248
30.7707463736804,30.4344768643885,32.4331000372572,31.5641571502488,30.8908774685113,32.6851866111373,34.3652440547738,33.1635581836872,42.8534818280182,43.6152391720773,73.1581834576564,50.5523125148051,47.1007824284827,45.7871694463628,39.6047699727342,44.7177164793458,44.868849742089,36.9979599394029,40.1090789513848,44.0268009584282,21.9245737362182,0,13.4707578416334,48.4288727581221,57.6686372363277,67.0906680608894,57.3780871639676,59.7413715449726,42.8403311988669,42.590723660268,40.7704995129622,45.5145188578231,46.1645915851087,41.258288468842,44.2061149064604,40.8587929527754,62.6394604538923,55.5248773580451,53.414030793321,55.2300015718008,59.7311840801688,63.3530767206549,59.2353227283979,59.4739251939109,62.8534566086314,58.8741372429956,61.7393047940604,62.4360131528479,63.8164639346185,59.1669690223132,58.6928001089587,40.0088319983811,43.2698900048763,36.8220881172977,45.0028668902943,31.8470118400273,34.5283176715262,32.9649433952227,37.5038821657305,31.4561237730051,26.9369428011979,31.5458628197138,26.3836821124206,41.0375591554706,37.0082336310953,47.8378045830673,58.4465401459902,61.0995684689827,59.265988827328,58.3278035307301,62.0052706494794,58.6911050981698,65.4103831840848,68.6334507565534,85.4430632928979,38.177754021249,40.3636705164288,76.2000235286498,40.4620079858763,31.5547653650034,44.8745639726927
31.510827324809,31.1799314262102,33.1901899872765,32.2958450501755,31.6303591350438,33.4615258482826,35.1594839586741,33.9413222499298,43.6875414607674,44.4502318210292,74.461044917418,51.3806690874702,47.9294969511297,46.6187012722429,40.9196799263039,46.0097998524312,45.6960673402501,37.8479155520158,40.9455435335363,44.8709287337499,20.1021066159224,13.4707578416334,0,49.5251297635835,59.0497168736065,68.456480411382,58.4202153738488,60.8015310762851,44.2585592409649,43.4556527842086,41.6354616063264,46.3712864141102,47.522084478549,44.1797616753019,45.4784148001413,42.1240177341357,63.4650482519679,56.8489017263314,54.7395419439707,56.5543064041708,61.0393095107039,64.6612127437886,60.5417637010769,60.7802942025408,64.1669461332292,60.1908888453002,63.054723198543,63.7515377903562,65.1327239777644,60.4820056617391,60.0105045584864,40.8624388629814,44.0815531050235,37.6987017603303,45.8271529290797,32.8796903538654,35.4520759040939,33.8032675316246,38.3511778335614,30.7755440124464,26.9517361715485,31.694634865808,26.7856734644538,41.8831341036731,37.8635403850677,48.8004500112227,59.7819163892324,62.4365719779999,60.6021412874465,59.6630945306993,63.3077084853595,59.9937623930185,66.7201485936881,69.9431256887151,86.7348614465072,39.2194725979286,41.4183758882421,77.4402988442419,41.4621478591144,32.464256198681,45.7064512328428
40.6633849359917,39.9289696180459,41.8818922023851,41.4038324646138,40.3747834992706,41.5546916232631,42.6466718492933,41.6763966110768,48.8052141379331,49.4693209744535,68.5363625066409,57.4149153631581,53.8571790971396,52.1392375996837,40.0051969540398,43.7599338038352,58.708512339435,51.5613847343572,54.1071312900047,58.5439254795084,51.4268610653252,48.4288727581221,49.5251297635835,0,58.2098838203042,66.7795813356597,36.9838050798087,34.8361476990241,46.6058472393371,45.2052237617693,43.379943944077,48.933130554079,45.9040871261542,66.6000124791975,42.4313281982258,39.1274278698261,70.0589688447453,52.6103065233497,50.6060689747238,52.310638631529,55.6514489452947,59.2571479218535,55.0257535506946,55.2404133510606,59.0825709461215,55.3534440048072,58.1062628294572,58.8234733371184,60.242021076785,55.5122657907436,55.2433652104774,58.1734568761051,61.9169640189781,55.4789500900892,61.4725887856841,52.2951469051998,55.6300213972344,53.9222015322129,44.9772960863232,56.9967694450318,50.8721272979845,52.8381973696363,46.3984219629986,55.0264117112585,41.6920100448473,43.0848438045376,56.255156833592,59.0183115558541,57.1301316047339,56.1366775566531,57.4177961889737,54.1259271139345,61.3598225400694,64.584605468491,80.0134818601612,31.2703339034417,32.4597906572919,69.589702793473,41.0314422202455,45.2771582204461,50.7869401736756
54.8700696793811,54.333129792971,56.2017098974262,55.7151418382116,54.8478442111754,56.0356145540425,57.2946973399981,56.3700930090613,64.9654899169728,65.6773739530977,61.2448155741129,73.1320388820106,69.6261986456153,68.1048411019739,42.3057413421556,47.1121756686943,70.9767695101354,63.3907995772027,66.2622613678517,70.4202803282482,61.0406057787146,57.6686372363277,59.0497168736065,58.2098838203042,0,31.0898731241008,69.5019889548799,71.1556836841129,46.2870006274131,62.9861591410879,61.1585416679671,66.3336909085373,33.5569375391859,74.6684410174849,47.7491062738238,45.3576919188957,85.504657017668,41.3797166000771,39.0008116172121,40.745475647565,48.2245761152326,51.717677602357,47.9636872056507,48.0773200217039,49.6476000338486,45.1787140982746,48.1204274592629,48.9485796766801,49.9927550911005,45.6985049416809,44.8340498100253,68.3527193199116,72.0771346672061,65.3437883373669,72.5299404127337,60.8887251519419,64.5783948007651,63.1766035823822,59.4448551312861,67.5334493946996,61.6499132216321,64.061844221841,57.8102359599916,67.1511349453287,57.9090486813014,64.4975126857308,40.3033176663514,42.4084455959897,40.9386567956171,40.3630672931334,50.7924824603804,47.4893743386862,52.8354069968751,56.1559618233214,75.678512984896,52.3914415832799,54.0549462715571,78.5714181014424,57.3013437002258,56.7665581785318,66.9630027335375
64.0301892737787,63.4884256437541,65.3545352471198,64.8764352932907,64.0048164576335,65.179059782315,66.4286094345742,65.5089410371788,74.0754338581765,74.7851131368431,67.2649121772766,82.2635249726173,78.755061564836,77.224237221078,51.3190077465169,55.9547471594004,80.2888565891377,72.7290705595063,75.5814486459313,79.7554486115265,70.4576682367193,67.0906680608894,68.456480411382,66.7795813356597,31.0898731241008,0,78.153069885487,79.7868346319329,55.7522456545335,72.023839853134,70.1964110711788,75.3866425548007,41.8473011646795,84.1212926993612,56.5435299532208,54.1917886554321,94.6495883820544,47.4336006255852,45.0099393528657,46.6258355997052,54.6750120678775,58.1165909191292,54.4407718187014,54.5022436074272,55.5413576229634,50.9940242980331,53.8888917401928,54.8068749476822,55.6880671381929,51.5355989577077,50.6145225766654,77.7824648537083,81.5052267790953,74.7923818594888,81.9088900166269,70.4142759255595,74.0762628736242,72.6542456627603,68.5643578482598,76.8782746383258,70.9710348348265,73.3641404602342,67.0938068136808,76.4730424877709,66.985774950372,73.4177136350115,44.377782873138,46.1753956704384,44.947091142679,44.6053623718288,57.1426235581402,53.8527404738578,58.8642116692069,62.2307456344991,82.2428441151566,61.2810593124046,62.9291384244546,86.978340744514,66.3079498559196,65.986998932911,76.071206351997
48.6380214062953,47.7943280430155,49.8722085612182,49.2610511218783,48.1432684928137,49.5581025122994,50.6691485213004,49.552591218285,55.2104483960628,55.8477639943887,80.2078749459643,64.0172104076675,60.4396037057565,58.6307040769768,51.3611211566404,55.3404227070128,66.5079055268984,59.4589446791507,61.9273028985431,66.4344496539101,60.215022068998,57.3780871639676,58.4202153738488,36.9838050798087,69.5019889548799,78.153069885487,0,32.7898948158854,57.5613240240708,50.87161123134,49.0761102288653,54.6828222916371,57.3045469310551,75.9121552980217,54.1608635645955,50.8419698743808,76.7748114258365,64.2206333574979,62.2072788914393,63.9137527768081,67.3593609604074,70.9589857088787,66.7426385822368,66.9508495698419,70.7282201858592,66.9851510902229,69.7403703255311,70.4612446290047,71.8707913808749,67.1504984067923,66.8704207651207,66.5121745188092,70.2821450727134,63.8886580061428,69.5995665616355,60.9840557648646,64.2840472329496,62.5233775832364,53.4521113739048,65.7434430553531,59.644722548256,61.4928198418215,55.0831364894504,62.8398834193094,49.3352176101342,48.5560973061253,67.7906252442902,70.5453464592067,68.6618003659706,67.673079276622,69.1261689118223,65.8360313199822,73.0235889711126,76.252426454517,91.7660782992058,41.2813580398055,43.097059054712,82.4410305174298,50.4375670565829,54.3595884901381,57.2309071721087
51.3192186272554,50.5172153320275,52.5437819840823,51.9897650481105,50.9060880535846,52.2196459242307,53.3176732980461,52.2626656342984,58.5469144803032,59.1954720987786,81.7915734927986,67.2740995740988,63.7043060635595,61.932393212101,52.9371238041308,56.8525383567018,69.3010755907198,62.2173074693283,64.7134678884681,69.1950468127529,62.6370777565015,59.7413715449726,60.8015310762851,34.8361476990241,71.1556836841129,79.7868346319329,32.7898948158854,0,59.2715419122893,54.5009208348259,52.6902907636325,58.2908247532549,58.9199664429184,78.148820240545,55.6237468022829,52.3002623407178,79.9862888681167,65.8022357754763,63.7906085742247,65.4980489506808,68.9230478035565,72.5250180996292,68.3050141165171,68.5158008623949,72.3094322697487,68.5678140517424,71.3237514674508,72.0430423322457,73.4552538991694,68.7327187252737,68.4537384182565,69.1090024859998,72.8683540065903,66.4601664744636,72.2725508251717,63.4563713276242,66.7666721136006,65.0239860020453,55.9157174217646,68.171241636397,62.0594658467793,63.9482843103591,57.5241883612527,65.6295969816396,52.0931334751576,51.9424197444594,69.3893453160849,72.1456260977065,70.2611181296736,69.2714099007325,70.6966803803357,67.4056465220033,74.6022873057335,77.8296891197903,93.3327785967092,42.779299723227,44.3597476228323,83.6465178268326,52.4665394217678,56.64639790526,60.548246611281
40.4712437443276,39.984630471993,41.8028228132731,41.3679395936936,40.5398613173165,41.6433607226486,42.9109845656809,42.0331568012349,51.107465547009,51.8257692866443,63.2601378830507,59.2313881256472,55.7293864152611,54.2281719415675,26.7537248040845,33.8246318922559,56.8749187009464,49.2936258790667,52.1649083484289,56.3196951919685,46.4136815867019,42.8403311988669,44.2585592409649,46.6058472393371,46.2870006274131,55.7522456545335,57.5613240240708,59.2715419122893,0,49.2917371475655,47.4567002804319,52.6276792214333,33.907815078952,59.3180629700335,34.5705822711499,31.6334737397188,71.5804952339135,44.8324461282706,42.6757611390355,44.5513998556456,49.5503914345542,53.1836290934154,49.1131096826272,49.3667060608472,52.5666895991101,48.4762570233638,51.3959865358789,52.0780393473051,53.4501105246807,48.8297544437578,48.2640381543049,54.2034433021396,57.8994734383299,51.1984938570952,58.3882603567481,46.7633749375685,50.3805336425915,48.957877564498,44.9275605765573,52.7734684449018,46.8168290059567,49.3138362447839,43.0084066678358,53.06263960155,43.7695110987314,51.0367484644221,47.5216208332954,50.1371966464747,48.3191231267911,47.3967695103636,52.0687332711582,48.7431701869169,55.2451091457875,58.4643691961369,75.8843455757739,38.730248675783,40.4426539646614,68.2783604306042,42.9505182017724,41.5597842472707,53.0917371137536
