IBR/IBR_outputs/all.combrep_1/EucDistWater_Total.FireFreq_2000_2008_Total.WeatheringIndex_Total/EucDistWater_Total.FireFreq_2000_2008_Total.WeatheringIndex_Total.asc
NCOLS 160 
NROWS 95 
XLLCORNER 210004.651214014 
YLLCORNER 7350008.22228844 
CELLSIZE 4999.99999999997 
NODATA_value -9999 
[rows 42 to 62 of 95, columns 0 to 45 of 160]
-9999 -9999 -9999 -9999 -9999 -9999 -9999 -9999 -9999 -9999 -9999 -9999 -9999 -9999 -9999 -9999 -9999 -9999 -9999 -9999 -9999 2.42616401427097 7.7246019463776 14.2066249827416 5.56170684633848 6.56416448424625 13.7894918134589 9.39020064782767 13.4031851658111 25.1355154428232 38.8858878404037 44.7986410346543 35.0317149460729 24.2355803467092 13.24167192889 9.974006641591 18.1843718461874 20.1003359111432 16.6408959048937 21.0205466497738 24.8960792953215 24.1941529539999 16.8187136567513 13.4883151938507 14.2388855421088 5.53786774082153
-9999 -9999 -9999 -9999 -9999 -9999 -9999 -9999 -9999 -9999 -9999 -9999 -9999 -9999 -9999 -9999 -9999 -9999 4.51948717668976 5.05929065913517 12.2732877838559 7.22877560652813 11.5223957690778 19.0414447123712 11.0451871856649 9.5251747408739 19.6224709935896 21.7395840247495 23.9013367323215 32.3898992783252 41.4536802272668 42.7857504444059 37.0889241911524 23.8906300591921 11.7586283104276 7.55700672308702 9.10454672384386 12.3666356097005 6.39831477630781 13.9979279564646 24.3286011401037 25.142025441209 22.16153641409 16.8332004570969 13.9909933602862 10.5414439824451
-9999 -9999 -9999 -9999 -9999 -9999 -9999 -9999 -9999 -9999 -9999 -9999 -9999 -9999 -9999 1.35954208259191 2.72412612274358 3.6472147125351 8.45667138611615 4.14629477029039 11.9263781238702 18.5565432818271 21.9576909184132 27.5263173866018 21.8424387463519 21.0515389639594 27.7176787873152 32.284726182899 32.9285447868812 36.5910324281612 31.7571890624111 28.3028328924629 30.9024839237715 29.5757201118448 21.3763573909719 13.9180542584087 4.31628725605619 7.75930509325173 9.0462088147068 15.2989617642001 14.1505438340668 11.9139209285869 12.3183553138024 5.94768123868223 5.46960324879776 3.85175867881649
-9999 -9999 -9999 -9999 -9999 -9999 -9999 -9999 -9999 -9999 -9999 -9999 -9999 14.7278501183656 5.99214329817522 3.66584751198508 7.45856951691879 7.13111042791057 14.0932149228436 14.3637816169862 19.3261439082559 28.6941203452969 34.7719976396899 38.4364201309442 32.7099140597316 30.0666720949 29.6646346108166 23.1076827705731 22.0398221946887 25.0156075322772 19.7726928748652 14.8385291898293 19.4716399462275 29.8742368100148 31.1685089586128 19.3876814292556 8.39445130596558 3.4157787408851 7.72727879884667 8.71516550088071 4.91408569033712 3.95065568217836 3.8231278527814 6.83213377542362 12.0179655267665 11.5795381602949
-9999 -9999 -9999 -9999 -9999 -9999 -9999 -9999 -9999 -9999 -9999 -9999 32.5452027465166 22.8861217383461 12.285388570363 4.2149561175324 8.74456432343195 16.1034576145086 17.2687505293197 10.6191978484269 15.522891501255 27.1476984536519 40.1274329530073 36.4481210319457 25.4225597759956 19.1137474330683 19.4994602198187 12.1014432806438 10.0942402461308 14.9293454208177 9.15497397025613 5.47690560065689 12.8283622232344 25.5444020222904 31.9869398874551 25.2848674972965 17.1887797517383 8.1540697971044 3.33637369736893 3.49178983183756 6.80628231950999 7.6647902152108 10.3715438234437 14.988612580176 23.3720693853484 23.5049958123143
-9999 -9999 -9999 -9999 -9999 -9999 -9999 -9999 -9999 -9999 6.57817145402443 15.3021374585324 26.11805192464 24.7666315306346 18.5561323643227 7.67764069675229 4.83433016432451 15.9854945442476 15.6195206007032 6.64268255233153 12.930374451832 25.6225463461122 38.406099620738 31.313352906744 18.0488903844302 7.78098457136684 10.1950986500386 10.7190197782343 8.89299629627264 12.6094563018873 4.1800905203307 4.85454845913785 11.6893172288784 23.307023916975 21.1343909413691 17.4026077446391 19.1975840074753 12.0258747737595 5.35773700922594 5.1403416543071 12.2629684646084 7.34532821738041 14.1544195278286 24.198497894734 23.4227386413486 19.7218715321133
-9999 -9999 -9999 -9999 -9999 -9999 -9999 -9999 -9999 6.40591358298938 4.068605759797 14.5638754707853 16.5741687904573 12.4438603157847 15.5528718224576 10.0508860462368 3.82389435119963 10.3482532074206 10.9203032132651 13.6086627515323 20.8758292248592 31.023319797078 41.1624671282303 31.9864796305272 19.3409052337885 8.70327086287494 5.13667041948272 14.7372254952099 19.6159033028488 16.1262312458328 8.95492288100214 14.0532598655403 20.1927210975384 24.1428015883217 13.1955206204614 6.463941796124 13.010542555405 5.9720510807028 7.21421840056955 9.53093321357771 17.7827872738031 18.9529827324391 20.5644790269538 19.1449090490109 13.8380345589401 7.69170703855771
-9999 -9999 -9999 -9999 -9999 -9999 -9999 -9999 -9999 4.52188386223929 7.62450535579607 17.7325677767366 11.2653701641659 4.45175741959076 11.7306762876377 16.9980369367923 7.54800280629494 7.6807143336431 5.19089811783205 11.7730821208544 24.6289577878195 38.1603099320428 40.9343951256444 28.6541739189855 18.7382235552673 13.5216874921408 8.46128816969499 9.45284008269122 17.749593108406 19.9928351008214 14.2367757290827 17.9282916927906 27.539293788207 26.2043194333437 13.2101860782173 5.36362523020692 13.1305081854802 7.6921508298762 6.65416689574852 17.8662190116113 25.0792493248932 19.6869549121093 12.2980146242355 10.1717915600522 6.60783378517327 8.78255124686702
-9999 -9999 -9999 -9999 -9999 -9999 -9999 -9999 8.83585110788582 5.34384083904905 12.0305554896393 22.0966723561029 17.3658920192725 13.4216867998315 17.7087183346045 17.6134009634103 7.27034045925787 5.44426449883616 13.0101749601398 18.5820509052634 28.8967911184669 41.6078091924901 37.9590929708391 23.8833907659275 11.2411456624187 6.0160760709406 9.12460515841987 5.12017591005256 8.67366535526503 14.1442317726447 6.06063890423367 11.7795290196188 23.0937751580018 26.4006088030458 17.7424484905095 12.3325168041881 15.8103316445219 7.56405253394437 5.03070028334516 12.637507313183 19.0849534526268 13.2472837701598 6.2158027732602 9.19550262574364 6.14405403231869 14.4913408724864
-9999 -9999 -9999 -9999 -9999 -9999 -9999 -9999 21.5725621326935 16.2352768815793 20.8495011422496 24.8929931066343 14.4452649171395 8.9284125061251 14.7648291318952 8.7466459165534 8.20860568502701 3.49134877391212 12.4642880043445 25.1386655890473 37.2750013683375 47.9998717335963 39.8052108908908 26.4663077142164 15.0498226220466 7.31287380656926 12.7940615878262 8.57792445715845 4.60214269732306 13.1272624700086 13.2008113492666 13.6712134300179 13.0841613351651 19.3330873152839 26.4456512651709 25.1960664678985 18.7177892870594 7.46624087875847 5.21679306624916 5.53785374674779 12.3447003189549 5.95255296814122 10.1451416500268 9.46216216266394 4.94942860662259 13.1824364717924
-9999 -9999 -9999 -9999 -9999 -9999 -9999 40.4553533379046 32.983567005319 29.8592024792174 32.3328798705229 26.1130567002002 13.775897629795 7.90926334649629 14.5453671596324 9.39049390955893 9.94771387590062 4.05715626061429 12.3904811061201 24.3883452818153 36.4039379219145 47.6255092375079 46.2916985857971 34.3535318251084 24.1309191507541 19.0828677614482 21.7711127382035 18.0158231035325 14.0007934672613 19.3192917444004 22.1830137748661 10.914316485507 5.124455814633 14.8658428900275 28.0675022270957 34.7973950684401 24.6610949099478 17.0885364274321 15.2778031110374 11.3160196748001 16.4051289109949 12.4376229500008 9.74116907331232 6.04632280880871 5.34231941172571 7.63873482924923
-9999 -9999 -9999 -9999 -9999 -9999 59.9546860330848 53.9338252409804 47.1004423323931 44.7271479837297 43.351176910544 32.4521691972216 23.1087302599776 19.5918995365947 20.7077827837767 18.4890460580765 15.1671994073927 5.39916809817981 7.70184796417054 17.1262689826477 27.2071966891216 39.1443281418363 49.6030387811551 42.7266029699116 34.7316006510654 31.5620435975848 33.5167486187892 30.3956239772127 27.3428989990076 27.699561006738 23.3957422397324 16.1285323392596 12.6162011736489 17.3658581136982 26.9797115927416 30.3148244141235 29.866571497828 29.2857106340001 27.3092169243501 24.3423994563939 22.6389977296528 11.1240815242327 5.53599589188582 7.7713093656093 5.34649691348316 7.00283538257202
-9999 -9999 -9999 -9999 -9999 -9999 75.5849894037943 68.3880340453679 62.7825958603021 60.6182318365594 53.7759316064039 42.5205600193687 31.6498934626896 20.3662563936632 11.8102602557224 9.92293046554441 15.9687045921419 10.0804569727665 3.31344652166869 8.76806437511463 19.7458213469982 32.0725979871393 43.2878033313778 35.8717482383665 27.3441223130791 24.4988997877666 28.6944311592874 36.7861695396358 34.6002761216216 22.5218031209803 13.0866440003899 13.1988440196317 9.11768874470494 9.55287092144187 18.9967449824665 16.8614559361231 18.5769131124967 24.4407146329131 33.26219997903 36.520907789911 25.8308274453192 13.1069444047368 4.61782325865973 4.13922836034402 5.41946832819099 3.37476566344786
-9999 -9999 -9999 -9999 -9999 102.289052244602 93.71875719046 84.8894987945537 79.9171214321831 75.1812454760606 61.4096728213609 45.8710794590051 31.1995093697813 17.7699386158313 7.02517011768341 7.14041502577262 16.6954166737636 16.8890942792944 7.96717759889939 4.17622074440247 15.1049195850255 27.9433246785492 37.5987256495186 27.815279378245 16.3705768959557 11.4956686918311 18.4083843297877 30.4417545756661 33.1376464368875 19.8475316909753 8.15026246717269 8.88198484586504 8.65440259254685 8.75922720156971 12.2659990987758 5.53785709315666 6.86530550490399 15.4512370101066 28.0429953208864 38.6481568092508 29.3221518822181 16.8170405294124 8.1856616078605 4.18250879958047 4.85752567220608 6.20385267414986
-9999 -9999 -9999 -9999 -9999 91.4166183731859 102.202222956343 102.385285844751 95.6634100062923 80.7819536609742 64.1697814812933 48.9911173039674 35.4171591125674 24.0903870834968 17.3275020307321 18.4296988374002 24.4765057661507 24.7020191340825 12.5027765462922 3.53419254582874 10.4523420953952 21.3342225129069 32.7001047158429 25.762612855055 12.9256170644918 6.22905573867505 15.3835175418021 28.5500245541775 35.727567413448 25.5561002830966 17.6009210593969 16.8990502412284 10.2117717699374 9.90276398147499 12.7657386626879 8.20213549861846 8.18250821721246 15.6333755972158 28.1092772723359 32.651980711614 24.2534686404643 19.4824846011288 16.3622923202332 8.88086375198581 7.31363453833954 15.3675226638893
-9999 -9999 -9999 -9999 -9999 79.9677153234958 89.0200655360714 101.467578931008 95.3438224213619 77.4978980805847 61.1143509799675 46.2510214689837 33.1601228066694 22.7661879244778 17.982027852048 21.8439790430223 31.0242103979135 29.7814892177185 18.0123298136931 7.72459701439976 5.53284942036248 16.5367423483166 26.6884662357497 29.5986147443152 20.5920309404819 16.8664896336109 22.2546411806541 28.683111755748 29.1519414450788 31.0111524151474 27.7369910745462 21.5450364545227 14.6833027743111 8.34313758198738 14.6102293149054 20.565749580555 20.7732567592563 24.8754449589484 31.4161184858098 23.1535301905348 13.8677889947914 8.3949526691624 15.9131579505645 19.7273502507362 18.3664698345316 24.3606316290255
-9999 -9999 -9999 -9999 -9999 64.7604393652903 75.6123685461795 89.5137388597296 91.5459590247548 74.5996861013104 57.8076994843975 42.2544081457283 27.9168966534999 14.9528993750162 6.63270445438167 13.8911817462533 26.6962582843425 35.1457072781841 25.8337926783643 15.8074698634267 10.0765083832357 8.98980859517762 17.9970551673572 30.1020226770435 32.7845477806092 30.3684499193082 27.3488751295461 18.6328709079865 15.7166771611036 20.2833364335709 21.4829545063899 12.3501195744498 7.67546508657813 5.29588723152186 14.0521030719567 26.919785517995 34.4933941147931 37.1686363307903 31.8605519808618 18.3325304866399 6.86033392374835 6.88751997094905 15.9799490376029 27.8240770857549 31.9260176998178 28.3769277272409
-9999 -9999 -9999 -9999 -9999 52.6021573644129 64.7562992723609 79.6044957012077 81.5072642819658 69.0157256230299 56.6971615949123 43.1074719783846 29.2030986557702 17.067262762591 10.3155635606976 16.135231191934 25.0662693642476 27.848566443594 31.001915724984 23.5344833562137 10.8574496025252 4.34912835122617 15.1200651563589 28.6099058911971 41.6583298086141 37.8145068586971 24.1241767237792 11.3696297358851 6.15244365829121 8.78579222850836 13.6199551301466 12.6013171226898 6.74287340900419 8.94390551938951 18.9057453354589 29.5099653891982 33.4534647958867 33.5667261363655 29.6380113747022 22.2696910789098 14.2624385332043 15.9127595984355 24.5342110415795 33.0704829432246 35.9669546520199 29.5142046916496
-9999 -9999 -9999 -9999 -9999 42.8051578759314 57.0042318440811 72.530364616064 70.8774536255813 57.3414211541338 46.1981526275152 38.2294230916684 32.4751487657427 26.7101601305976 23.1418491017463 22.1669396722708 15.3123196596379 15.057074954949 23.9387730818006 27.0017556826341 16.2800797555882 11.7223021748741 18.7835210758325 30.766326521398 43.747787043682 40.3184862537586 27.029628024914 16.3324754857685 12.2731434002983 7.77285289620878 13.1724126675474 19.829774692764 10.5447094252124 6.49506345826131 14.5771810589333 19.5153749217771 19.7120509582154 20.9192953239386 17.2601199917403 21.1619860756911 21.313656021593 23.8965877494188 27.8595234632667 24.7606944931288 22.3971679589488 21.3601999494283
-9999 -9999 -9999 -9999 -9999 37.9133902782821 53.0267999353597 68.353378626567 63.1691246226445 48.4552604884661 35.6338011802185 25.6520937760171 20.956180354216 23.9181214234493 29.8082303485443 20.5196741785695 8.36293465864503 7.94569190873773 19.9397233681576 31.3664273357388 26.5419140261473 21.1424207733113 21.3852475330218 27.4791190084126 37.6307567212986 41.1170290009557 29.0492154158223 18.7743565472474 14.9673718489273 17.1311578634881 18.027042931595 21.0494090122567 14.8978747997677 5.0765617599076 7.68619919319898 7.75036180115382 8.15673312521739 11.9742183211015 6.16650019563061 10.1941195852738 9.92096798617736 13.426563697082 16.0186573799658 12.7865208863212 9.23878933487578 8.40008275291692
-9999 -9999 -9999 -9999 -9999 37.4735898647008 49.1765025394835 60.4986779172849 58.9010355802876 43.5135561996358 29.277957787957 16.6353595625436 8.55263256597957 13.9401161506473 25.7041155865579 24.7917458201083 15.9085433293977 15.6698970919599 24.3613690872751 34.1941472273871 25.2864560994026 13.6551363691639 9.6800500087312 17.995175865447 27.9762751015401 31.3793379658654 24.9037963525856 12.1753957233614 5.94945619800275 13.5851217801207 8.42870032877143 12.2353963287639 18.5038761116767 10.734958612674 8.57705076395727 4.83911731922099 4.84248231543118 5.19803755460007 5.38122763318756 4.73412606605808 4.66244701383539 3.9645603963924 5.88539405460368 4.08964688765724 4.51140788020412 6.41274938118856
