IBR/IBR_outputs/all.combrep_1/EucDistWater_Total.FireFreq_2000_2008_Total.WeatheringIndex_Total/EucDistWater_Total.FireFreq_2000_2008_Total.WeatheringIndex_Total.asc
NCOLS 160 
NROWS 95 
XLLCORNER 210004.651214014 
YLLCORNER 7350008.22228844 
CELLSIZE 4999.99999999997 
NODATA_value -9999 
[rows 0 to 20 of 95, columns 92 to 137 of 160]
-9999 -9999 -9999 -9999 -9999 -9999 -9999 -9999 -9999 -9999 -9999 -9999 -9999 -9999 -9999 -9999 -9999 -9999 -9999 -9999 -9999 -9999 -9999 -9999 -9999 -9999 -9999 -9999 -9999 -9999 -9999 -9999 -9999 -9999 -9999 -9999 -9999 -9999 -9999 -9999 -9999 -9999 -9999 -9999 -9999 -9999
-9999 -9999 -9999 -9999 -9999 -9999 -9999 -9999 -9999 -9999 -9999 -9999 -9999 -9999 -9999 -9999 -9999 -9999 -9999 -9999 -9999 -9999 -9999 -9999 -9999 -9999 -9999 -9999 -9999 -9999 -9999 -9999 -9999 -9999 -9999 -9999 -9999 -9999 -9999 -9999 -9999 -9999 -9999 -9999 -9999 -9999
-9999 -9999 -9999 -9999 -9999 -9999 -9999 -9999 -9999 -9999 -9999 -9999 -9999 -9999 -9999 -9999 -9999 -9999 -9999 -9999 -9999 -9999 -9999 -9999 -9999 -9999 -9999 -9999 -9999 -9999 -9999 -9999 -9999 -9999 -9999 -9999 -9999 -9999 -9999 -9999 -9999 -9999 -9999 -9999 -9999 -9999
-9999 -9999 -9999 -9999 -9999 -9999 -9999 -9999 -9999 -9999 -9999 -9999 -9999 -9999 -9999 -9999 -9999 -9999 -9999 -9999 -9999 -9999 -9999 -9999 -9999 -9999 -9999 -9999 -9999 -9999 -9999 -9999 -9999 -9999 -9999 -9999 -9999 -9999 -9999 -9999 -9999 -9999 -9999 -9999 -9999 -9999
-9999 -9999 -9999 -9999 -9999 -9999 -9999 -9999 -9999 -9999 -9999 -9999 -9999 -9999 -9999 -9999 -9999 -9999 -9999 -9999 -9999 -9999 -9999 -9999 -9999 -9999 -9999 -9999 -9999 -9999 -9999 -9999 -9999 -9999 -9999 -9999 -9999 -9999 -9999 -9999 -9999 -9999 -9999 -9999 -9999 -9999
-9999 -9999 -9999 -9999 -9999 -9999 -9999 -9999 -9999 -9999 -9999 -9999 -9999 -9999 -9999 -9999 -9999 -9999 -9999 -9999 -9999 -9999 -9999 -9999 -9999 -9999 -9999 -9999 -9999 -9999 -9999 -9999 -9999 -9999 -9999 -9999 -9999 -9999 -9999 -9999 -9999 -9999 -9999 -9999 -9999 -9999
-9999 -9999 -9999 -9999 -9999 -9999 -9999 -9999 -9999 1.34432027640181 2.64609851756448 2.69700391545748 5.5284658159358 -9999 -9999 -9999 -9999 -9999 -9999 -9999 -9999 -9999 -9999 -9999 -9999 -9999 27.4173897284062 18.863299441347 7.43761310091312 3.41437600585063 6.52093877491514 18.1301553384213 31.7923865556439 39.4007821118925 28.5936544235081 19.9847901869744 18.661980847612 24.6176520678208 36.237152943236 50.1297657913831 65.6358497003379 77.4187308779043 71.3279199782666 65.9560117139687 64.1635679349347 66.1169520269018
-9999 -9999 -9999 -9999 -9999 -9999 -9999 -9999 -9999 1.72089264452491 2.83657208144338 1 3.37890562802013 4.76608618787107 4.63092426288131 2.32397667622702 8.70882398711998 -9999 -9999 -9999 -9999 -9999 6.38738262194166 6.54851441812459 6.68699006785562 15.7693482595399 27.5833513180212 23.9255757683799 15.5022451047932 13.1435132973867 14.642680367866 22.6365509296996 34.7827979454471 36.7280929906134 23.3585299330015 11.8377401533617 9.53521371604262 19.6575626269379 32.8526156668618 47.4937436679231 63.4204626724467 79.9120167385396 82.796712417938 77.9581134999033 76.3156935276982 78.1021967399274
-9999 -9999 -9999 -9999 -9999 -9999 -9999 1.11302362052834 2.01964971100872 4.56146915821891 8.0025467385727 3.0379618359312 3.30899610386666 12.0076071651961 11.7811821420424 7.9721205062775 12.4726248515977 6.30764952852439 3.79155581916245 -9999 -9999 7.57189319541169 3.08217264297972 4.57254535261975 11.2078367604626 21.1992324694638 32.9431785715241 34.2820268516126 28.3410233996851 26.6628409868143 27.123518090442 30.5647897173147 37.4679464049152 36.4738617865165 23.2130542008338 11.5625326847976 9.1960965587366 19.479821542762 32.7323547095653 47.3996880472253 63.3387153308666 80.5792022573732 96.200143865659 96.3245487567359 94.8398758339366 96.4532334934776
-9999 -9999 -9999 -9999 -9999 -9999 -9999 5.15438699972339 6.87494365634096 11.5288609773539 8.89867053472818 3.36793070376518 3.28097588096102 8.85218714314345 19.1292287823249 20.5262418147385 21.6628378991339 15.0760984767864 8.61599834368616 3.4437837146066 7.44295273979333 14.0240966878868 11.606928071174 7.99517369269432 8.01020418159417 20.0256629853933 33.829211387734 44.8768674692493 40.6229341001545 32.2454258936335 23.9804540439522 21.3809597787143 26.5456203892923 35.2059197078942 30.2008659371918 22.0200828878736 20.7810990707752 27.2850542029341 38.3224030491012 51.8200197548651 67.0739835317177 83.8799409919549 102.188293121996 114.917416110639 114.829173918333 116.324567380864
-9999 -9999 -9999 -9999 -9999 -9999 10.0484064085175 12.2488772877868 11.3855324548455 11.2986185064809 7.70039816616573 3.50360239582778 3.11419462684885 9.04964501501615 21.2695791334425 32.3644571477662 30.6789387102589 19.1985642763793 7.35245060565398 4.39592316337837 8.96022967967516 18.8531761033945 23.1900353762925 15.9221560348682 15.6691996512423 24.4077210178037 36.8540929686041 48.9086551670303 39.7250296929953 25.8390673575921 13.867579357642 9.08268768619786 17.7156120251134 30.5034905366442 39.460705656426 35.3927612669759 34.5559258069518 39.1932895599624 48.1377399333035 60.0977364950595 74.2961396480608 90.3525003507427 108.103262790824 127.093773118249 136.137468248125 137.80990329847
-9999 -9999 -9999 -9999 -9999 4.68125322669452 4.06736625065217 4.61056103800867 3.82364597641655 6.02153562442961 7.83009753348305 3.96540620321694 6.59699988690755 16.2531329048457 25.7341267268173 36.2285663224858 31.7036084547654 18.3857345601962 7.86526681722271 10.3927087212523 19.6305762758094 26.9546923971975 33.4589790371928 28.6624616337165 28.5064574771537 34.5044135197014 44.7457447332288 52.2653848399292 39.4260277065829 25.4212236031909 13.1394272166096 8.000064937575 17.1218529575059 29.5606704431637 41.4651719409857 44.9642107884192 43.0657006040368 45.646269122862 52.3856519965167 62.4119988986491 74.9900718785756 89.6809761150345 106.269124033758 124.660468178863 144.326406457126 158.688395592522
-9999 -9999 -9999 -9999 2.69211006985724 2.58957164807102 4.92454828631135 3.02588056900845 2.02157078817739 2.46921155398168 3.74928871106115 3.07972686059554 7.43752386220264 15.2362265625667 19.4347244822883 29.3476167638343 34.6559909464582 25.4241522884354 18.9890302780437 20.4333455766071 29.0199294044221 38.6504154241525 45.539165575683 43.0511634494101 42.9407456025005 47.5396121203683 56.0630036564865 58.1200754191089 44.2091052463496 31.7839440952446 22.5609714747085 17.972176967808 17.7051030434335 22.6301722149491 32.5126783489287 33.9138224043663 30.3306143149545 32.7980051732098 40.4751918786941 51.6589255211601 65.2573350847898 80.7612846648857 97.9718839216992 116.843056452134 137.395703240638 159.690179011679
-9999 -9999 3.34211860283834 2.30561935187867 1.8336760496415 5.21214611527389 7.43879844168807 2.59959249374911 5.96099389760407 5.26933899341441 4.92119039967851 2.88222534543936 5.61621085348077 5.80628061926833 11.2399585096779 22.1500982171294 26.5563311237172 22.1894545309382 19.7014209783236 25.0811301204021 35.1402280819669 46.033256870586 45.9834497117063 44.6487952107215 47.5873290219015 54.3789071583037 63.2920610749199 60.9696566460375 51.9907233119986 40.4479763087447 27.6978081223447 14.9807764550144 6.91382884447298 14.1535655105759 25.8284498272784 22.1849240085765 16.7353275166153 20.5437637622069 30.7075034946236 43.7213608230342 58.5148286344293 74.8098954038123 92.5606447041487 111.807529635997 132.625130707829 155.111652078687
2.59903791357794 2.63760218890513 2.85503676069593 3.94067200234718 2.59413611689939 4.49860027596177 9.07582395239592 9.0542184390689 16.6959207324948 15.7218500221414 9.89371298397223 4.9216486612396 2.9965055748238 2.79542579801758 6.41346013441914 11.7486404120489 15.0951871500581 12.1021315814494 8.05630629518576 17.6547840701577 30.7664443596243 38.1153328904088 31.8727989946672 30.0580038914507 34.3304160773673 43.3061583984983 52.3173826997423 47.5543827889929 44.2716068272004 40.8909913778044 28.365555388236 15.4733119874125 7.16818201087326 13.9823437321842 23.9112407584756 15.3609807225309 6.23181680466653 12.9886726357924 25.865721814255 40.1177691082081 55.5690570574594 72.258423413452 90.264355544786 109.682425520232 130.618041723829 153.186904383228
4.15835808364775 4.45451789811047 9.93916082864818 12.2345897334409 8.67788943445286 10.1635186818518 16.2213095007159 15.2863961692396 21.3572849357671 25.6256119833082 17.0118018439036 6.51770651152608 7.23153734113858 6.52390729794164 2.86421773598469 3.1571434769229 7.48346656428117 10.4646417240046 8.89795224255416 18.3077835764197 30.6973587889736 29.1510846304957 19.402329116532 16.5494808804613 22.9393520344285 34.2777692236611 41.6610261403076 33.8154880061365 29.5492292585573 31.389248810761 31.9774695474114 21.2799128972554 12.4543768745529 12.8487326467336 21.8121208295058 18.4046419609131 11.5319139722164 16.4374344319015 27.9123338985141 41.6038473277312 56.7681305127456 73.2884181610747 91.1861391398288 110.529513541227 131.412896541897 152.749443821462
8.09755404654707 7.70254512916529 7.4665080255261 14.5843572833637 15.4466616254056 19.5943239333995 13.3323408848622 6.02839220479804 14.5553230569681 24.2085750854087 14.6451122577646 4.60399095030685 8.28919694996118 7.70583250777224 8.04028217551636 5.55742318402703 2.26612597900432 6.20122341364621 11.6903724468008 19.8511205926385 25.3814209879191 22.8056723059921 11.6062758194193 6.40547259314945 16.6726653794722 30.0663338570231 33.6800254559582 22.517752813813 16.0806468031975 19.0738616473359 26.1902390223774 20.7327799051489 8.91328537251494 8.23076324958295 19.9903060554977 27.5493114687545 24.4704478566595 27.3377440855572 35.9061265849308 47.8448442399581 61.9647094447789 77.8255324481893 95.2848111989688 113.848707713158 128.924180345343 138.468802843034
6.00839870681242 6.9668776141005 12.834729389751 7.2317690756794 9.39330700655048 20.6902847353829 14.7354654860435 5.87299222884233 13.2444752793799 24.7452944103993 19.3079929056842 10.7829592160849 6.10397375201075 9.20998337010709 9.44450570902071 13.8390531731639 6.28703739207697 2.53770292531188 3.76731800869902 10.0654814522236 12.8381030286898 14.7142594152201 14.5024085636144 12.0630141577067 19.792505126519 31.9567601045375 29.8977512874303 16.5001063579149 6.21181646019765 10.9491906056514 14.1221989707081 17.8869768115518 17.509982862399 17.4502183281256 24.4850408932927 26.1214104332826 27.2595644316338 33.775198661057 43.7775888411864 56.033870613924 69.9588949158854 83.2771882241861 94.597822647457 104.356235038758 110.706128844662 118.698103858641
6.61318853429115 13.4819774549503 17.6674062346366 13.8096550753957 15.146139111517 24.6394441648098 22.0223447418948 16.7713210260424 20.8017844711569 29.9791864323564 27.6038885621249 15.9208897823718 5.36561030336865 5.46510972458719 5.45272116137149 16.2609665439992 15.0828627520969 5.96161975617072 3.4397340094061 2.75456510297211 5.02998695993332 5.39713064397879 9.69184653502985 17.9138666899861 24.4808356794646 30.9626479348833 30.7219880538871 19.9641098356317 12.4255583459779 10.2498551876337 4.25097253376581 9.23427124425861 14.0007359007305 14.8968859694169 19.2869568178816 13.487356036329 15.4372287387037 25.6149384346008 38.6526185480906 52.6822634512434 65.2479430103041 71.3671671920173 79.0791248205783 86.3952950265127 92.229701518859 100.755227031058
12.9488636524666 7.41790542787271 11.4753081271767 21.083477939438 25.7172578356247 33.9126017215213 33.8875166833997 30.2211728794995 28.0692862313964 23.7346226296198 23.9626301957817 21.3847767419687 9.84971702330656 4.90348829650105 4.11012252853908 12.7928483967653 19.9562091094616 12.4670787427482 6.13081580029217 2.91289905771998 2.56845557450953 3.51851692382481 3.58575815921292 8.13404149082267 13.5994221079198 18.3536641232911 22.2429264409664 22.1643652689344 21.7633957686211 16.5886212225621 9.71713889294843 5.08170910104983 7.05695391948408 6.21196247058627 10.2155946184422 6.8201686770642 9.69426045526781 20.5634527660639 32.3961188530193 44.9470050380858 50.6565797313545 55.883646552221 63.9503539987724 69.1274196473968 75.4542943053851 84.4924429161625
19.1909449352581 10.6011577672606 10.8494007884616 12.276283136781 21.3818666669534 34.1300132088671 43.7727179883036 34.4630768166163 21.5197198351559 11.6248602906679 12.5251810146385 21.2793664045655 14.3518408299113 4.22337633134805 4.80589425427214 11.416060699134 19.8804361706552 10.0701849548305 3.91326694187486 5.0271403693151 2.15881899437422 8.59909586505412 9.40014754805397 3.26572679031079 3.51634433894372 6.53489435508438 9.27092893369652 9.82792058953489 12.8430829199658 14.9177644671907 13.0304460188666 12.1867516031937 5.77085993088874 5.89795351968754 8.37054049531705 5.65959411373285 5.9446821496439 14.7377008292009 27.7151941487087 34.1677919669986 35.8236742189593 42.2400035692808 49.0351588274046 53.2576068223429 60.3881895186998 69.8786061631701
