IBR/IBR_outputs/all.combrep_1/EucDistWater_Total.FireFreq_2000_2008_Total.WeatheringIndex_Total/EucDistWater_Total.FireFreq_2000_2008_Total.WeatheringIndex_Total.asc
NCOLS 160 
NROWS 95 
XLLCORNER 210004.651214014 
YLLCORNER 7350008.22228844 
CELLSIZE 4999.99999999997 
NODATA_value -9999 
[rows 21 to 41 of 95, columns 92 to 137 of 160]
19.9359104291505 10.9388301661408 8.37086788202527 7.51654956500342 18.8444550808421 32.4105367040682 43.900423849899 33.4908355426911 19.8939178924062 8.49385260465169 9.64598422647117 19.5504442599254 14.3929544271794 5.54871076650477 4.29848147653125 11.0630504908335 21.154397593045 14.4499821362129 8.58267036358336 3.22150762844778 2.18395674282025 8.88428913312727 17.1451389339257 12.0460959773357 6.33905125513964 5.30356011093365 4.66231568296212 4.09127707663981 3.76982409116662 4.08475521198214 3.85296704541601 10.0825832225225 9.94956484411661 3.22903401092752 6.25920022146761 3.4145078402071 7.54358601436094 16.8985612089472 23.6529077660165 20.6035423585963 22.5732597952934 30.1144144130981 34.2796837159334 38.9755326481018 46.9142224913948 57.1479918432101
16.2210231680609 7.61329527650056 5.82273780225093 7.63408149672875 17.7765745765461 30.6282730637451 43.8698423407762 38.1344584670896 26.4569348369594 18.9602248177418 19.4218194562768 17.2201242148366 7.09500028788544 5.51639857631989 4.92366933111511 12.4131206595159 24.9814607531505 25.8993049965777 17.2151077890868 6.62465797829937 2.57819024242472 5.50637312630158 15.019931003558 21.3402318468951 17.7710417601031 15.6482945087368 15.1291976796224 15.3717246429332 12.4818434025081 10.0412664795062 7.19908477739794 3.57625307716823 5.15801401218365 4.07530608587969 4.60665809771865 7.62657864051922 6.99006621745953 10.7215983317202 12.5372411912224 8.5783092553915 12.1266085423851 17.8227155503224 20.5780108169836 26.3798088942477 35.3570020552228 45.1603898831252
10.7815844078299 12.9447071603722 8.81131589859865 7.79093046922797 17.1598322970932 30.2002617137636 44.6484520337095 46.9957495184053 36.716770817566 29.2606938863098 24.9282793444118 18.7193332737552 10.7337762335393 11.3012984001602 5.38482803149505 12.9194524891787 25.9824293608223 31.7702840637742 23.7244390388265 14.3813052289067 4.60925450162523 2.82853256772952 7.97104683463137 16.748441678029 20.5634952502279 10.475760401606 9.81013229838271 15.2686254490356 18.0859219987131 19.5306402686892 16.7287850947367 7.67154597808242 5.58389610329495 4.4480187286425 3.67238696976515 3.55349862352663 4.2134562718197 3.67495957318935 3.72137265665668 3.11278009968396 4.40555758153039 5.52665613005396 8.38364822111839 15.7783958328588 25.6557851472065 31.9662237738609
4.07722559804711 5.65853221885025 11.7697684713956 18.7702371320376 24.7233322279829 35.2411946097629 46.9332222922232 47.6102448580012 34.235263794066 22.4609613767591 13.8739759613471 13.4318296254921 9.63919172194454 9.1559240358121 3.9905995121137 12.7489975914551 24.4714190620445 21.4518361262588 18.4506511458155 16.8416970386735 6.51369151717423 4.20590594932022 3.94725561291106 8.96257913262451 15.5971909253691 10.7688764316771 8.50507404246091 5.37279135009925 7.66694843053123 13.2017994792704 18.6689891170314 7.51550836802568 4.43812253406958 7.83579272241453 6.35436363260305 7.4773912340804 14.1938087535937 12.9810191367002 10.4812391743252 5.61364326401622 4.41326334823716 3.45136708298181 3.6449065877739 8.19040633301753 14.6860922685359 19.4358604118772
12.5672621182998 9.55560570029284 12.7114926245998 15.4904519435505 20.8333016662289 31.0817008836806 36.1868190659105 39.3289727317983 30.3874727516578 16.982262686469 5.90397871848313 7.77569887589436 5.08211168470219 6.34562872759326 4.09531643285404 11.9136163352076 21.5476861814204 12.6202774123968 7.05630979631138 12.2680229285436 4.45386116959109 6.03852564715633 6.93080918925479 5.0302365621191 5.99199382074117 13.9715853835047 15.8548633040121 9.95567012151442 3.98343133546001 10.7516207389685 16.8164074232067 8.56127921369875 4.46729123166496 9.66206084457726 4.53801485673692 6.76111982005189 16.7059918162866 13.3014551768258 11.4603159804295 15.8971767211016 13.0183143894515 6.29825021837449 4.16185787485502 3.51944846977703 4.93117303181206 8.34558795626744
19.0422306115938 21.0958849385552 13.4207241866883 5.58198752072995 13.3167361528871 20.2105418495504 22.4552408136886 26.3120444169267 27.2476896717369 20.4645582167236 12.8620062937856 11.6621135322469 4.94308290811199 6.18434863483183 4.92893403984338 12.0151049327162 21.541835475953 12.1994007929891 4.08671916209113 8.38440888310511 4.62400725981473 12.0887747368544 11.0359865213386 3.52541499754396 5.62892429651424 12.4273951739092 22.1519089937826 13.9973279961316 6.77462357574287 5.57583072736314 10.720761191798 6.85085361724456 4.25504752668642 4.87027373447254 5.48887050302649 5.0199134165732 12.0734745385162 9.63070724233334 7.51593814576703 18.285922627676 22.8645209465237 13.1662952880265 4.13289792932953 4.01741892186395 7.63303587031197 3.82273406787529
13.6915429872912 23.051654881884 16.6858528222462 6.75103470704009 7.3495078703441 7.81993341060087 10.5918813471665 13.3534017331411 17.0208549668258 17.8589676938398 17.4581066127464 18.4272980728982 14.3137588503501 10.868769832663 3.53197978258407 11.3507517451857 15.9781661284476 11.977868447503 8.32692022355477 10.68185002356 3.37133523801884 5.72154715554855 7.01231820909982 4.90897389604121 3.93108809863526 12.2037077053165 22.5145292738927 22.9200906064025 18.1470538149121 13.0946381450238 7.09162480613893 6.48830259808496 3.96843662005241 4.06697700269757 6.70355205985032 4.18348245746841 5.49176309659911 9.57466811296234 4.88974706835954 14.0805171252788 24.9832562195633 17.3285854733189 5.26396650406887 4.1551724065054 8.18688687777652 10.2979569219423
6.59709908625327 15.5283993389171 19.1037205016305 12.5298474467456 5.54015609204896 4.85171277971564 4.46846667133089 5.86416500728308 8.8094723962241 7.51479966817635 8.84282299139102 20.2175871649648 22.0066595648337 10.176351635825 3.3765079244994 4.35008064969575 5.89017249004803 5.58760347841856 6.92881509312224 7.33992957699885 3.20275895124657 3.97976117946174 5.98796896278354 5.09759385113663 4.39978665144696 5.57305989531238 16.0364318634608 28.2424291429482 28.0980926427545 21.593581329926 14.774737186204 12.2091250479268 4.56812494687165 4.07879776946174 4.66270725504673 4.88425514079847 10.4010666821251 14.5136065451864 10.2765647296262 16.4738160479782 22.3199316460787 14.5898715354729 4.97793088660649 6.25293110106719 10.8691240730366 16.6225148274437
3.29435971180447 5.82255068956982 9.462110461885 12.7996982744328 6.44472650167969 8.74071071496508 7.21773711557017 6.18398702941558 5.57551731002856 5.63429072299802 9.6568460658523 13.1539669758604 19.1632463669746 10.3110241598654 4.31836722437189 6.11584155046203 3.56744801571705 5.63610919883729 6.67781492846262 4.62381272993474 5.34440875710027 3.15609152005715 6.20496694583081 4.48747194030919 6.4181357676879 4.81417129836332 13.5015334871814 23.0106343072284 21.6091400172889 14.0668834813987 11.5900271002388 10.9823623215955 7.50961535237466 9.13415470154708 4.18056059602083 3.69771893850602 8.44031799583606 15.6366258049348 17.1568755519387 18.478920334691 11.6061736293309 8.01758406467422 4.4152786786794 7.69422926822373 12.2928199446051 17.9429572894546
11.3312284146903 4.90242762492107 4.30444903091698 5.0709316321681 12.648524387914 15.9846224674312 16.9261923571541 12.4556383976691 14.6254141554944 13.8716788325064 6.91018402660986 6.47528161927751 12.8291055342808 7.410069529461 9.1991228508255 15.049638582735 7.6853362974252 3.41080180387155 3.6182486843367 8.77799697899769 5.91029806515233 3.99994368672505 4.77247532459563 4.59559502777059 11.1159521849091 6.00880752266481 9.065116861784 12.2217974100526 15.1021272476095 6.38165721257735 4.42098307434348 6.42342935030949 5.14944346483456 6.33229246770507 3.93823379576438 4.94660796282257 3.37760288941062 6.22710365183184 7.25211809901246 9.79028130579693 5.17438694584422 3.27761824299538 8.53770147951525 9.18403484253154 8.32919216811621 18.072892955273
20.074504956307 9.83840954689183 6.20011771943283 9.63421895593149 10.6407542583721 8.37565002868225 16.9656727461585 19.940333287151 17.7848956928631 10.9257718069503 4.06387119297246 9.38459452781687 5.77473723596114 3.24154375655021 7.42307028226558 12.2252008373095 7.88789184244054 3.28096867951871 3.29523686194638 3.69688985847375 5.86352427626847 4.15926492694194 4.40076341413902 4.52959479377491 12.4424797086213 5.82545370265761 6.0019267372068 5.73235290371732 7.21453124052073 8.65332268833697 5.88758417912193 5.74458883973178 5.73578400368778 7.81684734554021 4.38393055551351 7.96048829812099 6.73715718411095 3.83877976501812 5.62781267965513 3.96440612073519 2.72276537437923 5.9554106851182 15.37963505532 12.6288819941147 11.846896887214 17.8883488056363
13.9381557472223 13.9413310236393 8.65831125902764 5.51197525810941 9.93606317282062 6.98337542589803 6.53552299588006 11.3457557570627 7.63610314183438 6.11160181953244 3.92556402211509 6.40622674153459 6.94772990270496 4.06321030018991 3.12553496912127 4.6005748748125 8.94181838154585 3.84089973939471 5.29675511354056 4.10903500574979 5.81022609836765 3.36336021338481 4.74160931206741 6.62191425455637 11.90337927907 4.63090066415992 5.17442488949861 4.87579276797671 3.8904718034435 4.21641040760881 3.86257648258337 6.43883332712481 7.95304178758882 7.65205472363516 4.96798907299412 10.6837535543364 8.58039003146399 6.04503932779297 13.0481800596915 6.78960648801732 4.57931319546136 8.78693068154693 20.0114103165283 23.2814245911081 23.0799062973556 16.7786058721452
5.4282000709713 11.4916077318472 14.1335478830821 4.92577943765946 7.39306614407292 6.26304161851717 6.10540177474591 8.89704212048213 3.73774570923232 3.59057449128721 3.34656272142233 6.61355964978477 7.16861458180968 4.85972703282965 5.47861985884945 5.43732052652128 6.93039748314281 8.12575546785583 3.57542431341252 4.5386274727137 6.6381788286403 4.39387393230093 3.49640268420721 8.04290169497978 6.07289853282812 4.18740550957849 5.32076630262422 5.9743863234094 6.0430576721713 7.26856793378712 7.75917868514438 5.7495910556856 4.50725153449817 5.84824013287255 9.41962524356931 12.3313182646367 14.5564986039517 12.9450669873278 7.50921021903353 4.23020070095534 6.59966236889642 6.75736863085842 15.5347849308634 17.2806113633399 21.6522391632688 15.3091502248777
13.107635464773 11.8891255124171 13.3818046786288 6.80605669416356 3.95632161706897 7.42496137399722 4.97784326553489 8.8800046241851 8.08848949491056 5.86850326657822 9.15145790376105 5.81404856147346 5.17231918167045 3.90898146622175 3.9934878463165 7.53402490959909 7.05341894814541 5.16836190795798 3.96426359667335 9.20401690164893 8.85866750555497 3.78341153768971 4.40312754836087 12.8169715411945 11.4574003981618 10.9981963234246 9.82847367509949 12.0492555975547 5.54549438325743 6.81940099757183 11.5401324864419 6.44631713795568 7.45329892987924 5.41288836155189 8.52522657357484 6.04645890842513 12.1552238312524 13.4755851066063 4.52640068320075 5.54847558993479 12.4806666466343 11.3561963544234 10.8158398999907 6.27216025124939 11.2686929444473 17.5074496372234
14.6184583379508 6.88940070329583 7.3808416853566 7.34993476058507 3.5411552975601 8.56362744145209 5.58342717176542 10.8139160557642 6.11389690234152 6.81948929279641 10.2177538463683 6.80093544896962 3.56261914090961 5.16543704081818 5.74606615605766 10.7645207594036 11.4625130992617 8.84434289287079 9.01559306298913 8.19886680462899 4.58143430942315 2.94984532931987 4.99991979331259 13.2779572439941 8.38976084722522 7.20666862578211 4.93821452224165 7.40440420829187 7.17172126060088 5.18140606354255 6.76052587612524 8.7142396224913 15.6914739210306 11.9511422675748 13.1965265467962 10.2432368124719 5.23050058923521 7.92400034971058 3.67781616398194 9.50616276721405 9.99247324056413 17.0417221266706 12.1288053633894 4.92392695542742 8.96282258825283 9.09778154960562
16.9365497870276 10.310783764693 7.42227397474575 10.9736521104018 5.22895044998323 4.78959973893323 6.310232797016 9.33904640766104 8.37559309019609 6.48286314495037 6.86658553016453 5.64135348599954 5.93254240224652 6.04726269184872 4.25500828553047 5.817222638163 7.69832273315639 3.40177955986606 5.91503697126065 3.63079330292247 6.79695039178502 3.82419962690489 3.26099085398454 6.61491735164846 11.3282936207637 10.626746577589 5.32751790538291 6.34791788124376 8.25393922944028 3.515546229278 6.86163047032062 14.0816574701141 16.2042728717409 14.8069592811458 7.48356937093911 6.1903634946809 6.91420185844443 3.20598188018232 5.58757213442385 10.9386856472376 7.25136932800298 15.9333043661608 13.2148112337715 6.15889341861731 9.85735836298448 3.50515072690352
25.7800814866039 19.7759577536967 17.0001737651179 10.1148547254403 6.96951656498896 5.99556301266396 5.02177183218699 5.97237989161975 13.8214909035719 10.8426246550358 10.4513308461111 12.0286938116126 8.01242675820292 5.77554792623238 4.58603020078967 3.58029204559775 4.17092099541837 4.46037658896286 6.10994417774214 7.93634976829243 3.89809251989569 6.03633047305846 5.25590005036715 5.71827532689512 7.12839458584439 12.8764858373679 12.1129676218384 9.43553088096053 8.37635062120067 7.32350468635324 13.9811925275898 17.3624206438173 7.11371714985489 8.85821006733039 4.54972510775193 2.44509592813476 2.94011379799959 4.30121944707747 4.45373060997789 12.9600354365219 11.5530909734625 9.61789372241659 10.6675522641508 7.22803677497588 6.9586854723003 6.02497120192083
36.9322181758656 31.1467877726441 23.3354038139459 13.2720552344508 11.5408601535727 13.3335170947818 6.12132942782076 6.06933194632768 15.9379028225919 19.4195332713476 10.4133162469086 4.65359330883676 3.00203480197532 5.72684349503853 7.25730671953302 5.0527280916689 5.28369058540975 4.51670655738544 6.45370217241142 9.78684436506741 4.34021029778317 7.27679007785118 4.07383344996231 8.44863999586888 5.68001256210844 6.40121627572214 16.1174350534049 11.7967758241471 5.96890514359611 9.73045280232592 11.1953298196647 18.5236085599653 12.9808754301772 11.357732012498 4.15906913766177 4.89242673742391 9.46308156710969 7.95621185420184 7.98280635295386 14.8370573770619 8.67775117214578 3.59160144871898 4.61514050139101 5.11838890680629 4.13270941069421 6.06529483155435
34.9972925016762 26.8553031948401 17.2210819122991 15.0525999661192 20.4464522360804 16.8419206726682 6.6617627159355 9.13083303298013 9.33026390458556 16.730740649221 11.5844753876012 6.25649308610485 5.20018002279706 6.08645568058326 6.62010881105647 5.73666090253797 11.5852814533111 9.31234739631693 5.36635425611015 10.5982279867572 8.21679810896209 4.66283253410251 3.12503030093713 3.95307840648608 8.09175480244316 10.5912417424357 17.8448608394931 10.5984098423833 6.65487071965559 7.51266558235608 9.13454574637607 13.9375316965077 13.3930223485091 7.35615247304787 4.83760993958443 4.75651869308223 5.6650425212009 5.27733988978512 7.36424974836571 7.48894126075061 15.0570698067798 13.5241815523897 10.9877178862485 6.26416606592604 7.6494795188215 7.75907262573287
26.3448972514048 22.4165619683791 9.80977526580006 6.24853387527878 17.5369343935008 22.9907087399473 17.3482476542172 11.3003765522908 4.62363211686219 11.27552127824 9.30984183822344 5.45231067804404 4.95288437800976 8.98432570343548 8.310731652524 7.22012189388484 6.88348254099998 13.9013367599773 8.68386148255513 10.7559886347244 16.1044299783848 12.0368855989801 4.70722001620667 6.49234206878602 3.59564260100736 10.0285699868404 17.7139591351578 13.4448191759403 7.96100441740204 3.6342165615197 6.54687138139366 4.48062627136791 4.73706355823013 4.12080934736448 5.74510513744171 4.16318558868996 5.95333128702189 7.85490127486848 3.39017044299127 6.78544514776979 14.00742909733 16.1903131359288 10.4264581376837 6.87636605776135 6.17958430242777 9.46061862091843
15.744585807043 21.7945022141328 11.5931190319144 7.10104635440992 17.064465088748 27.2504379836309 26.7724030388847 17.18674485987 7.91486494607417 5.25387712101925 3.19850349916652 4.94746248698745 4.3045217999473 4.96978202339805 4.93177529463414 3.73000188359221 3.22224355871297 8.08586061330216 12.0124290178865 8.13147307654987 11.3733652677787 6.4841763321909 7.41692084371268 12.4142449833041 9.40336243671267 4.13310002154769 8.06084289041181 9.74362238121394 12.1154704850633 11.3418595923491 8.79873009947331 4.51138974055561 8.17642909739482 8.96669494636384 4.23441008929122 3.89278069060767 10.7756257781319 7.75122318265553 3.39765673031116 5.59470837217305 12.7264217573258 10.6516680398991 3.70700546406221 4.92959115521446 8.78329386291531 10.9578040485393
