IBR/IBR_outputs/all.combrep_1/FireFreq_2000_2008_Total.VRM_Total/FireFreq_2000_2008_Total.VRM_Total.asc
NCOLS 160 
NROWS 95 
XLLCORNER 210004.651214014 
YLLCORNER 7350008.22228844 
CELLSIZE 4999.99999999997 
NODATA_value -9999 
[rows 21 to 41 of 95, columns 92 to 137 of 160]
24.4171915750828 34.9748636471148 43.0537174458091 38.8630202505786 33.7397221772404 31.7498005717071 40.0969413941155 45.7655013242823 36.3912209539515 24.4359233462461 37.1491399992866 39.5409155871538 42.0135088477507 38.7135457872814 44.6340837953705 30.4524029237824 20.140977763915 24.3812587789133 44.5895157802072 38.7197822182518 46.4340711596832 26.9906783091413 22.5246520515299 31.8355730685291 31.8723186696349 35.6004077326182 36.3791444238285 42.091006034905 48.2409479525345 56.9867753089531 44.6585268941068 38.7246613138819 33.5075354371241 60.5443326327713 50.9447844187119 54.3846349792521 37.5424017942413 25.7363274266021 21.4221230628625 25.0755409808925 34.873885072225 18.5309512721247 28.3714308347807 23.8946492667938 29.2593102747182 24.2607999963013
34.1330850934046 35.684942406873 31.2346898627378 40.5035396002378 34.0643693418776 44.0591098079512 35.9070966670556 38.8407771351424 37.157771449406 28.5910182772888 21.3803125436513 18.4736205216353 42.0342288749196 57.9798968965584 43.7677450335646 23.1378404867499 20.7245392434092 19.6348395614861 25.2649667359432 39.5397389695154 51.0393737651202 36.3562670854549 26.3294184375558 25.0244730354631 26.3247179876212 36.3460115008894 25.7061250224176 31.1926197823031 37.1234829376595 38.7092664720133 42.0404195751135 45.5446578868429 47.5789614447089 55.1481777333797 87.9585583082274 38.4762182642713 35.5802840441107 29.1281946315645 31.9615222575757 27.5006252611784 35.7113401169139 34.8954561228514 43.8780322451388 24.1675234404501 22.9418564484366 28.1613930618261
31.9893423050713 27.8088344264523 32.6735241683322 44.0242925828574 47.5084653699367 46.0013868882519 42.1363775266546 35.6873782771465 34.8823694109314 33.5004507870666 22.0793060095405 28.3985546794101 35.6046624584113 48.1924331771653 48.2822266667139 31.1129352851419 18.4180740379326 20.7728417526849 24.8491571229051 25.7200519546514 37.933359245319 40.3957900076511 28.3413798132181 23.1422803775892 25.0522064898035 23.1954273867414 22.0128841255429 22.1025935226949 23.2155755740285 35.5807556858497 36.3505196830106 42.8758519331566 49.0890645446515 60.2227145583683 56.1374098928386 51.0107387629401 55.0078573258003 55.0192770047361 46.5200206336431 40.5294656291554 43.8285659819044 48.2122723112029 54.907899962979 21.9641122215774 20.8747354959157 25.930385516454
48.3241785140578 48.3559309574344 46.5371639158996 51.2827564583185 46.4885477393567 38.9447158890445 40.430341119737 47.3742129273095 24.5019533676 35.6712519822861 33.4423053328288 29.0634671599951 29.7405098362369 37.1429316220911 41.2497473854424 29.0179646930592 24.3893268492637 20.1154363135409 30.5956596752195 31.6618325667144 36.3645602828657 29.039344899032 38.7644638082946 27.6577011004734 29.0554680155561 25.751911542421 20.1026282387804 19.4455173094409 24.5324128693055 29.2120715535006 36.3913188854683 34.8919757709121 53.5213230465101 48.3377737748099 40.5620934626982 48.2331580846697 46.3942081293973 49.1104410194636 48.2459844937402 46.3844138923126 36.4163544104913 43.7697130043462 51.0973478519728 45.4743604345313 30.6458469241331 20.1382256808569
38.8375862438264 38.8052177627724 46.4173206087704 42.9207553484138 43.8423009342699 35.6812707191896 39.632174903786 42.1530749177365 32.9320586241913 33.4560979111577 34.8984759250961 25.7615157260699 27.6893878005118 33.3210016258089 37.1951465707147 25.693610556415 34.9924454966064 36.2361765652315 37.5822640746631 32.1365027305034 29.0652883866554 31.1533540284039 35.6260375245612 40.3770162786826 27.0812746550241 27.070643080598 28.548883531511 26.5085588892492 34.8966293244154 33.4419817196278 35.6767039213521 35.90490008659 48.3469223532357 50.4025882740947 38.02411849645 43.7721739282358 42.0728509722877 42.0789804025033 42.1718391562893 43.0078340342305 39.6872136245327 38.0504693002547 57.017896204498 42.078376873303 36.4303873035978 31.1310747245401
43.7689831316236 37.190434170994 38.0392920286288 43.8584591581425 36.9338444722107 31.2436505158749 39.777233466531 44.479867269647 25.9256461436253 22.123633286941 22.125817276536 23.2783102019202 34.8473173601809 25.0448403549878 31.9040746199767 26.4321430493244 33.786977351239 77.4254460368792 93.364693065645 61.7234813734272 27.5488401594889 27.0554774628854 36.4493631629713 43.8380784265833 38.7622780053752 39.2653568368551 24.2052329802051 20.9551211555132 38.8239309476832 31.2552097052417 25.1518436886048 38.9203284480907 51.3602744862567 44.4910854355788 36.4234389786298 47.2351264828465 34.2556762121456 37.2377680806948 46.5644341994257 44.0093137821153 34.208556485804 29.1201660790777 42.1001515817471 55.9526620408534 50.2880362197426 32.2084245501596
28.4395596619558 28.3856039218879 28.228359132236 41.3512742942349 32.2409837029543 43.0423004598739 37.522716237167 49.2059915446608 33.5150544506976 29.9096009845141 33.4462023850155 35.6629743901348 37.1381659821136 29.0215640109104 31.9164276141204 39.5654042238518 88.0318374757069 98.5371572259512 58.9632452735325 64.8155373073963 38.7112539594516 31.6480203279453 32.7512984647541 42.3211088304111 47.4265772737504 35.7257766891852 35.1061678342639 33.4611270532686 40.0873664569515 51.159660853108 61.0520331616883 84.5268874530274 60.1895892926673 49.2410736111274 36.1337495785529 48.7776561979958 46.3528361871356 37.2473819516746 51.1222657784066 43.0769435130102 38.1694681435167 36.5806564335338 42.9788246955469 52.0422518379685 56.1022850745748 35.9337355266377
39.8440053567938 42.1587115613921 32.9243042584226 31.4764025784944 37.8179681632242 40.8456077058294 40.35390972 52.4105505139567 54.2319685805326 39.7741474405064 31.9090260699066 27.0118907319061 35.5816008165156 35.6121258531455 41.5786691765192 48.3184325258472 35.3245430964511 32.1590455020043 38.9631838075271 22.3728145486914 41.4854613812193 44.6845717729276 77.9372019079326 96.0407215443098 71.0945771107979 58.2376499301126 40.9979243111774 34.1982872250634 22.9582255324872 22.5848631990314 28.6837185933622 28.2713025959004 44.28875857257 37.019723818133 51.5415065149338 38.2036649055801 43.8096813965985 43.582369768464 50.5946343443603 42.3305225194961 41.6330839167523 45.2463893779951 58.4984684778146 50.0834528238171 40.4294940739089 38.5432021369475
44.6998287709038 42.9646359359539 22.7799249073763 27.8885941683171 35.2666337605444 36.4221408148224 40.376719806846 55.1976524092386 44.0039647967634 33.3830269031953 32.6292815718165 34.8425452032154 29.7699679243901 27.7350889334789 34.6491573469695 39.9290429650792 70.965039552726 78.1304510773249 45.9528036931348 47.199681056299 58.4102817275962 50.5871557194056 69.2434528957107 45.0507392095243 43.4355184929413 36.1791163095458 40.0741543860505 34.9563824720096 25.088098746241 48.4045182751973 33.5004773053505 32.1980328372134 24.7398631362014 35.1388350458142 53.5239243756686 49.9229672316341 29.1256296480006 28.2243881360626 31.467579987367 41.5123441015655 44.3275859673176 42.4038811021873 41.5841385699748 51.0250805865962 53.3073165723364 37.4705165664856
31.8929609330089 45.5670035095878 25.7997875524252 34.9569685909586 34.9435242135766 42.2068379625293 38.4401739238403 48.6187543934609 30.6389340001771 26.0253790439261 34.120852643861 39.5787375001662 39.8257180580635 43.6939000721503 63.2506122257768 74.8779702777256 54.793968333943 48.3164026522635 62.3340798432067 49.4607241242872 63.8237508103303 58.2171591404408 46.2550317068708 40.3696586850517 53.2553188782143 43.1623916833612 42.5227996121985 50.8661260365399 36.691507738892 37.6550013131611 36.4385317723085 44.4768375009995 30.7141653409105 29.3279277971701 41.6094313453426 54.8697136481514 36.3864485923702 25.1578340517416 32.2851855141075 42.0146814525301 40.9265052225839 42.2922918963922 38.4542444426138 35.0089910537531 41.5597328250843 37.2193651200157
31.5662112532877 39.5967381399743 37.2341489468074 34.8696156169374 40.4898824739902 39.1239156076781 30.9745361430701 30.0416399963602 23.968535422041 25.5946725542267 36.2098959982944 40.2320941658212 48.8934008630509 94.5659700709512 90.9392385882639 41.3889804067103 33.247917353713 32.2618083157685 70.3621413165131 42.632488943004 45.426802480469 65.8679375428511 36.4063333439805 44.8433128941522 43.2538492881007 41.3584903748786 54.1181470029232 52.1188837579474 47.504404836376 35.1945439360702 37.0499679279432 33.0064154652317 26.1284438594073 32.3371785416978 29.9216279434706 38.6637573679198 35.0911214008591 27.1286733494379 24.9617818092317 33.4343499911891 43.1495575890903 24.2739569406655 38.1682858330669 26.5465067554826 26.1876487293318 37.4184711396565
39.9924515593434 42.650164687084 25.7725338583246 34.1898915118294 34.1949374424046 31.2109505582239 27.0869787653491 36.9161409262184 41.1947033494128 60.6069934378289 95.9512091671276 119.633412029022 70.8376391312346 87.5096103391456 57.6522164924416 50.166543118421 57.0305882099986 36.8238613833861 38.4712099435443 36.096284944439 39.6830052036521 77.8234921384067 39.919959210718 38.7214417901845 41.2259629117432 39.8603340679648 52.8165136941171 50.7104518126554 49.5551926209379 43.0837683462737 43.1305435408329 36.8166126068851 38.9770864992733 28.0516257559661 25.8552255990198 30.0767469801719 30.8014621869535 22.1136364527712 28.5753896234928 31.9337251273168 42.0140028097012 28.1496359824859 32.0684092224325 25.7410150989 22.2270620538651 29.2562282515267
89.6776150880911 54.9890575417498 24.8686559127154 27.2999870284744 29.3240367171174 36.2951931556072 35.4118262081286 54.5267143292067 75.2127751902406 77.929550838922 51.9909921225575 64.3989831304575 86.6464729940708 101.001178042239 59.0628278387131 45.2088827389498 59.5777711682557 41.4131269186906 33.8225697113644 47.6084244555307 53.3687380182531 100.456738290986 56.1947554563903 40.3927897759592 46.5783678606606 47.7692661245942 44.500763556936 47.123268056444 45.6565677163907 37.5199734500063 52.1500000436236 50.5792842271856 28.0167844942313 35.8785158847507 27.4248414633343 22.1907846531828 32.9235062393586 30.7565558083797 31.9829372581812 39.848626783047 47.403934121617 40.1182880179097 39.9345030182275 34.9318544011317 33.4581534692357 29.480894883016
84.4731078451857 45.9947092445126 32.7404098312915 35.7968560881106 43.8812431207537 51.3533480540008 80.4184352026358 68.4573706604867 74.2851860892505 55.9571244085107 33.0721522889484 37.8631552910445 87.4701650290711 108.661767123014 49.968013251969 72.4180224039599 51.2930923942303 30.3227171482283 37.1344479044446 47.5716802664842 36.3346702694491 56.7458398500604 58.2490764188943 39.5419395106193 36.8642994636601 34.5285057708105 39.1789684140169 39.7947772921311 39.1598485651362 41.5839241209322 35.8686722102238 39.9653820737969 30.792508547021 28.8404770239089 39.9060205676628 29.7775838142543 43.9824725495292 29.757041151391 32.9471858184763 40.0225087276732 48.4427676186467 55.76708976484 57.2236518801534 58.7330368087769 42.6021854061679 40.6178046994679
52.4394272549558 34.994349102433 44.2911593084218 34.5100194798697 36.6702055966018 22.4171483495093 52.7954937355187 57.1646979582224 80.5052105146404 63.4362151493572 35.7725198087268 44.9869202213271 93.5943418347061 67.6552595829412 101.87369330182 77.0045855926376 71.2913213844228 62.5843338943713 46.409071914457 50.9092110775951 36.868682560351 48.336796684786 51.8824718395459 69.8901321752527 44.4537576270362 39.2957465443678 39.1202940251011 36.9639838099958 38.2081324600403 45.9435782725671 38.2842162341959 24.3533975115597 28.7899803324377 22.9533038180262 20.6397617829633 27.077231108424 47.0067255603888 30.5108895336656 31.6796010014197 53.5056280056302 37.7653389837021 34.3191086815643 61.3862610822463 53.026082120281 37.7974179888772 29.8264330778758
52.4359076800827 32.9833869650103 33.6505601330285 43.8515325103748 36.6400626553553 32.9925638978027 31.9474707952762 43.6744980593222 84.9042136949195 41.2001312985273 37.9950360521269 104.031022811918 95.6509024387083 81.3355839913804 83.7816305735875 56.0357262321641 44.8868176523402 42.7699314730404 44.509136845931 29.4439642567826 34.6446439935135 43.0011550959978 50.9189346738716 46.2759943321866 51.9197006128981 48.0817528593208 47.630480234179 31.4984678123825 35.8846913098827 50.5559924039302 52.3197807609242 37.5829937208177 33.59026108059 24.7357108065954 25.6442611281543 42.9535379932779 38.2185179551694 32.058795407792 40.4803563836075 56.6560646363114 36.5329837749048 32.0460921188633 45.5983657908562 54.6547459809245 35.7164581233863 34.3571785508929
61.5485194968647 47.1644975058516 37.2644172515912 38.429730178155 35.5596176870394 38.3415477536786 42.1604088258509 38.86747474203 56.2463048050341 44.3034765123533 60.2885440908137 109.425403458718 98.753088749387 93.1318308274836 48.0431678028177 38.2744259596123 37.7958003608184 46.4940853701857 32.0474853626034 33.0906405849783 54.6384221898967 45.2367394467256 47.3473859417781 45.5577194356643 44.2935149446743 49.5356143673677 40.8700082010043 33.9694490880786 25.4811991552417 43.923211411142 41.4052828265111 39.7895846877367 26.6402072715986 32.0940673768556 42.7439281975999 38.2816111922534 38.7281562748711 38.976891993321 51.286137731081 53.612635137571 33.846959970728 37.8392143685133 30.824367077775 48.5537237566046 40.6098361320798 39.3408244871394
50.5834025755572 41.1844908849666 42.3142072119354 37.6697313164428 33.5177558089082 28.0183806945956 35.2154659471214 34.3573816415195 39.880534740462 61.0270977427674 65.0225563462225 56.409131474318 79.5889165890494 45.5272633495293 40.8802888795532 41.3827832640058 40.1746790221344 33.7969360731269 41.8879871033237 41.0516253897539 49.266380424018 83.3487893008448 43.0782196980955 38.4676534017766 41.2299146470477 39.6772960735943 37.8367423999353 39.2290809017005 34.1873856783587 34.6276595094625 36.7959916230299 44.073129891738 35.4743126796925 51.3540302779516 41.8594108541208 49.3716139792454 54.9012942958732 45.3146338235909 63.8638161362107 49.4759004818894 26.5802578955716 36.3744157359572 33.6837299182597 35.6024625832917 32.8683412324936 29.1392852195995
33.640869752789 32.0781728496361 34.6540757801525 34.4634245259597 29.4107923996893 22.2262610436583 39.8168754965412 36.2858633689552 47.4452718618719 88.9333427237501 61.4823610444279 46.2759400042533 84.0478160179265 43.0231697021391 38.3059584230265 43.2172900595676 39.6300368723072 43.607339219736 54.7669334853409 41.9301361310003 51.3797888915028 74.6875114797147 46.1540523969132 43.184320456742 40.5201677624476 49.356651039575 38.1166702476647 38.4082135053297 37.9462844495489 37.5578026731148 30.341290534633 30.5289764124796 43.7645520312812 46.9732708880831 54.3564424253394 63.2191362345041 52.6490597294511 43.9856945912346 64.6767683958372 54.1060008711986 30.0246019780844 21.2253275728012 22.7885458014936 25.069583924061 40.3547708413811 31.6012396705312
41.3639351808141 44.7447638741352 45.6503749213655 35.7687530685843 29.9622346950923 29.3339824911204 43.0787253112975 36.3419814395208 43.3851473618018 69.0178274336529 58.028807074064 65.9321673359378 93.4669317231802 83.700249998664 43.4121576473945 45.4534791318985 50.0297105802528 47.7153206469485 43.6788456891319 24.9421181431613 31.654027497598 63.6952108049098 50.7839944995233 39.5510580729746 39.7503329813323 38.8997865612633 35.7286594528215 36.7421544309901 40.97769366904 41.1577437977772 34.4468688862749 48.199062930373 58.3907934360242 55.7467492138133 46.3834774582888 46.2786076634025 55.1321345241412 63.886727468661 47.499070785912 36.4489133510009 36.650146346076 32.4031008427246 26.4404658214495 28.892232709122 38.1430235084296 39.9358153350224
32.7848926740728 28.5408179426438 35.6976795058626 38.092977645938 44.7600664692807 48.32047920211 42.1849174149341 35.91640710275 42.5905063406196 40.3964174351583 58.4465771259408 90.7260134734931 47.5881108650499 122.422111823444 43.2139508389606 37.6713839652288 40.4155085553585 42.3460974490141 30.9553675707214 40.2653447261296 37.8226258934898 60.6207182075238 51.3136215712324 37.3357263469015 37.3266893622288 43.1035633871765 32.870547252034 30.7530540565423 48.9066212086791 60.3287197418819 36.9138299259235 43.8030719357796 63.5352475534818 42.212147132649 49.7838997422281 47.2848395900247 70.7543938346663 65.3338122580591 37.3951057649765 35.6889821857025 36.8144555881304 40.004736418521 39.2642384000702 37.2095574252273 41.2251284658423 43.2058882840174
