IBR/IBR_outputs/all.combrep_1/FireFreq_2000_2008_Total.VRM_Total/FireFreq_2000_2008_Total.VRM_Total.asc
NCOLS 160 
NROWS 95 
XLLCORNER 210004.651214014 
YLLCORNER 7350008.22228844 
CELLSIZE 4999.99999999997 
NODATA_value -9999 
[rows 21 to 41 of 95, columns 46 to 91 of 160]
-9999 -9999 -9999 -9999 -9999 59.3096598179465 63.8758718324802 74.7840818817882 -9999 -9999 -9999 59.3747732691921 62.5014047051471 55.4731640330173 59.9619104175947 61.0412847223314 58.9906960730123 -9999 -9999 -9999 -9999 -9999 -9999 -9999 -9999 -9999 -9999 -9999 57.9956741867988 57.9904480934176 54.9683003541747 49.7202494378701 47.8583392818145 26.9797608647842 36.3333751702737 37.1192254886383 41.1728938903519 50.070734088729 54.9845071778706 28.3327491374763 22.5222002785465 24.3998465538994 28.3245106975193 41.220582361101 38.748422689921 28.35838037846
-9999 -9999 -9999 -9999 62.0010139670417 68.2524522989031 63.1097571562874 59.3234580038058 58.0346682477825 -9999 58.0462030603367 56.7261272399508 36.8328767294811 37.5348719691493 51.2890256181314 54.4173958357599 58.6078760741386 59.1425922460979 -9999 -9999 -9999 -9999 -9999 58.3046698065867 58.1214075918409 58.0146503764228 57.9938223859303 58.1151176223075 55.9462194728144 49.1316729191282 37.30210858919 47.2778101018626 36.3361563311171 27.6519668699262 36.3238859550511 42.0088401165883 31.1226319506265 42.0123193452233 37.1667554238866 25.7236556121478 26.3398708400981 20.1496676813913 26.9865454030132 31.8870360200421 34.8381559566804 32.7270367569022
-9999 -9999 58.0704110588538 58.3619176304013 58.7339041126895 58.1148329831192 58.5379179746305 58.0846081508018 62.5242088187049 63.2956002230715 58.0659743547572 50.5688031216716 36.1566350124554 35.3962647377718 51.8330932210091 51.7160041793362 58.4994803921622 58.1554030432071 57.9969638952663 58.2334433579577 58.1610600137278 58.3243594377439 58.0423325715672 58.2129000923287 58.0252384924125 55.9319710377403 56.983045203745 46.4375853954007 41.2969324332727 30.5957711383854 32.9480771770627 46.6993102407279 30.4209225629894 34.0492859690072 38.707972383489 44.5884692207054 32.5859894708358 34.0436156262387 31.1225758413074 49.1788343552831 40.3665830661672 21.3585603793699 33.3069525250487 31.2777513202453 20.226874446007 35.6208355302681
-9999 58.2569093653102 58.0612153778871 57.9954661354713 58.3928211862095 58.6168468050428 58.4764661020839 58.22958052524 58.9981212471821 58.2519627404032 58.0154021723326 58.7364975970843 44.6662009341261 35.6759674904152 50.2055990242994 53.9968808648626 58.6204390741815 56.9511500088673 56.9606591648866 57.9920353379287 58.258393720508 58.1405290477073 58.0384621606984 58.0176800942383 48.3479252053092 30.4229897568046 41.2308315667416 34.1007379196147 34.1792021914342 34.7073722829765 29.1614991200422 22.7259535248494 23.7801199942245 40.3454983051411 44.6577772679289 46.4398574892668 34.810254081715 37.9081566019822 42.0052401058594 51.0696770833953 37.1096637007894 30.4219765744323 30.539029018523 29.1991929295538 24.438559196405 33.3698511165627
58.1140147738089 58.0393028470067 57.9962306956976 58.02874978516 58.170082139083 53.4565662976313 58.283468498844 58.7021476304748 58.1939566510681 58.5871422993241 54.0670578535187 46.9556114320129 42.215685460702 35.499021707067 56.2132658867562 47.9988395403405 48.8176978995073 58.0333129020396 57.9708275180578 58.0461507136206 58.026970569871 57.9916406580077 57.9680899683599 57.9711083862359 47.3004802106999 23.7688050732829 22.5498503292228 22.5756235807015 38.0620220653154 26.1125058854259 31.2860296762857 26.8584518467646 29.0181074121942 30.4056318735726 42.9206542188293 35.6289879742059 31.8365511955301 25.0333496132347 36.3355384071448 47.3579939763406 47.2731365513161 43.7372309767152 28.4689396933127 38.0572112310715 23.3325384329097 30.6088194020357
58.4357898239101 58.0378849109904 57.9975579783324 49.1839748862989 53.105838512785 56.3843018044116 56.0920839073105 58.1755969251249 58.774478284149 59.2241315647554 47.9556010087873 43.1898435994686 41.5311242527711 50.9023426038567 58.2745952888193 52.3751719152591 43.0700469971167 41.2324471610994 54.9529757117417 58.0166901531149 55.926582690556 56.9882775420676 57.9837283642836 57.9588389311274 56.9636249925532 42.0232990281215 31.1293699841486 25.8817063452688 37.0936913456 34.529326877109 39.8036867517705 33.8301758553112 51.9754580014652 44.6105474591097 37.1517897293429 35.592382100392 37.9165799362789 34.8771615451923 36.3593291579689 50.1253379774281 44.6703065219233 37.1277652901756 29.7039100591188 22.5238380891403 34.9487933409504 31.8649802396561
59.107734478057 58.4404134943269 57.9895958347876 53.9133868165016 39.5187561702519 52.9712491108322 51.9875984523822 46.4368487175177 57.3333179542427 50.8157068269094 54.7638736297262 45.9737558119517 43.7158461109908 46.0750524650183 55.4722890855861 69.8896599982359 69.094845564564 55.0962262048737 56.0155652980243 58.4209874261262 57.9768578204838 58.2818041122403 58.2339306365691 58.0639937243774 58.0078730542297 54.9582323571752 52.2544589033408 30.4415008728708 34.4819121103972 38.6117469965381 34.9559240891776 25.5334834808349 32.6242595442196 42.8877757766215 37.2014740728744 38.0120629962849 38.0179059742743 39.6843777981898 31.1671938191457 39.6543647849748 48.2276299665738 34.0520043931977 27.6748031181359 25.7758726984113 24.4027058214781 39.5757288549057
69.6624601158123 66.9288914693824 61.841173696227 56.5159361338668 45.0189107521182 48.2009068264684 49.1375156734675 39.6304112497018 55.6351021643763 51.9234538101184 45.7101422952942 47.235278323979 48.5699707708144 52.3085519340384 68.1634632083466 64.199943913731 50.1471962742448 42.1112096676804 48.7012867343141 58.0902210088393 52.1559301558286 57.0713146529107 46.1758957774586 45.9939567275131 46.2204623803716 39.2903501592821 33.2211003745838 30.5461626481559 20.4550707884331 36.0892703103051 30.6024080759239 25.6903817186291 33.3306731832782 29.7392175640787 34.1280356088155 25.170590943763 30.6957212231665 33.491328939298 27.402835985699 31.8969918218279 33.405693173086 29.158060102344 23.6512544466988 31.119576421955 29.0124358287381 32.5863808763925
68.5539165523122 69.0413088970139 68.6864020477191 71.9170067497286 52.2421850330729 43.7013483339199 50.651226622255 52.0239123338065 55.0611914398959 41.5751144182884 43.0960151561881 48.2416781153907 46.4840044275938 48.2177114843064 66.5922229305708 47.4395932157398 33.5994225614557 37.4540285881859 46.0950339605625 49.7664339773723 44.7913995152342 55.0466552758534 47.1537830816077 52.3857618336665 52.6838148153207 42.867131030251 31.6775947328225 31.4432535522993 23.8427447799962 41.8765638150337 38.3068545793288 33.2154446606554 23.2691937681107 32.6975979567886 31.6218811998033 38.069414410463 33.7477483279307 35.4795296871119 25.8332505200915 21.9720880991897 42.983689446905 30.8610186387424 23.8736218083044 21.3434980724376 23.7581098213614 25.6832186252836
71.802393692662 71.3049693403173 79.755325515523 56.662753455277 51.8265614686463 46.0828964317956 40.1144935001287 40.5399295755058 48.2456675838817 55.7626392443403 57.3970570926541 43.7103419446698 43.935897344623 48.3757399275057 50.6254725902505 34.3704715934464 33.4266722549053 64.6508666737437 62.6267879134991 61.4308890815198 45.0213142919951 47.3230658989327 47.2489354401039 49.0603699225992 41.3124559470796 37.1251314708908 30.30943548067 32.6039148925695 31.8487580417574 72.900618344035 39.876408494951 30.2959877667971 23.3898118238021 30.7008628770792 31.1479731320009 39.1663746927797 32.3717622294811 32.2160852430214 33.5189608388093 29.7719680115804 31.9218775612187 49.3059908841532 43.5212997198107 34.2301848978426 25.9004404377584 34.0695590634844
55.4415177211014 73.6177519855774 65.6031708476587 58.2071156569463 70.8525318809831 50.4693230633566 53.4471571930115 70.3252484839605 51.0219938483132 51.7383158854116 66.1442009735166 46.4782277317338 57.8225112010942 85.6725207477718 47.9100552733532 37.481323671674 63.2219766687378 80.415399148399 83.952548813184 105.481114748162 50.0424340208864 41.0999734629983 56.5047323620595 46.9301746958463 58.2721050931739 42.746296800392 33.7336784541401 37.9305981755094 44.7082715783435 44.7496582633259 37.9987132085253 22.4676821731997 29.4453034774557 33.9419442048905 30.6656048854121 37.0631816016831 32.4118652277498 33.0125271075054 32.9337443322487 23.8423558004742 27.0116774253618 32.6476427004421 45.8710070561928 37.3284971635592 33.6465644046999 27.3990952014466
44.4455277839271 58.3938393090781 64.4954438418939 85.1066490273195 72.1812421392271 83.8972261878793 55.4626450451834 63.0944499038596 46.4416615339535 49.9674987286332 54.2009070014348 56.5429395161369 66.8206259371059 94.6579171706499 40.1322916253867 45.4326383871648 52.0480160741808 69.6114510365915 53.2909151383043 76.2084798135524 33.8636690110446 31.0985169588456 30.8015181001281 37.5593821569503 59.9146610536832 61.0867837162221 48.7299999901335 42.0725797682479 45.9219460491655 27.1243421885997 27.1941136021279 32.0962455733228 35.7056423662783 31.2904283333355 37.2424000317746 47.875298088304 33.3103683295511 51.8017478000055 31.4017445521127 24.2576731508241 47.9440327748649 60.3320230394006 48.1272633486176 34.1040789777321 48.239028144171 29.0974714487581
37.1397289587293 39.9087874519886 58.9802726218403 62.6879453793449 73.1923899465234 66.530255278304 52.2978948272501 49.8216141548527 51.5559087503579 53.1389279762337 52.4024731872459 69.0361238621897 53.527923665549 42.8060675309715 39.5330586738245 44.0564539936864 35.6776568905304 64.2246599481557 76.7386758551587 62.9681112363734 31.4796290556484 25.7639811625562 30.8908220379599 36.9959371220193 61.1939402129859 69.0615887983877 65.2861104557795 43.330793400324 53.9284173466076 36.6515069025937 20.1979192061266 38.1007444366562 24.088017166159 28.2262309178229 39.694668522409 81.6323202318275 43.5998565114323 60.1959632226088 41.9190240517831 28.4986980245752 46.790802481091 45.8077773932472 35.6295217978292 28.4160852813518 41.2682284403133 33.0018463211819
29.4715712138772 30.2156495643348 41.7408190981124 43.182708141193 56.0122784403113 42.7213891097549 35.2913358725874 44.4207314688916 51.0102023057445 53.3090307509085 44.0562894672007 44.0361906675833 61.0725003350497 40.0230371185665 48.3412123121606 58.8910329904285 40.6869886219229 68.7544331097209 35.6174669043186 29.3307943084908 37.9697638009605 51.5224290252826 74.8607447234053 31.2455927700571 58.7925421896625 75.8837344235478 77.7145041605614 50.7760880311581 54.9253407020338 50.3297737158612 27.2683185558332 25.8848533703742 35.7904795950591 35.3768799281219 46.2083074348142 51.8503614509637 39.5252371553769 63.1573949082896 36.5560013696134 31.4487502177129 32.9981263339352 44.7315558091554 31.8969013126383 29.7952408784733 45.6281216056949 65.5269214720117
42.1752325329588 42.1891522210122 39.6348459617864 38.8035965346307 42.3209221368503 40.5336611117696 47.9893639721249 59.1668398053349 38.9476720277484 51.4678480191997 51.2354254134226 73.6013100869595 53.0077105476963 59.1992187701686 58.8690841285049 76.2650994473654 84.2914026897128 54.5639797418035 36.6701693086429 33.4444682473312 45.5709037757491 62.7699523206896 67.4089740014741 34.59962818148 23.8057978383203 40.6053227861818 75.9949037456013 70.7715217252062 41.1967595021337 41.2170411851566 47.3521223779597 33.3000185878287 46.4825263612806 40.222806071666 36.7635261962215 44.6293828471801 51.6452264292556 31.0182031504778 34.0897620248847 39.1144739945173 40.5433147660721 45.6391954215322 36.4121664941389 40.4533789632515 37.3785635518633 62.2697930457352
48.5015280725099 52.7601460409314 45.1542605481263 43.4645777602917 44.2505871649557 33.6945220949581 33.4681512729531 39.7681509347211 33.3335895820086 39.1975158866715 39.038103052943 39.4255045791177 33.5025566658304 66.046083181647 29.1919346701392 65.9207494600786 63.8760013009746 48.276466911944 39.3152254691362 38.1631497861461 24.6143186843121 66.812803166276 58.4253832705047 59.6027387817192 49.0043605525879 50.0569192722589 54.6984405384121 66.7562399296822 42.1131817073808 47.672793895078 47.727161307286 53.0654151259645 64.8516536328435 38.4786629104486 84.6159445833932 48.4558222396621 52.9580393765434 37.9238270828489 34.2019827079131 31.3499490570407 35.6883280166629 44.736542111516 47.3822014157048 44.8028071501655 39.3451571233303 47.6133309836065
65.4727549319509 61.1087858553978 67.7339683604885 55.1777025748022 42.7468809361496 39.9414138721847 39.3980895464541 36.7135254146883 28.9957434006386 35.1965009960519 29.2156662843464 34.754907510552 35.9250804866912 35.0622867249527 25.3606116624766 27.3816538438593 48.0463089758414 66.4658827578693 62.1546370852728 68.9921068322563 80.713242280637 77.1468741429796 70.6163592096809 60.3657363589851 50.9706539681775 63.3701340947876 62.4930555055221 59.5901018716177 43.6010696272284 51.3575803919491 43.9503402707231 58.4526112261659 80.0905401531577 28.2577801160064 29.8217352438646 35.0819387158015 41.967182908384 37.2971836611806 20.2699205564114 33.4801088089254 34.9901577189622 52.1666581273921 48.3228959332855 52.0604200021197 49.7029564716346 49.0051894772311
74.8935262239983 82.9009810090072 94.2342681800743 64.0650796332453 40.5104051835362 55.9648575275075 37.729648881666 44.0528434878183 41.5001267492027 46.8111500201771 33.0124921577499 42.7587405061807 36.5326264179079 23.6404743226373 19.3707955492327 23.8474895989013 54.9393296221772 66.2509593282645 87.6729668219352 55.5176366737596 98.1360828287664 54.9675754924178 65.1397650295659 41.3462635281666 54.0498834418896 56.9174202040884 56.2929095019476 68.4142821674893 62.5188624810882 69.0876497499012 68.1148757572733 43.7641421597754 50.1701558879242 38.725556529024 33.9744642411075 38.5232545803797 57.4192168421445 86.6067500867869 36.9081318670241 33.4909102111529 34.1978754890644 45.6636553712474 43.0307630515987 53.2399884475175 42.9550043493177 46.4070344006931
49.0448429597135 43.5851030373234 57.094745358934 67.0569331482924 54.4242362187714 63.7760025700987 62.8898747096438 49.0022366767189 54.2352205339703 53.1798964243726 44.0864007793531 34.781948332746 35.3722505075024 21.2461682826066 21.1809087257104 36.6979805678954 23.8322593257908 56.3998931069029 73.91624737772 45.9034735327847 48.2863933002998 32.1610337936225 38.3884737342365 29.7137281029593 40.9435924260274 69.4351419556928 51.329011037985 58.4557121408898 69.1874011062978 84.3088726653339 76.1631689189147 106.460114662006 87.7657687359583 70.7919580835275 55.4032592326329 54.5506920998639 42.7375726675734 42.7822354009486 41.7882422522637 35.0642328781954 31.9856424760317 34.9413206181623 35.0113852211786 55.0140250140445 46.5313022840958 37.3808921672686
51.2304714310601 43.8891341465585 41.5252724589408 55.3298090511913 61.0793208700611 55.490480058301 65.4618660664472 44.0978880080898 51.5241722379504 50.6178925252747 38.8776803536942 28.4027506462015 33.7744357905758 33.1649550032132 32.2935458848833 37.6038226405746 36.9740505659903 52.6245928775845 41.1918025531688 27.8868513664844 23.7807179097256 21.8023049598275 28.3633924119651 60.6476337685588 58.9631203311254 43.3209095491951 57.3637659333365 38.5933083121274 49.5427499083846 54.9627466373445 69.9112798931489 88.2255819984694 63.8526741984258 72.5474100896055 57.0192655152021 42.4853061688795 40.4838099534803 55.3415040485467 44.291785471156 39.1006003583134 37.4192331879156 32.845848854638 41.4364077863632 51.1834604142309 40.5753925588246 41.40116801232
55.2054540481544 40.1286737996309 37.7820241629967 46.1833720167434 43.7802605677948 41.3814620105055 41.9412167198769 43.4178931998346 52.8716203980356 44.4255396680601 54.5407007221009 43.7221013434671 32.8171948697289 32.7038717231619 31.7740791536861 28.8120835841834 34.5261152729329 37.8765776030992 34.8492374837938 27.330013364233 32.1841175004913 29.8299171675631 39.7429405148546 42.6361685907522 43.8856557503089 46.4156791136103 50.577809138766 40.5353946088712 44.8784480237472 35.7854628894804 71.1066050669538 79.7916741884636 41.7331560393064 62.5004189555229 52.5575833506045 32.634690071368 35.9932131033453 56.9455932375233 58.8609234216026 41.6742268860299 34.4974907342264 33.6998787788713 33.657590036685 38.2130815064999 43.9069531160403 38.8408221342615
