IBR/IBR_outputs/all.combrep_1/FireFreq_2000_2008_Total.VRM_Total/FireFreq_2000_2008_Total.VRM_Total.asc
NCOLS 160 
NROWS 95 
XLLCORNER 210004.651214014 
YLLCORNER 7350008.22228844 
CELLSIZE 4999.99999999997 
NODATA_value -9999 
[rows 63 to 83 of 95, columns 0 to 45 of 160]
-9999 -9999 -9999 -9999 -9999 58.1298297768016 58.066804400366 57.2294579594875 42.5056446264041 36.0484712292741 38.3873006982287 39.8924731309608 57.0881997155553 58.0840087889079 57.9777605939483 57.958334196754 58.0096139080286 57.9598416301965 57.9516268949764 57.9514147087691 57.9497685733842 57.9678513822916 58.0358122013902 50.4957968145164 58.1213446728026 58.1036023923396 54.9870132849276 54.9607551073873 49.2056645968676 60.7994492780948 61.7910749988487 51.9200375651088 49.1952930117637 34.4374460524808 38.5986924212339 55.2206911653898 58.0400789536916 58.0251619756152 40.5416323159968 48.6254694476561 44.9908175663451 66.792776676444 55.2604095506971 63.3471870420147 46.5148421040983 67.8473713700647
-9999 -9999 -9999 -9999 -9999 51.7646692698239 58.5275846967477 45.1226900275057 47.2663235657781 36.1395239419071 36.2451095076073 36.2267372368178 49.6410254451963 58.3886716077181 58.0683643563859 57.9574754190072 57.9856878567018 57.9744526853894 57.9601457521897 57.9772112459477 58.1985040229519 57.0337535281871 42.8500525149664 42.032810114375 52.0094013844088 50.1109063274663 41.512207489428 46.6205910696485 49.1839785732886 51.5398895343486 60.0599568814029 56.7998356637579 45.2625866744207 58.2318482997283 57.3678126112695 58.3134158071963 58.2622572811613 57.9774850130052 59.2261414039103 44.5712943838464 48.17706218387 47.3142735150788 56.4110914084693 63.2123174757782 55.3467338199216 93.3415612236573
-9999 -9999 -9999 -9999 -9999 48.8630556142164 44.5438645027695 51.8749211590815 54.0488957987188 40.4074188580312 36.5566678572339 36.1481645349319 41.9425389833898 57.6403811953359 58.1398685681304 57.9791002565581 58.1109048125005 58.0048614584824 58.3482263062583 58.413102888834 58.0373858302558 58.8036958160647 39.5993446773436 35.5794134290771 35.6033527450173 31.1858143021794 33.7043542054659 42.5054574795101 42.4466133280678 55.0514387977947 56.605983622007 56.7965150153746 58.0141011456032 57.9896175485665 53.0816760110804 60.3274349262703 60.6119249829397 57.9913018966662 54.5514919810505 49.0029466515183 46.0394497889199 48.550261161485 47.7460614346258 40.3798538505003 36.4681792472646 45.0723580626209
-9999 -9999 -9999 -9999 -9999 39.9033338125225 37.8496026158589 41.0895003448058 37.2008473732562 51.0265184998752 38.3061087181601 38.7812397243743 40.8311834740145 48.6525095785276 58.2641485858098 57.9828609311104 57.9900725020264 58.0334283005596 57.279154087937 52.2247373726545 47.4001315203586 57.3574041813678 41.2622213889354 35.90451024114 38.0504362531197 34.8056804510367 37.393542970744 86.6625947688632 53.2563665185301 57.3018823167428 58.4107180809177 58.7166812729784 52.0330546275352 47.5735606413558 48.772672017134 61.0275923252267 60.6771084076929 58.2590904948054 58.8579282181157 43.924037205249 43.4055611410765 52.1721490119904 56.1555163981714 54.147319638073 39.4806944532772 52.5487974488847
-9999 -9999 -9999 -9999 -9999 42.5937774865139 36.2863752419883 47.0224534270266 44.6309735769433 40.5366002471225 57.9901278524009 58.6955063543691 50.8115012927829 57.2422617373536 58.4148128466532 57.9849718324912 57.9693571257973 55.9335370241698 41.3160092956892 36.5476177742791 43.2104737484331 55.8149469176082 42.5694067303696 52.0709154841089 40.4159976174471 42.3113473803373 43.7613679322841 59.2909951904412 44.3549783977954 46.0309045918129 57.052224872279 55.7152315737842 41.7079425515012 42.5766470748701 42.0512998966392 59.6080446523909 58.777959867143 58.3243435975335 62.6084555248863 59.6541569238373 58.5305813230144 57.4555918053013 58.5807275317556 89.9850687576145 56.013013828032 54.4113247148913
-9999 -9999 -9999 -9999 -9999 51.4959275668122 43.3028377578637 56.8647034503194 58.3157500559979 47.525895406272 59.1452799811014 56.9067310228254 40.7070941085566 48.7514849011463 58.3375542175488 58.0232204657752 55.9131147721978 56.9385598349873 42.8869570932042 45.3550982685394 50.5465207247415 56.8223149968947 53.8477021384546 46.1498696844054 46.6508110487594 47.783529101474 55.1044476374531 42.3187480995583 40.7164854071256 40.0593418676813 44.8779257879417 59.0214976792861 65.4667457019684 59.9622080646736 44.2569654365616 47.1444684396202 66.3205590452906 62.6362354267925 92.7196681419844 60.6762808482248 58.5345496584213 58.0716307250534 58.0953572709395 59.7820078134695 61.572652287988 61.3763088259943
-9999 -9999 -9999 -9999 -9999 58.6445181407814 58.4141398657381 58.6503214328951 59.3240700885955 59.0618284591013 58.8299906460449 58.978601614398 52.5882745272052 45.30103785639 54.2741430383419 57.9696208425577 58.009863538321 57.9867590488456 58.101442718304 58.2091611896251 60.5273745121805 60.8381516120795 45.5406962363756 44.0004048125636 56.9488420463395 43.3667785508758 60.1430482049625 54.35734436387 40.249431620259 42.882419406169 46.3861564033927 58.4401739320166 63.8706557266303 61.5370935346814 59.6034381789108 60.5328804465909 62.3165074404821 69.8110425500299 68.0245876105823 63.3299788986164 59.6398529411767 58.4483070150674 57.9833773781779 58.0145030796639 59.9850330555895 68.1748638946391
-9999 -9999 -9999 -9999 -9999 58.0443381572664 58.7046430503152 58.8737181529435 58.8606109050145 58.117557707191 58.8755667771967 58.9970806582539 57.4589072836499 50.7174729500063 42.3676538621074 55.9427951201383 58.0256251521602 57.9896798726654 58.2061607129518 58.251987147604 60.0528462818713 61.6278122019576 48.730394133206 40.0018826821924 61.2192164347197 55.6083631052818 49.5477425101858 55.4063597952813 37.9428573800297 37.8340028684873 48.2217881720577 57.5116479818776 57.7809261673182 58.5105363242612 56.9548485702769 58.7595927880054 58.6325443977518 58.6368263181345 51.55728349894 54.0854938193398 59.1295312963544 60.0938196158437 58.2574337751248 57.9765002200509 58.0846573241539 62.3010502567664
-9999 -9999 -9999 -9999 -9999 58.5315670658227 58.8292145088249 59.1335973427295 59.0564778315936 58.0095135841137 58.508342237053 58.7965585420158 57.6169260689134 45.9607258346793 38.2050839121139 51.9741003656418 58.0847085360286 57.9844409193506 53.9605814738411 54.2732782358555 59.0779205209072 59.3265665725364 60.1817271307392 54.4474385568999 60.8092326562614 52.4954292385919 43.1607152775009 48.7528540546541 43.6861628629066 51.3983046875092 54.8888242750808 54.6569447010463 44.0267047082495 57.4114942910615 57.7430947874255 58.2510436116247 58.4762411230706 52.7044035150112 45.5252773640327 49.2569958591122 57.5270346212796 58.8976855190429 59.4568181863146 58.3151341678203 57.9839947641766 58.2689295850088
-9999 -9999 -9999 -9999 -9999 58.5012287774607 58.0037324268037 58.4301933573431 58.7347322549714 58.3795656834177 58.1530366761405 58.5672499801193 58.7412233064085 41.9879168276158 35.8932688127581 53.9134409942867 56.0556539732289 54.9245495602712 52.967644716285 48.2899083324475 42.217820407998 57.5855610450256 55.4930862617976 50.377903798612 48.4630830092976 56.1910071313236 39.1282271719123 45.4732499286484 46.566174978515 42.8031899312717 56.8592998081056 59.6994971319861 57.379194014806 58.3468845141203 52.5948557417208 59.0155721560823 54.9025798613639 56.5271042400531 51.588918634218 62.4030671476034 56.4662298233199 61.5146913985437 59.3394192935487 58.9100905628456 57.9778001160354 58.004695164696
-9999 -9999 -9999 -9999 -9999 43.9374356612813 55.9278101358347 58.033037914781 58.0361607205478 58.0808491826858 58.5445846373813 58.2876411882076 58.6075508827296 46.2247649751151 46.0564726517313 54.9483683062172 58.0170329163124 53.9733548297721 56.9633299500852 54.9458891663556 51.2373466631498 54.4749824491287 58.1845224876884 57.1371280336379 41.710650482739 45.3274603041307 46.365869333767 49.5418581074349 57.5361824017803 60.0146395521714 62.4340644435641 63.0828786648579 62.1613461609426 58.1758931642519 52.7453262968084 79.0946848846962 72.594370124782 42.8705913227375 58.0424470696086 56.1277442006609 58.7249730437863 58.6412750204732 58.1887279359526 58.0072444241374 58.4808437115865 59.9880582254123
-9999 -9999 -9999 -9999 -9999 57.987241621575 57.9861961168868 58.0143115772857 58.2495790818827 47.3985380771699 56.0606128756337 58.4549495965556 58.4205619056386 58.1808533060777 55.4502923934057 52.1530913770083 55.0080338436553 54.9808987974665 47.3263105149736 46.462856309334 57.036971226435 54.1450818464737 43.4707858541067 48.2391712728777 41.5974542649982 45.8886621782916 48.3484349414193 58.1386825838584 58.7292767494066 60.1866216971734 60.8285937739481 61.595562594187 56.6116982770775 56.2206904456432 44.0476379959983 81.5188693811043 52.0555791709951 44.4719536536717 53.2672787848995 60.3165199777832 69.8712609459708 83.8966694728367 64.4620888264301 58.0681865831011 58.1275097765827 58.3204924003017
-9999 -9999 -9999 -9999 -9999 53.0841882966305 54.9107431544602 53.0116988532952 59.096239197877 58.22108011245 57.997277007544 58.4944445641168 56.4679446026192 51.0858654402771 49.4539628793356 47.6763624194068 46.901009296868 44.6024302694724 48.2752777080083 38.7673327189697 37.222772852308 50.226175134546 41.440053574824 48.1093794782065 57.1597595094071 51.9956452133481 59.8055061314119 60.2744863080998 59.5469551462731 58.5225983504231 59.6888481342764 50.6532358745409 39.882366431064 59.2777759609527 56.1860433968356 77.6279188145122 63.4916231027491 49.3999759919575 59.7092631261162 53.4520683768626 60.5453781044976 78.8852653673464 90.4978830787471 62.2351078381083 58.1117100926551 56.2215723196988
-9999 -9999 -9999 -9999 -9999 58.1314749938797 50.1954975340913 58.1623010945514 58.4458214784622 58.0769511040516 57.9943500093309 57.6170269591307 51.839329642303 35.9432234460313 48.2259046845895 52.4280155656713 49.2010971537114 39.6482331742235 51.9740974312946 51.0629497689857 50.1045429686193 58.0352924077343 58.0558317020065 57.1776225814658 59.1921836054493 59.2952606976947 59.3551689136989 59.942613342608 60.1423797165868 58.5968803078362 59.4279643612426 52.9113835298053 43.2545193472015 66.0928580776066 61.1899030244345 68.3795569173359 74.2906421199487 62.3097134638655 70.2881734469127 58.6908533700409 58.1480599481975 60.5442187279742 91.6713189201146 85.4302846818736 58.8644472276821 58.4934451687523
-9999 -9999 -9999 -9999 -9999 57.9655749041876 58.0784884291389 58.1158961147325 58.0818916359576 58.1083658338128 52.1033990282718 41.4195983327673 38.0131631911747 43.474392569886 46.4050015973599 54.2195980731811 57.4836724576993 38.062618133308 44.5948923797655 50.1311996568554 46.3718740424855 48.2311164023606 45.5754182954196 51.4037258555079 58.3732755497365 58.8067907847003 58.74411359615 58.3290961046669 60.2844785088507 58.4534255685258 58.8466406142589 54.6513787672032 47.3115149946654 57.022217913513 63.6004327521965 69.171151243365 75.5151996092338 94.9663823242777 84.9263771476876 63.8027674605553 61.394500933284 80.958888746879 77.1669374707329 84.1158528870923 61.4267834490505 58.3501096428267
-9999 -9999 -9999 -9999 -9999 52.9244137468821 57.9538925698657 54.9163673299962 43.72618488177 56.9338397438847 57.1776270443059 54.048699527158 49.4236229279996 56.2956276819469 58.0377535143474 44.7905127921486 43.1578952344751 54.4507191473328 55.9602721989476 53.0803569343316 42.9054491842623 46.4320596273188 38.9971598701726 36.5733734149888 58.321359444033 58.2586526092078 58.3690596587475 59.1630420570652 58.2190245958776 58.3634721886266 58.9633578523745 60.1581798539588 53.6342977649295 63.6478390601084 64.8395293946753 69.4537345467184 50.5753772696161 70.6267228083839 66.6003206133429 73.8611545110516 69.1207087612471 63.1866640682844 70.976017616238 81.4171074868924 74.8259250663025 60.8141101477635
-9999 -9999 -9999 -9999 -9999 40.5623129746424 56.8802906712483 57.9614644762699 57.9575622184748 53.91666195435 57.9606157151035 57.9671912676471 58.3172340172993 58.4115437931232 58.0504598297528 57.214265015476 45.6068629156975 57.0222058058331 54.0300202186846 46.6046662640153 49.2257916772692 53.1481725838394 58.1512594178874 51.090489376917 58.0939029970968 58.0259739722458 58.1039767576886 58.1933953164112 58.2572582177202 58.4050547329807 58.4338782636781 59.0135267445665 59.5153391289014 56.3088564917246 62.6211431745007 61.9360270693424 59.7675314528674 65.085733562894 54.8302703167694 51.3784898780216 96.6755559181985 65.4459286466978 64.6136088092979 64.6920483187284 81.5404126295936 68.0488163950168
-9999 -9999 -9999 -9999 -9999 -9999 48.772563358108 58.0950252013079 58.150841827552 54.9139551936507 54.9368894936265 57.98976048519 58.0113408845755 43.8252701067115 43.7549788948766 50.1911964419063 51.2727027962777 42.8986669821566 58.0420586196761 46.6435240181349 41.531947767988 43.8711618552361 56.0313777245423 58.0306396286081 53.0806974868863 57.0220830348359 58.0150216494636 57.990621709709 58.1967427242934 58.9799103121601 59.2570878769023 58.3842607515775 58.9489219735561 56.9612907603339 50.7096417500521 56.4383567592784 57.0816009471371 48.891081584944 46.0880850418794 47.6946699492269 70.7306956846887 63.2994027160176 58.9444648991332 59.8366341251474 79.3974632821258 80.4207128252664
-9999 -9999 -9999 -9999 -9999 -9999 -9999 57.9963060550594 57.143215195847 56.1276330012696 57.1449949437897 58.0451136506738 58.0080523231816 56.5204787205064 57.5148855343793 48.1971817782324 50.0840344772811 58.0020929670236 54.0066341386345 56.0412307788961 41.6165521686519 39.1652968537949 41.2437278742925 49.1971856771622 58.1485543721103 58.0409285278499 52.9559577834356 46.4337113111005 58.1058915348019 58.6056686186298 58.6326742059256 59.3701830258025 62.9881600507079 60.7229305056728 61.494871887233 72.4738119589317 59.6968640359575 60.3267938243805 56.1216874056737 55.113537197584 64.3867939462667 69.6829662417119 59.2008902190635 58.9542475165413 61.4939465751317 74.6409658476693
-9999 -9999 -9999 -9999 -9999 -9999 -9999 -9999 58.3292996549694 58.8616061910391 58.1485891473713 58.0320815148105 57.991358759209 58.1452940809916 58.9479844682354 57.6354987417897 53.9934871815765 56.9505441369999 51.0259670023977 57.0007438135373 48.5292032538685 55.5323609758866 54.8632402321992 49.5456782326543 58.6368588396533 58.073802809317 50.1294129290918 46.5990639633331 52.0494202026561 58.066427406144 56.3954533657943 59.4184480632361 59.8248476872713 69.5740041013637 62.572078984342 73.0218569384838 72.1182247526236 75.7632473501026 59.6997318901629 58.2399112137685 67.4564914744193 65.8515009004005 81.7214270187488 63.8875937314515 61.5353908985308 77.3459113911734
-9999 -9999 -9999 -9999 -9999 -9999 -9999 -9999 -9999 61.0490653231564 58.7461489531663 58.1462809277388 57.9818404144675 57.9843473382895 58.2805569051396 58.1255814008471 58.320291009815 57.9790217280742 57.9872414860268 57.9797702581874 57.993462574559 58.2442186474714 58.8088989268202 58.7426876099928 58.4354287586297 58.1892126303783 58.0502675675921 57.1072455050667 56.0115919745886 58.1574161455143 58.7571344793345 54.4983864698575 59.4734846602605 62.5913476786244 72.2180908650553 70.2920205140064 60.872958628234 59.853462691824 59.1933100311533 58.8489160085251 60.0765105897381 64.7442821369528 64.6136749671413 70.8304404720644 65.9681793737498 78.9692601001691
