0,32.6662354198488,33.0065100604021,31.9117295709213,42.9839630726424,41.5364990758454,45.4839262193591,39.8846479766264,63.4445703250991,62.6601481096172,88.7655495299049,58.6052740524398,59.6718920918299,56.7279359447268,69.1816975515742,61.0943227037313,54.5545277635407,56.3261411078113,55.4228214907646,53.3075043911864,47.2783523918489,45.9695855978848,45.5596120512765,75.5640637170317,89.5638187470944,99.1043166558622,87.0777892912077,86.4485474479497,55.1611806582429,55.8793463934879,58.0579422137029,64.9922791678341,74.2006620067885,45.0692664269223,58.9889304407257,59.9251745526264,53.5506933193644,84.8599452433807,83.120123898601,82.2857948458597,87.0283162884156,89.8733286610528,93.8914935505484,92.8936814967204,86.3169207003376,86.885702162016,86.8084877510735,86.567774602,85.9133181106097,85.1291966908159,86.2604473718257,54.7301424577413,54.2043330713309,54.3746028995895,51.0621464823085,54.9055500505988,51.9084018705689,53.5822990135446,40.8234438972844,43.5948358508616,44.2058948656442,42.0944284833647,40.3945835112065,74.6644949201423,53.3940161128933,55.8552945644166,93.2113969031386,94.0880846855359,91.3531555536487,87.7850766138739,84.9848152640777,90.6844410304615,84.8482351085878,87.0048222014415,86.2962375553311,56.368229157864,56.6529342640831,93.6055911359667,50.7705939670042,52.3249714664068,58.5526829016546
32.6662354198488,0,36.2076917066345,30.4508332298566,37.66508518043,42.8225264098526,46.3119661020085,38.2856699417041,64.0913136673707,63.3105925922788,90.297060525395,59.2867276757969,60.3458551029493,57.397040018152,70.8764937130657,62.7300422786824,55.6741091839111,57.4712438800493,56.5378939268664,54.461900006404,49.2589075158103,47.9862137292951,47.5947976848518,76.8196352661798,91.2212565636948,100.744247069056,88.1585668784768,87.5819333648768,56.9632141618479,56.4911189694526,58.6605206658954,65.6308699976951,75.8444418688622,47.1141972060358,60.6043432416028,61.5395587146279,54.2504339204935,86.4264246125306,84.6902521228952,83.8518912252615,88.5758260716295,91.4198245313935,95.434560007237,94.4358196777167,87.8626322584912,88.4381204324905,88.3564871959261,88.1174500333679,87.4619964487293,86.6774430803641,87.8155726674307,56.1610703854615,55.6635859495478,55.8565265150084,52.3798222831502,56.5929371915522,53.5928477571123,55.2258276594619,42.7364607027997,45.761327689324,46.474211592216,44.4183967139041,42.8605991546335,75.6980385188325,53.9501540541686,56.8082487324598,94.7971330321761,95.6780988323195,92.9411663588503,89.3712554593543,86.5146558125756,92.2145871528307,86.3892107170358,88.5465574273237,87.8148538094364,57.6279218377354,57.9278798419325,95.1215084287734,52.2835435727476,54.7736989724569,59.144815782701
33.0065100604021,36.2076917066345,0,39.502715418033,47.0113251576862,33.8662114151063,41.8399250973398,34.3125066887948,65.3199102340642,64.5224306333205,90.1303016268018,60.5893365761033,61.6493062066256,58.6658667548044,70.6023316877949,62.4433667438378,57.0832452792002,58.8336256213318,57.9330684663347,55.8281722502131,49.7167701347578,48.2368691699819,47.8992968554998,76.66519722359,91.0654545131488,100.582642763605,88.1524758923609,87.5156974061885,56.7933850099785,57.2686136118789,59.431983543352,66.5666783463972,75.6650679834146,47.1527946883465,60.3013842065681,61.2233658969324,55.5871868499551,86.2511349128819,84.5150442100749,83.6780388167913,88.400441564568,91.2454182266288,95.2596590752735,94.2619489697704,87.6924792817726,88.2671064647253,88.1866545983746,87.9466545658924,87.2923332657833,86.5070677402167,87.6443742847005,57.2735081275198,56.7696510749403,56.8947289998993,53.642754064566,57.2938419403151,54.3392068331352,56.0551763170584,40.5005036094362,46.1345612683887,46.72639089728,44.76478881867,43.0326633415712,77.093047096286,53.1183760729607,56.7931970865077,94.6265675253814,95.5077429479951,92.7705536305217,89.2004126917209,86.3454753089489,92.0449224160203,86.2195216559023,88.3764838841706,87.6470025803147,57.2133814775263,57.5442448780224,94.845505699271,51.2498995261473,54.11684343298,60.4069701746154
31.9117295709213,30.4508332298566,39.502715418033,0,31.6636537085568,43.6271032866189,45.7937568040841,40.282657374717,59.5263295098558,58.7598205827351,86.2387545932466,54.593052002749,55.6606791411761,52.7575049398062,66.7564356136596,58.6784791432666,50.3507614044387,52.1770674670629,51.2371777122622,49.1522730609332,44.1703731542607,43.0762997553884,42.618678630067,73.024467734086,87.0276637576981,96.573437355288,84.4057335213758,83.830489525009,52.643363501306,52.4802110756139,54.6688168144957,61.4067783455306,71.6863987556334,42.3894083037432,56.5872729294104,57.5354471539705,49.49495215226,82.3412370453507,80.6013673446613,79.7657613210337,84.5095505063337,87.3536579960825,91.3722494971719,90.373485872943,83.7933412019964,84.3629611734905,84.2846300739984,84.0448134405081,83.3893094592598,82.6058394214683,83.7378948941732,50.8528898465313,50.3338459227487,50.5812013885204,47.0142465844235,51.4894358746688,48.4444532025648,50.0257883753514,39.937988019803,40.6262363610965,41.3902160558318,39.2079596051181,37.7311504082159,70.4909403066706,51.5579044715031,53.2032721806833,90.6884651484215,91.5649872499535,88.8302824419853,85.2624040833868,82.4602273231565,88.1602989884005,82.3241957695334,84.4811411915001,83.7703464607885,54.0615491507689,54.3189138898326,91.1775810809028,48.9829684775724,50.3910650757354,54.6134990166718
42.9839630726424,37.66508518043,47.0113251576862,31.6636537085568,0,50.0342839147161,51.8286389697197,45.6150357468606,64.7771686643619,64.0161052010711,92.3489307354668,59.8682154185247,60.9284841179469,58.0247256045172,73.0036553216087,64.8765182079672,56.0480753330077,57.8999115110813,56.929583430834,54.8848192016849,50.7008352857894,49.6205239611409,49.186151563308,78.9048940180128,93.2450997782328,102.775933907512,90.1368605381086,89.6078673647508,58.9820890023726,57.7580638367564,59.940620362093,66.6843812865052,77.8919885247834,48.9435474191257,62.7684355786579,63.7157436925534,54.7839903417857,88.4811753955555,86.7444074139279,85.9053729523926,90.6333724091395,93.4766137327731,97.4922958228046,96.4927379138289,89.9156102462242,90.4909361280013,90.4088434212959,90.1704553124588,89.5140996494071,88.7302646808821,89.8681725230149,56.8636610290536,56.3754362282363,56.6406045191896,52.9148726020113,57.7399455946142,54.695642177479,56.2408781152097,46.3454960161628,47.3328054519913,48.1770165946174,46.0665784253856,44.6928328012237,76.1007471673126,57.112506281372,58.8406665820029,96.8447911980931,97.724954952132,94.9885442021108,91.4191059412604,88.569002621797,94.2693376385518,88.4424363279133,90.600029457682,89.8695789067237,59.9636120670383,60.2301937258881,97.2758994333497,55.1017375677315,57.2214424676409,59.80937912837
41.5364990758454,42.8225264098526,33.8662114151063,43.6271032866189,50.0342839147161,0,33.6845496613952,31.6113321546847,65.7505388644022,64.9405291809664,90.0614265327828,61.1159035347002,62.1706308717473,59.1514162608115,70.5918475183003,62.3610952832349,58.0774605485715,59.8101143702721,58.9118327004977,56.8157066090172,50.6588486886809,49.0347155334539,48.7620691635879,76.3339611829943,91.1305083581113,100.624969319466,87.7976234651848,87.1517661409801,56.9900392331243,57.2512460097924,59.4014337812167,66.7195457558479,75.6942084357232,47.7915956336111,60.1827559926242,61.090782616769,56.1599364138389,86.2082691464751,84.4758386958995,83.6361911735635,88.3388576152845,91.1837921208905,95.1941816448283,94.1965648639725,87.6342273453738,88.214596504073,88.1309588133946,87.8916663377984,87.2374681062467,86.4510862459766,87.5943404337749,58.2815398341577,57.7963070242939,57.8838371986168,54.6807806290803,58.1739632487821,55.2562875479894,57.0072290817361,38.6632694306226,47.1818330596308,47.7720521917943,45.9402495623802,44.2062673819054,78.0028845165368,51.2808301193537,56.3014187115834,94.6071550114512,95.4927257724828,92.7533252201865,89.1811667645558,86.2725938333512,91.9718676306248,86.1570746273853,88.3144075595371,87.564396590769,56.6144771263797,56.9942477427542,94.6534515556173,50.2624850351838,54.5808952005275,60.825567692833
45.4839262193591,46.3119661020085,41.8399250973398,45.7937568040841,51.8286389697197,33.6845496613952,0,34.0378449986338,65.2719308413837,64.4499543271624,89.0793581286307,60.7199929435344,61.7709266285088,58.7197809951705,69.6673656858464,61.3673875565511,58.0658696977579,59.782967756443,58.8875402805952,56.7974514201584,50.5920603867791,48.8488574250925,48.6314454244461,75.1001771385867,90.2742007376038,99.7473573090861,86.5457634146304,85.8885858310887,56.2605015819607,56.3654483217276,58.5047573715144,65.98758289333,74.8044717226536,47.4721862206943,59.1542069029183,60.0490407126558,55.803746929055,85.2506494273079,83.5216643597248,82.6795290742394,87.3636071022527,90.2085060237408,94.2152636285682,93.2177398844779,86.662136379318,87.247905606916,87.161274058464,86.9226442590621,86.2685652474988,85.4811308995404,86.6299785903132,58.2723563835689,57.8017595615588,57.8577000675681,54.6993338097952,58.0520472180176,55.1659297548149,56.9468968561027,36.0226378811634,47.2079016995886,47.8031720500215,46.0760044814195,44.3518301406273,77.9234856642104,48.3890113126306,54.9147778050229,93.6715802265815,94.5612812968034,91.8198036866967,88.2457499994227,85.2867341268134,90.9858409805975,85.181037549614,87.3387174978148,86.5693836870954,55.1039222715787,55.5350332113091,93.553458551069,48.3522850383278,54.1818721879798,60.3441188281467
39.8846479766264,38.2856699417041,34.3125066887948,40.282657374717,45.6150357468606,31.6113321546847,34.0378449986338,0,62.8122865751787,62.0070928834517,88.1604966036096,58.2061716794961,59.2537754319967,56.2322460252628,68.8643979112739,60.5896728616592,55.5414398159892,57.298997894412,56.3730390701099,54.3120566710316,48.9055092487372,47.3665438965208,47.0856379223109,74.1933213207579,89.3308416475758,98.8126967173654,85.4546350897328,84.8738526760125,55.3124687508633,54.3043930814201,56.4438871719266,63.794379990038,73.8912296948354,46.2088617522096,58.4004489702558,59.3124927935545,53.2649166295329,84.339465610221,82.6100504558552,81.7665690963605,86.4542607443016,89.2980100714453,93.3057092625221,92.3069608725239,85.746317708968,86.3325800316555,86.2448469478523,86.0072860300506,85.3518639424356,84.5653682831988,85.7146460670614,56.0295794018035,55.5656291558169,55.6825802946495,52.319933382258,56.1881109996246,53.2565084325375,54.9608453848583,38.2500283035472,45.5450107078503,46.2225140195581,44.3804898029551,42.7672243923532,75.3947665682324,48.2630969632234,53.8268050831259,92.7527747277553,93.6418412501648,90.9008586324086,87.3272517986808,84.3711052864526,90.0708012831151,84.265053296542,86.423152986441,85.6530809773234,54.5565328221935,54.9411637181924,92.778069889512,48.6974446393584,53.495370667733,57.8305712252189
63.4445703250991,64.0913136673707,65.3199102340642,59.5263295098558,64.7771686643619,65.7505388644022,65.2719308413837,62.8122865751787,0,25.1139029883083,95.7651177990382,38.4788052050005,38.7352427316961,32.0391073801336,78.0069563919098,69.4464212046361,55.4672050240396,57.1933598482997,55.9474057828703,54.527785482596,58.096281917727,56.9700945578663,56.7213021004732,80.1699588774009,97.7941698508656,107.174536894833,89.6031506176844,89.7305588884995,64.7234729472287,48.9228320208511,51.5617354940321,52.2255300800837,82.3495894598213,56.2964611756269,67.2164890086042,68.184232335267,36.4348040015811,92.2349987273618,90.5310877453204,89.6525611889911,94.2163162117192,97.0479617926733,101.034087523275,100.023529620401,93.4692493012076,94.1074988609431,93.9824692500565,93.7616048828912,93.0934896422347,92.3074383742569,93.5097537937907,60.1957960362056,60.1908979195333,60.366547396718,55.3325141438405,63.0087520943025,60.0553883178739,61.3783804128978,55.7035351020469,55.8072441762723,57.0359172766791,55.3879476289086,54.4477409004151,72.4970827055033,64.1265000997308,58.6026456104445,100.764204064856,101.683031438846,98.9288091438534,95.3430803720727,91.9766863454329,97.681094053166,91.9520063275304,94.1174491886627,93.1726805202984,62.892568014276,63.0273566108782,100.881577349113,61.1674040164073,66.3245636043099,40.7012174408903
62.6601481096172,63.3105925922788,64.5224306333205,58.7598205827351,64.0161052010711,64.9405291809664,64.4499543271624,62.0070928834517,25.1139029883083,0,94.8457821786621,37.7903837446143,38.3891080183117,31.6587030847909,77.1263575569024,68.553499869205,54.7622835875427,56.4819087780006,55.2405283761159,53.8170379841344,57.3129771078768,56.1745305408065,55.9298256750359,79.1935058762718,96.9081612788516,106.283845554452,88.5865841258423,88.7289405487078,63.8689965608963,47.823229750795,50.4829234894276,50.8595511680677,81.4594912338673,55.4874568019602,66.3194842897323,67.2871465611859,35.6330478550656,91.3249462318014,89.6219840388845,88.7423932207399,93.3013537514406,96.1327144134434,100.117968946687,99.1071452777023,92.5537022826264,93.1937188542055,93.0675133277618,92.8471047259675,92.1787081949616,91.3925572630075,92.5966844296634,59.4588132916203,59.4522456672506,59.6235129256217,54.6085312276787,62.2392778713548,59.2892664518734,60.6182985184013,54.8572057490488,55.0222714578103,56.2472612494879,54.6040488645264,53.6595316065461,71.7840529846087,63.2612445673312,57.6105058117312,99.8591770344409,100.779131103728,98.0243807179336,94.4381692968422,91.0569933081497,96.7614953041495,91.035214972007,93.200864694571,92.2500504378879,61.9566305066451,62.0883764964412,99.9628451324004,60.2836643082397,65.507515346652,40.7064856148241
88.7655495299049,90.297060525395,90.1303016268018,86.2387545932466,92.3489307354668,90.0614265327828,89.0793581286307,88.1604966036096,95.7651177990382,94.8457821786621,0,91.4633523500194,92.5375119649525,89.3293636134153,79.4131057565168,68.8917985798978,89.1103129972516,90.6107261435397,89.8669863138595,87.6455876902088,79.0256663870555,75.959325764353,76.4921988591109,88.8359907515692,82.1827591890408,87.8316310628853,105.75599120489,103.94437047592,70.204835148909,85.4469307756147,87.7023293712251,95.1371531838055,69.199756582324,73.249113618648,67.5161326253845,69.4736234116827,86.6778893301696,58.2455891028997,56.9141409352331,53.0677969929551,60.6064983795776,61.6663350055272,67.1864983860473,64.2943454520044,45.0804390732541,48.5512998413805,43.2814039410186,47.5341318848336,41.3490849279543,44.4317305436377,48.673235379263,87.9729126029186,87.5698912193531,87.1636467307484,85.1359985146373,85.3188084722307,82.9939211750256,85.3178027706305,76.5493614266775,77.1333455134438,78.1276164395184,77.3362754804446,76.154461285093,108.911089154505,88.1766450905825,80.4333058423613,65.4653532008829,68.0063535608893,64.6774848103259,60.5828347632544,47.7871606316978,55.0261275637327,42.9405796741788,46.7633943517967,52.4418948982486,78.8835317616757,78.0635870858316,100.157402732503,79.4373176570931,85.1400363036323,91.2201316745377
58.6052740524398,59.2867276757969,60.5893365761033,54.593052002749,59.8682154185247,61.1159035347002,60.7199929435344,58.2061716794961,38.4788052050005,37.7903837446143,91.4633523500194,0,22.4091480300133,25.4601327391666,73.5030451973146,65.0227375462159,48.963402896516,50.6500044035067,49.3680928345843,48.0475318762743,52.8894386365302,51.8613411148187,51.5882526350664,76.2418527941511,93.2916245492725,102.70150052919,85.9073694788684,85.9566706000553,60.033932171624,46.3457118828845,48.9236586174665,50.4937472063848,77.8781495575843,51.3027848984529,62.823318679603,63.7955049822997,23.5524811076042,87.8810580607453,86.1714772021058,85.2988237777446,89.8916574611518,92.724650401017,96.7161538512366,95.7068070981961,89.1461979691909,89.774249797899,89.6557921602197,89.4325584526745,88.7657168343705,87.9805080176707,89.1723475434067,54.323105948296,54.3846817186287,54.5703138903863,49.2964752770635,57.5473838422238,54.576476784257,55.8365638051078,51.210153060421,50.6678703617405,51.9430785423547,50.2770142151121,49.3882514507559,65.4222598013794,59.9330557938891,54.9376541673741,96.3788989177201,97.2909819765451,94.5399706593932,90.957175471981,87.677961899906,93.3819897863881,87.6361879155314,89.8005392125792,88.8909801940639,58.8607450757186,58.9954601284917,96.6167538219191,56.8737114668675,61.4886355028691,39.8910191946035
59.6718920918299,60.3458551029493,61.6493062066256,55.6606791411761,60.9284841179469,62.1706308717473,61.7709266285088,59.2537754319967,38.7352427316961,38.3891080183117,92.5375119649525,22.4091480300133,0,25.1873900638168,74.5833878734693,66.0989567791412,50.2414411777259,51.9422915872634,50.6619374817812,49.3275685951913,54.0117287355858,52.9770942194654,52.7048410171052,77.2968604663688,94.3748952199389,103.783311174635,86.9533054505349,87.0048942232888,61.1252609213996,47.3072300169485,49.8819551792048,51.4832481386132,78.9594000266906,52.4100675724824,63.8976334024837,64.8692547926468,26.637811416296,88.9572399732815,87.2479116947064,86.3750415329896,90.9665411424368,93.7995065603876,97.7907550583389,96.7813887885213,90.2211823924979,90.8496554550927,90.730946688224,90.5077860998173,89.8409250561504,89.0556560810544,90.2479302401167,55.5198280459732,55.5712366183811,55.7591107582692,50.5099027668342,58.7010688005992,55.7303506529029,56.9960957607697,52.2683109142503,51.7805440667894,53.0511219216197,51.3843528397642,50.4907122792928,66.8139426894029,60.9621056861688,55.9678416773154,97.4566026625488,98.3689876115013,95.6178279195746,92.0348972823125,88.7519039781526,94.4559321049588,88.7108686931161,90.8752554120879,89.9642125467865,59.9081211081051,60.0444608199963,97.6855955041502,57.9268690245682,62.5773113972042,40.2742966006896
56.7279359447268,57.397040018152,58.6658667548044,52.7575049398062,58.0247256045172,59.1514162608115,58.7197809951705,56.2322460252628,32.0391073801336,31.6587030847909,89.3293636134153,25.4601327391666,25.1873900638168,0,71.4624773996783,62.9465192426407,47.7687307570727,49.4690887777362,48.20294119907,46.8417104833332,51.1566030757752,50.0861281345094,49.8238550855121,73.9423070819594,91.2481733481277,100.644840798563,83.503333211105,83.5884644508919,58.0748834172622,43.5258270651264,46.1331790158263,47.2980088986751,75.8211537978612,49.4781068072725,60.733817188299,61.7043016624918,25.693370521121,85.7708845849809,84.0638634525083,83.1885205651,87.7682605639031,90.600617196461,94.5897067146326,93.5797833684867,87.0219264005659,87.6546106897723,87.5331501477824,87.3110140336219,86.6435653377297,85.8579956166158,87.054592348624,52.8678485449158,52.9024620989485,53.0829590053026,47.9098254971341,55.9194674117616,52.9564672191446,54.2432424302638,49.1791009336282,48.90789176568,50.1636717350965,48.5061390204759,47.5958590268207,64.4517906318143,57.7812838308898,52.5357351081764,94.2827832534537,95.197910692368,92.4454537652875,88.8613377779224,85.5426725876058,91.2468865809159,85.5086349287085,87.6734904648141,86.7479640820775,56.6191590145074,56.7524688039381,94.4693132548507,54.7525296446493,59.5997554523159,36.6861060584713
69.1816975515742,70.8764937130657,70.6023316877949,66.7564356136596,73.0036553216087,70.5918475183003,69.6673656858464,68.8643979112739,78.0069563919098,77.1263575569024,79.4131057565168,73.5030451973146,74.5833878734693,71.4624773996783,0,41.5607268250012,69.8779793513919,71.3492920505451,70.6525934508129,68.3618785429667,58.4855074745313,55.1358736658972,55.7752460847502,76.2305475174082,78.9361631705726,88.3359939571505,91.7944236440859,90.1770058061274,45.9484531354178,68.4895348162668,70.7167236755359,78.0564126417946,61.8557173614844,52.0225298789789,43.2050824414545,45.0614241311751,68.6118068545726,74.4074044671159,72.6000391221098,71.9232793661611,76.9702232948627,79.8812527385706,83.9537430830031,83.0208173311067,76.5389834576082,76.9370559289418,77.0032190272508,76.6822094516664,76.1041329035664,75.2919448525594,76.2515413986599,68.2148978926433,67.774643744672,67.3150174055552,65.5674628673785,65.0657483404475,62.7771907936228,65.1925115301353,56.8157226487183,56.6231667641224,57.581354175634,56.9279788237974,55.7233358644821,89.8868542980545,69.4705699993912,64.0532229989191,82.7099402858347,83.528385195673,80.8096502971697,77.2569272055978,75.5701460704823,81.2444681783701,75.1841575780077,77.3081405122142,77.1756859410231,61.2954353271159,60.6658537902841,84.7695768264985,59.9830850966461,64.2254384252176,73.4013522175783
61.0943227037313,62.7300422786824,62.4433667438378,58.6784791432666,64.8765182079672,62.3610952832349,61.3673875565511,60.5896728616592,69.4464212046361,68.553499869205,68.8917985798978,65.0227375462159,66.0989567791412,62.9465192426407,41.5607268250012,0,61.9398154942856,63.4328117722837,62.7094219703079,60.45410103974,51.1502301842206,47.9530082029705,48.5159475880131,65.7789795737736,70.1394493303757,79.2004603749982,81.9315097347296,80.1849770508436,41.2676556468755,59.5926878983134,61.8217047572948,69.2503844642882,52.5188677149181,45.0113957149714,23.5550718662479,27.3069172145465,60.1726216511036,64.011694099284,62.2518960782073,61.5728940561729,66.3410415745481,69.2750785559998,73.2890692650866,72.3819609924384,66.0716354301828,66.5200055682049,66.573722651085,66.2400162138567,65.6883260582323,64.8470732682572,65.8603925792763,60.5590519076308,60.1292756914824,59.7160130085582,57.798212730001,57.739102900126,55.3990269217219,57.7484655211016,48.475181490908,49.1810075484026,50.11859645868,49.3835810462327,48.1492436516554,81.8609984750103,60.8256581156479,54.6651971512114,72.6992479993622,73.5740483997222,70.8242430331142,67.2431515940635,64.9493643368475,70.6108955763077,64.6765672359203,66.7964747417328,66.4706563436857,51.6593355837707,50.8889216199447,71.6599000908586,51.1962986648885,56.6690197885087,64.8455909670326
54.5545277635407,55.6741091839111,57.0832452792002,50.3507614044387,56.0480753330077,58.0774605485715,58.0658696977579,55.5414398159892,55.4672050240396,54.7622835875427,89.1103129972516,48.963402896516,50.2414411777259,47.7687307570727,69.8779793513919,61.9398154942856,0,25.5825342123994,19.8833793961898,19.9908740751097,44.4276538288599,44.0722741946627,43.6945938002594,76.3829195224057,89.5796006117592,99.1925342232624,87.4868947626369,87.0625414655339,55.0966660476351,53.0942748684214,55.4274071359756,60.3331305040394,74.3944449338798,44.3870860887545,59.9552973705085,60.9663943362007,43.0169791862178,85.1835668245206,83.4358113545786,82.6016215653693,87.3910409971015,90.232372577802,94.2603763152331,93.2584168854134,86.6525438123286,87.2126735094978,87.1375249018134,86.8990747319112,86.2399569836422,85.4609397128339,86.5829583969055,38.204444138785,39.3274965019111,39.383156550672,30.9359405341277,46.0074172681507,42.9972357092812,43.6710946970301,48.4609416397297,43.0893770047692,44.7901533121558,43.1593854343472,42.7078920475383,50.0213478291238,59.2131468621791,56.7436002539228,93.4669309985137,94.333497299678,91.6042779436275,88.0413881206184,85.3471197329214,91.048945503751,85.1908165925078,87.3481121224428,86.673588256429,58.4966452732556,58.6055209698358,94.5877979120283,55.0890731973003,56.1809192800688,51.5004475218993
56.3261411078113,57.4712438800493,58.8336256213318,52.1770674670629,57.8999115110813,59.8101143702721,59.782967756443,57.298997894412,57.1933598482997,56.4819087780006,90.6107261435397,50.6500044035067,51.9422915872634,49.4690887777362,71.3492920505451,63.4328117722837,25.5825342123994,0,20.6474188386809,16.3674605360688,45.779588593647,45.4098363416023,45.0562691327489,77.982230431316,91.0235323725595,100.645735119931,89.1238429733279,88.689298910051,56.5019638980764,54.8309133804685,57.1656190541357,62.0647937288092,75.8523243708044,45.7600960205905,61.4590011297317,62.4737208824269,44.675277306668,86.6718176808203,84.9225259934149,84.0896163881363,88.8871478931442,91.728633130277,95.758179380771,94.7563266872437,88.1479708421152,88.7055503701072,88.6319110868489,88.3930317107602,87.7340128949681,86.9553741839136,88.0747598976747,38.3041264924295,39.959289117983,39.4628402307875,31.6167741164884,46.6935117587904,43.7930420955022,44.4470056511952,50.1137346669953,44.5695068633713,46.2960919169357,44.7104514482284,44.2763465366138,46.2735234956706,60.9183208249207,58.4102885207145,94.9457313995459,95.8104392059365,93.0821397659395,89.5200892165415,86.8488580484374,92.5506839179208,86.6880836681327,88.8451683596594,88.1796038742426,60.118053993459,60.2210393121519,96.1193013951334,56.7137855784211,57.725348796621,53.2844661493486
55.4228214907646,56.5378939268664,57.9330684663347,51.2371777122622,56.929583430834,58.9118327004977,58.8875402805952,56.3730390701099,55.9474057828703,55.2405283761159,89.8669863138595,49.3680928345843,50.6619374817812,48.20294119907,70.6525934508129,62.7094219703079,19.8833793961898,20.6474188386809,0,17.4311603660775,45.2791608467801,44.9005704716565,44.5339943699387,77.1165598616039,90.3477378635559,99.9592066324199,88.2017171012092,87.7841015835843,55.8792682789655,53.7303707880133,56.0680326293234,60.9148123656883,75.1620006957485,45.2053230256161,60.7235424529477,61.7348835803986,43.3759455575928,85.9437808665642,84.1963631593127,83.3617547140943,88.14949246635,90.9906975322754,95.0183991554823,94.0163192186247,87.4106554803556,87.9714391503068,87.8958396165987,87.6575772652207,86.9983295821574,86.219295190668,87.3419827602459,38.813217373903,40.1132682502387,39.9511440549522,31.8606476699536,46.6976704298502,43.7314524206385,44.4159913705425,49.2686166248026,43.9606800361369,45.6586172564518,44.0416858529231,43.5841787406326,47.8332346338548,59.9892773807472,57.4604901398488,94.2287995359954,95.0957599299252,92.3663608234226,88.803306501372,86.1037208046321,91.8055915911736,85.9484712700878,88.1058503931306,87.4291013904597,59.2457809119479,59.3536982804585,95.3466972468919,55.8684289579709,57.015593768373,52.0455492537987
53.3075043911864,54.461900006404,55.8281722502131,49.1522730609332,54.8848192016849,56.8157066090172,56.7974514201584,54.3120566710316,54.527785482596,53.8170379841344,87.6455876902088,48.0475318762743,49.3275685951913,46.8417104833332,68.3618785429667,60.45410103974,19.9908740751097,16.3674605360688,17.4311603660775,0,42.6930811305966,42.3446932821241,41.9845233004931,75.0568533284004,88.037329778617,97.6625944484594,86.2230510930063,85.7803140661082,53.4949482635133,52.0221662229713,54.3529480485341,59.3058169458431,72.8691879749844,42.7121353493289,58.4835324942047,59.4986826264051,42.1102279668349,83.7011289027352,81.9512395504895,81.1189577082991,85.9195490861282,88.7611816791869,92.7912931642679,91.789573623749,85.1805696134703,85.7370689264264,85.66412931409,85.4249946753838,84.7661165594207,83.9875626543467,85.1058390552437,35.1537001695713,36.7381130477274,36.3975498597554,28.0744778564717,43.6477800802214,40.7171796403173,41.3509412754348,47.1289401533706,41.4894139452038,43.2241939606712,41.6339440495998,41.2093786982574,46.2246186830205,57.9731157064349,55.5131181069906,91.9717668746425,92.8357655311876,90.1078026016719,86.5460595453007,83.8840283832064,89.5858117889909,83.7214478069845,85.8784153079926,85.2165776905379,57.182269563447,57.2850546061827,93.1577331620667,53.7502765921098,54.6941832323883,50.568805351102
47.2783523918489,49.2589075158103,49.7167701347578,44.1703731542607,50.7008352857894,50.6588486886809,50.5920603867791,48.9055092487372,58.096281917727,57.3129771078768,79.0256663870555,52.8894386365302,54.0117287355858,51.1566030757752,58.4855074745313,51.1502301842206,44.4276538288599,45.779588593647,45.2791608467801,42.6930811305966,0,22.5306022672295,18.8793834422035,68.888168357011,78.155378217604,87.9673950349093,81.3683687057763,80.5183024807638,42.2503238089694,51.5166674752804,53.7567319859018,60.1989481221552,63.1852820919885,26.9822413216381,49.4055416345578,50.4650636156504,47.640356281093,74.7598714412195,72.9742001459932,72.1779374552219,77.1631653489737,80.0124300128314,84.0769819593135,83.081965622121,76.4297343442297,76.9227827788191,76.8902202531063,76.6369696430996,75.9851817699029,75.2125059023761,76.2655556789974,40.4436178678679,39.5874128627286,39.2623096982242,38.5483219794499,36.570396356399,33.2577417323319,35.6258482631923,39.656669558164,23.1589804190473,27.0870206541964,27.1049857573801,27.9057196029398,65.2954503472102,52.7955333438874,51.2041852641162,82.8304700415901,83.6520596501834,80.9443660320198,77.4011432300018,75.2856243208876,80.9854851684981,75.0157442029128,77.1661771566216,76.7243804401853,50.9346309501872,50.9493794982756,84.9116834296313,46.5581002217071,43.0067392035718,53.5178228439695
45.9695855978848,47.9862137292951,48.2368691699819,43.0762997553884,49.6205239611409,49.0347155334539,48.8488574250925,47.3665438965208,56.9700945578663,56.1745305408065,75.959325764353,51.8613411148187,52.9770942194654,50.0861281345094,55.1358736658972,47.9530082029705,44.0722741946627,45.4098363416023,44.9005704716565,42.3446932821241,22.5306022672295,0,15.4908176454742,66.4009602279137,74.799467493607,84.6545504102684,79.1385192723601,78.2156826494455,38.5079527510385,49.9838381101596,52.2186956874097,58.7988941111972,59.8745954129588,20.4194509895631,46.2704050485592,47.345527320766,46.6618436356688,71.6214481768716,69.8275156620772,69.0392938237463,74.067444132215,76.9182384547716,80.9908742542002,79.9971547297479,73.3340766157911,73.8127184770814,73.7891870499233,73.5328978415573,72.882498235522,72.1113258472184,73.149553770986,40.2925424002868,39.5995205358052,39.0554847074928,38.4112971879437,35.6401186856493,32.8534762098195,35.5158955592605,37.5213302177378,23.9808192477692,26.2105432931465,26.8859206870638,26.8452884575012,64.7947090451664,50.9083208903549,49.1390290003484,79.6453425907755,80.4571888499611,77.7541709801908,74.215221251831,72.2248589268478,77.9244010888607,71.9303675000645,74.0793854243056,73.6877996622919,48.5485738316855,48.5274661238122,81.9708382240962,44.1766841738455,40.0653725013617,52.3791260210758
45.5596120512765,47.5947976848518,47.8992968554998,42.618678630067,49.186151563308,48.7620691635879,48.6314454244461,47.0856379223109,56.7213021004732,55.9298256750359,76.4921988591109,51.5882526350664,52.7048410171052,49.8238550855121,55.7752460847502,48.5159475880131,43.6945938002594,45.0562691327489,44.5339943699387,41.9845233004931,18.8793834422035,15.4908176454742,0,66.6303266429589,75.4985409833941,85.3271250840834,79.2590316001112,78.3648539652758,39.3800544139408,49.8481884416432,52.0835055939018,58.6286946065117,60.5376213137515,22.4841959273259,46.7978948828156,47.8612500907493,46.376789650199,72.1914609814345,70.402133194834,69.6099340313676,74.6138259220308,77.4640905578805,81.5321097724969,80.5380020139088,73.8821243729433,74.3684745857249,74.3403258079998,74.0854009298271,73.4346109691964,72.6623644734748,73.708544875748,40.005915056073,39.2612291415275,38.8283712339312,38.0400846074241,35.8391521854788,32.8708144830691,35.3874036538894,37.4457105594899,21.5215867328256,24.4830538041262,25.4140596390225,25.7777481356701,64.4495269346753,50.8073017854573,49.1767781833953,80.2430654468725,81.0604243984297,78.3546998369833,74.8132791286829,72.7538958921887,78.4534651542047,72.4728652080235,74.6225429350883,74.2038900389421,48.6975879268604,48.6962209392259,82.4082451467456,44.2642874101617,40.0908756354959,52.1274458016469
75.5640637170317,76.8196352661798,76.66519722359,73.024467734086,78.9048940180128,76.3339611829943,75.1001771385867,74.1933213207579,80.1699588774009,79.1935058762718,88.8359907515692,76.2418527941511,77.2968604663688,73.9423070819594,76.2305475174082,65.7789795737736,76.3829195224057,77.982230431316,77.1165598616039,75.0568533284004,68.888168357011,66.4009602279137,66.6303266429589,0,95.173508980811,103.919808406141,80.7813122510062,76.349603046631,66.5965727601063,68.2216038057298,70.4827460935723,78.3868088532032,79.1195445083915,64.2143044313756,62.9084790336778,63.8927481927729,71.646937644586,86.3725367845987,84.7962733124319,83.7956720086162,87.6829653933756,90.4958460741144,94.3497107088244,93.3250948640928,86.9656916122167,87.8211185833985,87.5634281385398,87.3841877651981,86.7006039512829,85.8877089895795,87.3135282497818,76.532255938389,76.1712782869581,75.9842743797854,73.1770591437309,75.4037469719331,72.8126120749177,74.8310494188169,62.6760796336944,66.5185096907825,67.4194675591709,66.3093723120774,65.0101959647904,95.7817029803738,72.63774402167,60.1979846613818,95.6105432605334,96.675348406299,93.8512905038545,90.2016772317404,84.9339104486099,90.6384992578709,85.2922805612424,87.4769665110261,85.7548735762468,59.0371860599636,57.4722676075113,92.5927451733311,64.2831076192521,74.1003655822498,75.6457263792111
89.5638187470944,91.2212565636948,91.0654545131488,87.0276637576981,93.2450997782328,91.1305083581113,90.2742007376038,89.3308416475758,97.7941698508656,96.9081612788516,82.1827591890408,93.2916245492725,94.3748952199389,91.2481733481277,78.9361631705726,70.1394493303757,89.5796006117592,91.0235323725595,90.3477378635559,88.037329778617,78.155378217604,74.799467493607,75.4985409833941,95.173508980811,0,52.4908097314699,111.038262878041,109.41763250473,66.5548081845413,88.2824737103825,90.5236703320536,97.7962298892316,63.8448924429484,71.8858474626359,69.4341973319033,71.4202241163604,88.4020550968665,75.495109022952,73.0456203756199,72.1795758625863,81.0057099769225,83.636640115885,88.4211674791654,87.1896456880721,78.351206893842,77.9732515713411,78.1969699916431,78.1102123578119,77.0626700813635,76.7509873283041,76.8782545777403,87.7299995049352,87.309331377828,86.772239586364,85.1846885234132,84.1980835993394,82.0432758286804,84.5447884194717,77.7589641633053,76.5709474757393,77.6386490017518,77.0111190756436,75.912682065915,109.597015323051,90.0559177143368,84.0842985348876,76.1263815799013,75.734987395411,73.7738927776375,70.8945294608012,79.6870302730356,85.5095001157736,77.6234699809978,79.8038597636078,82.5468436023972,82.1743883890298,81.5404745582904,105.202391228634,81.2786317688559,84.9978066892158,93.2211547411925
99.1043166558622,100.744247069056,100.582642763605,96.573437355288,102.775933907512,100.624969319466,99.7473573090861,98.8126967173654,107.174536894833,106.283845554452,87.8316310628853,102.70150052919,103.783311174635,100.644840798563,88.3359939571505,79.2004603749982,99.1925342232624,100.645735119931,99.9592066324199,97.6625944484594,87.9673950349093,84.6545504102684,85.3271250840834,103.919808406141,52.4908097314699,0,119.952544022907,118.299495517545,76.7063370164019,97.5433235188862,99.7859874539622,107.085696403403,72.6946058436549,81.7646646819385,78.4412018426609,80.4569907881547,97.8271806529706,81.2031967558774,78.6249655745348,77.5745039449491,87.2822221277986,89.8181170323145,94.7598352462806,93.4318797049425,83.8762069401418,83.3362953150978,83.5255546832708,83.5672754722841,82.3090015881445,82.1906656351863,82.1391398679103,97.4543178511447,97.0355967883172,96.5204227699184,94.8625261170444,94.0648138659119,91.8804163397143,94.3528248840962,87.2180254935354,86.3284136736184,87.3817322069459,86.7290020061947,85.6147712694953,119.177742868694,99.426758919973,93.2097636997738,78.7995460284353,77.8796833187274,76.3178639919988,73.7769657784568,85.765488758834,91.6363114573999,83.2954606731914,85.5083762146469,88.88710813615,91.3115583927114,90.6473430790278,113.878545086638,90.6277528488208,94.6670815294899,102.604289284547
87.0777892912077,88.1585668784768,88.1524758923609,84.4057335213758,90.1368605381086,87.7976234651848,86.5457634146304,85.4546350897328,89.6031506176844,88.5865841258423,105.75599120489,85.9073694788684,86.9533054505349,83.503333211105,91.7944236440859,81.9315097347296,87.4868947626369,89.1238429733279,88.2017171012092,86.2230510930063,81.3683687057763,79.1385192723601,79.2590316001112,80.7813122510062,111.038262878041,119.952544022907,0,79.1146763558573,81.1696283858009,76.5631135740777,78.8413455737851,87.0409093339617,95.1668698039343,77.2308294543575,79.2590026948463,80.2188870196134,81.4307395850106,103.092173246371,101.48220957083,100.504506899145,104.584513894755,107.393603930622,111.289181364078,110.258566393412,103.810939814798,104.618214280289,104.384156310859,104.202699108064,103.513241038986,102.713404515554,104.089266761063,88.2562516745576,87.9300814821363,87.8211051815971,84.6703359514336,87.7636996963845,85.0909229049458,86.9885808614249,74.6093228781051,78.912485604627,79.8297184081524,78.5917306335935,77.3046554425568,106.651633074105,83.4148621750447,66.8264185243161,112.129110894497,113.157973304024,110.351745314634,106.718470798538,101.913223161681,107.623367184232,102.173730342556,104.357169918066,102.824220155979,71.727751551109,70.9243982885241,110.498721625371,76.5900733603285,86.7778208641341,85.1214954279012
86.4485474479497,87.5819333648768,87.5156974061885,83.830489525009,89.6078673647508,87.1517661409801,85.8885858310887,84.8738526760125,89.7305588884995,88.7289405487078,103.94437047592,85.9566706000553,87.0048942232888,83.5884644508919,90.1770058061274,80.1849770508436,87.0625414655339,88.689298910051,87.7841015835843,85.7803140661082,80.5183024807638,78.2156826494455,78.3648539652758,76.349603046631,109.41763250473,118.299495517545,79.1146763558573,0,79.7923600993374,77.0478377113842,79.3144407539546,87.442391272593,93.5027006387796,76.2275719689782,77.458766291107,78.4125818626897,81.4397774723628,101.311408400253,99.7074044059463,98.7263793448074,102.771795299106,105.582045083824,109.470064665711,108.441020382034,102.010740164711,102.826034597665,102.58842462987,102.406869323003,101.719016327164,100.916525852842,102.300744598132,87.6427200819718,87.304593816301,87.1745007257032,84.1250820214809,86.9657838552078,84.3141645027857,86.2461042154887,73.7702081036651,78.0759763285447,78.9834250322535,77.7796702182406,76.4829050046341,106.304068243597,82.8969280349773,67.3486269772618,110.386112257524,111.42140034178,108.611906500087,104.97564192452,100.089986457311,105.798916248789,100.367408901776,102.550873949258,100.985856948278,69.9933105002085,68.8978934002154,108.428508484747,75.5301138382212,85.822640454273,85.2251578898757
55.1611806582429,56.9632141618479,56.7933850099785,52.643363501306,58.9820890023726,56.9900392331243,56.2605015819607,55.3124687508633,64.7234729472287,63.8689965608963,70.204835148909,60.033932171624,61.1252609213996,58.0748834172622,45.9484531354178,41.2676556468755,55.0966660476351,56.5019638980764,55.8792682789655,53.4949482635133,42.2503238089694,38.5079527510385,39.3800544139408,66.5965727601063,66.5548081845413,76.7063370164019,81.1696283858009,79.7923600993374,0,55.9785987093736,58.207021035234,65.3191448342198,51.499483310315,35.0470923383555,40.5885507890185,42.0349501881294,55.0477579875212,65.1433898338928,63.2691765117852,62.5665745568856,68.0114947370967,70.8790756499718,75.0317628116949,74.0521989603799,67.2903201521293,67.6277010181478,67.6950453048406,67.4061591034551,66.7732937075281,66.0138191526139,66.9070133391673,52.6692559964254,52.2144236482505,51.6042378249005,50.3442025578633,48.538243816239,46.4373153803194,49.0553532312029,43.7208500039395,40.8209082281168,41.9014744635286,41.4609157489538,40.3995471325573,75.3146111731897,56.7884605668552,52.668352446185,72.7599121812004,73.483310496079,70.820978257706,67.3193820580497,66.5222933889383,72.2184229307731,65.9869834378413,68.1214124219776,68.2246177056132,50.6320966052834,50.240492905558,78.2428997781016,48.0021129165837,49.3137543126288,60.121641064717
