IBR/IBR_outputs/all.combrep_1/FireFreq_2000_2008_Total.VRM_Total/FireFreq_2000_2008_Total.VRM_Total.asc
NCOLS 160 
NROWS 95 
XLLCORNER 210004.651214014 
YLLCORNER 7350008.22228844 
CELLSIZE 4999.99999999997 
NODATA_value -9999 
[rows 0 to 20 of 95, columns 92 to 137 of 160]
-9999 -9999 -9999 -9999 -9999 -9999 -9999 -9999 -9999 -9999 -9999 -9999 -9999 -9999 -9999 -9999 -9999 -9999 -9999 -9999 -9999 -9999 -9999 -9999 -9999 -9999 -9999 -9999 -9999 -9999 -9999 -9999 -9999 -9999 -9999 -9999 -9999 -9999 -9999 -9999 -9999 -9999 -9999 -9999 -9999 -9999
-9999 -9999 -9999 -9999 -9999 -9999 -9999 -9999 -9999 -9999 -9999 -9999 -9999 -9999 -9999 -9999 -9999 -9999 -9999 -9999 -9999 -9999 -9999 -9999 -9999 -9999 -9999 -9999 -9999 -9999 -9999 -9999 -9999 -9999 -9999 -9999 -9999 -9999 -9999 -9999 -9999 -9999 -9999 -9999 -9999 -9999
-9999 -9999 -9999 -9999 -9999 -9999 -9999 -9999 -9999 -9999 -9999 -9999 -9999 -9999 -9999 -9999 -9999 -9999 -9999 -9999 -9999 -9999 -9999 -9999 -9999 -9999 -9999 -9999 -9999 -9999 -9999 -9999 -9999 -9999 -9999 -9999 -9999 -9999 -9999 -9999 -9999 -9999 -9999 -9999 -9999 -9999
-9999 -9999 -9999 -9999 -9999 -9999 -9999 -9999 -9999 -9999 -9999 -9999 -9999 -9999 -9999 -9999 -9999 -9999 -9999 -9999 -9999 -9999 -9999 -9999 -9999 -9999 -9999 -9999 -9999 -9999 -9999 -9999 -9999 -9999 -9999 -9999 -9999 -9999 -9999 -9999 -9999 -9999 -9999 -9999 -9999 -9999
-9999 -9999 -9999 -9999 -9999 -9999 -9999 -9999 -9999 -9999 -9999 -9999 -9999 -9999 -9999 -9999 -9999 -9999 -9999 -9999 -9999 -9999 -9999 -9999 -9999 -9999 -9999 -9999 -9999 -9999 -9999 -9999 -9999 -9999 -9999 -9999 -9999 -9999 -9999 -9999 -9999 -9999 -9999 -9999 -9999 -9999
-9999 -9999 -9999 -9999 -9999 -9999 -9999 -9999 -9999 -9999 -9999 -9999 -9999 -9999 -9999 -9999 -9999 -9999 -9999 -9999 -9999 -9999 -9999 -9999 -9999 -9999 -9999 -9999 -9999 -9999 -9999 -9999 -9999 -9999 -9999 -9999 -9999 -9999 -9999 -9999 -9999 -9999 -9999 -9999 -9999 -9999
-9999 -9999 -9999 -9999 -9999 -9999 -9999 -9999 -9999 58.7182759505115 58.129016573145 57.9967116093166 58.1028087527163 -9999 -9999 -9999 -9999 -9999 -9999 -9999 -9999 -9999 -9999 -9999 -9999 -9999 48.7437426253781 39.3022738364407 37.0594272646137 37.041008558958 49.8260343210317 39.5824684747474 49.891797735672 51.425446306834 30.6819069576158 31.9657709377166 21.1216551940519 22.8936271465652 39.6338936784268 35.6059672098274 33.8450300281287 33.86488003032 37.7281868623034 28.4928142918458 16.4111089227081 23.5124856011016
-9999 -9999 -9999 -9999 -9999 -9999 -9999 -9999 -9999 58.905540872921 57.9976791393748 58.4988528889242 55.9396227563042 43.6013225656742 53.7408190845443 58.1215904811936 58.1517110961304 -9999 -9999 -9999 -9999 -9999 58.0189435986421 56.1677186393367 52.5304388189731 53.6532444543658 53.1209438103747 42.0734138176328 38.0153774536052 34.1684533903065 42.9322451433028 31.1574094426315 27.8230286589334 33.4833439283394 27.8549556611176 27.1932268105928 30.5628057790464 19.7421910634865 27.2596352093356 31.8881275734027 27.7312714426141 41.2923421880957 52.1589097671144 33.4850154302558 22.1853963160986 28.5132039430199
-9999 -9999 -9999 -9999 -9999 -9999 -9999 58.2399614747294 55.9562433089663 58.0834960140948 57.9794618098623 58.2416052134193 55.266250857305 43.706336748945 43.7052321466766 40.3201218926628 50.9869554872888 47.336333661691 40.1681035392677 -9999 -9999 58.2656075021594 57.9946536992721 58.0563607610087 51.0816277719274 31.2286618363217 34.2179128134323 25.234029281899 22.6347745463465 21.9707898516831 24.5093555048075 25.099160537975 29.1784825090274 22.6727154577147 20.3028882032546 29.9320279122907 31.4048770898068 19.8607730923874 22.8117852025958 17.594688718867 18.0193630207621 31.2070561498919 43.7673270482971 56.0153819549073 45.6255356803963 46.5430384012066
-9999 -9999 -9999 -9999 -9999 -9999 -9999 58.4603895805673 46.4614488784868 52.9381948646998 57.9714699325024 57.9822837630428 57.9878615694515 48.1756571917718 35.542922412432 28.312393530186 36.3179463230752 40.3884316286634 40.477226184023 55.5193574856049 54.7536253083249 58.0235823468175 42.8754913468554 44.6139517074897 35.6634623765617 22.5592547903296 24.561737176012 32.6614540629353 31.156383371829 20.8080191391727 20.9027042616825 27.0972596582497 35.5841999482819 25.1673818137597 28.4179324077986 38.1422711610951 35.127844393413 25.3490692588346 19.2064932951633 23.329787885051 23.9720872540115 23.9089358263719 42.0364507533168 56.012481336232 25.7306845316484 43.0061319604123
-9999 -9999 -9999 -9999 -9999 -9999 59.1065407173983 47.1135527194009 34.7976647403086 42.0200377794421 56.9257416530549 57.9838592965351 58.0188473785757 55.89958381637 35.551249034395 35.5690810647821 35.6915057579731 29.8980477775213 32.6207562461724 48.2230112076182 42.055114235667 34.89049608246 34.0801268692847 51.9906873903959 49.1245633401833 33.43021692941 31.9131069281143 29.793471941285 25.7104455221149 28.428918371494 19.1349230108574 21.4619289382562 35.586093700897 25.7761049987586 29.1951587437683 33.4918524578721 33.5773854919718 19.876339031896 22.7085010693379 29.1810898633721 27.3251217454772 32.0259608955463 32.0138909294983 46.5594560196488 25.1250619505499 32.6262310576711
-9999 -9999 -9999 -9999 -9999 58.7447934798694 57.1015134201581 36.4184163282583 37.9165299638306 57.9667650094766 56.9330175330592 58.0678305167495 57.9920192327063 57.9589272323176 48.1797280230677 38.8527816592626 35.1853942745333 22.7899536628887 31.2326772956792 31.2887569383992 21.382704509985 21.9787747744147 21.993530356908 37.1316989534913 33.3504308104941 30.5247348468969 25.1203510551731 24.4827746647998 16.8369836676955 15.3174748493868 16.9847008003904 19.1231269389651 34.0942675657745 33.3543837073257 32.7023729962219 22.093860164744 19.7362730800629 19.784058558072 22.0699295696296 19.6089055142713 27.8807985970117 23.3455898499049 23.2901884422152 27.7746640574573 23.9736277384084 23.9983539748224
-9999 -9999 -9999 -9999 58.8473040034401 58.4218462361176 58.2336896546921 58.1160494080557 57.9844872171829 58.002722662611 56.0847473290903 58.1127297188502 57.9908605524923 57.9592510222048 49.1081056725904 32.6167524945649 32.7717683382846 22.1775202090808 27.173674185397 30.6211475406641 26.4113372720233 19.0504374112269 21.3909121504973 21.9558120933066 36.3617871508329 37.2669905328122 27.7981160588622 28.521218287367 26.46738294993 16.8354369478847 13.2946547526351 23.899428713509 20.2504884243466 33.3580114921299 30.4516832658891 29.0723791508017 21.9854680435538 34.9987254633529 30.7282685822924 31.2198747470827 21.4580454851301 30.641016238894 32.8463775159651 27.7838949422023 20.8518617289485 15.0383964190526
-9999 -9999 58.4102294555246 58.0774655819943 58.786128386162 59.4688249220518 58.1347968469682 35.6959822410207 17.3227728705274 39.2755269054466 41.5927399729715 43.1796272396743 56.0399335362996 51.0049062336545 46.3501609480129 29.6998072681942 21.3801662249345 31.9576222414091 31.3604618303748 43.0324708655859 29.9540791945006 24.5373444928383 19.7525450501569 21.3991781895524 29.0695545839324 32.6753838547064 20.2973073925069 16.43353987146 16.937316551006 19.0805035049128 18.022021559027 19.692431584893 19.6983128595586 21.3681712112876 19.7392051573365 20.6882697090918 19.7197327704436 25.4602759505758 30.7022433890046 33.4846980435831 23.8472760305678 30.0150565738076 50.3031994622743 24.5137412504454 26.4391449803008 29.3299296808688
58.9670713959474 58.4154863018002 46.999700805682 52.947814078028 53.9489038945789 55.3388691099976 45.5429815027532 29.0718729074567 16.2925513128287 30.5043686886455 39.2254806473649 50.5043754593426 57.0165295330325 53.9870998631202 48.2105061431824 37.9511618210497 26.1075514509759 17.8454649642372 29.3021372165331 47.2248831946374 28.5695749625671 18.654676727487 19.8902267883965 25.9688317314246 40.4288276271839 34.203984714355 25.1940313064362 20.8747210473594 14.3199249808089 19.6673298698123 30.7857546586224 19.3269115952604 22.0511664554721 16.3228620659542 20.9196130532648 23.6057167485164 24.6683028203583 25.4380740570855 24.5802710334482 23.3977724406595 33.5111054043633 46.6726632822207 35.0522320545423 23.31483680685 23.8736920511603 33.5210203316381
58.4416840295261 56.0220023085651 17.9218517405707 21.9469396887821 47.285371368076 49.1664205056481 41.1774489557087 41.3191953193871 29.867329108945 33.5009274860099 47.2190354091066 39.422715148278 38.7327333582375 44.6202332520769 43.8496578036144 50.2924715163839 38.1893054725108 32.2020807683409 44.1178059292992 25.3537003541396 21.388467998765 24.5661316420106 27.780014519972 30.531758757481 36.4338200046322 31.931821655069 23.9250777958202 19.8941696131856 18.6683659546163 20.3514308455895 33.6081380551706 32.0341518501527 19.8796315863221 8.34875707101181 18.303642786485 24.5058652317629 26.0778022741592 25.9955226596808 22.3965230239867 13.0548215574464 28.5835559044622 41.3997714840453 25.8595103251677 21.0461460246661 19.1440922961599 26.4974731090274
46.3800120461565 52.9197598233988 35.5598612198477 28.3520650311182 38.820373315396 38.0891200243567 44.7816565953853 42.0269158407929 35.5618344199343 30.4212902798161 34.796687466096 40.3748238530774 35.5921003538105 36.369810855047 29.7164884429895 37.1625451673821 50.9444922813669 55.7563890733165 41.1705906480104 27.7110287849663 20.6903607111416 30.0821350891399 28.5198786775767 26.4591483512647 25.8262419486553 18.6404432871278 21.6079797171261 32.7197864245937 29.7323248964145 25.5332974566629 25.9950978325474 35.6696294886344 23.4953790065026 7.56267914671585 16.2107314287475 16.0800329502917 23.4387891703145 22.9176036988682 12.9482840329764 14.0047897573015 19.5038893827938 40.457638516603 18.6570045475311 16.3975304774465 20.0155548734353 25.292380570967
42.0008925841312 49.104911564543 37.9339039665037 45.5520087742665 51.225281644148 42.2542961957981 30.7224609380782 30.4321443874701 37.1090577821568 30.4086896760462 34.8121701075959 41.2238159619876 40.3557243943099 29.7285758700124 25.037132711436 28.3352278298427 37.1335281223249 54.9291456976411 55.9973584523577 52.9253696932999 28.609374932657 22.8216817038647 27.0576223150526 19.7907859230598 20.2664033680906 19.1937090577884 28.6992498639106 31.9878158874804 27.0679805323377 37.1446449858927 25.5481711399269 34.4489673258712 26.9918200600955 10.6426153979499 12.5523364196716 10.8087947713953 18.5186191950804 20.166274206885 18.6878462423276 17.925575377632 20.2703966522225 25.8640001278608 18.6011724192943 25.5738564770038 33.872663364932 28.5020340579116
41.1821407314212 55.9385394490836 49.1707552397245 34.1443212218546 57.4895003111562 54.1884605288867 34.1288563449631 34.8498378879784 42.9071312649006 32.5607641648889 34.0571075122173 40.3318145922871 37.9183634480265 34.0630323267962 33.3331704083556 21.3449515658344 32.5645732881935 37.9226637630325 43.741170789815 58.0716472659658 51.9755193450357 28.3460289069681 30.430671902102 25.7119262131149 23.8573362349913 29.0976173208058 32.1402860437452 23.8873191323877 25.7983086002141 39.5309445756727 47.4879202084003 53.2159438273735 29.7222042040344 11.9453400190216 14.8866853035638 13.3876734750203 15.0360819830582 24.9970031130308 19.4478281535374 24.7014175656161 31.2966233840161 24.5788050473857 24.972090607603 35.4060703598432 42.3058157409856 34.758225318409
31.2100345829246 51.0266357477917 42.9081695395095 34.054921489911 35.7219626218867 40.4450951587015 35.6637264595701 35.7412067831521 22.7255762915304 25.6808898087178 27.6549079508004 37.1177693977609 44.5802754425696 32.5696993623949 43.7744500381384 27.0717368166844 25.7033429249045 34.796094235042 25.0320809087551 42.0433644083258 48.2691137829053 46.4395134198334 43.8479298158933 41.208077573366 29.7094836694701 31.8392185635099 35.5883012144134 36.3383904057949 28.8146970190082 31.1588046374466 29.2887210656368 58.6031796651524 33.547649974986 24.0160789321795 32.4657008328403 37.0303527638697 41.0639840454698 37.9431076129334 21.9988531032646 35.7680711316314 30.6060060007014 32.8279159797529 31.456901805742 32.9974695771749 40.0940508719943 41.4374896537975
37.1727454837962 38.8501621546532 43.8571723642246 36.2418874640548 28.8806203816206 24.5530762602324 42.0289126915826 35.693830307264 27.7408800539498 30.4377003053552 28.3538037950392 31.1180163964429 52.929338932508 41.1810949157878 42.8751918176403 35.5917920090933 25.6898542279865 29.005677525265 31.8392758112211 34.0401909861161 55.9482248287972 26.330671908796 43.7195973190574 36.4162079231548 41.2378361741927 39.5623143923656 39.5158034185232 43.7445157987688 39.651860140635 30.4105478402679 28.3713924133608 38.6324099964294 43.9405522128375 28.6388098309492 29.9962283396701 33.1055295622236 39.3733378023605 23.9264066524303 18.0160449232767 26.4242152160427 36.8603192191686 46.5560732016479 25.4618408649028 20.1004009899579 40.8909176608682 52.3080372961769
