0.163366 0.667006 9.9982E-05 0.0616426 0.101821 0.0059648 9.9982E-05
0.067703 0.560345 9.9982E-05 0.119807 9.9982E-05 0.0290444 0.222901
0.0193121 0.576455 9.9973E-05 9.9973E-05 0.396652 0.00728104 9.9973E-05
0.15945 0.672753 9.9982E-05 0.044431 0.0986951 0.0244708 9.9982E-05
9.9973E-05 0.712565 0.0162879 9.9973E-05 0.0660339 9.9973E-05 0.204814
0.118001 0.760755 0.0574122 0.0253966 0.007887 9.9991E-05 0.0304481
0.141292 0.495207 9.9973E-05 9.9973E-05 0.175418 9.9973E-05 0.187782
0.10728 0.666221 9.9982E-05 0.0115688 9.9982E-05 0.0344275 0.180302
9.9973E-05 0.163608 0.0371417 0.156775 9.9973E-05 9.9973E-05 0.642176
0.126835 0.321356 9.9991E-05 0.142452 0.0651651 0.0302856 0.313807
0.446891 0.0624879 0.0288412 0.100867 9.9991E-05 0.0529003 0.307913
0.0986891 0.141773 0.0225313 0.0750451 0.257498 0.00980349 0.394661
0.673595 9.9973E-05 9.9973E-05 9.9973E-05 0.143188 0.0251872 0.15773
0.100794 9.9982E-05 0.0263396 0.0256874 0.222709 9.9982E-05 0.62427
9.9982E-05 0.223459 0.0364956 9.9982E-05 0.238576 0.0358298 0.46544
0.0840175 0.122264 9.9973E-05 0.0825331 9.9973E-05 9.9973E-05 0.710885
9.9964E-05 0.212269 9.9964E-05 0.207255 9.9964E-05 9.9964E-05 0.580076
9.9973E-05 0.533609 9.9973E-05 0.120732 9.9973E-05 0.0260509 0.319307
0.0976083 0.0548616 0.0850867 0.247151 0.375035 0.0548108 0.085447
9.9964E-05 9.9964E-05 9.9964E-05 0.15667 0.637238 9.9964E-05 0.205693
9.9973E-05 0.0908182 9.9973E-05 0.638427 9.9973E-05 0.0205053 0.249949
0.133388 0.0319774 9.9973E-05 0.758932 0.0754027 9.9973E-05 9.9973E-05
0.0161252 9.9964E-05 9.9964E-05 0.945379 9.9964E-05 0.0380956 9.9964E-05
0.0294984 0.0531848 9.9982E-05 0.826028 9.9982E-05 0.0321773 0.0589111
0.0643153 0.0417265 9.9982E-05 0.583414 0.15256 9.9982E-05 0.157784
9.9964E-05 0.0741937 9.9964E-05 0.65465 0.270756 9.9964E-05 9.9964E-05
9.9973E-05 9.9973E-05 0.0215234 0.539801 0.414715 0.0236602 9.9973E-05
9.9973E-05 9.9973E-05 0.0491689 0.875815 9.9973E-05 0.0292542 0.0454619
9.9964E-05 0.0308786 9.9964E-05 0.571546 0.397175 9.9964E-05 9.9964E-05
9.9973E-05 0.0746241 0.0813044 0.837447 0.00632501 9.9973E-05 9.9973E-05
0.0291721 9.9991E-05 0.0148008 0.809856 0.0449263 0.00973139 0.0914132
9.9982E-05 9.9982E-05 0.0262299 0.788108 0.0384281 0.0228237 0.12421
0.0104873 9.9973E-05 9.9973E-05 0.885771 9.9973E-05 0.0493781 0.0540635
0.172243 0.211282 9.9982E-05 9.9982E-05 0.268581 0.0530002 0.294694
9.9982E-05 0.376942 0.0279269 0.0669492 0.289878 9.9982E-05 0.238104
9.9964E-05 0.610423 0.0272074 9.9964E-05 0.36197 9.9964E-05 9.9964E-05
0.107084 0.646138 9.9973E-05 9.9973E-05 0.212156 0.034322 9.9973E-05
0.219232 0.26485 0.0380799 0.0577146 0.0664566 0.00241887 0.351248
9.995E-05 9.995E-05 9.995E-05 9.995E-05 9.995E-05 0.9994 9.995E-05
0.04376 9.9973E-05 9.9973E-05 0.407724 0.524088 0.0241288 9.9973E-05
9.9964E-05 0.74288 0.0855597 0.171161 9.9964E-05 9.9964E-05 9.9964E-05
0.150876 0.254461 9.9982E-05 0.109096 0.087423 9.9982E-05 0.397945
0.231836 0.155802 0.0909148 0.280721 0.0231037 0.0077341 0.209888
0.583718 0.176652 0.0818112 0.0655754 0.0127963 0.0260186 0.0534289
0.861158 0.0493145 9.9964E-05 9.9964E-05 0.0891276 9.9964E-05 9.9964E-05
9.995E-05 9.995E-05 9.995E-05 9.995E-05 9.995E-05 0.9994 9.995E-05
0.259171 0.193416 9.9991E-05 0.145031 0.0686751 0.0681437 0.265463
0.305576 0.110209 0.108674 0.0232455 0.159447 9.9991E-05 0.292748
0.0669974 0.182608 0.0982484 0.169381 0.236673 0.0277824 0.21831
0.132399 9.9982E-05 0.680351 9.9982E-05 0.107723 0.0221973 0.0571297
0.149335 9.9982E-05 0.702728 0.0272084 9.9982E-05 0.0320322 0.088496
9.9982E-05 0.180833 0.740224 0.0602863 9.9982E-05 0.0047244 0.0137326
0.128017 9.9982E-05 0.651693 9.9982E-05 0.0595799 0.0583949 0.102116
9.9973E-05 9.9973E-05 0.75348 9.9973E-05 0.183033 0.03521 0.0279768
9.9973E-05 9.9973E-05 0.770404 0.00416687 0.0666612 9.9973E-05 0.158468
9.9955E-05 9.9955E-05 0.663106 9.9955E-05 9.9955E-05 9.9955E-05 0.336394
9.9973E-05 9.9973E-05 0.712162 0.0153257 9.9973E-05 0.00821906 0.263994
0.00456293 9.9982E-05 0.812719 0.0437226 0.0957253 0.0430702 9.9982E-05
0.090336 0.124884 0.733164 9.9982E-05 9.9982E-05 0.0466195 0.00479672
0.298231 0.0308885 0.541344 9.9991E-05 0.0262746 0.03341 0.0697518
0.106946 9.9964E-05 0.745871 0.146784 9.9964E-05 9.9964E-05 9.9964E-05
0.178086 0.00812056 0.588529 9.9991E-05 0.187712 0.00791673 0.0295359
0.508814 9.9991E-05 0.298982 0.0559096 0.0159998 0.0568709 0.0633239
0.033894 0.150907 0.0218448 0.66442 0.103398 0.0254364 9.9991E-05
9.9991E-05 0.152357 0.0175053 0.719349 0.076326 0.0202962 0.0140658
9.9973E-05 0.20341 9.9973E-05 0.609938 0.180335 0.00601786 9.9973E-05
0.0856098 0.0994058 0.651223 0.0213541 0.0220185 0.0323187 0.0880697
0.300312 0.06485 0.445302 9.9982E-05 0.119231 0.0701044 9.9982E-05
0.127287 9.9982E-05 0.663368 0.0452792 9.9982E-05 0.0210658 0.142799
0.227503 9.9982E-05 0.642593 0.044387 0.0572736 0.0280435 9.9982E-05
0.0152499 0.024031 0.738498 9.9982E-05 0.179232 0.0427889 9.9982E-05
0.572837 0.0564125 0.0990557 9.9982E-05 9.9982E-05 0.0129755 0.258519
0.674742 9.9964E-05 9.9964E-05 9.9964E-05 0.0802294 9.9964E-05 0.244628
0.754455 9.9973E-05 0.0533417 9.9973E-05 0.0968691 9.9973E-05 0.0950343
0.920431 9.9964E-05 9.9964E-05 0.0506469 9.9964E-05 0.0285222 9.9964E-05
0.789244 0.0841005 9.9991E-05 0.0568558 0.0174033 0.0452042 0.00709261
0.72289 9.9982E-05 0.0196709 9.9982E-05 0.191906 0.0242052 0.0411283
0.766885 0.0982424 9.9973E-05 0.101694 9.9973E-05 0.0328788 9.9973E-05
0.205362 9.9964E-05 0.561262 9.9964E-05 9.9964E-05 9.9964E-05 0.232976
0.246477 0.157817 0.368713 9.9982E-05 0.128794 0.0979982 9.9982E-05
0.117414 0.0467842 0.664513 0.0058891 0.141581 0.0237189 9.9991E-05
0.0312067 9.9982E-05 0.702783 9.9982E-05 0.188934 0.0724967 0.00437942
9.9973E-05 9.9973E-05 0.669301 9.9973E-05 0.0159408 0.0166259 0.297833
0.020036 9.9991E-05 0.0100661 0.166536 0.719398 0.00462658 0.0792374
0.440464 9.9973E-05 0.269367 0.16525 9.9973E-05 9.9973E-05 0.124619
0.853231 9.9964E-05 0.11013 9.9964E-05 9.9964E-05 9.9964E-05 0.0362385
9.995E-05 9.995E-05 9.995E-05 9.995E-05 9.995E-05 0.9994 9.995E-05
0.115414 0.657909 9.9973E-05 0.181624 0.0447538 9.9973E-05 9.9973E-05
9.9982E-05 0.693438 9.9982E-05 0.0186694 0.18337 0.0338909 0.070432
0.125378 0.15244 9.9991E-05 0.0399421 0.174037 0.0388427 0.46926
0.151376 9.9991E-05 0.0535506 0.174478 0.0688482 0.0346791 0.516968
9.9973E-05 0.526179 0.0555644 9.9973E-05 0.180027 9.9973E-05 0.237929
0.835693 9.9982E-05 0.110286 0.00555835 0.0384775 9.9982E-05 0.00978497
0.103503 0.137685 9.9982E-05 0.0708142 0.654988 0.0328102 9.9982E-05
0.560361 9.9982E-05 0.145597 9.9982E-05 0.0926762 0.0815381 0.119628
0.375033 0.204148 0.0208716 0.281147 0.0897591 0.0289409 9.9991E-05
9.9964E-05 0.233763 9.9964E-05 0.145789 9.9964E-05 9.9964E-05 0.620049
0.18907 0.507961 9.9973E-05 0.142051 9.9973E-05 9.9973E-05 0.160618
0.168603 0.220555 9.9982E-05 0.105016 0.150214 9.9982E-05 0.355412
0.174612 9.9973E-05 0.0143638 9.9973E-05 0.0272662 9.9973E-05 0.783458
0.361121 0.560851 9.9973E-05 0.0578247 0.0199037 9.9973E-05 9.9973E-05
0.0500494 9.9973E-05 9.9973E-05 9.9973E-05 0.126732 0.0152429 0.807675
0.551182 0.112405 0.200982 9.9973E-05 0.135132 9.9973E-05 9.9973E-05
0.47133 0.0376279 0.12555 9.9991E-05 0.270205 0.067494 0.0276921
0.70368 0.04216 0.142644 0.00899729 0.0252718 0.0750795 0.00216784
0.530033 9.9982E-05 9.9982E-05 0.102191 0.138929 0.0159553 0.212692
0.403126 9.9973E-05 0.0912905 0.129949 9.9973E-05 9.9973E-05 0.375335
0.000721136 0.126671 0.0495955 0.330217 0.0920225 9.9991E-05 0.400673
9.9982E-05 0.182845 0.705335 0.0429946 9.9982E-05 0.00988773 0.0587376
0.106224 0.0282602 0.658482 9.9991E-05 0.137522 0.0337092 0.0357027
0.559616 0.0501606 0.139118 0.0188485 0.232057 9.9982E-05 9.9982E-05
0.4524 9.9982E-05 0.117704 9.9982E-05 0.189236 0.0160321 0.224427
0.419836 0.161116 0.076705 0.285613 9.9982E-05 0.0565294 9.9982E-05
0.207951 9.9964E-05 9.9964E-05 0.364873 0.426776 9.9964E-05 9.9964E-05
0.29297 9.9973E-05 0.602321 0.0796631 9.9973E-05 0.0247462 9.9973E-05
0.198463 9.9973E-05 0.634052 0.0686651 9.9973E-05 9.9973E-05 0.0985193
0.341951 0.170169 0.418058 9.9973E-05 0.0695219 9.9973E-05 9.9973E-05
0.0562112 0.273541 0.0105721 0.0756731 0.54705 0.0368533 9.9991E-05
9.9982E-05 0.531341 9.9982E-05 0.125724 0.234594 0.000895751 0.107245
0.0812935 0.560509 0.0437528 0.06451 9.9991E-05 0.010965 0.23887
9.9964E-05 0.765146 0.106108 9.9964E-05 0.128346 9.9964E-05 9.9964E-05
9.9973E-05 0.348715 9.9973E-05 0.0287494 0.461642 9.9973E-05 0.160594
0.0458348 0.606913 9.9991E-05 0.019239 0.196139 0.0123558 0.119418
0.0707387 0.691814 0.00931099 0.119279 9.9982E-05 9.9982E-05 0.108657
9.9982E-05 0.535793 0.0198029 0.0395472 9.9982E-05 0.00166694 0.40299
0.148747 0.387154 9.9982E-05 0.420561 0.00612749 9.9982E-05 0.0372109
9.9964E-05 0.0170516 9.9964E-05 9.9964E-05 0.14953 9.9964E-05 0.833019
0.0401808 0.000851552 9.9991E-05 0.0616279 0.00954214 0.00216191 0.885536
9.9973E-05 0.0319707 9.9973E-05 0.018533 9.9973E-05 0.025061 0.924135
0.0425771 0.236504 0.0930124 0.011267 0.368103 0.000802373 0.247735
9.9982E-05 0.0857007 0.0338945 9.9982E-05 0.000131814 0.044718 0.835355
0.194005 9.9973E-05 9.9973E-05 0.00235703 0.224429 9.9973E-05 0.578909
0.069542 0.498061 9.9982E-05 0.0537629 0.0548142 9.9982E-05 0.32362
0.0849642 9.9973E-05 9.9973E-05 0.677478 0.167087 9.9973E-05 0.0701704
0.00628744 0.0419202 9.9973E-05 0.782823 0.16867 9.9973E-05 9.9973E-05
9.9973E-05 9.9973E-05 9.9973E-05 0.697279 0.129484 0.0484776 0.12446
0.0132835 0.099762 0.0619159 0.704479 0.117466 0.00299281 9.9991E-05
0.0204385 0.0687593 0.029517 0.638381 0.236525 0.0062788 9.9991E-05
0.292673 0.426059 9.9973E-05 9.9973E-05 0.062779 9.9973E-05 0.218189
0.112425 0.612107 9.9982E-05 0.11769 0.155531 0.00204714 9.9982E-05
0.162224 9.9955E-05 0.837276 9.9955E-05 9.9955E-05 9.9955E-05 9.9955E-05
0.0824433 0.0654479 0.726318 0.0526084 9.9991E-05 0.0346384 0.0384444
9.9982E-05 0.121431 0.845251 0.0211218 9.9982E-05 0.00302098 0.00897548
0.280839 0.0316678 0.57993 0.107263 9.9973E-05 9.9973E-05 9.9973E-05
0.0521392 9.9982E-05 0.759894 9.9982E-05 0.0970257 0.0266274 0.0641133
9.9973E-05 9.9973E-05 0.734686 0.171866 9.9973E-05 0.00346042 0.0896872
0.0668234 0.10498 0.770257 9.9982E-05 0.0419172 0.0158227 9.9982E-05
0.067079 0.056239 0.76279 9.9973E-05 0.113592 9.9973E-05 9.9973E-05
9.9955E-05 9.9955E-05 0.770179 9.9955E-05 0.229321 9.9955E-05 9.9955E-05
0.0358982 0.00794189 0.780964 0.166212 9.9982E-05 0.00878343 9.9982E-05
0.105561 0.059182 0.755562 0.0376042 9.9982E-05 0.0418907 9.9982E-05
0.0341286 9.9982E-05 0.690059 0.0879962 9.9982E-05 0.0517107 0.135906
0.000879877 0.125413 0.717141 9.9991E-05 0.112314 0.00949521 0.0346557
9.9964E-05 9.9964E-05 0.779046 9.9964E-05 0.196541 0.0240134 9.9964E-05
0.114183 0.152007 0.729452 9.9973E-05 9.9973E-05 0.00405757 9.9973E-05
9.9964E-05 0.178652 0.804621 9.9964E-05 9.9964E-05 0.0163271 9.9964E-05
9.9982E-05 0.0473826 0.806846 0.109695 0.0335067 0.00236972 9.9982E-05
0.729538 0.0364471 0.0988997 0.134815 9.9973E-05 9.9973E-05 9.9973E-05
0.811127 9.9973E-05 9.9973E-05 9.9973E-05 0.0684657 0.00833466 0.111772
0.041758 0.152799 0.805043 9.9964E-05 9.9964E-05 9.9964E-05 9.9964E-05
0.0511443 0.191238 0.630454 0.11074 9.9982E-05 0.0162241 9.9982E-05
0.227138 9.9973E-05 0.754163 0.0152816 9.9973E-05 0.0031175 9.9973E-05
0.540766 0.117379 0.143921 9.9973E-05 9.9973E-05 9.9973E-05 0.197635
0.0544461 0.902269 0.00609444 0.035256 9.9982E-05 0.00173408 9.9982E-05
9.9973E-05 0.515936 9.9973E-05 9.9973E-05 0.313654 0.0161377 0.153972
0.108031 0.257377 9.9982E-05 0.338333 0.201591 9.9982E-05 0.0944673
0.0237681 0.0487313 9.9982E-05 0.431737 0.226259 9.9982E-05 0.269305
9.995E-05 9.995E-05 9.995E-05 9.995E-05 0.9994 9.995E-05 9.995E-05
0.0134081 9.9982E-05 0.0218332 0.5562 0.399226 9.9982E-05 0.00913234
9.995E-05 9.995E-05 9.995E-05 9.995E-05 0.9994 9.995E-05 9.995E-05
0.0648591 9.9982E-05 9.9982E-05 0.371094 0.442849 0.00846639 0.112531
0.0113747 9.9991E-05 0.0543614 0.177555 0.660802 0.0206173 0.0751893
9.9991E-05 0.0588223 0.0930305 0.613634 0.14825 0.0407348 0.0454286
0.0259718 0.636851 0.0173687 9.9982E-05 0.263402 9.9982E-05 0.0562064
0.00744049 0.666884 0.0511846 9.9991E-05 0.250615 0.0173949 0.00638132
0.127062 0.676289 0.00544148 0.020566 9.9991E-05 0.0367811 0.13376
0.223412 0.771228 9.99641E-05 9.99641E-05 9.99641E-05 0.00495959 9.99641E-05
0.133639 0.744902 9.9973E-05 9.9973E-05 9.9973E-05 0.0155196 0.10564
0.311914 0.566852 9.9964E-05 9.9964E-05 9.9964E-05 9.9964E-05 0.120834
0.0868393 0.0376172 9.9982E-05 9.9982E-05 0.289233 0.0212409 0.564869
0.102337 9.9982E-05 9.9982E-05 0.040797 0.134577 0.0242226 0.697867
0.00386477 0.0857129 0.0213793 9.9991E-05 0.140562 0.040369 0.708012
0.0883869 0.134139 9.9982E-05 9.9982E-05 0.281897 0.0204164 0.474961
0.0197654 0.0581782 0.02376 9.9991E-05 0.269858 0.0221879 0.60615
9.9982E-05 9.9982E-05 0.0305641 0.0963514 0.73262 0.116512 0.0237518
0.148574 9.9982E-05 0.700692 9.9982E-05 0.0561633 0.0242653 0.0701048
0.0494841 0.00846767 0.722649 0.162233 9.9991E-05 0.0526421 0.00442375
0.0626797 9.9973E-05 0.792042 9.9973E-05 0.0716931 9.9973E-05 0.0732849
0.0601095 0.184777 0.66026 0.0886762 9.9991E-05 0.00330195 0.00277534
9.9982E-05 0.1572 0.72903 0.0124131 0.0926947 0.00846258 9.9982E-05
0.0580717 0.0325206 0.11018 0.275331 9.9991E-05 0.0228217 0.500975
0.0201475 0.153358 0.00907135 0.100522 0.336919 0.0173101 0.362672
9.9973E-05 0.0924704 9.9973E-05 9.9973E-05 0.179492 0.0504058 0.677332
0.15186 0.292574 9.9991E-05 0.163598 0.0594305 0.0441695 0.288267
