0.108894 0.0164709 0.837566 0.0370694
0.107025 0.0395275 0.853347 9.9991E-05
0.247908 0.0297742 0.7117 0.0106175
0.081193 0.000697034 0.915189 0.00292138
0.0359239 0.00563038 0.957534 0.000911521
9.9991E-05 0.0178369 0.940713 0.0413503
0.0815387 9.9991E-05 0.859675 0.0586863
0.0504799 0.0723103 0.87711 9.9991E-05
0.252735 0.0173358 0.661879 0.0680507
0.230608 0.0407845 0.701088 0.0275188
0.0945246 0.0512394 0.686427 0.167808
0.253163 0.0353329 0.62999 0.0815141
0.106292 0.0471693 0.522223 0.324315
0.195618 0.00551802 0.709088 0.089776
0.205447 0.0514846 0.689882 0.0531858
0.122855 0.0206985 0.856346 9.9991E-05
0.331011 9.9982E-05 0.668789 9.9982E-05
0.0462245 0.0301474 0.923528 9.9991E-05
0.545628 0.0692408 0.206426 0.178705
0.796368 9.9991E-05 0.181289 0.0222428
0.788607 0.024658 0.186635 9.9991E-05
0.884032 0.00295655 0.0795088 0.0335025
0.951278 0.0485224 9.9982E-05 9.9982E-05
0.866918 0.0497639 0.0637265 0.0195917
0.752369 9.9982E-05 0.247431 9.9982E-05
0.966415 0.0204117 0.0130731 9.9991E-05
0.932184 0.0236514 9.9991E-05 0.0440642
0.892976 0.0457436 9.9991E-05 0.0611805
0.983873 9.9982E-05 9.9982E-05 0.0159275
0.888931 9.9991E-05 0.0122708 0.0986977
0.960773 0.00916555 9.9991E-05 0.029961
0.912134 0.0326013 0.0222196 0.0330452
0.844327 0.0547685 0.100804 9.9991E-05
0.199102 0.0733392 0.701637 0.0259222
0.285954 9.9991E-05 0.711367 0.00257853
0.155701 9.9991E-05 0.778167 0.0660315
0.0914124 0.0530721 0.841171 0.0143444
0.18049 0.0205691 0.668274 0.130667
9.998E-05 0.9997 9.998E-05 9.998E-05
0.868899 0.0373718 0.0225402 0.0711889
0.172737 0.0013119 0.709577 0.116375
0.221386 9.9982E-05 0.778414 9.9982E-05
0.357445 0.0168758 0.42066 0.20502
0.178134 0.0402396 0.435856 0.34577
0.0589226 0.0212015 0.609339 0.310537
9.998E-05 0.9997 9.998E-05 9.998E-05
0.219517 0.0805851 0.610754 0.0891441
0.123926 9.9991E-05 0.63831 0.237664
0.357824 0.0579428 0.459699 0.124534
0.0216375 0.0505363 0.0847379 0.843088
0.00932327 0.0507039 0.0560757 0.883897
0.0361686 9.9991E-05 0.107682 0.85605
0.0373206 0.0662203 0.0804631 0.815996
0.0306844 0.0587911 9.9991E-05 0.910425
0.0522392 9.9991E-05 0.046525 0.901136
9.9982E-05 9.9982E-05 0.230025 0.769775
0.0864869 0.0126091 0.0150335 0.88587
0.0973855 0.0143941 9.9991E-05 0.88812
9.9991E-05 0.0481347 0.105991 0.845775
9.9991E-05 0.0346757 0.245316 0.719909
0.133305 0.00624274 9.9991E-05 0.860352
0.134772 9.9991E-05 0.0646674 0.80046
0.0255732 0.0934696 0.354198 0.526759
0.820562 0.0192316 0.114992 0.0452145
0.829964 0.0330836 0.0834442 0.0535079
0.835117 0.0217754 0.143007 9.9991E-05
0.0470582 0.0029843 0.173673 0.776284
0.0692915 0.0842249 0.182449 0.664035
0.0832773 0.0108706 0.0623376 0.843515
0.0261611 0.0507762 0.0947926 0.82827
0.00901181 0.0661378 0.0346528 0.890198
9.9991E-05 0.0114451 0.604219 0.384236
0.0384718 0.0216587 0.602843 0.337026
0.00579914 9.9991E-05 0.604816 0.389285
0.0609425 0.0481891 0.563453 0.327416
0.142378 0.0614775 0.539287 0.256857
0.069739 0.049864 0.555996 0.324401
0.0964434 0.0375348 0.594025 0.271997
9.9982E-05 9.9982E-05 0.224943 0.774857
0.0490404 0.107164 0.25141 0.592386
0.127593 0.0312099 9.9991E-05 0.841097
0.102684 0.0670634 9.9991E-05 0.830152
9.9991E-05 0.0333892 0.186639 0.779872
0.770086 0.0220399 0.11055 0.097325
0.214058 9.9991E-05 0.372083 0.413759
0.00757722 9.9991E-05 0.590854 0.401469
9.998E-05 0.9997 9.998E-05 9.998E-05
0.245513 9.9982E-05 0.754287 9.9982E-05
0.185806 0.0265596 0.787535 9.9991E-05
0.153095 0.0390388 0.774589 0.0332773
0.278416 0.030085 0.568191 0.123308
0.0555935 9.9991E-05 0.894151 0.0501556
9.9982E-05 9.9982E-05 0.549294 0.450506
0.68805 0.0398098 0.195975 0.0761654
9.9991E-05 0.0859391 0.489553 0.424408
0.278492 0.0351943 0.553145 0.133169
0.265041 0.0120284 0.722831 9.9991E-05
0.133614 9.9991E-05 0.862932 0.00335374
0.223977 9.9982E-05 0.775823 9.9982E-05
0.0521074 0.0214857 0.870949 0.0554581
0.117931 9.9991E-05 0.835245 0.0467243
0.100276 0.0139558 0.885668 9.9991E-05
0.0828292 0.0280455 0.449574 0.439551
0.12002 0.06577 0.451827 0.362383
0.0153455 0.0788738 0.464 0.441781
0.281081 0.0123099 0.569041 0.137568
0.231283 9.9991E-05 0.500198 0.268419
0.451093 9.9991E-05 0.504591 0.044216
0.0497813 0.0301236 0.110245 0.80985
0.0572829 0.0232526 0.100861 0.818603
0.166349 0.00169911 0.460638 0.371313
0.179082 0.0563221 0.469425 0.295171
0.269016 0.0564512 0.338463 0.33607
0.846939 9.9991E-05 0.10711 0.0458512
0.0932796 0.0577555 0.0397413 0.809224
0.0516332 9.9991E-05 0.153656 0.794611
9.9982E-05 9.9982E-05 0.359602 0.640198
0.517869 0.0534208 0.398287 0.0304231
0.288732 0.003541 0.687095 0.020632
0.0853364 0.0373391 0.831997 0.0453271
0.141107 9.9991E-05 0.766554 0.0922396
0.505517 9.9982E-05 0.494283 9.9982E-05
0.195226 0.0216295 0.768547 0.0145979
0.183267 9.9991E-05 0.811947 0.00468616
0.0475291 0.00188779 0.919176 0.0314069
0.481811 9.9991E-05 0.484965 0.0331239
0.225572 0.00126347 0.773065 9.9991E-05
0.15011 0.0447382 0.805052 9.9991E-05
0.140568 0.0415191 0.817813 9.9991E-05
0.307845 0.0168044 0.571139 0.104212
0.0565285 0.0417223 0.84684 0.0549095
0.225734 0.024306 0.678875 0.0710849
0.187762 0.00830256 0.786877 0.0170586
0.904599 9.9991E-05 0.0841562 0.011145
0.9997 9.998E-05 9.998E-05 9.998E-05
0.927423 0.0629841 0.00949334 9.9991E-05
0.824494 0.0218979 0.0875603 0.066048
0.852808 0.0262931 0.0731209 0.0477782
9.9991E-05 0.00908132 0.862152 0.128666
0.177778 0.0402256 0.774298 0.00769858
9.9982E-05 0.00626266 9.9982E-05 0.993537
0.101381 0.0342746 9.9991E-05 0.864245
0.0394133 0.014443 0.0682285 0.877915
0.0965577 9.9991E-05 0.150569 0.752773
9.9991E-05 0.0176004 0.0591657 0.923134
0.113932 0.0253702 9.9991E-05 0.860598
9.9982E-05 0.0196558 9.9982E-05 0.980144
0.108761 9.9982E-05 9.9982E-05 0.891039
0.095728 9.9982E-05 9.9982E-05 0.904072
0.11862 0.0148668 9.9991E-05 0.866413
9.9991E-05 0.0420694 0.0899486 0.867882
9.9991E-05 0.0483827 0.127089 0.824428
0.131289 0.0176144 0.031277 0.819819
0.0577789 0.0248775 9.9991E-05 0.917244
0.0219298 0.00262663 0.0657196 0.909724
9.9991E-05 0.0214097 0.0613038 0.917186
0.0866753 0.00975639 9.9991E-05 0.903468
0.104412 9.9991E-05 0.512455 0.383033
0.00154397 0.00387164 0.759045 0.23554
9.9982E-05 9.9982E-05 0.0873276 0.912472
9.9991E-05 0.0350737 0.25534 0.709486
0.0548182 0.0165231 9.9991E-05 0.928559
9.9991E-05 0.0232779 0.644012 0.33261
0.0577798 0.00411949 0.938001 9.9991E-05
0.290175 0.0464251 0.6633 9.9991E-05
0.537733 9.9991E-05 0.41085 0.0513176
0.665102 9.9982E-05 0.334698 9.9982E-05
0.868703 0.014893 0.0912822 0.0251218
0.841797 9.9991E-05 0.0940654 0.0640381
0.784623 0.0207636 0.194513 9.9991E-05
0.843396 0.0319106 0.114296 0.0103972
0.790057 0.0557981 0.0459393 0.108206
0.825012 0.0609137 0.0479921 0.0660825
0.13604 0.0309863 0.806815 0.0261587
0.0771819 0.0682115 0.826426 0.028181
9.9991E-05 0.0546345 0.904188 0.0410776
9.9991E-05 0.000536434 0.956337 0.0430263
0.00796519 0.0187782 0.960748 0.0125082
0.0371224 0.00699225 0.851929 0.103956
0.237961 0.0355232 0.72325 0.00326596
0.222694 0.0136081 0.683981 0.079717
0.106836 0.0550236 0.801543 0.0365977
0.224878 0.0159761 0.712235 0.0469117
0.138683 0.0339346 0.75018 0.0772024
0.698795 0.12481 0.0465078 0.129887
0.0613965 0.0260944 0.10966 0.802849
0.101866 0.0308611 9.9991E-05 0.867173
0.0547411 0.00456448 9.9991E-05 0.940594
0.056367 9.9991E-05 0.129757 0.813776
0.127858 0.0231336 9.9991E-05 0.848909
0.318765 0.0418373 0.520963 0.118434
0.346942 0.0425824 0.571512 0.0389639
0.179997 0.0727011 0.747202 9.9991E-05
0.27523 0.0796327 0.645037 9.9991E-05
