0.00244208 0.0118416 0.6296 0.145943 9.9991E-05 0.133516 0.0765579
0.04314 0.0861567 0.791005 9.9982E-05 9.9982E-05 0.0571721 0.0223261
0.0300193 0.0772355 0.555296 0.0858285 9.9991E-05 0.0762501 0.175271
9.9973E-05 0.120442 0.592177 0.214225 0.0728573 9.9973E-05 9.9973E-05
9.9964E-05 9.9964E-05 0.622696 0.277453 9.9964E-05 0.0994512 9.9964E-05
9.9973E-05 0.0890783 0.739517 0.0972654 9.9973E-05 0.0738395 9.9973E-05
9.9982E-05 0.086285 0.50945 0.257109 0.0899916 9.9982E-05 0.0569645
0.036823 0.128326 0.569854 0.264697 9.9973E-05 9.9973E-05 9.9973E-05
0.00866465 9.9973E-05 0.685552 9.9973E-05 0.165553 9.9973E-05 0.13993
0.0226187 0.184269 0.55684 9.9982E-05 9.9982E-05 0.0905415 0.145531
0.0443076 0.358912 0.287347 0.12557 0.116248 9.9991E-05 0.0675151
0.029675 0.135804 0.594495 0.0384148 9.9991E-05 0.093699 0.107812
0.0537839 0.775023 0.103674 9.9973E-05 9.9973E-05 0.0672193 9.9973E-05
0.00262397 0.180374 0.474098 0.0159364 0.135971 9.9991E-05 0.190896
0.0506359 9.9982E-05 0.494988 0.157027 0.117192 9.9982E-05 0.179957
0.0136975 0.181894 0.708519 0.0131753 9.9991E-05 0.0126519 0.0699628
9.9982E-05 0.000272942 0.52915 0.21143 0.0786956 9.9982E-05 0.180251
0.0384767 0.0346041 0.86934 0.00510077 0.0251508 9.9991E-05 0.0272274
0.0540165 0.141457 0.0809914 9.9982E-05 9.9982E-05 0.191731 0.531605
9.9973E-05 0.167319 0.121319 9.9973E-05 9.9973E-05 0.0484603 0.662602
0.00143277 9.9982E-05 0.100703 0.137635 0.0620525 9.9982E-05 0.697977
0.0193297 0.15751 0.01014 0.0113418 9.9991E-05 0.0341088 0.76747
0.0463917 0.00563423 9.9982E-05 0.0780995 9.9982E-05 0.0757313 0.793943
0.0468517 9.9973E-05 0.177312 9.9973E-05 0.0673226 9.9973E-05 0.708214
9.9973E-05 0.0127085 9.9973E-05 0.325415 0.00560424 9.9973E-05 0.655972
0.031959 9.9982E-05 0.0640639 0.0339333 9.9982E-05 0.0340503 0.835794
0.0358323 9.9964E-05 9.9964E-05 9.9964E-05 0.0949367 9.9964E-05 0.868831
0.0342757 9.9973E-05 0.0150402 9.9973E-05 0.12719 9.9973E-05 0.823194
9.9964E-05 9.9964E-05 0.118455 9.9964E-05 9.9964E-05 0.0887117 0.792434
9.9973E-05 9.9973E-05 9.9973E-05 0.111546 0.0478869 0.0297257 0.810542
0.0140223 0.0281549 9.9982E-05 9.9982E-05 0.0551729 0.029872 0.872578
0.0215288 9.9973E-05 9.9973E-05 0.0812344 0.0829646 9.9973E-05 0.813972
0.0463625 0.00702839 9.9982E-05 0.10206 9.9982E-05 0.0548241 0.789525
0.0795773 0.253204 0.422963 0.151687 0.00621554 9.9991E-05 0.0862534
9.9982E-05 0.0417258 0.583509 0.0806613 0.0960931 9.9982E-05 0.197811
9.9973E-05 9.9973E-05 0.0460624 0.781595 9.9973E-05 0.0778046 0.0942378
0.0330238 0.0880349 0.242316 0.567439 0.0129097 9.9991E-05 0.0561762
0.00470027 0.155797 0.295481 0.148827 0.235009 9.9991E-05 0.160085
0.9994 9.995E-05 9.995E-05 9.995E-05 9.995E-05 9.995E-05 9.995E-05
0.0191649 0.0321226 0.0788298 0.0475939 9.9991E-05 0.105492 0.716697
0.0207243 9.9982E-05 0.679149 0.0503236 9.9982E-05 0.203686 0.0459173
9.9964E-05 0.255835 0.654566 9.9964E-05 9.9964E-05 9.9964E-05 0.0891995
0.00303593 0.266098 0.314046 9.9982E-05 9.9982E-05 0.197729 0.218891
0.0514318 0.647429 0.161454 9.9982E-05 9.9982E-05 0.133041 0.00644346
0.00149785 0.861649 9.9973E-05 0.127625 0.00892843 9.9973E-05 9.9973E-05
0.9994 9.995E-05 9.995E-05 9.995E-05 9.995E-05 9.995E-05 9.995E-05
0.0824342 0.230395 0.312969 0.165562 0.0379811 9.9991E-05 0.170559
9.9982E-05 0.367363 0.145809 0.243023 9.9982E-05 0.11974 0.123865
0.0160842 0.25375 0.273293 0.0327429 9.9991E-05 0.0827919 0.341238
0.00394831 0.17352 0.000579308 9.9991E-05 0.696669 0.0896587 0.0355251
0.0237358 0.0704445 9.9982E-05 0.018854 0.684916 0.20185 9.9982E-05
9.9973E-05 9.9973E-05 0.0552877 0.0340305 0.818172 0.0922102 9.9973E-05
0.0348301 0.086146 9.9982E-05 0.0447706 0.809906 9.9982E-05 0.0241475
0.0445398 9.9982E-05 9.9982E-05 0.0409974 0.533768 0.332968 0.0475269
9.9973E-05 9.9973E-05 9.9973E-05 0.0506336 0.617141 0.29133 0.0405955
9.9964E-05 9.9964E-05 0.168705 9.9964E-05 0.762755 0.0681396 9.9964E-05
9.9964E-05 9.9964E-05 0.0101259 9.9964E-05 0.972525 9.9964E-05 0.0169498
0.0216063 9.9964E-05 9.9964E-05 9.9964E-05 9.9964E-05 0.940337 0.0376567
0.0473465 0.0102406 0.0703906 9.9982E-05 0.688705 0.183118 9.9982E-05
0.0432971 0.106822 0.073943 0.0513366 0.621072 0.103429 9.9991E-05
9.9964E-05 0.066419 9.9964E-05 9.9964E-05 9.9964E-05 0.916305 0.0168757
0.00347498 0.0948786 0.0693876 9.9991E-05 0.606041 0.166855 0.0592634
0.0737532 0.523346 9.9982E-05 9.9982E-05 0.328485 0.0417616 0.0324541
0.0108201 9.9982E-05 0.170058 0.0746674 9.9982E-05 0.106777 0.637477
0.0199961 0.0249039 0.205152 9.9982E-05 9.9982E-05 0.0555555 0.694192
0.0130518 9.9982E-05 0.0427936 0.168762 9.9982E-05 0.0133744 0.761819
0.00568358 0.0251057 0.0124266 0.065773 0.752994 0.100485 0.0375322
0.0747525 0.395257 9.9982E-05 0.0164652 0.327314 0.186011 9.9982E-05
9.9973E-05 0.194739 0.0497343 9.9973E-05 0.0160576 0.73917 9.9973E-05
0.0495321 0.183377 9.9973E-05 9.9973E-05 0.518766 0.248025 9.9973E-05
0.0146244 9.9982E-05 0.000750509 0.0668426 9.9982E-05 0.896172 0.0214102
0.0107729 0.492696 0.29502 9.9982E-05 0.185734 0.0155768 9.9982E-05
9.9964E-05 0.766694 0.150649 9.9964E-05 0.0822573 9.9964E-05 9.9964E-05
9.9964E-05 0.727109 9.9964E-05 0.181228 9.9964E-05 0.091263 9.9964E-05
0.0115552 0.987945 9.9955E-05 9.9955E-05 9.9955E-05 9.9955E-05 9.9955E-05
0.0281998 0.695338 9.9982E-05 0.0627901 9.9982E-05 0.0593083 0.154164
0.0141448 0.985355 9.9955E-05 9.9955E-05 9.9955E-05 9.9955E-05 9.9955E-05
0.0163809 0.580003 9.9982E-05 0.188912 0.149642 9.9982E-05 0.0648625
9.9982E-05 0.0251704 0.0322665 0.133003 0.761299 0.0480606 9.9982E-05
0.131275 0.391895 9.9982E-05 0.0218842 0.00102689 0.453719 9.9982E-05
0.00488088 0.119516 9.9982E-05 9.9982E-05 0.647718 0.182292 0.0453941
0.0560298 0.0324671 9.9982E-05 9.9982E-05 0.724905 0.110229 0.0761698
0.0244667 9.9982E-05 0.0677473 0.0665156 0.82016 0.0209104 9.9982E-05
0.0219545 0.19424 9.9982E-05 0.0568186 0.0552136 9.9982E-05 0.671574
9.9982E-05 0.437217 9.9982E-05 0.136849 0.0110687 0.27911 0.135555
9.9964E-05 0.805454 9.9964E-05 0.0706972 9.9964E-05 0.123449 9.9964E-05
0.9994 9.995E-05 9.995E-05 9.995E-05 9.995E-05 9.995E-05 9.995E-05
0.0126475 0.199011 0.669942 0.00126048 9.9982E-05 9.9982E-05 0.116939
0.0604352 0.0118973 0.784336 0.0756609 0.0303649 9.9991E-05 0.0372055
0.0184104 0.160482 0.490668 0.0824535 9.9991E-05 0.0880959 0.15979
0.0409464 0.175065 0.384967 0.01709 0.141051 0.0072864 0.233594
9.9973E-05 9.9973E-05 0.380871 0.482353 9.9973E-05 0.0798252 0.0566512
9.9964E-05 0.710637 9.9964E-05 0.141952 9.9964E-05 0.147012 9.9964E-05
0.026743 0.0419902 0.0835177 0.139671 0.14897 9.9991E-05 0.559008
0.0590642 0.662431 0.0305871 0.0290518 0.218666 9.9982E-05 9.9982E-05
0.00791656 0.242685 0.0884985 0.302665 9.9991E-05 0.107884 0.250252
0.00505031 9.9973E-05 0.834813 9.9973E-05 0.0619063 9.9973E-05 0.0979302
9.9982E-05 0.0792586 0.300218 0.515017 0.050343 9.9982E-05 0.0549638
9.9973E-05 0.345918 0.515535 0.0590453 9.9973E-05 9.9973E-05 0.0792015
0.00193354 0.231874 0.488665 0.182664 0.0716161 0.0134229 0.00982448
9.9964E-05 0.0422816 9.9964E-05 0.93641 9.9964E-05 9.9964E-05 0.0209082
9.9955E-05 0.313452 0.686048 9.9955E-05 9.9955E-05 9.9955E-05 9.9955E-05
9.9973E-05 0.589283 9.9973E-05 0.188094 0.0795421 0.142781 9.9973E-05
0.0695714 0.651842 0.115948 9.9991E-05 0.0255314 0.107111 0.0298964
0.0800059 0.610576 0.0330467 0.0325418 0.0425615 0.189419 0.0118495
0.00119136 0.566826 0.106259 0.0632601 9.9982E-05 9.9982E-05 0.262263
9.9982E-05 0.459146 0.300642 9.9982E-05 0.0841329 0.0343758 0.121504
9.9973E-05 9.9973E-05 0.296286 0.230733 9.9973E-05 0.0962381 0.376442
9.9973E-05 9.9973E-05 0.0152343 0.14981 0.512635 0.322021 9.9973E-05
0.00511005 0.143919 0.051361 9.9982E-05 0.183847 0.615562 9.9982E-05
0.00429199 0.571466 0.0700846 9.9982E-05 0.22901 9.9982E-05 0.124948
0.0205556 0.431757 0.152325 0.0478089 0.243808 9.9991E-05 0.103646
0.0380855 0.517297 0.0685193 0.0567278 0.0908733 0.0627015 0.165796
9.9964E-05 0.21034 9.9964E-05 0.104138 9.9964E-05 9.9964E-05 0.685121
0.0337827 0.211583 9.9982E-05 0.00343401 9.9982E-05 0.707555 0.0434454
9.9973E-05 0.187663 9.9973E-05 0.0652599 0.590254 0.156523 9.9973E-05
9.9982E-05 0.350571 0.0236919 0.12561 0.221494 0.278433 9.9982E-05
0.0761845 0.0794405 0.117252 0.242915 0.0628514 9.9991E-05 0.421257
9.9964E-05 9.9964E-05 0.669967 9.9964E-05 9.9964E-05 0.108011 0.221623
0.0168534 0.0923617 0.675621 0.130534 9.9982E-05 0.0844296 9.9982E-05
9.9973E-05 9.9973E-05 0.673796 0.144841 0.0202563 0.160807 9.9973E-05
9.9973E-05 9.9973E-05 0.539896 0.111742 0.0326737 9.9973E-05 0.315389
9.9982E-05 0.105481 0.685124 0.0550019 0.0620816 9.9982E-05 0.0921119
9.9982E-05 0.0881623 0.756279 0.0552713 9.9982E-05 0.0858671 0.0142204
0.0090256 9.9982E-05 0.88802 0.00298746 0.0399819 0.0597854 9.9982E-05
9.9973E-05 9.9973E-05 0.357402 0.170969 0.125786 9.9973E-05 0.345543
9.9982E-05 0.0214874 0.69447 0.0537312 9.9982E-05 0.109313 0.120799
0.0274937 0.0277521 0.622054 0.108175 0.0575145 9.9991E-05 0.156911
0.00106153 0.1184 0.578448 0.235639 0.0531038 9.9991E-05 0.0132481
0.00133746 9.9982E-05 0.567463 0.0124218 0.233323 9.9982E-05 0.185255
0.010338 0.0683742 0.776576 9.9973E-05 0.144412 9.9973E-05 9.9973E-05
0.00751695 0.340734 0.480967 9.9973E-05 9.9973E-05 9.9973E-05 0.170482
9.9955E-05 9.9955E-05 0.870659 9.9955E-05 9.9955E-05 0.128842 9.9955E-05
9.9973E-05 0.0659051 9.9973E-05 0.0997016 0.0418044 9.9973E-05 0.792289
9.9973E-05 9.9973E-05 0.0352203 0.058795 0.0239457 9.9973E-05 0.881739
0.0431484 9.9964E-05 0.0564974 9.9964E-05 9.9964E-05 9.9964E-05 0.899954
0.00261305 0.00445494 0.0881638 9.9982E-05 0.167331 9.9982E-05 0.737237
0.00559301 9.9982E-05 0.0892027 9.9982E-05 0.0946564 0.028887 0.781461
0.0219829 0.129671 0.466691 0.230559 0.150896 9.9982E-05 9.9982E-05
0.0185054 0.0557836 0.199353 0.617044 9.9982E-05 9.9982E-05 0.109114
9.9964E-05 0.0282493 9.9964E-05 9.9964E-05 0.402989 0.568362 9.9964E-05
0.0256527 0.0171758 0.0492956 0.00689364 0.244609 0.630605 0.0257682
9.9964E-05 9.9964E-05 9.9964E-05 0.0865093 0.141067 0.772024 9.9964E-05
9.9991E-05 0.162796 0.0750367 0.025655 0.0486591 0.668667 0.0190862
0.0192891 9.9973E-05 0.106635 9.9973E-05 0.0202668 0.853509 9.9973E-05
9.9982E-05 0.0457624 9.9982E-05 0.0106739 0.100597 0.732983 0.109783
0.00454151 9.9973E-05 0.0362287 9.9973E-05 0.283263 0.675667 9.9973E-05
0.00265087 0.011059 9.9973E-05 9.9973E-05 0.95069 9.9973E-05 0.0353005
9.9973E-05 0.0255842 9.9973E-05 9.9973E-05 0.605298 0.31645 0.0523684
9.9982E-05 0.0681259 0.0207231 9.9982E-05 0.0597907 0.81791 0.0332504
0.0243574 0.0188583 9.9982E-05 0.102304 0.398304 0.455976 9.9982E-05
0.037233 0.0972406 0.020824 9.9991E-05 0.295911 0.496506 0.0521852
0.0196778 9.9982E-05 0.0655294 9.9982E-05 0.60951 0.272552 0.032531
0.0132415 9.9982E-05 0.0162743 0.0103132 0.425044 0.534927 9.9982E-05
0.0261006 0.0333622 9.9982E-05 0.0664574 0.431001 0.442878 9.9982E-05
9.9964E-05 9.9964E-05 0.0280022 0.0145896 9.9964E-05 0.957008 9.9964E-05
9.9973E-05 9.9973E-05 9.9973E-05 0.168003 0.100588 0.727751 0.00335822
9.9982E-05 0.635879 0.107608 9.9982E-05 0.121839 0.0846261 0.0498478
9.9973E-05 0.881709 0.0773849 0.0249037 9.9973E-05 9.9973E-05 0.0157024
9.9964E-05 9.9964E-05 9.9964E-05 0.07422 0.623402 0.301978 9.9964E-05
0.0276621 9.9982E-05 0.0767301 0.173019 0.177624 0.544765 9.9982E-05
9.9964E-05 0.115272 9.9964E-05 9.9964E-05 0.197982 0.686346 9.9964E-05
9.9973E-05 0.552136 0.211219 0.0751663 9.9973E-05 0.161179 9.9973E-05
9.9964E-05 9.9964E-05 0.750816 0.14552 9.9964E-05 0.103264 9.9964E-05
0.0295358 9.9982E-05 0.735184 0.0217831 0.0886102 9.9982E-05 0.124687
9.9991E-05 0.124079 0.290705 0.052295 0.0649552 0.00886287 0.459003
0.0172299 0.0749785 0.296268 9.9982E-05 0.0515058 9.9982E-05 0.559818
9.9973E-05 0.151506 9.9973E-05 0.00793372 0.0887591 9.9973E-05 0.751501
9.9973E-05 0.0869895 0.0164848 9.9973E-05 0.111937 9.9973E-05 0.784289
9.9982E-05 0.00206543 0.164356 0.0491963 0.0829022 9.9982E-05 0.701281
0.0233417 0.0174033 0.0268955 0.0968327 0.121867 9.9991E-05 0.71356
0.0259666 0.165078 9.9982E-05 0.0428011 9.9982E-05 0.0973866 0.668568
0.05946 0.0317181 0.0712251 0.00681209 0.0479227 0.0523238 0.730538
9.9982E-05 0.117653 0.676167 0.151139 9.9982E-05 0.0224965 0.0323444
0.055386 9.9982E-05 0.327534 0.421734 0.105187 9.9982E-05 0.0899594
0.0487967 9.9973E-05 0.00437394 0.900713 0.045817 9.9973E-05 9.9973E-05
9.995E-05 9.995E-05 9.995E-05 0.9994 9.995E-05 9.995E-05 9.995E-05
0.00762545 9.99549E-05 9.99549E-05 0.991875 9.99549E-05 9.99549E-05 9.99549E-05
9.9964E-05 0.184751 9.9964E-05 0.811327 9.9964E-05 9.9964E-05 0.00352197
0.00501729 0.114546 0.559952 0.132938 0.0787642 9.9991E-05 0.108683
0.0141252 0.183671 0.586107 9.9991E-05 0.0466299 0.0276691 0.141697
0.0431282 0.147646 0.623874 0.00548037 0.138924 9.9991E-05 0.0408484
9.9982E-05 0.0411282 0.381929 0.233599 0.166469 9.9982E-05 0.176675
0.0293564 9.9982E-05 0.558969 0.216848 0.133753 9.9982E-05 0.0608736
0.154736 0.0929287 0.0766365 9.9982E-05 9.9982E-05 0.101943 0.573555
0.0228059 0.169632 0.0733474 9.9982E-05 0.160911 0.573103 9.9982E-05
0.0202456 9.9982E-05 9.9982E-05 0.102281 0.304096 0.550445 0.0227321
9.9964E-05 0.0628989 9.9964E-05 9.9964E-05 0.435364 0.501337 9.9964E-05
0.00102773 0.0412718 0.0713446 0.0617246 0.608612 0.21592 9.9991E-05
0.00704987 0.00784314 9.9991E-05 0.0954905 0.327464 0.531626 0.030426
0.0350685 0.0491479 0.336076 0.182389 0.148763 0.0458662 0.20269
0.0177379 0.119157 0.503125 0.0411722 0.0751335 9.9991E-05 0.243574
0.050378 9.9973E-05 0.778757 9.9973E-05 0.128664 9.9973E-05 0.0419002
0.0486753 0.177278 0.424382 0.0761124 9.9982E-05 9.9982E-05 0.273352
