9.9991E-05 0.858015 0.141885
9.999E-05 0.884053 0.115847
0.0130439 0.740997 0.245959
0.00635718 0.902583 0.0910595
0.0198997 0.92886 0.0512399
0.0430591 0.951011 0.0059295
0.00573675 0.899431 0.0948326
0.00509581 0.972689 0.0222149
0.0856435 0.637047 0.27731
0.049488 0.674996 0.275516
0.23414 0.592444 0.173416
0.071305 0.671342 0.257353
0.34341 0.557337 0.0992525
0.129124 0.652924 0.217953
0.0248391 0.693094 0.282067
0.016273 0.819269 0.164458
9.9991E-05 0.749899 0.250001
9.9991E-05 0.864423 0.135477
0.222571 0.118711 0.658718
0.00645445 0.26144 0.732106
9.9991E-05 0.232729 0.767171
0.0502162 0.0604567 0.889327
0.0506651 9.9991E-05 0.949235
0.0529132 0.0818159 0.865271
0.0300882 0.279225 0.690687
9.9991E-05 0.00526786 0.994632
0.0579372 9.9991E-05 0.941963
0.095291 0.000955697 0.903753
0.0135336 9.9991E-05 0.986366
0.0791932 0.0311495 0.889657
0.0161746 9.9991E-05 0.983725
0.0506566 0.00214285 0.947201
0.0014705 0.0901655 0.908364
0.0363301 0.684717 0.278952
0.00230417 0.687134 0.310562
0.0864837 0.794912 0.118604
0.0520859 0.844842 0.103072
0.13068 0.642669 0.226651
0.319917 9.9991E-05 0.679983
0.0564211 0.0246713 0.918908
0.0832068 0.660797 0.255996
9.9991E-05 0.775226 0.224674
0.226239 0.430111 0.34365
0.300302 0.480675 0.219023
0.298136 0.62398 0.0778841
0.355853 9.9991E-05 0.644047
0.11453 0.546 0.33947
0.216195 0.593654 0.190151
0.122904 0.454382 0.422714
0.867035 0.0562641 0.076701
0.927091 9.9991E-05 0.0728091
0.846663 0.153237 9.9991E-05
0.857705 0.112763 0.0295321
0.915543 9.9991E-05 0.0843567
0.88173 9.9991E-05 0.11817
0.756529 0.243371 9.9991E-05
0.897499 0.0135643 0.0889363
0.931204 9.9991E-05 0.0686962
0.914566 0.0853343 9.9991E-05
0.751815 0.248085 9.9991E-05
0.923722 9.9991E-05 0.0761778
0.81294 0.110462 0.0765979
0.572573 0.362003 0.0654239
0.0404302 0.152975 0.806595
0.00395635 0.154104 0.84194
9.9991E-05 0.0641293 0.935771
0.792754 0.140457 0.0667892
0.737917 0.234278 0.0278044
0.863018 0.0312922 0.10569
0.856485 0.0421716 0.101344
0.918727 0.0223734 0.0588995
0.347484 0.652416 9.9991E-05
0.311279 0.619884 0.0688375
0.33409 0.6196 0.0463097
0.324516 0.630489 0.0449949
0.290405 0.568711 0.140884
0.344454 0.549791 0.105755
0.280122 0.565541 0.154337
0.735173 0.264727 9.9991E-05
0.643738 0.249584 0.106677
0.834479 0.0370888 0.128432
0.915382 9.9991E-05 0.0845175
0.780309 0.219591 9.9991E-05
0.0747476 0.175414 0.749839
0.498414 0.354693 0.146893
0.41336 0.58654 9.9991E-05
0.349004 9.9991E-05 0.650896
9.9991E-05 0.79799 0.20191
9.9991E-05 0.775105 0.224795
0.0784316 0.659516 0.262052
0.143721 0.548176 0.308103
0.0386577 0.910337 0.0510054
0.445594 0.499378 0.0550283
0.0736263 0.24167 0.684704
0.4275 0.530549 0.0419515
0.184796 0.47955 0.335654
9.9991E-05 0.716129 0.283771
0.036574 0.927011 0.0364155
9.9991E-05 0.814289 0.185611
0.0867545 0.845145 0.0681007
0.0285274 0.920672 0.0508006
9.9991E-05 0.833402 0.166498
0.464645 0.429328 0.106027
0.370769 0.514793 0.114438
0.43707 0.492515 0.0704157
0.109409 0.585735 0.304856
0.216292 0.60168 0.182028
0.0544397 0.448192 0.497369
0.821089 0.178811 9.9991E-05
0.867925 0.110909 0.0211658
0.386259 0.363038 0.250704
0.354636 0.376775 0.268589
0.308102 0.345172 0.346726
9.9991E-05 0.141325 0.858575
0.854135 0.0384204 0.107444
0.815115 0.146476 0.0384085
0.630072 0.369828 9.9991E-05
0.0530135 0.392499 0.554488
0.013997 0.6812 0.304803
0.0652244 0.860573 0.0742022
0.0698606 0.832511 0.0976281
9.9991E-05 0.5942 0.4057
9.9991E-05 0.811417 0.188483
9.9991E-05 0.875027 0.124873
0.0534879 0.923039 0.0234734
0.0110664 0.555174 0.433759
9.9991E-05 0.810552 0.189348
9.9991E-05 0.769321 0.230579
9.9991E-05 0.79767 0.20223
0.11795 0.615865 0.266185
0.0545854 0.800765 0.14465
0.0663769 0.67257 0.261053
0.00561428 0.892184 0.102202
0.030748 0.0086173 0.960635
9.9991E-05 0.0501287 0.949771
9.999E-05 9.999E-05 0.9998
0.062129 0.101799 0.836072
0.0679832 0.0583202 0.873697
0.141207 0.832964 0.0258293
9.9991E-05 0.787779 0.212121
0.9998 9.999E-05 9.999E-05
0.903825 9.9991E-05 0.096075
0.910675 0.0694574 0.0198676
0.780887 0.185067 0.0340459
0.960256 0.0231937 0.0165503
0.881621 9.9991E-05 0.118279
0.956923 0.0429766 9.9991E-05
0.899116 9.9991E-05 0.100784
0.928141 0.0325068 0.0393527
0.922802 9.9991E-05 0.077098
0.909373 0.0867077 0.00391941
0.845031 0.0688792 0.0860903
0.824896 0.0855809 0.0895232
0.934983 9.9991E-05 0.0649173
0.913736 0.0742876 0.0119761
0.974918 0.0249822 9.9991E-05
0.927334 0.00237941 0.0702862
0.419571 0.557363 0.023066
0.252857 0.710163 0.0369804
0.921015 0.0788849 9.9991E-05
0.748342 0.234619 0.0170388
0.973288 9.9991E-05 0.0266122
0.385835 0.614065 9.9991E-05
0.00180586 0.972615 0.0255796
9.9991E-05 0.690289 0.309611
0.107919 0.461596 0.430485
0.00383621 0.288698 0.707466
0.00989122 0.130168 0.859941
0.0400516 0.050518 0.90943
9.9991E-05 0.179055 0.820845
0.0343423 0.128073 0.837584
0.109364 0.104552 0.786083
0.0818899 0.105865 0.812246
0.0222924 0.876958 0.10075
0.109067 0.818808 0.0721247
0.0560117 0.943888 9.9991E-05
0.030734 0.969166 9.9991E-05
9.999E-05 0.9998 9.999E-05
0.105167 0.894733 9.9991E-05
0.0261433 0.71317 0.260687
0.0848979 0.602345 0.312757
0.0162501 0.868286 0.115464
0.0622004 0.679994 0.257806
0.0599968 0.82126 0.118743
0.144565 9.9991E-05 0.855335
0.852217 0.0897664 0.0580162
0.8749 9.9991E-05 0.125
0.975401 0.0244989 9.9991E-05
0.809144 0.184864 0.00599156
0.846955 0.0286767 0.124368
0.17326 0.558184 0.268556
0.0479683 0.624807 0.327225
0.000243083 0.77116 0.228597
0.0199289 0.612907 0.367164
