0.134649 9.9982E-05 0.719948 9.9982E-05 0.138878 0.00632492
0.0443008 0.397717 0.536929 9.9982E-05 9.9982E-05 0.0208534
0.201897 9.9982E-05 0.714689 9.9982E-05 0.0652432 0.017971
0.0260327 0.0604966 0.730336 9.9991E-05 0.160977 0.0220574
9.9982E-05 0.124194 0.830284 0.0233187 9.9982E-05 0.0220033
9.9982E-05 0.206759 0.670296 0.0534933 0.0692524 9.9982E-05
0.0156621 0.330202 0.505598 0.0430494 0.105388 9.9991E-05
9.9982E-05 0.185671 0.699754 9.9982E-05 0.0670763 0.0472982
0.0951689 0.700182 0.12448 0.0799696 9.9982E-05 9.9982E-05
0.148755 0.373061 0.164557 9.9991E-05 0.298908 0.0146189
0.0197446 0.328643 0.0693104 0.0177657 0.500963 0.0635726
0.151904 0.423728 0.20608 0.00749613 0.186877 0.0239156
0.0302371 0.215048 9.9991E-05 0.0731918 0.651283 0.0301404
0.093433 0.764896 9.9982E-05 0.0716013 0.0698699 9.9982E-05
0.0677083 0.488314 0.341053 0.0388096 9.9991E-05 0.0640154
0.0240502 0.594148 0.172228 9.9991E-05 0.19465 0.0148244
0.0965873 0.606255 0.283589 9.9982E-05 0.0133695 9.9982E-05
0.0347149 0.483548 0.445042 9.9982E-05 9.9982E-05 0.0364953
0.518559 0.131979 0.00602329 0.140598 0.157038 0.0458029
0.5872 0.29395 9.9973E-05 9.9973E-05 0.11855 9.9973E-05
0.701236 0.115762 0.147573 0.00702701 0.0181585 0.0102433
0.792969 9.9982E-05 9.9982E-05 0.0140316 0.168283 0.0245169
0.910151 9.9973E-05 9.9973E-05 9.9973E-05 0.0502506 0.0392983
0.778777 0.159241 9.9982E-05 0.0337802 9.9982E-05 0.028002
0.691773 0.104715 0.168034 0.0352774 9.9982E-05 9.9982E-05
0.880664 9.9964E-05 0.118936 9.9964E-05 9.9964E-05 9.9964E-05
0.844164 9.9982E-05 9.9982E-05 0.0868517 0.0177877 0.0509962
0.782424 0.106763 9.9991E-05 0.0440934 0.024707 0.0419125
0.903192 9.9973E-05 0.0779451 0.0185629 9.9973E-05 9.9973E-05
0.8384 0.015943 0.054823 0.0778726 9.9991E-05 0.0128615
0.878576 0.0276397 0.0202541 0.0306375 0.027899 0.0149942
0.814536 0.138076 9.9982E-05 0.0300907 9.9982E-05 0.0170967
0.812512 0.0621712 0.0380164 0.00980653 0.0163301 0.0611642
0.140581 0.276537 0.339493 0.00999479 0.179535 0.0538592
0.185502 0.212996 0.554378 0.0397761 9.9991E-05 0.00724843
0.116056 9.9973E-05 0.783998 0.0996459 9.9973E-05 9.9973E-05
0.0196221 9.9991E-05 0.819034 0.000125183 0.12672 0.0343986
0.126065 0.337705 0.288181 0.0713861 0.162161 0.0145006
9.996E-05 9.996E-05 9.996E-05 9.996E-05 9.996E-05 0.9995
0.709124 9.9973E-05 9.9973E-05 9.9973E-05 0.263168 0.0274084
0.161556 0.0329871 0.674251 0.117189 9.9991E-05 0.0139168
0.152395 0.352235 0.337032 9.9982E-05 0.158138 9.9982E-05
0.200087 0.365007 0.126676 0.105931 0.200669 0.00162933
0.0825361 0.255325 9.9991E-05 0.0973553 0.522996 0.0416874
0.0245166 9.9982E-05 0.0454061 9.9982E-05 0.909436 0.0204409
9.996E-05 9.996E-05 9.996E-05 9.996E-05 9.996E-05 0.9995
0.0911693 0.352445 0.265245 0.00497608 0.207603 0.0785613
0.0931023 0.228418 0.195641 0.128357 0.354383 9.9991E-05
0.264729 0.283541 0.220437 0.085869 0.122972 0.0224525
9.9982E-05 0.125759 9.9982E-05 0.738733 0.120289 0.0150197
0.0137971 0.113006 9.9991E-05 0.757937 0.0947208 0.020439
0.0039309 0.0829819 0.113011 0.799876 9.9982E-05 9.9982E-05
9.9973E-05 9.9973E-05 9.9973E-05 0.626737 0.309058 0.0639045
0.0430877 0.0905327 0.027007 0.791987 9.9991E-05 0.0472856
0.0631877 0.118624 9.9973E-05 0.817889 9.9973E-05 9.9973E-05
9.9964E-05 0.308544 9.9964E-05 0.691056 9.9964E-05 9.9964E-05
0.00526268 0.193333 9.9982E-05 0.790537 9.9982E-05 0.0106668
0.131214 9.9973E-05 9.9973E-05 0.851056 9.9973E-05 0.0174301
9.9991E-05 0.0846385 0.00756164 0.715578 0.151788 0.0403341
9.9991E-05 0.0529994 0.152126 0.580327 0.175579 0.0388693
0.134308 0.0427441 9.9982E-05 0.795957 0.026791 9.9982E-05
0.0486787 0.0886187 9.9982E-05 0.690503 0.172 9.9982E-05
0.0113891 0.052354 9.9991E-05 0.319738 0.544795 0.071624
0.729139 0.0315983 0.0943213 0.040224 0.0711643 0.0335525
0.755458 0.0536998 0.141021 0.0277289 9.9991E-05 0.0219919
0.861933 9.9973E-05 0.126605 9.9973E-05 9.9973E-05 0.0111625
0.0468156 0.0899423 0.0552102 0.705577 0.0947111 0.00774399
9.9982E-05 9.9982E-05 0.0928109 0.498778 0.342046 0.0661656
0.0871177 0.0609288 0.0201093 0.723161 0.081631 0.0270522
9.9982E-05 0.0300788 9.9982E-05 0.680125 0.244331 0.0452648
9.9982E-05 0.0341884 0.134888 0.795169 9.9982E-05 0.0355542
9.9982E-05 0.235403 9.9982E-05 0.12042 0.641944 0.00203242
9.9973E-05 0.325001 9.9973E-05 0.0422748 0.632425 9.9973E-05
9.9973E-05 0.162006 9.9973E-05 0.0523748 0.78532 9.9973E-05
0.00835824 9.9973E-05 9.9973E-05 9.9973E-05 0.973891 0.0174508
0.0798654 9.9973E-05 9.9973E-05 9.9973E-05 0.889993 0.0298421
9.9973E-05 0.0176956 9.9973E-05 9.9973E-05 0.952625 0.0293795
0.125792 0.0298504 0.170022 0.0481601 0.607491 0.0186854
9.9973E-05 0.213856 9.9973E-05 0.6316 0.154245 9.9973E-05
9.9991E-05 0.0218382 0.114774 0.44299 0.301346 0.118952
0.103779 9.9982E-05 9.9982E-05 0.684305 0.191964 0.0197528
0.105876 0.0599004 9.9991E-05 0.764825 0.00663389 0.0626651
9.9973E-05 0.267714 9.9973E-05 0.693595 9.9973E-05 0.0383905
0.642322 0.268488 9.9991E-05 0.0060148 0.0571265 0.025949
0.123253 9.9982E-05 0.0904426 0.219769 0.566335 9.9982E-05
9.9973E-05 0.0406394 9.9973E-05 0.0755969 0.883464 9.9973E-05
9.996E-05 9.996E-05 9.996E-05 9.996E-05 9.996E-05 0.9995
0.133099 0.162384 0.521641 9.9982E-05 0.182675 9.9982E-05
0.138286 0.259093 0.57241 9.9982E-05 9.9982E-05 0.0300109
0.119864 0.619788 0.0911731 9.9991E-05 0.154821 0.0142532
0.135526 0.52775 0.0461298 0.0408455 0.19077 0.0589782
0.107982 0.237934 0.587654 0.0662292 9.9982E-05 9.9982E-05
9.9964E-05 9.9964E-05 9.9964E-05 0.109521 0.890079 9.9964E-05
0.513148 0.0653131 0.200274 0.03246 0.159308 0.0294962
9.9982E-05 9.9982E-05 0.0702904 0.159472 0.689233 0.0808045
0.280979 0.0452006 0.158732 9.9991E-05 0.47469 0.0402981
0.101687 0.658546 0.224472 9.9982E-05 9.9982E-05 0.0150961
0.0677479 0.146078 0.545037 9.9982E-05 0.240938 9.9982E-05
0.172912 0.289859 0.390177 9.9982E-05 0.146853 9.9982E-05
9.9991E-05 0.795732 0.0300495 0.0766593 0.0826922 0.0147667
9.9973E-05 9.9973E-05 0.661303 9.9973E-05 0.333492 0.004905
9.9982E-05 0.781446 0.121188 9.9982E-05 0.0941327 0.00303337
0.042921 9.9991E-05 0.131179 0.218961 0.595559 0.0112802
9.9991E-05 0.127557 0.0182871 0.0711247 0.683774 0.0991573
0.0149297 0.065693 0.0303321 0.191147 0.620966 0.0769318
0.16635 0.253584 0.019917 9.9982E-05 0.55995 9.9982E-05
0.11385 0.343206 0.0196593 0.0982064 0.424979 9.9991E-05
0.377809 0.283789 0.250605 0.0875977 9.9982E-05 9.9982E-05
9.9982E-05 0.0754909 0.168873 0.74973 9.9982E-05 0.00570667
0.039206 0.0248528 9.9991E-05 0.678431 0.231207 0.0262035
0.129584 9.9982E-05 0.134908 0.189751 0.545557 9.9982E-05
0.10415 0.321143 0.00746938 0.199415 0.343431 0.0243916
0.259737 9.9991E-05 0.232961 0.173157 0.283657 0.0503884
0.676117 9.9964E-05 9.9964E-05 9.9964E-05 0.323483 9.9964E-05
0.0339193 9.9982E-05 9.9982E-05 0.592777 0.343561 0.0295421
0.0322402 0.137477 0.0191209 0.677761 0.133301 9.9991E-05
9.9982E-05 0.000688627 0.140547 0.409992 0.448572 9.9982E-05
0.477185 9.9991E-05 0.33158 0.0307326 0.100676 0.0597262
0.248062 0.150244 0.586365 0.0126907 9.9991E-05 0.00253788
0.00502029 0.22091 0.611961 9.9991E-05 0.129683 0.0323255
0.0391717 0.154783 0.723026 0.0828196 9.9982E-05 9.9982E-05
0.341049 0.370733 0.276037 9.9982E-05 0.0119811 9.9982E-05
0.169735 0.182969 0.593909 9.9991E-05 0.0380624 0.0152244
0.185684 9.9982E-05 0.752395 0.0423455 0.0193757 9.9982E-05
0.0222389 0.292507 0.624675 0.055236 9.9991E-05 0.00524371
0.365668 0.112786 0.359594 9.9982E-05 0.161752 9.9982E-05
0.00953542 0.89906 0.0911043 9.9973E-05 9.9973E-05 9.9973E-05
0.0302453 0.942081 9.9973E-05 9.9973E-05 0.0273741 9.9973E-05
9.9982E-05 0.833481 0.102179 9.9982E-05 0.0612192 0.00292082
0.239264 0.276262 0.281316 0.0935211 0.0965296 0.0131076
9.9982E-05 0.948679 0.0137666 0.0131248 9.9982E-05 0.0242296
0.146496 0.651806 9.9973E-05 9.9973E-05 0.201399 9.9973E-05
0.0186797 0.319469 0.625586 0.018419 0.00566102 0.0121848
0.824169 9.9982E-05 0.0306903 9.9982E-05 0.140686 0.00425512
0.879275 9.9973E-05 0.0952362 9.9973E-05 0.0251887 9.9973E-05
0.870565 0.105964 9.9973E-05 9.9973E-05 9.9973E-05 0.0231708
0.699683 0.188133 9.9991E-05 0.0505422 0.0576201 0.00392139
0.728111 9.9991E-05 0.184937 0.0259741 0.045305 0.0155725
9.9991E-05 0.147296 0.555979 0.0377717 0.242887 0.0159663
0.115617 9.9982E-05 0.724017 9.9982E-05 0.134856 0.0253096
9.9973E-05 9.9973E-05 0.00612642 0.91547 0.0781038 9.9973E-05
0.0586932 0.0418685 9.9991E-05 0.776079 0.0924495 0.0308097
9.9973E-05 9.9973E-05 0.120653 0.862561 9.9973E-05 0.0164855
0.0391531 9.9991E-05 0.0600252 0.581831 0.316842 0.00204936
9.9991E-05 0.0747556 0.00634324 0.838356 0.0578239 0.0226211
0.153577 0.0233005 9.9991E-05 0.740626 0.0638398 0.0185571
9.9982E-05 9.9982E-05 0.0334737 0.861559 0.0860221 0.0187449
0.0989603 9.9982E-05 0.0142317 0.779401 0.107207 9.9982E-05
0.0643272 0.00467291 0.073982 0.81039 0.0465281 9.9991E-05
0.113087 9.9982E-05 0.00777574 0.791297 0.0876395 9.9982E-05
9.9991E-05 0.00853812 0.0360818 0.704866 0.201561 0.0488527
0.0518579 0.112222 0.0162987 0.754723 0.026359 0.0385398
0.0341505 0.0850043 0.0776014 0.785513 9.9991E-05 0.0176304
0.0245326 9.9982E-05 0.0782951 0.883768 9.9982E-05 0.013204
9.9982E-05 9.9982E-05 0.111616 0.775642 0.100479 0.0120628
9.9973E-05 9.9973E-05 0.132696 0.847775 9.9973E-05 0.0192285
0.0475242 9.9982E-05 0.114227 0.822858 9.9982E-05 0.0151901
0.0281102 9.9982E-05 0.0331838 0.0926574 0.845849 9.9982E-05
9.9964E-05 0.116489 9.9964E-05 9.9964E-05 0.883111 9.9964E-05
9.9973E-05 9.9973E-05 0.0428893 0.791991 0.164819 9.9973E-05
0.0407702 0.0522422 0.197391 0.67716 0.013636 0.0188005
0.00930423 9.9982E-05 9.9982E-05 0.827693 0.158673 0.00412897
9.9982E-05 0.152369 0.0237135 0.127196 0.696521 9.9982E-05
0.0323019 0.175254 0.770618 9.9991E-05 0.00597725 0.0157496
0.198145 0.186234 0.57896 9.9982E-05 9.9982E-05 0.0364614
0.430854 9.9982E-05 0.424846 0.00472178 0.139378 9.9982E-05
0.547144 0.262217 0.108789 9.9982E-05 0.0816497 9.9982E-05
0.772799 0.116154 9.9982E-05 9.9982E-05 0.100918 0.00992953
0.799553 0.0883038 9.9991E-05 0.0401695 0.0711788 0.00069522
0.745619 0.126263 0.106799 9.9982E-05 9.9982E-05 0.0211194
0.722527 0.193521 9.9982E-05 9.9982E-05 0.0665291 0.0172229
0.677157 0.0900207 9.9991E-05 0.0563771 0.155314 0.0210309
0.745244 0.0461086 0.0467657 0.0746626 0.0525287 0.0346899
0.0956512 0.0407148 0.79326 0.0179048 0.0523694 9.9991E-05
0.0116738 0.0935213 0.766957 0.0683281 0.00500151 0.0545181
9.9991E-05 0.153583 0.711506 0.0111856 0.0684804 0.0551445
9.9964E-05 9.9964E-05 0.817033 9.9964E-05 0.182567 9.9964E-05
9.9982E-05 0.0327039 0.869031 9.9982E-05 0.0604563 0.0376091
9.9964E-05 9.9964E-05 0.698078 9.9964E-05 0.301522 9.9964E-05
0.102222 0.687622 0.0829796 9.9991E-05 0.118598 0.00847856
0.0427845 0.907017 9.9973E-05 0.0498986 9.9973E-05 9.9973E-05
9.9973E-05 0.883338 9.9973E-05 9.9973E-05 0.067541 0.048821
0.130473 0.660551 0.074613 0.0217977 0.112465 9.9991E-05
0.0110052 0.781471 0.132958 0.0547886 9.9991E-05 0.0196776
0.494365 0.27424 9.9982E-05 0.0814813 9.9982E-05 0.149714
0.0335864 0.0571857 9.9991E-05 0.701197 0.171807 0.0361237
0.0704726 9.9991E-05 0.0476554 0.75708 0.0969983 0.0276938
9.9982E-05 0.0740496 9.9982E-05 0.838436 0.0821787 0.00513542
9.9982E-05 0.125218 0.0491196 0.670748 0.154714 9.9982E-05
0.0162918 9.9982E-05 0.193519 0.761036 9.9982E-05 0.0289533
0.263773 0.36868 0.105772 0.105574 0.119796 0.0364048
0.245846 0.44382 0.24031 9.9991E-05 0.0509758 0.018949
9.9973E-05 0.866038 0.090362 9.9973E-05 9.9973E-05 0.0432998
0.250032 0.2884 0.258463 9.9991E-05 0.152184 0.0508213
