0.066952 0.00592938 0.833728 9.9991E-05 0.0556386 0.0376518
0.254151 9.9991E-05 0.621221 0.0240143 0.0334124 0.0671013
9.9982E-05 9.9982E-05 0.791615 0.0153535 0.10221 0.0906219
0.108016 9.9982E-05 0.739943 0.00198303 9.9982E-05 0.149858
0.0909985 0.0532135 0.822002 0.033586 9.9982E-05 9.9982E-05
0.0516582 9.9973E-05 0.858602 9.9973E-05 9.9973E-05 0.0894394
0.295402 0.00471443 0.562132 9.9991E-05 0.0015107 0.136141
0.334218 9.9982E-05 0.520413 0.0297067 9.9982E-05 0.115462
0.662363 0.0955386 0.147509 0.00855229 0.0859372 9.9991E-05
0.255666 9.9991E-05 0.338472 0.0348517 0.154988 0.215922
0.400493 0.0867972 0.0341202 0.0576759 0.0610166 0.359897
0.322126 0.0235868 0.275883 0.0183945 0.197227 0.162783
0.146177 0.0120878 0.0291803 0.0237264 9.9991E-05 0.788728
0.50618 0.0590762 0.0598259 9.9991E-05 0.18864 0.186178
0.35109 0.0677671 0.399316 0.0178221 0.163905 9.9991E-05
0.604789 9.9991E-05 0.28881 0.00648123 0.0305174 0.0693027
0.673166 9.9973E-05 0.111718 9.9973E-05 0.214816 9.9973E-05
0.265132 9.9973E-05 0.711749 0.0228191 9.9973E-05 9.9973E-05
0.101905 0.0685223 0.0679524 0.0542569 0.492811 0.214553
0.154036 9.9982E-05 0.0706554 9.9982E-05 0.636323 0.138785
0.163 9.9991E-05 0.151595 0.00156213 0.674054 0.00968922
0.0359762 0.0535369 0.0301272 0.00813898 0.784416 0.0878048
9.9973E-05 9.9973E-05 9.9973E-05 0.0486373 0.880303 0.0707595
0.0504787 0.000298696 0.10214 0.05285 0.713933 0.080299
0.161677 9.9982E-05 0.102244 9.9982E-05 0.641155 0.0947253
0.00914119 9.9991E-05 0.103777 0.00210988 0.840488 0.0443847
9.9973E-05 0.0703079 9.9973E-05 0.0378734 0.891519 9.9973E-05
9.999E-05 0.0885725 0.0263158 0.0166897 0.833753 0.034569
9.9973E-05 0.0417009 0.0974724 9.9973E-05 0.860527 9.9973E-05
0.00607296 0.0898837 0.125005 9.9991E-05 0.742527 0.0364111
0.0974068 0.0575357 9.9982E-05 0.00513055 0.839727 9.9982E-05
0.109054 0.0379991 0.00533154 0.0381215 0.809394 9.9991E-05
0.148539 9.9973E-05 9.9973E-05 0.0694786 0.781682 9.9973E-05
0.288137 9.9991E-05 0.283858 0.0801742 0.13894 0.208791
0.256877 0.0406216 0.50187 9.9982E-05 0.200432 9.9982E-05
0.160129 0.0827083 0.684079 9.9982E-05 0.072884 9.9982E-05
9.9982E-05 9.9982E-05 0.767191 0.0356064 0.010907 0.186096
0.221047 0.0685122 0.342489 0.0044885 0.0952487 0.268214
9.996E-05 9.996E-05 9.996E-05 0.9995 9.996E-05 9.996E-05
9.9982E-05 9.9982E-05 0.0376578 0.0174112 0.70252 0.242211
9.9973E-05 0.134585 0.806082 9.9973E-05 0.0590333 9.9973E-05
0.265179 9.9982E-05 0.51641 9.9982E-05 0.115073 0.103138
0.114281 0.112916 0.238668 0.0123547 0.264025 0.257755
0.157505 0.0984927 0.0669582 0.0490667 0.114006 0.513972
9.9973E-05 9.9973E-05 9.9973E-05 0.0188938 0.0666756 0.914131
9.996E-05 9.996E-05 9.996E-05 0.9995 9.996E-05 9.996E-05
0.409149 9.99977E-05 0.172856 0.0702375 0.162775 0.184883
0.35096 0.0859047 0.0389881 9.9991E-05 0.0956802 0.428367
0.0744419 0.0738544 0.283621 0.0350753 0.344313 0.188694
0.0669982 0.727328 9.9982E-05 0.0472411 9.9982E-05 0.158233
0.11518 0.746267 9.9991E-05 0.0252379 0.02851 0.084705
0.111836 0.779149 0.108715 9.9973E-05 9.9973E-05 9.9973E-05
0.0662253 0.664973 9.9982E-05 0.0455246 9.9982E-05 0.223077
0.0168966 0.799873 0.0546584 0.0582087 0.0702638 9.9991E-05
0.101793 0.808971 9.9973E-05 9.9973E-05 0.0889359 9.9973E-05
0.331489 0.668111 9.9964E-05 9.9964E-05 9.9964E-05 9.9964E-05
0.225532 0.746385 9.9982E-05 0.0196856 0.00819735 9.9982E-05
9.9982E-05 0.837792 9.9982E-05 0.0374505 0.111828 0.0127301
0.0763995 0.71841 0.0556462 0.0382323 9.9991E-05 0.111212
0.0248562 0.569845 0.0995626 0.0299161 9.9991E-05 0.27572
9.9973E-05 0.843508 9.9973E-05 9.9973E-05 0.13025 0.0259416
0.0434711 0.642384 0.148033 9.9982E-05 9.9982E-05 0.165912
0.0412385 0.291701 9.9982E-05 0.0932338 9.9982E-05 0.573627
0.141639 0.0514217 0.102021 0.0278823 0.676937 9.9991E-05
0.0783046 0.00503975 0.0944463 0.00713513 0.731848 0.0832264
0.00427588 9.9982E-05 0.189824 0.0189978 0.786702 9.9982E-05
0.136585 0.656798 9.9991E-05 0.0359543 0.0149245 0.155638
9.9982E-05 0.48233 0.0580293 0.0813036 9.9982E-05 0.378137
0.0199865 0.726424 0.088256 0.0110508 0.0711312 0.0831518
0.0152321 0.645092 9.9982E-05 0.04843 9.9982E-05 0.291046
9.9973E-05 0.789264 0.142818 0.0676183 9.9973E-05 9.9973E-05
0.121777 0.116375 0.119985 0.00190504 9.9991E-05 0.639859
0.246807 0.0739975 9.9982E-05 0.008093 9.9982E-05 0.670903
0.148309 0.0514404 0.00242623 9.9982E-05 9.9982E-05 0.797625
9.9964E-05 9.9964E-05 9.9964E-05 0.0153066 9.9964E-05 0.984294
0.0622157 9.9982E-05 9.9982E-05 0.0330791 0.031716 0.872789
9.9973E-05 9.9973E-05 9.9973E-05 0.0363578 0.0225242 0.940818
0.0856059 0.0187061 0.0803874 0.0237198 0.137805 0.653775
0.240976 0.601864 9.9973E-05 9.9973E-05 9.9973E-05 0.15686
9.9991E-05 0.372597 0.0967894 0.129061 0.0108331 0.390619
0.00169695 0.65405 9.9991E-05 0.0229455 0.121021 0.200187
0.0700101 0.720472 9.9991E-05 0.0563945 0.112917 0.0401058
0.328435 0.636627 9.9973E-05 0.034638 9.9973E-05 9.9973E-05
0.116095 0.0283205 0.0191058 0.0190636 0.716566 0.100849
0.0925017 0.285097 0.0542324 9.9991E-05 0.112824 0.455245
9.9973E-05 0.088108 0.0107382 9.9973E-05 9.9973E-05 0.900854
9.996E-05 9.996E-05 9.996E-05 0.9995 9.996E-05 9.996E-05
0.1273 9.9982E-05 0.632144 9.9982E-05 0.0884443 0.151912
0.206856 9.9982E-05 0.599069 0.0483102 0.145564 9.9982E-05
0.483974 9.9991E-05 0.217561 0.0124446 0.106678 0.179242
0.581093 0.105112 9.9991E-05 0.0430216 0.197495 0.0731782
0.455862 0.0554694 0.441838 9.9982E-05 0.0466316 9.9982E-05
9.9973E-05 0.13153 9.9973E-05 9.9973E-05 0.0386985 0.829472
9.9982E-05 9.9982E-05 0.168113 0.0311351 0.522051 0.2785
9.9982E-05 0.0860768 0.152853 0.0955968 9.9982E-05 0.665273
0.21231 0.111329 0.169205 0.0200889 0.295925 0.191143
0.481642 9.9982E-05 0.384029 0.0131257 0.121003 9.9982E-05
0.527306 9.9982E-05 0.219004 9.9982E-05 0.0278334 0.225657
0.348639 9.9982E-05 0.342991 9.9982E-05 0.129788 0.178381
0.869933 0.0170491 9.9991E-05 0.00394953 0.0250169 0.0839519
0.395623 9.9991E-05 0.214278 0.000500989 0.0840397 0.305458
0.738566 9.9991E-05 0.107054 0.00144713 0.0241547 0.128678
9.9991E-05 0.194168 0.0970761 0.000847176 0.044482 0.663327
0.14419 0.141314 0.00398379 0.0269563 0.0930102 0.590546
0.0269366 0.124126 0.0461397 0.100313 0.00282375 0.699661
0.248796 9.9973E-05 9.9973E-05 9.9973E-05 0.194062 0.556842
0.311456 0.0958546 0.0404171 9.9991E-05 0.133042 0.41913
0.37678 0.0511962 0.137977 9.9982E-05 0.433847 9.9982E-05
0.212637 0.741208 0.0444841 0.00147087 9.9982E-05 9.9982E-05
9.9991E-05 0.68804 0.0576738 0.0247607 0.0796227 0.149802
9.9982E-05 0.135402 0.224316 9.9982E-05 0.0927894 0.547293
0.24637 0.140398 9.9991E-05 0.0259905 0.0693884 0.517753
9.9991E-05 0.127287 0.16458 0.0536523 0.192189 0.462192
9.9964E-05 9.9964E-05 9.9964E-05 9.9964E-05 0.708139 0.291462
9.9982E-05 0.597947 9.9982E-05 0.0379576 0.0586182 0.305277
0.10293 0.659102 9.9982E-05 9.9982E-05 0.0403414 0.197426
0.0231521 0.401374 0.0951571 9.9982E-05 9.9982E-05 0.480117
9.9991E-05 0.0418336 0.359514 0.0619186 0.515964 0.0206697
9.9973E-05 0.0259123 0.769444 9.9973E-05 0.204344 9.9973E-05
0.290227 0.00965558 0.552279 0.00852723 9.9991E-05 0.139212
0.231124 0.0731485 0.626015 9.9982E-05 0.0695122 9.9982E-05
0.215915 9.9982E-05 0.345277 9.9982E-05 0.370808 0.0678006
0.155545 0.0266398 0.657803 0.0154158 0.105146 0.0394503
0.0134981 0.00435763 0.896191 9.9982E-05 0.0857536 9.9982E-05
0.0941629 0.0237631 0.848625 0.033249 9.9982E-05 9.9982E-05
0.170211 0.0307052 0.37594 9.9991E-05 0.328957 0.0940866
0.761149 9.9973E-05 0.117149 9.9973E-05 0.121402 9.9973E-05
0.843315 9.9973E-05 9.9973E-05 0.0300439 0.126341 9.9973E-05
0.863414 9.9991E-05 0.0781058 0.0169757 0.0323463 0.00905768
0.248846 0.0851299 0.308549 9.9991E-05 0.247478 0.109897
0.840226 0.0482199 0.0761609 0.0351933 9.9982E-05 9.9982E-05
0.597143 0.0187189 9.9991E-05 0.0128852 0.206787 0.164366
0.130335 9.9982E-05 0.734974 9.9982E-05 0.0258486 0.108643
0.0765434 9.9973E-05 9.9973E-05 9.9973E-05 0.788495 0.134662
9.9973E-05 9.9973E-05 0.0507451 9.9973E-05 0.868881 0.0800737
0.0711151 9.9973E-05 9.9973E-05 0.0564671 0.872118 9.9973E-05
0.0900943 0.0773062 0.0808392 0.00913653 0.717159 0.025465
9.9991E-05 0.0227885 0.0662672 0.0199216 0.767775 0.123148
0.113076 0.0246257 0.564726 0.0200157 9.9991E-05 0.277456
0.158738 9.9991E-05 0.551676 0.00817154 0.114046 0.167269
9.9973E-05 0.847102 9.9973E-05 0.0118794 9.9973E-05 0.140719
0.144808 0.715789 9.9991E-05 0.0439262 0.0157446 0.0796314
0.0342386 0.83551 0.11623 0.0138207 9.9982E-05 9.9982E-05
9.9973E-05 0.574574 9.9973E-05 9.9973E-05 0.0470293 0.378097
9.9982E-05 0.796784 0.138982 0.0253428 9.9982E-05 0.0386916
0.0715322 0.77214 0.0321638 0.0272211 0.0968429 9.9991E-05
9.9982E-05 0.820659 0.0689864 0.0336243 9.9982E-05 0.0765302
9.9973E-05 0.773389 9.9973E-05 9.9973E-05 0.105028 0.121283
9.9982E-05 0.831754 0.0616588 9.9982E-05 0.0790188 0.027368
9.9982E-05 0.809506 0.120869 0.0166279 0.0527973 9.9982E-05
0.0313253 0.736092 9.9982E-05 0.0522507 9.9982E-05 0.180132
0.0411866 0.734596 0.0607958 0.038006 0.0697298 0.0556857
9.9982E-05 0.763408 0.198703 0.0194263 0.0182628 9.9982E-05
9.9982E-05 0.858882 0.0657496 0.00562002 0.0695487 9.9982E-05
9.9973E-05 0.761111 0.0967273 9.9973E-05 9.9973E-05 0.141862
9.9973E-05 0.819852 0.155519 0.0243296 9.9973E-05 9.9973E-05
0.158244 0.833331 9.9973E-05 0.00812512 9.9973E-05 9.9973E-05
0.00102615 0.0681197 0.0915977 0.0124875 9.9991E-05 0.826669
0.0954903 9.9973E-05 0.0727492 9.9973E-05 9.9973E-05 0.831461
0.0187588 0.77898 0.049313 9.9982E-05 9.9982E-05 0.152749
0.155353 0.625199 0.107624 0.027483 9.9991E-05 0.0842413
9.9982E-05 0.799693 9.9982E-05 0.00885392 0.0371245 0.154129
0.141582 0.136786 0.053474 9.9982E-05 9.9982E-05 0.667957
0.00318886 9.9982E-05 0.887684 0.0089057 9.9982E-05 0.100021
0.0755618 0.00808042 0.731475 0.029782 0.155001 9.9991E-05
9.9982E-05 0.00506737 0.432029 9.9982E-05 0.392232 0.170472
0.199993 9.9982E-05 0.11403 9.9982E-05 0.568545 0.117231
0.082448 9.9991E-05 0.0139835 0.010993 0.774375 0.118101
9.9991E-05 0.0354954 0.0854764 0.00675431 0.816792 0.0553819
0.128721 9.9991E-05 0.143895 0.0207888 0.700412 0.00608379
0.211385 0.0348123 9.9991E-05 0.0299655 0.710572 0.0131649
9.9982E-05 0.085728 9.9982E-05 0.0254194 0.762427 0.126226
9.9982E-05 0.0901207 0.154125 0.0490386 0.706515 9.9982E-05
0.0386618 9.9991E-05 0.762922 0.00787265 0.0953837 0.0950602
0.128372 0.0453063 0.658518 0.047306 0.025073 0.0954247
0.749325 0.00749587 0.119557 0.0356119 9.9991E-05 0.0879103
0.768698 9.9973E-05 0.0788704 9.9973E-05 9.9973E-05 0.152132
0.861709 9.9973E-05 0.0734635 9.9973E-05 9.9973E-05 0.0645276
0.655002 9.9973E-05 0.082541 9.9973E-05 9.9973E-05 0.262157
0.613795 9.9991E-05 0.0748246 0.00714885 0.192094 0.112038
0.756172 0.0485253 9.9982E-05 9.9982E-05 0.112221 0.0828816
0.851041 0.0263793 0.0369045 0.0189806 0.0573882 0.00930617
0.767102 0.0125422 9.9991E-05 0.0158736 0.142913 0.0614693
0.747834 0.0362519 0.0345145 0.00704512 0.174255 9.9991E-05
0.151661 0.0895076 9.9982E-05 0.131951 0.62668 9.9982E-05
0.0956381 0.676656 0.0171234 0.0106672 9.9991E-05 0.199816
0.0521813 0.711719 9.9991E-05 0.0432003 0.100904 0.0918958
0.0984981 0.804195 9.9982E-05 0.00691957 9.9982E-05 0.0901874
0.156135 0.642577 9.9982E-05 0.0133192 9.9982E-05 0.187769
9.9991E-05 0.69619 0.0778429 0.0382166 0.0696567 0.117994
0.561976 0.130882 0.0579187 0.0111979 0.212759 0.0252666
0.357074 0.0106692 0.3179 0.0409776 0.248856 0.0245226
0.822127 9.9982E-05 0.0945897 0.0306665 0.0524171 9.9982E-05
0.354058 9.9991E-05 0.23005 0.047133 0.18715 0.181509
