0.213272 0.77496 0.0117682
0.147596 0.852304 9.9991E-05
0.216043 0.768886 0.0150708
0.0191723 0.967891 0.0129363
9.9991E-05 0.957396 0.0425041
9.999E-05 0.9998 9.999E-05
0.0416945 0.943736 0.01457
0.0627627 0.937137 9.9991E-05
0.257498 0.674092 0.06841
0.257473 0.666726 0.0758007
0.0908511 0.68167 0.227479
0.254997 0.651747 0.0932567
0.108533 0.578036 0.313431
0.231444 0.632643 0.135912
0.25272 0.70215 0.0451293
0.158762 0.841138 9.9991E-05
0.245036 0.743712 0.0112518
0.0634788 0.936421 9.9991E-05
0.635128 0.181302 0.183571
0.759554 0.225518 0.0149282
0.731393 0.268507 9.9991E-05
0.901543 0.0626539 0.0358035
0.983116 9.9991E-05 0.0167839
0.838882 0.128354 0.0327635
0.667759 0.332141 9.9991E-05
0.986285 0.0136147 9.9991E-05
0.94331 9.9991E-05 0.05659
0.914631 9.9991E-05 0.0852691
0.9998 9.999E-05 9.999E-05
0.831107 0.0795866 0.0893061
0.97057 9.9991E-05 0.0293297
0.872549 0.0783383 0.0491126
0.917993 0.0819075 9.9991E-05
0.276316 0.649385 0.0742987
0.226361 0.773539 9.9991E-05
0.113075 0.833286 0.0536392
0.0896663 0.89065 0.0196841
0.190309 0.655068 0.154623
0.63839 9.9991E-05 0.36151
0.820331 0.109232 0.0704369
0.216194 0.690221 0.0935847
0.180166 0.819734 9.9991E-05
0.308665 0.498454 0.192881
0.220103 0.443783 0.336114
0.0996687 0.570131 0.330201
0.633616 9.9991E-05 0.366284
0.236337 0.648393 0.11527
0.204226 0.57738 0.218394
0.473547 0.368382 0.158071
0.0426835 0.0764478 0.880869
0.0171313 0.0559334 0.926935
0.0300091 0.113607 0.856384
0.030781 0.111896 0.857323
0.0935582 9.9991E-05 0.906342
0.091188 9.9991E-05 0.908712
9.9991E-05 0.191849 0.808051
0.0658236 0.0305307 0.903646
0.0816519 9.9991E-05 0.918248
9.9991E-05 0.0867639 0.913136
9.9991E-05 0.267831 0.732069
0.108713 9.9991E-05 0.891187
0.123919 0.0809367 0.795145
0.0508693 0.411147 0.537984
0.83855 0.125979 0.035471
0.867172 0.114828 0.0180006
0.900702 0.0991981 9.9991E-05
0.00457945 0.203741 0.79168
9.9991E-05 0.262172 0.737728
0.0642278 0.0793169 0.856455
0.0164341 0.112356 0.87121
0.0137794 0.0710627 0.915158
9.9991E-05 0.626259 0.373641
0.0529809 0.667358 0.279661
0.0513927 0.56888 0.379727
0.0780337 0.554025 0.367941
0.214106 0.474527 0.311367
0.0352688 0.581342 0.383389
0.137547 0.601701 0.260752
9.9991E-05 0.245132 0.754768
0.127173 0.29446 0.578367
0.122683 0.0116523 0.865665
0.147576 9.9991E-05 0.852324
9.9991E-05 0.180556 0.819344
0.761271 0.16266 0.0760692
0.137691 0.394939 0.46737
9.9991E-05 0.619104 0.380796
0.5936 9.9991E-05 0.4063
0.262498 0.737402 9.9991E-05
0.186723 0.813177 9.9991E-05
0.187551 0.727691 0.0847589
0.376382 0.484602 0.139016
0.114048 0.826877 0.059075
0.00984102 0.557804 0.432355
0.623693 0.299087 0.0772197
0.027843 0.53141 0.440747
0.32599 0.513054 0.160956
0.200527 0.799373 9.9991E-05
0.0702377 0.913596 0.0161663
0.189694 0.810206 9.9991E-05
0.0165654 0.912261 0.0711741
0.0796062 0.920294 9.9991E-05
0.114805 0.885095 9.9991E-05
0.0815043 0.45991 0.458585
0.135015 0.470959 0.394026
0.0797069 0.47902 0.441273
0.287977 0.601565 0.110458
0.170066 0.592862 0.237072
0.438376 0.525441 0.0361829
0.0107543 0.118677 0.870569
0.0863087 0.064325 0.849366
0.139427 0.472332 0.388241
0.180304 0.48569 0.334007
0.312221 0.348251 0.339528
0.821005 0.173243 0.00575163
0.156864 0.0432306 0.799905
9.9991E-05 0.201391 0.798509
9.9991E-05 0.334708 0.665192
0.604108 0.310653 0.0852384
0.293962 0.704484 0.00155324
0.0169428 0.901297 0.0817602
0.0579799 0.838646 0.103374
0.408472 0.591428 9.9991E-05
0.199918 0.789579 0.0105033
0.0819139 0.917986 9.9991E-05
0.00840399 0.940606 0.05099
0.401748 0.56922 0.0290319
0.0730828 0.926817 9.9991E-05
0.218661 0.781239 9.9991E-05
0.0840165 0.915884 9.9991E-05
0.297185 0.613188 0.0896265
0.0392204 0.891444 0.0693353
0.260015 0.7152 0.0247851
0.133973 0.865927 9.9991E-05
0.864023 0.0916895 0.044287
0.920381 0.0795193 9.9991E-05
0.990842 0.00905798 9.9991E-05
0.870728 0.0598029 0.0694694
0.912213 0.0362809 0.0515065
9.9991E-05 0.887329 0.112571
0.15421 0.842755 0.00303448
9.999E-05 9.999E-05 0.9998
0.0530338 0.0704923 0.876474
0.0340683 0.000439198 0.965493
0.0365532 0.178616 0.784831
9.9991E-05 0.0435747 0.956325
0.130771 9.9991E-05 0.869129
9.9991E-05 0.0129628 0.986937
0.0947827 9.9991E-05 0.905117
0.0941089 0.0204225 0.885469
0.0684095 9.9991E-05 0.93149
0.0544788 0.0470604 0.898461
0.0720288 0.078259 0.849712
0.0756667 0.0803412 0.843992
0.0614206 9.9991E-05 0.938479
9.9991E-05 0.0879764 0.911924
9.9991E-05 0.0616453 0.938255
0.0539481 0.0424728 0.903579
0.0541618 0.576264 0.369575
0.0229997 0.724565 0.252436
9.9991E-05 0.0612185 0.938681
9.9991E-05 0.222564 0.777336
0.0181981 9.9991E-05 0.981702
9.9991E-05 0.643006 0.356894
0.00541503 0.956989 0.0375957
0.213017 0.786883 9.9991E-05
0.459335 0.487088 0.0535767
0.645056 0.348643 0.00630095
0.847359 0.10788 0.0447609
0.885925 0.0789137 0.0351612
0.810671 0.189229 9.9991E-05
0.823808 0.126745 0.049447
0.82384 0.0590534 0.117106
0.850257 0.0623116 0.0874318
0.115865 0.884035 9.9991E-05
0.0382432 0.898186 0.0635711
9.9991E-05 0.93253 0.0673702
9.9991E-05 0.98345 0.0164496
9.999E-05 0.9998 9.999E-05
0.0136609 0.898039 0.0882999
0.222145 0.762961 0.014894
0.219029 0.706211 0.0747599
0.199342 0.735724 0.0649339
0.176887 0.764031 0.0590819
0.185119 0.750094 0.0647872
0.765415 0.0992739 0.135312
0.0460616 0.102002 0.851937
0.163328 9.9991E-05 0.836572
0.0337429 0.00103671 0.96522
9.9991E-05 0.189099 0.810801
0.12127 0.00971343 0.869017
0.299687 0.540094 0.160219
0.343707 0.656193 9.9991E-05
0.192113 0.799425 0.00846177
0.323158 0.660398 0.0164437
