0.146696 0.00424024 0.775849 0.0732149
0.0854112 0.0434053 0.862096 0.00908738
0.187061 0.103212 0.690611 0.0191159
0.0148809 0.262425 0.722594 9.9991E-05
9.9982E-05 9.9982E-05 0.932966 0.0668336
9.9991E-05 0.000771759 0.931285 0.0678434
0.0452024 0.201686 0.728616 0.0244949
9.9982E-05 0.135748 0.864052 9.9982E-05
0.172427 9.9991E-05 0.715735 0.111738
0.221395 0.315698 0.462807 9.9991E-05
0.119777 0.541099 0.259313 0.079811
0.226869 0.198634 0.505489 0.0690081
0.107421 0.738527 0.0529287 0.101124
0.190213 0.109891 0.589378 0.110518
0.184968 9.9991E-05 0.703676 0.111256
0.118976 0.279077 0.601847 9.9991E-05
0.264066 0.116492 0.613355 0.0060877
0.0668444 9.9982E-05 0.932956 9.9982E-05
0.577914 0.124695 0.140053 0.157339
0.627048 0.235361 0.137491 9.9991E-05
0.711103 0.0462076 0.242589 9.9991E-05
0.858738 0.112669 9.9991E-05 0.0284934
0.977784 0.00831242 9.9991E-05 0.0138035
0.825374 0.00983424 0.134577 0.0302146
0.661055 0.108829 0.230016 9.9991E-05
0.955764 0.0103586 0.0337774 9.9991E-05
0.885164 0.0341073 9.9991E-05 0.0806288
0.914716 0.0294886 9.9991E-05 0.0556953
0.874989 9.9991E-05 0.0830925 0.0418188
0.793067 0.0316964 0.103548 0.0716881
0.923166 0.0517891 9.9991E-05 0.0249445
0.874552 9.9991E-05 0.0951199 0.0302286
0.840752 0.0700789 0.0748541 0.014315
0.258753 0.258947 0.4822 9.9991E-05
0.288961 9.9991E-05 0.674847 0.0360926
0.211474 0.0245789 0.664296 0.0996513
0.0913997 0.261445 0.633481 0.0136737
0.165857 0.284649 0.461652 0.0878426
0.644523 9.9982E-05 9.9982E-05 0.355277
0.751746 0.248054 9.9982E-05 9.9982E-05
0.14781 9.9991E-05 0.732309 0.119781
0.149225 0.199245 0.65143 9.9991E-05
0.277852 0.173469 0.425648 0.123031
0.132866 0.686584 0.0831916 0.0973587
0.0285162 0.971284 9.9982E-05 9.9982E-05
0.645371 9.9982E-05 9.9982E-05 0.354429
0.278565 0.244024 0.414474 0.0629361
0.140841 0.524948 0.252136 0.0820751
0.306194 0.182405 0.364081 0.14732
0.0448791 0.179461 0.000151997 0.775508
9.9991E-05 0.117808 0.045095 0.836997
0.0440838 9.9991E-05 0.148517 0.807299
0.0539001 0.219746 9.9991E-05 0.726254
0.101199 9.9991E-05 0.0368576 0.861844
0.0661516 9.9991E-05 0.0724023 0.861346
9.9982E-05 9.9982E-05 0.276837 0.722963
0.00501225 0.0775515 0.0732437 0.844193
0.10812 9.9982E-05 9.9982E-05 0.89168
0.00991869 0.0202981 0.16201 0.807773
9.9991E-05 0.300595 0.115125 0.584179
0.0888469 0.0857973 9.9991E-05 0.825256
0.137947 0.100177 0.0522519 0.709624
0.0830356 0.540526 0.0227531 0.353685
0.770087 0.0152585 0.198147 0.0165081
0.759109 0.00294936 0.207121 0.0308206
0.852341 9.9982E-05 0.147459 9.9982E-05
0.0458635 0.155457 0.0712001 0.727479
0.037051 0.385704 0.0399845 0.53726
0.0496679 0.130263 0.0536783 0.766391
0.038937 0.305569 9.9991E-05 0.655394
0.0148477 0.0824146 0.0619916 0.840746
9.9991E-05 0.632448 0.254812 0.11264
9.9991E-05 0.770241 0.143233 0.0864257
0.0320846 0.807639 0.0312176 0.129058
9.9982E-05 0.982251 9.9982E-05 0.0175492
0.148993 0.846043 9.9991E-05 0.004864
9.9982E-05 0.981306 9.9982E-05 0.0184945
0.094107 0.781598 0.0811631 0.043132
9.9991E-05 0.333687 0.0364926 0.62972
0.145281 0.354586 0.0288687 0.471265
0.121487 0.158787 9.9991E-05 0.719626
0.145487 0.0500607 9.9991E-05 0.804353
9.9991E-05 0.0453639 0.222838 0.731699
0.6672 0.231491 0.0658921 0.0354173
0.152139 0.482968 0.0697136 0.295179
9.9991E-05 0.851549 0.0388829 0.109468
0.624146 9.9982E-05 9.9982E-05 0.375654
0.185196 0.118065 0.696639 9.9991E-05
0.172554 0.126554 0.700791 9.9991E-05
0.201515 0.227679 0.543477 0.0273288
0.274437 0.314559 0.326881 0.0841229
0.0683271 0.118392 0.759966 0.0533153
0.00354232 0.888004 9.9991E-05 0.108354
0.588301 0.241487 0.161798 0.00841291
9.9991E-05 0.647209 0.145704 0.206987
0.305864 0.381369 0.243799 0.068968
0.174358 9.9982E-05 0.825442 9.9982E-05
0.0375242 0.386908 0.575468 9.9991E-05
0.138279 0.285846 0.575775 9.9991E-05
0.0732881 0.298606 0.579936 0.0481701
0.0459274 0.4255 0.528473 9.9991E-05
0.0468669 0.309326 0.643707 9.9991E-05
0.0150318 0.770187 9.9991E-05 0.214681
0.0955138 0.552963 0.13269 0.218834
0.0763439 0.68506 0.0529802 0.185616
0.22443 0.71977 0.0556999 9.9991E-05
0.0950259 0.52291 0.26662 0.115444
0.438766 0.0144053 0.488117 0.0587117
9.9982E-05 9.9982E-05 0.208662 0.791138
0.0207931 0.147483 0.0806213 0.751103
0.184097 0.662469 0.0109529 0.14248
0.184013 0.542079 0.136885 0.137023
0.295555 0.43857 0.0861908 0.179685
0.703958 0.295842 9.9982E-05 9.9982E-05
0.0521658 0.280493 9.9991E-05 0.667242
0.0280237 0.322757 9.9991E-05 0.649119
9.9991E-05 0.425444 0.104039 0.470417
0.525424 0.116378 0.288294 0.0699046
0.204495 9.9991E-05 0.741567 0.0538373
0.0232344 0.157394 0.760054 0.0593171
0.0359593 0.033642 0.80272 0.127678
0.360645 0.0517104 0.587545 9.9991E-05
0.166434 0.115695 0.717771 9.9991E-05
0.137571 0.084831 0.767096 0.0105016
0.000488745 0.0334162 0.867426 0.0986689
0.35606 0.171238 0.468505 0.00419676
0.130396 0.143792 0.725712 9.9991E-05
0.169698 0.178617 0.651584 9.9991E-05
0.112108 0.242927 0.644865 9.9991E-05
0.29584 0.215172 0.433198 0.05579
0.0148416 0.191885 0.750651 0.0426233
0.2101 0.371928 0.417873 9.9991E-05
0.0281637 0.0829191 0.835019 0.0538979
0.82489 0.154372 0.0194565 0.00128173
0.872463 0.0266932 0.100744 9.9991E-05
0.937874 9.9982E-05 0.0619263 9.9982E-05
0.803771 0.0626291 0.0847266 0.0488732
0.78774 0.168151 0.0440093 9.9991E-05
9.9991E-05 0.230513 0.679428 0.0899586
0.221643 0.051891 0.698782 0.0276833
9.9982E-05 0.0595495 9.9982E-05 0.940251
0.0597735 0.0939904 0.0125101 0.833726
9.9982E-05 9.9982E-05 0.110898 0.888902
0.0499047 0.289078 0.0378644 0.623153
9.9991E-05 0.0866202 0.0642363 0.849044
0.0922582 0.0865632 9.9991E-05 0.821079
9.9982E-05 9.9982E-05 0.0918515 0.907949
0.0778784 0.0989908 9.9991E-05 0.823031
0.0903514 0.0561775 9.9991E-05 0.853371
0.107595 0.0253277 9.9991E-05 0.866977
0.00886294 0.192257 9.9991E-05 0.79878
0.0980399 0.0438496 0.0609222 0.797188
0.0343968 9.9991E-05 0.178439 0.787064
0.0705248 9.9991E-05 0.015855 0.91352
0.0103347 0.0768398 0.0755109 0.837315
9.9982E-05 9.9982E-05 0.134444 0.865356
0.0855838 0.0448546 9.9991E-05 0.869462
9.9982E-05 0.892422 9.9982E-05 0.107378
9.9982E-05 0.942112 0.0576879 9.9982E-05
9.9991E-05 0.135991 0.0404436 0.823465
0.0184429 0.0542962 0.23145 0.695811
0.00973815 0.154565 9.9991E-05 0.835597
9.9991E-05 0.642266 0.186425 0.171209
9.9982E-05 0.125079 0.874721 9.9982E-05
0.24833 9.9991E-05 0.716592 0.0349778
0.382642 0.209441 0.407817 9.9991E-05
0.516193 0.151179 0.332528 9.9991E-05
0.76041 0.23939 9.9982E-05 9.9982E-05
0.888943 0.0183989 0.0551762 0.0374823
0.740905 0.176086 0.0829089 9.9991E-05
0.766782 0.102012 0.0905224 0.0406835
0.725902 0.0502612 0.0965434 0.127294
0.772294 9.9991E-05 0.137275 0.0903311
0.10626 0.0948355 0.798805 9.9991E-05
0.118654 0.0607994 0.715059 0.105488
9.9991E-05 0.194992 0.770507 0.0344009
9.9982E-05 0.354831 0.644969 9.9982E-05
9.9982E-05 0.249079 0.750721 9.9982E-05
9.9982E-05 0.446489 0.553311 9.9982E-05
0.257584 0.202441 0.528716 0.0112587
0.157781 0.1921 0.567764 0.0823548
0.0907361 0.262609 0.646555 9.9991E-05
0.245947 0.281403 0.47255 9.9991E-05
0.157925 0.178452 0.627862 0.0357609
0.731461 9.9991E-05 0.146786 0.121654
0.0212061 0.206118 0.0167712 0.755905
0.144104 0.0688466 9.9991E-05 0.786949
9.9982E-05 0.149482 9.9982E-05 0.850318
9.9991E-05 0.104383 0.166811 0.728705
0.0924957 0.0566465 0.0632527 0.787605
0.266708 0.232237 0.408413 0.0926427
0.268438 0.149607 0.579904 0.00205079
0.168187 9.9991E-05 0.75182 0.0798932
0.233816 0.278029 0.488055 9.9991E-05
