0.016208 0.146093 0.666028 0.171571 9.9991E-05
0.0376371 0.0700002 0.770018 0.122245 9.9991E-05
0.0223044 0.201737 0.559786 0.216073 9.9991E-05
0.0126785 9.9982E-05 0.765468 0.221653 9.9982E-05
9.9973E-05 9.9973E-05 0.931253 9.9973E-05 0.0684468
9.9982E-05 9.9982E-05 0.863819 0.0893009 0.0466798
9.9982E-05 0.0789817 0.667588 0.253231 9.9982E-05
0.0306924 9.9982E-05 0.826327 0.14278 9.9982E-05
0.0103826 0.185416 0.688162 0.0210928 0.0949467
0.0290105 0.167073 0.526548 0.277269 9.9991E-05
0.0453285 0.0596861 0.334769 0.508497 0.0517194
0.0514008 0.237024 0.464792 0.217589 0.0291933
0.0349519 0.0971433 0.0251022 0.825106 0.0176966
9.999E-05 0.185899 0.48756 0.269714 0.0567267
0.047382 0.205293 0.665844 9.9991E-05 0.0813819
0.0186712 0.0605016 0.762435 0.158292 9.9991E-05
0.00828328 0.244085 0.667372 0.0512345 0.0290251
0.0326512 0.0847233 0.882426 9.9982E-05 9.9982E-05
0.0510231 0.503606 0.174244 0.134068 0.137059
9.9982E-05 0.681386 0.152352 0.166063 9.9982E-05
0.0289514 0.732212 0.238637 9.9982E-05 9.9982E-05
9.9973E-05 0.83484 9.9973E-05 0.16486 9.9973E-05
0.0544741 0.909778 9.9982E-05 0.0355481 9.9982E-05
0.0524672 0.702757 0.224821 9.9991E-05 0.0198555
9.9982E-05 0.698554 0.25865 0.0425952 9.9982E-05
0.00908308 0.911062 0.0796552 9.9982E-05 9.9982E-05
0.0202511 0.884525 9.9982E-05 9.9982E-05 0.0950234
0.0234204 0.903258 9.9982E-05 9.9982E-05 0.0731216
9.9982E-05 0.956286 0.00494928 9.9982E-05 0.0385647
9.9991E-05 0.804107 0.077134 0.0591867 0.0594718
0.00397436 0.931855 9.9991E-05 0.00211439 0.061956
0.036079 0.821347 0.103775 9.9991E-05 0.038699
0.0659654 0.865374 0.0364138 0.0120755 0.0201715
0.0709131 0.171841 0.45465 0.302496 9.9991E-05
9.9991E-05 0.287445 0.639445 0.0419299 0.0310802
9.9982E-05 0.146136 0.709205 9.9982E-05 0.144459
0.030862 0.0459795 0.672728 0.228087 0.0223438
0.000895241 0.125903 0.596646 0.184639 0.0919169
0.9996 9.997E-05 9.997E-05 9.997E-05 9.997E-05
0.0123154 0.755598 0.0186022 0.213384 9.9991E-05
0.0269401 0.113258 0.743122 9.9991E-05 0.116581
9.9982E-05 0.201951 0.65457 0.143279 9.9982E-05
0.00571851 0.303442 0.208061 0.403833 0.0789455
0.0507116 0.0783643 0.144861 0.629712 0.0963514
0.00487678 0.0257944 9.9982E-05 0.969129 9.9982E-05
0.9996 9.997E-05 9.997E-05 9.997E-05 9.997E-05
0.064893 0.232273 0.462839 0.218046 0.0219487
9.9991E-05 0.165371 0.272411 0.461594 0.100524
0.0530529 0.379173 0.276939 0.220772 0.0700633
0.0309554 0.0114363 0.0169511 0.218533 0.722124
0.029151 0.00875666 0.00640054 0.18852 0.767172
9.9982E-05 0.0296284 0.189438 9.9982E-05 0.780734
0.0688057 0.0258226 0.043672 0.191137 0.670563
0.0614723 0.0998407 9.9982E-05 9.9982E-05 0.838487
9.9982E-05 0.125676 0.0389788 9.9982E-05 0.835146
9.9973E-05 9.9973E-05 0.26552 9.9973E-05 0.73418
0.0108915 0.0764933 0.0238302 0.0604467 0.828338
0.0424911 0.0998552 9.9991E-05 0.0380056 0.819548
0.0450871 9.9991E-05 0.125458 0.0466269 0.782728
0.0340796 9.9991E-05 0.0710228 0.328962 0.565835
0.00393904 0.10541 9.9991E-05 0.124997 0.765554
9.9991E-05 0.105252 0.0301616 0.169885 0.694602
0.0562832 0.0181597 9.9991E-05 0.638298 0.287159
0.00257537 0.789165 0.0843933 0.0640269 0.0598397
0.0395332 0.745588 0.0875812 0.127197 9.9991E-05
0.0061486 0.845593 0.148058 9.9982E-05 9.9982E-05
0.0201091 0.0592304 0.0320603 0.218046 0.670554
0.0725462 9.9982E-05 9.9982E-05 0.475256 0.451998
0.000983095 0.124804 0.0817543 0.0662046 0.726254
0.0545849 9.9982E-05 9.9982E-05 0.269565 0.67565
0.0326513 9.9982E-05 0.13171 9.9982E-05 0.835438
0.00169874 9.9991E-05 0.235904 0.631234 0.131063
0.0136664 9.9991E-05 0.0786593 0.881568 0.0260068
0.0122452 0.0056701 0.0802113 0.826143 0.0757303
0.0252149 0.01351 9.9982E-05 0.961075 9.9982E-05
0.0415369 0.0575327 9.9982E-05 0.900731 9.9982E-05
0.0439469 9.9982E-05 9.9982E-05 0.942183 0.0136698
0.0172819 0.048372 0.100925 0.820548 0.0128731
9.9982E-05 9.9982E-05 0.109114 0.220191 0.670495
0.120125 0.0345613 0.0710026 0.368314 0.405998
0.0224256 0.058401 9.9991E-05 0.212185 0.706888
0.0702724 0.0576694 9.9991E-05 0.141802 0.730156
0.0153204 9.9991E-05 0.19399 0.0349512 0.755638
0.0461719 0.667098 0.0440994 0.24253 9.9991E-05
9.9991E-05 0.137713 0.00254397 0.546542 0.313101
9.9982E-05 9.9982E-05 0.0632788 0.817402 0.11912
0.9996 9.997E-05 9.997E-05 9.997E-05 9.997E-05
0.00257853 0.200363 0.646338 0.150621 9.9991E-05
0.0409494 0.155493 0.725451 0.0780069 9.9991E-05
0.0353201 0.0966424 0.620059 0.217109 0.0308696
0.0303255 0.250372 0.43918 0.180934 0.099189
9.9982E-05 0.0293754 0.854464 9.9982E-05 0.115961
9.9982E-05 0.0254266 9.9982E-05 0.83538 0.138994
0.0656117 0.53418 0.206409 0.184867 0.00893245
0.0733841 9.9991E-05 0.0754098 0.662163 0.188943
0.0325323 0.307081 0.295824 0.304268 0.0602937
0.00418902 0.105558 0.885508 9.9991E-05 0.00464557
9.9982E-05 0.0479074 0.685877 0.266015 9.9982E-05
9.9982E-05 0.206022 0.527631 0.266147 9.9982E-05
0.0173201 0.0464429 0.636863 0.250261 0.0491129
9.9982E-05 0.0207577 0.560202 0.41884 9.9982E-05
0.0136012 0.106175 0.616406 0.263717 9.9991E-05
0.0273647 0.0260428 0.0824806 0.691499 0.172613
0.0656391 0.0383723 0.0845698 0.731202 0.0802167
0.0730613 9.9991E-05 0.0566787 0.690074 0.180086
0.00819935 0.2105 0.253609 0.527592 9.9991E-05
9.9991E-05 0.150064 0.267302 0.493116 0.0894183
9.9982E-05 0.490493 0.44869 9.9982E-05 0.0606169
0.0267533 9.9982E-05 0.212638 9.9982E-05 0.760408
0.0248684 0.0349853 9.9991E-05 0.244744 0.695302
9.9991E-05 0.118865 0.0230589 0.750434 0.107542
0.0427112 0.193432 0.178096 0.458826 0.126935
0.0690306 0.20063 0.0199388 0.622995 0.0874055
9.9973E-05 0.70655 9.9973E-05 0.29315 9.9973E-05
0.0210034 0.0698271 9.9991E-05 0.32927 0.579799
9.9982E-05 9.9982E-05 0.0625252 0.309364 0.62791
9.9982E-05 9.9982E-05 0.0865017 0.469573 0.443725
0.0883673 0.441642 0.386044 0.0732608 0.0106856
9.9982E-05 0.239896 0.709141 9.9982E-05 0.0507629
0.0133052 0.0135486 0.712956 0.231459 0.0287315
9.9991E-05 0.0563455 0.747059 0.0782388 0.118257
9.9982E-05 0.357613 0.605102 0.0370856 9.9982E-05
0.011303 0.120131 0.717527 0.143708 0.00733187
9.9982E-05 0.103033 0.830231 9.9982E-05 0.0665363
0.00528862 0.0214315 0.868054 9.9991E-05 0.105126
9.9991E-05 0.392216 0.513379 0.0575328 0.0367719
0.0100478 0.158722 0.753676 0.0542616 0.0232924
0.0431317 0.157348 0.692003 0.107418 9.9991E-05
0.0345949 0.093459 0.793719 0.067748 0.0104788
0.0011427 0.257954 0.494243 0.146943 0.0997167
0.0502411 9.9991E-05 0.829303 0.0455566 0.0747997
0.00524218 0.260083 0.419431 0.315143 9.9991E-05
9.9991E-05 0.0148671 0.825627 0.136497 0.022908
9.9973E-05 0.835219 9.9973E-05 0.164481 9.9973E-05
9.9982E-05 0.863273 0.0146648 0.121863 9.9982E-05
0.00159915 0.917232 0.080969 9.9982E-05 9.9982E-05
0.00706818 0.717554 0.151417 0.0700992 0.0538613
0.0193841 0.723755 0.0934444 0.123017 0.0403996
0.0269658 0.00269526 0.672571 0.211892 0.0858767
0.0376145 0.170895 0.662187 0.129203 9.9991E-05
9.9973E-05 9.9973E-05 9.9973E-05 0.132824 0.866876
0.0447749 0.0784498 0.042287 0.0260977 0.808391
0.0102574 0.0110698 0.0850994 9.9991E-05 0.893473
0.00259678 0.0489769 0.0572058 0.282822 0.608399
0.0301244 9.9991E-05 0.127408 0.0307192 0.811648
0.0229384 0.143188 0.00826755 0.0192217 0.806384
0.0279112 9.9991E-05 0.0326781 0.0805571 0.858754
0.0123489 0.0748589 9.9991E-05 0.0872052 0.825487
9.9991E-05 0.0495176 0.0175714 0.0879104 0.844901
9.99865E-05 0.121291 9.99865E-05 0.0342651 0.844244
0.0201521 9.9991E-05 0.0688407 0.114256 0.796651
0.0438847 0.0390359 0.101023 0.0641476 0.751909
0.0200691 0.0385639 0.166689 9.9991E-05 0.774578
0.0129144 0.0471779 0.0376194 0.0483397 0.853949
9.9991E-05 0.00313067 0.0121986 0.213774 0.770797
0.0225237 9.9982E-05 0.0975561 9.9982E-05 0.87972
0.00536308 0.0821615 0.0628851 9.9991E-05 0.84949
9.9991E-05 0.0708721 0.0823754 0.737413 0.10924
9.9973E-05 9.9973E-05 0.154359 0.845341 9.9973E-05
9.9982E-05 9.9982E-05 0.0055885 0.193819 0.800393
0.0208696 0.0803011 0.185001 0.011225 0.702604
9.9973E-05 9.9973E-05 9.9973E-05 0.175011 0.824689
9.9982E-05 9.9982E-05 0.157025 0.717342 0.125434
0.0405861 9.9991E-05 0.838902 0.109372 0.0110392
0.0372544 0.231199 0.685589 0.0368328 0.00912453
9.9982E-05 0.431874 0.320607 0.247318 9.9982E-05
9.9982E-05 0.584785 0.307167 0.107848 9.9982E-05
0.00398231 0.805229 0.0467949 0.112729 0.0312641
9.9982E-05 0.883158 9.9982E-05 0.0863234 0.0303183
0.00393391 0.749253 0.16237 0.0843437 9.9991E-05
0.0241568 0.762223 0.0621945 0.151326 9.9991E-05
0.0338175 0.778128 9.9991E-05 0.141335 0.0466187
0.0539951 0.786572 0.064405 9.9991E-05 0.0949274
9.9982E-05 0.116358 0.809368 9.9982E-05 0.0740737
0.0450792 0.0255582 0.685354 0.190654 0.0533549
0.0394773 9.9991E-05 0.719476 0.210309 0.0306384
9.9982E-05 9.9982E-05 0.753835 0.219561 0.0264045
0.00646298 9.9982E-05 0.758727 0.23461 9.9982E-05
9.9973E-05 9.9973E-05 0.559149 0.440551 9.9973E-05
0.0152738 0.118131 0.641035 0.22546 9.9991E-05
0.00319508 0.186559 0.620405 0.152962 0.0368784
0.0329313 0.0597809 0.686807 0.209712 0.0107694
0.00154164 0.179904 0.569935 0.23385 0.0147699
0.0315791 0.139692 0.669489 0.130545 0.0286942
0.137024 0.644941 0.111341 0.0881115 0.0185819
0.0272623 0.0507202 0.00420565 0.184541 0.73327
0.0308338 0.0987019 0.0022311 0.0701567 0.798077
0.0175005 0.00288582 9.9991E-05 0.176226 0.803287
0.00370373 0.0164076 0.157061 0.116737 0.706091
0.0251354 0.083115 0.0796906 0.00243301 0.809626
0.0272713 0.213935 0.490789 0.15975 0.108254
0.0344964 0.263374 0.548018 0.133973 0.0201383
0.055355 0.171465 0.678595 0.0944849 9.9991E-05
0.071949 0.252608 0.517072 0.158271 9.9991E-05
