0.211605 0.0194921 9.9991E-05 0.768803
0.138714 0.0210888 9.9991E-05 0.840098
0.271104 0.0214161 9.9991E-05 0.707379
0.0951663 0.00976612 0.0309058 0.864162
0.0862374 0.0172902 0.0231851 0.873287
0.0356104 0.00814014 0.0466386 0.909611
0.0897587 9.9991E-05 0.0364152 0.873726
9.9982E-05 0.0403988 9.9982E-05 0.959401
0.203775 0.0366026 0.0574465 0.702176
0.287126 0.0275046 0.0288055 0.656564
0.0755505 0.0685541 0.186973 0.668923
0.309615 0.00683382 0.0702434 0.613308
0.112233 0.0590814 0.302056 0.526629
0.250025 9.9991E-05 0.0987103 0.651165
0.248138 0.0352947 0.0446885 0.671879
0.0981113 9.9982E-05 9.9982E-05 0.901689
0.287368 0.0211871 9.9991E-05 0.691345
0.154092 0.0393638 9.9991E-05 0.806445
0.588343 0.0505072 0.185134 0.176015
0.729347 9.9991E-05 0.0423601 0.228193
0.781366 0.0206328 9.9991E-05 0.197901
0.942822 0.0073709 0.0416469 0.00815979
0.911184 0.0623789 0.0263368 9.9991E-05
0.814368 0.0567165 0.00983955 0.119076
0.695602 9.9982E-05 9.9982E-05 0.304198
0.994195 0.00560534 9.9982E-05 9.9982E-05
0.913771 0.0507747 0.035354 9.9991E-05
0.909624 0.0353024 0.0549733 9.9991E-05
0.9997 9.998E-05 9.998E-05 9.998E-05
0.904189 0.00620749 0.0802061 0.00939719
0.985976 0.0096013 0.004323 9.9991E-05
0.896063 0.0371464 0.0128833 0.0539078
0.883175 0.0558196 0.012133 0.0488728
0.211758 0.0944892 0.0237432 0.670009
0.250297 9.9991E-05 0.0448927 0.704711
0.187365 9.9991E-05 0.0646399 0.747895
0.112947 0.0324616 0.00975491 0.844836
0.137742 0.0231129 0.119103 0.720042
9.998E-05 0.9997 9.998E-05 9.998E-05
0.924857 0.0156477 0.0359009 0.0235947
0.267862 9.9991E-05 0.0809686 0.65107
0.177619 0.00108269 9.9991E-05 0.821198
0.362241 0.0211863 0.162377 0.454196
0.106141 0.0549791 0.315713 0.523168
0.124487 0.0113282 0.291201 0.572984
9.998E-05 0.9997 9.998E-05 9.998E-05
0.260516 0.0918406 0.0918542 0.555789
0.186595 9.9991E-05 0.233319 0.579986
0.350956 0.0465756 0.13226 0.470208
0.00815495 0.0354575 0.850375 0.106013
0.0313141 0.0221394 0.862189 0.084358
0.0639571 9.9991E-05 0.850905 0.0850381
9.9991E-05 0.0660293 0.801666 0.132205
0.0330006 0.0588889 0.90801 9.9991E-05
0.0762453 9.9982E-05 0.923555 9.9982E-05
9.9982E-05 9.9982E-05 0.784012 0.215788
0.0176827 0.0219921 0.874595 0.0857306
0.0522048 0.0541596 0.893536 9.9991E-05
9.9991E-05 0.0546769 0.868287 0.0769363
9.9991E-05 0.0477554 0.705995 0.246149
0.103081 9.9982E-05 0.89672 9.9982E-05
0.0434639 0.00739929 0.800549 0.148587
0.0485658 0.0830257 0.526739 0.34167
0.810564 0.0313031 0.0452754 0.112858
0.83678 0.04349 0.0124501 0.10728
0.926278 0.000183081 9.9991E-05 0.0734392
9.9991E-05 0.0106177 0.78215 0.207132
0.0585185 0.11107 0.694512 0.135899
0.0413853 0.0177684 0.81729 0.123556
0.105967 0.0608987 0.825756 0.00737843
9.9991E-05 0.0822317 0.877127 0.0405418
9.9991E-05 0.02086 0.348519 0.630521
0.0492085 0.0204894 0.341435 0.588867
0.0878497 0.0148225 0.375582 0.521746
0.0734042 0.0372866 0.308209 0.5811
0.115807 0.0386423 0.287052 0.558498
0.0701559 0.0344662 0.3391 0.556278
0.152082 0.032329 0.274646 0.540943
9.9982E-05 9.9982E-05 0.79761 0.20219
9.9991E-05 0.144018 0.590083 0.265798
0.122103 0.0388741 0.831342 0.00768052
0.109499 0.0579969 0.832404 9.9991E-05
9.9991E-05 0.0409741 0.766805 0.192121
0.784245 0.0266296 0.090135 0.0989903
0.144233 9.9991E-05 0.490871 0.364796
9.9982E-05 9.9982E-05 0.427177 0.572623
9.998E-05 0.9997 9.998E-05 9.998E-05
0.260975 0.00380442 9.9991E-05 0.73512
0.190654 0.0399512 9.9991E-05 0.769295
0.230078 0.0429729 0.0167537 0.710195
0.301687 0.0412361 0.101197 0.55588
0.173439 9.9991E-05 0.0358236 0.790637
0.036087 0.00792865 0.441389 0.514596
0.66933 0.0371844 0.0542377 0.239247
9.9991E-05 0.085052 0.410146 0.504702
0.352726 0.0196485 0.149345 0.478281
0.194836 0.0186077 9.9991E-05 0.786456
0.107125 0.00557049 0.0332657 0.854039
0.226736 9.9991E-05 0.0269161 0.746248
0.103574 0.0223355 0.117456 0.756634
0.0675422 0.0122893 0.0201095 0.900059
0.146821 9.9982E-05 9.9982E-05 0.852979
0.0561541 0.0398726 0.40645 0.497523
0.154388 0.0717787 0.355368 0.418465
0.0115007 0.0841491 0.392728 0.511622
0.307816 0.0237551 0.121483 0.546946
0.157383 9.9991E-05 0.262365 0.580152
0.474927 0.0065805 0.0374897 0.481003
0.0397755 0.0222512 0.825514 0.11246
0.0697516 0.0242834 0.836044 0.0699212
0.221289 9.9991E-05 0.401987 0.376624
0.200752 0.0423732 0.316753 0.440121
0.326081 0.0542608 0.311007 0.308651
0.862522 9.9991E-05 0.0213341 0.116044
0.117918 0.0537834 0.78328 0.0450182
0.0421309 9.9991E-05 0.788122 0.169647
9.9982E-05 9.9982E-05 0.676118 0.323682
0.542012 0.0749878 9.9991E-05 0.3829
0.283759 0.0153919 0.0250656 0.675784
0.0478345 0.0217233 0.03319 0.897252
0.114804 9.9991E-05 0.105041 0.780055
0.485008 9.9982E-05 9.9982E-05 0.514792
0.250026 0.0104611 9.9991E-05 0.739413
0.108355 9.9991E-05 0.0277977 0.863747
0.0259921 0.0174791 0.0372913 0.919238
0.433761 9.9991E-05 0.0332276 0.532911
0.179652 0.00222554 9.9991E-05 0.818022
0.196058 0.0357232 9.9991E-05 0.768119
0.179864 0.0434379 9.9991E-05 0.776599
0.305381 9.9991E-05 0.103546 0.590973
0.0309314 0.054416 0.034829 0.879824
0.32154 0.00621514 0.0785731 0.593671
0.107215 9.9991E-05 0.028672 0.864013
0.979498 9.9982E-05 0.0203017 9.9982E-05
0.968914 9.9982E-05 9.9982E-05 0.0308862
0.960212 0.0395881 9.9982E-05 9.9982E-05
0.832973 0.0154163 0.04344 0.108171
0.84287 0.0048767 0.0606646 0.0915883
0.0127353 0.0167492 0.0863845 0.884131
0.161015 0.0294454 9.9991E-05 0.809439
9.998E-05 9.998E-05 0.9997 9.998E-05
0.091641 0.0530567 0.834852 0.0204504
0.0383829 0.0183052 0.92489 0.0184217
0.0909841 9.9991E-05 0.748729 0.160187
9.9991E-05 0.0431439 0.900145 0.0566107
0.114325 0.00761831 0.877956 9.99942E-05
9.9991E-05 0.0338586 0.915527 0.050514
0.0960547 9.9982E-05 0.903745 9.9982E-05
0.0907513 9.9991E-05 0.898518 0.0106303
0.0747194 0.0195213 0.905659 9.9991E-05
9.9991E-05 0.0478032 0.858122 0.0939744
9.9991E-05 0.0518145 0.827052 0.121033
0.0778821 0.0172192 0.83951 0.0653891
0.0841202 0.00814988 0.90763 9.9991E-05
9.9991E-05 0.0176268 0.902898 0.0793754
9.9991E-05 0.0509823 0.913207 0.0357103
0.0902839 0.0135711 0.896045 9.9991E-05
0.0926115 0.00565602 0.383858 0.517874
0.0711191 9.9991E-05 0.236034 0.692747
9.9982E-05 9.9982E-05 0.916333 0.0834674
9.9991E-05 0.0208225 0.737642 0.241435
0.0567952 0.0149257 0.928179 9.9991E-05
9.9982E-05 9.9982E-05 0.360956 0.638844
0.0555252 0.0187059 9.9991E-05 0.925669
0.227308 0.0416417 9.9991E-05 0.73095
0.488078 9.9991E-05 0.0670056 0.444817
0.596361 0.00797736 0.0253987 0.370263
0.915184 9.9991E-05 0.0330642 0.0516517
0.950539 0.00875063 0.0406102 9.9991E-05
0.874159 0.0173997 9.9991E-05 0.108342
0.88658 0.0141615 0.0389956 0.0602625
0.82586 0.00602743 0.103578 0.0645339
0.865084 0.0481907 0.0593539 0.0273716
0.16323 0.00730024 0.00665974 0.82281
0.0909555 0.0475728 0.0665945 0.794877
9.9991E-05 0.0457994 0.0388125 0.915288
9.9982E-05 9.9982E-05 0.0759641 0.923836
9.9982E-05 0.0110502 9.9982E-05 0.98875
9.9991E-05 0.0019995 0.0858298 0.912071
0.253723 0.013117 0.00791658 0.725244
0.224157 0.0253664 0.0573111 0.693165
0.0780847 0.0511882 0.0349502 0.835777
0.197356 0.00582226 0.0313375 0.765484
0.143571 0.0292473 0.0385276 0.788654
0.698588 0.150148 0.0557714 0.0954925
9.9991E-05 0.0196485 0.842755 0.137496
0.0950242 0.0695483 0.835328 9.9991E-05
0.00144599 0.0273905 0.948551 0.0226125
0.00174584 9.9991E-05 0.801389 0.196765
0.153 0.0406588 0.806241 9.9991E-05
0.329589 0.0251817 0.143643 0.501586
0.346824 0.0398966 9.9991E-05 0.61318
0.162371 0.0729973 9.9991E-05 0.764531
0.263175 0.0592086 9.9991E-05 0.677517
