9.9964E-05 9.9964E-05 0.144702 0.715465 0.139434 9.9964E-05 9.9964E-05
9.9982E-05 0.038841 0.0710708 0.493021 0.0522628 9.9982E-05 0.344604
0.0304986 0.0227563 0.194089 0.743234 0.0092223 9.9982E-05 9.9982E-05
0.0235936 9.9973E-05 0.0377546 0.779643 0.158709 9.9973E-05 9.9973E-05
0.0783159 9.9964E-05 9.9964E-05 0.823069 9.9964E-05 9.9964E-05 0.0982155
9.9982E-05 0.00372507 9.9982E-05 0.684676 0.00994207 0.10397 0.197487
9.9973E-05 9.9973E-05 9.9973E-05 0.552343 0.121457 0.0688541 0.257047
9.9973E-05 0.0190096 9.9973E-05 0.623548 0.169251 9.9973E-05 0.187892
0.054236 0.0117782 0.147008 0.0847302 9.9991E-05 0.0460008 0.656147
0.0182919 0.0449898 0.165752 0.255535 0.15636 9.9991E-05 0.358971
0.123783 0.0357665 0.00644952 0.200007 0.425149 9.9991E-05 0.208745
0.0450597 0.0213461 0.127847 0.145628 0.0856008 0.0224933 0.552026
0.0415604 0.0529881 0.0110865 9.9991E-05 0.68168 0.0389752 0.17361
0.139455 9.9973E-05 0.144803 9.9973E-05 0.0436408 9.9973E-05 0.671802
0.0440975 0.0371534 0.132662 0.284649 9.9991E-05 0.041876 0.459462
9.9973E-05 9.9973E-05 0.0178368 0.233411 0.172149 9.9973E-05 0.576303
9.9973E-05 9.9973E-05 0.120648 0.261451 9.9973E-05 0.0682549 0.549346
9.9964E-05 0.0266806 9.9964E-05 0.483059 9.9964E-05 9.9964E-05 0.48986
0.12082 0.0684657 0.488193 0.00366483 0.143015 0.0325283 0.143312
9.9973E-05 9.9973E-05 0.652777 9.9973E-05 0.0384605 0.0267967 0.281666
0.0319543 0.0046014 0.652492 0.123131 0.0190146 9.9991E-05 0.168706
0.016978 9.9982E-05 0.790335 0.0523941 0.104433 0.0356604 9.9982E-05
0.0183788 0.0429181 0.82584 9.9991E-05 0.0951394 0.0101408 0.00748314
0.0203736 0.0449244 0.706131 9.9982E-05 9.9982E-05 0.0405298 0.187842
9.9973E-05 9.9973E-05 0.639447 0.157596 0.112013 9.9973E-05 0.0906446
9.9973E-05 0.0109316 0.865383 0.118913 0.0044724 9.9973E-05 9.9973E-05
0.0128185 0.020973 0.868001 9.9982E-05 0.00823216 0.0897751 9.9982E-05
9.9973E-05 0.0275058 0.722674 9.9973E-05 9.9973E-05 0.107885 0.141635
0.0531281 9.9964E-05 0.860307 0.0861654 9.9964E-05 9.9964E-05 9.9964E-05
9.9973E-05 9.9973E-05 0.755597 0.100652 0.0133998 0.130051 9.9973E-05
9.9973E-05 9.9973E-05 0.796009 9.9973E-05 0.045671 0.0469804 0.11104
0.113244 0.00897856 0.73545 0.0300636 9.9982E-05 9.9982E-05 0.112064
9.9991E-05 0.0518594 0.730923 0.0165737 0.084256 0.00249002 0.113798
0.0135167 0.0710601 0.148853 0.354795 0.211878 9.9991E-05 0.199797
0.0456853 9.9982E-05 0.195077 0.527412 9.9982E-05 0.016369 0.215257
0.0289321 9.9973E-05 0.0723245 0.807249 9.9973E-05 0.0911941 9.9973E-05
9.9982E-05 0.0242446 0.0616626 0.730225 0.113176 0.0704916 9.9982E-05
0.05358 9.9991E-05 0.147225 0.272207 0.123139 0.093662 0.310087
9.995E-05 0.9994 9.995E-05 9.995E-05 9.995E-05 9.995E-05 9.995E-05
0.0177331 0.0411988 0.771778 9.9973E-05 0.16899 9.9973E-05 9.9973E-05
0.093792 9.9982E-05 0.145856 0.621866 9.9982E-05 0.0380517 0.100234
9.9982E-05 0.00296649 0.0986852 0.458587 0.164929 9.9982E-05 0.274632
9.999E-05 0.00557888 0.227623 0.137306 0.241097 0.141469 0.246826
0.0788048 0.0531993 0.0493028 0.0569219 0.52731 0.0908472 0.143614
9.9982E-05 0.0055965 0.0231028 0.114961 0.795353 0.0607869 9.9982E-05
9.995E-05 0.9994 9.995E-05 9.995E-05 9.995E-05 9.995E-05 9.995E-05
0.0880601 0.0603814 0.208383 0.182619 0.144411 9.9991E-05 0.316045
9.9982E-05 9.9982E-05 0.133602 0.114127 0.305785 0.185396 0.26089
0.119797 0.0260589 0.324882 0.145645 0.134914 9.9991E-05 0.248604
0.1136 0.0236024 9.9982E-05 9.9982E-05 0.0644449 0.744846 0.0533071
0.331744 0.02888 9.9982E-05 9.9982E-05 0.047754 0.52259 0.0688328
0.415437 9.9973E-05 9.9973E-05 0.0249537 9.9973E-05 0.459811 0.0994982
0.347587 0.050282 9.9991E-05 0.0420559 0.0719416 0.448607 0.0394261
0.635009 0.0445361 0.0515428 9.9982E-05 9.9982E-05 0.258948 0.00976435
0.421566 9.9964E-05 9.9964E-05 9.9964E-05 9.9964E-05 0.464487 0.113547
0.564432 9.9964E-05 9.9964E-05 9.9964E-05 9.9964E-05 0.175823 0.259345
0.0509825 9.9964E-05 9.9964E-05 9.9964E-05 9.9964E-05 0.791008 0.157609
9.9955E-05 0.0258983 9.9955E-05 9.9955E-05 9.9955E-05 0.973602 9.9955E-05
0.650845 0.0404884 9.9982E-05 0.0262594 0.105796 0.176411 9.9982E-05
0.200247 0.019076 9.9991E-05 0.132482 0.158009 0.478373 0.0117139
9.995E-05 9.995E-05 9.995E-05 9.995E-05 9.995E-05 0.9994 9.995E-05
0.393238 9.9983E-05 0.0670054 0.0392505 0.143975 0.356331 9.9983E-05
0.090572 0.061479 9.9982E-05 9.9982E-05 0.554561 0.271011 0.0221768
0.0575595 0.0262032 0.66792 0.0528232 0.0786831 9.9991E-05 0.116711
0.00833707 0.0201056 0.758443 0.182032 0.00329246 0.0276902 9.9991E-05
9.9964E-05 0.0010765 0.85623 0.142294 9.9964E-05 9.9964E-05 9.9964E-05
0.437086 0.0190126 9.9991E-05 0.0577253 0.0256238 0.336104 0.124348
0.452015 0.0543767 9.9973E-05 9.9973E-05 0.364182 0.129126 9.9973E-05
0.741963 0.0197785 0.0244001 0.0719881 0.0622522 0.0709053 0.00871277
0.475001 0.0425012 9.9982E-05 9.9982E-05 0.14163 0.275959 0.0647084
0.854596 0.0435241 0.0635699 0.0147668 9.9982E-05 0.0233431 9.9982E-05
0.0772589 9.9982E-05 9.9982E-05 0.00972811 0.541635 0.151102 0.220076
9.9964E-05 9.9964E-05 9.9964E-05 9.9964E-05 0.629657 0.0538019 0.316141
0.029445 0.00820277 0.00831951 9.9991E-05 0.688323 0.118001 0.147609
0.0172675 0.0221852 0.00296094 9.9973E-05 0.957286 9.9973E-05 9.9973E-05
9.9964E-05 0.00309926 0.116901 9.9964E-05 0.8796 9.9964E-05 9.9964E-05
9.9964E-05 0.0180935 9.9964E-05 9.9964E-05 0.920484 0.0610222 9.9964E-05
9.9982E-05 0.00731969 0.0763701 0.176486 0.670135 0.0694903 9.9982E-05
0.391386 9.9973E-05 9.9973E-05 9.9973E-05 0.0114197 0.363026 0.233868
0.263648 0.132632 0.0210259 0.0412249 0.445057 0.096313 9.9991E-05
0.328548 0.0225343 0.0796913 9.9982E-05 0.107572 0.461454 9.9982E-05
0.319481 0.0424947 0.108545 9.9982E-05 9.9982E-05 0.501792 0.0274864
0.662052 0.0196667 9.9973E-05 9.9973E-05 9.9973E-05 0.0778543 0.240127
0.0812779 0.0231083 0.628769 9.9982E-05 0.0358245 9.9982E-05 0.23082
0.137581 0.000280161 0.0796661 9.9991E-05 0.52953 0.137804 0.11504
0.121271 9.9973E-05 9.9973E-05 9.9973E-05 0.815853 0.00318265 0.0593933
9.995E-05 0.9994 9.995E-05 9.995E-05 9.995E-05 9.995E-05 9.995E-05
9.9982E-05 0.00227004 0.196999 0.498079 0.130942 9.9982E-05 0.17151
9.9991E-05 0.0302673 0.0886691 0.649083 0.0109866 0.0538785 0.167016
9.9991E-05 0.0462634 0.103662 0.121444 0.156182 0.0425062 0.529842
0.0982526 0.0490759 0.198607 9.9982E-05 0.10264 9.9982E-05 0.551225
0.113994 9.9982E-05 0.0433848 0.579297 0.00915541 9.9982E-05 0.253969
9.9964E-05 9.9964E-05 9.9964E-05 0.026636 0.78204 0.190925 9.9964E-05
9.9991E-05 0.0408661 0.53081 0.179822 0.176508 0.0490261 0.0228671
0.197633 0.0772257 9.9973E-05 0.131475 0.593366 9.9973E-05 9.9973E-05
0.0742305 0.0150272 0.251018 0.228893 0.391745 9.9991E-05 0.0389867
9.9973E-05 9.9973E-05 0.117356 0.256729 9.9973E-05 0.0396673 0.585948
0.00965331 9.9982E-05 0.0356215 0.570688 0.24402 9.9982E-05 0.139817
9.9982E-05 9.9982E-05 0.127678 0.354589 0.202527 0.0193167 0.295689
9.9964E-05 9.9964E-05 9.9964E-05 9.9964E-05 0.0496653 0.0791203 0.870815
9.9964E-05 9.9964E-05 0.00266217 0.625469 0.371469 9.9964E-05 9.9964E-05
9.9973E-05 9.9973E-05 0.00680442 0.0286768 0.104986 9.9973E-05 0.859232
0.137489 0.0188608 0.0479756 0.128067 0.560088 0.10742 9.9991E-05
0.05672 0.0808679 0.0709469 0.0350932 0.649017 0.0469121 0.0604424
0.11076 0.0905402 9.9991E-05 0.0530887 0.669433 0.0748792 0.00119922
9.9964E-05 9.9964E-05 0.1804 9.9964E-05 0.601111 9.9964E-05 0.218089
0.0467792 9.9991E-05 0.115251 0.00767515 0.434066 0.0851914 0.310937
0.0851473 0.00098824 0.373605 0.246177 9.9982E-05 9.9982E-05 0.293882
0.485442 0.00886668 9.9973E-05 0.159381 9.9973E-05 0.34601 9.9973E-05
0.541781 0.0350672 0.0511719 0.0147887 0.131738 0.225354 9.9991E-05
0.0261619 9.9982E-05 0.124775 0.179873 0.437724 0.231267 9.9982E-05
9.9982E-05 0.0152155 0.0585995 9.9982E-05 0.286471 0.266246 0.373267
9.9982E-05 0.055776 0.193382 0.149998 0.402042 0.198602 9.9982E-05
9.9955E-05 9.9955E-05 0.711818 9.9955E-05 0.287682 9.9955E-05 9.9955E-05
0.645909 0.0336855 0.053504 9.9973E-05 0.266601 9.9973E-05 9.9973E-05
0.342598 9.9982E-05 0.00312612 9.9982E-05 0.156278 0.388892 0.108906
0.282423 9.9973E-05 9.9973E-05 0.0588626 0.483045 0.175369 9.9973E-05
0.0862684 0.0575221 0.483265 0.297106 9.9991E-05 0.00798814 0.0677501
0.0770913 0.00513035 0.239854 0.642211 9.9982E-05 9.9982E-05 0.0355133
0.0594291 0.00954771 0.015186 0.584604 0.133075 0.0118057 0.186353
0.108237 0.0010501 0.0810792 0.751954 0.0315619 0.0260174 9.9991E-05
0.00263722 9.9973E-05 0.368801 0.440329 9.9973E-05 9.9973E-05 0.187933
9.9991E-05 0.022154 0.145288 0.535439 0.0477041 0.0556612 0.193654
0.0656118 9.9964E-05 0.0677914 0.866197 9.9964E-05 9.9964E-05 9.9964E-05
9.9973E-05 0.0232305 9.9973E-05 0.732121 9.9973E-05 0.0863378 0.158011
0.0624026 9.9982E-05 0.295895 0.318488 0.104435 9.9982E-05 0.21858
0.0428623 9.9973E-05 0.0169807 0.102032 9.9973E-05 9.9973E-05 0.837825
9.9982E-05 0.0374852 0.0706277 9.9982E-05 0.0313764 0.0155771 0.844734
9.9964E-05 0.0162893 9.9964E-05 0.0493245 9.9964E-05 9.9964E-05 0.933986
9.9982E-05 9.9982E-05 0.200692 0.348421 0.0566745 0.148082 0.24593
0.059245 0.0449429 9.9973E-05 0.0250781 9.9973E-05 9.9973E-05 0.870434
9.9964E-05 9.9964E-05 0.134323 9.9964E-05 0.168641 9.9964E-05 0.696637
0.0303637 9.9982E-05 0.0649904 0.67015 0.0680019 9.9982E-05 0.166294
9.9964E-05 9.9964E-05 0.86875 9.9964E-05 0.117264 0.0135863 9.9964E-05
9.9973E-05 9.9973E-05 0.828206 0.15491 0.00812348 0.00846109 9.9973E-05
9.9964E-05 0.0414199 0.813938 9.9964E-05 9.9964E-05 9.9964E-05 0.144242
9.9991E-05 0.00615513 0.74252 0.00587067 0.0500806 0.0814248 0.113849
0.0414199 0.0263079 0.73153 0.127505 0.0512254 0.021912 9.9991E-05
0.0495267 0.00633427 9.9991E-05 0.572677 0.173518 0.054968 0.142875
9.9982E-05 0.0480781 0.130338 0.683477 0.123763 0.014144 9.9982E-05
0.184538 9.9964E-05 9.9964E-05 0.000693929 9.9964E-05 0.814369 9.9964E-05
0.844472 0.016619 0.0179187 9.9991E-05 0.0597241 0.00171886 0.0594472
0.841824 9.9973E-05 0.031181 9.9973E-05 9.9973E-05 0.0985348 0.02816
0.682688 9.9964E-05 0.0370885 9.9964E-05 0.279824 9.9964E-05 9.9964E-05
0.771152 0.030661 9.9982E-05 9.9982E-05 0.0371222 0.129535 0.0313298
0.656945 9.9973E-05 0.12129 9.9973E-05 9.9973E-05 0.180128 0.041337
0.91982 0.000699099 9.9964E-05 9.9964E-05 0.0790811 9.9964E-05 9.9964E-05
0.428312 9.9973E-05 0.0716375 0.0361745 9.9973E-05 0.463576 9.9973E-05
0.540187 9.9982E-05 0.115469 0.00536056 0.00213847 0.336645 9.9982E-05
0.682649 9.9973E-05 0.0754237 9.9973E-05 0.0414719 0.200156 9.9973E-05
0.819676 0.0362834 9.9982E-05 9.9982E-05 0.0817452 0.0445197 0.0175754
0.631247 0.0332755 0.0206674 9.9991E-05 0.056286 0.162666 0.0957586
0.727829 0.00317122 0.0602049 0.0623226 9.9991E-05 0.0912679 0.0551041
0.598287 0.00825704 0.0495343 0.0193706 9.9982E-05 0.324352 9.9982E-05
0.600565 0.0160285 9.9982E-05 0.0348515 0.124496 0.223859 9.9982E-05
0.935324 9.9955E-05 9.9955E-05 0.064176 9.9955E-05 9.9955E-05 9.9955E-05
0.692848 0.0134705 0.0753095 0.0147884 0.0312333 0.17225 9.9991E-05
0.153298 9.9973E-05 0.0186451 0.0457945 0.781963 9.9973E-05 9.9973E-05
9.9964E-05 9.9964E-05 9.9964E-05 0.0154248 0.872649 9.9964E-05 0.111527
0.67301 9.9973E-05 9.9973E-05 0.036988 0.0868173 0.202885 9.9973E-05
0.241242 0.0222228 9.9982E-05 0.1904 9.9982E-05 0.525932 0.0200035
9.995E-05 9.995E-05 9.995E-05 9.995E-05 9.995E-05 0.9994 9.995E-05
9.9973E-05 9.9973E-05 9.9973E-05 0.0227733 0.701537 0.130198 0.145192
0.0977007 0.00833109 9.9964E-05 0.893568 9.9964E-05 9.9964E-05 9.9964E-05
9.9982E-05 0.0274727 0.169209 0.680304 0.00214071 9.9982E-05 0.120674
9.9973E-05 9.9973E-05 0.433265 0.380887 0.0984273 0.0871207 9.9973E-05
9.9973E-05 9.9973E-05 0.567433 0.106351 0.138857 9.9973E-05 0.187059
0.00288549 0.000672705 0.777477 0.010627 0.0680754 0.0470248 0.0932376
9.9964E-05 9.9964E-05 0.742855 9.9964E-05 9.9964E-05 0.118511 0.138234
9.9973E-05 0.0129426 0.755674 0.149637 9.9973E-05 9.9973E-05 0.0814464
0.0365034 0.0142831 0.711363 9.9982E-05 0.0507954 9.9982E-05 0.186855
9.9982E-05 0.0327729 0.644706 9.9982E-05 0.120066 0.0870337 0.11522
0.135983 0.0333652 0.706585 0.0575501 9.9982E-05 9.9982E-05 0.0663166
9.9982E-05 0.0179984 0.0676709 0.806475 0.0459397 0.0617156 9.9982E-05
9.9982E-05 0.0522475 0.0369516 0.758811 9.9982E-05 0.139746 0.0120437
9.9982E-05 0.0283958 9.9982E-05 0.661887 0.0980756 0.103221 0.10822
0.0178711 9.99641E-05 9.99641E-05 0.689253 0.292476 9.99641E-05 9.99641E-05
9.9982E-05 0.013925 9.9982E-05 0.707602 0.130836 0.0481988 0.0992384
0.00884995 9.9973E-05 9.9973E-05 0.529114 0.373073 9.9973E-05 0.0886624
9.9982E-05 0.00326192 0.169675 0.213945 9.9982E-05 0.0685599 0.544359
9.9982E-05 0.00733047 0.06152 9.9982E-05 0.0278594 0.0906869 0.812403
0.0642346 9.9964E-05 0.0553182 9.9964E-05 9.9964E-05 9.9964E-05 0.880047
0.0729613 9.9982E-05 0.144231 0.0794773 0.035625 9.9982E-05 0.667505
0.105055 0.0200141 9.9973E-05 0.162689 9.9973E-05 9.9973E-05 0.711942
0.0913531 0.129879 0.607933 9.9973E-05 9.9973E-05 9.9973E-05 0.170534
0.140372 0.00979419 9.9991E-05 0.0619435 0.0489326 0.721696 0.0171622
0.3856 0.0490741 0.087574 9.9991E-05 0.0484906 0.421229 0.00793303
0.862069 9.9982E-05 0.0137584 9.9982E-05 0.105422 0.0137722 0.00477828
0.594847 0.00790661 9.9991E-05 0.0363174 0.179963 0.142324 0.0385413
0.684171 0.0202946 0.0711945 0.100771 9.9982E-05 0.123369 9.9982E-05
0.0454411 0.00702309 0.236112 0.0405405 9.9991E-05 0.123695 0.547089
9.9991E-05 0.0343458 0.23987 0.260999 0.0166091 0.0097309 0.438345
9.9982E-05 0.0384313 0.0600652 0.133433 9.9982E-05 0.0274139 0.740457
9.9982E-05 0.0540407 0.217496 0.213243 0.211075 9.9982E-05 0.303946
