IBR/IBR_outputs/all.combrep_1/Silt_Total.Spinifex_Total.WeatheringIndex_Total/Silt_Total.Spinifex_Total.WeatheringIndex_Total.asc
NCOLS 160 
NROWS 95 
XLLCORNER 210004.651214014 
YLLCORNER 7350008.22228844 
CELLSIZE 4999.99999999997 
NODATA_value -9999 
[rows 42 to 62 of 95, columns 46 to 91 of 160]
8.11211727136684 8.88709556734593 9.35539283800434 9.41975691074772 7.42306780560119 7.0989980195914 7.43303863285231 8.10123473257166 6.75457795143437 7.08370866326147 7.37101910743156 9.48978423200722 8.45578404022855 8.42394676394856 5.56741569729159 6.1383918366807 7.6937589861612 6.4144778133888 5.99906343443399 6.51445911720307 7.68927441801175 6.33149572815736 6.04677481048109 7.10756085120956 11.6373673281555 14.290167685096 13.569274130997 8.0662133413505 7.60856309492399 7.2446666988492 5.20370123867354 5.60886150063622 6.29945295011065 5.39595053471915 7.72185358337474 5.81453379009902 5.20499895298154 5.74164246842584 10.0641715912498 15.8939557718723 5.30406097105955 4.12703390212643 6.60331643200801 4.31859607097318 3.24319173163655 5.33891073356902
7.973869996821 8.14149087003549 8.11707582657815 8.22658076020006 8.61181055609391 7.50483667932156 6.71362730113864 6.8589915939891 7.16470885154219 7.74859445289009 12.8288967805687 15.6215672692311 16.1990313997129 9.07558811249293 8.83834255279728 11.0763315669943 11.4328136756468 9.31669709436651 6.119557504694 6.51045785768719 6.36120459131468 6.76792095699448 6.97951989219188 6.5987812511857 8.29926904064034 12.0828893154942 15.6451578300959 12.0101742598975 6.4174986026667 5.3901429143494 9.87338309007532 5.02828449830977 5.08433502365694 5.92568483438037 6.79359227682675 7.37446772086882 6.99779408551816 10.490957375897 16.923814389035 9.26202270037648 4.8768706287847 4.971724804113 5.79607482534657 5.39486091073975 4.35419844069401 4.27313282655329
5.74909704889749 6.29249533056162 7.32341202642446 6.72984723683417 6.58139835619373 6.74306247323791 6.62540147155743 7.05779216243171 10.4809099102838 14.3633238843665 11.2897745381078 8.13138910447863 8.868795986568 11.2335550023917 14.8145768584514 14.0182111883967 10.8645147961507 11.486140184025 9.65422159357233 9.75733294005435 11.8646062201915 8.72492956113079 5.00042305410793 5.73879997853757 5.9066226243888 6.50617705865495 10.8640474460287 12.4964164064789 7.75640852805042 6.01818921557673 4.89403507308375 5.34836383911893 6.10247264803615 10.4346397898603 6.79884246484029 7.52087357352964 6.90496271358874 6.74527145674101 6.34822372033912 5.78691830907574 5.55239958562059 5.39558693761717 5.72829252652253 5.68304141471754 5.73772642805675 5.72144307420231
5.00055136608256 4.99046713282365 5.09375894216537 6.37329571554249 6.63710708886104 6.67884229406503 7.16023611201321 8.7177122648866 11.7455011160817 7.52179140917787 5.72863154704403 6.01611622952884 6.20216614574695 6.99298597756492 10.3622423958258 11.8271086920961 12.587898146575 11.9723798687971 16.2539216001841 16.6702956125261 14.6410926160011 12.8271692387534 7.10014416346395 5.55612402895622 5.38990560184505 4.70246804697767 5.2156170147402 7.33665307786536 8.4256067378972 7.90696957780924 6.70925356206756 5.31718452438874 6.32516621950219 9.21072439252013 8.52300206800828 5.9678838665645 6.74871520907989 7.32556824751237 6.60567471594197 6.97046262495438 6.27034663169456 5.35021035605547 7.40010628250702 7.29521502520253 6.70174341274544 6.67850666798841
4.52841768684264 4.43752604418199 4.09681100257738 5.16819014945814 5.88665723505266 6.05324716443417 6.42210300279997 5.48731309045053 5.17702093799271 5.27388084651919 4.64468085786179 4.83931752050652 4.82731130852215 5.34035186544716 5.39016958565694 5.44850047476486 7.84975563683409 9.49434801042921 12.6042094779469 15.7535625220987 10.9320893916836 9.23465959493829 7.88787482015226 6.32782440229608 5.77435872128822 4.96996815891019 6.20085708340745 6.72826781333843 6.38103413432231 7.90264225948225 7.20975143968676 6.15231164646205 7.06085399735035 9.6235086394552 10.10494647793 8.38133072668818 6.97700889782457 7.44411476231074 7.97376540092895 7.12850765452767 5.8695400656967 6.99290696185441 8.64430590659109 7.96733623894008 5.84095623196368 5.82274579496597
5.21674634859978 5.03519531498286 7.27442461424687 6.73395297314689 5.37306068740452 6.5331569703547 5.10668690051421 4.48215495037715 5.82146612209075 4.38195698952196 4.2588865739178 3.84303898932345 4.11857678326196 4.33934508244482 4.52723499178025 5.78897735912339 6.14856946000344 4.74238505220492 5.83664395222574 6.07180349785352 5.35995272993881 4.80620073106991 5.29484829779838 6.60639480691919 5.91227818508872 4.40810964388702 10.5759203875882 15.3352777235253 19.3413280021047 14.9143100957436 7.66314512477679 6.54839325996252 6.72968751461406 7.83623411101209 11.4552436514368 13.5299772070258 10.1569106925519 8.47446464361291 7.91635258231949 6.67470740761801 6.65347897711989 7.66452567951327 8.54794356282153 6.54157766604846 5.89137820932933 4.35158921229511
5.93566750043451 8.15588859733568 7.81461832460863 5.9492117591912 3.97604380026758 4.28088988549837 5.28214764425043 5.21293208144336 4.19414940052838 4.52364589559165 4.96617315547589 4.45719600955451 4.02621006673846 3.88190828766757 4.19827998741055 4.64656598600502 5.57857263373619 5.5132115242983 5.2003790731106 5.39624264060516 5.76223351616865 3.95683703335793 4.00675418974279 5.73192793803094 6.37602687195675 8.24695153506914 14.7521252057079 20.1971589047358 20.0544329657354 19.4378081411321 19.9866774528934 15.2252990268604 9.00883899035824 9.2750288112589 10.21987671019 14.0616604385109 9.95138764332646 8.44674662298879 7.9986716339441 8.96592116357285 8.31723489488162 7.96237852844765 8.49042055121024 8.93932720533801 7.76583628608378 5.17407201677816
6.00441565526474 5.7400792341425 5.57677799786058 4.71876079800311 4.74477229510832 4.83769517929665 5.42271690446579 4.67683835624345 3.80083352871538 3.85198004326504 5.40840950479854 5.44376405795797 4.32860077718295 4.33573213997298 4.41897070320286 4.40580307324434 5.07615508979869 5.20447767244813 4.91721385765894 5.40846123308001 5.61359984374422 5.21910286723302 4.67372512186041 5.64242406665443 5.28545834979785 6.37142003133943 8.08242272098391 7.21741772823807 7.57658590335586 10.5998611256194 15.7512443530956 21.577794891173 14.0258585032038 8.70214858839391 13.9982659578954 13.3205459932907 11.8132059913086 10.9794812597856 10.5526131544601 8.76291902984823 9.19496792986596 8.8364437778913 8.05464473818178 7.51354918993926 6.47571635341196 6.06501037035968
5.8882796863514 5.41014381777913 4.96459413688852 5.14486031126742 4.89691846224495 4.15205024172818 5.00994591080683 6.41226586598813 4.33197790171786 4.41173792017531 8.84476347642441 17.4580113039199 9.86936098047869 5.04496174292322 4.46689093127144 4.2556165561326 4.35517876395764 4.30833623133351 4.27822317573873 5.76356416582968 6.01076640918894 5.46932895203807 5.01481870530842 5.44274166867539 5.75278494023806 5.23916456968429 6.29011955776013 7.83461292258985 9.79229463723729 6.03919687186765 6.52952559473496 10.9633190270744 16.3195183814767 8.32168061467322 8.56396299895083 13.3415683583673 11.0734774327426 8.20485036819789 8.64631701226503 7.32441048162119 10.6357009774593 11.2435187122732 13.2532584276475 9.87465368552967 6.0394858667347 6.38240951987526
4.74203010609635 4.99321260651738 4.97397882106674 5.09058325382688 4.8073683012089 4.05822764777758 4.64147626515811 4.67051813872553 5.20272546925303 4.70180492089718 5.69477425385027 15.9581172702348 5.39536834228144 4.99837207876547 5.61697197587457 5.08652378226018 5.24008231245882 5.0726364742656 4.1060144314755 5.8422280925851 5.8791753982997 5.49401516387395 5.05909003644047 5.14305448746344 5.75489783577174 5.67095337211375 5.94335107840236 5.01441552829577 4.86272446356074 4.72585501557616 5.63108625596045 6.51008490060555 11.0786851468986 13.1816898284719 8.18262903645442 8.04098105552983 6.96814231015391 6.68350938617927 6.10490289200119 6.36451662976086 8.02464124480084 9.3379722291396 8.8527553403586 10.9915217725145 10.7465472455562 6.9299873267955
5.02196946122603 5.67625798001983 6.68053988018715 5.09111758203133 4.79188470715283 4.71828108766803 4.15920939896103 5.18635531803884 5.62128792082558 5.67689413937342 5.55318789380172 5.4107357589286 4.82577332340869 4.7247901671674 4.96519190233019 5.10563163531212 5.71199424395237 4.57496941552471 4.53212011306484 4.73094515501092 5.25531684616893 5.89190924024049 5.54429596494718 4.97023174911635 5.65993327046301 5.62792891696778 5.25589764766476 4.84074940552167 4.62028991601172 5.40152766436553 6.46302739625065 5.21545324905483 7.80758686748743 15.8136456739622 7.8710860585591 6.99834857233199 7.68260834332859 7.06395301969086 6.95780049698662 7.69699612466473 8.30864617629184 7.64645132954667 6.87528311651946 7.75903582709278 7.06805796668156 8.49357035184992
5.01746614910535 5.07621447739441 4.87104671044573 4.91594182256652 4.82726379596524 4.74807966057376 4.78548434899169 5.12822571034663 5.77375640434401 5.44830090549554 5.62365573530269 4.86333467505324 4.90529065006966 5.30919718016352 5.00072160731432 5.45806168507685 5.48308010685665 4.54282170145703 4.38995413750098 4.47219547587928 4.98422656265501 5.31260432641208 5.32616959913104 5.63504314617385 5.68861536275837 5.64020307281019 5.16491772350523 4.92479862951437 4.65063975140275 5.79696139964172 7.54435521999832 5.30552261748996 5.50949966832229 12.4107859203408 17.8768531775072 15.7280202646711 15.1257085102483 13.4151681690183 13.6095432443281 13.4056610739859 12.264607961016 8.46938683636635 7.44518802976068 6.7957920106543 7.06490426352896 6.2870521509048
4.62761029834806 4.84109038962295 4.92795326764611 5.99957276886556 5.28485582249516 4.73162373133169 4.88998611137646 5.21517791557183 4.99821789306605 4.9933859562565 5.02192986902513 5.11069110165919 4.67626183863068 5.41271193963215 5.62627167153777 5.0885207447564 5.54644200894049 4.86773425523969 4.23820170538416 4.53948501330949 5.53272917501915 5.33528649072022 5.46641898136428 6.577020371775 6.40707003701335 6.03520012699795 5.18746099514914 5.07891950205359 5.05147885889623 5.01720413995311 5.21600594588654 5.39883800217071 5.02319470013343 4.64998522301238 6.99714619153518 12.948475484712 9.5676590392128 11.9225837526413 19.075649319886 21.4618787799207 21.4795752396476 18.9882394179672 18.0447660263746 11.6826842575557 7.91676588919553 6.86393917782351
4.96425088227091 7.11552501402194 5.61630159998163 5.4122531996173 5.31002035862668 5.04734088200949 5.05624421351007 4.81923853129525 4.58190647863082 4.87701788856904 4.69023178635479 5.33926245267289 4.79368026011716 5.46249674758526 5.7950948097797 6.22205956912771 5.92304794026622 5.53311516164926 4.70367883700328 4.52104155347206 4.81934046769947 5.49205056289384 5.37434612070188 6.07663202884436 7.08709335264025 5.80673295684209 5.23422485179676 5.64588246729763 5.74460040305331 4.92269865290908 4.95859781384967 5.99373131309316 6.07806698349273 5.40341287990149 5.92126089966797 5.9190760029143 5.18874591003808 6.10284011588505 6.61683532833728 7.33340668317565 10.0220383386312 16.5955602911391 15.884253071608 15.6035539713265 16.8391113949787 12.685908105633
5.28991937972286 5.22905281184555 5.39612984382147 5.43293609234733 5.54445884437264 5.46922420373938 6.0372491808404 5.50079213455814 5.15781186749705 5.04279822516544 5.49256326086521 5.46999071832957 5.347602601353 5.40903726104882 5.64201514634332 5.52800743945072 5.8584740191749 5.66071335568914 5.23566828488097 5.27602847559463 5.346946789191 5.87732437446597 5.8885503381894 6.19058553838323 6.69791287293597 5.15478455632169 5.67952905458445 5.59432047075052 5.79673743685445 5.19448257071404 5.98167615644016 5.53559397504056 5.14301797495265 5.47343048291683 6.15236286660461 8.3024010046656 7.42975811331224 10.0348637266267 7.41318992602964 7.15091013443051 6.04113836320718 12.5780758975234 15.3063299366517 13.1948434139413 17.1691978197031 18.7153703019779
4.86753442830149 4.77073750859137 5.34221912859119 5.63244171280629 5.42375870088493 5.65866321773814 5.84655392834325 5.53334878735979 5.31677876887152 5.33009851681377 5.45457606900965 5.36297891800931 6.85911082554098 5.65163295289385 4.74993614267913 4.87131746067371 7.42338023060344 7.33290119649474 6.46645550463629 6.8050350409646 7.18502110779237 7.48158162440973 6.16393178757413 6.67658826501889 6.51098472540981 6.37543305609166 8.1464615362508 12.4782356322126 14.3743099773266 12.1261433079595 15.9784172974421 13.4167494738284 6.66992674618622 6.01417465215402 5.66406762283589 6.81342965302058 6.13348923265842 7.30376080788785 9.20380864799477 10.8714032530184 6.9821377169806 5.32036631301659 6.29258612779414 9.58366725703209 9.51653708931084 11.468886276387
4.84730110157671 4.59737563011914 4.79174659751188 5.83257959001239 5.95327591777181 6.12819738169373 5.80976258817717 5.51699110268256 6.0884085009725 6.68452430084775 5.92693774594884 6.1858004876271 6.60596948459292 5.50420652337302 4.91963589484852 5.14755482212143 5.97351887913433 10.9580283745311 6.15807793080929 6.82692959995528 7.84448009340539 8.2235196920266 13.6191227521233 9.32329741696014 9.99225122090742 13.1386411726892 12.0659478013747 13.5164029581048 19.1295587773107 11.494465763522 7.61812780707398 13.6970668260395 8.35409470880286 5.96417849900098 7.1913609989568 5.16992568481831 4.79581933613216 4.37132154348249 4.74763687423532 8.06920195640207 7.98412622269893 8.07949176789145 6.77881481862553 6.16372749870182 4.26909589742534 5.19135831097739
4.5625691594754 4.59099455056313 5.48693979938983 5.29274023607353 5.86899218250056 6.11559610448094 6.12379834300728 6.4479456833674 7.21352547413375 6.44940006613766 5.94060563806571 6.10955129277446 5.82422541207414 5.48803939876956 5.62885453811627 5.60279961199637 5.65813495103586 5.39401155993655 5.37481200375296 8.83893188644859 8.01285186156576 8.53877586215676 10.9952721703061 7.23979255924732 9.11503392199584 11.7358610544761 16.5145029931541 16.0964284769102 18.3437878208032 15.2739095338659 6.90765669264355 14.0377058705358 6.60013292396978 5.49308763982337 5.16402761944909 4.75180975957489 4.64282809687984 4.51729287747609 4.6173736998323 5.37881748354574 5.40264218608707 6.54920693758145 6.95095661689031 6.22558902245451 6.61908151596727 5.15884026459797
6.14194797655213 5.96086705096309 6.3187714863162 8.07589326603257 6.42674331974173 5.63096666642767 5.72479284098686 5.27749661717975 5.95383364274037 6.68401699919324 5.6755482281428 5.14831508156307 4.83040249092445 4.75496378858976 5.40144930819022 5.50762879626362 5.11982388699122 5.56213199838695 5.79031375920671 8.48595340197657 8.39717125432158 8.54564866866571 7.09527052734162 9.35688874993225 12.2096950756396 14.4758593025994 12.2827463181339 9.92874427614454 7.93853447816467 10.9009735160577 7.63957847267046 16.8069911836315 6.50602041057443 6.4710154441105 5.17893016318535 5.65480727208727 6.08160607806711 6.9222798258293 5.66220529413933 4.88869434070915 5.18972031419774 6.24257322547321 7.03400060396616 5.38596977606192 7.44634180697706 8.00688386106854
5.8669274058978 6.49100245802252 6.44028477321773 6.79967461326583 7.88775276627373 6.18585546075675 6.32417313401675 6.89680953243329 6.12269239999114 6.29722847307353 6.92282027223935 5.55703217603477 5.4019444872062 5.27583234320833 5.21668100333897 5.74974093665846 5.32427698708645 9.29957572263336 6.2150524102794 5.86577457703678 6.07932809897327 8.25507260364091 6.88076791697509 7.18287700595651 8.66129884895516 11.7009404168001 10.2281553295365 10.1545806697273 8.45479541033198 10.1903451049127 7.97502160379082 12.4297051186965 10.1722000172274 5.92370007955591 6.79457566477642 5.60360229579786 5.38846341907694 7.29437158127483 10.5566776573611 8.91597047798862 4.84324043750306 5.21048896442046 6.8792440596168 6.35733910011034 6.08054627757166 10.1029633120429
5.46622093972791 6.07717593636458 6.47855823160038 6.62985949113646 7.13814931220258 5.87584456079638 5.00496557146523 6.34234754120261 6.32789504690365 5.92691403011275 5.29680556986386 5.5451048389808 5.39050130738991 5.45231704493198 5.71526097182025 5.62188778268272 6.61079411864821 8.10662802024891 8.58667984897925 7.60800236030834 6.73767869475157 6.68323625115109 6.73064830077439 6.08977392757368 7.34934870001135 9.93138459201612 10.9986576564009 8.09489294346812 6.24835192806357 6.83021679249588 6.80866460881265 8.39831585004606 9.04093241433592 5.19642830788151 5.57434661665184 5.08511471718899 4.95251556796089 5.86082232129179 6.22957592397664 6.73807020949322 4.87825055674426 5.63992024803176 8.44818204951575 8.02837515700411 8.48587788196183 7.65247611773554
