0,25.9795595392116,25.6880096444981,28.3558170615193,35.9321658564787,33.3921287528205,38.3437817632524,35.1266475863503,66.6303288379673,69.2285448808381,101.360090539783,58.7505202844582,60.3475250309197,63.1979961212493,68.051075606458,73.4487543282843,63.1368405655646,68.5451173051261,65.9627962037483,62.1053718438843,46.9022341551816,50.1666974013275,48.8949332891018,77.62090345798,122.589855776568,135.069862827916,73.249864203323,73.9610566900715,72.1985233371589,61.1473337323088,60.3389638947436,63.6026987696317,91.258099348681,48.1881745835105,76.6600644368878,73.8536319433105,58.0869647648763,89.680485838182,93.1138143873446,92.6872050340927,87.3020656291077,88.0543617073676,88.819744385022,88.4867358138271,95.3976982217013,95.7751539306049,105.786189498002,95.1518973417085,103.395450602416,95.2306514573591,96.7554598988612,55.3144069249489,54.4214970086278,54.7971059240056,54.4425118119268,55.5477207647288,52.5999908444549,52.8146277126582,54.9962520269025,46.9070067447414,46.7689847130044,47.0873155649197,44.8857334315815,107.137446893424,48.2650939912905,66.7852326778477,110.025222225132,112.093297233278,108.097008274597,102.146803930976,91.9895427011433,91.0947017993225,95.8023874906281,94.3888009638015,91.7223074194075,68.0204030220269,72.3915078952838,76.3144385413058,49.1496413692941,49.648106161706,58.8835395579324
25.9795595392116,0,29.042812674211,26.1284069499638,30.2921710352133,35.4713864114088,39.9661016184775,35.043234489154,66.9844982807705,69.5890159282801,102.74980766973,59.1288307868161,60.7188352299644,63.5679823481405,69.6414815038236,74.9780457016048,64.0488647377709,69.4846155428394,66.8681653931745,63.0548935518996,48.6273784957524,51.9802956982784,50.7057775013593,78.7674688409009,124.097923574148,136.559125720805,74.2298327289205,74.9945694939817,73.8725658345303,61.5150543051352,60.7010559713554,63.9846201302071,92.7582911835759,50.0758115991427,78.1677228696473,75.3644271176029,58.4777112366352,91.0937810611909,94.5296026600652,94.1009855199221,88.7013834930498,89.4531001006305,90.2165399050767,89.8831023871723,96.7979120943419,97.1800745855947,107.187786249018,96.5548280903157,104.79745420513,96.632723508824,98.162597652721,56.5221531288998,55.6514577143093,56.0549914711588,55.5466197961982,57.0093152737105,54.0523703574337,54.2275652279993,57.1202731433665,48.7997611036077,48.805516151534,49.1413464375776,47.1337827682569,107.927299691391,49.0211117407435,67.6542638543665,111.460088624207,113.531105662778,109.533527292378,103.581844365238,93.3783927052795,92.4838172588735,97.1987567979929,95.7859076561627,93.1032120565553,69.2453426705301,73.6195852880209,77.6965281427957,50.6193395061914,52.0357595811204,59.1763548395045
25.6880096444981,29.042812674211,0,34.8480761131982,39.048407106748,25.8377881700911,33.6108685128455,28.6516129655138,67.2165243179256,69.802967096021,101.467081028163,59.4329338444623,61.0256432007264,63.835248127671,68.2412837528957,73.5687266311977,64.4487754517483,69.8381661632019,67.2541693089477,63.414159720453,48.1663890569668,51.2470769159277,50.0528807043117,77.4821986286535,122.836763599208,135.290469852199,73.1180353276146,73.8069313476748,72.5865270851266,61.3648929829594,60.5419383521568,63.9536227410252,91.4710379169796,49.0493412755809,76.7416979806,73.9242499289238,58.810322740097,89.8052215141037,93.241389543613,92.8138953573806,87.4114455980923,88.1639847674585,88.9268034697086,88.5941767238858,95.5127008768376,95.8945825391601,105.903251844779,95.2692926416929,103.513211464875,95.3474950760697,96.8771974654106,56.6646254510275,55.7879186988026,56.1306381126966,55.8165879933903,56.7826804208728,53.8686710022691,54.1158320168394,53.0047462214466,48.2079146928923,48.0171474222448,48.4737595948651,46.2064357680511,108.307259770822,46.5898076741326,66.4532657391932,110.177719753247,112.249130516833,108.251272062541,102.299291091306,92.0929012593965,91.1978719292951,95.9136867221835,94.5004291912509,91.8183670887102,67.5518039863723,71.9811339789469,76.3176204491344,48.3301994743516,50.295650428251,59.4642844015726
28.3558170615193,26.1284069499638,34.8480761131982,0,27.0961721343769,39.2737899072972,42.6857974719278,39.5698676064548,66.0119880625468,68.6279871170737,102.25701010126,58.056713842896,59.6514713680121,62.5422884322757,69.0887767414811,74.4805908405872,62.3573078396907,67.8179047875676,65.1986803493606,61.372015385947,47.1245082278902,50.6699429780201,49.3243095132842,78.4727009806262,123.490809029005,135.973680706398,73.927225106799,74.7112965042876,73.157171203611,60.9141973873594,60.1154613762872,63.2483607243072,92.1801412824021,48.982290515538,77.7011101195743,74.907070437822,57.3634514028168,90.5868398059533,94.0203506975017,93.5924042752815,88.2069135434592,88.9584030204614,89.7239387300907,89.3901627176288,96.2987183174109,96.6773087085435,106.686900176316,96.0537096779182,104.295991794304,96.132040221685,97.6579592541385,54.8295612362721,53.9451279269938,54.3874670844104,53.8130196884617,55.4731822719673,52.4820854011323,52.618280245711,58.1621469508555,47.3128707488911,47.4124369922457,47.6314488330954,45.7503751802388,106.377214120308,50.0285850999575,67.5264178055836,110.930423428294,112.998722910506,109.002427419276,103.052195712188,92.8886311346025,91.9942240784348,96.702555296252,95.2894547278604,92.6193305576769,69.2205234916133,73.5475447182495,77.2900415088877,50.8640286759229,51.2511597568018,58.214722076386
35.9321658564787,30.2921710352133,39.048407106748,27.0961721343769,0,42.282595931716,45.1073652819319,41.7256665259163,66.5662810891752,69.1902102665101,103.999775899453,58.6456406492817,60.2309401369988,63.1187110079146,71.0504686543115,76.3739450903674,63.6831996967299,69.1730100051252,66.5123041678506,62.7424581762956,49.3715414647308,52.9633818954538,51.6315340637589,79.9428346924784,125.370919463527,137.831662213964,75.2123249993155,76.0566631946368,75.2210451860258,61.4869609246898,60.6822345267732,63.8346060541689,94.0490866728913,51.3073571261544,79.5695991226391,76.7784134764431,57.9704661959869,92.3563321018907,95.7927214836798,95.3625394550432,89.9603101377404,90.711179907782,91.4744569718103,91.1402324043072,98.0533970497423,98.4373719890807,108.443202186922,97.8114876309313,106.052776596522,97.8888498110062,99.4205714035677,56.5165319814647,55.6630930016539,56.1288309504897,55.38398674479,57.4264521118518,54.4329067239631,54.5321002477445,60.5390970947183,49.7364459547128,49.9567829478547,50.2344780894473,48.507376145381,107.529175773074,51.282957609107,68.7028889740301,112.725039579764,114.796740431463,110.798947111076,104.846999511009,94.63026417527,93.7361386860711,98.4528314211301,97.0405550699585,94.3518923435944,70.784227979743,75.1125913624014,79.0204785532677,52.6861938196094,53.9703125258413,58.6884754616805
33.3921287528205,35.4713864114088,25.8377881700911,39.2737899072972,42.282595931716,0,25.9221104736428,25.6237897618173,67.4940751011986,70.0681933910197,101.264990069598,59.8048794074779,61.3938305378882,64.1626351733789,68.1437699903985,73.3905243464415,65.4298665978434,70.8030405601868,68.2162492272246,64.3937758299375,49.1578622919418,52.0811839066458,50.9594640251023,76.9995703569718,122.790572979936,135.215233429393,72.6375088134463,73.3030761759914,72.7055654740779,61.2676693818032,60.4300903227367,63.9920472353319,91.3887190242423,49.6862770603294,76.5204414404721,73.6913124941826,59.2223317845246,89.623435401566,93.0627798614975,92.6342208258699,87.2124436831253,87.965209790964,88.7251746516323,88.3929323811207,95.3197623848808,95.7066408192628,105.712593071657,95.079065165803,103.32332216044,95.1566293396917,96.6918487614385,57.6929855020947,56.8317848795302,57.1464862681903,56.8614427971238,57.7198553601669,54.8365494172495,55.1109522562547,50.5493667930278,49.2579749187336,49.0462364107792,49.624924201877,47.3395582259177,109.153079006047,44.2658784991887,65.7449654875518,110.026793387986,112.101931907077,108.102325831937,102.148365195407,91.8868691416478,90.9916519807557,95.7165721877715,94.3037075864498,91.604077455753,66.6989735544346,71.1950355791964,76.0025983710968,47.0902946583101,50.8661868755106,59.7417606279104
38.3437817632524,39.9661016184775,33.6108685128455,42.6857974719278,45.1073652819319,25.9221104736428,0,28.6671451180228,67.7793437781221,70.341155538016,101.094294883607,60.1797140588547,61.7654365614792,64.4949669278832,68.0957392069527,73.2547788220311,66.3822612222802,71.7421130399008,69.1513949167457,65.3464325917517,50.1711470896182,52.9647855800512,51.9081395612611,76.5239515959959,122.785494549621,135.179555074882,72.1576993606689,72.8002405543381,72.8829333687182,61.1871041411873,60.335487342801,64.0438493037936,91.3469416142631,50.39957642663,76.3388349243774,73.4979782695273,59.6351724595485,89.4748541278338,92.9175846713985,92.4878138106383,87.0454725328835,87.7984340298162,88.5553719852076,88.2234953563358,95.1590205242149,95.5512728451624,105.554256307529,94.9212489401677,103.165793382422,94.9981109010462,96.5392554851955,58.7009973879238,57.8544675603521,58.1460864960048,57.8787534494884,58.66073297092,55.8045673651579,56.1008283469145,48.3636322633965,50.3429557965523,50.1343093925656,50.8153357837679,48.5457004506803,109.978812715879,41.6539209309269,65.0165036591658,109.910912024041,111.990021170442,107.988559970285,102.032496493942,91.7120995746246,90.8167060963223,95.5513442761055,94.1389243252215,91.4204102317361,65.8282978454703,70.3972747415594,75.715109161138,45.8214194883564,51.6486724023383,60.0312208577865
35.1266475863503,35.043234489154,28.6516129655138,39.5698676064548,41.7256665259163,25.6237897618173,28.6671451180228,0,67.8581569070209,70.4361309566447,102.51710970489,60.2009275683779,61.783697181825,64.5464576563348,69.5775357383586,74.7739682929602,66.289341478523,71.6812050639709,69.0690096919239,65.280679318815,50.6184091871513,53.6270870965073,52.4938244135688,78.0397229639188,124.141066451076,136.550471642133,73.5174013032841,74.2344049466399,74.1969348153702,61.5879006463423,60.7419655360722,64.348751829268,92.7349456178072,51.3124253216213,77.8874745016626,75.0626152490406,59.6330491456063,90.896102144112,94.337528915402,93.9071605543239,88.4733801678608,89.2255773252588,89.9839514107196,89.6512691841363,96.581016925024,96.9719144513347,106.974957665599,96.342654778526,104.586004694107,96.4194618366889,97.9589945602275,58.7753418685471,57.9302802985035,58.2663949759473,57.8670085716388,58.9956791379396,56.1030035184847,56.3463420847561,53.3732207512026,50.8289152126733,50.724242988551,51.288466385565,49.1453838161336,109.908702638549,44.580238576807,66.4963326720972,111.317174740115,113.394771711808,109.394098256122,103.438911478963,93.1385073972383,92.2435574106037,96.9745519652141,95.562350918661,92.8489114961645,67.8328529067073,72.3297087457817,77.2574717267501,48.5420697258964,52.9392283688465,60.0530063787527
66.6303288379673,66.9844982807705,67.2165243179256,66.0119880625468,66.5662810891752,67.4940751011986,67.7793437781221,67.8581569070209,0,30.640882250354,113.559322125478,39.2642671976969,39.9423344727215,37.6790485268452,83.2078352678284,87.8452453866696,71.1462575428448,76.4521205845646,73.405737613397,70.5054321729845,64.8613942043218,68.3949267203533,67.2549246173235,86.7479687268416,136.501054575902,148.714009983932,79.5016878936782,81.322645721868,88.3233982637236,55.6289573804404,55.4091570250858,52.1976589561252,105.075677974375,66.6380608870849,90.8204607709322,88.0916510120761,41.6852207257174,102.24039590515,105.709534470127,105.251069536431,99.6605787618956,100.402381900061,101.140937647781,100.799624142219,107.757752332564,108.205132719988,118.164938153899,107.552704130726,115.779484816968,107.618083686601,109.217851341305,68.153224159818,67.7361066939732,68.1457446447038,66.1788148694094,70.9017857637857,67.9909444738998,67.908544630262,78.9681159614828,66.162040772776,66.842750978229,67.5478124519944,66.3631215214637,110.009087509311,66.9373612668188,74.1480327488086,122.889842602154,125.00052601102,120.985750342228,115.014315877919,104.183529094817,103.29380251128,108.105564622816,106.703847777961,103.798417260677,80.6041297820035,84.6236182441569,88.7208382896261,66.1830806273717,71.3310504913233,41.7591926570244
69.2285448808381,69.5890159282801,69.802967096021,68.6279871170737,69.1902102665101,70.0681933910197,70.341155538016,70.4361309566447,30.640882250354,0,115.966933833222,42.1184755979867,43.1349193491278,40.9842693293573,85.6791552099466,90.2984033786992,73.8244754862098,79.1251719012004,76.0834066271397,73.1783900405056,67.4635603667198,70.9805003343634,69.8467577211179,89.085811963036,138.952620574025,151.158429640421,81.7810911259447,83.6257459793717,90.8251610234155,57.868734286075,57.6724418992514,54.1590680780593,107.52298293714,69.2033603788074,93.267231652765,90.5394988165108,44.3463790887026,104.656623769601,108.126669975442,107.667482647504,102.071742826028,102.81333230511,103.551190442034,103.20971625123,110.169218637719,110.618318001405,120.576906217604,109.965163203592,118.191600498488,110.030228248227,111.631846142734,70.7993170745733,70.3804570426065,70.7861166733867,68.836439076363,73.5170602916752,70.6095198962145,70.5325909380249,81.4994850724044,68.7611070228866,69.4355982359067,70.1469399411754,68.955584849617,112.687757635198,69.4558800398092,76.4858639909265,125.314006232694,127.425772154301,123.410519802288,117.438539534267,106.590864838496,105.701240882529,110.515628095536,109.114183124386,106.202872050794,83.0141045752841,87.0263345792974,91.129038777862,68.6588073264237,73.8936118858566,45.2497363609789
101.360090539783,102.74980766973,101.467081028163,102.25701010126,103.999775899453,101.264990069598,101.094294883607,102.51710970489,113.559322125478,115.966933833222,0,106.296056432311,107.927857210151,110.40032408261,87.3301219372786,88.4380767505971,113.410074761381,118.524946748512,116.09315407524,112.172974620595,94.6673189700815,95.5633255335151,95.5488808884439,98.6741973322644,115.658049018808,122.973418360184,100.490996518506,99.9818458116203,97.3128067525257,105.678249367378,104.971888779839,108.22755387404,87.7276644579722,90.5920032644117,91.8783210912195,90.3849713564845,105.911852678682,59.1530932627444,62.8150550023945,59.4814866899365,57.5583906321027,56.6308454755322,58.9304967124555,56.9069832723241,50.9398208510324,54.1347554613584,57.7726594914581,52.9929838333019,53.7902863297829,51.3387061900394,55.7071181973243,104.523655373799,103.73660713404,103.583158377902,104.376561377123,102.085918902896,99.7939105066489,100.630519486519,108.677919056119,96.032050939334,96.1287651041996,97.8983817951019,96.1594827965013,156.795979270628,100.27145949626,103.540229534106,79.3197105773817,82.6965477976208,78.3114018484566,71.8975962596395,52.3151802144816,53.0865548936896,50.4062259945322,51.2105529193849,55.5708257345133,102.241226940611,104.824694952804,85.4179826637352,90.4576408616673,97.6764517561975,106.546306201779
58.7505202844582,59.1288307868161,59.4329338444623,58.056713842896,58.6456406492817,59.8048794074779,60.1797140588547,60.2009275683779,39.2642671976969,42.1184755979867,106.296056432311,0,18.5268671818571,28.4682818092636,75.6578830983526,80.3923136904293,61.3386570606099,66.588623052257,63.4832547525336,60.7374597878377,56.4651487658585,60.1224040161454,58.9455549071062,79.8787605826127,129.010592241944,141.261812537971,72.893372390468,74.6229256151123,80.5849583304249,50.4050054074253,50.1151055052455,47.7886097577349,97.6147970466969,58.5223348609749,83.4062781246661,80.6764774170629,23.9591025511721,94.9362087466298,98.4006717156717,97.9454162465859,92.3823081497352,93.1248704549313,93.8671676355921,93.5263495787511,100.476161737558,100.915044631499,110.880577013789,100.26626757557,108.494273722167,100.333104483648,101.923677110559,59.0808940693833,58.7322926692727,59.1509524336331,56.9477186205292,62.2404342673733,59.3133269114744,59.1739552908918,71.4357343537247,57.8451770931324,58.5958326090897,59.2755132687177,58.1649239880583,99.1882125019634,59.6962794013448,67.555243280651,115.543696838324,117.648825572134,113.636533275073,107.667934711576,96.9227482115881,96.0326870494177,100.830943902759,99.4280236554767,96.5518493367686,73.5613703199722,77.5898793388248,81.4934699080999,58.8651519840176,63.3514747133558,38.5969368022045
60.3475250309197,60.7188352299644,61.0256432007264,59.6514713680121,60.2309401369988,61.3938305378882,61.7654365614792,61.783697181825,39.9423344727215,43.1349193491278,107.927857210151,18.5268671818571,0,28.367746056453,77.2895239740651,82.022204760572,63.1504368419311,68.414489265073,65.3136201345824,62.5483525728193,58.1268618306908,61.778396840248,60.6023658530665,81.5015643750646,130.645883792579,142.89637704793,74.5167717163765,76.2445037107228,82.2227002910022,51.9116415244062,51.6174198124757,49.3381785686675,99.248834214785,60.1704233504032,85.0350045087721,82.3047427572714,27.6649968829519,96.5682641924745,100.032797038517,99.5775466047332,94.0139942104949,94.7565803735829,95.4988065758486,95.1580153353719,102.108078937577,102.547052011395,112.512554756807,101.898229585498,110.126273394997,101.96506148263,103.555736928488,60.8083276169766,60.4507991822869,60.8713616955707,58.6895325222291,63.930712556703,61.0035223504423,60.8683836148486,73.0312840437501,59.4980590627971,60.2434521479616,60.9223088914726,59.8062829284465,101.1611349416,61.2655213771525,69.1484145290809,117.176492208197,119.281701921376,115.269369508411,109.300725920641,98.5544029309481,97.6643268537878,102.462783376537,101.059860834361,98.1833567440496,75.1667154305501,79.1979582331855,83.1207644039223,60.4668791270748,64.9834961376845,39.4758223632444
63.1979961212493,63.5679823481405,63.835248127671,62.5422884322757,63.1187110079146,64.1626351733789,64.4949669278832,64.5464576563348,37.6790485268452,40.9842693293573,110.40032408261,28.4682818092636,28.367746056453,0,79.9134307486073,84.5984173368926,66.6650778420615,71.9392648482197,68.8615031206902,66.0449211046349,61.1386241899051,64.7359946548304,63.5774202309469,83.7849096799686,133.231615707137,145.46330011622,76.662336887667,78.4417975373423,84.934292442869,53.6489082453247,53.3951674525442,50.6365988130691,101.821337585861,63.0601662288151,87.5930720410963,84.8642244877135,33.5317115862762,99.0618647015454,102.528731473248,102.071774737479,96.4946239132829,97.2367614623312,97.9771503553053,97.6360439780066,104.590005970791,105.033293746686,114.995826833735,104.38263031989,112.609951474939,104.448701515866,106.044035509291,64.0686090011629,63.6887566779428,64.1024174988001,62.00956636745,67.0357544133724,64.116842337854,64.0044554200484,75.7105218850018,62.4826591184826,63.2005965372042,63.8934439472529,62.7482451677925,104.972294307126,63.8440916389451,71.3532404955478,119.690818603778,121.798805660493,117.785239180433,111.815184827509,101.025847055146,100.13597767883,104.941178878149,103.538897297098,100.647578447096,77.5770083799298,81.5979914119617,85.5832776480008,63.0260101287976,67.8292498366058,41.3219828120171
68.051075606458,69.6414815038236,68.2412837528957,69.0887767414811,71.0504686543115,68.1437699903985,68.0957392069527,69.5775357383586,83.2078352678284,85.6791552099466,87.3301219372786,75.6578830983526,77.2895239740651,79.9134307486073,0,44.5883952888062,80.3348825296894,85.4116367998185,83.0602517954828,79.0164003496507,59.770528857006,60.1449622122509,60.3432068585695,76.0776370375572,106.680350338303,119.141683061996,76.415784712118,76.0171022872296,55.7174528794952,76.1742792021795,75.4301755781126,78.717102926385,73.1618254822234,54.4000346621529,52.5824342213402,50.5081038421932,75.1380891371168,74.6771934166453,78.05055450132,77.7464596437784,72.6827929960289,73.4890588762372,74.2927616218548,74.007001929908,80.9550054756211,81.1798231521659,91.3324114718027,80.6137807745581,88.9428771759563,80.7318921164145,82.0987839087821,70.6986289768067,69.8628968757857,69.6338689193978,70.7970425161868,67.5837416161734,65.347996933615,66.3044187188677,75.3617644381899,61.1216801369122,61.1009969428433,63.1040624441177,61.2755981292714,124.213950321055,68.1532295797329,75.3122788151156,94.7289934712907,96.7357272010982,92.7592646121446,86.8335802055127,77.8844998103616,76.9647821633796,81.481070346603,80.0282463456642,77.8972879872316,72.299793194698,75.4442467646485,62.7515487225695,57.3074243362284,62.0226990921491,76.0144222280264
73.4487543282843,74.9780457016048,73.5687266311977,74.4805908405872,76.3739450903674,73.3905243464415,73.2547788220311,74.7739682929602,87.8452453866696,90.2984033786992,88.4380767505971,80.3923136904293,82.022204760572,84.5984173368926,44.5883952888062,0,85.9301194250745,91.028196899225,88.6427868034803,84.6472623396719,66.0424055693457,66.6372746764734,66.7295167010224,77.995091447063,110.372733036416,122.326466809029,79.1217185052356,78.5699500640208,65.6800168854138,80.4986470283286,79.7591279150781,83.0864849430097,76.3375068238889,61.1901442248803,40.9449096050811,41.9474903048654,79.9176029507585,75.8961799562886,79.3268448508102,79.0415104921993,73.6097100024109,74.4463703423886,75.1897515887255,74.9360852953093,82.1183088055647,82.4054892911472,92.5485095712108,81.8056366212532,90.178633441743,81.9240587372238,83.3641411570279,76.6016082698671,75.7797185279469,75.5945647946448,76.5899597310652,73.8164823589272,71.5330742177994,72.4261389252161,80.4411655147068,67.3343818958994,67.3230438225406,69.227664110325,67.3950725919248,129.636491242625,72.9183923437275,78.9376782331823,96.5700144093545,98.6400220829598,94.6318050581425,88.670393959318,78.8561579617119,77.920034153761,82.5896504259824,81.1299202522044,78.7776051292729,75.8224382210269,78.7374752898721,61.0730471077114,61.8734058687265,68.2771464734231,80.6905686381681
63.1368405655646,64.0488647377709,64.4487754517483,62.3573078396907,63.6831996967299,65.4298665978434,66.3822612222802,66.289341478523,71.1462575428448,73.8244754862098,113.410074761381,61.3386570606099,63.1504368419311,66.6650778420615,80.3348825296894,85.9301194250745,0,38.1820048352623,28.1536354799118,28.0408028221674,53.3443102649343,58.1423606290954,56.7122199897349,90.4626522959184,134.070754246149,146.671706942922,85.6282791747658,86.6076033546524,83.4924989444559,70.4411173763389,69.8135537513465,71.2340354891037,102.966588082324,58.106669494867,89.2991754069181,86.5719479836444,59.7298450709029,101.688881116986,105.111223228471,104.683713689103,99.3679178639877,100.116594019538,100.892851516903,100.555803835844,107.428197367326,107.791271435959,117.807264584047,107.175206187187,115.413114552221,107.254831313869,108.763261193502,45.0159828701407,46.1072437760158,46.4142634803175,39.7942245324081,54.6633620901993,51.6718821410084,50.7775739404758,77.5913884301188,55.9927828954393,57.5491595838501,58.2095300114515,57.906150546961,87.3451131726443,68.4334773104478,80.2652477282027,121.9155125838,123.970575722401,119.980761450735,114.037810705774,104.061177293233,103.168482191399,107.845230399944,106.431873592047,103.816860697288,82.8709308087993,86.941480180826,88.9980124303037,66.1901558263178,64.9222691587085,64.4147561924719
68.5451173051261,69.4846155428394,69.8381661632019,67.8179047875676,69.1730100051252,70.8030405601868,71.7421130399008,71.6812050639709,76.4521205845646,79.1251719012004,118.524946748512,66.588623052257,68.414489265073,71.9392648482197,85.4116367998185,91.028196899225,38.1820048352623,0,31.9417351986878,26.1405833249704,58.2849240798879,63.0680021197992,61.6652810696756,95.6707678411369,139.126027200993,151.737974086819,90.8690829631893,91.84006946368,88.5060947285512,75.792780680133,75.1677950277425,76.5663213821838,108.035616678302,63.0725782073915,94.4084596674817,91.6835635521145,64.9437923448547,106.795195230837,110.216344808349,109.789357781999,104.480714239849,105.229398042655,106.006678599404,105.669578889466,112.539200568146,112.900298477163,122.91746026737,112.285117315895,120.52304441239,112.365026316496,113.871289450549,48.4500684627252,50.1232929421589,49.8437813395465,43.901670237212,58.8299340849329,55.9361531682983,55.0096070361719,82.888106044765,61.0665597926441,62.6518554438247,63.3610045107157,63.0745107474577,84.2647366702649,73.7782857675286,85.5447489437939,127.0104119083,129.064054532466,125.074899200176,119.132695675915,109.177218883382,108.284538031526,112.957873120295,111.544314164496,108.936162436754,88.1041686796437,92.1681852050303,94.1393749748526,71.4274362025765,70.0655364130428,69.7879524632117
65.9627962037483,66.8681653931745,67.2541693089477,65.1986803493606,66.5123041678506,68.2162492272246,69.1513949167457,69.0690096919239,73.405737613397,76.0834066271397,116.09315407524,63.4832547525336,65.3136201345824,68.8615031206902,83.0602517954828,88.6427868034803,28.1536354799118,31.9417351986878,0,25.8871609625263,56.2141913727225,60.9768633517407,59.5630295160769,93.0969888829245,136.780922046048,149.377521382676,88.2255002416703,89.2184953657089,86.2380184145096,72.9074841123748,72.2870030614936,73.6310211025448,105.674549088954,60.9154978009444,92.0073203918521,89.2807134115782,61.8109774938483,104.377302985596,107.800210442339,107.37225033911,102.053178752349,102.801724118186,103.577543519274,103.240398562353,110.113661105458,110.477802657483,120.493042048987,109.861286027211,118.098984447296,109.940716501968,111.450295519763,47.6222837508645,48.9020092443119,48.9786392729119,42.7582066462313,57.364498368247,54.4127989851421,53.5280872871991,80.3455407380857,58.8759074622994,60.4208650300956,61.0982650377932,60.7791185646099,85.3309758027077,71.1395494088309,82.8712021767163,124.608855134401,126.664588727384,122.674479818117,116.731191470106,106.744068507348,105.851434714127,110.529822469894,109.116633151833,106.497956866997,85.5385150263314,89.6065601377145,91.6802200601844,68.9018036528418,67.7406730634783,66.7606634065931
62.1053718438843,63.0548935518996,63.414159720453,61.372015385947,62.7424581762956,64.3937758299375,65.3464325917517,65.280679318815,70.5054321729845,73.1783900405056,112.172974620595,60.7374597878377,62.5483525728193,66.0449211046349,79.0164003496507,84.6472623396719,28.0408028221674,26.1405833249704,25.8871609625263,0,51.735852571832,56.551122508937,55.1366309445875,89.3750456724294,132.741848649873,145.359152608342,84.6110985463135,85.5686874606916,82.0843593660799,69.667126053049,69.0361480544155,70.5002027316121,101.655197637606,56.5858570477239,88.0330884365864,85.3079380602861,59.1448578516251,100.437283483129,103.85776732589,103.431255520657,98.1265009655162,98.8753039978711,99.65311335118,99.3160948168867,106.184571320603,106.544447955017,116.562442696472,105.929789489489,114.1679088189,106.00991127151,107.514854606721,41.8644221999587,43.441392629569,43.3517143106178,36.8386155491725,52.3416093644689,49.4157062868742,48.4689133157213,76.4969237214385,54.524854258058,56.1253034307639,56.8257041099501,56.556537140823,82.9227573417591,67.4370812263714,79.2842115919263,120.646572509923,122.699424943395,118.71062133335,112.768819819809,102.825568704273,101.932834310964,106.604244480924,105.19050790754,102.586557920793,81.7819965983956,85.8473701796519,87.7916630213372,65.0662327801369,63.5944867782985,63.7724039255727
46.9022341551816,48.6273784957524,48.1663890569668,47.1245082278902,49.3715414647308,49.1578622919418,50.1711470896182,50.6184091871513,64.8613942043218,67.4635603667198,94.6673189700815,56.4651487658585,58.1268618306908,61.1386241899051,59.770528857006,66.0424055693457,53.3443102649343,58.2849240798879,56.2141913727225,51.735852571832,0,26.1402417504961,20.9387820652954,74.2793292194369,113.912537439297,126.751521406557,70.865490749363,71.3860983682855,61.5693532682885,60.6386750877777,59.9102936806173,62.5389965861991,82.9858899270089,31.310124231625,69.6902011414342,66.9712375285437,55.5570645639631,82.6948686373853,86.0878700263885,85.6798131475534,80.536489244482,81.2893774673449,82.0894194336306,81.754927559504,88.5730580806509,88.8834120995745,98.9344590903231,88.2901023179893,96.5348422724642,88.3786100241972,89.8299173466722,40.96852993763,39.7348879975939,39.5618461311907,41.8987201788947,36.9111447609307,33.692450864649,34.5622744030913,60.2526337923445,25.6434065091886,29.7559394581855,32.1647957655821,33.1926017414557,98.8884672664376,53.3004336259056,66.0222180137675,102.657511238708,104.677883819467,100.703607182443,94.778399080938,85.3359015036563,84.4414490414476,89.0333968899386,87.6128151986162,85.1798457967576,66.3230059559597,70.3342047989249,70.5846491417312,48.6443903273163,41.8326992034723,57.5129476768863
50.1666974013275,51.9802956982784,51.2470769159277,50.6699429780201,52.9633818954538,52.0811839066458,52.9647855800512,53.6270870965073,68.3949267203533,70.9805003343634,95.5633255335151,60.1224040161454,61.778396840248,64.7359946548304,60.1449622122509,66.6372746764734,58.1423606290954,63.0680021197992,60.9768633517407,56.551122508937,26.1402417504961,0,20.9111662837488,75.9534835119347,114.386093214351,127.29655863483,72.8872922333777,73.3075096208891,61.4446945086799,63.7600080548682,63.0247768850452,65.7727079343781,83.5139065496501,27.7309753204962,70.3803373504068,67.6708074313988,59.2705818014424,83.5184739682561,86.9026707289438,86.5000337219258,81.408770248942,82.1626238675129,82.969941454885,82.635923449707,89.4366919748347,89.7315438815938,99.7926377674402,89.1449806463563,97.3913064437761,89.2360128244904,90.6704804203122,46.0431468419809,44.9526100683515,44.5911878793304,46.966403999308,41.2065879670109,38.5109430375858,39.7022925188708,62.5460635412592,31.3117630157661,33.1129108251012,36.5249925074394,36.3208142512605,103.407692582393,55.9052028191647,68.2997116918719,103.401196311662,105.411208378414,101.441596696182,95.5217120436993,86.2380875646816,85.3432798433018,89.9097967786557,88.4872189654069,86.1079688747827,68.0967868363091,72.0619145015459,71.6222663449631,50.3660490162028,42.751025906951,61.0520667816203
48.8949332891018,50.7057775013593,50.0528807043117,49.3243095132842,51.6315340637589,50.9594640251023,51.9081395612611,52.4938244135688,67.2549246173235,69.8467577211179,95.5488808884439,58.9455549071062,60.6023658530665,63.5774202309469,60.3432068585695,66.7295167010224,56.7122199897349,61.6652810696756,59.5630295160769,55.1366309445875,20.9387820652954,20.9111662837488,0,75.5403502633859,114.609011305352,127.477441570525,72.3246940254707,72.785380401498,61.9361662452963,62.7527546027995,62.0187107791123,64.7330566836067,83.693861309472,29.8536846783317,70.4218329508725,67.7034993204015,58.0773472829012,83.540930656848,86.929983884006,86.5248585684608,81.4046284167405,82.1582497190339,82.9614569775293,82.627462367375,89.4388350236836,89.7419334993892,99.7979538784421,89.151723176325,97.3976484617208,89.2415041140918,90.68497799576,44.6719882496621,43.5298697258107,43.2810979542368,45.5179688108568,40.3766540838389,37.4702541650814,38.4885100689187,61.6895188950583,27.5080080669016,30.3306321860418,34.0014853860998,34.374621448403,102.054085332935,54.9952633272288,67.6049960729868,103.469056315127,105.484810056227,101.51256991495,95.5896958664252,86.2194136491531,85.3246477718092,89.9051190176086,88.4834755665912,86.0756007700974,67.5918418850926,71.5832763783533,71.5084398888872,49.832453635997,42.1563108549808,59.902130414081
77.62090345798,78.7674688409009,77.4821986286535,78.4727009806262,79.9428346924784,76.9995703569718,76.5239515959959,78.0397229639188,86.7479687268416,89.085811963036,98.6741973322644,79.8787605826127,81.5015643750646,83.7849096799686,76.0776370375572,77.995091447063,90.4626522959184,95.6707678411369,93.0969888829245,89.3750456724294,74.2793292194369,75.9534835119347,75.5403502633859,0,126.889976570001,138.200160953085,61.3967311408884,57.2314997850723,85.3528295543283,77.475367268929,76.7725884978907,80.3216310147643,94.8019878532674,71.8805847054252,79.9191809196613,77.3384970453219,79.6753551561157,88.19585553129,91.777898208768,91.2589324542956,84.9867009965609,85.7241343175237,86.3626876840788,86.0237515830466,93.2422623518948,93.8792651303427,103.724808614217,93.1425702268684,101.363800784416,93.1798690827954,94.98676052816,82.8488665534172,82.1079076072476,82.1555634283926,82.236870488817,81.8506810986675,79.3071162526572,79.8610176410191,84.065125452767,75.3319248249064,75.4168798454054,76.8369220488493,75.0498568626278,133.156423497863,74.1446255687073,70.9175639638947,109.87505397123,112.11552162414,108.041837761037,102.003217764608,89.178673764797,88.2869480836986,93.432492332046,92.0507371250881,88.4672840472507,70.5843596329237,71.9014302605087,71.1539103349528,64.6118966461806,76.9364740749259,79.8668217331631
122.589855776568,124.097923574148,122.836763599208,123.490809029005,125.370919463527,122.790572979936,122.785494549621,124.141066451076,136.501054575902,138.952620574025,115.658049018808,129.010592241944,130.645883792579,133.231615707137,106.680350338303,110.372733036416,134.070754246149,139.126027200993,136.780922046048,132.741848649873,113.912537439297,114.386093214351,114.609011305352,126.889976570001,0,84.8110612283727,127.721747368492,127.338440891702,112.839377545864,129.317381395151,128.594454335344,131.797801724008,96.296571300901,109.000833411634,114.948220182344,113.378694984739,128.519866227934,100.742869157819,103.283659675034,102.557739566079,102.827280483787,103.281559811281,104.87690023975,104.228341490832,107.954694721196,107.100488793338,117.500791101034,107.09971302393,114.79458210466,107.241392566447,107.353400020187,124.413327478275,123.605347280505,123.317260694073,124.55473514405,121.052833899608,118.945593050305,119.967568862571,130.489462142899,115.530947946661,115.680351296422,117.637650722202,115.967912527553,177.862181788804,122.715151362447,128.41759791856,109.212241833913,109.891309037382,106.682645424066,101.57268723267,107.986370388792,107.24523384719,109.416809510269,108.02189641538,109.570228620631,126.650660556844,129.5842998752,113.53105852364,113.06097406468,117.494094475078,129.387834938454
135.069862827916,136.559125720805,135.290469852199,135.973680706398,137.831662213964,135.215233429393,135.179555074882,136.550471642133,148.714009983932,151.158429640421,122.973418360184,141.261812537971,142.89637704793,145.46330011622,119.141683061996,122.326466809029,146.671706942922,151.737974086819,149.377521382676,145.359152608342,126.751521406557,127.29655863483,127.477441570525,138.200160953085,84.8110612283727,0,139.224528352149,138.811107289658,126.189378230659,141.411246623488,140.690533404653,143.906231091133,108.524087766106,121.975059516448,126.754903268074,125.228981290536,140.788977537172,108.015178037861,110.38983686671,109.412326835447,110.880400457553,111.22619366669,112.994482921772,112.240369656425,115.081949636545,113.997014481612,124.375543369522,114.131118816254,121.563932495669,114.254118472827,114.085529583684,137.149883940373,136.344873307652,136.081859356849,137.239661868893,133.957187472534,131.814344565584,132.802218187349,142.850491792272,128.319211121954,128.455427027659,130.380830522645,128.695250700677,190.394367423557,134.978524529144,140.286104365397,112.332821826316,112.44935427728,109.668857599287,104.967900255107,115.828094071176,115.141604749711,116.753839740289,115.395479105867,117.724304329949,138.55751114551,141.430623491152,124.582676780081,125.262845257274,130.202413165284,141.615988080729
73.249864203323,74.2298327289205,73.1180353276146,73.927225106799,75.2123249993155,72.6375088134463,72.1576993606689,73.5174013032841,79.5016878936782,81.7810911259447,100.490996518506,72.893372390468,74.5167717163765,76.662336887667,76.415784712118,79.1217185052356,85.6282791747658,90.8690829631893,88.2255002416703,84.6110985463135,70.865490749363,72.8872922333777,72.3246940254707,61.3967311408884,127.721747368492,139.224528352149,0,41.9394273466315,84.6332181062086,69.3610607519395,68.6917225646156,72.2739192664774,95.840451154277,69.2501209262746,81.3920370479879,78.7747234359102,72.8120129456698,89.9560910093079,93.5150870185049,92.9937053593738,86.874717286608,87.6019309693855,88.2673598949167,87.9167753176012,95.0379366546806,95.6482973231569,105.498720089651,94.9257693174068,103.129717118554,94.9633144663593,96.7394010835208,78.6633765015541,77.959483385073,78.0799948703914,77.8375273444156,78.2792686569272,75.6589070578031,76.1011289929178,80.3029531107287,71.8984280790286,72.0545177009749,73.3242823659749,71.6005501170399,127.889808221591,69.3075373422891,61.5865584229585,111.403179198777,113.61950318426,109.55769889157,103.532490988636,91.0616121357672,90.1775622584122,95.2518679399995,93.872900639078,90.400201589021,68.3324422566695,70.7135831788608,74.9508088606936,61.8628618537964,73.9811656818472,72.7890411032524
73.9610566900715,74.9945694939817,73.8069313476748,74.7112965042876,76.0566631946368,73.3030761759914,72.8002405543381,74.2344049466399,81.322645721868,83.6257459793717,99.9818458116203,74.6229256151123,76.2445037107228,78.4417975373423,76.0171022872296,78.5699500640208,86.6076033546524,91.84006946368,89.2184953657089,85.5686874606916,71.3860983682855,73.3075096208891,72.785380401498,57.2314997850723,127.338440891702,138.811107289658,41.9394273466315,0,84.4811008452396,71.4370278535815,70.745319248533,74.3863670458882,95.4060202941855,69.5440220363377,80.7583479584833,78.1334897137404,74.4976052930176,89.4346887512259,92.9968429078015,92.4784921387296,86.3362199098594,87.0667766648057,87.727493959399,87.3804354589479,94.5224347070444,95.1343607119595,104.98729881948,94.4104146033802,102.619912739558,94.4488752321061,96.2272072110611,79.4346301724147,78.7174784580766,78.8179117634841,78.6744042786633,78.8668634126561,76.266501210294,76.7410356634398,80.7022208620572,72.41271918295,72.5404349699219,73.8519169108836,72.1005185721616,129.019531704051,70.0025791671354,63.0586876759615,110.918218287805,113.137538374749,109.074068603434,103.047010075056,90.536510348761,89.6501936212485,94.7345918720433,93.3540677982234,89.8713717993106,67.389685089576,69.3542388896091,73.926810961726,61.7906448840517,74.3115220226563,74.5298153518731
72.1985233371589,73.8725658345303,72.5865270851266,73.157171203611,75.2210451860258,72.7055654740779,72.8829333687182,74.1969348153702,88.3233982637236,90.8251610234155,97.3128067525257,80.5849583304249,82.2227002910022,84.934292442869,55.7174528794952,65.6800168854138,83.4924989444559,88.5060947285512,86.2380184145096,82.0843593660799,61.5693532682885,61.4446945086799,61.9361662452963,85.3528295543283,112.839377545864,126.189378230659,84.6332181062086,84.4811008452396,0,81.9105613484822,81.1669110004179,84.3235118443448,81.5007163497411,55.1458220096589,70.9211586071883,68.5748771222664,79.9781583616033,84.5803692939689,87.8858609203804,87.5425822458173,82.9154328920817,83.6815947022616,84.5546281850064,84.2278633511438,90.8848077973635,91.0382833673085,101.194990881444,90.5123836743712,98.7798389441465,90.6278075145518,91.9095416105411,73.1236551535527,72.2717312367722,71.9046632190044,73.5062171535024,69.0871691428132,67.0351993787334,68.180567327927,80.6245419431674,63.2557952370487,63.3382045679478,65.5491043164792,63.8501265086699,127.719872872112,73.7295612934801,82.4762663872841,103.80223247739,105.724655950612,101.792762545392,95.9164724052659,88.0363301226273,87.1371650371,91.4740314050662,90.0317008410457,88.1472640648779,80.1897052971917,83.619639931335,75.3987607877715,64.0840064156502,64.916056492431,81.0864506234014
