IBR/IBR_outputs/all.combrep_1/Silt_Total.Spinifex_Total.WeatheringIndex_Total/Silt_Total.Spinifex_Total.WeatheringIndex_Total.asc
NCOLS 160 
NROWS 95 
XLLCORNER 210004.651214014 
YLLCORNER 7350008.22228844 
CELLSIZE 4999.99999999997 
NODATA_value -9999 
[rows 21 to 41 of 95, columns 46 to 91 of 160]
-9999 -9999 -9999 -9999 -9999 8.84732348633775 6.33099504709948 5.74788192039253 -9999 -9999 -9999 7.74167913674587 9.56517831680026 7.28681140622824 7.78380181046621 8.26618052344555 9.98630625813356 -9999 -9999 -9999 -9999 -9999 -9999 -9999 -9999 -9999 -9999 -9999 8.10122974431915 9.29217698741437 9.1850985115312 4.46707862391026 3.86072002780419 3.60874504515993 3.64516692800743 6.72814518825145 9.62094745335011 9.96818485844074 10.2682387501354 10.7741686938533 8.98332507454255 5.03415384818285 7.12053990187207 9.95111970834826 4.39089189697358 3.44448379006717
-9999 -9999 -9999 -9999 6.61627849015897 5.55955007342189 6.73935268689159 8.39274881183793 8.31755903015582 -9999 8.18523906977386 9.24245853539454 7.55104782796968 7.25124258598684 6.64334795765997 8.19418668708357 8.42644003532982 8.25246336571934 -9999 -9999 -9999 -9999 -9999 8.20572097608365 8.30664847376546 8.12083390711416 8.16337317831295 8.75357828952343 8.84354069848191 10.2555973053635 9.88921986859199 6.80556227248664 4.01813116276837 3.66747624473891 4.09770921741129 5.32550789433793 8.15127967547911 10.1690716486743 10.5920349981467 10.5509611547317 6.75644191172653 5.24618959053498 5.36966510692571 10.189891931107 5.82611840970688 3.48127880537756
-9999 -9999 8.24551474513829 8.24161905122102 7.38669854956003 7.13103736728267 8.33628611984759 11.7097335695623 10.2990274541797 10.2714170075708 8.57030705608886 9.06260936032522 8.93345035202107 9.34431766229988 10.1003098830013 11.1580254401537 9.5980224368235 8.70807397291511 8.26520270967667 8.14235612729905 8.19222403299545 8.33993442908015 8.86161632507645 8.52234739590899 9.86374772705692 9.43543277249092 10.3940265862523 12.8109572264575 13.6292061447573 12.0353429399218 10.6740936976704 6.15448568451247 6.44629239193585 4.30348537618935 3.71261257810574 5.7664684099098 6.43220690340802 8.41710036381574 10.7862922083992 10.4261802607609 6.0996582538786 5.30135292621549 6.06371733679192 5.69510511166437 4.91356580869639 4.56923536266682
-9999 8.45669482539357 9.46180157878012 11.5145100042237 10.4703564057775 11.1702308980139 13.4491095654693 12.5818366554376 10.9511225719825 12.1564449464794 16.279069211298 12.9820003779788 7.8756758572825 8.7792057712818 7.39371482875948 14.5565598266863 12.4160047858965 12.5239446380303 9.63429465486786 8.3110924732921 8.92398098010332 9.73663287917972 10.9280902298564 11.357020728852 9.01866705706856 8.42258342660908 11.5796299154175 14.1955781592648 13.2571639933921 8.39104124188783 8.35481256406979 7.71708314375543 5.06723346702891 7.65738649502025 2.83499600672665 3.17883984978676 7.64465095874379 7.08232978775427 7.90005116292613 10.2941339093996 5.47606660318239 5.03960977188861 5.02288080415632 5.02890232194351 4.5915634192071 4.4669199128513
8.27794806059987 10.2954529968907 15.7408976782335 17.713156863578 15.7370083126462 15.7544414263452 11.3187801803304 13.2506596740948 11.7849820459877 12.8757908828398 11.077791602011 8.28204455925779 7.94275169342453 6.91995216490152 6.94087298691549 7.72879051309408 12.0993319300898 16.0988279453299 16.4304173680986 11.4783376766311 13.5292592322284 13.9709240019359 18.2374858057569 20.2710856123704 11.4701870023767 7.22575245951277 5.78807687264496 6.26596870280948 10.293951833602 7.46802882190076 6.34324544204128 6.19717331200924 5.50108284110674 8.65883042274444 5.80423775449029 2.04162360379459 4.22512676015617 7.31077213284207 7.28072812985567 8.04027522854603 3.57381149306799 4.25148754701299 4.48878106496915 5.09815044038813 4.36230786722102 4.25334615953272
12.0297779266499 15.4193843020522 19.8720085706399 13.4515638283225 10.3451970040323 11.6325162974702 13.0893929987671 13.1685941210119 9.97127358429094 8.80500097320453 7.73423175900002 6.85250689849019 5.38221568442166 5.6239749831142 7.84729184754797 10.6303402023747 14.7181014012883 18.950785650318 18.3689428812925 17.4117398640357 21.6529417095737 16.7148990016898 18.6382011712654 22.7857257667967 15.4743367806237 16.2665780095289 11.1172169857803 5.3701145487462 5.776555777996 5.98841457203078 5.38129488283327 5.57908851940836 5.41207274138821 7.76156283014672 7.22220768261918 3.44146601580673 4.0995177082562 4.33324932085147 4.75925858797776 8.21754968154203 4.1783456657842 4.62747487980068 5.08433189732965 5.36340203094332 4.83177939376722 4.93032273166771
12.5776456891543 17.1434178722617 17.5642962282541 14.5646217864031 11.2540122357649 11.6575783635179 13.5267176616748 13.9937234831825 12.9789714399972 11.9142893530688 10.1110484962015 8.9664336791479 6.55029726587041 7.76979298450679 9.00547693578423 7.7628299783587 8.74578226849034 8.74366769076065 7.68085805210666 15.942437757766 21.683228962834 13.0156318252915 10.0326379411076 12.506999868754 12.6627923139245 15.5227346254977 10.297283880768 6.26533982022622 5.36707366710628 7.12897026795974 5.29951556168985 5.38607254088352 4.3984830897389 8.3927403179119 5.33576164831299 3.46557180207881 3.69610322222987 4.09050109232107 3.47088039746748 6.56011995671817 3.70298659067653 3.61957519761921 4.46056662567694 4.7588531540418 5.60734795211674 5.08281824499661
6.9853780116029 8.30857442988426 12.5455104135029 12.5533412403317 11.2835579072471 11.0362470913225 12.3691378598098 14.7713796162713 15.9620642908715 9.24215728086451 8.12038319228807 6.60982150982211 5.76567335849446 6.3416381534989 7.55634241563173 6.98374013560198 6.24197507590512 6.70753163074796 8.4364489466796 7.63425534497467 11.3352715451205 9.8763434460357 6.72579071199004 7.23212979231697 10.2521502571298 7.09137301833366 5.84130690755753 5.20603807545858 4.22425868180838 3.86071642949436 3.66790621140016 3.83013801131948 3.90491642579789 3.53550618546541 5.01181708733168 3.00804496311035 3.3841644339143 3.47899501644237 3.18134357667143 4.3393225358322 4.25209231393234 2.67769033027719 3.57763899095566 3.64892517232146 4.13242320232033 5.28715681446209
5.6875586515559 5.9986252025708 6.95136656297677 6.83712053257752 8.2330159130162 12.3244698043211 9.72641653177358 7.53556610234765 16.6050189166597 10.6554437326053 5.50875777729121 5.65797823722621 6.2753564140345 7.00494059133979 8.55161234459165 6.7267549145367 8.09727628980216 9.92634050917285 8.64414375829424 10.5531402205789 13.3623262544529 9.15901936654766 8.29883074577933 8.28707027648321 10.0056497499219 6.16396383459095 4.46840875668345 3.84412782702935 3.55573467979814 5.18683053721507 3.06608242212678 3.9659303225053 6.3244921299193 5.53807400080638 5.45220683505652 4.83630555743129 3.73516152079364 2.57541948415577 2.65155293388177 3.27955614392381 5.28882618057115 2.73592869430503 3.76542096073932 4.76223369305117 3.76705172551163 4.65392158446426
5.07934763100937 5.08583979560197 5.84132064340254 9.95293031176265 8.27318277570402 8.70616883307606 9.29834900561095 8.5459050764862 14.8324703250565 13.9791477290989 7.22763651016128 6.45162285892818 6.53075738661905 7.43649772387608 8.33190379933717 11.3151536004598 12.7197912645685 7.35504211327826 8.07472435004909 11.6323900483004 16.4345687193934 14.9965231250461 10.884780674125 6.20011846958215 7.49588044543799 4.54429056672745 5.1603900789327 8.93511883060752 5.01527861940732 6.44281733460064 7.80170818114186 9.00938905586082 10.2811331430406 12.7877763053013 11.2843641091289 12.0901915923048 10.1166343623879 3.02527215518553 2.25969882642899 2.78886257146327 3.95549653267798 4.61571183287084 3.35426351684067 3.44316163530037 3.74962582791771 4.52129189810115
5.07655761411335 5.11330428413982 6.39549049569465 6.1504234415977 6.12572573778531 9.45894844753731 5.9992544459107 7.55747249902301 12.3678562653435 9.26942269248321 6.25413914308942 5.74593746241185 7.11018333271049 7.34176916900887 8.06629922105368 6.71433193609502 9.37512192229266 7.7050170379237 7.95268719867656 8.19915185972945 14.0303243132497 9.63256395621796 7.29655518994316 5.93156909528692 8.06304164749668 6.81117763447502 8.11389323416444 11.3077599128478 10.212902779942 11.2805863288085 10.4171416749489 9.79286728867033 10.0479336785063 11.0859339835247 12.1719363784825 12.6164513663568 10.0138712470327 4.18802777555233 2.84612120005366 2.40746543169071 2.7870088937101 3.80058240630045 6.22617207069919 4.00972497570039 2.75171301320037 3.24752981298596
5.29695125418116 4.67790226699356 5.06840574940384 6.07866811621423 6.4653589804239 7.64482583343215 5.0009425142147 5.2973651709652 7.58825530590938 7.01092799690475 6.24344717456728 5.21517766087955 6.73843096694793 6.87964950134687 7.61587942157367 8.42560128744655 8.43474231383638 7.25241604153641 5.81667775295437 10.3103646601772 15.6322136895347 13.927103004885 7.12003799760632 5.54515720680365 6.23299573708474 6.36235098429712 5.96578044537125 8.56581497522459 9.5538708409466 10.6931049873691 10.9628054446548 11.3302610510097 9.8928188967234 10.51699904208 7.05345968449566 8.66049593667353 7.78234470215038 5.78565471941507 5.57032990690753 7.72362701451256 5.04161084559169 5.5265445109076 4.40365755058918 4.49394839633942 4.33970603065455 4.10120552761022
5.07010288128218 7.6843981724034 5.76706595768585 5.52251472869477 5.06963459050533 5.34507359382087 6.44269343839074 6.38714953826571 6.7532227961199 5.69338356993463 5.10745037034219 5.23672323649969 5.31799451822523 5.41907064738395 5.836781702526 7.84432241419593 10.243716877987 7.02786866937677 7.82190752294694 10.9692107352874 15.1974707123335 15.9197923563016 9.89878289934891 5.48383916203967 6.13604343474396 6.27864330796063 7.13756341506991 10.7010217353496 8.6566089470288 9.10534974187034 9.42920202638823 6.72896526430746 6.31148312503833 11.4723942146519 4.50111946365588 6.32685030715921 6.79990275992527 4.90938565421795 5.21857390829638 5.6812340919108 6.98257886840656 6.08585090241274 4.51259530011946 4.25783563436935 4.73104059325318 4.2874680285572
6.39701901179458 6.64410524926156 7.44692050322186 8.0579959178017 6.95968938886758 9.37012687401289 10.8814827881959 7.11146747939656 6.33063952780406 5.68230983668269 5.47003665196054 5.12252836963135 4.95800845221556 5.45071093239392 6.82091065897892 7.34961355294669 8.4386873299035 10.4765345531789 11.171807856227 18.6155522105569 18.9807529149222 11.9759701907795 9.27453461526584 5.94200150272649 6.78958831319235 6.67636940540267 7.34010572451073 16.5242174540571 13.8674223150623 8.69689669440932 5.15694967402722 5.70833232716677 8.3780209262353 8.56076845743769 5.26837045712597 5.60382286251554 6.07058164400411 4.97587465381114 6.37638339406476 5.65484272732613 4.21028552923486 5.39024033188146 4.26229458753178 4.63356181657801 6.94783679242973 4.91079484316966
4.92607780676941 5.38775970366863 7.05978825927441 7.77758326502854 9.96694279300329 8.5291219401629 7.7649968649783 7.90269124396281 8.56559262347262 7.66381668188301 8.4261601234271 6.28502565968237 7.24060169911516 5.47619559441719 7.05962111706695 7.05190871620461 7.58797381431611 13.833545040375 20.238307777979 19.198646395565 20.2884171036038 9.73971653494613 7.0496865479186 8.89138540845222 7.80223962138209 6.50652359245575 6.60520602884533 12.3340090544114 20.7741657637498 13.6799191251787 5.27404194688198 7.95069637684669 5.55597687148615 4.79311049978693 6.69231670373844 6.68349924380071 5.82876693964977 5.01870615007645 4.50604130665671 4.59329812880348 4.2338825037206 4.83009107255505 3.80563350172017 5.66996201160835 10.7311194870145 6.0332639589644
4.8908239892673 4.79648231786322 5.45083651805794 6.75232829434065 8.66784355659622 9.26851700888241 9.20186093785278 9.69139850578655 10.0263331377473 10.1556924575994 10.7465293382138 8.4767796606303 9.82147220516337 6.93125679734529 9.34176076006127 8.07996815203908 7.13468908190707 10.1369428492412 19.5524235087749 17.3528062381156 17.6452486625052 7.40710730720365 6.92580582451993 7.36311015145081 6.54419360432178 6.5336959199425 6.95113297646122 7.55532962276303 13.7802613231813 14.1382975057902 10.9330703456814 5.9389709457184 5.4073458016653 5.60733823459602 6.09817613552389 8.37822525300983 5.03791045507089 4.21140614091041 3.54117869403359 3.5974380061634 4.43368840539639 4.33879782007094 4.06906528120608 10.1914951300142 14.7818414022121 11.4747059893248
5.45604944106502 5.03192736529835 5.34381199017567 5.12394599904619 5.60035050331892 8.69643157699464 10.6233295080731 12.8586322337615 13.9246752110579 13.746791116255 16.2447559536749 14.6980483128817 12.8652047044468 10.3738282836342 10.7858161202574 10.2979356927598 6.76476231056064 6.32027996555843 8.00565248748773 8.82385291455782 7.23841972951335 5.67025931960968 5.3406353260286 5.96768009441419 6.79098659910818 6.22305245101839 6.91982721057616 6.0212390864024 6.9969029543408 7.40079560136348 7.18823255481127 7.99481202613256 5.62836995061154 5.23039245613415 6.9552700312902 5.63455398605734 4.69812584008015 4.60852276088395 3.49066714963082 4.08750693237058 5.84132110880952 5.74284260562034 4.97111113726073 8.00497377820288 4.68573547055628 17.474252554001
5.23453332921032 4.73518798762133 5.18601703561099 7.72841541865684 9.97213552262945 12.9111306699197 14.726601904975 17.7234394255389 17.7605759643519 17.3955945663778 17.1685289537373 16.434674875667 14.8841941100508 14.7877854614105 12.3169744226108 11.7843321544754 8.42971484715918 5.76677240382662 5.82170082690634 6.93562562433447 6.92543142309105 7.5150678067585 6.41858947229272 7.33003636517736 7.81401444439888 8.32729637461619 6.27817717794032 5.76198939113408 7.26654450993641 6.38934587849272 6.03451406856142 7.64201343667736 5.52452695883345 5.18917208993025 4.7281429432168 5.14148468692172 5.75320741757258 5.10845755385978 4.63173908019087 5.85707942952447 4.80595260449336 4.46466735096721 4.48316272487464 13.2891395453269 19.057627212597 20.3730992669415
5.82976976741612 7.96552847572428 6.91436101829096 5.74358123524817 6.64194626832086 8.59840943715073 12.4682358745148 7.90293067556287 12.5103768434282 14.7416510897508 14.8038359336403 15.2222550896769 15.5565966720341 12.5976825679557 11.3169859373544 10.9565977156672 10.164960622872 9.35685076613653 8.41013353867489 9.4045882910438 9.77470672276098 10.9898385835753 9.27260230588317 8.090307946407 6.80165269673902 6.47243084179189 6.15831828791839 8.46211112187799 7.96370511758818 5.39581053959711 7.34438106099786 5.88555394105132 5.3616781639621 5.24676495872535 5.25995388703734 6.93044095643175 6.08083052844255 3.94293140415671 4.24158417783423 7.0172027335517 4.64655650050792 3.33142568343472 5.14633289689958 4.94458406854966 8.49529356767839 11.0507471833916
4.71738981970029 5.8625201136589 10.0846081016192 6.99230611494636 5.85114679294521 7.81111538287626 5.69291236437549 8.49020167221641 11.393981520781 7.07153819211567 6.46221636317412 7.14253083553881 9.77005284461467 7.39045718164896 6.87175255414606 6.82047745277204 6.75108885449787 7.22917695930349 7.80275610312544 6.89342826164581 6.44043578657659 8.25090827806826 8.81925453277804 8.28803386515913 7.51226433754619 8.76665782831844 6.83304481054028 8.86789739779616 9.00364316596031 6.41925039338361 5.1503504646721 4.96918398871443 5.17501401751722 4.93226655081394 5.62668556474903 9.47929537446951 9.43286895972746 6.16151401316265 10.9145378610869 4.72347430312498 5.30709216525241 3.82778068096767 6.48116075360247 5.16613745448884 3.68843560578268 3.4159851903633
7.18302818378453 6.49202622192808 8.34566048272136 8.49106407772675 8.99329349476758 9.08662559197845 7.11920773195834 7.08853468698445 7.31683345764488 7.17407516317398 7.23251407530544 6.75032108002756 5.45608252172217 4.64176485238311 5.08438403053381 5.50726605422445 6.01487667536477 6.07706561309544 5.87575244400445 6.5395578945797 6.52528069524379 6.71733968422495 6.30646468501901 7.50582041838843 10.7735236288921 11.6753964019197 7.06574832632394 7.46478536337633 6.83698910296696 8.12756558612506 5.26275499073669 5.28475088743677 5.43331879388347 5.22218661435156 6.70757154544057 7.24265966086447 9.4713942295248 8.13497411769141 13.9256911315595 12.9773966153137 5.86224033002195 3.78616932050331 7.0629449341448 4.17222047861166 4.21356617739597 3.31204298174907
