IBR/IBR_outputs/all.combrep_1/Silt_Total.Spinifex_Total.WeatheringIndex_Total/Silt_Total.Spinifex_Total.WeatheringIndex_Total.asc
NCOLS 160 
NROWS 95 
XLLCORNER 210004.651214014 
YLLCORNER 7350008.22228844 
CELLSIZE 4999.99999999997 
NODATA_value -9999 
[rows 42 to 62 of 95, columns 92 to 137 of 160]
4.14398555147508 3.08736359794117 3.49431579187603 3.26935683693122 4.43843744689427 3.9886601145276 5.34020840429774 10.2562421811878 7.59349990250567 5.64461315597984 5.91382694064498 5.49472356198468 4.12125418400067 5.66746680095055 14.858989745464 22.8192228340688 19.9188874709065 24.3948358011171 23.9902847183026 26.3038819716188 8.12901834175044 7.56497310379973 6.38966337107007 5.16410888573744 5.34433566844012 4.87345674354808 7.42719369594963 8.16525577098725 4.19965456555937 4.66261819891925 4.14906484608791 6.16663959168663 4.73538829006592 4.58723953319949 4.24914280054228 4.05313917104892 4.6727980563996 5.95596400533072 5.9165851647109 5.77352533879654 3.53590117461756 11.5548943909869 9.40080590878914 10.195124658814 8.29632484050028 4.11060244436012
3.08662031605631 3.39941890845939 2.99609406941358 3.717768479898 3.92764940111566 3.86810740520976 3.56965445150181 5.52395001371144 8.35813980410646 4.54556746916228 5.08244623334529 5.03720664894931 4.78594017355755 7.98418364081004 15.0288634381042 19.3562574823271 23.852341661829 21.9187208949447 26.5084537530115 21.9840613136555 5.42455852312763 6.92410872994938 7.5833447865675 5.73863911884373 5.95692309196949 7.10055875423574 9.18627405634358 4.353493306402 4.75712854957176 4.38729889290013 4.70765707705442 5.19982244541136 5.93654799526512 5.31892815951177 5.00321069580535 4.55059712079457 4.3039576088445 3.72981288591249 5.75559602546971 5.92388052867114 6.70196302785097 4.85928151401063 7.08950763066789 5.20776247391478 8.57856239647998 4.06343537917114
3.79378638282936 4.29134676408634 4.10574807401183 3.75819150941921 4.09318750736823 3.17414330242298 5.11519452622826 5.25712000285754 8.060636506861 4.26692774856799 4.55671225454742 6.70006080618694 10.0633574150204 17.311297205655 7.0148306533563 8.69452260086617 24.5450577755854 28.9065309668704 18.9294122570105 6.8800213710097 7.87084691555419 7.29644904287141 5.97944957796929 6.07189091526129 7.14427290678149 7.88161547977634 9.48085490487173 4.39581957249265 4.23379622949484 3.74523295977842 5.37618392671157 4.1293377395729 4.5802446403068 4.46222070965846 4.95144777817737 6.89541547743466 6.544875069679 3.70105980340262 5.08941605584954 5.053483145006 5.22818105336844 4.5051098192213 4.39958959376208 6.07592324662199 5.0290661361616 4.32908308581264
4.484870875099 4.9714136013005 3.81439753922799 3.32299636614786 3.49308776346378 3.15359723462802 7.99712898982293 5.33315114311913 9.91016759657585 18.481534278532 9.257823847649 6.94402377175585 5.0270842167097 7.41227021547361 5.52452578840069 8.19289625455538 7.45118545259294 9.88145715518816 11.8410021632353 4.31793520745205 7.01143935119876 7.7867270881077 4.79217982781735 6.50140690009369 13.8803227093671 22.0713205207275 3.07713398546653 3.98893713615993 8.47854079007505 4.04839394899741 4.49784676476895 4.54448610286922 4.80969604066254 5.48694853566357 5.44573824064369 6.01994489840163 5.44097678967273 5.47648340931109 6.28564796761014 4.854009633466 5.30333432819108 4.81478037741776 5.04273410454294 4.75814956881255 4.92272320065118 4.83682091804915
6.34441544325581 5.71774411073776 4.42255253418123 4.16982458428378 4.21678411602229 5.93668698280837 8.18666641015108 9.43087726624805 13.375901660752 27.2931472320439 13.9706765604388 6.58640075296366 5.40895826163827 7.66114221641911 5.63983678071433 7.7458165560229 6.42335356163392 6.60214817587563 14.318917871698 4.64788511143057 5.62205239260892 7.40616309666229 4.74461740568269 10.0892835513432 25.7396121957293 7.6474037818999 3.1662848372746 4.20043807179398 11.3675980975203 21.0205572285333 3.96006318576373 5.65194983814685 4.44919894559826 4.34693012882541 5.07820145463057 4.44088496813046 5.17653249814572 5.08107985256838 5.68839098964033 5.177543791103 4.81454037332532 4.86764451671023 5.47613282741808 5.62689200258024 5.56322438664381 4.48821869361104
5.84973433693327 7.96286201212106 4.25178820836378 5.03048685434976 4.38268110718978 5.71284666931943 5.56879055255813 17.8657220731962 25.1038729577579 20.4895881780227 20.2455635596839 6.61237728128662 5.7114576605851 11.9889441756936 8.85108838304167 8.14551774794516 6.35368449051828 6.34068402889574 13.848484327566 5.15084920530877 6.2145270112363 6.82027790491256 4.47650613437944 5.18255228847706 5.06758066709239 3.45630144036989 4.07550703815096 7.93088692491016 3.85348484963226 20.6289446233149 8.47749466553936 5.5238281289884 5.23233903632256 4.78508470731385 5.98245902050137 5.24437859554979 5.03202541297883 4.89249031404902 4.82849891531702 4.78185310140559 5.34842998552503 5.21958241919405 5.09253099954313 4.91203803306339 5.28530042256332 4.30221378153244
6.16524574504251 7.04545035212308 5.9384426636347 5.25567107226057 5.30136685038621 5.36352535694515 10.2931274888734 13.2675470540716 7.54889169594223 18.9963265268364 22.6728307185012 6.83911938928577 3.87076302939828 7.50498088793542 6.21783458678913 7.20619974742441 6.41447305777963 7.76805045899151 8.36511329417386 10.5403295911295 5.77413201348841 6.30167988901182 6.12153859308918 6.22822152559469 4.83786242489113 4.20916795733932 6.48410537173419 3.63541492742484 4.76007005185005 3.64539822826078 3.65533956810498 5.64140056393769 5.17759081177165 6.75044388530121 7.43184849621918 6.46086323448287 5.82335524557451 5.75985517958464 4.88083069430078 5.177394307895 5.77527685175051 5.30517895456494 5.22669584490609 4.69120417764371 4.83615945955016 4.95664133151951
5.83395700342217 7.87395367678957 7.63252855652611 5.00134676999411 8.09346281685061 5.14625496296189 10.1517264316876 6.64573101465438 5.5901667237084 14.3211428073831 14.6661152005133 7.79784716082678 4.43490209702203 7.05091047379484 5.38950900954567 6.14645084548503 6.62439838143747 9.16896150911004 9.55065100039533 7.45929719848285 4.91582131349871 6.4360096581429 5.55348175839294 5.77762525432121 4.04375059356137 5.55073176019762 5.18284270419359 4.80333189206626 3.48860854248875 3.83449969525521 6.19139289077054 5.35362860408569 5.84824513106799 6.03093937364936 5.42014790386732 7.14701413038511 6.94480958941743 6.02723322491019 5.6237216196287 5.84014867832611 5.08986053869556 4.92089249237804 5.38449807077408 4.82042620337745 5.29813166144474 4.67714045983331
5.57254557107876 8.00022848307093 8.60224045948815 5.05072580322044 9.28698205164881 4.93223638535028 9.01531534213482 6.02851283865876 6.12422088841541 17.6927721672948 10.3301599909413 6.26098225446106 4.65304639098893 13.002271109652 6.34490648047542 6.15025290681907 6.37735666807977 7.17048278079956 8.79792504465 10.4358152096022 5.24566516579558 5.85655257664753 6.39868311588497 5.92017613790811 5.01847776541725 8.28096352114405 8.40413159389426 8.21659860904958 4.68154799551517 6.56816481283476 7.34211361393507 5.8489363484865 5.72515585899702 6.75021478458616 5.6816744168837 4.68812340966109 4.75332194865244 4.63370031244074 5.38272881866572 6.49916833652416 6.26159473180002 5.418645174282 5.14024582785449 4.6500537114099 4.4758575201643 4.72286637712693
7.00972727882754 7.16170326362031 8.58567992990387 6.88837789408018 7.3638663675764 5.65401378840185 6.17942340523437 7.91566023024809 8.36765532817348 11.3310906913991 4.91777766327382 6.01283649680109 4.00075100455474 13.2352487621843 5.52199999285399 5.56275231578497 6.38077902004704 6.325045940213 7.14188754141455 8.18696641101075 14.5804904316609 9.4567625784102 5.34092791226554 6.33949897314887 8.81338621870087 8.83856460258862 8.88686311003062 8.85069419960595 6.35460987171815 8.15417910309845 6.15631290448099 6.0960812417411 5.75219170265515 7.29955541808249 14.4819132613788 11.9920162802028 4.89175563653637 4.84125442975165 6.04886891481396 5.54379347686664 4.47221981369198 5.01393415540303 4.38660301880804 4.51318367893303 4.96201492194187 4.52923388566177
13.205767884674 10.5637112222095 8.65438172789436 8.52750788265759 7.96061112492046 7.59587378240941 7.31255361666754 7.67879774323427 6.02748436464169 5.72481242563229 4.2279921186957 5.41600526573933 4.76573185967467 6.39826457005465 5.2919328447253 6.48986389351885 7.70542116583714 5.6370784377212 5.63678640993537 6.92390437190512 9.7995529999292 15.8197586146583 5.27983222422733 8.09607453018082 8.99034347934017 7.67910814811941 7.64385140945591 10.0704196340213 8.2803391913511 7.42129528298338 11.3965019681041 30.2321619774009 29.0400463820991 31.9732879217273 20.0181789389149 12.3667788284678 11.6187549765887 4.4547320213816 5.25831649685544 11.5435431105578 4.6751450072624 5.38176673504035 4.87337466231839 4.45426069903809 4.54632115638124 6.08791707537143
5.50561999686406 6.33763516282543 9.69121478438194 11.9788520813698 11.1804859897827 12.8318134665817 9.17244331350878 8.98151826627037 7.94063234043906 6.63729177735015 5.09632278343249 5.31433544318703 5.18564673687745 5.48730996393566 6.01807325792357 12.4861173907426 11.5605732045891 6.37046810638508 5.53899051066045 6.74096774391625 7.16332815128295 8.0022727986418 7.04124653272793 8.40628649568363 9.98410774243291 8.96389072706507 9.01543171278363 11.0866031090742 7.37989106261285 9.26203283369027 28.7209045880776 31.8251339245581 29.1287427259566 13.9364381887582 3.62653305148377 5.42208881993463 5.64709955414342 5.83802334451892 5.65180147153541 5.46083893391844 5.65535697946044 6.44423244573073 7.96525557298331 5.63852582765082 6.96924652959177 6.01370347362148
6.23464212093778 5.94520951814724 5.29135224381258 5.85286391005365 6.23232320939437 7.95152007222003 7.57421620048514 10.2290671358648 12.0017593259326 10.5146659753917 7.29091077870661 6.47502753746282 5.87124661120454 4.58042730597984 7.17645636325697 6.17857309592402 7.24702784623267 5.83918402839832 4.36289954843682 4.28550394734039 5.00386147404082 4.53250269754195 8.97193835896479 7.24589215958266 8.07084170021567 7.72328557127784 7.2938035605697 7.94725769544904 8.71617211868923 14.2763400258594 30.0683125403237 33.4960601277097 12.2614534841986 2.42200546647522 3.76633113844177 5.6221173737507 5.29222606186256 5.82176068996286 4.62259239659626 5.03233112927452 4.45694790015706 5.90885214113675 7.05632210337213 7.51861830780912 5.55339646977723 4.79769969470893
10.112174590299 8.53330232766652 6.94401372011196 6.70651037633969 6.06985689537876 6.27629626008351 6.68407361803954 6.69354792908834 7.40619607250867 7.08592955188857 7.33683635165789 7.58686996497141 7.18176833216978 7.41834202953051 7.93110360807596 8.65996338321749 7.29211120863683 4.63580247409287 5.53301274722117 5.03162557500735 4.77473769392501 6.6102902047396 9.42136558074692 7.27791045478285 6.56663177025584 8.49393508396887 7.34804246160265 8.29716348502401 6.98861679495623 27.5389107318069 29.5774712511656 22.5961757959885 4.55230596516427 5.62492199062756 6.97320004391295 7.29856161098107 6.73918820676767 6.47881730635762 5.30135282631992 4.93666123228281 4.98188901432423 7.03395927791771 7.6549843946407 4.87928779551727 4.68888191691907 3.64320269162845
14.1436671184461 10.9806395619334 10.5744988985413 10.4695626785523 8.06231975315518 7.73044032033696 6.46292350276237 6.99235643864649 5.93568594431359 7.08885532159919 5.97066158056749 6.52528494566093 6.26151342798221 6.06637929760496 6.7362614069571 10.4190981351131 11.6833808181937 7.83969451065401 8.95148519375269 8.04809672007335 7.30590300887913 6.75898470881677 7.40498283104995 7.78581235279403 10.1976356172875 9.90295471540744 8.32539531786703 10.1109718632698 4.32110734299627 6.84670385176542 4.26002256773688 4.76215806637784 7.29966506992723 6.1413442379481 4.59688745187288 5.80040901127864 4.08044765790722 5.31191939443568 8.51911130002101 7.67444565910668 8.60333287978742 6.98784656819138 7.50044892523341 5.90529932708516 4.54930621272574 3.87636843552387
12.2247036910621 13.5757756481583 12.3904661419196 11.4669384754577 11.3993882008442 11.5952245109217 10.5304841460827 11.0049767233138 10.688846602902 10.8231771500476 8.45525736146811 7.80337882440878 7.64480241262637 5.88994283181482 6.44055084658607 7.16300915128807 7.55008380003727 9.04487774236842 9.37512060064616 8.72073305312238 7.38052088548126 6.52353405572512 8.56430462277613 9.54258875219812 10.0652654103981 11.0831600207118 7.55159292751657 8.73859087636485 5.2872980857755 6.84380596126109 6.92367596160439 7.03654490005899 6.03423584049989 3.48681716167303 2.20623629514364 7.29582536886515 4.44425788657892 3.78090771964368 4.65146793989604 7.27864614373855 6.07238277692009 4.66824973729812 6.59364678815775 5.7626398364137 4.11180044881555 4.13493321988487
8.12658099296919 10.6132235211256 12.0059617528121 13.0183834447338 10.9830707616312 9.06874937851067 12.1198425117395 7.9929569827888 8.48890427577014 11.7715273643542 12.0830340660877 10.6110200235698 11.0487422275797 8.33123701995506 6.61192374138444 5.97798673841919 5.75907498080422 5.89726495334678 8.02523732478553 8.49275084377446 7.31863439784809 7.4901457487732 8.55675972184577 6.57522287249181 6.1090054488043 7.42420567661423 7.71956863312791 6.31946079976665 7.77761047613865 9.769387624266 7.19669536532314 7.49736159500544 3.62911363693655 2.54240570388507 2.0657689124469 6.31088900706948 7.11014165324372 6.44992036285531 5.03399109756803 5.55528548090126 4.91622376609172 5.40618609913514 4.90254542054183 4.54529569932127 3.46703548189609 4.05025944119367
4.7920082187511 4.07663400446627 5.06401873075723 7.0672753133701 9.86270249250526 7.98036238186302 11.0703362567174 9.44577233229252 10.7531246687253 15.6808021723094 17.7564342862105 14.4759738708673 12.2581941491318 10.6078169777026 9.54270859196819 8.05158417668121 7.7152811257587 6.64447452255965 6.00100060509943 6.61217450221428 5.90962698000171 6.02245219082103 5.7365129433077 5.60562158211212 5.59268695703574 6.55843929680963 7.1582445221009 4.77124939281319 5.86686819238947 9.4757476677751 8.77026121972744 4.99233583196142 2.0031880307611 3.73715225068433 8.44076654460499 7.31675581079305 6.18051323176164 5.43131769670382 5.55300838856073 5.03013067856324 5.46842227625923 4.75592553008679 5.27046544903056 4.1898754055631 3.88513964273101 4.87821803682164
6.11460648087418 4.00108226826224 3.61975838115179 3.69790427594643 4.24667941394583 6.14737415494461 8.04438495674711 10.0393136249414 12.3336617481742 15.3708657728255 19.3838338499691 19.9171934921229 17.0457933777023 17.8284277588697 13.7758794011467 10.8469388834947 10.0413562436072 10.0987223799415 9.86441576403274 9.45792892593943 10.265272004985 9.82822227220533 7.95684585720256 6.48916849657045 5.7587789116725 5.55135913352602 5.28777847123344 6.43972706240603 4.76857366561893 5.93049827554442 10.1233233610865 9.99138305399992 8.31219918722129 9.72787965801597 8.5266284751279 7.15664236770448 7.33223802189792 6.10305098700191 5.92784182110953 5.74542821155621 4.68484355441527 5.09740220562529 5.10597233495598 4.27389543566323 4.41611713865164 5.69953153519344
6.82689274871143 6.04879370652583 5.92183731471447 4.547360799729 4.9693897500481 4.19021914224219 4.06116039567741 7.86282477516431 9.32242923909234 11.0452889464285 14.8594803085038 14.8459308993768 15.1288927773311 13.6627237342964 14.2446163329934 15.6826154259228 17.4745659256256 12.6871777040997 11.4517877028922 10.7507037567658 9.97348501834918 10.5763110476869 10.6607854094983 9.89382807139153 9.55934670256387 8.43240362432159 5.61114042503911 5.93882143337577 6.15195484516352 6.7928188427281 9.16324190570217 10.5901627356341 10.2584961612023 10.1701009907929 8.39966536882278 7.36349700780179 7.58984897431738 7.31785496703252 6.35595205796315 5.90612945707919 5.17786898745147 4.91553995275614 5.0854179071501 4.47185660058713 4.3888516672183 4.4445897153557
7.5536424162332 5.60019268105072 5.9159619794753 5.95558470436911 5.92877731277263 5.77784305905216 5.16876360442746 4.51518603931688 4.16500935108506 6.69444757447766 10.0337279274175 12.7879970996359 12.9707561128905 12.508490439729 12.3416766327003 11.6533253943629 11.5375409201021 13.9291254267656 18.1591053456922 16.0976234554548 13.5724183275126 11.3118449469479 9.86048420701002 11.2572045672762 10.9083361349282 9.68370824336743 8.59309184756409 6.84169036679841 6.41727853178929 6.18076101012266 9.42591293729244 7.38142854201539 8.80256803991329 8.51206829712897 8.3751974578004 7.40014227755893 7.18675257633035 7.81277436522975 6.6901911904237 6.22501562243254 5.45182162416308 6.20071497885942 5.92877424041494 5.17025238100275 5.20914750115986 5.05124521886445
