IBR/IBR_outputs/all.combrep_1/Silt_Total.Spinifex_Total.WeatheringIndex_Total/Silt_Total.Spinifex_Total.WeatheringIndex_Total.asc
NCOLS 160 
NROWS 95 
XLLCORNER 210004.651214014 
YLLCORNER 7350008.22228844 
CELLSIZE 4999.99999999997 
NODATA_value -9999 
[rows 42 to 62 of 95, columns 0 to 45 of 160]
-9999 -9999 -9999 -9999 -9999 -9999 -9999 -9999 -9999 -9999 -9999 -9999 -9999 -9999 -9999 -9999 -9999 -9999 -9999 -9999 -9999 7.48254545972256 3.44946623375387 5.8952325924702 8.0921036995913 6.38086100348507 5.37313705915364 2.75073552270248 3.22063263600347 4.02248506148706 4.09505837381217 7.48066020286631 12.575019847481 10.2667868307962 6.85922215294199 4.77909381821496 4.51507429909917 5.09223793670225 4.49026205489026 5.34624614406867 4.7003437904499 5.71637577438138 4.52578457632631 5.95309159333213 6.04720439650303 7.14937839986649
-9999 -9999 -9999 -9999 -9999 -9999 -9999 -9999 -9999 -9999 -9999 -9999 -9999 -9999 -9999 -9999 -9999 -9999 6.93236914370463 7.27703166683289 7.48437192230132 7.51303973980571 6.09330000650361 7.41822197074106 7.37091443313564 3.24392698247486 3.14592325953215 2.63540418522862 4.4316714585678 5.17999091716311 4.32577500670404 7.1212472536077 11.3716956498006 6.52517178924328 4.79889966907314 5.70055915324599 4.61716057995684 5.67972172450523 5.34127004538036 5.02040903348716 5.60326976432459 5.87550938026951 4.67061869326477 5.15710692502631 5.90232451523977 6.96596125460736
-9999 -9999 -9999 -9999 -9999 -9999 -9999 -9999 -9999 -9999 -9999 -9999 -9999 -9999 -9999 7.23284837201835 7.54336188118079 7.17921004894459 7.21248485339555 7.64209741964138 7.20859327935479 7.24004849538004 3.22949210296108 6.47821395672103 6.75914422836244 5.28984580330489 3.90521907108288 3.09164656395981 3.58426820038372 8.31444550964331 4.78762756698759 6.42042441509848 13.2507657126676 4.92360359433863 4.16978449651549 6.56963035474392 7.43736462390769 12.5831706624206 6.10463426162247 5.32762805134608 5.94124059310921 6.30287226945715 4.48019115914695 4.98543722321129 5.48306062370358 5.9100030853754
-9999 -9999 -9999 -9999 -9999 -9999 -9999 -9999 -9999 -9999 -9999 -9999 -9999 4.50999490568118 6.00032770799674 6.76458301779337 6.27211882716661 7.50910490018734 7.00024860725723 7.43748317816931 7.43987646781268 4.88733899164411 3.32566558273114 6.43377666511141 9.51619351447075 8.56144846340157 4.13045231854813 3.29681880056586 3.51737792554669 4.84423416138973 5.75783121818009 4.49492268751336 4.96370229660694 4.3146188441454 4.53838778736367 4.63234655185028 7.90787176030315 8.62642823724974 6.38868236131284 7.59004102642739 6.30841421327281 7.18523619164851 4.69538054591501 4.59797355328401 4.6903798302762 5.10759747575927
-9999 -9999 -9999 -9999 -9999 -9999 -9999 -9999 -9999 -9999 -9999 -9999 5.22380603471217 6.44112129098847 7.66176912003192 8.17574391840271 7.62555388680351 2.38004329948261 2.16516109267513 3.22915959957416 2.59635325085055 3.08707611002699 8.09449124950493 10.1808835616928 9.4397623091736 8.42223211397273 6.41919021517876 4.88901374830527 5.23762625530515 5.86968503988507 6.02915908755413 5.57251698014818 4.4002419515722 4.10335409152078 5.06021489254176 4.61532330958831 8.19707909208011 10.3393289859336 8.76466529782334 5.55602286001458 5.82113079062987 6.21044010864463 6.07756212291446 4.83817969958412 4.63100196724283 4.67744142797991
-9999 -9999 -9999 -9999 -9999 -9999 -9999 -9999 -9999 -9999 7.00716053530089 7.51506111438749 7.38993978795626 7.82917827048491 8.33222036851454 8.46067061569933 10.9512966034545 4.74009699631269 1.948804504626 2.01708905568907 2.42182490609182 2.72738637623249 6.33437021919033 7.83068249642022 9.2266714169398 7.97349996599165 8.05786206284689 9.58895182531324 5.79608838021126 5.58612993777858 5.52991741806327 6.27053874140664 4.21638789026993 4.25962491505772 4.25917253870241 4.41938616471847 5.25949031298768 9.95113452142951 9.41803547734514 4.09032080972988 5.98774134420392 5.38659785704892 6.15805069622745 7.12180550754501 5.07711942946152 4.7425183747438
-9999 -9999 -9999 -9999 -9999 -9999 -9999 -9999 -9999 3.71435297615519 7.7577281939192 7.71500763605251 7.77427791406713 7.96512223420441 8.65781767762022 11.5029076392463 14.0905598229023 12.5054001505607 2.92035986887322 1.49966655350903 2.07402231534163 2.46118348772065 4.80747037921363 7.71755128852207 7.97972703765049 8.8004896101982 6.90928471151341 9.15142434057723 8.9134745040232 4.70403038092759 4.06228500383978 3.86235875495748 4.04434667515871 4.35745054853088 4.24673341133547 3.90703858149831 4.47254491233362 5.95665429705709 8.24628640832703 4.52322763681784 6.05326025037655 5.78306315007974 5.32344303189156 5.98006062582007 5.65492467017326 5.00426541256878
-9999 -9999 -9999 -9999 -9999 -9999 -9999 -9999 -9999 5.40328434906338 7.78956930445964 7.59225070890055 7.81199823295444 7.85772431107311 7.56264391416508 9.39612145010955 16.1882831467387 15.0987667347225 7.34926160745629 1.81639600588851 2.76046824193696 2.45557719435303 3.43593070322226 7.31684228558916 7.71830681957309 8.19575402915139 9.48295624433532 6.31504912018155 8.92715739711484 4.53198219399602 3.51121317711899 3.71544153911304 4.22069046880468 4.28033930860684 4.44814510160115 4.29245935890764 4.22495406024821 4.1757360819687 8.02777216837791 6.30319579204174 6.63988238277905 6.21573121334889 4.44595043200002 5.17999410221268 5.02518014012337 6.57573978864133
-9999 -9999 -9999 -9999 -9999 -9999 -9999 -9999 7.87876427702405 7.76207967112722 7.72866256893742 7.49111965465036 8.02818621903324 7.89857330348844 10.5901930461201 18.519402655405 20.420898656586 15.9682683806203 12.8213415187849 4.81452476784955 3.12890076872619 3.62449993598971 3.75932175280934 5.8209601140718 7.74322563712959 8.16432252654755 9.57883168256729 6.76994594743268 3.88635034613509 4.74614087031207 4.31981328334383 4.81553266376825 4.66362591342412 4.00634819725965 4.09651041687458 4.59704192550229 4.34696452200695 4.77942028917831 5.27348451308967 6.06365106237923 5.55211381473441 5.5113147312112 5.17316901506367 4.65754393506555 4.51946604101223 5.04802371058511
-9999 -9999 -9999 -9999 -9999 -9999 -9999 -9999 7.86052773570168 7.77308853206937 7.48057619293947 6.44813838941485 4.46689461752828 7.37821060115494 13.0132983347836 20.5139479180631 20.3174157393051 14.504907925426 14.5442622933408 11.7446009108352 8.08916129576088 3.30388225240241 3.01122498976513 3.14555489726482 8.26390009394685 9.34542251910927 9.94909208441397 8.75465888153881 4.68265225920777 4.18793032384334 4.24114548956455 4.13972374120096 4.16734104470499 3.82562805029325 4.03896869311451 5.33511072254554 5.38183782321321 5.13073864526001 5.10857523739411 5.85931312962421 5.99580237820326 4.95712446565972 5.19264900422716 5.15685456384384 4.66817401315187 4.61411329438532
-9999 -9999 -9999 -9999 -9999 -9999 -9999 7.86939345624526 7.8037096368507 5.95861172482936 5.57329610203213 2.29912945198731 3.94155370690563 6.78207167404437 5.33267754551582 13.5726768899929 19.5851540074197 15.7693455561369 13.5384665648579 12.3811288598965 5.67000983872017 2.59098738012378 2.81501514674487 2.85025706433341 8.87057759561098 9.68509173857509 9.64234003235085 9.52949773905155 4.8793738521589 4.68845913197186 4.09127540807701 4.18652079846102 4.70221458731243 4.70640878610307 5.10285025924989 5.76981142238265 5.67736231726544 5.47556003713258 5.34598666369108 5.87306171208419 5.18513469100583 5.35933733121179 5.09418200875543 4.88246349630256 4.59794397612604 4.29377302273471
-9999 -9999 -9999 -9999 -9999 -9999 7.81161695071029 7.7257262806471 7.79897377673544 4.99189812680364 2.85704261852036 3.89942803930703 6.00149360823445 7.36691805270949 5.85341138531811 7.20638151141671 17.0673409566405 17.624723432169 13.8910863341146 12.9107981453731 5.83714241832467 1.78064862199288 2.70060756152623 3.33773699732691 7.67742799945183 8.84403779252775 9.13138750360758 6.57502328988035 4.74173000405802 3.92943027034298 3.40385307820787 3.70255864485489 5.28672624305559 5.59415212144133 4.9195766308173 4.21029100695322 4.24177371453052 4.38791702539649 5.03903360110182 5.80077916977663 4.96780760496436 6.17876971596455 5.61283307946016 5.17203612086178 4.81196327508231 4.63559229255573
-9999 -9999 -9999 -9999 -9999 -9999 7.81157945046872 6.9237575038892 7.64598882545516 6.22634424720042 1.89644847962725 6.01152780357078 6.45982613944787 9.01476341877392 8.26466147854268 9.18115946383979 13.4118385745903 16.5307442540367 14.0125394324647 16.4040987668153 6.87389124536924 1.87207055677934 2.71105757069578 4.847633454358 8.37555102877061 8.69155102234615 8.72675959375308 7.03127448184883 4.09553284864184 3.60917912589767 3.7493502693168 3.56977071005476 5.20867902757368 4.84533509499943 4.18111785766829 4.0645415306756 3.56829278685936 4.45888923953959 5.62151111409522 5.67966870257081 5.89908731583948 5.39579588864282 5.10867047194599 4.29456739553277 4.41932903331557 4.51514015858549
-9999 -9999 -9999 -9999 -9999 7.29529566394263 7.67444413389579 6.63915159399451 4.99157067426921 2.95278428146126 2.08024398323108 6.3568311493607 11.2325251543132 14.6825716154046 13.1357907370956 10.8131316592949 14.6390205248168 15.2674869551918 15.4495714164608 16.07522466438 7.88758280087199 3.38591437653775 3.24192653853687 7.46149836721989 8.5325838578713 8.40759061375723 8.63993322072198 5.48130668943144 2.9580144747573 3.73248108267394 4.41247726248902 3.72726677898332 4.95089339267262 4.77559093285154 3.60398700304987 3.96993885507225 4.89079655425117 5.86180823799626 5.98704150766791 6.21890795733315 4.88855047488361 5.55278403920238 5.50527087089052 5.49255781896811 4.48329801151576 4.2448598155967
-9999 -9999 -9999 -9999 -9999 7.73822046707133 7.60560900933434 6.9579915597311 3.82643493233348 1.8137020063966 2.73950929874656 4.58805207638906 8.55784970623357 13.773576175211 13.8912085100605 13.87766525966 14.6505239934036 20.0069427436291 17.9164399690529 16.3866504227861 10.9885206753294 7.71263233001301 7.84678368501779 8.13176197352615 8.10456970668161 8.04970677942238 8.37003369399075 3.94360356190759 2.906334873336 3.31925918297105 3.82491904665938 4.68507623700523 5.0797130416275 6.93389907226325 4.64536592921468 4.88781199615117 5.15286695442251 6.06392301928012 6.1516543051221 6.16049570292253 5.51889761771533 6.11205202960634 5.1648918662559 5.31370970581394 7.85259671505794 4.80895780022583
-9999 -9999 -9999 -9999 -9999 7.76974400609222 6.56486188979233 6.41690193810303 1.77341156005549 1.73287012984855 2.58646035605468 5.51335220065931 7.921936627411 12.1365060792415 14.7933193361374 16.560122063657 18.6470826645702 20.0278207704988 18.8288370768142 17.3069848175215 10.3922085240084 7.65546948485394 8.0600304359634 7.86523197536296 8.31526108449373 8.02499843228178 6.08919513604388 3.07733675650914 3.31000278472746 3.25728719844763 4.31240448737818 3.71434053067659 4.30005583033674 5.68484619202311 5.29431631407015 4.9506337389648 5.53691135738828 5.19415250725074 4.73008290082217 4.3751619966503 4.23604457053316 4.73691127836096 4.77820718071871 5.68723374762792 5.7188425385616 5.30896254904617
-9999 -9999 -9999 -9999 7.834186864779 7.82489619774821 7.14980545977487 1.86468101206995 3.06350734867474 5.46902632498959 4.96129151831933 7.73976470655542 8.09676178803501 12.9283009110551 16.6158476592543 16.715806258546 17.8139659714957 20.668363958739 21.017351899536 22.0918058756097 14.4710116322542 9.31411457098 6.57393593676808 4.89479562679815 3.24164704804542 3.13539308868291 2.51651050566723 2.32074141478652 2.96147983647417 3.7323822136799 4.51232665461004 4.0459094407932 4.35820742597088 4.71900242119498 4.54297443069644 4.60226936322259 4.27223930660261 4.97124088933829 5.13616497729414 4.17263018491023 4.48501290270644 4.22082674398481 5.26617615095054 5.45882404845609 5.71453805211335 5.44307305376405
-9999 -9999 -9999 -9999 7.83797916617569 7.79803605138919 6.58946089254967 1.76294165687419 6.84315751440176 9.05998720311319 10.2713023946167 11.9308059201865 12.7855870327703 13.5339878945093 14.5048369718336 15.6767927554787 16.7817042808064 20.0172601651793 21.3523578667154 24.5229333552278 24.6426247333706 9.44907278614466 3.51975360757764 3.46939784792598 2.94911748670928 2.1911870504476 3.29577724886011 3.02876986885011 4.15084571010997 4.56890790829838 4.58330274355458 4.24985514175223 4.32978534623046 4.59837921363446 4.00208217922281 3.87020446919492 3.7317383805089 3.89156440336967 4.16775051951645 3.40992000677038 4.72389417157384 6.13752162146626 5.34546968044805 5.64537650115104 5.32020711757455 5.34687693518703
-9999 -9999 -9999 -9999 7.9000979700152 7.92101007747229 5.47473469483039 1.68032440461958 9.18054211677686 13.6174421497323 13.3975179677161 14.116090846004 13.826567727229 13.3275491576991 16.3761724349201 16.532562755301 17.8545248792595 19.1734804155951 19.6546767293576 20.205474469832 22.7750527415555 8.04147026588256 2.95584777985816 3.53736784402986 3.68006381072818 4.61991454091976 3.24418858087151 4.37369462057881 4.76521503454129 4.36643506623939 4.67255612830766 4.53879704478578 4.1591184486257 4.09002309367094 4.77397598429294 3.64268862558794 4.18858725873527 3.96691548576894 5.05782609395685 5.68364874850414 6.9925815376451 6.61548678615648 6.19161484010982 5.70134885925047 5.35560465621406 5.17380633774388
-9999 7.99209461445327 7.83731581986999 -9999 7.90859094549635 5.93338257745483 2.21435815036095 3.71253379166641 8.49003724075509 12.4361224874217 19.3152089058094 17.8549283654777 15.4450388689916 19.0693362201572 15.1703999655039 14.6210730341059 17.7762712513903 16.7019026496467 18.7651735551649 18.7824544533427 19.0334400893823 9.98024084357181 4.27260795487856 3.2976840983568 3.93838558484497 4.34914912528986 4.43244874117019 4.57548278003988 4.29008060349496 4.48249810043877 4.3677946520375 3.17574361964705 5.12376688140373 5.4239971329316 4.78890048918297 3.73283681761196 4.6367913569043 4.88795666956311 5.42751156939126 6.00036969696003 5.52107258289993 5.3276052402828 6.3944640123014 6.39088087517164 5.36691987502729 5.6870128662572
-9999 8.75595053728657 9.10285280017102 7.88576407023966 7.90212855821624 5.32506909935857 2.74093244862471 7.27285379549806 8.32839078638611 7.80594364605502 10.4992241071167 14.0338767321956 16.4638066026608 16.3125844778532 19.0721050118255 14.9449108209743 18.2542841331071 22.2555479647191 23.5385927512304 21.4407602129644 19.2273262513304 10.2451034898158 6.6980723989184 3.88399548778366 7.31656629118944 5.90968991104947 7.17622545883511 5.85532049766274 3.0834003111163 4.15823758504092 4.14538779055341 3.54497185424854 9.33699857851912 8.43623927334648 5.93530706554957 3.7538083799451 4.95177438899739 5.21568018873463 5.2922917554069 5.03696294945225 4.96253986752214 4.9294071284429 5.21122847382738 5.08377149253097 5.49854196393121 5.56502372607306
