0.0208246 9.9991E-05 0.844454 0.134622
0.029951 9.9991E-05 0.840388 0.129561
0.0378129 9.9991E-05 0.715339 0.246748
0.0242168 9.9991E-05 0.888647 0.0870364
0.0170231 9.9991E-05 0.899473 0.0834036
9.9982E-05 0.0971164 0.902684 9.9982E-05
9.999E-05 0.0195402 0.872237 0.108123
0.0174361 9.9991E-05 0.925418 0.0570459
0.0168938 0.0582348 0.699943 0.224928
0.0289744 0.0316481 0.652333 0.287044
0.0484691 0.217179 0.573682 0.160671
0.0225831 0.0398244 0.648158 0.289435
0.0466568 0.303975 0.562007 0.0873607
9.999E-05 0.101613 0.660605 0.237682
0.051667 9.9991E-05 0.744367 0.203866
0.000929269 0.0350621 0.829607 0.134402
0.00969447 9.9991E-05 0.67531 0.314896
0.0405637 9.9991E-05 0.844619 0.114718
0.0664255 0.181634 0.218167 0.533773
9.9991E-05 0.0329092 0.136496 0.830494
0.0134444 9.9991E-05 0.242334 0.744122
0.0298807 0.0318196 0.0478556 0.890444
0.0550407 9.9982E-05 9.9982E-05 0.944759
0.0373302 0.00666208 0.0649637 0.891044
9.9982E-05 9.9982E-05 0.250932 0.748869
0.016256 9.9991E-05 0.0735186 0.910125
0.0254564 0.0572275 9.9991E-05 0.917216
0.0327068 0.0416548 9.9991E-05 0.925538
0.00130555 0.00670421 9.9991E-05 0.99189
9.9991E-05 0.0630849 0.00585638 0.930959
0.0108606 0.030328 9.9991E-05 0.958711
0.031028 0.034591 9.9991E-05 0.934281
0.0560929 9.9991E-05 0.0979493 0.845858
0.0606521 9.9991E-05 0.737398 0.20185
0.00947252 9.9991E-05 0.639177 0.35125
9.9991E-05 0.0981828 0.748262 0.153455
0.0266538 0.0477641 0.860892 0.0646904
0.013846 0.139464 0.62837 0.21832
0.9997 9.998E-05 9.998E-05 9.998E-05
0.0376214 0.0619852 0.0329635 0.86743
9.9991E-05 0.0918344 0.649655 0.258411
0.00956958 9.9991E-05 0.759443 0.230887
9.9991E-05 0.18701 0.467487 0.345403
0.0671581 0.314222 0.4957 0.12292
0.023223 0.336278 0.520999 0.1195
0.9997 9.998E-05 9.998E-05 9.998E-05
0.0743295 0.0707714 0.574499 0.2804
9.9991E-05 0.242925 0.560624 0.196351
0.0272717 0.110481 0.448753 0.413494
0.0331253 0.855137 0.100289 0.0114487
0.030029 0.887182 0.0826892 9.9991E-05
9.9991E-05 0.868447 0.0934542 0.037999
0.050922 0.844231 0.104666 0.000181201
0.043082 0.871186 0.0134409 0.072291
9.9982E-05 0.908397 9.9982E-05 0.0914032
9.9982E-05 0.762986 0.236814 9.9982E-05
0.00625438 0.903189 0.00353308 0.0870231
0.0264591 0.898684 9.9991E-05 0.0747569
0.0428151 0.858966 0.0981188 9.9991E-05
0.0261336 0.728594 0.245172 9.9991E-05
9.9982E-05 0.904937 9.9982E-05 0.0948631
9.9991E-05 0.804563 0.140051 0.0552858
0.0950871 0.529457 0.360727 0.0147289
0.01929 0.0258429 0.110781 0.844086
0.0442555 9.9991E-05 0.0650614 0.890583
0.0217818 9.9991E-05 0.0683156 0.909803
0.00862438 0.776887 0.125126 0.0893623
0.0945837 0.664293 0.241023 9.9991E-05
0.044429 0.804123 0.0847284 0.0667193
0.0648032 0.800349 0.0575036 0.0773442
0.0437455 0.885605 0.00595139 0.0646979
0.0120317 0.344294 0.643574 9.9991E-05
0.0307913 0.287928 0.618287 0.0629937
9.9991E-05 0.365447 0.583813 0.0506397
0.0445277 0.330661 0.577436 0.0473751
0.0542707 0.265175 0.506544 0.17401
0.0597581 0.334899 0.565215 0.0401272
0.0253515 0.298897 0.56146 0.114292
9.9982E-05 0.759358 0.240442 9.9982E-05
0.124765 0.576516 0.29862 9.9991E-05
0.025492 0.869141 0.0362501 0.0691164
0.0595828 0.848851 9.9991E-05 0.0914661
0.0326074 0.751199 0.216093 9.9991E-05
0.0351668 0.0269928 0.161434 0.776407
9.9991E-05 0.48994 0.287525 0.222434
9.9991E-05 0.432564 0.525354 0.0419822
0.9997 9.998E-05 9.998E-05 9.998E-05
0.00527164 9.9991E-05 0.720137 0.274492
0.0432755 9.9991E-05 0.770526 0.186099
0.0435914 0.035257 0.69898 0.222172
0.0590221 0.119256 0.483899 0.337823
9.9991E-05 0.0435566 0.896676 0.0596669
0.0118161 0.445389 0.416148 0.126647
0.0367699 0.060607 0.325849 0.576774
0.0844887 0.397953 0.517459 9.9991E-05
0.024936 0.150065 0.444762 0.380237
0.00404752 9.9991E-05 0.797848 0.198005
9.9991E-05 0.0224666 0.838197 0.139236
9.9991E-05 0.0231089 0.746572 0.230219
0.0239687 0.060584 0.828549 0.086898
0.0128636 0.030082 0.870049 0.0870049
0.0119685 9.9991E-05 0.899468 0.0884633
0.0448845 0.41483 0.422755 0.11753
0.105966 0.321666 0.47875 0.0936179
0.102947 0.388787 0.446918 0.0613478
0.0256802 0.107762 0.520509 0.346049
9.9991E-05 0.289583 0.496305 0.214012
9.9991E-05 0.0761724 0.425208 0.49852
0.0272381 0.800316 0.172346 9.9991E-05
0.0504235 0.821319 0.128157 9.9991E-05
0.00935015 0.377916 0.390995 0.22174
0.0392956 0.296365 0.49011 0.17423
0.0426106 0.289536 0.346303 0.321551
9.9991E-05 0.0123062 0.147371 0.840223
0.0682103 0.792692 0.0467014 0.0923968
9.9991E-05 0.82474 0.14092 0.03424
9.9982E-05 0.647752 0.352049 9.9982E-05
0.0624006 0.03374 0.399399 0.50446
0.0188893 0.00703618 0.689751 0.284324
0.0126862 0.0712193 0.824316 0.0917786
9.9991E-05 0.107829 0.763604 0.128468
9.9982E-05 9.9982E-05 0.548809 0.450991
0.0205817 9.9991E-05 0.734992 0.244326
9.9982E-05 9.9982E-05 0.851806 0.147994
9.9991E-05 0.0604779 0.91515 0.0242719
9.9991E-05 0.0403789 0.48455 0.474971
0.0142066 9.9991E-05 0.812818 0.172875
0.0337619 9.9991E-05 0.721599 0.24454
0.0147422 9.9991E-05 0.784811 0.200347
9.9991E-05 0.119995 0.562452 0.317453
0.0400868 0.0719746 0.8184 0.0695385
0.029714 0.0388396 0.639646 0.291801
9.9991E-05 0.0504558 0.813218 0.136227
9.9991E-05 0.0459872 0.0384351 0.915478
9.9982E-05 9.9982E-05 0.0367925 0.963008
0.0375418 9.9982E-05 9.9982E-05 0.962258
0.0158874 0.0701066 0.0993828 0.814623
0.00983984 0.0560546 0.0926185 0.841487
0.00699577 0.0939102 0.879657 0.0194369
0.0218898 0.00481955 0.745443 0.227848
9.998E-05 0.9997 9.998E-05 9.998E-05
0.0635143 0.883082 0.0363213 0.0170822
0.0229166 0.942824 0.0138405 0.0204194
9.9991E-05 0.716657 0.233438 0.0498052
0.0130173 0.917117 0.069766 9.9991E-05
0.0268458 0.820598 9.9991E-05 0.152456
0.024995 0.937693 0.0372123 9.9991E-05
0.00300804 0.894084 9.9991E-05 0.102808
9.9982E-05 0.909374 9.9982E-05 0.0904261
0.0159198 0.929815 9.9991E-05 0.0541651
0.063923 0.879142 0.0568349 9.9991E-05
0.0440433 0.774364 0.082389 0.0992036
0.0228807 0.823649 0.112326 0.0411448
0.022037 0.893475 9.9991E-05 0.0843881
0.0225034 0.88656 0.0393012 0.0516351
0.03532 0.911578 0.053002 9.9991E-05
0.0119903 0.906272 9.9991E-05 0.0816378
0.0210501 0.404353 0.446621 0.127976
0.0266875 0.232223 0.664085 0.0770049
9.9982E-05 0.884161 0.115639 9.9982E-05
0.0108263 0.719387 0.236548 0.0332388
0.00644782 0.939049 9.9991E-05 0.0544027
9.9982E-05 0.389831 0.609969 9.9982E-05
0.0215826 9.9991E-05 0.96751 0.0108072
0.0192557 9.9991E-05 0.756283 0.224362
9.9991E-05 0.0689686 0.380024 0.550907
0.006739 9.99937E-05 0.278313 0.714848
0.0100585 0.0338203 0.0760149 0.880106
9.9991E-05 0.0373801 0.0463091 0.916211
0.0154679 9.9991E-05 0.182489 0.801943
0.0339907 0.0109896 0.117402 0.837618
0.0421134 0.112095 0.022092 0.8237
0.0380693 0.0362145 9.9991E-05 0.925616
0.0251585 0.00982374 0.835422 0.129596
0.0495477 0.0452145 0.805994 0.0992441
0.0378838 0.0547687 0.907247 9.9991E-05
9.9982E-05 0.033615 0.966185 9.9982E-05
0.0152328 9.9982E-05 0.984567 9.9982E-05
9.9991E-05 0.0916323 0.870195 0.0380729
0.013963 0.0105349 0.720136 0.255366
0.023066 0.0806355 0.69737 0.198929
0.0737576 0.00759322 0.78179 0.136859
0.0143049 0.0533093 0.707665 0.224721
0.0174661 0.0454535 0.718865 0.218215
0.168138 0.0507885 0.136849 0.644224
0.0159216 0.814834 0.154467 0.0147774
0.0379465 0.872822 9.9991E-05 0.0891318
0.0256062 0.9203 0.0539937 9.9991E-05
0.0247225 0.802253 0.172924 9.9991E-05
0.0469423 0.838466 0.0269348 0.0876564
0.0313008 0.134898 0.459748 0.374053
0.0458104 9.9991E-05 0.592499 0.361591
0.0659279 9.9991E-05 0.792529 0.141443
0.0537402 0.0125076 0.60183 0.331922
