0.0135035 0.11628 0.00920126 0.769527 0.091488
9.999E-05 0.118937 0.0337959 0.769551 0.0776164
0.023835 0.261454 0.0201735 0.576151 0.118386
0.0139528 0.0758391 0.000159224 0.734547 0.175502
0.0648445 9.9973E-05 9.9973E-05 0.934856 9.9973E-05
0.0906243 0.0148985 0.0183976 0.846907 0.0291723
0.0514248 0.0770467 9.9991E-05 0.717979 0.153449
9.9982E-05 9.9982E-05 0.0337685 0.802209 0.163823
0.0848764 0.168631 0.0286013 0.685412 0.0324799
9.999E-05 0.174037 0.0279328 0.520853 0.277077
0.0317981 0.0603713 0.0528084 0.329557 0.525465
0.0353655 0.203649 0.0258999 0.536034 0.199051
0.0268948 0.0255424 0.0466893 0.0382262 0.862647
0.0996533 0.232615 9.9991E-05 0.481458 0.186174
0.0950441 0.136155 0.0421354 0.726565 9.9991E-05
9.999E-05 0.11424 0.0209712 0.658273 0.206415
0.0373422 0.219703 9.9991E-05 0.707739 0.0351164
9.9982E-05 0.110804 0.0200947 0.868901 9.9982E-05
0.10878 0.534397 0.0656321 0.133717 0.157474
9.9982E-05 0.769961 9.9982E-05 0.0402613 0.189578
0.0264289 0.730122 0.0090535 0.229425 0.00497096
0.0666812 0.814519 0.00523613 0.0495261 0.0640378
9.9982E-05 0.879 0.0600042 9.9982E-05 0.0607958
0.0253295 0.807485 0.0440388 0.123047 9.9991E-05
0.0166785 0.663957 9.9991E-05 0.28445 0.0348145
9.9982E-05 0.873031 0.0150386 0.111731 9.9982E-05
0.0674863 0.903976 0.0283378 9.9982E-05 9.9982E-05
0.0919015 0.866658 0.0226692 9.9991E-05 0.0186714
0.0400057 0.886981 9.9982E-05 0.0728134 9.9982E-05
0.101711 0.880566 9.9982E-05 0.0175229 9.9982E-05
0.0396235 0.949872 0.0103042 9.9982E-05 9.9982E-05
0.0510816 0.884424 0.0377228 0.026672 9.9991E-05
0.0327568 0.824714 0.0752056 0.0649439 0.00237978
9.9991E-05 0.135751 0.0567297 0.540307 0.267113
0.0318133 0.23568 0.00220372 0.730203 9.9991E-05
0.0924357 0.0366222 9.9991E-05 0.82599 0.0448525
9.9991E-05 0.040776 0.0287329 0.691637 0.238754
0.0570321 0.141726 0.0247624 0.477467 0.299012
9.997E-05 9.997E-05 0.9996 9.997E-05 9.997E-05
9.9982E-05 0.759143 0.0384233 9.9982E-05 0.202234
0.155511 0.113028 9.9982E-05 0.731262 9.9982E-05
9.9982E-05 0.187277 9.9982E-05 0.659566 0.152956
0.153769 0.239373 0.0140923 0.352344 0.240422
0.143909 0.164724 0.0530645 0.0920348 0.546268
9.9982E-05 0.0269996 0.00319983 9.9982E-05 0.969601
9.997E-05 9.997E-05 0.9996 9.997E-05 9.997E-05
0.0429171 0.19133 0.064105 0.453744 0.247904
0.121783 0.13402 9.9991E-05 0.315666 0.428431
0.0871096 0.332121 0.0488453 0.3497 0.182224
0.748217 9.9991E-05 0.0392602 0.010624 0.201799
0.820893 0.00374155 0.0294439 0.0194978 0.126424
0.827295 0.0068199 0.0126854 0.1531 9.9991E-05
0.707774 0.0123207 0.0570614 0.0132753 0.209569
0.849962 0.0878798 0.044571 0.0174872 9.9991E-05
0.876628 0.0794688 9.9982E-05 0.0437036 9.9982E-05
0.777692 9.9973E-05 9.9973E-05 0.222008 9.9973E-05
0.830137 0.0779191 0.0174408 0.0467827 0.0277209
0.862166 0.113038 0.0245958 9.9982E-05 9.9982E-05
0.821038 9.9991E-05 0.0369284 0.0645469 0.0773863
0.643228 9.9991E-05 0.0218276 0.0963613 0.238483
0.85124 0.12087 9.9982E-05 9.9982E-05 0.0276904
0.752993 0.0747354 9.9991E-05 0.0727434 0.0994285
0.325852 9.9982E-05 0.0420384 9.9982E-05 0.631909
0.0744812 0.821511 0.0259702 0.0779377 9.9991E-05
0.0408515 0.788261 0.0296441 0.0851503 0.0560926
9.9991E-05 0.856504 0.0135209 0.0864231 0.0434516
0.729044 9.9982E-05 9.9982E-05 0.108635 0.162121
0.444049 9.9982E-05 0.0842906 9.9982E-05 0.47146
0.740069 0.0491466 0.0321074 0.0110038 0.167673
0.709061 0.00329084 0.0464579 9.9991E-05 0.24109
0.831962 0.0257879 0.0428982 0.0709162 0.0284356
0.116572 9.9991E-05 0.0088777 0.235486 0.638965
0.0743681 0.033882 9.9991E-05 0.124184 0.767466
0.0921637 9.9982E-05 9.9982E-05 0.0534393 0.854197
9.9973E-05 9.9973E-05 0.0163795 9.9973E-05 0.983321
9.9982E-05 0.0978123 0.0336807 9.9982E-05 0.868307
9.9973E-05 9.9973E-05 0.00797466 9.9973E-05 0.991725
0.0264961 0.0639986 0.00905375 0.136792 0.763659
0.673457 9.9982E-05 9.9982E-05 0.0732935 0.25305
0.392364 0.0218565 0.107958 0.0267038 0.451118
0.771104 0.110939 0.0144476 9.9991E-05 0.103409
0.847633 0.099084 0.0530834 9.9982E-05 9.9982E-05
0.716959 0.00560291 0.0359213 0.166396 0.075121
0.0429554 0.706084 0.0298644 0.11037 0.110727
0.311124 0.119399 9.9991E-05 0.0674348 0.501942
0.126172 9.9973E-05 9.9973E-05 9.9973E-05 0.873528
9.997E-05 9.997E-05 0.9996 9.997E-05 9.997E-05
9.9991E-05 0.1704 0.00890618 0.673634 0.14696
9.9991E-05 0.14516 0.0173264 0.738488 0.098926
0.0510359 0.196389 0.0361691 0.553241 0.163164
0.0969498 0.29524 0.0320289 0.35772 0.218062
0.0325026 0.0262529 0.00299847 0.844427 0.093819
0.189796 0.00261784 9.9982E-05 9.9982E-05 0.807386
0.0229009 0.545276 0.0332298 0.245156 0.153437
0.161485 9.9991E-05 0.0685154 0.020916 0.748983
0.0471955 0.322394 0.0324986 0.229029 0.368883
9.99731E-05 0.212863 9.99731E-05 0.786837 9.99731E-05
9.9982E-05 0.0313198 9.9982E-05 0.637113 0.331367
9.9982E-05 0.10951 9.9982E-05 0.556633 0.333657
9.9982E-05 9.9982E-05 0.0073643 0.651695 0.340741
9.9991E-05 0.0358903 0.0139509 0.522228 0.427831
9.9991E-05 0.0665072 0.00322939 0.649 0.281163
0.225559 0.0122482 0.0101503 0.107002 0.64504
0.130412 0.051351 0.0798538 0.0834811 0.654902
0.218515 0.0201742 0.0934185 0.0774635 0.590429
9.9991E-05 0.193115 0.00041114 0.132824 0.67355
0.110907 0.173539 9.9991E-05 0.293734 0.42172
0.063007 0.457052 9.9982E-05 0.479741 9.9982E-05
0.794506 9.9982E-05 0.018742 0.186552 9.9982E-05
0.712725 0.0430179 0.0106924 0.0135278 0.220037
0.147528 0.184484 0.00528938 9.9991E-05 0.662599
0.163799 0.101772 0.0430264 0.212021 0.479381
0.116747 0.249994 0.0551907 0.0363772 0.541691
9.9973E-05 0.719607 9.9973E-05 9.9973E-05 0.280093
0.647964 0.11473 0.0281776 9.9991E-05 0.209029
0.662276 0.0023367 9.9991E-05 0.0574298 0.277857
0.479872 9.9982E-05 9.9982E-05 0.0926104 0.427318
0.0434536 0.478731 0.0671236 0.337007 0.0736842
0.101551 0.230979 9.9982E-05 0.66727 9.9982E-05
0.0253548 9.9991E-05 0.0330768 0.761405 0.180063
0.140585 0.0678881 9.9991E-05 0.778909 0.0125181
9.9973E-05 0.401008 9.9973E-05 0.598692 9.9973E-05
0.000611718 0.197609 0.0125529 0.684133 0.105093
0.0125023 0.114311 9.9991E-05 0.752118 0.120969
0.100777 9.9982E-05 0.0192618 0.879762 9.9982E-05
0.0205362 0.346379 9.9991E-05 0.506566 0.12642
0.00451732 0.127812 0.00829873 0.748998 0.110374
9.9991E-05 0.151918 0.0415381 0.637661 0.168784
9.9991E-05 0.090628 0.0159579 0.757242 0.136072
0.149307 0.272536 0.00303786 0.57502 9.9991E-05
0.0728319 9.9991E-05 0.0334859 0.797943 0.0956391
9.9991E-05 0.193167 0.0123239 0.474653 0.319756
0.0427646 0.0574666 9.9991E-05 0.767397 0.132272
9.9973E-05 0.854635 9.9973E-05 9.9973E-05 0.145065
9.9982E-05 0.885405 9.9982E-05 0.0687033 0.0456917
9.9982E-05 0.875666 0.037066 0.0870683 9.9982E-05
0.0472361 0.77613 0.0204665 0.110727 0.0454402
0.0393166 0.796312 0.0209676 0.0394522 0.103952
0.0728213 9.9991E-05 0.00480906 0.652866 0.269403
9.9991E-05 0.13853 0.0207707 0.660303 0.180297
0.939835 9.9973E-05 9.9973E-05 9.9973E-05 0.0598654
0.830433 0.0623783 0.0272633 9.9991E-05 0.0798259
0.859687 0.0495788 9.9982E-05 0.0905338 9.9982E-05
0.677404 0.054784 0.00332071 0.0411902 0.223301
0.843403 9.9991E-05 0.0323589 0.0020084 0.12213
0.821472 0.11543 0.00973889 9.9991E-05 0.0532591
0.923698 9.9991E-05 0.0160209 0.0352157 0.0249655
0.835576 0.0728183 0.0048154 9.9991E-05 0.0866899
0.807816 0.0636508 9.9982E-05 9.9982E-05 0.128334
0.836824 0.0851632 0.0137632 9.9991E-05 0.0641498
0.779607 9.9991E-05 0.0505081 0.0240016 0.145783
0.772463 0.0339395 0.0625193 0.0760104 0.055068
0.819883 0.0411948 0.0099893 0.128833 9.9991E-05
0.854998 0.0784996 0.0287386 9.9991E-05 0.0376642
0.822885 9.9982E-05 0.017517 9.9982E-05 0.159398
0.90853 9.9982E-05 0.00928935 0.0819807 9.9982E-05
0.897457 0.0395153 0.0165392 0.046388 9.9991E-05
0.122083 0.0906159 9.9982E-05 9.9982E-05 0.787101
9.9982E-05 0.0373487 9.9982E-05 0.0846648 0.877787
0.893098 9.9982E-05 9.9982E-05 0.0587892 0.0479131
0.731134 9.9991E-05 0.00633954 0.243018 0.0194091
0.861434 0.0173898 9.9982E-05 9.9982E-05 0.120976
0.143785 9.9982E-05 9.9982E-05 0.192074 0.663941
0.0392536 0.00807343 0.0183239 0.855274 0.0790753
9.9982E-05 0.229358 0.0348272 0.735615 9.9982E-05
0.00428724 0.526734 9.9991E-05 0.262921 0.205959
0.0271174 0.636217 0.00166992 0.291757 0.0432387
9.9973E-05 0.826453 9.9973E-05 9.9973E-05 0.173247
0.0545113 0.896678 0.00365591 0.032975 0.0121793
9.9982E-05 0.730243 9.9982E-05 0.146911 0.122647
9.9991E-05 0.760529 0.0406844 0.0856567 0.11303
0.0893775 0.769475 0.0296822 9.9991E-05 0.111365
0.092692 0.770959 0.0489769 0.0872725 9.9991E-05
0.0478958 0.100233 9.9991E-05 0.739524 0.112247
0.0623191 0.0374167 0.0456278 0.815237 0.0393993
0.0391172 9.9991E-05 0.0515681 0.840405 0.0688093
0.027039 9.9982E-05 9.9982E-05 0.829788 0.142973
9.9973E-05 9.9973E-05 9.9973E-05 0.814656 0.185044
9.9991E-05 0.00421893 0.00816007 0.591988 0.395533
9.9991E-05 0.153307 0.02859 0.581836 0.236168
0.0641771 0.157082 0.0132981 0.608749 0.156694
0.0154441 0.0343567 0.0550396 0.678199 0.21696
0.0376104 0.187831 0.00695363 0.599233 0.168372
0.063169 0.160266 0.0318771 0.639665 0.105023
0.0568053 0.664193 0.136577 0.101484 0.0409409
0.780852 0.0245086 0.0121567 0.0431343 0.139348
0.791312 0.0906792 0.0422495 9.9991E-05 0.0756596
0.832382 0.0339124 9.9982E-05 9.9982E-05 0.133506
0.733631 0.00114731 0.0274155 0.0722405 0.165566
0.828921 0.0694182 0.0248054 0.0767553 9.9991E-05
0.104877 0.243954 0.0308221 0.443393 0.176954
9.9991E-05 0.285638 0.0316629 0.509813 0.172785
0.0222904 0.125572 0.0713965 0.726258 0.054483
9.9991E-05 0.263087 0.0529352 0.50324 0.180637
