IBR/IBR_outputs/all.combrep_1/FireFreq_2000_2008_Total.Silt_Total.Spinifex_Total.VRM_Total/FireFreq_2000_2008_Total.Silt_Total.Spinifex_Total.VRM_Total.asc
NCOLS 160 
NROWS 95 
XLLCORNER 210004.651214014 
YLLCORNER 7350008.22228844 
CELLSIZE 4999.99999999997 
NODATA_value -9999 
[rows 21 to 41 of 95, columns 92 to 137 of 160]
36.9358340628707 27.4432115495448 19.2796719274592 24.1293551572771 31.5661032608065 49.258041503724 28.137002564299 17.0632302002829 25.8284087515492 38.4139714577895 23.8650010647518 20.9789713597407 29.6390091364379 169.484107543658 148.44091582828 31.0640713241186 41.6727702887728 41.1122279505581 101.625567454901 163.529708239552 104.36116045508 34.278847389949 38.997386822208 29.2300675772799 39.5739562455105 143.723451096145 123.29547724001 153.962981771175 159.933738821801 62.5603322615927 30.2247511528614 24.1453662520427 29.7050506641804 95.9574471847306 101.718106459635 88.9763524265443 59.4373870458137 36.5328506432021 41.4284920749277 37.6060901796146 26.90446605569 45.2403626832703 33.3084511372083 38.7133893493176 34.2033466767317 42.4745687425875
27.0421726238908 26.100060704399 30.7334170706775 21.6052614873671 41.7978429068957 43.0516918006092 28.5241135763083 22.749634639107 23.8811697880351 34.953744819999 41.2803701691266 43.5418760018777 18.3681329735712 125.446709877009 63.3544775823884 38.3317061683742 41.1647236269138 42.7008492422294 38.7182310332154 21.8843933300008 87.1232809464963 27.6279773414868 35.112469252928 36.0172325474163 34.8371612571782 24.3453197168678 35.8928531960041 31.3835048939885 28.273128754715 22.2888590872502 30.7193140318343 63.3232259961907 53.9149785811381 92.4779887075122 92.605181204563 55.6527518149107 25.5489085531617 41.0201042451617 33.0602128364899 51.6143429482495 72.5038241601222 84.3693517251743 26.3526594915212 41.7566627180341 43.136900609672 38.7509719529455
30.1916604220174 34.5782320364598 28.8941822367111 18.9254504782147 14.4984904118132 19.6447474233961 19.0146466747253 25.9999046067496 26.635479442422 29.1917845828308 41.1589462540631 33.8137356207498 25.7815665513774 154.478096456891 48.6941701544634 30.9615710773218 43.4625773586325 41.2283810454379 48.2396367867796 36.2793223547527 26.8746263040478 124.043383492402 34.0971813222972 38.0814741165294 36.5125303692827 38.7632515021897 40.2755860299496 41.6805993856536 39.5710811957947 25.1171496641468 24.147741295188 17.8164185801321 30.6148745427239 89.6312591680108 88.9667719875192 126.235594719115 42.930790032179 10.760633427321 43.7036564177658 106.026220141816 43.1760295830161 125.68166346004 152.314845907181 120.003131502067 45.2664420349246 38.4181591361268
13.6138787114419 13.7106240677709 15.008254409883 10.9897540032258 14.2649808735446 23.7710516185895 20.5148256124364 13.5368816078941 37.5600603129256 25.9901775187144 28.7363593506695 32.5798281088167 31.5859539822796 25.29118745295 21.8713961516743 32.8063637384874 36.8041234930716 47.4617737495102 83.6014547930663 42.7723604306356 25.1510978765536 33.2261136553916 28.0653246210733 33.3224260463774 32.153397946826 36.1412902844366 47.2538331695217 47.17719784775 38.3216254205162 33.6950309167979 24.6142719376026 27.2507631520813 88.6873938356584 70.5083328959002 31.4587351607681 12.0326271458282 26.2982815950195 37.4498553581253 19.3456051342878 16.0771567769663 31.8645923692007 155.945247033626 157.455043848346 162.239250998215 121.668711716132 65.9236535193991
22.5479212668319 22.2475607302237 13.8674092052061 17.4745581726769 17.0741187295487 25.8326501188561 21.6152610644032 19.5738023729433 31.4217176221155 28.642526905325 26.4815682505172 36.2907644396225 33.9691353485704 27.3142947074954 26.1525575312365 35.8666677355453 27.614994723411 31.4860273564648 59.37935115327 31.6999725719583 33.0561426698256 30.2083996798193 26.0515708236626 21.00575361997 34.8625932639302 34.8205142273089 75.690563894395 36.4617631223324 26.7483908709131 28.5466349116814 26.1445645789783 28.8464752418588 86.9779410777733 96.6497079765752 65.9032749222721 16.8214879220661 18.7948709629413 18.7616408859638 20.1099808701643 19.11718083737 22.1560002435663 32.8949511064019 151.047826287622 166.628554958438 172.950289817534 177.661969788842
16.3693473356104 23.6553765722532 23.3341918319612 17.3771662131909 29.7083181539404 30.5203531591047 22.9993490961027 23.4692789673203 37.7484941330205 41.3648701644077 41.4078180544106 39.2961197986945 26.208287755991 36.1419720930614 31.488239364391 35.7616315787978 96.5112405349756 95.8897331384588 97.1599542651373 101.579532200914 40.3669571943631 34.837861341718 25.4353795422255 20.952215133828 21.9730386182401 27.0104521811869 48.2344128649881 42.8577424348633 22.6753127878744 31.0963168516815 37.5829474021205 64.9484924112209 78.0779079791843 101.810402289879 94.6196664017102 82.2358966566171 28.3779575854678 24.2485218601593 15.6558975357184 19.2722002522089 28.001127674009 33.0543705015464 101.870117266484 148.029736405615 132.845728548409 143.493426762164
33.35576782022 40.1963195990204 38.6748625612152 20.6091571493737 32.6041310550742 18.7523380484972 35.1015751207976 21.1403007165566 29.0803025947872 32.9831435615352 28.5167272935999 26.0016753489747 23.9205001143583 32.0620417410494 37.6843235681983 64.361621491261 99.4959838258982 91.8798025160347 102.627747792035 103.936683564741 83.125699830322 91.3876859595548 100.534975172395 69.3991322530953 34.0566975499532 42.1079297698087 28.9407129888137 36.8754814399682 47.8747318286183 100.733868856343 96.4847835568076 105.517368447319 87.7909980751492 83.2424368942779 57.7705484123182 72.9024320420651 82.7718552283506 32.8454613994165 11.3292972283634 19.1068914228444 24.8438747117878 26.3016930638369 31.1461544161 147.497641039938 53.072905146229 65.937594262996
23.7095594061802 28.0767503722452 38.9856347764464 33.0523332391274 29.9866645938186 24.697968648299 29.3628946153473 11.7262828294326 8.31689802978746 22.9146158893799 29.994750438533 34.5508102482728 25.3732384927778 26.2443255880224 24.4299550196723 97.3106322070857 101.559614933031 110.94145819368 117.854115389816 99.4180733521318 80.9941774513859 103.032272321002 102.146008717967 92.3592091839995 85.9298168807982 97.6268527875346 83.4963114923372 110.187195110076 65.5423074160023 63.1921151981318 36.6327373904769 61.4464210672722 101.977580236809 81.6238971717915 63.8006188614768 49.6661582914017 67.1527042787181 40.5380274368572 17.6514500375969 30.6136521731806 72.4409618455674 64.3580205053788 33.3118796391829 135.034756584237 21.4855912313155 31.198093601823
17.4809443947328 17.9767040869433 41.36571273046 35.5508749836023 30.1700702440735 40.4135255627136 69.811108266262 7.0655102301087 19.5166678525432 28.479810755974 28.7194880054002 26.0308678816623 31.8871082002562 34.4355813332555 58.5644683070548 90.4971535195626 100.489166860713 108.328103901028 112.015193177415 103.770223726187 88.4443723581888 98.890219764714 100.564668233505 68.065615327096 75.9142888401665 82.012431149334 76.2470564605806 71.811923642429 62.2871594955253 14.1065427125716 29.8522939476958 33.1851970142247 79.1170901685988 80.9890865398933 81.5646268735354 88.1744371741819 83.4081698537838 91.7234177714323 71.9112868446956 72.0105616626243 74.7222779591854 69.1228544672179 69.161377848658 150.922718902669 13.8737028126097 35.8323705008299
31.7264332694422 16.6260385111446 37.4097969267015 28.5053768103224 27.1235762063088 60.5447006273137 47.5690940481794 15.7563916072534 33.6534807352526 38.8915852571773 27.3803694186661 21.7259452010909 23.9612238629401 84.7305155044313 86.4375610990989 81.9265264576687 95.8903341797653 79.1901174799526 96.5080317110541 95.1430929288433 90.7555069018732 89.2445639416137 101.690788246894 66.9802137181024 90.4379452384807 40.1410002264697 22.99338120672 17.2473516918039 27.4264332519869 28.2805419788132 33.0465070307828 23.3646803189502 33.5187016294698 34.893957773837 77.0978745649061 90.4843526004705 81.355915016704 76.9677539317955 88.5440602620691 87.0093356314825 55.3741499490693 47.6659654302448 48.8210381376316 68.7002603778506 36.9559055397859 33.4219424735858
34.5811750770874 21.8484688259363 24.6017713973689 26.3534213334977 21.8085268846092 70.4796101133889 62.1369101073783 35.0467215347957 71.8064025017761 50.6792762647505 31.2430639259416 60.0863572708996 87.526940604897 81.4846170297385 94.0462034395166 99.7016681828429 93.6053971217997 63.3470969496257 95.7606717338569 89.8676228169308 102.458298687595 95.1156340112774 53.5914537074653 57.2877876304083 58.9720917965604 38.8390740433167 10.2400063782825 11.5326240640821 15.0233198172639 29.4816862900551 30.7872012474821 32.1870451823734 39.7175261554846 33.6213951348421 41.1317099837522 98.2258216513549 81.416997959337 65.8035112208065 72.1877730146581 77.7100431352492 34.4906636291394 71.3231765440553 70.5389619223872 39.9817702105662 71.6074378536029 29.04415718756
69.8992972545818 24.361259831157 36.2002155475082 28.0718304872074 28.0901291963371 38.9465580478026 67.1230700955819 95.2580822197944 86.1923743794966 93.4571561487273 93.3770464212005 93.6890864130919 91.5765340890711 92.0893103224779 133.377276621661 71.6051471997279 89.0308051310865 86.6800780394061 102.239454026562 98.6841984060159 105.527526352527 102.459357304054 59.2868337776494 54.1481083200317 45.0647838552347 25.9425988702584 15.8335406994553 15.8593216067471 15.5878718677793 19.5268397901707 19.7050131623587 28.5419239091737 24.0473546780487 37.0733902355976 44.1003464743938 63.9146583220496 98.3681850237574 69.4914595188799 96.2917596115969 94.6820389879188 62.2042626042783 85.6748874721663 84.5049929066838 50.5001198739303 43.8683961699146 41.2098382003096
94.4787021863407 84.4663844866478 41.2446980294598 45.2954864887849 42.1957907271888 57.4400377352893 89.6000580640464 97.4808254647556 88.1211551457298 93.8905690188104 86.0730288865753 92.6032253937746 93.7869932986509 86.7964895287439 152.704027742923 102.4902137628 97.3426770091067 85.222929453217 74.0360622909569 100.272072198549 106.772261807127 101.46612585609 94.3305337562953 40.4434366955498 16.9010926991181 18.6276294101489 24.1620577622119 21.4825287102818 25.6203774769851 27.4444556129908 9.75633833964508 14.5874508790291 37.1101440618662 27.9357124287785 38.3710803205599 48.6738255493516 101.532384504746 100.865813599694 93.500165328495 72.0405669719056 80.6500046379411 108.127086715685 85.3065968923968 90.9149456296161 44.6806861405566 39.8480768114975
90.9036622092532 23.823389553061 29.5803891147669 27.2720773432208 62.0988600694511 105.779378225266 86.5193435123435 89.2373855793396 93.3415393972248 98.658498641085 47.0099103294152 55.8843822368783 98.5720573446215 92.8237886186118 94.8843121622829 105.806421812161 90.4590603500456 82.5254524583111 89.2926609561411 88.3638168519737 85.5263828537563 92.9630597576412 92.746704754489 70.5321009719759 29.2215550746324 31.9705498211014 27.479764262863 32.1375063833737 26.9123743867323 23.5624579336156 28.0620424089162 24.9800241867212 34.0709680565638 37.6762608763144 24.9772612730749 71.1250443095337 104.907596511953 99.8400983743438 91.4741283367488 78.9607054166045 89.9636411047637 115.33438501688 101.211815182112 91.9837913517021 85.833709827694 48.1639215724662
53.6091241835906 27.9101579466655 21.5622807463646 30.9251046761904 28.6067597930146 50.6859192831231 90.8940174607335 91.0533877275601 95.4747540691538 92.1356223923768 35.1971419685813 66.2560295421627 88.9573907467428 99.0158616732892 96.038218554716 104.000888669477 92.1919255046348 90.7276662937209 87.0584639520828 85.5576243672072 30.4945485426615 60.3244331226757 81.7147841596865 89.8148968852674 75.7924854798949 27.282722371353 27.0097633699562 30.4589478023179 25.3756809498543 19.4059819649806 26.1608954781298 49.4520468399147 37.0168289598672 43.5998356525235 46.9876058974185 88.5812551209233 101.801622335125 76.2502194455561 87.3498651789776 101.771772292518 95.4653416215909 92.5067959529249 96.0251641456971 95.3079142895872 107.167499547264 87.4834373865461
21.7855930919658 31.9615900259229 30.8076682424645 26.3082587916611 27.5572664746983 34.5385560312547 87.1251939154056 73.2053528884996 98.7608448462687 74.0735838365332 61.4766631326096 88.0802632230303 96.1512790986884 111.711187638418 108.321153468976 94.8232740596788 84.9325689425256 69.4569542540618 81.6480624735881 79.8291875270402 66.3539092525231 44.4917370951926 55.8761328952128 77.7697245855851 135.101255644777 85.0708393629586 16.320379522315 33.3243939249055 27.8734030988813 14.6856425841375 11.1573026858012 27.6975546182771 30.3399688913409 40.5093053387095 86.1308082088471 107.946778002463 103.808153557253 89.1301431915131 98.0465851449449 111.070949046474 85.1458404755132 75.6669290318444 104.859471840403 90.3790481697737 103.29034002535 70.8301865534599
29.302904921437 29.5225549436236 32.7602738776686 27.4212983797628 32.7571587439399 28.5946373821687 79.2839051734621 72.8092316859707 88.4184680509054 76.5463547097941 89.8266413197017 94.2556745895675 94.6264085891283 97.7843174256262 126.163983443665 44.8198439682882 31.4756417995629 75.1186358151499 79.8223513635257 80.8898792302627 99.1106975289229 93.4122524513143 84.2333865947028 82.7800003052233 82.2863074488981 91.821781075685 92.2145840482752 53.6056263328855 40.6598033603702 18.638430318458 21.5492002833573 24.1979093357647 38.0705486974117 78.6039004316531 100.665212841306 92.0405220929649 90.6219020490948 84.4815095180683 88.8216878321758 109.130377415656 90.7359948474881 51.5592298228433 60.2792725514661 105.520544975173 102.60202987687 66.9093979386965
23.8138300954774 27.6716786283116 43.7332999093614 36.262896116071 36.859551374495 36.7493075744418 33.0732543775296 29.9359643963982 42.1273994696845 90.6762819271271 87.5045369790035 90.4024456195412 103.088158700934 115.083283221606 52.7188301769212 23.0300125701252 29.7206999655582 53.3761979503975 73.1039190862754 60.310858129416 102.588937479289 97.786119146576 80.4720432784905 65.502489401106 33.8039546116222 26.2200178462446 31.1442270058823 62.4129008571185 82.2030160637604 32.7733223227205 28.9056754453346 20.0161624635625 39.9796906230386 99.4376075772471 93.0968545557215 83.5586751759933 97.363106887344 84.9502810351075 90.1826320909501 104.190859621668 82.2672258279169 62.4321435796579 45.6009651543198 54.3799927565438 48.3589767832636 82.0378612142061
30.5151184759613 30.947435414392 32.2131973147339 30.328908368553 35.4371367509886 42.2254246353117 23.4932869759157 34.0995048994107 80.2581844618806 86.8196838860278 90.0615326008009 87.9125142213142 94.1426957466579 85.5829479325739 30.1319283955131 21.5681671179464 30.07360432006 24.1454298148339 32.0825368628037 63.878339708734 109.624607239206 111.980980227115 83.8573454389589 22.8768804102587 21.9950998082552 13.9426794535972 24.2828490634805 27.1823548421429 58.3965597639302 61.4293902698946 51.9959507311002 73.8914876752427 90.640758527356 60.1837789153942 77.1464910951183 88.2230630350114 87.4225287205442 67.9050308223551 90.0325841974343 91.2648810054604 53.8634437572439 75.3883640254653 68.1641336336374 65.1574636761011 59.5220559417609 68.2041298720814
22.2906999239813 16.8648543457877 16.1261319716328 26.7562451649302 33.3560547291285 34.7034348101298 18.9660137144125 57.9949165879025 82.3381894778151 95.534777213689 99.9941330582741 94.0179194306887 108.771466422955 108.732562177147 39.2014308092941 25.0964894022359 19.4050180155762 33.5492114854141 65.4088774978707 49.0376727889862 112.13375991899 111.735898381826 74.4955981730292 30.6432349088867 26.5280787168627 23.8500792287547 26.5918835053026 28.3056884134602 58.4103680024264 83.5123231327455 98.89529122656 89.3685528166503 89.7778197527556 88.9783448173144 98.8708625992086 96.3693534518467 91.5328193360788 91.7342103909865 80.2378256120348 58.1362636797836 35.0019669051439 41.3680890156601 68.8827388814747 80.3530026173143 47.1970613247343 69.6557326897704
31.4895825821162 34.988011509756 26.1424040156367 23.9678818916431 16.5470779913029 12.4471312622649 19.5322583026257 49.3208010613159 65.8982166742649 97.2710764118147 97.3712668016 100.271550051842 87.4911047588907 106.306244275769 74.3303922824768 36.5505936968686 29.2066155654679 74.010124689054 42.6694832620725 35.9016117814986 99.6490060460222 120.165639157657 103.413165051309 34.0354040772746 27.0153540205346 20.4231812702693 31.1788943630487 33.8459354457622 82.2640097204849 94.4641821007292 105.294349143988 102.215694888226 94.7521557570382 72.4365761990036 98.1149728505435 104.442937800102 97.1142487114797 88.2314055826041 82.1851713963921 55.7006745009013 28.7900086046951 46.8352190635396 26.7480178096109 32.9490558570839 63.6188728893658 70.8065706593355
