IBR/IBR_outputs/all.combrep_1/FireFreq_2000_2008_Total.Silt_Total.Spinifex_Total.VRM_Total/FireFreq_2000_2008_Total.Silt_Total.Spinifex_Total.VRM_Total.asc
NCOLS 160 
NROWS 95 
XLLCORNER 210004.651214014 
YLLCORNER 7350008.22228844 
CELLSIZE 4999.99999999997 
NODATA_value -9999 
[rows 63 to 83 of 95, columns 0 to 45 of 160]
-9999 -9999 -9999 -9999 -9999 4.68946028668449 2.75739568499907 5.93368719513875 23.6490307316328 30.1706474187778 30.6283398339655 25.5023978792537 10.2777733756276 110.56124576972 149.219878604488 149.017361952396 149.550555263231 149.0330996955 148.947290072953 148.945072087622 148.152058488448 148.862372305928 149.821238897039 161.490617161933 150.696949039647 150.516301659085 143.307315731908 58.1923296244957 17.2558653467051 25.6087627683527 38.4029482047952 41.259479286325 21.0852711499808 31.0971438732861 28.9397089379542 9.00842209609658 6.93586886233456 4.19742760724289 44.9591929210269 40.3995406267294 48.6143254225182 80.7542657630432 57.145956748659 54.9176064624385 41.8103803240978 81.7302159008431
-9999 -9999 -9999 -9999 -9999 23.5606392462285 8.85064601237905 23.6425335136091 23.3304344402457 31.6524859097783 31.6975438673887 31.7245526660854 16.4556506329084 24.5105750655943 150.155961374428 149.008394500043 11.0309713995671 11.184678472223 17.9543676488011 26.2325831091435 8.25730542652736 11.8756126674161 69.064481534201 105.597383989068 81.4373119457993 36.3507057044035 23.9564599328308 18.4188413748132 11.742459433939 14.6467464273691 20.2201180912775 21.8066781773991 22.6162833394818 6.11303337120532 9.28021680456353 25.4492411494678 23.8809454685946 3.23634041039927 65.6963072930529 52.7001270374353 55.4740108036881 32.1636682990405 47.4775812337956 81.7604881060465 87.4992408704009 85.8633321658884
-9999 -9999 -9999 -9999 -9999 24.6174008813605 29.0030798014109 20.0732081937708 19.5944583006606 29.7084720136596 34.8364333007113 31.1542668867879 26.8930979739777 10.0155248218924 99.0694618951856 67.0944572989455 2.59504211803425 1.32972779746622 4.94716041665907 8.0799020730281 2.38250291068644 9.51956254623894 27.3837371086615 60.8498982213161 26.5165779455978 30.6416028999683 31.2778549007894 50.8151362413828 22.2735135195501 6.94147968777093 11.4430835261252 21.4026896965501 2.49820245346189 2.9110227551272 19.224433488531 21.5352599906172 25.587733704463 126.947032574989 15.7765908420645 48.5959121136039 75.7195343790324 33.4446977627436 68.9273663011905 74.2834777428715 35.3533319618449 60.5071073248779
-9999 -9999 -9999 -9999 -9999 26.1753686286556 34.9458153201632 27.4921573949458 33.3336048225758 25.7986102908371 37.2378039059917 31.4108394129132 24.875029447783 15.9420825373389 9.95542007588615 49.6937214947026 1.85016387744199 1.97266142384191 5.92911616336535 11.1027986045089 14.0091582074752 7.68732446186853 21.8563821053599 30.6408423078146 33.0328738199612 28.6440181746018 41.5686747431118 92.0631101509533 60.5275135477605 6.46826082506093 6.81103741011175 9.58817260137137 18.6959394243811 16.4312258848065 26.6361354809005 33.2441677830791 24.0001749115967 8.16888939632835 11.3887547109856 27.5344107942954 31.8691976432576 70.8437528626544 17.3277580371133 19.2151901774961 30.9705314379164 49.8457995776084
-9999 -9999 -9999 -9999 -9999 22.7332778570369 36.3194133592002 23.2691374642074 28.2249419197747 39.0487593356121 12.8413285087933 8.94665174132588 17.082459281563 5.19067527779932 6.46836645901311 2.01597980460004 1.77142898050375 4.00013734309297 20.7449937519483 26.4968493922808 20.6883388277542 24.0073657011814 23.8413987964809 19.0299651006925 20.488536014115 21.6586697752867 41.3972568031905 89.813114075799 73.9227128780126 19.8918490479545 4.13483010044971 12.5762693272952 46.5617383619411 51.7727244326773 53.8021451358697 16.205490566614 9.3400361853702 6.08603193655711 35.5797781858826 17.4110661938148 8.73272987919633 8.94762523979898 17.8512416143592 82.4009795015763 68.9660435809401 11.7697932696626
-9999 -9999 -9999 -9999 -9999 13.9184812438392 23.0111855998416 15.2281812995121 22.9756595810091 28.6909979904391 14.1234993403994 16.4164565846651 23.6149658987482 17.2515615110961 5.0241685085739 2.35619224080969 4.73931672501393 3.36273804723684 19.4314052696424 23.3278711088241 15.1646125815571 21.8505687751142 15.4854647177596 73.657537450071 33.2910637599212 17.5433355473091 40.6911957729876 64.1810237958396 56.516704837933 26.5562483774212 18.4730324000664 11.3085195466805 46.3662145980802 45.5493914790468 44.3392942018001 37.0175849523207 49.2759479566815 35.775303291589 67.5399756429517 24.7687783363396 24.7518931652323 29.6896451547577 41.5142756207959 46.729115246567 104.441663632728 90.5597810124633
-9999 -9999 -9999 -9999 -9999 11.4554454239794 12.0571164089255 8.24009270877069 15.7032482650739 13.0936619215352 10.0555903602691 15.9004016721649 14.9447675168816 22.4334994492269 9.109469012467 1 2.83772535116216 2.88035301364715 3.14933382091149 4.98989601597629 23.166399536009 25.2289085468807 32.6956134728964 78.6382833446951 84.2818265361302 22.8637005588574 20.3378246126615 10.1886786369949 42.5202420189992 26.3670124459969 23.4364854368239 5.99729275185165 40.9793436611939 29.2545816868722 24.6973481358336 30.6939108802738 34.0565868953682 56.7925099342497 53.2988038920584 39.1956498366189 25.2158026690263 108.729984567527 149.278312821299 149.601158694487 164.733166571781 141.02546754276
-9999 -9999 -9999 -9999 -9999 3.93664690988976 12.0399093515614 12.8235410650109 10.1427706344381 2.6490528270592 10.8342477922345 21.2896525765665 18.8480296406042 16.6839277167315 21.5646653363003 3.38691793953254 1.96785205580545 1.99915414721125 4.90681565397903 5.81131059186967 20.0651397846998 29.8728568907169 26.8425263510334 41.0183011082386 82.2348232888453 91.6660522092119 76.3794107058367 10.0410671645861 38.8558603870829 30.3886465441878 44.5634036534686 8.83806840668536 11.0091305238354 49.7272555102115 22.7795579703656 10.2987271855274 9.50277527475709 18.118288704062 66.0093595968102 77.537372256994 98.9854551596264 45.4680916983969 152.065317205304 149.206758933573 150.32282920709 181.596075898551
-9999 -9999 -9999 -9999 -9999 6.86936024188061 9.61495018678834 12.2284456229908 11.6447029722242 5.80583814518647 8.26605242293714 9.65144667569959 9.52541957557595 19.2735867005406 25.2693609900018 7.6855983235533 10.9332291203648 4.28601476688867 10.3145351888493 22.4140895595114 13.9523297997098 13.8142048246096 20.3511936573994 29.0122578304713 80.8714565923431 172.938096015176 178.125746570659 22.204378544103 27.4226709668969 13.200574691369 67.7511746363983 13.6358487708346 19.1794389756421 8.24987843781591 20.6993846176279 5.64841517547294 11.2493610553603 32.4970600933546 40.0610286836581 59.402969667964 44.4284481932334 51.3584125107918 162.901125370234 152.636384906274 149.284732525287 152.179521554381
-9999 -9999 -9999 -9999 -9999 6.41737076663407 1.57395368489121 5.80059167079417 8.82868266379544 12.7635642956639 3.65959815230157 7.28914449190129 9.0719109921469 26.8327445943162 28.0689485794683 5.21343470403886 16.4249716939855 7.6309698246074 11.7889042252429 156.266199907646 37.1567771202082 8.74655413107305 28.2193263740214 31.6334041486541 124.743547475174 154.06870779412 181.812284010627 118.429450207201 86.8484022890747 41.6083333054352 87.3934383101938 21.262085568072 17.0923235966114 15.0852079212048 44.3347750743947 86.6722810096971 146.146890094406 91.3336305184126 61.4450755403907 73.8784882211263 65.3575479898126 42.4823760362293 161.931038943085 158.222317844252 149.220289959958 149.499604952346
-9999 -9999 -9999 -9999 -9999 19.2214574876703 3.37156139976465 1.7741704850122 1.90315065019232 49.8787110972065 8.07211053437094 5.02782053723071 7.7453686026222 21.7638826119354 19.9660483299785 4.60604367210358 2.82172693217726 150.718059912741 150.4840363336 120.994706144163 30.7742184918107 16.9116852382146 40.5784999147272 115.881502134929 213.476177549103 170.397438551606 186.521221317933 172.067195495046 156.159902526109 106.124348451733 55.7456571411506 52.4274561861248 35.0898063840899 26.4899520523084 63.2488082010544 92.925861791998 87.9310300714833 77.2377548541147 149.889607423729 76.3825720744032 85.599501665007 113.776844697995 151.378281552268 149.526016313172 154.246893670473 167.06830340133
-9999 -9999 -9999 -9999 -9999 1.66521869435308 3.40231394668215 3.52007997998861 12.679638611667 16.5592084115385 53.0658987489102 6.57660640559067 5.85205135157253 3.85767969326623 9.7197820639159 10.0248051762558 5.29892663384162 21.1134824788542 160.916939831522 162.285573552436 151.243730923226 155.738585277341 171.07239421417 210.862706009423 199.246607384671 175.359774764088 178.959184107223 161.585541181236 156.581461385524 134.978039276447 42.9542890777741 78.7795052820314 37.7372440453676 41.7253547920414 176.270378523794 93.1854478958962 85.8391803566327 76.6743992262715 124.533706465708 81.5193597257319 80.5025981306885 85.4496594262048 186.317507245158 150.154138222381 150.759598159295 152.689143917013
-9999 -9999 -9999 -9999 -9999 121.607631715872 66.5981921739164 101.679006335127 155.147724521047 98.9682982736564 148.425241321059 11.9691355330049 8.96319304977959 9.54919533585448 13.8277121546945 16.6121575493674 18.861838760969 15.6774336070145 80.0378635653741 170.041989126795 172.226147035153 159.240838924175 178.201833003081 168.514142576622 163.002475682382 174.818767816167 165.676358439883 169.171606408325 163.633558968741 154.645893381558 92.4681719971784 79.1311149187542 53.572707652086 47.3201600219359 80.2865456232371 78.3038333581089 88.5763710660801 83.4323977365399 104.061438864886 159.310429325745 84.2660902594926 83.9331342054113 80.1269086781367 178.454157520844 150.598917124765 154.372611904022
-9999 -9999 -9999 -9999 -9999 150.799858965816 158.929305904508 151.111964452445 153.910130103402 150.243959680115 149.392311963692 25.6426406122651 16.7626560240018 28.8210087780494 11.7287339799198 79.7860891079879 25.31843143235 21.7211238581613 8.6018274152522 74.0182339996642 157.996430933578 149.81587958962 150.027303106487 152.669569306314 160.688090863909 161.561359049407 162.062251937833 166.725602655134 168.213534324637 155.349052118268 139.245097363619 46.4275960503868 37.7658616901695 54.8840990284729 49.2948791133913 73.4556018750969 85.4195033353503 70.2324936540252 85.1392104808509 104.339600522057 150.743607770096 160.228746721053 93.3121697323455 114.834759003559 157.812644449908 154.367596691185
-9999 -9999 -9999 -9999 -9999 149.092920191411 150.259701403157 150.641528870099 150.294535110922 150.564853202833 156.916524731982 74.8323867515107 24.2534927625437 23.5574831381446 13.6283973556306 128.132222555246 12.5510767303377 24.7084344498184 19.5240469459373 16.3464764155413 67.619133180274 159.849872607978 163.284476622199 160.520645729052 153.2064103196 157.290790706225 156.717924966827 152.773762639177 169.243249544438 153.983412089023 157.651996042203 51.7687960459599 46.8133396852153 77.4554701240154 81.4914162016181 77.2249558076622 91.5037771507635 84.0317362661104 138.995477492878 79.9409895077439 175.998723931196 153.916613443617 124.443569753542 142.106008797441 176.722817558013 152.979935859357
-9999 -9999 -9999 -9999 -9999 77.3850417922077 49.8984670657128 108.863544802734 164.151564337631 150.17723832872 152.669614030637 154.763445280788 111.398014451409 7.82105287784288 4.55704928253189 34.4013182674074 32.1461506350208 13.2380807969261 133.474854247834 119.295612992079 28.1556399501864 120.364245045331 172.371334481742 174.400989494354 152.697676799326 152.077435778441 153.165258540212 160.438551488815 151.682187357256 153.110675052026 158.696600781074 66.7198130096149 41.8891645425434 75.6424626516177 83.9507695399438 87.5600294868683 82.6344409578987 88.3127619838217 135.98110853403 121.144605691679 105.455728186757 190.156968596128 139.572774824654 125.844321413442 210.468903044625 172.881101180447
-9999 -9999 -9999 -9999 -9999 20.1676357708345 6.61149722412046 8.02307243258377 53.7943625915019 153.402407266195 110.528660238623 45.1850898947537 152.065946498995 7.51291586618153 3.34595587114828 5.52210734825346 34.1156892183663 38.7298250863029 154.56649393245 163.724767493716 158.36375333023 128.692350559616 151.000351073109 157.384649087265 150.417323431708 149.719725060514 150.520118758319 151.425197982336 152.063571481943 153.515702667751 153.794847872479 159.138215646243 161.327732999125 75.8475597955223 87.4561702080731 78.4206299872351 62.3004948848775 87.2353847598615 149.999477355659 229.91166919645 113.162450591468 163.30376684052 148.891594910086 151.171350386957 163.804077705084 196.043344184023
-9999 -9999 -9999 -9999 -9999 -9999 158.868906172738 134.367409878579 43.4871740764299 72.1318885207826 11.519294134833 7.86271882178559 61.7207984610532 29.3932174473833 18.9000638244132 10.8967956048655 11.2767535253543 23.1401392662533 149.885606710938 164.11334652981 170.48090004692 165.644370710542 152.456681582881 149.76788706089 155.953230392034 151.090878245145 149.606523574646 149.353600064281 151.458824077316 158.843148743842 161.239655758819 153.313505416408 158.568470593066 155.684136114398 70.6753875762851 86.7054235347499 80.0530273833085 89.0712629701108 215.544597742441 216.064949454887 193.019239345123 131.136052144559 77.762052036647 131.418462016412 132.186855132234 159.713406306136
-9999 -9999 -9999 -9999 -9999 -9999 -9999 149.412612661206 17.6205011458686 9.53490824731053 80.2189805493282 149.428974611351 149.534384179141 136.940474516061 40.5891339137297 13.4781240278898 16.6811057228877 33.8628272058397 154.333019097814 152.557404070918 171.306688035621 174.020976199584 167.580637727094 159.289465049156 150.972976776367 149.873966256803 154.671411102023 161.985637557091 150.53963853648 155.431682341135 155.684858988718 162.187026685532 184.980696284672 172.276584858651 99.3596535804465 74.7945540438874 89.5974334395092 125.102488595552 172.711976701042 206.869372875227 173.655959709548 172.246131258086 160.531109774485 115.570899687365 105.485811351963 183.054309385269
-9999 -9999 -9999 -9999 -9999 -9999 -9999 -9999 5.88044186373932 19.1976891272118 150.973328768844 149.78276374283 149.361254910509 150.939967488757 158.559312260666 69.5064889650636 71.1026144354474 4.11279382665645 116.874626486432 150.839995126945 162.86147128626 158.505056887841 162.541963718168 162.773008638961 155.723990442615 150.211709800362 158.252887668708 163.668540840365 156.364528774275 150.136094147776 156.072969229238 179.13070334797 165.825780798578 204.250383745992 181.388182891797 81.4591267396188 99.0714088734638 107.35017899458 164.326808590632 162.446257997781 191.948572109733 165.555143531619 185.618621283229 176.079119848883 172.537190426844 166.802239353359
-9999 -9999 -9999 -9999 -9999 -9999 -9999 -9999 -9999 135.942551410592 156.736619754769 145.737809615964 148.984468185534 149.28839837137 152.294814835123 150.740008989076 103.387513228255 1.66215451733876 1.29665437958754 9.07449636169676 139.512210025235 151.933767626699 157.309957838961 156.704823578021 153.809826736588 151.383155355119 149.970098101469 151.960220766463 152.253932340864 151.062610375154 156.837415368374 168.831736518641 163.037357988401 183.070840027666 207.971643401321 204.695564623825 172.551562444224 143.94372806254 177.596032389641 157.6725501633 167.72818680977 177.802062338765 151.363009721965 185.201113008557 196.09927347359 202.051046615939
