0,46.9182084202542,47.5948755748553,49.7440480873932,58.552439572107,60.462761111027,66.8078265028609,59.8807319387235,93.094830067226,95.6493772814316,117.124060390981,91.9622552710626,91.3683103985846,98.0521960833754,106.46640065506,102.915495220676,74.268773805692,80.0084784875545,79.8733911832394,72.9047378011459,54.9817698116022,58.7434837910881,57.1679557257972,116.944324060983,137.912890547797,179.167667896698,108.848293482147,107.173894039955,86.8858123102561,99.4387669663666,98.1049221693381,104.403883328624,117.802049462421,63.6934877330144,96.052350558587,100.949109843489,86.6507265177945,115.464370329774,114.196999380847,116.669854889521,127.90561159238,129.817924934166,128.576042832725,130.095529059266,122.688963288496,127.302534889307,126.769122716887,127.201382531853,121.951511949767,120.356025824956,125.702357224635,58.0451684393573,57.152927646505,58.555679461878,61.8788031052377,60.9818408750499,59.7148995784977,56.6301241662613,57.3274498704169,56.7594583812958,55.1740552348852,55.9461099595159,55.5863683435175,161.803612495435,82.1518216530991,77.5910988705334,122.366304633662,122.449778285132,126.125187961222,126.835651566276,122.588306944183,128.783286913531,117.760562420654,124.539010848267,124.844011982866,84.6946414522356,81.4282004467943,105.990607545705,55.4620812847381,68.0686166303946,88.1059744490649
46.9182084202542,0,52.0382065134008,45.7207948234614,49.4480301669372,61.6382818785914,66.8717868202897,56.7781248628702,92.411786869816,94.9713900236361,117.63572566009,91.3141384952208,90.7082728377578,97.3866363478565,107.167819911772,103.53872126186,74.4344012370487,80.1859119775527,80.0229347553453,73.097063080739,55.787066483795,59.6319191472246,58.0548979435444,117.150034350169,138.527715172439,179.767946302608,108.827531099638,107.225268233359,87.6755209843642,98.7339955202977,97.382904402984,103.732531510973,118.404913840175,64.6344402041219,96.6551611914774,101.556635465063,86.0237103526415,116.004467406756,114.739321219434,117.208178377002,128.429856318754,130.34116597268,129.096814743615,130.615577288318,123.208578400031,127.827763945555,127.290155827537,127.724591049004,122.472681181646,120.877737752394,126.229673125514,58.4408311974723,57.556391951625,58.9853618324183,62.2054823716981,61.5521587443289,60.2697000728356,57.1562718344896,58.3845469924356,57.7205850279065,56.2745609941244,57.0485483814295,56.8676605889505,161.778889365559,81.5073701432691,77.395112361149,122.918063691231,123.003684351518,126.677990853415,127.386967971378,123.097669248866,129.293193191237,118.275995597731,125.055386885726,125.34740873554,84.97184987254,81.7090352496758,106.493509769842,56.0616817417318,69.4577525477152,87.3567429957493
47.5948755748553,52.0382065134008,0,60.2065970629846,63.5574375629359,48.2802527617166,60.6806406276207,51.0927830939076,94.9553960086858,97.480798475617,118.321554908126,93.9929590001328,93.392155811923,100.007226464516,107.710817870194,104.065627956949,77.3272852700134,83.0393483563459,82.9035533994439,75.9547757529,57.8635648498669,61.3677376570138,59.8932543309381,117.786580973831,139.280175647881,180.50467004801,109.685388798817,107.986241361688,88.4028067351414,100.715828094117,99.3578340313458,105.898167312024,119.109959629598,65.9890327027667,97.1554141077756,102.027651124537,88.7528143063629,116.688262408457,115.424071955474,117.894038973192,129.108439383735,131.020874999209,129.774915104043,131.294861724522,123.89416919064,128.513914451278,127.976609857616,128.410355400876,123.159477167933,121.563679788811,126.916270152447,61.1165893350028,60.2326989424285,61.6053607486818,64.9771769311722,63.9052121452059,62.6770057725172,59.6299071383652,56.6749197274763,59.6209076869991,57.9220668820255,58.8775289744112,58.3915219252213,164.668195684241,81.3803012777175,78.2193345220673,123.615441284505,123.702187949539,127.37577776223,128.083792359862,123.781107924794,129.975922882316,118.960998427864,125.740167799955,126.029702015757,85.189432657098,81.9890697970323,107.01271484639,55.6815758116683,69.7217795952274,89.9655469896805
49.7440480873932,45.7207948234614,60.2065970629846,0,43.0601158756773,65.7277208570326,68.8107842488031,62.2491548781313,88.4468205251604,91.0407452501181,114.306216434489,87.13762334887,86.5417182562736,93.3041854774516,103.772306099865,100.244886750857,69.0274543782845,74.8156070791864,74.6506026718181,67.7038206067816,50.6838461045367,54.8204405914881,53.1392696182369,114.216082691287,135.014122991763,176.28676859516,105.932663810101,104.344679275293,83.9971698799996,95.4793105348863,94.1622488922971,100.207136755959,114.953174072738,60.1728941667872,93.4104227752697,98.3359239689231,81.7583310246675,112.644941102875,111.37631745096,113.848558620502,125.093483038921,127.004786073936,125.764846087217,127.283227794677,119.870338684503,124.482622723281,123.949441637157,124.382120864935,119.131466901714,117.536776257873,122.881724812857,53.0416932568641,52.1484065432838,53.6160939110895,56.7655905469174,56.3457554886818,55.0184806213863,51.8585741877964,56.5680428912628,52.6914086307551,51.4115723051444,52.0038401053611,52.0224257246781,156.600562220945,80.3784728404722,74.7567429101755,119.531599224737,119.613654586279,123.289933364143,124.001564761236,119.773176040859,125.968802637609,114.943070116944,121.721622056237,122.030803426896,82.365927919874,79.039173607466,103.340749269335,53.6450317926534,65.7346622449877,83.4073667743173
58.552439572107,49.4480301669372,63.5574375629359,43.0601158756773,0,67.2450229922148,69.5981368285776,62.4116656460166,87.9994329804469,90.6003833243241,114.868521657411,86.7100068343566,86.1031057739442,92.8656296009947,104.474029413501,100.887226498043,69.3597798733033,75.1580535166214,74.966512967023,68.0611671280903,51.5725034153377,55.7422919651626,54.0708395250675,114.545456335166,135.659917838627,176.9205221993,106.090654812195,104.558703582831,84.7745328872475,95.0705444164469,93.7430459900629,99.8008759701939,115.587513759961,61.1041065906156,94.0365536783852,98.9646154168085,81.3459526517483,113.229445186426,111.962598145376,114.431751745853,125.665398220259,127.575953844725,126.334027858613,127.851882633248,120.438867679222,125.055570727361,124.519112823172,124.953471749546,119.701257205387,118.106960907831,123.456324224434,53.5906883619446,52.7060028398419,54.1939371003402,57.2530674758669,57.0368796997215,55.7004985779401,52.5195062646053,57.4693092368762,53.6972157852324,52.5010211070837,53.126361208229,53.2450515693708,156.747353000269,80.3662858575604,74.8033004950416,120.125763966644,120.209545438349,123.884931710721,124.595360671748,120.333598386002,126.529628581269,115.508301328592,122.287584464677,122.58651809428,82.7602346506478,79.433485386172,103.892182244154,54.269947424206,66.8973424671449,82.8998018260362
60.462761111027,61.6382818785914,48.2802527617166,65.7277208570326,67.2450229922148,0,47.6620019635264,46.4646575594398,94.884677054762,97.3826328123946,117.591004793264,94.0745090263814,93.4687648390351,100.021217544463,107.033697740997,103.292496857151,78.3017233519173,83.9903850686994,83.8539046565488,76.9221287690315,58.7106357560476,61.9976501583898,60.6139024913213,116.70209778136,138.714727066249,179.909864028657,108.600876617103,106.874232152181,87.9921209504073,100.106933248798,98.7285421408305,105.487899497969,118.487470872925,66.3275707440236,96.335284578072,101.183789907398,88.8976791465347,115.983591325211,114.722504863194,117.189623427198,128.383181402004,130.295725172248,129.045783798789,130.56617017263,123.171168715207,127.796952046308,127.255832471474,127.691041204931,122.439163526685,120.843071993531,126.201782643169,62.1035466517326,61.2267613576389,62.5744382144595,65.9860661052434,64.7689399689024,63.5740374316114,60.5585616355357,53.9662778521788,60.4734366104025,58.701281471295,59.8128582193365,59.2559806422954,165.476666510631,78.4841014752882,76.9294459060536,122.935281054276,123.025214658404,126.697034201739,127.402666420282,123.045982200131,129.240640695237,118.23333452075,125.013212005493,125.287618626696,83.7365846310057,80.6074959545099,106.10950249062,53.9245868630886,69.5862138438476,89.9028244185849
66.8078265028609,66.8717868202897,60.6806406276207,68.8107842488031,69.5981368285776,47.6620019635264,0,50.2493692777441,94.0298981134339,96.5022948418414,116.049070019197,93.3518677975856,92.7433541697119,99.2401342847239,105.546967741207,101.71074383268,78.3159307682684,83.9847498574279,83.8484543899001,76.929715997393,58.6158325828797,61.7197727667285,60.4156557297729,114.817859026346,137.328715085586,178.496125837141,106.728758992678,104.969504840641,86.7599999440059,98.7673318125835,97.3734137527453,104.323895115792,117.047739735516,65.7955612253975,94.7075354865416,99.5332881273032,88.2293063197901,114.46600777626,113.207858009969,115.672300626475,126.846116236082,128.758778672532,127.505057894879,129.025877386883,121.636335375036,126.267811483891,125.72310341046,126.159681197915,120.906875273928,119.310496108416,124.674977987709,62.1225674344444,61.2515341635765,62.5778738397545,66.024803603624,64.6811291519373,63.5149988488099,60.5266679399041,50.4736947924146,60.3946283779248,58.5734320376701,59.8139187947354,59.2168302654668,165.356915268524,74.5531983133314,74.8617718169248,121.440901654338,121.53384573031,125.203992603762,125.907373714442,121.499697603817,127.694195559054,116.694102216977,123.474643069083,123.734757105318,81.4582960473523,78.4065611506254,104.399406125594,51.3040838264188,68.7274162053984,89.0664341819475
59.8807319387235,56.7781248628702,51.0927830939076,62.2491548781313,62.4116656460166,46.4646575594398,50.2493692777441,0,92.0651457438624,94.5684105682704,116.239087907291,91.2970844854971,90.6781829123643,97.2234164942184,105.909856776991,102.094295762885,76.3138466129036,82.0136234000924,81.8509990775887,74.9592708890693,57.3295125339058,60.7498651100883,59.338442158212,115.042583591763,137.451716015524,178.635871747047,106.648159308078,105.019418296174,86.9090081352491,97.2377256822745,95.834132414587,102.674631340797,117.223848579091,65.2108264140762,95.1233603357623,99.9842837901601,86.1438939819478,114.66120353882,113.402152363507,115.86491484115,127.04589508376,128.957135977827,127.705070419474,129.224425546848,121.827426494739,126.458803267661,125.913325080341,126.350924832716,121.096710790826,119.501383869263,124.865654240485,60.3323327431707,59.4616212598876,60.8375808176873,64.1479803476912,63.1823656296036,61.9655139376363,58.9170568739289,54.2464995815876,59.2182716042288,57.5838216605832,58.6411304563845,58.2513106828348,163.308914866278,75.4948334531628,74.7554952537588,121.621447736296,121.713295549055,125.384165566114,126.088517560136,121.692302462089,127.887690925836,116.885467747042,123.666362546669,123.928128941432,82.2517993162735,79.1114077445649,104.790461090698,52.9852546931886,69.0750561453366,87.0047087274535
93.094830067226,92.411786869816,94.9553960086858,88.4468205251604,87.9994329804469,94.884677054762,94.0298981134339,92.0651457438624,0,42.4618287631315,127.300311401867,62.636008739076,60.814915659574,61.4233926459971,119.330442101389,114.801010425797,83.1799195781598,88.5959035638809,88.0421206453737,82.0548394240331,71.1044089205814,74.9570941416717,73.5305965293621,123.347629172633,149.652129278258,190.688144149258,111.632022109325,111.371450595961,100.919475476624,87.816515618945,87.3357013045801,84.5718148602244,129.361511675748,79.8401904286004,107.709087172258,112.694851548626,61.3363910812294,126.081613834546,124.847737500244,127.258304077725,138.284028865725,140.179707863837,138.90164744762,140.408683561626,132.988699801495,137.688628947677,137.09005163749,137.556553936642,132.274265491526,130.687897204592,136.12036298014,70.7139613932677,70.0023256613889,71.5345477914724,73.8108382073236,75.1376028764304,73.824289914839,70.5561139472066,75.9024822101497,73.7985821832548,72.7693591557598,73.8509541610905,74.1160236993856,164.197400720281,96.0649914527473,81.3459348853583,133.15546344594,133.271488896623,136.930232572451,137.618243005288,132.731738064974,138.936020120716,127.996134573081,134.789397166666,134.896923089971,94.4470660487852,90.814049873994,116.349254998569,69.5485790751921,86.2682471082737,62.2226062827988
95.6493772814316,94.9713900236361,97.480798475617,91.0407452501181,90.6003833243241,97.3826328123946,96.5022948418414,94.5684105682704,42.4618287631315,0,129.606027425812,65.7963094429096,64.6162586498388,65.1385914115377,121.715252820402,117.153553215478,85.902090370455,91.3176085810223,90.7713187150362,84.7709425567629,73.6990609183387,77.5274498700914,76.1092836673022,125.533089290137,152.015594296668,193.04308561446,113.713875336866,113.495875195238,103.355012773236,89.791891944871,89.3674296347327,85.9860041757893,131.715507716091,82.3796817406566,110.052763457564,115.039627888061,64.2116718891661,128.402245823823,127.169570882437,129.578086576757,140.596207720395,142.491387642654,141.211999540567,142.718681905641,135.298618300863,140.001529139536,139.400746992106,139.868374899146,134.585044515019,132.998934150669,138.434380076856,73.3771887397997,72.663532606042,74.1905773094859,76.4888600892863,77.7619429659572,76.4535339743895,73.1920853447311,78.3316856000379,76.3827168609563,75.3407238824723,76.431776435991,76.6839867856985,166.983054278985,98.447838581214,83.510290302017,135.482841955052,135.600051639434,139.258179635788,139.945360855742,135.036193861847,141.240752331754,130.303827157087,137.097581899671,137.198227521444,96.7332640119308,93.0897904348629,118.652499122592,71.9244900601534,88.7683831880416,65.8488311782014
117.124060390981,117.63572566009,118.321554908126,114.306216434489,114.868521657411,117.591004793264,116.049070019197,116.239087907291,127.300311401867,129.606027425812,0,127.017038250098,126.475142358354,132.731147160075,108.798207268869,98.0486074920255,112.707618339273,118.24226347751,118.194349694101,111.205995931839,91.5087263966716,93.0661155846501,92.6512239887976,125.325367286376,108.660143944887,144.589389156362,124.816575789569,121.718214978301,97.9693808753397,130.98745706497,129.860286253906,136.173291296261,91.2891588886147,94.9641174661511,92.180340507663,99.8007016715208,122.040740714209,60.511829670497,59.794006496005,57.6537453098138,71.0492262953837,70.5276883755578,71.0195258434531,70.083500792277,46.2673983110759,55.0607556123786,48.3492057160293,53.9221567765774,42.2523695166728,44.9208589304544,54.6250972946793,95.8188367399103,94.9790553985307,96.0538789623154,100.05773357097,96.9109057407996,96.1423866207931,93.4971446862922,93.7616716525575,94.0666965590484,92.4613616099927,94.4502926322903,94.1679911874146,199.709180051581,119.029814316876,103.720463454408,65.3797483940884,66.7759245946498,69.8803562753722,69.8312431260519,47.6495274131826,56.2788181871792,39.7369726649436,48.2474879431338,53.5799689030407,108.048696744295,102.640410236013,100.274412779346,85.1611774045781,102.670066637598,123.009730448793
91.9622552710626,91.3141384952208,93.9929590001328,87.13762334887,86.7100068343566,94.0745090263814,93.3518677975856,91.2970844854971,62.636008739076,65.7963094429096,127.017038250098,0,38.8375515461712,56.9007530308564,118.749272387843,114.360737400838,80.270525943837,85.5955461627129,84.975483031269,79.1722515265418,69.4487218322424,73.4374518117101,71.9705803819063,123.61947375535,149.121482827447,190.195305213427,112.303882840772,111.895944446618,100.092718345808,90.1455726421055,89.538053984674,88.3975300724471,128.879089025706,78.4940800216316,107.312896502135,112.30038441128,44.8610288757525,125.738870456181,124.499926552203,126.918486649684,137.976630310922,139.87403199245,138.60173359854,140.109889282825,132.688611831359,137.376420127922,136.786628851636,137.248777475479,131.970422772353,130.383227936238,135.803556286271,68.47532650278,67.7928726308278,69.3552268190078,71.4416156882192,73.2101090971856,71.8678221133973,68.5519908879603,75.3196361483627,72.2337125527423,71.2896872412155,72.3307455953643,72.6791291075144,159.888731361582,95.9330618541178,81.9788389862633,132.782415210862,132.893418698345,136.554802987605,137.24636946154,132.454156502341,138.657515990419,127.705138062145,134.496479328827,134.632329274811,94.4701281105264,90.8563115010085,116.123198508477,69.1976221049368,85.2099385830338,65.5778187129141
91.3683103985846,90.7082728377578,93.392155811923,86.5417182562736,86.1031057739442,93.4687648390351,92.7433541697119,90.6781829123643,60.814915659574,64.6162586498388,126.475142358354,38.8375515461712,0,54.1418661264666,118.198528873031,113.809935474125,79.912635193699,85.2625705827537,84.6496606284909,78.8156194308605,68.9286031928597,72.91162377661,71.4452795055388,123.071842393231,148.578970257471,189.652634430199,111.766080722149,111.351006227403,99.5467904219366,89.4028694757799,88.7745190359167,87.7972726623221,128.335199021962,77.9607084105216,106.761054812897,111.747296404313,49.0322579677011,125.195967556844,123.956995483264,126.37572926604,137.43398565018,139.331471914892,138.059174075272,139.567409002312,132.146443821842,136.834095292535,136.244453720716,136.706500780495,131.428258475403,129.841007724657,135.261183695762,68.0193944918249,67.3320135464127,68.892991732838,71.0007240062445,72.7222650062204,71.3815105520094,68.069688318954,74.7311674009278,71.7037515226746,70.7536897451711,71.7940208518121,72.136967101329,159.818771062111,95.2988598277956,81.3828110780418,132.239708627414,132.350689670482,136.01207992942,136.703654523986,131.912218808373,138.115525542992,127.163078950258,133.954379221771,134.090523961693,93.8870909037278,90.2781969724622,115.572511850156,68.6104914615876,84.6528086630176,63.607600087605
98.0521960833754,97.3866363478565,100.007226464516,93.3041854774516,92.8656296009947,100.021217544463,99.2401342847239,97.2234164942184,61.4233926459971,65.1385914115377,132.731147160075,56.9007530308564,54.1418661264666,0,124.598591274106,120.146211878674,87.2057179770531,92.5781627912433,91.9894274658524,86.0960342108328,75.7849911543816,79.7121026974826,78.2632582958477,129.082624937956,154.947963414809,196.004614074989,117.58607053378,117.245048623497,106.053441961409,94.7393253143382,94.1837626731563,92.4275906403079,134.683672086279,84.6899885952731,113.07841156842,118.065130832493,59.7883381989926,131.480007796668,130.24336573498,132.658292415404,143.701712688916,145.59833009749,144.323415560553,145.831060892935,138.410362981828,143.103679073907,142.509894570827,142.974022530106,137.693878964313,136.107060705564,141.532904292888,75.0864762577018,74.3897368408163,75.9384472586438,78.1145901270675,79.6750333885677,78.3459746566528,75.0522929996272,81.1682438418924,78.5274261154351,77.5443300466422,78.6030958016655,78.9134377347377,167.524137980854,101.578758549908,87.2840251499138,138.537313076012,138.650597903533,142.310782716971,143.000733893177,138.165682323544,144.369462171028,133.422758201951,140.214972920695,140.337954872776,100.047509782992,96.424838524258,121.811625682431,74.9429998347906,91.2736637514406,69.3872686962942
106.46640065506,107.167819911772,107.710817870194,103.772306099865,104.474029413501,107.033697740997,105.546967741207,105.909856776991,119.330442101389,121.715252820402,108.798207268869,118.749272387843,118.198528873031,124.598591274106,0,80.298587442055,102.181519584432,107.721748857011,107.712580631829,100.649903850665,80.1374247279738,81.4351205173838,81.1164153293951,125.037913285867,128.707982432153,169.731825624436,122.477846042473,119.579599961442,77.7706492615037,123.733003037082,122.520587029256,128.966623510679,106.179633910983,82.8873754127025,80.1502572948545,86.5757218376543,113.645604540552,105.886605863406,104.562880076161,107.256534657168,118.824593193072,120.816701925437,119.630578639723,121.218050569783,114.038534371225,118.445862402155,118.095107379636,118.411696020024,113.285842561131,111.634246421827,116.778777813137,84.9561923610242,84.1045844382456,85.1479458766958,89.2827106300774,85.817583155822,85.0703587433314,82.4656492083171,82.8051146589582,82.6277209392335,80.923391436827,83.0361993447427,82.6729842045873,189.612746100098,109.377538738073,96.9037922216179,112.937979285697,112.987202291359,116.673064227508,117.397925877557,114.281102702751,120.433727808046,109.257408575794,115.989892583554,116.752269514764,100.20183941144,95.4112919038106,99.92695838881,74.5790672489407,90.5240828519812,114.832874072706
102.915495220676,103.53872126186,104.065627956949,100.244886750857,100.887226498043,103.292496857151,101.71074383268,102.094295762885,114.801010425797,117.153553215478,98.0486074920255,114.360737400838,113.809935474125,120.146211878674,80.298587442055,0,98.945046271587,104.48919596476,104.455319707586,97.4349155099454,77.3484615439179,78.8441261843966,78.4209905719082,116.734718398827,120.942568317468,161.348183287418,115.522727680267,112.373676371337,81.726565140799,118.811539234406,117.619659175481,124.097063469844,97.1641870306659,80.5999375254183,54.5158838852198,65.3970622375718,109.317966417785,95.186622101474,93.913730108839,96.6339747809834,107.836865350281,109.871977417692,108.60948365823,110.24319283908,103.31757739995,107.773602469917,107.415356930895,107.714410685166,102.620390167177,100.937173492973,106.134359708492,81.9300884045294,81.0818268793992,82.1569575456015,86.1931552536469,83.002476162505,82.2135545915613,79.5654238840665,78.9712325847737,79.784438613989,78.0764798969862,80.1115930664514,79.7357899866683,186.153606299948,105.047705956197,91.3845598146648,102.840640160064,102.944580236416,106.597130184584,107.277129154524,103.428478183564,109.555831808102,98.4935505867572,105.221497838179,105.83253794553,94.4129092875008,89.1916142420861,86.1405578227223,70.2708992965773,87.6213213797963,110.366205078717
74.268773805692,74.4344012370487,77.3272852700134,69.0274543782845,69.3597798733033,78.3017233519173,78.3159307682684,76.3138466129036,83.1799195781598,85.902090370455,112.707618339273,80.270525943837,79.912635193699,87.2057179770531,102.181519584432,98.945046271587,0,34.9155565484004,27.6082183062722,24.519344365251,43.4606113915504,48.6457257342721,46.9406318876353,113.89689369185,132.735710647248,174.132894004383,105.607878511,104.114987977218,81.3658189124261,93.7691413422863,92.6164261870127,97.2080972651462,112.93563360788,55.3069143126408,92.2805117074218,97.311110044284,74.0449162493256,110.94968105454,109.66864662349,112.150797500209,123.479461466248,125.389619320581,124.165741364155,125.681702833401,118.243181355832,122.832161546,122.31324704211,122.740852924043,117.493271013031,115.900293736504,121.221557703273,32.2406878331015,32.3113250513237,34.1959530651242,32.4371268340811,42.2791689397238,40.6274876951318,36.6255907259183,59.9445764844568,47.6783175571398,47.6976594765103,48.6575592037877,49.8736998252863,125.782093666274,84.5869050846038,75.2758551073092,117.733074731551,117.802172310856,121.485725222141,122.20714264441,118.193430440049,124.390074589978,113.334016000651,120.110024725465,120.478094149433,83.2076652476693,79.6772681318889,102.453057763883,55.2662277554281,65.4610588368718,78.7797089914955
80.0084784875545,80.1859119775527,83.0393483563459,74.8156070791864,75.1580535166214,83.9903850686994,83.9847498574279,82.0136234000924,88.5959035638809,91.3176085810223,118.24226347751,85.5955461627129,85.2625705827537,92.5781627912433,107.721748857011,104.48919596476,34.9155565484004,0,30.6266954471726,23.355524674885,48.9902575548901,54.154753569433,52.4706582948683,119.45399370375,138.256726201618,179.656515278703,111.161803524558,109.671878274507,86.8862918814352,99.3009003684512,98.1533938458007,102.698996405777,118.462613546336,60.8176872102763,97.8277991977787,102.860812172205,79.3093690460205,116.482703428162,115.201429804387,117.683722015673,129.014018116704,130.924128147079,129.700567280466,131.216457702919,123.777335871853,128.365897373792,127.847222615196,128.274758151252,123.027203031713,121.434277436862,126.755113631589,36.999258468546,37.3102082851811,38.962813357369,37.5422967879816,47.3744346899632,45.743014275261,41.7175883016882,65.5663749714067,53.2729308488254,53.3035769963588,54.294048497923,55.5120645849067,121.679888727891,90.211722445887,80.8475997957924,123.263943692919,123.332786193389,127.016484692855,127.738097898323,123.728461155376,129.925139984633,118.868499644609,125.644469757369,126.013620798883,88.788568070836,85.2544349772957,108.003262862696,60.8635100950795,71.0667972672868,84.256097402448
79.8733911832394,80.0229347553453,82.9035533994439,74.6506026718181,74.966512967023,83.8539046565488,83.8484543899001,81.8509990775887,88.0421206453737,90.7713187150362,118.194349694101,84.975483031269,84.6496606284909,91.9894274658524,107.712580631829,104.455319707586,27.6082183062722,30.6266954471726,0,24.9584367968945,49.1790404469136,54.3305016167714,52.6383995056303,119.302971013448,138.257510675224,179.649372734965,110.956172199985,109.48427423187,86.9321314667914,98.9088472242869,97.7660505443971,102.25361304589,118.450862639875,60.9588358309309,97.7843920854073,102.814854663878,78.6562053258915,116.44495104243,115.164638667197,117.645636605627,128.969685392801,130.879590948562,129.654893471972,131.170689040507,123.732324219727,128.323039510137,127.802863686332,128.231097313102,122.982946103055,121.390091699227,126.713092636128,37.8755981317317,38.0329182959143,39.8088188711902,38.2810794278367,47.9320465337001,46.2960969858841,42.3003763269819,65.4745178724589,53.3896860267695,53.3920967750048,54.3643528098855,55.562165539243,124.867992514776,90.034891020597,80.6254094813882,123.232613794468,123.302425005245,126.985603450473,127.706516558509,123.67935622409,129.876135621556,118.821858240821,125.598143486697,125.962161954321,88.6475584794562,85.1148513016353,107.931946839333,60.7616276548227,71.0753640352984,83.7180954253271
72.9047378011459,73.097063080739,75.9547757529,67.7038206067816,68.0611671280903,76.9221287690315,76.929715997393,74.9592708890693,82.0548394240331,84.7709425567629,111.205995931839,79.1722515265418,78.8156194308605,86.0960342108328,100.649903850665,97.4349155099454,24.519344365251,23.355524674885,24.9584367968945,0,41.7613794663999,46.9515083332674,45.2593747921723,112.486789662856,131.189918888946,172.594413548719,104.241476802671,102.734765557782,79.7828933854372,92.5479236613425,91.3929736425524,96.0178267706051,111.401981568623,53.6422193140505,90.7791787738696,95.8126274077925,72.9557760553741,109.439225995608,108.157329059941,110.640584429255,121.97487838853,123.885188657659,122.662341350449,124.17835814651,116.739027791068,121.32611233292,120.808502613789,121.235514630144,115.988429348408,114.395410019378,119.714766510092,29.7031593289287,29.9690847622973,31.7069644703232,29.9876322446978,40.1437367789672,38.4982826943874,34.4616491929112,58.5066950732287,46.0594987498118,46.1059860253791,47.0906539121476,48.3242297858469,121.097021333418,83.2195497090989,73.9286122990197,116.216682494382,116.284906484408,119.968931101064,120.690983468605,116.692904887156,122.889477590151,111.831300727478,118.607039214157,118.979652468532,81.7969067862422,78.2641555814017,100.975506543078,53.8286601034646,63.9355436561401,77.6594417308681
54.9817698116022,55.787066483795,57.8635648498669,50.6838461045367,51.5725034153377,58.7106357560476,58.6158325828797,57.3295125339058,71.1044089205814,73.6990609183387,91.5087263966716,69.4487218322424,68.9286031928597,75.7849911543816,80.1374247279738,77.3484615439179,43.4606113915504,48.9902575548901,49.1790404469136,41.7613794663999,0,18.9962296180372,14.7935738353802,94.3558848715708,110.836592700473,152.341692001673,87.0769646425044,85.2442479875487,58.4810275340663,78.733388059322,77.4959922473908,83.1524898588489,91.1762938482096,28.9000457656121,70.8307186904127,75.8791974987048,63.8743562731347,89.5868909378028,88.2915111310027,90.7955042155776,102.216462399487,104.130987210278,102.923681892001,104.442306465213,96.9979230730383,101.553205425703,101.058489577036,101.474278077897,96.2372449669384,94.6422542972104,99.9297458177884,24.4862586943675,23.519157531104,24.4880448519051,29.2814974598191,24.9066852980087,23.6999349310244,21.0389058732266,39.0830191940434,19.1888648450949,20.9010950964292,23.1181851972894,25.0104991732711,132.792545442691,65.5369591403882,57.0281667847175,96.2827080093096,96.337616014883,100.028658549931,100.760162720123,97.0111761944497,103.205548170067,92.1140901013392,98.8848646579577,99.3322475573737,63.3731812938272,59.8291707551372,81.5036875718986,34.5988717749679,42.0171998196857,66.3745703376101
58.7434837910881,59.6319191472246,61.3677376570138,54.8204405914881,55.7422919651626,61.9976501583898,61.7197727667285,60.7498651100883,74.9570941416717,77.5274498700914,93.0661155846501,73.4374518117101,72.91162377661,79.7121026974826,81.4351205173838,78.8441261843966,48.6457257342721,54.154753569433,54.3305016167714,46.9515083332674,18.9962296180372,0,15.3204905364641,96.6400216391571,112.058446904436,153.61864226412,89.6579854156615,87.7396315475284,59.2769206854218,82.1640643119574,80.9215116146513,86.7116714794547,92.4860633562494,26.4912803253044,72.4048717924566,77.4804337863809,67.9229482298155,91.0768694565301,89.7748669274773,92.287312517145,103.75159740603,105.667234621835,104.467902415731,105.986887964985,98.5360293783298,103.076830649312,102.592065354347,103.003338748302,97.7700717252448,96.1747798038931,101.447698356671,29.810479149878,28.8907892461862,29.7714031018011,34.6092186227793,29.6203795289289,28.7494511004688,26.3126176671031,41.612170187118,24.225331165691,24.1732202753784,27.3864249855944,28.4286988681709,137.717084173148,68.4322387462308,59.8031984139187,97.7273592204881,97.7756058105537,101.47024156958,102.206583387939,98.5770611287361,104.770932547316,93.6631888083969,100.431910654272,100.914122001344,65.7629460851571,62.1829473963352,83.2715423766763,36.9045784169122,43.9417465524663,70.2408318326159
57.1679557257972,58.0548979435444,59.8932543309381,53.1392696182369,54.0708395250675,60.6139024913213,60.4156557297729,59.338442158212,73.5305965293621,76.1092836673022,92.6512239887976,71.9705803819063,71.4452795055388,78.2632582958477,81.1164153293951,78.4209905719082,46.9406318876353,52.4706582948683,52.6383995056303,45.2593747921723,14.7935738353802,15.3204905364641,0,95.8101001698529,111.854274718344,153.378488883916,88.6961845605474,86.812198757069,59.2734379743316,80.8698524957994,79.6275230656965,85.3802259792214,92.217564178175,28.0814146550041,71.9340991326487,76.9877367583043,66.4391830984517,90.700168148975,89.4022072206579,91.9100978616329,103.347712336999,105.26298831893,104.058693452858,105.577760571487,98.1321663243569,102.681428606181,102.191023846142,102.604716324971,97.3695477329545,95.7742119530752,101.055668817727,28.1621171433965,27.2219747428196,28.1693773745093,32.9115970434249,28.3960201911765,27.3652275071445,24.7978820715509,40.5213950390407,20.9560129808908,21.6751005001414,24.9873751790263,26.3823393990085,136.068328174173,67.2602719695869,58.7333985732257,97.3802623547427,97.4326335220628,101.125014539184,101.858321651317,98.1567094631507,104.350699312672,93.2528622971239,100.022708718753,100.48431911524,64.8311712709804,61.2751828543418,82.7025623841004,35.9589489673016,42.8870991827204,68.8042909759989
116.944324060983,117.150034350169,117.786580973831,114.216082691287,114.545456335166,116.70209778136,114.817859026346,115.042583591763,123.347629172633,125.533089290137,125.325367286376,123.61947375535,123.071842393231,129.082624937956,125.037913285867,116.734718398827,113.89689369185,119.45399370375,119.302971013448,112.486789662856,94.3558848715708,96.6400216391571,95.8101001698529,0,152.825779393993,193.066593677378,105.106801617528,97.118426808062,111.666184640524,125.342365615244,124.269448289484,130.886747404456,131.556313317152,99.4819648508824,108.513084656868,113.646680152818,118.883023326008,125.271565843773,124.14685849838,126.401894558749,136.706352736505,138.578873843914,137.164733392404,138.662417942909,131.339156681867,136.28332800321,135.513858471101,136.060396865031,130.709163344462,129.131847946134,134.809473081414,97.8806971622307,97.0493932491796,98.2698702760031,101.848481693829,99.9263432514912,98.9411157828545,96.0949243178283,92.677659840428,96.6079793770587,94.925628253561,96.6428447685354,96.2672652216752,200.010458326483,115.819749964718,94.1120541587115,133.015842962788,133.236551666879,136.839881678961,137.453222570376,130.612166705251,136.824568948865,126.161612551562,132.990383218911,132.497932208231,99.1575301643238,92.0786108744123,111.298961642582,82.726821910431,104.619178360195,119.256633208427
137.912890547797,138.527715172439,139.280175647881,135.014122991763,135.659917838627,138.714727066249,137.328715085586,137.451716015524,149.652129278258,152.015594296668,108.660143944887,149.121482827447,148.578970257471,154.947963414809,128.707982432153,120.942568317468,132.735710647248,138.256726201618,138.257510675224,131.189918888946,110.836592700473,112.058446904436,111.854274718344,152.825779393993,0,107.55655212759,151.023565656425,148.098092596811,114.056800816472,153.991096668311,152.821112448555,159.121253471281,102.157758146017,113.561492341164,115.979782617528,123.52640724767,144.037777590394,103.22580101275,101.188974283173,103.608293994634,120.207198041146,121.845024333729,121.594929587861,122.788844891101,112.848569300158,116.189626234019,116.23259912393,116.638782954648,111.206506628068,109.96553660205,113.992607861078,115.436506767717,114.595338945771,115.594589396001,119.807240605859,116.040086097486,115.393238415634,112.85344428045,115.119772007246,113.599378957961,112.075500879662,114.178064817346,113.979331763155,220.137067513038,141.010410708906,127.408025075757,99.6722363096565,98.6148583796159,103.002436076688,104.657349888757,115.541162867843,121.903593296644,108.956081487729,115.665187207241,119.288472790626,131.536223702015,126.525436710307,127.564349468245,107.087947485153,122.823190468232,145.24266842872
179.167667896698,179.767946302608,180.50467004801,176.28676859516,176.9205221993,179.909864028657,178.496125837141,178.635871747047,190.688144149258,193.04308561446,144.589389156362,190.195305213427,189.652634430199,196.004614074989,169.731825624436,161.348183287418,174.132894004383,179.656515278703,179.649372734965,172.594413548719,152.341692001673,153.61864226412,153.378488883916,193.066593677378,107.55655212759,0,191.484720547258,188.524514359388,155.95619771172,194.924629068664,193.760063942833,200.067440977733,142.984865209589,155.18396798169,156.296278159373,163.917070736431,185.128063113913,139.438560715436,137.285045685813,139.365517079133,156.980292397601,158.494962843817,158.418797004052,159.491379979475,148.671575714442,151.832235162149,151.840298046736,152.385016412546,146.725192876294,145.686862228362,149.515102841104,156.900262657997,156.059081176674,157.071278992164,161.249139579147,157.586895229266,156.918577275037,154.360650394351,156.261539860115,155.066107696649,153.525453655685,155.610023648299,155.394445261047,261.471816924662,182.067598281659,168.217021122025,131.259577613421,129.696983672751,134.468944243303,136.607383562715,151.877458111404,158.314285704192,144.955501042784,151.69005018802,155.861005890427,172.339906960562,167.264072299777,167.526742241583,148.129614581935,164.163182115846,186.294803254042
108.848293482147,108.827531099638,109.685388798817,105.932663810101,106.090654812195,108.600876617103,106.728758992678,106.648159308078,111.632022109325,113.713875336866,124.816575789569,112.303882840772,111.766080722149,117.58607053378,122.477846042473,115.522727680267,105.607878511,111.161803524558,110.956172199985,104.241476802671,87.0769646425044,89.6579854156615,88.6961845605474,105.106801617528,151.023565656425,191.484720547258,0,73.1595485357137,107.507382376044,112.525923189554,111.5650196725,118.118516929805,130.089186718193,92.8978772649132,107.753219953786,112.846597882983,107.737699181636,124.559777411422,123.407074499461,125.686073539974,136.189813687602,138.057177346193,136.685167132522,138.173943923271,130.774785141609,135.669644633014,134.929281492137,135.466423952698,130.119982417031,128.547554973605,134.175082814374,90.0621097823566,89.2428040834884,90.5188318527944,93.9010066323401,92.4962849673517,91.4447704500861,88.5240422184909,85.3207385121344,89.3368182403472,87.7244601140977,89.3154227362028,89.0034145580737,191.146997805399,106.880663137149,80.2613219521853,132.099935113684,132.294940512718,135.912432717314,136.544871369923,130.154692145314,136.373249448673,125.63602924613,132.46026753078,132.107615040805,92.8539597099341,87.0872779558344,113.037151799818,75.7318981118605,97.8652216604253,107.80139691333
107.173894039955,107.225268233359,107.986241361688,104.344679275293,104.558703582831,106.874232152181,104.969504840641,105.019418296174,111.371450595961,113.495875195238,121.718214978301,111.895944446618,111.351006227403,117.245048623497,119.579599961442,112.373676371337,104.114987977218,109.671878274507,109.48427423187,102.734765557782,85.2442479875487,87.7396315475284,86.812198757069,97.118426808062,148.098092596811,188.524514359388,73.1595485357137,0,104.943128438109,112.607726175016,111.585506562714,118.261167279693,127.09106069294,90.8661516883366,104.499441417301,109.576828216366,107.267207659285,121.468567782475,120.319450300165,122.598742982031,133.074618867742,134.944779707546,133.566225520966,135.058272270188,127.678306079671,132.576921082947,131.835684496849,132.371857999038,127.027330893418,125.452854512306,131.084355555879,88.4127516148653,87.5887776003976,88.8486001015898,92.2926104032999,90.729792311392,89.6960196885934,86.7968992279851,83.2779969314299,87.4881587246916,85.8452128028603,87.4730419487291,87.1316340625891,189.857416792487,105.292049322304,79.6731299021865,129.043053744266,129.241307748406,132.856874606909,133.486716647045,127.047334058801,133.263629226326,122.536248770794,129.360195025634,128.992932506173,89.6093705715024,83.3159315424478,109.353244548934,73.4515862806661,95.7946645031973,107.414037248226
86.8858123102561,87.6755209843642,88.4028067351414,83.9971698799996,84.7745328872475,87.9921209504073,86.7599999440059,86.9090081352491,100.919475476624,103.355012773236,97.9693808753397,100.092718345808,99.5467904219366,106.053441961409,77.7706492615037,81.726565140799,81.3658189124261,86.8862918814352,86.9321314667914,79.7828933854372,58.4810275340663,59.2769206854218,59.2734379743316,111.666184640524,114.056800816472,155.95619771172,107.507382376044,104.943128438109,0,106.037855928762,104.808603676429,111.120496218212,94.1276864919554,60.006814972764,77.3097892231054,83.1837055578822,94.8816338713196,95.0944876548203,93.7196335639524,96.3605558995555,108.296086092933,110.237967019058,109.126060904522,110.661461143511,103.196134473432,107.561787552699,107.206854616129,107.551666345758,102.380304411114,100.769283723673,105.867278874303,63.6779995930668,62.8255850458538,63.7796594775465,68.1576536536852,63.9669644102069,63.3573314954037,60.8779215986953,64.41106420276,61.2726454412406,59.7041727430612,61.976076485777,61.7590063638427,169.217950601229,91.4088914335769,80.3611207530751,101.400243418257,101.384204156241,105.111168124217,105.89120115965,103.562857319594,109.744136899829,98.454121128835,105.194428547562,106.092736304904,84.3700800311583,80.0842601071158,91.5276557088999,57.1690367465395,70.3175189896617,96.3491959290578
