IBR/IBR_outputs/all.combrep_1/FireFreq_2000_2008_Total.Silt_Total.Spinifex_Total.VRM_Total/FireFreq_2000_2008_Total.Silt_Total.Spinifex_Total.VRM_Total.asc
NCOLS 160 
NROWS 95 
XLLCORNER 210004.651214014 
YLLCORNER 7350008.22228844 
CELLSIZE 4999.99999999997 
NODATA_value -9999 
[rows 0 to 20 of 95, columns 92 to 137 of 160]
-9999 -9999 -9999 -9999 -9999 -9999 -9999 -9999 -9999 -9999 -9999 -9999 -9999 -9999 -9999 -9999 -9999 -9999 -9999 -9999 -9999 -9999 -9999 -9999 -9999 -9999 -9999 -9999 -9999 -9999 -9999 -9999 -9999 -9999 -9999 -9999 -9999 -9999 -9999 -9999 -9999 -9999 -9999 -9999 -9999 -9999
-9999 -9999 -9999 -9999 -9999 -9999 -9999 -9999 -9999 -9999 -9999 -9999 -9999 -9999 -9999 -9999 -9999 -9999 -9999 -9999 -9999 -9999 -9999 -9999 -9999 -9999 -9999 -9999 -9999 -9999 -9999 -9999 -9999 -9999 -9999 -9999 -9999 -9999 -9999 -9999 -9999 -9999 -9999 -9999 -9999 -9999
-9999 -9999 -9999 -9999 -9999 -9999 -9999 -9999 -9999 -9999 -9999 -9999 -9999 -9999 -9999 -9999 -9999 -9999 -9999 -9999 -9999 -9999 -9999 -9999 -9999 -9999 -9999 -9999 -9999 -9999 -9999 -9999 -9999 -9999 -9999 -9999 -9999 -9999 -9999 -9999 -9999 -9999 -9999 -9999 -9999 -9999
-9999 -9999 -9999 -9999 -9999 -9999 -9999 -9999 -9999 -9999 -9999 -9999 -9999 -9999 -9999 -9999 -9999 -9999 -9999 -9999 -9999 -9999 -9999 -9999 -9999 -9999 -9999 -9999 -9999 -9999 -9999 -9999 -9999 -9999 -9999 -9999 -9999 -9999 -9999 -9999 -9999 -9999 -9999 -9999 -9999 -9999
-9999 -9999 -9999 -9999 -9999 -9999 -9999 -9999 -9999 -9999 -9999 -9999 -9999 -9999 -9999 -9999 -9999 -9999 -9999 -9999 -9999 -9999 -9999 -9999 -9999 -9999 -9999 -9999 -9999 -9999 -9999 -9999 -9999 -9999 -9999 -9999 -9999 -9999 -9999 -9999 -9999 -9999 -9999 -9999 -9999 -9999
-9999 -9999 -9999 -9999 -9999 -9999 -9999 -9999 -9999 -9999 -9999 -9999 -9999 -9999 -9999 -9999 -9999 -9999 -9999 -9999 -9999 -9999 -9999 -9999 -9999 -9999 -9999 -9999 -9999 -9999 -9999 -9999 -9999 -9999 -9999 -9999 -9999 -9999 -9999 -9999 -9999 -9999 -9999 -9999 -9999 -9999
-9999 -9999 -9999 -9999 -9999 -9999 -9999 -9999 -9999 156.480067741815 150.774900477729 149.416820868436 150.508208789173 -9999 -9999 -9999 -9999 -9999 -9999 -9999 -9999 -9999 -9999 -9999 -9999 -9999 164.940173340912 170.536435671505 173.504026356113 173.318018730365 158.688306365077 169.22688935526 159.360333041389 157.21614279848 178.429458804316 178.09122058338 190.524106122962 188.800977455965 169.755315541456 147.34862205659 101.634368032971 106.831745380325 119.271596885206 133.846504068132 159.287357740227 161.985196268749
-9999 -9999 -9999 -9999 -9999 -9999 -9999 -9999 -9999 158.174080331065 145.811278189083 154.419318657823 150.757680620843 165.005924282384 156.186474714178 150.699448125032 151.004920751588 -9999 -9999 -9999 -9999 -9999 149.64708350752 152.968935503853 157.794352435745 156.763842012546 156.361259883137 166.577359939987 171.397326165623 175.675364285331 165.759155453361 177.935425788458 182.991124495777 177.079550420177 183.314145080016 184.09827124731 167.430812926071 87.7386977725853 40.7290716122935 30.2358380556614 34.2237339253999 20.2475389708077 10.7585713861528 30.5826870105255 42.4214665015058 34.7434319369644
-9999 -9999 -9999 -9999 -9999 -9999 -9999 151.891329321234 155.14671340145 149.58909358431 148.05054931266 151.907718684605 157.274722437429 163.94442520654 163.932877600161 167.494987801704 156.312348062239 161.020437497974 170.081756599565 -9999 -9999 152.146540536281 149.395464216182 150.032739669107 157.293577539451 178.669429353607 176.178747996876 186.183087169475 187.888963916279 187.955371917764 185.976389966103 184.807871819163 181.473943098786 188.276581354213 189.496445720593 103.798592447192 37.3808904221269 45.0556984109329 41.632511932174 47.0756149392636 45.3288684668046 30.4575911980771 16.9651463278083 5.2330900623713 15.7250170491333 15.0877264490417
-9999 -9999 -9999 -9999 -9999 -9999 -9999 154.05044598384 162.271122236712 154.486746189319 149.154369991831 149.266939600764 149.324925615796 159.273209259264 172.581507420892 180.338408390962 171.785459482314 168.205490032438 163.826783127567 70.7243973125998 148.254172683008 149.695022880223 165.17154839272 163.398136800521 173.829964421112 187.110242304995 186.510015688931 176.991017796531 148.098949991481 114.34066377845 175.33340963582 183.123246743622 142.026613310567 70.2775424665115 44.3323931225385 28.6135254103208 33.4787447509626 39.4775585651652 45.6237179673154 40.118334409016 39.6984388850288 39.0618928589921 18.8596315390538 4.64118253033417 36.0350699191068 18.5122860449962
-9999 -9999 -9999 -9999 -9999 -9999 159.951363048412 163.416988918333 173.582356125168 166.024142183287 150.092731647836 149.283323960931 149.646088731795 151.093719792357 172.668540920967 172.854531095044 174.116907381483 167.717522821371 74.5971431888347 52.8055485970347 166.318405257375 174.543202609619 174.766226058343 155.758363442458 158.538244726607 133.457426022154 56.3437170089244 36.531321850837 36.5709715105159 33.8012862289709 44.9535685765523 42.703249305191 25.5662865855114 36.8500151334639 35.997619740078 33.1082443827582 33.7454241795217 47.5240505606995 41.7557325418101 35.2362066939144 37.8088818723739 30.9329722250607 31.1421043660071 15.6992206456249 37.5218149906831 29.0333779703339
-9999 -9999 -9999 -9999 -9999 156.7241703975 151.902086016099 172.827292083998 170.376469682055 149.105330624645 150.168663344956 150.150486428478 149.368113670685 149.023553760673 159.315715637569 170.91825301768 177.500705285248 130.486478217277 43.5765956361164 176.792208048877 188.721340098911 187.882742916074 130.236899379963 50.2283255324155 35.6411534930652 32.8812515319527 37.8056430994061 38.4446064969634 46.1099860153688 48.4109251662785 47.2341037884799 44.1669799728129 27.3449034758171 28.2877233105211 30.3432799621135 43.4495397506328 47.6359691443895 46.2206039939263 41.4928070239981 42.8949878695063 38.6415455078537 41.1310694800991 40.3495895656549 35.2844977641815 40.2126455451433 40.2939064746523
-9999 -9999 -9999 -9999 157.657989361866 153.67848144871 151.828753977713 139.762254621611 135.039768313861 129.159203279897 99.088657499302 130.430641386459 149.356080737841 149.02693415605 158.366760600558 176.530577542545 176.618657609804 189.367007354718 176.698002722301 98.4171538336188 57.0625451069516 45.7097442180293 41.5346453512499 40.6830106487231 24.7338161905272 24.804720514 34.8726433806091 34.6930323961351 36.5701128415788 46.215262215118 50.9600770630728 39.5038093934053 42.6014598928178 27.7251015048912 30.7197659635242 32.5513727544028 41.0459900641517 28.2139494749773 33.8655136316752 31.030243923665 42.3937999423244 33.872772678399 32.8373025961601 35.4942140671575 42.4985430765566 51.0884237992444
-9999 -9999 153.565914491038 150.249228211642 157.102581460302 162.999305965191 119.444340995567 30.642862188794 44.5043099750985 38.5530913631414 79.7609528165309 55.5062790909597 152.544152317408 156.499566480465 161.11784833455 178.399990288785 44.054777525781 32.8759777760568 32.8795003533685 19.0385065841476 33.7702370657395 39.476087150454 44.7453082079261 41.9332227096009 33.3856417971682 29.4626721000522 42.8799220180606 47.5224869224212 46.8693728707868 43.9175098194912 45.4723087015233 43.6222692575198 43.3727662422808 40.6399245088251 43.5543269123164 46.6652633911464 43.5090928637842 40.4219486097369 33.8389666527758 29.2759973369132 39.2078241339684 34.5065735513655 13.4035502131009 39.1594500906404 36.6472422009158 35.1827544041062
136.009782912593 140.90839805799 28.5936255139674 40.802938904742 61.2473494914811 37.8406284378845 16.4367449926112 32.5785782854628 46.0232959593197 33.9572813206406 56.0355953344983 94.3702967068942 151.033766827711 154.132130639748 159.636177723164 136.275118991794 43.7654594487591 49.6033927242943 34.6484369053168 21.777766115127 35.2446296206051 46.5186732413348 46.0580275838029 39.9911879789055 21.2064794629447 28.0737124043028 38.0871206358406 42.4775374401147 49.8741571472593 43.3347946461956 34.4922790318008 46.1717217337305 41.6527707884963 46.8272764379074 42.5150992485688 43.2998960064274 39.6640995752105 40.2937424289032 39.1842951729878 40.9804413625061 29.5660882509663 16.9499839537405 28.7168309698591 41.1429072006493 40.6543989112582 30.5677487628819
35.9672754056798 20.444840244146 44.1713205707336 43.0729935023426 12.3382598249028 11.6794643455025 19.1623572283217 20.6901049849315 32.7606150012628 29.5829891760976 40.9535692675003 173.425452394042 169.683685138212 163.46337862985 129.105319710865 71.0287953771804 106.771750592683 47.2662209829012 69.0770738018814 66.9099475006679 40.796104242369 38.5744528741029 34.8284429893202 31.9242147450936 25.3518099276055 29.8994967370316 39.1932608034896 45.4612984138063 45.7064818819674 43.2755747322834 30.3580762990607 30.9218793960874 47.0835920716325 70.963452237222 48.0966776503677 38.7438525532126 46.1065464289831 38.8857055627059 44.7144172503691 54.019289361018 36.0364111963683 22.2975490709373 38.456905150785 45.1029956451757 45.3187800624063 37.6587689927663
17.3008845074844 30.6484194819935 24.9310629555153 32.8411916573906 22.8744556657551 24.3014914563063 17.085325229662 18.9020184023928 25.1113499854667 30.6187753493219 27.3909827745572 160.676592701616 173.093824850893 172.32540892161 35.8986646822421 42.8862082107804 125.284727518999 148.50728427371 160.090072058194 46.0300065687969 46.7411676544971 41.8998304469801 34.463832035666 35.9910814172835 36.8866178816294 45.3300298962913 42.896611567961 29.5542792598826 45.6623474000902 59.095118770453 38.644984277885 26.174071672019 48.0797215979903 59.6125451498325 51.4177949640818 49.9712108337217 41.008462332843 42.6771911031797 52.9434585333018 52.4126420371784 48.6938788317298 22.9167410081833 46.2567577295609 48.3392347396923 47.7473571064568 40.2392460646935
87.6997838780755 57.37079461687 22.7034281396029 15.1215523451804 11.5248646102044 20.4094835787352 33.8205003509131 31.0304735974045 23.4619611495204 30.4081082099866 25.7484137845978 55.2021292528069 167.866285668188 179.263876870666 56.872618409138 34.7621919573655 124.102685391768 152.535980770066 152.107672361322 139.568933524869 40.3401180829777 42.1036558672718 35.0902900042771 44.5368253810496 42.6211210094219 44.561239068314 36.1089374089091 30.1985644648372 64.4015599450041 77.4804989545789 64.0821648788814 31.0327224785894 41.4233286063932 55.9312450592689 54.1423529125594 70.7308502091832 55.7775769610406 48.4298513559748 46.5655596772693 53.8847677542741 45.8133955264206 38.2718390437229 45.7878564285112 41.4357018950571 32.7809790462716 41.7749805329069
19.2562477435226 4.46591402459072 11.2264603874532 27.3255300913721 7.85373371998488 8.48674350974993 27.1854483900844 26.5004137881694 17.6122068938389 27.9651378410739 26.8479233410995 49.773720160298 170.395555626473 174.588752928154 91.1575883438778 40.3703007754236 28.2952482386366 53.6565683055875 164.307515682881 150.189619706439 149.09155296617 40.8104003948994 31.2608730607815 36.4122382777835 38.5678133980299 32.4403054367273 31.7674044013462 38.5613134865521 36.7182116574642 68.335377218914 91.3956253085873 84.0969778107564 46.0298853364073 53.4742292941987 50.2683536713093 53.1573688132193 51.9733827346541 44.3885407971887 49.5743189080816 48.1891869100709 32.8413561819457 38.7076213275428 42.6015300885857 31.4130188463496 20.6484573496575 33.1401403677202
30.2926162255952 8.69352119998054 17.3392460298601 34.4840780171188 34.3475728076747 21.6483742767905 25.6250344361252 27.0451499175317 40.6410290589865 35.525515390664 33.9257487105233 118.907830829349 163.047221558256 176.042268819917 80.1629915106938 34.8036314963192 35.797779605763 112.578120433144 184.112517881994 166.266505500414 38.4754381472758 26.0183044841921 69.6681445552411 48.0541562460883 31.7539719769624 29.4513144088788 25.269218502813 24.0064860180993 37.6394155866168 38.1307538646762 48.5174137216917 87.6148279068553 93.035761863328 75.5096396531392 62.0431416895553 74.0526185899414 87.87358569154 78.8736311165135 53.4203388699301 27.8313226360512 32.5836501540279 38.3494127284058 58.0093350990972 46.2762244483211 26.12175455962 21.2751277441718
23.4367622785412 22.7945266327842 17.426548605395 31.437838022739 37.8521921550449 38.3343492506229 27.2040722218805 34.7771659008312 34.22295522033 30.6934652008492 66.695540383715 74.9332686538717 153.934262598231 166.932128805903 144.87850476123 25.3646036329009 35.714641943201 51.2410079035268 176.786234017005 174.350842157613 32.162384881896 36.0926259084379 17.4666314918742 84.5328882968204 142.85821846964 87.7776717396546 31.7620326355586 18.0503214828426 23.1495093760358 31.7282842659067 33.1352509510789 29.8651012904588 91.7423185389618 101.504239789807 96.2208147321099 100.712410293069 91.6310593778564 40.1071040192123 45.3296887861874 35.5427443229855 29.1952536358507 32.9809557900005 40.4376937525097 53.1068991586672 25.0791024882745 11.1146931790123
