IBR/IBR_outputs/all.combrep_1/FireFreq_2000_2008_Total.Silt_Total.Spinifex_Total.VRM_Total/FireFreq_2000_2008_Total.Silt_Total.Spinifex_Total.VRM_Total.asc
NCOLS 160 
NROWS 95 
XLLCORNER 210004.651214014 
YLLCORNER 7350008.22228844 
CELLSIZE 4999.99999999997 
NODATA_value -9999 
[rows 42 to 62 of 95, columns 46 to 91 of 160]
39.6090174923207 35.8490089612238 26.5915804264601 33.6613819744738 33.262739180015 28.8493207012233 39.5160527486925 34.6239704763521 46.4347894518923 51.0666620324884 54.942476303117 38.4507590453863 50.7622439825664 57.677045291195 40.1944945103706 44.6203802090808 40.1209868191893 43.3212142212691 46.5389474426058 41.4731056597408 34.1332724197973 28.8572317314011 31.8027586079253 42.2472493160508 70.084989010679 110.19231855041 76.4831170651717 65.9678660934051 100.218745924891 101.835879418114 102.914574178561 91.2776021701228 88.3014259725365 85.5287569337447 98.3566416683229 102.492870016784 104.391268854284 90.1237695296002 47.4250580990262 25.1211831864281 29.5484209274634 24.7509499672329 25.4305859380029 23.9878681645918 8.94208503767365 19.6970681124609
43.0296703754124 38.6658997795142 26.5915964920038 20.0929256373659 27.1758329751979 25.4037414260777 44.8498064255737 64.7522294962091 56.9636408943002 34.6529639736406 96.1332043733797 167.047521100945 59.8310566597204 32.4479693899242 30.7700150320863 58.0851378254067 58.4268506490595 40.4053958914737 34.8720340572716 34.1556386136765 37.3317730838998 22.126102547216 25.9026806575375 31.0959077942872 45.0962901388054 60.0051614561874 149.884576534942 52.9525634582881 105.670055131235 106.884659773817 79.433599989697 79.5949329474197 92.2382638589029 90.7668746554432 86.5319837205537 79.5479239690039 102.861616919629 96.2805770175421 92.0286451484806 59.3212367141061 78.2549562225682 90.5840970126837 57.4110843521838 21.5911673523644 4.57525828135279 15.6788067558979
64.7317535903636 66.401046382855 47.3322344422207 28.7222480321427 28.9410849884893 35.2486555656819 43.1509147742434 30.8909788142872 25.7969506505674 75.7175248462642 32.1158818639212 28.2167773997926 25.8940304912389 32.8881732462747 114.888808983885 155.077445965719 44.6530961843189 68.2767878623538 27.4473237989233 15.3386197874703 11.3976282107115 22.1078889592289 28.1994826293207 31.8962454280473 45.9984634828502 61.1361803028016 53.2638503128298 41.7391023112959 81.714479327489 98.6930862912688 105.123956292233 76.4387118885622 90.8997735730269 73.5176802023584 51.6241702516893 48.7548259453473 90.6366277561731 98.1861801205254 99.2858126098561 103.017993409754 100.174098081272 106.391245482691 89.7135455371346 90.7941153250313 82.7747664210861 79.7479071882909
74.01804532539 61.8595593286681 55.7615200000851 63.3630420349665 59.55958795981 35.5808944361896 27.9423502963864 20.7662796341803 24.9940330985398 41.1722419149389 83.2593390697656 92.2770850472249 67.2559568883255 36.0998555620299 33.7050740694646 34.6327281222892 106.896269864585 65.9594087901329 152.874912727199 16.5631933657639 15.5901819146815 25.9298328777619 28.0828228538123 35.7073471869396 35.2175752590389 44.7018812281999 53.9629777535984 43.2330038699379 40.7933139643018 63.5277131897243 101.583639380922 99.6291870777174 98.8431310056032 91.6426078642003 72.8336506112162 67.4022979726625 52.1256850002641 64.7004051825156 105.332306527632 91.8578032160675 97.8905935121614 101.976075207961 100.582111088543 100.690645117507 95.1251019072756 90.180677244032
72.1701500445131 55.8000382892046 38.9784894790115 54.3699971516992 43.6658146965716 40.3220364171394 27.1008719149208 50.2134992198377 79.1598941180396 92.6790950229849 89.1934130287139 87.7157845482997 90.7821097454839 92.5622631294761 38.3394257202744 42.6623686608335 35.7306203265485 43.2813365340086 125.973780532617 141.121415688678 26.6763924314712 18.989408655316 18.7893244140332 18.9483140198297 39.2528840301895 23.1861872445589 31.6050897882493 34.7311811646194 28.1405126947685 32.7163986169194 71.6880396694437 103.83763439801 94.6214858775644 79.9680204678184 65.2160950179475 45.0505748880932 36.6536025687641 51.7309627041746 71.1175801532249 97.726426072855 105.395148693759 89.2675775916073 97.4648825255106 100.90168114863 83.7632977277838 34.0254438055611
60.9139828858936 73.1969434890669 58.8554476504676 33.9314642534234 28.1861836013913 43.9109260452463 23.0166254490294 91.8508658933831 91.0999158080995 70.3192171889556 71.9538372895352 58.2580715938148 85.0761539837981 87.2278967014862 90.555864017529 98.7971462644258 72.7423702859805 38.2319093210658 31.221306407788 24.573959811644 20.2870718285068 24.917001157333 27.9952608052639 15.6647888566187 23.4837112102373 18.0181372783883 83.7856284268902 170.023151653743 148.672837315155 46.705849365482 41.7778635725988 59.3447266550074 65.5755518091567 64.6406474357528 49.38083455379 80.9769543339483 37.0890659360867 40.9388679875192 68.7810687020979 106.662395806334 98.2486591506627 100.420558828587 107.671070601562 105.735805839748 95.7981339555226 71.4509890857206
40.958644068126 90.4453785678341 94.3412022117587 49.4179982848277 31.4185321028061 52.0803418131074 86.0025949974986 91.4590649525524 91.2571343308387 83.3208838337944 74.5224964450296 71.9253432246934 59.8079217504306 71.8736412799873 73.1256314669804 91.0460515816555 105.141767326171 106.45170256853 100.12552559252 99.4404553786463 83.6799913701976 30.8929646965291 26.531134596642 25.9447110394273 32.857765278529 24.1971794081826 27.6373279854586 109.026040221365 103.896506816161 154.334758793503 138.801488282718 127.724943362169 38.101872733896 48.5811651092164 29.4373033248535 156.663234442504 38.2339083693282 54.6924883756684 89.1293195854044 105.566134321238 82.4309179934754 91.0196443357369 110.15234015701 110.641926903799 102.099808098467 85.090993271383
94.8021896440791 94.1973170143212 91.4391137669893 89.4022614509585 82.8657261932802 89.3007508525232 92.9125965745556 90.8779780381795 75.5332462202071 50.8578489178161 49.7023233121871 38.1377982244006 61.4345572896416 64.7438208765198 54.2745406739496 80.6962679963549 93.3604001602594 90.9901502207221 88.4504659339271 92.088102782153 92.0530153745379 91.3353281765394 92.9871957058038 31.2900480701806 32.0612043097778 31.2957364329211 25.3578737131094 27.0361630709328 48.5025058916276 21.5347663252914 58.27244860047 125.058882274797 19.0387577480575 24.3356277901749 90.7517723370204 157.442190525656 82.188318797568 74.3182540131059 58.028121549494 69.2788879191431 46.3520878863908 62.0821044452409 93.2033165901324 95.5893976808962 103.045934495704 90.1413601414498
104.127081951493 84.9004488408106 82.9328202082859 72.1719495394039 79.5987359982607 94.5081539888781 94.6805759403158 83.0689522579368 82.5186514461898 63.9567427266714 44.2424851723672 31.0272641607205 30.6247552644924 31.8583919491202 41.1404954554083 41.4215356866268 89.3868563877034 90.5239329227382 90.0979232679838 91.9887383870888 92.330978911525 90.4389695805975 90.8604530622088 91.8856482974012 73.5029892177237 41.8504395494066 98.9059682632677 95.6451831913733 90.9348860142195 91.9305058279251 91.7973192818334 45.8833137108636 107.036005803212 25.3332204775577 49.2289746984009 162.836545424971 63.8280095741691 38.0864715584659 37.0414712597824 57.4898101973099 67.4642161622411 63.9041913653231 94.6631556316905 56.2237947420638 80.0408485452037 92.1214431978967
86.8076688308063 90.8385813495944 88.0111382463993 83.970750809158 88.7292674682968 57.7981747861592 82.3918371965592 84.5900985459638 90.4090068773201 76.7940564038614 74.3422891689157 48.4830718148332 23.1861766689852 31.2152067622501 29.4052133269552 30.8162306780613 30.3686491565133 38.5384638183841 86.4571969407839 92.0250977379197 91.9113782810345 94.4763771607507 95.0674014965661 95.6569853618014 96.5916396599417 91.712949381414 104.593095147902 94.3447545243138 89.214658692855 93.3173815317468 100.844520605112 96.0944147210277 166.364806502818 64.4200072428192 54.3275836690977 66.0986503343996 58.5211999096077 55.6495337368897 63.6700881185159 63.3184386952838 63.0009826841687 58.6546982128428 46.3433939688735 47.5959092511405 61.6264973196893 89.3834626620734
82.4429112288196 89.470077600773 84.6201801086928 89.8971887501124 85.0339228955513 62.1216508194336 33.3272592121619 43.8570479364557 87.614030206914 88.5406203333487 76.323428534257 67.9856970147878 52.377208492893 37.3758455286557 29.0084635304938 29.2310336424349 26.4356683913628 49.8072729408884 76.7045521804241 88.4954019020552 86.5743859488256 96.7431364676406 103.502615463468 96.158807221763 60.4199125885521 40.9400031275112 102.509832381557 92.5577797699749 94.1464657579326 96.3944461875158 93.4333635120673 90.874128675899 48.2613882074777 140.48464063151 37.3373906313477 55.6316706313223 37.7893686130712 34.6322969175137 41.9607963503342 50.9668561940965 50.5930314072525 45.6446291364534 45.287145899889 35.8186355151133 40.0840758674412 53.6642738096864
91.1075720999561 87.3833452448968 83.0523103193835 90.6015522481353 89.0578656216528 88.7031675132167 68.5109864312772 77.3835542209827 88.9354763195484 78.8602030254876 71.9172475186443 47.825279908477 38.5277071487065 37.2009084153996 41.070647109396 75.7425906505206 84.5057614338714 81.9646066828405 81.5739819048442 87.1301938781475 89.9253564974489 93.3182232473015 99.8232187513709 106.886563618064 104.041389273704 99.8755879783081 90.4312884949191 98.7503603244397 82.6945603816307 91.0558843920588 82.4216894055744 89.193641254945 37.6286280366126 44.2523044334832 144.202379190255 139.819222111472 156.468083290598 160.640818896338 117.018904529758 148.26765830424 85.317263985633 34.7391105397555 26.8131692794976 32.5776055331621 41.8366708770624 47.8495578912089
83.5179387128662 89.4628399718266 89.7060315865721 88.7644040339538 91.6393855002665 61.4859989409846 77.6989645893178 69.076781484903 79.1078779599977 60.2087832073069 53.6486601057769 36.8445079907743 50.6829206649431 45.9205284013147 34.0180664933489 90.4565764093909 84.9957023164197 88.2869253968122 87.320856577091 91.5354234940323 88.3145678574642 89.2433654237659 96.1423587384059 107.460704941418 108.601031863217 102.867334344367 106.849190613932 92.7029456552737 91.4883335688482 91.8354702001222 88.8847251617529 84.2751368465665 69.4327803740772 24.2102939638393 19.4335580447533 44.6287488588973 12.0254062697934 13.5507740550162 106.982847368881 158.379436325759 149.016858304652 149.172449831061 148.351477921783 135.283275083037 42.6877231238112 43.5596253037506
92.5061094222554 79.9016179104574 68.5892825444432 87.4450005931566 83.9550404362648 91.1169783069506 89.508087932733 72.1758345545793 70.1198817581038 61.3529801722706 38.7679079015241 38.8421543616953 86.4306734802377 86.8541647122015 91.4024454772081 92.2033809453667 90.9481911066698 90.671039109843 91.53606170781 63.8135446354025 92.3401779258053 88.3276795977204 92.6663095599201 107.131774703209 102.940700332894 93.550864318055 91.9814971576632 99.6526644267036 91.6878062387388 91.6999812361526 91.7733491735463 80.7598376100168 85.668976571791 56.6758732043335 47.181916489813 66.5372881621402 67.5148261530856 33.3234004907664 21.046525123579 35.4938797532448 36.5671242881118 160.033039291557 155.453285481744 157.359070189561 158.773324685153 153.840342327199
88.3574733249136 86.8164873836396 73.3343963855986 26.8953262321345 54.4695284136852 66.4968807857168 90.4586310515513 90.5344313468817 74.5325337580832 90.8788082830282 90.6811147101991 93.3136128164844 87.7576985244618 95.6266521952605 92.8829826758094 92.2022390891529 92.2585003660965 83.8065731824148 92.3688780292386 99.3575933845202 108.884210413089 105.364215049339 92.2018547808412 102.81336388352 112.13645831511 102.290413727582 90.0620060025947 96.8446049357244 98.6855255188536 93.5711128071021 91.9567608704306 80.596532460949 89.7085996657549 101.102628028266 91.6985089952716 88.0100629005316 85.0634125673067 78.6966443400994 89.5382125902144 48.6595234070788 30.5692725326796 76.2617294271685 118.983044764471 171.006187412987 167.598018885248 179.063602354709
89.9204086597616 91.3632283041212 81.733917645611 77.0802527156067 85.8879045801565 88.6961947814985 89.5570764539042 88.869171041369 85.2602098370818 87.5540812837856 92.0416862736655 87.9236434831197 78.8363002409773 39.7887711268951 41.8952070631307 53.0104982865995 92.1440556128758 91.39375960693 93.2762705141303 99.8988610683731 106.364433563259 105.976318762009 91.7234151586702 94.4341822720982 110.248600504394 103.912153370482 38.4858257312858 150.067014345933 172.916074615376 103.051275494775 156.892049957684 164.360943959496 93.5752975547652 103.644672580592 101.315899707683 93.6483696383239 79.9054184823042 85.3684095389495 112.110837777019 102.352364182118 91.1639304974636 31.2185354113658 32.1786818187021 40.7800179820772 45.7754400523362 172.305635620944
91.6838350042664 89.4826719107623 89.8609757960582 65.6654954804053 69.5880067963587 78.7258965600608 88.5836732579216 91.9958630242932 89.919208513684 93.3536401593745 92.3655003221251 69.6903139551902 66.6319952504518 54.7685478600197 65.5729703255571 51.6925224985861 71.28966990102 57.316605434353 59.3314572584782 63.3029777376806 74.9005485001643 50.5248494464566 129.246593320214 105.706133791892 115.849209118268 46.7308382912779 52.4540789261842 160.806387416832 168.406237435508 48.8555501806139 41.460548086806 172.45633987692 68.2888224890218 105.339783153494 102.088042643835 95.9592205953735 83.0383671431993 89.9278214303345 91.0524906800934 97.7663681853942 96.6272084687253 95.5085255637645 94.7022207891457 75.1720116674857 25.6001641207803 33.7539139806255
90.5702654685621 90.2710850565938 90.9793553037727 89.7076687274966 85.5766538305199 96.1318168808639 82.8358096728282 94.3269306547348 90.6466514061143 91.7658113474059 90.0043803369588 49.7069907478728 71.8909412885308 61.3250892663686 41.0659704956675 43.6004478069479 48.0545072589575 58.7295119138437 44.9486886384848 71.6065783636134 45.3818270151082 67.1355499397607 105.904269978735 54.4447516414844 53.1774548563796 76.8722408154926 118.321416438296 161.376956335789 152.972722045415 152.546181138004 44.3257735387158 82.325318209027 105.560420935827 104.286164659174 107.03870771356 104.704769648906 73.210525720642 68.5173924034654 90.9165219677195 94.1005555291482 103.152904251272 96.5393532523138 98.1575739923371 92.4900462539778 81.7307948792892 36.0079384424044
93.2630595840868 94.3766065368279 95.7952516898698 109.223682803745 82.466993452943 89.8723821816299 78.3140609611621 85.9097571164972 87.6618700763464 90.0123724685905 79.7819520219339 47.935855046416 73.8523178622468 63.5822037936943 36.167108055791 71.1024079469219 69.3858653400636 64.40421820614 77.1638917085377 73.1892755335062 92.9554738807009 64.6128482947925 55.7466819675054 74.6020546830683 128.977565856224 149.128848954303 149.357983435902 59.4207823083853 48.1358736839097 98.7377319114955 76.4678961416223 166.82920343959 100.359161821454 102.601167965007 104.60561794777 102.274841824694 43.7419202717252 37.9047287246295 52.0275860164688 64.1615020460058 103.44021088254 93.9898356257225 97.7212113461309 106.751262156619 99.6239227328953 92.6936874865927
81.2490584565114 86.6811203390695 92.0781147760305 97.1668248031935 110.543822193669 91.8640949932938 77.986606081887 81.7848017618024 81.5093792628327 55.8213180876003 63.1314458619329 72.0879912535191 70.0414218374638 42.1011587721687 37.4290269736523 77.5510227302046 64.1125826477876 106.613722320641 92.7079003743384 89.670073975923 92.5223286432368 107.339244020785 70.923029370123 52.4368217783554 50.869500672625 145.244440271736 155.70703710689 106.682466687505 63.2899811778732 107.554482079205 47.9848390634207 71.8204763067828 120.817796390106 104.193415328942 99.908186465466 103.561651034508 97.9206406334421 67.6611838418807 137.408742943615 71.8224899029943 93.6969927706891 97.4190189663827 101.379641245514 105.362552647369 102.755115046577 112.756117825658
75.6756803681913 67.2000119448546 75.0363028063177 93.0455764196328 91.2639423097749 85.0810109206002 84.3872980631957 89.4482684889022 87.8654400829483 85.9743512706865 92.2629388593408 91.9250173362228 70.5250937059576 53.6262886071246 48.5183058587344 71.7035307661928 84.8725953588456 112.312820400114 118.404798738148 108.048118511212 103.074476794875 89.3123323132642 68.6849037451681 56.9152254446394 60.4307333186125 132.587230864529 132.956533395372 87.7464571606557 90.4535957715713 60.2776573804928 59.7879721552986 46.6191837735257 99.7203769748392 106.552804174391 101.215899956166 105.969459674962 109.601097659046 108.772558027845 81.7477942152507 53.7508177696568 101.735270752651 106.274437350276 107.069932916712 107.723311150298 132.482036749623 117.554855371706
