0.0179559 9.9982E-05 9.9982E-05 0.0533169 0.121751 0.720748 0.0860289
0.0263817 0.314107 9.9982E-05 9.9982E-05 0.0631085 0.499168 0.0970355
9.9964E-05 9.9964E-05 9.9964E-05 0.150834 0.167727 0.681039 9.9964E-05
9.9973E-05 9.9973E-05 9.9973E-05 0.163176 0.0141663 0.656912 0.165445
0.010777 9.99729E-05 0.0404125 9.99729E-05 9.99729E-05 0.593782 0.354729
9.9964E-05 0.235454 0.0367156 9.9964E-05 9.9964E-05 0.72743 9.9964E-05
9.999E-05 0.162981 0.0312956 0.0374587 0.0235836 0.39201 0.352571
0.0354967 0.149836 9.9982E-05 0.0801348 9.9982E-05 0.539226 0.195106
9.9982E-05 0.593012 0.0212848 9.9982E-05 0.0466163 0.14556 0.193327
0.0222831 0.147789 9.9991E-05 0.119999 0.120801 0.208541 0.380487
0.0388631 0.475652 0.0513232 0.329752 0.0215688 0.07537 0.00747169
0.0252492 0.216809 0.0147144 0.0960578 0.163193 0.160401 0.323575
0.00153492 0.589549 9.9964E-05 0.408516 9.9964E-05 9.9964E-05 9.9964E-05
9.9982E-05 0.296039 0.0249971 0.075884 0.0523074 9.9982E-05 0.550573
0.0205086 9.9982E-05 0.031895 9.9982E-05 0.07174 0.229703 0.645953
0.0159944 0.0158436 9.9982E-05 0.11592 9.9982E-05 0.0520608 0.799981
9.9964E-05 9.9964E-05 9.9964E-05 9.9964E-05 0.121298 0.154145 0.724158
0.0157868 0.250221 9.9973E-05 9.9973E-05 9.9973E-05 0.346176 0.387517
0.0605239 0.189045 0.139062 0.0352902 0.432974 0.0634458 0.0796587
9.9973E-05 0.252142 9.9973E-05 0.038005 0.558504 9.9973E-05 0.151048
0.0158198 9.9982E-05 0.0151713 9.9982E-05 0.555238 0.137932 0.275639
0.00477529 9.9982E-05 9.9982E-05 0.14123 0.748297 0.06989 0.0356069
0.0298469 9.9973E-05 9.9973E-05 0.0526054 0.748994 9.9973E-05 0.168253
0.0324418 0.203508 9.9973E-05 9.9973E-05 0.727655 0.0360953 9.9973E-05
9.9964E-05 9.9964E-05 9.9964E-05 0.0811334 0.563973 9.9964E-05 0.354493
0.00733293 9.9964E-05 9.9964E-05 9.9964E-05 0.84178 0.150487 9.9964E-05
0.0349077 0.164442 0.0272813 9.9973E-05 0.773069 9.9973E-05 9.9973E-05
0.0121764 9.9973E-05 0.0284548 9.9973E-05 0.726645 9.9973E-05 0.232424
9.9973E-05 9.9973E-05 0.0355613 9.9973E-05 0.841934 0.0715022 0.0507031
9.9973E-05 9.9973E-05 0.0677974 9.9973E-05 0.749497 0.0525185 0.129887
9.9982E-05 0.112451 0.0377352 9.9982E-05 0.824166 0.0222081 0.00323966
0.0211659 9.9973E-05 0.0224452 9.9973E-05 0.716961 9.9973E-05 0.239128
0.0514873 9.9973E-05 9.9973E-05 0.0122203 0.716425 9.9973E-05 0.219567
0.0712277 0.200563 9.9991E-05 0.160584 0.0815731 0.265708 0.220244
0.00729451 9.9982E-05 0.00777344 9.9982E-05 0.223081 0.387252 0.374399
0.00121619 9.9991E-05 0.0360274 0.0224961 0.0655848 0.640075 0.234501
0.0133422 9.9982E-05 9.9982E-05 0.163851 0.0276843 0.725978 0.0689443
9.999E-05 0.220149 0.0615536 0.19493 0.0785798 0.106254 0.338434
0.9994 9.995E-05 9.995E-05 9.995E-05 9.995E-05 9.995E-05 9.995E-05
0.0191664 0.0171358 9.9982E-05 0.207124 0.738607 0.0177665 9.9982E-05
0.025893 9.9973E-05 0.101614 9.9973E-05 0.123333 0.748859 9.9973E-05
9.9982E-05 0.0916058 9.9982E-05 0.14316 0.120961 0.299085 0.344988
0.0121595 0.30401 0.124982 0.173724 0.228335 0.135037 0.021752
0.036377 0.274721 0.0588641 0.558305 0.0715335 9.9982E-05 9.9982E-05
0.0027496 0.202945 9.9982E-05 0.763642 0.0159522 0.0145117 9.9982E-05
0.9994 9.995E-05 9.995E-05 9.995E-05 9.995E-05 9.995E-05 9.995E-05
0.080007 0.0156733 9.9991E-05 0.195782 0.142585 0.220026 0.345827
9.9982E-05 0.694512 0.0751633 0.141212 0.0120187 0.0768949 9.9982E-05
0.046201 0.323779 0.081626 0.0709793 0.258052 0.0904729 0.128891
0.0122298 0.10607 0.678597 0.17014 9.9982E-05 9.9982E-05 0.0327632
0.0204653 0.0593783 0.713686 0.140458 9.9982E-05 9.9982E-05 0.0658129
9.9964E-05 0.20556 0.736788 9.9964E-05 9.9964E-05 0.0572527 9.9964E-05
0.0429064 9.9973E-05 0.672806 0.149223 9.9973E-05 9.9973E-05 0.134765
0.0408925 0.135676 0.766964 9.9982E-05 0.0380769 0.0181899 9.9982E-05
9.9955E-05 9.9955E-05 0.736629 9.9955E-05 9.9955E-05 9.9955E-05 0.262871
9.9955E-05 9.9955E-05 0.62469 9.9955E-05 9.9955E-05 9.9955E-05 0.37481
0.00338835 0.167994 0.716042 0.054625 9.9982E-05 9.9982E-05 0.0577506
0.0344449 0.0270147 0.817542 9.9973E-05 0.120698 9.9973E-05 9.9973E-05
0.0443913 9.9982E-05 0.723427 0.0415079 9.9982E-05 0.0651688 0.125305
0.0338066 9.9982E-05 0.552786 0.182572 9.9982E-05 0.0549569 0.175679
9.9964E-05 9.9964E-05 0.738114 0.10768 0.153806 9.9964E-05 9.9964E-05
9.9973E-05 9.9973E-05 0.638065 0.211097 0.105191 0.0453462 9.9973E-05
0.047714 0.212725 0.288552 0.450709 9.9973E-05 9.9973E-05 9.9973E-05
0.0295862 0.0759096 0.0380568 9.9991E-05 0.682398 0.149591 0.0243582
0.00993313 0.153345 9.9982E-05 0.0200229 0.686674 0.129824 9.9982E-05
0.0285493 0.00287541 9.9982E-05 9.9982E-05 0.725794 0.236752 0.00583019
0.0284573 0.134347 0.639517 0.148603 0.0291802 0.019403 0.000492054
0.0821725 9.9973E-05 0.428728 0.430454 9.9973E-05 0.0583449 9.9973E-05
9.9973E-05 0.112148 0.62614 0.149921 9.9973E-05 0.111491 9.9973E-05
0.0422012 9.9973E-05 0.636578 0.269283 0.0516373 9.9973E-05 9.9973E-05
0.0403274 0.0561438 0.753778 9.9973E-05 9.9973E-05 0.149451 9.9973E-05
0.00446045 9.9982E-05 0.0132969 0.693635 9.9982E-05 0.0669619 0.221446
0.0068646 0.242229 0.0162698 0.701092 9.9982E-05 9.9982E-05 0.0333444
0.00554028 0.0381375 0.0447021 0.821602 9.9982E-05 9.9982E-05 0.0898178
0.0179865 9.9964E-05 9.9964E-05 0.931345 9.9964E-05 9.9964E-05 0.0502687
0.0254752 0.218285 9.9973E-05 0.67137 0.0845697 9.9973E-05 9.9973E-05
9.9955E-05 9.9955E-05 9.9955E-05 0.839263 9.9955E-05 9.9955E-05 0.160238
0.0163254 0.0223037 9.9991E-05 0.748026 0.0841144 0.0868299 0.0423012
9.9973E-05 0.0271923 0.573765 0.226824 9.9973E-05 9.9973E-05 0.171919
0.112144 0.0356562 0.377506 0.295479 0.0427031 0.13101 0.00550192
0.022739 0.00319693 0.660005 0.19585 0.0631729 0.0549367 9.9991E-05
0.0547269 0.121019 0.715098 0.0459159 0.0630408 9.9982E-05 9.9982E-05
0.0218711 0.09381 0.616662 0.0396433 9.9982E-05 9.9982E-05 0.227814
0.0109309 0.111287 0.0255151 0.0901407 0.596226 9.9991E-05 0.1658
9.9982E-05 9.9982E-05 0.222584 0.533608 0.100497 0.0189692 0.124141
9.99792E-05 9.99792E-05 0.108719 0.766195 9.99792E-05 0.0456773 0.0791085
0.9994 9.995E-05 9.995E-05 9.995E-05 9.995E-05 9.995E-05 9.995E-05
0.017483 0.222181 9.9982E-05 0.0353517 0.120653 0.604131 9.9982E-05
0.0365134 0.0355544 9.9982E-05 9.9982E-05 0.0910924 0.509687 0.326953
0.016511 0.441331 9.9991E-05 0.0755231 0.0292445 0.0693435 0.367947
0.0109742 0.33354 0.00789192 0.1589 0.162399 9.9991E-05 0.326195
9.9964E-05 9.9964E-05 0.0375582 9.9964E-05 9.9964E-05 0.554583 0.407459
9.9982E-05 0.0334163 0.144383 0.769332 0.019647 0.0330223 9.9982E-05
0.0219044 9.9982E-05 0.0373362 0.120325 0.510444 0.30979 9.9982E-05
0.0631423 9.9982E-05 0.140879 0.566051 9.9982E-05 0.045682 0.184046
0.0355921 0.0972946 0.046334 0.323921 0.251496 0.200693 0.0446693
9.9973E-05 0.182175 9.9973E-05 9.9973E-05 0.0323179 0.279073 0.506135
9.9973E-05 9.9973E-05 9.9973E-05 0.184499 0.0310869 0.492126 0.291988
9.9964E-05 0.66487 9.9964E-05 0.0439443 9.9964E-05 0.290786 9.9964E-05
9.9964E-05 0.790117 0.00235723 9.9964E-05 9.9964E-05 9.9964E-05 0.207126
9.9955E-05 9.9955E-05 9.9955E-05 0.266753 9.9955E-05 0.732748 9.9955E-05
9.9955E-05 0.678312 9.9955E-05 9.9955E-05 9.9955E-05 9.9955E-05 0.321188
0.0157269 0.104059 0.194706 0.556748 0.0525332 0.0761275 9.9991E-05
0.103353 0.177266 0.0906952 0.583267 9.9982E-05 0.0452189 9.9982E-05
0.0584677 0.261034 0.162666 0.517532 9.9973E-05 9.9973E-05 9.9973E-05
0.0218157 0.242596 9.9982E-05 0.440486 0.130488 9.9982E-05 0.164415
9.9982E-05 0.0506795 0.0583851 0.448075 0.128168 9.9982E-05 0.314492
9.9991E-05 0.103845 0.0108262 0.00683396 0.356723 0.0822899 0.439382
0.00451431 0.08159 0.732985 9.9973E-05 9.9973E-05 0.180611 9.9973E-05
0.0139548 0.0294865 0.67572 0.198106 9.9982E-05 9.9982E-05 0.0825329
0.0148086 0.107653 0.169802 0.467616 0.158699 0.0813219 9.9991E-05
0.0307489 0.334709 0.142321 0.24609 0.0252286 9.9991E-05 0.220802
0.0479308 9.9982E-05 0.113049 0.386412 0.211169 0.24124 9.9982E-05
9.9973E-05 9.9973E-05 9.9973E-05 0.263679 0.638779 0.00345606 0.0937865
0.0512023 9.9982E-05 0.533307 0.367593 0.0403468 9.9982E-05 0.00735156
9.9973E-05 9.9973E-05 0.610694 0.214551 0.0135462 9.9973E-05 0.160909
9.9973E-05 0.163489 0.425843 0.319835 9.9973E-05 0.0905328 9.9973E-05
0.0429994 0.0505926 0.0519471 9.9991E-05 0.364082 0.37214 0.118139
0.00223293 9.9982E-05 0.0393183 9.9982E-05 0.228884 0.536196 0.193169
9.9982E-05 0.13192 0.0465704 0.0790063 9.9982E-05 0.559323 0.18298
9.9973E-05 0.24934 0.0893032 9.9973E-05 0.0270701 0.633987 9.9973E-05
9.9973E-05 0.0570335 9.9973E-05 9.9973E-05 0.294063 0.383923 0.264681
0.00254728 0.123806 0.00480046 0.0511779 0.0621829 0.515238 0.240247
9.9973E-05 9.9973E-05 9.9973E-05 0.053152 0.109575 0.733986 0.102986
9.9964E-05 9.9964E-05 0.014902 9.9964E-05 9.9964E-05 0.401044 0.583654
9.9982E-05 9.9982E-05 0.0158374 0.0792795 0.29132 0.321725 0.291638
9.9955E-05 0.0676186 9.9955E-05 9.9955E-05 9.9955E-05 9.9955E-05 0.931882
0.0221225 0.291321 9.9973E-05 0.0375423 9.9973E-05 9.9973E-05 0.648714
9.995E-05 9.995E-05 9.995E-05 9.995E-05 9.995E-05 9.995E-05 0.9994
0.00263363 0.216641 0.0708725 0.0457672 0.112951 0.162031 0.389103
0.0381989 0.323663 0.00155347 9.9973E-05 9.9973E-05 9.9973E-05 0.636285
9.9982E-05 0.564289 9.9982E-05 0.0745088 0.145159 0.0254058 0.190437
9.9991E-05 0.0567931 0.0107276 0.0450512 0.0656283 0.4621 0.3596
9.9982E-05 0.110274 0.0114304 0.0736343 0.793352 0.0111092 9.9982E-05
9.9964E-05 9.9964E-05 9.9964E-05 0.0796959 0.827804 0.0921 9.9964E-05
0.0265114 9.9964E-05 9.9964E-05 9.9964E-05 0.757125 9.9964E-05 0.215964
9.9982E-05 0.111824 0.0627227 9.9982E-05 0.685981 0.0289751 0.110298
0.0362378 0.0998432 0.00234205 0.0754522 0.704745 0.0812796 9.9991E-05
0.0125144 9.9982E-05 0.0464201 0.210576 9.9982E-05 0.350564 0.379725
0.026415 0.0844924 9.9982E-05 0.106255 0.112884 0.669753 9.9982E-05
9.9973E-05 9.9973E-05 0.865967 0.114435 9.9973E-05 0.0127167 0.00658146
0.0242902 0.210893 0.728812 9.9982E-05 0.0354983 9.9982E-05 0.000307021
9.9964E-05 9.9964E-05 0.811179 9.9964E-05 9.9964E-05 0.0671468 0.121274
9.9973E-05 9.9973E-05 0.532612 0.302388 0.0230111 9.9973E-05 0.141689
0.0445209 9.9964E-05 0.789778 9.9964E-05 9.9964E-05 9.9964E-05 0.165302
0.00308941 9.9973E-05 0.760149 9.9973E-05 0.120652 9.9973E-05 0.11581
9.9973E-05 0.119169 0.795529 0.0545973 9.9973E-05 0.0304049 9.9973E-05
9.9973E-05 9.9973E-05 0.711227 0.132779 0.0524899 0.103205 9.9973E-05
9.9982E-05 0.135936 0.761054 0.0141529 0.0391295 0.0495276 9.9982E-05
0.0171364 9.9982E-05 0.781822 0.067521 0.113736 0.0195848 9.9982E-05
0.0371872 0.00610517 0.773506 0.0417546 9.9991E-05 0.0577032 0.083644
0.0288594 0.131839 0.692803 0.014544 9.9991E-05 0.0249527 0.106902
0.000785447 0.140633 0.710936 9.9982E-05 0.00443816 0.143008 9.9982E-05
0.00971792 0.0569324 0.817907 9.9982E-05 0.034525 9.9982E-05 0.0807179
9.9964E-05 9.9964E-05 0.739997 0.181775 9.9964E-05 0.0778279 9.9964E-05
0.0268976 0.0709602 0.814148 9.9973E-05 9.9973E-05 0.087694 9.9973E-05
0.0122194 9.9982E-05 0.76251 0.0353371 0.0841173 0.105616 9.9982E-05
9.9973E-05 9.9973E-05 0.0523369 0.813443 0.014691 9.9973E-05 0.119229
9.9955E-05 9.9955E-05 9.9955E-05 0.803264 9.9955E-05 9.9955E-05 0.196236
9.9973E-05 9.9973E-05 0.760074 0.162282 9.9973E-05 0.0562747 0.0210693
0.0395841 0.0305655 0.620033 9.9982E-05 9.9982E-05 0.233944 0.0756736
9.9964E-05 9.9964E-05 0.775247 0.168462 0.0558905 9.9964E-05 9.9964E-05
0.0151114 0.129404 0.0780648 0.614895 9.9991E-05 0.15666 0.00576439
9.9982E-05 0.138966 9.9982E-05 0.0210401 0.0129165 0.813578 0.0132992
0.0303791 0.115903 9.9973E-05 9.9973E-05 0.156521 0.696896 9.9973E-05
9.9973E-05 9.9973E-05 9.9973E-05 0.194388 0.357717 0.151807 0.295788
9.9982E-05 0.0402005 9.9982E-05 0.105468 0.574938 0.00828752 0.270907
9.9964E-05 0.387743 9.9964E-05 0.00734627 0.604511 9.9964E-05 9.9964E-05
9.9973E-05 0.22144 0.0669375 9.9973E-05 0.69336 9.9973E-05 0.0179626
9.9955E-05 0.41068 9.9955E-05 9.9955E-05 0.58882 9.9955E-05 9.9955E-05
0.0323179 0.150558 9.9982E-05 0.111406 0.619613 9.9982E-05 0.0859052
0.0357036 0.113774 0.0497239 0.108584 0.558299 9.9991E-05 0.133815
0.0495856 9.9982E-05 0.0401428 9.9982E-05 0.687675 0.128164 0.0942333
9.9973E-05 9.9973E-05 9.9973E-05 0.081478 0.088517 0.704918 0.124787
0.0505622 9.9991E-05 0.0431464 0.0602614 0.00117045 0.745161 0.0995987
0.0354279 9.9964E-05 9.9964E-05 0.143536 9.9964E-05 0.820637 9.9964E-05
0.00229355 9.9973E-05 9.9973E-05 0.232331 9.9973E-05 0.754426 0.010649
0.0119652 0.130009 9.9973E-05 0.0929276 9.9973E-05 0.764798 9.9973E-05
9.9964E-05 0.313532 9.9964E-05 0.193479 9.9964E-05 0.492589 9.9964E-05
0.0100125 0.394556 9.9991E-05 0.00887253 0.109683 0.154149 0.322627
0.000940887 0.19436 0.0287674 9.9982E-05 0.0158438 9.9982E-05 0.759888
0.0127724 0.76828 9.9964E-05 9.9964E-05 9.9964E-05 9.9964E-05 0.218548
9.9964E-05 0.844176 9.9964E-05 9.9964E-05 0.0408916 9.9964E-05 0.114532
0.0305599 0.757444 9.9973E-05 9.9973E-05 9.9973E-05 0.0179443 0.193752
0.129373 0.243252 0.0576205 9.9982E-05 0.522499 9.9982E-05 0.0470563
9.9964E-05 0.262963 0.660765 0.075872 9.9964E-05 9.9964E-05 9.9964E-05
0.0551413 0.00169064 0.749507 0.0403763 0.0970928 0.0560916 9.9991E-05
9.9964E-05 0.179119 0.757898 0.0625827 9.9964E-05 9.9964E-05 9.9964E-05
0.0042706 0.000841827 0.6812 0.0329988 9.9991E-05 0.0705841 0.210004
0.013022 9.9982E-05 0.716313 9.9982E-05 0.0898922 0.145869 0.0347036
0.0205578 0.336138 0.0936924 0.0257777 0.199235 0.132474 0.192125
0.0113142 0.658346 9.9982E-05 9.9982E-05 0.134023 0.171191 0.0249266
0.0193655 0.980135 9.9955E-05 9.9955E-05 9.9955E-05 9.9955E-05 9.9955E-05
0.0358461 0.11106 9.9991E-05 0.171886 0.17659 0.235932 0.268585
