0.20253 0.79737 9.9991E-05
0.126948 0.872952 9.9991E-05
0.238815 0.761085 9.9991E-05
0.075742 0.881324 0.042934
0.0132335 0.951242 0.035524
9.999E-05 0.960797 0.0391028
0.0457748 0.908998 0.0452268
0.0359561 0.963944 9.9991E-05
0.263961 0.656438 0.0796009
0.264864 0.691495 0.0436412
0.191114 0.596354 0.212532
0.303302 0.627338 0.0693607
0.0897854 0.559892 0.350323
0.287547 0.600189 0.112264
0.184191 0.754722 0.0610865
0.0752701 0.910371 0.0143588
0.283895 0.701894 0.0142119
0.0560784 0.943822 9.9991E-05
0.634618 0.181237 0.184145
0.746332 0.222922 0.0307455
0.715007 0.284893 9.9991E-05
0.844592 0.120627 0.0347813
0.964312 9.9991E-05 0.0355883
0.915675 0.0455454 0.0387793
0.736592 0.263308 9.9991E-05
0.988297 0.0116032 9.9991E-05
0.931832 9.9991E-05 0.0680676
0.942012 9.9991E-05 0.0578884
0.989901 9.9991E-05 0.00999949
0.903598 9.9991E-05 0.0963019
0.962097 9.9991E-05 0.0378033
0.954758 9.9991E-05 0.0451416
0.916286 0.0618303 0.0218835
0.236866 0.714214 0.0489206
0.273439 0.726461 9.9991E-05
0.109737 0.83885 0.0514122
0.0644673 0.895838 0.0396947
0.189373 0.681778 0.12885
0.620557 9.9991E-05 0.379343
0.884516 0.0731076 0.0423767
0.18686 0.722943 0.090197
0.186839 0.813061 9.9991E-05
0.303882 0.49116 0.204958
0.159412 0.486455 0.354133
0.0643067 0.623897 0.311796
0.604917 9.9991E-05 0.394983
0.340984 0.576174 0.0828424
0.0744426 0.674923 0.250635
0.407818 0.454552 0.13763
0.037851 0.0819948 0.880154
0.0714706 9.9991E-05 0.928429
9.9991E-05 0.137984 0.861916
0.0429688 0.103529 0.853502
0.102534 9.9991E-05 0.897366
0.0518269 9.9991E-05 0.948073
9.9991E-05 0.196852 0.803048
0.0661526 9.9991E-05 0.933747
0.0692478 9.9991E-05 0.930652
9.9991E-05 0.0911041 0.908796
9.9991E-05 0.227963 0.771937
0.0795782 9.9991E-05 0.920322
0.08218 0.115507 0.802313
0.0747137 0.36917 0.556116
0.828422 0.14361 0.027968
0.807994 0.191906 9.99955E-05
0.879246 0.120654 9.9991E-05
0.111916 0.0779622 0.810122
0.0747129 0.217915 0.707372
0.0893688 0.048522 0.862109
0.0636388 0.0887703 0.847591
0.00258629 0.104782 0.892632
9.9991E-05 0.647023 0.352877
0.0227512 0.657448 0.319801
9.9991E-05 0.607268 0.392632
0.132003 0.543321 0.324676
0.204047 0.513361 0.282592
0.166784 0.478647 0.354569
0.143361 0.568445 0.288194
9.9991E-05 0.21262 0.78728
0.0836701 0.290267 0.626063
0.139103 0.00256634 0.858331
0.127831 9.9991E-05 0.872069
9.9991E-05 0.182638 0.817262
0.803196 0.137944 0.058861
0.129061 0.388681 0.482258
9.9991E-05 0.578696 0.421204
0.585477 9.9991E-05 0.414423
0.170725 0.829175 9.9991E-05
0.188602 0.811299 9.9991E-05
0.162969 0.768327 0.0687039
0.300376 0.542006 0.157618
0.0735783 0.866823 0.0595991
0.0383197 0.504013 0.457667
0.650259 0.294805 0.0549359
0.0465645 0.523836 0.429599
0.314614 0.552917 0.132469
0.191294 0.808606 9.9991E-05
0.0776192 0.867685 0.0546961
0.166407 0.815047 0.0185457
0.0257312 0.870059 0.10421
0.0464434 0.889095 0.0644613
0.180257 0.819643 9.9991E-05
0.0823894 0.43021 0.4874
0.177754 0.391542 0.430704
0.093372 0.462505 0.444123
0.296877 0.594505 0.108617
0.145865 0.622398 0.231737
0.491271 0.459685 0.0490444
0.00517467 0.153983 0.840842
0.0472724 0.0726749 0.880053
0.175626 0.435818 0.388556
0.116438 0.545713 0.337849
0.35562 0.317658 0.326722
0.873854 0.106553 0.0195926
0.142951 0.0534567 0.803592
0.0192774 0.17421 0.806512
9.9991E-05 0.338448 0.661452
0.544017 0.361245 0.0947383
0.310309 0.689591 9.9991E-05
9.9991E-05 0.940508 0.0593917
0.0511065 0.858467 0.0904262
0.411559 0.588341 9.9991E-05
0.177353 0.822547 9.9991E-05
0.0688475 0.914273 0.0168793
0.00571561 0.920862 0.0734228
0.413104 0.586796 9.9991E-05
0.203842 0.794769 0.0013896
0.162731 0.837169 9.9991E-05
0.0970718 0.902828 9.9991E-05
0.274509 0.602945 0.122546
0.0703018 0.886684 0.0430142
0.232012 0.691889 0.0760991
0.114299 0.849206 0.0364952
0.911749 0.0657463 0.0225051
0.9998 9.999E-05 9.999E-05
0.9998 9.999E-05 9.999E-05
0.841515 0.0966404 0.0618446
0.880799 0.0442277 0.074973
9.9991E-05 0.883708 0.116192
0.107653 0.892247 9.9991E-05
9.999E-05 9.999E-05 0.9998
0.139665 9.9991E-05 0.860235
0.0125365 0.0344165 0.953047
0.0964695 0.108263 0.795268
9.9991E-05 0.033625 0.966275
0.146073 9.9991E-05 0.853827
9.9991E-05 0.0233242 0.976576
0.105006 9.9991E-05 0.894894
0.0632338 9.9991E-05 0.936666
0.0688142 9.9991E-05 0.931086
9.9991E-05 0.0620356 0.937864
0.0586154 0.0482506 0.893134
0.104786 0.0495041 0.84571
0.0637405 9.9991E-05 0.93616
0.0276106 0.0427871 0.929602
9.9991E-05 0.0424433 0.957457
0.0725843 9.9991E-05 0.927316
0.0012561 0.611661 0.387083
0.0507903 0.690191 0.259019
9.9991E-05 0.0407225 0.959177
0.0124965 0.256866 0.730638
0.0270954 9.9991E-05 0.972805
9.9991E-05 0.624097 0.375803
0.00863232 0.991268 9.9991E-05
0.284092 0.715808 9.9991E-05
0.465797 0.502485 0.0317187
0.676474 0.309212 0.014314
0.852093 0.109862 0.0380458
0.962971 0.0347023 0.00232706
0.818746 0.181154 9.9991E-05
0.878378 0.087898 0.0337237
0.881108 9.9991E-05 0.118792
0.953857 9.9991E-05 0.0460432
0.113972 0.881902 0.00412596
0.129632 0.797269 0.0730989
9.9991E-05 0.956972 0.0429284
9.9991E-05 0.953167 0.0467332
9.9991E-05 0.996687 0.00321294
0.00202687 0.90406 0.0939127
0.228169 0.770903 0.000927862
0.250374 0.654439 0.0951878
0.135615 0.814346 0.0500389
0.206309 0.726591 0.0670997
0.177678 0.755726 0.0665963
0.85548 9.9991E-05 0.14442
0.0294653 0.100395 0.870139
0.071436 0.0382801 0.890284
0.059026 9.9991E-05 0.940874
0.0945238 0.0774629 0.828013
0.111845 0.0397356 0.84842
0.27242 0.587164 0.140416
0.380496 0.614915 0.00458874
0.186399 0.813501 9.99914E-05
0.329643 0.619595 0.0507613
