0.620818 0.138787 0.143043 9.9991E-05 0.0519672 0.0403959 0.0048884
0.578185 0.255148 0.105148 9.9982E-05 9.9982E-05 0.0352934 0.0260253
0.615278 0.00507556 0.200106 0.0476062 9.9991E-05 0.110235 0.0215999
0.690577 0.0383984 0.0869191 0.0215305 9.9991E-05 0.159468 0.00300748
0.691743 0.207374 9.9982E-05 0.088579 0.00379541 9.9982E-05 0.0083085
0.627345 0.196483 9.9964E-05 9.9964E-05 0.175772 9.9964E-05 9.9964E-05
0.471053 0.390336 9.9964E-05 9.9964E-05 0.138211 9.9964E-05 9.9964E-05
0.538764 0.241427 9.9973E-05 9.9973E-05 9.9973E-05 0.17075 0.0487592
0.164521 0.60877 0.107997 0.0280732 0.0904389 9.9982E-05 9.9982E-05
0.21724 0.368154 0.196045 0.0203636 9.9991E-05 0.191566 0.00653113
0.0436343 0.344705 0.0674933 0.0901866 9.9991E-05 0.405939 0.0479421
0.113017 0.473649 0.172365 0.00324077 0.00116509 0.230948 0.00561449
9.9982E-05 0.14012 9.9982E-05 0.0258273 0.0424322 0.7508 0.0406212
0.0446267 0.619252 0.089808 0.118508 9.9982E-05 0.127605 9.9982E-05
0.256341 0.490216 0.0949217 9.9982E-05 0.121075 9.9982E-05 0.0372465
0.181508 0.638892 0.0314769 9.9982E-05 0.0273831 0.120539 9.9982E-05
0.258488 0.579388 0.112793 0.00599755 0.043133 9.9982E-05 9.9982E-05
0.46211 0.492196 0.0147133 0.00259135 9.9982E-05 9.9982E-05 0.0281892
9.999E-05 0.299887 0.416063 0.0626864 0.16512 0.017872 0.0382724
9.9973E-05 0.399677 0.526872 9.9973E-05 0.0514304 0.0217212 9.9973E-05
0.203514 0.0588519 0.688555 0.00836086 9.9991E-05 0.0252918 0.0153267
0.0871848 9.9973E-05 0.743071 9.9973E-05 0.0444096 0.125035 9.9973E-05
9.9982E-05 0.0191984 0.836871 9.9982E-05 0.0272437 0.0512091 0.0652775
9.9982E-05 0.162914 0.778079 0.0277808 0.0127056 9.9982E-05 0.0183205
0.289229 9.9964E-05 0.651018 9.9964E-05 9.9964E-05 0.0593538 9.9964E-05
0.104323 9.9973E-05 0.834822 9.9973E-05 0.049808 9.9973E-05 0.0107471
9.9982E-05 9.9982E-05 0.818248 0.0324438 0.0240601 0.0882729 0.036775
9.9982E-05 0.117606 0.780354 0.0140715 0.064179 9.9982E-05 0.0235895
0.0547148 0.0453582 0.866476 0.0279779 0.0052732 9.9982E-05 9.9982E-05
0.0786139 9.9973E-05 0.793304 0.0249791 0.102804 9.9973E-05 9.9973E-05
9.9973E-05 0.091126 0.81338 9.9973E-05 0.0946674 9.9973E-05 0.000527034
9.9973E-05 0.145684 0.7756 0.0671966 9.9973E-05 9.9973E-05 0.0112198
0.0578045 0.0503359 0.765264 9.9991E-05 0.0437164 0.0284304 0.0543489
0.29709 0.295804 0.16306 9.9991E-05 0.0245286 0.151594 0.0678229
0.444751 0.251185 0.246377 0.0403168 0.0171707 9.9982E-05 9.9982E-05
0.679444 0.0617781 0.156354 0.0828089 0.0194146 9.9982E-05 9.9982E-05
0.74725 9.9982E-05 0.0622623 9.9982E-05 0.0410958 0.114784 0.0344073
0.271909 0.340604 0.0953005 0.0514357 0.0268971 0.213754 9.9991E-05
9.995E-05 9.995E-05 9.995E-05 9.995E-05 9.995E-05 9.995E-05 0.9994
9.9982E-05 0.0448841 0.759802 0.0169898 9.9982E-05 0.157154 0.0209707
0.555805 0.0568713 0.20003 9.9973E-05 0.186994 9.9973E-05 9.9973E-05
0.330899 0.422033 0.119633 9.9973E-05 9.9973E-05 0.127135 9.9973E-05
0.144649 0.256211 0.256671 9.9991E-05 0.179041 0.14402 0.0193073
0.033387 0.134101 0.0591725 0.0181723 0.118579 0.570453 0.0661354
0.0285757 9.9982E-05 0.0741023 9.9982E-05 0.00900512 0.872092 0.0160252
9.995E-05 9.995E-05 9.995E-05 9.995E-05 9.995E-05 9.995E-05 0.9994
0.273925 0.268609 0.168707 0.0238597 9.9991E-05 0.180858 0.0839416
0.294659 0.147955 0.0607971 9.9982E-05 0.208282 0.288107 9.9982E-05
0.132061 0.317952 0.273694 0.127571 9.9991E-05 0.137508 0.011114
0.00313869 0.0716666 9.9991E-05 0.140287 0.696777 0.0742213 0.013809
9.9982E-05 0.0570975 9.9982E-05 0.443841 0.35701 0.127788 0.0140636
0.0507601 0.11069 9.9973E-05 0.521806 0.316444 9.9973E-05 9.9973E-05
9.9982E-05 9.9982E-05 0.0181435 0.433142 0.235297 0.265916 0.0473016
9.9973E-05 0.101098 9.9973E-05 0.694557 0.167121 9.9973E-05 0.0369249
9.9964E-05 0.100962 9.9964E-05 0.489026 0.409612 9.9964E-05 9.9964E-05
9.9964E-05 0.304083 9.9964E-05 0.544982 0.150535 9.9964E-05 9.9964E-05
9.9973E-05 0.121368 9.9973E-05 0.235005 0.636441 9.9973E-05 0.00688706
9.995E-05 9.995E-05 9.995E-05 9.995E-05 0.9994 9.995E-05 9.995E-05
9.9982E-05 0.0895543 9.9982E-05 0.729638 0.0772948 0.0612678 0.0420455
9.9982E-05 0.131721 9.9982E-05 0.34699 0.303751 0.17354 0.043799
9.995E-05 9.995E-05 9.995E-05 9.995E-05 0.9994 9.995E-05 9.995E-05
0.0269348 9.9982E-05 0.0764571 0.526281 0.216361 0.153766 9.9982E-05
9.9982E-05 0.100503 9.9982E-05 0.15009 0.191161 0.466659 0.0913876
0.13945 0.0285431 0.721833 0.0733522 9.9991E-05 0.0226566 0.0140644
0.163402 0.0104507 0.697486 9.9991E-05 0.020487 0.0841164 0.0239575
0.117023 0.0542399 0.754408 9.9982E-05 0.0404195 9.9982E-05 0.0337102
9.9991E-05 0.104116 0.0108505 0.502241 0.219736 0.156264 0.00669158
0.0680254 9.9982E-05 9.9982E-05 0.43366 0.0924012 0.344757 0.0609564
0.0491085 0.0722497 0.0305426 0.705971 0.116611 0.0184955 0.00702125
9.9982E-05 9.9982E-05 0.00175893 0.462774 0.255229 0.227696 0.0523422
0.0630323 0.0212316 9.9982E-05 0.865007 0.013608 9.9982E-05 0.0369207
0.0297876 0.145236 9.9982E-05 9.9982E-05 0.111409 0.709584 0.00378306
9.9964E-05 0.346068 9.9964E-05 9.9964E-05 0.0969 0.556633 9.9964E-05
9.9982E-05 0.06317 0.00381628 0.0278486 0.0626779 0.842287 9.9982E-05
9.9955E-05 9.9955E-05 9.9955E-05 9.9955E-05 9.9955E-05 0.977787 0.0217131
9.9973E-05 9.9973E-05 0.161465 0.00342432 9.9973E-05 0.788296 0.0465145
9.9973E-05 0.0829089 9.9973E-05 9.9973E-05 0.0357383 0.857769 0.0232837
0.0959366 9.9982E-05 0.128367 9.9982E-05 0.0336033 0.726015 0.0158788
9.9973E-05 0.0528671 9.9973E-05 0.434508 0.215005 0.297321 9.9973E-05
0.165113 9.9991E-05 0.0220212 0.264369 0.234882 0.192964 0.120551
0.0298257 9.9991E-05 0.0624988 0.50656 0.272099 0.109894 0.0190224
9.9991E-05 0.0815559 0.0242907 0.497333 0.238719 0.10354 0.0544623
9.9964E-05 0.267776 9.9964E-05 0.710682 9.9964E-05 9.9964E-05 0.0211418
9.9982E-05 0.162616 0.64678 0.0479901 9.9982E-05 0.134675 0.00773994
0.139318 9.9982E-05 0.125867 0.114412 0.223891 0.396312 9.9982E-05
0.0463483 9.9982E-05 0.0309011 0.0898317 0.0311511 0.801568 9.9982E-05
9.995E-05 9.995E-05 9.995E-05 9.995E-05 9.995E-05 9.995E-05 0.9994
0.445844 0.283446 0.207815 9.9991E-05 0.0375723 0.0185593 0.00666336
0.614721 0.17442 0.0786167 9.9982E-05 0.0896029 9.9982E-05 0.04244
0.164553 0.553965 0.0965594 9.9991E-05 0.126822 0.0453535 0.0126467
9.9991E-05 0.578367 0.145594 0.064937 0.0571889 0.125437 0.0283752
0.543747 0.355342 0.0364848 0.064126 9.9973E-05 9.9973E-05 9.9973E-05
0.0406406 0.0447083 0.0297822 9.9982E-05 0.240955 0.643714 9.9982E-05
0.14778 0.183351 0.505333 9.9991E-05 0.0593348 0.0679862 0.0361147
9.9973E-05 0.0669931 9.9973E-05 0.199957 9.9973E-05 0.670632 0.0621179
0.235919 0.0957081 0.277268 0.106458 9.9991E-05 0.253874 0.0306725
0.144436 0.764227 0.0848694 9.9973E-05 0.00616803 9.9973E-05 9.9973E-05
0.608608 0.180323 0.0453347 9.9982E-05 0.00990804 0.155627 9.9982E-05
0.396227 0.200076 0.135257 9.9973E-05 9.9973E-05 0.26814 9.9973E-05
9.9973E-05 0.856858 9.9973E-05 0.0205057 0.0387045 0.0836317 9.9973E-05
0.730365 9.9973E-05 0.0425924 9.9973E-05 9.9973E-05 0.219165 0.0075778
0.0143887 0.764584 9.9964E-05 9.9964E-05 9.9964E-05 0.220627 9.9964E-05
0.156109 0.00536201 0.00305071 0.159938 0.124865 0.530767 0.0199092
0.103859 0.0350737 0.0550601 0.0676729 0.129878 0.521493 0.0869632
0.0473971 0.0154852 0.0129755 0.175871 0.037702 0.634618 0.0759513
0.013549 0.275653 0.185236 9.9982E-05 9.9982E-05 0.509438 0.0159238
0.0165101 0.289852 0.105758 0.00659564 0.131589 0.449596 9.9991E-05
0.324388 0.205121 0.382922 0.0872686 9.9973E-05 9.9973E-05 9.9973E-05
0.159405 9.9982E-05 0.0204265 0.581762 0.227042 9.9982E-05 0.011165
0.014401 0.00776056 0.0479889 0.585267 0.178783 0.151957 0.0138437
0.094166 9.9982E-05 0.167514 0.0361601 0.162388 0.539572 9.9982E-05
0.07037 0.285946 0.0561516 9.9991E-05 0.213251 0.322116 0.0520655
0.140768 9.9982E-05 0.231946 9.9982E-05 0.248895 0.328209 0.0499823
9.9955E-05 9.9955E-05 0.744226 9.9955E-05 9.9955E-05 0.255274 9.9955E-05
9.9982E-05 9.9982E-05 0.091711 0.668411 0.00137701 0.218774 0.0195275
9.9973E-05 0.0668227 9.9973E-05 0.335765 0.37317 0.223943 9.9973E-05
0.10672 9.9973E-05 9.9973E-05 0.208158 0.233859 0.450963 9.9973E-05
0.283855 0.104113 0.435982 0.050821 0.052655 0.0253053 0.0472682
0.361779 0.31228 0.257563 0.0578847 9.9982E-05 9.9982E-05 0.010293
0.662058 0.138287 0.00402288 0.0174838 9.9991E-05 0.166605 0.0114442
0.646877 0.143075 0.0646352 0.0606603 0.0727622 0.0118906 9.9991E-05
0.299056 0.337691 0.351952 0.0110021 9.9973E-05 9.9973E-05 9.9973E-05
0.605339 0.206719 0.110019 0.0651494 9.9982E-05 9.9982E-05 0.0125735
0.782489 9.9973E-05 0.0868294 0.0479775 9.9973E-05 0.0824041 9.9973E-05
0.69591 0.220396 9.9973E-05 9.9973E-05 0.068661 9.9973E-05 0.014733
0.367032 0.183088 0.345986 0.0559866 9.9982E-05 0.0477073 9.9982E-05
0.0177504 0.932508 9.9964E-05 0.0493414 9.9964E-05 9.9964E-05 9.9964E-05
9.9973E-05 0.908389 0.0128351 9.9973E-05 0.0599092 9.9973E-05 0.0185668
0.129569 0.79592 9.9973E-05 9.9973E-05 0.0552404 0.0189702 9.9973E-05
0.366574 0.202869 0.213328 0.0220696 0.0798859 0.115174 9.9991E-05
9.9964E-05 0.929329 9.9964E-05 0.0450947 9.9964E-05 9.9964E-05 0.0251761
9.9982E-05 0.70564 0.0902269 9.9982E-05 0.0424987 0.147081 0.0143528
0.531282 0.311298 0.0429902 9.9982E-05 0.0393594 0.0748712 9.9982E-05
0.129106 9.9973E-05 0.811853 9.9973E-05 9.9973E-05 0.0570387 0.00170289
0.162881 9.9964E-05 0.813453 9.9964E-05 9.9964E-05 0.0232657 9.9964E-05
9.9964E-05 0.194498 0.791345 9.9964E-05 9.9964E-05 9.9964E-05 0.0137564
9.9982E-05 0.157319 0.712855 9.9982E-05 0.106646 0.0153849 0.00759501
0.119903 9.9982E-05 0.748165 0.00625767 0.107144 9.9982E-05 0.0183304
0.428573 0.246897 9.9982E-05 0.0390467 9.9982E-05 0.269193 0.0160904
0.717204 9.9982E-05 0.176534 0.0155817 9.9982E-05 0.0660544 0.0244266
9.9964E-05 9.9964E-05 9.9964E-05 0.297193 0.691475 0.0109328 9.9964E-05
9.9982E-05 0.0900869 0.0187192 0.83334 9.9982E-05 0.0433613 0.0142923
0.0845057 9.9973E-05 0.0240241 0.877134 0.0140365 9.9973E-05 9.9973E-05
9.9964E-05 9.9964E-05 0.0286294 0.647924 9.9964E-05 0.323047 9.9964E-05
0.0078126 0.0472652 9.9982E-05 0.740586 0.158354 9.9982E-05 0.0457827
9.9982E-05 0.071083 0.0889226 0.706286 0.128572 9.9982E-05 0.00493624
9.9964E-05 9.9964E-05 0.00226428 0.90204 9.9964E-05 0.0952959 9.9964E-05
9.9973E-05 9.9973E-05 0.0495837 0.442905 0.411681 0.0955305 9.9973E-05
0.0380086 9.9982E-05 0.0468472 0.562605 0.334632 0.0177067 9.9982E-05
0.0596825 9.9973E-05 0.0371241 0.484977 0.417917 9.9973E-05 9.9973E-05
9.9973E-05 0.0509918 9.9973E-05 0.827285 9.9973E-05 0.0934397 0.0279839
9.9991E-05 0.105121 0.0188103 0.684548 0.0791056 0.0795625 0.032753
0.0369959 0.049585 0.0571915 0.670472 0.153296 0.0323602 9.9991E-05
0.000777812 0.0041505 0.0594892 0.709334 0.218073 9.9991E-05 0.00807605
0.050799 9.9982E-05 9.9982E-05 0.58877 0.220353 0.1255 0.014378
0.0432903 9.9964E-05 9.9964E-05 0.928847 9.9964E-05 9.9964E-05 0.027463
0.0626505 9.9991E-05 0.0548845 0.758241 0.101958 0.0138927 0.00827313
0.102303 0.0123201 0.0114399 0.1491 9.9982E-05 0.724638 9.9982E-05
9.9955E-05 0.233254 9.9955E-05 9.9955E-05 9.9955E-05 0.766246 9.9955E-05
0.0738119 9.9973E-05 9.9973E-05 0.734348 0.0788958 0.112645 9.9973E-05
0.286312 9.9973E-05 9.9973E-05 0.387139 0.310992 9.9973E-05 0.0152575
9.995E-05 9.995E-05 9.995E-05 9.995E-05 0.9994 9.995E-05 9.995E-05
0.0698279 0.125209 9.9973E-05 9.9973E-05 0.219393 0.58527 9.9973E-05
0.830484 0.101661 9.9973E-05 0.0476115 9.9973E-05 9.9973E-05 0.0199432
0.450312 0.376386 0.146899 9.9973E-05 9.9973E-05 9.9973E-05 0.0261026
0.332871 9.9973E-05 0.430024 9.9973E-05 0.0940033 0.142802 9.9973E-05
0.145616 0.170306 0.560755 9.9973E-05 9.9973E-05 0.123024 9.9973E-05
0.0116503 0.0967126 0.696739 9.9991E-05 0.03223 0.149337 0.0132317
9.9973E-05 0.113152 0.759564 9.9973E-05 0.0424705 0.0845139 9.9973E-05
0.119551 0.184153 0.653449 9.9991E-05 0.00555361 0.0149128 0.0222798
9.9982E-05 0.24526 0.653582 9.9982E-05 0.030942 0.0374454 0.0325714
0.0118225 0.0755168 0.722304 0.0335916 0.0619999 0.0612425 0.033523
0.0390177 0.0231926 0.774991 0.126108 9.9982E-05 9.9982E-05 0.0364901
0.671254 0.24146 9.9991E-05 0.030376 0.0328649 0.0177203 0.0062249
0.818209 9.9982E-05 0.047844 9.9982E-05 0.070722 0.0137888 0.0492363
0.840219 9.9964E-05 9.9964E-05 9.9964E-05 0.130757 9.9964E-05 0.0286237
0.909349 9.99641E-05 9.99641E-05 0.0663295 9.99641E-05 0.023922 9.99641E-05
0.922265 0.00818449 9.9973E-05 9.9973E-05 0.0618635 9.9973E-05 0.00738709
0.704189 0.0404592 9.9982E-05 0.0314917 0.0386077 0.185052 9.9982E-05
0.101746 0.645647 0.0782736 9.9982E-05 0.0494733 0.12466 9.9982E-05
9.9991E-05 0.788775 0.051578 0.0166199 0.0475172 0.0826774 0.0127325
9.9973E-05 0.857219 9.9973E-05 0.0321313 9.9973E-05 0.0843902 0.0259596
0.108735 0.752589 0.066488 0.0718882 9.9973E-05 9.9973E-05 9.9973E-05
0.14903 0.743558 0.0134249 0.0613011 0.00543692 0.0130276 0.0142214
0.00467771 0.243248 0.518527 0.0790968 9.9982E-05 9.9982E-05 0.15425
0.0295073 0.0523174 9.9991E-05 0.119107 0.73102 0.0545983 0.0133505
9.9982E-05 9.9982E-05 0.0812998 0.514505 0.284696 0.072709 0.0465901
9.9973E-05 0.0127337 0.0563826 0.874177 9.9973E-05 0.0564071 9.9973E-05
0.141692 0.0142655 0.00392985 0.689459 0.0435905 0.0996308 0.00743275
0.0520747 9.9991E-05 0.118169 0.781819 0.000700823 0.023978 0.0231586
0.0353782 0.608979 0.188251 0.087525 0.0481409 0.0203943 0.0113312
0.262477 0.439473 0.225759 0.0474412 9.9991E-05 0.0109059 0.0138446
0.0157027 0.916789 9.9973E-05 9.9973E-05 0.0336747 9.9973E-05 0.0335334
0.193784 0.406208 0.216926 0.00281621 9.9991E-05 0.126517 0.053649
