9.9991E-05 0.157226 0.842674
0.00437891 0.0966384 0.898983
0.00966346 0.24866 0.741676
0.0237395 0.0805653 0.895695
0.0128485 0.0268801 0.960271
0.0517219 9.9991E-05 0.948178
0.00869471 0.0767188 0.914587
9.999E-05 0.0152861 0.984614
0.0897248 0.192101 0.718174
0.0380161 0.242441 0.719542
0.234074 0.128774 0.637152
0.0727409 0.253379 0.67388
0.325075 0.0718485 0.603077
0.105865 0.247434 0.6467
0.0450001 0.246136 0.708864
9.9991E-05 0.169437 0.830463
9.9991E-05 0.274902 0.724998
9.9991E-05 0.147986 0.851914
0.202938 0.579924 0.217138
0.0124956 0.694582 0.292923
9.9991E-05 0.738999 0.260901
0.0822911 0.841896 0.0758129
0.034388 0.965512 9.9991E-05
0.0399452 0.846407 0.113647
0.00343817 0.656835 0.339727
9.9991E-05 0.957561 0.0423391
0.0813772 0.918523 9.9991E-05
0.0804489 0.8654 0.0541511
0.0138395 0.98606 9.9991E-05
0.0766906 0.8149 0.108409
0.0543817 0.918733 0.0268852
0.0399626 0.90877 0.0512678
0.0085026 0.901281 0.0902168
0.0361081 0.235543 0.728349
9.9991E-05 0.319942 0.679958
0.0450241 0.162847 0.792129
9.9991E-05 0.0722606 0.927639
0.139584 0.19783 0.662586
0.389678 0.610222 9.9991E-05
0.0822341 0.81321 0.104556
0.101861 0.220879 0.67726
9.9991E-05 0.179176 0.820724
0.18207 0.29615 0.52178
0.289882 0.146461 0.563657
0.294509 0.0804288 0.625063
0.427949 0.564017 0.00803493
0.102117 0.267592 0.630291
0.227749 0.0986736 0.673577
0.146384 0.354425 0.499192
0.873886 9.9991E-05 0.126014
0.924584 0.0169237 0.0584928
0.842462 9.9991E-05 0.157438
0.825586 0.00484302 0.169571
0.873787 0.126113 9.9991E-05
0.919872 0.0800275 9.9991E-05
0.771043 9.9991E-05 0.228857
0.906629 0.0409562 0.0524146
0.913126 0.0867739 9.9991E-05
0.865406 9.9991E-05 0.134495
0.706914 9.9991E-05 0.292986
0.891074 0.108826 9.9991E-05
0.797976 0.0569701 0.145054
0.564037 0.119863 0.316099
0.0412229 0.84025 0.118527
0.0211134 0.790044 0.188843
9.9991E-05 0.859845 0.140055
0.809806 0.0426617 0.147532
0.742402 0.0579154 0.199682
0.810315 0.128213 0.0614717
0.831533 0.10319 0.0652775
0.901672 0.0360118 0.0623157
0.356103 9.9991E-05 0.643797
0.300893 0.0561467 0.64296
0.338134 0.0372967 0.624569
0.316706 0.0432366 0.640057
0.271592 0.188673 0.539736
0.345853 0.0946618 0.559486
0.282185 0.160325 0.55749
0.736047 9.9991E-05 0.263853
0.637054 0.137821 0.225125
0.836261 0.127761 0.0359774
0.878789 0.121111 9.9991E-05
0.788863 9.9991E-05 0.211037
0.0821311 0.661387 0.256482
0.476111 0.155497 0.368392
0.392076 9.9991E-05 0.607824
0.440011 0.559889 9.9991E-05
9.9991E-05 0.227718 0.772182
9.9991E-05 0.219173 0.780727
0.0580544 0.185002 0.756944
0.183937 0.270002 0.546061
0.00891141 0.112034 0.879055
0.443454 0.06539 0.491156
0.0748832 0.652602 0.272515
0.448557 0.00442554 0.547017
0.175322 0.327364 0.497314
9.9991E-05 0.226154 0.773746
0.00552154 0.107347 0.887131
0.0140288 0.146563 0.839408
0.0774016 0.00919619 0.913402
0.0447017 0.0651619 0.890136
9.9991E-05 0.0774247 0.922475
0.463781 0.0553944 0.480825
0.385818 0.0610229 0.553159
0.43635 0.0846332 0.479017
0.0884972 0.301185 0.610318
0.214462 0.167816 0.617722
0.0749034 0.460355 0.464741
0.837938 0.0203338 0.141728
0.856581 0.0665197 0.0768997
0.382136 0.169059 0.448804
0.368237 0.181225 0.450539
0.316668 0.325866 0.357465
0.0395407 0.763045 0.197414
0.816511 0.126519 0.0569701
0.812195 0.0119277 0.175877
0.670444 9.9991E-05 0.329456
0.099438 0.530828 0.369734
0.0042936 0.243308 0.752398
0.0514171 9.9991E-05 0.948483
0.0915341 0.0938733 0.814593
9.9991E-05 0.4337 0.5662
9.9991E-05 0.192221 0.807679
0.00131287 0.165824 0.832863
0.0252899 0.0165734 0.958137
0.00238266 0.330508 0.667109
9.9991E-05 0.132703 0.867197
9.9991E-05 0.28206 0.71784
9.9991E-05 0.129329 0.870571
0.122404 0.262034 0.615562
0.0752989 0.0384762 0.886225
0.0579169 0.280896 0.661187
0.0118442 0.0584478 0.929708
9.9991E-05 0.84952 0.15038
9.9991E-05 0.899163 0.100737
9.999E-05 0.9998 9.999E-05
0.0688731 0.785292 0.145835
0.0540993 0.826196 0.119705
0.0988227 0.0189515 0.882226
0.000418343 0.159921 0.83966
0.9998 9.999E-05 9.999E-05
0.866892 0.0420397 0.0910683
0.926481 0.0379324 0.0355861
0.775501 0.051729 0.17277
0.949224 9.9991E-05 0.050676
0.856772 0.143128 9.9991E-05
0.925916 9.9991E-05 0.0739842
0.913454 0.0864459 9.9991E-05
0.894424 0.076681 0.0288946
0.897236 0.102664 9.9991E-05
0.925664 9.9991E-05 0.0742358
0.870766 0.0812276 0.0480068
0.848129 0.0523212 0.0995502
0.939183 0.0607167 9.9991E-05
0.919828 0.0370054 0.0431662
0.961837 9.9991E-05 0.0380631
0.895962 0.103938 9.9991E-05
0.371892 0.0289431 0.599165
0.2412 0.058084 0.700716
0.937269 9.9991E-05 0.0626306
0.755196 9.9991E-05 0.244704
0.960163 0.039737 9.9991E-05
0.380471 9.9991E-05 0.619429
9.999E-05 9.999E-05 0.9998
9.9991E-05 0.265074 0.734826
0.0274671 0.471543 0.50099
9.9991E-05 0.662002 0.337898
0.0553741 0.770858 0.173768
0.0343783 0.854099 0.111523
9.9991E-05 0.784697 0.215203
0.0320142 0.750348 0.217638
0.119415 0.790333 0.0902512
0.0812102 0.851234 0.0675557
9.9991E-05 0.192873 0.807027
0.0685282 0.104615 0.826857
0.00781314 9.9991E-05 0.992087
0.00364517 9.9991E-05 0.996255
0.0215594 9.9991E-05 0.978341
0.0754734 0.0053005 0.919226
9.9991E-05 0.264581 0.735319
0.0953239 0.226016 0.67866
0.0467305 0.132691 0.820579
0.0657708 0.213851 0.720379
0.0222048 0.191306 0.786489
0.127006 0.730171 0.142823
0.871391 0.0103898 0.118219
0.889226 0.110674 9.9991E-05
0.93908 0.0442784 0.0166417
0.783945 0.0653823 0.150673
0.847045 0.146342 0.0066126
0.150879 0.291513 0.557607
9.9991E-05 0.331866 0.668034
0.00814525 0.154831 0.837024
0.00501981 0.313906 0.681074
