IBR/IBR_outputs/all.combrep_1/EucDistWater_Total.FireFreq_2000_2008_Total.Spinifex_Total/EucDistWater_Total.FireFreq_2000_2008_Total.Spinifex_Total.asc
NCOLS 160 
NROWS 95 
XLLCORNER 210004.651214014 
YLLCORNER 7350008.22228844 
CELLSIZE 4999.99999999997 
NODATA_value -9999 
[rows 42 to 62 of 95, columns 92 to 137 of 160]
11.2264367184959 20.2975446212852 11.8600665060166 8.36074842867011 14.8532332886404 17.0772000816573 19.7322091080087 12.4439429515033 13.5949961500634 10.8378780037705 4.46785772520724 9.00369547075856 9.85507803718122 6.40302025584638 3.6152488786207 7.1951862693272 3.67779346109612 5.4055046318914 8.85748534380283 5.69921241248979 8.53382473118815 8.10488732353665 3.8557351440867 9.63330093664931 15.825506975874 8.98252535491016 3.53507595968923 3.59150542375215 4.56270570350745 10.4737090582938 9.58399931071885 10.6831783606103 13.1288750402901 10.7582328925515 6.37186881575282 5.83575764819487 4.5012285399312 3.19748351741869 8.25944790775846 16.6763588621278 18.4388859342978 9.83696630705867 4.5028195842037 9.04620171833426 5.70915278004414 4.42758937845201
8.27785272548061 18.5778699161565 12.0629498552915 8.65556601249563 6.82197265605686 8.01032284650859 13.1388067317853 6.57129000321739 10.5376438802793 18.679986276061 15.4049505029964 16.6306025778717 10.8298360458685 4.43330871057134 5.25089482633031 13.8327189854982 8.07363401668052 5.4864856910119 9.16074049581331 14.5494321367747 16.4401318297912 15.5255573969804 5.69688329359597 5.95194559896068 12.3250915464192 11.4511972103492 9.78438607174419 3.68274771594946 6.49655959770151 3.8616348026747 5.72262086168284 11.0705180414973 7.4910225406504 6.45089399093985 13.1379055501906 9.74085627622467 6.31741349962048 3.47751517326189 12.3270890329137 21.1826837100965 19.6866491727707 8.07340657449703 3.4075790397049 5.35383752804302 3.95493740292293 4.61718994957041
6.06521516302771 15.9562984970075 10.3220197129581 5.54574294087513 10.8245726099866 11.7580171177822 6.05573733447327 10.4989684905865 18.2632383345766 26.886446466825 28.2472433767283 27.1218259157006 19.2215926542239 10.518946221964 4.06063595736473 12.1228103171147 10.6412563397525 5.26468268722582 12.4401466247825 23.6488140795607 20.6098434780123 9.30311388755086 6.62501923392345 7.78630360558428 8.8310213060674 4.33236885940515 5.56903168923935 4.34871833033155 5.59621826272729 7.90538659316875 10.3237759342182 8.06749809255778 3.95355469419352 5.72331879856663 9.02086597209501 4.55534518693806 3.75922686086661 2.69070580209291 7.97054183399782 11.1699645491611 17.0506329146501 7.5387695106095 5.23222588101375 12.8115122728717 11.2960092216088 6.89606015282599
6.83435484007074 16.0251162231626 13.168277887744 11.073330904115 16.6615268991604 14.8811756753546 11.9958229596573 15.6901793828882 17.8926180358275 21.7421340258766 24.6994392592332 29.927672790308 22.0814234098822 9.62534918725559 5.60678603206266 6.2247955158453 8.00710927235017 6.41112263542796 15.8166245082254 24.9010715052594 19.7968160236434 12.0667515009363 9.41645626341229 7.60427058772386 3.74159090123123 6.14568275170581 4.74024219085868 4.24421665908568 6.36021578893947 8.87746522190992 6.21412462649424 8.31107143745322 4.36055093569721 4.49735714466891 4.50807679922498 4.22838822196955 8.92957373305268 8.03053352764101 6.55965850977409 9.07105471451943 16.6338095739232 8.51268474372565 8.79870184093839 10.0497662957244 8.4249725705309 3.52910727795656
6.80762712088775 10.8172561862084 6.6932505494194 16.0585833154659 16.8021649577171 7.1197931930462 9.07638436769253 13.2183811475443 6.60062724357524 10.0889114378985 12.9757318651354 19.6539705172634 20.3802662128673 16.1951546036707 13.5904287194483 6.29583465979393 6.0708989770806 11.0062009278154 15.4157113201508 16.6307793094105 10.1014140627953 10.9457597150699 4.94047258765052 5.83255339829988 4.65837808967988 4.89026448534217 5.46954908355603 5.03468635146652 5.61257666429615 10.3242090885954 8.30046721518926 5.12016816135523 9.09436496628647 10.8718110908485 4.17642437523709 9.7834624887285 17.8602858816619 19.0708924020499 16.9313475434252 14.6556857119403 17.690234366224 18.6788754556278 16.9915086692988 8.74641304957843 6.4293405076034 4.38578258069934
5.56876455241913 10.6768054046859 9.29273039574252 16.5366134781751 11.2213194781507 5.19338299946075 7.6807907583443 8.0220023040367 5.63847325160881 4.14925690458587 9.31196248093861 8.97579944870163 11.3882371599596 21.5343281364062 18.2348122442407 7.17521868133099 4.95726562709401 12.6033802387442 8.01097120681851 9.05314510790383 7.85609143191615 7.87462191629595 7.49623523341139 4.40088817110408 3.8519614358854 5.19956057480971 3.58866997056197 9.63706993549884 8.16690941147808 4.10934514860425 3.8729010253366 5.71732993330943 10.5754718314166 11.8764633414189 9.04244677298319 15.7902930896599 26.3507877647599 28.5906367572448 17.4399880105664 6.60562261015639 10.3925254883081 21.9562015177356 18.2206888142365 11.1829595308284 12.8004191088188 13.8503847159104
9.56931159289817 7.19812112766759 13.2504665006739 17.4527585136181 12.3031610045554 9.1844886551692 11.6735957327405 12.1559446504076 8.86313951345102 6.80318823639101 10.6915371233346 6.65223357515166 9.43342923846313 18.0270718956113 12.8734892084133 4.30412165257331 6.36533481554407 7.73486809588377 11.8004186629835 13.3104839837295 11.8615843158329 6.3119472601892 8.57472988268732 4.11631370233304 5.67154881491234 2.67777405917214 3.67917169926617 9.53727051983767 5.66157119251077 6.08664707714204 7.96335356758014 5.29216943453554 11.3175597897034 6.20096533410151 9.26471267319475 19.2712689890372 20.970026214504 23.8710985707445 17.843033437471 8.60601277250654 12.4377022182841 22.4356478572686 15.0458979083852 5.41827976599204 11.6862050447623 21.4773994887882
10.735416754432 3.96150685204651 5.61424816331513 8.00436822421371 11.1504027716945 15.0766049938431 7.32174831661348 10.0029278509937 16.4783942515512 16.3355971642346 10.7077519881133 7.25618765178911 5.37568855891628 13.0874786276119 7.48502201022272 6.25280016241986 11.7610070292338 6.38331335291887 12.2893684635616 18.9505983018562 15.917874336483 6.0863630357998 5.93675393256223 4.84376057805677 6.89600172196858 2.99144581250874 4.47693243955124 5.14332966496958 6.83162182033601 6.92018232159887 3.70597811082496 4.59764440930581 12.0481108215084 15.2132110034408 15.7728647050962 12.7558469214624 8.60431957574984 11.980335846702 17.6726302132779 19.9620517873292 22.3563169605222 27.7962931819687 18.515700747987 9.88624899409571 9.03385616887329 14.9259282470823
9.58491435884527 3.86443508126062 7.13604667141218 5.64621014931551 6.18418260240816 7.19993829058247 4.61315762461752 8.18519282895627 16.912132754215 17.6163462705145 8.53337656405906 10.298952541241 14.4093250013887 13.3328493969761 4.42956543531346 10.7451319694636 14.7089884717434 7.50900101486314 5.50970826986501 13.4034926729904 18.8728224923061 12.3455354558586 11.454117837777 3.7501846480799 6.87765425142334 3.68059439957881 7.77185051836826 6.51533780712655 6.3035635841686 3.48194895034218 5.99619809602914 12.9135609094122 13.9205936486735 17.2164290929859 13.9752610116005 4.9636136884755 2.98616858871003 3.22442091545726 11.9034875541729 18.0850694666005 21.1608574737501 27.1599935218425 17.6444262739839 7.03916779020436 6.74279748277221 9.06628093209686
5.33458308373957 3.64956993712991 7.97810232104858 3.76530473540239 3.92827507507692 5.17552287698768 7.69545661619579 6.13549505022871 9.32907917559425 7.87521891864553 6.75415078002425 11.449511678614 16.9445070931311 9.77412288181059 4.71362139008092 13.7643464801274 10.439560857611 6.06960305478886 9.21547624650132 16.0466186483918 25.8718543795838 23.6570191679717 14.0404337084957 4.48495497527584 5.065375585697 7.28769839248546 4.85574899687015 3.94704055457515 3.29299095646051 5.61265788377326 5.20623501927097 11.0275369464731 4.77674568008956 8.33705108072445 10.6534082260225 4.19592047854917 5.24035242363486 4.5800350552074 8.16862571486962 6.93659917324014 11.7557292760137 20.9698225621197 19.7580634732024 15.6199617361979 7.89155619571839 4.84710482857677
6.27851277473479 3.78839518363892 6.8674412787773 6.03145186764554 4.46445839952232 4.45617188913684 7.88931309160667 6.34429311662414 3.71958024315033 5.27060749705792 5.40403702174562 8.52244756554412 6.02885884761603 3.57566748347224 7.33706250871404 9.04568802147556 8.75817321137216 7.28443917828666 4.61137134720184 13.0443313934931 23.9975999037629 21.8024890314122 13.2624088478093 5.99881359526247 4.3371205456512 6.98853252821421 4.57840964595984 4.14422206416655 4.08032134374173 7.76185196528291 3.59740100194417 9.66993131472202 4.24139446426695 5.51035550132023 13.0460064409178 10.625189887002 7.64220427905351 8.66766609009585 5.93878033358446 7.47803459876498 12.7809012482594 12.3586733483817 10.0444480433873 16.7409595202376 10.8142407012226 8.88666069677419
14.3319885666172 10.7684971535833 10.7344156098148 13.3614494402499 6.83430373242442 6.62509883514472 4.99731703285234 6.61056283952087 4.86526488027101 3.99903674576897 7.07678103384808 9.96605645816811 6.60705648245693 7.81414551571394 9.18318328179676 10.0762695136115 8.90229220865768 7.46403135398282 4.47706945311012 7.05336312675344 14.8799574739112 14.3626095735349 6.16238758023875 10.1594469694693 10.9041920133743 9.93460887326014 10.2016328726461 5.11425549699705 3.42356561093825 7.9163438346021 4.79428226557479 9.20670503669228 5.33353628315835 5.9193354319278 12.9596532197853 6.25552711056599 4.59632635611365 8.02512669064294 6.47863409617321 16.0507096327042 20.6037345586445 11.1579311619783 8.36541522517433 17.8890524207319 19.393720577581 16.6204943508131
24.2327730584837 23.1766681041303 23.1832663187445 23.3743502724476 17.9261597045089 15.5212904785601 11.3409038462739 8.16285672477786 13.8997922577765 8.38564998203022 6.60167041315058 7.07388674336541 14.7109848902362 10.0475172473355 4.33590228171797 14.1006192960713 13.3829735231363 8.88262783329695 8.04673181520989 4.94481801859287 7.23339965444711 7.42439131348711 12.6235378658703 16.4949016481035 22.606522914252 16.7642826052001 9.4704976894454 6.91188533907376 9.98520993035775 10.378573628792 6.55692949033558 12.0351704345564 14.5049679293195 13.8792384179303 15.7519496392184 8.32824849946398 10.2360434715713 10.7936666746281 11.7563422891882 21.1941897046217 28.1134783872017 21.0821485964908 18.0428846619634 14.5923756302374 10.1261198452388 11.0714231962962
16.1481853144046 20.8516141246279 29.3760440551898 30.1379591774332 29.8062527357974 28.154216645868 22.48589076998 20.0756200292744 21.5304424701558 11.0306836000615 5.63782248727449 9.46964262665678 17.7869540312447 13.6475367778036 5.59699656414957 10.1442364422317 17.2234629277146 9.12447436026252 4.69891088454489 6.62435325881933 8.57512158930033 5.95393346120613 13.6991324373736 17.3678710397654 24.4163013494079 16.1505060095605 6.98135683694284 7.77416422396571 7.63948400019107 6.09297424213374 11.4667419406944 19.5339843166938 26.9499854794069 26.9333160749363 25.2183626656842 19.9791080639643 16.4553210859366 6.5959819697599 9.39785289059427 21.6223534817115 33.9017537173868 28.8487327218932 16.3968909447816 6.59213328529023 6.44711307832461 13.5716305504453
5.18053471374994 13.386912602174 20.4358951826343 18.5464603987208 24.0253150295616 33.682715934982 35.2243572545126 33.7877601407966 27.9751500472424 18.171437619363 15.4507459726663 20.906283878049 26.6782943974791 20.5444748833686 11.3430122115333 12.3465858960268 9.77752095622007 6.17148322849171 7.49302928246853 11.8722394759643 11.5569178003163 3.65615727684328 5.68755114352861 9.64612330953529 21.8487927045983 22.7184916267328 17.5394472737556 12.1149018120681 7.97452421892359 8.57464871283071 7.97904832547429 19.3839657070866 32.3731596426243 30.6644548759751 20.9712084608943 16.3055088825319 18.5009638587902 15.908469395104 17.4173266667339 26.4153893618966 37.5670239377259 30.8001643587585 18.4692839540427 10.4823826530968 8.35628626229338 11.0914589601427
10.9255330949471 11.6825661278382 10.4982910155492 7.09486267625215 16.2321052621609 25.985768356175 35.2695378990198 43.8056844570013 37.6747303956845 30.4661526496441 28.7730966005047 33.1570598865127 35.9088152233312 28.4510211434925 23.2977481008934 18.5972788355364 8.71041138846497 7.82069310002919 16.190957248571 22.4923995389324 15.2759987746097 10.8281081445448 12.8117771856279 14.994064240471 23.2488680276259 17.5273680193598 12.294323436259 16.1004353340455 18.5871311863612 18.5494512274283 17.8813808785589 25.4445486502574 34.6762700716753 25.6708403124296 13.0210315114052 5.61865434892731 13.4809511094799 18.0451905665057 20.490158224037 29.4916692958374 37.9315018929997 32.1868373694678 26.2384919745564 19.2741779278296 9.51896031852785 7.21958018517648
19.6543524813964 8.64642217463787 7.764036419595 9.42137552742956 9.93241470307347 16.0610853808464 27.853850381183 41.6089653866002 49.2948706290582 44.6965350150413 43.2901404426153 40.355889084787 29.9275421945045 21.5895684454051 20.0754200370424 23.2284534756523 20.0830646384789 19.5757549316217 25.3859019448113 32.2428457983828 26.1439391604777 23.6317607223093 25.6147451313523 27.0394416507262 25.7476137614842 13.3517059010744 5.50052238876195 7.48640010300376 16.5002149759805 27.4824126600681 31.1656797534461 36.4310737762479 38.0187047032907 25.668117135482 14.3776401293827 9.92384413925174 13.944115249683 7.23463107657807 11.7263461311302 24.0015435742408 29.2035646711961 20.6411647394209 18.143885359092 22.0177651966942 16.0242228109066 6.54795435804747
17.7891565498126 12.8773306315011 15.790834826624 14.5787512354801 6.43074672894056 13.6986467491153 26.438765068337 40.5874849269752 55.0835674953562 58.4341702438426 51.2901039681824 36.8800187437028 23.2121256498151 11.4541065756197 8.53848721714479 18.687461980981 29.8208316201802 33.3536549273598 37.436755547607 43.5952486688698 39.6487805052254 37.8544399528658 39.6365387864087 39.6793340525376 30.5508283561117 20.0347973748684 13.2329516540525 9.00573063277985 17.2254434295539 29.7943127868749 42.6413642408388 46.6684960679995 35.7235389433025 22.2421349336903 10.0046186786503 7.10712177147426 15.2797028276903 10.4383711922223 14.0238053109574 24.50251228826 21.3656366594714 11.3795664309921 7.03706853751441 16.5138419218223 12.6541922049631 5.04903191881097
9.8346885381456 5.57627503842896 14.0071315331094 21.2384066817597 17.7162622922745 21.7243505152425 31.7189924567088 43.0766624026565 47.3319469414995 50.1727481171387 50.5153222817921 37.2202722760012 23.693922531309 12.3252890298599 9.64140284287131 19.250567278024 32.1798487361444 45.0994988277096 50.8279506056637 52.6726126703843 48.8297129603474 42.030791729689 37.2457393647269 37.0773128657629 37.3546310145733 31.5978526566402 24.2028311017513 21.4126048290827 26.2548556831207 36.2280419630337 48.7422307890908 46.1506592887237 31.7130703687411 18.6791822032205 8.28509405721557 9.67753544448944 15.8285436576019 18.233665193638 24.0847520129312 27.7210874631598 16.233127170552 5.95384390098224 9.07175722463821 18.7186135406024 18.464706574279 14.0584743146669
10.2830980064254 11.7200191682574 18.7678522093442 26.5334926690657 24.1405902621857 26.2289707587215 34.0582909990928 34.6507966763997 32.4443572865594 35.9275497397651 43.7880921529594 42.4601258246583 31.090454952828 23.0735061900721 21.6465609295883 27.6472545916724 38.2541176022819 49.5519325524047 46.6416212785484 40.6446609987526 37.7779935882457 29.9593408109704 23.4135015384149 23.3009824146047 30.0623241398381 36.4554733909033 36.0948675713588 35.414314681337 38.8654307722865 46.7697946068077 55.7251695806242 45.8215528942713 31.2013856834169 17.7893292720827 6.71946033821733 9.20421987317366 6.49696336164573 11.9972139447176 24.5040391370271 31.1021705727768 20.5532757571835 13.4900143392131 16.7929415060051 26.4281183087577 28.5489332219003 25.9742940664568
5.01165987488505 9.88026535252732 21.4751661684351 20.2882045272216 12.409112091847 15.3586870659437 25.1358245412498 21.9839802110885 18.6531497331619 23.7648128425928 34.1447732286956 40.60322659568 38.4544962001379 36.0723650603692 35.5542713971179 39.8645527166886 47.9292622705891 45.7667408513993 34.635904579078 26.8662355003077 24.6825724563752 20.0827541111999 11.3491623871276 11.5081511185219 20.2963392075854 24.1972187165597 31.1232493505102 37.4583654524436 45.5724071637831 55.8748779462548 60.7427118710874 48.7764467861616 35.3209478558129 23.7932579403954 16.7235909205211 16.2106388644501 10.9883653828569 15.0974787815652 26.2956378847762 36.7702591887623 31.1122175105612 26.5782390501107 26.5615298329979 23.0321066067717 21.018769346131 22.8341091771701
