IBR/IBR_outputs/all.combrep_1/EucDistWater_Total.FireFreq_2000_2008_Total.Spinifex_Total/EucDistWater_Total.FireFreq_2000_2008_Total.Spinifex_Total.asc
NCOLS 160 
NROWS 95 
XLLCORNER 210004.651214014 
YLLCORNER 7350008.22228844 
CELLSIZE 4999.99999999997 
NODATA_value -9999 
[rows 63 to 83 of 95, columns 92 to 137 of 160]
6.1938376275023 5.67130748419608 15.0846297288469 16.5708841240621 6.5042828953991 10.9048873532511 21.1248883097192 13.2508105175339 7.07126060000377 15.5270403970742 26.6103466461276 26.7982752516921 27.6494859432626 34.4865436642997 44.0046490875199 52.8099346420502 53.0989104592316 39.4160149963886 26.1471594553642 15.3955146891202 11.8605456808572 14.7119288917702 5.67330458977197 6.25141184936712 10.7017879385956 12.5181936819122 18.9488726254212 25.7861416917654 36.5673589179999 49.3949827280392 50.8345650568507 43.0339395008966 37.8512590349639 33.4220354226419 30.0172275193618 27.8897850284963 23.7605412271633 26.102197528959 34.281797378091 45.2220452162227 44.3062886604089 36.7920712658253 24.7138688346215 12.9807007207779 8.92571236603967 17.1784275062192
12.8093513571922 9.25991229927664 9.43785139837058 13.8870102447917 16.0542941451278 18.4600067692173 20.522402727397 13.7391538648729 5.42355729741274 11.1284078734312 19.7927424207243 13.9769998963502 15.4109347712604 25.1620145399223 37.9729706657755 52.4138487717618 52.7213397492501 37.679870830058 23.7162245025353 11.1863239989023 6.00669182353478 15.1799977911724 13.6775656668859 10.6088249279349 4.63793350621777 3.81676206839415 7.79878233636936 17.5027310203538 29.2557454110785 40.1331655166425 38.4468332358095 30.029696114741 25.0256887643458 26.5949552534322 33.8065798703785 39.4199107945434 37.992016749472 39.6633037377128 45.9767031108538 55.6613557172695 52.945460973583 38.2343143149055 24.4947730360733 12.5740376697423 8.32851804696027 17.6969888953123
17.4895186478996 10.5138251096159 4.96925829047643 12.2363593811284 22.5327058379243 21.4162506079774 11.5828173694678 8.96257281746966 13.0665189060936 16.8132691329458 15.2318929066722 5.5459182904199 9.31838582105799 21.7219600370131 35.563807213882 50.5677378608774 55.1549821219821 41.2356694981583 28.5771694495257 18.9731238615214 16.1483036639553 22.2016039057915 25.3731670712784 19.0561753712382 12.8701703093772 8.82540703641788 4.0467216377037 11.2912361404411 22.6213834221549 29.1319086156373 25.5805221119238 19.8239109704595 12.1965022853579 14.9870122718741 25.5613589510824 38.7232626736221 50.3382040816239 54.7773101782202 59.2881276281979 58.4796522956464 50.582141973203 41.5556363755902 31.1005376118437 22.4498167516482 20.2011006832849 25.8340121216699
7.82405238100438 10.1437603015025 14.6854847904563 20.2309601621763 17.1698206481671 11.7139982468097 10.5465659848966 9.22481835291114 16.401778691949 18.7829499004695 12.9014954879517 5.52078307416438 10.5429492951555 22.8859372911528 36.725115939672 51.7575304822799 60.6712020727988 49.2682857850122 38.517351451949 31.4404975220329 29.6228897346342 33.6755952445669 37.4933684983406 30.0646237485595 25.1888582068045 16.3531199616078 5.77076955123264 8.66906029860136 13.2146495696092 18.2561076132445 12.7596049596241 11.8815015093229 6.40535043746974 10.7004494047196 23.1026637023982 36.9922576691156 52.075769693986 65.6786734634405 59.9662618498113 47.5847267370972 37.766352448926 31.9846234525161 31.319985254529 32.6166566327666 31.6618300849091 32.7933624721889
10.1893673638763 12.9736521866951 23.2514826296494 25.5040334986975 13.6681513523642 5.03808090142364 5.24741656463671 9.23135561027569 8.76455904010942 8.34027848443189 8.29298027145694 7.44437654904921 17.148842980046 27.394277694843 39.9617083181106 54.365705187313 66.7163785078224 60.5344335016894 51.3988438048755 45.7767636849184 44.3808083306239 47.4810204083385 49.9477339772835 43.2844938063418 34.0685477173348 22.6950074710251 15.3798360172662 8.22837013549368 6.02730596147626 12.9096492405058 5.2737370534407 7.13525974293721 14.8516667400316 18.7499756687846 28.0847298198739 40.6075985256287 54.9826325252625 65.1502230870063 52.7702653904646 38.8119421830133 26.9217520036115 18.8183575310785 18.4566837379249 25.6866860476386 23.8751819473607 21.1633608804927
18.341377638948 18.3126470332071 18.1877138625184 23.6718327711007 20.2990122071166 10.8541114593134 5.28835671516358 5.35534206191236 9.92401772845788 5.45674033362648 8.99563891683878 10.2669579680102 13.7033565888767 24.4988193098931 37.7413611103854 50.3312539885835 58.0584920681009 64.7507631367549 65.2203674533535 61.5537383052121 60.3820486701031 62.9549077056921 64.2619907393636 54.8038458127172 42.9096900401136 33.676349254073 25.4179111375095 16.5250062228103 14.4476503759154 17.9054218471134 10.2534738275836 8.37651989598148 15.9907315526093 24.1041577729109 34.6214893842311 46.8483344166984 60.8546904303878 64.7528875587789 49.3551947248861 34.519582822881 20.9213044293234 9.18732841791098 8.47817588564019 18.8821503668375 13.8762006214034 8.87484886228521
21.3999565454495 10.811695843818 7.40107920780158 17.8344507240507 25.4711249823531 15.0994810193133 8.2218909446648 14.4575613823538 18.1196318877232 9.89361386751364 11.240794568493 7.47684287755307 10.5409966140199 21.2766442523618 31.316225655595 37.5864843878513 43.8347874136562 52.4049290240128 61.0163454751312 66.774342203484 67.5747630918656 71.535215596498 75.0158481606666 65.5491938329541 54.8657689770563 45.7338354440744 35.7711473832586 28.9337052298339 27.5138755959207 23.1342942884239 11.606660580718 5.67086952574313 6.98528658954994 17.5042388842197 30.1077876966338 44.2116266708652 59.648824529023 65.3822186000191 50.3807175959386 35.8212386887029 22.8133276175871 12.6774516313512 12.1298472519025 20.1856620136304 13.2460171102858 7.90475457295482
24.4392511328039 13.5458609028906 10.9152785080312 19.7018261906932 29.6634262793762 24.1384795933897 20.4704269168024 24.5732545469871 27.6303405653297 21.5281991965901 19.1747342700454 14.7192718710094 10.0773058024576 13.1385021242858 19.6579358966761 24.3611593757151 31.5380813962162 39.2152412371277 48.3394800673301 51.2386138858864 52.402886007008 57.5998769800265 66.2304621293607 73.8059436643145 68.4103364478806 57.5192950435687 48.5129885426639 43.1640941300681 40.0661228566447 30.0996914343871 20.9147775642636 11.3052807393858 6.25814558164872 15.9050510620658 29.0024008873154 43.3852519152983 57.0454571299492 60.8723912099198 54.9411069704657 42.3361928986337 31.4214277065361 24.5446051676265 24.2305212461387 28.6338590477654 22.6899467496649 19.8122784451022
32.5317622156101 24.8310927163233 23.3807761458921 28.5430393816785 28.2395143658108 21.6631312002853 21.7558812740063 28.7753195324711 34.6145043892066 24.1191455098612 13.1030134162943 7.04489487897916 7.32853986838245 8.71179488083393 7.82525152876889 12.8930417493654 20.0685954381841 27.7915055729755 36.9620196564584 35.9618312943054 37.4231461595908 43.7759916246647 53.7862291513465 66.4450012992108 76.3313283196552 70.1025761545645 63.1841165297991 58.661811675644 51.1420115701232 40.7111517565601 29.9287481251963 20.4037112906746 17.1844089484892 22.7520392836628 33.3053109994786 44.7136133723407 45.8198096325654 45.5581112219751 49.5261252763811 50.7519799431065 43.6177192385661 38.4615927753055 38.2330835703336 40.7304959618201 35.6325501253938 33.6824296281818
44.3758854054386 38.5320436624889 37.3636264523601 33.4189838132974 20.9509090373815 10.2801070823965 10.7160353633152 21.6334406862436 32.0644570915944 22.6943024331817 10.6450084109914 6.41833695745612 14.7551620977363 12.9652617584366 5.95333982307776 6.87805226724705 9.61076732996806 20.7334463018891 26.5976541113468 21.9310092137686 24.0386495098796 32.395012200865 44.2247409914141 58.1767401402052 65.8717450021413 62.7558868031952 62.6988178667829 64.7748785065422 56.2715048023758 44.6309854887706 33.8152826758881 23.8558384764218 18.6750966305154 20.9476549458846 29.4297143815284 36.1158797570172 31.2683820388741 30.8593068091016 36.2016748752031 45.7441219530969 54.2311305108906 53.7465876541263 53.5783936776999 54.9107781763915 50.313099747435 48.7888163788516
58.520008381959 53.687324324146 47.6635272589952 34.0422125550484 20.7377133799275 9.87579418712164 10.3163882466386 21.4136256396257 32.8390499145574 27.9416288010989 19.9568961754014 17.8818018690523 23.3716668614819 22.9333626446744 16.7521927292833 11.0593532040696 10.9996028521757 19.7502832562596 16.6196262266861 9.61379448830269 13.4937127219103 25.0191850615923 37.9205093862417 50.3313526572998 50.988122996201 46.6757589900786 46.7534200652245 51.1922143858768 48.643812876402 35.5869974600962 24.8350924740854 15.5510060196452 6.99539184149982 11.1149987748601 22.9296696631222 26.3990984775019 18.2614699509981 17.6107780372641 25.2732057803184 37.0103306392572 50.853018638815 64.4912229105632 70.1016030869215 70.7138735325948 66.3702552419048 63.1564675521093
74.4438464971013 66.9899126907296 53.0589613967897 39.4707268209533 28.1958585609579 21.0460683970144 21.2588662269848 28.1270329574538 27.2082474383956 21.6883626095843 22.0580708196374 25.7211001605796 33.2366389075561 34.7566332805557 28.8858122101291 22.6181933939916 22.1589653124328 18.8530732934154 8.07371555263429 4.43504924790002 10.0482667199406 19.5973321945608 29.85918371017 41.2037679159519 37.412095739961 31.9106788045734 32.0096874147577 37.685685821378 42.4420795801492 30.2335544020101 17.2263819105503 7.51372001203915 6.54877854085525 12.4710320230157 23.4648162177523 21.1431400307191 9.20618096407856 7.95597019250958 19.3773382614947 32.8766301974967 47.5963793577576 63.5262406446911 79.3802974568949 79.4554599239738 70.6083667043337 58.0711853455591
89.9279427063774 75.5403472670861 61.2437076768732 49.1170023941413 39.8631740767554 34.6918834679894 34.5277032756556 30.3978525256276 18.5773298318771 9.52139950022286 9.85319724515993 17.8542590239006 30.2267022798909 42.6810872124416 41.540565366062 35.9050668186319 27.6528453724092 14.9126629367487 4.96828242478847 4.34163422375851 5.69620238760971 12.2027655108066 24.4987437786181 34.3731324062352 26.390694628991 18.6123422275884 18.7620224463206 26.7356464181052 37.4159024703499 30.9490222606729 18.3394338912562 9.73312229588362 13.5921319866352 22.4594953422112 30.2011551587719 23.5111313548741 13.4917507958394 12.6103805768727 21.8752467237548 34.5495493522668 48.8908863640211 64.6097327268084 74.3021325417867 65.7697631532051 58.0964781760105 48.3897003923676
101.102945199888 85.7525748821905 72.5029124221116 61.688697592099 53.8666887328663 49.5354501692765 42.1684671533021 28.2807541904612 15.1215020651726 5.36469635081306 6.48580770236576 15.9684547865461 29.0219215076992 43.366662766906 50.5559831698113 43.3092436983474 30.0666286301272 17.1326741041814 5.95364481120235 7.11884360987335 5.64652029730956 9.5161494906641 18.5578500822027 28.7222056737699 20.1665044597759 8.61460203178351 8.92250181846754 20.60755508296 34.1454438532664 37.2313088539171 27.3432868158164 22.106253697295 24.2380256008725 30.1302176555351 32.9688415042726 31.1084369129478 25.4676942473435 24.9650164526086 31.080691564333 41.5034020092032 54.5253943997117 68.2697171961814 64.1649070223032 52.512159447477 43.7759796827337 38.3698222420368
109.297831183982 96.6111553008178 85.573455347232 76.3970578615372 69.4822449088277 60.1436818789918 45.5532015558238 32.0846210686157 20.9574901276762 15.1333218679024 17.3012074923939 23.2061691491013 33.9123964952971 43.9192535691597 39.6577773555544 35.4835534058075 31.7893732737371 20.7119724839442 10.9595969124449 10.6723102911229 10.686203311165 6.51308134423692 16.5767220815763 27.7032990887476 19.7315787854228 8.24267692672949 9.12733900534086 20.950664416478 34.5614501388579 45.2894000841859 39.9144683555866 35.1144283460606 28.9475661484279 21.4646033681425 20.1707486420875 26.5995834507949 35.1123976640932 38.9839295263212 43.6472214791563 52.2153189860025 63.7623853384702 68.5762856169772 55.0255474853514 41.9012294726957 31.3167463401514 24.9386358840926
96.7317543935906 86.3588055950042 78.7426681690408 74.2071889656033 72.407201652249 65.9404863701708 52.7893471261491 40.9804569543232 32.3317728527978 28.5633638579125 30.5749372557772 35.0821256378995 42.4188191007258 37.7544572007904 27.3402481444189 21.5883634919137 22.3085194921094 20.1097812440306 8.59132442422415 5.62145730464135 9.66841597788895 6.31401959403854 15.5636682849037 22.7026509006326 24.7797280121207 18.2954005215959 18.7359306312092 26.9153852417083 38.6758527090025 44.6631653257668 42.6720434523604 36.2016001941751 22.8636260263237 11.2108405581094 8.68462319810862 18.9637283805176 31.7280933670347 42.7651847814613 52.3886165897426 63.2231362753121 73.8453422358122 65.2351316058081 49.4645043867232 35.0554730879076 22.2723640736205 12.6962717532172
82.3604597258634 71.0813251837096 62.587024207676 57.4291367577072 56.090276241053 58.6823042549621 60.2358458595531 53.1255474064424 46.1217870858818 43.27103901696 45.0403251103291 49.0007945278428 45.534654337588 31.6494821117839 18.8059058512542 9.46003444812569 10.3924962678814 18.9538405278315 16.7299593765202 13.6390330443105 6.78821298825862 9.14875909192311 7.75839605894854 13.1065352882883 21.3995495775968 24.3113428173005 29.843096476819 37.4269299821677 39.0264043209091 31.6601529788985 28.3754402064841 30.2425165342296 23.3153566566577 12.083674702057 9.73156922681665 17.0215369545274 23.2766474439175 32.5954801799317 44.9908642769168 59.3451951359934 73.3284917775912 64.1045893775868 48.0916682046371 33.2620705311386 19.5629174224185 7.35000080550126
69.8320692204926 57.965503492225 48.2288947078265 42.0469182403737 40.3941309456002 43.6292612586915 51.1060634738226 60.1118303432595 61.239974357715 58.9601670406765 60.1445798101933 59.6413160712912 45.7317372053193 31.2851075824139 18.2356989026025 8.24885315218311 8.57450912536776 19.234533546099 27.7788655657656 21.1726294857625 13.002502274709 10.6411504909752 6.24772711796985 11.5365971471036 9.75006271581645 14.9943785766951 26.7471604947067 38.5492286186851 30.985463731904 20.1098378317921 14.9466022651299 19.6015718576189 27.1339116922526 22.5656395375877 15.251241014889 7.92933533963048 13.9747516703471 26.2319174892148 40.1509813758927 55.3524665179318 70.9283170269279 64.7902134243777 48.8494449140082 34.1685022732354 20.826589995407 9.79096527834571
56.1168059218783 47.4455735725204 36.1115243987901 28.2045547588237 25.9322051987035 30.3010815962349 39.572880744057 51.8343363305389 59.832918225105 55.7622671401638 54.7868228066551 56.8049573063488 49.9123315247529 36.8355472024272 26.074078488757 19.902263330703 19.7200101409516 26.499743019074 36.0205782471187 31.1479859653063 22.5239330810895 11.4271946848295 7.98945167045647 13.7618879425712 7.00356639057494 13.2436305752643 25.716480638524 36.8447980526964 27.1553566024717 14.1187667127616 5.61752689988577 13.3882366190917 26.3083857257085 28.7078178332502 16.4690166603634 8.62665727290793 14.4042110180334 26.4800383772012 40.3257874029478 55.48825799714 71.5691852619717 68.4071507044446 53.0971231177493 39.4757425453882 28.1213534546149 20.816945742058
41.1217446469115 37.6524220275403 27.4312958595057 16.6723988163183 12.8413554152379 19.7913329051471 31.6013908104923 45.1939670419237 46.3246805559087 40.4339801265751 39.2188646323977 42.9714809687415 49.7200570181525 46.5359798056191 38.0743364543541 33.6532399404796 33.3527663697769 38.1499886101787 46.3765713543833 41.4647435957468 29.7697855396303 21.1602379158257 19.3746530181317 22.2840713492558 18.5909824746781 21.9506909784101 31.4835798101504 40.3083663905412 30.0044150660293 18.6631785294278 12.9756800938376 18.085511763988 29.2264255010702 34.624987675273 25.5089378745776 20.9528699836483 24.1297598856962 33.2183167932207 45.473248054873 59.7346844319526 72.5180872632373 69.2662858209936 57.9498047017547 44.7309391612762 33.8269674151402 26.6959944940439
27.4970670863701 24.7941045522825 23.2869067422294 11.8451763901149 5.9572938207804 15.8293821250504 29.0486730776363 40.8853739704172 34.2739603815359 26.6065669021033 24.9067923167905 29.9927320116788 39.7931806024676 51.1419248959546 52.109037289734 48.6877943991021 48.3426436692489 52.1289046033231 58.2949830515404 50.8040476181543 40.6615211073198 34.2794343019787 32.3813153449018 29.4687119960429 24.775124302443 26.3143635411969 33.8294099824325 43.4261010914657 38.3572858198376 29.6783436016736 26.1685759999408 29.2805924813503 37.7023328862135 44.4677370326215 38.1607068588784 34.964906750915 37.1505588832509 44.1346994365473 54.6144147669525 65.7320663311001 62.6526702464172 54.9265062419754 49.7811333260927 38.9995982249073 26.010568781675 15.7526799229648
