0,8.03149434113991,10.4658039952863,10.3431285648351,11.8165097935519,13.9280193369835,17.4850364495535,14.3287102085594,32.079493478031,32.8262180365283,69.0114259416454,40.1740261338938,36.6580027914284,35.1871311084744,35.7556691419179,40.4882832284375,39.9806541522717,33.1060653498957,35.489421688146,40.0274267409906,33.1486547411095,30.7697713974464,31.5081127792303,40.6618331207247,54.866964148271,64.0215997683497,48.6328053594101,51.3106447159096,40.4676833168451,31.0545600167082,29.1903604001777,34.2325234886263,42.9566386915327,50.935476964048,39.6571293032965,36.2065208923396,52.5498045943888,51.7478316199966,49.6640944736671,51.4585047043869,55.6785587559999,59.2981477565468,55.1542505654604,55.391460430923,58.8920160911147,54.9712599038289,57.8124807100495,58.5091540941754,59.9032795430835,55.2352994805949,54.8069762826837,40.2323484056725,43.8901656032623,37.7159297044454,43.0809355897944,35.2779875702104,38.2819193565061,36.3328566850537,24.6064279668246,37.5803031447962,31.2547639003529,32.3501807690531,25.7594083171778,36.5484929032697,23.4536938291078,37.4761501485489,54.8635782524254,57.5416595305562,55.6949038625378,54.742671393183,57.8555725074915,54.5476703120549,61.3832461523656,64.6028745422542,81.1071895992026,29.3481846252297,31.7976716083184,71.0441503444709,30.881240302183,27.0643350717247,33.8500205278816
8.03149434113991,0,11.0085078810724,8.52574162049069,8.5870928472041,13.7426943116897,17.0805092147323,13.3048680344253,30.7730285212122,31.5210260030193,68.4360786728786,38.8765793756331,35.3578610520713,33.8845206112838,35.2523884893487,39.9715507935133,38.9435095780367,32.1165782278494,34.4642540839032,39.0337586230862,32.7458459457136,30.434388119849,31.1781070441806,39.9282414999852,54.3309029954735,63.4807126803743,47.7899240896405,50.5094560869425,39.9819535182883,29.7882679498201,27.9231329455864,32.9526572612271,42.42214160364,50.6131386453837,39.1346920819138,35.6862356274887,51.2619690770787,51.189008186073,49.1061446654306,50.8993583682764,55.1099997049283,58.7292347869808,54.5845391478321,54.8213044270111,58.3249356258804,54.4064457533295,57.2465243542507,57.9435367451494,59.3377836237014,54.6692408224676,54.2427857751236,39.4492225009616,43.1296722876796,36.9627073010307,42.1980731108345,34.6314811586746,37.6484272576115,35.6890719814203,24.512027994373,37.3206882481078,31.0791388880093,32.1728288820065,25.6843793049104,35.5283775422991,22.4253384602666,36.5268474069663,54.3098058175496,56.98874827556,55.1415968928601,54.1889642465756,57.2815645106627,53.9739436408928,60.8137104152936,64.0334728377014,80.5253822754204,28.6238400900185,31.0908216866577,70.4751182675599,30.3368498723149,27.0748877121926,32.5245850075254
10.4658039952863,11.0085078810724,0,14.4109920908596,14.5888009676231,12.0325889261235,16.8396890936496,13.2103577625075,33.6167611304971,34.3599339242678,70.3086579205569,41.7442613036328,38.2248055086108,36.7390489080281,37.0406241459672,41.7631214366383,41.7163129756947,34.8312830876739,37.2191925333556,41.755914951682,34.8689866011852,32.4303199708241,33.1856783570463,41.8783249439559,56.1966679121803,65.34400787516,49.8649543468933,52.533177946025,41.797345163094,32.4490463553708,30.5799063618132,35.6765337668513,44.272076951049,52.4929466943559,40.9217987263334,37.4666344198917,54.1390724633383,53.0518678909862,50.9687075505916,52.7628133265661,56.9765519668235,60.5962683002325,56.4516434005273,56.6889633842399,60.1926672118589,56.2730566052791,59.1138832670181,59.8105029196167,61.2050202300218,56.5365119774529,56.1091208553577,41.9550297695875,45.6192013435901,39.4318253013689,44.8199266838201,36.9650704283578,39.983174897035,38.0453874332047,25.1600597371335,39.3264865412571,32.9704268068396,34.1458208275651,27.5033966688081,38.2688145337244,24.3173166147533,38.6677599170779,56.1725501581283,58.8512923322906,57.0041728553411,56.0515719831124,59.1520788054918,55.8442083962127,62.6825441979138,65.9020724851411,82.4000883611325,30.4931205164375,32.9496662534211,72.3009746767028,31.8868305514095,28.4358311534524,35.3851692411234
10.3431285648351,8.52574162049069,14.4109920908596,0,8.80146833873967,16.4916307754042,19.4744652389878,16.1633625562774,31.988178170826,32.7395957413968,69.8438506724172,40.0577140963631,36.5426626276241,35.0845593055361,36.6697572724515,41.3966577001203,39.9480599936911,33.1345597276868,35.4759536249518,40.0479041495891,33.812130388796,31.5628647847111,32.2928094415314,41.4020818919525,55.7118412451584,64.8676500686888,49.255624189887,51.9809841898833,41.3641813103986,31.1403721872695,29.2802837315968,34.2575633013969,43.8147725935681,51.8275833854207,40.5677041955006,37.1227937250345,52.4231341554902,52.5910659403296,50.5077264362879,52.3012012668725,56.5170500871281,60.1361890242531,55.9920882751314,56.2287727749471,59.7298335300549,55.8103894470181,58.6508017371079,59.3478522058107,60.7417823436386,56.0736724454236,55.646440678979,40.478477430117,44.1539952300513,38.000391714197,43.2048703905948,35.702725930841,38.7078911556588,36.7373871787317,26.3656073486221,38.3859567508331,32.1876347833283,33.2111344682731,26.7924770984855,36.5510553049986,24.1788816054766,38.0295828606444,55.7078110325784,58.3862075996388,56.5393560161306,55.587026906768,58.6898937482209,55.3822426465222,62.2197319762737,65.4395723685693,81.9367255190247,30.1498717348202,32.6111366416503,71.9144982137202,31.9477759586734,28.4756342624702,33.7441724331471
11.8165097935519,8.5870928472041,14.5888009676231,8.80146833873967,0,16.1504297364856,18.901174572535,15.4807868548007,30.465556043722,31.2183343518695,68.9443269756431,38.5421765749667,35.0247022328944,33.5649166979411,35.8263738669434,40.542315397887,38.6729163244759,31.9012368665781,34.2108815517038,38.8112684051758,33.0996394319214,30.8907691042288,31.6285119962883,40.3741372216498,54.8457069619912,63.9971926361953,48.1389239788603,50.8983967730562,40.5372749112992,29.6643211419384,27.804140699656,32.7644113127719,42.9488905662227,51.1498768178436,39.7084241454442,36.2649818325614,50.9159617395851,51.7051486769923,49.6225402896951,51.4150417353052,55.6230098190002,59.2418719922715,55.0970929788989,55.333427027593,58.8371210888648,54.9195549191676,57.7590309915975,58.4563498419111,59.8503991177674,55.1818092032587,54.7561247347759,39.4319675247089,43.1293874263107,36.9796097852572,42.0710246331614,34.7725239834994,37.7920113479582,35.8146640330885,25.8179925953488,37.7963774786657,31.6531241014041,32.6992480487413,26.338588716845,35.2896446101275,22.9834064731146,36.8328972735229,54.826222899018,57.5053474393071,55.6581574425704,54.7054861049598,57.7914073529437,54.4839836529972,61.3249788940449,64.5449214009948,81.0317969591537,29.1328005712009,31.6072816207959,71.0182960929025,31.0711906903493,28.0130747175859,32.203695579646
13.9280193369835,13.7426943116897,12.0325889261235,16.4916307754042,16.1504297364856,0,12.7342609105366,11.5681304887167,33.668021390252,34.4069064275574,70.0988757988404,41.8345316196804,38.3110550187817,36.8076507873809,36.8236347331676,41.5316986796174,42.0021079965939,35.1078091836179,37.4991937737213,42.0357531134134,35.175643999027,32.6823319122585,33.456944376043,41.5509637001368,56.030455505008,65.1684160827404,49.5506698987713,52.2088703839087,41.6377833333164,32.3264894679032,30.4512786287591,35.6149536354192,44.0887076008593,52.6302362721743,40.6768975985821,37.2162586573849,54.2517409100214,52.8520283052713,50.7696625193025,52.5632789400138,56.7683292927508,60.3881711455851,56.2425704916851,56.4799865432882,59.9878730833869,56.0698887371018,58.9101221835556,59.6067068697848,61.0017196144265,56.3325065209419,55.9064408307357,42.237333753659,45.9093152253953,39.7082133237897,45.1151605918953,37.2153598630984,40.2498359058453,38.3236805660371,23.967973454771,39.6780604892472,33.3051087609794,34.5596692282347,27.8856548583746,38.5388006579327,23.4440954174547,38.2900705387476,55.9792629150641,58.6588990511853,56.8112953607173,55.8582041604441,58.9415156562097,55.6337099681474,62.4758496954849,65.6952660814706,82.1843403289444,30.0679297966076,32.5360476275611,72.0409155486508,31.2838925293934,28.4364989227765,35.4347431882656
17.4850364495535,17.0805092147323,16.8396890936496,19.4744652389878,18.901174572535,12.7342609105366,0,14.1275881491227,35.1801136012741,35.9147606506571,71.3124366670868,43.3828041717263,39.8557608684809,38.3358350675632,38.0304330710423,42.7230010391187,43.7171515102217,36.813253197912,39.2088352294324,43.7442093568377,36.9005346331259,34.3612095862499,35.1537266534038,42.6416924781459,57.288331948351,66.4167603519794,50.6604422392699,53.3056329255035,42.9042198764472,33.6668558327495,31.7859712795234,37.0157742627359,45.329231648149,54.2014271212098,41.8539376274551,38.3875818303171,55.8203730241779,54.075678213178,51.9941237722081,53.7872452004305,57.9834191713807,61.6033950154237,57.456793636163,57.6943144598025,61.2064906085299,57.290160965546,60.1297938725907,60.8263391464299,62.2218614046359,57.5519272548937,57.1272099870843,43.9416514066749,47.6200718477938,41.4064470010698,46.8335344783784,38.8872047569831,41.9366941712157,40.0213538378819,24.0800096404858,41.4484883029701,35.0673588093842,36.3881183115641,29.6969622637657,40.2395192389468,23.9020048322456,39.3342706289895,57.2096018839042,59.8901483698038,58.0420515889334,57.0884610126569,60.1542489880766,56.8465065470834,63.692531587194,66.9118306019352,83.391801517675,31.0463363157902,33.5275095375215,73.2015548642678,32.0484567838927,29.924851692487,36.9475662017715
14.3287102085594,13.3048680344253,13.2103577625075,16.1633625562774,15.4807868548007,11.5681304887167,14.1275881491227,0,33.1959051151095,33.9351335005637,70.3927227528614,41.3802943452474,37.8532683628705,36.3433679415475,37.2007141750933,41.8952249493566,41.838362050365,34.9866697768867,37.3454958024031,41.9112512785724,35.5835128064794,33.1606348900009,33.9366732884187,41.6726299730969,56.3649066957089,65.4982690448526,49.5451288725386,52.251855083533,42.0275467552078,31.854483299555,29.9760582980674,35.1451835008281,44.4265876089245,53.1420008944873,41.0355217942471,37.57803897347,53.8120114656409,53.1637766163119,51.0823301312827,52.874627148068,57.0697847560003,60.6892088279321,56.5427931256492,56.7796906177822,60.2906745752311,56.3751191783,59.2141058020188,59.9110816733126,61.3061837126442,56.636397599911,56.2123356208226,42.3067684996778,45.9989249090748,39.8050533779718,45.094264086769,37.4115527079494,40.4559417954538,38.5192288928135,25.2302487300913,40.2046093599393,33.9092579058496,35.1434030374018,28.5642631931205,38.3876512655845,23.0755274908602,38.150471562189,56.296132579862,58.9766644247642,57.1286563582873,56.1751563020515,59.2369720599253,55.9294816713207,62.7760335592192,65.9956144689865,82.4713945540359,30.2049836845114,32.6938926464419,72.3474307050169,31.6844003596096,29.324436066521,34.942687564997
32.079493478031,30.7730285212122,33.6167611304971,31.988178170826,30.465556043722,33.668021390252,35.1801136012741,33.1959051151095,0,7.64891326628701,78.66616745331,23.2737486835822,19.1365049726691,14.3798654664455,46.2875509245465,50.9043874790723,43.799216724451,37.2641819998159,39.2608384547369,44.2434894701823,44.8033154663712,42.8540320187872,43.6863687023826,48.8053067254114,64.9642948036516,74.0687403263422,55.2068681247127,58.5399504838545,51.1057765899145,29.4436496265863,28.1001387952991,27.6260846592187,53.0876769855256,63.0152668567495,50.0410281738155,46.6282218611512,38.8163906107721,61.5997074872417,59.5258224930267,61.3056449691758,65.4200299075041,69.0346707842343,64.8823792756984,65.1134944286821,68.6456882178961,64.7514370251449,67.5788518695621,68.2800451644357,69.6747892773176,65.0008124732938,64.5943671598356,47.4756158859741,51.5102589385502,45.2834342442476,49.2481726572607,44.0674521926623,47.2975469468418,45.282421726287,40.0883095550275,50.6576885595818,44.8851462827481,46.28998237248,40.2110058978294,39.8740940405297,34.7608188344313,44.0622914978682,64.7698460586392,67.4576368902421,65.6065084815387,64.6498581705987,67.5300427486303,64.2257490913238,71.1084881486132,74.330139948703,90.6898402253801,38.4736842314242,41.0043365239046,80.9265229996236,42.2538445567732,41.6038335929014,20.9490584175595
32.8262180365283,31.5210260030193,34.3599339242678,32.7395957413968,31.2183343518695,34.4069064275574,35.9147606506571,33.9351335005637,7.64891326628701,0,79.3646607213619,24.3953804180168,20.3482195876891,15.5213107528658,46.9977891260331,51.6117334774913,44.6476440177751,38.1068116034206,40.1087772531949,45.0861282051014,45.5723863266778,43.6158100972392,44.4490802341107,49.4694181661893,65.6761883952778,74.7784293808218,55.8441838495171,59.1885097069082,51.8240923722435,29.9833908872882,28.6549619962956,28.0061841650986,53.7973366954763,63.7665558922533,50.7465659821309,47.3337119070245,39.8589466791974,62.3027724619668,60.2291542159339,62.0086742155668,66.1201811464027,69.7347552259091,65.5821998388976,65.8132249770618,69.3464832302563,65.4528846099415,68.2799930663279,68.9812565309126,70.3760764209839,65.7019072303306,65.295998315236,48.2854246806945,52.3167967742245,46.0892335215253,50.0706971070825,44.8577757264833,48.0872986502764,46.0739982569883,40.8150546934432,51.4190484756995,45.6423317388488,47.0488244276098,40.9659227969833,40.7226769051137,35.4715352698309,44.7102775955707,65.474700925032,68.1627746476945,66.3115066301527,65.3547151953552,68.2287730633279,64.9245486897832,71.8085628318174,75.0302343407721,91.3863729186556,39.1534823355275,41.6851427542078,81.6233874693741,42.9557890413573,42.3430628220197,21.991938743808
69.0114259416454,68.4360786728786,70.3086579205569,69.8438506724172,68.9443269756431,70.0988757988404,71.3124366670868,70.3927227528614,78.66616745331,79.3646607213619,0,86.9493907732127,83.4315692651992,81.8572717465275,57.4925957199608,61.4260310577407,85.7549670910052,78.304963381936,81.0783586236889,85.3130691488593,76.4540612509805,73.1474474072345,74.4486394641496,68.5276452705787,61.235894244625,67.2511163596268,80.1945824658533,81.7752746682182,63.2496633974375,76.2729573773896,74.4520020488866,79.6924923746258,51.0281617443642,90.3765568984058,61.5264159554207,59.2118022939114,99.392050327961,45.8247301175158,43.9915062568391,43.8244403796728,48.1077245965683,50.693298363407,47.3235513886096,46.4308096355082,41.5535983368889,39.8680900418257,39.6322602877529,42.968890380196,41.1370944367019,38.4338733386884,40.1256129438277,83.7210010583472,87.4417152164519,80.8056899175125,87.6447629379743,76.7263352911875,80.2921816194781,78.7972153129907,73.4529248528824,82.6305407542309,76.6547698097075,78.9573401348444,72.6352514240144,81.9856346652864,71.5877911725724,77.193851887095,48.0184675100987,51.4922701113954,49.3651755537679,48.1470189280284,44.641855331453,41.9791485147923,43.3261502476697,48.3448159772463,69.067249250222,65.1500587714287,66.7382361919681,89.4201185628252,70.8184048351337,71.4080336027716,80.6570143741085
40.1740261338938,38.8765793756331,41.7442613036328,40.0577140963631,38.5421765749667,41.8345316196804,43.3828041717263,41.3802943452474,23.2737486835822,24.3953804180168,86.9493907732127,0,13.3484629305328,20.2055303835114,54.4940172648886,59.1384057401644,50.2083865614928,43.6811080704896,45.633649621823,50.6863574511213,52.4060909637588,50.5475556735034,51.3741863874169,57.4097854834486,73.1256245494512,82.2516071902447,64.0084219218752,67.2619238731893,59.2244577014802,39.1901411873326,37.7633414698654,38.1925483103065,61.2760904841274,70.8216472785784,58.2950187810924,54.8855435504823,34.3117876198324,69.8445603918889,67.7683029876506,69.550555951644,73.6906088471412,77.3056424395897,73.1558149523783,73.3875048277127,76.9095991728029,73.0097407850356,75.8396809347053,76.5404033770246,77.9343031164149,73.2621216176744,72.8510745107498,54.4421099963086,58.537333244372,52.3038985608825,56.0490306332469,51.3084442537404,54.5588471487306,52.523778329273,48.3095203139176,58.3978697867225,52.686270303808,54.08967174859,48.0636672444955,46.063825213341,43.2013225775334,52.8837134255755,72.997981212099,75.6832181791956,73.8333784768747,72.8780313053278,75.8120846307013,72.5072626857664,79.3786547177402,82.6002377242469,98.9905851631531,47.01526291214,49.5305950483478,89.250430415107,50.6399154651391,49.6217463390676,31.7454733871956
36.6580027914284,35.3578610520713,38.2248055086108,36.5426626276241,35.0247022328944,38.3110550187817,39.8557608684809,37.8532683628705,19.1365049726691,20.3482195876891,83.4315692651992,13.3484629305328,0,15.8633976707823,50.9831520597166,55.6242719635954,46.9453204651869,40.4262144788888,42.3808438990209,47.4246589501868,48.9690407978104,47.0983353093484,47.9253242246812,53.854353474735,69.6220846532572,78.7454449347515,60.4331192504915,63.6944342966414,55.7247589905192,35.5164587038357,34.0958313758808,34.4598702894026,57.7689212397508,67.3583475144465,54.7783383249538,51.3682849474228,33.8292933790358,66.3310234118953,64.2550401169981,66.0370293786545,70.1741122340944,73.7891135337198,69.6389938478424,69.8706319775332,73.3939341586272,69.4947108764027,72.3243722545553,73.0251391001799,74.4191475609296,69.7467530781543,69.3362267126105,51.100550462914,55.1858291999197,48.954915860365,52.7293971280019,47.9275960389869,51.1741722265059,49.1415272857051,44.7846497700084,54.9394691694012,49.2191342650018,50.6213478232627,44.5880705358351,42.8590314233993,39.6478439658422,49.3007145100493,69.4864298455124,72.1719646599915,70.3219727697989,69.36647168162,72.2943399409269,68.9895733626485,75.8622766894852,79.0838607461855,95.470734549373,43.4625557933392,45.9799575884692,85.726241839123,47.1014230992947,46.1261884992791,27.8251182805764
35.1871311084744,33.8845206112838,36.7390489080281,35.0845593055361,33.5649166979411,36.8076507873809,38.3358350675632,36.3433679415475,14.3798654664455,15.5213107528658,81.8572717465275,20.2055303835114,15.8633976707823,0,49.4451591046368,54.0741050552036,46.168134414249,39.6363067367705,41.6137920558136,46.6270311299026,47.6953312528051,45.7859473459587,46.6157544611428,52.1376760073676,68.101953735662,77.2158511548683,58.625493327915,61.9237901483221,54.2247771759429,33.2895133700837,31.9092035082763,31.8335522011188,56.2372481803027,65.9968469149652,53.2195378340431,49.8082112678972,37.5611571003234,64.7740086811312,62.6990836614518,64.4799697328176,68.6056078095882,72.2204192736144,68.0692089269925,68.3005742565113,71.8283355898859,67.9316278448186,70.7601481987415,71.4611362532014,72.8555089232288,68.1823197668448,67.7738584311396,50.0885618121699,54.1497411382935,47.920066133468,51.7884398736502,46.800855416055,50.0398233813915,48.0159249769689,43.2524234716291,53.6099517375659,47.8641849804934,49.2682976484714,43.212624794111,42.1460783994874,38.022214770838,47.4917503100918,67.9368134147737,70.6234845509763,68.7729213282827,67.8168425386313,70.7206366742667,67.4161121340276,74.2938766802734,77.5154991671371,93.8886268790933,41.7792711259826,44.3030972084534,84.1356842869537,45.4908794828676,44.6783143391581,25.2947840108648
35.7556691419179,35.2523884893487,37.0406241459672,36.6697572724515,35.8263738669434,36.8236347331676,38.0304330710423,37.2007141750933,46.2875509245465,46.9977891260331,57.4925957199608,54.4940172648886,50.9831520597166,49.4451591046368,0,22.4788162317181,52.9209206980335,45.4648516130685,48.2467998398427,52.4702651295967,43.0657003201177,39.6009223012845,40.9141571773107,40.0028524820114,42.3025871170715,51.3105165527329,51.3543014607341,52.9272810780624,26.7503855235354,44.1673005230679,42.3293923654868,47.5873197816329,28.9251010240054,56.4893149701326,24.4861118777002,21.6158002747536,66.8941590527832,39.2826821826055,37.1582218426395,39.0346814767817,43.6951303577627,47.3460546077861,43.2333487673022,43.5075365063425,46.9101743356524,42.8697314935855,45.7803250815505,46.4481419619265,47.8523473937923,43.2017196845826,42.6741048135121,50.7836885002076,54.4767385219082,47.864414594146,54.7362253990983,43.7776892372555,47.2870506126692,45.7767008312475,39.8920735450771,49.071674967968,43.002977244417,45.3775722926772,38.9790478244266,49.1648536362688,38.6023612728265,45.2500320755479,42.2825387456962,44.9319070852528,43.0936368224992,42.1500473653271,46.2143818745373,42.8876559690636,49.5258247416425,52.7314556721983,69.8973019657879,32.4005545352386,34.0128591597077,60.1081696225526,37.0554905843502,37.1691224037467,48.252944673155
40.4882832284375,39.9715507935133,41.7631214366383,41.3966577001203,40.542315397887,41.5316986796174,42.7230010391187,41.8952249493566,50.9043874790723,51.6117334774913,61.4260310577407,59.1384057401644,55.6242719635954,54.0741050552036,22.4788162317181,0,57.7836618243214,50.3551396359517,53.1165455230211,57.3577253204371,48.132843692828,44.7103364848097,46.0007389098398,43.7538516274894,47.105113245302,55.9423393166341,55.3298706663725,56.8389667215874,33.817743403665,48.684828945002,46.8466614661368,52.1288597249211,33.610392789862,61.7291276306375,22.9039800999305,21.4806526011162,71.5555159929522,43.371564666257,41.2681312174668,43.1413037998602,47.570483150162,51.2349444180711,47.0905860833873,47.3788325307183,50.9178701641108,46.909953616344,49.8135435754428,50.4745568887484,51.8973655354252,47.2263752158829,46.7250071257084,55.7810051451331,59.4770596452354,52.8813766072922,59.6774360163753,48.8740348809572,52.3659594129907,50.8374303851673,44.576392239758,54.0850901547649,48.0044813513944,50.3413439097296,43.9321994087486,54.0363448644698,43.1781274968188,49.5452817149433,46.5473954725079,49.216670956653,47.3675613625989,46.4128848934422,50.0875355913629,46.7583010476995,53.492480749721,56.6905935599836,73.680899991696,36.5499663760485,38.1186669447133,62.0022867528751,41.4910053264006,42.1368533146257,52.8681214120693
39.9806541522717,38.9435095780367,41.7163129756947,39.9480599936911,38.6729163244759,42.0021079965939,43.7171515102217,41.838362050365,43.799216724451,44.6476440177751,85.7549670910052,50.2083865614928,46.9453204651869,46.168134414249,52.9209206980335,57.7836618243214,0,22.3461556551543,19.8747744185955,25.5421032357475,45.8357982215682,44.8643824070796,45.689873609617,58.7034468335938,70.9710205467925,80.2775317632391,66.4990228311357,69.2888821595722,56.8685066151611,47.0214724020855,45.2976451399649,48.9286835022268,59.3853015120988,66.1032341392746,57.1182008915095,53.7551791860657,61.4147978107794,68.3708550380925,66.2763505012022,68.0754579419653,72.4133756837474,76.0300378354843,71.8999531335677,72.1345047634852,75.5745728692463,71.6329425466083,74.4809196502376,75.1790879747731,76.5652988230639,71.9075226286814,71.4622455108188,39.9373021191282,44.8495629347652,38.5234730153122,38.9330221514989,40.1712149572637,43.7403804519168,41.516259550862,48.2740043821201,53.5734040379079,48.5261572247506,50.1136832062262,44.6129388273597,27.9916478001867,45.0188988257211,55.9602105133451,71.3897869003343,74.0550633406558,72.2155027127804,71.2705520511112,74.6148886259455,71.3066041931908,78.0907068687676,81.3124934447647,97.9313631826897,48.2716623141673,50.6459137199766,88.5434064513369,51.1660998177813,47.4484449800409,46.2886094967862
33.1060653498957,32.1165782278494,34.8312830876739,33.1345597276868,31.9012368665781,35.1078091836179,36.813253197912,34.9866697768867,37.2641819998159,38.1068116034206,78.304963381936,43.6811080704896,40.4262144788888,39.6363067367705,45.4648516130685,50.3551396359517,22.3461556551543,0,13.8725220763006,16.4756486991692,37.8841972840095,37.0015380518437,37.849761996157,51.564160575527,63.3931369830977,72.7258115835722,59.4578489638892,62.2129215311279,49.2952705444603,40.3532773459321,38.6261883093807,42.3033603217128,51.852561897164,58.3240456160647,49.7161095965743,46.3628111497283,54.877159522633,60.8880156096711,58.7911749441267,60.5920933795984,64.9554169458292,68.5720315338688,64.4446169405859,64.6792486746145,68.1080168734467,64.1612870800962,67.0113168630243,67.7093565988098,69.0943594929025,64.4385406636205,63.9890948185731,30.6424220010802,35.9381018218769,29.0787436390643,30.9103400227436,31.0220241249414,34.785760627008,32.6145426282106,41.2571745687496,45.9600113416119,41.0058006484629,42.678210558087,37.2335206524102,16.7949918923204,38.1702870299677,49.033735998196,63.8885668992788,66.5512183345221,64.7130495844463,63.7695069700425,67.1656798464214,63.857061622946,70.6299892857569,73.8519364844216,90.4987302510307,41.1890610170108,43.5444452394528,81.1861197884959,44.0779716592817,40.1427822632688,39.77562861258
35.489421688146,34.4642540839032,37.2191925333556,35.4759536249518,34.2108815517038,37.4991937737213,39.2088352294324,37.3454958024031,39.2608384547369,40.1087772531949,81.0783586236889,45.633649621823,42.3808438990209,41.6137920558136,48.2467998398427,53.1165455230211,19.8747744185955,13.8725220763006,0,19.1283475321437,41.0658514975052,40.1087898673369,40.9435242049063,54.1061536016837,66.2606996355389,75.574303381415,61.9224868386235,64.7053487958533,52.162673712731,42.5158863606129,40.7931268426823,44.4163251560355,54.6878140797969,61.3601371675369,52.4582194812674,49.0980575566749,56.8064025470431,63.6859839530286,61.5908727339708,63.3904185167218,67.7349402224045,71.3515668514925,67.2221882609005,67.4567348188874,70.8937962014208,66.9508639948657,69.799350844594,70.4975038767784,71.883380520861,67.2261231130571,66.7797826919992,34.8437896123014,39.9031558257577,33.3269357819029,34.5719527181891,35.0114488051565,38.6588504091935,36.4657526197847,43.7331314755157,48.8973348397982,43.8718097499841,45.487935216323,39.9977799125663,20.9929825189739,40.5103716372585,51.4147830943904,66.7000320391357,69.3646197204613,67.5254280018179,66.580850547722,69.9385899272934,66.6302286539886,73.4114294365701,76.6332698928515,93.2592702187872,43.6933372810949,46.0628222133533,83.8934941993571,46.594037603249,42.8379300774165,41.7781204646257
40.0274267409906,39.0337586230862,41.755914951682,40.0479041495891,38.8112684051758,42.0357531134134,43.7442093568377,41.9112512785724,44.2434894701823,45.0861282051014,85.3130691488593,50.6863574511213,47.4246589501868,46.6270311299026,52.4702651295967,57.3577253204371,25.5421032357475,16.4756486991692,19.1283475321437,0,44.9038204110636,44.0233229580568,44.8657233205714,58.5397639085441,70.4155848211153,79.7451631675832,66.4264382502909,69.1837373396185,56.3143117567539,47.3006815963854,45.5726355065194,49.2584585705929,58.8691686254346,65.3480851553645,56.7156289095471,53.3610088110857,61.9053258761697,67.8994805394309,65.8028940502282,67.6036414360297,71.9641959719001,75.5808344002821,71.4531191385273,71.6877629889229,75.1178188230382,71.1716258239423,74.021451112679,74.7194901884917,76.1046411526167,71.4486008195999,70.9995930122752,37.65759327883,42.8719500705355,36.2320615811044,37.0801789679864,38.2456624069998,41.9525571553441,39.7499270228497,48.2015634214102,52.9437853052841,47.9837467290783,49.6422894988508,44.1962575344491,25.5671036079244,45.1061751501479,55.9893148168864,70.9021228556235,73.5650659087146,71.7267394746245,70.7830373386568,74.1736160977233,70.8650262845464,77.6391696199518,80.8610895380889,97.5049428370179,48.1555314016578,50.5128033064458,88.182083589385,51.0392866455814,47.1113629137686,46.7368873176877
33.1486547411095,32.7458459457136,34.8689866011852,33.812130388796,33.0996394319214,35.175643999027,36.9005346331259,35.5835128064794,44.8033154663712,45.5723863266778,76.4540612509805,52.4060909637588,48.9690407978104,47.6953312528051,43.0657003201177,48.132843692828,45.8357982215682,37.8841972840095,41.0658514975052,44.9038204110636,0,21.9197580807982,20.096019604793,51.4194944438647,61.0320497570215,70.4435633192982,60.2038334018398,62.6225974560202,46.4045805619409,44.8215738093084,43.0095299903082,47.6620541673823,49.5465764066556,48.9618621308488,47.6024384332357,44.2592234319496,64.4292325227264,58.8567659279201,56.749263971918,58.5622735967651,63.040944229418,66.6599978473085,62.5433627555329,62.7813182376887,66.166809837585,62.1942538422188,65.0563602029214,65.7516918678881,67.1336161460773,62.4854593346928,62.0147867662538,40.1949240825438,43.2341690255723,36.973066548147,45.4640393055503,32.1146363684514,34.3154106872333,32.5112431775384,40.3043836427808,32.9869391026075,30.6937684644177,33.8288685985382,29.6280330134799,42.0102391161036,39.5140810209961,50.4967718382987,61.7875872636824,64.4392871928555,62.6064510828603,61.6683046187575,65.3067044386353,61.9954497472382,68.7173351607971,71.938618739493,88.7268279127906,41.1225131229601,43.3389213250652,79.4957418805936,43.4365466111426,35.3291692911239,46.8442706809477
30.7697713974464,30.434388119849,32.4303199708241,31.5628647847111,30.8907691042288,32.6823319122585,34.3612095862499,33.1606348900009,42.8540320187872,43.6158100972392,73.1474474072345,50.5475556735034,47.0983353093484,45.7859473459587,39.6009223012845,44.7103364848097,44.8643824070796,37.0015380518437,40.1087898673369,44.0233229580568,21.9197580807982,0,13.4691094621483,48.4244194391636,57.6628408872377,67.0793403766244,57.3697831964365,59.72979059802,42.8340844808901,42.5884289583632,40.7697741775902,45.5121643889517,46.1604726319257,41.2498192005086,44.2002036036799,40.8558792205069,62.6299750814607,55.5195039859202,53.4104152664697,55.2257387707259,59.7215275916146,63.3412715572663,59.2260792047757,59.4648919801411,62.8449762314465,58.8682662519177,61.7325139347997,62.4271678390389,63.8089575922178,59.1617646232611,58.6876640530689,40.0013142986453,43.2602830340099,36.8160339954343,44.994398935405,31.842481107523,34.5206507935564,32.9585618399352,37.4979336267348,31.4485755790312,26.9320479041845,31.5389989715924,26.380784992665,41.0451628606125,37.0045114834667,47.8298463533939,58.4420921412676,61.0923477892672,59.2601349469287,58.3226202521115,61.997471882579,58.6856909368324,65.3999756120482,68.6209868166414,85.4319769848931,38.1758698757892,40.3604680133523,76.190927490102,40.4547984869273,31.5497489215506,44.870830407202
31.5081127792303,31.1781070441806,33.1856783570463,32.2928094415314,31.6285119962883,33.456944376043,35.1537266534038,33.9366732884187,43.6863687023826,44.4490802341107,74.4486394641496,51.3741863874169,47.9253242246812,46.6157544611428,40.9141571773107,46.0007389098398,45.689873609617,37.849761996157,40.9435242049063,44.8657233205714,20.096019604793,13.4691094621483,0,49.5189723283628,59.0422643833205,68.4434950751724,58.4102086248004,60.7882457835587,44.2506462902445,43.4516428800807,41.633021095423,46.3672154563801,47.5163065955531,44.1694895832714,45.47081900781,42.119416759817,63.4538360999095,56.8418581684654,54.7342567609528,56.5483740929375,61.0279828976925,64.6477374913974,60.5308498704667,60.7695908058016,64.1567956817653,60.1833482684097,63.0462626150214,63.7410226284519,65.1235483535407,60.4751312255444,60.0036993203719,40.8532650327634,44.0703060164924,37.6910016275317,45.8170005755924,32.8736096042102,35.4428489667847,33.7953075161422,38.343517218002,30.7663198488006,26.9449993403172,31.6859824496344,26.7809548880859,41.8890049241265,37.8581041441991,48.790774373925,59.7758031360219,62.4276867399678,60.594622467759,59.656245906235,63.2982387000776,59.9866770192623,66.7080709956442,69.9289918191865,86.7221040544024,39.215872364953,41.4134572504882,77.4295204139584,41.4532187413196,32.4574951214055,45.7009952248539
40.6618331207247,39.9282414999852,41.8783249439559,41.4020818919525,40.3741372216498,41.5509637001368,42.6416924781459,41.6726299730969,48.8053067254114,49.4694181661893,68.5276452705787,57.4097854834486,53.854353474735,52.1376760073676,40.0028524820114,43.7538516274894,58.7034468335938,51.564160575527,54.1061536016837,58.5397639085441,51.4194944438647,48.4244194391636,49.5189723283628,0,58.2052973703109,66.7696781999422,36.978454332087,34.8292063611948,46.6007617294336,45.2025876440481,43.3788842817301,48.9303245209416,45.9015499860078,66.5895162071533,42.4266565591743,39.1256240481993,70.0489905959972,52.6064343230264,50.6039567053366,52.3079106572161,55.6436736335684,59.2472235346444,55.0184155505316,55.2332941571893,59.0758244872812,55.3492691469443,58.1011826648009,58.8163335987688,60.2362371157834,55.5087621133968,55.2399323343113,58.1657811830983,61.9071127010323,55.472884570525,61.463696134652,52.2909263737011,55.6222343807424,53.915557220985,44.9702841003273,56.986317459116,50.8641341803036,52.8288754216048,46.3928697522811,55.0330559137303,41.6877416838036,43.0780901718164,56.2522723795676,59.0126662577757,57.1258457988646,56.1330535679218,57.411917994278,54.1224160790995,61.3512397034756,64.5739778368733,80.0045541119829,31.269753837127,32.4576234920211,69.5833041924105,41.0248491624399,45.2708921743745,50.7826879454687
54.866964148271,54.3309029954735,56.1966679121803,55.7118412451584,54.8457069619912,56.030455505008,57.288331948351,56.3649066957089,64.9642948036516,65.6761883952778,61.235894244625,73.1256245494512,69.6220846532572,68.101953735662,42.3025871170715,47.105113245302,70.9710205467925,63.3931369830977,66.2606996355389,70.4155848211153,61.0320497570215,57.6628408872377,59.0422643833205,58.2052973703109,0,31.0837959279654,69.4929810193925,71.1436214758711,46.2815057628106,62.9820627568794,61.1560153698857,66.329510552533,33.5548801697729,74.6569190147503,47.7431407251441,45.3545686023447,85.4934837256974,41.3768719632132,38.9996693976061,40.7436077653116,48.2169528730286,51.7079115575261,47.95644850027,48.0702876556306,49.641326011985,45.1750633987272,48.1158232150197,48.9419667175643,49.9873852917407,45.6955503312208,44.831084004555,68.3442463724854,72.0663917509652,65.3368938186927,72.5203090263478,60.8833446111024,64.5695097797598,63.1689071147157,59.4364953606946,67.5216827461916,61.6406036763833,64.0511858640628,57.8033700838964,67.1573642083375,57.9032957578041,64.4885328748179,40.3010467172654,42.4033979910101,40.9349664400583,40.3600445538396,50.7866519292251,47.4859702306264,52.8270838112357,56.145557092885,75.6691072030805,52.3889444252839,54.0511716158075,78.5624406769183,57.2931687083419,56.7589911302288,66.9574760074357
64.0215997683497,63.4807126803743,65.34400787516,64.8676500686888,63.9971926361953,65.1684160827404,66.4167603519794,65.4982690448526,74.0687403263422,74.7784293808218,67.2511163596268,82.2516071902447,78.7454449347515,77.2158511548683,51.3105165527329,55.9423393166341,80.2775317632391,72.7258115835722,75.574303381415,79.7451631675832,70.4435633192982,67.0793403766244,68.4434950751724,66.7696781999422,31.0837959279654,0,78.1387051135818,79.7694286718018,55.7412864720442,72.0142681665038,70.1884099051806,75.3769792452845,41.8403247435087,84.1042304699754,56.5322067685166,54.1832876496873,94.6329040805025,47.4258858401503,45.0039118755771,46.6190863222987,54.6624812454065,58.1019228260889,54.4286231440555,54.490307043006,55.5302493553008,50.985534108668,53.8794511005699,54.7954277655226,55.677857220116,51.5278206947505,50.6067022527232,77.7683997746638,81.4888992371697,74.7798929844104,81.893673523215,70.403307677497,74.0617938647184,72.6409666360423,68.5505214308711,76.8609859787076,70.9562103873826,73.3479690353934,67.0814323669324,76.4736779023647,66.9745492982161,73.4033124475859,44.3709256283629,46.1658372472615,44.9388302162639,44.5977123430222,57.1318854673975,53.8444361642359,58.8510277541313,62.2154679574193,82.2284929293409,61.273156559188,62.9199576883748,86.9640864399061,66.2943464193439,65.9739509466698,76.0601815291012
48.6328053594101,47.7899240896405,49.8649543468933,49.255624189887,48.1389239788603,49.5506698987713,50.6604422392699,49.5451288725386,55.2068681247127,55.8441838495171,80.1945824658533,64.0084219218752,60.4331192504915,58.625493327915,51.3543014607341,55.3298706663725,66.4990228311357,59.4578489638892,61.9224868386235,66.4264382502909,60.2038334018398,57.3697831964365,58.4102086248004,36.978454332087,69.4929810193925,78.1387051135818,0,32.7797867618929,57.5518565208778,50.8653557832214,49.0714359184169,54.6763467805634,57.2975275996527,75.8976799050806,54.1517183935983,50.8357251525629,76.7611467828531,64.2122354144368,62.2006426063729,63.9064977401614,67.3470062637552,70.9444843945245,66.730717118934,66.9391490836624,70.7169216377301,66.9764306138342,69.730741744518,70.449557088247,71.8604595198972,67.1424468883906,66.862442794221,66.5006948097044,70.2685006927973,63.8787968542025,69.5868574144648,60.9760940133872,64.2724955828648,62.5129586955646,53.4413037068757,65.7291620274675,59.6328866096501,61.4796796733692,55.0737480697183,62.8426446787534,49.3272876671454,48.5458493317459,67.7832261474486,70.5351877610336,68.6530005656179,67.6649408007093,69.1157067619187,65.8279373920531,73.0104432904992,76.2372338326356,91.7525400484985,41.276665670616,43.0906695811967,82.4296123061879,50.4268603615107,54.3493791289334,57.2229714283289
51.3106447159096,50.5094560869425,52.533177946025,51.9809841898833,50.8983967730562,52.2088703839087,53.3056329255035,52.251855083533,58.5399504838545,59.1885097069082,81.7752746682182,67.2619238731893,63.6944342966414,61.9237901483221,52.9272810780624,56.8389667215874,69.2888821595722,62.2129215311279,64.7053487958533,69.1837373396185,62.6225974560202,59.72979059802,60.7882457835587,34.8292063611948,71.1436214758711,79.7694286718018,32.7797867618929,0,59.2590102637808,54.4912530998028,52.6822031584828,58.2809559719872,58.9099140042972,78.1311177848297,55.6115882229745,52.2909970971778,79.9692493696514,65.7908206759002,63.780954488818,65.487776789962,68.9076896255989,72.5075124835598,68.2900902912135,68.501097174669,72.2951228282637,68.5560808758825,71.3111110074137,72.028342743709,73.4419098114051,68.7216552556121,68.4427474561112,69.0942144866259,72.8513982935419,66.4469948040998,72.2565353391869,63.445083847951,66.75180314382,65.010252745508,55.9016091226078,68.1536730481668,62.0443482281057,63.931851814455,57.5115149377463,65.6290714345158,52.0818446866904,51.9288110587648,69.3789241068041,72.1324446273906,70.2492959074401,69.2602493364379,70.6832160474376,67.394550262282,74.5861333120569,77.8114887555411,93.3162443716146,42.7715060998673,44.3502710155839,83.6322345588892,52.4526858621981,56.6329493025275,60.5369326709083
40.4676833168451,39.9819535182883,41.797345163094,41.3641813103986,40.5372749112992,41.6377833333164,42.9042198764472,42.0275467552078,51.1057765899145,51.8240923722435,63.2496633974375,59.2244577014802,55.7247589905192,54.2247771759429,26.7503855235354,33.817743403665,56.8685066151611,49.2952705444603,52.162673712731,56.3143117567539,46.4045805619409,42.8340844808901,44.2506462902445,46.6007617294336,46.2815057628106,55.7412864720442,57.5518565208778,59.2590102637808,0,49.2872005052446,47.4537350926202,52.6230461505329,33.9042489492204,59.3062973713678,34.5649748250277,31.6308607943439,71.5687989025642,44.8275879656791,42.6726613890722,44.5476373080434,49.5410725906466,53.1721605002108,49.1041920259577,49.3579933183541,52.5586089751872,48.4708054180926,51.3896072809962,52.0696081152245,53.4430110454042,48.8249653939593,48.2593196139638,54.1942250191814,57.8880038002065,51.1908367809678,58.3779242652272,46.75720494823,50.3708996331035,48.9494469006929,44.9188538711832,52.7612451883196,46.8070973109541,49.3027365084088,43.0011285831692,53.0681947014049,43.7633612974482,51.0274069803794,47.5176531517024,50.1304485001153,48.3137473837769,47.3920704909205,52.0612474968415,48.7380770953523,55.2350588344947,58.4522582417052,75.8734574269489,38.7275509641923,40.4387372296265,68.2692052488178,42.9421121569288,41.5519393285655,53.0857250825908
