IBR/IBR_outputs/all.combrep_1/EucDistWater_Total.FireFreq_2000_2008_Total.Spinifex_Total/EucDistWater_Total.FireFreq_2000_2008_Total.Spinifex_Total.asc
NCOLS 160 
NROWS 95 
XLLCORNER 210004.651214014 
YLLCORNER 7350008.22228844 
CELLSIZE 4999.99999999997 
NODATA_value -9999 
[rows 42 to 62 of 95, columns 46 to 91 of 160]
8.62697528881425 5.25792177030509 7.67300668703632 5.68533033241516 5.40279437316049 7.16178943123492 4.04632754632549 4.50975937227992 8.76362882253729 12.0379643687873 9.58187287965472 10.4834942544424 7.35918072674451 3.19026837461106 5.27610828945836 16.4800633512306 27.9126019649836 29.486493815012 27.6020652618314 27.6802171279112 19.1407582559846 10.8478466795414 8.18373277991128 3.75822579325118 5.27648552106899 4.39239518433239 12.2495641959521 8.11814395571588 5.03485242190919 8.34334998034819 5.78265776197109 11.9920442587102 7.53596295971268 4.00258943098489 5.19623068383301 9.5693629397973 6.43109509985319 3.4780610089357 5.703348418179 7.72222049710065 5.67331878586172 15.0002399030435 21.342250661607 13.8357750419931 7.47493162163083 4.22505622880821
13.542317217296 12.8025824330682 9.60412906187251 5.00767059393936 10.7134702013556 6.69199767739209 9.74650975979661 12.7597739471977 17.6674066758372 23.6405288238734 22.4483632748151 22.893781380039 17.0979026136584 10.8611557988613 6.69633079544068 15.3301583633319 21.7891579977737 23.8330300452506 18.5138046127074 18.908477047726 24.3412461949525 21.0243608375829 11.5825669072508 7.91430617692275 11.3451918839546 10.9625975559245 15.1494205162357 8.46250097985247 7.92665500334397 7.93430228515261 7.84898776750777 8.71731727278747 4.13574864248096 2.9240402272701 4.35441507999593 11.8015998759245 9.54504237575507 4.42163977487274 7.01872224310227 3.41617388983078 12.0412166922785 17.2816188484133 19.3985595510317 16.3944496996263 7.50016456385265 4.95871925392765
4.81147135598396 4.97309234206945 4.42892552951082 4.05825088422622 11.412429265876 16.8346130012423 18.9069870484178 21.957241411804 27.5595260454042 25.8474342970662 19.9460936791268 21.5388374200103 25.8767279168679 21.6084413657804 17.9327557371059 14.0567866992334 9.69424359390733 14.1061627223863 7.45841536715958 9.17098980257511 20.6130253729775 22.0366024435927 10.9672190266076 5.71896384247602 5.26008158147134 6.79037655554132 12.1536262535366 7.383358613818 13.3887252168576 11.2886621335136 7.18195780464697 8.00080977104545 4.49773885271829 4.49768547950363 7.01394747684738 10.6749682350155 6.71046164667386 4.92001106879004 4.98174478067976 5.3029014590591 14.5802005603641 10.1880385305476 8.63910463998368 18.1768975730849 15.3558494759841 5.47317904750164
8.79850726100168 8.34258547830103 4.63223989499229 4.03949748084172 9.64625885396208 13.2992302717626 11.6349429389811 13.4498034334813 22.7965753114748 18.5086366401394 8.43332997749295 11.6058289293604 23.4391262050247 32.242851424815 25.0082910711075 12.8561824342039 5.94171802473435 6.78686206582523 9.6732622569974 11.7532120592918 14.3409827178835 14.8703513529828 15.6818632613055 15.4720626048232 12.3031245314975 11.0017992698385 13.557740454724 5.58852692602509 9.92053915938243 17.3464989212852 13.3867923525838 4.34166268178147 5.61914289249012 3.7335476085957 5.22019556606917 4.8837729370829 5.82598606331262 8.98922810925725 4.87886830518162 10.6279628816894 7.90656306363873 7.0728588256049 8.02897985583415 13.9102415182962 13.5646625524031 4.62206170199452
20.948280372074 18.8594117671681 11.1985118606516 5.34273075788479 3.94270650810161 3.84236331053861 4.46580475052811 9.15781479575937 14.839216572361 15.3367801946395 9.61969240797744 12.5226365428143 23.7850385726542 31.9808308559902 26.5519753797381 20.8584294092836 14.7821044975032 12.6714303918061 16.7143910198766 8.80294016912262 4.62787619002205 4.38307475199677 6.27915065497647 12.2108742389862 17.9816755569813 20.7115301198086 19.6992357643645 9.65914907840867 5.97396109643408 13.8861888670094 9.12708110504184 5.15537863497898 5.30998672204375 3.74186158452577 3.72994777536568 3.9533909335013 6.10620473175535 11.8408454467945 6.81724562587272 8.20167633316968 3.71348978450482 5.76378766693447 8.96874342867729 4.08730717819676 4.94116294166533 5.03145432981076
18.1583812794612 12.1121581062449 11.4481214718065 14.9906858014164 12.8812604825424 7.19997731712192 8.34743536759574 12.5373902497706 6.3909451102726 9.30099167907614 14.9981928244575 13.5257577714973 20.3381066534738 23.061399213969 15.3325256514524 16.6532489078675 23.1583984223333 25.2133632244753 20.2210771102958 10.3096278801462 9.84331336726416 11.1527148395748 6.9407957287541 4.22342692702318 7.87407512528176 12.2574752600009 14.8810671350415 10.8074775616793 6.28587765486717 9.03890650937336 12.4223644396229 12.3539064507802 14.3109001232879 5.48761735533323 7.67140625248381 12.036669735513 9.38698329855149 6.86618767470588 5.91409978057836 2.61153333215246 6.93404464221351 11.2097759585512 8.06193372063562 3.59939606026861 4.75167720969385 8.30103445899645
11.8522932768604 5.28079904041823 5.91665648033323 15.3668710101235 22.6843600932807 15.4371055891547 5.18851982732732 9.41331095310744 8.00011426699901 4.38159935366144 9.32160407063323 5.73481524923941 15.2948219284882 16.0639526433371 7.01832632018812 9.43845780104886 21.7802410850091 33.5919074750519 28.5808465174024 22.1541620531111 22.5460498990413 23.6158256720554 15.8728082583248 9.31505212643522 5.75529871543406 4.16425734633761 8.19901056580094 10.8235248046268 4.65748154563166 8.11056229918626 17.9003264593003 24.4357482101902 19.6470848045086 8.89078669043617 4.89427340337155 11.3356868193154 8.75632639676864 6.82336584813485 4.64221585176441 3.01888996063421 7.29507731793317 5.78876753090043 5.18620679282515 3.91225704508143 6.57223336357731 8.54409786777408
15.0112321882965 12.8712568315041 6.00216580571928 12.0059292051512 23.6479039177654 17.8044684611704 5.70543745692858 7.9409900441533 7.58958049848316 6.14130067729898 11.8151041630308 12.4537563991337 16.6856870706722 7.89909712064586 7.38302163222585 14.6829172609064 25.3024286255 37.8655822679615 38.6155085519952 33.16721145389 32.9862498116398 33.6769473614885 26.4831173429962 21.4916196610959 15.7199960261364 13.6791392079494 14.9560338195817 18.1840393726624 15.5866106836509 18.9812606561136 25.9743756540185 32.5404122356869 22.2539334657698 11.474094342134 6.95581483970646 3.6226343173203 5.23296387395339 10.1752065210773 10.5438491042977 4.80294312412893 10.7634967290083 10.2962017950939 4.72488816459454 3.71159475062628 5.03046515099586 5.91178571773859
22.7465361709815 19.0567614124702 11.6274644788672 13.1634501571594 21.2816464231968 17.8909495683556 9.28239881373569 4.78288567063385 4.86470287935809 9.11991188465866 4.57400120365327 8.43008538792162 15.7007066152063 9.88500439871607 7.59613989565442 15.600865645 25.8291587502789 36.7645840163844 31.9303881683436 24.2546542733053 22.9644658663399 28.7762832715302 35.9408588961487 33.5485165963472 27.6107060006595 25.5201278341661 26.6565995788302 27.6691713159437 26.6780978303705 30.4391962724701 36.5097307617053 30.7051545806534 19.8360908674861 13.4738133337878 7.06578056596637 9.33698087887221 15.1680455786163 20.8662216483499 17.036397239066 7.18924537015687 11.732741017833 17.0497652148526 8.78431955411696 6.65069355816687 5.36615606669015 5.19210011239494
16.2924893382683 15.162711865937 9.6375142993038 6.22815543041973 13.8084032120686 9.10797354028099 6.43866476510753 7.74415039305986 4.76949129535291 6.09315715035391 4.87811389841031 8.91332652876681 10.445101340154 5.8726900102278 7.46334423268081 8.42622956425879 20.2322889185238 30.7119684907343 23.942771387461 13.0233328097845 10.7026886054063 19.9377950353188 32.5423986969521 32.1268195093032 22.3222438960845 18.4723151815786 22.3202158157396 18.9572200893899 18.2562169939113 25.7423824375938 35.4757098619878 26.9682669750344 13.9259839133579 5.60233276963296 12.6904553173576 19.5369146655323 26.6808743603753 29.7199996843963 24.2908504392268 18.3260054271976 20.5586177096001 19.5869808132366 10.5753268135813 8.24256523639476 6.66178334283222 7.51726057119263
8.48935823492002 7.09877261575559 9.12290909919483 7.40463259328646 8.13473050973725 6.54541563400818 9.69925779107814 12.2548587337519 5.82405237525459 5.98913325097258 5.97837496474701 4.94554868311042 7.31709648926636 7.07789001769966 8.72005053445035 10.951763054045 15.5219313426852 21.1852906991224 22.1632148670545 10.6592049055422 7.88710798422003 18.4708953871605 31.0823551068497 26.5406400047563 13.9159793623235 6.97085055755269 13.9781405331099 9.50015372707901 8.16495022216278 19.4743871200345 32.6078565457404 29.8483291189203 18.5475977684523 13.0258311812369 18.3684321131674 26.9447797159164 23.2054460262427 21.0015872301045 25.7896382140365 30.5029989600002 29.0357226670849 17.214109569297 6.0884197728353 5.49074538794717 7.72916022145413 4.90844083026489
8.78355546480244 8.32135707527539 15.283860063467 10.0782639099905 5.07389786600743 5.78267891937594 6.18881914865843 6.5904243406179 4.63871769902414 7.05963539648197 3.97168475606403 8.88830319585071 13.5730586515723 13.8495241686412 19.1527704417484 13.1818541687692 5.94325496367281 14.4152388725835 24.735816527867 20.1990677468802 18.7977458574704 25.5067270914002 35.1138799741211 27.5882255603632 15.6749663945924 9.13512679680042 6.93998112705462 10.4666138909839 11.983485375792 21.4593255187984 34.2356075433562 38.0123549280664 29.6199270379978 26.2326718816649 29.0892004684711 24.7458216273549 13.0848896348337 8.79112693962979 17.6182962322291 30.319967866853 32.5073808736989 20.8668890796231 13.6506668370606 14.450444913182 16.0256445597866 13.9673390859932
9.35963233701318 5.73403658660813 12.5826341824958 18.9841124809454 12.6699544205054 7.8703351971083 9.56900846092664 3.85329996322071 6.70411829664043 8.56370283222304 8.39352197869435 6.89130480166458 17.9580595272036 25.6331972970585 25.9861246445814 17.150041117962 11.7579381397111 17.8957445062726 29.4222849504561 33.1988286927692 32.3687961912276 37.0673266613692 43.1681509270736 34.8164744880193 25.4605970353066 16.1519095050073 8.97552082665885 11.7512314073328 12.0294131928961 20.4848935130945 32.9197911212879 44.9134035930734 43.2325141447471 40.7329920319542 37.4477379923752 24.6410656521449 12.672751340346 8.09556680857689 17.2109901695327 29.9245607450366 29.4119047516544 16.5936258032286 7.54965337062678 12.8688894589321 23.9107561357574 25.3361737818152
13.1647522023845 13.5593420279029 17.9050358867308 23.2370706457959 12.2471426699207 5.82469330744954 10.9342439386432 3.4936333072342 7.23024642662921 14.8410574854746 8.14332831097674 9.97592656156443 21.2948904046038 24.0119815363072 17.555437530891 17.7544675258502 19.6385075736031 26.7230653327883 36.7614152110616 40.0974390117161 38.2212873951071 38.8444790837056 38.606166987492 39.2810708971322 34.6078728688438 25.6478805662222 19.9485128758046 10.5452461205117 6.94052662968568 17.7075482402729 31.0830093444278 45.6957690676702 56.7331184255169 54.6654650421744 43.3698387993835 31.2717348645376 22.4771896633379 19.9953269319767 23.4166306837087 26.4969010557584 27.4288971960889 17.2607726531918 9.0140133413157 13.9948406867736 23.2457819890372 18.3870423983374
22.3282136750482 25.1429334224219 27.875401533746 28.5041067024096 18.6517806722278 14.857429973297 16.1819362406766 7.47653563356384 5.33223690955822 12.9772749096289 10.8182204298806 12.3030805123002 16.654417814632 16.3591811054691 7.08355996774533 6.25051157410409 12.3419048831612 24.6129966550917 34.4633869272133 28.300628382467 24.7318135626489 24.8164186866849 24.3578466490122 26.5725554528443 31.0950656188609 35.2721733848026 28.0595699078076 18.90017373076 16.9639309852201 23.8429018760763 35.2807947068157 48.9566784002371 62.1933919157188 54.464948709813 41.6603828452779 31.523227731229 25.6429127161953 24.3242834508331 16.6436889408056 13.7732408985078 21.02648795236 25.2844570749677 21.3337444148041 24.007087993718 22.2998776567078 10.2292230165781
22.9356677883558 17.8573315390056 21.1867524304132 29.6901428976925 26.7730889388836 22.8045437514976 22.2046000684844 15.8622319521709 9.68890452905322 15.4390439000728 21.6060272295005 14.6556640325008 6.149955282182 12.0709488586875 11.4891267833345 8.86951339145941 13.9788010389626 24.0851557175804 26.0622857304399 17.6323773439799 11.5728016770564 11.7395949223177 11.2583120889519 13.4841198918594 20.4480989903974 27.4323732122483 32.5502292210609 29.6895712306117 29.5976805825744 34.9042487155259 44.2182181328315 56.3502324814789 62.5091396125687 48.3874401515945 34.1948975625436 21.8167378939504 13.3100057332049 14.5639808056317 10.1237412767902 5.28454107267714 16.297894286825 28.8939054284615 33.0642368933088 33.4997661134558 24.9511861190927 14.5535716580495
15.7973833035108 6.67410472626015 12.8055758131324 24.117444252868 19.1586747498679 11.8565116233196 12.2334226041517 14.4505175157176 16.8273870184225 19.3622403627238 19.5007150381167 11.0294241826094 4.10670001331198 13.6744351116374 19.6676692413333 20.6753115151767 22.9123716927156 17.6964554285287 14.0280985270064 13.2888932036704 5.10388936760516 5.42747544827013 3.38389861641144 5.73907484488505 11.6226669153687 15.8609810756734 23.3413130663712 21.3974683559342 25.0041819858949 34.2940426201205 46.6327849330861 60.7598204641474 62.3779533669457 46.6221503357453 31.9096004379006 18.3958283102047 7.06440297017036 9.50629372594983 9.83550521012887 3.63697436361862 13.429043182696 21.1550935505467 24.5187768585821 25.2304528917413 21.9331844457592 22.7738931207902
17.9137000587142 10.4939102012364 15.1879391058878 18.7407919459774 11.7344306522706 3.80709798351605 3.26371127387269 4.65227256455294 6.12880517536479 8.29721665124551 7.56833073705824 6.29090277343346 9.48453421031953 12.9236642640566 9.97977281120179 18.2576337401777 23.5822850758039 11.868681826732 5.77102946616696 14.6928853076853 15.5978291377326 14.9404821888396 12.7325716477336 12.7093840508864 5.40063898402114 10.5022308607457 15.331386173912 8.92062666573802 15.3158605868657 27.4969464238925 41.4415061484276 56.680601151021 62.9193575602968 49.3914038249598 35.1053661302943 22.2284646371837 11.9528323838126 9.92488629717623 5.67322817254418 5.76826199800517 10.801898224595 9.14600267738678 12.0613398020055 14.7936188102477 9.49237779377953 15.2697530060152
20.6367455592387 19.821099334094 20.4507228665129 10.5098831237878 4.50869992795007 4.36548950977724 7.88180874437307 8.15700758665529 3.87032162021245 3.89846764013591 5.21252693441973 8.132581589707 15.3085034834093 12.2164227397385 7.01740108254038 16.6211689881774 25.6406487246697 17.8224782410237 14.1505560493132 20.6153468331174 28.2463512335238 27.4051808997023 23.4508296029907 15.5388266658697 5.55764722255689 9.02290627854442 14.3035085218207 7.50746877524392 14.4787584247943 26.996499421804 41.0603747323036 51.4122395972122 52.1974595217437 49.938070325954 36.4783342982023 22.6775051946407 10.490396052746 4.80456269333109 5.60129630926586 5.58082448404518 6.56663888533819 4.94846776603771 7.39701977308412 12.8059088346741 6.89702487365622 6.42570514499338
8.81489834679473 10.4637683205582 13.6548542848379 8.99212246650783 4.00889358621167 11.2616955713408 16.2963209374836 18.111164332037 10.1746228763312 10.311499552615 16.1892845113924 20.7054216464286 24.7633480924439 21.1843665310287 18.4205894471602 24.1077403962303 33.1481978522258 29.6610372882595 27.4125569644722 31.5628475925702 37.645354966619 28.6861139684278 17.3391647643089 11.9446996919035 13.6403057882843 16.64459975967 22.2210039528491 19.4923167417609 23.3441139565972 32.8700111224999 40.7315631822794 37.9818846960145 36.8513056143604 40.7512592895372 39.9298428602538 28.4866175218747 19.1051505891809 15.491888924444 16.3057161834653 15.6471700566339 9.17911539714081 10.2759867283749 15.266916887887 11.8689113906811 9.59584150048914 4.05282330064483
4.99975368889138 4.34702516207138 3.8198278980168 6.29849380490032 2.71847703268336 9.94689403396651 22.1904319919012 19.7358952272088 8.27625558734127 8.32841428033201 20.0251752362496 31.4396711605153 36.9645457983972 33.9783098514355 32.1541716032563 36.0434047419592 44.037332369675 43.6583773194961 41.9960837870224 44.8835762468791 40.3217209927003 26.3020539233177 13.3934062067366 5.87230896560972 14.4065553324984 24.4916925337216 27.4872223858508 29.2754893401273 33.2171376099832 31.4740088487757 29.0394448148931 24.2625314062488 22.7632330304809 28.2952024273393 38.0802270918311 38.5485860815998 31.3835627290185 29.09439529799 29.7504553296275 26.8896935482798 21.0331512253669 21.578834296249 16.2908387898505 5.5987494165258 3.75609951539387 3.60620228597219
