IBR/IBR_outputs/all.combrep_1/EucDistWater_Total.FireFreq_2000_2008_Total.Spinifex_Total/EucDistWater_Total.FireFreq_2000_2008_Total.Spinifex_Total.asc
NCOLS 160 
NROWS 95 
XLLCORNER 210004.651214014 
YLLCORNER 7350008.22228844 
CELLSIZE 4999.99999999997 
NODATA_value -9999 
[rows 63 to 83 of 95, columns 46 to 91 of 160]
10.7985259074173 11.547130274967 4.89501616281063 4.45026409201728 6.84192746681968 13.9185048876877 22.4920901002836 15.104664443437 10.0401002566128 14.1838786727333 19.139289836497 25.498510809187 35.3722429252995 43.5950219774783 46.9100868236862 50.1731548133807 57.096357586822 59.1683016199908 57.8125804471911 56.5626641298272 43.8214358391307 30.7245673451628 20.2968911938201 15.9334685823245 19.3766174747126 16.3385514196531 15.2810659496148 20.374557985185 27.0330461761724 19.4713830744884 16.091792001496 12.6470073111873 10.3433802507689 19.1643933882109 31.6449867874393 44.446860282862 45.5384190620118 43.8614723304661 44.1408995454288 39.2700223602427 34.8053847140672 30.1667917362543 18.0003121998975 6.04528039362113 5.00360621323777 6.07020559680925
11.7440811975308 16.1112912335972 9.68649197695025 4.29853749520864 6.77434847047861 11.9556437762622 18.6685755756013 10.2414684826531 4.41884023164986 7.35284567144271 8.12520286373185 16.061464679646 25.6136051649159 37.7370036642731 51.663752432734 63.6794730790277 71.5875017413777 71.5950858617622 64.3887358147078 57.4022644347734 49.4065792932967 40.0888087685003 32.2696126378767 28.6254930098253 20.3694126987382 8.42561519662301 5.10409132618668 13.5025093705522 22.0094141224826 12.0453066725462 6.12914623538935 8.86980477110609 6.14610018484891 16.5890795492527 29.8292962284664 43.8423221446135 47.4509063183903 45.68275435339 47.969670276922 50.2983321046576 45.2228721654941 31.6735926841407 18.6521970013483 8.83540951188722 9.46809635295726 8.74628747448835
18.4618645133766 18.738889449187 15.8716112472565 10.5814332317149 6.20043685127541 6.55561267739068 15.3811179721552 8.74668020474521 4.56500499666997 7.20571858855601 4.73863047625179 8.47002759973501 20.376447966701 34.0478303412256 48.9025892124162 62.1867469599399 68.936368393865 63.146570838405 51.7633301436672 43.4339542223037 39.2037763471207 39.6692864415614 41.9566278669784 36.4335498337945 23.9686491200004 13.9182407787036 7.11235331414734 11.5444822196535 17.6117484434505 10.5947883388788 10.8988133610198 16.846840387665 16.6878201513402 23.0190740467422 33.9084202837157 39.2018130886647 33.3703939802659 30.9177472697451 34.3586545710656 42.5889052725242 47.7044914679182 37.3994765452056 26.6723046557884 20.5958126776633 20.7914496031761 19.223823819485
9.24750384872105 7.47585701121106 9.11097732442967 7.03290727228769 13.6711651441212 13.6903547558215 17.0352903993523 7.65781572596901 7.47196308048924 3.73198776043411 3.65484843716907 11.553489534657 23.0554182843227 35.9579527627484 45.5026058261653 48.5152685087785 54.0580027583011 53.4538375173578 40.8665647020245 30.6798933826933 24.9825803893339 25.9968272205588 33.2322017333696 40.2786767776388 31.2987443712632 18.8990223023571 9.37564356922411 12.416708466853 15.1630789530696 6.1970562988627 12.3448397787303 23.6334439713385 27.4093526843801 29.2813179528749 32.3968676171987 26.8569711787302 20.9596613989956 17.2568082753955 22.4218747323033 31.8038382361721 38.9135451855857 44.0339334661785 37.1820389580199 28.717962635046 22.582706502656 17.3507827201979
5.71447939348388 4.74701084781672 9.97948753325898 11.9637518946798 9.20924332473506 8.2742729970193 15.4533557948953 14.130591032145 15.357850893986 10.1594066148153 9.8243119490633 15.8970700776942 27.5429108538415 34.8337192397521 32.1836819061248 33.9293154820715 40.6166482592526 44.2175419220283 33.667043399061 21.1859050484866 12.4090202226081 14.1955129258841 24.5259748503257 37.406309190732 37.7209499987851 27.2829886023681 21.378474690481 22.9717383274615 21.5576107487694 12.4213009411553 9.52439595794156 17.8107195891208 19.0739602410984 18.0150614471835 22.1296525356238 14.726812913626 11.0236514539934 6.39170539321964 14.1291569670627 19.9720807462319 27.6513495405715 38.9790750203113 35.9655205619461 22.6138902830304 11.6447180521398 9.98618177136456
11.8840444866116 6.12809095074461 6.68287650040723 16.5839930455367 11.4025626078872 5.74632158207982 6.03196769165822 7.09808702887979 17.5281227050071 21.1596620466198 20.8265411055521 25.437642152677 31.4902119658958 24.2465700633356 18.4583120023173 21.1088552425695 27.9936081707997 31.4747597145089 27.2517843230307 18.346359568388 7.36943672454339 9.94672228098132 22.1444041670749 35.8638621346884 45.3771982369978 39.5244224945276 34.9452417131646 32.0959744452013 24.1778702538633 12.6911725913096 7.43242126556423 15.5306114421002 9.87002845811562 7.77637454398013 16.3817725277231 8.0695652401001 6.35234221823489 8.43940400151251 5.78229143705632 9.53225936608072 20.8864756737363 34.3304104556341 35.4292217816368 22.0396996053747 10.5699855149585 9.11418783720429
5.00446408020093 7.14494148228459 13.0400794245287 21.0368434506171 15.1408031773384 5.71979802472676 6.19155047636912 10.9441179417307 18.8423372189297 14.9422271100027 13.8947963923626 21.6122822857101 26.5629622255799 16.5257243209258 7.10426107104079 11.0995253845746 15.7546615872905 20.19361290448 14.9917540147224 16.6270821748972 11.6278001881865 13.3754259870373 22.4250932551362 31.3538614381173 42.5379703437112 44.4744717383285 36.0789154620737 25.0288703612392 16.4689174224998 15.1153450422792 18.1403991783849 21.4461262778637 13.3337769244081 11.794966632819 13.6817246144975 6.48057195858585 9.57011706054609 5.65069995438114 8.60569541210856 11.4370515327473 21.9185991992773 35.0699382169466 40.0181136790454 28.9194971385444 21.010715104365 20.254089063514
7.16654840625963 5.61302503255051 10.6446472720192 14.6051214406081 16.0828237648251 10.2101010229148 4.66107495553318 14.290156599927 19.5126994363308 8.78156921857317 5.21394461439388 15.0719427150423 19.1582598318926 9.61586316081086 6.20266594533259 4.48637585556238 8.64019040748171 14.7133780718445 5.97758332834665 10.6726185556399 7.25553556346436 7.76603243664298 12.618931059941 23.1838233220024 36.0180988917303 34.2923050331844 24.9584446137133 18.4147973279231 8.22190812562663 8.06254611721058 19.908483391653 29.596557234999 25.0235460877265 21.7423279410216 11.6872739289508 3.90444296278728 12.6631431881571 13.9993427810552 16.4840989013995 21.1284659701433 29.5640663072908 40.9802597247209 48.3654621399022 40.1854657256443 34.4007568584622 32.9566532540789
9.22028335578868 4.10613049085716 4.17139257137192 5.82623760166787 6.53888194226336 7.82953278433867 9.90129768415202 12.1678399738437 12.9108584527848 9.01605171337716 10.623457255673 17.9164136304173 18.8388109339224 8.58835284218573 8.2415109324694 12.1371747212481 14.8350765052431 17.4236364508299 7.13668609168855 7.52813383539139 9.73759642982355 8.24919621443536 9.92875120408394 21.7172097209348 33.851124963847 27.539070673428 15.3579226022942 8.84997364893174 10.9602906115116 9.83361224744486 18.5018649106428 30.3031112982529 35.8136708414178 25.0228075194632 12.0896197040407 3.72636562936331 12.6121811067703 14.4752602217586 9.02939670479122 16.8269763281991 28.1512416005336 38.73967874241 50.3643044793389 53.4336685254218 49.2728503046687 43.5344181076317
5.88963470044162 10.5557294051543 13.8714758322289 12.4189650438207 10.0583321916177 10.0440826214264 10.6624685453197 4.12386261290159 4.81446822635913 4.34044917625228 8.41947287512913 14.5740171148874 22.5586157340264 19.6585502037742 15.6990039953308 9.27422738412582 11.9170376803164 19.7242330675638 16.127568005501 9.89216156943674 9.52268218776796 17.274761338851 19.5433539968436 26.8298313298365 29.4694576062923 22.4626131922524 14.2737099261941 7.54916755042497 10.3452833796029 4.49693345879194 12.6370061862096 25.1096410333588 33.9513541465099 24.106698709529 11.9224635581061 3.68961059865469 11.4304814875397 13.5704787012395 7.40787405643649 11.4293666949249 19.0598355448014 30.762288064819 44.5260230937934 59.1559741573161 63.8959867237548 53.9724242483253
12.8164674716971 18.906164940195 25.1371266421893 25.0812773544997 22.5067276690248 21.7451782524105 18.1719243877912 12.5389381099747 9.48808155399833 6.21076500233323 6.2248949241903 12.048098263639 15.0087530481084 18.7717244599902 13.3168987442799 4.54274658178575 9.25597404665588 20.790774529942 26.8935474823584 20.704081402183 20.4110405759698 22.6207614289313 18.1520408739679 19.9908712958566 21.0068382465076 11.503135413738 10.5920700496429 6.70654824348389 11.30449684119 9.38795163906049 12.5752356627581 22.4931491296057 27.5133161102492 16.75341265171 8.34462784270945 6.47455506841222 16.5275034637756 21.64269935715 12.3529943519396 5.89606488011831 15.1418160566602 28.2752048922134 42.6572970084316 58.2290696449095 72.263540077324 66.7888504647804
9.00846559465259 12.941758149789 20.8811277725428 30.4960923354758 30.8700249255241 29.1229417990912 26.9473798450361 25.1227634433757 21.1091583141753 15.3395957027304 16.5910837554033 14.1349568684791 5.68906482863853 12.8403548812156 17.7071847856555 13.2198834122358 18.3668177169379 23.1508211876531 23.4648725418934 24.6898822912401 25.8190203501783 17.9294193480911 7.46289470421762 10.8704094664972 18.0456210574252 8.6563190498167 6.13485652268971 5.25426290105361 6.3201324354756 9.00014000857548 6.60447187601763 17.2705376830069 23.1774982232967 12.1670532932731 5.10401427489474 13.5783783390107 23.6602089434934 28.7022943263391 19.4517682222393 15.5849874087929 21.2615246709296 32.2801302276258 45.6932010214455 60.7369207788437 77.0929354905151 81.5874215003148
5.94770127698697 6.37294934751452 15.9616222293134 19.357832194292 19.2618090502977 17.6469669584026 17.8601871429263 25.8759749971177 27.9896183317099 18.3271778363048 14.1684061441214 16.3409815709217 12.8379778481072 17.5324019124613 26.5761544072465 26.4199039606713 24.4313581922106 14.7560693390984 10.4129176229706 12.66255585198 14.1654204016943 12.4748353402918 9.4555696571669 13.7177367383285 22.6112529436529 17.9440053113227 15.6672128817865 11.2834554848052 5.35034830539892 7.26093290798953 9.63229217153048 19.9364908480358 18.0576726339004 6.85067786053046 5.09562854542056 16.4658926282452 29.5203740733675 37.6919785969211 31.5071702803712 29.05796817582 32.7497593450726 41.3129956423029 53.0563183914602 67.0246304758285 82.8147586592432 95.8410915608954
8.27848004532031 6.16552200993368 8.66395605167151 6.68541980153843 7.09479990834893 6.54330087069557 8.52397640137067 20.3239156010864 24.9724513019512 12.733809854867 5.61595862952843 14.7480332112589 24.4461708856023 28.839903920882 36.9600010736452 36.9892322126877 24.3355136116081 11.8986055605859 5.22678712777499 6.96816335327263 5.59355431445382 6.84044284891346 9.59144729348524 20.578678189706 25.7853728462327 24.6394134611756 26.0361968975212 20.3135569853354 15.5399700859646 9.31297794382357 12.305817270561 22.9859203424443 17.2706917630641 6.01917610368054 8.76914617916113 18.6444069822529 28.9417977795988 36.3550475681287 42.1049034295108 43.7326351746765 46.6044433943929 53.5528076314023 63.7805729548198 76.5653448671432 91.4805680946938 107.23631784939
3.50081466199178 2.78935224950339 3.80742520570506 6.14727797007329 5.35119234370315 2.85042949140804 6.96337606211879 18.6497890927262 26.6515604815283 18.2386544630437 13.8117037400059 19.7489857113677 28.8827258831517 31.67237263781 36.4684250790021 40.1252254054932 29.8297350211604 20.4538939849164 16.6006936924618 16.1507748726057 13.7881535100557 15.5646875115967 12.3057807969278 13.438332814767 13.9494275208953 13.4658755074323 21.2218150841563 28.8431387048717 26.5264601819947 21.2933363681844 22.8676838711536 28.2799445057691 18.7649830118113 6.77609036568775 4.93849956257003 11.682923249457 17.8985552589545 25.2920676047031 36.8356307751015 50.1511204267762 60.7113291125123 68.0337128631305 77.1075441829395 88.8441426067431 102.898504878033 116.263917765506
5.61724428400411 4.64474257618622 10.298026714669 16.5270496516835 14.4164805059599 5.50085971414361 4.73169761492443 13.5389269030845 23.5927926797752 27.3240281350631 26.3833977964538 25.8248924557068 20.0988956759001 18.3699357692582 24.9379896016431 35.9666881754104 39.5566808754069 33.1554598840748 30.2943773329218 29.197290131014 26.7577111497586 20.1245999622774 8.4085164227227 7.64207893367575 5.38234164879035 6.37312529104211 16.7142619562917 20.34879747302 24.2693258444519 31.2666104949481 35.9174049959201 31.945038130554 18.9601460448971 7.16072621006456 6.74543232584464 8.16713514299433 7.75316461137663 18.8966214482048 32.0057538290469 46.2179410473359 61.5504873062994 77.4256301021895 91.3249447393235 103.473486485068 113.758622895278 109.411452494753
13.0529544014509 10.2083161921066 8.2490912704503 13.8200435372429 21.0466663880343 13.4257678129813 4.54023975628735 5.83479013824219 13.6994114234243 18.9944950325089 22.2745994271652 17.0419418884349 9.61694051439264 7.35736057106351 17.9489005004109 31.1944280319281 44.9306084939139 47.5552969501282 45.1275788531479 43.5910042135401 37.1252197771549 25.6020511943999 17.2927175565044 16.3283817304945 13.6907947703717 15.0662885780173 14.555225965262 8.14984304430072 15.1157248148542 27.4595037517611 36.190995782654 27.9369446154761 16.9231858430102 9.1522233414132 5.52974739579897 5.53797644460406 5.72657920074232 15.6765404876631 28.8472216299984 43.2649224209032 58.8767537844043 75.7418031260279 93.9458272636734 108.451756065368 102.580100285165 94.3459107373607
12.0410521910084 9.30862768043843 3.4795549159007 11.6728076038918 20.1585100353407 14.9113768208992 5.22015369948906 5.00647461099603 4.21467064898373 7.66138080625897 12.3229154703358 6.17164319915473 7.55740835626828 10.1063853370026 19.5155599175409 30.5162025287378 40.4073592966909 50.1171430380009 57.1893254248987 56.488468309836 46.1071682915522 36.1663022934986 30.3366700140667 29.2594581391636 26.6148496923388 20.9355488226422 10.4952582753927 6.54925835443536 13.8346036317827 20.9945971387644 24.9781797789595 19.5672520268045 10.4313602369839 4.42256797164343 7.2031238625543 12.3608725326766 11.9748578904641 19.0341897767307 30.9682927170813 44.6686320927862 59.1938590782833 74.5455089776574 90.8537479999875 95.8178438182811 85.5647197944936 77.7326097730396
12.9310427200692 4.93940158261861 3.47677597410562 5.27821230098427 11.2966230562246 17.1705893082258 10.0961735946508 10.5624941683664 8.52047860328855 2.82894748013617 3.6004670987225 2.856300678016 8.15292079674342 17.3742269613268 18.1281414932011 20.9710867975905 29.2171717705789 39.6366118777527 46.8844170304664 50.3236689721816 53.3579300774065 49.3889667688282 44.9397009629109 43.247496809056 34.1579332470325 20.9864421604768 9.80702878177652 8.99389856047801 7.35587125687768 11.4846635932763 16.5638148757808 8.36883602997343 9.33272017625035 9.34149621908743 17.4987014707806 22.6769818084276 22.4785446821184 23.6781189193939 30.0567490274206 39.9753907950189 52.5356801308489 67.0312627272009 80.5260835443266 81.4877865989291 70.4937704650569 61.7592023577715
5.57442341962534 3.10903310237232 6.71896664668422 4.66069556065177 5.78810558279038 13.2641644767209 8.14365704674255 9.34753148589431 8.63702847559915 3.04956833845652 6.00050906176786 8.07101937015822 9.75324415308897 8.62588284215654 7.0318174781612 10.3507324648374 19.822539306731 28.7787354439962 32.1755150700904 36.0413182750936 43.7466912582281 51.4983627677914 52.850204420954 51.7929953962341 39.5706741162034 28.0999715869261 20.6410697021254 17.2063616532603 9.6365389285033 12.7429693391594 16.8988335449082 8.66183650668499 13.1118871070879 20.7960932785019 27.2451842562131 25.6661324728998 15.4065823225663 12.4016419019499 20.2519712244833 32.4227524387826 46.0995089485281 57.570142696648 65.1694905758392 68.0920527383052 57.6289258418007 47.6194127386703
6.80587698027004 5.9395796465408 6.10170682565833 11.3953584506696 9.75206558355687 5.62244165696548 7.80211913494171 14.3813387710384 6.32635771453452 6.69195269332588 4.49245858859156 10.6465077687442 14.4356995966762 7.65592987268796 7.1471256372228 5.58474524228647 10.6397302559398 18.1037158775301 18.4499818103808 23.5515253500171 33.1641243699385 37.2037474635885 39.3871960943418 46.0143213414244 47.7873033940641 39.5686487167786 33.9846355564226 27.5467648299199 21.9639170912483 23.5370892559142 25.718645091329 20.8246079850924 23.2086010058871 31.6641073832718 35.3454183905797 23.4815640407206 10.9802756215799 6.50416145706201 16.9859565863369 28.9234656766781 36.6584372213865 44.3448593853038 49.7311738692885 55.7846034848584 47.5154332769739 35.8122691024616
