0.153797 0.846103 9.9991E-05
0.199331 0.800569 9.9991E-05
0.259216 0.740684 9.9991E-05
0.0671648 0.910518 0.0223173
0.0764586 0.898791 0.0247503
9.999E-05 0.96665 0.0332502
0.0675965 0.910139 0.0222644
0.0395621 0.960338 9.9991E-05
0.24556 0.6965 0.0579397
0.244061 0.687659 0.0682803
0.184549 0.628978 0.186473
0.310358 0.626125 0.0635173
0.119174 0.558525 0.322301
0.322064 0.561633 0.116302
0.258892 0.678139 0.0629698
0.187071 0.812829 9.9991E-05
0.21723 0.78267 9.9991E-05
0.117175 0.882725 9.9991E-05
0.655504 0.145626 0.19887
0.761322 0.199153 0.0395247
0.739054 0.246441 0.014505
0.839796 0.0994795 0.0607242
0.993465 9.9991E-05 0.00643507
0.847223 0.135543 0.0172344
0.718932 0.280968 9.9991E-05
0.974091 0.0258095 9.9991E-05
0.91155 9.9991E-05 0.0883497
0.91921 9.9991E-05 0.0806902
0.985124 0.014776 9.9991E-05
0.894463 0.0575129 0.0480245
0.954145 9.9991E-05 0.0457549
0.881964 0.0822595 0.0357762
0.88243 0.0922202 0.0253501
0.262716 0.701614 0.0356699
0.307637 0.669675 0.022688
0.134208 0.838603 0.0271891
0.117787 0.842156 0.0400576
0.215846 0.681441 0.102713
0.61738 9.9991E-05 0.38252
0.907023 0.0180926 0.0748847
0.191538 0.709885 0.0985772
0.202292 0.796157 0.00155126
0.293756 0.515487 0.190756
0.177447 0.485779 0.336774
0.0759027 0.644484 0.279614
0.606298 9.9991E-05 0.393602
0.271643 0.619093 0.109265
0.16423 0.623645 0.212125
0.413837 0.458001 0.128162
0.0322592 0.109794 0.857947
0.0434606 0.012476 0.944063
0.00258299 0.113911 0.883506
0.000483701 0.143075 0.856442
0.0708649 0.00538304 0.923752
0.0641703 9.9991E-05 0.93573
9.9991E-05 0.194354 0.805546
0.0871647 0.0188855 0.89395
0.0865221 9.9991E-05 0.913378
9.9991E-05 0.140842 0.859058
0.0117958 0.249822 0.738382
0.0890372 9.9991E-05 0.910863
0.122354 0.0942349 0.783411
0.109491 0.328325 0.562183
0.894612 0.084297 0.0210909
0.789139 0.197651 0.0132105
0.952925 0.0469746 9.9991E-05
0.000758806 0.204822 0.794419
0.0532335 0.271381 0.675386
0.0722528 0.112763 0.814985
0.029526 0.0949138 0.87556
0.0408527 0.083993 0.875154
9.9991E-05 0.61948 0.38042
0.0049193 0.696225 0.298856
0.0285246 0.604638 0.366837
0.0598221 0.630765 0.309413
0.169578 0.516453 0.313969
0.109211 0.536322 0.354467
0.103307 0.637943 0.25875
9.9991E-05 0.221601 0.778299
0.0880507 0.330808 0.581141
0.102222 0.0564576 0.841321
0.129926 9.9991E-05 0.869974
9.9991E-05 0.190638 0.809262
0.81771 0.130329 0.0519614
0.16347 0.381609 0.454921
9.9991E-05 0.576026 0.423874
0.588586 9.9991E-05 0.411314
0.179081 0.820819 9.9991E-05
0.157444 0.842456 9.9991E-05
0.213187 0.763295 0.023518
0.358276 0.508787 0.132937
0.103853 0.841317 0.0548301
9.9991E-05 0.547765 0.452135
0.641546 0.295346 0.0631075
0.0137061 0.573501 0.412793
0.353003 0.512556 0.134441
0.223396 0.776504 9.9991E-05
0.0877179 0.912182 9.9991E-05
0.162594 0.837306 9.9991E-05
0.0598224 0.881959 0.0582186
0.0360766 0.920997 0.0429267
0.0992829 0.900617 9.9991E-05
0.0482255 0.533821 0.417953
0.211213 0.412247 0.376539
0.102213 0.459322 0.438466
0.256864 0.627143 0.115993
0.169254 0.611865 0.218881
0.498891 0.459855 0.0412539
9.9991E-05 0.157384 0.842516
0.0601878 0.088423 0.851389
0.178362 0.456434 0.365204
0.163093 0.518111 0.318796
0.382127 0.308276 0.309597
0.829062 0.134016 0.0369223
0.106971 0.0737225 0.819306
9.9991E-05 0.217789 0.782111
9.9991E-05 0.342429 0.657471
0.536884 0.408571 0.0545454
0.271193 0.694713 0.0340946
0.065227 0.89704 0.037733
0.0753991 0.86716 0.0574409
0.41268 0.58722 9.9991E-05
0.239757 0.760143 9.9991E-05
0.104846 0.895054 9.9991E-05
0.0799284 0.898377 0.0216946
0.367176 0.619738 0.0130861
0.156267 0.833293 0.0104407
0.27934 0.72056 9.9991E-05
0.108405 0.891495 9.9991E-05
0.298991 0.564386 0.136624
0.120114 0.841939 0.0379471
0.223546 0.705927 0.0705263
0.0998552 0.899802 0.000342914
0.927015 0.0610832 0.0119015
0.970017 0.0298831 9.9991E-05
0.9998 9.999E-05 9.999E-05
0.852204 0.0606781 0.0871181
0.869501 0.0742446 0.056254
9.9991E-05 0.893807 0.106093
0.251207 0.748693 9.9991E-05
9.999E-05 9.999E-05 0.9998
0.0817244 0.0370702 0.881205
0.0343362 0.0538623 0.911801
0.0438358 0.182652 0.773512
9.9991E-05 0.0511128 0.948787
0.14581 9.9991E-05 0.85409
9.9991E-05 0.0010748 0.998825
0.058011 9.9991E-05 0.941889
0.0941722 9.9991E-05 0.905728
0.0916241 9.9991E-05 0.908276
0.0113836 0.0608537 0.927763
0.0278131 0.128777 0.84341
0.0552079 0.115413 0.829379
0.0771781 9.9991E-05 0.922722
0.0479989 0.0080367 0.943964
9.9991E-05 0.0864585 0.913442
0.0673434 0.0015963 0.93106
9.9991E-05 0.592087 0.407813
0.0196692 0.739523 0.240808
9.9991E-05 0.109861 0.890039
9.9991E-05 0.269478 0.730422
0.0663173 9.9991E-05 0.933583
9.9991E-05 0.633392 0.366508
9.999E-05 0.9998 9.999E-05
0.296219 0.703681 9.9991E-05
0.475169 0.499768 0.025063
0.689757 0.310143 9.9991E-05
0.829268 0.147376 0.0233562
0.929702 0.0406724 0.0296254
0.824914 0.174986 9.9991E-05
0.77361 0.174188 0.0522011
0.863529 0.030859 0.105612
0.884051 0.0239712 0.0919778
0.09932 0.891381 0.0092993
0.0986072 0.818376 0.0830165
9.9991E-05 0.906728 0.0931721
9.9991E-05 0.978697 0.021203
9.999E-05 0.9998 9.999E-05
0.0179269 0.904015 0.0780582
0.291783 0.702601 0.00561564
0.266338 0.654622 0.0790398
0.12883 0.828979 0.0421918
0.220622 0.715015 0.0643629
0.138105 0.783362 0.0785328
0.861725 9.9991E-05 0.138175
0.0613579 0.0998643 0.838778
0.10646 9.9991E-05 0.89344
0.0527614 0.00892938 0.938309
0.0340509 0.16097 0.804979
0.113716 0.074732 0.811552
0.329344 0.508857 0.161799
0.286727 0.688112 0.025161
0.211147 0.767179 0.0216747
0.329716 0.670184 9.9991E-05
