9.9991E-05 0.0619472 0.182238 0.035215 0.0833182 0.636142 0.00103881
9.9982E-05 0.0459266 9.9982E-05 0.17283 0.0208126 0.744284 0.0159468
0.0122403 9.9982E-05 0.384244 9.9982E-05 0.114338 0.463173 0.0258052
0.066228 9.9982E-05 9.9982E-05 0.107476 0.120822 0.692127 0.0131472
0.0152817 0.0824184 0.0305577 9.9982E-05 9.9982E-05 0.867341 0.00420164
9.9982E-05 0.133321 0.0719044 0.0202041 0.0172317 0.757139 9.9982E-05
9.9982E-05 0.100937 0.0010678 0.0970457 0.155847 0.644902 9.9982E-05
9.9973E-05 9.9973E-05 9.9973E-05 0.0385561 0.246058 0.686299 0.0287866
0.109348 0.00238187 9.9982E-05 0.26621 9.9982E-05 0.611747 0.0101129
9.9982E-05 9.9982E-05 0.308304 0.00679402 0.238838 0.418723 0.0271409
0.1152 9.9982E-05 9.9982E-05 0.127958 0.43237 0.274269 0.0500023
0.0292822 9.9982E-05 0.36277 9.9982E-05 0.186118 0.420893 0.000737374
0.0379372 0.0414512 0.0897535 0.076206 0.65789 0.0710336 0.0257287
0.114914 9.9982E-05 0.229887 0.111958 0.103765 0.439276 9.9982E-05
0.0778472 0.028457 0.290201 9.9982E-05 9.9982E-05 0.564429 0.038866
9.9982E-05 0.0578559 0.00760647 0.178702 0.144958 0.610678 9.9982E-05
0.0221277 0.0345083 0.0380186 0.329332 0.0224032 0.55351 9.9991E-05
9.9982E-05 0.0160722 0.134851 0.0475958 9.9982E-05 0.771759 0.029522
0.0888603 0.089391 0.318768 0.290114 0.0836349 0.0795277 0.0497043
9.9982E-05 0.0570008 0.698879 0.131288 0.0626599 0.0499719 9.9982E-05
0.0479961 9.9982E-05 0.0479042 0.753138 0.0327581 0.118003 9.9982E-05
0.0164751 0.0104654 0.284417 0.608115 0.080328 9.9982E-05 9.9982E-05
9.9973E-05 0.0172626 9.9973E-05 0.932482 0.0133213 9.9973E-05 0.0366346
0.0457107 9.9973E-05 9.9973E-05 0.809083 9.9973E-05 0.120077 0.0248285
9.9982E-05 0.00580913 0.113525 0.681283 0.0500417 0.149141 9.9982E-05
9.9973E-05 0.0467081 0.27349 0.677963 9.9973E-05 0.00153955 9.9973E-05
0.0109814 0.0397931 0.307912 0.613923 9.9982E-05 9.9982E-05 0.0271905
0.0341871 0.0598579 0.0194728 0.87433 9.9982E-05 9.9982E-05 0.0119519
9.9964E-05 0.0230645 0.536525 0.440011 9.9964E-05 9.9964E-05 9.9964E-05
0.0079124 0.0997282 0.116556 0.775503 9.9973E-05 9.9973E-05 9.9973E-05
9.9964E-05 0.0721927 0.070911 0.856496 9.9964E-05 9.9964E-05 9.9964E-05
0.053108 9.9973E-05 9.9973E-05 0.915068 0.0199033 9.9973E-05 0.0116205
9.9982E-05 0.0366852 9.9982E-05 0.91855 0.00307525 0.00942103 0.0320688
0.0176632 9.9982E-05 0.339495 9.9982E-05 0.181239 0.385551 0.0758514
0.024879 0.0020831 0.313895 0.161754 9.9982E-05 0.497189 9.9982E-05
0.113207 9.9973E-05 0.223032 9.9973E-05 0.0721784 0.591283 9.9973E-05
9.9982E-05 0.00295601 0.150546 9.9982E-05 0.264369 0.56482 0.01711
0.105877 9.9991E-05 0.0820875 0.145758 0.219093 0.44607 0.00101478
9.995E-05 9.995E-05 9.995E-05 9.995E-05 9.995E-05 9.995E-05 0.9994
9.9973E-05 9.9973E-05 0.576187 0.284791 0.111188 9.9973E-05 0.0275334
0.0350976 0.150082 0.0790194 0.0818432 9.9991E-05 0.646422 0.00743634
9.9982E-05 9.9982E-05 0.0966418 0.172373 0.209976 0.505849 0.0149593
9.9982E-05 0.182485 9.9982E-05 0.415799 0.156256 0.24436 0.000899116
0.0841292 0.104822 0.122754 0.0492759 0.513707 0.0911121 0.0342002
9.9982E-05 0.0395916 0.015527 0.0658489 0.868533 9.9982E-05 0.0102994
9.995E-05 9.995E-05 9.995E-05 9.995E-05 9.995E-05 9.995E-05 0.9994
9.9982E-05 9.9982E-05 0.323673 0.0438311 0.280967 0.297085 0.0542441
9.9982E-05 0.174567 0.187096 0.0657595 0.343215 0.229162 9.9982E-05
0.0786375 9.9991E-05 0.390899 0.142047 0.10752 0.249003 0.0317939
0.359575 0.45691 0.102615 9.9982E-05 0.0527162 9.9982E-05 0.0279843
0.571576 0.259124 9.9982E-05 0.0806949 0.0792806 9.9982E-05 0.00912446
0.590821 0.24637 0.0696488 0.0240744 9.9982E-05 0.0688857 9.9982E-05
0.608884 0.118934 0.0150393 0.000206053 0.197653 0.00367623 0.0556071
0.728696 0.0851053 0.141691 9.9973E-05 9.9973E-05 9.9973E-05 0.0442076
0.626746 0.236891 0.0979427 0.0381204 9.9973E-05 9.9973E-05 9.9973E-05
0.762701 9.9982E-05 0.000911202 0.0109339 0.0113141 0.21394 9.9982E-05
0.462191 0.404728 9.9991E-05 0.068756 0.0299519 0.0254008 0.00887269
9.995E-05 0.9994 9.995E-05 9.995E-05 9.995E-05 9.995E-05 9.995E-05
0.747821 0.0679001 9.9982E-05 9.9982E-05 0.0142107 0.134272 0.0355963
0.357699 0.312412 0.00624655 9.9991E-05 0.235009 0.0642988 0.0242344
9.995E-05 0.9994 9.995E-05 9.995E-05 9.995E-05 9.995E-05 9.995E-05
0.543986 0.201014 0.118433 9.9982E-05 0.110442 0.0259247 9.9982E-05
0.248766 0.07165 0.00530407 0.0316811 0.565835 0.00864682 0.0681172
0.0862265 9.9982E-05 0.24497 0.558606 9.9982E-05 0.0965018 0.0134955
0.0255571 0.00656953 0.24767 0.596854 0.0384422 0.0467368 0.0381704
9.9982E-05 0.0198159 0.313975 0.571278 9.9982E-05 0.0868549 0.0078757
0.632598 0.0790636 9.9991E-05 0.107299 0.12359 0.0460116 0.0113376
0.390375 0.106848 0.0282088 9.9982E-05 0.41358 9.9982E-05 0.0607873
0.671099 0.103505 9.9991E-05 0.111525 0.0681224 0.0397501 0.0058983
0.604208 0.0551247 9.9982E-05 0.0658556 0.217636 9.9982E-05 0.0569758
0.75469 0.101133 0.0730099 9.9982E-05 9.9982E-05 0.0286805 0.0422865
0.0481299 0.124224 9.9973E-05 9.9973E-05 0.65467 0.172676 9.9973E-05
0.00350568 0.115547 0.063596 9.9982E-05 0.657372 0.159779 9.9982E-05
9.9973E-05 0.136964 0.0195986 9.9973E-05 0.757651 0.0854858 9.9973E-05
9.9964E-05 9.9964E-05 9.9964E-05 0.024669 0.948478 9.9964E-05 0.0264527
0.0128075 9.9982E-05 0.028895 0.097521 0.832014 9.9982E-05 0.0285628
9.9973E-05 0.0952826 0.192781 9.9973E-05 0.699314 9.9973E-05 0.0123223
0.061859 9.9982E-05 0.000979106 0.183286 0.741471 9.9982E-05 0.0122044
0.612104 0.0200459 9.9973E-05 9.9973E-05 0.3149 0.0526505 9.9973E-05
0.350253 0.134437 0.0303246 0.0283164 0.243208 0.117192 0.096268
0.52059 0.25226 0.0131698 0.0728264 0.124426 9.9991E-05 0.0166282
0.566274 0.210581 0.153421 9.9982E-05 0.0165231 9.9982E-05 0.0530006
0.732453 9.9982E-05 0.138049 9.9982E-05 0.0215504 0.0826486 0.0250993
9.995E-05 9.995E-05 0.9994 9.995E-05 9.995E-05 9.995E-05 9.995E-05
0.224311 0.101865 9.9982E-05 0.216306 0.428807 0.0285121 9.9982E-05
0.174508 9.9973E-05 9.9973E-05 0.0276742 0.76609 0.0314278 9.9973E-05
9.995E-05 9.995E-05 9.995E-05 9.995E-05 9.995E-05 9.995E-05 0.9994
9.9973E-05 0.041486 9.9973E-05 0.185156 0.125557 0.647502 9.9973E-05
9.9982E-05 0.0733816 0.0844474 0.151942 9.9982E-05 0.669164 0.0208644
9.9991E-05 0.130066 0.16316 0.116249 0.105374 0.463365 0.0216865
0.0613673 0.049211 0.319281 0.0851373 0.152079 0.291048 0.0418763
0.0567142 9.9973E-05 0.258272 9.9973E-05 0.0790189 0.605695 9.9973E-05
9.9973E-05 0.275606 9.9973E-05 0.0633559 0.652019 0.00871997 9.9973E-05
9.9991E-05 0.00621361 0.511189 0.156375 0.218265 0.0731745 0.0346835
0.17106 9.9973E-05 0.0778213 9.9973E-05 0.68789 9.9973E-05 0.062928
0.0119045 0.0653041 9.9991E-05 0.351067 0.349813 0.18367 0.0381423
9.9973E-05 0.0314234 0.196963 0.0797403 9.9973E-05 0.691574 9.9973E-05
9.9964E-05 9.9964E-05 9.9964E-05 0.143152 0.271035 0.585414 9.9964E-05
9.9964E-05 9.9964E-05 0.369149 9.9964E-05 0.198447 0.432004 9.9964E-05
0.0156597 0.0613459 0.240216 9.9982E-05 0.144432 0.538146 9.9982E-05
0.00588486 9.9982E-05 9.9982E-05 0.144325 0.318406 0.525129 0.00605498
9.9964E-05 9.9964E-05 0.398583 9.9964E-05 0.205256 0.39576 9.9964E-05
0.0840512 0.0991792 0.114332 9.9982E-05 0.677422 9.9982E-05 0.0248155
0.0545715 0.134446 0.255543 9.9991E-05 0.480307 0.000349685 0.0746821
0.198816 0.0101911 9.9991E-05 0.08895 0.618277 0.00390845 0.0797573
9.9973E-05 9.9973E-05 0.166748 0.137653 0.638775 0.0565248 9.9973E-05
0.0206435 0.0610779 0.113569 0.166233 0.463344 0.175032 9.9991E-05
0.0552938 0.0274577 0.120087 0.400607 0.0257095 0.363906 0.00693846
0.653429 0.128319 9.9982E-05 0.0953632 9.9982E-05 0.0907195 0.0319694
0.606384 0.126473 0.0930027 0.00950951 0.135249 9.9991E-05 0.0292827
0.0520073 0.200507 0.217887 0.0153997 0.475351 0.0387481 9.99966E-05
0.00283624 0.22504 0.204693 0.0309688 0.364151 0.145517 0.0267947
9.9991E-05 0.223076 0.0193037 0.265397 0.360682 0.0776038 0.0538378
9.9964E-05 9.9964E-05 0.505205 0.265795 0.2286 9.9964E-05 9.9964E-05
0.612356 0.0432951 9.9982E-05 0.0727238 0.213146 9.9982E-05 0.0582793
0.464069 0.231608 9.9982E-05 0.0622676 0.241168 0.000686926 9.9982E-05
0.322422 0.199765 0.0478629 9.9982E-05 0.393048 0.0367027 9.9982E-05
0.00760673 0.0158868 0.501642 0.164464 0.0437466 0.207047 0.0596064
0.0221668 0.0203687 0.354395 0.0252872 9.9982E-05 0.577582 9.9982E-05
0.048073 0.00326016 9.9991E-05 0.140591 0.101651 0.686208 0.0201161
0.0738454 0.0431282 0.216097 9.9973E-05 9.9973E-05 0.666629 9.9973E-05
9.9973E-05 9.9973E-05 0.380527 0.139684 0.0174658 0.462023 9.9973E-05
0.0365634 9.9991E-05 0.0148367 0.224154 0.0381728 0.683682 0.00249117
0.0556031 9.9973E-05 9.9973E-05 0.268167 0.032637 0.643293 9.9973E-05
9.9964E-05 0.119991 9.9964E-05 0.106697 9.9964E-05 0.772913 9.9964E-05
0.0521396 9.9973E-05 9.9973E-05 0.403115 0.10672 0.437726 9.9973E-05
0.0452556 9.9982E-05 0.319317 9.9982E-05 0.00772203 0.626646 0.000859842
9.9991E-05 0.0472167 0.0165365 0.211088 0.0773396 0.605395 0.0423244
0.0147004 9.9991E-05 0.0335612 0.140716 0.13079 0.657886 0.0222453
0.137773 9.9982E-05 0.482639 9.9982E-05 0.0702377 0.308856 0.00029487
0.088682 0.0160155 0.12821 0.0480922 9.9991E-05 0.686678 0.0322225
9.9991E-05 0.0486297 0.34298 0.0815066 0.176737 0.339378 0.0106684
9.9973E-05 0.0461354 0.191525 9.9973E-05 0.0993995 0.66264 9.9973E-05
9.9964E-05 9.9964E-05 0.48275 0.466413 0.0504374 9.9964E-05 9.9964E-05
9.9955E-05 9.9955E-05 0.295472 0.704028 9.9955E-05 9.9955E-05 9.9955E-05
9.9964E-05 9.9964E-05 0.181794 0.797086 9.9964E-05 9.9964E-05 0.0207203
0.0585509 9.9991E-05 0.28955 0.556187 0.0449356 0.0380294 0.0126469
9.9982E-05 0.0577337 0.24172 0.596554 0.103684 9.9982E-05 0.000108097
0.0895938 0.022385 9.9991E-05 0.046523 0.196436 0.61989 0.0250726
9.9991E-05 0.00900394 0.00274625 0.20654 0.158751 0.591556 0.0313027
0.342557 0.656944 9.99549E-05 9.99549E-05 9.99549E-05 9.99549E-05 9.99549E-05
0.759989 0.0615158 0.0398204 0.008446 0.00590672 0.0599674 0.0643552
0.825396 0.124098 0.0183296 0.0185416 9.9982E-05 9.9982E-05 0.0134354
0.541992 0.107161 9.9982E-05 0.116341 0.230841 9.9982E-05 0.00346492
0.663982 0.216994 0.063394 9.9982E-05 9.9982E-05 0.0432351 0.0121949
0.679814 0.146004 0.0655087 0.106538 9.9982E-05 9.9982E-05 0.00193577
0.910418 9.9964E-05 0.057293 9.9964E-05 9.9964E-05 9.9964E-05 0.0318891
0.713204 0.154421 0.11866 9.9973E-05 0.0134145 9.9973E-05 9.9973E-05
0.640129 0.166961 0.166931 9.9973E-05 0.0256791 9.9973E-05 9.9973E-05
0.612075 0.233247 0.00385735 0.0879501 0.0464155 9.9991E-05 0.016355
0.792773 0.0477388 9.9982E-05 0.0668454 0.0768701 9.9982E-05 0.0155732
0.691198 0.0688487 0.0248651 0.0585232 0.0907386 0.0371514 0.0286746
0.675695 0.118849 0.0926899 0.0464552 0.0120416 0.046538 0.00773102
0.724948 0.149393 0.121356 9.9973E-05 9.9973E-05 9.9973E-05 0.00400266
0.735406 0.101155 9.9991E-05 0.0681423 0.0599901 0.00271995 0.0324874
0.866379 0.0321148 9.9973E-05 9.9973E-05 9.9973E-05 0.0938206 0.00738558
0.718504 0.149923 0.0471629 0.0635652 9.9991E-05 0.0129692 0.00777548
0.125014 0.044316 9.9982E-05 0.0524722 0.700457 0.0775409 9.9982E-05
9.9964E-05 9.9964E-05 0.0951202 9.9964E-05 0.862697 0.0417829 9.9964E-05
0.800048 0.0351801 9.9964E-05 9.9964E-05 0.164372 9.9964E-05 9.9964E-05
0.432046 0.323815 9.9973E-05 9.9973E-05 9.9973E-05 0.228958 0.0148809
9.995E-05 0.9994 9.995E-05 9.995E-05 9.995E-05 9.995E-05 9.995E-05
9.9964E-05 0.249708 9.9964E-05 9.9964E-05 0.533243 0.21665 9.9964E-05
0.0434144 9.9982E-05 9.9982E-05 0.0759079 0.0438666 0.822731 0.0138801
9.9964E-05 9.9964E-05 0.396462 9.9964E-05 9.9964E-05 0.579626 0.0235118
9.9982E-05 0.0731428 0.173226 0.373459 0.184216 0.195757 9.9982E-05
9.9982E-05 0.0203847 0.269783 0.445015 0.0794018 0.185216 9.9982E-05
9.995E-05 9.995E-05 0.9994 9.995E-05 9.995E-05 9.995E-05 9.995E-05
9.9973E-05 0.0720158 0.53921 0.374783 0.0136905 9.9973E-05 9.9973E-05
9.995E-05 9.995E-05 0.9994 9.995E-05 9.995E-05 9.995E-05 9.995E-05
0.00410096 0.0119569 0.667593 0.214308 0.0786209 9.9991E-05 0.0233204
0.00816161 0.02701 0.558453 0.308464 0.0650415 9.9991E-05 0.0327693
0.141973 9.9982E-05 0.135139 0.682069 9.9982E-05 0.0294389 0.0111802
0.0475589 9.9982E-05 0.162934 0.0490903 0.0806738 0.659544 9.9982E-05
0.0550218 9.9991E-05 0.188266 0.00486831 0.0934241 0.601714 0.0566056
9.9973E-05 0.0921193 9.9973E-05 9.9973E-05 0.157608 0.708306 0.0416672
0.0433522 9.99641E-05 9.99641E-05 9.99641E-05 0.320787 0.635461 9.99641E-05
9.9973E-05 0.0718601 9.9973E-05 9.9973E-05 0.140584 0.755539 0.0317172
9.9982E-05 9.9982E-05 0.0434806 0.0325519 0.383849 0.529934 0.00998497
9.9973E-05 0.0692965 0.446501 9.9973E-05 0.0529265 0.430977 9.9973E-05
0.00592967 0.113052 0.227623 0.101337 0.0459482 0.490991 0.0151196
0.059863 9.9982E-05 0.191605 9.9982E-05 0.149132 0.554773 0.0444273
0.0910345 9.9982E-05 0.360292 9.9982E-05 0.0723702 0.461624 0.0144791
0.0876698 0.0206171 0.236306 0.0300507 0.0421599 0.56212 0.0210766
0.0181154 0.0416445 0.781838 0.0453998 9.9982E-05 9.9982E-05 0.112802
0.228234 0.619033 0.0464393 9.9982E-05 0.0994158 9.9982E-05 0.00667795
0.601679 0.227937 9.9982E-05 0.114761 0.0209658 9.9982E-05 0.0344579
0.853448 0.00217031 0.083353 9.9973E-05 0.0607291 9.9973E-05 9.9973E-05
0.680387 0.0763153 9.9991E-05 0.105034 0.0170764 0.114737 0.00635066
0.749775 0.0831482 0.149925 9.9973E-05 9.9973E-05 9.9973E-05 0.0168527
0.0942445 0.0590368 9.9991E-05 0.380649 0.0708118 0.371198 0.0239594
0.0417942 9.9982E-05 0.417311 0.0857672 9.9982E-05 0.43304 0.0218874
9.9973E-05 0.0431626 0.302553 9.9973E-05 9.9973E-05 0.603377 0.0506079
9.9991E-05 0.0155435 0.233241 0.119086 0.226097 0.366507 0.0394257
