0.828164 0.12408 9.9991E-05 0.047656
0.863783 0.0967744 9.9991E-05 0.0393423
0.683637 0.267902 9.9991E-05 0.0483615
0.904112 0.0386578 0.0304035 0.0268267
0.95055 0.0121472 0.0194994 0.0178039
0.933642 0.00851541 0.0577424 9.9991E-05
0.88073 0.0706087 0.0485613 9.9991E-05
0.909167 0.0343828 0.00593814 0.0505118
0.685092 0.210113 0.104114 0.00068109
0.648574 0.303657 9.9991E-05 0.0476694
0.537228 0.165499 0.245912 0.0513613
0.609683 0.249267 0.0910468 0.0500028
0.541644 0.0945515 0.310522 0.0532823
0.626185 0.258383 0.115332 9.9991E-05
0.609698 0.288223 0.0571542 0.0449243
0.857776 0.13168 9.9991E-05 0.0104441
0.712919 0.260836 0.0261455 9.9991E-05
0.898969 0.0753825 9.9991E-05 0.0255484
0.15737 0.616716 0.155114 0.0707996
0.22494 0.768271 0.006689 9.9991E-05
0.207257 0.763648 9.9991E-05 0.0289951
0.0401563 0.888274 0.0462674 0.0253023
9.9982E-05 0.944983 9.9982E-05 0.0548175
0.116777 0.814781 0.0121074 0.0563344
0.284997 0.714803 9.9982E-05 9.9982E-05
0.0746483 0.911511 9.9991E-05 0.013741
9.9991E-05 0.957699 0.0141126 0.0280885
9.9991E-05 0.939646 0.023637 0.0366166
9.998E-05 0.9997 9.998E-05 9.998E-05
0.0176164 0.912067 0.0702168 9.9991E-05
9.998E-05 0.9997 9.998E-05 9.998E-05
0.0436125 0.916363 0.00119928 0.0388253
9.9991E-05 0.915636 0.00573857 0.0785256
0.710992 0.184275 0.0229051 0.0818277
0.654516 0.297102 0.0286876 0.0196942
0.743161 0.195031 0.0617083 9.9991E-05
0.838839 0.0782746 0.03108 0.0518063
0.676704 0.17199 0.130248 0.0210574
9.998E-05 9.998E-05 9.998E-05 0.9997
0.0380548 0.842272 0.070273 0.0494001
0.700502 0.202138 0.0894198 0.00794035
0.766295 0.233505 9.9982E-05 9.9982E-05
0.393235 0.369574 0.21507 0.0221206
0.469317 0.15391 0.319919 0.0568543
0.552074 0.131965 0.313196 0.00276543
9.998E-05 9.998E-05 9.998E-05 0.9997
0.570231 0.270305 0.0724043 0.0870593
0.569266 0.199653 0.230981 9.9991E-05
0.403524 0.43733 0.127805 0.0313407
0.0731438 0.0453705 0.848167 0.0333187
0.0503336 0.0113204 0.901251 0.0370955
0.0915681 0.060025 0.847143 0.00126405
0.059322 0.0368102 0.832215 0.0716526
9.9991E-05 0.073689 0.860438 0.0657729
9.9982E-05 0.107866 0.891934 9.9982E-05
0.200369 9.9982E-05 0.799431 9.9982E-05
0.0224684 0.0680276 0.871394 0.03811
9.9991E-05 0.103212 0.880852 0.0158361
0.0987487 9.9991E-05 0.835561 0.0655898
0.228713 9.9991E-05 0.72589 0.0452966
9.9982E-05 0.106043 0.893757 9.9982E-05
0.109115 0.0604165 0.828946 0.00152268
0.357664 0.0249986 0.532259 0.0850782
0.104801 0.833662 0.0355984 0.0259391
0.131961 0.851121 9.9991E-05 0.0168184
0.058361 0.922485 9.9991E-05 0.0190544
0.159897 9.9991E-05 0.817327 0.0226763
0.166532 0.0467603 0.706348 0.0803595
0.0860754 0.0763771 0.808445 0.029102
0.0300239 0.0842901 0.817946 0.0677399
0.0187012 0.0559928 0.861224 0.0640824
0.644427 9.9991E-05 0.331395 0.0240777
0.601147 0.069821 0.312905 0.0161272
0.600336 0.0145304 0.385033 9.9991E-05
0.53631 0.0893051 0.347813 0.0265724
0.468522 0.213704 0.280512 0.037262
0.528142 0.0775278 0.343245 0.0510857
0.577709 0.118311 0.277448 0.0265317
0.233918 9.9982E-05 0.765882 9.9982E-05
0.304424 9.9991E-05 0.578107 0.117369
0.0132059 0.139875 0.825592 0.0213273
9.9991E-05 0.0944874 0.826451 0.0789618
0.187856 9.9991E-05 0.754942 0.0571024
0.107911 0.825136 0.0398822 0.0270708
0.379074 0.147165 0.473661 9.9991E-05
0.572362 0.00952038 0.418018 9.9991E-05
9.998E-05 9.998E-05 9.998E-05 0.9997
0.774437 0.225363 9.9982E-05 9.9982E-05
0.753795 0.212319 9.9991E-05 0.0337865
0.723077 0.219511 0.0156125 0.0417997
0.505628 0.298863 0.139118 0.0563912
0.813656 0.12893 0.0573139 9.9991E-05
0.484981 0.0587644 0.452136 0.00411951
0.311023 0.587409 0.0570304 0.0445377
0.464379 0.00408774 0.439458 0.092075
0.488995 0.304675 0.143638 0.0626918
0.784293 0.194022 9.9991E-05 0.0215849
0.944718 0.0280584 0.0230577 0.004166
0.78363 0.191236 0.0250338 9.9991E-05
0.864099 0.0191756 0.0964765 0.020249
0.918123 0.0514461 9.9991E-05 0.030331
0.910721 0.0846486 9.9991E-05 0.0045301
0.398985 0.144367 0.417055 0.0395919
0.531133 0.0747829 0.315662 0.078422
0.428142 0.0493644 0.415152 0.107341
0.542559 0.325822 0.131519 9.9991E-05
0.566201 0.206135 0.227565 9.9991E-05
0.454227 0.504033 0.0416396 9.9991E-05
0.137805 9.9991E-05 0.835528 0.0265666
0.0194542 0.105762 0.852342 0.022442
0.400196 0.206772 0.386306 0.00672624
0.495826 0.154913 0.33156 0.0177009
0.364688 0.28555 0.270426 0.0793368
0.163265 0.813503 0.0188172 0.0044149
0.0322473 0.114372 0.775492 0.077888
0.123983 0.0610225 0.814895 9.9991E-05
0.33497 9.9982E-05 0.66483 9.9982E-05
0.3394 0.552583 0.0416374 0.0663791
0.687399 0.258289 0.0518246 0.00248755
0.891905 0.029957 0.0343912 0.0437468
0.780602 0.106715 0.112583 9.9991E-05
0.578673 0.421127 9.9982E-05 9.9982E-05
0.711212 0.262827 9.9991E-05 0.0258611
0.896517 0.0823085 0.0123122 0.00886225
0.958448 0.00017353 0.0139992 0.027379
0.531903 0.450578 0.0174193 9.9991E-05
0.743358 0.244424 0.0061017 0.00611622
0.762366 0.187268 9.9991E-05 0.0502667
0.849658 0.13124 9.9991E-05 0.0190014
0.565704 0.300628 0.127278 0.00638957
0.845204 0.0660674 0.0490888 0.0396393
0.658854 0.293816 0.0314421 0.0158883
0.808564 0.124368 0.0465594 0.0205084
0.043311 0.924807 0.0317819 9.9991E-05
9.998E-05 0.9997 9.998E-05 9.998E-05
0.0159511 0.940629 9.9991E-05 0.0433194
0.0733747 0.840392 0.0697516 0.0164818
0.0508691 0.836142 0.0907186 0.0222698
0.874411 9.9991E-05 0.108239 0.0172496
0.752161 0.202281 9.9991E-05 0.045458
9.998E-05 9.998E-05 0.9997 9.998E-05
9.9991E-05 0.105875 0.853631 0.0403948
9.9991E-05 0.0418067 0.927901 0.0301924
0.199914 0.0320884 0.767011 0.000986299
0.0430398 9.9991E-05 0.901167 0.0556936
9.9991E-05 0.118279 0.87333 0.00829043
9.9982E-05 9.9982E-05 0.982889 0.0169111
9.9991E-05 0.0797659 0.912871 0.00726356
9.9982E-05 0.109615 0.890185 9.9982E-05
9.9991E-05 0.0781448 0.896616 0.0251392
0.051631 9.9991E-05 0.902083 0.0461858
0.0787742 0.0261352 0.835487 0.0596033
0.106743 0.0680535 0.795027 0.0301766
9.9991E-05 0.0493166 0.916096 0.0344873
0.0474947 9.9991E-05 0.933538 0.0188676
0.00960021 9.9991E-05 0.957885 0.0324144
0.0552639 0.0175786 0.908049 0.0191083
0.570138 0.0607692 0.347355 0.0217379
0.705181 0.0236143 0.258056 0.0131488
0.0933595 9.9982E-05 0.906441 9.9982E-05
0.194336 0.0348544 0.749851 0.0209593
9.9982E-05 0.0726127 0.927187 9.9982E-05
0.631079 9.9991E-05 0.366036 0.00278438
0.964232 0.0174811 0.00189328 0.0163936
0.739551 0.221885 9.9991E-05 0.038464
0.404969 0.535835 0.059096 9.9991E-05
0.297308 0.685112 0.0174802 9.9991E-05
0.0332726 0.93346 0.0331671 9.9991E-05
0.00481307 0.944712 0.0334211 0.0170534
0.13133 0.852094 9.9991E-05 0.0164759
0.130414 0.831238 0.0183478 0.0200011
0.0263909 0.847386 0.0797247 0.0464982
0.00443574 0.875941 0.0405395 0.0790834
0.819786 0.172501 0.00654911 0.00116396
0.794225 0.0605144 0.0911321 0.0541283
0.894994 9.9991E-05 0.0367641 0.0681415
0.924228 9.9982E-05 0.0755716 9.9982E-05
0.978252 9.9982E-05 9.9982E-05 0.0215483
0.852044 0.0302462 0.112875 0.00483494
0.71567 0.258178 0.00685344 0.0192987
0.684895 0.2306 0.0623459 0.022159
0.76232 0.141665 0.0238368 0.072178
0.73228 0.16477 0.0515527 0.0513967
0.721917 0.193038 0.0608247 0.0242206
9.9991E-05 0.785099 0.0617285 0.153073
0.14045 9.9991E-05 0.850334 0.00911653
9.9991E-05 0.101624 0.842135 0.0561406
0.00761318 0.039966 0.941064 0.0113567
0.152003 9.9991E-05 0.81897 0.0289272
9.9991E-05 0.151035 0.834197 0.0146675
0.549467 0.276432 0.126616 0.0474853
0.626642 0.31241 0.00932096 0.0516275
0.759462 0.155153 9.9991E-05 0.0852851
0.672201 0.260554 0.0166439 0.0506006
