0.00131474 0.125946 0.0652581 0.0278681 0.779613
0.034453 0.126058 0.0829958 9.9991E-05 0.756393
0.0146064 0.206468 0.151222 9.9991E-05 0.627604
0.0137579 9.9991E-05 0.175828 0.0342623 0.776052
0.018812 9.9982E-05 9.9982E-05 0.0988619 0.882126
0.00549583 0.0215405 0.0930379 0.0595356 0.82039
9.9991E-05 0.077971 0.126352 0.0589716 0.736606
0.0598363 9.9982E-05 0.140666 9.9982E-05 0.799298
0.0213162 0.227148 0.0790408 0.114677 0.557818
0.0465726 0.248285 0.20559 0.00771504 0.491838
0.0673161 0.0647511 0.46214 0.0362221 0.369571
0.0117364 0.29462 0.186764 0.0450053 0.461875
0.0245462 0.12076 0.783396 0.0467263 0.0245711
9.999E-05 0.233798 0.193318 0.0846216 0.488162
0.0488384 0.22774 9.9991E-05 0.0872232 0.636098
0.00787977 0.152352 0.199177 9.9991E-05 0.640491
9.999E-05 0.220192 0.0304185 0.0488358 0.700454
0.0389576 0.153633 9.9982E-05 9.9982E-05 0.807209
0.0502433 0.539079 0.171245 0.16378 0.0756532
9.9982E-05 0.687225 0.177809 9.9982E-05 0.134767
0.0035989 0.761128 0.0291349 0.0123108 0.193827
0.00533493 0.831229 0.089038 0.0465939 0.0278045
0.0433489 0.936862 0.0195887 9.9982E-05 9.9982E-05
0.0322091 0.755649 9.9991E-05 0.0251746 0.186867
9.9982E-05 0.714621 0.167083 9.9982E-05 0.118096
0.00779963 0.884508 9.9982E-05 9.9982E-05 0.107492
0.0318995 0.88241 0.00228578 0.0833051 9.9991E-05
0.0277403 0.853684 0.0653941 0.053082 9.9991E-05
9.9982E-05 0.92258 9.9982E-05 0.00588058 0.0713394
0.00239305 0.876073 9.9991E-05 0.117111 0.0043232
0.0119045 0.926868 0.0212564 0.0398709 9.9991E-05
0.025532 0.845351 9.9991E-05 0.0501345 0.0788827
0.0618492 0.829812 0.042489 9.9991E-05 0.0657499
0.0713336 0.240164 0.261669 9.9991E-05 0.426734
9.9991E-05 0.243947 0.0021854 0.0528193 0.700949
9.9991E-05 0.111536 0.0646511 0.0646234 0.759089
0.0390158 0.0439571 0.214543 9.9991E-05 0.702384
0.014935 0.12922 0.207336 0.104967 0.543541
0.9996 9.997E-05 9.997E-05 9.997E-05 9.997E-05
0.0270434 0.779097 0.165672 0.0280873 9.9991E-05
0.0140693 0.169258 9.9991E-05 0.126804 0.689769
0.0117854 0.168156 0.205762 9.9991E-05 0.614196
0.00790595 0.351524 0.262477 0.108404 0.269689
0.0375621 0.110985 0.657884 0.089019 0.10455
0.00697255 0.0350568 0.924344 9.9991E-05 0.0335267
0.9996 9.997E-05 9.997E-05 9.997E-05 9.997E-05
0.0667537 0.189469 0.312741 0.0112416 0.419794
9.9991E-05 0.144781 0.471866 0.0953875 0.287866
0.037936 0.374865 0.179906 0.0745881 0.332705
0.0331972 9.9991E-05 0.162921 0.75554 0.048242
0.0303337 9.9982E-05 0.150912 0.818555 9.9982E-05
0.00118019 9.9982E-05 9.9982E-05 0.830829 0.167791
0.0558674 9.9991E-05 0.16401 0.730449 0.0495734
0.0329744 0.121708 9.9982E-05 0.845118 9.9982E-05
9.9982E-05 0.0975307 9.9982E-05 0.852256 0.0500136
9.9991E-05 0.00876138 0.0756066 0.735089 0.180443
0.0264936 0.0282647 0.13912 0.806022 9.9991E-05
0.02834 0.116908 9.9982E-05 0.854552 9.9982E-05
0.0374215 9.9991E-05 0.101583 0.774008 0.0868872
0.0356098 9.9991E-05 0.310953 0.576882 0.0764546
9.9982E-05 0.100578 0.0794313 0.819791 9.9982E-05
9.9991E-05 0.0789546 0.167209 0.67862 0.0751163
0.0667755 0.0382939 0.581362 0.313468 9.9991E-05
0.0225194 0.786565 9.9991E-05 0.0749831 0.115832
0.0394581 0.793033 0.0246495 0.0336377 0.109222
0.00561794 0.894684 9.9982E-05 9.9982E-05 0.0994982
0.0206262 0.0695079 0.151072 0.700582 0.0582115
0.0812612 9.9982E-05 0.447115 0.471424 9.9982E-05
0.0229536 0.0526625 0.162518 0.755417 0.0064483
0.050173 9.9982E-05 0.231169 0.718458 9.9982E-05
0.0700369 9.9982E-05 9.9982E-05 0.865792 0.0639709
9.9982E-05 9.9982E-05 0.645826 0.136217 0.217757
0.00395364 0.0300138 0.872279 9.9991E-05 0.0936538
9.9982E-05 9.9982E-05 0.933697 0.0431244 0.0229792
0.00984963 9.9973E-05 0.98985 9.9973E-05 9.9973E-05
0.0185737 0.169835 0.80221 0.00928095 9.9991E-05
0.0312609 9.9973E-05 0.968439 9.9973E-05 9.9973E-05
0.0239385 0.1069 0.743562 9.9991E-05 0.125499
9.9982E-05 9.9982E-05 0.292637 0.637713 0.0694503
0.130264 0.077156 0.275346 0.394615 0.12262
0.0418168 0.0759741 0.155936 0.726173 9.9991E-05
0.0534802 0.0775628 0.129914 0.738943 9.9991E-05
0.0519623 9.9991E-05 0.0628849 0.727093 0.157959
0.031732 0.71992 0.19546 0.0444077 0.0084802
9.9991E-05 0.117025 0.541143 0.280697 0.061035
9.9982E-05 9.9982E-05 0.906681 0.0928031 0.000315754
0.9996 9.997E-05 9.997E-05 9.997E-05 9.997E-05
9.9982E-05 0.150494 0.0909956 9.9982E-05 0.758311
0.039046 0.133842 0.0428475 9.9991E-05 0.784165
0.0307421 0.276033 0.216593 9.9991E-05 0.476532
0.0311119 0.268636 0.225317 0.0987392 0.376195
9.9991E-05 0.0866568 0.0847352 0.0826144 0.745894
9.9973E-05 9.9973E-05 0.88164 0.11806 9.9973E-05
0.0420149 0.64726 0.237352 0.01453 0.0588431
0.0931119 9.9991E-05 0.650765 0.179446 0.0765775
0.0157098 0.32356 0.324567 0.0837342 0.252428
0.0141754 0.221695 9.9982E-05 9.9982E-05 0.763929
9.9982E-05 0.0529844 0.297424 9.9982E-05 0.649392
9.9982E-05 0.146875 0.349751 9.9982E-05 0.503174
0.0101109 0.0665592 0.278263 0.040298 0.604769
0.00640914 0.0320461 0.367335 9.9991E-05 0.59411
0.00986043 0.132437 0.282519 9.9991E-05 0.575083
0.0257984 0.0384348 0.645651 0.218542 0.0715741
0.0702683 0.0734976 0.656674 0.130031 0.0695294
0.0858554 0.00980272 0.613307 0.197158 0.0938771
0.0187621 0.255679 0.649244 9.9991E-05 0.0762142
9.9991E-05 0.168641 0.474117 0.0971252 0.260016
9.9991E-05 0.496567 0.0221009 0.0763377 0.404895
0.024345 0.0105214 9.9991E-05 0.804852 0.160181
0.028207 0.0356717 0.200427 0.715092 0.0206023
0.00281238 0.17446 0.569733 0.208939 0.0440551
0.0161857 0.118346 0.508997 0.130151 0.226321
0.0457484 0.247454 0.48867 0.150294 0.0678342
9.9973E-05 0.705093 0.294607 9.9973E-05 9.9973E-05
0.0629721 0.0240206 0.28064 0.632267 9.9991E-05
9.9982E-05 0.00281904 0.294458 0.702523 9.9982E-05
9.9982E-05 9.9982E-05 0.466277 0.462345 0.0711775
0.0749815 0.507504 0.097434 0.0395871 0.280493
9.9982E-05 0.251891 9.9982E-05 0.0642908 0.683618
0.0478948 0.0326267 0.1117 0.0461523 0.761626
9.9991E-05 0.0376038 0.0303511 0.14141 0.790535
9.9982E-05 0.459737 0.0317555 9.9982E-05 0.508308
9.9982E-05 0.15135 0.157732 9.9982E-05 0.690718
9.9991E-05 0.112364 0.0651885 0.0151193 0.807228
0.0344962 0.00911615 9.9991E-05 0.07883 0.877458
9.9991E-05 0.413735 0.0552985 0.0312781 0.499588
9.9982E-05 0.128056 0.157736 9.9982E-05 0.714008
0.0311565 0.197784 0.203447 9.9991E-05 0.567512
0.015626 0.145707 0.174076 9.9991E-05 0.664491
9.9991E-05 0.235675 0.199172 0.092237 0.472816
0.0263284 0.102693 0.112408 0.0727312 0.685839
0.00885966 0.26255 0.296227 9.9991E-05 0.432263
9.9991E-05 0.109779 0.0463699 0.0355843 0.808167
0.00566051 0.80962 0.18452 9.9982E-05 9.9982E-05
9.9982E-05 0.904241 0.050956 9.9982E-05 0.0446026
0.0260427 0.906429 9.9982E-05 9.9982E-05 0.0673288
9.9991E-05 0.754229 0.0248341 0.0966878 0.124149
0.0125931 0.817525 0.0900626 0.0510292 0.0287905
0.0117615 9.9991E-05 0.17692 0.109604 0.701614
0.0429283 0.149912 0.156392 9.9991E-05 0.650668
0.00851704 9.9982E-05 0.0731813 0.918102 9.9982E-05
0.0525851 0.0501547 9.9991E-05 0.824256 0.0729045
0.0136502 9.9982E-05 9.9982E-05 0.869812 0.116338
9.9991E-05 0.0299183 0.310796 0.655422 0.00376398
0.0239379 9.9991E-05 0.0106237 0.866151 0.0991874
0.0147118 0.127121 9.9991E-05 0.836915 0.0211523
0.0316822 9.9982E-05 0.0887329 0.879385 9.9982E-05
9.9982E-05 0.0553178 0.142663 0.801819 9.9982E-05
9.9991E-05 0.0601715 0.00385223 0.8749 0.0609768
0.0135404 0.0667706 0.0141381 0.905451 9.9991E-05
0.0483378 9.9991E-05 0.0811329 0.802907 0.0675224
0.0460155 0.06892 0.0342153 0.781175 0.069674
0.0319705 0.0687308 9.9991E-05 0.785193 0.114006
0.00886516 0.0872834 9.9991E-05 0.89027 0.0134818
0.0135582 0.0398656 0.095512 0.850964 9.9991E-05
0.0317831 9.9982E-05 9.9982E-05 0.880895 0.0871223
0.0162185 0.115984 9.9991E-05 0.86739 0.000307729
9.9982E-05 9.9982E-05 0.818379 0.130836 0.0505854
9.9982E-05 0.0240446 0.907976 9.9982E-05 0.0677794
9.9982E-05 9.9982E-05 0.0981748 0.84042 0.061205
0.0471273 9.9991E-05 0.0406711 0.68594 0.226161
9.9973E-05 9.9973E-05 0.174633 0.825067 9.9973E-05
0.0117163 9.9991E-05 0.7049 0.144619 0.138665
0.0276323 9.9982E-05 0.0761469 9.9982E-05 0.896021
0.0182125 0.27176 9.9991E-05 0.0218441 0.688083
9.9991E-05 0.501848 0.20636 0.0266237 0.265069
9.9991E-05 0.649573 0.117188 0.0154594 0.21768
9.9982E-05 0.789577 0.189061 9.9982E-05 0.0211621
9.9991E-05 0.856769 0.0877538 0.0304846 0.0248928
0.00359244 0.77633 0.000150233 9.9991E-05 0.219827
0.0335443 0.773006 0.161222 9.9991E-05 0.0321277
0.0259109 0.699463 0.250183 0.0243429 9.9991E-05
0.0736476 0.755444 9.9991E-05 0.108549 0.0622592
9.9991E-05 0.0983875 0.161854 0.0314761 0.708182
0.0640523 0.0758848 0.0197354 0.115454 0.724873
0.0250316 9.9991E-05 0.173779 0.0431144 0.757975
9.99731E-05 9.99731E-05 0.291686 9.99731E-05 0.708014
0.0304834 9.9982E-05 0.220139 9.9982E-05 0.749178
0.00154993 9.9982E-05 0.399798 9.9982E-05 0.598452
0.0127298 0.229712 0.198692 0.00102758 0.557839
9.9991E-05 0.185998 0.110769 0.0839665 0.619167
0.0246701 0.137786 0.200337 0.00379078 0.633416
9.9991E-05 0.193441 0.130322 0.0445216 0.631615
0.0214819 0.118009 0.175828 0.0108682 0.673812
0.126831 0.65083 0.0408345 0.0841669 0.0973378
0.0266291 0.0362778 0.184175 0.687022 0.0658963
0.0514548 0.114347 0.0800235 0.754075 9.9991E-05
0.0203705 0.0274929 0.0547357 0.897301 9.9991E-05
0.0110949 9.9991E-05 0.0539743 0.751259 0.183572
0.0170949 0.0410123 9.9991E-05 0.801493 0.1403
0.0392836 0.335727 0.126142 0.153643 0.345204
0.0360263 0.274636 0.200554 9.9991E-05 0.488683
0.0687152 0.1649 9.9991E-05 0.00212769 0.764157
0.057497 0.295231 0.210832 9.9991E-05 0.43634
