9.9991E-05 0.809702 0.190198
9.999E-05 0.886001 0.113899
9.999E-05 0.735833 0.264067
0.00295215 0.959984 0.0370642
0.0335257 0.887065 0.0794094
0.0576566 0.917145 0.0251982
0.0496863 0.901751 0.0485629
9.999E-05 0.948018 0.051882
0.0619956 0.699777 0.238227
0.0679139 0.67834 0.253746
0.204742 0.68306 0.112198
0.0792927 0.625636 0.295071
0.341575 0.568795 0.0896295
0.113668 0.667671 0.218661
0.0473273 0.72328 0.229392
9.9991E-05 0.887492 0.112408
9.9991E-05 0.737747 0.262153
9.9991E-05 0.840278 0.159622
0.226055 0.179845 0.5941
0.0305179 0.200685 0.768798
0.0167252 0.228829 0.754445
0.0564597 0.0562292 0.887311
0.00987715 9.9991E-05 0.990023
0.0227039 0.0808939 0.896402
9.9991E-05 0.28025 0.71965
9.9991E-05 0.0361054 0.963795
0.0538088 9.9991E-05 0.946091
0.0524307 9.9991E-05 0.947469
0.0223751 9.9991E-05 0.977525
0.0835026 0.0458166 0.870681
0.0399322 9.9991E-05 0.959968
0.0592433 0.049071 0.891686
0.0106389 0.0494627 0.939898
0.0625515 0.730283 0.207165
0.0459244 0.653102 0.300974
0.0251319 0.80121 0.173658
0.00627237 0.922356 0.0713716
0.113893 0.669702 0.216405
0.391766 9.9991E-05 0.608134
0.0845574 0.0613179 0.854125
0.0808856 0.741272 0.177843
9.9991E-05 0.798195 0.201705
0.204416 0.421273 0.374312
0.341971 0.51048 0.147548
0.311141 0.613492 0.0753674
0.41814 0.00727624 0.574584
0.112182 0.623503 0.264314
0.213315 0.605092 0.181593
0.145848 0.44411 0.410043
0.884843 0.0702625 0.044894
0.928502 0.038935 0.0325634
0.862654 0.137246 9.9991E-05
0.867386 0.132514 9.9991E-05
0.897863 9.9991E-05 0.102037
0.909073 9.9991E-05 0.0908269
0.777958 0.221942 9.9991E-05
0.914629 0.0266706 0.0587
0.94708 9.9991E-05 0.0528197
0.892767 0.104692 0.00254118
0.75089 0.24901 9.9991E-05
0.904035 9.9991E-05 0.0958652
0.813435 0.0878003 0.0987652
0.581598 0.353804 0.0645978
0.0450262 0.069572 0.885402
0.0254064 0.149422 0.825171
9.9991E-05 0.0291517 0.970748
0.820922 0.10243 0.0766474
0.739111 0.2345 0.0263891
0.857414 0.089484 0.053102
0.87353 0.056864 0.0696055
0.900915 9.9991E-05 0.0989846
0.318921 0.680979 9.9991E-05
0.316601 0.683299 9.9991E-05
0.351078 0.587099 0.0618234
0.327598 0.649438 0.0229638
0.325234 0.517131 0.157636
0.338567 0.551596 0.109838
0.259291 0.592055 0.148654
0.764577 0.235323 9.9991E-05
0.595187 0.261156 0.143657
0.857801 9.9991E-05 0.142099
0.871575 9.9991E-05 0.128325
0.814629 0.185271 9.9991E-05
0.0335443 0.166461 0.799994
0.46714 0.406453 0.126407
0.395525 0.604375 9.9991E-05
0.4067 9.9991E-05 0.5932
9.9991E-05 0.775404 0.224496
9.9991E-05 0.812113 0.187787
0.0583276 0.667255 0.274417
0.11627 0.535509 0.348221
0.0173586 0.838755 0.143886
0.440373 0.559527 9.9991E-05
0.092717 0.294768 0.612515
0.463814 0.470522 0.0656635
0.150982 0.48666 0.362358
9.9991E-05 0.79425 0.20565
0.00953499 0.915126 0.0753393
0.0200782 0.802345 0.177577
0.11371 0.735344 0.150946
0.0241472 0.935473 0.0403798
9.9991E-05 0.850557 0.149343
0.431084 0.437905 0.131011
0.383368 0.492873 0.123759
0.469565 0.465755 0.0646809
0.156057 0.581893 0.26205
0.213429 0.609845 0.176725
0.0397791 0.436763 0.523458
0.861176 0.130023 0.00880073
0.862315 0.074363 0.0633218
0.380459 0.443678 0.175863
0.326561 0.467205 0.206234
0.324068 0.301145 0.374787
0.0165655 0.129232 0.854202
0.81675 0.0581175 0.125132
0.790947 0.195799 0.0132545
0.650006 0.349894 9.9991E-05
0.0416572 0.362563 0.59578
9.9991E-05 0.751797 0.248103
0.0536662 0.871668 0.0746656
0.0781274 0.811279 0.110594
9.9991E-05 0.531815 0.468085
0.0122243 0.833025 0.154751
9.9991E-05 0.834438 0.165462
0.00169047 0.956026 0.0422839
0.0541699 0.53402 0.41181
9.9991E-05 0.842445 0.157455
9.9991E-05 0.750334 0.249566
9.9991E-05 0.847695 0.152205
0.0973936 0.622177 0.280429
0.0688235 0.929944 0.00123283
0.0457766 0.60777 0.346453
9.9991E-05 0.879433 0.120467
0.0478384 0.0462328 0.905929
9.9991E-05 0.0652613 0.934639
9.999E-05 9.999E-05 0.9998
0.0825178 0.10415 0.813332
0.0443979 0.0919437 0.863658
0.0712466 0.928653 9.9991E-05
9.9991E-05 0.786144 0.213756
0.9998 9.999E-05 9.999E-05
0.84787 0.0697198 0.0824103
0.934211 9.9991E-05 0.065689
0.735684 0.181669 0.0826472
0.941525 0.0583746 9.9991E-05
0.858104 9.9991E-05 0.141796
0.985045 0.0148554 9.9991E-05
0.89543 9.9991E-05 0.10447
0.955478 9.9991E-05 0.0444219
0.909506 9.9991E-05 0.0903939
0.929368 0.0705321 9.9991E-05
0.820469 0.111213 0.0683178
0.826796 0.0995701 0.0736335
0.938648 9.9991E-05 0.0612521
0.945272 0.0491752 0.00555308
0.965035 0.0118458 0.0231197
0.943149 9.9991E-05 0.056751
0.388446 0.611454 9.9991E-05
0.198027 0.74191 0.0600628
0.928875 0.0710246 9.9991E-05
0.757428 0.242472 9.9991E-05
0.982501 9.9991E-05 0.0173993
0.358754 0.641146 9.9991E-05
9.9991E-05 0.955741 0.0441592
9.9991E-05 0.759888 0.240012
0.0437848 0.468961 0.487254
0.00278098 0.337344 0.659875
0.0499628 0.121413 0.828624
0.0611492 0.0241172 0.914734
0.0077196 0.179403 0.812877
0.0269778 0.163232 0.80979
0.1599 0.0671521 0.772948
0.100986 9.9991E-05 0.898914
0.00615519 0.879066 0.114779
0.0913284 0.82445 0.0842214
0.0685149 0.931385 9.9991E-05
0.0175502 0.98235 9.9991E-05
0.00154152 0.987552 0.0109066
0.0704866 0.925331 0.00418202
0.0323408 0.704575 0.263084
0.0838565 0.730572 0.185571
0.0544875 0.775688 0.169824
0.0419732 0.769036 0.188991
0.0292398 0.799373 0.171387
0.160787 0.0389389 0.800274
0.856443 0.138594 0.00496253
0.908982 0.000996766 0.090021
0.941057 0.016182 0.0427608
0.829485 0.153682 0.0168328
0.895684 0.00951407 0.0948016
0.147288 0.484824 0.367888
0.0417574 0.6073 0.350942
0.0284017 0.772573 0.199025
0.0295335 0.647707 0.32276
