0.0389095 9.9991E-05 0.270989 0.027762 0.0794189 0.0440136 0.538807
9.9982E-05 9.9982E-05 0.37021 0.0330701 0.0376651 0.0259928 0.532862
0.0187682 9.9991E-05 0.0908379 0.0248574 0.189917 0.0707156 0.604804
0.045611 9.9982E-05 0.272302 9.9982E-05 0.0466018 0.138706 0.496579
0.0773686 9.9973E-05 0.165361 0.000171435 9.9973E-05 9.9973E-05 0.756799
9.9964E-05 0.0777447 0.772916 9.9964E-05 9.9964E-05 9.9964E-05 0.148939
9.9982E-05 0.0871527 0.547207 9.9982E-05 0.0203914 0.0311716 0.313878
9.9973E-05 9.9973E-05 0.157551 0.0537182 9.9973E-05 0.0913529 0.697078
9.9982E-05 0.10775 0.724666 0.0054672 0.0683219 9.9982E-05 0.0935945
0.0189683 9.9991E-05 0.450532 0.0240731 0.11992 0.222337 0.16407
0.0108135 0.0107588 0.273909 0.0533238 0.0599688 0.489845 0.101382
9.999E-05 0.0799498 0.319032 0.0076857 0.224112 0.122606 0.246515
0.076938 0.019609 0.0241434 0.0417203 0.0575693 0.678458 0.101562
0.149622 9.9982E-05 0.514451 9.9982E-05 0.13669 0.0647528 0.134284
0.00349952 0.0660804 0.50359 0.0598062 0.117729 9.9991E-05 0.249195
9.9982E-05 0.00358873 0.74685 9.9982E-05 0.0334401 0.179706 0.0362149
0.0249721 0.00475458 0.586201 9.9982E-05 0.119565 9.9982E-05 0.264307
9.9964E-05 9.9964E-05 0.918492 0.0248521 9.9964E-05 9.9964E-05 0.0562565
0.0431368 0.108241 0.316393 0.0563234 0.404838 0.0709675 9.9991E-05
0.014553 9.9973E-05 0.25925 9.9973E-05 0.596733 0.129164 9.9973E-05
0.0509111 9.9982E-05 0.279444 0.00315451 0.615323 9.9982E-05 0.0509667
0.034206 9.9982E-05 9.9982E-05 0.0135812 0.776704 0.129156 0.0461526
9.9982E-05 0.0263856 9.9982E-05 0.0503569 0.829841 0.0716534 0.0215635
9.9973E-05 0.0604276 0.312412 0.0230052 0.603856 9.9973E-05 9.9973E-05
9.9973E-05 9.9973E-05 0.133271 9.9973E-05 0.651518 0.0268518 0.188059
9.9973E-05 0.00791369 9.9973E-05 0.0118178 0.834314 9.9973E-05 0.145655
0.0323497 0.0622659 9.9982E-05 0.0354126 0.850536 9.9982E-05 0.0192359
9.9973E-05 0.116043 0.0720682 0.026216 0.785373 9.9973E-05 9.9973E-05
0.0587035 9.9964E-05 9.9964E-05 9.9964E-05 0.837916 9.9964E-05 0.102981
9.9964E-05 0.107054 0.0823192 9.9964E-05 0.810227 9.9964E-05 9.9964E-05
9.9964E-05 0.0704016 0.0507783 9.9964E-05 0.87842 9.9964E-05 9.9964E-05
0.0826531 9.9973E-05 0.180074 0.0247844 0.712189 9.9973E-05 9.9973E-05
9.9991E-05 0.0367987 0.0377593 0.0533811 0.761701 0.0842144 0.0260459
9.9982E-05 9.9982E-05 0.291281 0.0495739 0.114576 0.236683 0.307687
0.044863 0.0265034 0.175577 0.00692772 0.247645 9.9991E-05 0.498384
0.114088 9.9973E-05 0.245624 9.9973E-05 0.0740502 9.9973E-05 0.565938
0.0105644 0.0143705 0.262624 0.036847 0.0115312 0.148865 0.515198
9.999E-05 0.143716 0.484571 0.0126577 0.0631937 0.0918977 0.203864
9.995E-05 9.995E-05 9.995E-05 0.9994 9.995E-05 9.995E-05 9.995E-05
0.0438772 9.9982E-05 0.0533224 0.0103001 0.710794 0.181506 9.9982E-05
0.051993 0.0671507 0.730742 9.9973E-05 9.9973E-05 9.9973E-05 0.149814
9.9973E-05 9.9973E-05 0.365244 9.9973E-05 0.0867671 0.183597 0.364092
0.00652185 0.11847 0.341408 9.9991E-05 0.245303 0.233355 0.0548424
0.0862242 0.0658181 0.0733124 0.0546348 0.0688256 0.572258 0.0789268
9.9982E-05 0.0365913 9.9982E-05 0.00581887 0.0410201 0.860109 0.0562606
9.995E-05 9.995E-05 9.995E-05 0.9994 9.995E-05 9.995E-05 9.995E-05
0.0485735 9.9991E-05 0.488888 0.0624771 0.132567 0.186615 0.0807797
9.9982E-05 0.203723 0.14386 9.9982E-05 0.105511 0.269371 0.277334
0.131648 0.00671527 0.352632 0.00125831 0.31616 0.160756 0.030831
9.9973E-05 0.802774 0.078343 0.03472 9.9973E-05 0.0838628 9.9973E-05
0.302705 0.557587 9.9982E-05 0.0139206 0.0141185 0.111469 9.9982E-05
0.275432 0.598142 0.0778634 9.9973E-05 9.9973E-05 9.9973E-05 0.048263
0.368733 0.351734 0.0468213 0.0453142 9.9982E-05 0.187198 9.9982E-05
0.654801 0.257598 0.0529167 0.0255854 0.00889897 9.9982E-05 9.9982E-05
0.402425 0.51989 0.0469538 9.9973E-05 0.0304306 9.9973E-05 9.9973E-05
0.560291 0.219187 0.220123 9.9964E-05 9.9964E-05 9.9964E-05 9.9964E-05
9.9964E-05 0.880917 0.117588 0.00109473 9.9964E-05 9.9964E-05 9.9964E-05
9.9955E-05 0.9588 9.9955E-05 0.0406998 9.9955E-05 9.9955E-05 9.9955E-05
0.720468 0.121257 0.0737279 0.0272936 9.9982E-05 0.0570541 9.9982E-05
0.342142 0.34209 0.109861 0.0257701 9.9991E-05 0.175782 0.00425588
9.995E-05 0.9994 9.995E-05 9.995E-05 9.995E-05 9.995E-05 9.995E-05
0.381946 0.416794 0.10779 9.9982E-05 0.0166151 0.0766556 9.9982E-05
0.141492 0.193962 0.115643 0.0608369 9.9982E-05 0.487866 9.9982E-05
0.121715 9.9982E-05 0.15393 0.0147589 0.66378 9.9982E-05 0.0456166
0.0260825 9.9982E-05 9.9982E-05 0.0412206 0.710816 0.0387183 0.182963
9.9982E-05 0.0245722 0.155591 0.0125996 0.738915 9.9982E-05 0.0681223
0.339424 0.420601 0.155291 0.00868702 9.9982E-05 0.0757965 9.9982E-05
0.403703 0.108294 9.9982E-05 0.0584424 9.9982E-05 0.320745 0.108616
0.553536 0.228853 0.0170581 0.020832 0.0580873 0.0398192 0.0818141
0.311491 0.471355 9.9982E-05 0.042465 0.0318315 0.142658 9.9982E-05
0.8671 9.9973E-05 0.104559 0.026521 0.00151952 9.9973E-05 9.9973E-05
9.9982E-05 0.14677 0.145804 0.00862913 9.9982E-05 0.592422 0.106175
9.9973E-05 0.0815231 0.304476 0.000548908 9.9973E-05 0.613152 9.9973E-05
9.9964E-05 0.1338 0.110868 9.9964E-05 9.9964E-05 0.754932 9.9964E-05
9.9955E-05 9.9955E-05 9.9955E-05 0.0119352 9.9955E-05 0.987565 9.9955E-05
0.0253025 9.9982E-05 0.0793026 0.0399903 0.0571635 0.798041 9.9982E-05
9.9964E-05 0.0373079 9.9964E-05 0.0132897 9.9964E-05 0.949003 9.9964E-05
9.9982E-05 0.115358 9.9982E-05 0.0248467 0.0743484 0.614562 0.170685
0.276176 0.461955 0.0905041 9.9982E-05 9.9982E-05 0.157749 0.0134163
0.392709 0.0479133 9.9982E-05 0.117948 9.9982E-05 0.391081 0.0501481
0.371174 0.42141 9.9991E-05 0.0131221 0.0829825 0.0606993 0.0505122
0.377764 0.456364 9.9973E-05 0.0673847 0.0981874 9.9973E-05 9.9973E-05
0.60867 0.171305 0.192069 0.0276557 9.9973E-05 9.9973E-05 9.9973E-05
0.0654835 9.9982E-05 0.192733 0.00663104 0.567861 0.167092 9.9982E-05
0.149897 0.110371 9.9982E-05 9.9982E-05 0.100605 0.521515 0.117411
0.0241752 0.0934374 9.9973E-05 9.9973E-05 9.9973E-05 0.793303 0.0887849
9.995E-05 9.995E-05 9.995E-05 0.9994 9.995E-05 9.995E-05 9.995E-05
9.9973E-05 9.9973E-05 0.566806 9.9973E-05 0.120132 0.0650117 0.247751
9.9991E-05 0.0257371 0.376698 0.0293669 0.0718543 0.00455593 0.491688
9.9991E-05 0.0590734 0.536745 0.0513197 0.103573 0.0921123 0.157076
0.104986 9.9991E-05 0.432256 0.0561983 0.215097 0.159934 0.0314283
0.0654291 0.0249809 0.529824 9.9982E-05 9.9982E-05 0.043568 0.335998
9.9973E-05 0.195463 9.9973E-05 9.9973E-05 0.0196643 0.747688 0.0368847
9.9991E-05 0.0886128 0.348645 0.0502994 0.469347 0.0406656 0.00233001
0.211004 9.9973E-05 0.0977667 0.0752922 9.9973E-05 0.615638 9.9973E-05
0.10836 9.9991E-05 0.105214 0.0186455 0.296444 0.252346 0.218891
9.9973E-05 0.00771951 0.794796 9.9973E-05 0.0330705 9.9973E-05 0.164114
9.9982E-05 0.024413 0.259904 9.9982E-05 0.0130722 0.14859 0.553821
9.9973E-05 9.9973E-05 0.150673 9.9973E-05 0.143487 0.182843 0.522697
9.9982E-05 0.0655527 0.666216 0.0122434 9.9982E-05 0.170789 0.0849991
9.9973E-05 9.9973E-05 9.9973E-05 0.0194489 0.0333101 0.226511 0.72043
9.9973E-05 9.9973E-05 0.494142 9.9973E-05 0.0514149 0.234524 0.219619
0.0500729 0.232212 9.9991E-05 0.0107933 0.0531561 0.548533 0.105133
0.199445 9.9982E-05 9.9982E-05 0.0486757 0.0457594 0.52353 0.18239
0.134307 0.0488444 0.106312 0.0823785 9.9982E-05 0.627958 9.9982E-05
9.9964E-05 9.9964E-05 0.26353 9.9964E-05 0.1881 0.54797 9.9964E-05
0.059375 0.054055 0.329019 9.9991E-05 0.0867228 0.423941 0.0467869
0.111941 9.9973E-05 0.372176 9.9973E-05 0.381748 9.9973E-05 0.133835
0.545902 0.277924 0.0150882 0.01621 9.9982E-05 9.9982E-05 0.144676
0.648715 0.107338 9.9991E-05 0.0153135 0.0433605 0.177669 0.00750371
9.9973E-05 0.234974 9.9973E-05 9.9973E-05 0.15578 0.426561 0.182385
9.9991E-05 0.229071 0.35219 0.0293844 0.00395972 0.379275 0.00602033
9.9982E-05 0.23922 9.9982E-05 0.0388555 0.229707 0.260254 0.231764
9.9973E-05 9.9973E-05 0.0261585 9.9973E-05 0.654234 0.306316 0.0129912
0.669936 0.0219394 9.9982E-05 0.0478176 0.0320055 0.228102 9.9982E-05
0.232253 0.5063 0.118133 9.9982E-05 0.0208468 0.122267 9.9982E-05
0.377631 0.20423 9.9973E-05 9.9973E-05 9.9973E-05 0.217135 0.200704
0.0750057 9.9991E-05 0.339195 0.0500075 0.403718 0.0244411 0.107533
0.0602778 9.9973E-05 0.195934 9.9973E-05 0.221018 9.9973E-05 0.52247
0.0165356 0.0214754 0.223858 0.0360216 0.0119009 0.0422807 0.647928
9.9973E-05 0.114612 0.0360651 9.9973E-05 0.0154709 9.9973E-05 0.833552
0.0218601 9.9973E-05 0.472719 9.9973E-05 0.256123 9.9973E-05 0.248998
0.0259917 9.9991E-05 0.482971 0.00963125 0.11424 0.0301556 0.33691
9.9964E-05 0.0628876 9.9964E-05 9.9964E-05 0.100591 9.9964E-05 0.836121
9.9964E-05 0.0948562 0.342563 9.9964E-05 9.9964E-05 9.9964E-05 0.562181
0.0283588 9.9991E-05 0.407323 0.00106005 0.33269 0.112604 0.117864
0.0446205 9.9982E-05 0.757161 9.9982E-05 0.0123365 0.094614 0.0910684
9.9982E-05 9.9982E-05 0.734938 0.0255913 0.0585971 0.136884 0.0437897
9.9964E-05 9.9964E-05 0.957033 0.0212259 9.9964E-05 0.0213415 9.9964E-05
0.0640314 0.0666429 0.394243 9.9991E-05 0.213385 0.0343007 0.227297
0.0613513 9.9982E-05 0.856856 0.0285627 9.9982E-05 0.0465453 0.00648527
0.0130567 0.00374488 0.556848 9.9991E-05 0.171028 0.232786 0.0224368
0.0434642 9.9991E-05 0.178224 0.00631585 0.0525066 0.020143 0.699246
9.9982E-05 0.00990357 0.0273771 0.000201722 0.762182 0.200135 9.9982E-05
9.9955E-05 9.9955E-05 9.9955E-05 9.9955E-05 0.797192 9.9955E-05 0.202308
9.9964E-05 9.9964E-05 0.187764 0.0321811 0.779655 9.9964E-05 9.9964E-05
9.9973E-05 0.0987455 0.201012 0.00220669 0.697735 9.9973E-05 9.9973E-05
0.0302741 0.0392294 9.9991E-05 0.0193691 0.730894 0.0449438 0.13519
0.093722 9.9982E-05 0.259752 0.00936302 9.9982E-05 0.13731 0.499653
9.9991E-05 0.00136145 0.208917 0.0607252 0.106617 0.0973936 0.524886
0.279232 0.719843 9.9964E-05 9.9964E-05 9.9964E-05 0.000524988 9.9964E-05
0.836056 0.0205898 0.0133647 0.022503 0.0368433 0.070543 9.9991E-05
0.739227 0.159755 0.0734067 0.0189355 0.00847494 9.9982E-05 9.9982E-05
0.707888 9.9973E-05 9.9973E-05 9.9973E-05 0.0663569 0.215479 0.00997645
0.850748 0.0446243 0.0966038 9.9973E-05 9.9973E-05 0.0077239 9.9973E-05
0.545422 0.296836 0.0108695 9.9982E-05 0.125736 0.0209362 9.9982E-05
0.9417 9.9964E-05 9.9964E-05 0.01217 9.9964E-05 0.0457306 9.9964E-05
0.232026 0.683313 9.9973E-05 9.9973E-05 0.0512201 9.9973E-05 0.0331405
0.455157 0.443111 9.9964E-05 9.9964E-05 9.9964E-05 9.9964E-05 0.101332
0.365084 0.507617 9.9991E-05 0.0145405 0.0211866 0.0160497 0.0754224
0.899844 9.9973E-05 0.0073211 0.00340647 9.9973E-05 0.089128 9.9973E-05
0.655517 0.171884 0.043954 0.0106816 0.0539785 0.0638849 9.9991E-05
0.558947 0.311911 0.0521185 0.00890978 0.0297664 9.9991E-05 0.0382471
0.569659 0.384888 9.9964E-05 9.9964E-05 0.0450531 9.9964E-05 9.9964E-05
0.495559 0.37443 9.9973E-05 9.9973E-05 9.9973E-05 0.107876 0.0218347
0.96435 9.9955E-05 9.9955E-05 9.9955E-05 9.9955E-05 9.9955E-05 0.0351503
0.74061 0.177686 9.9973E-05 0.00320206 0.0782027 9.9973E-05 9.9973E-05
0.17786 9.9973E-05 9.9973E-05 9.9973E-05 0.0331932 0.713776 0.074871
9.9955E-05 9.9955E-05 0.20827 9.9955E-05 9.9955E-05 0.79123 9.9955E-05
0.619577 0.267346 9.9973E-05 9.9973E-05 9.9973E-05 0.044862 0.0679151
0.153332 0.601038 0.0269467 0.0453744 9.9982E-05 9.9982E-05 0.173109
9.995E-05 0.9994 9.995E-05 9.995E-05 9.995E-05 9.995E-05 9.995E-05
9.9964E-05 0.198828 0.222759 9.9964E-05 9.9964E-05 0.578013 9.9964E-05
0.0373478 9.9973E-05 0.0351195 0.0225204 9.9973E-05 9.9973E-05 0.904712
0.0184099 9.9982E-05 0.394491 0.0214907 0.224667 9.9982E-05 0.340742
9.9982E-05 0.0858281 0.17348 9.9982E-05 0.393435 0.0397032 0.307354
9.9991E-05 0.0132555 0.265553 0.0016166 0.514041 0.120521 0.0849137
9.9964E-05 9.9964E-05 9.9964E-05 9.9964E-05 0.733303 0.209011 0.0572862
9.9973E-05 0.0879789 0.147893 9.9973E-05 0.741753 0.0220752 9.9973E-05
9.9982E-05 9.9982E-05 0.0911822 0.0077453 0.745919 0.0685249 0.0864288
9.9982E-05 0.0660103 0.197003 0.00233371 0.658607 0.0758457 9.9982E-05
0.102056 9.9991E-05 0.0165936 0.0304381 0.693835 0.130861 0.0261163
0.0978582 9.9973E-05 0.139079 0.0403501 0.722413 9.9973E-05 9.9973E-05
0.0419298 9.9991E-05 0.230658 0.00305286 0.0361998 0.0609895 0.62707
9.9982E-05 0.122726 0.173575 0.0402101 9.9982E-05 0.0135684 0.64972
9.9973E-05 0.0959032 9.9973E-05 0.0499399 9.9973E-05 0.00939283 0.844464
0.0963005 9.9973E-05 0.0811033 9.9973E-05 9.9973E-05 0.0870188 0.735277
9.9964E-05 0.0144618 9.9964E-05 0.0283595 9.9964E-05 9.9964E-05 0.956779
0.0720715 9.9964E-05 9.9964E-05 9.9964E-05 9.9964E-05 0.125099 0.802429
9.9982E-05 0.0625241 0.508037 9.9982E-05 0.0896629 0.179993 0.159583
0.0224341 0.00413396 0.791067 0.0026635 0.0271679 0.152433 9.9991E-05
0.00873425 9.9991E-05 0.709281 0.0351835 0.0172098 0.195971 0.0335207
0.0564223 9.9982E-05 0.60771 9.9982E-05 0.0901082 0.125558 0.120001
0.0450488 9.9991E-05 0.599644 0.0370605 0.0422506 0.0182009 0.257696
0.114526 9.9991E-05 0.0193539 0.140247 0.6116 0.0457882 0.0683851
9.9973E-05 0.842842 9.9973E-05 0.0208896 9.9973E-05 0.0243857 0.111583
0.446818 0.39519 9.9973E-05 0.042817 0.114876 9.9973E-05 9.9973E-05
0.880374 0.0538607 9.9973E-05 9.9973E-05 0.0276839 0.0377817 9.9973E-05
0.709386 0.0738105 0.0702552 0.00137426 0.0113186 0.07104 0.0628151
0.75405 0.0674831 9.9982E-05 0.0131676 0.0515621 9.9982E-05 0.113537
9.9991E-05 0.179109 0.402277 0.00783423 0.231272 0.0147643 0.164644
9.9982E-05 9.9982E-05 0.314223 0.0249987 0.238195 0.131276 0.291108
0.000169803 0.0090014 0.573997 0.0740299 0.0453524 9.9991E-05 0.29735
0.0201636 9.9991E-05 0.574969 0.0414397 0.136938 0.107846 0.118543
