IBR/IBR_outputs/all.combrep_1/EucDistWater_Total.PersistForestCover_Total.Silt_Total.Spinifex_Total/EucDistWater_Total.PersistForestCover_Total.Silt_Total.Spinifex_Total.asc
NCOLS 160 
NROWS 95 
XLLCORNER 210004.651214014 
YLLCORNER 7350008.22228844 
CELLSIZE 4999.99999999997 
NODATA_value -9999 
[rows 21 to 41 of 95, columns 92 to 137 of 160]
19.6303987639724 11.2814353416007 8.66704205115058 7.83483120638475 18.4391112876776 29.8699689935178 38.8684931175282 30.7934085851929 19.3095558561139 8.68553893145669 9.81480185107346 19.1927076899648 14.4635454043355 5.75776009172433 4.59370250273712 11.2398552254118 20.4305103407047 14.7500008002398 11.181928511916 3.75599247496011 2.39125376345933 9.17087357527976 16.9489010267553 12.1699738298515 6.60914246233494 5.90378931238136 5.69370956431538 4.75720613389526 4.56392725321278 4.7454003960652 4.23261260719238 10.4686110802452 10.4375660537959 5.43223536949849 8.05388169914367 4.95119976000953 8.13410562579586 16.5707682544697 22.5551671029563 19.8552675170335 21.591959173707 27.9656872454151 31.2860562004845 34.9311549237307 40.7929061004477 47.8492832911459
16.2439335299594 7.82541872463078 6.1248283047184 7.85409297240775 17.4081919198261 28.415250562073 38.725250763231 34.3909385006878 24.9846464110709 18.486700351814 18.8597483873957 16.9206716302272 7.34207095640103 5.76721895135535 5.15098146833552 12.4311166029567 23.7122963239428 24.5805244733093 17.2483721330833 7.17401263166369 2.83577791060543 5.78580943296102 14.9530195563948 20.6372083811732 17.4550646623188 15.5677003547929 15.0804218917932 15.340432729409 12.8240101843764 10.9419782694429 8.02566960046564 4.31732866982953 6.80899705776427 6.65578346376132 6.74966862097246 8.67868979947467 7.57775629577738 10.7476433942454 12.655047895969 8.75569261594111 12.6218344042806 17.4736293798233 19.8514303329988 24.8525193693635 32.1448127257826 39.5249722634874
11.4239566857736 13.3361100465715 9.3308595710853 8.17857653348826 18.6176582012981 28.271767782117 39.2820969997853 40.9246518320187 33.2283181671335 27.3668153106267 23.7392728377043 18.3028586882903 10.9726511605959 11.5855182920302 5.58942299796531 12.8798707957257 24.5929950612887 29.6599600356232 23.2424834841916 14.3515723211843 4.97931799381155 3.22479654326132 8.23392916107762 16.5217206259645 20.0022071930683 10.546387322174 9.91419029809756 15.2115557132621 17.763957274054 19.2702994177254 17.0344214360435 9.05959665144463 7.00169706470724 5.8309003751803 4.87379997669702 4.60276672426221 5.41680745034221 4.41084912175455 4.3762346312905 3.820018051057 5.30500693728784 8.01413249405308 12.4654975302303 16.2966152980443 24.3022022706308 29.4560117272263
4.71715872184863 6.30612446291583 14.8526026779812 18.5701110203399 23.5329902764774 32.1398526878518 40.8821012667535 41.3286777380749 31.3102049680639 21.5653307920027 13.8204974816134 13.4629718760538 9.98537926137663 9.52476453177511 4.17205022341811 12.7539858169594 23.4659246676691 23.2973298297649 20.6080616898083 16.8894448235207 6.87892047989364 4.67814481649538 4.33662983046363 9.20627815313698 15.523189513426 10.8192837941164 8.64907305466373 5.57108614016464 7.92997388589676 13.4735033266607 19.2174976654145 12.6763869407267 6.20867534115167 10.8895941962026 8.33759817821728 8.18212280001292 14.6779679370701 14.3252783057801 11.060986226002 6.11968483253331 4.81431286410333 5.14991742041717 6.59382265029593 17.1685115871556 17.3239484952876 19.0156094872005
12.8953183102509 9.81327072246786 12.6724033452786 15.2605781926411 20.1375513788218 28.8427302666498 32.8787850998674 35.2697600911086 28.2999655539455 16.708171739145 6.03054406448691 8.00564316273542 5.35619812896752 6.88283383165056 4.30416904725911 12.137722207486 21.3986538027213 13.2704759335645 9.80811613940577 16.4415322341463 5.22542488797881 6.43303164212562 7.52391823520283 5.50851972031485 6.22717754261077 13.8943048805124 15.7817749695505 10.0960635440584 4.10014400724674 10.8669583183401 16.8897781814265 10.4050626733687 5.78528158342834 11.0489766265578 6.45243219677215 7.41823865886891 16.521855712556 13.4710213906738 11.6077277368215 15.7396776169622 13.0522711370324 6.76940315541879 8.43378622889355 7.20305633537479 7.5351675488152 14.0395575698435
18.6528981378043 20.3937975755659 13.3734311698918 5.70335013161996 13.3529632743778 19.6009743611175 21.6239459228423 24.9745352337234 25.7257438192916 19.8661736339526 13.0130803178412 11.8088324981978 5.48671189211316 6.51486253364202 5.15868557430362 12.7318835075993 21.8314392374276 13.8774964639269 7.51194342019491 12.6065510792097 6.69612358422414 12.4737596537889 13.3929793174725 4.05640561709737 5.96494612786065 12.5208591180223 21.454256341 13.9909369683485 6.95801401120407 5.77932162525324 10.9523114171379 7.50817635171102 4.71399083624467 6.20623962164262 6.51522528809932 5.49185085789055 12.1746013212894 9.83161393216419 7.95301679030079 17.9253077919826 22.0119781607565 13.2370773324077 5.08988933484978 9.53860224646724 8.82479900460369 4.5470969206896
13.6713726188619 22.1154402258633 16.4936086457724 6.92590211335979 7.53544278011333 7.96609387912119 10.9309092235787 13.409323077526 16.7803729159009 17.4991828521013 17.0994175172391 18.0761934241733 15.0199931909253 11.2787395165122 4.25558455312937 13.9947856995596 17.05907436944 13.504886472561 10.5141492397989 12.4233129320728 5.58004888960459 7.46374887399098 8.50478075294111 5.69918677627601 4.14534776048991 12.4031429292412 21.7359957910323 22.0939835461545 17.9321287469358 13.5017994743049 7.82378037342428 7.86805105859097 4.16014104049398 4.76195744205992 7.78001982377215 4.86677821114223 5.71273381672487 9.79811676315775 5.26449083901068 14.0545195841015 23.7803817427843 17.0540768039493 5.95340202567258 8.17138232633769 12.2648551408696 11.3032676219989
6.79428327038858 15.4315043346422 18.6985765262333 12.5843390561414 5.72700702324663 5.08705574212107 4.81430467342756 6.08730468547452 9.03436705987763 7.71753722387026 9.14612468959968 19.9529568830847 21.7300592273721 10.5892792005001 3.8404541267775 5.9712594288325 8.03997638522892 9.24752196054031 8.63934908626383 9.04078200737122 4.75613467182689 5.6076009619448 7.35961016403445 6.18268958234349 5.48123408564502 6.27079790946006 16.5033821068536 27.2667737761109 27.0851304667223 21.1268450253118 14.6331699251239 12.6444279598509 5.47906108258653 4.1434753113307 5.06985437832077 5.67318370904976 10.9056470718784 14.4862341905853 10.4539197206432 16.2596161829499 21.482105358528 14.5155275960239 5.53218050503355 11.326306006286 14.1075435280387 16.8302402680125
3.37318638565227 5.95050473623643 9.63779402698201 12.8312955554804 6.65178479850039 9.09425653694142 8.24002507478798 6.58740660200161 6.5317442940558 16.9083693250461 15.1835286678886 15.6336009489922 19.590718731969 12.5194621355965 5.11525746567091 7.63835642347779 4.68645895225984 7.11139512982268 8.58480913508189 6.22767728611606 6.95398062618206 4.77784876483728 7.07710962936567 5.22416723592707 7.6979750798994 5.3832374839573 14.0058647064959 22.2022781563975 21.0086485607514 13.9489968224838 11.6016431457407 11.0307783550193 7.9857321136021 9.38354195360736 4.3430638358705 4.33545952459226 9.42919255211046 16.1382962639788 17.200967600758 18.3802700574457 11.938097984083 8.30706418876339 4.95098165886162 11.627203940857 14.8312717868931 17.9301035592958
11.5309417182752 5.02461904670527 4.47851986619626 5.27047821018313 13.0436434081919 16.5639868380833 17.8100769670467 13.0800472521459 14.9247742479278 15.169199029988 14.6710060403319 26.9331824629842 15.060888643972 11.7067863632701 10.2908366365387 15.984195359552 9.03015284468708 4.93676936615427 5.00725626035189 10.3454204337964 7.46896917821117 5.43198985313699 5.61965103132853 5.60918252286553 12.2369425777568 6.29541702605458 9.1227469768158 12.1709391606214 14.906114139416 6.44661116211286 4.44879084274993 6.48220135153984 5.21391685955877 6.42197265487513 4.14135499805948 5.20287919387361 4.35574364360509 7.36222889085349 8.21612458026698 10.7901251938731 5.66010005770659 3.61420255270998 8.90505155681388 9.63725398390205 9.9135314482218 18.0003704747204
19.5691618967132 9.91549094875943 6.43640776270786 11.0223913039066 19.8839822638954 10.442077612318 18.2174801380456 20.6514009702391 18.5213763223472 14.1992484141184 9.26350886325191 14.4718136806385 7.51755774079676 4.57653621822991 8.87344515370588 14.2315071269002 9.7162467521959 5.17028357780068 4.58398585959059 4.9275215601166 7.11537963978651 5.37319030666498 5.65314808198259 6.07105774015562 12.9564591780264 5.93731661811378 6.08420520114041 5.81173264168934 7.31194485368941 8.71794672905311 5.94684748799351 5.81396932079065 5.80713881678658 7.8942032195064 4.46596298105214 8.10867405327585 6.96192858766789 4.65620228263993 6.63665163893593 4.6508607608855 2.95266189774764 6.31226468157133 15.394940617291 12.7805852705213 12.4381483633856 18.1278099191781
15.1377194730953 14.217326208284 8.76996906705125 5.99880629052239 18.8631814043017 10.1440069309949 8.19760331126962 12.6818785949687 9.12397176869414 7.76036927894807 5.74037565082238 7.91730792438208 8.66517023562372 5.63190423096437 4.31421536582216 6.45152454989272 10.66703588679 5.19516488994952 6.58052660527462 5.03232981445743 6.96613985250217 4.54074227891469 5.57965262393691 9.15381242997159 12.1185913447845 4.70792197046355 5.22054132268629 4.91440343460129 3.91733858940955 4.26466403199767 3.90815543386018 6.53687142365417 8.05430073325864 7.73722899824911 5.06735633898292 10.7986632283757 8.80043704327271 6.40287926952371 13.8162874758601 7.99149307877201 5.07703774249598 9.1331431136746 19.5416037859027 22.4514418186172 22.4511474563627 16.7983717297238
7.24784004756807 12.0740441996707 14.0839785711557 5.15522384783689 10.8012400136878 8.95849540879051 7.78533403449341 10.3797683532698 5.32424816989524 5.177519399307 3.57167610050379 7.04396030799747 8.59191487998234 6.15762081553979 6.63770991581181 7.19236826184587 8.27299225945144 9.34323486027892 4.82854903975051 5.7555606122398 7.86376844591142 5.73247412486075 4.05335644624881 8.37410054639638 6.2624110919862 4.24851367842152 5.38475434547291 6.04496081724866 6.11417568783668 7.39442578267689 7.86619553749817 5.86153048331222 4.58642416696056 5.95559479711826 9.52213319140507 12.3695458972903 14.8384050324271 13.3238832725008 8.05823493178708 5.36615337208677 7.46947280245048 7.12173752116266 15.4271733319249 17.0470302507209 20.9640975683601 15.3375881533843
14.1785192675824 11.9588794276201 13.3705506543014 6.9995740533381 4.73539361879329 8.94133386246334 6.39247126828222 10.2177694522578 9.66365081359634 7.40599747166523 9.34853718637613 5.92321592875989 6.40688971751979 5.06555423127998 5.3906960210451 8.94964931346253 8.31020550470019 6.27032111001329 4.84422730977331 10.0983064880683 10.0298085353292 5.04335895289152 5.31190936452227 12.9450632505582 11.4709327869329 11.0535530599509 9.8992352164628 12.0367775587432 5.67735810935323 6.97162043814868 11.5902999054303 6.5816795924974 7.58866524336275 5.55241102258792 8.64882353849675 6.24651106274127 12.9615737350285 13.8439682068457 5.07168608346759 5.880720009235 13.1569931956252 11.7360249043457 10.9813159518073 6.47751202358064 11.3916417172984 17.3507584643858
14.686595191627 7.03411866753012 7.66872144300088 7.61679566701879 3.70856593351611 8.89736079996541 6.93335084741171 12.1742318342677 7.56950167970696 7.6828662322513 10.4364348617705 6.96456728646974 4.43936249029322 6.23520804911996 7.18685282220993 12.0938524374256 12.6733036476713 10.0099310814564 9.74874755983858 9.23973665177972 5.16142216184904 3.99853871168286 6.07639358378125 14.3871943851885 8.6922256391236 7.31704196215438 5.10010309810038 7.59499647297904 7.32516256690657 5.35095067565152 6.9235837382163 8.84827919369186 15.4987160257168 11.9911369563912 13.1774232338571 10.3616898490558 5.44381341769768 8.28052303540211 4.37005865923097 10.0388717041845 10.5750250923912 17.2856672019598 12.2941322869851 5.12654864848984 9.1455317530932 9.50120061149429
16.7866749035405 10.4664343330384 7.64452208483767 11.1909718398672 5.46430265175591 5.0357033150818 7.12235317182404 9.97019122010213 9.74700883914284 7.26287947435337 7.06009249506529 6.43610806912221 7.05961950740521 6.9812869436127 5.40299736701587 7.09825190299994 8.90783839425426 4.37193372934156 6.90950770873981 4.4235131542384 7.45475438826032 5.6287028249973 3.90382253900739 7.3828826251124 12.2910484831112 11.0776176874253 5.46619462724596 6.54426243324764 8.41339850935331 3.64718058911 7.02500259303391 14.0288194599652 15.968960358576 14.6815521787641 7.81264100783234 6.71519675813214 7.39129754699671 3.90972884437597 6.51356300303154 11.8403765954345 7.63558478621563 16.0402510284659 13.4414515861016 6.39164235996043 10.0320596253075 3.72741081706251
24.5627366863895 19.3227052857698 16.8132174344548 10.2993903620667 7.21550984914084 6.19327704736912 5.40473209670815 6.37465546407345 14.5136638171457 11.7448624364878 11.1459098203462 13.2122364699032 9.41738005861625 6.96819819089799 5.02587970549891 4.17029615191044 4.73469694354327 5.44414920107884 7.06958482912415 8.68288683618209 5.01623908001416 7.87443799901954 6.30150129258874 6.72982866804666 7.69419301229786 13.1492017274295 12.3306018881984 9.58321064298058 8.53555411628817 7.51096730675305 13.9292679727161 17.0492960323787 7.26578251150572 9.09043504129393 5.17629495975326 2.76529824245692 3.88647680396058 5.06166327372335 4.65200224977913 13.7250209892551 11.9134124129014 9.93139544137375 10.9550838658703 7.62409695382524 7.28928000238531 6.43480893900603
33.5627721846054 28.9854825925807 22.4545759322352 13.3383257198664 11.6997179716146 13.4086181714234 6.51225596237183 6.52670105714709 16.2258691848283 19.8154415408148 11.523837992531 5.90274402604058 4.31315871243599 6.46398789631581 7.67968662020796 5.157423096879 5.45319390188062 4.88692528669376 7.28392282825241 10.4752562692796 4.77738213004608 8.50144587569438 5.02121593654087 8.77139415350884 5.79610850212021 6.5035981417869 15.8692396567468 11.8705668653787 6.13085775502643 9.82744044209757 11.3151761263055 18.1438965656239 12.9929332588097 11.8330568153506 4.72847728330331 5.34218882635972 10.4887714458992 8.74447641160419 8.54541243439543 15.2973404431753 9.24969507674739 3.94752862501871 4.86712320851459 5.57390579181718 4.43903760479879 6.25607490543473
32.0670337903806 25.4514369160295 16.9971484453891 15.0165291220287 19.9294358273924 16.6523170517364 6.9163082738931 9.73011294144115 10.1152509035961 17.5104195703311 12.6335899878367 7.3721837617612 5.9012432976729 6.52876936607874 6.78221671070986 5.84392065449077 11.6164421013544 9.41656987252718 5.54280127354794 10.9985796217331 8.84854763733749 5.66364505343897 3.65865458359286 4.05540163890847 8.21275788034533 10.6589126948821 17.4622529423383 10.6987374860994 6.90622954150151 7.77552453473195 9.25834736445886 14.0269081958368 13.9974880265511 7.63269990168667 5.24036646611642 5.40637513648206 6.2290454484123 5.77912081240106 8.06333793110468 7.85240010130128 14.9244993344624 13.5653478386117 11.1277740963388 6.53882579684021 7.81887310500719 7.96440698712446
24.9913749230258 21.5802219248219 9.92590917180888 6.43515760917204 17.2709030518981 22.1072128760477 17.068725498702 11.3951373691052 5.27473162224091 12.1183499432967 10.2696403540878 6.39930375639971 6.10112893964419 9.84105967080412 8.47956042551142 7.334550344067 7.03507698601689 13.8904226961007 8.84925951657292 10.9308048648812 16.4905826798042 12.8458373080568 5.06321515017731 6.66441029835338 3.766923301341 10.1289318981296 17.3391955918331 13.4490768021047 8.12635733330323 4.13885350541042 7.46970349947492 5.28557972071433 5.30631498029379 4.867733505209 6.27935491944115 4.60910971754251 6.3306449159584 8.44383681183513 3.7136492586582 7.01878041481612 13.9136917468671 15.9274507733623 10.5309391462783 7.13847143702257 6.30557323684224 9.57441822954125
15.6278746453912 21.0712981056184 11.7231915182167 7.26522286210915 16.7725121302079 25.6755301012438 25.2799779288772 16.8540403985092 8.16054539269294 5.98729745057884 4.3623515281442 6.19829581723459 4.82857904924038 6.12021069955086 5.15628344592691 3.80583054992422 3.30436716713414 8.18630079994939 12.0395049886533 8.2865694134287 11.6076444083318 7.37218668194788 7.96871690561651 12.4392319527301 9.53362128596512 4.22014610519856 8.23911848157813 9.91668137279014 12.1612099931936 12.1882463338635 9.7196112457472 5.40805535871416 9.23532306054133 9.63928637580526 5.05460666919533 4.20353629234816 11.3535752016683 8.30698105551252 3.82180385748121 5.90908874960938 12.7124920726374 10.6877569109825 3.76379330522592 5.04211550954768 8.87624989472056 11.0459085107934
