IBR/IBR_outputs/all.combrep_1/EucDistWater_Total.PersistForestCover_Total.Silt_Total.Spinifex_Total/EucDistWater_Total.PersistForestCover_Total.Silt_Total.Spinifex_Total.asc
NCOLS 160 
NROWS 95 
XLLCORNER 210004.651214014 
YLLCORNER 7350008.22228844 
CELLSIZE 4999.99999999997 
NODATA_value -9999 
[rows 63 to 83 of 95, columns 46 to 91 of 160]
12.4727416274739 13.6942708634555 6.46870536107971 6.89318860194347 8.95586099299487 16.556219615208 23.0024384774089 16.468236207224 11.5371478312148 15.5705572853584 19.9275510106025 25.6839620412863 33.6455379055344 39.8653202462426 42.6244936033764 45.0735173520253 49.778527871508 52.1476133831545 51.6140625558092 50.9215692345706 40.3325025329203 30.6503055951547 25.0851466638539 17.7962760730599 22.7242936555114 20.4994275094173 22.7650035281844 26.0580828541516 27.1784760387917 22.434336810981 20.6373757206172 15.9558873305093 14.6631780158627 20.7142367837337 31.0499765112782 40.5262902250929 41.3340764828503 40.0329389382646 40.5256666780438 37.3672616134843 33.6235578767768 30.1144782879737 19.9079629360751 7.56484443461327 6.45579922443209 7.49166905980202
13.3094717185272 17.5297182327497 11.196057405102 5.83771184943755 8.28871232420754 13.623560429137 19.8363670244871 11.8112368899027 5.78925218124311 9.33079416095368 10.5384525281528 17.4299201443236 25.3757760184283 36.0367122079027 45.8675856099277 53.7273920746444 58.4664010187949 58.8807037824409 54.2970109369173 49.5832519871804 44.4395452983091 37.8329779025407 33.7423852138914 29.8147677930281 23.7304588766391 15.6838596031186 12.1774628223916 22.9895348928084 24.5415861820264 14.1680129114851 9.09404685895117 13.6765716363418 9.17506251992012 21.157263699438 32.3577771840388 41.4378003096925 44.6829606194513 42.590681917585 43.8027990833027 45.0718996353734 42.3404831167659 31.6093993570569 20.2825955604533 10.3306019897775 11.5221364956609 10.1234668499469
20.3862859415763 20.5246085985717 17.4801827697024 12.1482103498804 7.6890833582992 8.0268702034505 16.6749295109161 10.150891371741 6.04272545362158 8.99619374456756 6.20035698512202 10.1240559695957 21.1894396751946 32.7085190739099 43.9070662522005 53.1005456102004 57.6857533028288 55.8625567207872 46.1434087714921 40.1410724225476 37.2323548655069 37.7723227889564 39.5531593712646 35.3656931502749 24.6921110697919 16.1281063173853 8.81529915934992 14.7002512831368 22.6122605039615 14.4679697439876 14.3785433324671 18.9429782413545 21.9795991970352 25.6064624574666 34.75578387387 37.7742456009996 32.8760015435548 31.1035319530302 34.2680311001515 40.4482719673829 43.8229424813578 36.8956088351146 27.6276124271916 23.4038062367522 22.5703230838197 20.1924226187357
10.4772063704564 10.6618118620325 11.1923549654436 8.947930739102 15.371774933011 15.0509855347762 18.1509142365023 8.84315234149217 9.07418900156493 4.84577767461707 4.63726036825933 12.9959940521613 23.4175759314068 34.2416614760932 42.0152169931826 46.0075261746214 50.4541021927114 48.8826962931953 41.5433418806734 30.8534111853163 25.2548501821959 26.2749116151404 32.2128504329442 37.7434613687149 30.4682006465963 20.1173267039546 10.8947958346476 14.0680898120848 16.4020191114382 7.65730266591835 14.5451582149029 23.6639180621959 28.2732214982558 30.8982012408508 32.8535000652225 26.9297509634585 22.371930269579 19.2760333560094 23.0656138481442 31.6691553357888 37.7112297158778 41.565983761774 35.8705023931465 28.3234772843142 23.551437566633 18.7437159750439
8.38070127286895 7.97511059943012 12.3936774570132 13.5267507525519 10.843444152722 9.94050498082952 16.7324106655092 15.3614809934626 16.5223452895084 11.4291555298138 11.0594969116236 17.0286348795786 27.348076639319 33.6938907008656 32.0659205354505 32.5643204759148 37.8435148881011 40.6140000781991 32.8776645239332 22.5398839284445 13.9230204005671 15.5515196266494 24.9051176242432 35.5179859031602 35.8783846107251 27.8010977402084 23.4250907753085 23.3432729628206 22.2445475267499 13.9738182568615 11.0505842676951 18.7159130749908 19.6563987272564 19.2512159120462 23.0478713563054 16.0715720263702 13.1514811492486 8.4865160244649 15.7772634079382 21.0839693429746 28.4237561156088 36.9474147272555 34.1581024291373 23.0294268761266 13.4047379628777 11.7601687999294
14.5015659550852 8.76132328798068 9.37318778686725 18.2629489019262 12.8097929549932 7.34431245195245 8.17381779617602 8.55932452278732 18.4213241732051 21.7466298350326 21.4143853365947 25.6717470955597 30.6831165516049 25.4563279715708 20.2645293839298 21.9049993153047 28.0468244038093 30.2327276092459 26.4983513808267 18.914305279121 8.85969978805949 12.4915433914568 23.1364486613511 34.3225903850093 41.5614721080912 37.2656864543775 33.7552050025687 30.9062136707843 24.4439429518608 14.2314902934522 9.06439730014755 17.7647016107951 13.3745588908269 10.6803664044971 21.3161813843623 10.240013796347 8.71433075213104 10.637797455841 7.45156603102685 11.1705847515069 23.2528410956171 33.3642643217329 33.7175699576553 22.8086775021092 12.4498008602511 11.7994941287687
6.62958671819551 9.10434876375719 14.6348408977914 22.2600682371175 16.9867960984739 7.80297426037237 8.10728640586653 12.7393862673068 20.3671036116287 16.9629028065788 15.6989608651718 22.1408072222235 26.5533612407932 18.505704583274 9.32743410250457 12.8905255163773 16.7513196691154 19.9586840264086 15.6445769727948 17.2275116965634 12.519127600389 15.2225323703706 24.109731079828 31.2368163142014 38.9913975867032 40.5653647907522 34.5341191092437 26.5138153917582 18.6670735630673 16.9124990954028 19.7786307075113 22.2949081370017 14.4956636092058 13.1001254403931 14.5916242157607 7.85208299963426 10.943265845526 7.26427074104867 10.7347419260941 14.1515068275556 23.2427185187254 33.9004328780891 37.2240124080326 28.702077428671 21.6594593843533 22.180208536502
8.63672518721697 7.10960550605501 11.9834143181042 15.6270516782318 17.74905538466 12.1995352163359 6.03967417366478 16.0365421976524 21.0350993596736 11.5879962947844 8.82673435304725 18.6220716179333 21.489502709812 11.2912981639893 8.29036447629042 6.17431106606503 10.040474091543 15.3745039027894 6.95965785246157 11.5150896938937 8.44741791291111 9.80381797406268 14.4718910076585 24.3149387929221 34.3479668136732 32.6186307034126 25.3169910247677 20.0612868283812 12.1239038705096 10.3482022889641 21.2160770923299 28.4829846179233 24.4685597469712 21.646551001811 12.1358134240837 4.39954993116655 13.9668446416938 15.3484645065466 18.0279312552395 22.1483381556793 29.5962439989528 39.1376626281478 44.5775835285027 37.6419363206853 33.2827375555162 32.3144859262331
10.295128024438 5.47588187016796 5.53471706747881 6.97695144975961 7.52380028851813 9.26487818534581 11.1160004845534 14.3378419534747 16.5341676205969 11.3972552247001 12.3124247793093 19.7959542017717 20.8826724063804 9.63831529565617 10.9656709327627 13.7195313696715 16.3297188539494 18.9559080505932 8.40010862062801 9.25292202827258 12.4553231854283 10.9543194162498 11.9220745947295 23.6223071408583 33.1865876670168 27.1809841947649 16.6022894259876 10.7100910381262 13.02845057458 12.1412784097501 20.1001288836335 29.5629647984542 33.9878632246709 25.3301395793943 13.6431323303958 5.53814584802548 14.3348586524207 16.2776360524207 10.9496422516845 18.7965729428753 28.0532776679513 37.0533332205066 46.1909239060695 48.0706624728205 44.7147595643288 41.6303436923056
6.83174761982481 11.784364802422 15.0956547522998 13.6545426151466 11.3671038258979 11.3756485970938 12.03461843352 5.3271040629334 5.97966330157683 5.81072868791801 9.86103253789246 15.5971920458112 23.1148598808647 20.1071864088698 18.3812496083867 11.2323444867464 13.5167426830132 20.6105886064075 17.7204751305139 12.2705844973987 12.4214160696106 18.6499258526589 20.2801241225742 29.1248778560895 29.5088156298271 23.3062255905447 15.8918016391298 9.48329426272702 12.466303874228 8.28063714787573 13.9414499134322 25.1333290458008 32.9504670070287 26.6331275006599 14.8285581430901 6.68155670376186 13.9056480110056 15.7206351437057 9.20410123240246 13.9401395073934 20.9877010423888 30.9431789700464 41.4533377779668 51.4912357838877 54.8828613523875 48.4920799782377
13.8851336482553 19.4983298334552 25.2353004820522 25.1568502397467 22.9069176663088 22.2184030542894 18.9958965153274 13.7460669841989 10.7418148940858 7.43255502881013 7.38534871465363 14.1280070240627 17.0126283381065 19.0091618029175 14.0184933707335 6.26979939084951 11.748765770374 24.3363381797901 29.4975950777381 22.8141460556091 23.1968055236172 26.6904336574731 20.6931453183638 21.9541851026064 22.0575667796548 14.5409580418007 18.5040523884912 19.1618497289828 16.7543711255004 14.285954883695 14.9867157211488 23.5373074360198 28.0003767870334 20.0808234999537 10.025663549607 8.27865533758063 17.9399838409206 22.4743329713982 13.7839018514901 7.3805137357788 16.6721488919877 29.6993503244943 39.999994188464 50.0258601018019 58.8790925157143 55.899143938918
10.107819694552 13.9105262110126 21.4153132954265 29.5225778227727 29.7048820629749 28.390473100617 26.6810409793181 25.1458405018873 21.6284216079628 16.388389015852 17.5416036589103 15.3129823630769 6.81308898473811 14.7492834252694 19.330781922368 14.9281841233551 26.8791946772811 39.9159170818248 35.4510779816754 31.6101146933465 27.2369235154003 28.6260677524599 13.594545876537 15.3109258137539 21.6004761693673 10.3402578069454 8.92448234927204 12.7760578215981 23.3179470137382 14.8723721799407 11.1531589573818 19.5669842870671 24.5003073392372 14.0125287187677 6.71545977790172 15.1373097126539 24.1824261604293 28.6068370337489 20.7289217826978 17.0073725100122 22.5544668060987 31.471544246311 41.9315611289625 52.3517690213187 63.1345672137707 66.3701440145947
7.00016982250124 7.52174671848655 16.8601135948931 19.845268592522 19.5965587739242 18.392218225556 18.4018624799915 25.4669108533369 27.3856840597909 19.0942068055408 15.3068774964551 17.3744598476226 14.0348780778628 18.7162564081503 26.9719912480365 26.9507719147352 26.834383241426 22.3764042939239 16.4377755806552 23.0878126891907 16.9274649662407 17.8078193691451 14.0389692484649 16.2718890743372 24.9149819349114 22.1436470901181 19.2406074037203 15.3413488251031 9.63015945717009 10.5744126691574 11.361325591093 20.9427084266322 18.7232332217326 7.76625613474306 6.34937807418594 17.4983738098114 29.4422742155842 35.517154871059 30.8811134263748 28.966218359328 31.8109264449087 38.4779847634044 46.9568454756693 56.0185081522495 65.2075602459163 73.122157793529
9.50495465022192 7.21880213213452 9.77026379128269 7.39827679895162 7.96313564284057 7.4260894393625 9.59440845658278 20.9866048467397 25.082370147574 14.0623530234154 6.89431561340954 15.8379433552443 24.5398854787686 28.2353089047599 34.6667285363284 35.1171045046739 25.8303451035748 14.5184890486744 8.57504966865487 10.960150315568 9.40076211859002 12.7960396169323 14.127424389217 22.6408507162205 29.0460392015628 30.8877106024281 27.6897638601189 23.9093541392521 18.151869244175 11.532096667787 13.9682197748171 23.5310261484009 18.230452629887 7.28674500066987 10.0885806992108 19.5351936638652 27.7577627173945 33.439906686722 38.5856815298929 40.3985752547225 42.2667861755059 47.0336809408718 53.9006581371451 61.8338171149371 70.8122114275091 78.8931021643009
4.37879759171171 3.57976353757075 4.6060084747406 6.89084364357599 6.08832543221842 3.4213689982583 8.07881638509445 19.4420555336297 26.5915666848905 19.2871709534246 15.138305306489 20.3874969134931 28.1432654548656 30.5154418866694 34.0243785368772 37.1517986425794 28.8699614453204 21.1309266134968 18.1097548937687 17.4280680989579 15.1277211269898 17.4764120616375 15.623813861477 15.4170174598333 16.9648210595955 15.7920948125651 22.2441304369849 28.4896783444308 26.7958017412597 21.8459742105403 23.4370891955914 27.9265293888063 19.7396336412281 7.85436126969678 5.5888390977871 12.6126753501026 19.4696136489908 26.1341237893971 34.7132938686876 45.3563295880363 52.0136921675598 57.26663676206 61.9769041505216 68.3176846375295 76.4869508935531 82.6118690438912
6.63645895378481 5.2754250151192 11.4400874699799 17.5973795401102 15.6379783622926 6.58812770057411 5.45692118447781 14.4496941116358 23.7801541788725 27.0361825436056 26.139987822999 25.7705610758533 20.7521148624831 19.0771832211535 24.5184646746334 33.8907718849987 36.5440838291828 31.5727286479959 29.1648408254327 28.1165063006801 26.065843188221 20.1099383165232 9.39688823274098 8.63474644937012 6.75992635390809 7.83492175987653 18.4051520771028 21.157246390439 24.8062214875786 30.374577578986 34.1607250622365 30.4589928037849 18.9854314108882 7.60657093396332 7.92471250758094 10.2969385562897 9.36238755608556 20.6604887907296 30.6851149239055 41.7511003268804 51.4162966697624 61.6175838986893 69.7015425506843 76.1736215214314 80.9575361152064 78.990900751381
14.2816568115686 11.3845705137622 9.17540611155999 15.5110478804349 21.7229562553691 15.1780907587061 5.82411918500216 7.05874462785237 14.7767792486659 19.8158386826642 22.5757629747465 17.729892968591 10.5252859267582 8.25073399587271 18.2903972822236 29.7396513081418 40.28467070295 42.3461749642776 40.7836795181987 39.6436778694169 34.5715609750632 24.7863010976284 17.3341500360089 16.4490101085559 15.085910110346 16.1257501592038 15.5928408424739 9.49039820185956 16.3957182189646 27.1196456265742 34.5115462970986 27.579621237955 17.284045889691 9.52623619218726 6.10672148882686 6.00158837085793 6.00297283401367 15.6224367978072 27.2351732073476 38.6241446486311 49.5711584963664 60.6330779017701 71.25061266611 78.6645616798944 75.8558722351034 71.7270290935595
13.1704197193497 10.6305484453152 4.93462578126719 13.0808751027313 20.9054287594011 16.1071655992421 6.79816700977345 6.60665645685263 5.67809298454357 9.09187338759821 13.5346361071278 7.11318632189699 8.33238418849941 11.0436645817582 20.0073853092444 29.2610068359018 36.8819883962271 43.845582905562 48.8533103840237 48.3080905182466 41.0645642415723 33.6405525945719 29.2493751728946 28.2463743179192 26.1604514075062 21.1537725163895 11.6206441384028 7.81976512818242 14.7779126992277 21.4410535236561 24.9874365781106 20.3026052537802 11.4785802506586 5.09038402035271 8.20026360908475 12.9064865574369 12.4670744764572 19.2363300238847 29.6200639720152 40.0149827026746 50.6078571979947 60.2946792189454 69.755447227771 72.8089527319584 66.8010806364152 62.5625977641929
13.7521558475159 5.99187404155727 4.83435071375002 6.64434049297198 12.7630257040124 18.2836374267422 11.5237215511363 11.9986115990533 10.042034735904 4.2400097981604 4.83196072183141 3.4126549402106 8.83565166846309 17.7979168501487 18.6563614639376 21.2208443453489 28.3101483958848 36.5084953176233 41.8047436307822 44.1636907595306 46.5243079566655 43.7349067903473 40.4650954414904 39.007681542886 31.9180186786807 20.7514635289013 10.2201044631106 9.73773204982731 8.02525318354672 12.2393285235734 17.208885568156 9.40776306173463 10.3366545438938 10.4411223761349 18.3344051041101 23.2022125646986 22.9677441391542 24.1469970683772 30.2969063003557 37.7205330742328 46.6056257297623 56.0683600660146 63.7439876918268 64.7482271656707 58.4080943862547 52.5743516700762
6.65398416106425 3.77864328136178 7.54801416707768 5.79868681390107 7.13387473248152 14.6367948839425 9.43588044633548 10.7205828826986 10.175552934142 4.66261333895853 7.52326103346083 9.31628700351223 10.845704546187 9.39093035384874 7.81997378829643 11.1708715632592 20.1884659444653 28.0555099102027 30.815867947688 33.8375454340023 39.5383914509631 45.247960697382 45.9904925874394 45.0122126559896 36.0179275576267 26.8107398486237 20.3881823660548 17.4162508502989 10.6084718067123 13.0832902257806 16.9445281746174 9.28438853441591 14.074228543645 21.3824320845021 26.9986434415528 25.7391268383594 16.3716101670893 13.3385661218569 20.9836903283495 31.4752531557853 42.8623666982278 49.9198438796668 54.5963622152158 56.3517085506175 49.741174097296 43.0599498422719
8.50655084101444 7.55483033836873 7.08438685995908 12.5524872357927 11.0338771299119 6.87814557220568 9.32313583691206 15.8858798491649 7.89060202131233 8.1956087377657 5.75437332906064 11.8205501288504 15.4783983634675 8.83861424607113 8.12366105753656 6.3808618060589 11.5323715033674 18.7572872334666 19.0924507542349 23.6467205231605 31.5750009469308 34.6053379861574 36.1053590026026 40.8793371570831 42.0312091195117 36.1100454646981 31.9120728337078 26.5028147459849 21.8972832424043 23.4487279204569 25.4562624117161 21.4321803468365 23.5380808372304 30.7574164561163 33.6528452382541 23.8631309834147 12.5003936690619 8.11289753821309 18.2448765556055 28.7926324043187 35.6440696450818 40.9620925027384 44.642454037844 48.6323454942515 43.3764528418672 33.9805311101508
