IBR/IBR_outputs/all.combrep_1/EucDistWater_Total.PersistForestCover_Total.Silt_Total.Spinifex_Total/EucDistWater_Total.PersistForestCover_Total.Silt_Total.Spinifex_Total.asc
NCOLS 160 
NROWS 95 
XLLCORNER 210004.651214014 
YLLCORNER 7350008.22228844 
CELLSIZE 4999.99999999997 
NODATA_value -9999 
[rows 42 to 62 of 95, columns 0 to 45 of 160]
-9999 -9999 -9999 -9999 -9999 -9999 -9999 -9999 -9999 -9999 -9999 -9999 -9999 -9999 -9999 -9999 -9999 -9999 -9999 -9999 -9999 4.24525099911408 7.77390525453424 14.7232796729022 6.73463578102276 6.64303217943348 13.6561114797559 9.43454735357485 13.3255013811115 23.8886547495155 34.94943571333 40.4292711223799 38.9689879555142 38.8588766024307 17.2925303998429 11.5120992858473 19.2706323301616 21.5446778006324 17.8186994236588 22.8947067666751 24.8670503098699 25.4250086225105 17.8696261250815 16.0051779699937 16.7074662804643 11.8702256080107
-9999 -9999 -9999 -9999 -9999 -9999 -9999 -9999 -9999 -9999 -9999 -9999 -9999 -9999 -9999 -9999 -9999 -9999 4.64331918200585 5.08999735015039 12.5368611347042 7.39686557722013 11.4948363647382 18.7396547720877 12.3833952876154 10.2225557274973 19.0538377076723 20.8762220632017 22.968690309072 30.4251152291462 37.2403791710248 39.0292001045202 38.2789290601174 25.0379931972616 12.9696823550055 9.08986646079553 10.5738234513397 15.1921699135359 9.13011414792289 15.3956932210035 25.2162974293662 26.4041275518893 22.4803935916031 18.1322198057883 16.644808183248 17.0191565611367
-9999 -9999 -9999 -9999 -9999 -9999 -9999 -9999 -9999 -9999 -9999 -9999 -9999 -9999 -9999 3.64863034372832 3.93716206006712 3.76368937210856 8.49789304620172 4.23158363359504 11.8676097968825 18.0353112946356 21.151514449819 28.0672846786468 23.3491534984373 21.5129882501277 26.2832839900652 29.8423205733551 30.5744294702998 35.9293158455132 30.1761015077627 28.026065338341 40.7913003193351 28.4751075746019 21.117397225166 15.0004074391248 6.61819122899868 18.0729911399991 11.6492636682127 16.8732982509028 17.7311605059593 15.6984389509909 13.4426403073615 7.37920316696858 7.32852260071519 5.45843106480237
-9999 -9999 -9999 -9999 -9999 -9999 -9999 -9999 -9999 -9999 -9999 -9999 -9999 14.5263137298109 6.20968731136097 4.11677669434621 7.54721675178172 7.21745063612151 13.9327689283627 14.1821676154869 18.7258868474894 26.7803511874383 31.9077607661755 36.2168613939587 46.5185564799265 40.6242320740224 28.1005822536367 22.2429774051724 21.4255635742338 24.9280568271841 21.5306947168568 15.4368956679457 20.0879229839386 28.5391277528659 29.6654652194122 19.8984255370064 12.2079335233937 10.655684855349 10.9015978342878 11.3129331642752 7.43844970582502 5.57361289734321 5.23957435715578 8.23270063465568 13.1888488944571 12.7929543405302
-9999 -9999 -9999 -9999 -9999 -9999 -9999 -9999 -9999 -9999 -9999 -9999 29.9261474437296 21.8723171841651 12.2399627851726 4.31440159359315 8.84658579541719 15.8007533592696 16.8625530078477 10.6139820453681 15.2666161729975 25.5200493108045 35.9254401159922 34.1379741146187 34.8767406061572 29.58698053049 20.1198724990749 12.3647926315012 11.1792654015099 18.2173592812607 12.3561722169872 8.72146613276224 13.9999085628416 24.914524211742 30.8938113311632 25.1160825083329 19.8789649425219 14.6721246380949 5.85462599559822 4.50931885618509 8.46323228819695 9.44470745720743 12.8504278204972 16.1113623809915 23.4353960021937 23.4309622231118
-9999 -9999 -9999 -9999 -9999 -9999 -9999 -9999 -9999 -9999 6.70390835758484 15.0801616671794 24.671912382587 23.5026005006841 18.1130822106742 7.97124039205446 7.12227702836514 15.9555299502987 15.3491287934429 6.70340546671609 12.8551571795792 24.2269967729048 34.5173747138013 28.9482226778701 18.7798396021497 15.0438493978493 11.5673342249329 11.8688408521906 9.54105278793765 15.4814792184216 7.072911172671 9.77995707914909 12.7116189189355 23.14389413805 21.2352488675024 18.1080412092799 20.3703336050983 15.494182134024 7.85147781674089 5.68638800907974 14.2873679919459 8.73676580425459 16.0140614065446 25.6560889888454 23.4396645092023 19.9694637034699
-9999 -9999 -9999 -9999 -9999 -9999 -9999 -9999 -9999 6.47218296561657 4.36253473841431 14.382478994455 16.2454414733294 12.4015553583134 15.4381811743655 13.4306347491784 20.5217798614951 22.6190221439143 11.019480408854 13.5130956855226 20.2167854430101 28.7032011970328 36.6018360615668 29.4843418433484 18.7732962573124 10.0110335111551 6.92722331028664 14.9726434122238 19.6166157869784 16.8313313119143 9.73602258680005 14.5844561424305 20.2779847219526 23.8390781059798 13.7920142830729 7.1130782885827 14.0914019692456 7.83331319877076 9.27271375581291 10.503004923577 19.7311855314879 19.6958879155422 20.8878323148425 19.936774460884 15.6628348414195 8.51868663591165
-9999 -9999 -9999 -9999 -9999 -9999 -9999 -9999 -9999 4.60514120786244 7.72229574508762 17.2919003250244 11.2602013718086 4.49609537841081 11.6916542224793 17.0610594740124 50.5120891017316 34.4375545375006 8.57659159775905 11.8060758435382 23.5250581023913 34.3271005616498 36.4305271987082 26.7644368818761 18.2099870146463 13.4538775918004 13.5006621558524 10.4559991893533 17.6370339564168 20.0032843258224 14.5847252367448 18.1028035956628 26.7078106666513 25.5117100738349 13.9390169743826 6.16689932863043 13.9150978111494 8.67896320855931 9.26123939719949 19.6114812018268 25.5839652094424 20.333226628133 13.0162574694603 11.1790848731202 7.91776910451997 11.2623230437899
-9999 -9999 -9999 -9999 -9999 -9999 -9999 -9999 11.8056402250245 6.19677802795795 11.9893194077165 21.1749148170539 16.9921005824 13.3217986200971 18.8231022142425 117.964316507875 188.078746688575 44.435703937869 25.283374175507 18.4822640741776 27.1451799776698 36.9203103311897 34.1692451015671 22.7363395212582 11.2348667269057 6.12677455701165 9.96901791252614 8.8882407607263 9.21975985749797 14.5882350748932 6.91071554631967 13.1738935890946 23.3197242861173 25.5715985606562 17.9145595249645 12.8659045473109 16.472209443254 8.93207541282302 7.11971017613088 14.4079206337353 20.381880696792 14.3411514341757 7.29264869429703 10.204822238004 7.09760795781768 15.2996725152471
-9999 -9999 -9999 -9999 -9999 -9999 -9999 -9999 23.4668589247574 16.0814425487168 20.0836898345681 23.5988994672868 14.2709309563629 9.05332591566339 23.6480563532096 194.961863357952 183.650712040321 23.8686371620308 33.0148773476287 27.8988660244426 34.726245437338 41.5893188083127 35.5765437340592 24.938216010946 14.8980072415929 7.80247033598603 13.5700672479812 10.0040442747711 5.91152428743688 13.9414609239921 13.9414006018659 14.1087380579529 13.8000242336169 19.2820892622325 25.561375270243 24.6679771490044 20.3024473574664 9.20868560194905 6.69964060442345 6.93128541306878 14.5739806035079 7.29189827445984 11.1113674462792 10.4403228719672 5.87040881610051 13.9114871196308
-9999 -9999 -9999 -9999 -9999 -9999 -9999 39.2754887376185 30.7860773745524 27.7482167438699 29.7508331174979 24.6394398547626 13.9023043277095 12.1872601642558 14.8403909151206 29.4492156815122 151.210653104344 40.0902997701158 24.676631275978 29.4067325300991 33.1215284418121 41.3165507972966 40.3647208008241 31.3842254344335 23.246232831381 19.2408347761935 21.5092456681429 18.1785088809788 14.8389528249629 19.9870476727195 21.9904130852698 11.4931160228823 5.64517924786931 15.567342226391 27.9672768887871 34.6690664474708 24.8110257455682 19.0377574713598 16.4950077736842 12.9238009378464 17.1957073126712 13.8834195123801 10.9904790905008 7.02146100227304 6.2641793551427 8.55219482764052
-9999 -9999 -9999 -9999 -9999 -9999 52.1524824436893 47.2714098836191 40.9525659828112 39.2246063289898 38.2085830236796 30.2087905641148 24.0647001204818 25.0876429146023 22.2282032584935 19.1377010288759 75.2263521124602 79.431297868288 22.7260906203046 25.4004479770077 25.7784792423983 35.0711326399641 42.7143178524627 37.8159141410554 31.8573214645087 29.375769598951 31.0619912336226 28.5761591915581 26.6754613664006 26.5584663494634 22.6243859764652 16.2318982014865 13.6853780957694 18.1160325412671 26.5363594938873 28.816555487096 28.3179644110772 27.9178602827974 27.1086516482859 24.8574471743347 23.1514436168576 13.1019855913973 7.0289308600176 8.88893525070275 6.44725338938359 8.18125685739819
-9999 -9999 -9999 -9999 -9999 -9999 61.9226848520364 55.2817787912296 51.5359476292663 50.1395619181948 45.5894866155302 40.9832506023462 31.6025309987434 25.3354045230112 15.0931031519732 12.2962811271634 27.1525455421772 59.1560426048046 19.4218513916722 55.4540469813949 21.5654517024556 29.5493473352231 38.1789560781421 32.6335326513447 25.9136241770296 23.5488668752106 27.0888755193114 33.6100161704324 32.2666577934959 21.9051290686321 13.3497516364002 13.4097018458042 10.6922771135248 11.0530160142209 19.2338309430366 16.9546689211609 18.2555343411927 24.056753542 31.7911807223028 34.8555247372703 25.9945304848763 15.1727363860515 6.41391697329964 5.1669789253925 6.50233809540715 4.46096494244546
-9999 -9999 -9999 -9999 -9999 74.388580008186 71.3543539754669 64.6411819790057 61.8363072383143 59.0984305199902 50.6591558633412 44.4291983746194 40.4278197225967 39.3710520318074 16.8976784785555 9.10263551298562 37.9029982032451 45.4047154078558 39.2922186699937 45.2464576517655 16.2493278401607 26.2116238393494 33.9420963529926 26.3040352385065 16.1824548077677 11.5712004995167 18.0473979674417 28.3759482704934 30.5585359796194 19.4497487922136 8.7061335791691 9.2548139821156 9.99020898750792 9.60381647832228 12.6274752374659 6.07332608767493 8.07226566439595 16.7102941052271 27.9215421236573 37.243311131995 28.5931598293389 18.4487376563418 10.4038259687776 5.44183315588812 5.92327245883147 7.28106890572086
-9999 -9999 -9999 -9999 -9999 70.8801646503667 75.0336922806101 73.7499822232731 70.3432147896716 62.3195091928132 52.4877674295514 43.2262001160646 42.242089110532 42.7560873491756 31.8401372994659 32.7490624232064 45.1203780030822 184.183870841795 94.6117096493745 50.2738068218404 12.6807772570931 20.5806769544456 30.0696170682381 24.4191827757231 12.9497567881424 6.40596214273759 15.269512796475 26.8111666432068 32.5148616765055 24.3070978619821 17.4818534641672 16.9701034235053 10.8680432718284 12.167954128042 13.8235716759512 9.638192336549 9.34473772081918 16.949641433183 28.6975460598353 31.7535453341249 24.4323593788371 20.7540723417742 17.8172048170586 10.8427774419389 8.74573180338146 16.4158426851427
-9999 -9999 -9999 -9999 -9999 64.0531207062109 66.9178034428008 73.2839911817825 70.1759090533289 60.441862083618 50.4891199384829 42.6826035070312 39.3705719475463 46.204150738756 40.874174292928 70.8011781530419 133.924953907157 189.873659524495 129.436483951082 73.9935423561166 7.18648898043241 16.2644644767247 25.1583432953867 27.547300237193 20.0417041463097 16.6468626476905 21.3864780554798 26.9315342004001 27.3851247183434 28.8275116786702 26.7586822726218 21.0215099171588 14.8712878262539 9.83583975595342 16.3802114027856 21.2385558995862 21.890297739023 24.8625480472133 30.081405575773 22.8739467636979 14.3721221118907 9.5003338753582 17.1255817265027 21.8359952039529 20.6299854353417 24.5328355558085
-9999 -9999 -9999 -9999 48.855545644063 54.4531524906782 59.3698454389306 67.1169430619705 68.3307963016427 60.6972160439685 49.7618090598149 46.5721874165016 35.5478389754714 49.6123452785909 57.4207777070342 66.5379135640626 104.446061657095 226.854548698473 239.267390513015 301.227555589827 29.9909368824789 9.66491177921727 17.5855318210836 28.0473713378853 30.250313321648 28.2048443331928 25.7455423827276 18.2190822146097 15.5995629280287 19.9299252081256 21.5462337098026 12.7115724511502 8.295229271292 6.27087843187627 14.883533897303 26.1990198382638 32.325495763627 35.1738297319032 31.3577626852596 18.3755422105383 7.52165089439504 7.61739582340409 17.6185568800891 29.3113980465833 32.917185463316 28.0859596293575
-9999 -9999 -9999 -9999 41.8803213221323 45.319900823755 52.7899277121359 61.6572241259743 67.1777048734643 65.1051486377857 52.7795531179527 44.7664046157499 37.8138872536953 29.346327938398 30.5519013559395 50.4998160154713 78.0965324964129 187.829651181734 264.024773546248 534.426803854152 535.159180093433 5.32300464451346 14.9718536613764 26.9630237710383 37.1463280168622 34.1162155211987 23.0026844322347 11.5971884101416 6.9640906656569 9.73443294755415 14.4073668663704 13.0826384451458 7.26258071479707 9.84388921791331 18.8509871650099 27.8599856441234 30.9577401082479 31.219724321911 28.1500336208325 21.7473522855614 15.2535894827307 16.8632678480321 25.1474237951904 32.8363361635527 34.6671375000479 29.7898220821274
-9999 -9999 -9999 -9999 32.2653169679971 37.9300635494964 47.7699335588858 57.534531202534 60.1410414378958 61.3309849493725 51.7819169817166 51.1519489687528 44.457264110595 36.0945169873575 68.450100585218 70.7197755939919 95.8770591830882 139.772884716643 167.703208284526 195.624505117924 353.881147398738 12.7436003983111 18.2861672834079 28.7837103722705 38.8329669956224 36.0781788158276 25.5613426222782 16.6301457709862 13.3061387027066 8.34095494395502 13.8647357867071 19.8518562485648 11.174324835924 6.72168871963663 14.6057352593877 19.1909670237104 19.4691959390139 20.6043762683601 18.3886381094658 21.6552925702495 22.9396670425197 25.5563277509031 28.1547277052598 25.1318634825153 23.3000668575774 22.4978940638205
-9999 8.3250447903551 6.19979954413792 -9999 25.6747086076454 34.1491832689059 45.0813804344979 55.1575091871309 54.8010564826905 57.1631383731091 164.684835757185 104.456103244046 51.6831614591845 143.087998023374 55.5043393936759 41.4042205010307 86.9169811212531 60.866076178543 128.903405781538 139.239685780637 143.545709581538 21.468061100726 20.7493730245437 25.9109814626232 33.980806573117 36.7095304285227 27.5169849467615 18.6178322379295 15.2970680630326 17.3809460629128 17.9957035844712 20.6401829473333 15.0347396499817 5.33477242349929 8.00458541522774 8.01950223877149 8.55008467552727 12.2971553240229 7.34700691326879 10.6251076061213 10.4611539174333 14.2193936991849 18.145046269164 14.5240111284998 11.0677336385935 10.6730541386341
-9999 6.65079676111746 10.1782640013413 20.5579791477555 25.704081365993 33.8075277090776 42.4305265400777 53.3745361291509 53.3286653382643 40.912383772372 36.681992583429 39.5447695076556 56.5193629451699 58.032993385046 144.2696738528 48.5004083869314 107.925511738968 313.55740627594 431.614956738157 271.789827304168 149.850245862766 14.8523058465403 9.91948189388753 17.7252850629594 26.6234529588599 29.2694180132641 23.9267392708471 12.3163688671366 6.09983374147807 14.0208519748336 8.92866908767461 12.3225110949488 18.4709557656909 11.27942304478 8.92730214817939 5.09119027314906 5.30778795659757 5.67861276671804 6.1850608785639 5.34370665122854 5.22660616687148 4.62072852758709 6.82169220077608 4.80295021860543 6.06513576870471 8.50384667521037
