0,9.02421546166625,11.0429279831365,11.3594518727365,13.2399831876912,14.4185917197859,17.5642284622884,14.549906631877,32.0646094214823,32.5395610959852,71.5124490551307,38.1703763042105,35.6459620518339,34.9015540801157,39.8393443551162,46.6075163244051,37.8549099313703,35.3519101319216,35.9329111414429,38.5508271901683,30.9548933429935,28.9360519075349,29.5423139438196,42.5736143513575,68.6881021081867,76.614553977513,48.2548613830774,50.569009530437,40.2166756436009,30.1406141211083,28.4104275588711,32.8429523231972,56.599090480075,44.5452622212912,51.1002099369143,44.9623972534245,47.6540446681098,59.0494999665951,59.4071279835751,59.4081337621069,59.4644424254645,62.4238956168304,58.9133170237466,59.120362938752,63.5880653642661,60.6829997836631,66.0622389427735,63.5294662822468,67.8283470429763,60.5999165107727,61.1430222726717,37.2414177442212,39.933103360917,35.2327788992461,39.3938030185692,33.1327119661958,35.4744163245458,33.8218499594184,23.0796942538641,33.8875356686489,28.9328773042774,29.7457837226966,24.5142717764017,44.4077675630377,23.059750953835,37.9354561401884,66.6434081522685,70.022648398063,66.443182403849,63.4817373509639,61.8960338138833,58.583754882995,65.5090732351348,67.7413315347539,79.2072879786277,35.2804330710058,45.948345347177,70.38923911258,28.6011094255363,26.1680085878668,32.3768515410209
9.02421546166625,0,11.6330567739854,9.46961263751993,9.74606781999657,14.2005864537389,17.1022113574995,13.3926682617123,30.7533459468189,31.2292131051308,70.9230390165022,36.8736111377802,34.345849723771,33.5970028364527,39.3795963107271,46.1273858368395,36.872376829338,34.4328787559124,34.9645189432772,37.6256454222748,30.6049290644879,28.644239932174,29.2564880797465,41.8103010209201,68.170697959801,76.0868678582288,47.3852667824266,49.7376982010066,39.780349508622,28.8480622943616,27.116151852424,31.5453836743785,56.0815999308787,44.2640430197706,50.611990786633,44.4762781350208,46.3696026185342,58.4775359150651,58.8362351629453,58.8364321453537,58.882329673231,61.8413541316282,58.3298988942629,58.5364283743482,63.0078224263213,60.1055990665114,65.483412213722,62.9509957325064,67.2503069107373,60.0209573010357,60.5665613074891,36.5292228546691,39.2411518646192,34.5506125950213,38.5826418497002,32.5549462639312,34.9068467631342,33.2430083871379,22.9652707641159,33.6701259105167,28.7893882377024,29.6062355445379,24.4619717249758,43.44320574745,21.9962989618284,36.942313256229,66.0839330716862,69.464571000656,65.8844732163231,62.9222196510979,61.3074135413141,57.9954902873668,64.925816090275,67.1582734944675,78.6100848583153,34.5340700672603,45.2259866488987,69.8086992768116,28.0557363422904,26.1857040162564,31.0449229145826
11.0429279831365,11.6330567739854,0,15.2397513603951,15.6393312919149,12.1757572115756,16.6032707751722,13.0964997262071,33.1942742726171,33.665373118739,72.4522755244429,39.3382280149465,36.8101162665371,36.0492409789035,40.7824417926609,47.5359009012773,39.2277919582303,36.7185946632791,37.3013368365944,39.9202589277446,32.3476122215798,30.2684607767489,30.8931707040051,43.4159215479728,69.6871346100427,77.6015400949067,49.1045456372649,51.4112579239837,41.2201642314706,31.1261356388264,29.3903656772345,33.8785180628054,57.5760962815743,45.7741535226713,52.0167291926224,45.8751818428152,48.8423766494891,59.9965244313232,60.3549390103088,60.3561722463967,60.4046822088958,63.3643042842016,59.8528514120338,60.0600461433009,64.5319894367013,61.6285131149963,67.0072562024572,64.4743134956529,68.7740067691779,61.5446209685034,62.0891272229042,38.6191054206377,41.3185316739862,36.6055555444989,40.7809069247534,34.4823002720186,36.8385248738706,35.1967852868505,23.3000870993461,35.3123257486261,30.3291222770027,31.2253918135411,25.9446593077111,45.7565921599779,23.5297473832459,38.7231628716781,67.6016091071686,70.9819171151265,67.4018943636001,64.4397626835503,62.8344552769399,59.522210708758,66.4511656845531,68.6833005169122,80.1413794884595,36.0215490484403,46.7066224873028,71.2862426717358,29.2277709474608,27.2055261441042,33.502025151672
11.3594518727365,9.46961263751993,15.2397513603951,0,10.0843736692235,17.1333876099819,19.686687068228,16.4694521678276,32.2448280464564,32.7243890396902,72.5331700819194,38.3251719677369,35.801481550079,35.0696494981168,40.9800932568803,47.7404937467315,38.0960197868502,35.6639130474372,36.1933359888581,38.8535506061869,31.8297804118677,29.9287602867802,30.5255132852586,43.5097250296381,69.7277171088932,77.6544655825612,49.0879308860758,51.4428431732438,41.3310549995047,30.478052970171,28.7518699225396,33.1274919644179,57.6570217632571,45.6361044068394,52.2348714057083,46.1019813529755,47.7992683659322,60.0806908717889,60.4386806644301,60.4387403742525,60.4916567511748,63.4505709230364,59.9398832122831,60.1463245212186,64.6140265579073,61.7103262354381,67.0886342678107,64.5563342766327,68.8549545250442,61.6264432173122,62.1707460791813,37.7504342731839,40.4550494705917,35.7773014242478,39.7921048832293,33.8057684584721,36.1446789234413,34.4703567687179,24.9973987627275,34.8806779893758,30.036972118793,30.7802624304857,25.6978469957825,44.6943869080629,24.0057868201377,38.7063087127943,67.6771593224577,71.0568354171988,67.4772336464502,64.5155933732709,62.9186372082907,59.6066629741826,66.5337058915749,68.7662512338602,80.2253836297566,36.3075021825366,46.9847525402792,71.4523158729156,29.8875883987207,27.7353937611999,32.5440216214907
13.2399831876912,9.74606781999657,15.6393312919149,10.0843736692235,0,16.9621382243052,19.2757449842956,15.896447705561,30.9423701241051,31.4229247186241,71.8663760233872,37.0364537443189,34.509457567658,33.7735129198488,40.4195677129089,47.1619217053846,37.1191397929267,34.7455155419254,35.2289224635873,37.9299182005058,31.4387704826642,29.5679120897853,30.1744845682181,42.6913350131818,69.1275333793608,77.0443085680484,48.1798733551044,50.5672382899822,40.7968688105916,29.2002547288152,27.4731716389242,31.8408902542181,57.0538867717829,45.2614944169722,51.6485452562113,45.5169924215165,46.5226032721474,59.4291723509517,59.7881388958862,59.7875569299535,59.8309659447789,62.789543365266,59.2780317860316,59.4840611458543,63.9552994649113,61.0541352220638,66.4312050496915,63.8991809957327,68.1982503491532,60.9688686902402,61.5154011359643,37.0280841103083,39.7537450200355,35.0816287538009,38.9797197813502,33.2008865561814,35.5528612883756,33.8711339276827,24.6610136818613,34.6095328960608,29.8126538078152,30.5888000307721,25.5511627307306,43.7309528277166,22.9984985373055,37.7000193828862,67.0372761531124,70.4182337032823,66.8380435793681,63.8756536350557,62.252345194851,58.9406702861304,65.8722727966052,68.1049696128587,79.5514897167228,35.504170306185,46.2004431955363,70.7888473087501,29.2417025959401,27.5414430674325,31.2209884918731
14.4185917197859,14.2005864537389,12.1757572115756,17.1333876099819,16.9621382243052,0,12.5051924976515,11.399376498961,32.990112636629,33.456802081199,72.0251607151091,39.1757382823713,36.6437334937143,35.8647586812752,40.3660523413901,47.1010721067219,39.277597448732,36.7621549072611,37.346701212043,39.9665492239024,32.426976598899,30.2934912436091,30.9372969009496,42.8669348961524,69.3302880604489,77.2306235354208,48.5635966604732,50.8612522919297,40.8742049126143,30.7562534802944,29.0141011185008,33.5668689766703,57.1945567124405,45.6920387406329,51.5675176402274,45.4217057544349,48.7018883518877,59.5783244835721,59.9376813976131,59.9391402045826,59.9783114993086,62.9381112194071,59.4256210978995,59.6329674173233,64.1099143271081,61.2083670597215,66.5864871924211,64.053363537099,68.3540033750276,61.1234887649614,61.669694674497,38.6737034450402,41.3808478875767,36.6554137364084,40.8444501045434,34.5095770468174,36.8807065308797,35.2496473322779,21.9567056623862,35.43341480974,30.4326052253014,31.4061644276799,26.0934655219307,45.7821221362972,22.4570044099695,38.1014918569403,67.1966657099466,70.5782476004584,66.9975651343143,64.0346183757892,62.4057539377486,59.0935616260524,66.026877273497,68.2588778539149,79.7073865308823,35.3423001980465,46.0507964810791,70.809225159639,28.4048713718294,26.9766074870299,33.2947253488695
17.5642284622884,17.1022113574995,16.6032707751722,19.686687068228,19.2757449842956,12.5051924976515,0,13.5939066108513,34.0640574034894,34.5264950179189,72.8337759519024,40.2869617475033,37.7516843167334,36.9563154731915,41.1841150174242,47.9004426587391,40.5594508686585,38.0358476378071,38.6241684827902,41.2428280271061,33.7148325086688,31.5360639362661,32.196802345902,43.5551163061315,70.2067220158983,78.0934344443614,49.2666520138566,51.5521088480621,41.7621725439169,31.6710071517189,29.9230448734384,34.5377126794596,58.0469581822506,46.8379272125859,52.352256802311,46.2020702229002,49.8323037462284,60.3953712250142,60.755639548794,60.757339843456,60.7874699643029,63.7474584069948,60.2339553089105,60.4414669645612,64.9233077821646,62.0236084971838,67.4011448144015,64.8678318743962,69.1694029210588,61.9377881817937,62.4856224409733,39.9477692460888,42.6607474059783,37.9241698610874,42.130204057019,35.7544612564484,38.1385326939486,36.5172126996068,21.7615754493175,36.7593841085373,31.7482396854336,32.7839282986942,27.4519816038632,47.0424775371404,22.5514595502957,38.7246272675189,68.026570807416,71.4093827618047,67.8280617415352,64.8643263964135,63.2127604965668,59.9006102813074,66.8381439789854,69.0700051908751,80.5093403522781,35.8838343103413,46.6181419182775,71.5666279951863,28.7730412067142,28.0269210900683,34.3684696409801
14.549906631877,13.3926682617123,13.0964997262071,16.4694521678276,15.896447705561,11.399376498961,13.5939066108513,0,32.2136519038358,32.6805691689109,71.9955661428852,38.4194268689511,35.8837136896304,35.0977340011998,40.4793196675124,47.1953510090499,38.8368376085248,36.377807100937,36.9182172699457,39.5768567457713,32.5415770672382,30.4745981941842,31.1186573432012,42.6623993026385,69.367888273705,77.2593622357505,48.2392742669299,50.5804365444445,40.9988764755601,29.9703553063233,28.2246346368817,32.7878873315457,57.2365687883042,45.9117650284513,51.6556667998549,45.5131011077756,47.960425443894,59.5664985668677,59.9268738610449,59.9273906319826,59.956696157659,62.9159861194719,59.4027111320663,59.6094549658541,64.0895896098182,61.1908494838281,66.5674978441023,64.0348036242119,68.3357483069511,61.1044187723926,61.6530913248161,38.4742170229731,41.1982184067627,36.4832280846995,40.5565686892945,34.4343930884485,36.8115243321845,35.1683381415096,22.8903702344939,35.6528230207598,30.7223595073405,31.6736417468165,26.4461951033492,45.3545006563244,21.8041758108498,37.6313547236511,67.1962924753904,70.5791947938492,66.9979308634831,64.0342346558864,62.3773268403677,59.0655204142506,66.0036062610952,68.2358528704044,79.6703818751295,35.1714471348844,45.905951019697,70.7988392563289,28.5184391628575,27.5487992306358,32.4976748139038
32.0646094214823,30.7533459468189,33.1942742726171,32.2448280464564,30.9423701241051,32.990112636629,34.0640574034894,32.2136519038358,0,8.29024711391953,80.0247082931945,22.6051927056387,19.5280135517414,15.5643712475763,49.7961376358789,56.3939343042671,41.4588939574585,39.4991307359671,39.5489581971917,42.7152762220029,41.8080484641771,40.1692506511904,40.8561205637672,49.6125449297361,77.9256535384542,85.7543084837966,53.8672979378977,56.7721948181934,50.2923313048128,28.1136314486629,26.8770408461171,26.2962931776388,65.8670635278178,55.8228180605559,60.8412600996599,54.7396500563293,34.9114664036847,67.7536176545891,68.1220113431859,68.1127529706288,68.065141656385,71.0188403747583,67.5002521779144,67.7005130284458,72.2006262138018,69.3256355908869,74.6889207965144,72.1609799674734,76.46278491732,69.2258820863689,69.7954150639094,44.1989667542976,47.2018062489943,42.4996600525455,45.3342126120355,41.5268429972546,44.0318024589984,42.2957639643114,37.4230807494855,45.9615333361723,41.4897392162216,42.5539090451622,37.7697953854497,47.1117630273887,33.4324324619984,43.8358928851982,75.4689813957613,78.8623451284708,75.2766495020362,72.3071848272424,70.4225608579922,67.1145721235487,74.0901709966692,76.3252504240919,87.6419501962111,43.7443804088843,54.4194198750033,79.1929256992597,39.2565073501438,39.6136582518027,20.4415084230697
32.5395610959852,31.2292131051308,33.665373118739,32.7243890396902,31.4229247186241,33.456802081199,34.5264950179189,32.6805691689109,8.29024711391953,0,80.4444169432769,23.428349426569,20.4540915222363,16.4109231209386,50.2389956321021,56.8326018538283,42.0323623589125,40.0642731135566,40.1212391637218,43.2809145013488,42.3064030457739,40.6607887220269,41.3485767408232,49.9986680038621,78.3668142761512,86.1918851836737,54.2280913289489,57.1436408438528,50.7450512998248,28.3874937188796,27.1659714731904,26.4157824204583,66.3048757771391,56.3048480673489,61.2779291009582,55.1764644278896,35.6551866235792,68.1776767412215,68.5463690993678,68.536970944065,68.4864518804293,71.4400744779034,67.9212252035845,68.1213888465762,72.6226650591603,69.7484230972926,75.1113611928735,72.5834793790311,76.8854522106339,69.6482650153299,70.218456463335,44.7340088268165,47.7342028514376,43.0308730922137,45.8813878981239,42.0437507744019,44.548536786971,42.8143918066072,37.8784552879394,46.453039466452,41.9772962103914,43.0432706744475,38.2553196513912,47.6851854469506,33.8710920737202,44.2156826564099,75.8967764700196,79.290541322155,75.7046551114491,72.7349500395215,70.8423251337851,67.5344165433532,74.5114024823031,76.7465136447375,88.0595084002007,44.1546798465746,54.829213053368,79.6128166221154,39.6894802955973,40.0833128645332,21.2050853590405
71.5124490551307,70.9230390165022,72.4522755244429,72.5331700819194,71.8663760233872,72.0251607151091,72.8337759519024,71.9955661428852,80.0247082931945,80.4444169432769,0,86.3778180225062,83.8485312910476,82.9765499520925,65.1752454320631,70.2224912040134,85.4760751922957,82.3711399090585,83.3824577337021,85.6593342865601,76.4881811932194,73.6303649409256,74.7507644590727,69.9280164934301,73.7943306871059,77.3873384229378,79.7134792057045,81.0309041076557,67.4356348317264,76.8470485791251,75.1844060679945,79.6357991455409,63.4333010563852,86.8033458198178,75.3317825047516,70.1244477925128,95.9541864414623,45.2904004347188,45.7422837562978,43.751571392926,45.5923567789692,47.4858002008742,44.8979805620595,43.9612428423057,39.5332230900313,38.641821251259,40.692122439862,41.1307544557919,41.5548810489895,36.9873828855507,39.4847607968647,82.8522340326634,85.6192515022654,80.5010562778489,85.9085570828345,76.9752439828552,79.8157371359647,78.5682463242163,73.7149012496155,80.9501277492069,76.2935922652535,78.1501796479195,73.1343046516681,91.6119396026063,72.9085491935551,80.1006715305502,52.449974062307,56.5796306690084,52.8093621942207,49.5748425891439,42.5360907616402,39.9322705683168,40.9919179451144,45.0058177814933,61.6907562647158,74.697840463509,83.711585027892,86.8304125636631,71.7702180574538,72.7495408948125,80.5557158326278
38.1703763042105,36.8736111377802,39.3382280149465,38.3251719677369,37.0364537443189,39.1757382823713,40.2869617475033,38.4194268689511,22.6051927056387,23.428349426569,86.3778180225062,0,12.5703010198961,19.3428049238499,55.9842100938398,62.6201766819158,45.9716681327938,44.0514569483578,44.0360324579047,47.2868824639016,47.430824987208,45.8753835352925,46.5564219705828,56.2782743074807,84.0877796379815,91.9498782954913,60.7163388597538,63.5485370246792,56.3749028175879,35.8519259730911,34.5339054097714,34.8100508168003,72.0680922265937,61.6318765648206,67.0887023883555,60.9882332461456,29.5726337973636,74.0713283595466,74.437091816999,74.428657233722,74.4067521745066,77.3608692126042,73.8447083085384,74.045548923328,78.5346111567443,75.6532883968465,81.0193442591646,78.4911068581772,82.7911789774437,75.5569225119589,76.1208843893681,49.25054993117,52.3051186441345,47.6021713359828,50.2307609398557,46.8329252804947,49.3515819559174,47.5943707338597,43.6588276025835,51.7048227246283,47.2892365963817,48.3478715599143,43.6141984493736,51.2262884268051,39.8970404492082,50.6712217433047,81.7528691785222,85.1426914899611,81.5587128859149,78.5914030125198,76.7762484668517,73.4676750659405,80.4310654574787,82.6660074170182,94.0140611077352,50.306558260734,60.9704835101346,85.572775336283,45.6489302503511,45.6289084898656,29.0527318125413
35.6459620518339,34.345849723771,36.8101162665371,35.801481550079,34.509457567658,36.6437334937143,37.7516843167334,35.8837136896304,19.5280135517414,20.4540915222363,83.8485312910476,12.5703010198961,0,16.0514926228312,53.4689830073474,60.1009975871179,43.6662817678025,41.7507396457095,41.7390746163993,44.9804726610705,44.9775500292807,43.4120250737182,44.0933640411503,53.7163954759016,81.5781981528228,89.4367363471946,58.1385768241667,60.9767656891163,53.8717457770294,33.1907469556777,31.8774430390614,32.1059667684062,69.5538408373684,59.1569057594347,64.5671264354293,58.4663726175918,29.7195193044666,71.5454628982584,71.9114954089318,71.9030048659363,71.8784637929893,74.8325553012937,71.3161374786487,71.5169376879391,76.0071855685009,73.126492701588,78.4922847722311,75.964062380464,80.2643292804926,73.0297922848781,73.5943084821164,46.8769613743964,49.9233266501735,45.222213599954,47.8755830427863,44.4257522680906,46.9416854730202,45.1868326472997,41.1265263010906,49.2341335403405,44.8112158320777,45.8692099153311,41.1292948743992,49.0223068988922,37.3375544211657,48.0868435963526,79.2305292587095,82.6207147125242,79.0365576135577,76.0690245063341,74.2468300689142,70.9383082327953,77.9029467677611,80.1378930859724,91.482827336846,47.7484293232809,58.4143687702946,83.0388712025562,43.105047017018,43.1252917353374,26.1604310827072
34.9015540801157,33.5970028364527,36.0492409789035,35.0696494981168,33.7735129198488,35.8647586812752,36.9563154731915,35.0977340011998,15.5643712475763,16.4109231209386,82.9765499520925,19.3428049238499,16.0514926228312,0,52.6715469412606,59.287137946108,43.5525825827917,41.611143668522,41.6306818778877,44.8362920974568,44.4192564318275,42.8194476413386,43.5035776599794,52.7103802169876,80.7886277030306,88.6328589130793,57.0501077637919,59.921398457939,53.1184474596101,31.7254371962142,30.4507584347191,30.2706834057548,68.7482214597416,58.5211638683817,63.7443779036878,57.6433247064046,33.4704602586851,70.6890229095022,71.0561928269391,71.0473132473436,71.0116636783257,73.9655540962104,70.4480968300165,70.6486242000897,75.1435861687748,72.2656524399505,77.6302234368396,75.1021471937841,79.4031430040112,72.1674730526891,72.734416626309,46.5436155635995,49.5705554890681,44.8680853212405,47.6064909048281,43.9902907023562,46.5016152653007,44.7556755068707,40.3214560559454,48.6289992862024,44.1834939522318,45.2450047045668,40.4845116039256,49.0190741046479,36.438881714595,47.01566722568,78.3886405769254,81.7803566383299,78.1954602219807,75.2269984217507,73.3746841739568,70.0664248529822,77.0363433972975,79.271360532269,90.6026339116076,46.7956099440262,57.4651976014589,82.1575697782028,42.2283652892017,42.4084770304525,24.5025582662787
39.8393443551162,39.3795963107271,40.7824417926609,40.9800932568803,40.4195677129089,40.3660523413901,41.1841150174242,40.4793196675124,49.7961376358789,50.2389956321021,65.1752454320631,55.9842100938398,53.4689830073474,52.6715469412606,0,28.1747406377954,54.1316391080198,50.9453803534539,52.0241853162483,54.2387083356271,44.1175219628504,41.01727843664,42.1857819737857,46.8966334756311,61.0961977725109,68.8509361010645,55.683724018708,57.106256023151,29.8057653399709,47.1208324408623,45.4274442740367,49.9134461271462,46.6417833018029,53.6444675706376,35.9855880625266,30.3297680779587,65.4744160103178,51.8004738011858,52.1253284152268,52.2151950016947,52.5872542963758,55.591334522302,52.0959108015428,52.352633057139,56.8052983454982,53.7813588229236,59.2413429332444,56.6679237861476,60.9891572480301,53.7678568444399,54.2067826241633,51.1160900310248,53.8489771394883,48.7237347358651,54.3091315826753,45.0485314835368,47.8592938777172,46.6279341400325,41.6732211201284,48.464591149137,43.7153521486215,45.7102065502885,40.6146129903689,60.2845567739571,41.8237482267725,50.9148610185405,59.2042817644365,62.5494599543948,58.9786975771532,56.0308629723967,55.4134897549689,52.0764623243651,58.8424587125071,61.051151364142,73.1226963212083,44.4854009714089,53.8912270763925,64.0180319868523,39.7020587701068,39.5183618487837,50.2897780335245
46.6075163244051,46.1273858368395,47.5359009012773,47.7404937467315,47.1619217053846,47.1010721067219,47.9004426587391,47.1953510090499,56.3939343042671,56.8326018538283,70.2224912040134,62.6201766819158,60.1009975871179,59.287137946108,28.1747406377954,0,61.059053619555,57.9171743548374,58.9617043847033,61.2056908689843,51.3059119470183,48.2584455431091,49.3980348534447,52.21079794317,67.6271889579057,75.1113202594374,61.3318178497705,62.6723204567867,39.3877729260477,53.5972164031156,51.9048860463015,56.4123601875914,52.9390604807577,61.0361147056716,32.3439935403663,28.465033248385,72.1316906050603,56.9155874650519,57.2657197828798,57.3824406176857,57.5001941480553,60.5248483109083,56.9935916228224,57.2717679537908,61.9029053531172,58.9139153620273,64.3736493722639,61.7833340339758,66.1425483947666,58.88483359588,59.3547260364362,58.219489963565,60.9549436018053,55.851631421422,61.3433201906702,52.2750553566222,55.0636270310526,53.8091041943035,48.3883132039667,55.5880564468242,50.8246864333598,52.7752470319131,47.6675305810764,67.2221732607997,48.3968809206426,57.1431385088068,64.6965170733755,68.0723229761658,64.4850141243875,61.5167093543722,60.3598711908213,57.0170495109758,63.8945968886286,66.0916851622482,77.9948314134043,50.5921038586569,59.8833775658772,66.9884543097762,46.1504578614371,46.577265226927,56.8868866426183
37.8549099313703,36.872376829338,39.2277919582303,38.0960197868502,37.1191397929267,39.277597448732,40.5594508686585,38.8368376085248,41.4588939574585,42.0323623589125,85.4760751922957,45.9716681327938,43.6662817678025,43.5525825827917,54.1316391080198,61.059053619555,0,22.3777352734696,18.1730361727782,22.609443554265,40.9614139357831,40.2034268244231,40.8859933858437,57.7708074841775,81.7122421551122,89.8442614197051,63.3017076599998,65.7265213852178,53.5885468365729,43.3983741812435,41.8052106688343,44.9279840689131,70.0640145556209,56.832927504272,65.710475015688,59.6360741935703,54.4434363015478,72.9206821601563,73.2664239111905,73.2613114410574,73.435718101442,76.3912456362364,72.8944339689998,73.0977476880003,77.497029411288,74.5693354750989,79.9544623458662,77.4255470591832,81.7106176055952,74.4975245617143,75.0206746001267,35.4168623398056,39.2378252649277,34.4644419840852,33.9501725002034,36.2071131976397,38.9832143346013,37.0242076743514,43.527861424458,46.8021636268478,42.9910991148834,44.1971735913754,39.9476321443089,36.0426253456822,41.6637288288585,53.7530084510947,80.3377626259628,83.7005112158305,80.1299163053367,77.1793199539933,75.8863086040317,72.5741267855502,79.4446768677628,81.6795676160909,93.2572147263713,51.6447457745623,62.1530521075051,85.0620611085964,46.1039478437559,43.2677125679464,42.4123943961664
35.3519101319216,34.4328787559124,36.7185946632791,35.6639130474372,34.7455155419254,36.7621549072611,38.0358476378071,36.377807100937,39.4991307359671,40.0642731135566,82.3711399090585,44.0514569483578,41.7507396457095,41.611143668522,50.9453803534539,57.9171743548374,22.3777352734696,0,15.5892227039725,15.7889502199098,37.1864276719561,36.5292262092006,37.2386090661116,55.0355280991922,78.3674536879594,86.5461108495018,60.6812084657606,63.0679672804851,50.2294436426361,41.2357291477608,39.6369792194053,42.8272622276072,66.7961669582456,53.2588984216946,62.6010066984654,56.5342624592762,52.5306294229218,69.7804869741754,70.12304371195,70.1178235625452,70.3235808768439,73.278960072354,69.7854044722915,69.9887047552312,74.3725186597117,71.4378313475981,76.8255659888322,74.2968772191701,78.579175782387,71.3696678960228,71.8866598412427,29.9582380142098,34.2173897025904,28.902088320933,29.5654554341469,31.0837422127861,34.0581187156437,32.1393669752637,40.8697290877707,43.4116331105214,39.7066558367767,41.0068537016957,36.8213398766729,28.9503445085124,39.2274763935134,51.2773710339241,77.1539235021585,80.5123298786547,76.9439387369199,73.9960760263968,72.784790674431,69.4722101213964,76.3280168735748,78.5631082148953,90.1753553037735,48.9837323728554,59.4601821998334,82.0557290882468,43.3961076393938,40.2447718049065,40.464720523625
35.9329111414429,34.9645189432772,37.3013368365944,36.1933359888581,35.2289224635873,37.346701212043,38.6241684827902,36.9182172699457,39.5489581971917,40.1212391637218,83.3824577337021,44.0360324579047,41.7390746163993,41.6306818778877,52.0241853162483,58.9617043847033,18.1730361727782,15.5892227039725,0,17.9429968215949,38.7416968815785,38.0004271676814,38.6921391712566,55.7620271714189,79.5622340108738,87.7054150906746,61.3158193276835,63.7334375274297,51.4392898062308,41.4976589047054,39.9048643422398,43.0267663829175,67.9333016222783,54.6463964859968,63.6208553770522,57.5484756964,52.4825367806374,70.8191421933774,71.1641409391923,71.1589581993033,71.3406863791472,74.2961533270843,70.8001134037561,71.0033956656218,75.398986495329,72.4696877877234,77.8553932209403,75.3265542100238,79.6109509697911,72.3987097352729,72.9204464390582,32.8069785813035,36.7712860636548,31.7830861099937,31.8878103852331,33.6055662265397,36.4496969478492,34.5130875813487,41.5586459009763,44.6784812193714,40.8904715599819,42.1242739664756,37.8865204040543,31.6173499199862,39.7367103713342,51.8030930112382,78.2259264817674,81.5876591018391,78.0175839390592,75.0676309911323,73.793594988614,70.4813322955989,77.3484450644388,79.5833971461935,91.1689810292776,49.6586334556684,60.1593460664401,82.9938349459797,44.1134283396259,41.2182733685564,40.52560220444
38.5508271901683,37.6256454222748,39.9202589277446,38.8535506061869,37.9299182005058,39.9665492239024,41.2428280271061,39.5768567457713,42.7152762220029,43.2809145013488,85.6593342865601,47.2868824639016,44.9804726610705,44.8362920974568,54.2387083356271,61.2056908689843,22.609443554265,15.7889502199098,17.9429968215949,0,40.5175475564032,39.8577567226802,40.5613057862279,58.2829040566095,81.6833309372939,89.8564448454722,63.9184588574331,66.3082978600166,53.5434870067684,44.4367533415871,42.8375130846942,46.0313649907218,70.1021795194479,56.5842547503298,65.8857272418741,59.8179321568545,55.7837176527395,73.0724576976907,73.4153771242823,73.4102050910849,73.6123862782816,76.5678028167528,73.0738669526932,73.2771910446256,77.6628312797028,74.7289193722176,80.116380539051,77.5876474738919,81.8702831615451,74.6603547566877,75.1780296799975,33.3813971879685,37.5564357683647,32.4286391725398,32.3360510272819,34.6298610247971,37.554278025621,35.6117467171942,44.0928803919391,46.6981924714949,42.9841446680592,44.2695637960851,40.080344470928,33.9819132698763,42.4334291872714,54.4969828982744,80.4509565728143,83.8098600048639,80.2412132835139,77.2930346053723,76.072512176992,72.7599674970215,79.6174514561843,81.8525085112611,93.4609218628951,52.2189661074328,62.6990743152397,85.3308754041233,46.6318153888043,43.5033874444918,43.6655230595171
30.9548933429935,30.6049290644879,32.3476122215798,31.8297804118677,31.4387704826642,32.426976598899,33.7148325086688,32.5415770672382,41.8080484641771,42.3064030457739,76.4881811932194,47.430824987208,44.9775500292807,44.4192564318275,44.1175219628504,51.3059119470183,40.9614139357831,37.1864276719561,38.7416968815785,40.5175475564032,0,19.1800979926166,17.5182739616295,50.7018863415075,71.7428273386069,80.0384361395484,57.1039118825139,59.2188886142245,42.8860459233699,40.9297957433776,39.254159132835,43.2768205623286,60.2409782162909,40.6792394515041,56.1016140549954,50.0380535895853,56.5985911055754,63.742253792351,64.0740191941973,64.0739741343587,64.3851466049459,67.343071243838,63.8591900248238,64.0657562573315,68.4068375130876,65.4453474548248,70.8454417891466,68.3147281261555,72.5909035945965,65.3916549962311,65.8850743631754,34.8841534260897,37.1158313219297,32.2376253859051,39.1658659669375,28.0102038733727,29.7625682427943,28.2908907766817,35.5843271820755,27.7935287922591,26.3104829072276,28.8708889475932,25.6788098562848,47.0927629838509,36.0208338912004,48.3533575585816,70.9828736916167,74.3270918853601,70.7653648634226,67.8259459751602,66.9010596524981,63.5857233269999,70.3912874929821,72.6253526439112,84.3707989324558,44.671889757208,54.9875288329987,76.2739415937501,38.4031049081364,31.4773783741451,42.3667709947326
28.9360519075349,28.644239932174,30.2684607767489,29.9287602867802,29.5679120897853,30.2934912436091,31.5360639362661,30.4745981941842,40.1692506511904,40.6607887220269,73.6303649409256,45.8753835352925,43.4120250737182,42.8194476413386,41.01727843664,48.2584455431091,40.2034268244231,36.5292262092006,38.0004271676814,39.8577567226802,19.1800979926166,0,11.9168205174974,48.1442584295466,68.7829932519546,77.0896832782596,54.685376883433,56.7529108476842,39.6722590046264,39.0472799581574,37.3656192954034,41.4645469634708,57.2595279221931,33.9960672117981,53.0784541326679,47.0144701704064,55.0927811196564,60.8557450022888,61.1858203764941,61.1873152204865,61.5149290907515,64.4736181684531,60.9911059736386,61.1985782859457,65.534134010609,62.5680785107761,67.9705405966817,65.4391617981535,69.7147955725075,62.516905623326,63.0063130716768,34.767918055864,37.1747029893854,32.1454407042755,38.8375183160936,27.764580753221,29.9203588921718,28.6603833333625,33.1564579852585,26.583983247356,23.1812042995149,26.9865189850025,22.9557388846477,46.3292039752071,33.8672362995376,46.0999669670825,68.0778018904805,71.4199079820373,67.8590892480769,64.920852866054,64.0416685955695,60.7257364635247,67.5233909272214,69.7570895243872,81.5253407890443,42.1660024087787,52.4404491649105,73.4169578099405,35.8262335986657,28.1990733975332,40.7073449590369
29.5423139438196,29.2564880797465,30.8931707040051,30.5255132852586,30.1744845682181,30.9372969009496,32.196802345902,31.1186573432012,40.8561205637672,41.3485767408232,74.7507644590727,46.5564219705828,44.0933640411503,43.5035776599794,42.1857819737857,49.3980348534447,40.8859933858437,37.2386090661116,38.6921391712566,40.5613057862279,17.5182739616295,11.9168205174974,0,49.0668314066057,70.0222305744243,78.3067288907323,55.5597361784242,57.6416125932791,40.9617426178987,39.7606057548934,38.0789114978794,42.1716793290661,58.4662801148343,36.5532210110926,54.1976930637633,48.1286169789056,55.7712388762246,61.9943436309902,62.3260496045926,62.3275454995184,62.639097410802,65.5978541574902,62.1136694250061,62.3211412305413,66.664581426329,63.7021113717962,69.103222644627,66.5717441066885,70.8487716602315,63.6490655367144,64.1416300132976,35.4939972503799,37.8639278574609,32.8952266252745,39.5294696071212,28.6701352818621,30.726633527804,29.3873708840635,33.8669771821061,25.9275134302868,23.1338557065569,27.0542037331898,23.2483698271322,47.0368681348707,34.5786524278604,46.890845407016,69.2384341333648,72.5827317807025,69.0208123761802,66.0812056193795,65.1603426098226,61.8446162582292,68.6498191201343,70.8834209252608,82.6339063205497,43.021932662094,53.3151190866964,74.4801633985553,36.6612591929272,28.967711839577,41.3923780177198
42.5736143513575,41.8103010209201,43.4159215479728,43.5097250296381,42.6913350131818,42.8669348961524,43.5551163061315,42.6623993026385,49.6125449297361,49.9986680038621,69.9280164934301,56.2782743074807,53.7163954759016,52.7103802169876,46.8966334756311,52.21079794317,57.7708074841775,55.0355280991922,55.7620271714189,58.2829040566095,50.7018863415075,48.1442584295466,49.0668314066057,0,73.2999905231974,80.2265585796066,36.1763942147844,33.811094383576,49.5601047184053,45.3752124203551,43.7124126807289,48.4126027909005,60.5582738043766,62.1357579882402,56.0939240738034,50.1224430329739,66.0292689035393,58.7011686990104,59.1499192372873,59.1142785676274,58.2732052922931,61.2175363812787,57.6202893455722,57.806971912159,62.6603727230218,59.9747379320867,65.2571181472626,62.735590901372,67.0926473359306,59.7740730160869,60.5101501055283,56.592742869153,59.3694311856825,54.4468345060477,59.077504737109,51.7494830710842,54.3707794151926,52.9232380660409,44.6316775790847,54.6116984702287,49.8248790734449,51.3801272327901,46.2648288745956,63.995603150164,42.4567750182541,45.6303797589532,67.4226552212654,70.9202624760402,67.2846923445658,64.2523033733031,60.2808171001664,56.9879601411061,64.3420109894645,66.5787260198874,76.9422312576855,40.3420049067415,48.0632095496449,67.5776706572763,41.4812089194678,45.9036623830286,50.1323747801501
68.6881021081867,68.170697959801,69.6871346100427,69.7277171088932,69.1275333793608,69.3302880604489,70.2067220158983,69.367888273705,77.9256535384542,78.3668142761512,73.7943306871059,84.0877796379815,81.5781981528228,80.7886277030306,61.0961977725109,67.6271889579057,81.7122421551122,78.3674536879594,79.5622340108738,81.6833309372939,71.7428273386069,68.7829932519546,70.0222305744243,73.2999905231974,0,38.5830338482461,82.276124672457,83.7367062703259,60.4494216704343,75.3239279812763,73.6494538638233,78.0348043212361,52.6356166586478,81.636085072979,73.4003081425155,68.0857573010697,93.5574606178764,58.9423403471176,58.8796097681052,58.4425497515186,62.702449975935,65.4588355925401,62.4485969803147,62.4575451562043,64.2288873266176,60.5713250651812,66.0618586268851,63.7584576691542,67.4337895188831,60.845427700934,60.7248433332152,78.175890917392,80.9500363713206,75.6895047376635,81.5990351833105,71.6113390967348,74.6292334083845,73.5231787036493,71.0836578220912,76.6535123839915,72.1311194338712,74.1404212670991,69.2291170524508,87.7818068112122,70.7929002678759,79.4279256128421,58.957156145174,61.607531788346,58.4876838486047,56.0567767880878,65.4106836229633,62.127658531528,67.0749743518602,69.444336247464,84.5932562636297,73.9257319529198,83.2746051389185,90.5645038934014,69.8292543057448,69.1446838895402,78.455990486571
76.614553977513,76.0868678582288,77.6015400949067,77.6544655825612,77.0443085680484,77.2306235354208,78.0934344443614,77.2593622357505,85.7543084837966,86.1918851836737,77.3873384229378,91.9498782954913,89.4367363471946,88.6328589130793,68.8509361010645,75.1113202594374,89.8442614197051,86.5461108495018,87.7054150906746,89.8564448454722,80.0384361395484,77.0896832782596,78.3067288907323,80.2265585796066,38.5830338482461,0,89.3562221434135,90.7851272113918,68.8365859588826,83.0516355557069,81.3784380040077,85.7790294118135,59.5086818401727,89.9854153823771,80.8199392096126,75.5469609381685,101.438463193495,62.4934050428327,62.3577815846746,61.7416946846557,66.7885972910382,69.4816983323563,66.5717739264475,66.5173675171976,67.6470419918279,63.8685935810423,69.3281271600232,67.1190874905452,70.5983656334101,64.1898926178722,63.9637360559403,86.4821666547528,89.253494273907,84.0222442683914,89.8344902497333,80.0528107871927,83.0326237276351,81.8979014784824,78.95778635888,84.8528917133911,80.299691880003,82.2828266621296,77.3473099929905,95.9281840483816,78.5937248474945,86.995834503463,60.197027862423,62.5827206533109,59.6964849842521,57.504511496645,69.3921936624923,66.1261654885262,70.6651933788372,73.0820884367309,88.8477810182593,81.4747409605313,90.765672991806,97.145030036885,77.5599552489963,77.1775471232906,86.2833874350112
48.2548613830774,47.3852667824266,49.1045456372649,49.0879308860758,48.1798733551044,48.5635966604732,49.2666520138566,48.2392742669299,53.8672979378977,54.2280913289489,79.7134792057045,60.7163388597538,58.1385768241667,57.0501077637919,55.683724018708,61.3318178497705,63.3017076599998,60.6812084657606,61.3158193276835,63.9184588574331,57.1039118825139,54.685376883433,55.5597361784242,36.1763942147844,82.276124672457,89.3562221434135,0,30.455289229217,57.8522915577196,49.0434290058215,47.4151715310894,52.1015468681046,69.7060071477904,68.9726485444906,65.4027603148644,59.4126918124369,70.563483450079,68.4208881124107,68.856209030611,68.8126515947996,68.1108402831604,71.0471753499755,67.4691486916314,67.6474416070711,72.4093565064584,69.7022065184217,74.9873957955804,72.4730035884994,76.8118165921203,69.5116890477843,70.228807332439,62.6169157390718,65.4125064999344,60.5331551893777,64.9183052453472,58.0777930581351,60.66555152708,59.1699498022761,50.7343606312802,60.9763367649808,56.2119646585215,57.6678134430079,52.579704286678,69.5259912932911,47.8209416587395,49.0293971280461,76.9576933121908,80.4394234305645,76.8122047272819,73.79017138566,70.119362445427,66.8290179126627,74.1179006726672,76.3599561645653,86.8394161836319,47.6551579757752,56.427937019579,78.9557639837428,48.2882032221216,52.5413384924184,54.4261875319812
50.569009530437,49.7376982010066,51.4112579239837,51.4428431732438,50.5672382899822,50.8612522919297,51.5521088480621,50.5804365444445,56.7721948181934,57.1436408438528,81.0309041076557,63.5485370246792,60.9767656891163,59.921398457939,57.106256023151,62.6723204567867,65.7265213852178,63.0679672804851,63.7334375274297,66.3082978600166,59.2188886142245,56.7529108476842,57.6416125932791,33.811094383576,83.7367062703259,90.7851272113918,30.455289229217,0,59.4204607440883,52.1694940257263,50.5227380041726,55.2393975696642,71.1150013967604,70.9453235781395,66.6882486106399,60.6954609321552,73.3580990198742,69.7347807409759,70.172618662367,70.1324431378566,69.4036578878259,72.3428707254981,68.7604051010526,68.9418014115763,73.7255237278857,71.02094853412,76.3071725953803,73.790239107805,78.1338088679119,70.8295000218141,71.5488954329801,64.8736461654712,67.661657067554,62.7693374708056,67.2364456488183,60.2346288605213,62.831023331674,61.3502871846865,52.8643419900597,63.0930349895201,58.3167043022176,59.8040183098651,54.7025362048195,71.9543998534206,50.1917910378665,51.8720117474418,78.3092770363928,81.7938285023574,78.1649886652393,75.1409788560828,71.4203420840809,68.1288093698701,75.4301468196297,77.6703915628801,88.1344643028304,48.9214052846134,57.2439569599811,79.8011119305419,50.0781179077898,54.5410839300892,57.3106758157405
40.2166756436009,39.780349508622,41.2201642314706,41.3310549995047,40.7968688105916,40.8742049126143,41.7621725439169,40.9988764755601,50.2923313048128,50.7450512998248,67.4356348317264,56.3749028175879,53.8717457770294,53.1184474596101,29.8057653399709,39.3877729260477,53.5885468365729,50.2294436426361,51.4392898062308,53.5434870067684,42.8860459233699,39.6722590046264,40.9617426178987,49.5601047184053,60.4494216704343,68.8365859588826,57.8522915577196,59.4204607440883,0,47.9438773820021,46.2543580075362,50.6535184609144,47.5161143989559,51.8876792662283,45.5083275405127,39.7538071469349,65.8038405370075,53.9585317919808,54.2439317552864,54.2829823902393,55.04861644169,58.0218998037576,54.5795819102287,54.8046368127135,58.9786023592691,55.8981798132041,61.3579739470157,58.8124545853073,63.0709329961371,55.9097201009071,56.2985950344303,49.925322204118,52.6652831329657,47.435057084979,53.3827880296581,43.3540722758034,46.2926535619365,45.1682705971401,42.4288161169245,47.6443926918192,43.0318415954754,45.1535129063343,40.1727416901641,59.6837266899684,42.7085313916301,52.404566338819,60.7112915958095,64.0020865431593,60.462105804478,57.5517092365335,57.8282548978542,54.4994505101285,61.0893609107308,63.3161663755263,75.6579939136295,46.5267924614336,56.1258549542713,68.9059922299082,41.3553587635981,39.5685644253776,50.8015879971851
