IBR/IBR_outputs/all.combrep_1/EucDistWater_Total.PersistForestCover_Total.Silt_Total.Spinifex_Total/EucDistWater_Total.PersistForestCover_Total.Silt_Total.Spinifex_Total.asc
NCOLS 160 
NROWS 95 
XLLCORNER 210004.651214014 
YLLCORNER 7350008.22228844 
CELLSIZE 4999.99999999997 
NODATA_value -9999 
[rows 42 to 62 of 95, columns 92 to 137 of 160]
11.3357025880625 19.8568581239383 12.1448602674623 8.64705576372033 14.8453456071219 16.8989180278767 19.3106179580853 12.5441604039597 13.6128148441393 11.5533483698073 5.22463047521632 9.83178776179959 10.2498938525269 6.75717641559298 3.65540929886023 7.32634188236041 3.74029275030215 5.51268814172892 8.98175584619906 5.80315962879703 8.72298627894793 9.26406199284335 4.28971728175833 9.80859686356877 15.7293377177527 9.19865594411793 3.75186390868592 3.75924006027535 4.97526945983569 11.4039206731466 10.272606011559 11.5865353672233 13.5877647568623 11.3452413083668 7.01523063866542 6.77693964980775 5.55485346101139 4.18529196589491 9.18241740039028 17.0173254983655 18.2025906976983 9.96015884348938 4.60582034094221 9.19230710761169 5.83848681525088 4.66061935060313
8.47502029019856 18.2388018700147 12.1924215641479 8.90949806543098 7.02242645651392 8.17449372447274 13.1975543526792 6.76749927320294 10.7170068041647 18.4493831158098 15.5859142663277 16.7022111796661 10.9964780740052 4.54696212331941 5.35708631491534 13.8075509237506 8.20346364951057 5.59400001313287 9.27960661415588 14.5063748158329 16.5864924387021 16.3146068930936 6.36021117457291 6.16337958513507 12.4301557597619 11.6327285144062 10.0261677279923 3.82757880786151 7.49943198288774 4.55814997875479 6.66379060809931 11.6963839439646 8.08812812355409 7.41852740335393 13.7962754436986 10.7231178161054 6.74125949028513 3.63093143835923 13.2505159396786 21.436713774029 20.0554606198135 8.27257003407798 3.49298498607598 5.52781841624604 4.03307535362086 5.01130859794757
6.30246147899611 15.9437760650761 10.5208192278571 5.74824754967162 11.0644792144977 11.9003076489848 6.23905007830763 10.6828646704729 17.9938816592657 25.7320719650884 26.8660636984479 26.2630955515329 18.7995030171492 10.6234878304591 4.18267554378595 12.2259367677185 10.742435625491 5.35512018526368 12.5151192988135 22.83615795801 20.5452938871202 10.2432480962519 7.0656901145204 7.99202918745109 9.09645128335825 4.52252100431919 5.71505770538823 4.63433191268884 6.29491978305292 8.42793643358967 11.0796324850443 8.65794894434797 4.47777409753539 6.32280167417944 9.60735086092778 5.25097807810264 4.39913904130298 2.7937060215196 8.79598886819986 12.083764045079 17.6497275326032 8.0094346889108 5.68279565758352 12.9204089956305 11.5260767456189 7.39138817117796
7.19482147001099 16.0358468608415 13.3194959743022 11.275960405131 16.5213823726325 14.869809593677 12.1302140882727 15.6500148085367 17.6891567566608 21.024219556591 23.646309876732 28.6068102757718 21.4159552603973 9.77552530154462 5.76913134257182 6.39492815960317 8.18368935111965 6.61537713358802 15.7973118600129 23.959146449666 19.8779872617885 12.9732522278456 9.73369125076732 7.81435615098043 3.87086801904511 6.29626195928883 4.90494534018367 4.48312285769602 6.50730622925108 9.03948223552915 6.89528378682393 8.76414026496942 4.75401782005843 5.13992027513551 5.08943485566211 4.75518509023134 9.30417875792474 8.53471514743992 7.52523435442817 9.82017769473526 17.197084276434 9.36304503688812 9.58132471077621 10.5918209915568 9.22249303367767 4.57326109541039
7.26842425262326 11.3733817192023 6.95627625351724 16.0385200145086 16.6601588536156 7.30389883286432 9.29975284937423 13.3150685357057 6.74517604676595 10.1847132679613 13.0007451732139 19.5960640050698 19.9133007988276 16.0912008794682 13.6429378425599 6.4967862643442 6.2626890677812 11.2273070765974 15.4838530909664 16.6074035831043 10.86501061297 11.9630774099945 5.2276702055767 6.05380582333397 4.7753886215372 5.03344100466815 5.73006599361904 5.23183413124557 5.72723741215254 10.4165584041997 8.50086031031076 5.53949955571253 9.61310861964598 11.5179660548226 4.89293466470781 10.6705881789107 18.4886328544289 19.4021911153677 17.96014905629 15.4424368352103 18.4118861103353 19.4259931320698 17.6706593106869 9.50666357804516 7.53494572783784 5.45446319069728
6.28162192945844 12.0877776419672 9.90098541363084 16.493474305922 11.3779738882203 5.33370270450365 7.93451417514516 8.17120179812694 5.73437013822046 4.20270265351931 9.42565773204167 9.53809778658453 11.5512031024143 20.9233481417801 17.9544081870788 7.38353843481519 5.10444170948637 12.7875276570527 8.32584263618926 9.36001146938673 8.69814819729192 9.04142391810963 7.99092399752219 4.63036316127654 3.99456526395703 5.46285420341269 3.97657991520383 9.82229553867899 8.36560344200737 4.1766093832141 3.9486695503161 6.31734766570063 11.4466499901973 12.8437638570655 10.2302017759793 16.8049172334902 26.1773704777362 28.1294310469031 18.4466665056599 8.08827395947866 12.027181713069 22.6977527645039 18.9634007739376 12.4628502029308 13.9714956338876 14.4832979761709
10.4361114385371 9.51942347898161 15.3066531438658 17.6483751284499 12.4269809239753 9.42854492090143 11.7520314693187 12.2099880364323 8.99828487118233 6.92213553816914 10.7791045517262 7.42306809273126 9.726695323751 17.7699188248342 13.0159316009736 4.43405007827312 6.57083881522725 8.00922652003547 11.9956733047717 13.4509455895227 12.3745334277189 7.35238589125707 9.64188542836983 5.08880460865782 6.27414834235083 3.29697223447699 3.819254368678 9.70298216760852 5.89334123378376 6.40034201524116 8.3406159154397 6.04527115879697 12.5296232313206 7.51145666907403 10.5816604285273 19.9135552123458 21.7154390852453 24.1092488380229 18.4531585763676 9.97478122267862 13.8092100900069 22.8632568877454 16.0699129970193 6.52352301455403 12.3384790348982 21.6815607511268
11.7290459161578 10.9398423551589 16.1564098071107 8.37457347249664 11.3013337139491 15.3132665519425 7.47513194880934 10.1452022888184 16.3097650944881 16.1466238726658 10.8123436528746 8.06793892934925 5.66906513045259 13.1927168699238 7.73796365209383 6.43981687358243 11.9219260955894 6.63106274003385 12.4793256338173 18.6849317309416 16.0730632513439 7.07849654926818 7.10162348502383 5.80891698235968 7.75372616825341 3.22163310706916 4.74943641556116 5.5464353095312 7.32039679353741 7.56747930279427 4.80028295308734 5.23363339335283 13.2700945975377 16.3331889909724 16.9257297578439 13.9789331274486 9.9907765751295 13.3071730437424 18.3730000800302 20.5573627414197 22.7290290056798 27.429528372102 19.1699923858689 10.6117936900209 9.96747565221718 15.3873929197555
10.4606313677201 12.9569169223863 24.411448826596 6.26203949278866 6.43566873535812 8.05729832580407 4.75798734631671 8.32561208615636 16.7049464778019 17.3151921556159 8.67059029940683 10.8016329488967 14.5156423380215 13.3906100649919 4.59307276284609 10.9250239219512 14.7483491727718 7.7930300952042 5.72415344047289 13.5277870117057 18.5718959232015 12.9566863197986 12.5435228933906 4.86519318461084 8.42472546739376 15.4630800396653 23.9272018154685 20.0341726082721 7.47689238717123 7.95608144409313 6.73811711797736 13.5390054668053 14.4645387652533 18.1743989943282 14.874212050342 5.69212986038424 3.38221758553679 3.58554162442119 12.9462562494564 18.793382647323 21.4593123206311 26.6604482183998 18.2855710200723 7.82653663746209 7.28715864603866 9.68814858405454
8.96891767364262 10.1342743176696 29.2910716193126 8.57872381229529 11.0255548116652 6.62941034764409 8.14143109545888 6.29392588147123 9.47120911297283 8.03401663721882 7.02992729021445 12.0221382288342 16.9075125046051 9.94256355676933 4.9005978497904 13.8875692607196 10.6134778416336 6.35580535471702 9.46958718703512 15.9520240490225 24.6423277795561 22.7415414351952 14.2983342939481 5.71416330539268 23.638143986825 29.1905911635859 27.9336872183156 22.346806526 6.41530507508456 20.6953363777582 5.68676624209 11.5825323537948 5.09982627137347 8.65164151389508 10.8362967681705 4.35075791015519 5.48084983817422 5.04388869222941 9.03896697031243 7.37656990694724 11.9864823794836 20.8203730444925 19.8446422846359 16.0237938568149 8.54561178152563 5.48649158509617
44.4906653995405 27.4036205152157 25.4904038929761 18.0543911776472 16.9775690672846 9.68234115976008 11.3621813951317 6.76725901790848 5.51824770444131 7.70183688374671 5.62753887467031 9.17200765100015 6.36085654202251 3.7707434305459 7.67417213661087 9.32886342647157 8.99722462695286 7.52318830868607 4.80379447068612 13.1795273212331 23.0668835903273 21.1318555997216 13.680667781823 15.6060015993504 21.6082461543639 16.7956404116598 12.1670300033019 39.2635161534397 17.1816400110182 17.1701666803889 3.71602414652445 9.81340141757414 4.32978352596109 5.62058672982865 13.0752286345302 10.8110661905004 7.80168769865737 9.1716005287079 6.13882944002743 7.63648107047225 12.9641315273616 12.8179053314172 10.5943146075827 17.1036822294006 11.4294058362755 9.48765664342881
16.3931585028588 14.7157192669491 27.3310130032625 39.9954642523363 33.1743558860838 55.3507521429581 22.6208260296391 23.9613896344309 15.3503474166029 9.57078756207815 7.78962166104008 10.9762271464175 7.16837929152285 8.31014956822986 9.41237986902677 10.2157255948516 9.08230723925708 7.71941835671066 4.70095574360135 7.35728987130854 14.9282251603692 14.4111636293799 12.3464007231554 28.4429467833127 39.197332701448 26.569223340471 27.2130140692599 55.7131209645579 11.889997303169 11.7104492873596 4.89065317160359 9.32739651886464 5.43193396160927 6.03477141909281 12.9929874577654 6.70967085958197 5.35264813999627 9.18440896615193 7.12869451521913 16.4727113685357 20.677149442661 11.8509666303873 9.05347185482975 18.2010250990642 19.2733051820671 16.7288788304481
26.5998561405822 25.4826544002585 24.4188099658639 24.7595395416951 21.0031635791558 25.2287383566441 22.0113202239013 26.8646907507759 42.2432147346921 24.2654471824462 15.3066141899856 11.5226070381324 16.1218570332835 11.1778620353477 12.774798284677 18.6912962173911 13.4911158531604 9.11040883509022 8.48962404116845 5.19080150636534 7.53519237930797 7.90988619424445 35.6225807027217 25.4647600949139 32.7801237554735 25.9087621248814 17.9459723066813 17.5563655539735 11.115846028728 11.0179212301035 6.68066504019634 12.0848019286206 14.4538205208388 14.0085963277627 16.1322953867031 9.56533620144245 11.145036829438 11.8266046692129 12.4879384594633 21.3857265743356 27.139905867323 21.0419006118634 18.5096683155797 14.9422029800251 10.4878675723203 11.3965609252091
19.0575644400412 22.5522740290501 30.8416993049312 30.5716139786281 30.3493859421976 29.84971502696 25.2835966006251 23.6349070559822 26.332226074149 17.4394284236956 13.7606018667609 21.5892152737638 23.9040729219774 21.121131972459 16.5878910829236 29.14174777762 24.8442661736576 9.92445979195685 7.25672294201653 8.32752791036044 9.25480568908373 9.64143002734329 44.5093579033406 28.2764841764321 30.2638086675877 31.763457593753 13.8994977943517 18.4767078710182 7.94954206283458 6.20853672281765 11.5399678280422 19.0808980269784 26.1429366269382 26.8505642181457 26.9183135564354 22.6765294585704 17.3936448058772 7.14784372200747 10.2664662905639 21.6495864497435 31.7160991200944 28.0665794406601 17.9406095504705 7.12917456337011 6.87804437038447 13.7349741521755
22.4670592785345 15.7855817161417 21.7733953348408 20.1207013813164 24.9533147450562 32.6628175209512 33.9671760257892 33.1760126798828 28.3132252995324 21.3028127462099 19.1197466740972 25.62924803049 29.1143616188572 22.4651662114095 15.5849683637268 34.2221851007266 68.2824174178898 17.042251747288 28.8498263152533 27.3361975048399 21.4356754790076 9.90206153219453 13.8585515507273 19.2113428386903 43.8560168843338 35.799083984761 24.2076005374777 39.7873245964944 8.56495056699899 8.80146689264732 8.23731171404646 19.5186698434109 34.9857557510896 30.3730802199644 20.8149857987561 16.863582151246 18.5246094405049 15.8701173864419 17.5005791865569 25.6757269985811 34.7400492935698 29.217870591695 18.9401223668712 11.2270437869253 8.79107258960052 11.438848211736
16.704644240756 24.5179289022854 16.9723797681417 10.6150146828804 19.1996530557761 28.4711432890807 34.1871300125778 41.6584579948462 36.5131085196122 31.325806298995 28.7144375150334 33.0048551256047 34.7349177782116 29.7806580630335 25.6915454139229 21.697047670755 18.2326569044686 34.7420160581231 47.3991100814343 44.3778347707349 24.1969951479516 14.8819095981839 27.649032998093 33.4149119377786 54.790277617465 60.262383779065 17.8070960343585 32.8233901377633 19.8582986989169 22.4963742524448 21.681376594367 28.662479797517 33.8500566558757 24.8674763410141 13.0292462236442 6.16009755844836 13.5041601644757 17.7390093895711 20.156592048269 28.0761391300548 34.7882185394395 30.104985045014 25.6138756901677 19.4650275374028 9.92863870709393 7.58869188970475
19.4379862160339 10.4267598607585 12.8032890836556 18.7206896704824 13.3558635597173 18.3342843240307 38.0622700288138 38.6278429141538 45.2711335514686 43.875448398124 43.8425678971401 38.0828638010516 30.9727222250863 22.0714210211681 21.9922754005378 24.9345737467805 21.935514273932 22.2084248134452 39.3885821870069 51.1368280680805 35.8715635200207 32.5968729409838 38.9572850915326 28.876873665635 28.5671299726243 22.1971427100471 8.69369553122796 11.2459055406126 18.5963070239865 27.459356662942 33.1230272342952 38.6905056923309 35.0552679626231 24.8016610039039 14.3700685291498 10.3842483960705 14.6357758615863 7.87055034820018 12.4248674576191 23.5919799148163 27.8026706372747 20.5468608636772 18.1039105616888 21.613778803853 16.0229116075518 6.85699882698704
17.6569620695369 12.9655884890545 15.9329914084388 16.7405497121572 7.78408391091374 15.0861985903042 31.4582840268382 40.3998057429929 51.9467414532807 83.5060891133115 121.667861584143 53.6930869335126 28.0120046134679 13.1176496924567 9.46663708281009 19.2346267311547 28.7121944744227 31.755063849783 35.6708416015396 43.4369526731845 38.3042726381534 35.9006315607526 37.2597378123715 36.9280972280067 29.5413327413811 21.8653196826693 14.732452841037 10.5444006214753 19.1985519896779 28.7765472777172 39.9477382823904 41.5985451784429 32.6374695495027 21.5480463188035 10.6840334003875 8.68880562342664 17.3452068060609 11.1389928066415 14.6011693969713 24.0849580214843 21.308589936709 11.8980143980722 7.57016679103566 16.666546242751 12.9789576918965 5.48775704730724
11.3784561903685 5.80066528204 14.5554621191547 21.2119483095277 17.8949052969139 21.3462455264724 30.083516244366 40.0590208838861 47.3140654643986 73.618164274835 176.703010134956 191.167957426241 82.9032265036372 92.4844114211443 23.8402780112884 20.8393152155483 30.8834025302233 40.7200215400348 44.6555571680262 45.635556386924 43.7603296239232 38.3143553280254 34.4612316285852 34.7183031993605 35.1861849751322 30.5534865097508 24.3037241529938 21.9995244015767 26.2583787170996 35.1235874273299 44.813507794554 42.0984021342273 32.5992033209864 21.216320599339 14.2130396759311 12.3143023039063 17.3080723973292 19.0010018722911 23.6600263820945 26.8079346571555 16.4766972449347 6.79715268451463 9.76752093425914 18.7308888488876 18.8303846356767 14.6428931851179
11.5376125458306 12.8395312179312 19.7542834698287 26.7652413799571 25.1424387509694 26.1572128542026 31.7616693008304 32.2132634446439 30.5409518263869 35.140547425751 62.9045821123942 61.7778113737042 56.2202190624907 35.3594271671519 38.829006772194 60.9540646342877 105.406634648734 50.5388064532957 44.1726457683069 38.4114946632838 35.2082963964312 29.7228594399744 24.2084272742822 23.2999472150021 28.8147844143293 34.1846121549254 34.1624150986142 33.758378583843 36.2105867851591 43.8106886505345 49.6860310924551 42.2513792917313 30.3521966526943 18.9950975737159 11.883305944699 12.1581971797033 7.72462831226475 13.0891762807118 25.6979268854296 30.2164250260364 21.0962175597595 14.1802154702588 17.7232279242381 26.0064657220349 27.4795528543931 25.2311732431369
6.339745328114 11.2520829169314 22.3558765013805 20.8975848619214 13.6589887883724 16.6258620180313 25.5861775303297 22.4703743369306 18.7612560134743 23.2661905671576 34.2040329551848 44.6114666778692 43.9945201056085 39.9713959275283 38.5636099453739 39.6678038405446 45.2644831462467 55.3996607728929 120.974819342858 67.0291267218091 35.980313221551 22.508206431674 12.2574263194085 14.3378356081066 21.8468895310949 23.8250025943277 29.5580268817364 35.026689670365 41.2590032993779 48.9639029150929 51.355321273667 43.3792248284012 33.8005889796872 24.7398633229452 21.2184183727668 20.0072760985503 12.2718600328728 16.2636880194066 26.8984290150273 35.8202337525045 30.7417806084577 26.8098832978897 26.5013178052935 23.4824394108156 20.9208952133146 22.4064640334409
