0.0318486 9.9982E-05 9.9982E-05 0.00492404 0.724629 0.152861 0.0855376
0.0635933 9.9991E-05 0.0585892 0.0107445 0.548675 0.0583493 0.259949
0.132019 9.9982E-05 0.065314 0.0296188 0.770027 0.00282114 9.9982E-05
0.00139597 0.0684075 0.0774072 0.00873258 0.815326 9.9991E-05 0.0286308
9.9982E-05 0.0143386 9.9982E-05 0.00635064 0.710408 0.0635475 0.205155
9.9973E-05 9.9973E-05 0.0407941 9.9973E-05 0.735233 0.146681 0.0769913
9.9973E-05 9.9973E-05 0.118075 9.9973E-05 0.525104 0.091044 0.265477
9.9973E-05 9.9973E-05 0.177815 0.0487669 0.501351 9.9973E-05 0.271767
0.0520365 0.0411532 9.9991E-05 0.0134581 0.157347 0.0398974 0.696008
0.198079 9.9991E-05 0.207897 0.0259204 0.258981 0.0205795 0.288443
0.0413671 0.107669 0.370276 0.0426006 0.105501 9.9991E-05 0.332486
0.170314 0.0328962 0.169531 0.0306541 0.167998 0.00987396 0.418732
0.0538082 9.9982E-05 0.779573 0.0391029 9.9982E-05 0.0664708 0.0608455
0.122698 0.114948 0.0642703 9.9973E-05 9.9973E-05 9.9973E-05 0.697784
0.0657461 0.0749556 9.9982E-05 0.0488608 0.205988 9.9982E-05 0.60425
0.0252739 9.9991E-05 0.027132 0.0278428 0.248125 0.031237 0.640289
0.181767 0.033947 9.9973E-05 9.9973E-05 0.148854 9.9973E-05 0.635132
9.9955E-05 9.9955E-05 9.9955E-05 9.9955E-05 0.572417 9.9955E-05 0.427083
0.492169 0.0911976 0.076465 0.0581588 0.0242519 0.102549 0.155208
0.587908 9.9973E-05 0.159825 9.9973E-05 9.9973E-05 0.0112126 0.240754
0.67521 0.0510908 9.9982E-05 0.000560128 0.15759 9.9982E-05 0.115349
0.776574 0.0043423 0.102151 0.00511822 0.050001 0.041833 0.0199806
0.887125 9.9964E-05 9.9964E-05 0.0425691 9.9964E-05 0.0699056 9.9964E-05
0.714865 0.013886 9.9991E-05 0.0413398 0.0444531 0.0321962 0.15316
0.67129 9.9982E-05 0.0841805 9.9982E-05 0.219058 0.000241612 0.0250304
0.808081 9.9964E-05 9.9964E-05 9.9964E-05 0.151653 0.0398658 9.9964E-05
0.85568 0.115317 9.9973E-05 0.0250396 9.9973E-05 0.00366431 9.9973E-05
0.754465 0.0276516 9.9982E-05 0.00891538 9.9982E-05 0.0690047 0.139764
0.819641 0.0351391 9.9973E-05 9.9973E-05 0.114804 0.0301161 9.9973E-05
0.797733 9.9964E-05 9.9964E-05 9.9964E-05 0.0822859 0.119581 9.9964E-05
0.784987 9.9973E-05 9.9973E-05 0.00636797 9.9973E-05 0.102059 0.106286
0.752784 0.0886597 9.9973E-05 0.0291731 9.9973E-05 9.9973E-05 0.129083
0.71019 9.9982E-05 0.0357128 0.0510334 9.9982E-05 0.0080841 0.19478
0.146952 0.0130165 0.22402 0.0663116 0.345226 9.9991E-05 0.204374
0.166375 0.0778287 9.9982E-05 0.00561157 0.461644 9.9982E-05 0.288341
0.11173 0.120689 9.9964E-05 9.9964E-05 0.767181 9.9964E-05 9.9964E-05
0.0256326 0.014043 0.14793 0.0374762 0.774718 9.9982E-05 9.9982E-05
0.162689 0.0948665 0.226562 9.9982E-05 0.310234 9.9982E-05 0.205448
9.995E-05 9.995E-05 9.995E-05 0.9994 9.995E-05 9.995E-05 9.995E-05
0.701748 9.9982E-05 0.181224 0.0367447 0.0628839 0.0171994 9.9982E-05
0.131989 0.0399531 9.9982E-05 0.00283473 0.716082 0.108941 9.9982E-05
0.12056 9.9973E-05 0.0998961 9.9973E-05 0.391418 9.9973E-05 0.387826
0.192364 9.9991E-05 0.303138 0.0228884 0.223976 0.137475 0.120058
0.0737316 0.0614342 0.577285 0.0485281 0.119891 0.0589221 0.0602082
0.0347631 9.9982E-05 0.893772 0.0139711 0.0368891 0.0204052 9.9982E-05
9.995E-05 9.995E-05 9.995E-05 0.9994 9.995E-05 9.995E-05 9.995E-05
0.172897 0.0590646 0.281492 0.0490589 0.147226 9.9991E-05 0.290161
0.121181 9.9982E-05 0.486277 9.9982E-05 0.110637 0.103705 0.178001
0.259655 0.0779122 0.173339 0.02119 0.14814 9.9991E-05 0.319664
0.0129619 0.453352 0.087794 0.0326353 9.9991E-05 0.346954 0.0662028
0.0348382 0.623614 0.141439 0.0194544 9.9991E-05 0.160893 0.0196613
9.9973E-05 0.57332 9.9973E-05 9.9973E-05 0.0531971 0.255878 0.117305
9.9982E-05 0.610055 0.11296 0.0468464 9.9982E-05 0.141327 0.0886115
0.0594605 0.7799 9.9991E-05 0.0317386 0.00658855 0.0965348 0.0256774
0.0766843 0.747383 9.9973E-05 9.9973E-05 9.9973E-05 0.113803 0.0618301
9.9955E-05 0.733815 9.9955E-05 9.9955E-05 9.9955E-05 9.9955E-05 0.265685
9.9973E-05 0.480506 9.9973E-05 0.00255152 9.9973E-05 0.317923 0.19872
9.995E-05 9.995E-05 9.995E-05 9.995E-05 9.995E-05 0.9994 9.995E-05
9.9991E-05 0.669319 0.0184071 0.0534659 0.0798597 0.143244 0.0356042
9.9991E-05 0.335204 0.0881632 0.055665 0.0885646 0.339139 0.0931641
9.995E-05 9.995E-05 9.995E-05 9.995E-05 9.995E-05 0.9994 9.995E-05
0.0215499 0.541459 0.133708 0.00140266 0.107428 0.194352 9.99902E-05
9.9991E-05 0.256265 0.491961 0.064123 0.0347658 0.118873 0.0339114
0.733415 0.0680213 9.9973E-05 0.0146363 0.183628 9.9973E-05 9.9973E-05
0.708311 9.9982E-05 0.101092 0.0289918 0.134247 0.027158 9.9982E-05
0.749267 9.9973E-05 9.9973E-05 0.00189758 0.211621 0.0369148 9.9973E-05
0.0365787 0.68803 0.101475 0.00107531 0.0312421 0.0456623 0.0959365
9.9973E-05 0.445482 0.394598 0.0841633 9.9973E-05 0.075457 9.9973E-05
0.0802732 0.725156 0.101181 0.0163513 0.0172147 0.0597237 9.9991E-05
0.0587708 0.600519 0.210798 0.0631759 9.9982E-05 0.0665366 9.9982E-05
0.000902569 0.739394 9.9982E-05 0.0412888 0.0846844 0.13353 9.9982E-05
9.9991E-05 0.0105382 0.524831 0.0152958 0.0475114 0.187481 0.214243
9.9973E-05 0.00687556 0.677305 9.9973E-05 9.9973E-05 0.0581309 0.257389
9.9964E-05 9.9964E-05 0.704402 9.9964E-05 9.9964E-05 0.171416 0.123783
9.9955E-05 9.9955E-05 0.972345 0.0271556 9.9955E-05 9.9955E-05 9.9955E-05
0.0781125 0.000401076 0.853234 0.0475078 9.9982E-05 9.9982E-05 0.020545
9.9973E-05 9.9973E-05 0.748449 0.0286397 9.9973E-05 0.0779362 0.144676
0.0509968 0.0034642 0.787468 0.0140395 0.136662 0.00726955 9.9991E-05
9.9973E-05 0.565431 0.229082 9.9973E-05 9.9973E-05 0.0857054 0.119482
9.9982E-05 0.338086 0.362347 0.13154 0.0712727 0.0965547 9.9982E-05
0.05797 0.532667 0.144618 0.0231769 0.0202112 0.221256 9.9991E-05
0.100492 0.590388 9.9982E-05 0.0429623 9.9982E-05 0.204915 0.061042
9.9973E-05 0.68968 9.9973E-05 0.017151 9.9973E-05 0.0316134 0.261256
0.640425 0.0230381 0.188723 0.0213631 9.9982E-05 9.9982E-05 0.12625
0.135888 0.174048 0.553738 9.9982E-05 9.9982E-05 0.0900198 0.0461063
9.9973E-05 0.0558123 0.85477 9.9973E-05 9.9973E-05 0.0517177 0.0373996
9.995E-05 9.995E-05 9.995E-05 0.9994 9.995E-05 9.995E-05 9.995E-05
0.164103 9.9982E-05 0.15079 9.9982E-05 0.60322 0.0582687 0.0234187
0.0893912 9.9982E-05 0.0577774 0.0272242 0.716365 9.9982E-05 0.109043
0.113139 9.9991E-05 0.117948 0.0522371 0.22311 0.0919468 0.401519
0.148269 0.0577911 0.19548 0.0212544 9.9991E-05 0.0174349 0.559671
0.0345667 0.095303 0.000666676 9.9982E-05 0.647672 9.9982E-05 0.221592
9.9955E-05 9.9955E-05 0.797121 9.9955E-05 9.9955E-05 0.202379 9.9955E-05
0.568835 0.053634 0.0659295 0.0478154 0.221067 9.9991E-05 0.0426193
9.9973E-05 0.15961 0.703072 0.0859301 0.0510871 9.9973E-05 9.9973E-05
0.259208 0.090247 0.352446 0.0243557 0.261049 0.0125943 9.9991E-05
0.0539944 9.9973E-05 9.9973E-05 9.9973E-05 0.27688 0.03971 0.629116
0.0288546 9.9973E-05 0.254353 9.9973E-05 0.446415 9.9973E-05 0.270078
0.145333 9.9973E-05 0.258732 9.9973E-05 0.355655 9.9973E-05 0.23998
9.9973E-05 9.9973E-05 0.189831 0.0073322 9.9973E-05 0.0334175 0.76912
9.9964E-05 9.9964E-05 0.29408 0.00559121 0.699929 9.9964E-05 9.9964E-05
0.0129757 9.9982E-05 0.174162 0.00354395 0.0806763 9.9982E-05 0.728442
0.0109464 0.214876 0.668014 0.0158673 0.0900957 9.9982E-05 9.9982E-05
0.0561944 0.0905302 0.581389 0.0607238 0.0136089 0.0753485 0.122205
0.00657324 0.17422 0.666555 0.0431368 0.0822147 0.00542105 0.0218796
0.213589 9.9964E-05 0.609701 9.9964E-05 9.9964E-05 9.9964E-05 0.17631
0.129623 0.102525 0.480523 9.9982E-05 0.0626176 9.9982E-05 0.224511
0.383455 0.0969824 9.9973E-05 9.9973E-05 0.294623 9.9973E-05 0.22464
9.9964E-05 0.677589 9.9964E-05 9.9964E-05 0.204691 0.11732 9.9964E-05
0.0259574 0.62222 0.230156 0.0160574 9.9982E-05 0.10541 9.9982E-05
0.0991461 0.0443069 0.490779 9.9982E-05 0.181403 0.184166 9.9982E-05
0.0485969 9.9982E-05 0.337815 0.0319318 9.9982E-05 0.187873 0.393583
0.179734 9.9982E-05 0.261816 0.0508681 0.229154 0.278228 9.9982E-05
0.623128 9.9955E-05 0.376373 9.9955E-05 9.9955E-05 9.9955E-05 9.9955E-05
0.0671498 0.583754 0.279541 0.0575117 9.9982E-05 0.0118437 9.9982E-05
9.9973E-05 0.478441 0.257053 9.9973E-05 9.9973E-05 0.197288 0.0669184
9.9973E-05 0.351494 0.375844 9.9973E-05 0.113115 0.159247 9.9973E-05
0.456401 0.0809507 9.9982E-05 0.0610252 0.399884 0.00153876 9.9982E-05
0.193614 0.0423716 9.9982E-05 9.9982E-05 0.489852 0.0650082 0.208955
9.9982E-05 0.0444824 0.155188 0.0264915 0.63292 9.9982E-05 0.140718
0.0654792 0.145425 9.9982E-05 9.9982E-05 0.692185 0.00812573 0.0885857
0.321835 9.9973E-05 9.9973E-05 9.9973E-05 0.370142 0.0392466 0.268477
0.107778 9.9991E-05 0.0258893 0.0239257 0.683485 0.042554 0.116268
0.0911934 0.0581677 9.9973E-05 9.9973E-05 0.818661 9.9973E-05 0.0316782
9.9982E-05 0.0802393 9.9982E-05 0.00885824 0.647811 0.00623207 0.256659
0.352616 0.0806781 0.00648783 9.9982E-05 0.393282 9.9982E-05 0.166737
0.0830697 0.0102171 9.9964E-05 9.9964E-05 9.9964E-05 9.9964E-05 0.906313
0.0336697 9.9973E-05 9.9973E-05 0.0161655 9.9973E-05 0.01265 0.937215
9.9964E-05 9.9964E-05 9.9964E-05 0.0153775 9.9964E-05 0.00428774 0.979935
0.177051 0.0969094 0.0992052 9.9991E-05 0.313285 0.0147969 0.298653
9.9982E-05 0.0331364 9.9982E-05 0.0170217 0.0360123 0.0281228 0.885507
0.171024 9.9973E-05 0.241214 9.9973E-05 9.9973E-05 0.0496299 0.537832
9.9973E-05 9.9973E-05 0.0449166 9.9973E-05 0.506664 0.071529 0.376591
0.792487 9.9973E-05 0.138524 9.9973E-05 0.0545866 0.0141023 9.9973E-05
0.8718 9.9955E-05 9.9955E-05 9.9955E-05 0.1277 9.9955E-05 9.9955E-05
0.795075 9.9964E-05 9.9964E-05 0.0241662 9.9964E-05 9.9964E-05 0.180358
0.719445 0.0820669 0.0518712 9.9991E-05 0.102804 0.00887084 0.0348426
0.749325 0.0205063 0.088858 9.9982E-05 0.0818679 0.0592434 9.9982E-05
9.9982E-05 0.106225 0.186401 0.0157989 0.462216 9.9982E-05 0.229159
0.131632 0.016791 0.0562608 0.0135331 0.781583 9.9982E-05 9.9982E-05
9.9955E-05 0.383043 9.9955E-05 9.9955E-05 9.9955E-05 0.616457 9.9955E-05
0.0370101 0.778438 0.107087 0.0182965 9.9982E-05 9.9982E-05 0.0589686
0.000158618 0.79775 9.9982E-05 0.0169363 0.101124 0.0838305 9.9982E-05
9.9982E-05 0.523576 0.324044 0.0197089 0.0529209 0.0795509 9.9982E-05
9.9982E-05 0.675845 9.9982E-05 0.0362132 0.0133651 0.225167 0.0492101
0.11388 0.619768 0.0231013 0.00822402 9.9991E-05 0.189279 0.045648
9.9964E-05 0.8916 9.9964E-05 0.0165725 0.0914277 9.9964E-05 9.9964E-05
0.0800416 0.700801 9.9964E-05 9.9964E-05 9.9964E-05 0.218757 9.9964E-05
0.0653784 0.788497 0.0731656 9.9982E-05 0.0320928 0.0406657 9.9982E-05
0.117616 0.667617 0.0436042 9.9982E-05 0.00656045 0.164402 9.9982E-05
9.9982E-05 0.830029 0.0761959 0.0392437 9.9982E-05 0.0259015 0.0284301
0.0422766 0.699928 0.103004 0.0392047 9.9991E-05 0.0753342 0.0401519
0.0724444 0.747448 9.9982E-05 0.0255666 0.086525 0.0678157 9.9982E-05
0.0676872 0.790506 9.9991E-05 0.0155751 0.016743 0.0931372 0.0162514
9.9982E-05 0.635253 0.17451 0.0261742 0.0224637 0.141399 9.9982E-05
9.9973E-05 0.831545 9.9973E-05 0.0264067 0.0939485 0.0477996 9.9973E-05
0.04499 0.805172 9.9973E-05 9.9973E-05 0.0725569 0.0769811 9.9973E-05
0.0185047 0.101758 0.829269 9.9982E-05 9.9982E-05 0.00586312 0.0444056
9.9964E-05 9.9964E-05 0.86648 9.9964E-05 0.0427952 9.9964E-05 0.0903247
9.9964E-05 0.825584 0.14576 9.9964E-05 9.9964E-05 0.0282557 9.9964E-05
9.9982E-05 0.553202 9.9982E-05 0.0156627 0.207713 0.165344 0.0578782
9.995E-05 9.995E-05 9.995E-05 9.995E-05 9.995E-05 0.9994 9.995E-05
9.9973E-05 9.9973E-05 0.553739 9.9973E-05 0.130362 0.24236 0.0732388
9.9973E-05 0.0444975 9.9973E-05 0.00542499 0.828682 9.9973E-05 0.121096
0.193738 0.0136505 9.9982E-05 0.0253716 0.598181 9.9982E-05 0.168859
0.41206 9.9982E-05 0.0999121 9.9982E-05 0.267264 0.092363 0.128202
0.552257 0.00115464 0.0803785 9.9982E-05 0.0734985 9.9982E-05 0.292512
0.711215 0.00549202 0.280442 9.9973E-05 9.9973E-05 9.9973E-05 0.00255036
0.762603 0.00627208 0.0153374 0.000532832 0.0204638 0.112706 0.0820851
0.67229 9.9982E-05 0.172647 0.0118399 0.115505 9.9982E-05 0.0275183
0.706093 9.9982E-05 9.9982E-05 0.0225032 0.034552 0.0768249 0.159827
0.672377 0.0599095 0.112504 0.0399575 9.9991E-05 0.029743 0.0854098
0.7476 0.131194 9.9982E-05 0.0414467 0.0568385 9.9982E-05 0.0227213
0.101068 0.0265177 0.0805402 0.00453385 0.760557 9.9991E-05 0.0266834
0.0151252 0.0700839 0.0740908 0.0561756 0.761649 0.0227755 9.9991E-05
9.9982E-05 9.9982E-05 0.143294 0.0375711 0.68791 0.0546178 0.0764073
9.99641E-05 0.0308974 0.21908 9.99641E-05 0.749623 9.99641E-05 9.99641E-05
9.9973E-05 9.9973E-05 0.10316 0.0193305 0.795365 0.0818449 9.9973E-05
9.9964E-05 9.9964E-05 0.452061 9.9964E-05 0.491186 9.9964E-05 0.056353
0.117802 9.9982E-05 9.9982E-05 0.0083414 0.198042 0.0815616 0.594052
0.0698048 9.9973E-05 9.9973E-05 0.00242381 9.9973E-05 0.136259 0.791212
9.9982E-05 0.0238985 0.0442161 0.0514045 0.0136328 9.9982E-05 0.866648
0.08734 0.0610738 0.0867214 9.9982E-05 0.136023 9.9982E-05 0.628642
0.0459685 0.0811533 0.0068689 0.0236607 0.164149 9.9991E-05 0.6781
0.600812 0.114342 9.9973E-05 0.138585 9.9973E-05 9.9973E-05 0.14596
0.012416 0.313191 0.192223 0.00402511 9.9982E-05 0.477945 9.9982E-05
0.0653908 0.623034 9.9982E-05 0.0494711 0.0559877 0.205916 9.9982E-05
0.0191011 0.853698 0.126801 9.9964E-05 9.9964E-05 9.9964E-05 9.9964E-05
0.00047158 0.671278 0.139373 0.00581668 0.0665752 0.0166542 0.0998318
0.0279868 0.728292 0.0487407 0.00906964 0.0955979 0.0902126 9.9991E-05
0.157334 0.0657035 0.0070734 0.0175152 0.13356 0.105471 0.513343
0.245559 0.0302839 0.0835149 0.0297412 0.21869 9.9991E-05 0.392111
9.9973E-05 9.9973E-05 9.9973E-05 0.0364059 0.159062 0.0326165 0.771616
0.21687 9.9982E-05 0.232377 0.0359587 0.195527 9.9982E-05 0.319068
