9.9982E-05 0.206466 9.9982E-05 0.793334
9.999E-05 0.1137 0.0325412 0.853658
9.999E-05 0.297834 0.0320679 0.669998
0.0212706 0.0668405 0.0218509 0.890038
0.0307916 0.0887868 9.9991E-05 0.880322
0.0409525 0.0697042 0.00122701 0.888116
0.0342284 0.0914855 0.00042147 0.873865
9.999E-05 0.0338054 0.0578475 0.908247
0.042172 0.288423 0.0162358 0.65317
0.0323868 0.248142 0.0224027 0.697068
0.179109 0.109696 0.0482811 0.662914
0.0993426 0.325654 0.0381282 0.536875
0.302752 0.107129 0.063642 0.526477
0.101527 0.288172 0.000452747 0.609847
0.025244 0.246782 0.0598624 0.668111
9.9991E-05 0.176085 0.00271157 0.821103
9.9991E-05 0.290385 0.000379804 0.709135
9.9991E-05 0.125138 0.0166243 0.858138
0.198026 0.630941 0.0786547 0.0923784
0.0151313 0.812461 9.9991E-05 0.172308
9.9991E-05 0.789175 0.00523059 0.205494
0.0422634 0.913569 0.0083861 0.0357814
9.9982E-05 0.945402 0.0543976 9.9982E-05
0.00911693 0.809396 0.0558764 0.125611
9.9982E-05 0.784479 9.9982E-05 0.215321
9.9982E-05 0.983701 0.0160986 9.9982E-05
0.0255638 0.932237 0.0420992 9.9991E-05
0.0666475 0.902786 0.0304664 9.9991E-05
9.998E-05 0.9997 9.998E-05 9.998E-05
0.0936365 0.902871 9.9991E-05 0.00339222
0.0392602 0.959565 0.0010748 9.9991E-05
0.0455113 0.881423 0.0264773 0.0465879
0.0167722 0.873842 0.0717729 0.0376132
9.9991E-05 0.242848 0.0997111 0.657341
0.0389536 0.327217 0.000992307 0.632838
0.102525 0.174394 9.9991E-05 0.722981
0.0183785 0.166715 0.0269926 0.787913
0.116321 0.222151 0.00752228 0.654006
9.998E-05 9.998E-05 0.9997 9.998E-05
0.0618397 0.888954 0.0198 0.0294066
0.111319 0.236755 0.00794015 0.643986
9.9991E-05 0.277202 0.0207058 0.701992
0.195517 0.323437 9.9991E-05 0.480946
0.329272 0.133922 0.0671748 0.469631
0.260226 0.119164 0.0150616 0.605548
9.998E-05 9.998E-05 0.9997 9.998E-05
0.036214 0.263429 0.0825758 0.617781
0.213856 0.255694 9.9991E-05 0.530351
0.108417 0.412759 0.050901 0.427923
0.8374 0.0109255 0.0541553 0.0975189
0.916359 0.0427654 0.0375311 0.00334454
0.844505 9.9991E-05 0.00893235 0.146462
0.781312 9.9991E-05 0.084979 0.133609
0.874022 0.0771498 0.0487278 9.9991E-05
0.892779 0.107021 9.9982E-05 9.9982E-05
0.753104 9.9982E-05 9.9982E-05 0.246696
0.87542 0.0759597 0.00445891 0.0441615
0.89075 0.0831982 0.0259518 9.9991E-05
0.854274 9.9991E-05 0.0357499 0.109876
0.723344 9.9991E-05 0.0264349 0.250121
0.938714 0.0610855 9.9982E-05 9.9982E-05
0.789381 0.0974582 9.9991E-05 0.113061
0.542908 0.0473756 0.0830447 0.326671
0.0550067 0.844021 0.0172252 0.0837475
0.00435389 0.821792 0.0185504 0.155304
9.9991E-05 0.922912 0.00733001 0.0696577
0.794961 9.9991E-05 0.0236435 0.181295
0.681822 9.9991E-05 0.0843531 0.233725
0.804698 0.115659 0.0114216 0.0682207
0.853739 0.0289514 0.0559589 0.0613507
0.894106 0.0167442 0.0341935 0.0549558
0.334681 9.9991E-05 0.0414399 0.62378
0.318289 0.00519484 0.0190499 0.657467
0.361629 0.0548932 0.0187541 0.564724
0.346508 0.0432516 0.0557378 0.554503
0.280346 0.263366 0.0393931 0.416895
0.33838 0.0384501 0.0425891 0.580581
0.262755 0.104809 0.0590922 0.573343
0.740119 9.9982E-05 9.9982E-05 0.259681
0.574095 0.0700959 0.128411 0.227398
0.861795 0.068816 0.0507721 0.0186168
0.863201 0.0766006 0.0600981 9.9991E-05
0.777142 9.9991E-05 0.0486319 0.174126
0.0500577 0.75934 0.0305648 0.160037
0.485508 0.183008 9.9991E-05 0.331384
0.394801 9.9982E-05 9.9982E-05 0.604999
9.998E-05 9.998E-05 0.9997 9.998E-05
9.9991E-05 0.225474 0.00976628 0.76466
9.9991E-05 0.165928 0.0209649 0.813007
0.0234109 0.183175 0.0422623 0.751152
0.125436 0.315537 0.0149747 0.544052
0.028489 0.132893 9.9991E-05 0.838518
0.448183 0.0574288 9.9991E-05 0.494289
0.0655921 0.653483 0.0432711 0.237654
0.390922 0.00500687 0.104166 0.499905
0.129438 0.341123 0.0401598 0.48928
9.9991E-05 0.232045 0.00806093 0.759794
0.00735345 0.138831 9.9991E-05 0.853715
0.0503036 0.236738 9.9991E-05 0.712858
0.0761697 0.139815 0.0285758 0.755439
0.0540621 0.0290357 0.023962 0.89294
9.9991E-05 0.148848 0.00647592 0.844577
0.440409 0.0688998 0.0294396 0.461252
0.332519 0.150048 0.0928419 0.424591
0.398338 0.0186093 0.0937734 0.489279
0.127655 0.286449 0.00869761 0.577198
0.235859 0.220506 9.9991E-05 0.543535
0.0385169 0.557029 9.9991E-05 0.404354
0.813985 0.0634215 0.0245931 0.0980001
0.849991 0.0266668 0.0537043 0.0696376
0.397025 0.205575 9.9991E-05 0.3973
0.316491 0.169951 0.0262226 0.487335
0.317676 0.31297 0.0646586 0.304695
9.9991E-05 0.898525 0.00250017 0.0988751
0.77815 0.140975 0.0499321 0.0309428
0.778793 9.9982E-05 9.9982E-05 0.221007
0.636701 9.9991E-05 0.0100886 0.35311
0.0187029 0.568508 0.0502013 0.362588
0.0179487 0.308282 0.00935211 0.664417
0.0541528 0.0649731 0.0349821 0.845892
0.0696394 0.118308 9.9991E-05 0.811953
9.9982E-05 0.458685 9.9982E-05 0.541115
9.9991E-05 0.21347 0.0229335 0.763496
0.00359033 0.194372 9.9991E-05 0.801938
0.0838842 0.0695998 0.035323 0.811193
0.0138551 0.438097 9.9991E-05 0.547948
9.9991E-05 0.18014 0.00216927 0.817591
9.9991E-05 0.264189 0.061873 0.673838
9.9991E-05 0.119756 0.0433625 0.836781
0.144813 0.297682 0.00483156 0.552673
0.0355909 0.0610733 0.034057 0.869279
0.00418791 0.30115 0.0313408 0.663322
0.0451621 0.129167 9.9991E-05 0.82557
0.0277606 0.940285 0.0113077 0.0206465
9.9982E-05 0.965757 9.9982E-05 0.0340426
9.9982E-05 0.962233 0.0375669 9.9982E-05
0.0568906 0.859337 0.0281916 0.0555803
0.0399443 0.872637 9.9991E-05 0.0873183
0.10471 0.0383126 0.00465095 0.852327
9.9991E-05 0.190565 0.0442174 0.765118
0.9997 9.998E-05 9.998E-05 9.998E-05
0.887149 0.0108915 0.0388431 0.0631161
0.949681 9.9991E-05 0.00981088 0.0404083
0.737688 0.0718797 9.9991E-05 0.190332
0.947634 9.9991E-05 0.0186646 0.0336009
0.871182 0.128618 9.9982E-05 9.9982E-05
0.961409 9.9991E-05 0.0328611 0.00563038
0.920562 0.0743429 0.00499467 9.9991E-05
0.931066 0.0535375 0.00173844 0.0136583
0.938219 0.0531997 0.00848181 9.9991E-05
0.886436 0.0031864 0.0514807 0.0588965
0.85006 0.0475044 0.0425282 0.0599069
0.814776 0.0728691 0.0388289 0.0735259
0.909232 0.0741718 0.0164966 9.9991E-05
0.935211 0.0172101 0.0194415 0.0281372
0.933818 9.9991E-05 0.0214995 0.0445829
0.943478 0.0463809 0.0100412 9.9991E-05
0.400496 0.127597 9.9991E-05 0.471807
0.214415 0.139999 0.0161655 0.62942
0.929137 9.9982E-05 9.9982E-05 0.0706629
0.752134 0.0220842 0.0144117 0.21137
0.947331 0.024186 0.028383 9.9991E-05
0.329213 9.9982E-05 9.9982E-05 0.670587
9.9991E-05 0.0674957 0.0202103 0.912194
9.9991E-05 0.306447 0.0442414 0.649211
0.0474139 0.546864 9.9991E-05 0.405622
9.9982E-05 0.696146 9.9982E-05 0.303654
0.0317938 0.845253 0.0130009 0.109952
0.0361384 0.929276 0.00143726 0.0331484
9.9991E-05 0.842737 0.0106991 0.146464
0.0427748 0.78948 0.00215999 0.165585
0.0893975 0.833041 0.0441268 0.0334343
0.0622404 0.882657 0.0395241 0.015578
0.0131974 0.208831 0.00366233 0.774309
0.0619392 0.134769 0.0367274 0.766564
0.0455366 9.9991E-05 0.0703476 0.884016
0.0211078 9.9982E-05 9.9982E-05 0.978692
0.045907 9.9991E-05 0.0180864 0.935907
0.105457 0.038645 9.9991E-05 0.855798
0.0121344 0.253763 0.0101941 0.723909
0.0607181 0.225943 0.0168977 0.696441
0.030073 0.122642 0.0674303 0.779855
0.0788968 0.224548 0.00833732 0.688218
0.00908001 0.176482 0.0485812 0.765857
0.0867081 0.731055 0.152322 0.0299145
0.856671 0.058382 0.0484874 0.0364595
0.879654 0.0785639 0.0416824 9.9991E-05
0.940571 0.00497635 0.00212685 0.0523262
0.804644 9.9991E-05 0.0171478 0.178108
0.848704 0.0576912 0.0308466 0.0627582
0.161746 0.342719 0.0314216 0.464114
0.00100773 0.348655 0.0313881 0.618949
9.9991E-05 0.241146 0.0645044 0.694249
9.9991E-05 0.300538 0.05636 0.643002
