0.0184651 0.101509 0.0166672 0.140203 0.723155
0.00183847 0.0921682 0.0481929 0.0892606 0.76854
9.999E-05 0.173541 0.0345706 0.197484 0.594304
0.00639182 0.016917 0.0116737 0.186888 0.77813
0.0877657 9.9982E-05 0.00639473 9.9982E-05 0.90564
0.0601755 9.9982E-05 9.9982E-05 0.14462 0.795004
0.0114242 0.0242287 9.9991E-05 0.243819 0.720428
9.999E-05 0.0154645 0.056433 0.151783 0.776219
0.112384 0.172272 0.0165837 9.9991E-05 0.69866
9.999E-05 0.231444 0.026881 0.214279 0.527296
0.0967133 0.0677207 0.0410549 0.412828 0.381683
0.0554584 0.171678 0.0227364 0.24499 0.505137
0.00207808 0.0569442 0.0503608 0.831994 0.0586226
0.0398306 0.216419 9.9991E-05 0.246813 0.496837
0.107765 0.140725 0.0552187 9.9991E-05 0.696192
9.999E-05 0.0816188 0.0190979 0.207069 0.692114
0.0112287 0.25891 0.0107023 0.0986551 0.620504
9.9982E-05 0.0626769 0.0379207 9.9982E-05 0.899202
0.135182 0.536578 0.0649878 0.131786 0.131466
9.9982E-05 0.693416 9.9982E-05 0.192759 0.113626
0.0268328 0.724576 0.00304755 0.0010313 0.244513
0.0180083 0.828681 0.00774436 0.0951183 0.0504484
9.9982E-05 0.876159 0.0609769 0.0626642 9.9982E-05
0.0411829 0.832987 0.0270307 9.9991E-05 0.0986989
0.0373343 0.698201 9.9991E-05 0.0282518 0.236113
9.9982E-05 0.884171 0.0152431 9.9982E-05 0.100386
0.076992 0.887952 0.0348557 9.9982E-05 9.9982E-05
0.0632132 0.885098 0.0268011 0.0247882 9.9991E-05
0.0136454 0.961555 9.9982E-05 9.9982E-05 0.0245994
0.0756297 0.867226 9.9991E-05 0.0265121 0.0305326
0.0499812 0.920317 9.9982E-05 9.9982E-05 0.0295021
0.0606395 0.814335 0.0277777 9.9991E-05 0.0971476
9.9991E-05 0.831042 0.0634087 0.0920016 0.0134482
9.9991E-05 0.200058 0.0820102 0.244425 0.473408
0.0396971 0.251814 9.9991E-05 0.00818556 0.700204
0.0825933 0.0964664 9.9991E-05 0.155333 0.665507
9.9991E-05 0.0431741 0.0568342 0.210602 0.689289
0.0546803 0.157434 0.0180219 0.270079 0.499785
9.997E-05 9.997E-05 0.9996 9.997E-05 9.997E-05
0.0469361 0.775867 0.0363931 0.140704 9.9991E-05
0.135693 0.124396 9.9982E-05 9.9982E-05 0.739711
9.9982E-05 0.0799742 9.9982E-05 0.22902 0.690806
0.0828193 0.247932 9.9991E-05 0.332253 0.336896
0.112606 0.138463 0.0639532 0.610324 0.0746528
9.9973E-05 0.0258415 9.9973E-05 0.973859 9.9973E-05
9.997E-05 9.997E-05 0.9996 9.997E-05 9.997E-05
0.0603727 0.187892 0.0674051 0.213658 0.470672
0.100767 0.126625 9.9991E-05 0.468477 0.304031
0.106965 0.265049 0.0386309 0.152996 0.436359
0.735951 9.9991E-05 0.0185684 0.228168 0.0172128
0.800026 0.00891253 0.0277553 0.162577 0.000728931
0.80026 9.9973E-05 9.9973E-05 9.9973E-05 0.19944
0.688366 0.0116903 0.0576446 0.217591 0.0247084
0.872192 0.0364812 0.0441498 9.9991E-05 0.0470772
0.881026 0.0683406 9.9982E-05 9.9982E-05 0.0504335
0.734687 0.0151573 9.9991E-05 0.00540497 0.24465
0.84988 0.0567415 9.9991E-05 0.0146293 0.0786497
0.863374 0.0967964 0.0396298 9.9982E-05 9.9982E-05
0.785869 9.9991E-05 0.044039 0.0877226 0.0822692
0.601285 9.9991E-05 0.0343035 0.27608 0.0882313
0.801936 0.0385258 9.9982E-05 0.159338 9.9982E-05
0.681559 0.0470616 0.00708761 0.209063 0.0552292
0.310237 9.9991E-05 0.0623822 0.591658 0.0356221
0.0341487 0.820513 0.0217319 0.0144219 0.109184
0.00548917 0.745947 0.0324819 0.0970671 0.119015
9.9973E-05 0.921883 9.9973E-05 9.9973E-05 0.0778169
0.698476 0.0225314 0.0246538 0.167776 0.0865622
0.482233 9.9982E-05 0.0934211 0.424146 9.9982E-05
0.729963 0.0566483 0.0360941 0.147334 0.0299606
0.6752 0.0448316 0.0229146 0.256954 9.9991E-05
0.825302 0.034713 0.0610524 9.9991E-05 0.0788325
0.167406 9.9991E-05 0.00445823 0.64073 0.187305
0.062706 0.0341568 9.9991E-05 0.778661 0.124377
0.052756 0.00636568 0.0152745 0.925504 9.9991E-05
9.9973E-05 9.9973E-05 0.0366157 0.963084 9.9973E-05
9.9982E-05 0.122871 0.0321364 0.844792 9.9982E-05
9.9973E-05 9.9973E-05 0.0350419 0.964658 9.9973E-05
0.00218555 0.159782 0.0251872 0.767736 0.0451089
0.660354 9.9982E-05 9.9982E-05 0.307417 0.0320289
0.453212 0.00583328 0.125124 0.334195 0.0816361
0.744085 0.06973 0.008976 0.177109 9.9991E-05
0.764946 0.112585 0.0573565 0.0650129 9.9991E-05
0.756874 9.9982E-05 0.0205787 9.9982E-05 0.222347
0.0280624 0.745981 0.0467202 0.167017 0.0122192
0.289182 0.142233 9.9991E-05 0.503196 0.0652896
0.115417 9.9982E-05 9.9982E-05 0.845169 0.0392138
9.997E-05 9.997E-05 0.9996 9.997E-05 9.997E-05
9.9982E-05 0.155713 9.9982E-05 0.191731 0.652356
9.9991E-05 0.1374 0.0402074 0.0845033 0.737789
9.99993E-05 0.157571 0.043585 0.251864 0.546879
0.145835 0.278906 0.0351542 0.146346 0.39376
0.0621773 0.0969723 9.9991E-05 0.102154 0.738596
0.151227 0.0160715 9.9982E-05 0.832501 9.9982E-05
0.00217302 0.547172 0.0405172 0.2644 0.145738
0.183046 9.9991E-05 0.077864 0.664489 0.0745009
0.0557441 0.285565 0.034646 0.31459 0.309455
0.0232448 0.190843 0.00378844 9.9991E-05 0.782023
9.9982E-05 0.0461892 9.9982E-05 0.275487 0.678124
9.9982E-05 0.194225 9.9982E-05 0.266778 0.538797
0.0382888 0.0211332 0.0136272 0.293733 0.633217
9.9982E-05 9.9982E-05 0.00505503 0.454041 0.540704
9.9991E-05 0.0801069 0.00701779 0.1985 0.714275
0.239315 0.0581953 0.0447568 0.571947 0.0857863
0.146008 0.0359949 0.0812325 0.732628 0.00413672
0.179445 9.9991E-05 0.0804383 0.684792 0.0552245
9.9991E-05 0.231355 0.000562513 0.648417 0.119565
0.069435 0.132839 9.9991E-05 0.562537 0.235088
0.0820738 0.444199 0.00184582 9.9991E-05 0.471782
0.784861 9.9982E-05 0.0136076 9.9982E-05 0.201331
0.704679 0.029439 0.0409377 0.224844 9.9991E-05
0.153305 0.177775 9.9982E-05 0.66872 9.9982E-05
0.148654 0.127869 0.0154318 0.54959 0.158455
0.11315 0.248203 0.0489079 0.546622 0.0431172
9.9973E-05 0.719049 9.9973E-05 0.280651 9.9973E-05
0.626179 0.0584981 0.0363143 0.278908 9.9991E-05
0.676677 0.063623 9.9982E-05 0.2595 9.9982E-05
0.455466 9.9982E-05 9.9982E-05 0.453301 0.0910339
0.0466447 0.403845 0.0626584 0.162512 0.32434
0.0798387 0.214173 9.9982E-05 9.9982E-05 0.705788
0.0600977 0.0580405 0.0218351 0.16139 0.698637
0.127421 0.0411275 9.9991E-05 0.00282919 0.828522
9.9973E-05 0.3926 9.9973E-05 9.9973E-05 0.6071
9.9982E-05 0.189385 9.9982E-05 0.122248 0.688168
0.0571378 0.165812 9.9991E-05 0.0127579 0.764192
0.0978046 9.9982E-05 0.0173781 9.9982E-05 0.884617
0.0283608 0.362367 9.9991E-05 0.125207 0.483966
0.0409861 0.128542 0.00611304 0.0431785 0.78118
9.9991E-05 0.129944 0.0513329 0.0934771 0.725146
9.9991E-05 0.0827608 0.0219185 0.174995 0.720226
0.119381 0.251212 9.9991E-05 0.121279 0.508028
0.0794088 0.0437726 0.0560749 0.0567524 0.763991
0.0284294 0.303392 0.0173041 0.22131 0.429564
0.00833517 0.0796795 9.9991E-05 0.134177 0.777709
9.9973E-05 0.865841 9.9973E-05 0.133859 9.9973E-05
9.9982E-05 0.88974 9.9982E-05 0.0111194 0.0989406
9.9982E-05 0.904361 0.045308 9.9982E-05 0.0501306
0.06208 0.8242 0.0154593 9.9991E-05 0.0981604
0.0267382 0.815374 0.0151382 0.104862 0.037888
0.062541 9.9982E-05 9.9982E-05 0.322242 0.615017
9.9991E-05 0.110072 0.0214416 0.226691 0.641696
0.927415 9.9973E-05 9.9973E-05 0.0722852 9.9973E-05
0.77109 0.0767821 0.0462132 0.0440138 0.0619011
0.902352 0.0259849 0.00700571 9.9991E-05 0.0645571
0.634373 0.00675324 0.012051 0.322895 0.0239278
0.868616 9.9991E-05 0.0338573 0.00771536 0.0897118
0.801269 0.197644 9.9982E-05 0.000886723 9.9982E-05
0.865973 0.00167219 0.0121681 0.120087 9.9991E-05
0.865447 0.0557578 9.9991E-05 0.0691166 0.00957902
0.862793 0.131477 9.9982E-05 9.9982E-05 0.00553055
0.837908 0.10071 0.00542107 0.0558613 9.9991E-05
0.761085 9.9991E-05 0.0577716 0.160489 0.0205545
0.78294 0.0547376 0.0427873 0.106846 0.0126888
0.820012 0.0418698 0.0246308 9.9991E-05 0.113387
0.843344 0.118898 0.0105826 9.9991E-05 0.0270758
0.825915 0.0135818 9.9991E-05 0.125107 0.0352965
0.890808 9.9982E-05 0.0313918 9.9982E-05 0.0776002
0.864828 0.0896551 0.0238952 0.00798102 0.0136403
0.113828 0.00383982 9.9991E-05 0.826081 0.056151
9.9982E-05 0.0299266 9.9982E-05 0.87846 0.0914133
0.814038 9.9982E-05 9.9982E-05 0.142716 0.0430459
0.660343 9.9991E-05 0.0228081 0.076872 0.239877
0.811984 9.9982E-05 0.00836521 0.179451 9.9982E-05
0.14446 9.9982E-05 9.9982E-05 0.618459 0.236881
9.9982E-05 9.9982E-05 0.00514037 0.151617 0.843043
9.9982E-05 0.181029 0.0212193 9.9982E-05 0.797552
9.9982E-05 0.428255 9.9982E-05 0.287367 0.284179
9.9982E-05 0.656719 9.9982E-05 0.0732211 0.26986
9.9982E-05 0.808034 0.00965869 0.182107 9.9982E-05
0.0605713 0.863848 0.0108375 0.0601052 0.00463852
9.9991E-05 0.782956 0.00975822 0.0901247 0.117061
9.9991E-05 0.733779 0.0290068 0.140534 0.09658
0.100466 0.728035 0.0296896 0.114696 0.0271132
0.075345 0.790521 0.0666492 9.9991E-05 0.0673847
0.0153556 0.12088 9.99995E-05 0.177187 0.686477
0.059696 0.0200837 0.0824917 0.142048 0.69568
0.0119641 9.9991E-05 0.0425191 0.247409 0.698008
9.99731E-05 9.99731E-05 9.99731E-05 0.310988 0.688712
9.9982E-05 9.9982E-05 0.0250705 0.236208 0.738522
9.9973E-05 9.9973E-05 9.9973E-05 0.418008 0.581692
9.9991E-05 0.179412 0.0177051 0.204049 0.598733
0.0420844 0.14207 0.0115281 0.296037 0.50828
9.9991E-05 0.0499778 0.0418544 0.194509 0.713558
0.0405387 0.15087 0.0124775 0.157124 0.63899
0.0247899 0.116109 0.0454582 0.138977 0.674666
0.0404292 0.633272 0.142641 0.123899 0.0597579
0.741333 9.9991E-05 0.0310596 0.174369 0.0531387
0.781004 0.111482 0.0467871 0.0606274 9.9991E-05
0.820914 0.0369006 9.9982E-05 0.141986 9.9982E-05
0.70846 9.9991E-05 0.0125806 0.132181 0.146678
0.799726 0.0943936 0.0178404 9.9991E-05 0.0879397
0.14798 0.316026 0.0218333 0.148151 0.366009
0.0539593 0.242004 0.0352903 0.04552 0.623226
0.0260702 0.149906 0.0588698 9.9991E-05 0.765054
9.9991E-05 0.205872 0.0489453 0.245733 0.49935
