0.0142677 9.9991E-05 0.712718 0.272915
0.0328369 9.9991E-05 0.763669 0.203394
0.0205562 0.00636534 0.635149 0.33793
0.0149643 0.0133621 0.859638 0.112035
0.0248183 0.0133823 0.850745 0.111054
9.9991E-05 0.0878443 0.792833 0.119222
9.999E-05 0.0509179 0.789392 0.15959
0.0446552 9.9991E-05 0.79616 0.159084
0.023436 0.102959 0.623076 0.250529
0.0347732 0.030225 0.553451 0.381551
0.0494343 0.211104 0.593651 0.145811
0.0340089 0.0624318 0.584651 0.318909
0.0478644 0.317833 0.511339 0.122964
9.999E-05 0.129016 0.538066 0.332818
0.0425353 0.101805 0.527986 0.327674
0.0206886 9.9991E-05 0.737983 0.241229
9.9991E-05 0.00123481 0.641711 0.356955
0.0326388 9.9991E-05 0.782323 0.184938
0.0755018 0.182071 0.152044 0.590382
9.9982E-05 9.9982E-05 0.207426 0.792374
0.0190288 0.0153997 0.206692 0.75888
0.0149644 0.0508492 0.00728488 0.926901
0.0611274 9.9982E-05 9.9982E-05 0.938673
0.0405522 0.010982 0.0686051 0.879861
9.9991E-05 0.0240973 0.24048 0.735323
0.0214725 9.9991E-05 0.0218368 0.956591
0.0287178 0.067671 9.9991E-05 0.903511
0.0113709 0.050631 9.9991E-05 0.937898
9.998E-05 9.998E-05 9.998E-05 0.9997
9.9991E-05 0.0833059 0.00580297 0.910791
9.9982E-05 0.0560108 9.9982E-05 0.943789
0.00874298 0.0314764 0.000778625 0.959002
0.0559662 0.0130394 0.0585363 0.872458
0.0801552 0.00872165 0.643236 0.267887
0.010773 9.9991E-05 0.616518 0.372609
9.9991E-05 0.0932108 0.648252 0.258437
0.0333813 9.9991E-05 0.747557 0.218961
9.9991E-05 0.14825 0.601035 0.250615
0.9997 9.998E-05 9.998E-05 9.998E-05
0.0308576 0.0697724 0.0524378 0.846932
0.00183805 0.074848 0.588733 0.334581
0.00602637 9.9991E-05 0.741254 0.25262
9.9991E-05 0.209858 0.395683 0.394359
0.0347965 0.31056 0.407475 0.247168
0.0284035 0.288172 0.58832 0.0951039
0.9997 9.998E-05 9.998E-05 9.998E-05
0.0586623 0.066768 0.487314 0.387255
9.9991E-05 0.210344 0.504299 0.285258
0.0269137 0.103269 0.407673 0.462145
0.0441124 0.822555 0.043096 0.0902365
0.0474188 0.876662 0.0646106 0.0113085
0.00436109 0.825302 0.139648 0.0306881
0.0310842 0.822723 0.146093 9.9991E-05
0.0407575 0.899772 9.9991E-05 0.0593702
9.9982E-05 0.893785 9.9982E-05 0.106015
9.9991E-05 0.772961 0.215297 0.0116416
0.0179716 0.901984 0.0546523 0.0253919
0.0215665 0.888433 9.9991E-05 0.0899009
0.0429454 0.85644 0.100514 9.9991E-05
0.0158175 0.769106 0.214977 9.9991E-05
9.9982E-05 0.892728 9.9982E-05 0.107072
9.9991E-05 0.796731 0.0949561 0.108213
0.0664267 0.515572 0.313569 0.104432
0.0222835 0.0379382 0.07489 0.864888
0.0273144 0.0138675 0.0837151 0.875103
0.0344651 9.9991E-05 0.0377572 0.927678
0.00180055 0.80044 0.176726 0.0210332
0.085406 0.673763 0.240731 9.9991E-05
0.0355936 0.784785 0.118021 0.0615998
0.0550481 0.838091 0.0491379 0.0577229
0.0470795 0.848967 0.0491146 0.0548391
0.0136594 0.33338 0.652861 9.9991E-05
0.0023305 0.316082 0.585929 0.0956586
0.00826379 0.323252 0.646268 0.0222167
0.0264034 0.284131 0.546148 0.143318
0.0522211 0.28822 0.417209 0.24235
0.0421658 0.32869 0.541112 0.0880323
0.0326396 0.281572 0.500503 0.185286
9.9982E-05 0.747807 0.251993 9.9982E-05
0.112612 0.581548 0.200501 0.105339
0.0127924 0.824542 0.071278 0.0913876
0.067881 0.798517 9.9991E-05 0.133503
0.0292771 0.757315 0.213308 9.9991E-05
0.0246214 0.0207789 0.127503 0.827097
9.9991E-05 0.464948 0.323997 0.210956
9.9991E-05 0.403942 0.566204 0.0297546
0.9997 9.998E-05 9.998E-05 9.998E-05
0.0047616 9.9991E-05 0.703692 0.291446
0.024613 9.9991E-05 0.65172 0.323567
0.0544263 0.0445885 0.616383 0.284602
0.0443048 0.115519 0.481012 0.359164
9.9991E-05 0.0698637 0.703482 0.226554
0.00950529 0.429578 0.44024 0.120677
0.0435869 0.0494297 0.196922 0.710062
0.0896037 0.399682 0.510614 9.9991E-05
0.0514675 0.129884 0.439358 0.379291
0.022648 9.9991E-05 0.655866 0.321386
0.00687153 0.00944277 0.809975 0.173711
9.9991E-05 0.0315113 0.719566 0.248823
0.0197837 0.0771633 0.776149 0.126904
0.0109232 0.0470163 0.822372 0.119689
0.0240131 9.9991E-05 0.828577 0.14731
0.0255544 0.43368 0.439588 0.101178
0.104983 0.313503 0.365802 0.215712
0.0839197 0.381327 0.465092 0.0696613
0.0249475 0.132662 0.555701 0.28669
9.9991E-05 0.236418 0.479691 0.283791
9.9991E-05 0.0439102 0.468841 0.487149
0.0222455 0.798741 0.15896 0.0200539
0.0290557 0.817192 0.0950081 0.0587442
9.9991E-05 0.389815 0.366693 0.243392
0.0154165 0.362225 0.418745 0.203613
0.0609416 0.308241 0.285228 0.34559
9.9991E-05 0.0166877 0.0780918 0.905121
0.0447455 0.782972 0.0782127 0.0940702
9.9991E-05 0.83993 0.106253 0.0537171
9.9991E-05 0.643136 0.350853 0.00591091
0.0593652 0.0724262 0.282628 0.58558
0.00596388 0.00389048 0.575386 0.414759
0.0171184 0.0648451 0.803321 0.114715
9.9991E-05 0.0994431 0.690626 0.209831
9.9982E-05 9.9982E-05 0.497094 0.502706
0.00756022 0.0214685 0.66817 0.302801
9.9991E-05 0.0198732 0.767604 0.212423
0.0257604 0.0247072 0.868736 0.0807968
9.9991E-05 0.0219779 0.512066 0.465857
0.000307134 0.0165575 0.716203 0.266933
0.0396499 9.9991E-05 0.671003 0.289247
0.0119541 9.9991E-05 0.822978 0.164968
9.9991E-05 0.142298 0.47869 0.378912
0.0521512 0.0424415 0.768034 0.137373
0.02028 0.0464927 0.578474 0.354753
9.9982E-05 9.9982E-05 0.797344 0.202456
9.9982E-05 0.0228481 9.9982E-05 0.976952
9.998E-05 9.998E-05 9.998E-05 0.9997
0.0455552 9.9982E-05 9.9982E-05 0.954245
0.0026388 0.0614667 0.0567597 0.879135
0.0294904 0.0543386 9.9991E-05 0.916071
9.9991E-05 0.121899 0.784283 0.0937181
0.0406962 9.9991E-05 0.668528 0.290676
0.00887318 0.990927 9.9982E-05 9.9982E-05
0.0331297 0.845894 0.0696329 0.0513429
0.00142301 0.949352 0.0223678 0.0268573
0.0147339 0.780156 0.13987 0.0652404
0.0341137 0.863133 0.102653 9.9991E-05
0.0132248 0.87003 9.9991E-05 0.116645
0.0305457 0.928827 0.0405274 9.9991E-05
9.9982E-05 0.894496 9.9982E-05 0.105304
9.9991E-05 0.885619 0.0225848 0.0916963
0.0323959 0.902743 0.0337988 0.031062
0.0412713 0.875572 0.0830566 9.9991E-05
0.0469074 0.800353 0.123401 0.0293388
0.0156741 0.847915 0.115348 0.0210625
0.000184628 0.91356 9.9991E-05 0.086155
0.0119378 0.904665 0.0832976 9.9991E-05
0.0289376 0.926099 0.0448636 9.9991E-05
0.0188614 0.916729 0.0093318 0.0550782
0.00322873 0.399709 0.527897 0.069165
0.00998896 0.229916 0.615972 0.144123
9.9982E-05 0.90484 0.0949601 9.9982E-05
0.0237583 0.704517 0.271625 9.9991E-05
0.0176899 0.927629 9.9991E-05 0.0545813
0.00206436 0.389809 0.539005 0.0691223
0.0207603 9.9991E-05 0.89955 0.0795898
0.0337095 9.9991E-05 0.641973 0.324217
9.9991E-05 0.0414805 0.363891 0.594529
9.9991E-05 0.0119513 0.255048 0.732901
0.0019829 9.99959E-05 0.0527101 0.945207
9.9982E-05 0.0420978 9.9982E-05 0.957702
0.0174749 9.9991E-05 0.134211 0.848214
0.0127751 0.00525672 0.083453 0.898515
0.0365483 0.127776 9.9991E-05 0.835575
0.039891 0.0635358 0.0344316 0.862142
0.0377653 0.00751047 0.738421 0.216303
0.0408344 0.0705702 0.692748 0.195848
0.0400544 0.0331855 0.876336 0.0504242
0.00567523 0.0349261 0.959299 9.9991E-05
0.0236037 9.9991E-05 0.899663 0.076633
9.9991E-05 0.0667343 0.879753 0.0534127
0.016135 9.9991E-05 0.618904 0.364861
0.00968616 0.0678213 0.610622 0.31187
0.0348749 0.00482723 0.74125 0.219048
0.00555386 0.052615 0.619313 0.322518
0.0300714 0.0515087 0.697892 0.220528
0.134832 0.0846625 0.0931004 0.687405
0.0142905 0.807834 0.0838415 0.0940338
0.061561 0.827952 9.9991E-05 0.110387
0.00365849 0.940027 0.0377431 0.0185717
0.00782016 0.774299 0.185851 0.0320302
0.0328392 0.839303 0.0356248 0.0922332
0.0244464 0.128437 0.463887 0.38323
0.0417613 0.00686247 0.550152 0.401224
0.0667197 9.9991E-05 0.690341 0.24284
0.0616703 9.9991E-05 0.626995 0.311235
