0.820789 0.00620036 0.17301
0.799299 9.9991E-05 0.200601
0.716469 0.0029831 0.280547
0.921467 0.0196608 0.0588717
0.912357 0.0276981 0.0599453
0.886461 0.0621268 0.0514126
0.82793 0.0594876 0.112582
0.968804 9.9991E-05 0.0310962
0.731939 0.0580731 0.209988
0.705296 0.0587964 0.235908
0.647754 0.248702 0.103544
0.663477 0.0927852 0.243738
0.586691 0.325031 0.0882772
0.690832 0.0883089 0.22086
0.67319 0.0490081 0.277802
0.838566 9.9991E-05 0.161334
0.728335 9.9991E-05 0.271566
0.835427 9.9991E-05 0.164473
0.180603 0.216947 0.60245
0.231501 0.03603 0.732469
0.209781 0.00990839 0.78031
0.0176747 0.0561104 0.926215
9.999E-05 9.999E-05 0.9998
0.124631 9.9991E-05 0.875269
0.275644 9.9991E-05 0.724256
0.0631932 9.9991E-05 0.936707
9.9991E-05 0.0830714 0.916829
9.9991E-05 0.0833448 0.916555
0.000563417 0.0211533 0.978283
0.00138441 0.066151 0.932465
9.9991E-05 0.0213579 0.978542
0.0640033 0.0438835 0.892113
0.0459824 0.0179816 0.936036
0.684109 0.0653047 0.250586
0.657196 0.00895927 0.333845
0.778477 0.0464428 0.17508
0.860087 0.0509655 0.088947
0.69299 0.118323 0.188686
9.9991E-05 0.420481 0.579419
0.0451446 0.0943684 0.860487
0.689692 0.0715277 0.238781
0.782355 9.9991E-05 0.217545
0.497335 0.190795 0.31187
0.460548 0.327503 0.21195
0.602882 0.301792 0.0953254
0.00328071 0.406778 0.589941
0.599029 0.0809172 0.320054
0.675574 0.204325 0.120101
0.406867 0.144469 0.448664
0.0916434 0.875458 0.0328986
0.0667328 0.908669 0.0245985
0.149704 0.850196 9.9991E-05
0.134299 0.848613 0.0170887
9.9991E-05 0.91549 0.0844097
0.0108707 0.916178 0.0729511
0.23612 0.761754 0.00212628
0.0270799 0.891549 0.0813707
9.9991E-05 0.889319 0.110581
0.0986723 0.870345 0.0309827
0.268396 0.731504 9.9991E-05
9.9991E-05 0.898689 0.101211
0.0443031 0.843043 0.112654
0.363354 0.557232 0.0794135
0.157435 0.0373406 0.805224
0.0684006 0.0443818 0.887218
0.0560751 9.9991E-05 0.943825
0.1226 0.787148 0.0902512
0.24886 0.714104 0.0370357
0.102277 0.831893 0.0658306
0.040685 0.883287 0.0760281
0.0316507 0.937125 0.0312243
0.632779 0.367121 9.9991E-05
0.644435 0.306581 0.048984
0.601423 0.359175 0.0394017
0.608355 0.326739 0.0649058
0.580445 0.276987 0.142568
0.533335 0.36227 0.104395
0.626524 0.243489 0.129987
0.250816 0.749084 9.9991E-05
0.32363 0.649001 0.0273688
0.0826956 0.86071 0.0565947
9.9991E-05 0.865815 0.134085
0.190609 0.809291 9.9991E-05
0.172976 0.0539041 0.77312
0.384608 0.479382 0.13601
0.602093 0.397807 9.9991E-05
9.9991E-05 0.413844 0.586056
0.728349 9.9991E-05 0.271551
0.788977 9.9991E-05 0.210923
0.724982 0.0603385 0.21468
0.509115 0.141588 0.349297
0.934239 0.00816816 0.0575929
0.46142 0.43095 0.10763
0.283993 0.0850209 0.630987
0.535645 0.445306 0.0190495
0.441633 0.171933 0.386434
0.768644 9.9991E-05 0.231256
0.892091 9.9991E-05 0.107809
0.814506 0.013889 0.171605
0.860154 0.0889226 0.0509237
0.934921 0.0018299 0.0632488
0.931082 9.9991E-05 0.0688182
0.494706 0.44574 0.0595542
0.471425 0.395723 0.132852
0.472761 0.452039 0.0751997
0.550414 0.112987 0.336599
0.578907 0.223193 0.197899
0.519778 0.0319366 0.448285
0.174231 0.825669 9.9991E-05
0.0451613 0.855031 0.0998081
0.399124 0.390464 0.210413
0.449117 0.354416 0.196467
0.292949 0.336747 0.370304
0.172552 0.0208227 0.806626
0.0708592 0.805576 0.123565
0.186049 0.795682 0.0182687
0.361696 0.638204 9.9991E-05
0.41249 0.0644637 0.523046
0.717439 0.00404596 0.278515
0.92501 0.0545199 0.0204699
0.829161 0.083466 0.0873729
0.625731 9.9991E-05 0.374169
0.771782 9.9991E-05 0.228118
0.827884 9.9991E-05 0.172016
0.884751 0.0307921 0.0844566
0.586141 0.0226074 0.391252
0.825186 9.9991E-05 0.174714
0.769427 9.9991E-05 0.230473
0.862549 9.9991E-05 0.137351
0.60993 0.10728 0.282791
0.803859 0.0630556 0.133085
0.651397 0.0544273 0.294175
0.870547 9.9991E-05 0.129353
0.0959025 0.0212181 0.882879
0.023092 9.9991E-05 0.976808
9.999E-05 9.999E-05 0.9998
0.118712 0.0555886 0.8257
0.0891914 0.0466721 0.864137
0.838074 0.130732 0.0311942
0.77992 9.9991E-05 0.21998
9.999E-05 0.9998 9.999E-05
0.0257533 0.876479 0.0977681
0.0428311 0.957069 9.9991E-05
0.176046 0.743561 0.0803932
0.0618282 0.938072 9.9991E-05
9.9991E-05 0.863167 0.136733
9.999E-05 0.9998 9.999E-05
9.9991E-05 0.92614 0.0737601
0.0330539 0.909508 0.0574382
9.9991E-05 0.907961 0.0919392
0.0911601 0.90874 9.9991E-05
0.118177 0.832025 0.0497978
0.0878256 0.85767 0.0545044
9.9991E-05 0.923638 0.0762617
0.0227037 0.940068 0.0372284
0.060954 0.938946 9.9991E-05
0.0154892 0.882694 0.101817
0.541898 0.389278 0.068824
0.663687 0.230238 0.106075
0.0842104 0.91569 9.9991E-05
0.21646 0.749453 0.0340874
9.9991E-05 0.971826 0.0280741
0.630045 0.369855 9.9991E-05
0.9998 9.999E-05 9.999E-05
0.769184 9.9991E-05 0.230716
0.459473 0.0456281 0.494899
0.28438 9.9991E-05 0.71552
0.0736946 0.0261825 0.900123
0.0332872 0.0589483 0.907764
0.141007 9.9991E-05 0.858893
0.0912465 0.031253 0.8775
0.0630615 0.110647 0.826291
9.99919E-05 0.0972901 0.90261
0.855721 9.9991E-05 0.144179
0.799717 0.106552 0.0937303
0.923937 0.0759626 9.9991E-05
0.995348 0.00455226 9.9991E-05
0.9998 9.999E-05 9.999E-05
0.92499 0.07491 9.9991E-05
0.753417 9.9991E-05 0.246483
0.680333 0.0829953 0.236672
0.767974 0.0835025 0.148523
0.728664 0.0546834 0.216653
0.767507 0.0494229 0.18307
0.0997377 0.138113 0.762149
0.129152 0.856641 0.014207
9.9991E-05 0.890455 0.109445
0.0647024 0.916941 0.0183568
0.215956 0.783944 9.9991E-05
0.00639542 0.891538 0.102067
0.514014 0.149917 0.336069
0.653607 0.00649505 0.339898
0.795872 9.9991E-05 0.204028
0.672908 0.00858172 0.318511
