0.00818457 0.146653 0.845162
9.999E-05 0.140256 0.859644
0.0365786 0.300842 0.66258
9.999E-05 0.0429108 0.956989
0.0143354 0.0375625 0.948102
0.027981 9.9991E-05 0.971919
0.0683842 0.0574481 0.874168
9.999E-05 0.0491942 0.950706
0.0409785 0.250935 0.708086
0.063096 0.232845 0.704059
0.221232 0.126896 0.651872
0.0879339 0.263975 0.648091
0.341073 0.0374756 0.621452
0.0779242 0.268729 0.653347
0.0494557 0.276402 0.674142
9.9991E-05 0.131894 0.868006
9.9991E-05 0.291923 0.707977
9.9991E-05 0.124266 0.875634
0.207675 0.608292 0.184033
0.0164693 0.755709 0.227821
9.9991E-05 0.793977 0.205923
0.050215 0.91061 0.0391751
0.00684956 0.99305 9.9991E-05
9.9991E-05 0.925602 0.0742982
9.9991E-05 0.711989 0.287911
9.9991E-05 0.946726 0.053174
0.0609632 0.938937 9.9991E-05
0.0918533 0.891334 0.0168131
0.016785 0.983115 9.9991E-05
0.0752213 0.886228 0.0385509
0.0442424 0.955658 9.9991E-05
0.0245885 0.96548 0.00993159
0.0306645 0.888384 0.0809512
0.0381261 0.226849 0.735025
9.9991E-05 0.332762 0.667138
0.0499679 0.234528 0.715504
0.0532562 0.130495 0.816249
0.153232 0.144111 0.702657
0.368194 0.631706 9.9991E-05
0.0497869 0.934281 0.0159323
0.125456 0.206371 0.668173
9.9991E-05 0.251972 0.747928
0.18991 0.2793 0.53079
0.333404 0.166534 0.500061
0.310337 0.099808 0.589855
0.405334 0.594566 9.9991E-05
0.113445 0.351234 0.535321
0.240146 0.103539 0.656315
0.149678 0.369935 0.480388
0.906661 0.0445843 0.0487545
0.898384 0.0720661 0.02955
0.849444 0.0511229 0.0994332
0.816728 0.0528388 0.130433
0.91008 0.0898204 9.9991E-05
0.923496 0.0665696 0.00993427
0.753564 9.9991E-05 0.246336
0.884155 0.0403243 0.0755205
0.887955 0.111945 9.9991E-05
0.847789 9.9991E-05 0.152111
0.726189 9.9991E-05 0.273711
0.90078 0.0991197 9.9991E-05
0.780065 0.184609 0.0353254
0.564033 0.0359603 0.400007
0.0418054 0.785624 0.172571
0.0249381 0.836536 0.138525
9.9991E-05 0.900954 0.0989463
0.76368 0.0476781 0.188642
0.703061 0.0679357 0.229004
0.821235 0.107042 0.0717228
0.856049 0.049285 0.0946659
0.937271 0.0358954 0.0268334
0.34932 9.9991E-05 0.65058
0.310485 0.00839037 0.681125
0.336153 0.0244131 0.639434
0.340495 0.0813612 0.578144
0.281475 0.163323 0.555203
0.340818 0.134304 0.524878
0.302204 0.0818697 0.615926
0.78669 9.9991E-05 0.21321
0.552405 0.135441 0.312154
0.83822 0.103797 0.0579828
0.861283 0.138617 9.9991E-05
0.803011 9.9991E-05 0.196889
0.0820498 0.79586 0.12209
0.44846 0.169857 0.381683
0.400623 9.9991E-05 0.599277
0.386577 0.613323 9.9991E-05
9.9991E-05 0.189355 0.810545
9.9991E-05 0.22679 0.77311
0.0496262 0.225265 0.725109
0.174092 0.282086 0.543822
0.0252382 0.075978 0.898784
0.443193 0.0234096 0.533397
0.080451 0.612431 0.307118
0.439672 0.079265 0.481063
0.14976 0.339751 0.510489
9.9991E-05 0.211579 0.788321
0.0240623 0.056869 0.919069
9.9991E-05 0.225414 0.774486
0.0856839 0.0651892 0.849127
0.049646 0.0627536 0.8876
9.9991E-05 0.144204 0.855696
0.449642 0.0740748 0.476284
0.370478 0.170958 0.458564
0.448121 0.0936157 0.458263
0.107303 0.216136 0.676561
0.262935 0.162865 0.5742
0.0374498 0.467824 0.494726
0.847898 9.9991E-05 0.152002
0.872545 0.0394145 0.08804
0.371837 0.203741 0.424422
0.320867 0.177628 0.501506
0.31792 0.373502 0.308578
0.00852447 0.855174 0.136302
0.793191 0.164344 0.0424653
0.805861 0.00280528 0.191334
0.650948 9.9991E-05 0.348952
0.0681998 0.548192 0.383609
0.0266269 0.275985 0.697388
0.0576685 0.0825843 0.859747
0.078956 0.0946336 0.82641
9.9991E-05 0.449428 0.550472
0.00735179 0.270116 0.722532
0.001418 0.247424 0.751158
0.0703653 0.124621 0.805014
0.00024192 0.387249 0.612509
9.9991E-05 0.105339 0.894561
9.9991E-05 0.265147 0.734753
9.9991E-05 0.116863 0.883037
0.096714 0.38188 0.521406
0.0600597 0.0763707 0.86357
0.0326538 0.292458 0.674888
0.0301962 0.141229 0.828575
0.0192985 0.919007 0.061695
9.9991E-05 0.987984 0.0119159
9.999E-05 0.9998 9.999E-05
0.0963194 0.799277 0.104403
0.0750104 0.843932 0.081058
0.120671 9.9991E-05 0.879229
9.9991E-05 0.143758 0.856142
0.9998 9.999E-05 9.999E-05
0.884218 0.031287 0.0844952
0.919633 0.0141224 0.0662448
0.779818 0.0575856 0.162596
0.952667 9.9991E-05 0.0472328
0.837545 0.162355 9.9991E-05
0.994908 9.9991E-05 0.00499232
0.894476 0.105424 9.9991E-05
0.912058 0.0844756 0.00346658
0.930341 0.0695586 9.9991E-05
0.903495 9.9991E-05 0.0964054
0.876972 0.0266419 0.0963857
0.858845 0.107634 0.0335208
0.956032 0.0438683 9.9991E-05
0.928612 0.00877756 0.0626102
0.912712 9.9991E-05 0.0871881
0.900562 0.0993379 9.9991E-05
0.375626 0.0303572 0.594016
0.262465 9.9991E-05 0.737435
0.932042 9.9991E-05 0.0678579
0.723984 9.9991E-05 0.275916
0.961067 0.0388329 9.9991E-05
0.356624 9.9991E-05 0.643276
9.9991E-05 0.0445271 0.955373
9.9991E-05 0.322483 0.677417
0.0282047 0.497389 0.474407
0.00181871 0.700949 0.297233
0.0303151 0.889177 0.0805076
0.0268611 0.931511 0.0416274
9.9991E-05 0.848329 0.151571
0.0178921 0.842058 0.14005
0.114675 0.820117 0.0652082
0.0683452 0.917107 0.0145479
0.0208656 0.169022 0.810112
0.0943184 0.143314 0.762368
0.0417971 9.9991E-05 0.958103
0.0476267 9.9991E-05 0.952273
9.999E-05 9.999E-05 0.9998
0.0854707 9.9991E-05 0.914429
9.9991E-05 0.30901 0.69089
0.0893313 0.254312 0.656356
0.0361596 0.134837 0.829003
0.108173 0.19589 0.695938
0.0672828 0.16857 0.764147
0.119538 0.871583 0.00887901
0.851169 0.065933 0.0828978
0.857172 0.142728 9.9991E-05
0.971907 0.0142679 0.0138246
0.794523 0.0536032 0.151873
0.840711 0.0906366 0.0686524
0.191187 0.297201 0.511612
0.0529752 0.282148 0.664876
9.9991E-05 0.2274 0.7725
0.00899167 0.33709 0.653918
