IBR/IBR_outputs/all.combrep_1/FireFreq_2000_2008_Total.PersistForestCover_Total.Silt_Total.Spinifex_Total/FireFreq_2000_2008_Total.PersistForestCover_Total.Silt_Total.Spinifex_Total.asc
NCOLS 160 
NROWS 95 
XLLCORNER 210004.651214014 
YLLCORNER 7350008.22228844 
CELLSIZE 4999.99999999997 
NODATA_value -9999 
[rows 0 to 20 of 95, columns 92 to 137 of 160]
-9999 -9999 -9999 -9999 -9999 -9999 -9999 -9999 -9999 -9999 -9999 -9999 -9999 -9999 -9999 -9999 -9999 -9999 -9999 -9999 -9999 -9999 -9999 -9999 -9999 -9999 -9999 -9999 -9999 -9999 -9999 -9999 -9999 -9999 -9999 -9999 -9999 -9999 -9999 -9999 -9999 -9999 -9999 -9999 -9999 -9999
-9999 -9999 -9999 -9999 -9999 -9999 -9999 -9999 -9999 -9999 -9999 -9999 -9999 -9999 -9999 -9999 -9999 -9999 -9999 -9999 -9999 -9999 -9999 -9999 -9999 -9999 -9999 -9999 -9999 -9999 -9999 -9999 -9999 -9999 -9999 -9999 -9999 -9999 -9999 -9999 -9999 -9999 -9999 -9999 -9999 -9999
-9999 -9999 -9999 -9999 -9999 -9999 -9999 -9999 -9999 -9999 -9999 -9999 -9999 -9999 -9999 -9999 -9999 -9999 -9999 -9999 -9999 -9999 -9999 -9999 -9999 -9999 -9999 -9999 -9999 -9999 -9999 -9999 -9999 -9999 -9999 -9999 -9999 -9999 -9999 -9999 -9999 -9999 -9999 -9999 -9999 -9999
-9999 -9999 -9999 -9999 -9999 -9999 -9999 -9999 -9999 -9999 -9999 -9999 -9999 -9999 -9999 -9999 -9999 -9999 -9999 -9999 -9999 -9999 -9999 -9999 -9999 -9999 -9999 -9999 -9999 -9999 -9999 -9999 -9999 -9999 -9999 -9999 -9999 -9999 -9999 -9999 -9999 -9999 -9999 -9999 -9999 -9999
-9999 -9999 -9999 -9999 -9999 -9999 -9999 -9999 -9999 -9999 -9999 -9999 -9999 -9999 -9999 -9999 -9999 -9999 -9999 -9999 -9999 -9999 -9999 -9999 -9999 -9999 -9999 -9999 -9999 -9999 -9999 -9999 -9999 -9999 -9999 -9999 -9999 -9999 -9999 -9999 -9999 -9999 -9999 -9999 -9999 -9999
-9999 -9999 -9999 -9999 -9999 -9999 -9999 -9999 -9999 -9999 -9999 -9999 -9999 -9999 -9999 -9999 -9999 -9999 -9999 -9999 -9999 -9999 -9999 -9999 -9999 -9999 -9999 -9999 -9999 -9999 -9999 -9999 -9999 -9999 -9999 -9999 -9999 -9999 -9999 -9999 -9999 -9999 -9999 -9999 -9999 -9999
-9999 -9999 -9999 -9999 -9999 -9999 -9999 -9999 -9999 19.3310207186486 19.1633887553458 19.1274091039357 19.2692355480564 -9999 -9999 -9999 -9999 -9999 -9999 -9999 -9999 -9999 -9999 -9999 -9999 -9999 20.685433112156 23.6000969931014 27.3442719532684 -9999 -9999 -9999 -9999 -9999 -9999 -9999 -9999 -9999 -9999 -9999 -9999 -9999 -9999 -9999 -9999 -9999
-9999 -9999 -9999 -9999 -9999 -9999 -9999 -9999 -9999 19.5579997583854 22.575747457116 19.3788365089303 21.3896128653668 21.656021746646 20.2974672323865 19.0974081797453 19.1476598058702 -9999 -9999 -9999 -9999 -9999 18.9297574173743 20.123952592258 20.4506068296122 20.5344626696212 22.7779727785185 24.6420642327567 25.3452789124754 24.3404369313329 22.1639377512994 24.0833618469126 25.5642237789784 24.2220314334381 25.366443392411 25.4055784747697 23.7636080606372 19.8967684368381 11.5634361965558 8.3294903852121 8.23275818696385 5.55300717814026 -9999 -9999 -9999 -9999
-9999 -9999 -9999 -9999 -9999 -9999 -9999 18.7028759067692 19.4250312560451 19.3800051885325 20.5784967585156 20.745519099419 27.7070034206229 42.6696709730764 47.0165299915321 30.7096656882376 25.6255319736658 22.9324508990387 22.8021767452841 -9999 -9999 18.5184038446705 18.9419274186514 20.128467771822 22.2126726848759 24.4344804743647 23.8912939636539 25.6609514208106 25.8471660742706 25.8063219714709 25.4798092420712 25.2339368789237 24.5756484226969 25.7918002341164 26.3905532685751 20.2538641663107 11.316752105762 10.5310312308013 9.32873907966159 10.0339657477288 9.91788466978309 7.27580403478227 5.34080675872253 3.66834544185643 4.52269736074217 4.66024429588709
-9999 -9999 -9999 -9999 -9999 -9999 -9999 18.905077882665 22.3301245187836 49.1401628724967 27.5529343422685 25.5707742422573 39.2015933071873 30.5214636427019 28.8342594940954 28.621090125467 27.496636068399 25.9579241924458 22.8765425995768 14.9989606432197 19.6596039825362 19.3364678144257 22.2406667173969 21.6047968559334 23.2871742448246 25.6486061875521 25.3493148455841 23.7086381414074 22.4498476207918 21.7862576043887 25.7414150608295 24.9909921382019 21.4559125261066 17.409417880513 13.1202120144385 9.82528741334754 10.7614083312997 9.97897804017926 11.145236880035 9.36075307459342 9.09509895122138 9.06827329268925 5.97619027336735 2.99049335323795 8.40376350312867 5.18019370348663
-9999 -9999 -9999 -9999 -9999 -9999 18.5816442710927 22.2163864423817 34.6070187424765 41.865960440753 45.2471790048918 24.477211692504 30.4767783452783 43.4570651504058 34.9354894264392 29.2340112173881 24.3165056246638 24.0466759867248 17.5680938941385 14.4267184329573 22.001719389788 23.4283051179275 23.3962771877923 19.7716382143911 20.2773156781095 21.6137533779969 15.1713758553316 10.9187349837689 9.42700716568757 8.53784614817098 11.3797861869579 10.8572655079059 7.14524694372794 9.0473278208267 10.5798704569127 10.2475771433785 10.7159369315751 12.8506532733842 10.6103746109555 9.7091671179368 9.12466200810206 7.58790609592914 8.06102530644018 5.16278560949731 9.17142816418812 7.57869353952363
-9999 -9999 -9999 -9999 -9999 19.3796254441746 20.1555152135202 31.0683127389486 42.3196995119073 29.5770881899337 28.633484752256 25.9159848778145 39.9623498230729 49.6031673374871 36.1166117150094 25.8646657993443 23.67948015037 23.0587261099975 13.3734064769086 23.8656053990427 25.8661477233628 25.7022503359893 22.6564433431864 14.0634125306408 11.2527664355646 9.19551818104997 9.55206551153477 9.66990300174275 10.8040562265226 11.2749222472041 11.1810300585639 10.4103263471243 7.32694817211899 7.56129952917761 8.33072537484416 11.9612526836881 13.1646355779932 12.3610249168844 10.1066950878216 10.191542413235 10.865837340295 10.4673924867136 10.0171218025427 9.21818350275914 10.2286925960685 9.98097449808165
-9999 -9999 -9999 -9999 19.1315788382607 20.1533175475828 18.7161869439827 19.6592854361908 26.9915131086901 35.6348679973159 25.7912911869467 20.4970996863557 55.3441697027729 55.210307539246 43.4126332483379 30.6729898598544 23.6870656211529 26.1917730142714 24.5566309448247 19.3916441181242 15.5282030858985 11.968679536484 10.2330120986787 10.1817648641038 6.91883902796239 6.69255523553625 8.54055950198176 8.68450272573735 9.21453799690671 10.984706076639 12.0533469991767 9.99251875508251 9.95030701927691 6.68125413429304 7.3507901842184 7.98055365343434 10.2678550682986 7.92289242489554 8.98543487126474 8.06086602654612 10.411571998587 9.27266393368941 9.36508776072236 9.33983930094485 10.3940753811587 11.6932717733199
-9999 -9999 20.9515392835314 19.1746452687803 19.1206781078747 20.6293632835325 17.1559704621879 12.7393098670988 11.4244019806698 13.7021383290068 17.4928339146119 15.6817341992641 32.1113065581796 67.2377116435426 57.0478740264925 40.549710925895 12.8564089719144 9.7657425269042 8.91473119908454 5.53902224247946 8.3887431134291 10.2149666562547 10.9635991727532 10.5511657902846 8.95812389095229 7.58789889918317 9.93935945949917 11.1615354574073 11.1871363658164 10.5919769874963 11.3674872942278 10.537830640282 10.10124535591 9.3171280586946 9.93874738286148 10.2760092593907 9.81152951831794 9.05450459188427 9.14327628776335 7.76533309996758 9.96064761009754 8.97105254020584 5.44790857513249 9.99844503245856 9.31247797798789 9.14290163810264
18.5790381319288 19.6276870576271 11.6673486507457 13.2203578317362 15.6649305361319 12.5958309791731 8.08418308618093 9.33861764582359 11.1352637078837 11.1444399034791 13.4883779122016 16.2534038108418 22.1553164017478 25.1490495280273 33.8523734610326 33.8260094301397 18.2587352599369 10.2024093182212 7.99390178122005 4.81074540519187 8.37016158347711 11.1786396897349 10.8732385517325 10.3685988098156 6.28789034069595 7.13601182819315 9.8541169326163 10.3288184871542 12.1426438638446 10.5342410201681 9.52695949062806 11.32839627758 10.5424447170998 10.9030424041171 10.0766687543678 10.3346114594159 9.22997159894048 9.60492610813172 9.62012209455979 10.4043351241137 7.82640675642736 6.01484950913076 8.13413204466886 10.7931554544128 10.7774091276405 8.5552101571707
11.3234695680409 9.54025550268658 10.19495015628 12.7649635438356 4.38410799180117 5.78218901331415 7.10207626210331 7.27585391591 8.84181573950158 8.64734712882068 12.5782167599254 23.5830642741708 23.9532578417001 23.1876803281106 21.8866366359632 19.348086300052 13.0787897190699 14.3293616510406 10.3815816951511 9.70412176533388 9.62062716624556 9.09011607159362 8.89868710547891 8.52212683024387 7.11704061779147 7.49563739090924 9.37907697865442 11.5577195445921 11.5349291033097 10.1832360633129 8.57150503533002 7.8447901448879 11.9960078855939 13.8404438942929 10.9144766903469 9.88151448212604 9.20187014078669 9.46077132953229 10.721868286799 12.8237515393667 9.97177485168513 6.98864626845299 10.0120260377837 11.6390577261716 11.3355621650905 10.2701898702245
7.80260182702333 11.4076604608245 7.44410713648959 8.99950897154616 7.17377144875113 7.22017892869206 5.60439184472932 7.216725591157 7.76803653126895 8.79038425888392 10.025369488853 22.8193545454106 24.1706989048271 24.3780144042604 13.0762672063974 15.2865256598033 19.125172142228 26.5150250649675 40.2828275581371 18.3806097856355 10.4716813096391 8.92554004924016 9.17667214978224 9.45252170868367 9.72108941939627 10.9373605995284 9.9132357665708 8.3013320945339 9.49734858496151 11.5103512474708 10.3014227306685 7.2827986050691 10.3970302924443 13.4791443356196 12.0659162572564 11.4384469052559 10.0286377981991 10.2270431931419 13.011831566273 12.6889172294526 12.2898255403347 7.60477656964265 11.8028037414995 12.5253515518257 12.5813340771228 11.2671792545874
18.0010436936391 14.8941298124286 7.20575945402428 5.7856942581149 5.53011989813221 6.25579072144578 9.23040898771901 9.38419673708354 8.00820491367518 9.13190473263942 7.6219076518703 15.4110604526457 23.3469098980335 26.1340128636043 17.7965833568678 11.4952792588007 22.4951732648801 22.3037781443651 24.2650859592325 41.8535898799092 13.9120131830265 11.1428282971976 10.2359630622906 11.1352231544888 10.7556994100203 10.5589700190066 8.70391828027903 8.41809520749899 11.8179144604834 12.4651317934408 11.6550823828941 8.57473837077854 10.1503373790428 12.8913466087025 12.4868708271512 13.5197040792705 11.8700148094972 11.5294458858596 11.969792835034 14.1303131227716 12.4312921774233 10.453442603451 11.6150952577747 10.0236429128964 8.06951920162928 9.87042861245909
6.7193057664208 4.43589077160797 4.95834628770982 7.52202660677579 3.66529936687176 4.34461665952643 7.53998556016714 8.55268725837663 6.33926490163913 8.49767223134928 8.84729359756684 15.3161243901441 23.5844293935672 25.0555935151994 20.4225397199932 10.6388400411102 8.9336474305267 16.5381323709487 24.61091901778 22.2783519123842 29.0059232483223 15.495389908069 10.20283645887 10.7258592259132 10.1508509859755 8.25459507464813 8.36430546839516 9.60887814733115 9.29692328217198 9.0143610702988 11.58840418994 8.3123308893128 10.2462216402805 12.680964696664 12.8240308819466 13.3767405435391 12.5679901236257 11.8467635561868 13.3457806316537 13.7720031300305 9.37241089536859 9.52941644816116 10.5506484446002 6.9586835151188 5.2362253635784 7.29227992098827
8.01424107237759 4.20890321171795 5.63628588913592 7.78707896702231 7.36969016941771 7.84706454860696 6.7116684576189 8.29142494273481 9.59024097287722 9.87428596091882 10.5771357377252 21.4286630221094 22.137873457735 24.5789301957176 17.7612585962249 9.12457377207125 9.61602156600668 21.8210838276008 27.6561081934697 23.4732831056175 13.9748299079576 12.4509589005836 17.7525117782521 15.9466594046539 9.77432192612524 8.87043565911775 7.37034461567782 6.63315795713704 8.69030873372225 8.59760502787134 9.62417082283706 10.6493109372259 13.0520980721126 14.175986057335 13.0261984986899 11.9350312199193 10.0612223021703 9.28379213054671 10.8586334310214 7.96584249769266 8.45597617182034 8.84681024971313 9.50149622282192 8.08680140284673 5.71697872296424 5.10567031491823
6.86974000980555 7.03119803617975 5.57086784764531 7.63977273474945 8.70261641735485 9.40565205024528 5.99572882325858 8.56368615476364 8.8185827385579 8.95957324869895 18.1934480844247 19.0687422685342 20.6673175581577 23.1919081690009 21.8885293968063 8.08691713381698 9.87432141198963 16.8590470710996 28.7308785651036 25.7275718077739 12.4193245104714 11.4230863580095 8.0036160742814 19.598961000439 23.5120128768592 19.4705354894814 12.7039872346132 7.2130554283147 7.52521231509064 9.3810203076672 8.88184077503256 8.54182613166685 12.8259784630556 14.7579593531304 14.836074654489 20.1625459275093 11.9278019783691 10.1379204753776 10.2450711678118 8.10441583924395 6.49396092781561 5.48507507451625 8.65673002469013 9.66079598560736 5.12661435855629 3.33251490392382
