IBR/IBR_outputs/all.combrep_1/FireFreq_2000_2008_Total.PersistForestCover_Total.Silt_Total.Spinifex_Total/FireFreq_2000_2008_Total.PersistForestCover_Total.Silt_Total.Spinifex_Total.asc
NCOLS 160 
NROWS 95 
XLLCORNER 210004.651214014 
YLLCORNER 7350008.22228844 
CELLSIZE 4999.99999999997 
NODATA_value -9999 
[rows 63 to 83 of 95, columns 0 to 45 of 160]
-9999 -9999 -9999 -9999 -9999 4.14119772164494 3.2081010465087 3.52837644051494 6.32090249733492 7.57093814670752 9.35360324893771 7.55570699343657 8.21132545081012 17.3944868266451 23.5156861918769 39.7991663537909 67.0976252730644 60.1512986456015 70.1400967392963 76.3234981398665 57.637231824688 29.967212197904 20.5316066364958 21.1333820353732 22.0419061370257 21.0799332229846 19.9918772646065 14.816715557313 8.4364316418052 3.94229562070258 6.17353290940994 6.66205258583808 5.75313583117848 8.45748674304279 6.62273412608563 5.82724301416988 7.39418654903365 6.2684776899047 9.44413461999507 10.4874687013584 10.3299482546696 8.95448255996818 9.03487020312939 7.83045097767817 11.8058170302701 10.5135613104199
-9999 -9999 -9999 -9999 -9999 8.73882782836597 4.27147658234253 7.64433610799494 6.12205551810867 8.24176841209967 6.93934673598452 7.1449286538622 4.9822956512908 8.95858217143794 18.8596965326311 20.1683642317688 11.8932826189416 17.8077826487035 32.3185391702885 30.8747214957603 11.4802720304982 10.4336036720178 21.7492202654173 21.0439903410317 17.6930684315881 12.4807649374571 8.50615236039888 8.10446112147686 6.45012431955396 5.96638900351118 4.92320080224968 4.50197259566531 6.09189313791698 4.8878083353425 5.97952676505397 10.8576980759252 10.6963830141456 6.10701439055682 6.82179753598468 11.4204681405904 10.993073171682 10.7607618067448 10.2401270912763 10.7624419162782 13.5991780265175 11.1454131546445
-9999 -9999 -9999 -9999 -9999 8.03701906063313 8.318702917075 6.20254077241842 5.87013840612779 6.81474321584696 7.39740459207913 7.44585113206437 6.17945358542665 3.36729850858717 16.0089473776646 14.1813829945141 2.14233284613842 1.94209645344313 2.39573366920691 4.59412793923715 3.51521849023609 3.52376381164698 9.9934530975262 16.0669949648009 8.98667341301034 9.07127023119353 8.26136659001049 7.40326481397753 6.45382086328447 5.44075486961838 5.75715814504531 4.61353241958676 5.31896398197931 5.90289999979009 6.32723335139867 3.77341879478582 5.9397800242557 19.7249956502644 8.16983635877707 9.78212439954009 12.9926244956541 11.1403227101316 11.6500124721841 14.8714277048978 13.0107157630345 11.784580315045
-9999 -9999 -9999 -9999 -9999 7.52370507034243 9.5609615188991 6.65780721727211 7.99580542072083 7.94979450074024 8.98041878097937 7.28955207918531 6.22269991559444 3.69240330020752 5.81337341919138 12.9372510916719 3.12470078353636 2.68099651644808 3.1666072627313 4.70882543670281 4.99668659745987 4.63063030404589 8.05324195474886 9.63874055216375 8.17956841577997 9.95828690558703 8.12233229998293 9.82178557339301 6.28024074036608 4.51332463477956 4.86377703145217 4.90432470831183 5.94089779534669 6.94210291103131 6.09741776368749 4.07298457467687 4.21275065098155 7.5234668789785 6.43120277302397 8.54259518826592 9.49147339882784 9.76049172166351 10.4198912823128 11.0046535121952 13.788799544285 8.70847910942069
-9999 -9999 -9999 -9999 -9999 7.64109064475186 10.0860571673355 7.67872615265919 7.89061481913241 10.6560329065395 3.42305604608856 3.38866147851078 4.12852734141806 2.01194242893494 3.17855712670232 3.17703631509225 3.14388188242209 3.80908620939493 6.67732413084588 7.44465106116024 6.19963790628586 9.01220225395843 7.64162509600918 5.28266681016145 6.20663106011686 6.78126428205913 7.33856260554139 8.80622199025417 7.99371045098645 6.05105853301635 4.74523997477695 4.81386349479504 8.02060849002271 8.75446883653633 8.33527775725316 4.62961447551507 4.48507928849266 5.84381877970651 5.9616200703571 6.20247294760924 6.83347402643031 6.55935039218801 6.03306300577914 11.9463375248045 13.0346618917572 11.167641640519
-9999 -9999 -9999 -9999 -9999 6.76761944351069 7.00348851565883 5.04278355296078 6.86254612030328 7.89896282928411 4.39176449115575 5.52003599425197 6.02386672380677 4.42331491709022 2.33766512910764 3.09036875511391 4.33008470750918 4.13441934758523 7.84149373981059 6.80625537683802 5.6486014618213 5.58234281694917 5.76150718058926 9.85985860760301 5.36832329978469 5.27159011005824 6.04569301765563 8.89106900304465 8.30791737008461 7.6240422757395 6.64492424526817 3.59394444634526 3.9792360629632 5.08694297838173 7.4780112439903 7.36541609998546 5.40868307334063 5.71178931631352 5.35463821889156 6.23311136387263 11.6286246934136 12.8395162481398 14.0533662931913 14.9069321585913 17.3247618567886 15.2406591608916
-9999 -9999 -9999 -9999 -9999 4.99567744064814 5.988408543407 2.6185393214017 4.33299878603785 4.13909972464501 2.96845714809497 5.55470545396855 4.74468660454146 5.15853478489486 3.0312485740958 1.87583874603708 3.72167149712194 3.92167359622127 3.31866389901798 4.62253586167298 4.4514351103409 5.13692282646775 7.99050440296809 15.8468500981885 9.05250784676475 7.04493941668251 3.65856062420377 4.59720233352044 8.27951169867823 7.05227845086402 6.65600536262274 3.66691932818517 4.43866358870051 3.49186552901553 4.0475031235871 5.45442203141009 5.65191298963038 5.44700852081825 5.35491230212207 6.26693898899281 9.79103806784499 19.1241108667051 21.064494522605 20.8398202448537 21.5039966972026 18.992994262057
-9999 -9999 -9999 -9999 -9999 4.25619155018439 4.99093283562962 4.75360773993189 2.96922098779089 2.32421883383102 3.2835958371545 7.17662149195795 7.57709459011571 4.53624631384786 5.3304867607589 2.26324988153518 2.76472016252089 3.78799712975878 4.90485674870321 4.72674462074769 4.73799677965034 4.44507151359557 8.50581014279225 8.40903131847146 7.55897155829091 12.2372357459301 12.7350988546098 4.8599027415603 8.78270229286638 8.54397875684277 11.4179779102783 4.42548795235947 4.84591630526344 5.4091402535826 5.27817896787721 6.03490955927546 6.51066903816924 6.09823278308121 8.46038770852627 12.3737512135885 18.4652630754058 12.92334409911 21.3463537560734 20.9556712578538 21.2860937486419 23.3590043758192
-9999 -9999 -9999 -9999 -9999 2.29461201576591 2.46934639440371 2.29416655241089 2.4521193800222 5.50390369001763 3.99370853308707 2.74959262885178 3.09874410486771 4.79071785712161 6.02512131258666 3.72347946494155 7.40958093052479 5.90022469279539 8.02356996387767 10.4619235052396 6.60562841841818 4.73030540590094 4.07627556932049 6.10834414875732 8.68890414527242 21.7127157846907 23.9272281231108 8.71995662623641 8.86409755837419 5.92747890247468 17.6865280260915 5.59808996930548 5.89405775568376 5.8668968290824 6.49241573970779 6.47288696198758 8.06666309118447 7.63598277712284 8.98538777601987 9.35565687792475 9.55433103634815 14.7650980740798 21.756014578452 21.3251365956784 20.955477429555 21.1202570974467
-9999 -9999 -9999 -9999 -9999 2.09987719325386 2.36413873058705 2.31776720954773 2.54156632015055 6.45806875537686 3.05704898169306 2.47020743884802 2.61602831322376 5.44631757956799 6.34937532434861 2.72736150974567 8.37416447125458 6.20879709965425 8.3200440769914 22.0852629290775 13.778187953403 4.57194285558085 5.4145840027564 6.90935274764894 18.0836142343611 19.9570683342741 25.2966006669153 20.6611271880634 18.370543651353 13.5828810534782 18.7031401704935 7.57546292079866 3.33185234148932 8.89235031563712 8.50246801203776 11.3853205014497 23.4804851708079 17.5499534495285 15.69756568839 11.7482772420412 10.0640813014528 11.1233465997145 21.7510441778324 21.4139808012685 21.0809402627858 20.9506761308567
-9999 -9999 -9999 -9999 -9999 6.23285196465782 2.61256122128029 2.19314632069415 2.34653619391913 12.4151159610668 3.47904113038711 2.97783075307028 2.53398163991178 4.82417241287404 4.44084842323882 2.480752581484 3.69313857665627 20.1207492817456 20.3334458574861 18.8311880200502 11.9285946985172 8.54296004912192 8.05956688157491 17.0736828871851 25.9719630348804 22.8581974219345 23.4041968475056 23.1517688114062 21.0480697937365 18.4206773052507 13.3338895537666 12.0169408682664 6.63914194110612 8.84658854250761 17.211064151498 12.6336013234968 11.3699586759935 19.740771872299 20.3920059287148 10.8205469318206 11.4371807047749 19.9643222907032 21.5045633756636 21.0842579983317 21.2940476016727 21.8650652379408
-9999 -9999 -9999 -9999 -9999 2.77081502473586 4.29491164412937 4.19182271253681 6.88288048267891 6.78629631741451 13.2391563838692 2.90611246055357 2.36024689848834 2.99608980056669 2.67327200974783 4.17619146337203 2.69045129437252 9.34417314602457 21.4687677884539 21.7689119000913 19.6434601921985 20.7925257882474 23.5735660198086 24.5298117536032 25.3461571947044 23.6338283214382 23.4753100722003 21.2199624228017 21.2522972475158 19.446450515475 12.8829270357483 15.3771644455207 9.56770672768754 13.2532027851663 24.2677134074391 13.1231061431796 10.6733148323784 12.8460426031634 20.5072716327693 18.2341779464133 12.1325418456621 10.8753981613136 22.5488379656994 21.4763609409552 21.0866297664995 21.3155127992694
-9999 -9999 -9999 -9999 -9999 18.4055906564545 14.5007927304195 17.08667524245 18.6767860419916 16.2998125870684 18.9269935984232 5.76683275460265 2.75743519183325 3.89560096047886 3.79271574888334 4.48684247466299 4.90449268995987 5.63686685262091 16.3576138566153 22.7926137627367 23.36962098311 21.4905880859003 24.4962216727052 22.8965058334487 20.9113755099453 22.6665099173695 21.2190092324191 21.150791576568 21.3597064477785 21.370618621978 17.8701749631652 18.6978081380852 14.7896111885107 14.9192592459414 18.7178234574664 10.171971048724 10.2133923839488 10.5539306717957 16.3013760261565 22.1710433476131 17.1866542675619 10.878073715699 10.3269788364262 22.0705208688205 21.2220896108113 21.7148758771506
-9999 -9999 -9999 -9999 -9999 19.3574619370202 20.8918985848373 19.3174265491744 18.9921948167169 19.0019773734932 18.9815640688885 8.90159825179312 3.6400858777649 6.89475317931768 4.02368278159378 15.3888828234885 7.25920009231877 5.5475361154263 4.79364304578515 15.6738479969661 20.7674718705037 19.4494667646159 19.691599726432 20.5422907339321 20.4305842258256 21.223962412434 21.1165184029875 21.1996560510059 21.4918162535004 20.9853889598836 19.6282837917948 13.4841117951257 14.1873594986977 10.5096412432091 13.2602237073613 11.6392573038017 9.76479226531088 9.79560778242362 11.167786767204 20.6962619162326 21.1697255927913 22.7089951670552 13.2805230958463 16.3382858729793 24.2510781893277 21.3967058009645
-9999 -9999 -9999 -9999 -9999 18.8811548608689 18.993860071417 19.0984601919998 18.9977900170657 19.0070494096157 20.2379770374457 16.4208640689378 7.14436780573626 5.77918270833321 4.43597748127255 18.2893663296338 5.70247248011685 7.38582315954002 8.17307664656047 7.85560035419614 15.6728643477757 21.0063254148004 21.8860411144385 21.4411018390714 21.2657760606921 21.4367215789156 21.0667699448012 20.9238034510785 21.415510343211 21.0530214590546 20.1975192115632 12.6064276744065 16.4979603799435 13.6208990870232 11.1179588259167 10.268396859272 10.4901767668476 10.2101141989671 20.3992540054254 13.8395829926931 22.24876536448 20.5672144846102 17.7416265461805 18.1907559440394 24.0171725644468 23.1594440126729
-9999 -9999 -9999 -9999 -9999 15.513906611475 12.659257001434 17.3598505896465 21.8622204014217 19.1768189296608 19.2557280575788 19.7295120273734 17.9943528549828 3.43146826654539 4.65835298442674 11.2958789379578 8.02888433556595 5.4954388825663 18.5821485458195 18.5606630319682 10.605707792887 19.3900804774847 23.5899544769438 24.0702015447042 21.1553829800038 21.3538991747186 21.4337247785823 21.4714786645547 21.1080212043449 21.157195717822 19.7947621249264 13.19807989799 13.8227560083098 15.2646622720763 11.594384980742 10.0191874464491 10.3920652186371 11.9617178259351 20.1896549479571 18.2875671155592 16.0558498152554 22.5749886784187 19.103032576201 17.0682753854994 22.4581543476851 23.2079580828553
-9999 -9999 -9999 -9999 -9999 6.4663870640246 5.87647561434817 6.50036801562187 13.0850699169362 19.6768139338431 16.9855423464323 12.5645187819896 19.158614404326 4.11373254818183 3.75302648986244 3.0759298343398 6.34066890327012 11.6196132435327 19.9923649909458 22.0287040317722 21.092453889826 19.128409459877 19.8317953955975 20.8016585886502 20.4670191991436 20.5033463900784 20.7675894135328 20.8990846591667 21.1627990815184 21.9332155553459 19.9003081097432 19.7411909031673 21.0027946686089 16.4813865211401 10.4951143243733 9.10546977180389 9.64920653101687 12.9928632987797 22.1292595648918 27.5369008729395 16.2213937100425 19.5389449939381 20.0010872918528 19.6494601235359 19.4484923384863 22.2936765507207
-9999 -9999 -9999 -9999 -9999 -9999 21.0605311265022 18.612759848678 12.1329879615251 15.0085317856177 7.15847578998758 6.29510228681358 13.7574420701603 10.5492533130503 7.31623907166303 3.8144123794524 3.76272157746015 9.24174819837337 19.1150686582266 22.1070631448145 23.2606607786344 22.2206561014189 19.5088370096192 19.1201663816058 20.7811342238136 19.7869430714942 19.3484627642868 19.4265816104445 20.6234934503431 22.4148135968271 21.4237238267754 20.5281618927928 22.4395498867472 23.1740122470089 12.5909168901665 11.4015450741109 10.8869140525565 16.9208307827783 27.1778114512697 27.030003454212 22.7972637706043 20.8809749576926 18.9092878274514 19.5991820459672 16.8374342765073 18.9180530740254
-9999 -9999 -9999 -9999 -9999 -9999 -9999 19.4298916624153 8.92621901993894 5.94246995883528 15.4463009293623 19.009580045603 18.971684920121 18.6116589389416 11.3593156096801 6.25807485323025 8.12530305440649 11.2617743690876 20.1268519778411 19.7492652147588 23.4167656634043 23.6514055418876 22.5334270516102 21.0757782195217 20.1507642096392 19.3606255419753 19.9256879194313 21.3432196097 19.4185219999694 20.7913221113059 22.797345314657 22.1341790736888 22.5915104962909 23.0039441200844 18.245660817148 9.5294706575349 12.2232326833547 19.8389300470501 23.9515358368083 25.3961671495302 22.556896621316 21.4371246011836 24.1279946480174 18.9895846246808 16.9094515640311 20.0666723692817
-9999 -9999 -9999 -9999 -9999 -9999 -9999 -9999 4.80942059046138 7.7624045425376 19.5704431245132 19.1468939757263 19.0009828249022 19.0557491181213 19.1168727996578 14.1485381022877 15.2438222177189 4.64563052126866 18.7807626918592 19.3777679886904 21.9251830596829 21.1649463279591 21.6357477297042 21.6181228978875 21.1088233731184 19.9891384044234 21.1152472109655 22.4007261947177 21.5133362414404 20.7287629882091 23.3856637123295 23.2798626765562 22.6342703925163 22.5052866050791 22.7591784506503 13.7807156464264 15.9656756825833 16.7240203803626 23.1965153029008 23.4975855097797 22.908866309575 21.3979733009234 21.4586622874212 22.4215555839692 21.80806435363 19.7806127175066
-9999 -9999 -9999 -9999 -9999 -9999 -9999 -9999 -9999 17.7267911177262 19.6264158445441 19.0857489339267 19.1845950321792 18.9907511274156 19.0314492828968 18.9337135041239 16.5642467472871 3.17358103161343 2.45418732645341 7.10977966908489 18.8138142543869 20.0881606296523 21.8692122647203 20.9094001587816 19.9870561986654 20.5496436736424 20.5052884202038 20.6188879924009 20.8453435966221 20.5537779111321 21.798205703098 25.1779164754647 24.4054169818213 24.4369184773276 23.148674487309 23.4398235451564 22.9907033754219 21.5245746583394 23.8264144810524 23.5898324474829 23.1756794294262 22.1696074558476 20.5749226246329 22.0241620882305 23.6183484283737 22.7992126702767
