IBR/IBR_outputs/all.combrep_1/FireFreq_2000_2008_Total.PersistForestCover_Total.Silt_Total.Spinifex_Total/FireFreq_2000_2008_Total.PersistForestCover_Total.Silt_Total.Spinifex_Total.asc
NCOLS 160 
NROWS 95 
XLLCORNER 210004.651214014 
YLLCORNER 7350008.22228844 
CELLSIZE 4999.99999999997 
NODATA_value -9999 
[rows 42 to 62 of 95, columns 46 to 91 of 160]
18.7978561206427 19.7010617479381 19.4091929836242 20.2096629624044 15.9352844041756 14.2926582337477 16.0557829426268 17.1896608894366 12.5315562548962 15.1819288667492 15.4025447190334 19.5551467445616 18.453645315858 16.9978682678853 12.9734034617104 15.9436767821153 20.767140308617 16.8102546308993 15.8433453318219 15.8274282509716 17.7273404055251 13.4744458084397 12.0284109497191 14.6716257935942 29.2166735405616 37.5817771242004 37.5046876831033 21.0599127520129 20.4443756032375 18.3230865212947 12.7016063129891 13.2717114161948 13.6265579455798 10.2360696358805 20.2596116534091 15.8596202776972 13.7365727562462 10.9383357410868 8.67719827550929 6.34904799502116 9.28233919923235 8.06539872418235 12.691544968245 8.71642275495309 4.58685497294746 9.43743873200841
18.4488613159648 19.0487949455246 16.2957141798105 15.1012396387669 16.8335769895851 14.5897010350731 14.4796818129684 14.8115589171024 15.1947240571952 16.4253090632087 31.3312528668869 43.0613336269935 47.242118259975 21.2981093620823 18.5133078035915 25.5797601705675 29.2873086356261 26.0789253521964 14.3693916673795 14.9980267727816 15.5865706738861 13.4179400255898 15.2694374627727 13.7281557649455 18.4768910585138 29.6890642078674 42.7948800225262 31.691568502542 15.9316095361958 11.4509421093621 8.43141840976742 9.04644116771179 10.6589039833913 11.709879238095 15.5909883505531 20.0148959297558 18.6051525320728 11.5515174550486 10.0355142329959 9.58750863061656 10.0410481585944 10.945181542151 10.9739654599718 8.76504916380124 5.39999540057303 7.5076888471094
9.63410987267662 10.6422964422167 11.4234835085964 10.2773247134349 11.5781018743374 13.8983210349654 14.3449354491266 14.82925112772 24.21918279228 36.8285926560349 25.8033594853842 17.7642669037503 20.7037787581741 33.4810179668422 39.6851552976296 37.0473514164989 24.0376033320908 28.2266885592721 24.2873842665714 22.8917781158219 31.9384174760231 19.5212042666477 10.4345712146182 12.5060186158768 13.5676978253869 17.0376821131439 27.5075424484291 31.194990988177 18.2976821978376 14.6477623751036 11.6642216519676 9.63018981286245 12.2109510429509 27.7767811214507 16.8988225302882 19.8570630762231 18.6481466584999 17.3650880473418 13.5514488949231 11.9277318048063 13.0029360666401 13.9821407305431 11.5854267640496 11.9250273541991 11.1325818549012 12.8856517685171
9.80111962109366 6.3866560243407 6.41609455349971 13.2078879491313 14.7031866626411 11.3412243087613 12.5549402620851 17.2970461705076 28.9165569412507 15.5761114015652 10.3512185823826 12.4662022831742 12.9566155312546 16.991649598224 28.3438408092526 32.1179560887909 30.2428650867554 29.5144713431481 46.4826267943455 56.2740059112137 47.1624561229793 39.032689487602 15.5764133148503 11.9792866520052 10.5467848284574 10.620955394178 13.468770333431 16.2327504228413 21.1295460634079 21.1997600972209 17.7257767246769 12.2604167998547 15.8500520380123 23.6769970525992 21.6331736489965 15.446315191118 17.6950267766939 19.113911631701 16.9605826916989 18.8297090153026 15.9139335941106 14.0235060042688 16.9586836398698 17.0417313989553 14.2726011619864 14.5212731969837
9.18857679419524 7.87236609829331 7.12000057953471 7.68463804801526 9.50507144026943 10.7674263916626 12.4517561274589 9.71585704730253 10.5902501556438 11.3297797869477 9.74469892094108 9.95524370314767 10.3211461358587 11.4080908383049 13.3146365800533 14.8521303354608 19.5508409935483 22.9289172886302 30.5889426343526 40.3722599987048 23.9057668123498 19.0619888641124 15.6525303843733 11.6317151068949 12.917723226143 8.70683703910816 12.672184062462 13.0253328125794 10.1632125885808 17.9061330852515 18.7445113496726 16.2101501018251 15.3743925448638 22.2881625583478 21.9968675354719 17.5872457555975 15.0970447140404 18.94387314737 22.1272900015069 19.6860804351566 15.4014374130675 14.5309745809262 19.1672533211527 17.3498008154936 11.5024268844521 11.4920560964494
9.99952647213655 11.3009267449058 16.2405690385567 14.231975407861 10.2658893361723 14.6354778527919 9.6273757699098 9.6524020694303 11.7248120839755 6.46532062307282 7.18066892890791 7.69733713659478 9.10642445841345 8.56969023345165 9.70520669399417 13.1035862488051 16.7833921200079 12.5864860167665 13.4398920175313 12.4720405381809 10.5705460405837 10.4274837906118 12.0216021585049 12.1218981466276 10.9508379273768 7.28487654201351 23.4771115451463 40.540068269515 56.1969889411279 36.8467770979194 16.6937450521464 15.4714745900663 13.6707802652885 17.5521518020238 26.8873680263378 32.3048011799055 23.4649070463887 21.1335181171738 21.2264231763575 16.8533145336612 15.4153802066166 18.6138797130067 20.9793201526524 16.3655541128729 13.1997402599549 8.83168248385045
12.5431155444906 18.6876996411394 17.2854895077583 12.680675394805 8.75173052268576 8.51589211707163 10.7414690540378 10.6328273584584 9.07942874981236 8.68375514829449 8.88989072793843 9.09206488666597 6.80274388610173 6.21018118580296 5.64741651431349 9.64407759418946 14.7644803105591 15.1256715522978 12.5328136188632 12.9396941657068 12.3949385691554 9.85949989795792 9.24006260996145 12.459178944795 14.7432589401269 17.2987674038636 38.5593717064978 65.6392670020222 64.1246183779193 57.4893140259725 59.9364855794717 36.1578159951718 19.2508465936296 20.3669446670664 21.1296625883562 33.7993550338633 22.3257208056104 21.9368428299321 20.2003177156194 22.4769405729766 21.7199037379666 21.2532407900232 20.897160713239 22.1439512429473 18.916977431831 10.4044306768401
13.0210591046515 12.5655720736171 11.9663189518904 11.0572150312599 10.8776198933292 10.0259083878901 11.4260039277599 9.23838647845675 8.58108955235529 8.66416247425683 9.46218699545618 9.46782396947425 9.44380390118359 8.54119297351683 7.12076397577994 8.67122090755795 10.5210034192769 10.1291187416583 9.31890503922768 10.910478703108 11.3545852133901 11.13242559724 10.8959692667727 12.9540252865746 12.6698244087148 15.0903817454827 19.0752087307479 15.8197659940616 16.610722726767 23.1806786751272 40.4186971636992 70.718171711651 35.8413612339744 18.0244780785956 32.3988336226174 30.0585587298939 27.4004221497265 25.9085518680161 25.4092154764925 21.5488089810232 22.1443306279202 21.9504791920019 20.1675459363304 19.156935813046 16.4698071566385 13.1800747626857
14.3357596590528 10.2309361032884 9.76664377622449 8.9616631837753 10.4802829448359 11.1317893895231 11.1202315735522 10.5772980665028 9.02204442489391 9.54893709231988 10.1889793426608 9.70132385581745 9.82985598579971 10.9749481533992 9.12632524933839 8.60651768291744 9.21416299621082 9.30472332202017 9.41850137911519 10.4402442737449 12.0123536812725 11.0051530401294 10.4598185836686 11.7526943122611 13.8124459718874 14.3671496549967 16.6573515281116 14.461151921016 12.2223313260861 11.5527303376017 13.7850045793117 23.4982966441993 42.9510911787134 17.8248396295502 18.9397107034158 33.2741374180834 25.6505554189857 17.2203742968047 19.3954865090075 17.5276143540393 25.5627058065238 26.8325337474004 33.772953359571 23.178655596895 14.118710585191 12.5518396574862
9.18162288142406 10.4939996619794 10.3280933900904 9.78282458195465 10.4868878627834 9.02974943001322 9.77035778299304 8.77942567863516 11.1481964311101 9.3867149522597 10.5776565415848 9.30594066822008 8.59655003406687 10.8713976862499 12.2438835368215 11.0633893920759 11.380557827872 11.0012832900241 8.30492595983979 10.5992794633639 11.7026450978296 11.7136232368092 11.0202316032212 11.7261378282478 12.8372385182901 13.9914292683627 13.5094957965969 11.186256790322 9.55410458635903 10.0965922132472 12.9936251593997 14.4821927608584 27.6944846690882 29.2807468517172 18.101256836104 17.7328493550889 15.4925031420366 15.0566171010197 14.5746763923601 14.8503358627666 19.1515183071283 21.5724405562632 20.2193716751739 26.3958364671165 26.068061781195 13.8071229769993
8.86301106633806 10.9594287553898 11.4038776200312 10.6725412772549 10.1775791896236 10.6960682845681 8.92801232456586 10.0829938615465 11.2225623918276 11.6616908633013 11.5819179643161 10.9651886651238 8.92370685964154 9.91155293299279 10.2864842952606 10.6386511732172 12.4996553303154 9.49982919945842 8.35665115590541 10.2567518657131 10.0692283843379 13.0047083277943 14.9438227731029 11.5783145427155 14.6164632639652 13.5276072405823 13.7453926339499 11.0550138252442 10.6617992969183 10.3918251037666 11.3189118635038 10.9903278682914 16.9905737464601 38.5934039342485 16.8866390948663 15.78580037282 16.6603111134044 15.5463850391072 16.9579900916743 19.6393948042491 20.1810162050315 15.3213488321476 13.0161975564782 15.477659573234 13.7438060641266 18.2026908262349
10.7149919472934 10.1015508177845 8.71802908529628 10.4844538164708 10.3751638372263 11.6590530146292 10.4627749032913 10.826583698149 12.1882197152132 11.9460333448439 10.1602977946953 10.3052475661788 10.6245957273808 11.3637202047345 10.8614526800758 11.8243551186163 11.8054234960193 9.55867549291099 7.55420664914936 8.83842605614566 9.90822531583949 11.2829285731116 13.7476127620849 14.8705008838322 14.6602003440022 14.213845439591 13.2439339758315 11.6224740590333 10.0763459316184 9.9666843165902 9.49897890307148 10.3623121208234 12.9180391728795 26.5302305784318 48.3494772566418 39.8434611903258 37.0817067121746 31.8680870384504 33.0230883858974 32.9244687673439 27.7259201909796 16.8114648658855 13.7074848260837 13.0599342566224 15.15890039532 11.4149432908455
9.69771822714556 10.2257204483427 10.2023477481211 11.0751032873044 10.7893598744833 10.2208420254964 9.71228898734033 8.63282379869176 10.6837478043235 10.8466124684574 10.2882731901723 9.50627244962047 10.1101830599649 10.8678589757773 12.1928313369281 10.7988311737323 12.0532112560014 10.4791448319345 9.32532521260425 9.76722977077996 9.3458142337049 10.0768125495937 12.54421596412 15.4689116042679 15.8834299907198 13.788586953328 14.0610541303683 10.7651347656933 10.7115474593793 10.5554820861728 10.128072469373 9.56544963448039 10.6857152291344 9.77393694218621 13.1930106981657 28.43657519659 18.8875591773094 26.5794202757488 58.8202766476513 70.8448647206178 69.2559779581585 54.0395541900161 48.9510563832214 25.9758834002794 15.8233481208438 13.7867307834886
10.5442127026354 15.2470864522725 11.159797405567 11.4651405235712 11.5249543083492 11.6942469412752 10.8097789876199 10.3708723719858 8.99361138996816 10.1709853481182 10.1441422540714 12.5945708617952 12.0265589220869 9.73713253679406 12.2706519258062 11.3986684478732 12.7414298945108 11.9155554247171 10.0902883686093 9.84165254923927 10.4373721059803 10.900899753858 12.5222675851196 15.4164776572863 14.4606074887183 11.7830265465835 11.0417150136313 11.8078009004212 10.1821578565924 9.8889173931881 10.5254078576658 10.0291709826842 11.7801805739484 11.500450914373 13.109157191183 13.7043367848943 11.8499179332788 13.1261952881658 13.0988057838907 15.7536972661268 21.4809906648157 44.0993725851141 40.0565864034823 39.212203941825 44.7894708219971 28.3771081049334
10.2320451993173 10.2850776992189 11.3384622275765 9.24877069895498 11.6798600351736 11.4908742092974 12.261841920582 11.4912732291547 10.9207344005689 10.2398580012774 11.0284214577979 11.8793534151549 10.9055286925536 12.6639216798189 11.873463499541 11.561354172965 12.3123969140521 12.2289681581411 11.2834384574813 12.8705992546196 14.3847544993854 14.2445654724701 12.6986857771657 14.3551581853227 16.160997128068 12.9005814598373 12.2092435283977 12.425122998789 12.4039787375652 10.9218812360502 12.3471762546475 9.40635679746949 10.3062606231351 12.8378271791597 10.1637447140584 10.1257072798392 9.15635555422648 11.5357398532711 14.3279443097921 15.4602736017291 13.5407978877152 33.7521713635861 41.7172501496832 33.1806896324728 48.0607139161392 58.0785278296433
10.3052441890265 10.0480608665529 11.0687178513413 14.3075691989615 13.1187423960604 11.9181300941573 11.375128738281 11.8293194926625 11.4221069817545 11.4426144864824 11.4542790254826 11.1174719750272 14.3680665764341 11.7346663297902 9.62188004687488 10.0106213498046 16.2757922383432 15.28069431507 13.6266125751304 14.7910897017794 16.5662855373355 16.8469873168227 12.5709349336163 13.2839930470454 16.7751057774374 16.468732686605 16.5669514965725 28.3711361550462 36.5153528869989 31.146312512805 42.7395558882531 33.2525511470518 13.7104212293649 12.9677565803182 13.0256326361709 11.3378438315903 9.03875854268765 11.0600811477813 17.1200844174111 15.8632168612162 14.7792564587526 12.2615996246381 13.9590330798752 24.4842798971829 24.1024525882259 30.1844979277945
10.3756848066067 9.52293404670179 10.3006051969023 13.280532872874 13.9544167961349 11.7994331097383 11.9925112548137 11.5574617526275 12.1754533110357 12.7987922878596 11.7560191785026 10.0796672754193 11.492818322218 12.0425468737111 10.5559505812369 9.86710754007335 11.7292572211212 24.4615977434096 12.9427660290434 14.3232928644788 16.0622491410241 17.4822203103977 31.8500834768477 20.4339574800343 22.0724605993697 30.7721631232587 28.3985324081969 32.6006310278105 58.537590114097 25.3621448267955 15.8911640131613 35.0262889621264 21.4330900210038 13.6641721054058 12.3871238643944 10.9940673955794 7.95839702190399 8.97924066566364 9.82188323467373 14.1446476460093 13.6207306502127 14.584703213491 14.0422795633109 13.5164868933007 9.22178529539872 12.3637529862453
9.84603462773383 9.77206818054534 11.0502646947911 10.4061651330728 11.824424156932 13.2721725802481 12.4829503855753 13.8177213535459 14.4767458455144 13.0533091728543 12.0444464078304 10.1295174058282 13.1184537732669 13.2173771321199 12.0944831790132 11.1169495769484 8.95537035128796 9.53159271498075 10.6758321637732 19.5497033551895 16.3826419279217 17.6307676571829 25.2706728024685 16.0974104375414 20.3455836902715 23.9957806329632 43.7328411972726 42.1402623298051 51.4386722557582 37.8204771786853 14.3022999298588 36.7981835040597 15.6791673468396 13.5371972547925 13.8071990327604 12.9596824847027 11.4747884951723 9.83157107087237 9.79779392550436 11.1301598970312 12.9408369837027 13.2316799338627 13.6175874303772 11.3978230310982 11.1421414444567 8.8082611890058
12.5541269247243 12.0316503354983 13.2526393634405 16.7809222144446 11.1976970549131 11.434215719857 10.6686634365969 10.1651304718878 12.1519553705378 13.8814852235953 11.705859700497 10.5006958681823 11.3931894440088 12.5805873460771 11.3662596769188 11.4195959248478 10.4685969265102 10.783600881638 12.2463611432621 19.1225762781809 17.9972521941628 17.1726393366349 15.3103621854643 21.6079745519321 27.5209576536542 33.3918644320376 26.5233607229352 18.9442080437419 16.1933691867107 24.7529264640229 16.5516958142082 48.3019169982027 14.939233706625 13.2106386796763 13.238497746431 14.8692992294141 15.8535285093258 15.2110911234869 11.802900613335 10.949038144095 13.2737534386716 12.6017630381588 13.6680371729841 13.8850647041514 13.0847475820323 12.9909075993886
10.2599478020713 12.3654173793184 12.4172912899532 14.1398953833811 17.121909015568 12.4512600629617 10.7153277265001 13.2512540162229 13.7231131015096 13.3266206625716 14.8871779601754 10.4824091779692 12.2365622174363 10.619526580691 10.3497200899442 12.1794514435857 10.8748780928301 19.9643016984226 12.7250665610697 10.7907722239589 11.7821865289245 18.1929547765552 14.4436316898174 15.9839083402967 18.2698445134444 25.3487791583504 23.1695602982994 20.8642855397618 17.015900930982 23.3937305551468 14.9045766631228 28.639587803465 24.225743239802 14.3806771584697 13.5649867879072 14.3575033667083 12.7486278900835 17.1284203058675 25.812361644857 21.6030104297671 12.7416316314656 12.4448969146976 15.1699401472844 16.0742894390766 15.4926334789979 17.0794939885527
10.1561971034491 10.43698136967 11.5887275272116 13.211896035668 13.6100739133868 10.1499711978813 9.41210388712453 12.5244276570235 12.4240603936703 11.3482183464466 11.1900981616157 11.6664822637614 12.5378063628878 11.6051874407527 12.0131246938291 11.9368922436278 14.2175843401477 17.9647323450428 19.3678466083283 18.7746997693312 14.8365173128399 13.6517685014801 13.3610734226828 12.6446029680078 15.9788212024683 24.2721130581172 25.4462308501532 17.8275487889557 15.2347922864413 17.5656736387032 15.6988441922506 17.6852022013305 21.6352708692446 13.7404028014441 13.2007771216312 13.6443176058571 13.7020821041385 13.4740731316642 15.9297123323383 16.3526965537414 13.8523636770571 14.4519676182631 20.760799166771 17.596682884781 19.8002261586106 17.2876854130126
