0,24.3951320481123,24.5013118667908,27.3390949493549,33.0581705401442,31.727039876762,35.8369084377909,30.9547949224689,63.3430066601354,66.7927510216646,94.1231812124156,60.133621018032,60.6420822991055,65.2555950457276,65.7984867601552,70.3945137645384,59.0365989535716,65.8491740856697,62.8216449348072,58.7504601521289,41.5104209355279,45.2591089302738,43.1572299699379,74.5579545302848,118.201787144977,129.982672012099,68.5599176036246,67.7400793843251,62.817221368655,58.9580950420613,56.1139472956706,60.5179954705232,88.0068160146652,47.9194796613451,75.9740361280379,72.3807774723405,61.9668459221226,80.5424071033195,84.4437443969013,85.327952398949,81.3492803775463,82.1489232203327,81.7467662069607,81.9813125814927,88.1077137088197,89.0867449497074,99.0641133473249,88.5879903900523,96.8288174614371,88.5412324372885,89.7268141477546,45.2380288586827,43.4876408950347,45.6966617089961,47.7160744075544,47.3175253832938,45.7814697522127,43.58165994645,37.318597020197,39.8058869917245,38.6564955880719,38.9245453373333,39.7937069310567,110.940706501665,44.4968359992723,56.3189044896694,98.8239834126316,100.412237264547,98.0740568448716,93.6793686347555,85.4385972055809,83.8890479734803,88.5918338628653,87.1751574168362,84.4921539893571,59.0097877442276,66.8070260702432,68.1063085929586,39.7301095640511,43.5028969951212,56.8597592215448
24.3951320481123,0,27.0503071510755,24.5130877133226,26.8071891420249,32.486553899024,35.8777426198505,29.2847389947077,62.4728484117801,65.926688370407,94.207386934209,59.2978402173892,59.7984670970541,64.4045169997385,66.1069642439236,70.6425072857777,58.8661667686459,65.6985212060462,62.6412723488203,58.6120082618581,41.9652188132481,45.7646295646587,43.6679760013266,74.3991842077641,118.404720950544,130.167044233979,68.2349057781835,67.4654660146984,63.1996538497715,58.0883593016297,55.2371296472585,59.6666093556598,88.2057355653202,48.467142947376,76.1990654351133,72.6107878346649,61.1511467198258,80.6507053398954,84.5540206947313,85.4366357171501,81.4436040420847,82.242561673082,81.8386102006825,82.0726598358029,88.2027488631515,89.1866842827477,99.1605453671532,88.6858641020356,96.9256631520608,88.6381964729557,89.8289763487521,45.3080833996906,43.5712043924634,45.7983925323069,47.7190518679213,47.5525429580545,46.0052721084108,43.7787057971307,37.9285223884036,40.3828564188166,39.3233579428165,39.6034247690363,40.5950019767688,110.633147431134,43.8012207050137,55.8535622824306,98.9543949495213,100.54520893398,98.2059300061403,93.8097050259177,85.5220078372752,83.9727499529688,88.6826904733985,87.2668018752891,84.5680591097548,58.8738248744942,66.6927862500611,68.190307489832,39.891026558842,44.3940008891045,55.9346635219412
24.5013118667908,27.0503071510755,0,33.1122306991789,35.3879894234916,24.935426736957,31.8671622279263,25.7950782871769,63.3950414845911,66.8324823250755,93.8188187940371,60.2933554936325,60.7941861078257,65.3626718959818,65.5613628011318,70.1043811264438,59.8917832576357,66.6900585485728,63.6592980021392,59.6056614425921,42.3260894023903,45.8953712546314,43.8715383535703,74.0517127520711,118.018468905071,129.776811517885,68.0421772738765,67.2092042641801,62.7351701707034,58.6636601418035,55.8053398211635,60.3473821560346,87.7961247968148,48.3044853671269,75.6546878406536,72.0529953287515,62.1748336208611,80.2536068889752,84.1568964930747,85.0408250428588,81.0474679731093,81.8472393149181,81.4430444018618,81.677854511255,87.8106311257714,88.793609233622,98.7687865890938,88.2930560647556,96.5340923544285,88.2457816188034,89.4356578011023,46.1386256994775,44.3993095479896,46.5840181349736,48.6299174690052,48.1146916870356,46.6098333748522,44.4407349152244,35.8651352648228,40.6444846192584,39.437888041759,39.8349593472628,40.6347727675507,111.664096505395,43.0489620133339,55.6357462451963,98.5597104533745,100.150466133478,97.8111395381242,93.4148729494473,85.1314285756945,83.5817310128675,88.2913214081856,86.8749847706203,84.1791578155608,58.2634206562982,66.1084487849905,67.7233934954411,38.8144428390388,43.5126448441779,56.9014819147784
27.3390949493549,24.5130877133226,33.1122306991789,0,25.2320657401598,36.7787415469221,39.3135410963487,34.0762502582135,63.2756607865831,66.7421954773453,95.2971932694812,59.9796443190126,60.4894572046856,65.1451556506582,67.1182935205544,71.7068636489234,58.7656484130563,65.6157188082884,62.5609618471012,58.5129375220116,41.95662967746,45.9411780022046,43.7700455163773,75.6963924846306,119.371376990157,131.156389306661,69.5600313373341,68.7972932568431,64.0614922386367,59.2635574419979,56.4288282459313,60.7060312258862,89.1987467586862,48.8918933134578,77.2919595425228,73.711043552017,61.7785366286,81.723990565503,85.6253181059322,86.508321139834,82.5301966290331,83.3290897956274,82.9271896677941,83.161033346596,89.2848589609854,90.264701561457,100.240898488691,89.7657327712937,98.0054194186589,89.718622473571,90.9049601543411,45.1654834774037,43.4170983624928,45.6719758215432,47.5582157185583,47.5297230990599,45.9495912336361,43.6889041562623,39.8523250917263,40.3797668537232,39.3989842431373,39.559868201609,40.6553140062467,110.681497888274,46.0146492781974,57.3521899697132,100.002908278064,101.591170687417,99.2530550992866,94.8584338733324,86.6145005492086,85.0653569693013,89.7683503754097,88.35207947419,85.6666132892746,60.3817339262366,68.1562880552526,69.3525620283885,41.4980421566258,45.2217565235891,56.7570656099424
33.0581705401442,26.8071891420249,35.3879894234916,25.2320657401598,0,37.8260651425937,39.8250956793704,34.1123333179483,62.7450680100965,66.2161511511418,95.6509606581917,59.4857951940613,59.986937958261,64.6347456297938,67.666323077334,72.1986333211024,59.0301359993263,65.8983221147688,62.8123232164928,58.8104847504112,42.8180193725167,46.8012936127227,44.6526845124083,75.8264875964324,119.841428353179,131.607743286912,69.5445628445235,68.8263158530221,64.6921320746549,58.7476987532286,55.9076522661107,60.1989854652393,89.6613897666439,49.7326694883142,77.7613332153321,74.1835246855946,61.3069465551323,82.1001704539791,86.0034217159436,86.8850410490018,82.8928942318636,83.6912207110121,83.2875458137215,83.520999004612,89.6487432436167,90.6332455269822,100.606188014524,90.1322972053418,98.3711353463509,90.0843492988886,91.2756399928776,45.6834281040525,43.9516652172685,46.2180683726898,48.0120771286982,48.1845167398416,46.6011275139193,44.3221960731366,40.5280225753076,41.3489279830542,40.4220285384349,40.6305978434788,41.7939679506839,110.785444388914,45.8360514832905,57.2241630786749,100.400964317892,101.991717064914,99.6525231654024,95.2563969001127,86.9672555501464,85.418343228655,90.1282564959367,88.7126982232464,86.0122712224675,60.530690455931,68.322872222513,69.6980410001464,41.8803581188075,46.2273705175726,56.1673866822696
31.727039876762,32.486553899024,24.935426736957,36.7787415469221,37.8260651425937,0,25.1078103268521,23.4035677523491,63.2579211107081,66.6831479838622,93.3161193663568,60.2553826544782,60.749760905682,65.2760622410063,65.1354408081203,69.6230907940927,60.4631985595447,67.2489330619852,64.215683693726,60.1767786918515,42.8766386045292,46.2947827916274,44.3402026776062,73.339498306444,117.636729095684,129.372711384116,67.3185161599438,66.4710202648641,62.4625974402521,58.1906814596156,55.3190101735572,59.9943063998907,87.3882462197981,48.4847619785962,75.1433983534668,71.5336350279889,62.1808067001049,79.7667613685075,83.6720093749151,84.5556141732573,80.5475355360495,81.3474120759086,80.9411775381848,81.1762307597817,87.3153281654602,88.3022908872717,98.275233629904,87.7999268428766,96.0411370202814,87.7521231693241,88.9463306557917,46.7477704953029,45.0177827403806,47.1820476549482,49.2502359729057,48.6365211198676,47.1585899756058,45.0154593378372,34.1126297838277,41.2278371412471,39.9855701515962,40.4909126400689,41.253914204848,112.122237712189,41.2257992628634,54.7366552039399,98.0973533697005,99.6906157764516,97.3501435865516,92.9522983892992,84.6259637997249,83.0761285595053,87.7925578693414,86.3765744336004,83.6677950769083,57.2896999576759,65.1880494666555,67.1424809060231,37.655169403862,43.4316305214482,56.7607651422644
35.8369084377909,35.8777426198505,31.8671622279263,39.3135410963487,39.8250956793704,25.1078103268521,0,25.6641477405101,63.0442134478771,66.4574467521153,92.7217023911768,60.1315183563156,60.6206236332557,65.1079266720378,64.6254973836301,69.0562158795981,60.8637042994031,67.6382707780958,64.603438951597,60.576433438541,43.2613195691887,46.5527552000872,44.6584440759592,72.5303420983171,117.161579906164,128.875657405166,66.4996773905509,65.6356471148829,62.1023056195489,57.6562489434326,54.7724439609616,59.5735790633268,86.888395040209,48.5543244668495,74.5460974066109,70.928678026695,62.0963567277531,79.1882198795287,83.0954060722905,83.9786559065022,79.9560129743905,80.7559755789139,80.3477250373293,80.583002756795,86.728300825364,87.7192261456324,97.6899296146434,87.2150649613191,95.4564199280234,87.166729098812,88.3652406892165,47.1769334263021,45.4546481151607,47.601511719677,49.6895970261137,48.990146854258,47.5354809125923,45.4145781016498,32.2972494456837,41.6476382944829,40.3832764390038,40.977068066201,41.7220691317655,112.427128601715,39.1053747646532,53.7339374111789,97.5429498918297,99.1386899404114,96.7970877764714,92.3976846217,84.0288446748465,82.4788811113587,87.2020905520332,85.7864658810156,83.0647972992645,56.1953241558192,64.153100627192,66.4706207171845,36.3575482502479,43.336483919093,56.5500477277008
30.9547949224689,29.2847389947077,25.7950782871769,34.0762502582135,34.1123333179483,23.4035677523491,25.6641477405101,0,60.729412585837,64.1581993789872,91.7980267692109,57.7617647899817,58.2488329191813,62.7670936460839,63.8547384111441,68.2871509724983,58.5437552712162,65.3467814766376,62.2881863233393,58.2846555648042,41.4997125472481,45.0056728881969,43.0345649066841,71.5889795219805,116.223824235233,127.944205894589,65.3818298363273,64.5926269539066,61.2260693364498,55.642317250973,52.7611190116824,57.4768657565161,85.9772423073225,47.2982985090307,73.7886597151003,70.1867297130749,59.7063475763382,78.2721159152557,82.1791319194743,83.0610105035591,79.0402139004142,79.8392903895795,79.4315129059903,79.6659466415107,85.8077062310726,86.7992603603513,96.7687727342321,86.2949941122394,94.5350009434476,86.2462886471678,87.4453368708889,45.033835843967,43.3138077441642,45.4977084542936,47.4764217430776,47.0845561713112,45.5903461830663,43.4180850451823,33.8323402372807,39.939557335704,38.7823294567773,39.2570246657953,40.1308082334818,110.08738256749,38.6797702614837,52.6429340574342,96.6218369069814,98.2173927753984,95.8759535144565,91.4767495491729,83.1076260794525,81.5581519934672,86.2810392961873,84.8658617166807,82.142377238944,55.606590287358,63.5227299039199,65.6423384840305,36.3994044082609,42.6711263570043,54.1793416891297
63.3430066601354,62.4728484117801,63.3950414845911,63.2756607865831,62.7450680100965,63.2579211107081,63.0442134478771,60.729412585837,0,29.6855107310296,108.046050851178,41.6299564117918,41.0944149757882,40.1747096666511,82.5343854228632,86.4838157642904,70.4134452309576,77.142223954028,73.7145779251841,70.4841955332627,60.3913365540314,64.2580971479591,62.2872766878027,86.0849123951349,133.599034402015,145.153598644786,77.6364619625036,77.7993250943431,80.2934594069169,57.2968606158716,55.1392414039962,52.3181213619956,103.370725695383,67.0134333961869,91.8451323087387,88.3378970631578,47.0754763844519,94.7824144367445,98.7080671050063,99.5697893406678,95.4163949240285,96.2055626231139,95.7822893180634,96.0087461745464,102.172963002532,103.214626405478,113.145566571755,102.68983877823,110.914869830424,102.63091143496,103.882614716168,60.4813588260485,58.9970126515211,61.26401886771,62.2003203548526,64.1665492598694,62.5923361367559,60.1923848180468,59.2367178849916,59.5509251207702,58.8559463715915,59.3640070796227,60.7735766657933,117.697057515586,62.6838381234338,66.8402883896361,113.331536632536,114.951591097806,112.599896769514,108.18626602231,99.3577386953128,97.8130313602328,102.603917962432,101.198095327687,98.3155164779401,73.3827496580136,80.9320811324994,82.3361172230653,57.6484221466455,64.5940525379313,42.0171673516277
66.7927510216646,65.926688370407,66.8324823250755,66.7421954773453,66.2161511511418,66.6831479838622,66.4574467521153,64.1581993789872,29.6855107310296,0,111.336054244801,45.5636670433961,45.3598905608521,44.4574274889309,85.888704688064,89.8215785113557,73.985957248957,80.7117380692055,77.2899417953827,74.0507928488552,63.8687705056605,67.7202625172783,65.7548959601035,89.3175130732367,136.930715054554,148.478566532412,80.8145874586741,81.0009169416118,83.6743710266236,60.4161681935703,58.2881031876761,55.1096515635946,106.699348263174,70.4541767161586,95.1767211080913,91.6708305839131,50.7960671179311,98.0806682824038,102.006999802513,102.868192878056,98.7098872733503,99.4988216882161,99.0749416350566,99.3012275219456,105.466696167767,106.510043135802,116.439779782734,105.984546086795,114.209225714409,105.925306880253,107.178795570272,64.0085966798075,62.5219558565275,64.785823530037,65.7388163440743,67.6635505410683,66.0929420481197,63.698387893096,62.6248769119377,63.0227427602968,62.3209589349023,62.8344446269785,64.2366232053865,121.298876304386,66.0518897605441,70.0895863356545,116.637482472617,118.25842538119,115.90634765602,111.492181608496,102.647497740769,101.102894927105,105.896217591218,104.490666294426,101.602722486909,76.6862518560949,84.2282112199332,85.6298354007144,61.0029580421846,68.0148692912186,46.2648307730758
94.1231812124156,94.207386934209,93.8188187940371,95.2971932694812,95.6509606581917,93.3161193663568,92.7217023911768,91.7980267692109,108.046050851178,111.336054244801,0,105.466003458483,105.977768457233,110.247343993242,86.7866567103433,87.0804975313916,106.862427314493,113.476480892326,110.552023234397,106.439673487013,87.7913269628849,89.695443896938,88.6214026523953,96.219452181038,111.66481994866,118.686423830171,96.343797910862,94.5386066104183,89.2809902711105,101.774712429423,99.0735871765119,103.177855557767,84.908919704498,89.7488504070047,92.656856296235,90.5155433808243,107.575245177093,52.427026415878,56.4808638751989,54.8106771668328,53.6786479874011,53.0045622114309,53.8943607738616,52.6594319828696,47.4709512576671,51.0343833462537,55.3638681152879,50.0150035165329,51.7105545044625,48.4453669345691,52.240386989761,92.4024377324443,90.7207215501407,92.58463315532,95.2940165397118,92.555122450889,91.5398537302426,89.8270407268791,85.5925577335666,86.9882689321716,85.8768543955124,87.1250128162757,88.1116695404454,158.327635977029,92.8197487029487,94.9439343258244,71.0069674939953,73.5957188875335,70.9555825383138,66.1107932669756,48.6254645631697,48.635158845517,47.0114620011379,47.4811080891369,50.6249974279286,95.8841574428854,101.442313829892,77.7102341783999,81.9763432612086,88.7176049874346,102.102684246893
60.133621018032,59.2978402173892,60.2933554936325,59.9796443190126,59.4857951940613,60.2553826544782,60.1315183563156,57.7617647899817,41.6299564117918,45.5636670433961,105.466003458483,0,20.0441827404245,34.115770188093,79.6331953764862,83.6814198569284,65.105183309864,71.7740419182844,68.2770479053419,65.2296345390114,56.5694348277926,60.5643866934981,58.5565000623048,83.8846030380263,130.777374627208,142.372287581788,75.7053116495336,75.7699167491706,77.2066566211962,56.6639712287966,54.4129832238594,52.7009353727121,100.57528297053,63.5045644860397,89.0840238211187,85.5742105054267,30.1125390216571,92.1585902038937,96.0803104909729,96.944495889266,92.8198398597357,93.6099665962247,93.1903586819028,93.417433655499,99.5730190682724,100.605370877352,110.542656186192,100.084573708631,108.311038630657,100.027265444806,101.269040719562,55.9759389186594,54.5431305829392,56.82893559289,57.5411231481732,60.0403404411005,58.4360466246818,55.9783922721265,56.3787745435552,55.818798602022,55.1968759976812,55.6730333089319,57.1595013370723,111.166266267965,60.1547967406073,64.8507345431304,110.662022942451,112.276962044495,109.927507014301,105.516992422193,96.7801679534164,95.2350799796364,100.011937690834,98.6047613287665,95.752008020342,71.0070256182735,78.5596697298005,79.779540263397,54.9858417946768,61.3438279313383,43.1333200329918
60.6420822991055,59.7984670970541,60.7941861078257,60.4894572046856,59.986937958261,60.749760905682,60.6206236332557,58.2488329191813,41.0944149757882,45.3598905608521,105.977768457233,20.0441827404245,0,32.7750075095821,80.1552012904537,84.1985673017266,65.8668636253018,72.5507075721519,69.0600353090819,65.9879537313887,57.1532869911122,61.1387130124897,59.1328267951817,84.3746387769463,131.300552702928,142.893425914638,76.1871754708418,76.2529782947729,77.7403002538976,57.0180962159841,54.7644828322788,53.0771713398707,101.096423069908,64.0646041011877,89.5987443062638,86.0885693495773,33.6563140633934,92.6720502301101,96.5939557513948,97.4580804017045,93.3320445007375,94.1221619295583,93.7023677413685,93.9294475963788,100.085565414013,101.11831558721,111.055359234884,100.597341311919,108.823793682526,100.539973908776,101.782179015991,56.6359881960841,55.1960675143797,57.4813779011843,58.2182356730459,60.6599613465606,59.057893573878,56.6057240936423,56.8755726166178,56.3922178957837,55.7635625981637,56.2408298712942,57.7204414097652,112.129630259722,60.6177938010014,65.3053241360848,111.177740203281,112.792917576717,110.443355283156,106.032692380538,97.2917198383128,95.7466293338359,100.524140011664,99.1170075155656,96.2629642711289,71.4844233147128,79.0403739908611,80.2861419990013,55.474796826392,61.8775359361286,42.8917924045286
65.2555950457276,64.4045169997385,65.3626718959818,65.1451556506582,64.6347456297938,65.2760622410063,65.1079266720378,62.7670936460839,40.1747096666511,44.4574274889309,110.247343993242,34.115770188093,32.7750075095821,0,84.585340699491,88.5823931861225,71.2537282458864,77.9520321310872,74.4892449211231,71.3517013021738,61.9858528715308,65.9169763412647,63.9277400677837,88.4724598955792,135.684602234693,147.258593510059,80.1502741533572,80.2687320771144,82.2532175537859,60.5555464617296,58.3536052840988,56.084698900143,105.46943824965,68.7651317532225,93.9639255799785,90.4558257084416,42.8197856581791,96.9630343231337,100.886803337182,101.74966142081,97.6100548841077,98.399653035886,97.9781468843793,98.2048723049298,104.364852172743,105.402087803958,115.33602105718,104.879202845739,113.10487627481,104.82103721164,106.068015521536,61.7290499661654,60.2709047300727,62.5473311728608,63.3700530539645,65.606106109401,64.0168169526622,61.5877468868662,61.3235043506147,61.1913813077627,60.53350633911,61.0257514378934,62.474396843773,117.916190268977,64.9442801603233,69.3559661038467,115.490189765141,117.107796468213,114.757175983886,110.345038838923,101.560297482553,100.015424566883,104.799596681558,103.393141743072,100.524758245618,75.7042093183206,83.2520869222787,84.5520535949592,59.831081589449,66.4785256931426,46.430918632758
65.7984867601552,66.1069642439236,65.5613628011318,67.1182935205544,67.666323077334,65.1354408081203,64.6254973836301,63.8547384111441,82.5343854228632,85.888704688064,86.7866567103433,79.6331953764862,80.1552012904537,84.585340699491,0,47.8205731919069,78.5600404204292,85.1484142099752,82.2869804282751,78.0730717543079,58.1956014668629,59.7031967311299,58.8011336784129,79.1394216221732,108.752661526603,120.590610258466,77.378902823097,75.6913384580594,52.235054732471,76.9797390248805,74.2115565338176,78.514370007212,76.5274592728473,59.0655781372701,58.4842120392799,55.6893275413487,81.5905114522212,72.2505519170605,76.1041488009984,77.0950559693176,73.4499853684139,74.3022407503704,73.9371245012156,74.216090461698,80.3669115520175,81.1889764597537,91.3072760176534,80.7500639920101,89.0712256751625,80.7423279024248,81.767013174847,63.5530537385383,61.8468531188458,63.6587102482338,66.5947586791849,63.2646085201359,62.3042918577202,60.6772675851198,56.9470013459806,57.380333402945,56.1814411626253,57.5973697646293,58.5112007215986,130.45651610723,65.627322847792,70.6935967226782,90.1864620992651,91.7184259617074,89.3997786680119,85.0341924242596,78.0457559761359,76.4723922611503,80.9822177620489,79.5276794024671,77.3600455359251,70.5361098088805,76.8301287303142,61.3798879776901,53.8131500144411,58.4031097949221,76.4247690770697
70.3945137645384,70.6425072857777,70.1043811264438,71.7068636489234,72.1986333211024,69.6230907940927,69.0562158795981,68.2871509724983,86.4838157642904,89.8215785113557,87.0804975313916,83.6814198569284,84.1985673017266,88.5823931861225,47.8205731919069,0,83.4207920350673,90.0245479517505,87.1372870004643,82.9610575774802,63.4911725007121,65.1722111159607,64.1752321128946,80.4860249104697,111.574312596275,122.922453027952,79.5805772108172,77.7463739461951,61.6133247562268,80.6785738549249,77.9202600561157,82.2243662873647,78.9008930796145,64.8008672291961,45.7705650848949,46.1380672186915,85.6853545582414,72.637317050635,76.5365320756535,77.5612111444492,73.5590017190591,74.4417343008225,74.0205976501142,74.3313841491705,80.7177892919993,81.6009639410146,91.7098315863013,81.1288591852944,89.4934340076017,81.1215414653504,82.2171128922281,68.6295476549214,66.9284502425737,68.7723172742413,71.6041990859323,68.5728501342231,67.5667990895426,65.8895251290095,61.415408364799,62.6135835195114,61.4115084012382,62.7620367589497,63.6655062366329,135.17586064247,69.7396411107338,74.0193662905686,91.2068937439095,92.7930960415103,90.4479604136785,86.0462474090024,78.2136426899781,76.6229806731295,81.2775540379544,79.8167100241894,77.4506298582511,73.7625095766156,79.7601924825553,59.0201397441839,57.9240861104141,63.5869148008625,80.4033925952034
59.0365989535716,58.8661667686459,59.8917832576357,58.7656484130563,59.0301359993263,60.4631985595447,60.8637042994031,58.5437552712162,70.4134452309576,73.985957248957,106.862427314493,65.105183309864,65.8668636253018,71.2537282458864,78.5600404204292,83.4207920350673,0,37.5607335562551,27.0699785067012,26.9175541340899,47.4782672058483,52.572050195495,50.3481008793102,88.4279165143845,130.147543745046,142.086032143066,82.2753862705229,81.622629930127,74.4896909656709,70.5587710327599,67.8897717558851,70.5995469771731,100.198698079135,57.2170366264667,89.1761027784514,85.6619960956708,65.8464217320308,93.2005888151076,97.0894263932307,97.9723782419958,94.088766073399,94.885773627948,94.4971960283274,94.7283723789531,100.80789893644,101.763650948643,111.75219416915,101.275882877849,109.512601986907,101.231573082255,102.391512635344,36.5358548990359,36.1480876701744,38.5145326474855,35.2649919807692,46.2029016827844,44.3219556577956,41.1467870194367,56.7401069102884,48.0289473853972,48.182196693158,48.575759394885,50.8243793417633,92.0942094511289,63.3991088030412,71.1821178718015,111.318124647568,112.890322223641,110.559681671164,106.175313557628,98.2001794076914,96.6525276527717,101.31242843038,99.8945528394825,97.2873831478618,74.543149979828,82.0598077447258,81.4825757663289,56.5240917553092,57.9981214977187,64.7727181432066
65.8491740856697,65.6985212060462,66.6900585485728,65.6157188082884,65.8983221147688,67.2489330619852,67.6382707780958,65.3467814766376,77.142223954028,80.7117380692055,113.476480892326,71.7740419182844,72.5507075721519,77.9520321310872,85.1484142099752,90.0245479517505,37.5607335562551,0,32.0350181038329,26.7171993230438,53.9620570122154,59.040051998855,56.8426689410316,95.1091087050561,136.715207139253,148.662277428882,88.9785918416875,88.3208393714042,81.031595626994,77.3292235949493,74.6622436361149,77.3556964321149,106.776809190536,63.7121326945566,95.7882660149458,92.2761807546733,72.4722653288699,99.808214496604,103.696314487972,104.579446060601,100.701335144983,101.49834830862,101.110515542837,101.341644696259,107.418958787795,108.373157399165,118.362615139657,107.886086089133,116.122807981175,107.841997227046,109.000255160909,41.9083170531012,41.8919828310176,43.8944335726454,41.0771979095198,52.0710292157065,50.2316386091666,47.0332229133955,63.4590923866838,54.6143055265529,54.7881530816873,55.2153928680241,57.4747259730897,89.9214086258966,70.1606467753657,77.9153451517195,117.916577893866,119.487819559902,117.157613736641,112.773844993958,104.815136491658,103.267507761944,107.924832019932,106.506797460766,103.904636399867,81.2498383660584,88.7598273425804,88.1171745037646,63.2266142402786,64.6409101548984,71.5546930644234
62.8216449348072,62.6412723488203,63.6592980021392,62.5609618471012,62.8123232164928,64.215683693726,64.603438951597,62.2881863233393,73.7145779251841,77.2899417953827,110.552023234397,68.2770479053419,69.0600353090819,74.4892449211231,82.2869804282751,87.1372870004643,27.0699785067012,32.0350181038329,0,25.6802402715287,51.3338614016268,56.398204073766,54.1880669965648,92.0791492996129,133.860377295454,145.795131301714,85.8966707007207,85.2550535484534,78.233355809809,74.0645965674585,71.402400558407,74.0417132585407,103.909979669245,61.0165168339151,92.8885420378341,89.3750628264951,68.9415923085331,96.8947199732819,100.783939588225,101.66660660694,97.7802191450894,98.5771059761592,98.1881808482231,98.4192714753268,104.49954358032,105.456230612896,115.444113900043,104.968066763908,113.204604444328,104.923586597673,106.084519011109,40.221005513159,39.9531162682605,42.1742320334108,39.1909052404377,49.9407926949106,48.0824064996773,44.9158790169891,60.4748503525934,51.8906532020719,52.033858078858,52.4400693726696,54.6756119317882,90.6621203233222,67.0886066796223,74.8121976337232,115.01659314371,116.589287609527,114.258432248268,109.873764258837,101.889602710362,100.342002610075,105.003275767579,103.585546627674,100.975385493145,78.2170390950948,85.7329848776473,85.1721755041398,60.2330312084446,61.785091932234,68.1459752462964
58.7504601521289,58.6120082618581,59.6056614425921,58.5129375220116,58.8104847504112,60.1767786918515,60.576433438541,58.2846555648042,70.4841955332627,74.0507928488552,106.439673487013,65.2296345390114,65.9879537313887,71.3517013021738,78.0730717543079,82.9610575774802,26.9175541340899,26.7171993230438,25.6802402715287,0,46.7478052400678,51.8530019527465,49.6456640653757,88.1171446763608,129.650546755118,141.602236683046,82.0176333244932,81.3487763893543,73.9344371242537,70.4851910966485,67.8121116938889,70.5693913149159,99.7149434512083,56.5550451973677,88.7296924650904,85.2172795463976,65.9946086700816,92.7663079393691,96.6539531337638,97.53737618875,93.6625876335276,94.4597152138194,94.0723057242458,94.3035095197117,100.379836428638,101.332954391805,111.323151428702,100.84634555347,109.083238676355,100.802445599011,101.959551902658,34.6502995888703,34.5664563451653,36.7000829647084,33.461249398776,44.8928227889974,43.0306420441878,39.8149331088059,56.3939977381138,47.4091252061996,47.5958313348259,48.015823352057,50.2893986025085,88.5880666581577,63.143877869365,70.9501839484844,110.869405704491,112.440056350768,110.110108781941,105.726699605108,97.7786081508697,96.2309337623954,100.886633613987,99.4684406616797,96.8697421065018,74.2400558664792,81.74981162085,81.0830341600026,56.1834045251502,57.5158750307715,64.8353527923186
41.5104209355279,41.9652188132481,42.3260894023903,41.95662967746,42.8180193725167,42.8766386045292,43.2613195691887,41.4997125472481,60.3913365540314,63.8687705056605,87.7913269628849,56.5694348277926,57.1532869911122,61.9858528715308,58.1956014668629,63.4911725007121,47.4782672058483,53.9620570122154,51.3338614016268,46.7478052400678,0,22.8099275265878,17.534142397737,70.9385459780622,110.15875097819,122.249041669021,65.7183936144819,64.7641198046718,53.273465183487,57.3533965626365,54.589360804841,58.3664516676415,80.296665404687,31.8524382406892,69.4311293766034,65.9149280868909,58.0923575199012,73.9637158926649,77.8374512187017,78.7296338216096,74.9566772997015,75.7571320734186,75.3827900600036,75.6160999173822,81.6615439380365,82.5818223892403,92.5943485715823,82.109296035084,90.3511721478615,82.0710913002503,83.1931821020632,30.3827125813786,28.4697973325524,30.2815356607064,33.9624064402546,29.6260466600273,28.0620101363267,26.3444404157661,37.9849637109461,19.8349094855559,21.8733250937546,23.6433737719726,26.7611871657274,100.865750266312,46.4858623717962,54.9121797310119,91.9060291466685,93.4586962884122,91.1366033344977,86.7641345995601,79.1394116028312,77.5904669488925,82.1964391836914,80.7735053045162,78.2802884913119,56.9100277002838,64.3409947885259,62.56671721571,38.0165789879976,36.0566345316785,54.2228013445581
45.2591089302738,45.7646295646587,45.8953712546314,45.9411780022046,46.8012936127227,46.2947827916274,46.5527552000872,45.0056728881969,64.2580971479591,67.7202625172783,89.695443896938,60.5643866934981,61.1387130124897,65.9169763412647,59.7031967311299,65.1722111159607,52.572050195495,59.040051998855,56.398204073766,51.8530019527465,22.8099275265878,0,18.0982823959672,73.4476784553848,111.700882160481,123.853332672194,68.478446184296,67.4569074714274,54.3395316021483,60.8585975629573,58.087980787415,61.9699095697771,81.8873282455928,29.3639621589317,71.1928816528532,67.6874665613734,62.1475507709413,75.8089947693565,79.6767884732997,80.5716184797452,76.8426093576939,77.6437939627063,77.2752697503291,77.5088297585268,83.5387246920344,84.4457462917763,94.4667186034801,83.9790272436816,92.221983539205,83.9429278426817,85.0507840216513,35.6538533284421,33.8176752180047,35.500227976733,39.2458596249266,34.1634123900858,32.9806229397864,31.5425792361594,40.7773312728271,25.4196180298615,25.7596383585105,28.3716112121595,30.667426115643,105.72671737339,49.6171985678271,57.8847824463024,93.6804294052172,95.2254494070796,92.9067558869492,88.5390026115378,81.0491889318383,79.5000792632225,84.0850233999375,82.6604412245231,80.2099645745222,59.5806533873395,66.9552011655434,64.5976127520741,40.6095969372458,38.1330763063116,58.0846133974587
43.1572299699379,43.6679760013266,43.8715383535703,43.7700455163773,44.6526845124083,44.3402026776062,44.6584440759592,43.0345649066841,62.2872766878027,65.7548959601035,88.6214026523953,58.5565000623048,59.1328267951817,63.9277400677837,58.8011336784129,64.1752321128946,50.3481008793102,56.8426689410316,54.1880669965648,49.6456640653757,17.534142397737,18.0982823959672,0,72.0218706225819,110.858590468818,122.969478439033,66.9352241339262,65.9419413376807,53.7246847907828,59.0009596440992,56.2312822732449,60.0854163469796,81.0019308300284,30.5772360084268,70.1476217668654,66.6314771943849,60.1229641124442,74.7689496618585,78.6404910099543,79.5341656368461,75.7772657690996,76.5782938784485,76.2060128490731,76.4396964840996,82.480411468603,83.3954617377188,93.4115848485895,82.9251680831627,91.1679076613669,82.8878847194234,84.004409566201,33.5047084891196,31.6368562728597,33.4108146187062,37.0282346624487,32.5469998682144,31.184447347694,29.5783065763183,39.0774790658428,21.2754170100843,22.3652634053608,25.14486501236,27.8200388324436,103.562091026536,47.8332820500193,56.2169781492321,92.6862928787823,94.236145635637,91.9152722094686,87.544506345655,79.9708496802416,78.4216861064988,83.0197769598673,81.5960709812544,79.1196911611152,58.0274812990671,65.4349971552438,63.4220563490551,39.0442105359758,36.5357978445623,56.1088551077929
74.5579545302848,74.3991842077641,74.0517127520711,75.6963924846306,75.8264875964324,73.339498306444,72.5303420983171,71.5889795219805,86.0849123951349,89.3175130732367,96.219452181038,83.8846030380263,84.3746387769463,88.4724598955792,79.1394216221732,80.4860249104697,88.4279165143845,95.1091087050561,92.0791492996129,88.1171446763608,70.9385459780622,73.4476784553848,72.0218706225819,0,126.858728793412,137.559678219974,62.8996177901471,57.1991085051454,80.4360815145473,78.7206706757145,76.0335145224781,80.3172749225433,96.1713694678927,74.2801385915002,84.7800479331745,81.4965864148751,86.171502433097,83.7886492257779,87.8008561325237,88.6232981468877,83.8211790485245,84.6016439030794,84.089414680185,84.3148221312442,90.7215065280511,91.9533213755262,101.765929664669,91.3447232848861,99.5586565833178,91.2564506818141,92.7124939551189,74.8395172352418,73.1721443105428,75.1792603140857,77.4525258670297,75.9966393999218,74.7585958357695,72.8238718497878,65.6703447803054,69.8418523198132,68.6884979426498,69.7084655580495,70.6365882842579,139.346612971677,71.2944238629213,69.0429463638392,103.352390036657,105.081276351538,102.681406745401,98.2008271714165,87.4287578787044,85.883063234661,90.9881828307455,89.6043484337922,86.091761355609,70.2599527995913,74.2518784537191,68.0888620861824,60.9876084783764,71.2697612438752,80.2113320054746
118.201787144977,118.404720950544,118.018468905071,119.371376990157,119.841428353179,117.636729095684,117.161579906164,116.223824235233,133.599034402015,136.930715054554,111.66481994866,130.777374627208,131.300552702928,135.684602234693,108.752661526603,111.574312596275,130.147543745046,136.715207139253,133.860377295454,129.650546755118,110.15875097819,111.700882160481,110.858590468818,126.858728793412,0,83.3310943929193,125.894402128274,124.191754843265,107.996368503115,127.906662698834,125.175047903931,129.31934213915,94.262382656144,111.363321635889,118.317244180655,116.088534526184,132.771909462823,94.6095435531792,97.7739695756161,98.2083498978678,99.903030649864,100.432198972817,100.822842023248,100.764408978819,103.705949508406,103.386712952735,113.832369070152,103.533492800047,111.284517453413,103.570334172832,103.295256300823,115.116275250044,113.429478026008,115.189892147755,118.195590421191,114.562053302304,113.718201040764,112.164768930731,109.984263780625,109.604352413848,108.558447258505,109.934423316412,110.993480490965,181.960113886946,117.890674013866,121.688282869911,100.964805658416,101.375749563615,99.672050866314,96.0981346177853,104.540136608174,103.145804992637,105.341725488373,103.91600612837,105.343730503887,122.338652575369,128.336569276161,108.553434879299,106.930315449675,111.842980960177,127.575794492498
129.982672012099,130.167044233979,129.776811517885,131.156389306661,131.607743286912,129.372711384116,128.875657405166,127.944205894589,145.153598644786,148.478566532412,118.686423830171,142.372287581788,142.893425914638,147.258593510059,120.590610258466,122.922453027952,142.086032143066,148.662277428882,145.795131301714,141.602236683046,122.249041669021,123.853332672194,122.969478439033,137.559678219974,83.3310943929193,0,136.800349093637,135.072468867018,120.587036242733,139.362573617731,136.63527166815,140.777335690743,106.11780388024,123.577025044642,129.507997964901,127.325136407065,144.38598071665,101.521918428128,104.559145611357,104.744634660732,107.525144506459,107.962790905248,108.503276075173,108.355513160761,110.504052495495,109.962356846561,120.409517619132,110.23523852436,117.768880853809,110.260582951515,109.721641181349,127.155115787871,125.468763365857,127.248428166524,130.200779290443,126.730401390992,125.853935023639,124.271003362371,121.695622142943,121.645663584532,120.585082998567,121.939570603011,122.982906709758,193.83986298608,129.498930573521,133.028821567077,104.164484163603,104.14905481961,102.761086292832,99.5417785102031,111.991835165061,110.646935433608,112.346250422638,110.94578500873,113.063749423581,133.702366182113,139.624410301808,118.963790720302,118.538326425713,123.770203276311,139.142026090535
68.5599176036246,68.2349057781835,68.0421772738765,69.5600313373341,69.5445628445235,67.3185161599438,66.4996773905509,65.3818298363273,77.6364619625036,80.8145874586741,96.343797910862,75.7053116495336,76.1871754708418,80.1502741533572,77.378902823097,79.5805772108172,82.2753862705229,88.9785918416875,85.8966707007207,82.0176333244932,65.7183936144819,68.478446184296,66.9352241339262,62.8996177901471,125.894402128274,136.800349093637,0,39.9268112945955,77.6457428175274,69.6042070683367,66.9781985892863,71.1254253324574,95.3809782636361,69.6678133043582,84.2792825081028,80.9380419371015,78.1185702895053,83.8344922640011,87.8264398333273,88.6426515457137,84.0036421035112,84.7748851711187,84.2893034840344,84.5039342034359,90.810649796342,92.0109692938078,101.832711692341,91.4184545329134,99.6172010326422,91.3315350880985,92.7521010057594,69.1351564260713,67.4844299345556,69.5410046804311,71.6224278981959,70.6877103772837,69.3826197224995,67.3679084726132,60.1917367327529,64.6011053698866,63.4934254127967,64.4110693551794,65.3828981257562,132.843356694784,64.7456341441718,59.3184199705066,103.140331501481,104.845876209047,102.457048389926,97.9916252695026,87.6133332161182,86.0752533080468,91.1058983367403,89.7235398521943,86.3278145164871,65.6736030002581,70.9940046449174,70.3534900226794,55.8233357645899,66.4386028516829,71.9068846569514
67.7400793843251,67.4654660146984,67.2092042641801,68.7972932568431,68.8263158530221,66.4710202648641,65.6356471148829,64.5926269539066,77.7993250943431,81.0009169416118,94.5386066104183,75.7699167491706,76.2529782947729,80.2687320771144,75.6913384580594,77.7463739461951,81.622629930127,88.3208393714042,85.2550535484534,81.3487763893543,64.7641198046718,67.4569074714274,65.9419413376807,57.1991085051454,124.191754843265,135.072468867018,39.9268112945955,0,76.1617337728852,69.9580720559866,67.2950589210178,71.5803347936953,93.6366709070695,68.5498011057769,82.3607814060641,79.0149220688462,78.1364668337585,82.0134445184913,86.0075991152984,86.8278258868399,82.1688345963153,82.9434460049205,82.4538158803889,82.67191686352,88.9984177293041,90.199453194142,100.024071903165,89.6059224504571,97.8100356468119,89.5200077219878,90.941867284971,68.3400058500793,66.6829347548811,68.7267585228651,70.8648185988859,69.7815930096893,68.4927621188241,66.499405426445,59.1256429248423,63.6402487310426,62.5127564346079,63.4578297755955,64.4092645202735,132.313533636809,63.9585417610087,59.0612808481301,101.352287911066,103.05999058519,100.66997041414,96.2029556107587,85.7942452994911,84.2538316217681,89.2926228345494,87.9087303672396,84.506955275919,63.657653518941,68.4383594455754,67.9965058766991,54.5510651833345,65.3081096363807,71.9925815943146
62.817221368655,63.1996538497715,62.7351701707034,64.0614922386367,64.6921320746549,62.4625974402521,62.1023056195489,61.2260693364498,80.2934594069169,83.6743710266236,89.2809902711105,77.2066566211962,77.7403002538976,82.2532175537859,52.235054732471,61.6133247562268,74.4896909656709,81.031595626994,78.233355809809,73.9344371242537,53.273465183487,54.3395316021483,53.7246847907828,80.4360815145473,107.996368503115,120.587036242733,77.6457428175274,76.1617337728852,0,75.2316861807355,72.4580357115778,76.688723046324,77.6553770122894,53.1152676296406,69.2461585600728,66.1307275583464,79.0760313207379,74.712135123781,78.5183293639786,79.4564860280375,76.1817960123374,76.9972129022901,76.6888770523652,76.9307501688745,82.8201979276763,83.5832208666177,93.7023753441623,83.1781751508828,91.4435936522152,83.167175217281,84.1216991331304,58.9699092596501,57.2611919061062,58.9730810640206,62.186758989206,58.0090973540984,57.2087736846951,55.7361641426863,54.6522085347614,52.7652666555587,51.6674757368864,53.2234581607191,54.2541263893798,126.668920948774,63.6449922506721,69.7167635331743,91.9081229253457,93.37751021242,91.0909612749813,86.768451299203,80.6806537740434,79.1270864258765,83.4898377870218,82.0446913682197,80.0630713421627,69.9962947289267,76.6621539970782,66.1127045988837,52.3077938430482,54.7268658955786,74.159395451879
