IBR/IBR_outputs/all.combrep_1/FireFreq_2000_2008_Total.PersistForestCover_Total.Silt_Total.Spinifex_Total/FireFreq_2000_2008_Total.PersistForestCover_Total.Silt_Total.Spinifex_Total.asc
NCOLS 160 
NROWS 95 
XLLCORNER 210004.651214014 
YLLCORNER 7350008.22228844 
CELLSIZE 4999.99999999997 
NODATA_value -9999 
[rows 42 to 62 of 95, columns 92 to 137 of 160]
7.83549866342438 8.6562836126656 7.84150591069882 6.03080395007852 6.31937473755957 4.39487937643452 5.12302707488626 6.24649703085471 5.64742924026194 12.4132649125122 10.7367644539754 12.0294310497695 9.25098913642843 12.9023720103453 6.17541461099781 2.95456196206445 4.41262679167961 5.8840846454261 6.02976236174873 6.72844442270063 10.057875499358 17.0075347926694 14.5536563708293 6.64038162684031 7.07220277034136 7.73203809781153 8.69478469730806 7.05913099996236 7.91646381314829 11.0726611511672 12.2168587597425 16.2580242278525 10.5319588407345 12.2477244245519 10.3550340794028 11.677344559551 9.32216189566674 10.8527656070854 15.2663146012797 16.052710419113 9.99058885970857 6.1662496842743 6.09111793363657 6.70348469159859 5.86124060183797 9.02637173654651
3.3793912560148 5.95957696381451 6.21397963515165 6.1675356524651 8.46166810877215 5.87718411964254 6.97206644435718 7.10662717517343 6.97482936078308 6.83729861169239 9.97366237675512 8.9115275565277 4.1924777220682 3.03451626945858 4.69074261183133 6.13995913316573 3.73909759313938 5.05498217494957 4.91092310216955 6.88632114563797 13.237835553319 16.5342888559643 19.4434875993529 7.65461921941055 6.89394484031039 8.47946921195009 8.00691355831906 6.94502450651551 11.0397438138597 11.3190835089987 13.2623751810881 14.5182444664198 16.0784961281582 13.780587997778 12.4234202837916 8.17399939538845 9.31924525897513 7.09841334172166 13.672089911028 16.0631323274775 17.0873076576828 7.40616808910953 6.95350242759305 7.77351440872023 8.94825526676773 11.7953789800441
6.73937319255373 9.68513035188394 6.98444358959298 6.55072317801116 8.04878836153631 8.06508954297104 9.36513230872642 6.963132089143 8.50505219989844 11.1205638264809 10.9127781772454 16.2743433578227 5.51332008104397 2.27716220194661 5.25239032876415 6.51201663015047 5.82579701520431 5.9518261577088 6.36779408248248 7.73190006730394 17.5877401236554 18.2870304425619 15.6073333854943 9.91100138870909 8.42110912057992 7.97343721183352 5.81199639661487 9.59698931084042 10.9175937786995 10.6568637213756 14.5673553883139 12.5378858672242 11.7770365282721 11.6405510738879 14.4324822038668 17.6718500269213 15.0296697739168 8.00860848280255 11.061382959894 11.7969781146624 13.0306162042844 10.4983586811596 11.4988040201016 8.89089285973601 11.2020756158969 11.658588835425
8.28871300899833 8.43274058963963 7.56920566697782 6.0645604259411 7.74947930353099 7.31064633878746 8.23438448919472 9.0442594258492 7.45846097945317 8.95542113758742 8.34108552373977 16.1487801277584 6.82221654308998 3.96259715795396 3.35255888390656 6.42421547114179 5.22556856309397 9.00515040262995 7.51548261262228 8.13114967090528 15.8339665538714 17.932400973291 10.9236993859255 8.16989959637955 6.86304682571112 6.32982425651478 6.68208966453277 8.18457433999226 8.9347317599109 9.82514986031714 12.6125418280466 12.8724212139658 10.7820246504839 12.5645802088507 12.2135431702537 13.9646700219032 11.9618194901775 12.3155467690599 12.918432229583 9.13778776258595 13.7055965754027 12.5516671558745 12.5608635046768 12.8712163462246 13.1339891927523 13.2705960162303
13.9264819861549 10.5526655017936 9.03711109134446 8.31574099579539 6.0246661295876 3.93135420027442 8.00000529865903 7.86422001063221 6.15882938369472 6.84688797757733 7.839806069021 15.4134137561839 8.77243319776828 6.89633537046605 5.40068785049548 5.39727430204426 8.08382059231592 10.6600365537548 9.80134307376006 12.7334620728337 12.8924302956768 16.7866708339691 9.50093242191028 5.19082062065178 6.82031044762703 6.84006350787604 7.85374766697738 6.64135596087865 8.44831746848594 9.157980610476 10.8574432282156 12.7544207247805 11.920964335317 9.09379073764985 11.0888265802864 9.45902794960204 9.78530985630019 10.836590164174 9.84876705939884 9.36860577169999 8.36317661524903 10.7135519921188 14.2577732436927 15.4626686692771 14.6552090516047 12.164806497253
10.6670976737818 18.1152238052147 9.93181847513505 9.57840780127649 5.84380021777012 4.57438944451169 7.84095880216222 7.3899505116929 4.67725711162124 5.16476493579909 5.79532968367258 16.3268508037805 10.74708469642 9.05569852604016 6.20617826659673 2.94684366252832 6.82596702196203 9.54620041479707 10.3144064517994 10.2218834836952 14.5268462822063 14.5620616744106 11.2105696122558 7.21531170356379 6.72374792898085 7.63372214051299 8.9285316141787 6.12971015479523 9.40245892584764 9.40584983351066 8.64851067624875 12.8515041812557 11.1851269755122 11.3794468167845 12.4442411509771 10.8392093360531 10.2283618534893 9.14466849865465 10.3187611074936 10.6899116381052 9.7230316300483 11.3765410659885 9.36668604583062 13.6481924053012 14.5323691878464 12.2829728253853
12.1237777219271 14.5292557727051 12.5498668022734 11.242860652333 6.74413976936404 5.94676298867863 6.00275818455709 4.87045249266395 3.3007148418971 4.1001848784747 4.17531789030037 17.099806103294 10.9461036981964 9.34274749216629 10.0410003638876 6.02960716063163 4.85977513834686 6.75689139693062 7.95455786321547 8.08237697808661 12.3586996336868 14.8240304028443 15.6663314996862 15.3410720599717 12.9503423026719 8.62335569567931 7.05077221387384 8.42195979025277 8.33990864619495 6.98211628040877 7.24322486016489 11.0026682670341 11.0270645769814 14.1429899083098 15.0029700556353 13.5123814233861 9.88890509276936 11.0299426221403 10.1337611364719 11.666143283388 12.3324815295043 10.94481439833 12.5703169810236 12.1333136156448 11.7360700933679 14.089107902436
12.7958845358429 16.1993337140804 16.2183439425229 9.8251193241711 6.80725464122593 7.12644190521945 5.77606423761345 4.62371435463498 2.72906269095368 3.2226119928234 6.09892184613046 21.1988431577464 10.9072964245105 6.38105418490846 10.7323607240437 8.21007802341655 7.53912034704995 6.63092270408801 7.9150983665973 7.56724024015973 10.3015944421681 14.3595179572537 13.9810200528368 15.4604796963236 9.26748525150274 8.65705602337588 8.18891000025851 11.3318359239657 7.9814462027179 8.85373030661426 11.5616771628331 8.10069438383261 11.4276134824347 13.5500653497109 11.0477297603178 13.9944629235406 16.6414494210595 14.7653265893752 12.5572641935954 11.961163186004 12.0292989247576 12.7045346287265 14.143095358711 13.6549446111078 13.8119055121634 13.022551302864
11.1671095519017 17.6504959617966 19.6662655286325 9.79439905199554 8.02780156556098 8.04238714500438 5.7880960249841 5.725316325178 4.08187689424178 1.93492093603899 6.12919936545562 14.1733688073237 8.13782735864873 5.88528306542304 6.13274226426981 8.76849399117972 8.16291664199469 6.83653766290956 7.43352920772779 7.45120886942411 7.63937403936701 13.6226570923055 15.6962315361771 14.0820142408694 10.2344245636567 18.0696093191176 21.0253344607539 20.2090514628733 10.0144091280744 13.6670879726267 13.3196436980022 9.07701382975746 10.8341015548544 14.8213023161983 13.0482871833115 10.8698297903061 10.1879145478218 11.1707225101186 14.3797835442468 15.342110954978 14.8191148477484 14.5204077055328 13.7860016045382 13.0710345903534 12.6784268561923 13.1847001751964
14.8078822351474 16.4110545357672 21.0133841694483 15.876144776165 15.9703616282764 12.6232499668334 8.49903661979701 6.73191159169087 5.98600616288841 2.58863450446701 8.40609571546881 12.9034705141674 9.11297591135352 6.39297448803792 5.91168941775636 7.25641113806492 8.22828459506243 7.1310993358378 7.42431562474944 8.84910286239585 8.71937757238401 10.452092403167 12.324875465098 14.6980804387146 21.4945408276599 22.6208918973994 22.0334136503128 20.5118113432119 13.8701170715543 20.8749282551486 12.3806540178989 13.1061738267403 10.2917693100473 7.7984619523638 6.58693950120118 6.14607963861601 7.22629228028686 10.1174332563261 15.5565976411779 13.6350202201098 9.77801536266401 12.0762797995936 12.0264398348733 12.9078677184003 13.6303445131992 11.5449249988483
33.7093474309886 24.2843922105975 20.3539393571964 19.9680268441282 18.14309101572 15.7594802924755 14.6152586680704 9.04420637862886 12.4269293129043 10.9012785678937 7.03361160888982 10.5527742448549 7.74406054870308 7.41605619839486 7.24786039789559 7.20322081362635 6.52282812579733 6.58998136115576 7.814321597109 7.59206455930999 7.28489611271475 7.88919750334754 10.9066180555794 20.0456297427068 21.2981956429532 17.8201919418814 17.078918709463 27.1928222683892 19.4125790303835 18.4899962513208 7.14389390541422 6.58599532163087 6.56605600539273 5.9830050887003 6.12684582591559 7.11603051062593 4.77594156467356 8.39320322912538 8.70081244669072 6.78927876768738 7.99408436021373 10.8181842022181 12.5536983364233 11.9067453340142 12.7363815500138 16.2993303211617
10.3441668075682 12.3987238630369 21.9532677402249 28.0111891317796 25.4667293583947 32.2004208381689 21.8206166339963 20.1396907352576 17.5054630628592 14.2327863924189 8.47976809911678 10.1953484316913 9.103333452788 10.2085211934886 9.04039456820188 5.43807972465318 5.77880639327218 7.00562713025855 5.930034027811 6.88417010482883 8.20758545121027 7.59480197292268 14.5396914532113 22.253706657802 24.0978117075286 18.4904262877203 21.766386201209 30.1395302955311 15.6776022111529 14.1955590151003 4.9068771623122 6.20363801332205 6.45254416908406 4.64652371830563 5.87563448631784 9.03506970616919 9.52060046524331 10.5822186121278 12.4195543219731 10.1165422831995 10.2391381881616 12.4678151498632 16.3734026403984 14.6703832108591 20.2590317396684 16.9329105079819
12.9638918916811 12.7649784624792 12.4794618350498 13.5115218013766 15.1835159476709 17.5913270945111 18.6375552904668 23.2114276512194 29.2944429554501 24.5134469857621 18.0709438676 15.1423013010151 12.1717571459711 12.0131360272862 18.5186563828245 14.4683734348812 8.81133024034033 7.80312085295696 9.17679385788008 8.89555269845988 7.0364349794311 8.31798230500612 22.6458540313877 18.6330955132555 19.9456129176928 16.6416757262474 17.4987645440275 17.9703799044674 10.5450255358678 9.35673385098932 3.85081504735182 5.86572349645648 6.09482174720089 5.62887189705925 6.75410102447905 10.127783817887 10.1173222809867 9.56557547262538 9.48320630658646 7.24250622172393 7.59384604451594 9.37183909016884 11.9420332878419 18.5446709992418 13.5785530612592 11.5670487444702
20.3851742333522 18.191240935287 15.8770786619703 14.5170414273571 15.0938320718997 15.3917106817818 14.4764024147737 15.2293997717344 15.7134183987626 15.1268750424591 15.2187951666966 16.4192772690198 16.4253970563208 17.9921214692579 19.4531829338943 23.5563798128486 16.3088849426209 10.3302631234413 14.7737339716858 12.225675496828 10.2240822453038 15.0900487422271 25.6613948876368 19.6089378800257 16.9222313831332 20.6562849538398 16.8875369443192 16.9760813221076 7.34297347801114 5.09288028550852 2.09884781557281 5.43366010516115 6.98622179863422 10.8001917445153 11.8975122994808 12.6405434049341 11.1885079891015 12.4445331185658 10.4754806597107 8.34126214572981 9.81358846319259 12.7218934593981 14.0736837718548 9.44362710053544 9.99356952007028 8.33800258650882
35.4857862622532 23.99444136805 23.5810489334195 23.3300701483961 17.1248535769906 16.2338134644772 12.7325580022093 14.6205275072179 14.9873038680352 15.7847495747486 12.1292548108506 13.9816592626255 13.0980061780998 12.584250093003 14.8062055645446 25.7247760728212 32.6209460587856 18.1325718366458 24.2531195638364 21.5620904503663 18.9816623941178 17.4345199108972 17.6501095377023 18.6751964261286 24.6235853987704 23.6417416954768 18.1552293954596 22.7439265472355 8.30919167688516 6.76191937735117 7.87142535970422 8.88928179008185 12.4568145283033 13.2919892484783 9.725516548771 10.4274451360253 9.33882247684435 11.7727500284406 19.6395721405059 18.0631409143831 18.0095679605212 14.8865053413556 13.91917242722 10.1997319370841 10.490558109861 9.07855581950086
31.7839728808453 33.2601515270186 26.7411176301145 24.4572960776973 24.2776116979506 24.7420891715649 22.4840142586901 23.3374451026341 22.7320055261869 22.7148346253145 16.8736578711245 15.365004691345 16.1303647174502 12.5554246607319 13.5166380820315 16.155380025712 19.2225874545 22.8665324495461 25.5103493601979 24.5951626854451 18.6962431071186 16.9470112991683 21.1679775408683 21.2536445986119 26.9232362888113 29.6222209370568 15.8872001657979 19.8145583573607 10.6279613657729 13.0318034922068 11.351006098857 11.442527724582 10.3455130026928 7.39281574153803 5.80266846168058 15.7476731402541 9.61517980511113 5.75378378213865 6.85066101490334 14.754550301615 11.2409455793395 8.61735910816365 13.8469060321493 11.297551749856 9.43334921501449 9.39579732243442
21.9704831708071 24.3603426338493 26.3486656651637 29.7043531060342 22.7091853876958 17.5616271243762 25.0822885387481 14.4766931029469 16.0009797799786 25.1639313923912 25.9350185095822 22.6163075559232 23.5586813674922 19.5748864838386 14.1241013774231 13.2810680099912 14.6026957391051 14.4174684623751 20.2865614995648 23.7707240557491 19.8211648250816 19.7490751508231 22.5735467251523 14.8557408709897 15.5236653975114 16.2160872078003 14.6726526387536 13.331977046785 16.4077987947192 24.7351430252454 12.1794381389243 11.7213506579802 8.42409828454405 8.63004010239168 6.57840695312081 12.5952460869803 13.4223237117275 12.9720552000069 8.48503022347198 10.5338898481144 9.49610942149853 9.92645541157039 10.9477038961599 9.52985539493349 7.44286036968851 9.76305244465217
11.4935949273679 10.9137805460424 11.152240453251 11.917381707707 22.2945704033628 16.1939457812177 21.9936844468969 17.9713527851522 21.5443480962797 37.8753950060656 47.3807333716152 33.333877828179 26.3816474164727 24.5881774656508 23.9026133047602 19.129886435366 18.4285005331635 16.1512187455688 14.768560044226 17.4952884249093 15.5799462713109 13.3297949765714 13.9398727812748 14.2379529946467 12.2717881818464 14.0469143371959 16.6298172686222 13.4069594653625 15.0316210472599 25.375987310259 18.4539838868712 8.30972605224507 4.97751417326228 8.51232301347483 18.6598889068646 12.9498463534698 8.6523684029379 8.01264707741343 10.0311041362581 8.72157406345843 9.54777227804417 9.48161751986563 14.1768087458892 9.9477165874994 7.41932736407708 10.236103991596
9.57552389755946 11.1147547554388 9.31576813877726 7.30129555446865 7.39630695416287 12.4647407011115 15.4446900550669 20.9184422332031 26.7846656802778 36.6524666843632 56.1712752732872 59.3966695512528 43.9904418457872 47.8513581012199 30.9039076870306 24.1014973465315 22.8104043713792 24.3818898360794 24.6673189439032 24.5377672771047 26.1602470347048 22.4662403946274 16.9911277979524 14.4502377173761 11.7921984614011 11.9931226192002 12.2491379456022 16.914993355169 13.0595079183608 15.7561281683725 25.3687955478039 22.2936097219099 15.9930185392193 18.9542951560322 14.9526863022618 10.9961222773061 12.2647911811776 9.22277751234904 10.3219943719088 9.40172324511198 7.41403484892662 9.56976277354951 9.23561761472916 7.84739290547893 7.05743993114455 11.48594747413
11.3967455160449 13.2234206101926 11.7314428521866 10.6915975703176 10.6983846815668 8.94671771843827 7.60289441569173 17.9572503641254 21.1434789395641 24.3296250226577 34.7261304387223 34.6777140124034 35.7411621002169 30.5053411570609 32.4794265963709 37.9663161289875 46.1135043625963 27.6000620653471 24.391225758995 22.9153716990816 21.8964314570365 22.5723828792378 22.7276329557484 24.0437860199662 23.5313691709777 17.8267778912985 13.4206367870304 15.5367622156577 16.6003786197068 16.9700061542718 21.6691197289626 25.9874734536444 22.0147084000987 21.6837536280347 14.427301277814 11.4505335533154 14.7094421970299 15.5800267929606 9.0746962353453 8.30864610863295 9.86673637160057 8.1489277759287 8.02875942878927 9.27861673835758 8.47588004771492 7.14204474510453
14.2013087371525 12.4569462145787 13.2422366273685 12.6189521443056 11.3872277181168 12.3304838444107 11.0322464306437 10.8282923259231 8.25216929266105 11.7606944772163 20.1151610093836 27.803607882972 28.3305244868332 27.0133972599796 26.569619284513 25.6682566129099 26.748778665209 31.595882454414 49.4403548729677 39.7420159261435 30.1245741630921 24.0378263263589 21.2924168304567 23.9670499195084 23.2014092064514 21.0077477056196 18.6136236597649 17.4813214763589 17.2717873778106 16.0463971950595 24.5372757144449 13.6364683345835 16.5274182664268 15.2074602094021 13.9674551392443 12.673005586329 13.3981841493657 14.2229465809022 9.95694907013759 9.16708367977565 11.588285576689 10.2623054235226 8.29433050813082 8.16341191009957 8.37843590946133 8.01199163055394
