0.170005 0.829895 9.9991E-05
0.12866 0.87124 9.9991E-05
0.246656 0.749998 0.00334539
0.0326636 0.942949 0.024387
0.0408332 0.934616 0.0245507
0.00825153 0.937557 0.0541917
0.0558263 0.89964 0.0445335
0.0443745 0.95006 0.00556537
0.251338 0.664993 0.0836699
0.243316 0.720277 0.0364068
0.130287 0.648881 0.220833
0.267511 0.657247 0.0752411
0.109596 0.561297 0.329108
0.207273 0.699516 0.0932107
0.264225 0.695612 0.0401628
0.186406 0.813494 9.9991E-05
0.300525 0.690222 0.00925346
0.0983462 0.901554 9.9991E-05
0.638629 0.162512 0.198859
0.745869 0.254031 9.9991E-05
0.797142 0.193757 0.00910128
0.886688 0.0891562 0.0241559
0.995102 9.9991E-05 0.00479785
0.83938 0.137302 0.0233181
0.722448 0.277452 9.9991E-05
0.999043 0.000857287 9.9991E-05
0.93561 9.9991E-05 0.06429
0.925069 9.9991E-05 0.0748306
0.9998 9.999E-05 9.999E-05
0.905793 0.0475203 0.0466867
0.981723 9.9991E-05 0.0181771
0.939001 0.0375921 0.0234067
0.974764 0.00994749 0.0152888
0.335114 0.620298 0.0445883
0.282588 0.694638 0.022774
0.157997 0.810874 0.0311291
0.0999299 0.843839 0.0562311
0.173909 0.679629 0.146461
0.621685 9.9991E-05 0.378215
0.849586 0.0726888 0.0777253
0.197639 0.725789 0.0765717
0.195349 0.804551 9.9991E-05
0.351217 0.463017 0.185765
0.255337 0.409187 0.335476
0.0875719 0.60698 0.305448
0.594065 9.9991E-05 0.405835
0.317201 0.586737 0.0960611
0.173508 0.630818 0.195674
0.38421 0.503695 0.112094
0.0563982 0.0457741 0.897828
9.9991E-05 0.0628166 0.937083
0.0262175 0.124132 0.849651
0.0414784 0.135857 0.822665
0.106156 9.9991E-05 0.893744
0.0884485 9.9991E-05 0.911452
9.9991E-05 0.220895 0.779005
0.0927273 0.0177661 0.889507
0.0843563 9.9991E-05 0.915544
0.0565483 0.0486112 0.89484
9.9991E-05 0.238063 0.761837
0.108077 9.9991E-05 0.891823
0.0801215 0.14418 0.775698
0.0393453 0.405131 0.555524
0.845081 0.124411 0.0305079
0.875594 0.0997278 0.0246784
0.909939 0.0899613 9.9991E-05
0.078845 0.110722 0.810433
0.0230566 0.277009 0.699934
0.0466118 0.0918135 0.861575
0.0870649 0.0434618 0.869473
0.0404647 0.0371249 0.92241
9.9991E-05 0.666745 0.333155
0.0984524 0.603129 0.298419
0.00433075 0.638384 0.357285
0.0768035 0.569937 0.353259
0.18505 0.522848 0.292103
0.0712894 0.565055 0.363656
0.141392 0.578925 0.279683
9.9991E-05 0.230113 0.769787
0.129939 0.240175 0.629886
0.0729193 0.0558642 0.871217
0.15501 9.9991E-05 0.84489
9.9991E-05 0.188846 0.811054
0.757207 0.18079 0.0620029
0.18008 0.353674 0.466246
0.00974989 0.555293 0.434957
0.594592 9.9991E-05 0.405308
0.148908 0.850992 9.9991E-05
0.171117 0.828783 9.9991E-05
0.212045 0.712341 0.0756147
0.370139 0.492158 0.137703
0.0900284 0.882006 0.0279653
0.0449243 0.522375 0.432701
0.678197 0.254376 0.0674268
0.00814945 0.528281 0.46357
0.340799 0.499818 0.159383
0.204591 0.795309 9.9991E-05
0.101208 0.888897 0.00989533
0.21398 0.773952 0.0120685
0.0609731 0.866375 0.0726516
0.0459917 0.927149 0.026859
0.123937 0.875963 9.9991E-05
0.116542 0.449713 0.433745
0.124793 0.479857 0.39535
0.0986753 0.453794 0.447531
0.273191 0.624916 0.101893
0.18191 0.617497 0.200593
0.501035 0.470523 0.0284418
0.0585929 0.139699 0.801708
0.0556997 0.0793457 0.864955
0.246285 0.346955 0.40676
0.181915 0.510085 0.307999
0.36931 0.314042 0.316649
0.789582 0.160417 0.0500003
0.182321 0.0170574 0.800622
0.00837603 0.2039 0.787724
9.9991E-05 0.334134 0.665766
0.523636 0.411719 0.0646451
0.299496 0.673068 0.0274356
0.0021325 0.937221 0.0606469
0.116873 0.814495 0.0686319
0.423923 0.575977 9.9991E-05
0.222563 0.777337 9.9991E-05
0.144928 0.838122 0.01695
0.0371186 0.942321 0.0205607
0.404285 0.595615 9.9991E-05
0.209832 0.790068 9.9991E-05
0.250634 0.749266 9.9991E-05
0.187761 0.812139 9.9991E-05
0.357422 0.531439 0.111139
0.120276 0.823524 0.0562003
0.279138 0.662331 0.0585308
0.119789 0.850046 0.0301658
0.954529 0.0453712 9.9991E-05
0.949082 0.0508181 9.9991E-05
0.975225 0.024675 9.9991E-05
0.836154 0.0950495 0.0687965
0.851786 0.121915 0.0262985
9.9991E-05 0.91796 0.08194
0.192391 0.807509 9.9991E-05
9.999E-05 9.999E-05 0.9998
0.0834382 0.0155909 0.900971
9.9991E-05 0.0416366 0.958263
0.017497 0.205098 0.777405
9.9991E-05 0.0254253 0.974475
0.110216 9.9991E-05 0.889684
9.9991E-05 0.0138591 0.986041
0.0754449 9.9991E-05 0.924455
0.0812804 0.000894449 0.917825
0.0807119 0.01298 0.906308
9.9991E-05 0.0715472 0.928353
0.0520364 0.123107 0.824857
0.0503939 0.110851 0.838755
0.0692195 9.9991E-05 0.930681
0.048142 0.0110833 0.940775
9.999E-05 9.999E-05 0.9998
0.0721524 9.9991E-05 0.927748
0.0847687 0.527837 0.387394
0.0733146 0.652587 0.274098
9.9991E-05 0.0716494 0.928251
0.0147479 0.211467 0.773786
0.0317134 9.9991E-05 0.968187
9.9991E-05 0.649453 0.350447
0.030718 0.96375 0.00553204
0.266491 0.733409 9.9991E-05
0.466821 0.503797 0.0293823
0.692426 0.307474 9.9991E-05
0.835779 0.128473 0.0357476
0.891353 0.0754819 0.0331648
0.778383 0.221517 9.9991E-05
0.879414 0.0863286 0.0342577
0.847402 0.0379334 0.114664
0.875174 0.0288255 0.0960009
0.14557 0.830192 0.0242379
0.0593009 0.899491 0.0412081
0.0203388 0.905124 0.0745368
9.9991E-05 0.98109 0.0188097
9.9991E-05 0.969657 0.0302431
0.003925 0.90441 0.0916648
0.241005 0.744706 0.014289
0.25299 0.649343 0.0976668
0.13217 0.854239 0.013591
0.199607 0.72225 0.0781424
0.186151 0.76474 0.0491089
0.796224 0.0748581 0.128918
0.0417278 0.104545 0.853727
0.116684 9.9991E-05 0.883216
0.0207875 9.9991E-05 0.979112
9.9991E-05 0.192251 0.807649
0.116527 0.0283448 0.855128
0.325388 0.519273 0.155339
0.294347 0.691452 0.0142003
0.195945 0.803956 9.9991E-05
0.338876 0.627839 0.0332845
