0.0079745 0.120958 0.0612911 9.9991E-05 0.674912 0.134764
0.00742382 0.149014 0.092444 9.9991E-05 0.709051 0.0419674
0.0201872 0.254992 9.9991E-05 0.0848472 0.636993 0.00288002
0.00692681 0.0204708 0.0945684 9.9991E-05 0.732694 0.14524
0.00516234 9.9982E-05 0.0532772 0.0609534 0.880407 9.9982E-05
9.9973E-05 9.9973E-05 0.138508 9.9973E-05 0.813019 0.0481736
9.9982E-05 0.0420038 0.165634 9.9982E-05 0.652269 0.139894
0.0233604 9.9982E-05 9.9982E-05 0.00312912 0.678894 0.294417
0.0413215 0.121641 0.12186 0.0270704 0.688007 9.9991E-05
0.00705014 0.251391 9.9991E-05 0.0402124 0.392928 0.308318
0.0541328 0.0373162 0.0265124 0.110328 0.285201 0.48651
0.0335919 0.192491 0.0536633 0.0413439 0.508887 0.170022
0.0595676 0.00181563 0.0864415 0.0181398 9.9991E-05 0.833936
9.9982E-05 0.241716 9.9982E-05 0.13263 0.372773 0.252681
0.0406337 0.162141 0.137899 9.9982E-05 0.659127 9.9982E-05
0.00947304 0.103458 0.0620014 9.9991E-05 0.657232 0.167736
9.9982E-05 0.220557 0.0827017 9.9982E-05 0.64757 0.0489712
0.0456826 0.069946 9.9991E-05 0.0365573 0.781193 0.0665208
0.0514091 0.585894 0.071199 0.0981749 0.0704868 0.122837
9.9982E-05 0.664817 0.0321359 9.9982E-05 0.148755 0.154092
0.0190921 0.691542 9.9991E-05 0.0520831 0.208482 0.028701
0.00537208 0.844954 9.9982E-05 0.0977462 9.9982E-05 0.051728
0.0351829 0.901964 0.0300029 0.014282 9.9991E-05 0.018468
0.0251916 0.764666 0.0611698 9.9982E-05 0.148773 9.9982E-05
9.999E-05 0.73234 0.0123121 0.0103779 0.151052 0.0938182
0.0266866 0.905593 9.9973E-05 9.9973E-05 0.0674208 9.9973E-05
0.0432388 0.836138 0.0334523 0.043936 9.9991E-05 0.0431345
0.00826658 0.831072 0.160362 9.9973E-05 9.9973E-05 9.9973E-05
9.9973E-05 0.917413 9.9973E-05 0.0475699 0.0347176 9.9973E-05
0.00931254 0.837946 0.0676563 0.0567483 0.0282368 9.9991E-05
0.00979093 0.888451 0.0318761 9.9982E-05 9.9982E-05 0.0696822
0.0329046 0.764753 9.9991E-05 0.101226 0.0362316 0.0647849
0.0473948 0.846357 0.0562833 9.9991E-05 0.0229735 0.0268915
0.0692273 0.174969 0.0298618 9.9991E-05 0.447397 0.278444
9.9982E-05 0.250956 0.00188017 0.0607111 0.686253 9.9982E-05
9.9982E-05 0.0992457 0.0644393 0.0973532 0.738762 9.9982E-05
0.0214386 0.0432274 0.130062 9.9991E-05 0.769796 0.0353759
0.00684584 0.163428 0.0488672 0.0897766 0.48175 0.209332
0.9995 9.996E-05 9.996E-05 9.996E-05 9.996E-05 9.996E-05
0.00387046 0.793449 9.9982E-05 0.0505887 9.9982E-05 0.151892
9.9982E-05 0.0886846 0.0381157 0.120675 0.752324 9.9982E-05
9.9982E-05 0.14858 9.9982E-05 0.0225971 0.643511 0.185112
9.9982E-05 0.271944 0.216172 9.9982E-05 0.287339 0.224345
0.0277614 0.106402 0.0590269 0.0636895 0.0379405 0.70518
0.0043822 0.0139657 0.104198 9.9991E-05 0.0525165 0.824837
0.9995 9.996E-05 9.996E-05 9.996E-05 9.996E-05 9.996E-05
0.0655851 0.217664 9.9991E-05 0.0475545 0.348172 0.320924
9.9982E-05 0.152483 0.16941 9.9982E-05 0.259754 0.418153
0.0443772 0.304566 0.0296599 0.0807362 0.350206 0.190454
0.0164333 9.9982E-05 0.89454 0.0458574 0.0429692 9.9982E-05
0.00159786 0.0129032 0.54519 0.351494 9.9991E-05 0.0887153
9.9973E-05 9.9973E-05 0.62032 0.282205 0.097175 9.9973E-05
0.0419823 0.00886015 0.530115 0.272886 0.0444173 0.101739
0.0497143 0.0140591 0.316293 0.575715 0.0441178 9.9991E-05
9.9982E-05 0.0343045 0.586457 0.334262 0.0447765 9.9982E-05
9.9973E-05 9.9973E-05 0.273615 0.547527 0.178558 9.9973E-05
0.00665503 9.9991E-05 0.751806 0.108989 0.00625968 0.12619
0.011536 9.9964E-05 0.988064 9.9964E-05 9.9964E-05 9.9964E-05
0.0253406 9.9982E-05 0.149677 0.742089 0.0826938 9.9982E-05
0.00603652 9.9991E-05 0.58442 0.217863 0.132461 0.05912
9.996E-05 9.996E-05 0.9995 9.996E-05 9.996E-05 9.996E-05
9.9982E-05 0.131647 0.286865 0.477284 9.9982E-05 0.104003
0.0510631 0.016234 0.268888 0.14895 0.0850328 0.429832
0.0340245 0.736323 9.9991E-05 0.0708734 0.103192 0.0554874
0.0207914 0.773388 9.9991E-05 0.102272 0.0955622 0.00788628
0.00880036 0.776981 0.0588478 9.9982E-05 0.155171 9.9982E-05
0.0127631 0.0430488 0.393199 0.416909 0.0657626 0.0683173
0.0716808 9.9982E-05 0.170808 0.408463 9.9982E-05 0.348848
0.0157444 0.0688029 0.127995 0.659293 9.9991E-05 0.128064
0.0272841 9.9982E-05 0.360044 0.442316 9.9982E-05 0.170157
0.0363994 0.0265466 9.9982E-05 0.896744 0.0401098 9.9982E-05
0.00900304 9.9991E-05 0.127863 0.0711341 0.157151 0.634749
9.9973E-05 9.9973E-05 0.183418 9.9973E-05 0.092071 0.724211
0.00743678 9.9982E-05 0.103469 9.9982E-05 0.00829656 0.880598
9.9964E-05 9.9964E-05 0.00575384 9.9964E-05 9.9964E-05 0.993846
0.0221313 0.0885475 0.00245397 0.038184 9.9991E-05 0.848583
0.0149391 0.0196349 0.102396 9.9982E-05 9.9982E-05 0.86283
0.0263232 0.111599 9.9991E-05 0.0638016 0.0286663 0.76951
9.9982E-05 9.9982E-05 0.148396 0.556081 0.0129148 0.282408
0.121287 9.9991E-05 0.283719 0.227718 0.118987 0.248189
0.00677315 0.0883485 0.513531 0.312132 9.9991E-05 0.0791154
0.0312831 0.0885448 0.534603 0.332511 9.9991E-05 0.0129579
0.0500163 9.9991E-05 0.123841 0.646433 0.126239 0.0533707
0.015249 0.692327 9.9991E-05 0.12143 0.0903592 0.080535
9.9991E-05 0.123085 0.199133 0.137464 0.104733 0.435485
9.9964E-05 9.9964E-05 9.9964E-05 0.190471 9.9964E-05 0.809129
0.9995 9.996E-05 9.996E-05 9.996E-05 9.996E-05 9.996E-05
0.00508945 0.160284 0.00244824 9.9991E-05 0.62422 0.207858
0.0243247 0.132217 0.0828461 9.9991E-05 0.71258 0.0479326
0.0478038 0.185199 0.0745277 9.9991E-05 0.506128 0.186242
0.0665418 0.278829 9.9991E-05 0.0757536 0.311807 0.266969
9.9991E-05 0.0642933 0.0125872 0.106705 0.744577 0.071738
9.9973E-05 9.9973E-05 0.253913 9.9973E-05 0.0249892 0.720798
0.0375838 0.617524 0.0245283 9.9991E-05 0.147957 0.172308
0.0864034 9.9982E-05 9.9982E-05 0.251013 0.0881609 0.574223
0.0133373 0.303883 9.9991E-05 0.130394 0.219155 0.333131
9.9973E-05 0.237581 9.9973E-05 0.0447626 0.717356 9.9973E-05
9.9982E-05 0.0765015 9.9982E-05 0.0602066 0.648737 0.214355
9.9973E-05 0.185508 9.9973E-05 9.9973E-05 0.476778 0.337415
0.0129724 0.0220243 0.0586678 9.9991E-05 0.503588 0.402648
9.9982E-05 0.100848 9.9982E-05 0.00920744 0.510241 0.379504
0.000348268 0.0393761 9.9982E-05 9.9982E-05 0.571858 0.388218
0.0200299 0.0440319 0.226222 0.101215 0.0680048 0.540496
0.078428 0.0440205 0.242958 9.9991E-05 0.135284 0.49921
0.0729088 0.0459495 0.0584453 0.194273 9.9991E-05 0.628323
0.0350338 0.211707 9.9982E-05 9.9982E-05 0.0886425 0.664417
9.9991E-05 0.159803 0.0352071 0.111967 0.22789 0.465032
9.9982E-05 0.433444 9.9982E-05 0.107514 0.440108 0.0187331
0.0161573 9.9982E-05 0.241366 0.595679 0.146598 9.9982E-05
0.031832 0.0160558 0.28366 0.51021 9.9991E-05 0.158142
9.9982E-05 0.158661 0.303934 9.9982E-05 0.0769492 0.460256
0.0136858 0.106888 0.347735 9.9991E-05 0.202265 0.329327
0.0383048 0.209573 0.298238 9.9991E-05 0.1055 0.348284
9.9964E-05 0.736887 9.9964E-05 9.9964E-05 9.9964E-05 0.262713
0.0269164 0.0318257 9.9982E-05 0.699422 9.9982E-05 0.241636
9.9982E-05 9.9982E-05 0.476847 0.326222 0.0632752 0.133456
9.9982E-05 9.9982E-05 0.327123 0.247421 0.122423 0.302833
0.0548546 0.45328 0.110572 9.9991E-05 0.367459 0.0137346
0.010153 0.256919 0.0396041 0.0792385 0.613985 9.9991E-05
0.0499029 0.0158743 9.9991E-05 0.0988119 0.72921 0.106101
9.9982E-05 0.0774768 0.062216 0.133279 0.726828 9.9982E-05
9.9991E-05 0.43212 0.055523 0.00576409 0.495568 0.0109243
0.00974629 0.188681 0.0638569 9.9991E-05 0.659654 0.0779616
9.9982E-05 0.148724 9.9982E-05 0.117829 0.704026 0.0292211
9.9964E-05 9.9964E-05 0.117289 9.9964E-05 0.882311 9.9964E-05
9.9982E-05 0.352436 9.9982E-05 0.136099 0.478353 0.0329117
9.9982E-05 0.106217 9.9982E-05 0.0764994 0.600525 0.216559
0.0392425 0.0890003 9.9982E-05 9.9982E-05 0.585965 0.285592
0.00454673 0.031593 9.9991E-05 0.0316778 0.703122 0.228961
9.9991E-05 0.276072 0.0618413 0.0963869 0.528017 0.037583
0.0451667 0.032564 9.9991E-05 0.0894234 0.644941 0.187805
0.0260771 0.223258 0.0159053 9.9991E-05 0.360145 0.374515
0.00359748 0.0890615 9.9991E-05 0.0944493 0.701128 0.111664
0.00418996 0.828442 9.9982E-05 0.0206923 9.9982E-05 0.146476
9.9973E-05 0.965907 9.9973E-05 9.9973E-05 0.0134613 0.0203316
0.0413569 0.892538 9.9973E-05 9.9973E-05 0.0658052 9.9973E-05
0.0133483 0.756347 0.0741347 9.9991E-05 0.0996476 0.0564223
0.0138489 0.776937 9.9991E-05 0.0767729 0.019873 0.112468
9.9982E-05 9.9982E-05 0.138862 0.00413612 0.612506 0.244297
0.0365759 0.129096 9.9991E-05 0.0269983 0.699749 0.107481
9.9964E-05 9.9964E-05 0.824313 0.175287 9.9964E-05 9.9964E-05
0.0203603 0.0258183 9.9982E-05 0.905109 9.9982E-05 0.0485128
0.00647314 0.0232221 9.9991E-05 0.942498 0.0200777 0.00762915
9.9973E-05 0.0553801 9.9973E-05 0.696972 9.9973E-05 0.247348
0.0198188 9.9982E-05 0.217871 0.746333 9.9982E-05 0.0157774
0.00320415 0.125184 0.113932 0.75748 9.9982E-05 9.9982E-05
0.025191 9.9982E-05 0.00399581 0.942896 9.9982E-05 0.027717
9.9973E-05 0.0361008 0.661005 0.302595 9.9973E-05 9.9973E-05
9.9982E-05 0.0606539 0.429857 0.508983 0.000305306 9.9982E-05
9.9973E-05 0.0704477 0.267837 0.661416 9.9973E-05 9.9973E-05
0.0468774 9.9982E-05 0.0814841 0.753857 9.9982E-05 0.117581
0.0504616 0.0550629 0.189822 0.649451 9.9991E-05 0.055102
0.00298482 9.9982E-05 0.35223 0.499121 0.145464 9.9982E-05
9.9973E-05 0.0401105 0.373479 0.586111 9.9973E-05 9.9973E-05
0.0232608 9.9982E-05 0.224768 0.670027 9.9982E-05 0.0817445
0.0380384 9.9964E-05 9.9964E-05 0.961562 9.9964E-05 9.9964E-05
0.000753485 0.0219843 0.0797396 0.842707 9.9991E-05 0.0547152
9.9964E-05 9.9964E-05 9.9964E-05 0.155145 9.9964E-05 0.844455
9.9982E-05 0.00393863 9.9982E-05 0.00110874 0.0267098 0.968043
9.9982E-05 9.9982E-05 0.244408 0.670106 0.0073106 0.0779756
0.00015201 9.9982E-05 0.430508 0.353163 0.215977 9.9982E-05
9.996E-05 9.996E-05 0.9995 9.996E-05 9.996E-05 9.996E-05
9.9973E-05 9.9973E-05 0.208687 9.9973E-05 0.11183 0.679183
0.0131176 9.9973E-05 9.9973E-05 0.122594 0.863988 9.9973E-05
0.0352175 0.222327 0.0475748 0.000233452 0.694548 9.9991E-05
9.9982E-05 0.476168 0.126731 9.9982E-05 0.299814 0.0970868
9.9982E-05 0.622965 9.9982E-05 0.0149466 0.155842 0.206046
9.9973E-05 0.785781 0.0441633 9.9973E-05 9.9973E-05 0.169755
9.9973E-05 0.841251 0.110388 9.9973E-05 0.0480611 9.9973E-05
0.0173379 0.817297 0.0163206 9.9991E-05 0.0682103 0.0807338
0.0292399 0.768442 0.0773715 9.9991E-05 0.0743058 0.0505405
0.0402298 0.700497 0.101129 9.9982E-05 9.9982E-05 0.157944
0.0521771 0.76459 9.9982E-05 0.119388 0.0636443 9.9982E-05
0.00121585 0.0645487 0.102197 9.9991E-05 0.803075 0.0288634
0.0496633 0.0219463 0.160356 9.9982E-05 0.767835 9.9982E-05
0.0229702 9.9982E-05 0.147864 9.9982E-05 0.748168 0.0807982
9.99731E-05 9.99731E-05 9.99731E-05 0.0955809 0.681987 0.222133
0.0172693 9.9982E-05 0.0154754 9.9982E-05 0.768771 0.198284
9.9982E-05 0.00948549 9.9982E-05 0.0402545 0.553145 0.396915
0.0144415 0.192797 0.102184 9.9991E-05 0.531618 0.15886
0.0159705 0.178605 0.096334 9.9991E-05 0.468228 0.240763
0.0479903 0.072307 9.9991E-05 0.0386347 0.578755 0.262213
0.0178264 0.15487 0.0840406 0.0463112 0.552968 0.143984
0.0347278 0.0654348 0.0507276 0.018423 0.688803 0.141883
0.139134 0.696127 0.121657 0.0162744 0.0191856 0.00762217
0.0128776 9.9991E-05 0.710732 0.174788 0.00492416 0.0965782
0.0478731 0.100722 0.334961 0.513518 9.9991E-05 0.00282667
9.9973E-05 9.9973E-05 0.00398149 0.893092 9.9973E-05 0.102626
0.0202593 0.0153488 0.106244 0.679121 0.0805524 0.0984739
0.00988031 0.0469775 0.150817 0.729852 0.0623732 9.9991E-05
0.0330067 0.248789 0.109591 0.0677725 0.364987 0.175854
0.0221393 0.301247 0.0309387 9.9991E-05 0.413619 0.231956
0.10544 0.0494577 0.0766922 9.9982E-05 0.76821 9.9982E-05
0.049663 0.325567 9.9991E-05 0.0328786 0.385432 0.206359
