0.0088308 0.191108 0.00441529 0.795645
0.0351001 0.134586 9.9991E-05 0.830214
0.019707 0.278823 9.9991E-05 0.70137
0.0331361 0.029894 0.0122548 0.924715
0.00353135 0.0479784 0.0273563 0.921134
9.9991E-05 0.00096034 0.0381373 0.960802
9.999E-05 0.105804 0.0464242 0.847672
0.0629946 0.0394422 9.9991E-05 0.897463
0.0197433 0.294919 0.0655516 0.619786
0.0183276 0.248195 0.0251543 0.708323
0.0687997 0.107436 0.186367 0.637398
0.0156135 0.299809 0.0524781 0.632099
0.0304043 0.141712 0.292237 0.535647
9.999E-05 0.269318 0.096861 0.633721
0.0593866 0.231337 0.0479936 0.661282
0.00245747 0.157714 0.0149315 0.824897
9.9982E-05 0.299099 9.9982E-05 0.700701
0.0546527 0.0851901 9.9991E-05 0.860057
0.0700005 0.604174 0.156407 0.169419
9.9991E-05 0.792223 0.038151 0.169526
0.0135145 0.770606 9.9991E-05 0.21578
0.0207375 0.881009 0.0595802 0.0386732
0.0610055 0.938795 9.9982E-05 9.9982E-05
0.0467982 0.832478 9.9991E-05 0.120623
9.9982E-05 0.767012 9.9982E-05 0.232788
0.00695295 0.964044 9.9991E-05 0.0289027
0.0321125 0.91993 0.0478573 9.9991E-05
0.0355935 0.901446 0.0628609 9.9991E-05
9.998E-05 0.9997 9.998E-05 9.998E-05
9.9982E-05 0.884486 0.115314 9.9982E-05
0.00216223 0.938223 0.0595145 9.9991E-05
0.0461314 0.892986 0.0574419 0.00344044
0.0788948 0.856189 9.9991E-05 0.0648164
0.0855805 0.224412 0.0204335 0.669574
9.9982E-05 0.327799 9.9982E-05 0.672001
0.00568201 0.123201 0.0302735 0.840844
0.0398883 0.140393 0.0335804 0.786138
0.00422214 0.251594 0.129161 0.615022
0.9997 9.998E-05 9.998E-05 9.998E-05
0.0650424 0.834393 0.0720901 0.0284745
9.9991E-05 0.183702 0.131869 0.684329
0.00489416 0.199178 9.9991E-05 0.795828
0.0245358 0.367962 0.194783 0.412719
0.0482564 0.131054 0.319333 0.501357
0.00947166 0.121811 0.28912 0.579597
0.9997 9.998E-05 9.998E-05 9.998E-05
0.0906978 0.291245 0.0416791 0.576378
9.9991E-05 0.245968 0.198063 0.555869
0.0387748 0.39052 0.107074 0.463631
0.0264589 0.0525621 0.883925 0.0370545
0.0317627 0.0666237 0.901514 9.9991E-05
0.0217031 0.0191447 0.854497 0.104655
0.0556552 0.00249386 0.830025 0.111826
0.0595584 0.0548874 0.885454 9.9991E-05
9.9991E-05 0.06954 0.92055 0.00980983
9.9982E-05 9.9982E-05 0.817207 0.182593
0.0161621 0.0945136 0.888416 0.000908703
0.0412418 0.0882114 0.870447 9.9991E-05
0.061907 9.9991E-05 0.836105 0.101888
0.0366865 9.9991E-05 0.726135 0.237078
0.00678532 0.0831929 0.909922 9.9991E-05
0.0282956 0.0949094 0.770638 0.106157
0.095403 9.9991E-05 0.562773 0.341724
0.0125964 0.84094 0.0722307 0.0742332
0.0582779 0.86412 0.0083865 0.0692155
0.0255037 0.900938 9.9991E-05 0.0734587
0.0284211 0.0612006 0.785185 0.125193
0.104288 9.9991E-05 0.688426 0.207186
0.0200064 0.0889436 0.89095 9.9991E-05
0.0441188 0.0975737 0.858208 9.9991E-05
0.07019 0.0425974 0.866202 0.0210104
0.0190944 9.9991E-05 0.349913 0.630892
0.00440765 0.0350197 0.342039 0.618534
0.0263597 0.0158446 0.334207 0.623588
0.0516323 0.0778498 0.319228 0.55129
0.0535913 0.145437 0.266856 0.534115
0.0513676 0.057479 0.357424 0.53373
0.0582801 0.180114 0.26763 0.493976
9.9982E-05 9.9982E-05 0.760114 0.239686
0.125879 0.0110817 0.555882 0.307157
0.0361925 0.108752 0.818478 0.0365782
0.059268 0.0796605 0.860972 9.9991E-05
0.053379 9.9991E-05 0.735279 0.211242
0.0316421 0.796811 0.0515561 0.119991
9.9991E-05 0.144774 0.486364 0.368763
9.9982E-05 9.9982E-05 0.435703 0.564097
0.9997 9.998E-05 9.998E-05 9.998E-05
9.9982E-05 0.226925 9.9982E-05 0.772875
0.025382 0.217268 9.9991E-05 0.75725
0.0476539 0.209075 0.0266727 0.716598
0.0602257 0.29231 0.151537 0.495927
9.9991E-05 0.190614 0.0438755 0.765411
0.0131397 0.070145 0.445911 0.470805
0.0325644 0.66346 0.0658025 0.238173
0.101614 9.9991E-05 0.414131 0.484155
0.0275674 0.285502 0.141553 0.545378
9.9982E-05 0.235564 9.9982E-05 0.764236
9.9991E-05 0.136871 0.0135143 0.849515
9.9991E-05 0.232515 0.0413321 0.726053
0.0256093 0.0619188 0.0774398 0.835032
0.0504039 0.0548478 0.00413698 0.890611
0.00478157 0.128533 9.9991E-05 0.866585
0.0488824 0.075766 0.425452 0.4499
0.0723462 0.0436827 0.360426 0.523546
0.0937306 0.069189 0.413214 0.423867
0.0176928 0.303851 0.115645 0.562812
9.9991E-05 0.237202 0.247515 0.515183
0.00160545 0.484119 0.0679127 0.446363
0.0361997 0.035382 0.790912 0.137506
0.0322721 0.0184825 0.851385 0.0978605
0.00484217 0.255981 0.377127 0.362049
0.0374302 0.171197 0.323248 0.468124
0.0619983 0.282109 0.311767 0.344125
9.9991E-05 0.898061 0.0590067 0.0428321
0.0679183 0.139563 0.792419 9.9991E-05
9.9991E-05 0.0715316 0.809297 0.119071
9.9982E-05 9.9982E-05 0.632324 0.367476
0.0494303 0.543106 0.0551177 0.352346
9.9991E-05 0.324751 0.0451557 0.629993
0.0151426 0.111582 0.0744928 0.798782
9.9991E-05 0.0430055 0.117613 0.839282
9.9982E-05 0.452547 9.9982E-05 0.547253
0.0278068 0.205369 9.9991E-05 0.766725
0.00135173 0.169605 0.0142959 0.814747
0.0112223 0.0281888 0.0440024 0.916587
9.9982E-05 0.402438 9.9982E-05 0.597362
0.000440317 0.156091 9.9991E-05 0.843369
0.0483532 0.248083 9.9991E-05 0.703463
0.00984035 0.144106 9.9991E-05 0.845954
9.9991E-05 0.317597 0.122142 0.560162
0.0294073 0.0477616 0.0531448 0.869686
0.0369094 0.25958 0.0356379 0.667873
0.00923355 0.159546 0.0322633 0.798957
9.9991E-05 0.933825 0.0253559 0.0407189
9.9982E-05 0.972507 9.9982E-05 0.0272933
0.0550683 0.930894 9.9991E-05 0.0139377
9.9991E-05 0.844406 0.0842903 0.0712033
0.0277409 0.887936 0.00687667 0.0774463
0.00748751 0.0010987 0.112775 0.878639
0.0217652 0.255367 9.9991E-05 0.722768
9.998E-05 9.998E-05 0.9997 9.998E-05
0.0628544 0.0401571 0.881871 0.0151175
0.0214487 0.0565835 0.921868 9.9991E-05
9.9991E-05 0.0700388 0.800402 0.12946
0.0311733 9.9991E-05 0.936222 0.0325048
0.0282058 0.122175 0.849519 9.9991E-05
0.0136255 9.9991E-05 0.981569 0.00470558
0.0253788 0.0839524 0.890569 9.9991E-05
9.9982E-05 0.0932571 0.906543 9.9982E-05
9.99855E-05 0.0971728 0.902627 9.99855E-05
0.0372539 9.9991E-05 0.909305 0.0533416
0.0631769 0.0785272 0.827987 0.0303085
0.014192 0.0876081 0.856007 0.0421934
0.0224366 0.0876053 0.889858 9.9991E-05
0.0166792 9.9991E-05 0.902423 0.080798
0.0526287 9.9982E-05 0.947171 9.9982E-05
0.0291862 0.0532652 0.917449 9.9991E-05
0.0012563 0.0333228 0.383432 0.581989
0.011682 0.0399514 0.223765 0.724602
9.9982E-05 9.9982E-05 0.936799 0.0630013
0.014071 0.0158242 0.755897 0.214208
0.011406 0.0445884 0.943906 9.9991E-05
9.9991E-05 0.0625659 0.354855 0.58248
0.00841495 9.9991E-05 0.0241471 0.967338
0.0194528 0.316291 9.9991E-05 0.664156
9.9991E-05 0.53125 0.0623081 0.406341
0.0225267 0.659364 0.0330377 0.285072
0.0108386 0.837161 0.0160809 0.13592
9.9991E-05 0.920976 0.0429299 0.0359937
0.0143557 0.819376 9.9991E-05 0.166168
0.0333696 0.867739 9.9991E-05 0.0987918
0.0562639 0.785621 0.0919419 0.0661732
0.0778644 0.823532 0.0822203 0.0163829
9.9991E-05 0.13653 0.00195078 0.861419
0.0442032 0.0704105 0.0694828 0.815904
0.0657866 9.9991E-05 0.0452309 0.888883
0.00667206 9.9991E-05 0.0243707 0.968857
0.0213673 9.9991E-05 0.00869699 0.969836
0.0104197 0.0424049 0.089907 0.857268
0.0112477 0.259091 0.0197557 0.709905
0.0099085 0.179543 0.0929304 0.717618
0.0552582 0.074339 0.0343251 0.836078
0.0202902 0.203801 0.0690756 0.706833
0.0248923 0.138402 0.0151623 0.821543
0.151502 0.647652 0.0736713 0.127174
0.0223328 0.0450939 0.832691 0.0998825
0.0426399 0.0612409 0.875541 0.020578
0.0175438 0.0353351 0.947021 9.9991E-05
0.000464133 0.0456037 0.786302 0.16763
0.0249579 0.121252 0.853691 9.9991E-05
0.0406162 0.358581 0.124174 0.476629
0.0379727 0.27554 0.0159085 0.670578
0.0562558 0.166239 9.9991E-05 0.777405
0.0395944 0.378574 9.9991E-05 0.581732
