0.767234 0.108404 0.0835994 0.0353223 0.00544039
0.72716 0.111487 0.118353 9.9991E-05 0.0429001
0.607244 0.19084 0.178559 9.9991E-05 0.0232568
0.749841 9.9982E-05 0.219136 9.9982E-05 0.0308235
0.919122 9.9982E-05 9.9982E-05 0.076085 0.0045934
0.801158 0.0248472 0.126174 0.0477209 9.9991E-05
0.629381 0.108226 0.22174 0.0405529 9.9991E-05
0.811825 0.0202404 0.0967166 0.0261811 0.0450373
0.553244 0.1979 0.145052 0.0762956 0.0275085
0.548008 0.163564 0.245583 9.9991E-05 0.042745
0.297084 0.0721356 0.496959 0.0818109 0.0520105
0.495074 0.20754 0.235436 0.0455083 0.0164423
0.0124695 0.051772 0.88677 0.0151571 0.0338311
0.514647 0.212104 0.200426 0.0727234 9.9991E-05
0.691672 0.130892 9.9991E-05 0.128044 0.0492923
0.568109 0.109201 0.302673 9.9991E-05 0.0199171
0.683762 0.263368 0.0222179 0.0228266 0.00782468
0.813545 0.127035 0.0331168 9.9991E-05 0.0262032
0.10152 0.494405 0.195166 0.148716 0.0601935
0.0954948 0.717929 0.182893 0.00358343 9.9991E-05
0.226798 0.704676 0.0407295 9.9991E-05 0.0276957
9.9982E-05 0.856233 0.117374 9.9982E-05 0.0261932
9.999E-05 0.947656 0.00978157 0.00503152 0.0374313
0.118926 0.812411 0.00698342 0.0168755 0.0448038
0.201422 0.719577 0.0777026 0.00119889 9.9991E-05
0.141385 0.857716 9.9982E-05 9.9982E-05 0.000699553
0.00212228 0.856116 9.9991E-05 0.0967092 0.0449529
9.9982E-05 0.896834 9.9982E-05 0.0714989 0.0314676
0.12185 0.867336 9.9982E-05 0.0106136 9.9982E-05
9.9973E-05 0.921157 9.9973E-05 0.0785434 9.9973E-05
9.9991E-05 0.931089 0.0136249 0.0481609 0.00702476
0.0762459 0.836288 9.9991E-05 0.0451085 0.0422576
0.0684153 0.861406 9.9991E-05 0.00905372 0.0610252
0.473949 0.16775 0.29477 9.9991E-05 0.0634308
0.671876 0.279617 9.9982E-05 0.0483069 9.9982E-05
0.719049 0.138884 0.0514511 0.0905165 9.9991E-05
0.660402 0.0267477 0.274732 9.9991E-05 0.0380187
0.504411 0.131568 0.278136 0.0650059 0.0208796
9.997E-05 9.997E-05 9.997E-05 9.997E-05 0.9996
9.9982E-05 0.730885 0.245171 9.9982E-05 0.0237437
0.709077 0.14539 9.9982E-05 0.145334 9.9982E-05
0.562861 0.183759 0.253181 9.9982E-05 9.9982E-05
0.185657 0.29625 0.383136 0.134857 9.9991E-05
0.0570971 0.173568 0.606327 0.108376 0.054632
9.9991E-05 0.0186874 0.965426 0.00531872 0.0104682
9.997E-05 9.997E-05 9.997E-05 9.997E-05 0.9996
0.523872 0.197835 0.157623 0.0536161 0.0670538
0.307964 0.157788 0.447007 0.0871402 9.9991E-05
0.284599 0.363175 0.232526 0.10164 0.0180593
0.0475091 9.9991E-05 0.136499 0.771364 0.0445288
9.9982E-05 9.9982E-05 0.194148 0.779117 0.0265347
0.174794 0.00508038 9.9982E-05 0.819925 9.9982E-05
0.0159357 0.0172709 0.220332 0.70946 0.0370008
0.0130783 0.105846 9.9991E-05 0.845481 0.0354939
0.0568738 0.0783663 9.9982E-05 0.86456 9.9982E-05
0.272849 9.9973E-05 9.9973E-05 0.726851 9.9973E-05
0.0458102 0.0829604 0.0658882 0.793012 0.0123289
9.9982E-05 0.130413 9.9982E-05 0.858821 0.0105659
0.110255 9.9991E-05 0.10647 0.751392 0.0317829
0.094444 9.9991E-05 0.306044 0.566744 0.0326679
9.9991E-05 0.0988778 0.0164902 0.870671 0.0138606
0.0130933 0.0727127 0.230351 0.683743 9.9991E-05
0.0158242 0.000465808 0.582229 0.336233 0.0652485
0.167519 0.719575 0.0270528 0.0594382 0.0264149
0.109326 0.812105 0.043474 0.00795258 0.0271428
0.145792 0.833837 9.9982E-05 9.9982E-05 0.0201711
0.00533976 0.0489946 0.275164 0.65247 0.0180311
9.9982E-05 9.9982E-05 0.418048 0.498355 0.0833969
0.0932235 0.0685272 0.0346193 0.776406 0.0272242
9.9982E-05 9.9982E-05 0.250601 0.701848 0.0473503
0.099966 9.9991E-05 0.0214927 0.80875 0.0696913
0.147914 9.9991E-05 0.723808 0.124274 0.00390382
0.0350444 0.00781065 0.936081 9.9991E-05 0.0209645
0.00712714 0.0174467 0.905461 0.0698651 9.9991E-05
9.9982E-05 9.9982E-05 0.951704 0.00531231 0.0427842
9.9982E-05 0.111228 0.863897 9.9982E-05 0.0246756
9.9991E-05 0.0358594 0.928033 0.0167095 0.0192985
0.115813 0.064978 0.773654 0.00546223 0.0400929
0.0596637 9.9982E-05 0.313941 0.626196 9.9982E-05
0.0236659 9.9991E-05 0.511504 0.345922 0.118808
9.9991E-05 0.0819381 0.139688 0.767398 0.0108761
9.9991E-05 0.0837514 0.107661 0.755959 0.0525286
0.142696 9.9991E-05 0.112249 0.720037 0.0249175
0.0236506 0.702537 0.24813 9.9991E-05 0.0255831
0.0530436 0.137724 0.471185 0.337947 0.000100425
0.0216239 9.9982E-05 0.828513 0.149663 9.9982E-05
9.997E-05 9.997E-05 9.997E-05 9.997E-05 0.9996
0.610871 0.184385 0.204545 9.9982E-05 9.9982E-05
0.691576 0.153234 0.131009 9.9991E-05 0.0240809
0.471199 0.172577 0.318457 9.9991E-05 0.0376664
0.278923 0.279278 0.355525 0.0405461 0.0457285
0.867175 0.0325565 0.0500163 0.0501525 9.9991E-05
9.9991E-05 0.0177662 0.874814 0.103851 0.0034685
0.11376 0.55065 0.293812 9.9991E-05 0.0416782
0.182646 9.9991E-05 0.503979 0.215027 0.0982487
0.194346 0.315115 0.402477 0.0629708 0.0250921
0.777429 0.157108 0.0569697 9.9991E-05 0.008394
0.587233 0.0603114 0.352255 9.9982E-05 9.9982E-05
0.546414 0.144282 0.309104 9.9982E-05 9.9982E-05
0.546521 0.0271127 0.389738 9.9991E-05 0.036528
0.545213 9.9982E-05 0.44051 9.9982E-05 0.0140772
0.621377 0.0794254 0.294454 9.9991E-05 0.00464368
0.102337 0.00286195 0.627431 0.231442 0.035928
0.0230577 0.0548529 0.740997 0.106034 0.0750581
0.0826801 9.9991E-05 0.626561 0.191882 0.0987761
0.0675789 0.278161 0.652 9.9991E-05 0.00216006
0.226208 0.172144 0.47787 0.123678 9.9991E-05
0.422053 0.424724 0.0757737 0.0773489 9.9991E-05
0.176954 9.9982E-05 9.9982E-05 0.802916 0.0199304
0.0438462 0.0299698 0.17229 0.720248 0.0336458
0.0747873 0.160663 0.559812 0.19511 0.00962783
0.126476 0.15525 0.499988 0.168395 0.0498906
0.0468784 0.240181 0.52433 0.127897 0.0607136
9.9973E-05 0.688928 0.310772 9.9973E-05 9.9973E-05
9.9991E-05 0.0631392 0.19904 0.690667 0.0470534
9.9982E-05 0.00732667 0.352063 0.64041 9.9982E-05
0.108092 9.9982E-05 0.374763 0.516945 9.9982E-05
0.320855 0.45849 0.13685 0.0356673 0.0481368
0.712237 0.210579 9.9991E-05 0.0712286 0.0058554
0.82382 0.000558917 0.0803975 0.0692363 0.025987
0.835673 0.025373 9.9982E-05 0.138754 9.9982E-05
0.46788 0.35746 0.17446 9.9982E-05 9.9982E-05
0.63742 0.174011 0.171824 9.9991E-05 0.0166456
0.771276 0.167139 0.0370701 0.0244153 9.9991E-05
0.917906 9.9982E-05 9.9982E-05 0.0669421 0.0149518
0.393515 0.376808 0.229477 9.9982E-05 9.9982E-05
0.726894 0.18151 0.0737955 0.0137236 0.00407639
0.615491 0.198294 0.16937 9.9991E-05 0.0167455
0.746098 0.081643 0.162834 9.9991E-05 0.00932473
0.410834 0.239337 0.263625 0.0843908 0.00181297
0.666966 0.09641 0.112547 0.0675688 0.0565083
0.419558 0.241285 0.316712 9.9991E-05 0.0223456
0.834626 0.0874159 0.0512333 0.0266249 9.9991E-05
9.9973E-05 0.808958 0.190742 9.9973E-05 9.9973E-05
0.120018 0.879682 9.9973E-05 9.9973E-05 9.9973E-05
0.0412235 0.92954 9.9982E-05 9.9982E-05 0.029037
0.138659 0.770072 9.9991E-05 0.0793199 0.0118493
0.0613368 0.757612 0.150995 9.9991E-05 0.029956
0.578108 9.9991E-05 0.34067 0.0665654 0.014557
0.574527 0.200947 0.21649 9.9991E-05 0.00793544
9.9982E-05 9.9982E-05 0.0953723 0.901678 0.0027496
0.0635027 0.0519849 0.0255848 0.814282 0.0446456
0.0607171 0.00104822 0.0144721 0.915648 0.00811449
0.00821283 0.0932999 0.260138 0.63825 9.9991E-05
0.072618 9.9991E-05 0.00890468 0.874233 0.0441439
9.9991E-05 0.135311 0.0790217 0.778499 0.00706842
0.036437 9.9982E-05 9.9982E-05 0.94197 0.0213933
9.9991E-05 0.0450109 0.143585 0.804744 0.00656018
0.10832 0.0143804 0.0307268 0.846473 9.9991E-05
0.00388917 0.0965842 9.9991E-05 0.894124 0.00530241
0.0869358 9.9991E-05 0.0290571 0.831122 0.0527851
0.105206 0.0300724 0.077463 0.755427 0.0318309
0.156422 0.00686915 9.9991E-05 0.834175 0.00243354
0.028962 0.0445677 0.0120253 0.898022 0.0164229
9.9991E-05 0.0141651 0.146088 0.819025 0.0206218
0.109118 9.9982E-05 9.9982E-05 0.869529 0.0211535
0.0409004 0.0631761 0.05567 0.820515 0.019739
9.9982E-05 9.9982E-05 0.899263 0.0933326 0.00720438
0.0540168 0.0290516 0.916732 9.9982E-05 9.9982E-05
0.00999994 9.9982E-05 0.190562 0.799238 9.9982E-05
0.268164 9.9982E-05 9.9982E-05 0.707788 0.0238477
9.9991E-05 0.0237305 0.146511 0.812585 0.0170739
0.154243 9.9982E-05 0.710111 0.135446 9.9982E-05
0.925942 9.9982E-05 0.0546835 9.9982E-05 0.0191747
0.68512 0.215461 0.0754765 9.9991E-05 0.0238425
0.236491 0.466721 0.296589 9.9982E-05 9.9982E-05
0.267478 0.650798 0.0815245 9.9982E-05 9.9982E-05
9.9991E-05 0.786236 0.196949 0.00142469 0.0152907
9.9973E-05 0.859235 0.140465 9.9973E-05 9.9973E-05
0.0607018 0.789626 0.140742 9.9991E-05 0.00882984
0.0794897 0.790691 0.102654 9.9991E-05 0.027066
9.9991E-05 0.744401 0.136974 0.0790936 0.0394316
0.0800333 0.807565 9.9991E-05 0.0718546 0.0404472
0.787558 0.113259 0.0586954 0.0265176 0.0139698
0.668016 0.0416445 0.154939 0.0816879 0.0537129
0.707231 9.9991E-05 0.21749 0.0439757 0.0312032
0.687627 9.9982E-05 0.311805 0.000368479 9.9982E-05
0.722168 9.9982E-05 0.266285 9.9982E-05 0.0113474
0.53593 9.9973E-05 0.46377 9.9973E-05 9.9973E-05
0.613514 0.172502 0.177697 9.9991E-05 0.0361876
0.518863 0.256412 0.177524 0.040873 0.00632836
0.563217 0.0977575 0.280128 0.0129923 0.0459047
0.494494 0.196875 0.279837 0.00789713 0.0208965
0.645652 0.148459 0.137251 0.033078 0.03556
0.0383104 0.6646 0.0771081 0.0986603 0.121321
0.0758797 0.0115521 0.13352 0.751142 0.027906
9.9991E-05 0.0775915 0.0678588 0.800615 0.0538349
9.9991E-05 0.00240803 0.189273 0.79898 0.00923828
0.178224 0.010054 0.0734895 0.734632 0.00359997
0.113459 0.0413965 9.9991E-05 0.815339 0.0297052
0.329322 0.313905 0.218693 0.11686 0.0212193
0.564524 0.257344 0.165088 0.00210071 0.010943
0.748763 0.147338 0.0315084 0.0124534 0.0599377
0.46509 0.255368 0.238434 9.9991E-05 0.0410087
