IBR/IBR_outputs/all.combrep_1/FireFreq_2000_2008_Total.PersistForestCover_Total.VRM_Total.WeatheringIndex_Total/FireFreq_2000_2008_Total.PersistForestCover_Total.VRM_Total.WeatheringIndex_Total.asc
NCOLS 160 
NROWS 95 
XLLCORNER 210004.651214014 
YLLCORNER 7350008.22228844 
CELLSIZE 4999.99999999997 
NODATA_value -9999 
[rows 42 to 62 of 95, columns 0 to 45 of 160]
-9999 -9999 -9999 -9999 -9999 -9999 -9999 -9999 -9999 -9999 -9999 -9999 -9999 -9999 -9999 -9999 -9999 -9999 -9999 -9999 -9999 77.0402058545869 36.0849541469749 50.7745601361603 58.8735987455723 35.3099957269667 35.3261246442876 23.3150920542074 26.1775877493088 18.8533403621007 20.5822457684529 27.533953169358 29.844523728168 33.5970826548267 32.3770316987418 28.0234445560871 24.3804327933281 23.9938175871571 28.3395117672809 33.9809882262857 31.6779535471398 27.4456732208589 26.4954727824863 25.5837213095457 22.4644262281897 27.5807310830035
-9999 -9999 -9999 -9999 -9999 -9999 -9999 -9999 -9999 -9999 -9999 -9999 -9999 -9999 -9999 -9999 -9999 -9999 38.8350840071701 36.1576198681349 42.8621453810432 38.3915724770051 35.6134466105962 37.5192741731166 47.3809252558596 48.3860380850765 33.8694459012448 21.0395282959671 19.7100543853027 16.6655616702004 17.6206651975628 23.0996933421083 27.6920123756649 31.9515724662004 27.7573628182415 32.1343170805726 35.8317634655995 25.0390398358532 31.8809352276046 34.481416166291 28.3011332637758 29.0725717272833 26.5773853021623 29.6987244906942 24.9860227350041 29.114374940539
-9999 -9999 -9999 -9999 -9999 -9999 -9999 -9999 -9999 -9999 -9999 -9999 -9999 -9999 -9999 89.2233667802661 63.4094727364553 38.1945905881633 35.8904799315502 37.2325094775576 35.8883411090108 36.0006588205364 37.0422220651695 40.6968875252953 37.2309534292785 40.0513331263716 25.4752494174529 21.9216198991398 19.7187765435519 21.1548805606792 25.9220207092743 23.3006596469288 27.6868257209351 31.5548674917275 24.8086174381807 25.7393703174341 44.3174740873808 32.0974842409621 36.1195051603246 26.5558426878011 24.5891464307635 28.1953333235354 28.8088025610102 38.849418055985 45.9478412278949 44.054039266555
-9999 -9999 -9999 -9999 -9999 -9999 -9999 -9999 -9999 -9999 -9999 -9999 -9999 38.2405492648076 39.1883302179805 44.8971443463575 36.2080400168448 35.9870626413516 36.5344096693039 36.2931860527089 35.9567793111291 35.6099581378975 38.3784930257147 34.7345781703169 38.3041510045184 36.5033286041012 23.6380614724134 23.2985449214299 26.7071052400262 28.1174670567321 35.9385852289957 31.4358507191352 22.9056984296628 29.4644790925138 22.9295360123795 23.8265272239323 28.9931418414693 38.2400465008054 27.6590459049297 35.0992573977076 41.0847322188263 29.536503997492 38.6826926097321 38.9487589159676 29.8688824501926 26.3793039370481
-9999 -9999 -9999 -9999 -9999 -9999 -9999 -9999 -9999 -9999 -9999 -9999 36.3579635100445 35.7083423213304 30.7233536318437 28.2949391211289 36.0767411852599 35.8348833314914 36.2405574061173 35.7165071289456 30.7891970507814 31.7215630729565 33.2937585658514 34.7397169467758 36.3733207778557 36.8828986911843 21.7417792970001 18.1526703952029 31.7337191482903 27.1961830222302 34.9262320500774 33.1734265531505 24.4895831026359 27.5738173754826 24.6777401565551 25.2708297820004 23.9696073042322 41.7792736416608 35.9084680733752 31.8524079015756 38.3003535052031 40.4697879991182 34.2638177978237 36.171750153494 29.3751892659651 31.2174544565465
-9999 -9999 -9999 -9999 -9999 -9999 -9999 -9999 -9999 -9999 37.3947173341627 35.5863994428885 35.5512819702281 35.3893623202082 30.9316328612881 26.3808230610154 35.8121107444819 35.4122597121059 35.5547837942214 33.2394961307547 30.5908662346743 34.7724775385548 31.3639091350678 35.3125758384529 34.7304372985178 41.6224038671424 21.9187400887423 20.9668892998109 16.9800771487151 28.9444766014011 33.7446415164911 28.8212500908348 25.2140163684047 26.6778360515194 28.4701149684414 22.8065095962807 23.7176538902575 35.4581192120709 27.76537470838 24.9839430148694 31.6119828612303 50.2916521627719 47.5549193501681 36.4765177320675 31.8520552169107 30.6735203990671
-9999 -9999 -9999 -9999 -9999 -9999 -9999 -9999 -9999 35.9422391425231 41.2897763358926 35.4068962588767 35.4077479655546 35.4406810592515 33.2032690027424 30.0872972451303 39.3886987792827 35.3689907222177 36.0762581387751 34.5639078361987 30.5392410603514 35.3808631708456 35.3157830970591 35.3178379310543 35.3076228564413 35.0175690068849 27.9301259696215 18.8696163434387 16.3212814141239 30.3330654837676 33.6909957698467 28.7456592047902 27.0385408409714 25.6020564061976 33.961543849453 31.5664706425276 30.967408377291 31.5772343611494 23.8824122669833 36.1733301934524 35.8497909774612 46.1134221480242 41.8099051600955 55.2198908319254 31.0004525437107 26.161294974883
-9999 -9999 -9999 -9999 -9999 -9999 -9999 -9999 -9999 36.8868809999147 35.9003692042329 35.5843816979319 35.483425536832 35.4362799104516 35.5119730530912 35.4317483708947 36.9710388254181 35.3284930220916 35.4130221513489 35.0499829731482 35.5343854553512 35.4701614210894 35.3167260464845 35.3191397832618 35.3211837240543 35.317337136361 36.1769023500125 19.7384647507686 19.7283574690607 23.8037803008799 26.3579752582565 25.5032076409813 22.8869936818498 25.1077972125998 33.039186220095 36.3129574161738 28.1090700889507 23.6457826803197 22.5058704806958 23.6587353960662 31.2466380937325 49.0335528631035 33.0043277711027 38.7964101934917 42.7388003066212 44.4693689441222
-9999 -9999 -9999 -9999 -9999 -9999 -9999 -9999 101.535619269445 52.9208162375942 35.3642199704496 35.5858920372669 35.6237969284884 35.4477796329493 35.388326859404 35.3266384122734 36.6795086195353 37.2233891513855 35.3586306128556 35.9552595485558 39.1922936354591 35.4239128436849 35.3579483619789 35.3175993617296 34.1669122028612 33.5908853381785 23.2994642052758 21.9841956180996 21.6125855098259 19.8618746881257 24.7387867871758 25.3537696122651 25.5239361892967 33.0029259179595 29.8904675119355 28.0214180067553 33.2088906812508 22.3568465203106 24.5424824225359 28.0727480652 37.6441764646395 42.6939491971725 42.800064678614 36.9756393309139 30.0035598198524 50.3195263973184
-9999 -9999 -9999 -9999 -9999 -9999 -9999 -9999 97.3674760889826 38.5736896173031 35.4307943718181 35.5719932704686 35.6343824481848 35.5600164711678 35.4284179908435 35.3183682489608 35.3140229498614 40.6745609064736 35.6754318854645 38.0334320003041 38.3038998763708 35.3233496555625 28.2271528088328 24.2321062432645 22.3904191318565 23.305721686153 21.0282852809878 19.3063427222774 22.4643449557725 32.1357087817187 22.7412533697728 23.3438241132387 22.4223609289253 23.8948445873104 29.04261250685 27.9705501591246 25.2278143746812 25.7723699656843 26.2457822624263 30.5125401947103 27.2306495239149 33.7074048532372 43.2471620894156 47.6269447037888 28.5547539700256 36.6489163434254
-9999 -9999 -9999 -9999 -9999 -9999 -9999 108.340601744927 46.3886276148808 35.4426353288294 35.4623598174917 35.7253573245797 35.4471923385533 35.430995798492 35.8856778985131 35.4055193715609 35.3097389172628 38.2905463859019 35.3588090171248 37.2402609673209 37.9386435993531 31.0290638478634 25.6890542132259 28.1993916056883 24.8047172366815 27.6331551414934 21.546118654279 18.1624143854663 21.8827685082567 34.1828452646229 35.5500937336441 28.6341592150723 23.7518904129935 26.767166749336 24.8350333881939 24.6153316695099 24.4930336265431 22.7334140767367 27.2927499300664 28.8891149739327 27.3043166814874 29.9658745043227 32.0760489465555 32.0684375931145 41.0345276144091 31.0566288649367
-9999 -9999 -9999 -9999 -9999 -9999 90.5032605369748 70.2713028242844 35.3164242300995 35.4228027321735 35.7286367330879 35.4782963708392 35.3997817599364 35.3593404621191 35.4973952337765 35.562187517295 35.5929203815911 38.2947168957223 37.3384184507841 37.4570515688478 27.7312219403565 24.3200359384717 25.2195913243086 33.5921161161903 29.8035492760969 24.1528161622828 24.4704245893115 28.1448679693232 31.4432029031777 31.9430648181794 32.5710824872938 24.4635016663515 26.632547790953 24.4516417589565 27.4853047919695 23.8719760396437 23.9446328991245 19.0798619613222 25.3292133274463 26.7742089897222 27.7032296916931 24.8548480842074 36.1711597695893 41.8720048911798 39.1100144821662 37.3396954589186
-9999 -9999 -9999 -9999 -9999 -9999 93.5537408501278 40.7699577538027 35.3602851851423 35.4474448114784 35.6649233179199 35.4106478514549 35.3693220037928 35.5904823504619 35.4026848362633 35.4168266406563 33.3067061399648 35.6113395263052 41.7772134510419 36.1876853425857 26.9426272703971 22.8575408148776 30.778816291261 26.3330333968225 27.8074805246061 28.6937293296392 27.750162572555 26.946265667019 28.8793707551038 27.9319338710966 34.1951602386519 22.4780925094625 23.2286282244988 23.4107318957926 30.0995689352627 27.079758452325 26.3703674180098 29.8931501785359 34.264200313913 29.7516726749474 32.7761011855934 28.4130462868971 33.4352012799991 35.2792609345193 39.742845775392 40.5779357168659
-9999 -9999 -9999 -9999 -9999 50.9499521431682 80.4128396029014 36.1360277167647 34.4201439490132 33.852289674259 33.3079642940173 35.3922257477922 35.3638783255851 35.3127092716921 35.3264031523127 30.9413883676969 27.8130512593121 35.6113255072628 36.697714195037 41.5175371122437 30.314980079739 23.7729977489809 24.7396638456285 28.2519285442066 26.0290505291075 30.6255955429246 26.5183915552874 28.8771146594578 25.0556358278104 26.2410124750818 35.7100084636879 24.4411679673626 22.8153277724323 24.237035092967 35.2986267613642 35.6452271033908 28.3785982892815 36.4743961686712 32.6757129998914 27.8976070132026 26.6077410686195 23.9068141765555 28.7510140869742 57.5919240312738 38.0268109871753 34.2259860112445
-9999 -9999 -9999 -9999 -9999 97.5350295851921 66.1895536091665 35.3546878574947 31.1175936241126 28.1088602304954 32.7302895867447 35.4264153414887 31.3888362947733 35.5915622202823 35.3128829863138 33.0208987830312 25.051269630797 34.7306044879861 36.9490976380567 43.5970810649166 31.9157314678959 24.205538951484 28.7218992308886 26.5378560486043 24.1145560475918 24.3088595605259 27.9217826307318 24.866375537649 39.3612627993806 32.0304942144374 35.4415374141966 33.7692764094793 32.877184747015 35.0647698539059 30.8060061053077 36.9610917265081 27.7406889804075 36.4128753280372 34.7900248552595 35.0313961071889 26.6688727782684 28.9248508710386 22.1786579795918 32.6184525457661 41.9273529156342 44.0427793141918
-9999 -9999 -9999 -9999 -9999 84.4535616762494 36.5503682425902 35.4016183813853 26.5258320918893 25.1474563529159 28.7322761303724 35.3841088196863 35.3205443600805 34.7327004506231 35.8552915998482 35.3095317139105 33.0178305860806 35.5843696826773 36.1259904775528 38.3309114809558 40.884490610854 27.7553694869758 24.1250630504936 26.778363444948 26.8049638033955 26.0250970420965 23.2574414780692 27.6375601607427 36.5549455125178 32.0777940905288 36.557725573745 35.4587289921543 35.4581860969126 30.2095076081445 30.8224085065828 45.6343025304993 28.7355353732704 35.9177918357706 33.9529611965419 23.0630890258954 24.1804865034297 29.2279920274855 27.1243293454265 28.654425217156 32.2254909239162 52.0906646795445
-9999 -9999 -9999 -9999 -9999 72.5845473513456 35.3572101534431 29.5345702495928 24.1239598875817 26.3025398507131 26.457588493446 35.683696019307 35.350422961644 35.3118750928911 35.3070431191918 35.3108923339536 35.313390612484 35.3138250597978 35.5826684803373 35.3131355551931 36.704933536699 38.228731598936 30.3444885692804 23.4949982427862 23.0473551487937 22.7619186807646 23.4898503288488 30.3910040093353 31.8358132903389 31.6622225154043 32.8404581361114 34.0080784708471 35.9946488120555 31.3465150060798 28.5095464642843 25.3829945854755 33.3903170443849 34.4903213287538 29.7737664489764 27.2866094154941 26.3475535669257 24.9246304187897 34.7971389158779 36.6638022523939 32.4642658758826 42.1482486770761
-9999 -9999 -9999 -9999 -9999 46.7619799158835 35.3605354262147 24.5044716526523 23.6516885523989 31.9972307864308 35.6447757324082 35.4509918101174 35.3876222649904 35.4075560499906 35.3235172606446 27.6757623580515 27.6709314890597 29.2193943868402 35.3140277725861 35.3106740613376 35.3125370955963 38.1787438539939 25.6960955213918 23.7203940258967 26.0215073930868 25.9404269396148 24.6841602524891 30.9858859951978 29.8728601965955 28.3380216644606 25.6143960795626 32.076802585258 35.7171210893198 27.4806462756381 24.0644030380944 24.4407521996014 24.3001938270747 31.3917911901235 22.540608565968 26.1918941142488 30.3821667594925 29.3209673927473 32.5877837921752 28.2532310519337 31.9487430920901 31.0470129170057
-9999 -9999 -9999 -9999 -9999 37.206148896703 35.507317235944 30.9257431656571 49.6159042225128 37.5738860342068 37.7615181720157 36.1306035056579 38.5494328824474 35.8773114620087 37.2047949818789 35.7249622093812 33.2663445917561 33.2858924123607 35.5852797240674 35.3147601453278 35.3115548083221 42.5510501333703 26.5144633412521 32.3261390108569 32.6499009227075 34.8868647980396 24.3760442323076 31.5398299002383 47.4952665557342 28.9397145717283 26.1812290379858 33.9140853307777 38.6214806223138 30.4099804419233 23.2168895331656 19.7209104407528 25.9694031267374 22.0560325459474 28.9071434549619 32.2630074971987 35.637172360854 32.6550649616964 27.2855970720785 28.7010605951675 27.8844857489598 32.530038250299
-9999 -9999 -9999 -9999 -9999 35.3608445604545 35.469425015795 35.7321539322609 44.3688747544286 52.0236498406267 35.9611404489886 35.0091112491709 36.394789625225 35.8509717114083 37.2225000778465 34.4100933170451 36.1267621432837 36.4104717241621 35.858994725779 35.3132679172998 35.317165998528 40.2128650636892 27.8555170150904 26.5543262219244 28.939167774512 35.2101409601524 24.9976991488848 27.7328740904317 36.0800556085258 38.6893417645119 36.0656982932201 38.4037544121991 30.1167947743884 33.2793179349783 23.2257720004321 27.4219915806948 35.0239110943614 29.7804835996673 39.5621913174426 36.1393198608774 37.7788254378578 38.3232056648109 35.2864439708962 27.4410838559367 29.5791872224635 37.8066687503028
-9999 -9999 -9999 -9999 -9999 35.3946242736121 35.478048824356 35.3265947548675 30.8945451137745 32.6731163065909 40.5845856750382 38.7461026208726 35.5832582846546 35.5806317946873 35.5890890861052 35.4198453607258 35.3410088304357 35.3113336321723 35.3128345816154 35.3102424671076 35.3084628219605 38.8825814337137 32.0399443081798 26.4401754560572 30.3220029732961 35.8089047261093 30.7662331478949 30.9842686986417 32.4457286950237 40.112046448842 38.9889236511664 34.5508404853049 32.2209471739242 24.0966538484145 24.5493734660378 33.5078567331882 36.1489643180854 35.9682530209178 33.9690571168397 31.0041529640787 33.4546199817837 40.2759970277335 36.2387882059485 34.1938991234143 39.2560930452122 38.4344050847192
