IBR/IBR_outputs/all.combrep_1/FireFreq_2000_2008_Total.PersistForestCover_Total.VRM_Total.WeatheringIndex_Total/FireFreq_2000_2008_Total.PersistForestCover_Total.VRM_Total.WeatheringIndex_Total.asc
NCOLS 160 
NROWS 95 
XLLCORNER 210004.651214014 
YLLCORNER 7350008.22228844 
CELLSIZE 4999.99999999997 
NODATA_value -9999 
[rows 63 to 83 of 95, columns 0 to 45 of 160]
-9999 -9999 -9999 -9999 -9999 35.4685864843995 35.4122727542508 35.0047995828795 26.6207889406514 22.8110854761428 24.1959597599311 25.0515863721625 38.1158690471728 41.5725563142439 36.1483381733031 35.587619643374 35.6335127963839 35.5889692078944 35.3092306543213 35.3090406693512 35.3075667512033 35.5961396393014 40.4786114749725 36.0576564513862 36.0052955812117 35.9894458750373 35.5636197546951 35.2706188282645 51.1894840734527 41.8444279732423 41.3786284192653 33.0158366068315 30.6563600014455 21.8228887098192 24.3836316352098 33.8755831274324 35.9326658365806 35.6474210655624 26.0827369096721 30.9530950093973 29.0175744028703 44.9454449171584 38.4928141760048 41.8122618034055 32.5985445395898 46.184939727472
-9999 -9999 -9999 -9999 -9999 31.9537250023937 35.8228282915033 28.1553947448482 29.5101699922042 22.8919826138245 22.985661650935 22.9693711809938 30.7633122670864 44.9527088160224 35.6860509683591 36.1301795987966 36.4263796863247 39.6306926071051 36.1325702855012 35.3321339032669 36.3456029393517 35.102481321949 28.5623521312763 32.6055332792245 35.203067737631 34.3879754531067 27.3500818363112 31.1024890480157 33.5930302770837 33.4822668529847 37.1691853220283 35.2674137444716 28.2795697210127 35.5596345267585 36.2146743045332 47.9290904073882 39.35675990908 35.3323789361011 38.92746188239 29.9650379763898 31.2618133347362 29.8196986976967 36.0388328649249 42.6101966760143 38.306041475396 60.3595730649516
-9999 -9999 -9999 -9999 -9999 30.3624689852275 27.9084347759233 32.152063274297 33.4674214732351 25.5084587349303 23.2612757195414 22.8996540785527 26.3751486330829 35.3700550980781 35.4775515945376 36.1495372083281 35.7240659138587 35.6292609590163 35.66333762707 35.9934581712276 39.1559816094004 36.0675668474503 45.1315324349848 38.6484020253775 24.8483614568361 21.9416899126704 21.3877298713998 27.5507611288391 27.6549522611263 42.2069716674894 39.0824319552711 35.2645191931038 36.9922649337897 37.2398760224712 35.3521353872741 37.4012506602442 38.1914178765982 36.7018731368038 33.6011940381856 31.5112151622743 30.8138122259293 30.6348740121492 31.6780821165965 26.9002001055601 23.7274065276353 29.5014447131254
-9999 -9999 -9999 -9999 -9999 25.0612565455183 23.9528625617462 25.868184240214 23.6070315937489 31.6978147067126 24.3560045436735 24.5452462817427 25.6389674394696 30.175510296755 35.5884340491758 35.3371904124052 35.3436442323648 35.6548143237195 35.0490855240407 32.1582759959286 29.347642219049 35.1187538707491 30.3356950433366 26.186769341268 25.2171976414635 30.6685061103877 23.9956596383262 56.0927622742506 34.7969366775551 37.7716742963851 48.5167066505459 41.3480005556531 32.2917214306594 29.5024194220843 30.8346589572065 38.302202580783 37.7033304026845 36.1282127170599 38.8178706775443 28.1642881386526 27.4156947843388 34.9387136706595 35.2475347469154 34.6407460122506 28.6982899865155 33.786691414641
-9999 -9999 -9999 -9999 -9999 26.6128288579811 23.0222361018552 29.2942450219211 27.9854649043777 25.6225525254609 35.6792704708614 35.9717836532976 31.5076871757953 35.0162124486879 35.7225954558819 35.3390795805281 35.3251037360865 34.4548413954931 25.8179285643708 23.0267215765169 27.2599634891797 36.2996175922029 26.6774428606837 33.6822415684597 25.2687965148865 28.6135182925617 29.3224020731037 40.5805751594563 29.7878974432611 28.6900755357785 37.2808572389549 37.5519102960205 27.956631541668 27.6111684075422 27.3716397762875 36.7751319874865 36.0447953111822 36.1863576169242 39.6181585159617 40.5854663282065 36.3697772348346 36.8331859277714 36.1979911636873 58.6712457797566 36.9743634693175 33.4767255327895
-9999 -9999 -9999 -9999 -9999 31.7142214143992 27.0697996262307 35.0103355031447 35.9657939375893 29.7391847833111 36.3690258511659 35.047445458735 25.5285595760173 30.263466651791 35.6538349552657 35.3733007142032 34.1641782670702 34.7449445767753 27.5144581843634 28.6339341374465 32.0882987686273 35.2870050595641 33.2898908953504 30.901231832116 29.4986455960636 29.6892990539876 39.5098975995195 27.9756393337873 26.6408850158748 25.7442876714259 28.753259035491 37.61707994865 41.6985385715308 38.225085070699 28.3916133393137 29.9264841291083 42.3840044242154 39.3690829226842 60.3374462568994 37.7026172112466 37.4561352058537 36.2322994770265 35.7101749958098 36.9271168879611 41.1359703362224 40.9939540827183
-9999 -9999 -9999 -9999 -9999 35.9265916998406 35.7219968240169 35.9317369208987 36.5262381398757 36.2955107600974 36.0908243695339 36.2221076973339 32.4816444943385 28.3136568377864 33.3546695103155 35.3253397997847 35.3613523503326 35.3406790199569 35.7156123900796 36.6260577261829 37.8465399881094 38.3862496499196 29.0567076324853 30.0679103012071 38.614047874437 27.9423677487886 38.3280276596979 34.5153845832304 25.8301418070582 26.9548233339249 30.6319316626473 37.9108318909873 42.5616324042476 38.4400697446997 37.0861711640803 37.88249065004 39.372669237011 45.1073711639811 43.7290917128241 39.9483012868937 36.8029492833824 35.7523820953301 35.3376526160733 36.9926244930399 37.1040258438159 45.4733946987154
-9999 -9999 -9999 -9999 -9999 35.3921868127057 35.979878273633 36.1294818706342 36.1178968451542 35.4576252214436 36.1311156312618 36.2384129615173 35.209010396083 31.4243621365766 26.4980065634416 34.1907425284166 35.3754515726143 35.6156766481919 35.5367216127572 35.8499760068113 37.4353880974227 38.5172786846994 30.7975938083829 26.4310541439611 41.4145511779386 38.3748253978227 38.7975033187801 34.3132210099743 24.2597725105312 23.9390405552811 33.0405990011937 44.2526934161887 40.3246704290807 39.6914913444385 35.946674317526 38.462788751276 39.41977497543 37.3336989474396 34.0094796826562 36.8012174734782 36.6275427033243 37.4709963927166 35.582448084987 35.6038812741972 35.7006133743523 39.0872606907589
-9999 -9999 -9999 -9999 -9999 35.8263649483488 36.0901380069866 36.3587394305022 36.2907942822622 35.3610392703754 35.8057366738517 36.0612525120038 35.3492635885713 28.6277141275755 24.0337390493682 31.9343628240461 35.7006591414474 35.3386044408743 33.074790568872 34.1696118922002 38.4753747926494 36.8008143113001 37.2749409919897 35.7369332944721 40.9385473823025 34.3828383632173 27.9487469070549 30.2646825154333 27.4098820412355 33.8949261746717 37.1368587047587 43.714938262507 28.5358192214433 37.0635057987751 41.1388726427955 37.2038726128147 36.8638726631166 33.7062534608376 29.0163364863667 32.1532524555781 36.4591506535676 36.1506602396697 36.6427104493217 36.1781546465609 35.3382051524286 35.8650795303448
-9999 -9999 -9999 -9999 -9999 35.7994171520337 35.3558670419181 35.7362752199304 36.0065283225237 35.6912346436913 35.4893093994916 35.8580453161182 36.0122759742598 26.4153156032821 22.6729535925562 33.0326063437297 34.2916505948961 34.1553906681354 32.779778799808 30.6679372245317 32.7708795456886 36.1371622838403 34.7271831649822 31.9638142060654 32.4400759550614 34.4124585608068 24.8513028167239 28.7254456090561 29.1636972146294 30.121848353128 37.1712438638236 39.8250447693089 35.7355058310134 36.2064306285289 33.5865806045391 40.2189687107299 37.9476369521044 37.4137858809946 32.4647896182327 41.0008666432001 36.9614154219552 38.4209888545208 36.5397165129829 37.5187477018305 35.6050447381067 35.3567284041085
-9999 -9999 -9999 -9999 -9999 27.3695425609198 34.1773321875232 35.3820814159621 35.3848741895874 35.4248262435677 35.8379241889749 35.6093722191053 35.89380650342 28.8620209608682 28.7127801735503 33.6324162296339 35.9120536430765 35.2518974267632 36.6637519975361 34.4459107883016 32.1300988400005 33.5332841016753 37.016121435189 37.9989137923553 27.6518440958285 28.3370697302905 29.5002070559542 30.9614657197413 35.2776367565465 37.6740697326312 40.8263746748935 40.8292793719386 39.5137035610566 35.8428906213176 32.9169474957479 52.5719475268525 48.7504452066777 26.944363936813 36.4771551013766 37.5349437865947 39.8622461600165 37.3964584800542 36.336879694469 35.3590091713606 35.7813037616215 37.1066580813542
-9999 -9999 -9999 -9999 -9999 35.3411108834153 35.3401752377723 35.36533156956 35.5754452432661 29.3462183850316 34.2960806938255 35.7582877238562 35.7277091429915 36.05842735382 34.0798760286008 32.0943502316174 33.6857739694687 35.5581521324766 30.0973576950987 29.882613660728 36.1901026023368 33.2396223616376 27.7633155987635 31.7142290844914 26.9869773749157 29.1046833931241 30.459413048454 35.8101501042645 37.0883565193756 41.3149421809212 39.1908716335214 43.6203654471437 35.6857146145351 35.0329290269024 27.7289020323935 53.6821565961577 36.1482423538457 29.8806626812592 33.8615643772101 39.0189193034461 46.2842293347236 55.2454118136257 41.3811964763392 35.9577959709268 35.4665144344619 35.9110235183829
-9999 -9999 -9999 -9999 -9999 32.6115787161333 33.5987455819151 32.5467972741403 36.3258347109083 35.5500304905592 35.3500910707091 35.7933895379619 34.6589168232151 31.4505238093325 30.596886930501 29.5939860437714 29.186440061257 27.691442487246 30.9258048273905 24.2934373596181 23.3950631621354 30.9871861829753 26.4502996347898 32.4124735335647 35.270404634799 32.5476734310054 36.9476181517471 37.3553807289899 37.5373852498681 43.2664974099557 40.6157846573763 37.8128563424015 27.0854938899183 37.0298566665998 34.7300915957973 51.5096517427571 43.2180771037128 36.0970062264553 41.6657820007222 36.1764387626648 37.5897019668382 52.424426738577 59.0698739533342 39.031664282334 36.2681141152971 34.4397071790582
-9999 -9999 -9999 -9999 -9999 35.4700558274798 30.9597872080013 35.4975802864852 35.7501721710926 36.2370549000887 35.8917596569185 35.3493530361899 32.1205871832321 22.7174468355355 30.339275921382 32.339297776579 30.6614820356948 24.8337264023927 31.9343601979139 31.7024163956629 31.1508670645053 36.4707569633972 36.7595921667781 36.8552130296121 36.4103069411278 36.5009323376145 36.5535434825452 37.0671042290626 38.327447264342 38.0500212172961 39.5873809206825 33.8845081638012 28.369638440444 42.2019605290441 38.6879767494285 45.4892462166074 49.746348540004 42.7264121794863 47.2607196969068 38.1333422775641 36.8419946896435 37.8610847577712 59.5611330281204 56.1354567290329 36.9370004359247 39.2963021223422
-9999 -9999 -9999 -9999 -9999 35.5941017901145 35.4227163324402 36.5428002679558 35.698141681216 35.4494139046955 33.4071031648622 26.1827825952081 23.8624267032129 27.2222287407093 28.7442125675911 33.3060728973519 35.2310119600113 23.9066157084567 28.5004078614237 32.5294440592211 30.3416877759912 29.7996508493894 28.2842226571255 31.734070115915 36.2299241028837 36.0703047642503 36.014835079112 35.6463026400386 38.1797522434857 38.191182768211 36.3779304272581 36.4515365994049 29.8224853314236 38.0244213516652 42.786596981338 46.3992862744624 50.3243768219297 63.1283779125317 55.7202736550903 42.1567624587321 42.3542707562062 53.5953359908109 51.3151782131905 55.1715220858763 38.3460568342979 35.9373982171927
-9999 -9999 -9999 -9999 -9999 32.4687051050393 35.3112592339428 33.6037797830095 27.1807308201123 34.7407193556777 34.9585780907746 33.15356855406 30.5698526787815 34.5056781301337 35.3862986022025 28.1319469153975 27.1979309477486 33.5117326569792 34.2063794937431 32.6081564172351 26.9876747004817 28.7684169267318 24.4986662773549 23.3220874413921 36.7260713277186 36.3992472470657 35.6818839916903 36.6570456831239 35.820580802994 37.5735493437663 36.7529416292595 37.7987922011971 34.7600392174997 41.8160034584341 43.7869130017045 46.8777522914248 35.2362954355182 50.0088512911679 45.4904278941444 49.4449709304647 47.0128109408277 41.1877739722671 46.5163482136506 53.6149296300006 48.8118311837891 37.8212858816255
-9999 -9999 -9999 -9999 -9999 25.3360927137214 37.5208514580662 35.3180382930528 35.314544727923 33.0354895557475 35.3172784410915 35.5955487271031 35.6357374213176 35.7196875049358 35.3976605267287 34.9912544120174 28.8420311636862 34.819773962505 33.1368773686956 28.9226015243327 31.4799507434359 34.2958257756389 35.4877226133447 33.0817793366192 35.9807794336724 38.3457317718369 39.4812467413364 36.8824607404349 37.7479728937176 37.0710435878223 36.0119359883156 36.2529208530602 37.5097001770004 35.698357891201 42.6156417636887 41.6273547090505 39.5139632265337 43.9504672110412 39.19905439235 35.1723047351381 62.8009354800566 46.2475629633133 41.2781453970759 41.3421725190475 53.4239135175001 44.2922879450906
-9999 -9999 -9999 -9999 -9999 -9999 30.0994757880209 35.4374945026013 35.4873497711589 33.6016207282427 34.1664334591818 35.3433650141394 35.3626740132942 27.5417453380083 27.7507872902919 31.2283286107293 31.6173458689649 27.7958825363488 35.3901484352194 28.9572601397362 26.010536119686 27.8546568300589 35.6270873614435 38.3499047126765 36.3784724364476 37.2539141390081 37.8002167195113 39.6451634880299 39.2983306511395 37.8503841969294 36.4673860655817 35.6954129352853 36.4682943221495 36.9922274170311 33.5153188417864 39.0688608322378 39.0385301575842 34.9100369257689 34.991708899915 32.1812621365548 48.9257036064892 41.2800164809839 40.4930032887589 37.2471493926714 51.9925920543624 52.9530113975946
-9999 -9999 -9999 -9999 -9999 -9999 -9999 35.3492222675402 35.4721594393759 35.7130522410197 37.8994284284654 36.2085928308243 35.3597319639584 35.7922197914998 38.2286991431074 43.5637518304481 37.2666006524845 37.7886501312141 33.3883579223558 34.2787636814385 26.0858393153715 24.6483856828808 26.0257089057006 32.8019700375484 36.0295950808885 36.2048504571053 35.4669062504278 29.5856066972892 35.7195871455664 35.8921367203454 36.4603772005387 36.5667218903415 39.6635947346379 38.5585197363613 39.4907620966801 48.1671635426245 40.7978247560174 41.3096727298319 39.0146587182875 37.2410482458414 43.8419261028183 46.3667477495882 36.9622545512327 36.7448997038525 39.7604430719047 50.5759660610957
-9999 -9999 -9999 -9999 -9999 -9999 -9999 -9999 40.3445466587457 36.3911603906232 35.7577222186409 35.3812260679213 35.3447952676247 35.4823963009682 36.1950828689416 45.6407227072044 50.0898825627805 36.1127998882957 34.6340683183488 37.770550803742 30.0657595898107 34.1527379019222 33.8771463201797 33.6485071595831 38.3540502316632 36.5051876823113 31.7164374355556 29.4618907462447 33.3588640829687 37.0390573662742 37.0287468958684 37.2261715381445 37.7802003552458 44.9263277683714 39.315240346757 47.5062062247929 47.7234365777654 50.8680042967887 37.3995693352134 37.5262998784433 43.8283005994938 43.9050349380347 53.8155307085861 42.0370435212038 42.2086315598819 53.2895429700291
-9999 -9999 -9999 -9999 -9999 -9999 -9999 -9999 -9999 38.023056765608 36.3003598435846 35.7556612377645 35.3362770725822 35.610904463264 35.6030589672164 35.7371758752499 40.4686351633989 37.2303932621137 35.3411107621111 36.6915530413408 43.3128438706091 35.5706657082087 36.0721696317185 36.8292850849379 37.9066123412403 35.7939834089578 37.0246102330212 35.4400470234073 35.3389328864397 35.4932193425467 36.5706503529883 33.8622392509327 36.9297019783648 41.2280552608 46.9148879289589 46.0199097786725 41.1090041254422 39.4670737484011 37.8496786021856 36.1075583423007 37.4559562867665 41.3847715290006 43.1288951867296 47.2267592961448 42.1020478772964 53.0592678857055
