IBR/IBR_outputs/all.combrep_1/FireFreq_2000_2008_Total.PersistForestCover_Total.VRM_Total.WeatheringIndex_Total/FireFreq_2000_2008_Total.PersistForestCover_Total.VRM_Total.WeatheringIndex_Total.asc
NCOLS 160 
NROWS 95 
XLLCORNER 210004.651214014 
YLLCORNER 7350008.22228844 
CELLSIZE 4999.99999999997 
NODATA_value -9999 
[rows 42 to 62 of 95, columns 46 to 91 of 160]
24.9304619436602 27.2161150780307 28.9457066466811 26.3718712285045 24.4478457834021 26.5642607510494 24.1477137647366 25.1540249781588 31.8043351474131 25.7357972121247 28.0428406761243 30.1126951070001 28.8799649104197 57.4046872293989 36.8619376921699 15.9040650476961 16.1293895570849 14.7144210831618 14.5799562502142 17.3832533423738 20.2854652716658 22.9936779849375 24.0988806352565 25.8381939754913 19.4483774478423 22.8913702818191 17.821018258155 16.4273159351461 23.091411687334 30.7058940420818 37.0505736513018 29.5600553462191 36.5835405974754 47.1835281624897 28.7784322524397 24.7381057380768 33.2081203115124 33.1631006752981 23.6186479453455 27.9968813831545 23.2513517430955 26.1871620215914 28.6252096307613 25.4713152096563 32.0373893138336 33.9360266656217
26.4563653495642 23.1610187092553 29.1827561818238 31.6501419375241 29.0649476136665 27.7903381296433 24.3557297827024 27.7079266364039 28.0914609826877 25.7846938827607 24.7665291804951 20.1416192484128 23.3027007325714 21.2484957741823 42.8254059850619 29.2121462217742 17.149552965969 14.7167106096818 20.2529430417715 21.1820418173085 17.574636933638 26.7978060191294 23.0020333724657 25.1430572106197 24.8261862424089 23.2809624860438 21.8630211144766 18.3254878802578 38.8957311959612 32.1205563431426 23.6151745373316 30.3083051156768 45.931961502245 53.3888111690821 32.1108440299057 17.7893678374055 27.8074771086899 51.3975550434609 57.8813483294416 28.6625087774506 30.5036549080876 36.3642455438201 31.489215822296 31.7790868525475 35.1556610199758 30.4734078834659
44.1760676579147 45.859471389968 45.5425818474647 39.470067122242 32.2604411601502 25.5093435450963 24.1828159265245 24.7558660575039 25.5532372105862 25.6881420293052 26.7356557985614 22.9718835894387 22.9477948132747 18.072430254553 22.4644055172007 27.582018099752 39.5532706033287 22.9210257191525 22.3468668051655 29.6402900655299 30.3812631458488 27.5323587415446 24.0334606020888 22.5119547732329 21.3522474093197 16.3385708937846 19.1716666116419 24.7487453577397 30.4021076288454 31.0365920065269 27.0109323067068 23.965037662831 48.3983670656204 33.5074126316504 18.7599285354616 15.4032158791618 19.3614480159787 28.3609971266572 45.1990219808829 44.4275170585762 54.0319603125744 44.1181015920074 46.8117467318366 40.6340197241658 38.9492991950892 28.8244334113173
34.4798654370078 46.6831396848867 48.6377978786588 30.3000137442716 24.7253068925698 33.5064978941789 32.6191797846913 29.2425914728518 25.7361496578006 26.6164984548478 57.6389389740743 53.6087752111915 29.2671315275827 19.832352644376 18.1022921303765 19.3852186524282 39.4005325916624 37.119806236748 18.4464261625584 28.1930814793985 29.0540450557926 23.8329574754156 28.2868047949851 23.4171850294166 23.3679633723076 21.2153332938789 17.347084749656 25.3199386379315 20.7866610931902 16.2611356354669 25.5471417973727 38.6035559494692 28.0023010069652 33.993694483271 24.0832129510194 17.7140380261905 14.8570510114226 18.7184299051993 41.0015220718819 20.8753413450763 29.0642452889305 29.7612375909138 40.1935846605355 34.0195340134225 42.9378020494588 34.682956287887
32.1384383574364 32.9163211803241 30.8257884535362 39.9771941836397 35.9224396933797 34.0140054494818 28.5153350748999 32.8397575602373 34.0365781919099 49.1281044009701 44.5115704520343 42.3280116303421 43.3682112987429 57.3906204264061 17.108406682614 13.5365635539443 16.8611737351058 24.488215896477 27.4415374219112 30.8795769105682 29.573908023957 28.2301476934632 31.7985203929378 31.5629757777889 23.7909421002027 30.3816654950522 26.6966235878367 27.080199758541 33.1680147150454 23.6473929142696 18.0776410830907 25.9898524268399 43.8145976789553 39.0512146622409 34.3110510548709 28.3724723305564 24.5656264374755 18.5039650381462 14.9836555430794 21.3266551510751 32.5908597770388 38.9140219722727 36.432966745239 40.1447752587795 39.5841940662268 28.9115936373066
31.6231225939051 27.7726201722985 25.888638484765 24.527957368297 26.9884826125917 24.7225776899964 27.584094780599 57.4387158104886 55.0182249864104 45.5209441513141 40.2801120981025 30.0967589190768 35.0903182627074 53.6406389796391 53.2389968696524 66.7709983491976 15.6813000488958 15.3104233953824 20.4119872771166 23.9274699591983 25.2623593697336 22.4104949513882 20.6041339492773 29.3159645525951 28.8852788797378 32.181599586815 31.8506424598163 24.3409558538775 34.7541325688059 34.5194732758898 25.4336395382781 21.4343287347371 26.4301386189013 28.2271425128167 24.8118962854445 29.1667138608812 23.9786851633179 18.2715052774413 15.5010900290573 44.0082387733773 39.5593106191573 32.2695532940681 31.8039741591605 33.3470184202817 41.3847358607687 30.9002966333837
24.6578882997735 27.2877815186931 31.0580027318489 26.2160905702711 23.5178785190455 28.9107537989127 39.6653776285897 67.2296654080553 49.1190920089406 43.147306965814 39.1765122693183 32.0463981062216 35.4260198098242 42.7766093137248 66.4657380593442 75.2504502592682 32.6859410856022 32.5785016043158 62.3268260584032 53.3831881127441 34.0388560954489 19.3630370143814 21.5103363058048 21.9571641459443 19.4915629334516 26.0168092049746 32.2172909875904 27.6846215657991 31.1260734239184 36.7690167321274 36.1421997358054 39.6696023843084 27.0013333515733 27.856740109748 30.2448672666716 30.2852579814744 25.039328954293 14.9969935868776 24.811504670888 34.3315334392513 18.0707487622077 19.3141894514874 37.6876026749001 35.9766126333687 36.4125791416656 32.9342517864349
51.0649857115443 42.6738567723413 40.4256659620805 31.9355413994187 29.868213289984 45.1189966523973 52.5107196464964 65.6128795914017 30.3928268154063 25.214466072924 25.6347985899586 24.228036312523 26.8999505320575 31.4934439902086 35.5410791744393 38.5453123566818 58.1540040918913 65.0335133176753 77.1834097010148 67.767614415887 68.9721784955779 48.043770469071 37.6489950980579 20.387485652396 18.4801999550316 18.8936984873507 22.4402754221144 23.6511045637906 25.9886691184712 28.8465231214981 33.6374145546681 36.1301850330557 34.1141718013249 33.1818279957958 35.8450355247365 36.2191045509592 29.5980545452821 23.3996331119453 21.6031775722122 22.8944467400585 19.9694737825046 19.5273105560064 23.1320890150686 24.6901974220592 30.2118391561739 33.5354589734392
51.919661962769 47.8580589057278 39.7707311007119 39.5407843370922 32.2415884920794 28.2093876817268 50.5600432642899 71.1362157181612 36.3452964523606 27.377674093175 24.3425644895931 24.5923893003954 23.4674850598657 23.0506869198287 26.2599729208557 27.4286879466147 48.2444765628915 51.5868169370501 42.7234805863372 80.5196841871704 76.3105174436313 64.6808745709095 57.1340507677502 46.1831666698747 22.7638813161498 13.037578315805 24.6487551343917 74.897874166809 95.1235567544503 74.5836733480253 47.7908485734282 29.5918487340387 32.4685787245698 36.0293327254587 24.5476300003975 24.5968102340189 24.4308535431683 26.0868361251286 23.2837873446092 20.0938832869528 22.2553785346268 22.7390190281952 22.6923597697151 22.4061233714674 25.6342959421533 47.7431611247697
53.4095415477403 46.854590240807 40.6951691077699 43.1069435444338 36.8611208289097 26.2378111270521 34.9308664709421 50.3123446516042 40.3329524613374 35.2479758837629 34.4620687186692 26.041408747103 28.984944032864 22.9846699962283 22.8154105227296 23.2201409321497 22.9021143459751 23.7209382272328 47.4269125189572 75.5945477755866 71.41467964803 61.5109895141158 65.519763165138 51.2363320009562 48.5260063601439 27.4187569044254 73.5243185037973 56.0065829298081 70.6118822259064 63.9116851035989 65.691088383537 39.9245161509468 23.3484559202918 47.946222816523 27.9579939987451 27.5548477405573 26.3773876682832 24.4542049687102 20.5399863526365 20.225422331869 22.1928019914379 24.1305677561916 23.1496789959939 22.0185196136194 23.8985793238585 35.0746231570936
53.6360132182873 59.111711785462 70.4115634068211 42.2858180767919 35.7927492238223 25.3838332792533 24.2365357609461 28.1798361105752 43.9276491622058 41.4361579544496 31.5138568049445 30.5745023477914 30.9167439848338 25.7791095298072 24.9426613752347 24.4234501614402 22.5447682501823 26.8144127836328 38.8844683198665 37.080990546415 54.9420394551652 61.2297914065124 26.5187774038454 47.9212619363033 18.0082036173088 18.8240420576525 32.557325956654 38.6768302793038 44.828410350013 66.8076652520015 77.2837262284074 46.0469423355041 25.7440909156937 51.8593455016616 31.8654315098321 24.6895955201716 24.6488146317749 23.2085592239085 18.6837706414694 14.8337821523699 21.4570828864905 27.7704714271394 30.3851799103228 28.4157897180966 29.0259123053986 29.003788931066
43.3124683590098 46.4408413894537 53.4695454123918 42.5209235749175 39.1192115528207 28.0785925175399 27.646778826921 31.482947379089 37.7894357382335 29.5586288557209 37.2963629423138 25.8634603626268 23.4422450202817 24.6416122347971 24.0011463861888 30.4364210773189 34.6618528960479 35.0131778414804 54.2945973884567 53.1370407044408 62.9569558935361 58.6361157123903 29.8584321969291 34.2310714113619 32.8640267384289 30.687264359305 26.1944754920885 57.4622661801739 33.4956371427819 72.0279363074532 88.1374271857716 78.3596009672512 19.9712299833299 34.2115937491789 48.32388984438 43.1771605367497 44.2001350471035 43.800573074403 37.0171344667724 32.3805512008854 32.8372880726154 32.0017655408263 31.6658583178649 30.5054180685163 25.9173418645812 25.0840472803258
35.9241532487334 41.8833749247631 46.3854363108304 64.1706257319958 56.1533142786238 26.8924165077044 35.2185298124343 40.2854161563773 31.5166179704331 25.9989370186441 27.3295735552983 29.6912096676699 25.7196524117279 27.7199307916074 23.2481954703066 43.5359976971966 35.3833936767001 38.504897952842 38.1674710429894 56.240325420538 76.7699983984273 66.7721383096954 47.1573087873408 66.8247559911866 45.6904648188544 66.9917985746205 33.2171745206094 61.2002589093615 51.4260704276057 55.1783789491803 63.1355131910055 77.6684838694177 29.2668873502725 23.4117975369775 27.7457944698208 34.4891044775565 33.6084397916528 40.5151181551531 31.4579420675418 30.2891113905513 48.112946356098 40.6860071043471 43.5958883414416 44.4500771267734 34.3719573061396 29.874402695325
49.7247392751638 33.4689900005269 31.6840709195618 38.8733873070416 33.2451669623066 33.4624830142284 40.1872159667173 29.5423285069903 33.0628585775126 28.8916128958806 23.732781466086 19.5777700793733 25.7609975957839 58.3478460169205 47.885356524294 68.3300828962867 45.3496220880574 44.797037034957 56.7805958317638 27.9008808259186 55.985792232847 59.3855640563942 35.4464218771407 48.9501705937722 76.4219681030052 67.9724184782228 58.5668357740903 72.7406666903691 73.4254104978661 70.2647899009454 53.294978115581 77.3231974585664 53.6887925050161 26.6678759060321 24.1723846010403 24.3048424096098 25.0449841285698 23.7163730094806 25.8506225261218 23.8133264927438 27.5097523623815 40.2671061170164 47.4448315821611 38.2716597172855 34.6240369960984 40.5213277685073
55.9684474017812 46.4516226776401 30.2120433627359 30.6145514588941 26.2733014765916 29.2081642337251 57.6638148508863 44.8046819543508 31.2714713760082 54.7608403001888 57.3579476069904 46.2120626043211 42.9189947781741 35.9479121350531 65.2672545130793 62.2340699120965 59.2693071914287 34.1867452841994 55.9223725063829 40.70524076616 47.356757145076 60.9739403320374 47.8599841953616 59.6121167713587 63.826527801117 44.2781736518924 38.0796050262351 65.413557314251 70.3816015259952 67.1050545864307 56.3285126742412 67.6118937530529 74.4194746047191 60.5600053358501 82.2662072050564 89.5786027017302 90.4024857570535 105.025274715143 62.6569176693367 24.6809948977534 20.2144733077347 14.4890303460828 21.042371649294 26.5266995478191 29.7576675774654 21.5670455919571
40.8684376119172 47.4676957683469 34.453667361536 21.1748958861811 26.1219791131381 40.620692553298 59.5015412724339 39.1994135964296 35.2245631618917 37.4882766586104 48.7250521103281 39.944922429844 33.0579257312856 26.1544709044435 26.3309526074233 27.2620233325196 34.1166078999064 44.4731039624439 56.5982581427344 64.4864247230031 63.8078986478285 62.712535137014 61.2581685301138 70.4181192385895 42.0193290879369 27.4161615529025 28.0498085068102 34.100333335908 28.5461442732214 19.4609522517951 26.0404430794251 25.8886251070382 58.8339935213171 74.9860102955496 63.7315109184752 90.5988667589499 97.8092922216504 94.2808982435873 90.3136586479589 93.4151583897901 48.3270309887206 20.385705262461 21.1443141984232 15.6586398200845 14.8636779781485 18.591444500301
49.134542838121 47.9401666662188 41.2521437017807 24.2945744274886 22.8394824843982 37.3294424535681 41.2944545189284 54.6169295463562 57.2754485116297 70.163756778475 64.7469236795058 43.407320901096 39.7104736507765 24.4465232908286 27.6655220672485 29.4797277109593 33.1004202180118 28.7092721345731 26.7990915078097 27.7351346503139 32.2513425765972 26.0261656748306 32.5753381298921 42.14340669823 43.9345980239589 30.3997455495304 25.879847675625 29.5426472250586 24.9788272444855 28.9725614587688 25.5557697490857 22.9206742375224 14.6522207553479 75.8676635948576 80.6475230153025 65.9599275913313 76.1109654658081 61.2708493833297 68.7402578249906 99.8424552502289 86.3988326844537 83.5959931655378 52.9935606217138 28.7064198406079 22.9974035520025 22.8877745932434
43.2515698599158 42.5421434089836 58.210747586026 62.4976387021638 40.6700126322435 47.2835538875518 35.3609361352546 41.0565945983711 44.069678637142 60.1009791045278 47.2455503497667 36.1479910372774 25.8811691599102 20.6364521595859 23.3682044747364 27.0434993588563 36.2365881739066 34.1305644276166 27.2030484395628 26.8542286971871 28.0778697379474 30.3596936359386 27.1062763310741 23.1977596101208 23.8802190680498 35.8806178335994 31.1543984991005 28.9897377174833 33.03890362046 31.4034875602597 25.7095715221614 22.2451148585117 67.1389031394162 63.4655072887048 46.4709858498206 33.9786450637184 23.3219509011291 28.3782389874387 55.8433442079402 70.118606043632 63.8539421967556 76.2168442489703 79.4234934219318 81.6463974037624 70.6974302816155 32.5903076228736
58.7429047878209 65.0428356014678 57.1453900998898 56.9058325746639 52.9166851675154 46.3202042977316 38.712959128695 39.581839553354 39.0920985767332 37.8067698560859 32.9755156739439 26.48343009634 25.225755065127 18.0549125398522 23.9827534155396 30.3620599008375 30.4861458979162 31.7197259259428 30.8541075782687 25.3115229380649 33.7992042461037 31.7676609273302 25.0863110878335 23.6529985932208 30.9771619058694 36.140515389925 36.4311726866784 37.4316111696313 28.2575437697436 28.6487723123115 28.8573261424077 20.2926099769056 62.1304118130359 76.8573303442736 54.4327779653178 27.8638775669281 13.5403119566116 22.3720381827581 26.2659112041875 25.5486785370531 38.2661551122899 70.0217454969169 79.7252482061103 58.7204327437056 90.3998147951289 86.1810157511336
53.2139022842247 54.7834558949466 68.7645587891899 62.6371067970713 61.0491571247339 57.0414826309358 47.9672564287772 39.1192364713085 28.3510718934792 26.0123572531948 26.522036799657 35.098908046095 25.5382477077027 26.3062566624713 26.3620042359043 30.9370003546046 29.2281219418741 34.8807681739727 64.0994225181787 72.7186914813976 63.6343472899088 59.8242389413627 29.2874674998238 23.7513818073604 27.2658553574354 37.4581950328829 32.7604916276684 39.6152798436477 33.6575122791872 30.5190340394476 32.9165587911336 28.908206335425 30.4858549976351 67.0371695334266 78.6755234367682 33.7888547907791 39.7536992168449 21.5736685699281 23.8769555277943 19.9779083848459 25.5526085008857 37.3360680341499 62.2061016854636 32.7455303885147 30.0635074362131 84.9367107052259
37.8663958308052 40.3043426415469 40.97769504831 60.3210627284447 60.5605931211466 70.7542823312457 48.7762621010515 47.8911565790629 44.1429189221137 46.3690100960383 54.0749132544763 47.6335851262751 24.4619358608583 25.5383683177143 25.2723988545892 28.9608493679398 32.1339677941895 53.630645907378 56.1885103050388 30.1802589302205 66.7164029997442 40.0843815910396 33.3096851142508 28.0434930393241 25.621427718963 25.0131381597121 30.2292812839962 30.5201130253766 25.7330603984548 15.6998014651887 22.3163584587621 26.5940952823155 27.3279901797397 44.1015844230254 59.8050693528274 34.8198250657327 44.6546350491534 75.4196129204083 19.4326430220954 17.9021575029963 23.2759923232257 43.1339396944766 25.4716226314314 39.4341210682887 52.3859068786022 68.6824706280313
