0,34.8449946979187,34.5991108209034,33.7880399995703,44.4682759420613,43.1234417070917,46.974785451777,41.7168020931028,65.8096767114664,64.1881624219305,89.7325071014359,60.0865553048789,61.3831027494397,59.5400905258475,71.0452760770735,63.4311410150677,54.9019350805635,56.7038673379795,56.0301654640965,53.8148094046003,47.7258931123074,46.6041621131022,46.17774928131,76.3255489061185,91.1003030749886,100.529691891266,80.7710932700941,81.6580276088075,56.082868227347,58.0402602860481,60.2711972156739,67.5142348856754,76.2529127940754,45.907803047269,60.9476748412426,62.2988777609926,54.647554508074,86.8122105221386,86.0015476718362,86.1335589694714,88.9334340544451,91.6705925818312,94.7857311526144,94.2820504805663,87.6884753334918,89.1335060595233,90.0766553548936,88.4797250645356,88.5313580110036,86.6193110810233,88.7625767860095,54.788034438187,54.2192548753841,54.517023833318,51.4600722422347,55.0429741195314,52.1820247073256,53.6316098767038,41.9586135519023,44.3109493280391,44.8481280924703,42.8838587906366,41.2544649794114,75.001448155312,55.4736007146707,57.2208522961192,94.0760409222452,94.7501515853236,92.4640965610755,89.2450863946383,86.3986927806674,92.1275601281741,86.0328748072247,88.589848754856,87.7366896570668,58.1278739726819,58.1076517119297,89.1110592732609,51.0975627295573,53.2330157271933,60.1120131783253
34.8449946979187,0,38.102664245155,32.3387435446654,39.0570609016864,44.5933101189006,47.931541444384,40.2009090875808,66.5685302932456,64.9507270176196,91.3846838779101,60.8816479304595,62.1703597397311,60.3220455477298,72.8648748911801,65.1891535604871,56.135977702217,57.9630056816318,57.2598743950199,55.0833078841141,49.8227796169137,48.7396547179534,48.3307791687255,77.7027780322164,92.8807126592502,102.292362702619,81.971386711262,82.9116527172233,58.0115887078914,58.7597740203195,60.9807547491575,68.262686776741,78.0194807681602,48.0730062686472,62.685027643348,64.0355961318952,55.4613895853431,88.5002215816372,87.6934934326711,87.8214133406214,90.6022745919359,93.3383609455895,96.4501060828474,95.9454553409473,89.3549815651487,90.8069148141221,91.7454287981952,90.1502994114829,90.2007491282275,88.2883853085376,90.4389083272279,56.3328469645022,55.7924983267043,56.1133114678067,52.8915891323658,56.8484838553101,53.983106644906,55.3910483306629,44.0040721498176,46.5918041064496,47.2318223279118,45.321192353551,43.834780225233,76.1493335371247,56.1335007170544,58.2858668536101,95.7840933700614,96.4626293870435,94.1744334642516,90.9534401584229,88.0493187771807,93.7785511617548,87.694601380319,90.2523470620501,89.3762297824266,59.5083182278089,59.5028900051845,90.7486868225614,52.738225255122,55.8040871088114,60.8156425847112
34.5991108209034,38.102664245155,0,41.2193118608165,48.1666682362465,34.6747762892192,42.7216584224391,35.4569134451127,67.2999559735413,65.6640396841053,90.685460873486,61.6930591528196,62.9827866166565,61.0976308520815,72.0591402916924,64.3694313871667,57.0672412731612,58.8472300261243,58.1767789160923,55.971626433338,49.787161920299,48.4905243864223,48.1375621440688,77.0030608913702,92.197996423202,101.602907861582,81.4244136125997,82.3043800784554,57.3213437890608,59.0213488754486,61.2360144451672,68.6897127001801,77.3118635272708,47.6061316063089,61.8480894252095,63.1840004891395,56.3089624032912,87.7933463119129,86.9868881508128,87.116084974306,89.8944648105834,92.6315560061416,95.7426077567717,95.2390157163481,88.6527915333596,90.1040978681897,91.0436789474902,89.4475933445258,89.4992324190281,87.5860678890227,89.7360106160633,56.9652676056917,56.4174357313601,56.6703800183055,53.6754712989667,57.0588425833404,54.2408280907898,55.7336837526602,41.1980425321003,46.4702567770732,46.9854423261674,45.1729363121412,43.5074737458411,77.0652819154645,54.749093951725,57.7323558503148,95.0831749624815,95.7621222257356,93.4735716640858,90.2522538556674,87.3474517457953,93.0761655469891,86.9926940234303,89.5500649381745,88.6752321237098,58.5424215914431,58.570928118586,89.937129197137,51.1454387586971,54.6197221979805,61.5801879167698
33.7880399995703,32.3387435446654,41.2193118608165,0,32.4460247050048,45.0403150982095,46.9905539834131,41.8510749530509,61.4181745423697,59.8161156093313,86.7678260661804,55.5936918685179,56.8911533531574,55.0916171442808,68.1806043391113,60.577640595179,50.2017877905436,52.0587998462477,51.3485756644266,49.1633444121444,44.1384013426045,43.2381386541605,42.7618379052985,73.3617893257791,88.1203002160676,97.5559551824626,77.6718369282826,78.6126351777281,53.114300342189,54.1910077413858,56.4325999435733,63.4696119315575,73.29616893104,42.761062748156,58.1094046824817,59.4738902302504,50.1086967672271,83.8546009385668,83.0436922650048,83.174521770023,85.9766657915497,88.7128987774248,91.8286711429524,91.3240158352249,84.7265324838834,86.1721443898877,87.1143079973919,85.5182597888632,85.5687960042247,83.6574869033408,85.8012909258997,50.4170106070762,49.8562729116793,50.2310565033454,46.9173911782621,51.1444831847966,48.2335874984262,49.5885764015782,40.6722856596424,40.8637887649324,41.5579140918314,39.5186449496938,38.1171711508461,70.3328255941744,53.2288266095846,54.1412123986384,91.1129328045354,91.7866634083612,89.500936576897,86.2822266305453,83.4364417344464,89.1657860246972,83.0706689624529,85.6279883832657,84.7736294489324,55.4031173580326,55.352675141145,86.2485055222551,48.8985997547508,50.8540071016177,55.7004176424038
44.4682759420613,39.0570609016864,48.1666682362465,32.4460247050048,0,50.8400766425895,52.400666229694,46.5510202267297,66.0674092371355,64.4707309951302,92.266390538896,60.2686811431097,61.5584920015634,59.7578228207346,73.8175377335167,66.1636105298683,55.296957348476,57.1785983175969,56.4389831351911,54.2928493964424,50.0553011910823,49.1692993152553,48.715602923171,78.6336636286115,93.7272953625047,103.147886501412,82.7950008346616,83.7816767722503,58.8446330950223,58.8604912154232,61.0954473614007,68.1414967920477,78.8910539840122,48.7016449330364,63.6781920980139,65.042011650473,54.7980582908193,89.3833412376335,88.575751081881,88.7031418039486,91.4892497827864,94.2245831759378,97.3374956021098,96.8320262995079,90.2371710273626,91.6886002853433,92.6268605241556,91.0323261273048,91.0818706890091,89.1702902511804,91.3202112254978,55.8205488923971,55.2903658358799,55.6827996753357,52.2125977125016,56.7868779725485,53.8755998248446,55.1946959559618,46.4599250881798,46.9529513819988,47.7265474409002,45.7577266360227,44.4578536093765,75.3410189785841,58.1583408093404,59.1652337312698,96.6586333591997,97.3361024498531,95.0485651408128,91.8281782539196,88.9336962821429,94.663347617915,88.5772787805367,91.1352474932291,90.2615466571558,60.6933563543074,60.6518864059303,91.7351835548898,54.4040683925215,57.0643629671462,60.2949622916721
43.1234417070917,44.5933101189006,34.6747762892192,45.0403150982095,50.8400766425895,0,34.0218852127094,32.331044783708,67.3745089930374,65.7251061538087,90.2489212101601,61.8683674429491,63.1528124731282,61.2302233140396,71.6855466069034,63.9212543706753,57.7154593492559,59.4775618219889,58.8096190776107,56.6130706254302,50.3765262710522,48.9353844191796,48.6471376759784,76.2965643679837,91.9008771114714,101.282303690489,80.6966087415407,81.5683660031365,57.1637638373487,58.6361806690698,60.8370424756321,68.4796857786333,76.9780090624552,47.8912538200134,61.362921852111,62.6841697699818,56.5317895224783,87.384136103721,86.5817393328652,86.7081955821106,89.4658194215155,92.2028345609979,95.3099390981893,94.8064219654322,88.2272615994476,89.6846402289951,90.6207602925557,89.0255023378115,89.0771330730174,87.1628981085697,89.3193003157062,57.6261658638891,57.0959018865557,57.3124005215046,54.3660955598322,57.5900900008655,54.808648539755,56.3366555364778,38.9973805033356,47.1610449191142,47.6730808416841,45.9896895071335,44.3203269749125,77.6291850018455,52.5354941114097,56.8653382747626,94.698984701889,95.3825957193945,93.0916416295398,89.868101091203,86.9068775931842,92.635447087405,86.5628145018322,89.1205730218929,88.2247678243058,57.5661236494081,57.6453238933311,89.3777766174394,49.7871503021865,54.7189275823775,61.6419073087678
46.974785451777,47.931541444384,42.7216584224391,46.9905539834131,52.400666229694,34.0218852127094,0,34.6201548742886,66.6881798689914,65.0261137804151,89.0527993588194,61.2676042391712,62.5483295966184,60.5928489419333,70.5502627873801,62.7150248361249,57.4977817904957,59.2444005771697,58.5794645162018,56.3887305330121,50.0980633264679,48.5388797604503,48.3050911042228,74.8450883693046,90.8338402273827,100.193547462456,79.2304091390538,80.0915992080624,56.2290692053486,57.5386242693209,59.7283532861285,67.5378187817296,75.877192616479,47.3619610437398,60.121709442838,61.4292682780757,55.9712929296103,86.2133098796801,85.4146816428447,85.5385985964639,88.2769488438379,91.0139006463648,94.1173344293336,93.6138952628635,87.0413222096015,88.5043271546288,89.4372448614534,87.8427483191814,87.8943785730003,85.979146252838,88.1415338341778,57.4097420629177,56.8930390023734,57.0792233098739,54.1769192319039,57.2605685953225,54.5100018483587,56.0678747530369,36.159009529114,46.9712147704038,47.4869587095592,45.9064914506866,44.245112974125,77.3447239108798,49.4444309318617,55.2648585033011,93.5513549461861,94.2392865495688,91.946106150499,88.7205066534525,85.7069847263276,91.4354148354184,85.372843621569,87.930958654797,87.0157026232502,55.8386913255083,55.9704538602836,88.0655009662542,47.6689493570732,54.1007080653188,60.952267036182
41.7168020931028,40.2009090875808,35.4569134451127,41.8510749530509,46.5510202267297,32.331044783708,34.6201548742886,0,64.5925265462721,62.9479354895867,88.5135577982038,59.1170003251964,60.3939209411562,58.4683828126997,70.1275619915121,62.3169301398697,55.3414896815311,57.127804501097,56.4328716224629,54.2709254186599,48.7847990064922,47.4303155483302,47.1331481498391,74.3234537830616,90.2683433663243,99.6370363100686,78.5171948119856,79.4549055541682,55.6556631013738,55.8380248614224,58.0271413195844,65.7067602155301,75.3420805873321,46.4723106898261,59.7473555324147,61.0733141952412,53.7958900388302,85.6816357897351,84.8824733915676,85.0050408713671,87.7474292732566,90.4831994596441,93.5876684451809,93.0829746916675,86.5050063381344,87.9684300360828,88.9002732468337,87.3068591752317,87.357089650318,85.4428562301902,87.60558760443,55.5348925236884,55.0262818832594,55.2719439604512,52.1665894614115,55.7675408285918,52.9711202456239,54.4521512043741,38.7542055401106,45.6848239248751,46.2849366708009,44.5899832606625,43.0419847185128,75.1824119987959,49.6554142207012,54.5447686776208,93.0114130115561,93.6986253989351,91.40598144903,88.1808742418661,85.1710894894502,90.9001416040716,84.8364241554055,87.3949609848456,86.4793141514365,55.6752358678705,55.7582125568691,87.6686333945871,48.3952465402212,53.8000118236709,58.8022009981802
65.8096767114664,66.5685302932456,67.2999559735413,61.4181745423697,66.0674092371355,67.3745089930374,66.6881798689914,64.5925265462721,0,26.4923258383073,96.6605104817476,40.1284942120399,40.6162192895828,34.9153071336338,79.8056041881422,71.7000178082436,55.8472693308858,57.5882383591889,56.5911544728317,55.0536472807063,58.4197934105584,57.4867254851732,57.2137081534722,80.9446241347929,99.2630732439391,108.532452743466,83.3033133424848,84.9337557096522,65.5884403616211,51.0061957472367,53.705738714683,54.6577081887522,84.3328439119102,57.0144307212094,69.0886408405967,70.4759351545907,37.6738223060984,94.1191115179295,93.3465154832534,93.4343378456573,96.0544334070736,98.7777610165192,101.86185435401,101.345125926617,94.7682215931565,96.2836038363626,97.1774679753646,95.6013949434704,95.637563942589,93.7248968229323,95.9418959083391,60.2065490690813,60.1505212650325,60.4579705021502,55.7020372430188,63.0891251515275,60.2577094554308,61.3573500455912,56.6370559802487,56.3574247342155,57.5022530609571,55.9845262036004,55.0983866458114,72.8877213692625,66.0673334423926,59.9302753349224,101.56499828907,102.28201153747,99.9756088868907,96.7377460132375,93.3205188711006,99.0547776816624,93.0644042050706,95.6302366480313,94.5464483546914,64.6214808783212,64.4389004606376,96.3127378982091,61.4055533043744,67.0487871144729,42.2826967759421
64.1881624219305,64.9507270176196,65.6640396841053,59.8161156093313,64.4707309951302,65.7251061538087,65.0261137804151,62.9479354895867,26.4923258383073,0,94.8968578951696,38.6047189231686,39.4611004482377,33.735079818367,78.0837705230651,69.9644800356269,54.3129432763745,56.0473469648532,55.0549944104139,53.5133242130513,56.8014373648004,55.8554528358201,55.5867148917002,79.1218265167552,97.5353935477396,106.799742546266,81.4375209900626,83.0835402767077,63.8952561784882,49.0525964293423,51.7748824179078,52.4195255225955,82.6007617797507,55.3690126430253,67.3486282334936,68.7358888002071,36.0365068677128,92.3655375806131,91.5940259467093,91.6807043547033,94.2956008234774,97.0186103919738,100.101790920446,99.5847693527826,93.0086192644099,94.5259286727284,95.4184864266421,93.8429311005813,93.8787498676764,91.9660094917486,94.185033926098,58.6378443209748,58.5798362169072,58.8828667412997,54.1469818195601,61.4857559200819,58.6578728322543,59.7639007802107,54.9496504413065,54.7370436994646,55.8778544816195,54.3650769478277,53.4742410280886,71.3466727011189,64.3590206597333,58.0896722323913,99.8169712984898,100.535220086827,98.2282191268292,94.989802301469,91.5565205024884,97.290896122824,91.3034710891964,93.8695260208707,92.7793776768277,62.840602554879,62.654570929825,94.5497204114624,59.6795281621528,65.3938537638282,41.4669737654725
89.7325071014359,91.3846838779101,90.685460873486,86.7678260661804,92.266390538896,90.2489212101601,89.0527993588194,88.5135577982038,96.6605104817476,94.8968578951696,0,91.4991719077399,92.8052012257594,90.6894505863736,79.8839165109675,69.6103164005658,88.0659040161694,89.6074816894471,89.0851107487183,86.7714259788365,78.1138331849324,75.2626973118103,75.7621311276079,88.2219331649493,82.2794866501068,87.8346117195348,97.8288482323588,97.5246014949691,69.9623836109571,86.1243290904366,88.4376391170205,96.1733318665063,69.7924299329424,72.7776688302415,67.7992737549284,70.2329580465166,86.3356067864858,58.7814477289992,58.4141366652732,55.5119679959436,60.9743869308574,61.9188593424037,66.531719441461,64.1375002146818,44.6927180093205,49.0828412950489,44.7935065237488,47.7110772935984,42.0685426192929,44.1813112796254,49.5154080325546,86.6922366246815,86.2301968085984,85.9820007112157,84.1613584040939,84.1638454719494,81.9553610538039,84.0430064704315,76.026362804529,76.4195146633627,77.3217060954275,76.6440486789346,75.5040151789432,107.856944352462,88.6599729857454,80.3226374180215,65.0255744885264,67.3909966882857,64.4574319336789,60.654480216386,47.4370383033963,54.7267900025017,42.3823052412987,46.5819734274195,52.1704448220213,79.17704309944,78.0043468985696,93.9916750721007,78.2952357608651,84.5743358872598,91.3092415157226
60.0865553048789,60.8816479304595,61.6930591528196,55.5936918685179,60.2686811431097,61.8683674429491,61.2676042391712,59.1170003251964,40.1284942120399,38.6047189231686,91.4991719077399,0,23.2789807910059,27.5220405921925,74.4313186812463,66.4116654840667,48.4527477310192,50.1508145795308,49.1204802115577,47.6806328426857,52.3233780376906,51.4900367710708,51.1920649476421,76.1629547336282,93.891713508888,103.19177064187,78.7625719805588,80.3128807820992,60.0178497971981,47.6233285865718,50.2588750123239,52.1480212188011,78.9936190411873,51.1338781411431,63.8322658247771,65.2239365907868,23.9019168372018,88.9027986903506,88.1239116375429,88.2178595276462,90.8685593404115,93.5933582369945,96.6829320697721,96.1675098707017,89.5847940241411,91.0893806815483,91.9903424704543,90.4116395861465,90.4494023872942,88.5374278999879,90.7430556632263,53.4401427796402,53.4508498262723,53.7685549667199,48.7725576575366,56.7389543887515,53.8884117292163,54.9243514557848,51.2759079099607,50.3283472623571,51.5206264911488,49.9838569276097,49.1501431859557,64.9175997249846,61.0197451110168,55.4257188790655,96.31512661701,97.0249664860689,94.7220850035255,91.4874814571238,88.1621286807657,93.8959084000853,87.8884846325996,90.4531767553192,89.4053540158526,59.735149049127,59.5534947620962,91.1882539354361,56.248315921035,61.3317138852812,40.6078025166572
61.3831027494397,62.1703597397311,62.9827866166565,56.8911533531574,61.5584920015634,63.1528124731282,62.5483295966184,60.3939209411562,40.6162192895828,39.4611004482377,92.8052012257594,23.2789807910059,0,27.4455868458651,75.7430370963476,67.7193154784454,49.959275419477,51.6725660829521,50.6431741653479,49.1897434108579,53.6758200345296,52.8361223116293,52.5389422121003,77.4504605019481,95.2064566151978,104.505112730469,80.0416789469496,81.5940941008685,61.340494503031,48.8153509863568,51.446860582785,53.3758784273448,80.3063923838034,52.4717779266131,65.1380461478868,66.5291299380577,27.2472121984733,90.2107343105006,89.4321038938007,89.5258514154249,92.1752606326699,94.900035453985,97.9893682435451,97.4739306289877,90.8915895094688,92.3965796192575,93.297298131656,91.718666588523,91.7564065386282,89.8443780163266,92.0504333291778,54.8662825241329,54.8668395152811,55.1868251506844,50.2151101593466,58.1222638133938,55.2720281015074,56.3135675264215,52.5645885825773,51.6713097106633,52.8590046610469,51.32150049889,50.482983417482,66.5398135103811,62.2784880475498,56.6876329278707,97.6245666219574,98.3347000799457,96.031669838317,92.7969286773494,89.4679478437833,95.2017281349048,89.1949942466834,91.7597184469168,90.7105188037139,61.0139815969609,60.8340794033418,92.4889158106048,57.532327638289,62.650945122641,41.1941558164551
59.5400905258475,60.3220455477298,61.0976308520815,55.0916171442808,59.7578228207346,61.2302233140396,60.5928489419333,58.4683828126997,34.9153071336338,33.735079818367,90.6894505863736,27.5220405921925,27.4455868458651,0,73.7188411405895,65.6612971341196,48.5931912244153,50.3069131823784,49.2910940108024,47.8110224678145,51.9247102662707,51.0485674199122,50.7615747908517,75.1868184876535,93.1758128631522,102.462258501916,77.6790849261974,79.2656447395851,59.3909571623467,46.1104237856319,48.7764232962721,50.2527482536352,78.2638129438558,50.6427563967258,63.0680571316205,64.4580712509366,27.3780926705244,88.1179149965166,87.3418405905161,87.4330123516411,90.070062660294,92.794176027299,95.8813136893536,95.3652781629599,88.7850535120041,90.2944953476138,91.1922481376585,89.6147487337944,89.6517665048608,87.7395021667145,89.9502420828131,53.3207408199677,53.3042192236801,53.616884859953,48.7215256546229,56.4450665756137,53.6029779320594,54.6658505516219,50.5706341760553,49.9024479222683,51.0749404932762,49.5469347214155,48.6913293731682,65.286850424815,60.1884742153937,54.3416627767625,95.5451476356397,96.2581947251952,93.9537423481264,90.71768467332,87.3511600197965,93.0851688191088,87.0853716025825,89.6505847423729,88.5866139592086,58.8162546290874,58.6327766130149,90.3650885557079,55.452275521059,60.7738660669547,38.6973773775246
71.0452760770735,72.8648748911801,72.0591402916924,68.1806043391113,73.8175377335167,71.6855466069034,70.5502627873801,70.1275619915121,79.8056041881422,78.0837705230651,79.8839165109675,74.4313186812463,75.7430370963476,73.7188411405895,0,43.1878966784069,69.7141068583879,71.2281298262042,70.751315605522,68.3694009515602,58.4630503834363,55.3304032655362,55.9366627736187,76.4605010570675,79.9957839376141,89.2753844755619,84.879046548223,84.7784435442421,46.5090257511661,70.0887531692328,72.371751475483,80.0126943759624,63.3986774661223,52.4478722330042,44.5604291812159,46.8629119942937,69.1586633385381,75.8470372377877,74.9659736525318,75.2575889094813,78.3576567760702,81.1631923319854,84.3290130503467,83.8920235178308,77.4161549211578,78.6888181637395,79.7790665404388,78.0986607273274,78.2328148524988,76.2880204619118,78.2543597414668,67.8175395056586,67.3178161705542,67.0163180322056,65.4751320215541,64.7875491834683,62.6189188551705,64.7990937002392,57.2042373163708,56.8007093644191,57.6674865569072,57.1268190409095,55.9640217377765,89.7145621924827,70.8834701514326,64.9136778148533,83.0714726016131,83.6876626457601,81.4190512637712,78.2166823559388,76.48189184287,82.18309999681,75.8731909355317,78.3972367213299,78.1049784267476,62.6093061131105,61.6545315603259,79.670643253993,59.7839799525299,64.5591009024633,74.3906401200941
63.4311410150677,65.1891535604871,64.3694313871667,60.577640595179,66.1636105298683,63.9212543706753,62.7150248361249,62.3169301398697,71.7000178082436,69.9644800356269,69.6103164005658,66.4116654840667,67.7193154784454,65.6612971341196,43.1878966784069,0,62.2484987787281,63.7831816212363,63.2804306294747,60.9335217372993,51.6059669918088,48.6273997379989,49.1563108103207,66.3590813776246,71.5252983872021,80.449202213402,75.3901349342949,75.1525399847038,42.3741800789412,61.6316440903218,63.917106233299,71.6494605194315,54.3527753641588,45.9191286738217,24.9262569206336,29.2602840405213,61.1821689546604,65.6977261130265,64.8696240760845,65.1605297014997,67.9665886896175,70.7965962684779,73.901731682132,73.4921062765241,67.1963575405955,68.521654401732,69.5983436651924,67.9048658627533,68.0665095098569,66.0913682275016,68.1158360941138,60.6340915825186,60.1460848286757,59.8898256688983,58.1789384657078,57.9375925103077,55.7169918366494,57.8306141904047,49.3302297119054,49.8377051793231,50.6840587309397,50.0617685167703,48.8697700271648,82.1592481310428,62.6913754900754,55.9489332522837,73.3367122155926,74.012929867966,71.7106198274857,68.4770620422126,66.1050422783999,71.7926700980259,65.6119887725647,68.131561429032,67.6430308943547,53.3991580552473,52.2919501276724,66.7645095139708,51.4608660439206,57.4811210428652,66.2911780862722
54.9019350805635,56.135977702217,57.0672412731612,50.2017877905436,55.296957348476,57.7154593492559,57.4977817904957,55.3414896815311,55.8472693308858,54.3129432763745,88.0659040161694,48.4527477310192,49.959275419477,48.5931912244153,69.7141068583879,62.2484987787281,0,24.7037076092152,19.3399835558893,19.2995928594364,42.8539294416246,42.6756469858857,42.2735629364436,75.1544345604872,89.1005800486403,98.6021506402268,79.1801662048134,80.2650984071736,53.9756008828442,53.2372632888792,55.6245094379811,60.845190932709,74.4270504782169,43.1607282588418,59.8837001820999,61.3127765016558,42.1345838259532,85.1225727943763,84.303197863526,84.4354984231931,87.2839446463988,90.0174838838787,93.1426292137647,92.634855496987,86.0120193873924,87.4478687879765,88.3935727562113,86.7986769309892,86.8458339801001,84.9388475942264,87.0720167758497,36.5640939799555,37.5969688209257,37.7936438318492,29.7415808284611,44.3174864308012,41.4120577853607,41.8763629351131,47.4072531400378,41.7047535607077,43.3113428102335,41.8039105978769,41.3947076359104,48.8104315759253,59.1841488906641,56.0961641063672,92.3156887505568,92.9792680386581,90.6992035761449,87.4857172588653,84.7495313739116,90.4805913199015,84.3636191731129,86.9212610851276,86.1029569083338,58.2401452518911,58.0386649392225,88.0638033509432,53.335320583999,54.936306758982,51.039327303861
56.7038673379795,57.9630056816318,58.8472300261243,52.0587998462477,57.1785983175969,59.4775618219889,59.2444005771697,57.127804501097,57.5882383591889,56.0473469648532,89.6074816894471,50.1508145795308,51.6725660829521,50.3069131823784,71.2281298262042,63.7831816212363,24.7037076092152,0,20.1653216339845,15.8525109193451,44.2551093138917,44.0637381952395,43.684435827639,76.7870781306704,90.5892078316199,100.099411896622,80.8468209173029,81.9224786704623,55.4264997880008,54.9955143171177,57.3845196277779,62.5962911317768,75.9285627346875,44.5817484470341,61.42839517268,62.8609676649819,43.8025268810057,86.6526789105712,85.831770499602,85.9652633213496,88.8213917592856,91.5550845654245,94.6816512540791,94.1739824045827,87.5489618558137,88.9823883767446,89.9295583571569,88.3342280128939,88.3815300611236,86.4748622473126,88.6054637366878,36.7386731338324,38.2862197543678,37.9571058964652,30.4669774246871,45.0852399417303,42.2778400543144,42.7188864142313,49.0911538503914,43.2276063278485,44.8588762227627,43.3945681642218,43.0016791308428,45.1708558629703,60.9173763060973,57.7916807478765,93.8367057191217,94.4985101191481,92.2193476834286,89.006695441196,86.2923090388481,92.0233550821237,85.9022762727268,88.4597216866597,87.6496397538771,59.8943563958648,59.687277108036,89.6339648381147,54.9929339227815,56.5199881313458,52.8388377965607
56.0301654640965,57.2598743950199,58.1767789160923,51.3485756644266,56.4389831351911,58.8096190776107,58.5794645162018,56.4328716224629,56.5911544728317,55.0549944104139,89.0851107487183,49.1204802115577,50.6431741653479,49.2910940108024,70.751315605522,63.2804306294747,19.3399835558893,20.1653216339845,0,17.068566574269,43.9648214091773,43.7648116397817,43.3732617222592,76.1509047152341,90.1316143050854,99.6316605923761,80.1577098481141,81.2492677372167,55.0212501003139,54.1353112090655,56.5271030207361,61.6894444272709,75.4573690827308,44.2404195346292,60.9141806841729,62.3435140069626,42.7567382843577,86.1454062992066,85.3263982258154,85.4582753272523,88.3049848322593,91.0383935792552,94.1632375095491,93.6553411628003,87.0326769508039,88.4692012737473,89.4144337413262,87.8197363926021,87.8667472489829,85.9597532642974,88.093629931951,37.4278444288568,38.6327935798383,38.6223460250257,30.9026129925152,45.2736131134955,42.4079154919023,42.8805975676716,48.4753009766559,42.8348895219738,44.4388970258952,42.9448193888633,42.5299297737375,46.9425672859636,60.2208591210051,57.0751358901988,93.3402759297645,94.0042669936141,91.7240072879179,88.5103400382742,85.7686703462865,91.4997805100187,85.3838137979465,87.9415399509125,87.1210191059506,59.2514141733621,59.0489199788203,89.0849731890715,54.3761644670146,56.0314523690194,51.8465351987159
53.8148094046003,55.0833078841141,55.971626433338,49.1633444121444,54.2928493964424,56.6130706254302,56.3887305330121,54.2709254186599,55.0536472807063,53.5133242130513,86.7714259788365,47.6806328426857,49.1897434108579,47.8110224678145,68.3694009515602,60.9335217372993,19.2995928594364,15.8525109193451,17.068566574269,0,41.2993836208317,41.1283741203865,40.7427901535653,73.9903977116574,87.731644752416,97.2449643758021,78.0748750981647,79.1423868609746,52.5475110463578,52.3173774279021,54.7023942259081,59.9680624817369,73.0741376853197,41.662930022852,58.5820581226024,60.0150530329812,41.3700619738559,83.8109352147017,82.9893802585919,83.1235092403665,85.9827792016508,88.7166271960291,91.84375597088,91.3362254170933,84.7106220986955,86.1429351765091,87.0908397821884,85.4952350294953,85.5427058119686,83.6361060945287,85.7655350984876,33.7288132572242,35.2062580100066,35.0261927861334,27.0821873867744,42.1674621736894,39.3325461334703,39.7551813244377,46.2358938834104,40.2781675200772,41.9174014198888,40.4486694411549,40.0650288486877,45.2148783110842,58.1020414892777,55.0240230255873,90.9915367448019,91.6526053530673,89.373803295537,86.1614846698633,83.4565478453805,89.1875428196947,83.0647103075348,85.6220369592241,84.815662646033,57.087705604278,56.8805026010732,86.8014968852307,52.1585851177846,53.6183676529056,50.2548666872528
47.7258931123074,49.8227796169137,49.787161920299,44.1384013426045,50.0553011910823,50.3765262710522,50.0980633264679,48.7847990064922,58.4197934105584,56.8014373648004,78.1138331849324,52.3233780376906,53.6758200345296,51.9247102662707,58.4630503834363,51.6059669918088,42.8539294416246,44.2551093138917,43.9648214091773,41.2993836208317,0,21.6603366044633,18.1240304524721,67.7113432868748,77.8146358908239,87.5137756224883,73.0804588515171,73.7507832975864,41.2651244826711,51.656673749172,53.9511070940048,60.6918954517714,63.3555739115935,26.0940101774348,49.4788628190267,50.955534218725,46.6906166475548,74.8317363292832,73.9723400783337,74.142092683294,77.1866766959603,79.9283899149314,83.0890375009842,82.5883120741249,75.9239453509412,77.29235175687,78.2816960815187,76.6712300442021,76.7271768223186,74.8254116136103,76.8874610279368,38.7195144151011,37.8295969892637,37.6443175721448,37.1038037703505,35.0177623025847,31.8794699965952,34.0042929634571,38.6727480150963,22.271785276372,26.0197934060904,26.1152968349392,26.8947303738933,63.6921141226938,52.8113313936421,50.595115432034,81.8078268916918,82.4258845693284,80.1682860701967,76.9755957412775,74.8192483677513,80.5479033334786,74.3226213457391,76.8734840135124,76.2810563824326,50.7471462747168,50.4566935184987,78.5067925320111,44.8790837284278,41.983712006477,53.0268618150414
46.6041621131022,48.7396547179534,48.4905243864223,43.2381386541605,49.1692993152553,48.9353844191796,48.5388797604503,47.4303155483302,57.4867254851732,55.8554528358201,75.2626973118103,51.4900367710708,52.8361223116293,51.0485674199122,55.3304032655362,48.6273997379989,42.6756469858857,44.0637381952395,43.7648116397817,41.1283741203865,21.6603366044633,0,14.9429155613928,65.4275223998392,74.6714447225394,84.4140290141114,71.0470196640174,71.6460643492255,37.7345029936675,50.3180703350772,52.6073046068846,59.4860269615698,60.2589291503103,19.8353485845799,46.5621495511449,48.0546617639612,45.9066571174422,71.9079920878417,71.0397749634267,71.2175170891542,74.3056129970059,77.0489022340702,80.217506530969,79.7180924227804,73.0437052715433,74.3974854280803,75.3961637232032,73.7824808232405,73.840117473118,71.9396500910122,73.9862614014496,38.7331192522206,37.9937083399913,37.6032237906877,37.1315639703665,34.2529123972944,31.6214876613931,34.0358424479698,36.7228111983997,23.1735227720507,25.2768352409526,26.0194113191527,25.9859788721881,63.3749082440247,51.1118883275099,48.7293764689357,78.8357685023525,79.4438446539148,77.1911885355291,74.003074064899,71.9734992467391,77.7017490966744,71.4526231074655,74.0020814393419,73.45888677248,48.5659405467437,48.2402840083358,75.7790389595514,42.6967507385156,39.2619628002226,52.0819001596581
46.17774928131,48.3307791687255,48.1375621440688,42.7618379052985,48.715602923171,48.6471376759784,48.3050911042228,47.1331481498391,57.2137081534722,55.5867148917002,75.7621311276079,51.1920649476421,52.5389422121003,50.7615747908517,55.9366627736187,49.1563108103207,42.2735629364436,43.684435827639,43.3732617222592,40.7427901535653,18.1240304524721,14.9429155613928,0,65.6281096324029,75.3385847769131,85.0545233963065,71.1422327578306,71.769422555082,38.5776730568327,50.1581911852209,52.4478687559814,59.2914969806707,60.8897742585521,21.8308851298658,47.0557387048981,48.5361325065308,45.5966494419815,72.4449964207951,71.5817145908321,71.7554884289353,74.8189132115565,77.5616428968807,80.725680858496,80.225864979572,73.5582720018637,74.9199112651883,75.9137836938384,74.3015721940312,74.3586528194048,72.457218036616,74.5121512445739,38.4204097292853,37.6336102873536,37.3486282637337,36.7371148486661,34.4220758661654,31.6133847903647,33.8842529389166,36.6295933967407,20.7803487730128,23.5915923910402,24.5765744423091,24.9313933103956,63.0037339122938,50.9912417765327,48.7406469829986,79.4014535243139,80.0151895286486,77.7596756764658,74.5689174920836,72.4691995914254,78.1975212620022,71.961638831757,74.5117556396664,73.941904857945,48.6860435933576,48.3800473873131,76.1847515744253,42.7590240054949,39.2619434696622,51.8061039335022
76.3255489061185,77.7027780322164,77.0030608913702,73.3617893257791,78.6336636286115,76.2965643679837,74.8450883693046,74.3234537830616,80.9446241347929,79.1218265167552,88.2219331649493,76.1629547336282,77.4504605019481,75.1868184876535,76.4605010570675,66.3590813776246,75.1544345604872,76.7870781306704,76.1509047152341,73.9903977116574,67.7113432868748,65.4275223998392,65.6281096324029,0,95.1265058434128,103.761270211257,72.6625083622529,69.7174486491094,66.0365162547294,68.7775512372115,71.0954333709068,79.3133808568742,79.570085851225,63.4567493157995,63.0681925126193,64.4713474162106,71.1886948699936,86.7379973558258,86.1002680348811,86.0689931554072,88.0100879024315,90.714825679562,93.6696883067057,93.1395191426086,86.7456425193925,88.4785182276997,89.2373780974266,87.7045587929892,87.7217203900112,85.78503803438,88.2317751527046,75.0148839952788,74.5983072778815,74.556707840719,71.9883277925432,73.977556054063,71.5097706565937,73.2990817381157,61.9073622919992,65.5525340334847,66.3616853609884,65.3750743720618,64.1195503521108,94.5540039662809,72.8869352111007,59.873040936759,94.9119096683915,95.7769336254328,93.3973738058397,90.0917205465844,84.7715489312967,90.5069388567761,84.8882653867652,87.4727760405236,85.6364466150892,58.9579351668907,56.9765241573534,86.3077030609399,62.876644485982,73.2622724296596,75.6118978293326
91.1003030749886,92.8807126592502,92.197996423202,88.1203002160676,93.7272953625047,91.9008771114714,90.8338402273827,90.2683433663243,99.2630732439391,97.5353935477396,82.2794866501068,93.891713508888,95.2064566151978,93.1758128631522,79.9957839376141,71.5252983872021,89.1005800486403,90.5892078316199,90.1316143050854,87.731644752416,77.8146358908239,74.6714447225394,75.3385847769131,95.1265058434128,0,53.2382994723826,103.770819478522,103.663824625143,66.8166703811187,89.549376205526,91.8470813266448,99.419597820254,64.7494824539502,71.9772510251825,70.4166701604512,72.8785303929272,88.6215019925345,76.4652509961198,74.8851882148791,74.9880224179424,81.9696055013475,84.4990196028938,88.3822246568911,87.6504384917843,78.8167642998128,79.2777038256296,80.5638005167725,79.0980351684159,78.7800265400157,77.3289098963047,78.396909537345,87.0281769639653,86.545221626674,86.1717258005748,84.7820828566381,83.6236733509771,81.5828400798117,83.8476058676659,77.8273190041349,76.4247299144796,77.400647792529,76.885521037023,75.8286110632899,109.108512347341,91.1388938813653,84.5938239382093,75.7948107020107,75.1691295863069,73.6780335376642,71.1784906179051,80.2098087253,86.0580000263306,77.9131265357493,80.4914200384017,83.0942711725068,83.1131689989212,82.1448355271556,99.7324862633609,80.7393449105951,85.0123875212586,93.8811319253531
100.529691891266,102.292362702619,101.602907861582,97.5559551824626,103.147886501412,101.282303690489,100.193547462456,99.6370363100686,108.532452743466,106.799742546266,87.8346117195348,103.19177064187,104.505112730469,102.462258501916,89.2753844755619,80.449202213402,98.6021506402268,100.099411896622,99.6316605923761,97.2449643758021,87.5137756224883,84.4140290141114,85.0545233963065,103.761270211257,53.2382994723826,0,112.563578321309,112.423206085575,76.867166938085,98.6974324817088,100.996765327243,108.59658619349,73.472763356404,81.7448866397305,79.2832485218224,81.7776172646617,97.9370845699071,82.0609162379848,80.3425592614361,80.2612578056385,88.1299907055018,90.5670104704657,94.605188521593,93.7799244513931,84.2384066459772,84.5310238745689,85.7945061875121,84.4486581388514,83.9283436598436,82.6653048094759,83.5406296217251,96.6382415366814,96.1578104516571,95.8051039111139,94.3471053125172,93.3748360168205,91.3051726083764,93.5411267315163,87.1721715444514,86.0703522103157,87.0319641245039,86.491929390652,85.4193795224003,118.578020073304,100.394820282515,93.6028642371606,78.3385266202014,77.183345606126,76.0864497887843,73.9279193634524,86.1800012522522,92.0756738762703,83.4821359684736,86.0916091650029,89.3236886005689,92.1303666508682,91.1291938679874,108.274549151514,89.9735477299831,94.5684987152071,103.153618068014
80.7710932700941,81.971386711262,81.4244136125997,77.6718369282826,82.7950008346616,80.6966087415407,79.2304091390538,78.5171948119856,83.3033133424848,81.4375209900626,97.8288482323588,78.7625719805588,80.0416789469496,77.6790849261974,84.879046548223,75.3901349342949,79.1801662048134,80.8468209173029,80.1577098481141,78.0748750981647,73.0804588515171,71.0470196640174,71.1422327578306,72.6625083622529,103.770819478522,112.563578321309,0,65.433617860686,73.4364479892365,70.0324690603503,72.3703837662568,80.8808839844279,88.4025761561721,69.3482680728082,72.3158912559002,73.7016423803587,73.9085257122824,96.1800647293462,95.5096339045409,95.4963997777095,97.6172462636156,100.316672659165,103.31020040849,102.772511505389,96.2926108223751,97.9831316241947,98.7618970775382,97.2284505303456,97.2387717630051,95.3148555867475,97.7162519564633,79.640052914681,79.2595131193982,79.291012793242,76.391866298143,79.2231721184922,76.6763916488547,78.3483724342801,66.7892975484096,70.8435855251523,71.6710906215301,70.5614195149693,69.3209780717412,98.3480066296135,76.6075307716666,59.4330129727181,104.159643598839,104.991424918516,102.629014195134,99.3392791549053,94.4365179014839,100.177880848622,94.4668655861488,97.0510434898099,95.3789353162622,64.7127587528474,63.5276820073582,97.074465301313,68.1337156405288,78.844163196817,78.0166108419219
81.6580276088075,82.9116527172233,82.3043800784554,78.6126351777281,83.7816767722503,81.5683660031365,80.0915992080624,79.4549055541682,84.9337557096522,83.0835402767077,97.5246014949691,80.3128807820992,81.5940941008685,79.2656447395851,84.7784435442421,75.1525399847038,80.2650984071736,81.9224786704623,81.2492677372167,79.1423868609746,73.7507832975864,71.6460643492255,71.769422555082,69.7174486491094,103.663824625143,112.423206085575,65.433617860686,0,73.5854407621638,72.0235292943678,74.3495659072529,82.7850715051958,88.2507823283877,69.8686898604689,72.0227132156811,73.403042319781,75.4184638007932,95.9077176635426,95.2438112268677,95.2272311452304,97.3122481993966,100.012833991367,102.998706503488,102.462604218707,96.0000928028459,97.6989705856248,98.4738908921946,96.9404662660736,96.9522788597289,95.0257351763777,97.4360919418034,80.5420429547342,80.1494230488088,80.1608521185592,77.3597089936322,79.9442571602814,77.418396981913,79.1239439160385,67.4692908705226,71.5267614926893,72.3444668449158,71.2681853476888,70.0179186844938,99.5082667714496,77.6135681272844,61.5178326456974,103.927243833566,104.765778325747,102.399850965423,99.1068540716778,94.1206832865175,99.8608437908256,94.1680924631777,96.7523050692899,95.0479217255655,64.5120957851931,63.0262096898574,96.5029297862228,68.6047930886349,79.4104237687611,79.6236766948803
56.082868227347,58.0115887078914,57.3213437890608,53.114300342189,58.8446330950223,57.1637638373487,56.2290692053486,55.6556631013738,65.5884403616211,63.8952561784882,69.9623836109571,60.0178497971981,61.340494503031,59.3909571623467,46.5090257511661,42.3741800789412,53.9756008828442,55.4264997880008,55.0212501003139,52.5475110463578,41.2651244826711,37.7345029936675,38.5776730568327,66.0365162547294,66.8166703811187,76.867166938085,73.4364479892365,73.5854407621638,0,56.6708641805685,58.9545059342375,66.3613716300316,52.3000997316835,34.49754607386,41.3182615386873,43.1967175211411,54.646848246071,65.8710094852023,64.9161524004085,65.1799407352486,68.6951812620207,71.4558856334192,74.7041463757002,74.2191614015036,67.4531940654906,68.662059936954,69.7554749639524,68.1071667917456,68.1854518041426,66.2948113866122,68.1888231869681,51.3196541298402,50.8018373304648,50.3534931511643,49.2963921673499,47.2953621390655,45.3159129442024,47.7011527559739,43.2063070443826,40.0382138598455,41.0305126215941,40.7023003013536,39.6850607862635,74.1878045182336,57.3028493759687,52.6496274945207,72.3712648585507,72.8875795992549,70.6787356732402,67.5313380369197,66.7239025369913,72.4478346551777,65.9631794576584,68.4980070327736,68.4452561777581,51.0735299986721,50.3717171462394,72.4648670872977,46.9013793299581,48.7227003304966,60.1755476617256
