IBR/IBR_outputs/all.combrep_1/FireFreq_2000_2008_Total.PersistForestCover_Total.VRM_Total.WeatheringIndex_Total/FireFreq_2000_2008_Total.PersistForestCover_Total.VRM_Total.WeatheringIndex_Total.asc
NCOLS 160 
NROWS 95 
XLLCORNER 210004.651214014 
YLLCORNER 7350008.22228844 
CELLSIZE 4999.99999999997 
NODATA_value -9999 
[rows 42 to 62 of 95, columns 92 to 137 of 160]
25.8092399326697 19.8754763779307 23.9305709266677 27.8635225504549 22.5446697847539 27.8382671746908 26.8367235562004 22.3955696206534 27.1364903961273 37.2807341334134 54.1649069441847 40.9738986084001 28.1702138202276 30.1453986442178 30.7012390682511 32.9566455836508 30.587638564468 27.7697136396164 24.1469045308044 25.0305918781572 30.5753602286344 49.7290472322688 35.4079171702157 28.4995646759536 23.9340506157013 21.7223064005851 24.3377846021912 29.4629971458682 44.3714695599187 33.9364156676269 23.9845510645665 26.2333452567736 33.2230058913996 23.4562040471913 37.6905901217268 22.0368588334796 38.5373019242197 44.9035414354233 25.2000798793112 17.4750412020818 19.7270535559493 24.7954769393048 24.197863835949 23.0348431122584 28.6312988215438 28.2501489618788
34.3263336426672 29.9041979516137 26.826451862613 31.0397509494093 19.5557192768299 26.34937670872 24.9140086934434 24.4726098545772 23.5188059177222 27.5718789275826 30.6946570638642 40.1265673650125 34.2745321239258 35.9088292082024 30.5310408622672 24.8576636981555 35.1631550276527 27.6297001625066 27.8362635070308 22.7592842750036 26.5310392801028 33.2661294336507 32.823087700792 26.059769734098 25.4249929525387 23.0750348058782 21.3900647701043 28.8045452057327 41.2904289368219 28.461882870451 22.5406175614796 16.0863573709744 16.5093586955629 21.7932449831702 24.7958030549077 46.1554748354623 37.8214073823342 35.1377555586291 36.6552855783419 20.7559917711096 24.4172227385441 32.9191337414928 29.243898449119 25.9439498198153 22.0105729181418 19.5946590683237
30.0825146744856 24.3930097301622 31.565787239607 30.4947947384833 27.8918282353727 19.5322347635811 16.366676906773 23.0539207484956 17.7088212948188 19.5815994935922 21.5931462831205 26.5793402182062 29.1078040881405 35.0856707457598 31.5349740005953 24.4674051544365 30.3393172305149 26.9712872456998 26.9659657201183 23.4408482372011 31.1535856199909 33.1200370169454 24.8186762893718 20.678155170801 20.9227803523027 22.8256811385497 27.6953105140954 34.6376566063385 40.4476848385998 25.4512186714318 18.6316563947581 14.2473007219264 23.3596780430352 26.9914702378843 18.0203170482996 22.551839362683 31.02792006094 30.6989823168321 45.3153403188622 36.053281278666 28.3248078213131 33.8109987300582 25.6174964574968 24.2721283874734 18.8388477535374 18.8666480106297
32.5066178306212 33.2925223943716 27.4003784057941 28.9639815499405 25.0161974613411 20.8539449539226 16.6644101058518 18.8113569151205 22.0324392235019 16.7852377842952 19.0683807060134 28.2855787727983 30.2845934271185 33.6387399602939 33.4406227536522 31.4655918321909 32.1795184568391 21.2159026990145 25.5193622219943 26.6443924982776 33.0559034493583 31.8353169454157 27.7186892449926 22.6119552673676 24.8511468673644 25.9608871459364 24.0501684046219 42.3044210539389 32.2412933427612 20.9649468807693 24.7434641000723 18.6224439877026 27.3842838906829 37.284761989951 31.1838130055734 29.4795724817861 24.3742764213236 27.5804581312407 41.4015814090393 52.5324069537005 42.3531302062056 22.6284471313003 20.404099408593 17.6245837482216 20.1753768938967 17.72952558292
26.3438874030917 31.0141430689526 27.4995798327367 27.4844250410701 30.3309425995222 30.173073116821 18.3783788180993 18.7631572756795 26.4050668987579 24.4576728950094 18.6107847604682 26.7770480477275 22.5173671114218 23.9766326063212 27.0718725899476 34.2506315905122 22.5731275189946 12.784693199486 18.2435167424289 17.0856449635379 35.5698810271781 33.5615032686191 27.891998484204 29.8275111177525 24.7758561708301 22.9909894967073 34.2740201135786 38.0118134960843 23.8424984563413 27.0034561389496 24.1649515446446 26.4639418485419 20.8357913581791 32.1499826641276 28.9100807886041 33.0614555494157 37.6597409805206 26.687072602792 31.9772663385422 35.8748643677376 32.0443758647624 24.8185609650589 22.2062925655039 18.7849768639461 16.2864282513099 17.3315578880967
29.5716962989216 26.3346333173234 24.9376093445341 30.2810275379975 28.0648208214637 32.2256496957915 20.6874327982612 22.0799646629324 27.0383319339511 27.174964606792 24.8694324690457 28.7635383438868 24.2725615660634 18.2902087955123 26.9554257581342 39.1380667422556 25.9644045227349 15.5003708136176 15.2102075675589 18.1982747619903 34.4620338602724 44.3700388086723 23.3372284544328 28.1225986082146 29.9907372247873 33.0412688581898 34.777674553699 27.5276203337005 17.3569850121765 17.2041677955907 21.2157318004366 23.0609036301596 30.6808277822637 28.8998580068507 34.4024070731733 35.5213576340911 36.7703515592907 34.4828758364586 28.0854667725097 24.6040717844589 31.0542138682536 26.2516555259894 39.8833876123453 14.2693149777941 13.5925495615514 15.4883231585487
29.2284175453684 31.6385479281266 30.6204742594014 24.2768905625575 25.6037917275361 35.1320978105077 26.4944879543183 28.7339277148203 31.8396466481093 29.6238235671954 30.5616973039952 29.2081101813152 18.5546564745618 15.6936698760092 15.8002877290767 31.9785141985903 30.0265510242462 24.1414307749159 20.3062966432412 21.9639852724081 30.2105830879637 29.4223537046523 28.1161632461885 24.9850112077275 25.714157663495 52.0453014412411 27.5631012326807 24.1991723657036 23.3164601253144 26.3620276616928 29.4479851623916 28.5351812737442 28.1022288583692 29.9613521451129 29.7003200933787 28.8095420800616 36.5886048020154 32.1542348566559 30.5206706322926 31.3445801122356 27.1803612350656 33.4201573393708 24.686906519756 18.2079829535658 21.8321208223654 16.9503769118597
34.423949474447 34.6753090766929 39.9877622907977 25.0014659487611 23.6885665039218 33.5178471022092 25.0514460834977 26.9346160039567 32.1569390966147 31.4158429694302 25.668453782603 18.3527262419836 20.9192603426408 27.1469386274107 22.5815103460431 25.5458101189689 23.6748731955401 25.7681664756978 21.5486392521563 22.7679203488167 27.359397288023 34.6409772270888 36.8548212312933 27.6824938492265 44.4730750690577 31.1588871439095 25.3404315975669 27.4247689167393 32.4945182543861 29.179379924862 31.6556168024597 34.6099351331974 28.1282076621129 24.7433942531756 29.2677670561948 30.817169380282 20.7443144539519 22.229191751124 23.1411029915403 26.8468941477099 25.2966565819049 21.2126045192917 17.0485575025779 14.921076420996 20.6377651673124 17.7629787008747
43.4278344469773 30.7175519924806 32.4440312220866 29.3855515770289 34.4328503258875 30.1152611608275 31.0541543730714 23.621197241357 28.506891747243 34.7874746813279 26.0713047171031 28.547164589618 40.5010418973607 27.3321773101437 31.6131236749671 23.8512128999891 22.4320345969292 25.6831112679843 23.5101395931191 22.1854922586773 24.2766447873896 28.3761456248698 23.5904072954871 30.6081266649821 35.3595840360746 27.713082477414 20.3680245291527 20.8795829846285 26.9682079346496 32.314023219939 35.5252982862793 34.1816302068015 31.0861564219163 27.6357338785188 25.4983034215695 24.2276942320524 26.6270295545143 23.8569775886716 21.5291098675493 24.3553403965602 23.8935451400874 16.1873142895121 17.0160905432016 17.3230260315817 15.2968511261727 18.2771304575004
32.2434703473641 30.7685137393287 27.5188937104584 29.2971439436101 27.8657213619997 31.7546069580092 37.2557092850637 31.2315459566894 30.2674999013663 41.1683038844232 27.4227992244145 37.5030791156063 34.0650839950866 26.9089378099698 27.2116106582581 24.674266995653 24.0067833923469 25.894548628634 21.7768858072662 16.8373727057478 19.5601999361628 16.8367721952557 24.4814597507368 25.7953214952201 25.1717878108837 20.0706189196113 23.3104326016009 27.7430653546607 28.0043381345154 20.5123486615275 33.1481626418077 25.3990502229666 27.4466604703944 27.0389080960026 27.1286997109624 26.2564208918871 25.9895941434102 28.1864961991236 19.9855722341503 20.3250140600799 22.7659689511842 21.4103421559462 16.140394028294 14.2629488340401 16.0146540963748 23.6321823027425
24.8412160862035 31.1914715156002 25.8223673821472 27.7498828867513 30.2772080504478 42.0896724562103 42.773559781843 49.7676102489211 29.101774069749 36.9587657877713 38.6393914694114 28.7354542727488 30.7222179316801 30.5903169613162 27.5619930148767 22.6027018038124 22.7707792931886 24.8448839200558 23.4408283353063 22.2459703586798 22.7616830111786 21.9219328140317 19.5050597992238 20.963279978026 24.7885548751124 21.8546488474883 25.4751881945 23.2561619760802 27.867521291657 21.194102213458 24.9898989833433 25.0523336255152 23.8027822250416 26.1297980824987 25.214512874733 26.5211954875063 30.606310248798 27.077650250136 23.388579042529 25.2129809580065 29.6914760264774 27.6241416734993 19.8291792727565 16.9192893756361 16.7204430200129 20.6946173508839
24.5820689667902 29.6070028361345 27.689118255924 28.1309620648528 30.5659239108891 30.4516228119662 27.3206294304391 28.0936504416738 27.8420787399498 30.3975345067756 30.6547223376769 26.6001176799789 28.6845450854354 24.1542591657266 21.9904844027485 29.9477061168415 25.0899856059493 23.0696159982772 29.5919566627516 25.2271815372873 20.1860743165858 23.1595593059071 25.8455805893805 18.2743378906792 27.6946810093851 30.9057624082622 22.1472778497351 25.3410788192712 27.0554799907071 20.2962956316218 27.7567604381667 24.5869909781406 23.8002747266077 29.0821828774919 26.1676392653051 25.5987035010962 31.7331898050481 30.9135472792737 26.7063659385836 31.6541332930693 31.2691690517679 30.176954287546 34.6893797613072 19.71959981877 26.8596541977726 20.1154975170432
27.5996491051822 26.8616076077373 21.6518806722086 19.3119560419605 18.3311834059723 24.7212520430589 20.6303938979289 27.1501277559417 24.7815266417897 26.720251874459 25.9976059463858 25.0334096645969 24.6009199853915 18.0280936807036 20.8051257150301 32.3772324594907 21.2146291843515 21.4452545741551 23.2449540759092 21.9621245726145 27.0752683046193 24.8432844818014 22.8405567137325 17.128188602543 18.6717172059082 25.2569886941198 20.2476383699506 28.9844844361998 20.7766019065531 25.1611617597973 31.2289014130807 25.5250012916821 25.4550687904164 28.9384741780535 39.1210365034888 29.5659919845576 28.5584101489062 27.8856232809176 25.6873652519701 32.8703959045842 31.3945042362776 38.9359024180489 39.9582838143393 33.0236763439373 30.4637775679021 27.91043023696
45.4329968340858 28.5070808474269 21.7140900038632 26.304596501235 19.3214393055891 21.8888623505572 25.9621798952725 24.9813088699606 25.3695234565432 26.2509699510368 28.6480634380698 30.1041857111435 25.5642881146163 24.1472457298492 20.9919534640125 17.0795613116357 26.0577358107949 22.7911200392083 16.3444749253455 20.4017664891181 26.3798396501304 24.7574843024798 20.3805681334552 15.2054430557338 16.4569966656205 21.1478928293648 21.419680368432 32.7764149942141 24.1433045763595 28.3891799731502 35.7978704287 26.4907852459676 31.4402354276205 28.5494511011234 35.7104002844499 32.3629366250315 36.5642151740303 31.8180568057037 28.5881737278991 30.7332840969655 31.8577758205295 38.8884809948394 37.2239843429273 44.9282144623888 31.0385704994659 34.2934404699135
30.2850477981496 37.9364722045602 36.3244633369281 36.1291824097648 33.4265899753992 35.2652752739582 32.356309233604 32.8658018537246 21.959587303673 25.6014449531299 26.7312401210018 25.1360250475621 25.2282908441785 25.568024591463 23.7398357668483 23.3099086392032 25.2337901410054 26.5863691029688 16.9338342090511 18.1601139784944 18.3555749396439 19.4636112142272 21.8844615610556 20.6000546913133 23.9752610874329 21.6445118771129 26.4403524649272 30.3039459579836 25.8505716112058 25.1635855917975 25.3065815840488 34.5111370096311 32.733099784614 23.5615967233794 25.2002450334616 32.2238111229751 34.9693866053595 26.9227829623917 31.2586547207992 28.6593921416244 37.303263848915 31.4037569740036 37.5086031331498 34.7462815109644 30.860208852283 35.006620869386
22.2612797158218 30.7176855958843 38.8685748290666 38.0582925047101 36.9790201946288 39.3771424075291 44.1235681935184 46.4081435394682 48.6842179738543 48.227366645223 40.3920340656382 34.1010396737046 29.4517095355433 24.2710681367178 24.3468185183971 17.9338436363762 18.1628077497501 24.8223662898155 20.7864758288612 15.5115026988712 17.8286720546148 15.8295368314959 20.027779116102 28.0527769308159 20.0048741972774 21.9854271565031 25.2930545642884 25.7986230031325 25.6756096867732 31.7945526996618 37.4824060975578 34.2126815237023 35.8331550595549 30.479373446745 25.7101522516602 29.9903036001008 28.2993378492718 34.8028555785913 34.2910059318362 34.2149061219154 35.0472888966028 30.9192793561263 35.0453789158728 29.5327121564533 29.5474815426682 31.9443994269696
20.1798282565822 30.8521480354288 36.0391091201422 33.0040494567119 39.9376473237042 33.8129953840857 37.2801168835383 35.4244910092697 38.0575179197999 43.0444154381737 43.3034901586768 41.2561236654747 36.9399479675034 24.0649703556099 24.4314069343255 25.3121627447108 17.3501288490296 18.2570486168083 20.3640408831838 16.3012432779104 15.8543084286337 15.7142089679723 15.873837746945 24.6134589940262 17.9095632292426 25.4624645604098 30.0627284159896 23.5931203344393 33.0619985775038 39.7016235428435 40.2810342033104 43.4735330295135 38.0381080273291 28.2356609015563 25.4253079038444 36.2360897023478 39.2955270648383 32.130032600644 38.1303280405169 36.5749842421133 29.4359775204184 36.6269154269763 27.9299586163061 29.6350165905618 27.2585599331502 24.8212967299722
22.5598086131925 20.695621668796 24.3142793613009 41.7407356400475 31.9617471455609 29.8734068687873 37.6353167227902 33.6669044645199 34.6668815568281 35.5825411728809 35.31228406662 35.3226562597204 35.6041323048257 29.7809141473001 24.3686380328802 22.8725288270458 22.5825356417835 19.7278800892387 18.5712776339767 14.5692287902366 15.7747817579337 23.8246039246376 24.8501459711049 20.5297635523849 25.768236825781 27.6060534375151 27.5126846157367 15.3893774502728 16.06865351215 21.8516375698069 36.2267893847671 43.5285832006977 27.6987094135481 26.2467992525839 36.5798850625206 34.8682378372843 37.939520968261 37.649049613175 39.1495417052859 40.4234819342189 39.2061609448869 31.5854097021641 22.270139321471 27.5795838089607 29.1496254053011 27.1642740828229
76.5187596711567 19.528440052222 19.5523753585873 25.865769029204 28.8736011476797 28.8144595804135 34.8420552511839 33.7312499730395 34.732383224276 35.3064585489182 35.3038462116951 35.3052606247068 35.3038114841781 35.3043751094995 35.8709193085844 34.1117420315125 34.9066567148559 27.998493684186 27.6564392741527 25.9768797367586 27.6555049728548 34.3958920065453 30.7403349734637 25.601687947689 29.5581865587428 33.1365158661519 32.0647560375498 19.6298750357205 17.3340611276065 13.6845941916002 21.1326333732143 35.9479294508718 32.205937766246 35.8765065482901 34.8645028233128 36.4462724613593 37.2757233610319 40.4021222854923 39.0051728284185 36.7469514445146 34.1423106319521 29.535587523071 30.7140991504478 32.6730856460019 33.313237458537 27.7775112175051
73.036676611221 58.9875696818638 78.9894401189485 49.0022047058135 29.45766322992 24.7692818729818 27.3429341349244 27.7670149700393 32.5089999032947 33.0270288466645 35.3090401750115 35.3084892077519 35.3059816747764 35.3084274183211 35.5778099724902 35.3057665596411 35.5782951403627 36.4014620877088 38.022842222059 38.8248944635184 36.6182521486694 38.5770617438669 36.4225152132921 30.4487929229011 29.9488390569897 35.7239212272994 26.1982632641701 21.1596679176508 15.3721495933576 16.7463086981449 23.3068745677969 34.4628155102795 38.5965585412955 35.8806967786945 36.0788545222647 36.5124284160211 33.9480649139898 32.1555231409266 37.6810762693621 38.1872290327497 28.2845695902922 32.4563683140194 32.0038598053604 25.6555366533147 27.8091847306346 35.2151682129066
70.9903153266458 66.3875111838151 74.5570138508483 74.8761764235004 78.6159100240682 52.0002991231567 39.7707675814458 21.9814046213285 25.8299659420695 34.1989219653031 33.5836427008433 41.7321673842376 43.7938911859591 44.3180420104773 37.2195141053873 35.4572144981827 30.5856224029346 34.7299728719557 35.3040468226663 35.3038162495264 36.3919180239031 38.0232451027037 37.2223176960666 35.3276461390106 36.422476355206 36.4422990635916 35.3678507068916 23.2544461025716 16.0729216944359 15.5332953225134 26.179643261675 44.1902604427396 37.2541768226009 37.9965535806749 37.5906110298286 32.592727017578 33.8112816805087 40.8841928732127 36.3062845491418 35.9345476877483 23.3132528321685 33.7675370758707 35.8936683267254 32.7788898718642 35.3985168196851 35.7673453383442
