9.9982E-05 0.152808 0.135068 0.0258179 9.9982E-05 0.686106
0.225194 0.0272146 0.0972343 0.0444395 9.9991E-05 0.605818
9.9982E-05 0.158674 0.139168 0.0339032 9.9982E-05 0.668055
0.0841914 0.0378419 0.143188 0.00293448 0.00101021 0.730834
0.045691 9.9982E-05 9.9982E-05 0.00916902 0.0373285 0.907612
0.161886 9.99831E-05 0.0490406 9.99831E-05 0.0402874 0.748586
0.243563 0.0231705 0.189337 9.99821E-05 9.99821E-05 0.543729
0.22705 9.9982E-05 0.105724 0.0423989 9.9982E-05 0.624627
0.742862 0.043338 9.9982E-05 9.9982E-05 0.0622552 0.151345
0.466471 0.14086 0.179453 0.0136527 9.9991E-05 0.199464
0.255326 0.0280653 0.475574 0.0495859 0.0419616 0.149487
0.464948 0.195307 0.026091 0.0180366 0.046825 0.248793
0.221002 9.9982E-05 0.707085 0.0351104 0.036602 9.9982E-05
0.80563 0.0670321 0.0348315 9.9982E-05 0.0923069 9.9982E-05
0.462035 0.123396 9.9991E-05 0.033837 0.0845056 0.296127
0.721035 0.0227457 0.145052 0.014027 9.9991E-05 0.0970412
0.518999 0.137782 0.013551 9.9991E-05 0.018383 0.311185
0.564976 0.00993224 9.9982E-05 0.029618 9.9982E-05 0.395274
0.186714 0.48015 0.141781 0.050178 0.0989653 0.0422111
0.286673 0.565169 0.147857 9.9973E-05 9.9973E-05 9.9973E-05
0.174112 0.603452 0.00388737 0.0223246 0.0411526 0.155071
9.9982E-05 0.810947 0.156211 0.0112082 9.9982E-05 0.0214341
9.9973E-05 0.854636 0.0864309 0.0586335 9.9973E-05 9.9973E-05
0.137166 0.728737 9.9991E-05 0.0249541 0.0025116 0.106531
0.205655 0.684181 9.9973E-05 9.9973E-05 9.9973E-05 0.109864
9.9973E-05 0.825225 9.9973E-05 0.0110195 9.9973E-05 0.163455
9.9973E-05 0.864949 9.9973E-05 0.0404733 0.0942776 9.9973E-05
0.0522331 0.860499 0.00180507 0.0208935 0.064469 9.9991E-05
9.9973E-05 0.85775 9.9973E-05 9.9973E-05 0.026248 0.115702
0.0105426 0.751999 9.9982E-05 9.9982E-05 0.0726196 0.164639
0.0477575 0.90341 9.9982E-05 0.00468029 0.0439521 9.9982E-05
0.181101 0.764007 9.9982E-05 0.0304793 0.0242137 9.9982E-05
0.0205025 0.743785 0.100765 0.0719898 9.9991E-05 0.062857
0.124617 0.178892 0.258306 0.0827641 9.9991E-05 0.355321
0.182379 0.233218 9.9982E-05 9.9982E-05 0.0279834 0.55622
0.0383661 0.114928 0.0731022 9.9991E-05 0.0418619 0.731642
0.0162858 0.0290354 0.211456 0.0254793 9.9991E-05 0.717644
0.226301 0.193668 0.171561 0.0086937 0.0817614 0.318015
9.996E-05 9.996E-05 9.996E-05 0.9995 9.996E-05 9.996E-05
9.9991E-05 0.709808 0.239639 0.0260364 0.0103828 0.0140338
9.9973E-05 0.205611 9.9973E-05 9.9973E-05 0.125563 0.668526
0.328414 0.0970617 0.174172 9.9982E-05 9.9982E-05 0.400153
0.19803 0.26647 0.265072 0.00787011 0.124687 0.137871
0.0950552 0.0920664 0.59799 0.0528643 0.123764 0.0382607
9.9982E-05 0.0331615 0.871609 0.0109045 9.9982E-05 0.0841248
9.996E-05 9.996E-05 9.996E-05 0.9995 9.996E-05 9.996E-05
0.250478 0.168246 0.209982 0.0698959 0.0474544 0.253943
0.288989 0.119867 0.381404 9.9991E-05 0.0880139 0.121626
0.361751 0.296934 0.0743984 0.0427899 0.0788853 0.145241
0.0986981 0.0178975 0.138306 0.0432906 0.701708 9.9991E-05
0.165488 0.00469788 0.0299596 0.0331068 0.766647 9.9991E-05
0.139314 9.9973E-05 9.9973E-05 9.9973E-05 0.761575 0.0988105
0.103669 0.0081108 0.219084 0.032455 0.636581 9.9991E-05
0.0828609 0.0488533 9.9991E-05 0.0435307 0.80788 0.0167754
0.126325 0.0823731 9.9973E-05 9.9973E-05 0.791002 9.9973E-05
0.329697 9.9964E-05 9.9964E-05 9.9964E-05 0.669903 9.9964E-05
0.231441 9.9973E-05 9.9973E-05 0.00291897 0.76534 9.9973E-05
9.9973E-05 0.153081 9.9973E-05 0.0349713 0.811648 9.9973E-05
0.129197 9.9991E-05 0.0138929 0.0306391 0.781486 0.0446851
0.0483034 9.9991E-05 0.204239 0.0305535 0.581859 0.134945
9.9973E-05 0.161474 0.0524535 9.9973E-05 0.785773 9.9973E-05
0.103321 0.0572672 0.0406096 9.9991E-05 0.726042 0.0726599
0.103076 9.9982E-05 0.555287 0.0594599 0.281977 9.9982E-05
0.14316 0.693383 9.9991E-05 0.0274876 0.0564862 0.0793836
0.0344494 0.753826 9.9991E-05 0.0405559 0.0346289 0.13644
9.9973E-05 0.797093 9.9973E-05 0.017744 9.9973E-05 0.184863
0.170591 0.037023 0.0958027 0.000561473 0.695922 9.9991E-05
9.9982E-05 9.9982E-05 0.402179 0.0699923 0.452319 0.0753095
0.0369826 0.0560222 0.10357 0.0415861 0.706335 0.0555046
9.9973E-05 9.9973E-05 0.269672 0.0590265 0.671002 9.9973E-05
9.9982E-05 0.0254524 9.9982E-05 0.0569334 0.802968 0.114446
0.308519 9.9973E-05 0.577583 9.9973E-05 0.113598 9.9973E-05
0.297286 9.9982E-05 0.641731 0.0150717 0.0457106 9.9982E-05
0.214915 0.0094146 0.673986 0.00341512 0.0981698 9.9991E-05
9.9973E-05 0.0100891 0.97293 0.0166807 9.9973E-05 9.9973E-05
0.0293603 0.0813439 0.839008 0.0500878 9.9982E-05 9.9982E-05
0.0437242 9.9973E-05 0.928952 0.0270236 9.9973E-05 9.9973E-05
0.0424876 0.103345 0.668229 0.0219615 0.0492787 0.114698
0.24736 9.9973E-05 0.145023 9.9973E-05 0.607317 9.9973E-05
9.9982E-05 9.9982E-05 0.360784 0.137393 0.373455 0.128168
9.9991E-05 0.061221 0.14373 0.0196161 0.714819 0.0605136
0.122562 0.0624013 0.0531717 0.0236575 0.738107 9.9991E-05
0.298868 9.9973E-05 9.9973E-05 0.0304139 0.670418 9.9973E-05
0.0785699 0.655694 0.233213 0.0299874 0.00243627 9.9991E-05
9.9982E-05 0.0877841 0.562145 9.9982E-05 0.257877 0.0919937
9.99719E-05 9.99719E-05 0.872016 9.99719E-05 0.127584 9.99719E-05
9.996E-05 9.996E-05 9.996E-05 0.9995 9.996E-05 9.996E-05
0.131609 0.16251 0.129352 9.9982E-05 9.9982E-05 0.57633
0.188845 0.0934928 0.0544932 0.0255297 9.9991E-05 0.63754
0.547495 0.0719467 0.190551 0.0379057 9.9991E-05 0.152001
0.484843 0.240186 0.209308 0.0206103 0.0449526 9.9991E-05
0.401306 0.0722134 0.00683193 9.9991E-05 0.05041 0.469138
9.9973E-05 0.0218935 0.862255 9.9973E-05 0.115551 9.9973E-05
0.0851089 0.542947 0.109862 0.0442502 0.039648 0.178184
9.9982E-05 9.9982E-05 0.707818 0.0583412 0.151833 0.0818077
0.0651618 0.231992 0.402789 0.0276862 0.0380183 0.234353
0.634362 0.112217 9.9982E-05 0.00291333 9.9982E-05 0.250307
0.171803 0.0566673 0.236441 9.9982E-05 9.9982E-05 0.534888
0.367229 0.124686 0.228257 9.9982E-05 9.9982E-05 0.279628
0.899181 9.9982E-05 0.0250738 0.00224562 0.0732996 9.9982E-05
9.9964E-05 9.9964E-05 0.354085 9.9964E-05 9.9964E-05 0.645515
0.87497 0.0157576 0.108972 9.9973E-05 9.9973E-05 9.9973E-05
9.9991E-05 0.0190041 0.628596 0.0304862 0.199821 0.121993
9.9991E-05 0.099843 0.590767 0.090406 0.141538 0.0773465
0.0826248 9.9991E-05 0.541179 0.0675127 0.232708 0.0758757
0.26599 0.189071 0.544638 9.9973E-05 9.9973E-05 9.9973E-05
0.365498 0.138654 0.412198 9.9982E-05 0.0834491 9.9982E-05
0.305909 0.38013 9.9982E-05 9.9982E-05 0.0602714 0.25349
9.9973E-05 0.00313505 9.9973E-05 9.9973E-05 0.730138 0.266427
0.0265991 0.0412707 0.208612 0.0438584 0.67956 9.9991E-05
9.9982E-05 0.178478 0.510166 9.9982E-05 0.186784 0.124372
0.420779 0.0404352 0.339681 0.0163718 0.182633 9.9991E-05
9.9991E-05 0.212039 0.354142 0.0420754 0.148883 0.24276
9.9964E-05 0.733568 0.266033 9.9964E-05 9.9964E-05 9.9964E-05
9.9982E-05 0.0752462 0.271835 0.0510124 0.601707 9.9982E-05
0.121101 0.0411956 0.187548 0.000779665 0.649276 9.9991E-05
0.0646391 9.9982E-05 0.389368 9.9982E-05 0.440221 0.105572
0.0212937 0.431121 0.153954 0.0518688 0.0172952 0.324467
0.126698 0.248382 9.9991E-05 0.00931904 0.0567436 0.558757
0.135274 9.9991E-05 0.170301 0.0139425 0.0170231 0.66336
0.00716549 0.0454354 9.9982E-05 9.9982E-05 0.111443 0.835756
0.287232 0.356747 9.9973E-05 9.9973E-05 9.9973E-05 0.355721
0.182697 0.0819069 0.0301032 0.0197344 0.0131425 0.672416
9.9982E-05 0.101177 9.9982E-05 0.00216118 0.0321867 0.864275
0.248113 9.9982E-05 9.9982E-05 0.00712589 0.0286808 0.71588
0.231997 0.259273 0.126405 9.9991E-05 0.00926144 0.372964
0.885318 0.0256336 9.9973E-05 9.9973E-05 9.9973E-05 0.0887482
0.883644 0.0504461 0.0287005 0.0370098 9.9982E-05 9.9982E-05
0.888515 9.9982E-05 0.038676 0.00397912 9.9982E-05 0.0686301
0.29589 0.207485 0.0711481 9.9991E-05 0.106062 0.319315
0.819322 9.9982E-05 9.9982E-05 0.0196019 0.0274585 0.133417
0.679195 0.153891 0.121195 9.9991E-05 0.00232279 0.0432962
0.155911 0.107637 9.9982E-05 9.9982E-05 0.034843 0.70141
9.9973E-05 0.795081 0.199599 0.00502 9.9973E-05 9.9973E-05
9.9973E-05 0.854657 0.0267073 9.9973E-05 9.9973E-05 0.118336
0.220378 0.749957 9.9973E-05 0.0293659 9.9973E-05 9.9973E-05
0.18923 0.715888 0.00308881 0.000159077 0.0915339 9.9991E-05
9.9991E-05 0.761221 0.0439503 0.00830449 0.0215585 0.164866
0.189033 9.9991E-05 0.214094 0.0091615 0.0475017 0.54011
9.9982E-05 0.100446 0.176451 0.0281111 9.9982E-05 0.694792
9.9973E-05 9.9973E-05 0.043405 9.9973E-05 0.903111 0.0531837
0.156276 0.0588164 9.9982E-05 0.0106387 0.774069 9.9982E-05
0.015147 0.0589669 0.00922993 0.00384799 0.854115 0.0586931
0.0260124 0.0722542 0.256615 0.00129056 0.596391 0.0474367
0.0790987 9.9982E-05 9.9982E-05 0.0335919 0.859365 0.0277444
0.0132519 0.15668 0.102699 0.00391013 0.723359 9.9991E-05
0.0852412 9.9982E-05 9.9982E-05 0.0247417 0.857432 0.0323846
9.9973E-05 0.15239 9.9973E-05 9.9973E-05 0.801473 0.0458373
9.9982E-05 0.0875604 0.0473539 9.9982E-05 0.797788 0.0670973
9.9982E-05 0.15007 0.046107 0.0129728 0.79065 9.9982E-05
0.00788099 9.9991E-05 0.192646 0.0481616 0.733686 0.0175253
0.0741309 0.0523859 0.0918565 0.047171 0.721143 0.013313
0.0357629 0.044934 9.9991E-05 0.00473723 0.745488 0.168978
9.9982E-05 0.0728877 9.9982E-05 0.022184 0.830469 0.0742591
9.9982E-05 9.9982E-05 0.0750903 0.00122395 0.778843 0.144643
9.9973E-05 9.9973E-05 9.9973E-05 0.0326859 0.802778 0.164236
9.9982E-05 0.0700227 0.00208909 9.9982E-05 0.834009 0.0936798
9.9982E-05 0.0251581 0.681082 9.9982E-05 0.114001 0.17956
0.100732 0.0202421 0.878726 9.9973E-05 9.9973E-05 9.9973E-05
9.9973E-05 9.9973E-05 0.133722 9.9973E-05 0.787822 0.0781554
0.112054 0.0198256 9.9982E-05 9.9982E-05 0.660576 0.207344
9.9973E-05 0.0787801 0.111567 9.9973E-05 0.809353 9.9973E-05
0.143886 9.9982E-05 0.632043 9.9982E-05 0.147679 0.0761921
9.9982E-05 9.9982E-05 0.0672146 0.00545472 0.00906104 0.91807
0.265216 0.168654 9.9982E-05 0.0127747 9.9982E-05 0.553155
0.0906391 0.427172 0.207113 9.9982E-05 9.9982E-05 0.274876
0.379457 0.547581 9.9982E-05 0.00567757 9.9982E-05 0.0670837
0.018514 0.759382 0.158107 0.00563905 0.00998251 0.0483749
0.161518 0.783767 9.9973E-05 9.9973E-05 0.0544157 9.9973E-05
0.0940193 0.734481 0.0340283 0.015596 9.9991E-05 0.121776
0.196985 0.721735 0.0145609 0.0228696 0.0437504 9.9991E-05
0.114824 0.690841 0.144197 0.0385351 0.0115035 9.9991E-05
9.9982E-05 0.690247 9.9982E-05 0.0465629 0.0428393 0.22015
0.00157741 0.1256 0.0834884 9.9982E-05 9.9982E-05 0.789134
9.9991E-05 0.0241585 0.0667469 0.0496309 0.0508576 0.808506
9.9973E-05 9.9973E-05 0.265752 0.0356722 9.9973E-05 0.698276
9.99641E-05 9.99641E-05 0.418421 9.99641E-05 9.99641E-05 0.581179
0.0654726 9.9982E-05 0.257699 0.000875632 9.9982E-05 0.675753
9.9964E-05 9.9964E-05 0.447624 9.9964E-05 9.9964E-05 0.551976
0.614269 0.150045 0.138945 9.9982E-05 9.9982E-05 0.0965399
0.849344 0.0686092 0.00203328 0.00489887 0.0750149 9.9991E-05
0.90739 9.9982E-05 0.0347221 0.0359289 0.021759 9.9982E-05
0.686946 0.0855379 0.120445 0.00138494 0.0254661 0.0802204
0.696626 0.0491735 9.9991E-05 0.0286002 0.0341779 0.191322
0.150624 0.606361 0.0567858 0.140283 0.0458458 9.9991E-05
0.0482647 0.0446634 0.171312 0.0145653 0.721094 9.9991E-05
9.9991E-05 0.130702 0.0444197 0.0277161 0.767312 0.0297503
0.0625391 0.0199721 0.118255 9.9982E-05 0.799034 9.9982E-05
0.0406525 9.9991E-05 0.140696 0.016316 0.670503 0.131733
9.9982E-05 0.0480532 9.9982E-05 0.0173429 0.755422 0.178982
0.44292 0.234022 0.0838768 0.015657 0.151148 0.0723769
0.38601 0.203965 0.0131351 0.0245721 0.0187872 0.353531
0.727309 0.0333889 9.9982E-05 0.0711862 9.9982E-05 0.167916
0.276541 0.171322 0.262061 0.0487231 9.9991E-05 0.241253
