0,21.6520701094891,21.6512470842336,23.9557934562471,29.1365967765303,28.1490876398369,32.2081843570079,29.1297146432016,58.0579773412421,58.590819847266,82.2208140646274,58.4687522767033,57.9925494698174,58.5945027442818,56.1794590469301,57.2991741795181,53.5428018105963,56.3350062566622,54.802853028556,54.8635245938548,46.2846940277436,47.1875988494748,46.3682811982471,57.6527473360509,79.369650976428,83.4846882021078,57.5476931004837,57.2279596610029,55.3307481828967,54.7826681683261,54.285641472378,58.2394534926471,64.7112257656623,47.9020488511913,57.1465820331573,56.6399005983463,58.5968452280379,71.8463338106858,71.9246007576085,72.9740508004585,71.2553189854076,71.7419327294849,71.2927776564774,71.7755247925064,75.862992437173,75.4639694939781,77.1473233006013,75.3844768449527,77.8730493275724,75.9284020647417,75.5656844338674,51.7994060577693,50.6886545528329,52.1244328328733,51.3874863926029,53.0298335120067,51.3383438609063,50.8118799547563,38.975528359863,43.9230355404607,43.1572148976687,42.1020113374103,41.2477926405127,67.2614771018975,41.2660729223249,52.9465640157215,80.0100266137118,80.0350056359018,79.0828397165238,78.307939558008,74.3651628570407,73.8732339373096,75.7887392969148,75.261507864201,73.7305097380785,51.510828860711,52.2738846649201,58.7913439904776,45.8560986415713,42.3775873567367,54.7739674910777
21.6520701094891,0,23.9552930921841,21.6514338288847,23.9556443854604,29.1328491516103,32.7029543410454,28.148929584784,57.5137244116839,58.0520428222032,82.5943043614901,57.9449657188157,57.46145080819,58.0617799517883,56.7145481925735,57.7816334320531,53.4220465935251,56.240213889624,54.6786938379403,54.7770497726971,47.0026526856691,47.9612631488396,47.1547652071602,57.8248295555296,79.8449693261675,83.9467038644983,57.5655263104233,57.293663752346,55.9334897099761,54.2788079592482,53.7746884784459,57.7416923420751,65.1825163759299,48.7191238850706,57.608548877362,57.1049866698627,58.0891947214979,72.2487253138582,72.3296836578587,73.3762780111973,71.641569667341,72.1275138332249,71.6760469149789,72.1582477816971,76.249519587827,75.8555810659126,77.5358121886263,75.7739997397429,78.2622919273073,76.3169498842256,75.9593660237382,51.9884522503676,50.9025908064991,52.3619928463279,51.4749601967628,53.4557890507167,51.7582437724495,51.1946043648632,39.9513882729804,44.8201368741836,44.1657088450904,43.145137003083,42.4432338743794,67.0849534766738,40.9692734811734,52.8583636561186,80.4295125336198,80.4580510935941,79.5043042563662,78.7277666995867,74.7382218733176,74.2465407383001,76.1711954392877,75.6446843631105,74.0941926132699,51.7056439419268,52.4799043174191,59.1683179279781,46.3235304724238,43.6426485754696,54.1727678770031
21.6512470842336,23.9552930921841,0,29.1340059868424,31.4344822972838,21.6510416587067,28.1483167695726,23.9533222188111,58.2025135685243,58.7237974218452,81.9564498930933,58.7082766101396,58.2235463503163,58.7854474501605,55.9679855514902,57.0355930780858,54.2499121216409,57.022511593401,55.4946802037157,55.5636738134152,46.9690339794658,47.7085126419326,46.9608715422479,57.2023159662839,79.2110816886839,83.3089063202202,57.0859703304282,56.7588777046201,55.261934170995,54.5604333511941,54.0506685335291,58.1436119430397,64.528815095541,48.2310543476551,56.8533973118226,56.33807857293,58.8849775767289,71.6023390361304,71.6832841087081,72.731127947188,70.995776054712,71.4824617863634,71.0307046434941,71.5136280671907,75.6078543056739,75.2131090181103,76.8944712811883,75.1317120262229,77.62110385299,75.6750689626583,75.3167388660852,52.531875574038,51.4402960913686,52.8382576411463,52.1443406084136,53.6401710125894,51.9884128785822,51.4971986236838,37.3692645177269,44.6828871557888,43.8890008860973,42.9761318434444,42.0805803180346,67.8996937149033,39.7988287227642,52.3756838832879,79.7866540186478,79.8152174035518,78.8613513213603,78.0846919104194,74.0977390455608,73.6056332940709,75.5300441039416,75.0031312026594,73.455224407334,50.882533734934,51.6804330676237,58.4484840721573,44.9581835970512,42.4443447177997,54.9058535259627
23.9557934562471,21.6514338288847,29.1340059868424,0,21.6522120063902,32.7050894835957,35.4240387545478,32.209658787007,57.3732447812961,57.9237272153972,82.8705957773777,57.6993054645508,57.2254982018903,57.8697152999422,56.9441806198646,58.0571249141631,52.6745477633625,55.5187696809628,53.9489039379226,54.0416528393625,46.4087086391167,47.5363838905721,46.6655282131021,58.2697220773947,80.02487308836,84.142310020282,58.0252645278836,57.758420236743,56.0356406662557,54.5333341727229,54.0438983372294,57.8584365636295,65.3843662339277,48.4823564384854,57.9102614004265,57.4143429505631,57.7897133625768,72.506441412301,72.5849648333798,73.6330239337878,71.913418768979,72.3993025707891,71.9501973078034,72.4322432984902,76.5173924715485,76.1195586325796,77.8016078387179,76.0397103769993,78.5272638365909,76.5831798165849,76.2216009743491,51.2469971404995,50.1433692128646,51.6468410668597,50.6937798669111,52.8735491770378,51.1352386617112,50.5298224470311,41.2050334998797,44.2032073175919,43.608565788188,42.4673660563146,41.8554949418141,66.4126574659438,42.3447019050647,53.4238877159121,80.668471891601,80.6937471602421,79.7415483032108,78.9666124252725,75.0172719792824,74.5257478453402,76.442306369307,75.9155028252484,74.380398197776,52.3034866572722,53.0474627005322,59.514419117044,47.1223506896313,43.7255314426151,54.0514761520824
29.1365967765303,23.9556443854604,31.4344822972838,21.6522120063902,0,33.9943629268345,36.2342611781243,32.7046209192802,56.8110435453038,57.3681340290111,83.2394843208679,57.1580458939945,56.6759191803731,57.3193569977777,57.4626695807437,58.5253653422968,52.599145989677,55.4688800281017,53.8677419173203,54.0025504306276,47.1996887917304,48.3468020586921,47.5007906052664,58.4473549100364,80.4941630224004,84.5982439538579,58.0577852430617,57.8367210940377,56.6251890970094,54.0379139053641,53.5428995547201,57.3575108458409,65.8481795425871,49.3010105833737,58.358419432464,57.8648278414927,57.2661912660712,72.9032204177591,72.9843838437059,74.0297147351485,72.2944039125306,72.7796713063332,72.3282852672658,72.8098341031418,76.8988723879952,76.5059840557392,78.1850311059633,76.4240960277888,78.9114355487247,76.9666310173187,76.6100496569486,51.5092821723182,50.436555039847,51.956815425072,50.8524860962357,53.3616930638208,51.6243770188414,50.9872457291483,42.0512190689569,45.1746462759637,44.6687636291096,43.5947698985856,43.094370761723,66.2686222912007,42.2685221120644,53.367893947141,81.0822568488022,81.1110319297942,80.1572715944168,79.380718671237,75.3856048447244,74.8943022587827,76.8198194644665,76.293701150146,74.7396196697898,52.5099995349774,53.2622340272999,59.8832184572832,47.5725537791054,44.8623643972912,53.4247092096403
28.1490876398369,29.1328491516103,21.6510416587067,32.7050894835957,33.9943629268345,0,21.650861077639,21.6516746025659,58.3631871584979,58.8727820587322,81.7069290972381,58.9588256688413,58.4665047005155,58.9898910678519,55.7818894168288,56.7928847735571,54.9272251816363,57.6825947850897,56.1585038281799,56.2349307578275,47.6505577103021,48.2496801670091,47.5680230024003,56.751911649703,79.072540948409,83.1524947779965,56.6213065056109,56.2865811917612,55.2231269390966,54.3586891519974,53.8367293652368,58.0665824978336,64.3664719055003,48.6015605565686,56.5791975656723,56.0552789878513,59.1810566667576,71.374624951159,71.458391733423,72.5044867403397,70.7516482050691,71.2383794855303,70.7838896861175,71.2669700203086,75.3681997260579,74.9779925053792,76.6572106291621,74.894582501419,77.3847912448582,75.4373241096809,75.0836450934844,53.233284605093,52.1586409563394,53.5239460716545,52.8659717574848,54.2372667093991,52.6212029475499,52.1603966121683,35.6575661003513,45.4491390452517,44.6465375865019,43.8575447814275,42.9527081589553,68.5156681666175,38.1318087049462,51.7901976587149,79.5804753626298,79.6128070695159,78.6571590603016,77.8786555868925,73.8450919415293,73.3528156422653,75.2866221663494,74.760060858189,73.1942290270337,50.2353008646394,51.0728043505504,58.1184258579968,44.0170468907269,42.6667505967282,55.0599395067181
32.2081843570079,32.7029543410454,28.1483167695726,35.4240387545478,36.2342611781243,21.650861077639,0,23.9544748932189,58.5385591677753,59.0364120883383,81.4716021770689,59.2189551566111,58.7199114311812,59.2063890231814,55.6212005902615,56.5712017622372,55.5774674505572,58.3176229097589,56.7967818951183,56.8798819725706,48.3230682244771,48.8025201120405,48.1806184742041,56.3004256521416,78.9530922523442,83.0145822039759,56.1522282624883,55.8095613207111,55.213109394911,54.1782096257113,53.6448114239126,58.0080011900145,64.223434940042,49.0048483244039,56.3242591494279,55.7919067823728,59.4837491000584,71.1625378429837,71.2492635651945,72.2934640486619,70.5223149895793,71.0090612985019,70.5517157172283,71.034929411261,75.1433763408977,74.7579615408881,76.4348818149479,74.6724334669913,77.1634489878331,75.2145119421248,74.8657408968301,53.9063211610671,52.8466885150606,54.183642726719,53.5558949721859,54.8207571753636,53.2367395092075,52.8022671869492,33.991206105547,46.2086996922082,45.4101282832982,44.7262383342697,43.8317906679437,69.1110692572316,36.2103167058343,51.1873256545653,79.3907666509599,79.4270415880542,78.469534790473,77.6891075053747,73.6065919573544,73.1141538875111,75.0578269529594,74.5316515962146,72.9469042444941,49.5659123944195,50.4485414766658,57.8011020640801,43.0326941214371,43.0261913767466,55.2343279764615
29.1297146432016,28.148929584784,23.9533222188111,32.209658787007,32.7046209192802,21.6516746025659,23.9544748932189,0,57.8466059247018,58.36003693549,82.0869671960936,58.4709530377418,57.971259475867,58.4889327472585,56.3285407081271,57.2917689124923,54.8185841221327,57.5943515150864,56.046160918056,56.1542031485279,48.2261722890762,48.9009432920606,48.2150657030598,56.9390491368721,79.5455948281945,83.6139426857678,56.6399616185601,56.3580112136838,55.8166987218713,53.8308208669734,53.2984775074535,57.5669665958309,64.8389825028523,49.3274170157852,57.0610807975777,56.5422502785554,58.7123248291906,71.7826391893359,71.8688830748714,72.9121466622913,71.1447203915048,71.6307140381634,71.1741452237445,71.6566045661748,75.7608498146673,75.3754507175402,77.0516119321273,75.2900896139711,77.7798607513169,75.8318678974922,75.4830324281027,53.3824475915904,52.3268411455597,53.7146891662634,52.930028385842,54.5947675182784,52.9683317704189,52.4728473259446,37.3719552990136,46.1449706447336,45.4324968212731,44.6332599829814,43.8494036086241,68.3561781859169,37.5858847257715,51.685234503997,80.0036308743666,80.0392319877538,79.0821495740585,78.3021602022185,74.225160331917,73.7331811038906,75.6754439563046,75.1496108388266,73.5654237384868,50.4666169986283,51.3135436445413,58.515507465168,44.6465849235792,43.8651669274386,54.488658112154
58.0579773412421,57.5137244116839,58.2025135685243,57.3732447812961,56.8110435453038,58.3631871584979,58.5385591677753,57.8466059247018,0,21.65454413088,94.6346003406173,39.1014393557713,37.4511343339163,32.7328010647208,70.5261235882984,71.1353502903115,59.6086292771697,62.2536558086439,60.4422079121277,61.1993029141133,62.7468715039402,63.836045570204,63.2142293858267,68.1930208536558,92.9513225266121,96.9192601738568,66.0036308377021,66.4574469685109,70.2667923977191,52.9969017355284,53.1428006089727,49.660940801545,78.2700969243933,64.7418923371256,70.8080713616478,70.3618482348233,43.4279179600264,84.6127477212906,84.7216854308892,85.7355591314573,83.8371589261643,84.3140971712022,83.8396853394017,84.3141621464524,88.4363577780058,88.0975102117461,89.7421729676498,87.9936974290333,90.4760936730259,88.5253967791886,88.2232663036382,62.7191201812884,62.1267702671788,63.5608226543509,61.1761424403498,66.4481394897653,64.8142887912907,63.9828010418588,60.3548096296573,61.8703587383285,61.7975584082509,61.2073624307927,61.1749603630031,70.6968366711731,58.466125366704,61.9040816368081,92.9641644765646,93.0300206241174,92.0599151350808,91.2664392525309,86.7821791273219,86.2943712485157,88.3143038612275,87.79641720674,86.037020217509,63.915494782092,64.5027560629412,71.5346508041196,62.1685219230174,62.3305017579649,38.72234170442
58.590819847266,58.0520428222032,58.7237974218452,57.9237272153972,57.3681340290111,58.8727820587322,59.0364120883383,58.36003693549,21.65454413088,0,95.0102239441288,40.0998538204256,38.7569283698779,34.0269340583421,70.9470668547242,71.5415853048096,60.2779587484771,62.9175685861025,61.1121772313902,61.8618219815008,63.2931728299956,64.3649354082929,63.7489804935278,68.5163898921418,93.3639136045549,97.3267512529495,66.2811026759242,66.7523444835101,70.7139862656547,53.1667264346492,53.3398455219471,49.5091493957602,78.6793017090912,65.2500879480579,71.2082341118919,70.7625130197312,44.2207558565157,84.9983343405562,85.1082232811417,86.1211412045132,84.2170888065764,84.6938126255454,84.2185850739917,84.692888369531,88.8165024048326,88.4794312183061,90.123023393988,88.3748839319215,90.8572168975407,88.9062507761096,88.6059166963971,63.3319596686158,62.7358803096037,64.165032858509,61.8063950524414,67.0161351266797,65.3867267181979,64.5630654653792,60.8239790417209,62.411679722314,62.3325960751741,61.7485314979191,61.7092201082234,71.3732450225175,58.9178734561196,62.2108742744553,93.3560249476032,93.4231586088893,92.4524788901936,91.6584087119126,87.1576061017232,86.669878158407,88.6930227779918,88.1753800379358,86.4091942597654,64.2793239870738,64.8627942114886,71.9116870953368,62.5912719327883,62.8263407383128,40.043550884809
82.2208140646274,82.5943043614901,81.9564498930933,82.8705957773777,83.2394843208679,81.7069290972381,81.4716021770689,82.0869671960936,94.6346003406173,95.0102239441288,0,95.6697337484475,95.1839376896957,95.4515887166996,70.5611902007761,69.3265006818431,92.2881970710353,94.7597315693869,93.4329803524197,93.3559292632004,82.3837905348436,81.252977578009,81.5694496788719,75.0986929388877,77.3600644642418,78.28484526296,79.4099946583688,78.1018976495032,73.1115778990759,88.6486701373954,88.271176640284,92.3756059833874,65.4588686678671,79.6227734250914,69.4890629893746,69.9473807376043,96.0915158147801,54.4499783561423,54.7933991500739,53.4684607290497,53.9696951375385,53.2658879644492,53.9163817632444,53.215003826502,46.9810905207513,48.7480878846106,45.9086699326818,48.3210515514264,45.6540271744339,47.3712707611831,49.2446440081162,89.0696036571194,88.0873719623323,88.8970256839516,89.4814744814242,87.3255307867565,86.4026937878459,86.5738101794554,79.8672386410733,81.763681669777,81.341115290006,81.6885683835019,81.2997261440184,105.726736766577,81.445257875368,80.8618964241859,61.4431703243244,62.8754459652076,61.4349887163639,60.1708967459422,49.5516154542611,50.3579041509874,46.4775194061601,47.5107860295578,51.9662603549233,77.3101684189931,76.8325754565225,68.8755625595328,78.1634910368359,79.1942367533353,91.8497901021403
58.4687522767033,57.9449657188157,58.7082766101396,57.6993054645508,57.1580458939945,58.9588256688413,59.2189551566111,58.4709530377418,39.1014393557713,40.0998538204256,95.6697337484475,0,21.6576327182665,31.4722875435322,71.3061381904347,72.013809497918,57.6675168942296,60.2430290656357,58.3978887819012,59.2839243073593,62.5831921800521,63.8157857969657,63.1574445325002,69.6015439499478,93.7475657764927,97.749786994781,67.6773902705398,68.0394287163931,70.8499846439002,55.968618169773,56.0152356461335,53.7571481442891,79.0954359898437,64.8995111944259,71.7310262555545,71.285894320493,31.4985603867293,85.5875863871176,85.6903991279065,86.7098851913548,84.8482406230746,85.3262211102051,84.8572179922346,85.3324785075563,89.4441456468815,89.094222712106,90.7452649382332,88.9950576172063,91.4773591811964,89.5287131080176,89.2153516559784,61.6597158931683,61.1529705964036,62.6032729474719,59.910245228342,65.9191111565784,64.2591118098192,63.3485328969648,61.1071986017861,61.8147760420627,61.8170132394427,61.2003704523877,61.2473792517275,68.1311809152773,59.5197162871406,63.575113394849,93.8971305442957,93.9547680687115,92.988401397359,92.1987947989516,87.8198526520421,87.3317335721781,89.3310434867548,88.8117716695943,87.0949992390935,65.2034080050242,65.7931445529295,72.6008451147031,63.155601112022,62.7153976276649,43.8626557143293
57.9925494698174,57.46145080819,58.2235463503163,57.2254982018903,56.6759191803731,58.4665047005155,58.7199114311812,57.971259475867,37.4511343339163,38.7569283698779,95.1839376896957,21.6576327182665,0,29.1577326949863,70.8376271952847,71.537076769488,57.5376621413992,60.1351113925458,58.2900671470663,59.1565479639043,62.2019942664452,63.4204998325518,62.7646907551898,69.0828529840035,93.2812040725209,97.2805179795411,67.1403781499248,67.5079590938723,70.399831663369,55.3006881206855,55.3485338410385,53.0728420663794,78.6260553818276,64.4859264105453,71.2502474291296,70.8046429004385,34.0897066759252,85.1063370946509,85.2096457217111,86.2287248202949,84.3640735071181,84.8419989977427,84.3725446654908,84.8477706384842,88.960410915811,88.6113532336382,90.2619235703194,88.5118189217536,90.9941717910195,89.0453320869192,88.7328508232116,61.4009489359969,60.8799273803324,62.3315031308088,59.6776384267723,65.5920470190155,63.9335294753372,63.0321465762049,60.6141008257655,61.4168470821308,61.4097074802708,60.7934388490659,60.8308040923916,68.1326552769764,58.9875315168777,63.0241906541457,93.4194022112464,93.4777049102143,92.5110316834146,91.7211078567812,87.333741237399,86.8456298128066,88.8466038006862,88.3274280672584,86.6072998757068,64.6827520232342,65.2741103327743,72.1090934153175,62.6510972311973,62.2689538310731,42.5567784499086
58.5945027442818,58.0617799517883,58.7854474501605,57.8697152999422,57.3193569977777,58.9898910678519,59.2063890231814,58.4889327472585,32.7328010647208,34.0269340583421,95.4515887166996,31.4722875435322,29.1577326949863,0,71.2249122304583,71.8807227224686,58.984060642718,61.5934410042653,59.7661376392386,60.5865464482555,62.9940187031873,64.1523682917425,63.5132202469363,69.1883682440432,93.6559167355249,97.6400528273445,67.1229783391922,67.5344847474508,70.8715160702929,54.8065064623246,54.905902444172,52.0113263301172,78.9887432565498,65.1441329857914,71.5746919756689,71.1292057673865,38.8671621390953,85.4015862026677,85.507642861319,86.524127240067,84.643036360983,85.1204463167288,84.6485874892175,85.1234146079914,89.2405809102126,88.8965436788563,90.5441790071897,88.7949125509002,91.2772367903629,89.3275218931592,89.0201271139678,62.5272568628208,61.9771982402298,63.4186834104606,60.8834462845664,66.5151568957676,64.8689121099258,63.9989937734094,61.052938034531,62.1712150580046,62.135213474349,61.5327879143029,61.5393232623165,69.7602737308966,59.3167349304514,63.0346395095288,93.7332293817486,93.7952205399125,92.8268756742212,92.0352218518689,87.600433234365,87.1124902771439,89.122725156485,88.6041971529275,86.8647910734477,64.8619810456641,65.4491705018895,72.3684911635784,62.9758887961405,62.8458996784996,41.930277137684
56.1794590469301,56.7145481925735,55.9679855514902,56.9441806198646,57.4626695807437,55.7818894168288,55.6212005902615,56.3285407081271,70.5261235882984,70.9470668547242,70.5611902007761,71.3061381904347,70.8376271952847,71.2249122304583,0,35.41767503734,66.4434721871274,68.883636160532,67.6072726645227,67.4548097683637,55.1059375932119,53.60405187922,54.0697542182442,55.380390082377,65.6766246331612,69.826116720235,59.1068859817423,57.842659872071,41.0718615478688,65.3647820012974,64.9510210010049,69.0310173541265,49.5045918391642,51.4050164590637,39.2680667775709,39.4029842683411,71.5936962824882,59.0830031280263,59.0887394232502,60.2739077680042,58.9684220183087,59.5012585921008,59.1097013132553,59.6332277794838,63.7233963737194,63.1592420256768,64.9697305172675,63.1416285116672,65.6824750590478,63.7274435116755,63.201096363071,62.6293034581624,61.6105688929659,62.3561902569422,63.2365783219111,60.350389771701,59.4775213922825,59.7486795206932,53.6191058791596,54.5109981183535,54.0326780557476,54.5570045772784,54.1295151091561,80.0533999504561,56.3278886933726,58.3251738899846,67.0089151464554,66.9517621129674,66.0295358339689,65.2859551112648,62.6355829873725,62.1237852714729,63.7765064063298,63.2152345090611,62.3187780317724,53.5970980339411,53.3690142370183,47.378035047035,52.2493096530282,51.4419175848573,67.6644524962475
57.2991741795181,57.7816334320531,57.0355930780858,58.0571249141631,58.5253653422968,56.7928847735571,56.5712017622372,57.2917689124923,71.1353502903115,71.5415853048096,69.3265006818431,72.013809497918,71.537076769488,71.8807227224686,35.41767503734,0,67.7755493712107,70.2391927342529,68.9341777882382,68.8195331056674,57.062254812226,55.7463794974707,56.1159762104576,54.0915804269435,66.3590179401308,70.1756168572106,58.356989402797,56.9769130271484,45.9782147407491,65.6382471963217,65.2288351264222,69.3685763338044,49.8494124913761,53.7850209360865,29.1268227632612,31.4241436176237,72.353769740174,58.0368222738703,58.0951464103546,59.2780063283486,57.6312332493278,58.1848186258832,57.7351319925137,58.2809198454932,62.574619927706,62.0731320961682,63.8721565880945,62.0234402569002,64.6056655556912,62.60802641771,62.1479600952445,64.2695559450366,63.2605816520825,64.0572102533803,64.7649282327039,62.3300421268407,61.3989055486838,61.6011513362481,54.5683523712491,56.3657930922347,55.871909693817,56.3055495752716,55.8536484504302,81.3165671878815,56.9434630196552,58.0819415566204,66.4306722342203,66.4402413482466,65.4846326655337,64.7063873468392,61.281241393958,60.755776522828,62.5720814722675,62.0072527276033,60.8536716361621,53.2050702342988,52.8300102102355,43.5084605172789,52.7406511347915,53.2062475230853,68.2836963998481
53.5428018105963,53.4220465935251,54.2499121216409,52.6745477633625,52.599145989677,54.9272251816363,55.5774674505572,54.8185841221327,59.6086292771697,60.2779587484771,92.2881970710353,57.6675168942296,57.5376621413992,58.984060642718,66.4434721871274,67.7755493712107,0,29.3823284061867,21.6958877148978,24.0285464620912,51.5097379720842,53.6932064772565,52.8731139454279,68.6131020872631,88.8386986692948,93.0647124058266,68.1993091619468,68.0566882474085,64.6500525972165,62.4524577105049,62.1593892914864,63.9054124672004,74.3992505329795,56.0409151908609,67.7875570157028,67.363813805652,56.3964949152642,81.833628629218,81.8974369901603,82.95097153734,81.324399851738,81.8080033092152,81.3738660106363,81.8531269668614,85.8936406666984,85.4742632540894,87.1643945175503,85.4044562055258,87.8846417877267,85.9500152732248,85.5661252119042,41.288338110256,41.8916686298386,43.349453441848,36.8800971548146,50.8544900005527,49.0885688564803,47.4984903744414,57.2803198807331,51.939585392921,52.5761442786978,51.9652325093742,52.6458636265745,46.2938359267768,57.8021254128047,64.2882387780565,89.871592027428,89.8768386935818,88.9344534171205,88.1696629045448,84.4581464418293,83.9686322728662,85.8368665967095,85.3093230798681,83.8606042289046,63.7849338109484,64.3409373898906,69.5288134348907,60.2857317434473,56.0454421753934,57.5166446488831
56.3350062566622,56.240213889624,57.022511593401,55.5187696809628,55.4688800281017,57.6825947850897,58.3176229097589,57.5943515150864,62.2536558086439,62.9175685861025,94.7597315693869,60.2430290656357,60.1351113925458,61.5934410042653,68.883636160532,70.2391927342529,29.3823284061867,0,24.0562365927113,21.7212971285188,53.8382386054483,55.9929412411521,55.208678830853,71.183876384568,91.2451371101839,95.4816315170562,70.8041253112384,70.6527436835535,67.0217457031463,65.1561952324568,64.8665814579038,66.5861094682709,76.8203793712557,58.3726596705131,70.2648039259106,69.8445587018052,58.9141567138692,84.2918457386019,84.3540306100705,85.4086559165274,83.7920548029117,84.2757006280721,83.8430909186186,84.322331965182,88.3591112948051,87.9370448261308,89.6285124499681,87.8684153521872,90.3482248745657,88.4143651090795,88.0277252544864,42.3292541363256,43.4709780751672,44.3224334339581,38.7126687104101,52.3520842182311,50.7178397433365,49.1263830937887,59.9438686547079,54.4142686576362,55.0796002008528,54.5224767058528,55.2193310918516,42.3881169565664,60.5198597967794,66.9291687183511,92.3175202131288,92.3205682593333,91.3792187812268,90.6154995326698,86.9311876680923,86.4417247698583,88.3045546758364,87.7767703895614,86.3385629558649,66.3862953129656,66.9347057324081,72.0329436475985,62.9011839200551,58.5897221958965,60.2399820779648
54.802853028556,54.6786938379403,55.4946802037157,53.9489039379226,53.8677419173203,56.1585038281799,56.7967818951183,56.046160918056,60.4422079121277,61.1121772313902,93.4329803524197,58.3978887819012,58.2900671470663,59.7661376392386,67.6072726645227,68.9341777882382,21.6958877148978,24.0562365927113,0,21.687324248214,52.7763522339516,54.9261624302416,54.1222393494174,69.7408988767426,89.993341576983,94.2181870653041,69.3086801310474,69.1728270961343,65.8195598453556,63.4786569284731,63.1915735432334,64.8702871104917,75.554189441014,57.2548111580264,68.9444763374284,68.5213222017785,57.0552557999163,82.9815521379348,83.0456245396932,84.0988352054104,82.4707242103717,82.9542352795575,82.5198831004361,82.9990642456442,87.0398412353424,86.6209910470324,88.3107753112104,86.5509727657044,89.0310908429562,87.0964215427631,86.7130613950687,42.3413784904893,43.1203165723361,44.3396912202862,38.3343979840633,51.9224779881774,50.2096511480725,48.6386973219848,58.4850572676832,53.2251111985977,53.8552804082706,53.2614548308499,53.9315521267768,44.0035877441835,58.9769533729325,65.4020378072774,91.0210681495123,91.0266633960426,90.0841270825119,89.3191800869423,85.6029870689194,85.1135131004973,86.9826499402418,86.4551917089408,85.004474168104,64.9278596293205,65.4826438748495,70.6769324311432,61.4593293183714,57.277508384724,58.4258025620598
54.8635245938548,54.7770497726971,55.5636738134152,54.0416528393625,54.0025504306276,56.2349307578275,56.8798819725706,56.1542031485279,61.1993029141133,61.8618219815008,93.3559292632004,59.2839243073593,59.1565479639043,60.5865464482555,67.4548097683637,68.8195331056674,24.0285464620912,21.7212971285188,21.687324248214,0,52.2746589822444,54.4640603754386,53.667338985036,69.8135140806793,89.8208575492797,94.0602042052092,69.4584210720755,69.2985886898476,65.576142987288,63.9128237803813,63.6175972659231,65.4023232578678,75.3980410404446,56.8714208865294,68.8490853094267,68.4287665068408,58.0197874291157,82.8826670598884,82.9443217404943,83.9994579437982,82.386026401155,82.8697761976283,82.4376301097904,82.9169521796323,86.9528745437267,86.5298351872341,88.2218759330355,86.4616110349135,88.9414334659035,87.0077376735576,86.6201126861253,40.6814339849265,41.7244867477122,42.7998029658401,36.4863084420458,50.8812014085637,49.1979574587744,47.5752255605926,58.5082169806265,52.8566430708952,53.5347525538662,52.9683314472614,53.6801260032356,44.7823965011504,59.1248469182879,65.5847721673402,90.9048005061606,90.9071403209248,89.9661105474102,89.2027222464196,85.5275589894077,85.0380617223482,86.8991017046207,86.3711901705114,84.9367205630521,65.0051100254263,65.553555549475,70.6307292979365,61.4902132659566,57.1044682505269,59.11989935896
46.2846940277436,47.0026526856691,46.9690339794658,46.4087086391167,47.1996887917304,47.6505577103021,48.3230682244771,48.2261722890762,62.7468715039402,63.2931728299956,82.3837905348436,62.5831921800521,62.2019942664452,62.9940187031873,55.1059375932119,57.062254812226,51.5097379720842,53.8382386054483,52.7763522339516,52.2746589822444,0,29.1676063069267,23.9670288537001,60.9384050456275,77.6289234624775,82.0421487406856,61.809442646274,61.2655313771846,52.0159097208473,60.8045908780951,60.3967285228783,63.7002318552771,63.3405859105284,37.5109385616199,57.3610158291251,56.9588348944186,62.364826687612,71.6046799082118,71.6347078315294,72.7182981098766,71.2953538345408,71.7839946540431,71.380135573087,71.8629924164636,75.8424030979218,75.3627495396621,77.0870003379476,75.3183758970004,77.7970625305417,75.8743433580357,75.4292736030179,44.8142671003332,43.306391543948,44.2460890286875,46.2331193934027,41.918043119094,39.7909684461398,39.912428802043,48.5599029641346,29.1567020190942,32.7465129892994,34.0460110391721,36.3063831638004,65.9334720436641,51.5801084643796,58.4660372633309,79.4105132723535,79.3707292310291,78.4488669894858,77.7053221686938,74.5707317254377,74.0799802323655,75.8344837786106,75.2996980966906,74.0839715923621,56.1180049140862,56.5704466789693,59.9292132744691,51.6976026400097,42.4735762707572,59.9022429376202
47.1875988494748,47.9612631488396,47.7085126419326,47.5363838905721,48.3468020586921,48.2496801670091,48.8025201120405,48.9009432920606,63.836045570204,64.3649354082929,81.252977578009,63.8157857969657,63.4204998325518,64.1523682917425,53.60405187922,55.7463794974707,53.6932064772565,55.9929412411521,54.9261624302416,54.4640603754386,29.1676063069267,0,21.6584457579261,60.4127229063581,76.1584976348474,80.6204647895517,61.5602546151147,60.9379615449876,50.0823766865536,61.407507864156,60.9939787503316,64.4346199600414,61.907638396078,31.4723700043944,56.1323126294102,55.7420153245606,63.6745438939708,70.3911285364809,70.4122850408585,71.503471351625,70.1342641611009,70.6240051876559,70.2282241092978,70.7118003710941,74.6742417612929,74.1790088634196,75.9118893918506,74.1412528699729,76.6192412390835,74.699835482817,74.2389341530973,47.3124267851318,45.9967012670698,46.6692663148329,48.7379284061802,43.4681630975544,41.9880717597642,42.4878696044455,48.5326127795841,32.7629729239038,34.0549957129314,36.3310235174524,37.474613727723,67.9514663886925,51.8771369029913,58.4192752872609,78.1355172188421,78.0839844652566,77.1674911154711,76.4295060575051,73.4452595157917,72.9543256537036,74.6789913960018,74.1424257964608,72.9871869268539,55.7250325001098,56.1321364165871,58.9178539320054,51.3178187567622,41.4452297112158,60.9766028219052
46.3682811982471,47.1547652071602,46.9608715422479,46.6655282131021,47.5007906052664,47.5680230024003,48.1806184742041,48.2150657030598,63.2142293858267,63.7489804935278,81.5694496788719,63.1574445325002,62.7646907551898,63.5132202469363,54.0697542182442,56.1159762104576,52.8731139454279,55.208678830853,54.1222393494174,53.667338985036,23.9670288537001,21.6584457579261,0,60.3878182791531,76.6860163303699,81.1155038829967,61.4138098237031,60.8236703582798,50.8197985440099,60.9251176126202,60.5115541944432,63.919237853027,62.3978606570617,34.0595962797751,56.4513088338259,56.0495101967524,62.9977043918504,70.7537327466985,70.7802715912756,71.8674950963271,70.4653707146272,70.9548001675359,70.5539982536481,71.0374795994579,75.0116258864618,74.5254773818669,76.2536629962198,74.4837846745132,76.9627418295785,75.0409760701418,74.5893437128541,46.582467522816,45.2003663277495,46.0179416025993,47.9130999837261,43.3557299723684,41.6325659290275,41.9363770802196,48.0987444924165,29.1599433475012,31.4656645613582,34.0497021185213,35.7258457638804,67.1785553866304,51.400001054266,58.165505149413,78.5375355948131,78.4932093243523,77.5733594824389,76.831900807077,73.7572897654907,73.266273490816,75.0089199917815,74.4732440460212,73.2825504158062,55.5980186165418,56.0309446949236,59.1330019311514,51.1129297955438,41.127049073348,60.3492783131738
57.6527473360509,57.8248295555296,57.2023159662839,58.2697220773947,58.4473549100364,56.751911649703,56.3004256521416,56.9390491368721,68.1930208536558,68.5163898921418,75.0986929388877,69.6015439499478,69.0828529840035,69.1883682440432,55.380390082377,54.0915804269435,68.6131020872631,71.183876384568,69.7408988767426,69.8135140806793,60.9384050456275,60.4127229063581,60.3878182791531,0,77.0060038710164,80.4434232627812,44.8532284826041,40.985016636863,58.1607137286275,60.8355242869395,60.457632946581,64.9137762527299,61.8786816747533,59.3825930924295,52.9129994089235,52.5247291721129,70.2216695431936,65.8863187055379,66.0912057042791,67.0318843704234,64.5399265473542,65.0121069343186,64.4445073913869,64.9187020462059,69.2597909697614,69.0813378337671,70.644272981825,68.907790161228,71.4089980325083,69.4153427319184,69.2767781893364,66.6181634166195,65.6625851149857,66.6960638531543,66.5759441422178,66.2920346629572,65.0847755671839,64.9644912569231,54.840475566336,59.8595588395208,59.3413051520819,59.3826575643246,58.8804105555687,81.7919533614459,54.955264960834,49.8532470431048,74.9163853599783,75.1066028005571,74.0791010807762,73.226154607878,67.1501383629544,66.6585399660224,69.0055481373645,68.5024613937727,66.1025328471156,46.55535677439,45.3254506064315,50.1816164303282,51.9066236347455,56.8120305999012,65.421304721648
79.369650976428,79.8449693261675,79.2110816886839,80.02487308836,80.4941630224004,79.072540948409,78.9530922523442,79.5455948281945,92.9513225266121,93.3639136045549,77.3600644642418,93.7475657764927,93.2812040725209,93.6559167355249,65.6766246331612,66.3590179401308,88.8386986692948,91.2451371101839,89.993341576983,89.8208575492797,77.6289234624775,76.1584976348474,76.6860163303699,77.0060038710164,0,41.7534499874471,80.7976388356053,79.5711958812487,65.3260201951792,87.7443610451941,87.3486767696825,91.3566253101126,54.698687016599,74.2669732373807,67.5136683057334,67.9777481900886,94.0417767805109,63.9472108385929,63.3727901516255,64.3528133949686,66.865001185924,67.1737701653178,67.3790790706644,67.675788160316,69.3900869180912,68.0570478348464,69.9526910072114,68.4424731302655,70.3755158475353,69.0241426950998,67.6783759694932,84.8388382070254,83.8452108742671,84.5020599015832,85.5449054104149,82.1556716967407,81.4386041217966,81.8047384097326,77.3358515416967,77.3477868381805,77.0143484386282,77.5347443595317,77.241137421495,102.44000566467,79.5633294639534,80.8238656651392,64.3214639175882,63.1381544352585,62.858120832293,62.7632217967509,70.7881689533547,70.4136653323361,70.1362807867784,69.6216350671823,71.7777318921906,76.8987270665003,76.6157892900368,69.8895188027074,76.2867723191896,75.3009792508135,90.1327334183877
83.4846882021078,83.9467038644983,83.3089063202202,84.142310020282,84.5982439538579,83.1524947779965,83.0145822039759,83.6139426857678,96.9192601738568,97.3267512529495,78.28484526296,97.749786994781,97.2805179795411,97.6400528273445,69.826116720235,70.1756168572106,93.0647124058266,95.4816315170562,94.2181870653041,94.0602042052092,82.0421487406856,80.6204647895517,81.1155038829967,80.4434232627812,41.7534499874471,0,84.3329841531261,83.0881569599125,70.0846887122384,91.5996264149452,91.2058978803533,95.2310081336025,58.508130292681,78.7587713818889,71.2240529935646,71.7133839740789,98.0623630306538,64.8621289448347,64.184994600344,65.005792753258,68.2911215835829,68.5324310597595,68.855257819872,69.0876283228245,70.1761546620348,68.6966158129851,70.5469411546051,69.1710773294697,70.882948859608,69.7292789340059,68.2219307641091,89.1842065340818,88.1915264015953,88.8732176626867,89.8444983184982,86.6496474578978,85.8980948372726,86.2330649923838,81.3878447360209,81.7029008389382,81.3525241469954,81.847616946947,81.5364409819945,106.642551620312,83.5327597921514,84.5417584034716,62.6540665193256,61.0602183996186,61.0642278629396,61.241894410878,72.1033671500181,71.7684277733393,71.0678550890438,70.5806080526373,73.3317623664374,80.6361893262407,80.3232037964144,73.2539778172303,80.2290132837483,79.5525776825454,94.10407844289
57.5476931004837,57.5655263104233,57.0859703304282,58.0252645278836,58.0577852430617,56.6213065056109,56.1522282624883,56.6399616185601,66.0036308377021,66.2811026759242,79.4099946583688,67.6773902705398,67.1403781499248,67.1229783391922,59.1068859817423,58.356989402797,68.1993091619468,70.8041253112384,69.3086801310474,69.4584210720755,61.809442646274,61.5602546151147,61.4138098237031,44.8532284826041,80.7976388356053,84.3329841531261,0,32.6980337106561,61.1441651050773,57.6571883269046,57.3101763913919,61.9040958425806,65.8089736142911,60.8596005336172,57.4524268562353,57.0533074472637,68.4356074154459,70.1730381192044,70.3621293726486,71.3017931451705,68.920361776652,69.3839080215915,68.8376021183832,69.3022537655777,73.5653765110433,73.3709707005305,74.9327732195306,73.2064788030893,75.6906015940232,73.7127867914129,73.5570978892227,66.8128372420591,65.8873529281026,66.9982603316277,66.5666174208033,67.0725490854787,65.7803750612189,65.547946646756,55.2563921317344,60.6681912409459,60.180550585516,60.0897201604238,59.6148285379178,81.2060875526497,54.2642173922048,45.3276307289558,79.0649781728633,79.237096718487,78.2188321081003,77.3754928296269,71.5190445481961,71.0345928558029,73.3264087930186,72.8263170711133,70.5064991318395,48.0469876687536,47.6534216704445,55.9139266988294,52.9183025468782,57.9802869268757,63.3038573163714
57.2279596610029,57.293663752346,56.7588777046201,57.758420236743,57.8367210940377,56.2865811917612,55.8095613207111,56.3580112136838,66.4574469685109,66.7523444835101,78.1018976495032,68.0394287163931,67.5079590938723,67.5344847474508,57.842659872071,56.9769130271484,68.0566882474085,70.6527436835535,69.1728270961343,69.2985886898476,61.2655313771846,60.9379615449876,60.8236703582798,40.985016636863,79.5711958812487,83.0881569599125,32.6980337106561,0,60.0622572235353,58.4350649985825,58.0699287251039,62.6540797354586,64.5472496860212,60.1427490684895,56.0067436532938,55.6009713652684,68.7499908907204,68.8576714401585,69.0493427255614,69.9906296718254,67.5899435575365,68.0558810919708,67.5055540153271,67.9727482251798,72.2528315002991,72.0599571537987,73.6234541135346,71.8942322595661,74.3826051791432,72.4012847964383,72.2473907541569,66.4834773771359,65.5474342882862,66.6373929499876,66.2977949297455,66.5732916377068,65.3032715962586,65.102552566597,54.7137438783427,60.1314943975151,59.6297694781156,59.5750223160454,59.0861406825654,81.1212585432448,54.0279368587282,45.9592613705367,77.7756008069064,77.9505265906912,76.9307135992967,76.0857621108931,70.1974632776606,69.7112041157465,72.0120392704307,71.5109041691339,69.1808605988498,46.5863806230452,45.9009231731275,54.2496436421258,52.0927675568163,57.3034951678513,63.7216696289729
55.3307481828967,55.9334897099761,55.261934170995,56.0356406662557,56.6251890970094,55.2231269390966,55.213109394911,55.8166987218713,70.2667923977191,70.7139862656547,73.1115778990759,70.8499846439002,70.399831663369,70.8715160702929,41.0718615478688,45.9782147407491,64.6500525972165,67.0217457031463,65.8195598453556,65.576142987288,52.0159097208473,50.0823766865536,50.8197985440099,58.1607137286275,65.3260201951792,70.0846887122384,61.1441651050773,60.0622572235353,0,65.7713543503317,65.3570736756067,69.2833720778489,50.6790969698195,47.4511917721918,47.6361746539774,47.5853347325569,71.0315057913124,61.467215050876,61.4085833410966,62.5785639461145,61.6916912044332,62.1943595644175,61.8721036836143,62.3646161182215,66.186295052594,65.5488274141804,67.3645672710145,65.5705766801532,68.0491439512221,66.154629467387,65.5497158826956,60.0802089967393,59.0532618456206,59.6433813375276,60.979432408452,56.8605923518963,56.187378625092,56.6578264389565,53.481607698706,51.8452740620208,51.4975440836718,52.2235332665155,51.9420372788087,78.4000623332131,56.5160844504455,59.7470961212829,68.7185367228506,68.568170195056,67.6950254312007,67.0021176155953,65.344812611492,64.851291125681,66.3059929537349,65.7517909371782,65.1521854784366,55.5676405039426,55.5349195104664,52.4891948460676,53.1770231521469,49.7421505671972,67.4070720875764
