IBR/IBR_outputs/SS_Optim/Soils_Total/Results/Soils_Total.asc
NCOLS 160 
NROWS 95 
XLLCORNER 210004.651214014 
YLLCORNER 7350008.22228844 
CELLSIZE 4999.99999999997 
NODATA_value -9999 
[rows 42 to 62 of 95, columns 96 to 143 of 160]
4.09250723000323 4.09250723000323 4.09250723000323 4.68033061140376 5.257414916725 5.48813265004901 5.89111982084919 5.89111982084919 5.48813265004901 5.3334225589291 3.6762366055946 5.64650445458608 5.89111982084919 5.89111982084919 5.89111982084919 5.89111982084919 5.89111982084919 5.89111982084919 4.96212258066048 3.90992380811883 3.90992380811883 4.09250723000323 4.09250723000323 4.09250723000323 5.89111982084919 5.89111982084919 5.89111982084919 5.89111982084919 5.89111982084919 5.89111982084919 5.72709085838503 5.89111982084919 5.89111982084919 5.89111982084919 5.89111982084919 5.89111982084919 5.89111982084919 5.89111982084919 5.89111982084919 5.89111982084919 5.89111982084919 5.89111982084919 5.89111982084919 5.257414916725 5.03465525611257 4.09250723000323 3.90992380811883 3.73363712059242
3.56343068905016 3.73363712059242 3.56343068905016 3.90992380811883 4.41142100761086 4.41142100761086 5.72709085838503 5.56685535239686 4.47747308934982 4.41142100761086 3.73363712059242 5.18229132048934 5.56685535239686 5.257414916725 5.72709085838503 5.89111982084919 5.89111982084919 5.89111982084919 4.54430326584083 3.73363712059242 3.56343068905016 4.09250723000323 4.09250723000323 5.18229132048934 5.89111982084919 5.89111982084919 5.89111982084919 5.89111982084919 5.89111982084919 5.89111982084919 5.89111982084919 5.89111982084919 5.89111982084919 5.89111982084919 5.89111982084919 5.89111982084919 5.89111982084919 5.89111982084919 5.89111982084919 5.89111982084919 5.80862559385286 5.48813265004901 5.89111982084919 5.89111982084919 5.89111982084919 5.48813265004901 4.21783864030884 3.39909414796335
4.09250723000323 3.73363712059242 3.90992380811883 3.73363712059242 4.47747308934982 5.41032557257279 5.48813265004901 5.89111982084919 5.56685535239686 5.48813265004901 3.50800951907479 3.90992380811883 5.48813265004901 5.89111982084919 5.80862559385286 5.48813265004901 5.89111982084919 5.89111982084919 3.73363712059242 3.56343068905016 4.09250723000323 3.79171311834683 4.96212258066048 5.89111982084919 5.89111982084919 5.89111982084919 5.89111982084919 5.89111982084919 5.89111982084919 5.89111982084919 5.89111982084919 5.89111982084919 4.74954719089073 5.80862559385286 5.41032557257279 5.89111982084919 5.89111982084919 5.89111982084919 5.89111982084919 5.89111982084919 5.89111982084919 5.41032557257279 5.89111982084919 5.89111982084919 5.89111982084919 5.89111982084919 5.18229132048934 3.90992380811883
3.39909414796335 4.09250723000323 4.21783864030884 3.39909414796335 5.03465525611257 5.64650445458608 5.257414916725 5.80862559385286 5.18229132048934 4.41142100761086 4.21783864030884 3.24042569362421 4.47747308934982 4.68033061140376 5.10804148787089 5.41032557257279 5.89111982084919 5.89111982084919 3.73363712059242 3.61950371680382 5.18229132048934 5.56685535239686 5.257414916725 5.80862559385286 5.89111982084919 5.89111982084919 5.89111982084919 5.89111982084919 4.54430326584083 4.74954719089073 3.73363712059242 3.85047254786238 4.61191909093811 4.34613717857486 4.09250723000323 4.68033061140376 4.41142100761086 4.89043353378909 5.72709085838503 5.89111982084919 5.89111982084919 5.80862559385286 5.89111982084919 5.89111982084919 5.89111982084919 5.80862559385286 4.41142100761086 3.39909414796335
3.61950371680382 3.90992380811883 4.41142100761086 4.89043353378909 4.96212258066048 5.89111982084919 5.64650445458608 5.80862559385286 5.48813265004901 4.81957830324235 4.09250723000323 3.85047254786238 2.93931660565573 4.41142100761086 4.89043353378909 5.89111982084919 5.89111982084919 5.89111982084919 3.85047254786238 4.21783864030884 5.03465525611257 5.89111982084919 5.89111982084919 5.89111982084919 5.89111982084919 5.89111982084919 5.18229132048934 3.73363712059242 3.90992380811883 4.09250723000323 4.09250723000323 4.09250723000323 4.09250723000323 4.09250723000323 4.09250723000323 4.09250723000323 4.09250723000323 4.09250723000323 5.03465525611257 5.89111982084919 5.89111982084919 5.89111982084919 5.89111982084919 5.89111982084919 5.89111982084919 5.3334225589291 3.08722922079168 3.90992380811883
4.54430326584083 4.15480637054258 4.89043353378909 5.64650445458608 5.89111982084919 5.89111982084919 5.89111982084919 5.89111982084919 5.89111982084919 5.3334225589291 4.61191909093811 4.28161266668369 3.24042569362421 4.21783864030884 5.18229132048934 5.56685535239686 5.89111982084919 5.89111982084919 5.18229132048934 4.54430326584083 5.80862559385286 5.89111982084919 5.89111982084919 5.64650445458608 5.64650445458608 5.89111982084919 5.64650445458608 3.39909414796335 4.09250723000323 4.09250723000323 4.09250723000323 4.09250723000323 4.09250723000323 4.09250723000323 4.09250723000323 4.09250723000323 4.09250723000323 4.09250723000323 4.21783864030884 5.89111982084919 5.89111982084919 5.89111982084919 5.89111982084919 5.89111982084919 5.80862559385286 3.73363712059242 3.56343068905016 3.56343068905016
4.09250723000323 4.41142100761086 5.18229132048934 5.3334225589291 5.18229132048934 5.89111982084919 5.64650445458608 5.89111982084919 5.03465525611257 3.85047254786238 4.41142100761086 3.137698363624 4.09250723000323 4.34613717857486 4.34613717857486 5.257414916725 5.64650445458608 5.89111982084919 5.89111982084919 5.89111982084919 5.89111982084919 5.89111982084919 5.89111982084919 4.74954719089073 5.89111982084919 5.89111982084919 5.80862559385286 3.90992380811883 4.09250723000323 4.09250723000323 4.09250723000323 4.09250723000323 4.09250723000323 4.09250723000323 4.15480637054258 4.09250723000323 4.09250723000323 4.09250723000323 4.28161266668369 5.89111982084919 5.89111982084919 5.89111982084919 5.89111982084919 5.80862559385286 4.81957830324235 3.39909414796335 4.09250723000323 4.09250723000323
4.15480637054258 3.50800951907479 4.28161266668369 4.28161266668369 4.09250723000323 5.72709085838503 5.89111982084919 5.89111982084919 4.81957830324235 4.54430326584083 3.90992380811883 3.34558470704241 4.09250723000323 4.15480637054258 4.28161266668369 4.54430326584083 5.89111982084919 5.89111982084919 5.89111982084919 5.89111982084919 5.89111982084919 5.89111982084919 5.89111982084919 5.89111982084919 5.89111982084919 5.80862559385286 3.97007432763748 2.98804512959271 4.09250723000323 4.09250723000323 4.09250723000323 4.09250723000323 4.09250723000323 4.09250723000323 4.09250723000323 4.09250723000323 4.09250723000323 4.15480637054258 5.18229132048934 5.89111982084919 5.89111982084919 5.41032557257279 5.3334225589291 4.89043353378909 4.15480637054258 3.90992380811883 4.09250723000323 3.90992380811883
4.41142100761086 4.03093269165433 4.34613717857486 4.03093269165433 4.09250723000323 5.80862559385286 5.89111982084919 5.89111982084919 5.41032557257279 4.96212258066048 4.15480637054258 3.18876142161064 3.90992380811883 4.09250723000323 4.41142100761086 4.96212258066048 5.257414916725 5.41032557257279 5.89111982084919 5.89111982084919 5.89111982084919 4.68033061140376 4.68033061140376 5.56685535239686 5.89111982084919 5.80862559385286 3.39909414796335 3.90992380811883 3.08722922079168 4.09250723000323 4.41142100761086 4.81957830324235 5.10804148787089 5.18229132048934 4.15480637054258 4.09250723000323 4.09250723000323 4.41142100761086 5.89111982084919 5.89111982084919 5.89111982084919 5.89111982084919 4.74954719089073 3.34558470704241 3.61950371680382 4.09250723000323 4.09250723000323 3.90992380811883
3.97007432763748 4.89043353378909 4.96212258066048 4.09250723000323 5.10804148787089 5.89111982084919 5.89111982084919 5.89111982084919 5.41032557257279 5.03465525611257 3.90992380811883 3.61950371680382 3.39909414796335 3.73363712059242 4.09250723000323 4.34613717857486 5.3334225589291 5.64650445458608 5.80862559385286 5.89111982084919 5.257414916725 5.56685535239686 4.96212258066048 5.56685535239686 5.89111982084919 5.80862559385286 3.90992380811883 4.41142100761086 4.61191909093811 5.56685535239686 5.89111982084919 5.89111982084919 5.3334225589291 4.81957830324235 4.34613717857486 4.34613717857486 4.54430326584083 4.74954719089073 5.89111982084919 5.89111982084919 5.89111982084919 5.56685535239686 2.750004318196 4.09250723000323 4.09250723000323 4.09250723000323 4.09250723000323 4.09250723000323
5.89111982084919 5.89111982084919 5.72709085838503 4.96212258066048 5.89111982084919 5.89111982084919 5.48813265004901 4.68033061140376 4.54430326584083 4.15480637054258 4.15480637054258 4.09250723000323 4.09250723000323 4.09250723000323 3.39909414796335 4.15480637054258 4.28161266668369 5.72709085838503 5.80862559385286 5.89111982084919 5.89111982084919 5.89111982084919 5.89111982084919 5.89111982084919 5.89111982084919 5.72709085838503 5.48813265004901 5.89111982084919 5.89111982084919 5.89111982084919 5.89111982084919 5.80862559385286 5.89111982084919 5.89111982084919 5.03465525611257 5.80862559385286 5.89111982084919 5.72709085838503 5.03465525611257 5.89111982084919 5.56685535239686 5.03465525611257 3.39909414796335 4.09250723000323 4.09250723000323 4.09250723000323 4.09250723000323 3.90992380811883
5.89111982084919 5.89111982084919 5.89111982084919 5.89111982084919 5.89111982084919 5.89111982084919 4.61191909093811 4.28161266668369 4.34613717857486 4.15480637054258 4.47747308934982 4.61191909093811 4.68033061140376 4.09250723000323 3.56343068905016 4.15480637054258 4.09250723000323 4.54430326584083 5.18229132048934 5.89111982084919 5.56685535239686 5.56685535239686 5.89111982084919 5.89111982084919 5.89111982084919 5.89111982084919 5.89111982084919 5.89111982084919 5.89111982084919 5.64650445458608 5.10804148787089 5.89111982084919 5.89111982084919 5.89111982084919 5.03465525611257 5.72709085838503 5.89111982084919 5.10804148787089 3.45323328192204 5.257414916725 4.61191909093811 4.41142100761086 3.90992380811883 4.28161266668369 4.09250723000323 4.09250723000323 4.09250723000323 3.24042569362421
5.89111982084919 4.41142100761086 4.41142100761086 3.45323328192204 3.24042569362421 4.41142100761086 5.56685535239686 5.89111982084919 4.89043353378909 4.61191909093811 5.80862559385286 5.89111982084919 4.28161266668369 4.09250723000323 4.61191909093811 4.34613717857486 4.09250723000323 4.54430326584083 5.72709085838503 5.89111982084919 5.89111982084919 4.96212258066048 5.56685535239686 5.56685535239686 5.257414916725 4.68033061140376 5.89111982084919 5.89111982084919 5.89111982084919 2.65861914233123 3.34558470704241 5.80862559385286 5.72709085838503 5.89111982084919 5.03465525611257 5.80862559385286 5.3334225589291 4.68033061140376 3.97007432763748 3.73363712059242 4.41142100761086 4.09250723000323 4.09250723000323 4.21783864030884 4.09250723000323 4.09250723000323 4.09250723000323 3.24042569362421
5.89111982084919 5.89111982084919 5.89111982084919 5.89111982084919 5.89111982084919 5.89111982084919 5.89111982084919 5.89111982084919 5.64650445458608 5.89111982084919 5.257414916725 5.10804148787089 4.74954719089073 4.54430326584083 5.64650445458608 4.41142100761086 4.74954719089073 5.89111982084919 5.89111982084919 5.72709085838503 5.72709085838503 4.81957830324235 4.74954719089073 5.89111982084919 5.89111982084919 5.89111982084919 5.89111982084919 5.89111982084919 4.61191909093811 3.85047254786238 2.89115455848353 4.41142100761086 4.47747308934982 4.89043353378909 5.3334225589291 5.80862559385286 4.61191909093811 4.03093269165433 3.56343068905016 3.61950371680382 4.28161266668369 4.09250723000323 4.21783864030884 4.09250723000323 4.09250723000323 4.09250723000323 3.56343068905016 2.39694963760656
4.61191909093811 4.54430326584083 5.03465525611257 5.41032557257279 5.48813265004901 5.89111982084919 5.89111982084919 5.89111982084919 5.72709085838503 5.80862559385286 5.89111982084919 3.45323328192204 3.90992380811883 5.89111982084919 5.89111982084919 5.257414916725 5.89111982084919 5.89111982084919 5.56685535239686 4.34613717857486 4.28161266668369 4.28161266668369 5.48813265004901 4.96212258066048 5.80862559385286 5.89111982084919 4.61191909093811 3.73363712059242 4.68033061140376 4.15480637054258 2.750004318196 3.39909414796335 2.56934714544731 2.89115455848353 4.28161266668369 4.89043353378909 4.21783864030884 4.28161266668369 3.56343068905016 5.257414916725 4.54430326584083 4.09250723000323 4.28161266668369 4.09250723000323 4.09250723000323 4.09250723000323 3.56343068905016 3.24042569362421
1.33181468539877 1.24444408135983 1.71364143819558 1.51603021322552 2.03732517324984 2.03732517324984 4.81957830324235 5.41032557257279 4.96212258066048 5.89111982084919 5.89111982084919 4.96212258066048 5.56685535239686 5.56685535239686 5.257414916725 5.56685535239686 4.09250723000323 4.74954719089073 4.68033061140376 4.34613717857486 2.93931660565573 3.56343068905016 4.89043353378909 5.89111982084919 5.48813265004901 5.56685535239686 1.99965448665862 3.90992380811883 2.79650503658462 2.750004318196 1.74794635563987 3.08722922079168 2.61372217674148 2.27284367720557 3.61950371680382 3.90992380811883 3.24042569362421 3.73363712059242 3.79171311834683 4.68033061140376 4.34613717857486 4.09250723000323 4.09250723000323 4.09250723000323 3.56343068905016 3.24042569362421 3.90992380811883 4.09250723000323
1.64622386618102 1.88925099147368 1.18787753434956 1.99965448665862 1.99965448665862 1.61310208445964 2.5254885037241 4.09250723000323 4.09250723000323 4.61191909093811 5.257414916725 5.89111982084919 5.89111982084919 5.89111982084919 5.257414916725 4.96212258066048 5.3334225589291 5.89111982084919 5.257414916725 5.89111982084919 5.89111982084919 4.09250723000323 4.28161266668369 3.85047254786238 3.08722922079168 4.54430326584083 2.03732517324984 2.07543916421251 2.1140019075001 1.74794635563987 1.96242194835937 3.34558470704241 4.61191909093811 3.90992380811883 3.24042569362421 3.73363712059242 3.90992380811883 3.39909414796335 3.56343068905016 4.47747308934982 4.09250723000323 4.09250723000323 4.09250723000323 3.97007432763748 3.97007432763748 3.90992380811883 3.73363712059242 4.09250723000323
2.750004318196 3.39909414796335 1.92562246224309 2.15301822158339 1.45318275293908 1 1 1.24444408135983 1.61310208445964 2.93931660565573 4.21783864030884 4.61191909093811 4.54430326584083 4.96212258066048 4.81957830324235 5.72709085838503 5.56685535239686 5.56685535239686 5.89111982084919 5.89111982084919 5.89111982084919 5.89111982084919 5.89111982084919 5.89111982084919 5.03465525611257 4.28161266668369 3.24042569362421 2.56934714544731 1.74794635563987 2.31372922323682 3.50800951907479 5.18229132048934 5.80862559385286 4.68033061140376 3.90992380811883 4.15480637054258 3.90992380811883 3.73363712059242 3.97007432763748 4.09250723000323 4.09250723000323 4.68033061140376 4.15480637054258 4.09250723000323 3.39909414796335 3.39909414796335 4.09250723000323 3.24042569362421
4.09250723000323 4.09250723000323 3.79171311834683 3.79171311834683 2.27284367720557 1.1600867853383 1 1 1 1 1.1600867853383 2.03732517324984 2.65861914233123 2.39694963760656 2.15301822158339 4.09250723000323 3.08722922079168 3.73363712059242 2.79650503658462 5.3334225589291 5.64650445458608 5.89111982084919 5.89111982084919 5.89111982084919 5.89111982084919 4.61191909093811 3.137698363624 3.97007432763748 2.15301822158339 2.5254885037241 2.89115455848353 5.257414916725 5.10804148787089 5.48813265004901 4.09250723000323 4.96212258066048 4.61191909093811 5.64650445458608 5.10804148787089 4.21783864030884 4.28161266668369 5.3334225589291 4.09250723000323 4.09250723000323 3.90992380811883 3.56343068905016 4.09250723000323 3.24042569362421
4.34613717857486 4.15480637054258 4.09250723000323 4.09250723000323 4.09250723000323 2.5254885037241 1 1.1600867853383 1.1600867853383 1.33181468539877 1 1 1 1.24444408135983 1.51603021322552 1.92562246224309 2.5254885037241 1.81777203032619 1 2.39694963760656 1.54800966416516 2.15301822158339 5.64650445458608 5.89111982084919 5.89111982084919 4.61191909093811 2.65861914233123 3.39909414796335 3.39909414796335 3.08722922079168 2.93931660565573 5.56685535239686 4.34613717857486 4.54430326584083 5.64650445458608 5.64650445458608 5.64650445458608 5.72709085838503 5.89111982084919 5.257414916725 4.41142100761086 4.81957830324235 4.09250723000323 4.09250723000323 4.09250723000323 4.09250723000323 4.09250723000323 3.90992380811883
5.80862559385286 5.3334225589291 4.89043353378909 4.34613717857486 4.09250723000323 4.09250723000323 2.15301822158339 1.51603021322552 2.27284367720557 1.61310208445964 1.1600867853383 2.15301822158339 2.27284367720557 1.42230623515377 1 1 1 1.1600867853383 2.15301822158339 1 1 1 4.21783864030884 5.48813265004901 5.89111982084919 5.3334225589291 3.73363712059242 3.29269763519053 3.61950371680382 3.56343068905016 4.09250723000323 4.41142100761086 4.28161266668369 4.34613717857486 5.10804148787089 5.72709085838503 5.89111982084919 5.89111982084919 5.89111982084919 5.41032557257279 4.09250723000323 4.09250723000323 4.15480637054258 4.09250723000323 4.09250723000323 4.09250723000323 4.09250723000323 4.09250723000323
