IBR/IBR_outputs/SS_Optim/Soils_Total/Results/Soils_Total.asc
NCOLS 160 
NROWS 95 
XLLCORNER 210004.651214014 
YLLCORNER 7350008.22228844 
CELLSIZE 4999.99999999997 
NODATA_value -9999 
[rows 42 to 62 of 95, columns 48 to 95 of 160]
2.84355297015837 2.84355297015837 3.90992380811883 5.257414916725 4.15480637054258 2.84355297015837 5.257414916725 5.89111982084919 4.68033061140376 2.43929564851769 3.79171311834683 3.56343068905016 4.28161266668369 5.18229132048934 2.750004318196 4.89043353378909 5.48813265004901 5.48813265004901 4.54430326584083 4.28161266668369 4.81957830324235 5.18229132048934 2.89115455848353 2.84355297015837 2.65861914233123 4.41142100761086 5.89111982084919 5.257414916725 5.18229132048934 5.80862559385286 5.89111982084919 5.18229132048934 5.89111982084919 5.89111982084919 5.89111982084919 4.54430326584083 4.96212258066048 5.56685535239686 4.34613717857486 4.15480637054258 3.29269763519053 4.09250723000323 4.09250723000323 1.92562246224309 2.39694963760656 3.08722922079168 3.39909414796335 3.73363712059242
5.89111982084919 5.89111982084919 5.257414916725 4.41142100761086 5.89111982084919 5.56685535239686 4.03093269165433 3.45323328192204 1.18787753434956 1.07863887193148 1.81777203032619 3.73363712059242 3.24042569362421 2.5254885037241 1.92562246224309 2.5254885037241 4.74954719089073 4.68033061140376 4.21783864030884 4.74954719089073 3.90992380811883 5.41032557257279 5.48813265004901 3.61950371680382 2.43929564851769 2.48213998248711 5.257414916725 5.89111982084919 5.80862559385286 5.18229132048934 5.56685535239686 5.257414916725 5.89111982084919 5.72709085838503 5.80862559385286 5.03465525611257 5.10804148787089 4.96212258066048 4.28161266668369 4.89043353378909 3.73363712059242 4.15480637054258 3.73363712059242 3.56343068905016 3.56343068905016 2.65861914233123 3.39909414796335 3.39909414796335
4.96212258066048 5.257414916725 5.89111982084919 5.89111982084919 5.89111982084919 4.61191909093811 1.71364143819558 1 1.61310208445964 3.39909414796335 3.90992380811883 2.5254885037241 2.5254885037241 2.65861914233123 1.71364143819558 1.71364143819558 1.1600867853383 1.71364143819558 1.74794635563987 2.07543916421251 3.90992380811883 4.61191909093811 5.41032557257279 5.48813265004901 3.34558470704241 1.99965448665862 5.56685535239686 5.89111982084919 5.89111982084919 5.64650445458608 4.96212258066048 4.15480637054258 5.89111982084919 5.257414916725 5.48813265004901 5.80862559385286 5.64650445458608 5.56685535239686 5.64650445458608 5.89111982084919 4.68033061140376 5.41032557257279 4.74954719089073 3.61950371680382 3.73363712059242 3.73363712059242 3.08722922079168 3.56343068905016
4.96212258066048 5.3334225589291 5.89111982084919 5.80862559385286 4.81957830324235 3.39909414796335 2.5254885037241 3.29269763519053 5.10804148787089 5.48813265004901 5.03465525611257 4.15480637054258 2.39694963760656 1.81777203032619 2.39694963760656 1.71364143819558 1.1600867853383 1 1 1.07863887193148 4.54430326584083 5.80862559385286 5.89111982084919 5.89111982084919 5.89111982084919 5.56685535239686 4.96212258066048 4.96212258066048 5.89111982084919 5.89111982084919 5.89111982084919 5.56685535239686 5.257414916725 5.48813265004901 4.28161266668369 5.10804148787089 5.56685535239686 5.257414916725 5.89111982084919 4.96212258066048 5.56685535239686 5.89111982084919 5.48813265004901 3.39909414796335 4.15480637054258 3.85047254786238 3.56343068905016 3.90992380811883
5.48813265004901 4.74954719089073 4.34613717857486 4.34613717857486 3.6762366055946 3.24042569362421 4.28161266668369 5.3334225589291 5.89111982084919 5.89111982084919 5.89111982084919 5.41032557257279 4.09250723000323 3.90992380811883 2.65861914233123 2.27284367720557 1.81777203032619 1.1600867853383 1.33181468539877 1.51603021322552 2.27284367720557 4.54430326584083 5.3334225589291 5.03465525611257 5.10804148787089 5.18229132048934 4.28161266668369 5.257414916725 5.89111982084919 5.89111982084919 5.89111982084919 3.03734708527808 1.71364143819558 3.29269763519053 4.47747308934982 4.21783864030884 4.21783864030884 4.89043353378909 5.89111982084919 4.96212258066048 5.89111982084919 5.89111982084919 4.28161266668369 3.79171311834683 3.137698363624 4.28161266668369 3.73363712059242 3.73363712059242
5.89111982084919 5.80862559385286 4.96212258066048 4.34613717857486 3.61950371680382 5.257414916725 5.89111982084919 5.89111982084919 5.89111982084919 5.80862559385286 5.64650445458608 5.89111982084919 5.41032557257279 5.257414916725 4.21783864030884 4.09250723000323 4.09250723000323 4.09250723000323 4.09250723000323 4.09250723000323 3.56343068905016 2.15301822158339 4.21783864030884 4.89043353378909 4.21783864030884 1.71364143819558 1 1.51603021322552 3.79171311834683 5.257414916725 5.72709085838503 3.85047254786238 1.1600867853383 1 2.03732517324984 4.09250723000323 4.61191909093811 5.80862559385286 5.89111982084919 5.89111982084919 5.89111982084919 5.89111982084919 5.72709085838503 4.41142100761086 3.56343068905016 4.54430326584083 4.74954719089073 3.56343068905016
5.64650445458608 5.18229132048934 4.09250723000323 4.41142100761086 3.97007432763748 5.56685535239686 5.89111982084919 5.89111982084919 5.89111982084919 5.89111982084919 5.89111982084919 5.89111982084919 5.89111982084919 5.89111982084919 4.68033061140376 4.68033061140376 5.257414916725 4.96212258066048 4.28161266668369 4.09250723000323 4.09250723000323 3.73363712059242 3.39909414796335 3.03734708527808 1.51603021322552 1.24444408135983 1.24444408135983 1 1.07863887193148 2.03732517324984 4.28161266668369 3.29269763519053 1.71364143819558 1.1600867853383 1.92562246224309 4.47747308934982 5.89111982084919 5.89111982084919 5.89111982084919 5.89111982084919 5.89111982084919 5.89111982084919 5.89111982084919 4.74954719089073 3.39909414796335 3.97007432763748 5.18229132048934 4.09250723000323
5.89111982084919 5.89111982084919 5.89111982084919 5.89111982084919 4.68033061140376 5.89111982084919 5.72709085838503 5.48813265004901 5.89111982084919 5.89111982084919 5.89111982084919 5.89111982084919 5.89111982084919 5.89111982084919 5.72709085838503 5.89111982084919 5.89111982084919 5.89111982084919 5.64650445458608 4.09250723000323 4.74954719089073 4.09250723000323 4.09250723000323 4.09250723000323 3.08722922079168 3.90992380811883 4.21783864030884 2.65861914233123 1.71364143819558 1 1.24444408135983 3.39909414796335 1.27322753747238 1 2.89115455848353 2.43929564851769 1.99965448665862 4.15480637054258 2.65861914233123 2.65861914233123 4.96212258066048 5.56685535239686 5.89111982084919 4.68033061140376 4.09250723000323 5.56685535239686 5.89111982084919 3.97007432763748
5.89111982084919 5.89111982084919 5.89111982084919 5.89111982084919 5.89111982084919 4.96212258066048 4.96212258066048 5.89111982084919 5.89111982084919 5.89111982084919 5.89111982084919 5.56685535239686 5.89111982084919 5.64650445458608 5.64650445458608 5.56685535239686 5.89111982084919 5.89111982084919 5.257414916725 4.54430326584083 5.72709085838503 4.96212258066048 4.21783864030884 4.09250723000323 4.28161266668369 5.257414916725 5.72709085838503 5.48813265004901 4.74954719089073 3.39909414796335 2.39694963760656 2.98804512959271 3.56343068905016 1 1.24444408135983 2.65861914233123 2.19249367522998 4.96212258066048 2.31372922323682 2.15301822158339 1.21599540603506 3.97007432763748 4.15480637054258 5.03465525611257 4.81957830324235 5.89111982084919 5.257414916725 3.90992380811883
5.80862559385286 5.89111982084919 5.80862559385286 5.64650445458608 5.80862559385286 5.80862559385286 5.89111982084919 5.56685535239686 5.89111982084919 5.89111982084919 5.56685535239686 5.41032557257279 4.21783864030884 4.41142100761086 4.68033061140376 5.18229132048934 5.89111982084919 5.80862559385286 4.89043353378909 5.3334225589291 5.80862559385286 5.257414916725 4.41142100761086 3.6762366055946 5.48813265004901 4.81957830324235 5.03465525611257 5.80862559385286 5.89111982084919 4.68033061140376 4.09250723000323 2.15301822158339 3.85047254786238 2.98804512959271 4.81957830324235 5.41032557257279 5.89111982084919 5.89111982084919 5.257414916725 3.90992380811883 2.31372922323682 1.33181468539877 1.71364143819558 4.89043353378909 5.257414916725 5.89111982084919 5.257414916725 5.48813265004901
5.89111982084919 5.89111982084919 5.89111982084919 5.89111982084919 5.56685535239686 5.89111982084919 5.89111982084919 5.89111982084919 5.89111982084919 5.72709085838503 5.72709085838503 5.80862559385286 5.3334225589291 4.81957830324235 5.10804148787089 5.64650445458608 5.89111982084919 4.96212258066048 4.15480637054258 5.3334225589291 3.61950371680382 4.28161266668369 3.24042569362421 3.24042569362421 4.47747308934982 4.96212258066048 4.68033061140376 5.72709085838503 5.89111982084919 4.68033061140376 4.09250723000323 2.93931660565573 4.74954719089073 5.56685535239686 4.96212258066048 4.74954719089073 5.48813265004901 5.41032557257279 5.10804148787089 5.257414916725 3.39909414796335 2.48213998248711 3.29269763519053 3.03734708527808 1.74794635563987 2.84355297015837 5.89111982084919 5.89111982084919
5.89111982084919 5.89111982084919 5.89111982084919 5.89111982084919 5.89111982084919 5.89111982084919 5.89111982084919 5.89111982084919 5.89111982084919 5.80862559385286 5.18229132048934 5.56685535239686 5.3334225589291 4.74954719089073 4.68033061140376 5.80862559385286 5.89111982084919 5.64650445458608 5.3334225589291 5.3334225589291 4.03093269165433 4.21783864030884 4.81957830324235 4.61191909093811 3.6762366055946 5.257414916725 4.96212258066048 5.64650445458608 5.89111982084919 5.48813265004901 4.09250723000323 4.09250723000323 2.03732517324984 1.92562246224309 2.27284367720557 3.24042569362421 3.137698363624 2.79650503658462 1.92562246224309 4.34613717857486 2.61372217674148 5.18229132048934 5.89111982084919 5.89111982084919 5.56685535239686 5.80862559385286 5.89111982084919 5.89111982084919
5.89111982084919 5.89111982084919 5.89111982084919 5.89111982084919 5.89111982084919 5.89111982084919 5.89111982084919 5.80862559385286 5.89111982084919 5.80862559385286 5.56685535239686 5.03465525611257 4.89043353378909 5.72709085838503 4.54430326584083 5.48813265004901 4.96212258066048 5.72709085838503 5.80862559385286 5.48813265004901 4.09250723000323 5.48813265004901 5.48813265004901 5.48813265004901 4.81957830324235 5.03465525611257 5.10804148787089 5.257414916725 5.3334225589291 5.3334225589291 4.21783864030884 4.09250723000323 3.90992380811883 3.73363712059242 3.08722922079168 2.27284367720557 2.15301822158339 2.03732517324984 1.24444408135983 1 1.24444408135983 3.6762366055946 4.74954719089073 5.18229132048934 5.41032557257279 5.89111982084919 5.89111982084919 5.89111982084919
4.89043353378909 4.74954719089073 4.89043353378909 5.48813265004901 5.89111982084919 5.89111982084919 5.80862559385286 5.48813265004901 5.3334225589291 5.03465525611257 5.56685535239686 5.89111982084919 5.10804148787089 5.80862559385286 4.09250723000323 4.28161266668369 5.56685535239686 4.28161266668369 5.64650445458608 5.10804148787089 3.85047254786238 4.41142100761086 5.72709085838503 5.41032557257279 4.21783864030884 5.41032557257279 5.64650445458608 5.18229132048934 4.89043353378909 5.48813265004901 4.89043353378909 4.15480637054258 4.15480637054258 4.21783864030884 4.15480637054258 4.09250723000323 4.09250723000323 4.09250723000323 3.90992380811883 1.81777203032619 1.92562246224309 1.81777203032619 1.81777203032619 3.39909414796335 4.21783864030884 4.61191909093811 5.56685535239686 5.72709085838503
4.74954719089073 4.28161266668369 4.28161266668369 4.28161266668369 5.10804148787089 5.48813265004901 5.18229132048934 5.64650445458608 5.80862559385286 5.56685535239686 5.48813265004901 4.96212258066048 5.257414916725 4.96212258066048 5.257414916725 5.56685535239686 5.89111982084919 5.48813265004901 5.72709085838503 5.257414916725 4.54430326584083 5.64650445458608 5.64650445458608 4.96212258066048 4.34613717857486 5.3334225589291 5.48813265004901 5.3334225589291 5.3334225589291 5.48813265004901 5.89111982084919 5.41032557257279 5.72709085838503 5.72709085838503 5.64650445458608 5.41032557257279 4.89043353378909 4.15480637054258 4.09250723000323 3.39909414796335 2.15301822158339 2.65861914233123 1 1 1.81777203032619 3.39909414796335 4.09250723000323 3.137698363624
5.257414916725 4.89043353378909 4.89043353378909 4.41142100761086 5.3334225589291 4.81957830324235 4.81957830324235 5.3334225589291 5.72709085838503 5.03465525611257 4.47747308934982 5.257414916725 5.89111982084919 5.89111982084919 4.54430326584083 3.90992380811883 5.10804148787089 5.3334225589291 5.257414916725 5.3334225589291 5.03465525611257 5.48813265004901 4.96212258066048 4.34613717857486 3.24042569362421 3.79171311834683 1.92562246224309 2.43929564851769 1.81777203032619 3.56343068905016 5.18229132048934 5.89111982084919 5.89111982084919 5.89111982084919 5.89111982084919 5.89111982084919 5.72709085838503 5.64650445458608 4.54430326584083 4.09250723000323 3.90992380811883 2.5254885037241 2.27284367720557 3.56343068905016 2.15301822158339 1.61310208445964 1.1600867853383 1
5.64650445458608 4.81957830324235 5.80862559385286 5.89111982084919 5.18229132048934 5.18229132048934 5.3334225589291 5.89111982084919 5.64650445458608 4.47747308934982 5.48813265004901 5.89111982084919 5.89111982084919 5.89111982084919 5.257414916725 2.70404445032489 5.03465525611257 5.257414916725 4.74954719089073 4.28161266668369 2.23243367154222 3.85047254786238 3.56343068905016 1.85330234477991 1.51603021322552 2.03732517324984 1 2.56934714544731 4.81957830324235 3.73363712059242 4.09250723000323 5.48813265004901 5.89111982084919 5.89111982084919 5.89111982084919 5.48813265004901 5.10804148787089 5.89111982084919 5.80862559385286 5.41032557257279 4.81957830324235 4.28161266668369 4.09250723000323 2.79650503658462 4.09250723000323 4.09250723000323 2.03732517324984 1.1600867853383
5.80862559385286 5.64650445458608 5.41032557257279 5.89111982084919 5.89111982084919 5.89111982084919 5.03465525611257 4.81957830324235 4.96212258066048 5.41032557257279 5.89111982084919 5.89111982084919 5.89111982084919 5.89111982084919 5.89111982084919 5.89111982084919 5.89111982084919 5.10804148787089 4.81957830324235 4.89043353378909 4.68033061140376 4.89043353378909 3.45323328192204 2.07543916421251 1.1600867853383 1.33181468539877 1.07863887193148 1.81777203032619 4.81957830324235 3.34558470704241 5.03465525611257 5.56685535239686 4.89043353378909 5.3334225589291 5.56685535239686 5.41032557257279 5.48813265004901 5.56685535239686 5.48813265004901 5.89111982084919 5.89111982084919 5.56685535239686 5.10804148787089 3.03734708527808 3.73363712059242 3.73363712059242 3.73363712059242 2.79650503658462
5.89111982084919 5.89111982084919 5.89111982084919 5.89111982084919 5.89111982084919 5.89111982084919 5.89111982084919 5.89111982084919 5.89111982084919 5.89111982084919 5.89111982084919 5.89111982084919 5.89111982084919 5.89111982084919 5.89111982084919 5.64650445458608 5.80862559385286 4.96212258066048 4.61191909093811 4.54430326584083 5.18229132048934 3.34558470704241 2.43929564851769 1.42230623515377 2.5254885037241 2.48213998248711 4.34613717857486 2.43929564851769 4.89043353378909 2.56934714544731 4.81957830324235 5.64650445458608 4.96212258066048 4.61191909093811 4.09250723000323 4.21783864030884 4.96212258066048 5.3334225589291 5.18229132048934 5.89111982084919 5.89111982084919 5.10804148787089 5.80862559385286 5.18229132048934 5.18229132048934 3.137698363624 4.09250723000323 4.09250723000323
5.72709085838503 5.89111982084919 5.89111982084919 5.89111982084919 5.89111982084919 5.89111982084919 5.89111982084919 5.89111982084919 5.89111982084919 5.89111982084919 5.89111982084919 5.89111982084919 5.89111982084919 5.89111982084919 5.89111982084919 4.96212258066048 5.18229132048934 5.64650445458608 5.80862559385286 5.10804148787089 5.41032557257279 4.96212258066048 2.79650503658462 2.27284367720557 3.56343068905016 2.98804512959271 2.5254885037241 2.39694963760656 3.97007432763748 3.97007432763748 4.21783864030884 4.96212258066048 5.56685535239686 4.68033061140376 5.10804148787089 4.28161266668369 4.09250723000323 4.28161266668369 5.56685535239686 5.3334225589291 5.3334225589291 4.74954719089073 4.54430326584083 5.89111982084919 5.64650445458608 4.61191909093811 5.56685535239686 5.3334225589291
3.50800951907479 4.41142100761086 4.81957830324235 5.80862559385286 5.89111982084919 5.89111982084919 5.89111982084919 5.72709085838503 5.10804148787089 5.3334225589291 5.3334225589291 5.72709085838503 5.89111982084919 5.72709085838503 5.64650445458608 4.89043353378909 4.96212258066048 4.74954719089073 5.56685535239686 4.81957830324235 4.68033061140376 4.68033061140376 3.03734708527808 3.24042569362421 2.5254885037241 2.79650503658462 3.73363712059242 3.85047254786238 3.29269763519053 4.61191909093811 4.21783864030884 4.96212258066048 5.03465525611257 4.74954719089073 5.41032557257279 5.72709085838503 4.74954719089073 4.74954719089073 5.48813265004901 5.10804148787089 4.41142100761086 4.68033061140376 5.10804148787089 5.41032557257279 5.64650445458608 5.64650445458608 5.257414916725 5.80862559385286
