IBR/IBR_outputs/SS_Optim/Soils_Total/Results/Soils_Total.asc
NCOLS 160 
NROWS 95 
XLLCORNER 210004.651214014 
YLLCORNER 7350008.22228844 
CELLSIZE 4999.99999999997 
NODATA_value -9999 
[rows 63 to 83 of 95, columns 0 to 47 of 160]
-9999 4.09250723000323 3.79171311834683 2.750004318196 2.750004318196 1.88925099147368 1.18787753434956 1.45318275293908 1.74794635563987 1.71364143819558 1.74794635563987 1.61310208445964 1.51603021322552 1.58036544565996 1.64622386618102 1.3023498013347 1 1 1 1 1 1 1 1.71364143819558 1.21599540603506 1.10547115112643 1 1.10547115112643 1.21599540603506 2.43929564851769 5.89111982084919 4.74954719089073 4.74954719089073 4.74954719089073 3.45323328192204 5.41032557257279 4.34613717857486 3.39909414796335 4.68033061140376 4.68033061140376 5.89111982084919 5.89111982084919 5.03465525611257 4.89043353378909 4.68033061140376 5.48813265004901 5.80862559385286 5.56685535239686
-9999 4.09250723000323 3.61950371680382 2.56934714544731 1.92562246224309 1.81777203032619 1.71364143819558 1.71364143819558 1.74794635563987 1.74794635563987 1.74794635563987 1.74794635563987 1.74794635563987 1.51603021322552 1.71364143819558 1.71364143819558 1.48442262208715 1.27322753747238 1.24444408135983 1.10547115112643 2.31372922323682 1.45318275293908 1.27322753747238 1.27322753747238 1.13261927092438 1.13261927092438 3.34558470704241 4.15480637054258 1.58036544565996 1.33181468539877 3.24042569362421 3.90992380811883 2.19249367522998 2.750004318196 3.85047254786238 4.47747308934982 4.28161266668369 4.15480637054258 5.257414916725 5.257414916725 5.89111982084919 5.89111982084919 4.41142100761086 5.89111982084919 5.80862559385286 5.89111982084919 5.89111982084919 5.89111982084919
-9999 -9999 3.08722922079168 1.81777203032619 1.64622386618102 1.74794635563987 1.74794635563987 1.74794635563987 1.74794635563987 1.74794635563987 1.74794635563987 1.74794635563987 1.74794635563987 1.74794635563987 1.74794635563987 1.74794635563987 1.74794635563987 1.74794635563987 2.07543916421251 1.92562246224309 1.74794635563987 2.70404445032489 1.74794635563987 1.74794635563987 1.85330234477991 2.56934714544731 5.41032557257279 5.89111982084919 5.56685535239686 1.21599540603506 2.48213998248711 4.47747308934982 4.15480637054258 4.09250723000323 4.81957830324235 5.64650445458608 5.03465525611257 4.15480637054258 4.34613717857486 5.18229132048934 5.89111982084919 4.68033061140376 4.41142100761086 5.257414916725 4.81957830324235 4.96212258066048 5.41032557257279 4.28161266668369
-9999 4.09250723000323 3.73363712059242 1.74794635563987 1.74794635563987 1.74794635563987 1.74794635563987 1.74794635563987 1.74794635563987 1.74794635563987 1.74794635563987 1.74794635563987 1.74794635563987 1.74794635563987 1.74794635563987 1.74794635563987 1.74794635563987 1.74794635563987 2.84355297015837 1.85330234477991 1.85330234477991 2.07543916421251 1.85330234477991 2.70404445032489 2.70404445032489 1.74794635563987 3.97007432763748 5.89111982084919 4.41142100761086 1.85330234477991 1.18787753434956 3.29269763519053 5.10804148787089 2.79650503658462 4.68033061140376 5.89111982084919 4.15480637054258 2.98804512959271 4.34613717857486 5.3334225589291 5.41032557257279 5.80862559385286 1.81777203032619 1.85330234477991 2.65861914233123 4.28161266668369 3.6762366055946 2.48213998248711
-9999 4.09250723000323 3.29269763519053 1.81777203032619 1.74794635563987 1.74794635563987 1.74794635563987 1.74794635563987 1.74794635563987 1.74794635563987 1.74794635563987 1.74794635563987 1.74794635563987 1.74794635563987 1.74794635563987 1.74794635563987 1.74794635563987 1.74794635563987 1.74794635563987 1.71364143819558 1.67973542127675 2.07543916421251 2.5254885037241 2.35509615375113 1.74794635563987 1.74794635563987 2.65861914233123 4.74954719089073 5.89111982084919 4.34613717857486 1.39178875216832 2.31372922323682 3.24042569362421 3.18876142161064 4.68033061140376 4.15480637054258 1.99965448665862 2.31372922323682 5.89111982084919 4.74954719089073 4.89043353378909 4.68033061140376 4.81957830324235 5.257414916725 3.45323328192204 2.15301822158339 3.03734708527808 1.45318275293908
-9999 -9999 4.09250723000323 2.98804512959271 1.74794635563987 1.74794635563987 1.74794635563987 1.74794635563987 1.74794635563987 1.74794635563987 1.74794635563987 1.74794635563987 1.74794635563987 1.74794635563987 1.74794635563987 1.74794635563987 1.74794635563987 1.74794635563987 1.74794635563987 2.31372922323682 2.31372922323682 3.29269763519053 3.85047254786238 3.85047254786238 2.56934714544731 2.07543916421251 2.98804512959271 4.96212258066048 5.89111982084919 3.79171311834683 1.99965448665862 2.48213998248711 4.21783864030884 4.15480637054258 4.68033061140376 5.64650445458608 5.89111982084919 5.56685535239686 5.89111982084919 3.73363712059242 4.15480637054258 4.28161266668369 4.47747308934982 5.10804148787089 5.72709085838503 5.257414916725 3.45323328192204 3.03734708527808
-9999 -9999 4.09250723000323 2.5254885037241 1.74794635563987 1.74794635563987 1.74794635563987 1.74794635563987 1.74794635563987 1.74794635563987 1.74794635563987 1.74794635563987 1.74794635563987 1.74794635563987 1.74794635563987 1.74794635563987 1.74794635563987 1.74794635563987 1.74794635563987 1.74794635563987 4.21783864030884 5.10804148787089 3.6762366055946 2.07543916421251 3.45323328192204 1.74794635563987 3.97007432763748 5.89111982084919 5.89111982084919 4.47747308934982 4.03093269165433 2.48213998248711 4.54430326584083 5.03465525611257 5.3334225589291 5.89111982084919 5.89111982084919 5.89111982084919 5.89111982084919 5.64650445458608 5.56685535239686 4.34613717857486 4.09250723000323 4.09250723000323 4.96212258066048 5.89111982084919 5.89111982084919 5.72709085838503
-9999 -9999 4.4287288614445 2.19249367522998 1.74794635563987 1.74794635563987 1.74794635563987 1.74794635563987 1.74794635563987 1.74794635563987 1.74794635563987 1.74794635563987 1.74794635563987 1.74794635563987 1.74794635563987 1.74794635563987 1.96242194835937 1.74794635563987 1.96242194835937 2.07543916421251 3.50800951907479 3.73363712059242 4.03093269165433 2.93931660565573 4.54430326584083 5.18229132048934 3.137698363624 5.89111982084919 4.96212258066048 3.24042569362421 4.96212258066048 3.39909414796335 5.10804148787089 4.68033061140376 2.48213998248711 5.257414916725 5.89111982084919 5.89111982084919 5.89111982084919 5.89111982084919 5.89111982084919 5.18229132048934 4.15480637054258 4.09250723000323 4.41142100761086 5.03465525611257 5.89111982084919 5.89111982084919
-9999 -9999 3.77089384832415 2.03732517324984 1.74794635563987 1.74794635563987 1.74794635563987 1.74794635563987 1.74794635563987 1.96242194835937 1.96242194835937 1.74794635563987 1.74794635563987 1.74794635563987 1.74794635563987 1.74794635563987 1.88925099147368 1.74794635563987 1.74794635563987 1.74794635563987 3.61950371680382 1.71364143819558 2.65861914233123 4.28161266668369 4.54430326584083 5.18229132048934 5.41032557257279 5.18229132048934 4.96212258066048 5.89111982084919 5.89111982084919 3.34558470704241 5.80862559385286 4.15480637054258 3.24042569362421 4.28161266668369 5.257414916725 5.89111982084919 5.89111982084919 5.89111982084919 5.89111982084919 5.41032557257279 4.96212258066048 4.28161266668369 4.09250723000323 3.90992380811883 4.34613717857486 5.80862559385286
-9999 -9999 1.74794635563987 1.74794635563987 1.74794635563987 1.74794635563987 1.74794635563987 1.74794635563987 1.74794635563987 1.74794635563987 1.74794635563987 1.74794635563987 1.74794635563987 1.74794635563987 1.74794635563987 1.74794635563987 1.96242194835937 1.74794635563987 1.81777203032619 1.74794635563987 2.27284367720557 3.08722922079168 3.18876142161064 2.31372922323682 4.96212258066048 3.97007432763748 5.89111982084919 5.89111982084919 5.89111982084919 5.89111982084919 5.89111982084919 4.54430326584083 4.15480637054258 3.56343068905016 5.10804148787089 5.64650445458608 4.15480637054258 3.03734708527808 4.41142100761086 5.89111982084919 5.89111982084919 5.89111982084919 5.18229132048934 4.34613717857486 3.50800951907479 2.70404445032489 3.50800951907479 5.41032557257279
-9999 -9999 1.74794635563987 1.74794635563987 1.74794635563987 1.74794635563987 1.74794635563987 1.74794635563987 1.74794635563987 1.88925099147368 1.88925099147368 1.74794635563987 1.96242194835937 1.88925099147368 1.74794635563987 1.74794635563987 1.81777203032619 2.19249367522998 2.61372217674148 1.74794635563987 1.96242194835937 1.78265496946565 3.45323328192204 3.34558470704241 5.89111982084919 4.54430326584083 4.54430326584083 5.89111982084919 5.89111982084919 5.89111982084919 5.89111982084919 5.89111982084919 5.56685535239686 3.45323328192204 4.41142100761086 5.89111982084919 5.72709085838503 3.34558470704241 1.71364143819558 4.96212258066048 5.72709085838503 4.81957830324235 4.81957830324235 3.97007432763748 3.73363712059242 5.10804148787089 5.89111982084919 5.89111982084919
-9999 -9999 -9999 1.74794635563987 1.74794635563987 1.74794635563987 1.88925099147368 1.74794635563987 2.1140019075001 1.92562246224309 3.39909414796335 1.88925099147368 2.03732517324984 3.73363712059242 2.27284367720557 1.74794635563987 1.74794635563987 2.1140019075001 2.35509615375113 1.96242194835937 3.50800951907479 3.90992380811883 4.15480637054258 5.64650445458608 5.80862559385286 5.89111982084919 5.89111982084919 5.89111982084919 5.89111982084919 5.89111982084919 5.89111982084919 5.89111982084919 5.89111982084919 4.96212258066048 4.15480637054258 5.89111982084919 5.89111982084919 5.48813265004901 2.23243367154222 3.03734708527808 5.89111982084919 5.80862559385286 4.81957830324235 4.21783864030884 4.09250723000323 3.18876142161064 3.97007432763748 4.96212258066048
-9999 -9999 -9999 4.09250723000323 3.97007432763748 3.61950371680382 2.98804512959271 3.137698363624 2.79650503658462 3.45323328192204 4.03093269165433 2.35509615375113 1.74794635563987 2.79650503658462 3.61950371680382 2.03732517324984 1.74794635563987 1.74794635563987 2.35509615375113 1.74794635563987 1.81777203032619 3.73363712059242 4.68033061140376 4.47747308934982 4.54430326584083 5.89111982084919 5.89111982084919 5.89111982084919 5.89111982084919 5.89111982084919 5.89111982084919 5.89111982084919 5.89111982084919 5.41032557257279 4.81957830324235 5.64650445458608 5.89111982084919 5.56685535239686 4.41142100761086 2.84355297015837 4.41142100761086 5.56685535239686 5.89111982084919 5.41032557257279 3.79171311834683 3.79171311834683 3.97007432763748 5.89111982084919
-9999 -9999 -9999 -9999 4.01163715298529 3.61950371680382 4.09250723000323 4.09250723000323 2.750004318196 2.23243367154222 3.50800951907479 2.70404445032489 1.74794635563987 2.1140019075001 4.09250723000323 4.09250723000323 2.5254885037241 1.74794635563987 2.03732517324984 3.08722922079168 3.61950371680382 4.09250723000323 4.09250723000323 4.09250723000323 4.68033061140376 5.89111982084919 5.89111982084919 5.80862559385286 5.89111982084919 5.89111982084919 5.48813265004901 5.89111982084919 5.56685535239686 5.89111982084919 5.89111982084919 5.89111982084919 5.89111982084919 4.96212258066048 5.80862559385286 3.39909414796335 1.42230623515377 4.09250723000323 5.41032557257279 5.56685535239686 2.39694963760656 4.09250723000323 5.41032557257279 4.28161266668369
-9999 -9999 -9999 -9999 3.84063150892456 4.03093269165433 4.09250723000323 3.29269763519053 1.96242194835937 1.81777203032619 2.35509615375113 2.5254885037241 2.19249367522998 2.5254885037241 4.09250723000323 4.09250723000323 2.19249367522998 1.74794635563987 2.19249367522998 2.89115455848353 3.08722922079168 3.50800951907479 4.09250723000323 4.09250723000323 4.34613717857486 5.48813265004901 4.96212258066048 4.54430326584083 4.47747308934982 5.48813265004901 4.09250723000323 4.81957830324235 5.03465525611257 5.48813265004901 5.89111982084919 5.89111982084919 5.89111982084919 5.89111982084919 5.89111982084919 5.257414916725 3.08722922079168 5.89111982084919 5.80862559385286 5.89111982084919 4.68033061140376 2.750004318196 4.28161266668369 4.15480637054258
-9999 -9999 -9999 -9999 -9999 4.09250723000323 4.09250723000323 3.61950371680382 3.39909414796335 3.97007432763748 4.09250723000323 3.50800951907479 3.61950371680382 2.70404445032489 4.09250723000323 3.61950371680382 1.96242194835937 1.81777203032619 3.97007432763748 4.09250723000323 2.5254885037241 3.18876142161064 3.39909414796335 4.09250723000323 4.15480637054258 4.34613717857486 4.47747308934982 5.80862559385286 4.81957830324235 5.18229132048934 4.47747308934982 4.09250723000323 5.257414916725 5.56685535239686 5.89111982084919 5.89111982084919 5.89111982084919 5.89111982084919 5.89111982084919 5.89111982084919 3.85047254786238 4.81957830324235 5.89111982084919 5.89111982084919 5.89111982084919 4.68033061140376 4.47747308934982 4.21783864030884
-9999 -9999 -9999 -9999 -9999 4.09250723000323 4.09250723000323 4.09250723000323 2.98804512959271 3.08722922079168 4.09250723000323 4.09250723000323 4.09250723000323 2.61372217674148 2.70404445032489 2.61372217674148 1.74794635563987 1.88925099147368 4.09250723000323 4.09250723000323 4.09250723000323 3.79171311834683 4.09250723000323 4.09250723000323 4.09250723000323 4.09250723000323 4.28161266668369 5.18229132048934 5.89111982084919 4.41142100761086 4.28161266668369 4.09250723000323 4.81957830324235 5.89111982084919 5.89111982084919 5.89111982084919 5.72709085838503 5.72709085838503 5.64650445458608 5.80862559385286 5.80862559385286 3.34558470704241 5.89111982084919 5.80862559385286 5.89111982084919 5.56685535239686 5.89111982084919 4.61191909093811
-9999 -9999 -9999 -9999 -9999 -9999 4.09250723000323 3.71922397380273 3.137698363624 3.97007432763748 3.73363712059242 3.18876142161064 3.08722922079168 1.96242194835937 1.74794635563987 1.74794635563987 1.74794635563987 2.1140019075001 4.09250723000323 4.09250723000323 4.09250723000323 3.90992380811883 2.84355297015837 2.84355297015837 3.137698363624 4.09250723000323 4.15480637054258 4.09250723000323 4.81957830324235 4.61191909093811 5.257414916725 4.09250723000323 4.34613717857486 4.54430326584083 5.72709085838503 5.18229132048934 5.3334225589291 5.03465525611257 5.257414916725 5.18229132048934 5.89111982084919 2.84355297015837 2.70404445032489 4.61191909093811 5.10804148787089 5.64650445458608 5.80862559385286 5.80862559385286
-9999 -9999 -9999 -9999 -9999 -9999 -9999 1 1.1960446027501 1.81777203032619 2.19249367522998 3.73363712059242 4.09250723000323 3.85047254786238 2.35509615375113 2.5254885037241 3.08722922079168 3.08722922079168 4.09250723000323 3.29269763519053 4.15480637054258 3.56343068905016 2.03732517324984 2.1140019075001 3.137698363624 3.45323328192204 1.88925099147368 2.35509615375113 4.15480637054258 5.257414916725 4.41142100761086 4.28161266668369 5.41032557257279 5.41032557257279 5.80862559385286 5.64650445458608 5.18229132048934 5.257414916725 4.41142100761086 5.18229132048934 5.89111982084919 5.89111982084919 4.15480637054258 4.21783864030884 3.61950371680382 3.97007432763748 5.18229132048934 5.80862559385286
-9999 -9999 -9999 -9999 -9999 -9999 -9999 -9999 1.34667690080666 2.33952678212779 1.24444408135983 1.61310208445964 4.09250723000323 2.98804512959271 2.19249367522998 2.35509615375113 3.29269763519053 2.61372217674148 3.97007432763748 2.70404445032489 4.09250723000323 3.56343068905016 4.41142100761086 2.48213998248711 3.97007432763748 3.73363712059242 2.98804512959271 3.73363712059242 4.09250723000323 4.15480637054258 4.09250723000323 5.03465525611257 5.64650445458608 5.48813265004901 5.89111982084919 5.56685535239686 5.18229132048934 5.89111982084919 5.64650445458608 5.89111982084919 5.64650445458608 5.89111982084919 5.89111982084919 5.89111982084919 4.61191909093811 5.41032557257279 4.68033061140376 4.15480637054258
-9999 -9999 -9999 -9999 -9999 -9999 -9999 -9999 -9999 3.37226117562943 1.29399435945079 1.42230623515377 3.73363712059242 2.61372217674148 2.35509615375113 1.81777203032619 2.70404445032489 1.96242194835937 1.81777203032619 2.79650503658462 4.09250723000323 3.18876142161064 4.21783864030884 4.15480637054258 2.65861914233123 4.34613717857486 4.09250723000323 3.73363712059242 3.90992380811883 4.09250723000323 4.09250723000323 2.93931660565573 3.03734708527808 3.24042569362421 5.257414916725 5.64650445458608 5.80862559385286 5.80862559385286 5.89111982084919 5.80862559385286 5.89111982084919 5.89111982084919 5.89111982084919 5.89111982084919 5.89111982084919 5.89111982084919 4.96212258066048 2.43929564851769
