0,41.3588194795031,41.4605658144485,44.5972431851495,53.4414828342524,53.4234228244834,60.233864926711,54.7083593619748,82.7895450718241,82.8490711973387,102.941533249588,81.2350334337509,81.6546732508256,86.8926839713217,91.5020818790821,92.2634268997179,67.2572329602653,71.408168896882,72.2961433907273,66.7689722102752,63.3963825486086,61.6964789224544,63.2501141702332,92.1728327760879,97.2096576398431,98.2109617790271,91.839113890514,92.4630117273028,72.3863741147564,94.303088326017,93.3889137455268,98.0645035970821,95.1449357018065,59.1067511996801,88.6430886328274,90.0667228704651,76.1370636307916,111.799219895703,110.591493517985,109.398500166395,114.567303796485,115.035853742196,115.106727586624,115.716610627771,108.398856098405,111.662018012412,101.882878478674,111.352855472589,101.195900634013,107.555240666188,109.954408439193,65.1113582515325,69.9686373513634,66.3470231406507,66.1508103096969,62.8607328438403,63.8555875542879,64.7641267949741,63.2881468289461,64.3135865934805,65.9041478891071,67.8432517091031,63.5551992853513,81.0207136940631,75.5582707396229,86.4115365814402,107.621628701294,105.57387186999,105.976785663222,112.746749880654,114.75452818493,116.664132240309,105.880612207313,108.71750153631,116.251295028746,84.4474912651743,86.4550166374898,93.7903642246378,68.7548854364005,66.4768977112331,85.5981122994616
41.3588194795031,0,45.7439046245732,40.6093903244369,44.442276886673,55.2366529146924,61.1974479337456,52.9672716909003,82.3930440310472,82.4611609240364,103.801429196885,80.865191062273,81.2722055821365,86.5123561168093,92.5665372442565,93.2405953207071,67.3167895107756,71.5209104484605,72.3587936470722,66.8896862203173,64.6409255353872,63.0576526229465,64.6132077933268,92.7289770128298,98.2107922929907,99.1942305722724,92.1624251640339,92.8615606259368,73.5329203004746,93.9079800352855,92.9750810255006,97.7049746882352,96.145922774415,60.5248586911324,89.5842461859884,91.0120470023753,75.7869656847019,112.696637241531,111.492524239653,110.294251708294,115.441891076995,115.909503784468,115.976664211654,116.585879620651,109.270870788994,112.540657774809,102.75720603465,112.228973385108,102.071487278238,108.429677023864,110.835507227744,65.5550344139472,70.4364844378099,66.8730635205177,66.4477405534121,63.6723557282597,64.6611944137987,65.5185533245829,65.0767719241442,65.7696293349424,67.5459773546817,69.5450373336242,65.506572339131,81.0169435169584,75.3511823095946,86.5980136335679,108.539872213639,106.501073971518,106.900079608037,113.666405438691,115.611390560453,117.521008073734,106.748113452408,109.5860283233,117.095329127833,85.0643738372806,87.0847411577767,94.6367398165199,69.7728420863518,68.5430122356718,85.1070991932057
41.4605658144485,45.7439046245732,0,54.1410689295241,57.8377074236746,41.4836688606693,53.2150431574951,45.2734246243686,83.7309288512888,83.7718532422054,103.199982083027,82.3134180064364,82.7281357522878,87.9050100594049,91.8276370766779,92.4749370084281,68.8625053245029,72.9770542861771,73.8802852715043,68.354555727202,64.8099664437837,62.8781404334548,64.521105290306,92.0777263941312,97.6527221729444,98.6260131191326,91.7313566526858,92.3432281600967,72.9356097770689,94.583671897241,93.6430600568971,98.6005036552557,95.5547859374355,60.109672278636,88.7911830149531,90.1967586038054,77.2753144552131,112.088121231353,110.885016153416,109.688661588662,114.828026079684,115.297169195893,115.362513526042,115.973253898547,108.667659730016,111.937529369037,102.155244997732,111.625488453043,101.470041871009,107.826786494414,110.232754903653,66.6591015373373,71.5354926269687,67.8574627846932,67.7561470633847,64.2277685881789,65.2548488202053,66.2048193555925,61.0208452817461,65.778038940943,67.3131208229257,69.4884561103223,65.1365347051902,82.5336131442148,73.5510639509887,86.114910538169,107.94808088537,105.911714800162,106.309416548924,113.07444529092,115.004848898997,116.913399471081,106.144400749296,108.981702703204,116.487225688075,84.0195689265389,86.1085164181817,93.8694886605464,67.8349143054269,67.1436145411153,86.5080161086068
44.5972431851495,40.6093903244369,54.1410689295241,0,39.0513854100184,60.3065349874976,64.4532049960287,59.0348448202122,80.0555081196556,80.1437512333425,102.20697709099,78.3712942873489,78.784576350156,84.0934777572605,90.9150347411422,91.6897487670633,64.247991055559,68.5015236892497,69.3155656165739,63.8513523875964,61.982213680528,60.6498624516707,62.1215482831094,91.4561839956648,96.4482872832544,97.4572835515105,90.907715012925,91.6156265629237,71.680846113517,92.3108130235281,91.4100394895573,95.8180537162753,94.4143150732427,58.2969537482105,88.0898316615657,89.5338514137967,73.2249422403797,111.074554784193,109.866242666226,108.67101052647,113.84539966641,114.312470268594,114.384652672508,114.993086926052,107.667014409472,110.930708397236,101.150108755125,110.621639677151,100.462775747366,106.823328672621,109.222981277949,62.5995303838313,67.4634969340724,63.9701357755375,63.4076190494836,60.9645916507862,61.9198883737665,62.72577940554,65.3902051962054,63.1227224136263,65.0088403544586,66.811530553168,62.9188830582976,78.0510574230183,75.8807707210301,85.5335461493538,106.88358788559,104.834427282863,105.238176109921,112.008993837816,114.024328353208,115.934903716467,105.148814021086,107.986355661065,115.521336645072,84.0829532567724,86.0314528797589,93.2038677779618,69.1722859836654,66.7548897470983,82.8155120405244
53.4414828342524,44.442276886673,57.8377074236746,39.0513854100184,0,62.2385051419563,65.5865491563374,59.6574274956359,79.3049613818325,79.4029523895786,102.660983888801,77.6447664935944,78.0444870932568,83.3576633991807,91.5480704568632,92.2440757584817,63.9809066392613,68.2851622805238,69.0493436558733,63.6450885717646,62.8703923420678,61.5991585403305,63.0881072383913,91.6376887798619,97.032831275683,98.025130190516,90.8825263454618,91.658007598147,72.3941121211075,91.6011335262811,90.6852952737304,95.1231094821045,94.9972643414497,59.2710126934298,88.6111494212947,90.05812140336,72.5183601736342,111.56258706473,110.357605283612,109.157621199754,114.312436905247,114.778699812171,114.847440219605,115.455311746545,108.132035308394,111.401780978346,101.617281967207,111.090398216549,100.931115620677,107.290571069652,109.6963113368,62.7188132526183,67.6121198342126,64.1665877566323,63.3867030797569,61.4247972905344,62.3799286812067,63.1422651247828,66.5404748478452,64.211655393928,66.2423245971832,68.1546876284487,64.4439334367357,77.710636365965,75.6810227865145,85.4032067257962,107.391211900261,105.35031679871,105.7504509763,112.51790064,114.475414483636,116.385970834771,105.609697939336,108.448156809158,115.960669378345,84.3281805452291,86.2843805431244,93.6413344465263,69.7577537335587,68.1921580071076,81.9663909878483
53.4234228244834,55.2366529146924,41.4836688606693,60.3065349874976,62.2385051419563,0,41.2311103901719,40.9642283667848,84.190104436757,84.2126783701973,102.997700932198,82.8994893785478,83.3105938655939,88.4296563552129,91.7048154289598,92.230388011808,69.927185861884,74.0104824653074,74.9265521999145,69.4026335920778,65.746553894184,63.6206689968514,65.3441072321319,91.5015163608397,97.6424914375721,98.5868073943207,91.1400300440165,91.7393918601648,73.0433267949582,94.4127022356423,93.4481340841113,98.6718768227957,95.5114126836964,60.6942599532935,88.4797854611472,89.8671584746872,77.9163325268503,111.918050393936,110.719763379156,109.519807766439,114.628532985333,115.098248471109,115.157842236891,115.769433633248,108.476299935947,111.753207078629,101.96758178612,111.438157181335,101.284223247858,107.638293850545,110.051395320113,67.6783447793998,72.5713985203316,68.8458289608498,68.8229362540117,65.0967904783009,66.1524276885346,67.1372869776339,58.0902622523727,66.7803136517025,68.2924766002516,70.6731561880462,66.3081469337577,83.5163732062073,70.7695166917662,85.3244156053392,107.816806814375,105.792304006809,106.184585164521,112.94448329782,114.794194806738,116.701672312938,105.947794118513,108.785549297928,116.261510641274,83.0827066945203,85.2614634836701,93.4828051562739,66.3630237432742,67.547713918107,86.9468427063798
60.233864926711,61.1974479337456,53.2150431574951,64.4532049960287,65.5865491563374,41.2311103901719,0,45.0206119898852,84.1649685914794,84.1693079363797,102.308597527021,82.9916062575501,83.4004235445353,88.4647124693271,91.1054825672529,91.5025750929147,70.4515831233136,74.5072650096164,75.434724546656,69.9123101881436,66.1780579124476,63.8877824935848,65.6836497007077,90.420389785055,97.151273024813,98.0658534229821,90.0446750604478,90.6296666277682,72.6798548737957,93.7874253549455,92.8019391793733,98.2748749411252,94.9871166827132,60.8213806223081,87.6820621063924,89.0511007819215,78.058742676686,111.262484676272,110.069171864057,108.865435821638,113.942557275886,114.412835800693,114.46649868088,115.078943302742,107.798544858478,111.082743842512,101.293631234882,110.764582914714,100.612173027929,106.963503440176,109.383994540476,68.1629637446063,73.0705186026641,69.3037609731196,69.3487041858432,65.4513208444581,66.5326066897796,67.5477397433523,54.6782352705983,67.283133700254,68.7924016283668,71.3484934894897,66.9992728314604,83.9681799860765,67.0920176480214,84.0191476707562,107.201051144096,105.18878260566,105.57547887359,112.33009243865,114.096504173875,116.002888028526,105.264611602613,108.102848560288,115.548232271749,81.6062171340651,83.8850507552858,92.6042369826722,64.3021767404251,67.6254832627074,86.9130567515315
54.7083593619748,52.9672716909003,45.2734246243686,59.0348448202122,59.6574274956359,40.9642283667848,45.0206119898852,0,83.3299059339829,83.3587135103348,103.380767302076,82.0830764245973,82.4815015229409,87.5948329559144,92.3026837980258,92.751555552137,69.5477528534844,73.6741469938648,74.5480612701278,69.0744722570162,66.3550555029148,64.3660581820684,66.0734514181571,91.5958379354903,98.1533162634829,99.0821637635384,90.9703461397805,91.6561129245134,73.6925103837365,93.4513902478776,92.4597716929969,97.7949522088014,96.026823349247,61.5216840513016,88.9718842793725,90.3671794129325,77.1256893111916,112.337918435314,111.142912034168,109.937636142918,115.027514522726,115.496099029915,115.552443077039,116.16316079751,108.87117288262,112.15437153022,102.364461609959,111.83697727991,101.682221263704,108.035421479445,110.454841310832,67.6273740067542,72.5392208522002,68.8663091971172,68.6463037001187,65.3687471035158,66.4151298428895,67.352998256896,60.6751503076394,67.5389061332661,69.2030224315306,71.5671074473393,67.3991951919566,83.0734030424873,69.6059677486563,84.9844191230567,108.253903322545,106.237549834264,106.626313070399,113.382948958955,115.175166232458,117.082822745969,106.338449942643,109.17727635571,116.630515670284,83.2883221473833,85.4729427582407,93.8801075351032,67.1900883334004,69.0340659078215,85.9860651212454
82.7895450718241,82.3930440310472,83.7309288512888,80.0555081196556,79.3049613818325,84.190104436757,84.1649685914794,83.3299059339829,0,25.1087356504436,105.374873601252,48.5520516891063,47.5765538379229,45.7241371681169,96.1879710948057,96.2073570136332,61.5755124071274,65.6691416601195,66.1523168905584,61.5490878292728,69.9643515808883,68.7725452660827,70.4614971472599,92.0173027420578,101.095305046322,101.91986170038,88.823101248401,90.5047749595067,77.6656661974262,79.6822688958237,79.5804553399435,74.9438478059329,99.0655080010856,66.4817494063786,92.3140581789598,93.8207879714043,47.9722804811612,114.653739941456,113.48287137744,112.229111092305,117.187930883992,117.642927756643,117.678084900658,118.277260550955,110.967775196634,114.302524585212,104.474184856517,113.966813356847,103.799773677168,110.149708234111,112.620755361621,64.1619951243921,69.5043056971261,66.1415086896978,63.8883578843106,65.3259126269596,66.3620364119143,66.8766495738543,78.5567088356945,72.480264960226,75.1576495704499,77.8122374380161,74.8266097865558,71.9213064269784,85.5088180863861,84.4401815530317,110.668964382464,108.713659566597,109.07667576337,115.80965460709,117.167109200076,119.079417764684,108.401735123678,111.251104506392,118.529116349291,87.0995056078124,88.7113514610991,96.5233812084431,76.740165742042,78.072537926981,54.3443339258761
82.8490711973387,82.4611609240364,83.7718532422054,80.1437512333425,79.4029523895786,84.2126783701973,84.1693079363797,83.3587135103348,25.1087356504436,0,105.224952289076,49.0898421655243,48.6355922605596,46.9102227896311,96.1007527899343,96.0909664542387,61.7720823640541,65.8533198957652,66.3455214071059,61.7347879965669,70.0311177179625,68.8161121232643,70.5125123446051,91.7693862261837,101.005575443703,101.822112051032,88.5002271891893,90.209376286551,77.6178585440124,79.2812280611775,79.2182336332136,74.1182005330775,98.9721600129085,66.5071579165125,92.1846580848392,93.6915531505536,48.184482288716,114.518586328541,113.349226122165,112.093460788335,117.043358413733,117.498052286165,117.531641396096,118.130618507909,110.822683723161,114.160115581322,104.330096002077,113.823366062341,103.656223078258,110.00561302373,112.479360990214,64.307307351156,69.6477693258885,66.2754482033741,64.0538871640798,65.4196117825341,66.4591199651292,66.9817957010293,78.5205136977093,72.5408883354161,75.2089386287719,77.873489490486,74.8783214052139,72.1059049179835,85.4475854558856,84.1645812942019,110.543277682729,108.591755526754,108.953104184565,115.684525131763,117.015746160127,118.928016312453,108.254793218245,111.104547117393,118.372525159278,86.911480849792,88.515943777965,96.3637726803376,76.6405794891178,78.0836118764248,55.5111428268643
102.941533249588,103.801429196885,103.199982083027,102.20697709099,102.660983888801,102.997700932198,102.308597527021,103.380767302076,105.374873601252,105.224952289076,0,104.532306869856,105.018292927896,109.812697331525,88.2469752004089,85.5115129893074,92.0326748693915,95.6810896758756,96.9084517523949,91.125546069595,84.4496758550985,80.4230780649258,83.1964861542427,92.2322334323871,73.9011931823378,70.3185690149945,97.6234087559038,96.7727220090583,72.8371747049593,113.520621463312,112.825330220349,117.714939167798,77.2407410138287,75.9322179590781,82.1127619551523,84.8270056627468,99.7170010376822,66.0801973561892,65.3579890800507,60.3433736241717,68.3519915431594,66.9293376457495,68.6037296444945,67.342339749336,45.3048287184526,51.621709195457,37.5324341783713,50.6866602181194,36.6186896581485,45.0161707838904,50.6002935233359,87.73936964739,92.7293821409389,88.2741832207211,89.905842981578,82.1076641344243,83.6598462769257,85.2409445174162,92.5390379387025,86.8638534077377,88.8930891440112,92.9150790547985,89.3492411456469,105.449531355787,103.741782589283,98.3150229799523,58.718686964556,59.9558690931108,59.0859546329588,64.7403061508476,55.6417879985753,59.6365781736106,42.016290202001,46.5956111661857,61.7695926115451,94.3251692001663,94.4703950577426,85.167927757758,86.6772417980767,89.385726302925,108.896100417791
81.2350334337509,80.865191062273,82.3134180064364,78.3712942873489,77.6447664935944,82.8994893785478,82.9916062575501,82.0830764245973,48.5520516891063,49.0898421655243,104.532306869856,0,30.0484028587941,44.9824884826509,95.0305474495959,95.2238627041455,57.9674327762579,62.0173349846593,62.4616172970862,57.98337339521,67.8307438798271,66.7992637941599,68.4464887788468,91.7815692804588,99.9094395708487,100.780965385707,88.9799699502458,90.5268090174375,76.2535846224256,81.5312096947267,81.3059234019947,78.2608674178857,97.9082958363317,64.6379764841723,91.4125171935387,92.923991800908,36.3410383442398,113.732261677456,112.552788235844,111.309470707905,116.319965732592,116.77614214808,116.820515586633,117.42029342727,110.099269660124,113.419261735803,103.59978240411,113.089364396195,102.922255704158,109.275631267141,111.731803327723,61.1705352968964,66.568646342107,63.2538873840442,60.7236989478572,62.829333306086,63.8497933352979,64.2972745248,77.46226916171,70.4387712196584,73.2033279979203,75.8177300506462,72.9207208659514,67.7289975226001,84.8495853652433,84.5829763685331,109.690444264474,107.713641215385,108.086202645447,114.828122727233,116.334131079656,118.247001387592,107.543550188055,110.391003282692,117.725397472026,86.697557054601,88.314954355467,95.7889262719262,75.9285374187945,76.4452532207309,59.3548577724327
81.6546732508256,81.2722055821365,82.7281357522878,78.784576350156,78.0444870932568,83.3105938655939,83.4004235445353,82.4815015229409,47.5765538379229,48.6355922605596,105.018292927896,30.0484028587941,0,43.0979883593001,95.5165189541935,95.7054937881561,58.6415288409151,62.7207139687763,63.1603484667032,58.663992470882,68.3474973479869,67.309606690899,68.9570138885418,92.2497320147891,100.402226615586,101.27264750899,89.4460342291454,90.9922892096134,76.7487307281476,81.833343210977,81.5973178301087,78.6438826813401,98.3993595280286,65.1423025663182,91.8915048743273,93.4020804879933,39.5505156695818,114.219065672036,113.039762386414,111.796377539427,116.805743572996,117.261972997176,117.306127024419,117.905966606677,110.585544790589,113.905752908319,104.086198937697,113.575755746971,103.408740188625,109.762001053808,112.218393300815,61.7748684418469,67.1628553059066,63.8499180133155,61.339868309542,63.3901364897572,64.4098839573678,64.8619792194571,77.8942140385056,70.9441306409799,73.7019197998555,76.313458334933,73.4097866692221,68.5617476336015,85.2354732633511,85.0168572317181,110.178803713527,108.202415588717,108.574783185327,115.316518398442,116.819738822332,118.732550611788,108.029653933682,110.877106389777,118.210506123031,87.1451296740895,88.76734720471,96.2654968140571,76.3690292124775,76.924162207139,58.555359426439
86.8926839713217,86.5123561168093,87.9050100594049,84.0934777572605,83.3576633991807,88.4296563552129,88.4647124693271,87.5948329559144,45.7241371681169,46.9102227896311,109.812697331525,44.9824884826509,43.0979883593001,0,100.472019865414,100.57826173111,64.6091132738503,68.6791187375137,69.1427002036832,64.6039887338219,73.7571608225479,72.6468128316954,74.3148184302915,96.7600052949496,105.362862282653,106.210787340531,93.7595655411346,95.3753310102599,81.8215674346042,85.5994431701952,85.436447178277,81.6341955813553,103.347739502736,70.4218330666105,96.7261356847707,98.2355546116408,47.8394884451878,119.052750433284,117.877613420826,116.628972109762,121.613474362757,122.069022243662,122.108768460487,122.70820978123,115.392832883706,118.720295884221,108.896306511247,118.387461789895,108.22034718176,114.572009230061,117.035710766208,67.5130610921193,72.8843567134665,69.545801886228,67.1506950264171,68.9307768061835,69.9590933019908,70.4394006291878,82.8898738195031,76.3210944058305,79.0434344166928,81.6782706734244,78.7384103153261,74.6497393756986,90.0764607763291,89.3880445637303,115.039495781384,113.0735327993,113.441285366229,120.178702312156,121.609775038387,123.522383764577,112.831897634344,115.680333695952,122.986261844959,91.7706706962054,93.3829829150586,101.018165810596,81.2117128911901,82.1262956551995,62.2893264087756
91.5020818790821,92.5665372442565,91.8276370766779,90.9150347411422,91.5480704568632,91.7048154289598,91.1054825672529,92.3026837980258,96.1879710948057,96.1007527899343,88.2469752004089,95.0305474495959,95.5165189541935,100.472019865414,0,63.9063914292899,80.9214701571061,84.5216024809745,85.8156222744089,79.9347106573148,71.6804568836047,67.2443026138934,70.157629230101,88.3871316406057,80.9353847225484,81.8888572480504,92.9058523321625,92.2191837677848,53.8600148008197,105.529633331981,104.778015305222,109.546995776162,76.7818183518363,62.3133129697344,66.7562931119737,68.8437630444194,90.0691429204521,95.8762716503316,94.609531456029,93.6375963616851,99.0912669122262,99.6354372545657,99.7538056728981,100.429526825318,93.3461306701603,96.4435274397116,86.8174452401314,96.1856995199448,86.1182884651554,92.4526683697901,94.6873174447648,76.0379536540668,80.9930474197731,76.4487051259614,78.4174776738058,69.8307843777702,71.4008298556605,73.0704925258639,80.9173561346043,74.0316481514587,75.95448447288,80.1945035411718,76.5559937789414,94.5615708070096,93.4739128988587,91.3722372570473,91.8726946768309,89.7042109654199,90.1483929829109,96.9531186550315,99.9848188441043,101.863216832853,90.9250246969952,93.7150659019274,101.774334347959,85.766304360593,86.251133697032,78.9800368805555,75.4409356384516,76.0525089996943,99.6069723744422
92.2634268997179,93.2405953207071,92.4749370084281,91.6897487670633,92.2440757584817,92.230388011808,91.5025750929147,92.751555552137,96.2073570136332,96.0909664542387,85.5115129893074,95.2238627041455,95.7054937881561,100.57826173111,63.9063914292899,0,82.058122214821,85.7058058987137,86.9468022144962,81.1350513040467,73.7633297871755,69.5826498773572,72.3728956647219,84.9738959997922,81.4482251035576,81.8670795079035,90.4663217508349,89.5358077296283,60.5086267850013,104.825598489334,104.08256045087,109.028031003372,76.833234763221,64.8812643995785,50.694022144815,55.8037090902713,90.3439055668657,93.3184642659732,92.1360024841159,91.175823887615,96.0519986871148,96.6458038586647,96.6506558063143,97.3784905992319,90.690623566661,93.8708280063392,84.2376820597343,93.5689189351765,83.5734332291871,89.8385574175081,92.1587851765484,77.6109416310661,82.5774308618795,78.1247429377322,79.8185513399825,71.8923410603023,73.4129443196765,74.9991633996997,81.2238405755666,76.0257559767733,77.9320835351434,82.0222032221235,78.3462245773327,95.5732213689042,93.2489103358697,89.6179767628143,90.2127560481099,88.2448917385626,88.5928517004959,95.3048302620706,97.0235126786598,98.8619885211621,88.1962761795514,90.9751494258029,98.6073505019877,83.6881646354725,83.8405570822993,71.5480329584916,74.9135665152063,77.8195676386409,99.640707184895
67.2572329602653,67.3167895107756,68.8625053245029,64.247991055559,63.9809066392613,69.927185861884,70.4515831233136,69.5477528534844,61.5755124071274,61.7720823640541,92.0326748693915,57.9674327762579,58.6415288409151,64.6091132738503,80.9214701571061,82.058122214821,0,29.2742973998594,24.6135691476627,21.3886143339963,48.5169888901708,48.3164341861443,49.8099785858445,82.5698845135482,85.5342184253462,86.664903887041,81.7478164744211,82.6237772794427,60.7064445438943,80.5549853971313,79.9353695404983,81.5074641983024,83.7083567197266,46.8832575802509,78.7001888725228,80.2489280680621,51.7685792921691,100.81126845325,99.5848555293521,98.3967265984834,103.690324882173,104.152008261464,104.247049708287,104.849229136571,97.4607908400277,100.701192333495,90.9288162511076,100.402832515655,90.2342055288676,96.6069415503132,98.982857034405,34.4071331946992,40.4934271924933,37.3997474669884,32.1821915804819,40.1620926188058,41.1521820843815,41.1304394135361,64.7087245730031,51.9424831822435,55.2771698205545,57.8823386923259,55.5372455080339,43.8938994440868,74.541927269058,77.345506756623,96.4524647095919,94.3583888815912,94.7831495446993,101.574009180277,103.888992788809,105.805477731673,94.9609818373715,97.7984471042234,105.438816236499,76.813829075312,78.4181502798738,83.9594287293548,64.2085912689733,60.4000009839499,65.6776906862717
71.408168896882,71.5209104484605,72.9770542861771,68.5015236892497,68.2851622805238,74.0104824653074,74.5072650096164,73.6741469938648,65.6691416601195,65.8533198957652,95.6810896758756,62.0173349846593,62.7207139687763,68.6791187375137,84.5216024809745,85.7058058987137,29.2742973998594,0,28.1142464144055,20.3951788515677,52.0194735849398,51.7772627541267,53.3118835890522,86.3934989167139,89.0817251004727,90.2272469240027,85.6372711066673,86.4938764447167,64.2158459277038,84.6414598495848,84.0261136859468,85.5844807501687,87.2719300014519,50.3601023496862,82.3738433728775,83.9282144265378,55.7676346026545,104.440407802358,103.211495015525,102.025688479212,107.334790840239,107.796445054578,107.894323616854,108.496323522239,101.102734512341,104.339213673884,94.5689181110686,104.042471989389,93.8733664991129,100.247339135048,102.619288652265,36.5991549854184,43.2084725996091,39.5068553385584,35.2297226236222,42.7892186729242,43.867238457876,43.8351841257997,68.6346161200658,55.5811458055813,58.9435293496495,61.6340940873767,59.3027873197511,42.4358286645168,78.576659009074,81.2811648509611,100.062699641227,97.962378505889,98.3899642844072,105.183487641093,107.541077097985,109.45794707651,98.6057685024434,101.44286403402,109.09898489023,80.6718889045817,82.2632223637066,87.6708596157352,68.068394169102,64.1153722061528,69.8704904656549
72.2961433907273,72.3587936470722,73.8802852715043,69.3155656165739,69.0493436558733,74.9265521999145,75.434724546656,74.5480612701278,66.1523168905584,66.3455214071059,96.9084517523949,62.4616172970862,63.1603484667032,69.1427002036832,85.8156222744089,86.9468022144962,24.6135691476627,28.1142464144055,0,23.0843125536141,53.4996321266466,53.2645819564769,54.77508874358,87.4294945803994,90.4185972289214,91.5483470567717,86.5869971708325,87.4706160465684,65.60374439304,85.3243617429475,84.7123930382909,86.20333187922,88.5938327728707,51.8189216402195,83.5871220564321,85.1366907356897,56.2010152422637,105.689925825699,104.463736069344,103.275173060966,108.567542797399,109.029110729662,109.123949125092,109.726032143816,102.337482829201,105.578350198865,95.8056315460933,105.279823513687,95.1110933058933,101.483794479344,103.860176730626,39.1614494580326,45.4158659362757,42.0915428529478,37.3144224020815,44.9399639868891,45.9619463515175,45.9507751930985,69.6638037817466,56.9471162821186,60.2757184587822,62.9071324622634,60.5520280951863,45.8710362725758,79.4736990167641,82.1955776074815,101.33206198747,99.2385423734372,99.6630681513042,106.453711765929,108.764722229947,110.681243066321,99.8373708650176,102.674928508731,110.313691573738,81.6948419589946,83.2961502460756,88.8394504959977,69.1256660512901,65.3682319938645,70.3453658439314
66.7689722102752,66.8896862203173,68.354555727202,63.8513523875964,63.6450885717646,69.4026335920778,69.9123101881436,69.0744722570162,61.5490878292728,61.7347879965669,91.125546069595,57.98337339521,58.663992470882,64.6039887338219,79.9347106573148,81.1350513040467,21.3886143339963,20.3951788515677,23.0843125536141,0,47.3034970912317,47.0960124890858,48.6183609250814,81.8925999540404,84.495607262223,85.6452391849119,81.1735605557894,82.0173269104873,59.60669988093,80.2988918974018,79.6756395478894,81.3245128372312,82.6877860650534,45.6980182224542,77.8104444354687,79.3649997126,51.7946327656364,99.8775796352246,98.6478974416339,97.4630702362639,102.776763335922,103.238546163113,103.337239537206,103.939315204178,96.544806135394,99.779943245445,90.0104708581361,99.483725685708,89.3146431215392,95.688908221667,98.0595057628865,31.7904488828234,38.3018868866791,34.8147986194687,29.9136993001304,38.142847449762,39.1940642770859,39.1402004951088,64.0445362244087,50.8690701846721,54.2455052874176,56.9230259224732,54.6072792999754,41.3181686458716,74.0366172690173,76.8144979321503,95.4949266239394,93.3926852531246,93.8211201320387,100.615437725061,102.986336555578,104.903243197997,94.0487723992222,96.8856849374316,104.546886990443,76.1533761909197,77.7454973332391,83.1232477782519,63.5084976562104,59.4650496971915,65.6656599255731
63.3963825486086,64.6409255353872,64.8099664437837,61.982213680528,62.8703923420678,65.746553894184,66.1780579124476,66.3550555029148,69.9643515808883,70.0311177179625,84.4496758550985,67.8307438798271,68.3474973479869,73.7571608225479,71.6804568836047,73.7633297871755,48.5169888901708,52.0194735849398,53.4996321266466,47.3034970912317,0,27.7298560799491,24.4599188205955,78.0182055518876,76.3548896346819,77.7007640865119,78.9593565357103,79.261140340302,50.097896263561,83.448829877674,82.6950352854254,86.2855358732905,74.6262116197743,30.9210218519572,70.8412774770585,72.4180160082009,62.4135753977917,92.8561292206472,91.5892766352032,90.4508343549314,95.9874821184853,96.4547883283237,96.5933543189829,97.1983871067258,89.7559623463784,92.9269973744381,83.196432772325,92.655929017436,82.4872638980967,88.8759637531472,91.181967979218,41.748220573862,46.2718112517573,41.9429516448033,44.6478972704579,35.0648347170257,35.6752175879956,37.1262041200607,58.4434325872611,30.4645579269141,37.1365101428807,41.7592885501225,41.0986698050618,62.9661850787218,71.542276315272,75.0287832959528,88.2333385315746,86.0389403823649,86.5081516832396,93.3406268114458,96.35116561007,98.2703363655406,87.3046188848334,90.1330377246391,98.0388145874802,72.0395789216173,73.5301206843896,76.950359400395,58.0624702916357,48.0237819383428,73.3845755693231
61.6964789224544,63.0576526229465,62.8781404334548,60.6498624516707,61.5991585403305,63.6206689968514,63.8877824935848,64.3660581820684,68.7725452660827,68.8161121232643,80.4230780649258,66.7992637941599,67.309606690899,72.6468128316954,67.2443026138934,69.5826498773572,48.3164341861443,51.7772627541267,53.2645819564769,47.0960124890858,27.7298560799491,0,20.5643561858627,74.7250011462659,71.9595789114248,73.3546390702213,76.0280236912702,76.218026521242,45.2552158671649,81.5652827686634,80.802974688313,84.6214132018497,70.2456016655109,22.8194853607983,66.7775735875555,68.3662076288471,61.4566738139017,88.7438532636067,87.4675476000739,86.3405616230174,91.9342847079675,92.4027569180467,92.5516209100472,93.1571658714101,85.701387196775,88.8563725174362,79.1354046011017,88.591641316137,78.4228407310817,84.8153199553719,87.1051449847082,41.6634014096761,46.3873355773883,41.7609936873277,44.6359476131708,34.1854436234873,35.3089755768794,37.0948279623395,55.5156353607119,32.2679291519524,35.6836668415597,41.6049833928053,39.2999822841615,62.5944693079728,69.0860681064477,72.2694267248769,84.0594380540887,81.8417914167868,82.3213005493523,89.1634182652033,92.335535611752,94.2554438688551,83.2612888455759,86.0876660403278,94.0552761124911,68.8245831081354,70.2629958805412,73.091485974083,54.7571963183938,43.8033017984289,72.1748693951584
63.2501141702332,64.6132077933268,64.521105290306,62.1215482831094,63.0881072383913,65.3441072321319,65.6836497007077,66.0734514181571,70.4614971472599,70.5125123446051,83.1964861542427,68.4464887788468,68.9570138885418,74.3148184302915,70.157629230101,72.3728956647219,49.8099785858445,53.3118835890522,54.77508874358,48.6183609250814,24.4599188205955,20.5643561858627,0,77.1105861421422,74.9476804809423,76.3120724361161,78.2727081666086,78.5038395400066,48.4117417104825,83.4441689265658,82.682030997452,86.4450983116659,73.2084866598053,27.2474961850295,69.5047558353445,71.0803859820747,63.0856752432869,91.560356144662,90.2894504308978,89.1571092569214,94.7174958455257,95.1858908359867,95.328654751114,95.9344610662777,88.4891335566135,91.6527176356038,81.9270578656586,91.384472644357,81.2164999905805,87.6064245817523,89.9049382100116,43.2766771270194,47.9308907878311,43.4546958556932,46.1477401407599,36.290104413489,37.2364426515036,38.8668868908386,57.5236234777726,30.7477778793256,35.5321477986616,41.6822963919417,40.0877953641303,64.1369425373736,71.0289433159347,74.4259112015247,86.9153195137366,84.7110479610666,85.1845391408801,92.0209917546031,95.1013256789297,97.0204751302832,86.0428486043608,88.8700962058163,96.8034299155356,71.1235071101642,72.5922552458551,75.7288455981939,57.0031577773515,45.9534351596971,73.858975532123
92.1728327760879,92.7289770128298,92.0777263941312,91.4561839956648,91.6376887798619,91.5015163608397,90.420389785055,91.5958379354903,92.0173027420578,91.7693862261837,92.2322334323871,91.7815692804588,92.2497320147891,96.7600052949496,88.3871316406057,84.9738959997922,82.5698845135482,86.3934989167139,87.4294945803994,81.8925999540404,78.0182055518876,74.7250011462659,77.1105861421422,0,93.4451576654451,93.4935652603885,71.9824048956031,67.5018988678206,74.223467313299,97.4928231690922,96.8090999563048,102.463911534312,90.8808553494317,70.7488360143575,79.4525509185172,80.952078430676,87.2494742831447,102.609599030854,101.581200444137,100.187570780304,104.250746251292,104.708103212466,104.574310286755,105.185694367234,98.183407792158,101.74005032573,91.7935398865961,101.312833483676,91.1717582861326,97.4526920854143,100.14794620746,79.8351346951294,84.8532880240854,80.7455621544812,81.3792589758257,75.9923324100883,77.3257495793521,78.5970548264069,80.6144521373995,80.0466335006443,81.9685654372639,85.5393763180932,81.8207982755279,95.5556129239758,89.690849041447,77.1127380072088,99.6439776830076,98.0322864597367,98.240918868951,104.828578232486,103.799085758749,105.68573668037,95.4562811340206,98.3258792569868,104.688997944709,73.8584594740585,72.7736272356034,79.7292901328828,72.7307146528482,81.6839420050856,95.5593813334477
97.2096576398431,98.2107922929907,97.6527221729444,96.4482872832544,97.032831275683,97.6424914375721,97.151273024813,98.1533162634829,101.095305046322,101.005575443703,73.9011931823378,99.9094395708487,100.402226615586,105.362862282653,80.9353847225484,81.4482251035576,85.5342184253462,89.0817251004727,90.4185972289214,84.495607262223,76.3548896346819,71.9595789114248,74.9476804809423,93.4451576654451,0,34.1871404866002,97.8435190686744,97.2308802773792,61.5937697560888,110.603164081054,109.876375437195,114.500963120737,64.3556920181241,67.2558815770661,79.500134413671,82.115293587209,94.9327815453282,80.9124348235023,79.0496787449459,77.6507759709253,87.3527296944486,87.5059836901191,88.4076680405494,88.6930080466575,78.3835586822832,80.8476080758041,71.1620633378066,80.9499528911724,70.1363605125084,77.1461513537562,78.7258836967492,80.3520694186602,85.3307430760362,80.6697637729137,82.8764517116985,73.6823956730017,75.3743961952034,77.1373148308895,87.4828649774709,79.0329409035751,81.1567582391511,85.4106595994591,81.9578330489206,99.1949370997228,99.5706678562976,96.901879283156,67.3980299531177,63.1699081284908,64.6770424702748,72.5113783128295,87.4805989552357,89.6641063852706,76.5620262641231,79.4666720272558,90.8627325018029,92.4190648411343,92.9146265172045,85.7462826550209,82.6581779612921,82.2498091482674,104.567099849154
98.2109617790271,99.1942305722724,98.6260131191326,97.4572835515105,98.025130190516,98.5868073943207,98.0658534229821,99.0821637635384,101.91986170038,101.822112051032,70.3185690149945,100.780965385707,101.27264750899,106.210787340531,81.8888572480504,81.8670795079035,86.664903887041,90.2272469240027,91.5483470567717,85.6452391849119,77.7007640865119,73.3546390702213,76.3120724361161,93.4935652603885,34.1871404866002,0,98.0520352302513,97.4003733658294,63.2621654254342,111.239136404318,110.515808592259,115.180743830292,64.9095932414917,68.6751072442046,79.7592508240904,82.4200481115194,95.8264211623694,77.6704758698821,75.7075126399485,74.0858440239834,84.6372660343454,84.6814321098291,85.7388855641753,85.9199084785583,74.7544644765987,77.1168729571982,67.3478172920824,77.293709912458,66.2344822190087,73.4441393649532,74.9180630837684,81.6096384244379,86.5893316740602,81.958770396162,84.0823796629663,75.0906208515734,76.7610319399795,78.4972994415369,88.3713352654781,80.3361630704843,82.4429718284734,86.6649463151355,83.192866752054,100.292235550844,100.348312077984,97.3154547445867,61.2406866596829,56.4082822574648,58.2654217037366,66.437056116576,84.3840001192826,86.6484581195357,73.0561323647035,76.0066809963681,88.077742654176,92.8595992847624,93.3029267893426,85.6673339854073,83.3858407200114,83.434088702231,105.396772850078
91.839113890514,92.1624251640339,91.7313566526858,90.907715012925,90.8825263454618,91.1400300440165,90.0446750604478,90.9703461397805,88.823101248401,88.5002271891893,97.6234087559038,88.9799699502458,89.4460342291454,93.7595655411346,92.9058523321625,90.4663217508349,81.7478164744211,85.6372711066673,86.5869971708325,81.1735605557894,78.9593565357103,76.0280236912702,78.2727081666086,71.9824048956031,97.8435190686744,98.0520352302513,0,56.998578912329,77.6543021661237,92.5885464915402,91.964959302616,97.9491808692976,95.4617145480567,72.3457500497648,85.4313500449851,86.9213835257669,84.6281328715614,107.917368519655,106.860712279691,105.472637242866,109.737960824567,110.18074624942,110.090216562212,110.685031489751,103.548325093266,107.075307332527,97.1338429586529,106.663231909308,96.5008501262247,102.803378218869,105.468255701024,79.7618175166244,84.8122371498508,80.8369014811428,81.0278222706757,76.6922581829477,77.9634072021227,79.1103386783246,81.0002553351681,80.9817116095088,82.9749114047662,86.3504586519088,82.6881449383203,94.4631123136878,88.4561126552085,70.0858872768004,104.695055085543,103.021867172998,103.259462440261,109.874877719156,109.275967407373,111.177843179052,100.846891833498,103.719810430905,110.249954971742,75.4828551876987,75.7368411966589,87.0645330788819,73.8953804203412,83.0001622151927,92.4685138079515
92.4630117273028,92.8615606259368,92.3432281600967,91.6156265629237,91.658007598147,91.7393918601648,90.6296666277682,91.6561129245134,90.5047749595067,90.209376286551,96.7727220090583,90.5268090174375,90.9922892096134,95.3753310102599,92.2191837677848,89.5358077296283,82.6237772794427,86.4938764447167,87.4706160465684,82.0173269104873,79.261140340302,76.218026521242,78.5038395400066,67.5018988678206,97.2308802773792,97.4003733658294,56.998578912329,0,77.2642624121214,94.8343757576466,94.1802657789416,100.093688935453,94.7995375625727,72.4448515573818,84.3727961488904,85.8532322297181,86.113133460211,107.085186202468,106.035177475215,104.646151506444,108.864029867693,109.310338975938,109.209733683745,109.808510449439,102.703681715837,106.237558569784,96.2950484377621,105.821931199258,95.6647205491611,101.962073185899,104.634019749467,80.3989424965178,85.437927232745,81.4225895943365,81.7521020429714,77.0883385398061,78.3771946958764,79.5622560578651,81.3038680719749,81.2760077253015,83.240663377234,86.674012059096,82.9867475271549,95.4312154446401,89.2405912032305,72.3548698330864,103.924987335745,102.266477784601,102.497131252453,109.105886528439,108.405157595305,110.303458596003,99.9962364718334,102.8683339898,109.359698273908,74.6737476851986,74.4553954530661,85.7250481246764,73.8318504034208,83.1363522600587,94.1009961207741
72.3863741147564,73.5329203004746,72.9356097770689,71.680846113517,72.3941121211075,73.0433267949582,72.6798548737957,73.6925103837365,77.6656661974262,77.6178585440124,72.8371747049593,76.2535846224256,76.7487307281476,81.8215674346042,53.8600148008197,60.5086267850013,60.7064445438943,64.2158459277038,65.60374439304,59.60669988093,50.097896263561,45.2552158671649,48.4117417104825,74.223467313299,61.5937697560888,63.2621654254342,77.6543021661237,77.2642624121214,0,88.0776664336875,87.3245915051898,91.7912730757553,58.9119861100769,40.0038276526958,59.5595378699933,61.5862643173502,71.1718638117969,80.335153591617,78.9768414487352,77.972126907633,84.0553539601286,84.5408945693581,84.780147743996,85.3958211678055,77.8583027265668,80.868869607425,71.2420357890784,80.6592575231134,70.5025123379408,76.9194858136794,79.0640555551704,55.0738763272462,60.0216894576014,55.298026110925,57.7605447600264,47.9721438508474,49.6570349752804,51.4865434198005,62.9348937989464,52.7457145290271,54.8016042183477,59.2788882883345,55.8011319747176,74.5306937715509,75.8917077352723,75.4582430696099,75.2396704073797,72.8363815082751,73.3952134895561,80.3108586567122,84.8306246428005,86.7540702187419,75.5167614132899,78.3217080748202,86.8378740006459,70.6303493862879,71.4622016680211,67.9290710357164,58.9004574120141,55.8542077402304,81.0885686574836
