IBR/IBR_outputs/SS_Optim/Soils_Total/Results/Soils_Total.asc
NCOLS 160 
NROWS 95 
XLLCORNER 210004.651214014 
YLLCORNER 7350008.22228844 
CELLSIZE 4999.99999999997 
NODATA_value -9999 
[rows 21 to 41 of 95, columns 48 to 95 of 160]
-9999 -9999 -9999 5.89111982084919 5.89111982084919 4.74954719089073 -9999 -9999 -9999 2.750004318196 4.74954719089073 3.22048328091848 3.50800951907479 3.31185774670207 2.750004318196 -9999 -9999 -9999 -9999 -9999 -9999 -9999 -9999 -9999 -9999 -9999 2.750004318196 2.750004318196 1.99965448665862 1.81777203032619 2.15301822158339 1.74794635563987 1.74794635563987 1.74794635563987 1.74794635563987 1.67973542127675 1.58036544565996 4.09250723000323 2.98804512959271 1.74794635563987 2.61372217674148 3.137698363624 2.1140019075001 2.1140019075001 2.19249367522998 4.21783864030884 4.09250723000323 3.90992380811883
-9999 -9999 4.63463406034739 4.63463406034739 3.61950371680382 2.65077312521954 2.750004318196 -9999 2.750004318196 3.3058614533707 5.48813265004901 5.257414916725 4.15480637054258 2.79845453692414 3.0944031700536 2.750004318196 -9999 -9999 -9999 -9999 -9999 2.750004318196 2.750004318196 2.750004318196 2.750004318196 2.750004318196 2.55403385881391 2.65861914233123 2.89115455848353 1.85330234477991 3.03734708527808 1.74794635563987 1.74794635563987 1.74794635563987 1.74794635563987 2.03732517324984 2.5254885037241 3.34558470704241 2.5254885037241 1.74794635563987 1.81777203032619 2.89115455848353 2.43929564851769 3.61950371680382 2.84355297015837 3.6762366055946 3.50800951907479 4.21783864030884
2.750004318196 2.750004318196 2.750004318196 2.750004318196 2.07543916421251 1.24444408135983 2.2966354302482 3.55170900896141 2.90366433667577 2.84355297015837 2.65861914233123 5.56685535239686 2.03732517324984 1.99965448665862 2.93931660565573 2.750004318196 2.750004318196 2.750004318196 2.750004318196 2.750004318196 2.750004318196 2.48213998248711 1.96242194835937 2.43929564851769 2.70404445032489 1.67973542127675 1.18787753434956 2.03732517324984 3.24042569362421 2.35509615375113 3.08722922079168 2.61372217674148 1.74794635563987 1.74794635563987 1.74794635563987 1.74794635563987 2.750004318196 2.98804512959271 3.34558470704241 1.96242194835937 1.74794635563987 3.34558470704241 4.15480637054258 2.93931660565573 4.15480637054258 3.137698363624 3.03734708527808 3.73363712059242
2.19249367522998 1.85330234477991 1.96242194835937 1.92562246224309 1.24444408135983 1.71364143819558 2.61372217674148 1.33181468539877 1.07863887193148 2.15301822158339 4.41142100761086 1.74794635563987 2.84355297015837 1.58036544565996 1.99965448665862 1.54800966416516 2.19249367522998 2.750004318196 2.65861914233123 2.1140019075001 2.23243367154222 1.67973542127675 1.78265496946565 1.78265496946565 1.64622386618102 1 1.36162630887992 3.97007432763748 2.89115455848353 2.43929564851769 3.18876142161064 4.09250723000323 2.61372217674148 1.74794635563987 1.74794635563987 1.74794635563987 1.81777203032619 2.56934714544731 2.5254885037241 1.85330234477991 2.31372922323682 2.43929564851769 4.15480637054258 3.97007432763748 2.65861914233123 3.50800951907479 4.28161266668369 3.97007432763748
1.3023498013347 1.33181468539877 1.42230623515377 1.64622386618102 4.54430326584083 1.96242194835937 1.99965448665862 2.27284367720557 3.03734708527808 5.89111982084919 2.79650503658462 4.68033061140376 3.6762366055946 4.15480637054258 4.41142100761086 1 1.10547115112643 1.67973542127675 1.51603021322552 1.1600867853383 1 1.02590686586041 1.51603021322552 1.92562246224309 3.39909414796335 2.93931660565573 1.81777203032619 2.39694963760656 3.97007432763748 3.18876142161064 4.09250723000323 4.09250723000323 3.18876142161064 1.81777203032619 1.74794635563987 1.74794635563987 1.74794635563987 2.03732517324984 1.88925099147368 1.74794635563987 2.27284367720557 3.73363712059242 3.56343068905016 4.28161266668369 3.03734708527808 2.03732517324984 3.03734708527808 2.15301822158339
1.1600867853383 2.79650503658462 3.34558470704241 2.19249367522998 1.45318275293908 1.33181468539877 2.65861914233123 4.15480637054258 5.18229132048934 5.257414916725 2.98804512959271 3.79171311834683 2.84355297015837 1.51603021322552 1.24444408135983 1 1 1 1 1 1 1 1.07863887193148 1 1.42230623515377 3.56343068905016 4.68033061140376 5.18229132048934 5.89111982084919 3.73363712059242 3.73363712059242 4.09250723000323 4.09250723000323 1.88925099147368 1.88925099147368 2.43929564851769 1.74794635563987 1.74794635563987 1.74794635563987 1.74794635563987 1.74794635563987 2.70404445032489 2.39694963760656 3.6762366055946 2.19249367522998 2.61372217674148 2.70404445032489 4.03093269165433
1.07863887193148 1.42230623515377 2.15301822158339 2.27284367720557 1.10547115112643 1.27322753747238 1.71364143819558 1.99965448665862 2.93931660565573 3.03734708527808 3.6762366055946 3.137698363624 2.98804512959271 5.18229132048934 5.3334225589291 4.21783864030884 4.47747308934982 1.18787753434956 1 1.21599540603506 1.96242194835937 2.35509615375113 2.27284367720557 1 1.81777203032619 4.74954719089073 5.80862559385286 4.81957830324235 4.89043353378909 3.29269763519053 4.09250723000323 4.09250723000323 3.24042569362421 2.750004318196 2.89115455848353 3.03734708527808 2.65861914233123 2.98804512959271 1.74794635563987 1.74794635563987 1.74794635563987 1.96242194835937 1.74794635563987 2.23243367154222 2.03732517324984 4.03093269165433 5.18229132048934 4.47747308934982
2.15301822158339 3.73363712059242 3.24042569362421 2.65861914233123 2.15301822158339 1.21599540603506 1.71364143819558 5.18229132048934 5.48813265004901 4.68033061140376 5.89111982084919 4.96212258066048 3.39909414796335 5.64650445458608 5.18229132048934 4.41142100761086 3.24042569362421 3.90992380811883 1.74794635563987 1.3023498013347 2.750004318196 3.137698363624 2.84355297015837 3.85047254786238 5.48813265004901 4.96212258066048 3.97007432763748 3.50800951907479 1.96242194835937 2.79650503658462 3.97007432763748 1.96242194835937 2.93931660565573 2.56934714544731 2.5254885037241 3.29269763519053 3.97007432763748 1.81777203032619 2.07543916421251 2.07543916421251 1.96242194835937 1.74794635563987 1.74794635563987 1.61310208445964 3.45323328192204 5.18229132048934 5.64650445458608 4.28161266668369
4.41142100761086 4.15480637054258 4.47747308934982 2.750004318196 2.1140019075001 2.750004318196 1.21599540603506 3.6762366055946 5.56685535239686 5.89111982084919 5.89111982084919 3.45323328192204 5.10804148787089 3.137698363624 2.31372922323682 1.99965448665862 2.65861914233123 2.23243367154222 1 2.15301822158339 2.65861914233123 3.24042569362421 3.18876142161064 5.18229132048934 4.74954719089073 2.19249367522998 2.98804512959271 4.21783864030884 2.23243367154222 3.61950371680382 3.03734708527808 2.48213998248711 4.15480637054258 3.6762366055946 3.18876142161064 2.5254885037241 2.27284367720557 1.96242194835937 1.64622386618102 2.1140019075001 1.74794635563987 1.74794635563987 1.74794635563987 1.74794635563987 1.85330234477991 3.56343068905016 4.09250723000323 4.41142100761086
5.48813265004901 2.27284367720557 3.03734708527808 4.61191909093811 3.24042569362421 3.97007432763748 1.1600867853383 1.81777203032619 3.90992380811883 4.15480637054258 5.89111982084919 4.41142100761086 2.23243367154222 1.51603021322552 1.42230623515377 4.74954719089073 4.68033061140376 2.48213998248711 1 1.07863887193148 2.43929564851769 5.18229132048934 5.48813265004901 2.48213998248711 2.35509615375113 1.85330234477991 2.93931660565573 5.257414916725 2.31372922323682 2.93931660565573 4.81957830324235 3.97007432763748 3.34558470704241 3.39909414796335 4.03093269165433 2.19249367522998 1.74794635563987 1.74794635563987 1.67973542127675 1.61310208445964 3.03734708527808 2.31372922323682 2.07543916421251 1.74794635563987 1.58036544565996 3.24042569362421 3.73363712059242 3.73363712059242
5.18229132048934 5.18229132048934 4.34613717857486 3.18876142161064 5.257414916725 5.03465525611257 2.5254885037241 4.09250723000323 5.56685535239686 5.89111982084919 4.61191909093811 4.89043353378909 2.07543916421251 2.31372922323682 3.24042569362421 5.80862559385286 5.64650445458608 5.64650445458608 1.39178875216832 2.56934714544731 5.03465525611257 5.41032557257279 3.18876142161064 3.79171311834683 2.79650503658462 2.65861914233123 3.45323328192204 3.45323328192204 3.50800951907479 3.08722922079168 2.23243367154222 3.73363712059242 4.03093269165433 3.79171311834683 3.6762366055946 3.137698363624 2.84355297015837 1.85330234477991 1.85330234477991 1.64622386618102 3.79171311834683 3.90992380811883 2.750004318196 1.85330234477991 2.15301822158339 2.93931660565573 3.56343068905016 4.09250723000323
5.89111982084919 5.64650445458608 5.41032557257279 5.80862559385286 5.89111982084919 5.56685535239686 4.54430326584083 3.03734708527808 4.61191909093811 5.41032557257279 5.89111982084919 4.68033061140376 2.79650503658462 3.85047254786238 2.31372922323682 5.48813265004901 5.89111982084919 4.34613717857486 1 1.71364143819558 3.90992380811883 4.89043353378909 5.56685535239686 5.18229132048934 5.48813265004901 2.1140019075001 2.43929564851769 3.08722922079168 2.43929564851769 1.88925099147368 2.07543916421251 1.88925099147368 4.21783864030884 4.81957830324235 4.54430326584083 5.257414916725 3.79171311834683 4.34613717857486 4.15480637054258 3.6762366055946 2.15301822158339 2.1140019075001 1.88925099147368 1.81777203032619 3.50800951907479 3.50800951907479 1.92562246224309 3.56343068905016
5.89111982084919 5.89111982084919 5.89111982084919 5.89111982084919 5.89111982084919 5.89111982084919 4.21783864030884 3.85047254786238 5.257414916725 5.89111982084919 5.89111982084919 5.56685535239686 5.56685535239686 5.48813265004901 1.71364143819558 4.96212258066048 5.3334225589291 2.27284367720557 1 1 2.65861914233123 5.89111982084919 5.89111982084919 5.89111982084919 5.18229132048934 1.58036544565996 1.07863887193148 1.78265496946565 2.84355297015837 2.5254885037241 2.89115455848353 3.6762366055946 5.18229132048934 5.80862559385286 5.18229132048934 5.64650445458608 5.89111982084919 5.89111982084919 5.64650445458608 1.99965448665862 2.15301822158339 3.18876142161064 3.61950371680382 3.73363712059242 5.64650445458608 3.6762366055946 2.93931660565573 3.97007432763748
5.89111982084919 5.89111982084919 5.89111982084919 5.89111982084919 5.89111982084919 5.89111982084919 4.28161266668369 5.03465525611257 5.89111982084919 5.89111982084919 5.56685535239686 5.89111982084919 5.89111982084919 5.89111982084919 4.61191909093811 3.50800951907479 2.89115455848353 1.1600867853383 1 2.43929564851769 4.15480637054258 5.48813265004901 5.10804148787089 4.74954719089073 5.56685535239686 1.27322753747238 1 1.33181468539877 2.15301822158339 1.74794635563987 2.70404445032489 5.10804148787089 5.89111982084919 5.80862559385286 5.257414916725 5.89111982084919 5.89111982084919 5.89111982084919 4.15480637054258 1.48442262208715 1.78265496946565 3.61950371680382 3.6762366055946 4.74954719089073 5.64650445458608 2.93931660565573 4.41142100761086 3.85047254786238
5.89111982084919 5.89111982084919 5.89111982084919 5.89111982084919 5.89111982084919 5.89111982084919 5.89111982084919 5.89111982084919 5.89111982084919 5.56685535239686 5.257414916725 5.56685535239686 5.89111982084919 5.89111982084919 5.56685535239686 2.70404445032489 1 1 1.1600867853383 3.61950371680382 4.41142100761086 1.74794635563987 1.48442262208715 3.08722922079168 4.41142100761086 2.48213998248711 1 1 1.24444408135983 3.45323328192204 5.56685535239686 5.56685535239686 5.41032557257279 5.257414916725 5.48813265004901 5.64650445458608 4.89043353378909 4.03093269165433 3.39909414796335 1.81777203032619 1.71364143819558 2.98804512959271 4.15480637054258 4.74954719089073 4.74954719089073 4.03093269165433 5.80862559385286 5.41032557257279
5.89111982084919 5.89111982084919 5.89111982084919 5.89111982084919 5.89111982084919 5.89111982084919 5.89111982084919 5.89111982084919 5.89111982084919 5.89111982084919 5.89111982084919 5.89111982084919 5.89111982084919 5.89111982084919 5.89111982084919 2.70404445032489 1.33181468539877 1.45318275293908 1.24444408135983 4.54430326584083 3.29269763519053 3.85047254786238 5.80862559385286 3.45323328192204 3.79171311834683 4.61191909093811 1.92562246224309 1.33181468539877 1.24444408135983 4.74954719089073 5.72709085838503 5.72709085838503 5.89111982084919 5.89111982084919 5.72709085838503 3.73363712059242 4.09250723000323 4.21783864030884 4.34613717857486 2.98804512959271 2.56934714544731 5.3334225589291 5.72709085838503 4.61191909093811 5.257414916725 4.81957830324235 4.61191909093811 5.80862559385286
4.68033061140376 5.56685535239686 5.89111982084919 5.89111982084919 5.89111982084919 5.89111982084919 5.89111982084919 5.89111982084919 5.56685535239686 5.89111982084919 5.257414916725 5.56685535239686 4.41142100761086 4.41142100761086 5.56685535239686 5.3334225589291 4.54430326584083 3.79171311834683 3.90992380811883 5.89111982084919 5.89111982084919 5.89111982084919 5.89111982084919 5.89111982084919 5.89111982084919 5.56685535239686 3.90992380811883 4.09250723000323 4.34613717857486 2.70404445032489 5.56685535239686 5.89111982084919 5.89111982084919 5.89111982084919 4.68033061140376 4.03093269165433 4.09250723000323 4.09250723000323 4.28161266668369 2.07543916421251 2.39694963760656 4.34613717857486 5.41032557257279 4.61191909093811 5.48813265004901 5.3334225589291 4.96212258066048 5.41032557257279
5.257414916725 5.89111982084919 5.89111982084919 5.89111982084919 5.89111982084919 3.6762366055946 4.96212258066048 4.96212258066048 5.56685535239686 4.41142100761086 4.41142100761086 2.31372922323682 2.31372922323682 2.65861914233123 5.89111982084919 5.89111982084919 5.89111982084919 5.89111982084919 5.56685535239686 5.89111982084919 5.89111982084919 5.89111982084919 5.89111982084919 5.89111982084919 5.18229132048934 4.41142100761086 5.18229132048934 5.56685535239686 5.72709085838503 2.84355297015837 4.68033061140376 5.89111982084919 5.89111982084919 5.64650445458608 5.80862559385286 5.3334225589291 4.28161266668369 3.90992380811883 3.56343068905016 3.137698363624 1.92562246224309 4.21783864030884 5.41032557257279 5.257414916725 5.257414916725 5.18229132048934 5.72709085838503 5.80862559385286
5.89111982084919 4.96212258066048 5.89111982084919 5.89111982084919 5.89111982084919 5.257414916725 5.257414916725 5.56685535239686 5.89111982084919 4.96212258066048 4.41142100761086 3.45323328192204 3.90992380811883 3.6762366055946 4.15480637054258 5.89111982084919 5.89111982084919 5.89111982084919 5.89111982084919 5.56685535239686 5.89111982084919 5.89111982084919 5.56685535239686 4.96212258066048 5.3334225589291 5.257414916725 5.257414916725 5.56685535239686 5.89111982084919 4.68033061140376 4.34613717857486 4.89043353378909 5.80862559385286 5.89111982084919 5.89111982084919 5.3334225589291 4.89043353378909 3.79171311834683 3.45323328192204 4.09250723000323 3.08722922079168 2.03732517324984 3.24042569362421 3.85047254786238 4.68033061140376 4.21783864030884 4.41142100761086 4.28161266668369
5.89111982084919 5.89111982084919 4.96212258066048 4.41142100761086 5.257414916725 5.257414916725 2.48213998248711 5.89111982084919 5.89111982084919 5.89111982084919 5.89111982084919 5.257414916725 5.56685535239686 5.89111982084919 5.89111982084919 5.89111982084919 5.89111982084919 5.80862559385286 5.56685535239686 5.89111982084919 5.89111982084919 5.89111982084919 5.89111982084919 5.89111982084919 5.89111982084919 5.89111982084919 5.89111982084919 5.89111982084919 5.89111982084919 5.89111982084919 5.89111982084919 4.96212258066048 5.64650445458608 5.89111982084919 5.89111982084919 5.3334225589291 5.10804148787089 5.72709085838503 4.09250723000323 4.28161266668369 3.24042569362421 2.65861914233123 2.93931660565573 3.73363712059242 3.56343068905016 4.09250723000323 4.09250723000323 4.09250723000323
4.41142100761086 4.68033061140376 4.41142100761086 3.6762366055946 4.41142100761086 4.96212258066048 3.6762366055946 4.68033061140376 4.96212258066048 5.257414916725 4.96212258066048 5.89111982084919 5.89111982084919 5.89111982084919 5.80862559385286 5.80862559385286 5.89111982084919 5.41032557257279 4.54430326584083 5.72709085838503 5.89111982084919 5.89111982084919 5.257414916725 5.89111982084919 4.96212258066048 5.89111982084919 5.89111982084919 5.89111982084919 5.89111982084919 5.89111982084919 5.89111982084919 5.257414916725 5.80862559385286 5.89111982084919 5.89111982084919 5.80862559385286 5.80862559385286 5.64650445458608 4.15480637054258 5.18229132048934 3.56343068905016 3.90992380811883 2.93931660565573 2.79650503658462 3.73363712059242 3.56343068905016 3.73363712059242 3.56343068905016
