9.9982E-05 9.9982E-05 0.145397 0.14525 0.709153
9.999E-05 0.0336444 0.115301 0.101401 0.749554
9.999E-05 0.0219246 0.177277 0.192372 0.608326
0.0384417 0.00798635 9.9991E-05 0.162175 0.791297
0.0603076 0.00965475 0.0686726 9.9991E-05 0.861265
0.114781 0.00960376 9.9991E-05 0.0497161 0.825799
0.0125913 9.9991E-05 0.0449426 0.209069 0.733297
9.9982E-05 0.0537753 9.9982E-05 0.160702 0.785323
0.0963659 9.9982E-05 0.176672 9.9982E-05 0.726762
9.999E-05 0.0364933 0.188424 0.270658 0.504325
0.0736907 0.0385884 0.0983257 0.427369 0.362027
0.0528451 0.0287329 0.262865 0.165062 0.490495
0.0683258 0.0436707 0.0595419 0.766996 0.0614658
0.097554 0.00363114 0.287774 0.155341 0.4557
0.0963667 0.0376008 0.207039 9.9991E-05 0.658894
9.9982E-05 9.9982E-05 0.0752049 0.31152 0.613075
0.0233649 0.00750352 0.306865 0.0113329 0.650934
9.9982E-05 0.0313281 0.076288 9.9982E-05 0.892184
0.127347 0.0670878 0.559847 0.171444 0.0742743
9.9982E-05 9.9982E-05 0.717016 0.225732 0.0570521
0.0196501 0.00676619 0.714178 0.0377945 0.221611
0.0393367 0.00834472 0.893775 0.053402 0.00514204
9.9982E-05 0.0330905 0.86673 0.0999799 9.9982E-05
9.9982E-05 0.0441562 0.794883 9.9982E-05 0.16076
9.9982E-05 9.9982E-05 0.731183 0.152553 0.116064
9.9991E-05 0.00581253 0.943671 0.0200548 0.0303613
0.0648175 0.0372115 0.895291 0.00257974 9.9991E-05
0.0572517 0.0492227 0.863652 0.0297731 9.9991E-05
0.0106498 9.9982E-05 0.910518 9.9982E-05 0.0786319
0.0392687 9.9991E-05 0.818148 0.0506482 0.0918348
0.0703353 0.00131232 0.919923 0.00406683 0.00436238
0.0352738 0.0327101 0.839295 9.9991E-05 0.0926207
9.9982E-05 0.0591832 0.802059 0.138558 9.9982E-05
9.9991E-05 0.0499502 0.217837 0.302611 0.429501
0.028184 9.9982E-05 0.279639 9.9982E-05 0.691977
0.110006 9.9991E-05 0.146652 0.0549659 0.688276
9.9991E-05 0.0239313 0.107923 0.20841 0.659635
0.122891 0.0148308 0.14031 0.132025 0.589942
9.997E-05 0.9996 9.997E-05 9.997E-05 9.997E-05
0.00399975 0.0279133 0.767411 0.200576 9.9991E-05
0.157145 9.9982E-05 0.194624 9.9982E-05 0.64803
9.9982E-05 9.9982E-05 0.142764 0.243996 0.613039
0.0701265 0.00943548 0.255483 0.457 0.207956
0.102657 0.0529841 0.0722139 0.674604 0.0975413
9.9982E-05 0.0252323 0.0271366 0.947431 9.9982E-05
9.997E-05 0.9996 9.997E-05 9.997E-05 9.997E-05
0.0346603 0.0670198 0.207082 0.275582 0.415655
0.0608215 9.9991E-05 0.154446 0.504185 0.280447
0.0972936 0.0514215 0.406824 0.112865 0.331596
0.706416 0.0333213 9.9991E-05 0.256344 0.00381834
0.785912 0.0260866 0.0179908 0.16991 9.9991E-05
0.849417 0.00106095 0.0273043 9.9991E-05 0.122118
0.698205 0.0400397 9.9991E-05 0.200161 0.0614951
0.82548 0.0307624 0.121347 9.9991E-05 0.0223104
0.857183 9.9982E-05 0.10601 9.9982E-05 0.0366064
0.756061 9.9973E-05 9.9973E-05 9.9973E-05 0.243639
0.82575 0.00857857 9.9991E-05 0.128394 0.0371778
0.828028 0.044471 0.0987736 0.0286278 9.9991E-05
0.762715 0.0321391 9.9991E-05 0.105561 0.099485
0.584564 0.0298688 9.9991E-05 0.257607 0.127859
0.775509 9.9982E-05 0.061549 0.162742 9.9982E-05
0.700678 9.9982E-05 0.131926 0.167196 9.9982E-05
0.278473 0.0669704 9.9991E-05 0.605371 0.0490859
0.0550649 0.0314488 0.744349 9.9991E-05 0.169037
0.0613807 0.0173087 0.735372 0.0369728 0.148966
9.9982E-05 0.00381442 0.920865 9.9982E-05 0.0751211
0.714379 9.9991E-05 0.0352328 0.0774704 0.172818
0.52817 0.0760916 9.9991E-05 0.36959 0.026048
0.74052 0.0147008 0.0224838 0.132992 0.0893028
0.694966 0.0586793 9.9982E-05 0.246155 9.9982E-05
0.824271 0.0497027 9.9991E-05 0.000688421 0.125238
0.153543 9.9982E-05 9.9982E-05 0.634095 0.212162
0.106671 9.9982E-05 9.9982E-05 0.769379 0.12375
0.0670531 0.00937959 9.9991E-05 0.856479 0.0669882
9.9973E-05 0.03176 9.9973E-05 0.96794 9.9973E-05
9.9982E-05 0.0224482 0.0906303 0.886721 9.9982E-05
9.9973E-05 0.0479326 9.9973E-05 0.951767 9.9973E-05
0.0333262 0.0312778 0.115951 0.688412 0.131033
0.674538 9.9982E-05 9.9982E-05 0.186241 0.139021
0.402943 0.129752 9.9991E-05 0.355833 0.111373
0.677215 0.017063 0.044834 0.260788 9.9991E-05
0.768218 0.059479 0.159397 0.0128067 9.9991E-05
0.742579 0.0218421 9.9991E-05 0.0348461 0.200633
0.0172466 0.0235634 0.785359 0.173731 9.9991E-05
0.2858 9.9991E-05 0.131151 0.507175 0.0757745
0.15794 9.9982E-05 9.9982E-05 0.778752 0.0631084
9.997E-05 0.9996 9.997E-05 9.997E-05 9.997E-05
9.9991E-05 0.00719346 0.191796 0.183443 0.617468
9.9991E-05 0.0281932 0.151355 0.13294 0.687412
9.9991E-05 0.0407007 0.193378 0.253363 0.512459
0.0864267 0.0338381 0.227269 0.26164 0.390826
0.066474 0.00269569 0.108102 0.0426018 0.780126
0.155592 0.00649928 0.0341503 0.803659 9.9991E-05
0.0113145 0.0240925 0.577633 0.215409 0.171551
0.190226 0.0673319 9.9991E-05 0.687588 0.0547544
0.0536098 0.0103896 0.315138 0.430743 0.19012
0.00363396 0.00314509 0.208293 9.9991E-05 0.784828
9.9982E-05 9.9982E-05 0.054248 0.29082 0.654732
9.9982E-05 9.9982E-05 0.194507 0.325046 0.480247
0.0612231 0.0134612 0.0413111 0.266299 0.617706
9.9982E-05 9.9982E-05 0.0481767 0.410793 0.540831
9.9991E-05 0.00212661 0.0893911 0.325929 0.582454
0.2355 0.00877569 9.9991E-05 0.68573 0.0698948
0.181013 0.0831478 0.0272632 0.593038 0.115538
0.190279 0.0721446 0.0273146 0.597378 0.112884
9.9991E-05 0.0149418 0.199087 0.61153 0.174341
0.0876385 9.9991E-05 0.143421 0.533844 0.234997
0.0886819 9.9982E-05 0.456524 9.9982E-05 0.454594
0.746609 0.0258325 9.9982E-05 9.9982E-05 0.227359
0.740295 0.0320946 0.0578196 0.110989 0.0588018
0.0962232 9.9982E-05 0.182999 0.720577 9.9982E-05
0.196609 0.0271836 0.112755 0.476277 0.187175
0.121545 0.04361 0.27056 0.543701 0.0205836
9.9973E-05 9.9973E-05 0.725929 0.273771 9.9973E-05
0.608265 0.0464166 0.0536962 0.291522 9.9991E-05
0.676103 9.9982E-05 9.9982E-05 0.277752 0.0459454
0.473092 9.9982E-05 9.9982E-05 0.411681 0.115026
0.0260735 0.047444 0.459115 0.128233 0.339134
0.0633125 0.0115069 0.239758 9.9991E-05 0.685322
0.0537963 0.0276975 9.9991E-05 0.130663 0.787743
0.131195 9.9982E-05 0.0531385 9.9982E-05 0.815466
9.9982E-05 9.9982E-05 0.425495 0.051032 0.523273
9.9991E-05 0.0104273 0.181903 0.121595 0.685975
0.02861 9.9982E-05 0.103182 9.9982E-05 0.868008
0.105347 0.000208323 9.9982E-05 9.9982E-05 0.894245
9.9982E-05 9.9982E-05 0.36412 0.155447 0.480233
0.0418997 9.9991E-05 0.214833 0.000109723 0.743057
9.9991E-05 0.0204319 0.231942 0.162821 0.584705
9.9991E-05 0.0071514 0.19026 0.0909003 0.711588
0.119733 9.9991E-05 0.281706 0.168816 0.429645
0.0686539 0.0355134 0.0363433 0.0885429 0.770946
9.9991E-05 0.0247892 0.238104 0.295672 0.441334
0.0281971 9.9991E-05 0.124487 0.0783299 0.768886
0.00196518 9.9982E-05 0.9278 0.0700349 9.9982E-05
9.9982E-05 9.9982E-05 0.946627 0.0412873 0.0118854
9.9982E-05 0.0387192 0.956325 9.9982E-05 0.00475584
0.0682442 0.0105304 0.763775 0.0474153 0.110035
0.0140053 0.0323459 0.862623 0.09048 0.000545893
0.0644223 9.9982E-05 9.9982E-05 0.286071 0.649307
9.9991E-05 0.0040025 0.196579 0.154182 0.645137
0.894663 9.9973E-05 9.9973E-05 0.105037 9.9973E-05
0.773007 0.0384415 0.0518748 0.118379 0.0182969
0.87906 0.00698006 9.9982E-05 9.9982E-05 0.11376
0.641464 9.9982E-05 0.0881618 0.270174 9.9982E-05
0.841456 0.0430833 9.9991E-05 0.0881438 0.0272171
0.823168 0.0120518 0.14837 0.0124778 0.00393192
0.889586 0.0306105 9.9991E-05 0.0508643 0.028839
0.812701 0.00941396 0.126287 0.0514975 9.9991E-05
0.835402 9.9991E-05 0.0980026 0.0517094 0.014786
0.833546 0.0074293 0.0748852 0.0705976 0.0135418
0.800854 0.0450958 9.9991E-05 0.0753531 0.078597
0.795824 0.0194531 0.0664051 0.00603132 0.112287
0.790149 0.0133429 0.0229383 0.0811826 0.0923872
0.873091 0.01285 0.112728 9.9991E-05 0.00123056
0.810127 9.9991E-05 0.0158781 0.133461 0.0404336
0.88614 0.00744371 9.9982E-05 9.9982E-05 0.106216
0.867795 0.00233186 0.126719 9.9991E-05 0.00305419
0.132655 0.00350229 0.0134568 0.822442 0.0279437
9.9982E-05 9.9982E-05 0.0120953 0.865628 0.122077
0.852201 9.9982E-05 9.9982E-05 0.0786839 0.0689155
0.688795 0.0105486 9.9991E-05 0.0448528 0.255703
0.758372 0.00955368 9.9982E-05 0.231874 9.9982E-05
0.102667 9.9982E-05 9.9982E-05 0.787918 0.109215
9.9982E-05 0.0113891 9.9982E-05 0.131023 0.857388
0.0253258 0.0311322 0.181165 9.9991E-05 0.762277
9.9982E-05 9.9982E-05 0.477771 0.247578 0.27445
9.9982E-05 9.9982E-05 0.626882 0.181742 0.191176
0.0145922 0.00303233 0.794806 0.187469 9.9991E-05
0.0789248 0.00361145 0.853251 0.0319456 0.0322672
9.9991E-05 0.0117557 0.727614 0.0702321 0.190298
9.9991E-05 0.0169309 0.797857 0.0995898 0.0855224
0.0188273 0.0306636 0.742339 0.20807 9.9991E-05
0.0783279 0.0386413 0.786235 9.9991E-05 0.0966956
0.0321297 0.0123961 0.1445 0.083788 0.727186
0.0807106 0.0511319 0.0598597 0.0674819 0.740816
0.0461193 0.0345723 9.9991E-05 0.178697 0.740512
0.0176298 0.0126038 9.9991E-05 0.226781 0.742886
9.9982E-05 0.014415 9.9982E-05 0.190828 0.794557
0.017612 9.9991E-05 0.0160741 0.396788 0.569426
0.00895308 9.9991E-05 0.188779 0.20114 0.601028
0.08283 0.0195867 0.206789 0.187054 0.50374
0.0210967 0.0408262 0.0823187 0.207008 0.648751
0.0776194 0.0117988 0.191101 0.161377 0.558103
0.0300034 0.0385425 0.109553 0.137767 0.684134
0.0696576 0.132179 0.692041 0.0689121 0.0372105
0.721129 0.0230174 0.0383195 0.217434 9.9991E-05
0.783559 0.0417525 0.119705 0.0548831 9.9991E-05
0.831614 0.00382066 0.0124338 0.152032 9.9991E-05
0.69579 0.0104637 9.9991E-05 0.180097 0.11355
0.78976 0.0226153 0.086531 9.9991E-05 0.100993
0.112225 0.0145707 0.267272 0.252107 0.353826
9.9991E-05 0.0423175 0.250575 0.207012 0.499995
0.0353295 0.0606162 0.184829 9.9991E-05 0.719125
9.9991E-05 0.0394647 0.232318 0.255036 0.473081
