9.9991E-05 0.858873 0.141027
9.999E-05 0.835577 0.164323
0.0162844 0.792247 0.191468
0.0278288 0.954207 0.017964
0.0221203 0.957871 0.020009
0.0431911 0.938437 0.0183718
0.053923 0.853587 0.09249
0.0171878 0.945521 0.0372913
0.0926155 0.698726 0.208658
0.0627079 0.636016 0.301276
0.203045 0.692464 0.104491
0.0871593 0.670052 0.242788
0.339495 0.563278 0.0972273
0.0830889 0.669081 0.24783
0.0758246 0.663609 0.260566
9.9991E-05 0.826212 0.173688
9.9991E-05 0.725775 0.274125
9.9991E-05 0.950215 0.0496851
0.21973 0.228764 0.551507
9.9991E-05 0.26001 0.73989
0.0193458 0.210402 0.770252
0.0431393 0.0505793 0.906281
0.0054111 9.9991E-05 0.994489
9.9991E-05 0.100728 0.899172
0.0107621 0.272093 0.717145
9.9991E-05 0.0839199 0.91598
0.0729602 9.9991E-05 0.92694
0.0865799 9.9991E-05 0.91332
9.9991E-05 0.0480288 0.951871
0.083986 0.0536256 0.862388
0.0240644 9.9991E-05 0.975836
0.0291006 0.110756 0.860144
9.9991E-05 0.0520717 0.947828
0.0576804 0.713099 0.229221
0.00022482 0.735835 0.26394
0.0610991 0.821828 0.117073
9.9991E-05 0.875394 0.124506
0.158559 0.676163 0.165278
0.365012 9.9991E-05 0.634888
0.087006 0.120755 0.792239
0.0944947 0.716707 0.188798
9.9991E-05 0.813448 0.186452
0.204927 0.485352 0.30972
0.34467 0.475086 0.180243
0.32162 0.598306 0.0800748
0.39129 9.9991E-05 0.60861
0.081314 0.627806 0.29088
0.247285 0.639764 0.112951
0.132011 0.472548 0.39544
0.881622 0.0495186 0.068859
0.928603 0.0712969 9.9991E-05
0.870171 0.0773758 0.0524532
0.813064 0.150167 0.0367691
0.91774 9.9991E-05 0.08216
0.937464 9.9991E-05 0.062436
0.797358 0.202542 9.9991E-05
0.866795 0.133105 9.9991E-05
0.921276 9.9991E-05 0.0786235
0.903496 0.0964045 9.9991E-05
0.759879 0.240021 9.9991E-05
0.915769 9.9991E-05 0.0841309
0.774178 0.195454 0.0303685
0.561565 0.340083 0.0983516
0.0367894 0.0790531 0.884157
0.00526563 0.189312 0.805422
9.9991E-05 0.128668 0.871232
0.793759 0.188097 0.0181442
0.72966 0.24345 0.0268899
0.846114 0.0871436 0.0667427
0.866139 0.0432251 0.0906364
0.885002 0.0588239 0.0561745
0.376797 0.623103 9.9991E-05
0.338307 0.636078 0.0256155
0.321277 0.651419 0.0273041
0.328663 0.606723 0.0646141
0.249115 0.54259 0.208295
0.321369 0.590988 0.0876433
0.252572 0.591608 0.15582
0.785182 0.214718 9.9991E-05
0.625492 0.279134 0.0953746
0.871972 0.0667724 0.0612559
0.864806 9.9991E-05 0.135094
0.786231 0.213669 9.9991E-05
0.0637344 0.182556 0.753709
0.479916 0.421593 0.098491
0.420024 0.579876 9.9991E-05
0.349192 0.0178887 0.632919
9.9991E-05 0.819005 0.180895
9.9991E-05 0.828221 0.171679
0.0419119 0.742465 0.215623
0.152962 0.531311 0.315728
0.0506794 0.881684 0.067637
0.458221 0.503084 0.0386947
0.0807155 0.348968 0.570317
0.462273 0.474734 0.0629924
0.154701 0.466188 0.37911
9.9991E-05 0.823351 0.176549
0.00638366 0.895822 0.0977941
0.0213862 0.837964 0.14065
0.0879802 0.862146 0.0498737
0.0193353 0.980565 9.9991E-05
9.9991E-05 0.929415 0.0704851
0.45024 0.468016 0.0817441
0.357933 0.46163 0.180437
0.464418 0.432328 0.103254
0.149946 0.575778 0.274277
0.256238 0.613429 0.130333
0.0491766 0.452845 0.497978
0.828475 0.103589 0.0679352
0.830153 0.0819506 0.0878966
0.398425 0.422684 0.178891
0.31971 0.45568 0.22461
0.329917 0.355988 0.314095
9.9991E-05 0.206611 0.793289
0.8211 0.0262157 0.152685
0.79543 0.192719 0.0118508
0.638687 0.361213 9.9991E-05
0.0674916 0.408718 0.523791
0.00037285 0.656124 0.343503
0.0679061 0.868553 0.0635408
0.0726105 0.853937 0.073453
9.9991E-05 0.614743 0.385157
9.9991E-05 0.819464 0.180436
0.028 0.892575 0.0794252
0.0448036 0.920605 0.0345916
0.0388222 0.586107 0.375071
9.9991E-05 0.86829 0.13161
9.9991E-05 0.748367 0.251533
9.9991E-05 0.890571 0.109329
0.12532 0.615538 0.259142
0.0570867 0.858308 0.0846052
0.0487515 0.649554 0.301695
0.0375818 0.887456 0.0749626
9.9991E-05 0.070007 0.929893
9.9991E-05 0.102185 0.897715
9.999E-05 9.999E-05 0.9998
0.0480549 0.0724965 0.879449
0.0577257 0.110223 0.832051
0.0802512 0.916523 0.003226
9.9991E-05 0.810588 0.189312
0.9998 9.999E-05 9.999E-05
0.862179 9.9991E-05 0.137721
0.915433 0.0747572 0.00981009
0.768292 0.207223 0.0244843
0.943744 0.0561563 9.9991E-05
0.84618 9.9991E-05 0.15372
0.975513 0.0243865 9.9991E-05
0.921215 9.9991E-05 0.0786847
0.891856 0.0183988 0.0897456
0.915375 9.9991E-05 0.0845252
0.928847 9.9991E-05 0.0710528
0.84678 0.0504479 0.102772
0.858895 0.110162 0.0309429
0.946352 9.9991E-05 0.0535484
0.926455 0.073445 9.9991E-05
0.933803 0.0660969 9.9991E-05
0.938251 0.0464626 0.0152862
0.390371 0.593584 0.0160452
0.246468 0.721944 0.0315875
0.939289 0.0606108 9.9991E-05
0.761252 0.216135 0.0226135
0.979511 9.9991E-05 0.0203887
0.373336 0.626564 9.9991E-05
0.0118635 0.988037 9.9991E-05
9.9991E-05 0.744244 0.255656
0.0182499 0.506652 0.475098
9.9991E-05 0.368392 0.631508
0.0257073 0.137913 0.836379
0.0549124 0.0376848 0.907403
9.9991E-05 0.21354 0.78636
0.00386052 0.239215 0.756924
0.10607 0.0435186 0.850412
0.0793241 0.0845561 0.83612
0.0389042 0.86287 0.0982258
0.0862906 0.875866 0.0378432
0.0436255 0.956274 9.9991E-05
0.0489923 0.950908 9.9991E-05
9.999E-05 0.9998 9.999E-05
0.120719 0.848814 0.0304676
0.0153196 0.751708 0.232973
0.0981427 0.710479 0.191378
0.0435117 0.810741 0.145747
0.0419314 0.704514 0.253554
0.0243839 0.829084 0.146533
0.141558 0.0961932 0.762248
0.861817 0.138083 9.9991E-05
0.870604 0.00668391 0.122712
0.969765 0.00459225 0.0256426
0.79602 0.193624 0.0103564
0.882033 9.9991E-05 0.117867
0.162201 0.497105 0.340694
0.00849841 0.680752 0.310749
9.9991E-05 0.772287 0.227613
0.0414171 0.644509 0.314074
