0.228775 0.771125 9.9991E-05
0.124598 0.875302 9.9991E-05
0.292198 0.706575 0.00122707
0.0421557 0.949733 0.00811093
0.0757553 0.870198 0.0540466
0.0350003 0.899781 0.0652189
0.0815584 0.892815 0.0256264
0.0698341 0.930066 9.9991E-05
0.228178 0.694604 0.0772189
0.27303 0.717196 0.00977446
0.102755 0.661545 0.235699
0.270036 0.666896 0.0630682
0.0997738 0.558727 0.341499
0.172241 0.73572 0.0920391
0.28154 0.634297 0.0841626
0.153247 0.830463 0.0162901
0.236758 0.763142 9.9991E-05
0.145815 0.854085 9.9991E-05
0.614098 0.204708 0.181195
0.718705 0.281195 9.9991E-05
0.757241 0.232351 0.0104076
0.894354 0.044845 0.0608013
0.9998 9.999E-05 9.999E-05
0.892564 0.0921682 0.0152677
0.661069 0.338831 9.9991E-05
0.954596 0.0453041 9.9991E-05
0.932169 9.9991E-05 0.0677313
0.922913 9.9991E-05 0.0769869
0.9998 9.999E-05 9.999E-05
0.873296 0.0590851 0.0676187
0.935574 0.0197377 0.0446887
0.861749 0.0889591 0.0492918
0.883219 0.0950657 0.0217154
0.270819 0.674332 0.0548486
0.31544 0.68446 9.9991E-05
0.189122 0.737442 0.0734365
0.146524 0.828413 0.0250624
0.174482 0.700482 0.125036
0.640817 9.9991E-05 0.359083
0.876259 0.0759931 0.0477475
0.262176 0.667892 0.069932
0.181257 0.818643 9.9991E-05
0.343124 0.478904 0.177972
0.17019 0.478417 0.351393
0.0424112 0.684644 0.272945
0.640625 9.9991E-05 0.359275
0.336727 0.580056 0.0832179
0.103428 0.673336 0.223236
0.394841 0.486452 0.118707
0.089936 0.0695687 0.840495
0.0403159 0.0535391 0.906145
0.0422272 0.119461 0.838312
0.0288201 0.117773 0.853407
0.129015 9.9991E-05 0.870885
0.0465752 0.0303429 0.923082
9.9991E-05 0.260727 0.739173
0.0721967 0.0515414 0.876262
0.098338 9.9991E-05 0.901562
9.9991E-05 0.12784 0.87206
9.9991E-05 0.29082 0.70908
0.105101 9.9991E-05 0.894799
0.152159 0.0567105 0.79113
0.0825812 0.343914 0.573505
0.81045 0.156139 0.0334109
0.797596 0.143183 0.0592214
0.939713 0.0601866 9.9991E-05
0.0403176 0.151024 0.808658
0.0503818 0.201453 0.748165
0.0738818 0.0702867 0.855831
0.0649959 0.0432862 0.891718
0.0846972 0.00115886 0.914144
9.9991E-05 0.667183 0.332717
0.0300261 0.6681 0.301874
0.0526795 0.554073 0.393247
0.0253103 0.620143 0.354547
0.158872 0.573166 0.267962
0.0732588 0.595782 0.330959
0.15998 0.564494 0.275526
9.9991E-05 0.256148 0.743752
0.13373 0.262649 0.603621
0.116795 0.0618391 0.821365
0.150602 9.9991E-05 0.849298
0.051698 0.144785 0.803517
0.806079 0.10991 0.084011
0.14604 0.415814 0.438146
9.9991E-05 0.580892 0.419008
0.617948 9.9991E-05 0.381952
0.222585 0.777315 9.9991E-05
0.191607 0.808293 9.9991E-05
0.239432 0.717382 0.0431863
0.300081 0.548155 0.151764
0.0950068 0.871072 0.0339214
0.0476187 0.512888 0.439494
0.658461 0.270139 0.0714001
0.0395294 0.51348 0.446991
0.381849 0.463551 0.1546
0.217364 0.782536 9.9991E-05
0.0667573 0.915884 0.0173587
0.125212 0.856573 0.0182146
0.0706822 0.808505 0.120813
0.0832176 0.868384 0.0483985
0.0386012 0.961299 9.9991E-05
0.0689426 0.484567 0.44649
0.170924 0.436925 0.392151
0.097868 0.457645 0.444487
0.28309 0.607995 0.108915
0.107382 0.638401 0.254218
0.442195 0.54183 0.0159754
0.0538603 0.14187 0.80427
0.0240188 0.13697 0.839011
0.195663 0.412391 0.391946
0.108167 0.543362 0.348471
0.372627 0.305801 0.321571
0.794914 0.204986 9.9991E-05
0.171375 0.0587628 0.769862
0.0262435 0.172716 0.80104
9.9991E-05 0.347149 0.652751
0.568896 0.377549 0.0535551
0.324262 0.639898 0.03584
0.118972 0.814964 0.0660649
0.0786239 0.838933 0.0824435
0.428562 0.571338 9.9991E-05
0.244729 0.726747 0.0285243
0.124729 0.870525 0.0047465
0.0718967 0.896858 0.0312454
0.394001 0.585821 0.0201782
0.0631079 0.936792 9.9991E-05
0.16924 0.83066 9.9991E-05
0.134307 0.865593 9.9991E-05
0.237131 0.654198 0.108671
0.0918774 0.866815 0.0413073
0.311854 0.614912 0.073234
0.114744 0.885156 9.9991E-05
0.901042 0.0718086 0.0271498
0.91755 0.0823495 9.9991E-05
0.9998 9.999E-05 9.999E-05
0.870314 0.104578 0.0251083
0.852028 0.109707 0.0382653
9.9991E-05 0.891225 0.108675
0.272358 0.727542 9.9991E-05
9.999E-05 9.999E-05 0.9998
0.0611363 0.0573055 0.881558
0.0494693 0.0311992 0.919332
0.0269861 0.217973 0.755041
9.9991E-05 0.0475585 0.952342
0.116302 9.9991E-05 0.883598
9.9991E-05 0.00830995 0.99159
0.0814829 9.9991E-05 0.918417
0.0446123 0.0551173 0.90027
0.0628948 9.9991E-05 0.937005
9.9991E-05 0.108483 0.891417
0.0550101 0.0936671 0.851323
0.0616499 0.0867103 0.85164
0.0508721 9.9991E-05 0.949028
9.9991E-05 0.0650191 0.934881
9.9991E-05 0.0657119 0.934188
0.0616639 9.9991E-05 0.938236
0.0106241 0.620856 0.36852
0.0321988 0.767385 0.200417
9.9991E-05 0.0766312 0.923269
9.9991E-05 0.277036 0.722864
0.0321301 9.9991E-05 0.96777
9.9991E-05 0.671215 0.328685
0.0121575 0.987743 9.9991E-05
0.332035 0.667865 9.9991E-05
0.496146 0.457167 0.0466869
0.632889 0.360822 0.00628862
0.834316 0.101799 0.0638848
0.918772 0.0359366 0.0452916
0.780644 0.219256 9.9991E-05
0.805309 0.179221 0.0154702
0.802944 0.0742216 0.122834
0.871978 0.0824964 0.0455257
0.185061 0.787166 0.0277724
0.112476 0.82869 0.0588343
9.9991E-05 0.939192 0.0607079
9.9991E-05 0.944389 0.0555114
9.9991E-05 0.987415 0.0124849
0.031244 0.890494 0.0782617
0.266069 0.703336 0.0305942
0.205466 0.684571 0.109963
0.129442 0.84217 0.0283873
0.155962 0.783057 0.0609814
0.157031 0.781289 0.0616798
0.799904 0.0916807 0.108415
0.0422617 0.0944343 0.863304
0.130979 0.0196672 0.849354
9.9991E-05 0.0331758 0.966724
0.0873619 0.114635 0.798003
0.0881432 0.0622372 0.84962
0.367308 0.477829 0.154863
0.3153 0.65971 0.0249903
0.205243 0.765326 0.029431
0.287833 0.697514 0.0146531
