0.697259 0.144083 0.0149751 0.139236 0.0044475
0.818852 0.0508172 0.0286222 0.101609 9.9991E-05
0.679185 0.182437 0.033592 0.104686 9.9991E-05
0.770503 9.9991E-05 0.0101941 0.199309 0.0198937
0.94031 9.9973E-05 9.9973E-05 9.9973E-05 0.0593903
0.888831 9.9982E-05 9.9982E-05 0.0405252 0.0704439
0.732591 0.0534736 9.9991E-05 0.17927 0.0345651
0.763742 0.0232484 0.0306295 0.18228 9.9991E-05
0.712319 0.191083 0.00109229 9.9991E-05 0.0954056
0.462442 0.283684 0.015713 0.238061 9.9991E-05
0.291725 0.0700489 0.0518866 0.571757 0.0145828
0.589389 0.200955 0.0259773 0.15865 0.0250279
0.133102 0.00835805 0.0572458 0.723111 0.0781832
0.474915 0.248177 9.9991E-05 0.201957 0.0748508
0.686682 0.160815 0.0467811 9.9991E-05 0.105622
0.596682 0.154464 0.0163165 0.232438 9.9991E-05
0.654366 0.200801 0.00511025 0.139623 9.9991E-05
0.858637 0.120526 0.013097 0.00764021 9.9991E-05
0.0958337 0.573451 0.0601828 0.124897 0.145635
0.126823 0.719455 0.00641118 0.147211 9.9991E-05
0.198669 0.758173 0.0110537 0.0320042 9.9991E-05
0.0185665 0.843313 0.0116491 0.0969821 0.0294896
9.9982E-05 0.852606 0.0326039 0.11459 9.9982E-05
0.154756 0.787408 0.032301 0.00850974 0.017026
0.149828 0.688586 9.9982E-05 0.161386 9.9982E-05
0.0873649 0.895407 0.0170277 9.9982E-05 9.9982E-05
9.9982E-05 0.914077 0.046726 9.9982E-05 0.0389975
9.9982E-05 0.925588 0.0325386 9.9982E-05 0.0416737
0.0781798 0.913612 9.9982E-05 9.9982E-05 0.00800801
9.9991E-05 0.889652 0.00213714 0.0294085 0.0787023
9.9991E-05 0.929981 0.0168643 0.0410364 0.0120178
0.0964258 0.813617 0.0274155 9.9991E-05 0.0624413
0.029715 0.877996 0.0661193 0.0139075 0.0122626
0.484562 0.198129 0.0484654 0.268743 9.9991E-05
0.617629 0.254405 0.00445631 0.093854 0.029655
0.711734 0.143922 9.9991E-05 0.0619181 0.0823258
0.699513 0.0584453 0.0209086 0.221033 9.9991E-05
0.508898 0.200016 9.9991E-05 0.188035 0.102951
9.997E-05 9.997E-05 0.9996 9.997E-05 9.997E-05
9.9991E-05 0.7949 0.0379374 0.159528 0.00753373
0.696417 0.155971 0.00252489 9.9991E-05 0.144987
0.577266 0.133108 9.9982E-05 0.289427 9.9982E-05
0.334964 0.324362 9.9991E-05 0.217632 0.122942
0.0486269 0.102812 0.0710039 0.661375 0.116182
9.9991E-05 0.0693271 0.0339796 0.877734 0.0188593
9.997E-05 9.997E-05 0.9996 9.997E-05 9.997E-05
0.441554 0.225196 0.0761516 0.219091 0.0380074
0.337242 0.125578 9.9991E-05 0.451708 0.0853722
0.358037 0.380666 0.0321381 0.113243 0.115915
0.046524 0.0581665 0.0196382 0.160414 0.715257
0.0169209 0.0113385 0.0269377 0.18878 0.756023
0.168437 0.0252902 0.00469747 9.9991E-05 0.801475
0.0350209 0.0179253 0.0494353 0.198298 0.699321
0.00873679 0.0848717 0.0545592 9.9991E-05 0.851732
0.0662493 0.0757433 9.9982E-05 9.9982E-05 0.857808
0.257418 9.9973E-05 9.9973E-05 9.9973E-05 0.742282
9.9991E-05 0.0582997 0.0201708 0.125083 0.796347
9.9982E-05 0.108694 0.0220107 9.9982E-05 0.869096
0.13782 9.9991E-05 0.0444933 0.0138833 0.803704
0.0903004 9.9991E-05 0.0289307 0.279435 0.601233
9.9982E-05 0.0691226 9.9982E-05 0.063971 0.866707
0.00332322 0.0533024 9.9991E-05 0.274284 0.66899
0.0357595 0.0504622 0.07104 0.530712 0.312026
0.143447 0.789949 0.011145 9.9991E-05 0.0553588
0.118696 0.824017 0.043588 0.00932763 0.00437135
0.166302 0.821364 0.0121336 9.9982E-05 9.9982E-05
0.138187 0.0260759 0.00439655 0.0993155 0.732025
9.9982E-05 9.9982E-05 0.0726344 0.441523 0.485642
0.0640405 0.0401672 0.0197643 0.140073 0.735955
9.9982E-05 9.9982E-05 0.0364717 0.249073 0.714255
0.129517 9.9982E-05 0.0432073 9.9982E-05 0.827076
0.17885 9.9991E-05 0.0141459 0.700486 0.106417
0.146189 0.00785681 0.0191371 0.793252 0.0335658
0.0232158 9.9982E-05 9.9982E-05 0.87863 0.0979537
9.9973E-05 9.9973E-05 0.00381653 0.995884 9.9973E-05
0.014881 0.119605 0.0493125 0.806676 0.00952576
9.9973E-05 9.9973E-05 0.0147096 0.984991 9.9973E-05
0.0592446 0.0860831 0.00593384 0.848638 9.9991E-05
0.0913333 9.9982E-05 9.9982E-05 0.253931 0.654535
0.0695825 9.9991E-05 0.12495 0.36469 0.440678
0.00546819 0.0404435 0.028818 0.192297 0.732974
9.9991E-05 0.0488137 0.0561477 0.0924586 0.80248
0.205018 9.9982E-05 0.0324574 9.9982E-05 0.762325
0.0881573 0.719596 0.0387114 0.131441 0.0220947
0.102738 0.0761836 9.9991E-05 0.531619 0.28936
0.0714702 9.9982E-05 9.9982E-05 0.801762 0.126568
9.997E-05 9.997E-05 0.9996 9.997E-05 9.997E-05
0.648719 0.187584 0.00154872 0.162048 9.9991E-05
0.756203 0.143874 0.0582921 0.0415311 9.9991E-05
0.519879 0.155559 0.0409049 0.283557 9.9991E-05
0.387338 0.239707 0.037328 0.240264 0.0953636
0.710136 0.152143 9.9991E-05 0.0822014 0.0554189
9.9973E-05 9.9973E-05 9.9973E-05 0.837181 0.162519
0.107148 0.600908 0.0549597 0.236611 0.000373517
0.0933877 9.9991E-05 0.0778415 0.603291 0.22538
0.283746 0.251627 0.0244346 0.406497 0.033695
0.821484 0.174602 9.9982E-05 9.9982E-05 0.00371382
0.661835 0.0815526 9.9982E-05 0.256412 9.9982E-05
0.529533 0.195311 9.9982E-05 0.274956 9.9982E-05
0.69216 0.121293 0.00236246 0.107691 0.0764943
0.534893 0.0213473 0.0083256 0.435335 9.9991E-05
0.666386 0.109045 0.0190205 0.205449 9.9991E-05
0.123348 0.0616454 0.00887744 0.5209 0.285229
0.137597 0.0723791 0.0558346 0.523655 0.210535
9.9982E-05 9.9982E-05 0.0895548 0.726164 0.184081
0.0761218 0.278712 9.9982E-05 0.644966 9.9982E-05
0.265158 0.15696 9.9991E-05 0.461799 0.115983
0.408063 0.479535 0.0106868 0.0344725 0.0672426
0.176007 0.00706464 0.0187806 9.9991E-05 0.798048
0.0708562 0.00609869 0.0293539 0.177486 0.716205
0.0107032 0.163133 9.9991E-05 0.646007 0.180056
0.233438 0.0935563 0.0264687 0.461953 0.184584
0.0263217 0.266903 0.0477109 0.538148 0.120916
9.9973E-05 0.741854 9.9973E-05 0.257846 9.9973E-05
9.9991E-05 0.00983636 0.0369397 0.322478 0.630646
9.9991E-05 0.0672283 0.000487946 0.241688 0.690495
0.0811047 9.9982E-05 9.9982E-05 0.440677 0.478018
0.330768 0.424024 0.0660849 0.121037 0.0580861
0.690782 0.241996 9.9982E-05 9.9982E-05 0.0670219
0.74089 0.0311143 0.031322 0.163344 0.03333
0.828456 0.0285843 9.9982E-05 9.9982E-05 0.14276
0.534679 0.423662 9.9991E-05 0.0307732 0.0107856
0.650251 0.206603 0.0117855 0.117432 0.0139286
0.778785 0.0622509 9.9991E-05 0.143206 0.0156579
0.90872 9.9982E-05 0.000782794 9.9982E-05 0.0902968
0.478727 0.359751 9.9991E-05 0.134352 0.02707
0.725309 0.152064 9.9991E-05 0.115789 0.00673788
0.67463 0.161795 0.00978252 0.153693 9.9991E-05
0.724135 0.117374 0.0132569 0.145134 9.9991E-05
0.461268 0.281792 0.0209 0.1383 0.09774
0.719231 0.0680591 0.0498174 0.108364 0.0545283
0.489124 0.265613 0.0124206 0.208711 0.0241319
0.745849 0.0966896 0.0181443 0.139218 9.9991E-05
9.9973E-05 0.85747 9.9973E-05 0.14223 9.9973E-05
9.9973E-05 0.943716 9.9973E-05 0.055984 9.9973E-05
0.0031568 0.960367 0.0362762 9.9982E-05 9.9982E-05
0.127906 0.782449 9.9982E-05 9.9982E-05 0.0894451
0.0479206 0.828936 0.0244415 0.031102 0.0675997
0.694602 9.9982E-05 9.9982E-05 0.215759 0.0894391
0.604656 0.159177 0.0181521 0.217915 9.9991E-05
9.9973E-05 9.9973E-05 9.9973E-05 0.078491 0.921209
0.0830172 0.0327824 0.0475025 9.9991E-05 0.836598
0.0929988 0.00907949 0.0148801 9.9991E-05 0.882942
9.9991E-05 0.0820934 0.00700841 0.250866 0.659932
0.0984758 9.9982E-05 0.0216293 9.9982E-05 0.879695
9.9991E-05 0.112342 0.000679489 0.0849351 0.801944
0.0703987 9.9991E-05 0.00453905 0.00538102 0.919581
9.9982E-05 0.0920147 9.9982E-05 0.123399 0.784386
0.0296915 0.0473643 9.9991E-05 0.0598201 0.863024
9.9991E-05 0.122216 0.00106795 0.0253594 0.851257
9.9982E-05 9.9982E-05 0.0244783 0.187828 0.787494
0.126758 0.0330197 0.028958 9.9991E-05 0.811164
0.115104 9.9991E-05 0.0107427 0.0885642 0.785489
0.0139692 0.0662202 0.0220347 9.9991E-05 0.897676
0.0113162 0.0410073 0.0183746 0.117722 0.81158
0.109511 9.9982E-05 0.0194214 9.9982E-05 0.870868
9.9982E-05 0.0826255 9.9982E-05 0.001185 0.91599
0.00786695 0.00683996 0.00018625 0.872364 0.112743
0.0733969 9.9973E-05 9.9973E-05 0.926303 9.9973E-05
0.0665226 9.9982E-05 9.9982E-05 0.0557994 0.877478
0.218467 9.9991E-05 0.0261142 0.0910734 0.664246
9.9973E-05 9.9973E-05 9.9973E-05 0.162681 0.837019
0.156593 9.9991E-05 0.00179975 0.738206 0.103302
0.889393 0.0512489 0.0322214 0.0270368 9.9991E-05
0.738363 0.253195 0.00824177 9.9982E-05 9.9982E-05
0.222187 0.526722 9.9982E-05 0.250892 9.9982E-05
0.190494 0.694666 9.9982E-05 0.11464 9.9982E-05
0.109012 0.761319 0.00895618 0.114715 0.00599836
9.9973E-05 0.909319 9.9973E-05 9.9973E-05 0.0903815
0.193474 0.769099 0.0131492 0.00703697 0.0172405
0.0392639 0.768074 0.0167651 0.175797 9.9991E-05
9.9991E-05 0.717995 0.0338561 0.195005 0.0530443
0.0784068 0.800547 0.0326434 9.9991E-05 0.0883029
0.816225 0.0667188 0.017171 0.0997849 9.9991E-05
0.740457 0.0574039 0.0417961 0.109271 0.0510721
0.754553 9.9991E-05 0.0349573 0.180671 0.0297183
0.642928 9.99731E-05 9.99731E-05 0.356772 9.99731E-05
0.706836 9.9982E-05 0.0255886 0.267375 9.9982E-05
0.604108 0.0418808 0.0040164 0.349894 9.9991E-05
0.568305 0.20463 0.00765235 0.219313 9.9991E-05
0.476065 0.223036 0.00568348 0.227986 0.0672302
0.657853 0.0733304 0.0620827 0.206634 9.9991E-05
0.623201 0.169608 0.027138 0.142475 0.037578
0.731652 0.135603 0.0198819 0.00937322 0.10349
0.0796818 0.655707 0.157716 9.9991E-05 0.106795
0.0401878 9.9991E-05 0.0235651 0.187475 0.748672
9.9991E-05 0.10703 0.0360383 0.0632507 0.793581
0.0344596 0.00913458 0.0163409 0.0795122 0.860553
0.123885 0.0340866 0.000374115 0.13337 0.708283
0.0623905 0.0994085 0.0206174 9.9991E-05 0.817484
0.429645 0.23999 0.0513869 0.167426 0.111553
0.560348 0.247463 0.0258426 0.166246 9.9991E-05
0.793586 0.119645 0.0819874 9.9991E-05 0.00468131
0.455145 0.333932 0.046101 0.164722 9.9991E-05
