0.0886973 0.169447 0.00729192 0.0584339 9.9991E-05 0.67603
0.046117 0.140796 0.029667 0.020956 9.9991E-05 0.762364
0.142792 9.9982E-05 0.00460747 0.111323 9.9982E-05 0.741078
0.176727 0.111574 0.0149893 9.9982E-05 9.9982E-05 0.696509
9.9982E-05 0.135386 0.0100385 9.9982E-05 0.0535369 0.800838
0.144486 0.019065 9.9982E-05 9.9982E-05 0.0173765 0.818873
0.161179 0.330474 9.9991E-05 0.0268413 0.00665828 0.474748
0.0461013 0.509483 0.0210698 9.9982E-05 9.9982E-05 0.423146
9.999E-05 0.452767 0.00481534 0.176781 0.0793761 0.286161
0.279771 0.29597 0.0177849 0.178736 9.9991E-05 0.227638
0.33727 0.33609 0.056806 0.0512889 0.0591457 0.159399
0.159647 0.288307 0.0225842 0.242968 0.0293585 0.257135
0.810986 0.025244 0.0458544 0.0514093 0.0624985 0.00400816
0.15061 0.547761 9.9991E-05 0.221802 0.0582709 0.0214559
9.9991E-05 0.423403 0.0352155 0.19014 0.0680198 0.283122
0.0687245 0.562993 9.9982E-05 0.170532 9.9982E-05 0.197551
9.9973E-05 0.497953 9.9973E-05 0.19577 9.9973E-05 0.305978
0.0418696 0.0337158 0.0246013 0.00223937 9.9991E-05 0.897474
0.256426 9.9991E-05 0.0613777 0.520616 0.109394 0.052086
0.172782 0.0485844 9.9982E-05 0.67868 9.9982E-05 0.0997534
9.999E-05 0.152561 0.0251546 0.707842 0.00285954 0.111483
0.0618993 9.9991E-05 0.0106753 0.77769 0.0157662 0.133869
0.096635 0.00559999 0.0584135 0.839152 9.9982E-05 9.9982E-05
9.999E-05 0.0431293 0.0523576 0.714556 0.0320052 0.157852
0.030166 0.226493 9.9982E-05 0.680529 9.9982E-05 0.0626127
9.9973E-05 9.9973E-05 0.00403218 0.858073 9.9973E-05 0.137595
0.0193416 9.9982E-05 0.0206225 0.891871 0.0679644 9.9982E-05
0.0133888 0.0644861 0.014976 0.796273 0.0753702 0.0355064
9.9973E-05 9.9973E-05 9.9973E-05 0.785674 0.0385572 0.175469
9.9973E-05 9.9973E-05 9.9973E-05 0.824641 0.096237 0.0788216
9.999E-05 0.0822766 0.0102342 0.859032 0.0449755 0.00338207
9.9982E-05 0.11222 0.0336577 0.814194 0.0397291 9.9982E-05
0.00342463 0.173801 0.0605958 0.761979 9.9982E-05 9.9982E-05
0.256549 0.134992 0.0643559 0.132254 9.9991E-05 0.411748
0.0189208 0.259624 9.9991E-05 0.240369 0.0361553 0.444831
0.0279024 0.489391 9.9991E-05 0.0923955 0.0780489 0.312162
0.222125 0.259035 0.0280949 0.0224725 9.9991E-05 0.468173
0.17152 0.365701 0.00441193 0.142966 0.0778059 0.237595
9.996E-05 9.996E-05 0.9995 9.996E-05 9.996E-05 9.996E-05
0.132544 9.9991E-05 0.0445389 0.769989 0.0249153 0.0279129
9.9973E-05 9.9973E-05 9.9973E-05 0.14274 0.113654 0.743307
0.201463 0.0807601 9.9982E-05 0.135299 9.9982E-05 0.582278
0.284316 0.136036 9.9991E-05 0.259675 0.107687 0.212186
0.536935 0.151804 0.0504302 0.0998106 0.11133 0.0496903
0.950232 0.0448049 9.9973E-05 9.9973E-05 9.9973E-05 0.00466328
9.996E-05 9.996E-05 0.9995 9.996E-05 9.996E-05 9.996E-05
0.23362 0.313986 0.0752249 0.144744 0.0113386 0.221087
0.394387 0.281106 9.9991E-05 0.125522 0.09933 0.0995557
0.21912 0.199376 0.0190717 0.32454 0.0897105 0.148182
0.221531 9.9991E-05 0.041929 0.0303901 0.696147 0.00990288
0.120596 0.0663967 0.0346948 0.00784446 0.770369 9.9991E-05
9.9973E-05 0.150381 9.9973E-05 9.9973E-05 0.782055 0.0672642
0.162581 0.0938143 0.0512259 9.9991E-05 0.677166 0.0151128
9.9982E-05 0.0624318 0.0308728 0.0898006 0.816695 9.9982E-05
9.9973E-05 0.114214 9.9973E-05 0.0749195 0.810567 9.9973E-05
9.9973E-05 0.205551 9.9973E-05 9.9973E-05 0.698467 0.0956821
0.035229 0.167661 0.00421913 0.0401346 0.752657 9.9991E-05
0.0233465 9.9982E-05 0.0373369 0.108741 0.830376 9.9982E-05
9.9973E-05 9.9973E-05 0.04548 9.9973E-05 0.748276 0.205944
0.304451 9.9982E-05 0.0301196 9.9982E-05 0.559131 0.106098
0.158035 9.9973E-05 9.9973E-05 0.0830665 0.758598 9.9973E-05
0.236756 9.9982E-05 9.9982E-05 0.00840721 0.64487 0.109767
0.589824 0.0101664 0.0626132 9.9991E-05 0.284668 0.0526278
9.9991E-05 0.088552 0.0135475 0.764313 0.0348232 0.0986643
0.0596305 9.9991E-05 0.0200056 0.698127 0.0454521 0.176685
9.9973E-05 9.9973E-05 0.0090962 0.827077 9.9973E-05 0.163526
0.173478 0.154703 0.00273292 0.033302 0.635684 9.9991E-05
0.497066 9.9973E-05 0.0770743 9.9973E-05 0.42556 9.9973E-05
0.0964898 9.9991E-05 0.0315144 0.0621048 0.695509 0.114282
0.219636 0.0631118 0.04991 9.9982E-05 0.667142 9.9982E-05
9.9991E-05 0.0450307 0.0405136 0.0146147 0.797185 0.102556
0.668692 0.116143 0.00705827 9.9991E-05 0.0911027 0.116904
0.760493 0.185841 0.00685716 9.9982E-05 0.0466089 9.9982E-05
0.795316 0.133279 9.9973E-05 9.9973E-05 0.0711048 9.9973E-05
0.968244 9.9964E-05 0.0313565 9.9964E-05 9.9964E-05 9.9964E-05
0.741755 0.0878463 0.0342535 0.114326 0.021719 9.9991E-05
0.961299 9.9964E-05 0.0383008 9.9964E-05 9.9964E-05 9.9964E-05
0.650948 0.181435 0.0177176 0.102144 0.0476555 9.9991E-05
0.0942199 0.306358 9.9973E-05 9.9973E-05 0.599122 9.9973E-05
0.255552 9.9982E-05 0.130937 9.9982E-05 0.439542 0.173769
0.199461 0.00489612 0.00632405 0.0886962 0.687203 0.0134202
0.144719 0.00563611 0.0439773 0.111719 0.693849 9.9991E-05
9.9973E-05 0.335888 0.0193438 9.9973E-05 0.644468 9.9973E-05
0.217537 0.0852285 9.9982E-05 0.685406 0.0116284 9.9982E-05
0.448206 0.12605 9.9991E-05 0.0924099 0.262721 0.0705122
0.881906 9.9973E-05 9.9973E-05 9.9973E-05 0.0739485 0.0438453
9.996E-05 9.996E-05 0.9995 9.996E-05 9.996E-05 9.996E-05
0.187225 0.0129887 9.9982E-05 0.133546 9.9982E-05 0.666041
0.075455 0.0495123 0.0397455 0.123182 9.9991E-05 0.712005
0.181748 0.432933 0.0458173 0.175513 9.9991E-05 0.163889
0.182081 0.457945 0.0627175 0.235839 0.0613179 9.9991E-05
9.9982E-05 0.551665 9.9982E-05 0.0681587 0.033367 0.346609
0.84766 0.0291968 9.9973E-05 9.9973E-05 0.122844 9.9973E-05
0.210446 9.9982E-05 0.0318324 0.56506 9.9982E-05 0.192462
0.703376 9.9982E-05 0.0672694 9.9982E-05 0.113133 0.116021
0.355319 0.142163 0.0284206 0.316824 0.0247287 0.132543
9.9982E-05 0.363552 0.0143006 0.116488 9.9982E-05 0.50546
0.196361 0.453242 9.9982E-05 0.0571227 9.9982E-05 0.293074
0.222166 0.234523 9.9982E-05 0.0960334 9.9982E-05 0.447078
0.130751 0.866962 9.9973E-05 9.9973E-05 0.00198689 9.9973E-05
0.199986 0.658004 0.00927733 0.00901555 9.9991E-05 0.123617
0.125996 0.710135 9.9982E-05 0.0760958 9.9982E-05 0.0875728
0.569028 0.105993 0.0187707 0.0592051 0.215493 0.03151
0.634251 0.0646157 0.0865693 0.0489472 0.138386 0.0272308
0.663358 0.0880431 0.0860114 0.00267265 0.159815 9.9991E-05
0.579369 0.187127 0.015684 0.21762 9.9982E-05 9.9982E-05
0.49956 0.166323 9.9991E-05 0.119408 0.0740849 0.140524
9.9982E-05 0.25734 9.9982E-05 0.473701 0.0800848 0.188674
9.9991E-05 0.114859 0.00685573 0.0207958 0.745998 0.111392
0.141546 9.9991E-05 0.00798699 0.0586606 0.7022 0.0895056
0.739517 9.9982E-05 9.9982E-05 0.0515418 0.113081 0.09566
0.441932 0.303698 0.0159436 0.08752 0.150806 9.9991E-05
0.503225 9.9991E-05 0.0568569 0.192661 0.078193 0.168964
0.276176 0.0423808 9.9973E-05 0.681143 9.9973E-05 9.9973E-05
0.246159 9.9982E-05 0.0305593 0.0656696 0.657413 9.9982E-05
0.265963 0.121646 9.9973E-05 9.9973E-05 0.612091 9.9973E-05
0.33452 0.0971151 9.9982E-05 9.9982E-05 0.466923 0.101242
0.0278911 0.101003 0.0583255 0.486878 0.0425282 0.283374
9.9991E-05 0.0812429 0.00820906 0.169737 0.058934 0.681777
0.137697 0.304663 0.0148005 9.9991E-05 0.0105625 0.532177
9.9973E-05 0.167571 9.9973E-05 9.9973E-05 0.11065 0.721479
0.0230473 0.217326 9.9982E-05 0.330833 9.9982E-05 0.428593
0.134083 0.00120274 0.0108256 0.152773 9.9991E-05 0.701015
0.00499482 9.9982E-05 9.9982E-05 0.0152288 0.0561971 0.923379
9.9982E-05 0.0159233 0.0351274 9.9982E-05 0.0462261 0.902523
0.0820623 0.0943671 9.9991E-05 0.348338 0.0163522 0.45878
9.9973E-05 0.707284 9.9973E-05 0.136753 9.9973E-05 0.155663
0.0605132 0.636347 0.0219662 0.154864 9.9991E-05 0.126209
0.0547028 0.725317 0.0245502 0.0334209 9.9991E-05 0.161909
0.134914 0.241 9.9991E-05 0.218829 0.0702871 0.33487
9.9991E-05 0.643513 0.0383501 0.0836002 0.055506 0.17893
0.236466 0.564068 9.9973E-05 0.199166 9.9973E-05 9.9973E-05
0.181623 9.9973E-05 9.9973E-05 9.9973E-05 0.0395534 0.778523
0.046235 0.12813 9.9982E-05 0.80705 0.018385 9.9982E-05
0.0634791 9.9973E-05 9.9973E-05 0.833508 9.9973E-05 0.102713
9.9973E-05 0.145468 0.0355962 0.818635 9.9973E-05 9.9973E-05
9.9991E-05 0.0950861 0.010645 0.748519 0.0449682 0.100682
0.0516172 9.9991E-05 0.0231796 0.749174 0.0318556 0.144074
0.212896 0.265134 9.9982E-05 9.9982E-05 0.0650314 0.456738
0.0668727 0.385495 0.0255794 0.098361 9.9991E-05 0.423592
0.162415 9.9964E-05 9.9964E-05 9.9964E-05 0.837185 9.9964E-05
0.0843395 0.1026 0.0216112 0.0573562 0.733993 9.9991E-05
9.9991E-05 0.011494 0.0039716 0.029994 0.849465 0.104975
0.203788 0.0550363 9.9991E-05 0.0468413 0.606845 0.0873899
0.0096403 9.9982E-05 0.0264487 9.9982E-05 0.8337 0.130011
0.0216385 0.0374668 0.0140784 0.161703 0.746851 0.0182627
0.0590225 9.9982E-05 0.0205989 9.9982E-05 0.818795 0.101384
0.107948 9.9982E-05 9.9982E-05 0.0537552 0.8047 0.0333967
0.0728707 9.9982E-05 9.9982E-05 0.107199 0.793265 0.0264657
0.0120224 9.9991E-05 0.0193185 0.050512 0.805301 0.112746
0.034755 0.135795 0.0322726 9.9991E-05 0.788355 0.00872249
0.0352196 0.119051 0.0246456 0.0432713 0.750035 0.0277776
0.0681289 9.9991E-05 0.0206932 0.00386572 0.729272 0.17794
9.9982E-05 0.0749841 0.0125791 0.0670809 0.845156 9.9982E-05
0.0501676 9.9982E-05 0.00550373 9.9982E-05 0.817129 0.127
9.9982E-05 0.0162978 0.0130347 9.9982E-05 0.865101 0.105366
9.9991E-05 0.0501222 0.0155642 0.0782796 0.828528 0.0274061
0.818283 0.00300536 9.9982E-05 9.9982E-05 0.0962092 0.0823029
0.828509 0.100554 9.9982E-05 0.00875989 9.9982E-05 0.0619769
0.104549 0.0148923 9.9982E-05 9.9982E-05 0.799482 0.0808767
0.0553428 0.083793 0.00739692 0.0668055 0.652794 0.133868
0.260271 9.9964E-05 9.9964E-05 9.9964E-05 0.739329 9.9964E-05
0.6835 0.158451 9.9982E-05 9.9982E-05 0.0911386 0.0667108
0.0494004 9.9973E-05 0.0204391 9.9973E-05 9.9973E-05 0.929861
9.9982E-05 0.122187 0.0269452 0.150303 9.9982E-05 0.700365
0.242945 9.9973E-05 9.9973E-05 0.410302 9.9973E-05 0.346453
0.140297 0.0548364 0.000316796 0.543058 9.9991E-05 0.261392
0.210183 0.0940641 0.0192466 0.676306 9.9982E-05 9.9982E-05
0.0627286 0.000918025 9.9991E-05 0.825056 0.0179882 0.0932092
0.0843073 0.0564531 0.0222278 0.687925 9.9991E-05 0.148987
0.110813 0.134512 0.0337116 0.720764 9.9982E-05 9.9982E-05
0.140364 0.0392546 0.0361486 0.732422 0.0517113 9.9991E-05
9.9982E-05 9.9982E-05 0.0451463 0.700346 0.0797747 0.174533
0.144573 9.9973E-05 9.9973E-05 0.050745 9.9973E-05 0.804382
0.0368176 0.184964 0.0599237 0.0125215 0.107232 0.598541
0.0518089 0.816453 0.0300442 9.9982E-05 9.9982E-05 0.101494
9.996E-05 0.9995 9.996E-05 9.996E-05 9.996E-05 9.996E-05
9.9964E-05 0.991922 0.00767845 9.9964E-05 9.9964E-05 9.9964E-05
0.18061 0.81899 9.9964E-05 9.9964E-05 9.9964E-05 9.9964E-05
0.144927 0.507496 9.9982E-05 0.223914 9.9982E-05 0.123463
0.206803 0.50844 0.0245882 0.177075 0.0309655 0.0521284
0.100512 0.80902 0.022468 0.0603597 9.9991E-05 0.00754091
0.00792025 0.746273 0.023235 0.186532 0.0359395 9.9991E-05
9.9991E-05 0.781438 0.016588 0.0534553 0.0454026 0.103016
0.0997341 0.105326 0.133324 0.575373 0.0807103 0.00553248
0.186517 0.0163203 0.00901689 9.9991E-05 0.708764 0.079282
9.9982E-05 0.10664 0.0286357 0.1066 0.757924 9.9982E-05
0.150593 0.0508314 9.9982E-05 0.0264154 0.77196 9.9982E-05
0.114415 0.0802464 0.0246788 9.9991E-05 0.663213 0.117347
9.9991E-05 0.0163077 0.00145778 0.0459727 0.760961 0.175201
0.0674897 0.574963 0.0252886 0.247258 0.0849005 9.9991E-05
0.132113 0.307727 0.0201649 0.270724 9.9991E-05 0.269171
9.9982E-05 0.631041 0.0573473 0.0825048 9.9982E-05 0.228907
0.238168 0.107583 0.0494329 0.232377 9.9991E-05 0.372339
