9.9973E-05 0.649016 0.00305702 9.9973E-05 0.229179 0.118448 9.9973E-05
0.166242 0.471623 0.0404843 0.205107 0.0548559 0.0615882 9.9991E-05
0.115535 0.70792 0.0110927 9.9982E-05 9.9982E-05 0.161621 0.00363129
0.0427923 0.695467 9.9982E-05 9.9982E-05 0.199993 0.0581851 0.00336176
9.9973E-05 0.832468 0.00522226 0.0964506 9.9973E-05 9.9973E-05 0.0655588
0.0919023 0.600287 0.0015963 0.228609 0.0300208 9.9991E-05 0.047485
0.416582 0.47642 9.9973E-05 0.105316 9.9973E-05 0.00138213 9.9973E-05
0.147171 0.632166 0.046397 0.0171247 0.156941 9.9982E-05 9.9982E-05
0.0100808 0.164104 0.0348066 0.717232 9.9991E-05 0.0336954 0.0399806
0.292211 0.268204 0.0219284 0.202908 0.0861521 0.128496 9.9991E-05
0.664509 0.0506459 0.0583034 0.207914 9.9982E-05 9.9982E-05 0.0184272
0.141647 0.272497 0.0260761 0.265018 0.10312 0.184814 0.00682815
0.791493 9.9964E-05 0.047743 9.9964E-05 0.160365 9.9964E-05 9.9964E-05
0.227952 9.9973E-05 9.9973E-05 0.564731 9.9973E-05 0.159962 0.047055
0.127716 0.432401 0.0398671 0.189525 9.9991E-05 0.129176 0.0812141
0.129117 0.117329 0.012692 0.637333 0.0583494 0.0450795 9.9991E-05
0.0960853 0.358106 9.9982E-05 0.370381 0.041435 0.133793 9.9982E-05
9.9964E-05 0.488434 9.9964E-05 0.50318 9.9964E-05 0.0079855 9.9964E-05
0.347426 9.9982E-05 0.0664194 0.119066 9.9982E-05 0.416138 0.0507502
0.136179 9.9973E-05 9.9973E-05 0.313799 0.00987908 0.539843 9.9973E-05
0.276844 0.144768 0.00850987 9.9973E-05 9.9973E-05 0.569579 9.9973E-05
9.9973E-05 0.100328 9.9973E-05 9.9973E-05 0.157199 0.714879 0.027294
0.0838132 9.9973E-05 0.0449794 9.9973E-05 0.0479715 0.822936 9.9973E-05
9.9982E-05 0.0284696 0.0466701 0.141639 0.0921013 0.69092 9.9982E-05
0.354307 0.131855 9.9964E-05 9.9964E-05 9.9964E-05 0.513437 9.9964E-05
9.9973E-05 0.087997 0.0104006 9.9973E-05 0.078315 0.822987 9.9973E-05
0.249538 9.9973E-05 0.0303805 9.9973E-05 9.9973E-05 0.699428 0.0203543
0.0953669 9.9982E-05 0.0351136 0.056643 9.9982E-05 0.753374 0.0593029
9.9964E-05 0.161641 9.9964E-05 9.9964E-05 9.9964E-05 0.813364 0.0245951
0.149362 0.0569823 9.9973E-05 9.9973E-05 9.9973E-05 0.752164 0.0411918
9.9973E-05 9.9973E-05 9.9973E-05 0.0872452 0.0502004 0.824933 0.0373213
0.024718 9.9982E-05 0.0136646 0.171977 9.9982E-05 0.734354 0.0550866
0.094091 0.0357181 0.0381097 0.111924 0.0302332 0.687099 0.00282462
0.240006 0.319132 0.0484714 0.192357 0.112808 0.0871248 9.9991E-05
0.244514 0.429041 9.9982E-05 0.170733 9.9982E-05 0.148501 0.00701089
0.207745 0.651021 9.9982E-05 9.9982E-05 0.0324707 0.0589076 0.0496559
0.454737 0.535898 0.00896452 9.9964E-05 9.9964E-05 9.9964E-05 9.9964E-05
0.595955 0.249181 9.9973E-05 0.134801 9.9973E-05 0.0197631 9.9973E-05
9.995E-05 9.995E-05 0.9994 9.995E-05 9.995E-05 9.995E-05 9.995E-05
9.9955E-05 9.9955E-05 9.9955E-05 9.9955E-05 0.271432 0.728068 9.9955E-05
9.9982E-05 0.667383 9.9982E-05 0.0318329 0.0404137 0.131518 0.128652
0.0127009 0.409118 9.9982E-05 0.363169 0.130895 0.0839178 9.9982E-05
0.169218 9.9991E-05 0.0159893 0.337731 0.200808 0.202999 0.0731555
0.389534 9.9991E-05 0.0639579 0.147129 0.286705 0.0350254 0.0775483
0.492386 9.9973E-05 0.0130747 9.9973E-05 0.492409 0.00183033 9.9973E-05
9.995E-05 9.995E-05 0.9994 9.995E-05 9.995E-05 9.995E-05 9.995E-05
9.9982E-05 0.141874 0.057277 0.337546 0.343055 0.120049 9.9982E-05
0.94574 0.0451011 9.9964E-05 0.00875949 9.9964E-05 9.9964E-05 9.9964E-05
9.9991E-05 0.11426 0.0176639 0.304554 0.167694 0.292685 0.103042
0.260596 9.9982E-05 0.00838632 0.0425843 0.0217086 9.9982E-05 0.666524
0.169627 9.9973E-05 0.0117139 9.9973E-05 0.0976285 9.9973E-05 0.720731
0.13028 0.133126 9.9973E-05 0.0194339 9.9973E-05 9.9973E-05 0.71686
0.330085 9.9964E-05 0.0618192 9.9964E-05 9.9964E-05 9.9964E-05 0.607696
0.0660273 9.9973E-05 0.0417945 0.157767 9.9973E-05 9.9973E-05 0.734111
0.138541 9.9973E-05 9.9973E-05 0.0655902 9.9973E-05 0.0341015 0.761467
0.00718646 9.9964E-05 9.9964E-05 0.353773 9.9964E-05 9.9964E-05 0.63864
0.298367 9.9973E-05 0.0122554 0.0286675 9.9973E-05 9.9973E-05 0.66041
0.0092385 9.9982E-05 0.0209887 9.9982E-05 0.06823 0.12657 0.774773
9.9973E-05 9.9973E-05 0.035096 0.19808 0.0564196 9.9973E-05 0.710104
0.0114532 0.145169 0.0231692 0.0377375 0.182809 0.0181446 0.581518
9.9964E-05 9.9964E-05 9.9964E-05 9.9964E-05 0.146462 0.139878 0.71326
0.0469733 0.0689416 9.9991E-05 0.0187898 0.11403 0.108327 0.642838
0.0621653 9.9991E-05 0.0569793 0.157078 0.415917 0.00403653 0.303724
9.9982E-05 9.9982E-05 0.0147348 0.233986 0.0647129 0.679674 0.00669261
0.0991566 0.0999601 0.0277015 0.0520122 0.0349978 0.686072 9.9991E-05
9.9982E-05 0.11911 0.0221244 0.0490166 0.0313575 0.778191 9.9982E-05
0.156026 0.0400004 0.0211077 0.153741 9.9982E-05 9.9982E-05 0.628926
9.9982E-05 0.0730197 0.0844705 9.9982E-05 0.390267 0.00924973 0.442793
0.363145 9.9973E-05 0.0178072 9.9973E-05 9.9973E-05 0.0130659 0.605682
0.337698 9.9973E-05 0.0372129 9.9973E-05 0.0171491 9.9973E-05 0.60764
9.9982E-05 0.164375 0.0331789 9.9982E-05 0.0379662 0.01119 0.75309
0.414433 0.0556163 0.00369789 0.0804847 0.349832 9.9991E-05 0.0958364
9.9964E-05 9.9964E-05 9.9964E-05 0.346357 0.616438 9.9964E-05 0.0368048
0.59628 9.9955E-05 9.9955E-05 9.9955E-05 0.40322 9.9955E-05 9.9955E-05
0.152676 9.9964E-05 0.0179485 9.9964E-05 0.828975 9.9964E-05 9.9964E-05
0.18332 9.9973E-05 0.0265507 9.9973E-05 0.705033 0.0847967 9.9973E-05
0.252134 9.9973E-05 0.0237395 0.0109465 0.71288 9.9973E-05 9.9973E-05
0.161916 0.101135 0.0117555 9.9991E-05 0.634462 0.0825279 0.00810372
0.289202 9.9973E-05 9.9973E-05 0.0430014 0.118265 9.9973E-05 0.549232
9.9982E-05 0.0918892 0.12551 0.0201263 0.394746 9.9982E-05 0.367529
0.0950727 0.0180341 0.0220195 9.9991E-05 0.121611 0.0686177 0.674545
0.122712 9.9973E-05 0.054989 9.9973E-05 9.9973E-05 0.119241 0.702758
9.9973E-05 9.9973E-05 0.0207687 0.360647 0.00849481 9.9973E-05 0.60979
0.300225 9.9973E-05 0.0264727 0.155169 9.9973E-05 0.517833 9.9973E-05
0.256717 0.0110415 9.9982E-05 9.9982E-05 0.416794 0.0788391 0.236409
0.355966 9.9964E-05 9.9964E-05 9.9964E-05 0.587848 9.9964E-05 0.0557859
9.995E-05 9.995E-05 0.9994 9.995E-05 9.995E-05 9.995E-05 9.995E-05
0.0215401 0.526876 9.9982E-05 0.10279 0.170454 0.17814 9.9982E-05
0.148062 0.613748 0.0308199 0.0283975 0.0831448 0.0957279 9.9991E-05
0.153953 0.174302 0.0366219 0.546199 0.0526449 0.0361794 9.9991E-05
0.0532251 9.9991E-05 0.046606 0.554006 0.158954 0.164588 0.022522
0.200137 0.541568 9.9991E-05 0.205083 0.00598587 0.0173733 0.0297539
9.9964E-05 0.00772306 9.9964E-05 9.9964E-05 0.88153 9.9964E-05 0.110347
0.224648 0.102276 0.0279458 0.173838 9.9991E-05 0.465323 0.00587002
0.38084 0.0346687 0.103745 9.9982E-05 0.355813 9.9982E-05 0.124733
0.308782 0.202485 0.0210648 0.0408302 0.178557 0.239913 0.00836746
9.9964E-05 0.160583 9.9964E-05 0.679744 9.9964E-05 0.159273 9.9964E-05
9.9973E-05 0.556828 9.9973E-05 0.0840995 0.315904 0.0428693 9.9973E-05
0.458116 0.194151 9.9982E-05 0.287106 0.00854851 0.0518791 9.9982E-05
0.255991 9.9964E-05 9.9964E-05 0.646713 0.0968964 9.9964E-05 9.9964E-05
9.9964E-05 0.47329 9.9964E-05 9.9964E-05 0.5137 0.0126094 9.9964E-05
0.412977 9.9955E-05 9.9955E-05 0.586523 9.9955E-05 9.9955E-05 9.9955E-05
0.306919 0.064038 0.0259751 9.9991E-05 0.438297 0.00065812 0.164012
9.9991E-05 0.0213311 0.0745404 0.153137 0.588115 0.0837146 0.0790614
0.390029 9.9973E-05 0.0929115 9.9973E-05 0.358256 9.9973E-05 0.158503
0.455296 9.9973E-05 9.9973E-05 0.178905 0.240967 0.124533 9.9973E-05
0.0287771 0.0281106 9.9991E-05 0.414339 0.383875 0.05513 0.0896688
0.348342 0.243345 9.9982E-05 0.0757812 9.9982E-05 0.314353 0.0179789
9.9973E-05 0.235037 0.0112804 0.0275519 9.9973E-05 9.9973E-05 0.725831
9.9973E-05 9.9973E-05 0.0246079 0.0592471 0.285356 9.9973E-05 0.630489
0.481609 0.0284907 9.9982E-05 9.9982E-05 0.290794 0.0845634 0.114343
0.711106 9.9991E-05 0.0315119 0.0709592 0.0226872 0.0593964 0.104239
9.9982E-05 0.0968748 0.0551626 9.9982E-05 0.540997 0.217029 0.0897366
0.0158212 9.9964E-05 9.9964E-05 9.9964E-05 0.317297 0.666482 9.9964E-05
9.9973E-05 9.9973E-05 0.052744 9.9973E-05 0.34006 0.0359834 0.570912
0.272801 9.9973E-05 9.9973E-05 0.0170102 0.12888 9.9973E-05 0.581009
0.355834 0.0266515 9.9973E-05 9.9973E-05 0.251839 9.9973E-05 0.365375
0.097042 0.362033 0.0415091 9.9991E-05 0.0249348 0.418617 0.0557635
9.9982E-05 0.599272 0.00476472 0.103454 9.9982E-05 0.240302 0.0520074
0.502621 0.487071 0.00990828 9.9964E-05 9.9964E-05 9.9964E-05 9.9964E-05
9.9982E-05 0.650188 9.9982E-05 0.0922736 0.0964228 0.0596693 0.101246
9.9973E-05 0.338914 9.9973E-05 0.33884 0.0302238 0.291723 9.9973E-05
0.230347 0.588594 0.00366419 0.0106302 9.9982E-05 0.166565 9.9982E-05
0.0393955 0.839665 9.9982E-05 9.9982E-05 0.006395 0.0478728 0.0664722
0.0790396 0.81237 0.0113015 0.0455234 9.9982E-05 9.9982E-05 0.0515653
0.384562 0.313886 9.9973E-05 0.062043 9.9973E-05 0.239209 9.9973E-05
9.9973E-05 0.138453 9.9973E-05 0.719219 0.122449 0.0195792 9.9973E-05
9.9973E-05 9.9973E-05 0.00591604 0.915672 0.0351316 0.0429805 9.9973E-05
0.127659 0.145737 0.0135782 0.605179 0.107646 9.9982E-05 9.9982E-05
0.435423 0.31299 0.0200027 0.0326468 9.9991E-05 0.167618 0.0312189
9.9982E-05 0.0261835 0.0189833 0.877626 0.0664555 9.9982E-05 0.0105516
0.407883 9.9973E-05 9.9973E-05 0.430188 0.0489408 0.112688 9.9973E-05
0.201922 0.658531 9.9982E-05 0.100021 9.9982E-05 0.0300866 0.00923991
0.132276 9.9964E-05 9.9964E-05 9.9964E-05 0.132539 0.734785 9.9964E-05
0.00552532 0.106262 9.9973E-05 9.9973E-05 0.0879068 0.800006 9.9973E-05
9.9964E-05 9.9964E-05 0.0258892 0.188013 9.9964E-05 0.785698 9.9964E-05
9.9973E-05 9.9973E-05 9.9973E-05 0.167906 0.0971762 0.678596 0.0560215
0.0449709 0.0739648 9.9982E-05 9.9982E-05 0.12229 0.733177 0.0253974
0.455565 0.518514 9.9964E-05 9.9964E-05 9.9964E-05 9.9964E-05 0.0255213
0.485315 0.428004 0.022209 9.9973E-05 9.9973E-05 0.0641724 9.9973E-05
0.13795 9.9964E-05 9.9964E-05 9.9964E-05 0.0624509 9.9964E-05 0.799199
0.0759315 0.0810781 0.0189899 0.0234354 0.0117678 0.038191 0.750606
9.9982E-05 0.0334983 0.00974909 0.129622 9.9982E-05 0.00529258 0.821638
9.9973E-05 0.091337 9.9973E-05 9.9973E-05 0.276233 0.0515908 0.580539
0.0775075 9.9973E-05 0.0417992 0.105307 9.9973E-05 9.9973E-05 0.775086
0.0322549 0.0107513 0.00489635 9.9982E-05 9.9982E-05 0.198861 0.753036
9.9973E-05 0.139878 0.0237965 9.9973E-05 0.00471882 9.9973E-05 0.831306
0.0802232 0.0418658 0.00211084 9.9991E-05 0.00212469 0.0880859 0.78549
0.0140033 0.0144069 9.9991E-05 0.0892458 0.0337547 0.0485996 0.79989
0.121739 0.00765913 0.0117415 9.9991E-05 0.0261625 0.0756609 0.756937
9.9982E-05 0.0663788 0.0462781 0.0543776 0.119259 9.9982E-05 0.713507
9.9973E-05 9.9973E-05 0.0234896 0.123121 0.201531 9.9973E-05 0.651559
0.0814406 0.102673 0.0299573 0.0797893 9.9991E-05 0.0169411 0.689099
0.226619 9.9964E-05 0.015505 9.9964E-05 9.9964E-05 9.9964E-05 0.757476
0.0645345 0.0438265 0.0238158 9.9982E-05 0.143345 9.9982E-05 0.724278
9.9955E-05 0.195579 9.9955E-05 9.9955E-05 9.9955E-05 9.9955E-05 0.803922
9.9982E-05 9.9982E-05 0.00120982 0.0965617 0.0461927 0.0804889 0.775347
9.9973E-05 0.0729243 9.9973E-05 0.0923616 0.698933 9.9973E-05 0.135481
9.9964E-05 0.0187896 9.9964E-05 0.089751 0.89106 9.9964E-05 9.9964E-05
0.0461484 0.116597 9.9973E-05 9.9973E-05 0.0406189 9.9973E-05 0.796336
0.160209 0.19078 0.0119452 9.9982E-05 0.0376115 9.9982E-05 0.599255
9.9973E-05 9.9973E-05 0.000327278 9.9973E-05 0.200346 0.0535866 0.74544
0.0114876 9.9973E-05 9.9973E-05 0.146883 0.737236 9.9973E-05 0.104094
9.9964E-05 0.883852 0.0180586 9.9964E-05 0.0976891 9.9964E-05 9.9964E-05
9.9973E-05 0.454786 0.0120064 0.382901 9.9973E-05 0.150006 9.9973E-05
0.206338 0.341708 9.9973E-05 9.9973E-05 0.0626672 0.388987 9.9973E-05
0.229448 0.0479833 9.9973E-05 0.223942 9.9973E-05 0.498326 9.9973E-05
0.40082 9.9964E-05 0.000341338 9.9964E-05 9.9964E-05 0.598439 9.9964E-05
0.285415 9.9964E-05 0.00642605 9.9964E-05 9.9964E-05 0.707759 9.9964E-05
0.140294 0.0702796 0.00939555 0.185224 9.9982E-05 0.594607 9.9982E-05
0.243726 9.9973E-05 0.00234194 0.178666 9.9973E-05 0.574967 9.9973E-05
0.185333 9.9991E-05 0.0294394 0.0987349 0.0154689 0.633667 0.0372566
0.170727 0.0365781 0.0533148 0.0335012 9.9991E-05 0.657879 0.0478999
9.9982E-05 0.760773 9.9982E-05 0.0360093 0.101736 0.0935603 0.00772063
0.310987 0.61646 0.0721535 9.9964E-05 9.9964E-05 9.9964E-05 9.9964E-05
9.9973E-05 0.61807 0.0533729 9.9973E-05 0.316541 9.9973E-05 0.0117168
9.99551E-05 0.592682 9.99551E-05 9.99551E-05 0.406818 9.99551E-05 9.99551E-05
9.9973E-05 0.64047 0.00335604 0.0338274 0.322047 9.9973E-05 9.9973E-05
9.9964E-05 0.365376 9.9964E-05 0.154982 0.479243 9.9964E-05 9.9964E-05
0.179443 0.110759 9.9982E-05 0.483031 0.115176 0.111392 9.9982E-05
9.9973E-05 9.9973E-05 9.9973E-05 0.804914 0.0584199 0.085164 0.0512023
0.0661017 9.9964E-05 0.0268627 0.906636 9.9964E-05 9.9964E-05 9.9964E-05
0.212021 0.0128061 0.00581926 0.707845 9.9991E-05 0.0528887 0.00852001
0.112197 0.12613 0.0360447 0.703264 9.9982E-05 9.9982E-05 0.0221647
9.9982E-05 9.9982E-05 0.131623 0.251358 0.0140828 0.544819 0.0579168
0.424859 9.9964E-05 0.0300999 9.9964E-05 9.9964E-05 9.9964E-05 0.544641
0.236606 9.9973E-05 0.0457456 9.9973E-05 9.9973E-05 0.0363986 0.680949
0.138595 9.9991E-05 0.000802624 0.0586357 0.0233988 0.0116953 0.766773
9.9991E-05 0.112135 0.00927888 0.0874717 0.159665 0.00223907 0.62911
9.9973E-05 0.187409 0.0219903 9.9973E-05 9.9973E-05 0.0775978 0.712703
0.0382678 0.124912 0.00965429 0.402812 0.056679 0.226164 0.141511
0.119381 0.260999 0.029146 0.394612 9.9982E-05 0.195661 9.9982E-05
9.9955E-05 9.9955E-05 0.0499032 0.949597 9.9955E-05 9.9955E-05 9.9955E-05
0.060066 0.243615 0.0205402 0.340268 0.147707 0.187704 9.9991E-05
