IBR/IBR_outputs/all.combrep_1/EucDistWater_Total.Spinifex_Total.VRM_Total.WeatheringIndex_Total/EucDistWater_Total.Spinifex_Total.VRM_Total.WeatheringIndex_Total.asc
NCOLS 160 
NROWS 95 
XLLCORNER 210004.651214014 
YLLCORNER 7350008.22228844 
CELLSIZE 4999.99999999997 
NODATA_value -9999 
[rows 21 to 41 of 95, columns 92 to 137 of 160]
4.95574164405107 2.9450148453862 2.34869334040903 2.17254376410292 5.88497271014414 10.1467113290515 9.52344382326173 7.99609502237255 5.37857010522278 2.44151262303067 2.75011152830703 5.00753381214864 4.63808688621498 12.5314135167766 11.1217774092387 3.19190046507164 5.18015635121473 3.91098209942091 8.38497457581781 11.2260001286628 7.22868408282292 2.62959423278739 4.59100026583299 3.39897628653156 2.42227347237717 9.97192123032523 8.2885532050235 10.9388409073513 11.8152961651987 5.20532249854662 1.89394030971629 2.75369319929587 2.76339096784412 9.29215610362642 9.81552241569218 8.17137744188343 4.59047786137919 4.25897064897138 5.67982069660775 5.07069207649057 5.46163697269815 6.91241892801137 7.53490727942783 8.30971762987212 9.51178571602482 10.9501709556854
4.15324142069536 2.12781155197158 1.60772957297718 2.47148042879549 7.37267821950268 9.89173932538335 9.57128096358175 8.67407732203369 6.5750261132246 4.86791218236217 4.86494956457343 4.30699031238958 1.89289099811143 10.6561022272042 4.80865151605996 3.34238353538636 5.8972704633442 6.07804361895635 4.44855281594342 1.77338894643945 6.23185746469161 1.92707555330111 4.1459743866385 5.42393861776026 4.71647233293421 3.96986815302254 3.85733702934032 4.03991965183458 3.52974659386869 2.62917605965846 2.66308788199077 4.23018275958389 4.12938942333789 8.52589764049625 10.7460867398546 4.36810171508527 1.8256454831339 3.34979499878827 3.4542713944696 3.37984080561199 6.37882293294292 8.49545065263466 5.6330754401284 6.41615135760246 7.96876324271798 9.49405578998087
2.86152850441836 3.3797994921724 2.34047162117886 2.27833339471614 4.41171264301159 7.35113915377823 9.63244173782148 9.89791388192856 8.42599786284616 7.16472116560741 6.16817428769319 4.70945622777918 2.84776839974354 13.4797178463879 4.23193790767263 3.42541861778796 6.05490703351938 7.10690005413675 6.39919017641504 3.70972986536696 1.42552333632783 8.3401051567079 2.47105762875193 4.49545547642917 5.35328442577316 3.03686433798018 2.87010674449888 4.22549153695074 4.85552413689464 4.94941513494008 4.16900584558562 2.00580138049366 2.75426482672395 8.86887395173676 7.92795418450479 9.28417067516832 3.65312648603685 1.27148807311407 2.92874745738314 6.85952353688239 2.88661785607648 9.66778174666777 13.0316639070009 9.66556413310424 6.26386247919439 7.31218814927034
1.19816635083431 1.58813797661465 3.12190874790265 4.80179862091746 6.0441682538555 8.25149596092348 9.55242778884136 9.9499321674563 8.02624545104555 5.8070273349279 3.80935323256317 3.45781041086227 2.5386681521578 2.53734120535108 1.46356097260598 3.30492601672076 5.75394909402195 5.54912157455396 8.67281800831559 5.10350191550649 1.7511420422921 1.13288115888251 1.47609065905246 2.67243238188418 4.16821233231625 3.08966166222521 3.05424139462578 2.06835207427559 2.43817909421198 3.51139264517905 4.62111041947391 2.02593693296694 8.20642537394353 6.70933248436702 2.3981267338733 1.95679031440758 4.42777595892505 5.10528873519508 3.2114484389557 1.65107393542023 1.6063168423694 11.0507596834162 11.8122138381821 12.9792300291182 10.223386156022 6.3736214416925
3.32519833744633 2.64063003341255 3.46462581107511 4.02849460620883 5.16840197336736 7.06937814780842 7.93825613428616 8.59930602830231 7.62756096321829 4.6235742910674 1.76079279304376 2.05961825051015 1.31003883441706 1.64355546701266 1.37011310780746 3.065342240712 5.31897841294355 3.69281296273842 4.46541594308266 3.32859638571526 1.16445559034839 1.58603070210694 1.85749200945164 1.64377282039039 1.82436946324132 3.92324110007298 7.41045948046149 3.01166102092057 1.46036543741346 3.14215852350528 4.26805686405294 2.47729162835558 7.60107160053056 10.2107684846316 4.37110405249871 1.77194997040797 4.47754260839657 3.50339672576407 3.37742804415183 4.67746588270503 3.7628721880234 2.28711622760482 11.9477302868895 11.7538198972628 12.1729956206742 13.0305533818188
5.17316842821997 5.6631523310161 3.91371376417553 2.02381618380471 4.28393022054347 5.27283322949342 5.8292918104844 7.13653539826125 6.88942597757693 5.43313615749883 3.42855826013115 3.07062165574874 1.26980301450216 1.60786963595195 1.52455152778169 3.1349769668793 11.0306977057524 12.5245329596664 10.7598345403228 11.136458100752 1.5815394568921 3.14633670823779 2.92173383396319 1.20310373443306 1.57973225289721 3.75961320538111 6.13970198036897 4.09957201435087 1.87046367327369 1.62851704323535 2.85167956316115 4.93913730902846 7.06750842688121 8.82009327636107 7.28544942528409 7.18358585766951 3.67641578918056 3.20278010745766 2.13207558574684 5.16466054129336 5.63703188095212 3.50377908747873 6.97872530565231 11.5925295489216 10.9213879240855 9.20644505529212
4.09525657922459 6.89207491574282 5.40020360482712 2.62317480083523 2.79809937471052 2.9066106472016 4.18791828771757 6.57485699729694 5.02876541054969 4.98650598356668 4.63814085220978 4.65462908500622 3.65320516187698 2.82547183841005 1.4290025179415 6.17993207060033 13.7072866664866 12.8137578422396 11.0729728319745 11.9833200628893 5.55608724859501 6.45602316137255 7.73625254971876 4.96607214285789 2.59969570615419 4.35696614307891 5.71878355182576 6.17640052722712 6.44525353127066 11.5220094774146 10.4536984754227 11.7672419016243 9.52365969106683 7.19053343428982 4.07872453711964 5.95725081731255 7.42707039312957 3.62458947864633 1.43094193417565 4.1889198910716 6.57886098609567 4.53677869095988 2.2316476176922 11.2655030610176 5.54025333314016 5.45333992186617
2.58014943949568 5.46432426567933 6.65637878368376 4.42022355662911 3.39443480966672 3.16242804906375 2.09482563850178 3.00798093744365 2.92409152461264 2.42834111221317 2.37741710586064 4.98138992105841 5.32693833315651 2.71605240590155 1.2127166673895 8.57924539981972 8.02324030203149 8.59946908407063 10.2594260392558 6.69170497597241 5.74519204680873 8.60975778185321 11.1405007218851 11.2726415242197 9.72601669631283 9.65647411305584 8.88913659433176 13.1165589718971 8.26366821515973 6.86956994059085 4.13057618127971 5.07730116204127 8.47607286955514 8.38298806717184 5.55571371790747 3.10952098745227 6.56375630322025 5.34377738503039 3.24180276567195 5.02794273098354 9.75273711258173 7.48368839797762 3.42246372589788 10.7321817819215 2.888329313574 4.73876351476467
1.19541590174247 2.06420252290531 3.33298401797474 4.18181483530259 4.2240484507688 3.6714559338211 5.42948417562506 1.77500487048492 1.63318412230533 1.49679942820816 2.52436682150239 3.36993141467662 4.73838651158481 2.7199087066131 3.39062420328485 7.38153079753467 10.3358818981426 11.1163779334499 10.3081356284041 9.2129488742447 9.11218419662611 8.61979126616168 11.0125748880469 5.09896369957413 6.31495775113767 5.40041180469651 7.64423565141654 8.87062935171959 7.00185014140657 4.07912569700879 3.2149993363823 3.16022217774692 4.99035600052801 6.63046620770648 7.70521030581038 7.55756929461393 6.07325676918692 8.48449508707717 7.31081031996716 8.58351306333268 7.66560863698819 6.00397687407201 4.51941474667826 12.4200297560985 3.61866470846107 5.27729742659582
3.13219421713252 1.54002158016945 1.23437303576045 1.59518812481757 3.38878235926197 6.9622700532856 5.93177805580967 3.47960118108657 3.90348447684223 3.7540277439704 1.8234999600934 1.71486688933035 3.49315705398992 7.57704504535642 10.2441204762629 12.3659834869755 10.0177709528933 6.34856554368878 9.59446094408078 9.76224712168807 9.96850068475585 8.75511049077977 8.92954442629492 4.38101014475322 10.0375355613249 3.05998219022695 5.4286419683647 7.0713606230414 5.84338834277165 3.46408924852029 3.72402768862467 4.60697990328134 1.66118053034752 1.92640648488315 5.54153276934211 10.2485574811775 4.90874170929687 4.51818446220656 6.56329780598781 8.1868080299596 3.86189153718741 2.75516293199447 4.00531656576506 5.31063798806244 3.33284065830708 5.12316526277609
5.23282601196649 2.75071875399595 1.67629735869906 2.51974099261881 2.86090896852044 5.81087655076164 6.36846960477421 5.1210891976507 6.8521931651505 3.78578045220655 1.44205234007618 5.34267507761147 8.06895116643537 10.4580298501908 11.8405889624963 9.86176812064766 7.32618603483817 3.18098707572224 9.92899943867559 7.01822932564026 9.25972265525827 9.90228340264233 3.15289044882872 3.95684406575639 6.21408242814246 2.90797046704859 2.46804928483164 2.52372580532504 2.88931383986766 3.29010465587078 3.21026147194029 3.26942176460381 3.73364060025339 3.67448954821272 1.83411602726522 9.24240665819876 6.302470864015 3.09367986582088 3.94471323950923 4.76993361161111 1.74091649536838 3.78989587084516 7.33444104388786 3.54606830656457 5.48492156802802 4.79361286775707
7.34382997583466 4.02468549791062 2.46629012620992 1.513766077778 2.66029473689033 2.39524391190285 3.97891534279495 8.93192538999394 7.41849501193454 9.91766068602663 10.8748632182597 11.6873558254317 10.7511007543439 10.691930118765 11.5467163706432 5.62524286524617 9.87354272904587 5.64326825363462 8.28660635652997 7.2993527879814 8.92490763940173 10.3942576780981 3.99039306209678 3.85411510236265 4.84030169657433 1.54044825372982 4.55182182150174 9.16195030909572 3.49951838260939 2.17293969079512 1.75018752307231 2.61710496340973 2.8117083307317 3.64398675107964 2.04902903210999 5.12294397674393 8.01984722525648 3.63940994379685 8.32240074066381 7.00570166459671 4.24547613629802 6.11163868780048 9.18518856656201 6.52475345308707 5.77635471711679 4.76984224902333
11.4628262028628 9.7508810889808 4.12818849623894 2.28209599382038 2.59565837796313 3.97473784389143 6.78326741981112 10.478308725604 9.93625642470823 10.2572123959758 9.02015047800468 10.7761126778661 11.4589382093773 11.1215275854624 13.7797314235147 8.60567058842263 10.2213194642035 7.25519112588339 4.32438587656329 8.88921392967679 10.4579289961418 11.0957034949998 8.46940763744699 3.45430729232238 1.79252020562772 1.53905125061944 2.13033810280775 2.30440395251921 3.46635494785637 2.47045724797798 2.72854925752399 2.2513303773018 1.96260915141547 2.82636264053303 4.09395846095198 3.8031232235926 9.90779543537646 9.16542432990387 7.07910143758862 4.54123847483216 7.15454619663606 8.61506730975101 9.13816355216488 9.49847940695207 6.37548026233747 4.37046901082353
13.0661682805329 3.76489681248945 5.02717744387745 3.55115009487513 4.15038621492082 10.4503552832835 10.470703744493 10.9725018115662 11.3435161053113 9.82023451263689 6.23148826405746 10.6099743548069 11.0783372793872 11.6924205091441 7.92573823352961 11.7969667076393 8.76205664426841 5.21361345997291 6.34565496637279 8.88030748459439 7.18375549005315 8.85581157670841 9.08700331205128 7.01523745962997 3.34729205487181 3.25406965179352 2.98878649163803 3.85722925463593 1.77390037401173 2.13302551029603 3.62180340998266 2.68461642821813 2.83855499937963 2.70345404189779 3.7980099267824 4.53670164430481 10.8810607534045 8.89531025495683 6.14704196262303 6.09839064992962 9.71233483869335 11.8235508279784 11.4304289159882 9.69065986247466 8.50288771160003 6.29908654714674
9.9042027414806 3.01611559995576 6.05550642781498 6.7741247891007 1.86215467008417 3.58493790723048 8.62919455593164 10.5770411586632 11.1448663924477 10.3489127780875 5.51842097595796 10.1812668643916 10.7754555828255 10.5267614891577 11.3952211886885 12.5794402809955 11.9614314959142 10.6198819015398 8.54976827808214 8.70038719882007 1.58244239641636 4.25742176209363 7.2443271212462 12.1817504374034 6.93919802342926 2.763024756283 1.70138349297009 2.37553377900887 2.2143870563894 1.89809823384088 2.32178715103967 3.94775042234447 4.98211548669279 3.9925950313451 3.93595492939457 6.88559592370946 9.25332846548087 5.3614076260824 5.1412828463611 11.0519805669591 8.48014993047486 9.51636326108434 11.6568113041386 9.03040903845066 9.64050494012342 6.63945261214741
12.6337637805549 4.98712307376659 4.48169639244367 13.0551298619002 2.29164202360729 1.87472917033214 6.27249255337859 6.90980587938059 12.0824576774286 6.09139926326642 9.92299630490335 11.8664863442524 11.5759851649106 12.2197536860954 11.4384030814763 9.38898776557724 7.80826983173447 4.83590685353074 6.95867376674739 4.52937819299264 4.78427979539408 2.80909288546231 4.1277816530822 6.64495517613097 12.691007727579 8.52185590356093 1.62341653757705 1.88367558827478 2.39097880387575 1.4258623195459 2.295929815222 4.21288084367734 4.32717167071519 4.07009976920271 5.77285054619527 9.67342004232784 8.8667071219532 5.12437622820824 7.74822003550503 12.0340848341043 6.7149100105378 7.49031311641856 11.0410682888307 9.05824732336008 9.2224938414609 4.02635763287932
23.2417048745519 18.0077197683381 13.0793911102732 12.3157401200535 12.1910303248926 2.27456788449627 6.55960215536411 6.18663290860574 10.9976554564275 7.69512604789045 11.6032147058288 13.205732263168 12.033992544875 11.5123000638446 9.91907310229332 2.3347035284326 1.58791116180692 6.03183263340174 5.49137502386476 6.17189925806105 9.28003527509346 8.24946318484173 7.10020977533375 6.69262078594513 6.71245787262649 10.1206295597647 8.96869997058703 4.32104893623663 2.51033945674763 2.04242855859129 3.72138044540441 4.54608082785609 2.07559911768288 6.0628403274772 8.4187135633728 6.34895821792588 6.18733316625321 5.87572471953718 8.33844933562314 12.2270302572628 8.13484460699796 4.51197396163116 4.86989271372347 10.0905351547776 8.38608685683044 4.73902728638672
20.5508007646425 17.8556212837435 26.6603437519017 17.1862503701372 12.5968374804761 6.97563478810006 2.42418345791477 1.90866787994317 5.47334674550036 12.9988028896281 10.9935838884487 8.88161755714953 10.6748805753884 9.20528962423757 4.16362060083965 1.66717789015163 1.97232115818068 2.9568394498864 5.94407666750779 5.51769333603022 9.41951835912726 11.584433739437 5.78997993722884 5.39025320884723 2.69032130065507 2.5363841926545 5.47633618907475 6.07998664784132 5.90251787976521 2.95694238200245 3.21047036946883 4.823546774361 4.30337221326522 10.9669710069552 7.3842240625327 7.45473888818665 10.6145934667056 7.76938598160373 10.4853378060258 11.9466836122418 5.78681756244928 3.65575002288568 2.45107515794398 3.34254444209154 2.39047255132363 5.99299400143981
13.647731583665 13.0694513903691 11.202647073401 11.3879169731188 9.04163768469722 6.58623462683375 4.40352158300828 2.99550763951136 7.95036200392471 13.657011808187 11.1098654388665 7.93112110566383 11.1304435727735 6.69719873278891 2.26469070396389 4.73018504453895 8.1638608749605 5.10782722692753 3.49735316914982 6.01816810211436 10.9127672973203 11.0077880913273 6.15329376482594 1.38117368080658 2.36639681253898 3.55430208293614 5.68270961749564 4.93013606147941 4.61809061704218 4.7038040200473 3.80220294040991 6.45551109142846 9.45317568000575 5.43528274240022 7.33069641910318 9.42664021681976 8.4223072736357 5.30111167039937 10.3932079974992 9.6050787513134 5.38843363758266 5.98432960999864 4.93881746260041 3.67623474486044 5.18956688247666 4.98782402657672
6.34453872604592 5.52085915563161 3.19424819568578 2.78909185662735 5.30184278351883 6.57820411717204 7.83808733619199 7.24710338253375 6.22495319291909 11.962930978242 11.0169769904608 10.1873327141942 12.0152779461534 12.8836768327687 3.88267544770255 6.26457862539451 5.83226272578535 7.98696861413973 9.37740872332395 3.70277377257467 10.983583843138 12.7156080341383 6.27831846482429 2.38845887419643 1.4642577701953 3.3385960673276 5.34191154995412 5.33102668425537 7.80540445067542 6.05721242809795 7.67888248885093 7.69864491055948 9.06721881708074 8.3405636785293 8.8103148809466 8.19904543809221 9.23944731076794 10.6233613181101 6.35360197964836 4.2228838960657 4.44493931106251 6.29463692190464 5.58005166394854 5.46770613584515 4.01787081633371 6.80536994091924
4.16515273449986 5.39369000270722 3.04964033496425 1.96564773799556 4.7596288846584 6.87363920876788 8.380232445254 8.34940100614313 5.77290015978131 7.80072595514 9.24177264015499 11.1909465292094 7.18195252077411 12.0521010299323 5.76761136525481 7.15400058098262 4.19684289554671 14.0823811450361 7.57929782167166 7.25949367707605 9.66131036405287 11.571455679933 9.79897404534632 4.19038364543426 3.31477282264357 1.84160862463509 3.39888905370669 4.59475713510048 10.4020185021793 11.3425896148713 9.36730825793022 8.67431906850873 10.7713403940741 6.40988680284851 8.81247767363433 9.42753603293776 12.0330822404871 10.3833263877901 5.07434454137213 3.56629170000748 3.64378771366864 8.61934859160068 4.28244202257407 3.20041244687054 7.96405798476246 8.13824954715441
