IBR/IBR_outputs/all.combrep_1/EucDistWater_Total.Spinifex_Total.VRM_Total.WeatheringIndex_Total/EucDistWater_Total.Spinifex_Total.VRM_Total.WeatheringIndex_Total.asc
NCOLS 160 
NROWS 95 
XLLCORNER 210004.651214014 
YLLCORNER 7350008.22228844 
CELLSIZE 4999.99999999997 
NODATA_value -9999 
[rows 42 to 62 of 95, columns 92 to 137 of 160]
3.28626781889368 5.09296380083073 3.18854330428479 2.32566929356764 4.61413817948695 4.96415315776367 6.02575065992525 7.4978432639904 6.37497158877711 10.2924162064439 10.8112335151345 10.6434167596675 6.07693784058248 6.94670570451855 7.98573652364864 15.8934276251657 12.0612286607886 18.656171754885 17.5561395411227 20.4500352789013 10.962600372356 12.767897889719 7.98646961577612 3.36684620596455 4.97925677553953 3.16913728990644 2.67508469585479 4.31793048612021 9.3078772170682 9.9132276916945 8.8405145989654 9.5947467410523 9.51162758700519 7.52201645540477 9.74036710348364 6.3685207162823 8.08710741259975 8.52721415174155 8.07368180670471 7.75901564808138 6.21882644676241 9.92460048335889 5.18365972156367 7.02398249978562 6.5431600789834 4.73029940752472
2.32920660538967 4.80385540710818 3.23628674068022 2.48416026568876 2.27048204895764 2.58523057220641 3.6864308894138 2.75550130282279 5.28875772305405 6.43524619574669 7.58498093337312 10.6719526327986 5.19087561528708 3.76419572794434 9.23445698579125 15.4734883785175 20.1831235983537 14.492243630378 20.0384823228523 17.7436256522373 9.10781086600611 11.7939244918104 10.2868489035199 3.2058471830169 4.41295647920904 4.54741880936037 5.5468868472213 5.04429995254396 10.2069800470018 7.13236485365416 7.05160535783425 5.10212190019883 3.86783433682171 5.83903215545129 7.81837672264899 10.6364262709068 9.08805601654476 7.73657708773024 11.2911192737199 9.91167208313276 10.6065237622442 8.6902779736544 5.91815305251629 4.66573755072449 7.17090174536823 4.96047469460462
1.89885607332404 4.32273836668914 3.01613441388081 1.67079633147111 3.09614401100941 3.33749414548123 2.63184977515037 3.76324977955456 8.32465106881533 9.67072252262704 8.51221231845837 11.8185184486671 10.916758242042 12.7899336916408 3.07407979434288 7.17969064537902 21.9110092233688 22.794406177903 16.3073350190699 7.91494629031551 10.9590616227749 11.1550923680801 6.10991632960294 3.15797601562356 4.10830061332983 3.33882131611855 7.27843939894418 7.64743029666085 10.1870149383779 7.72297902582721 6.04631181327549 3.63025625348643 4.86617790830806 7.3139694308048 6.52642270587845 5.48007146819528 7.09687831295191 5.57264221415686 10.9156795820537 10.5387897180889 10.5023611097776 8.40382446640348 7.1523818062558 6.93253810230642 7.11846608568673 5.17372180972231
4.64163443415803 5.11647465692835 3.62205993718278 3.08536932774994 4.48821323074805 4.14310548068388 5.79370363683413 5.01015699919611 8.94454072460664 17.3525414950148 9.73442198612753 12.1478989264165 8.49476496936402 4.86703862658024 2.80466763565223 7.10375670578261 4.90879559920878 5.49154720041375 10.6139801603569 6.79612866362225 11.7235021301224 10.2098091013798 5.33613092997204 3.39277824789892 7.9535052423486 16.9445548084605 2.25213024680828 9.3670428994496 11.9894274236077 7.53562515526475 7.51330167456303 5.21443814492482 4.28400642130069 8.44151006692208 6.58817291167162 6.34415286504823 4.30234158629584 5.48893944149168 9.10077379645561 11.530443388403 13.4785091942647 6.53932846704283 4.46306453565935 4.60693601708773 6.39094296944945 3.99097680050209
3.51860913068924 4.28162361648605 2.2230917484967 4.43262650106172 4.92010838809436 3.56204812236796 5.12210797204646 7.2234032431159 8.31650528016058 22.1285919070639 10.5201752707569 9.20109752152745 7.51614949647347 6.64828929483054 4.91260033703232 7.19319079125882 3.12404265303189 4.65140367764869 12.0312472400758 5.54077892102192 10.0668125584916 10.1488963903741 2.74866782098194 6.13503058029877 19.1683863902217 4.65694669629355 8.4955313087608 8.45126352673199 10.9188306098847 21.5857537387739 8.14217656479274 4.20541647199895 5.53174617537096 7.92094097424068 5.3779852596013 8.36252067115413 10.7711546198859 7.54422996772718 6.02844649274371 8.81254052811031 7.1690158344024 6.88878084882659 8.77015424378419 5.6617548071822 3.46798593069411 3.02523880937582
2.10978327394793 5.67709125814225 5.22168244366006 4.85080283449763 3.63066117062427 2.54741369061616 3.39970480815596 14.6215544507876 18.3597628730389 13.5604940911053 15.2983720637767 8.99173965185574 10.4962854765534 12.5165964020368 10.4076662919108 6.8174620221474 2.71124842206553 5.07951382847241 9.73689826651829 3.62816902727394 9.59676252025065 11.0685746470451 5.24102462325965 4.49188957642185 4.77012241974948 7.53524477675334 7.4532979054492 7.21577503722087 4.07364045223794 15.0771561381104 6.71822508115543 2.98297320640573 7.70793533700609 8.83241034905103 8.56670190598551 10.527419771199 12.9148201257777 11.6276744391823 8.15820912891509 4.27235320205964 5.48391413741375 8.61963077798668 11.35139115754 4.17775102026215 4.38676924392439 5.17136188115053
3.38069431985658 6.76321827976664 8.47919164850108 5.00621153895182 4.2649356156014 3.20063475173364 9.31356726853016 11.8151272966507 5.97135860783854 12.6837253802113 17.7394238752788 8.96840930449033 6.53958284065812 6.86114268293148 6.13666477947819 3.45705848073579 3.19626559581066 4.73611564170775 6.2808323356859 8.36296215651593 7.27852543379191 7.7340993410727 9.18796252206753 6.09950144260403 7.33439584132642 9.90722958293168 5.85994677894551 5.26388326708208 2.60662708024727 3.28218990623167 5.66841329822863 2.47882859488722 6.78523871599796 4.51909990601383 5.19805021113001 8.39761500915713 9.60800284250909 9.77613014811048 9.03678762373974 8.42929439741608 6.63283920382629 11.2308525817786 8.15941692140949 2.85951304464143 5.21081362622899 7.74744982309725
7.92902740170679 6.39627468523404 8.64307556003587 4.32119888471993 5.49627914667847 4.45644167900786 6.35657391000562 4.70080480148197 5.71340785682929 11.336004944439 11.0188087509347 7.2350740961435 3.38816046734288 5.69831290383805 3.3204737650431 2.83841186449955 4.66110546098212 4.79827877223377 6.51193385272545 7.89955341726823 6.20559359001239 8.67924082727686 10.0507280277606 8.18480103134323 10.5854181678963 7.51806862047367 5.05307944644629 6.26882359127456 7.53468470819869 6.77707647490392 3.237708583357 1.99799677485769 4.92839273569788 7.00534059441924 7.73543740598932 6.16699891633681 4.68464999587727 6.95169908274288 6.16814049461598 7.03340402152456 9.5979835001126 10.1863115642356 6.43039677135645 4.25826097169918 4.2619143495425 5.05217174342846
10.7191223775911 5.31739594237555 6.85196195631776 4.58828958384908 11.0291597545409 3.22892109904818 6.2244896984322 4.02442097515337 6.12738267039807 14.7427824087784 7.08563737398068 6.98221462375237 11.6479503775481 10.8342115601021 3.98950070398997 4.15321478497042 5.29748215191401 3.8868927471967 4.44946673655514 8.33920227998203 6.49352166363703 8.26989725001676 7.40018655403061 6.54828118102773 8.38321897956859 3.2160409316616 3.48169027966642 3.32315303058076 4.81326242459815 6.54875682158637 4.57272251047404 4.18983607534363 6.38585415900843 8.45596432046733 7.59750237017969 4.44760173464646 4.33432109129664 5.59210667349428 8.0085590059309 8.4840566555448 8.78908317938643 8.28567563878483 6.4477338888801 3.2744548700911 3.18766228106433 4.8027407548213
7.80370244361443 6.37178984815761 5.55027591822937 6.9950208707327 4.92246227352017 8.38068151581762 9.07257924423062 7.66914011367224 10.1990169124097 10.9634905652806 3.77958769419631 10.2612010705626 10.6418252230058 10.4106658075148 2.5220001191186 4.65021381305359 4.00235103880059 2.98569801488571 4.36239754153787 7.1463115378321 14.9476729504269 11.6996527770549 6.7240404640348 5.2222091484986 4.30905165971648 2.4917961944341 1.87024060090266 2.88061353498161 4.39151111956115 4.57668043544047 6.27915565867584 5.07101607092836 3.06770358251375 6.6838994222875 12.1868065600084 7.68588512793979 4.24839487798398 4.91005101914575 5.61886334556171 3.70256324340744 4.89469738193143 6.18821140924735 5.889768014728 4.99574419953171 3.8205473626867 4.67088700204201
3.97460488111381 4.28174244237374 3.65429463333978 6.22436312879683 5.86001360620987 9.17299553443373 10.2683111037808 11.1607730893993 5.96916531484048 7.78658933000885 7.83413663713067 4.05841347574498 2.5372198911941 2.61109998070769 2.69425896560465 3.88798303998755 4.81384594731407 3.15623269175032 2.26675771165327 5.13960478160752 10.0372511139169 14.26433479335 5.17146376181284 4.52012661039696 2.47486019798735 2.59952006388393 2.41101007160883 3.06413087301294 4.55498480573824 5.76540476333715 7.39950010613658 23.4144180963633 20.4249761389047 23.8101944886844 15.1944980126967 9.85090975332722 8.40337289011738 4.13623275864998 4.88981194872524 8.58550624876209 4.68980535536224 4.28490942881621 3.4624697786783 5.24719730247568 4.77959330679241 5.25525915610369
5.46474009727501 6.71764176722199 5.46851943646672 5.17771580835171 3.97520163680984 4.30626709772757 5.04855273039021 3.87300188247562 3.3953881479021 5.40674235847472 5.27076557351056 3.16100012030231 2.46206983794667 2.66650263202254 6.82701594147958 11.5282457889383 7.62580860603167 3.65711121268848 2.14651571278335 3.5871220953418 5.82631314854484 6.35231917838047 3.14555919263355 4.32739803688716 4.10169195367696 3.30872451408492 3.69335590822664 2.92365363796994 3.04081354860836 7.17860949152395 20.1884534179959 24.7447552588565 20.5630091872058 8.96346697519487 4.45166771819824 3.40764126906161 2.9081198335526 4.31607681497198 4.5352181667928 6.63741989995718 6.50990764052329 4.32152233636502 6.48273052158053 7.10431493803886 13.9387118146695 7.55327691490665
7.40072640632511 7.43078174803536 8.42496818952908 8.08487673979909 7.02386442216186 5.72211553567374 4.9593076431882 3.91752167489481 4.8902980672602 5.61552409172271 7.17096093558984 5.62214434102248 5.009726969429 5.20369395323264 5.19928449061665 10.7033419786818 8.06477774260849 3.7031670679904 2.83162530743071 2.20516949176868 2.85332556683519 2.90900860410665 4.93176888373186 5.58140395727246 6.39386145337276 5.01963164246863 3.44088353727176 2.92943608184803 6.74671040091316 12.8092112668245 22.2189236618416 27.0110772026844 9.29202990187532 3.78156160733564 4.34852888478587 3.36701197924005 3.6350709958734 4.34942048872413 4.19349969372227 6.39115631374397 8.32065471310264 6.33792588516602 7.44621060233409 10.8904741125494 8.09905226399882 6.01518140291198
9.82370383483395 7.31018892365812 8.11661719168499 9.45889941339492 9.05259270605361 9.35231632237514 7.42241462845842 7.68022044252591 6.90059739959622 4.49043364128512 3.76567736068938 5.81290604173082 8.04238418789162 8.13137030010737 3.71349631670226 5.06469909174157 7.49528996020049 4.39750357736149 3.44187461361752 3.58989680946384 3.98497054468799 3.82282072351125 5.24807221942647 5.46874903829958 6.73093707627391 4.64265138565075 2.32899221431222 2.89927273361645 5.61098665156968 20.8081745877788 23.2741075141086 18.693577562469 6.79485076982963 6.75434606466205 6.43889979647046 5.9680235911672 5.493099096655 3.53303406746238 3.60547320888004 6.27300394740217 10.239552652673 11.6328563464914 7.41077181590411 8.78418574678039 5.1550270646956 9.42800109259863
12.2076769404101 14.3269386327575 15.2742783904422 14.169470481613 7.88751758256711 9.93182393819271 8.87857634605002 10.3362028105711 8.01867701841998 6.63090937602737 5.57522794004548 6.9539970551535 7.84160964600394 7.2194935103834 5.84032629748209 5.73784278793909 5.24994839020187 4.55095690635296 3.60032875467619 5.16967574927597 5.50203465236385 2.86538148137407 2.85523314659688 3.15936027513039 6.27045423361443 6.64283532982778 5.35222859004777 3.80372399514024 3.38773346755118 5.64643781030716 3.09925190922 5.28948059781805 7.76157762728989 7.31493272651991 5.30709290920658 4.7230362010928 4.9928328804804 5.04519854676237 11.8431237287254 10.3521425361458 14.8419497742186 9.99045357853291 7.2409380350629 5.28000760850335 7.43731093101282 9.51974843965558
13.6996395163989 13.8890597353282 13.6239187785198 12.7314761382898 14.9772405839611 16.9764698759438 18.609647557647 19.5281872448293 18.8683703264923 16.6055725991831 10.1685996320428 9.17843066339533 9.24128509761929 7.9988212230249 7.44791454692597 7.33251560697712 4.68127483723325 3.84015244089493 5.62452878346621 7.28706866467094 4.74474058971789 3.9940183723994 4.32992642316382 5.33560142798942 6.77825475212507 5.16968659490363 3.85798161228787 4.91372028156001 5.73043438889077 5.12325745213889 4.89823616749476 6.36673243933759 7.87648238479157 6.18636747924024 3.34617157536923 4.28915002637744 4.04120330761842 4.75958551789378 5.31942334572958 9.90586434844757 9.52828796191405 8.31708762459039 8.48914764625114 6.53620558796761 6.58462009450943 7.14697481641287
10.8975098373131 12.9762942785468 12.8911400053594 13.3151247321815 10.9897763462624 6.96940677988743 11.1016851758949 11.0765228289517 12.0749774469502 19.9820895572197 19.7877083375161 19.3678865759886 16.2534756780029 8.70196977066328 6.65131207507072 8.69865477553525 6.43706453725443 6.23597279683095 7.33786361384074 9.36549611390125 8.04348136208365 7.41674078355607 7.68101590961879 9.65812503028582 7.92719571872037 4.66731256271462 2.58279430717719 2.56030647116247 5.53960239181711 16.5481600904477 7.31004093701777 8.17218645492814 8.29753770897271 6.09527244270428 3.68353967346605 4.68487541555217 6.1261251052543 3.51508422469481 3.57351351564656 6.64142517719053 7.22478163228975 5.96949502447349 5.50979631058061 8.06013699963929 4.87349439800256 3.25613969113167
4.92176167944413 3.61968743225972 4.36723700080556 4.23390818797181 10.2140386022417 5.83929788318094 10.8603678213835 11.1670158860253 15.0529452722953 21.6542424134168 20.821143230924 18.8275784554522 16.4341094534235 13.844514736719 11.0572500167457 7.77365590528406 9.66884846939731 9.09289491520217 9.6199960511394 10.7039918091667 9.72202268161181 9.77086464591368 12.4371843959453 11.8673270493583 9.9123372461519 8.26714384294323 8.20093199428651 4.38555717088783 4.97325073270978 15.4349610912544 11.8883472624343 9.74496945886416 7.77612935985279 5.52181955709807 9.21954597599982 3.02988760379412 4.33230963316768 3.4089790503243 4.47438560975677 6.41254504537749 6.01708723073344 3.47271788642672 2.66821203931378 5.57509137031111 4.78084658284486 2.98601940098413
12.7059720594254 2.41399560282425 3.75587151472576 5.27400425542532 4.56440846946312 6.40364226122581 10.8465054704937 15.9891323804299 20.3174899377476 20.6769834689323 20.7172855259335 18.8659835855219 16.505459311623 14.0242494105393 13.3750259681401 15.6235138417906 18.0795407970038 20.0607907175548 20.8307189877434 21.0727005105875 20.5632312398152 19.6314772076914 11.6922893134517 10.2068970209412 10.9998257226297 12.1698695032398 12.3482039994058 9.68734656850057 8.73916409971274 8.76004859402223 15.733106722844 17.6591746045351 8.18794027818792 8.58356272544806 2.7954125998107 3.34501354593552 5.63080965961315 5.38181375974835 6.85841874140599 7.48194549580025 4.91113495240487 2.43749119609372 3.66249454934806 5.10293991300326 5.47626418198926 4.98456733261835
12.9535794275862 12.976443501937 14.70324169712 15.4527461009132 10.2143273542313 7.25081919791439 7.65367338398567 11.7929816622494 17.1026550620433 18.6746836675674 19.8339344452149 19.6467752232896 17.8665613286895 16.3875751634602 16.0979117723854 17.2555407612798 19.0249840957226 20.6029064018017 20.2318075107873 19.3948088420303 18.981995955475 17.6970892881144 16.4765971110349 16.4949916528729 17.2871683056006 12.4583706858977 11.2765572684528 12.4371587603772 10.8506052715162 10.8067575327087 13.5768498506813 20.1512974851199 17.9274715552262 13.5226363375471 2.52054000869857 3.30307234059516 3.98993319724005 5.05258981400261 6.31425733766765 7.77575314633845 5.66793022473083 3.97382407004372 4.95497506970193 7.41915494474289 7.0221424693961 7.64678925245843
12.2465115456702 12.5058762249154 15.2602651204438 15.1508457205067 13.2955470804908 13.303686212258 13.7380263353761 7.29727097746412 4.74085909911083 7.10332221153431 12.3528062768139 19.3950521991769 19.0629213512506 18.7022242247068 18.6214533241051 19.2759125654301 20.3987332008417 20.1072311870954 18.4581503175464 17.1095564040384 16.7030358828601 15.7900877780021 13.8037973181066 13.844453870333 15.845608741118 16.6472209043401 13.5947620169983 12.9575248672526 12.3600711428135 12.0706008707825 20.0602882288718 12.1495482058107 11.5942781846713 8.15257489058343 5.10193938494546 4.61823698005741 4.39342814293801 6.43956247076983 6.80364515875265 8.57557707941028 7.77473614727476 6.81283436458193 6.82983329303567 6.2335290055746 5.78569225931703 6.23275143356415
