IBR/IBR_outputs/all.combrep_1/EucDistWater_Total.Spinifex_Total.VRM_Total.WeatheringIndex_Total/EucDistWater_Total.Spinifex_Total.VRM_Total.WeatheringIndex_Total.asc
NCOLS 160 
NROWS 95 
XLLCORNER 210004.651214014 
YLLCORNER 7350008.22228844 
CELLSIZE 4999.99999999997 
NODATA_value -9999 
[rows 42 to 62 of 95, columns 0 to 45 of 160]
-9999 -9999 -9999 -9999 -9999 -9999 -9999 -9999 -9999 -9999 -9999 -9999 -9999 -9999 -9999 -9999 -9999 -9999 -9999 -9999 -9999 9.67759744615348 3.00192693382443 7.16468203316229 10.998521362809 5.76003494634175 5.5893154412023 2.49067898515539 3.480848629303 6.09602881556168 8.48511537344678 10.6796478822269 18.3375316613133 6.22298340849412 3.58669427230018 2.97938401964356 5.30919855329877 6.44909729838546 7.81950945177792 10.3146690243565 9.79635434109538 8.06733560815533 5.86853738679728 4.13551327317097 4.55190778368016 2.67704946771028
-9999 -9999 -9999 -9999 -9999 -9999 -9999 -9999 -9999 -9999 -9999 -9999 -9999 -9999 -9999 -9999 -9999 -9999 10.2459564064319 12.5895689174335 14.1701310479118 13.2373676864209 7.18976281380671 9.32541970370892 4.56274319030358 2.50536642419491 4.90571723928968 5.27597385718481 5.82285516172486 7.34955453500123 8.65250350117311 9.71165878534966 15.4015510565619 5.84344171844863 3.25419155285474 2.99324218251925 3.51506091706441 4.62676197037365 5.15109671399878 8.99737316113566 9.43584158786498 7.718688835954 7.69146544010568 6.73339847007663 4.59831619105222 5.19689715769095
-9999 -9999 -9999 -9999 -9999 -9999 -9999 -9999 -9999 -9999 -9999 -9999 -9999 -9999 -9999 7.74438492481526 11.323973863463 9.06925446209005 13.011052100188 12.3257583263259 14.3770443436821 14.1940738533337 5.46841893463395 6.54576708748873 5.48616380502005 5.17212605564776 6.40397030029459 7.16981226147327 7.27049434938184 9.08743349923243 7.30036923477094 6.76502530650388 16.1813978940506 6.88848273161623 5.61384778847836 5.14442940000543 4.89903226161878 9.6439138673156 9.05867017229029 6.22654898514678 5.85180925679309 5.57479480392142 7.07617215947545 6.15407291245374 3.80619027202461 5.00533333306547
-9999 -9999 -9999 -9999 -9999 -9999 -9999 -9999 -9999 -9999 -9999 -9999 -9999 6.92274894634822 5.26455641346765 6.34158814481815 6.54969306916349 11.3563541561603 12.2078560449665 15.0413405658226 15.634691785524 8.59107978904449 7.7009268481634 8.39444172554684 7.39730437261089 6.83918421952798 6.72265357430654 5.49654991219363 5.30395178806612 6.00185630422629 5.77861591641188 3.79361849155539 4.8232401859485 7.14177049976718 7.43285701217221 6.4430283839901 4.47059490053584 1.41407857647411 3.88825732970227 5.54355554223899 8.11250632858811 4.65237242524303 5.55199966489454 3.81512873220477 5.50017244693207 7.07365964413906
-9999 -9999 -9999 -9999 -9999 -9999 -9999 -9999 -9999 -9999 -9999 -9999 10.0119060916134 10.7065813742412 14.1307089631981 11.9574442485876 11.1894067844866 4.46633432617341 5.03398467700023 3.32963332300065 4.18435225879101 6.46616851449693 17.255996058798 18.206965737911 6.36850236742745 4.76161384027142 5.16836700094813 3.35507814772104 2.73569162127144 4.55117355147817 2.51447790500931 1.47284477557748 3.44289365068521 6.66867150577657 7.20575032626095 6.90787163174996 6.38168266495421 8.46650827347373 3.5905539105371 2.34898153118056 8.97332284309191 9.02711198825957 5.52039699506416 7.90130149980848 9.54664455314523 10.0317364558507
-9999 -9999 -9999 -9999 -9999 -9999 -9999 -9999 -9999 -9999 9.09645889898167 12.9456030107824 13.5798768144205 16.7517904199536 15.5215541324301 12.9394372932007 12.1169401080595 4.30436728989217 4.10182663798233 1.8599786166978 3.537218366715 6.05883677405522 12.6345646746033 17.8719847791434 9.85556912672916 2.1464380104182 4.67077320973077 10.2249190321011 2.78311553833932 3.38595353413664 1.12080757494128 1.27932408143303 3.36625569293573 6.47135335926464 6.82047288752127 4.99734232609536 4.91023441680644 7.44815852677843 4.87356902645013 2.25175506371123 8.63845389210733 11.1207871199558 12.3666750110012 8.91331235763596 6.68505077250049 6.67560669847705
-9999 -9999 -9999 -9999 -9999 -9999 -9999 -9999 -9999 2.48862822886064 11.8809822165561 14.6141994354893 15.0737876798772 14.1460326587823 14.9155839598979 13.4909663037472 11.8156444785824 8.37710188516494 2.97705779942375 3.79660154334398 5.18049469230339 7.02749540583488 9.81524277122088 17.9888647899165 15.5886899500813 6.15107504619921 1.82606162014138 13.30864927649 11.9289094811844 4.0588260032923 2.36474584035461 3.97558464872094 6.30319276975131 6.39552417937629 5.28867992777023 6.25161271054923 6.87249826023995 5.51646310610058 3.52752270217839 6.62732319786343 11.1840421468566 13.5572164285752 13.3250577488626 14.2745980551521 8.61124716340071 4.25792086691759
-9999 -9999 -9999 -9999 -9999 -9999 -9999 -9999 -9999 3.71364000644157 12.8590768615842 15.4716453296412 13.8943025151016 12.0641999913352 14.0309699921758 15.1864831491405 12.8306071774171 12.8538145242077 1.65195189260898 3.3127607685306 5.82581460166391 8.25839612183107 8.76720619650496 15.1554504582926 15.4712219419061 14.2973777706528 4.00412296568907 2.93516921855583 13.9263738288939 4.91959005205835 3.71603332122058 4.64665573532392 6.73452914464996 6.77576518597538 4.03720718009832 5.03536944926386 5.14648441756441 2.23757969527809 2.76952492688547 6.19642413801613 12.0018439492272 13.9763256064598 8.94322804349222 10.1831527959371 10.2351323702292 11.0872763451321
-9999 -9999 -9999 -9999 -9999 -9999 -9999 -9999 13.1960949048611 11.7823943798173 13.9809018904095 16.387191046626 15.3996540909908 14.3851776590228 15.3077920808924 15.2354674988925 12.7406633159588 12.2506584868702 10.2253469552935 4.79720369335116 6.77216367240087 9.17693327381608 8.54980394324605 8.74032451692349 13.7527659325921 12.3947825073506 11.2338049821286 1.39549144741704 2.33819693765389 3.76518921711672 1.85262561437272 3.07321868102806 5.52586929769183 6.54034907294452 5.04378427198399 3.31947022025298 6.77427128882343 2.69708680649302 2.56801698035543 5.13341817153845 10.7863198004074 11.631071917741 9.98662196508152 9.76696980571395 6.40138881956783 12.9572374400319
-9999 -9999 -9999 -9999 -9999 -9999 -9999 -9999 16.0656349368303 14.9373702686473 15.3424043671107 11.0436447005448 4.74944723673423 8.36839064561821 14.6810534076996 13.1227594657629 12.9807980600513 11.6931596604128 14.1192069151338 16.7568035086256 10.791053963263 9.67828061473184 8.52108299183593 6.27781390991468 14.666894647409 12.752370847897 14.1293502776902 5.74166292648724 1.26831813608744 3.49130749554907 3.63429726609183 3.50198197569143 3.34673756082784 4.8146944300806 8.25002906121058 6.22842597037179 4.94004729150837 3.58809171842778 1.67721517220658 1.93673739634511 4.75401794331016 7.72684528669551 9.84232027491905 11.360454108452 5.83432062101298 10.4511689688845
-9999 -9999 -9999 -9999 -9999 -9999 -9999 19.3249421183577 18.1847810182146 10.5140643438681 10.1157532617131 6.40918398611149 3.63250268599968 2.170004039712 4.40844748654625 8.60933701941488 13.4227896125339 11.8566889752613 14.0633478336674 16.6399992304615 9.88908082630796 9.65691930191559 9.34743488776558 7.56427438096101 15.6132549537309 15.5862585093594 16.1631383063682 14.5836851049529 3.89904583911785 5.23665174228078 5.9456105660189 3.15977766241535 1.5286849891281 4.23280598029283 7.97640688677384 7.91191502394922 6.02676938659661 4.67980736355242 4.46606635032978 3.55882466678667 4.43107831089761 6.34152657996703 7.98754254435775 7.19062590390149 8.70870341995445 6.76554246651142
-9999 -9999 -9999 -9999 -9999 -9999 21.8370756858456 20.6997521356763 20.2466698383313 10.8277511676803 9.36786611357148 7.3389940412244 5.63781161243759 4.86491170285628 5.18861443093802 5.77749361511586 14.6849079825357 12.2354586063317 12.951012294433 15.1368926093799 7.7618540238161 8.30952005150814 9.77948384722033 8.85565290878136 13.1005964229463 17.9526213711223 18.3185875771082 10.1407051702612 8.84083911740765 7.00441554218569 5.61900793814683 4.20177755043195 4.41977904945829 4.95453427507667 6.81690677760138 7.0742772114009 6.91220778915977 6.86654671532157 8.48042788956819 6.42557366199768 7.60353927883067 5.1404303158246 8.52866866716281 10.1119672694196 8.71156512653375 8.9341984584258
-9999 -9999 -9999 -9999 -9999 -9999 23.3164571638919 18.6186762657965 21.6196773538553 15.329410205685 10.4850314793942 8.82323011756484 7.23035710694132 5.81369616270245 3.9581621373646 5.63526020481105 14.8829827089374 13.4803025899237 11.6846897823049 13.1732907538809 5.05932476099331 7.13313798829231 9.13881976506768 8.54716985222188 14.6365120675879 16.6744335896159 17.4744954605608 11.226692514099 10.4845225009262 5.48758108751111 3.41689564198977 3.42999244853681 2.86744900994807 3.64357532270492 4.9179505458219 4.50279278254141 4.75167373454837 6.29551829460042 9.39867222385717 8.26886884602053 7.43438805407141 5.02215203497405 7.25079986132689 6.93003361170251 8.89764013976605 8.6893295994132
-9999 -9999 -9999 -9999 -9999 23.6658761956915 24.0889557291332 19.6838363163267 14.7549391533007 12.7783270751169 11.2822148193367 9.26977590187477 9.34999852107868 15.2582773267391 12.6763918539546 12.7976308869521 15.0736768146163 15.0869391703539 12.9394379203475 11.9334143560625 5.58367377525865 6.5262847619241 8.11490638822916 10.5413803901746 15.0125578662254 13.8684741779342 15.4658707187548 7.90427880384596 7.95008692043627 4.9061047714915 2.27368223467195 2.40070902835123 2.60537464794852 2.61392993445739 3.18315577351893 1.74895127001693 2.70750871860767 4.15272291080536 6.74053817177121 8.79662913629268 7.39413035998815 5.04730100657257 6.26640688344588 10.5987147479854 7.41418786249191 7.78648811120166
-9999 -9999 -9999 -9999 -9999 24.5638905633008 24.4477832001766 21.0380699698149 14.7635681291211 13.2004866804379 11.558443882068 9.70955131294056 7.82739365875776 12.7961036950541 15.160416715326 15.3989462773007 16.6347529477968 16.6741881766129 14.0612147938246 11.7500456426723 13.5558917497451 15.9811449369933 17.9203543305328 16.9141937523566 14.2535114804362 12.4923839507432 14.8415593059668 6.72513208284653 12.4132702276286 6.07510539433002 4.46748703733207 4.45277319784844 3.10862741119718 3.12112564925967 6.58908432854649 8.44069657072396 2.28876231017116 4.29675351663682 6.81851057387569 7.76159510314428 6.14736935467556 5.85531601324186 4.64325484981832 8.35876061422091 11.3074375388627 12.247951130663
-9999 -9999 -9999 -9999 -9999 23.6936201913588 18.9391846192505 19.5664655579696 14.1985102022405 12.9338511170075 11.4788128541204 9.31203209692969 7.36047884860922 6.82732565033591 15.3019012705977 16.1089506124644 17.8199882870896 17.6057121900449 15.3076601174608 12.8909086453696 12.311124627516 15.1756830446953 17.140337077302 17.6789732112225 15.9449752573275 15.105239107807 6.90529725482158 6.67243932942256 12.5040134268558 7.09382640336827 7.34830711695106 5.29955121391064 3.86549028108485 2.37768997004958 8.17402383330256 12.8049975125589 5.50689474126514 6.13600901492743 7.31785325445259 5.69144571944547 3.62665935938758 2.58247233981864 5.08751989153706 7.57075242609059 9.72637333707964 15.1375875812528
-9999 -9999 -9999 -9999 21.1246842335728 22.3111825007239 20.0027465307379 13.7659248716107 13.9522163001595 12.6309149222472 10.9017345931155 8.80606432820932 6.49017609474757 5.1415207430335 12.5564098212141 14.3814499768435 17.0512309359193 18.5075902815167 16.8875635755299 14.823886521842 13.487047270212 13.3044954901147 8.27280950021437 7.53194221125379 7.38546958173073 7.01660956708686 6.39965969883 4.82176304677745 5.50654837563407 5.16305778445326 5.90502447029287 3.28124161594454 2.10388927211388 1.53395527882618 3.80961123060217 6.38265720467776 7.59449248910183 8.21412797322389 10.2712161198403 4.61108032269095 1.92466433283308 1.92824175469229 7.72781981375638 11.9977540975862 10.0963717815599 14.6913832125846
-9999 -9999 -9999 -9999 20.0099034729105 20.9694526983071 16.4977409830065 12.9637545988813 13.0279895240014 12.2156846672925 13.6578158904259 16.4818507698463 14.7070034549743 14.7989042784272 13.5262593633153 14.8985422805473 16.7421182995995 17.2583402760743 17.8203395942466 16.4482859952249 13.6550254940461 9.67663328557268 4.28540454200571 6.87392788276783 8.88181182633756 8.41540943434328 5.8954206319002 3.19475347934763 3.89248006606964 4.24621886383986 4.53213263544226 3.35225875238247 1.86590725851595 2.74790594852544 4.91507691715776 7.02844604176663 7.42293551095863 7.39541525243312 6.85147278813076 5.32029979393277 4.10065085306629 5.32703477604316 8.53538193237619 9.86088238245706 11.8669124550448 11.8924031418617
-9999 -9999 -9999 -9999 18.2071985745877 19.5340645161464 13.0704215758114 12.2178316653126 14.4065395095857 21.2108836606303 20.1369266290635 18.9896264454623 18.0678186714455 17.0700986772274 16.3673455249532 16.1772544750173 14.7091848096811 14.657649036595 16.5267550601811 17.1094968898405 14.9314467476877 6.39830247962363 4.90806217167881 8.99519353127 10.1378467490252 10.7465309960182 6.47872697139345 6.92325051988971 11.0626007530151 3.87702536354728 4.26639369053421 4.99711949257634 2.85989213538956 1.98406059346869 4.44347543139309 5.14058070975196 4.94779638084204 5.08193050061011 9.34556067809986 5.51050884067257 5.47541238103879 7.28504119859709 8.57575664180525 8.41963657176653 8.28041784089208 11.106531586833
-9999 13.1957691350448 12.5263053251892 -9999 16.7417405101019 11.1045469967779 10.2568272127475 11.9525558828261 12.7709484506602 13.9711599368185 18.2111481013048 16.8609782320907 15.9263521938483 16.5191857597643 17.6228337134164 15.8469512062862 13.0158537933252 12.9171500969307 15.7214705700997 17.8812242832034 17.0280817410182 15.7660595369496 5.63220355813945 8.06017097491644 9.04466330069865 8.99700601864278 7.33123536429506 7.50076995867152 9.57213997703292 7.32966984370621 5.40017116036328 5.18144223089345 5.20489649481031 2.25872798777342 2.75245211966761 2.28834250974539 2.29865449597149 3.48124781576476 3.76694698965097 3.45242208684858 3.01207025711815 3.79125179165892 9.28385441913063 5.16465953314401 6.18667678822417 9.35125575569179
-9999 12.6017041173158 13.4727855352583 15.1870145526029 16.8153407328119 9.92724244385172 9.81080848902433 11.22483830552 11.4773704313483 9.93496901241792 8.45958656272261 10.8753469424349 12.7918631110117 14.3968536715078 16.8710844814685 16.7802997845569 14.8689421946348 14.7910182290349 16.6102524347029 18.3521064731925 16.7855331565109 14.1864433838056 5.47476964069678 6.17892601787675 9.76882487555391 8.22568339141794 8.53625431295544 4.71513375206747 3.24618782745295 5.06046026942733 3.61552912165449 3.44317057112736 7.65024475997698 5.28612590577766 3.77901155800406 1.44600342184862 1.41763107420476 1.67102312412283 2.5122386722032 1.88574347780899 3.26344860642668 3.46687622681338 3.24553449994091 3.2150664123721 6.03081824182711 7.81734681780876
