IBR/IBR_outputs/all.combrep_1/EucDistWater_Total.Spinifex_Total.VRM_Total.WeatheringIndex_Total/EucDistWater_Total.Spinifex_Total.VRM_Total.WeatheringIndex_Total.asc
NCOLS 160 
NROWS 95 
XLLCORNER 210004.651214014 
YLLCORNER 7350008.22228844 
CELLSIZE 4999.99999999997 
NODATA_value -9999 
[rows 63 to 83 of 95, columns 0 to 45 of 160]
-9999 14.1546120293914 15.5667732901274 16.1351541600517 16.5969934180977 6.86176083943459 8.2542743896963 10.0924239817527 11.0057922996566 9.2415678388439 7.16920511009808 4.40118315105822 2.54555644226916 11.3228313255611 16.8710231043688 18.0301001604528 17.4293018590995 17.3985126312612 18.409399864067 18.8640884416456 16.570309650478 13.9122901203718 12.2357314823236 14.5450568019157 15.0005381459466 15.5347583530805 15.0292864003435 6.62775427076491 2.4933142732113 5.30401467030105 5.42491883042048 5.74140271265349 7.65047863271747 5.8618197297329 4.57756404029466 2.75481815807368 2.14318799212262 2.5268121208793 5.42825862990761 5.92398471880028 6.25167931362911 10.7972846570859 6.02774120868944 7.17401357896206 5.44580047230663 10.411866078746
-9999 7.21601831939618 8.1928982504944 10.4435688627286 8.69593809408256 5.61592717422058 7.41189708904684 9.59688816636195 11.2953462046043 9.97258150564966 8.12788015013805 6.35532867953568 5.30939092349806 6.95904368295296 16.696576692562 16.4608976932284 7.20577798784622 8.60755278627969 10.3477891532677 10.4800118183304 7.28603686945097 5.48681484684379 7.48282561025239 9.1300930007863 6.49363583258541 4.08062625108508 4.43508344420765 2.16279029984836 1.16598719657825 3.28380311236203 4.41864658027514 4.95815196931566 4.34961603615501 3.1592934067462 2.52185632571455 2.64489561043613 2.22530417340097 1.05299108237323 8.35146107626181 8.17863983895116 9.5662944975616 6.79920626647675 8.11360784586926 12.6011950119122 11.5532985220834 12.0518381576064
-9999 7.82747817329453 8.3560866326624 4.03506587952153 1.68498922500577 4.69114554637574 7.37830708708987 9.60935743513015 11.641068319722 11.2051188588341 9.88833556888208 8.46381236021228 7.86275822680346 6.40024270017075 10.5831314900276 7.43620808433846 4.77390864900848 6.99866205322812 9.39897971480878 10.2733533251257 8.46140005246314 7.78677358233358 6.33146814659128 6.24871440540202 2.8728682131257 3.70020704967681 6.99079960400002 7.94801948039054 3.85605717136365 1.31975581239881 1.87637744992535 3.1305217221435 1.17793468087838 1.02704600205271 2.45733307471196 4.17725239949362 3.35060642796536 9.79723878898406 2.71254280878169 6.84686070979328 10.8370011276397 7.70299543801394 9.14413999795179 8.0451585170013 3.09349683981912 6.80575440433304
-9999 10.5261106409311 12.5605428316265 4.69395154102215 3.84059424455632 5.3401137608316 7.9569940940576 9.77525785688287 11.7022469254927 12.8309831098725 11.7142433490564 10.0512324772298 7.82199196138631 5.37662471589678 2.91102148487254 4.53412900686849 4.01171464498715 6.68788021607965 9.16682732570482 10.7858046620909 9.84617082398631 8.30439873843961 5.73996444564717 3.52200672894616 3.3681950648417 4.90206985806149 7.70142977733377 16.0287165438512 8.91552053525981 1.71704807099659 1.03239838437686 1.18367712986175 2.41903150411997 3.26411152283809 5.5804926849025 8.58208274441728 5.01652426820859 2.54890531220604 1.43277065321358 2.56959491436324 5.24169650830542 10.0063979745702 3.28169856842281 2.98901921067256 2.29154262494081 6.13598415908987
-9999 19.7881195108111 18.4984492484457 13.5204199991016 6.52443343345857 7.32034285668585 9.2409174951131 10.7682472495095 12.4885854786495 13.8017733732586 12.035741338302 9.96003544227972 7.7537313892261 4.81267155367617 2.0149879415508 1.5497210857458 4.06649528629632 6.36791632985813 8.51256977323459 10.4127926732361 10.1746770838195 9.17027826900243 5.82494686677298 3.56691276071064 2.20801472850361 3.12253971693409 5.93779262502246 14.2252320225613 10.2443027685974 3.65311686095005 1.9576927142742 1.60129172530673 4.20095398013514 4.59835618597468 7.45991249080285 7.75728438098687 6.42784600609365 4.70922861823568 5.58720891588364 2.07487024819273 2.63561259421543 3.59411854340555 4.20222911499379 11.9953489003882 6.52805634361395 3.09317378060469
-9999 20.9567374470852 20.6261938889554 14.3479808788136 8.87739750999067 9.41858642777227 10.4231855673049 12.0614754407048 13.9261160499895 13.9821805476163 12.417050061103 10.6337772914536 7.95217617498821 5.80088022995038 3.17003848953818 1 2.59276554811972 5.335759967762 7.84570834402176 10.3410960329179 10.7196585748644 9.89473336514126 7.3005540807201 9.78139328807732 4.97028227865306 1.9328758029827 6.00521511952173 8.47564132857611 7.51538435446187 2.98048278042212 2.71568790942406 1.71622238891071 6.30771705127928 7.55409654675183 7.22461520846269 9.16979419593602 13.0186510223753 9.77250550895074 21.0535394047117 4.25454755494209 2.25599238273253 3.46243308694665 5.83706777368195 6.66225074388777 11.8501036312786 10.7891975297626
-9999 22.6052728541862 16.7046133263819 11.9988112734006 10.9662920398842 11.6071756937396 12.2843180217653 12.9446350113633 14.453106723863 14.1990870825816 12.6298260041265 11.4633315087848 9.20807266746382 7.29585258629009 4.97880751712398 2.46970601067952 2.2131672202443 4.68092432371229 7.20309989301087 9.49947299276692 12.1785764236695 10.7741731682812 8.01135480833701 8.87311718064867 10.2615376078012 3.26347038444679 3.96327630548732 2.84204500196047 5.03351054018106 2.83104264334738 2.88939018378647 1.14457719673967 4.57565620396462 6.07312300967513 7.77250625093783 8.66482652528878 9.86795999918485 14.633098389781 12.8249577267867 7.24849606300505 3.30664943694772 9.8911678403231 12.5982772233757 13.200033773818 14.8916582046072 12.3909048882895
-9999 20.1200515675893 20.1696195977952 13.0957171965696 12.8137732149184 12.6816915576334 13.7169810140264 14.4181926436884 14.9002143312309 13.9915310319955 13.3577442176315 12.5781252285253 10.5502357187385 7.82637838619157 5.02270184013241 1.89227547178783 1.61364318323543 4.44133297291073 7.23225117072134 9.48637925138072 11.6502436616598 10.9189748924731 7.30967078344901 4.95425273025529 8.85451113193563 10.1455043203377 6.98031137004098 2.83009520956442 4.90590919013268 5.09593366673664 5.1327877040373 1.34052350237437 1.68195858022288 6.28687171032966 4.39293943232381 4.29015295466036 5.27633942777112 7.10144066170975 14.2942540846292 12.0908966565731 11.156644258211 6.57770193763788 12.3198532558738 13.000275661488 14.8362031434315 16.7315645288761
-9999 -9999 16.5261868256331 14.3108635656727 14.0708565742718 13.9381764051064 14.101362787113 14.3318715189818 14.4552352299504 14.1534602574148 13.4380530781261 12.0172168524469 10.0977358502128 7.77230234646658 5.07604193161762 1.90108347720049 2.08991397648278 4.50796631645912 7.12855655975053 9.45185345539315 9.82508523867017 9.42647858223146 8.14904611203937 6.48800361825571 10.9531153388846 16.9529142749376 16.5277574472201 5.78473812673767 5.89731658402214 5.72027375629407 7.27731589815443 1.58315300579101 1.69571036579609 2.06689888967458 2.57389707179884 1.44781690485643 2.60040820896732 5.73470238527177 7.91989829524017 12.6277045643087 10.0809603806587 7.96097596490791 14.1213079399544 12.3556309596657 14.6767090089983 15.4214840854796
-9999 -9999 14.5600396077124 14.3956347978597 13.4994979504495 12.8981855835733 12.1610784079497 12.3818132858495 12.8316599761063 13.5369476075151 13.1175328739952 12.099722861292 10.4848910558268 8.46201394848574 5.76158234209127 2.79511455281439 1.7408680961398 3.45011929073379 5.79312559795106 16.6443776931026 8.12927269872717 7.58148400036811 6.98737255752251 5.65182045978292 13.2504946945311 17.585530596779 18.6618391021286 13.1045588502568 9.18698944484712 5.88569368763345 8.97817963620492 2.37083710011 7.4744545830231 4.31515533611306 6.31364983075389 10.3436240310071 12.072545072637 8.92214043404016 6.32370420471706 11.2257853920175 11.6522511893235 8.3013722641905 14.9517738997078 12.54076166152 13.5098543652489 13.9367587922558
-9999 -9999 13.7141137086995 13.0680771450036 12.1076868950507 11.1929174278747 10.4311552079807 10.3398712204223 10.6838188170302 14.7050346717041 12.6521145543122 12.3023298438619 10.9320331551445 9.08305402770049 6.72565820475812 3.89583060417629 1.49247014426488 12.4936520393323 14.0763655334842 11.6949663125209 6.38795072045929 6.8839849114189 7.22096397310399 10.4386977703812 17.9692562032055 17.6659906163706 19.8665323705108 16.2482072654179 13.091240583457 10.2347236883168 6.97856612592145 4.93573914473749 5.74025517592621 3.58742140027906 6.95957024864688 12.7531320626077 10.3909836840217 5.65802459195044 11.8717941078399 8.50768041158268 10.2334689371673 10.5329079878515 13.7660948550878 11.7318949348683 13.9510403342486 16.3162249546748
-9999 -9999 -9999 12.0292917919133 10.968218397603 9.31468505477214 8.56685463490775 8.36806236451964 9.50124605286965 9.98855838887249 14.32507485829 12.2854039868773 11.3785543688568 9.55675826707277 7.93032042986942 5.63491726064079 3.36476967706317 2.30401549087748 12.1652377992081 12.526818467985 15.0220911985018 16.6786797622976 15.8148227739485 18.8625883407178 17.8262850519376 18.9619834525703 22.0798168815418 18.3203271895733 15.0899278422586 15.3225525479554 6.12272268719165 6.78151323982574 5.59126397601911 5.25922733797111 15.2309258241313 12.0899047812618 7.48967040745037 5.90749397426003 9.30887719946036 6.77567835947054 10.2689748354844 11.304342451339 16.6411461649158 11.7485708596811 13.0770946705463 14.2225218792806
-9999 -9999 -9999 15.3531400758751 17.3817864194745 15.8729486182225 10.5147274294238 12.6123495235205 17.9526124299709 15.0411481879656 20.4574921723711 11.622100936834 11.3074490402126 10.3904114863389 9.06219230494049 7.35043315615931 5.197226695954 2.24747662032069 5.807879629488 13.8817027041964 14.075297611116 14.4510844914849 16.0389876003985 16.7484090276098 18.3973367748393 23.2159933116897 24.7978881423799 26.0361093067938 18.4481814392189 16.8994896802323 9.74671988924648 6.78506277082772 6.1806756058192 7.21176214716486 9.3195250586286 11.5754655837408 9.70249563905461 7.38920029813588 9.39879178856696 12.742749736586 8.85088049741389 11.863931603162 12.9801399334282 15.7010676239905 11.833919649656 12.9086867512062
-9999 -9999 -9999 20.5649459836424 19.1685768916924 17.0743772048657 14.7852427462211 13.9915604556676 15.6367129619309 17.5000968558034 19.5414912530371 10.8103340953826 9.63454875409785 9.70508179261358 9.46012066481797 13.2696154958181 7.20040335955778 4.07019870596616 1.55492029099522 5.5429385189367 12.2167583740968 12.3551527844618 12.9430230381287 15.7274632013059 18.9698205120059 21.7974348161593 22.4445681793951 19.7525060275743 16.7743940524257 13.8296120457261 14.1774368460898 5.7858333020345 5.26381756027779 6.71755655166113 5.19560187566675 8.0736666342096 9.82942889422464 6.99222387155282 10.5384312637208 9.61643008639697 12.5354121417723 12.6746243996675 12.3721087630005 13.5437006220414 12.9988720918942 12.2282385829097
-9999 -9999 -9999 -9999 18.2978289791129 16.5438128651587 13.8841288503718 12.1377441734428 14.1147260113304 16.9033906822562 18.7620923930124 10.984985136146 6.84447866693552 7.78314934394107 7.62634712673742 17.0832823982152 8.27648439078221 5.64338290218084 3.20533409519024 1.32098593060776 6.28922159542332 13.8667370215629 14.2159221773895 16.493030322364 18.2492861290287 19.6460165620396 19.4591713732201 16.8891771435673 15.6513254349806 14.038229438563 24.5681637085424 4.39781280327372 4.99332729371549 8.59020982881762 10.2118414823366 10.4265805898669 10.9336955953461 10.1798317687748 13.9786549819768 10.2949018603472 16.6078777265616 17.3624653778118 14.743534431655 14.9414094086296 16.1098606174869 13.2909623057502
-9999 -9999 -9999 -9999 17.9464029927794 11.117958894147 7.66030120696801 10.8741507084391 15.3552050576789 17.4449874951418 17.704117746136 15.7302668650261 11.2795396803513 5.25406824990389 5.2862179127596 7.53298680393491 8.80334817654474 7.16877228647662 13.7432591122343 9.96044228250629 2.47224982947677 11.3454156347585 16.0943151528193 16.5284092211162 16.1900545504804 16.9834619566265 17.493788150248 17.9986519579351 13.4658496557222 13.4010368075905 23.7710936667293 19.8594293620763 3.74679794029065 9.81621793739652 11.1720141753422 10.4438962157759 7.30342964228107 9.31138710418969 12.799277250804 14.5783140807772 14.1024097650167 19.7573795681108 15.7042899220958 13.5475846714657 21.0013881515832 16.5093950287555
-9999 -9999 -9999 -9999 -9999 4.71738865230058 2.97797066603307 2.60018104746098 8.30191808069954 17.3977393448221 13.3298130997279 6.06006484731277 12.6079830579469 3.02908930552596 2.47530527346009 4.88026477140604 8.48111946125771 10.2454672823194 17.104122102773 15.2657526767101 12.6930831445005 10.0831623165842 13.2286295847962 13.0304413998549 13.1169677191343 14.2865107209667 14.9267219653724 13.8686351041029 13.6053633984793 13.4657832685328 22.6664394770771 28.0689991067541 12.7877528196982 7.69109510259457 10.6157390437303 8.75062064764146 7.79554848370263 9.96466351318132 12.2672670227656 20.1621470297382 15.2241287779465 15.999490487624 15.8021925119065 15.2117448712979 18.0225603344225 18.4028507962036
-9999 -9999 -9999 -9999 -9999 -9999 12.7608821003418 12.2719281197313 7.11675672844171 9.06089266390249 3.6540784493631 2.01781825142475 5.25498387605793 2.6306128530654 2.46798836941994 4.74705540835623 7.33183702186632 9.08569530376452 18.7835257046604 17.2293458796011 14.9793258921552 12.8255876891274 12.1022082918142 12.419883063971 11.9539936496811 12.2241215173578 13.4577094692674 11.9369905066606 12.094329760765 13.4812113547664 15.8472741936206 14.916638427876 12.8014141204206 12.3724633279423 6.23276234362435 8.51962081618298 9.27758145916116 7.16457902879451 16.8931071439466 18.7036662165896 17.2170249789915 11.4770966911453 9.84465816364531 14.5492245206569 14.9162333747322 15.7159352385568
-9999 -9999 -9999 -9999 -9999 -9999 -9999 14.4003067010789 2.92797484677979 1.88629154837983 6.8858754598388 11.8908226345714 12.0024361543614 11.0096960935711 6.11218243007561 5.9948537360756 7.37957661215489 9.62699671473407 19.2045193812999 18.571666925049 17.6578997398026 15.9123593007275 15.2727324883732 14.8237405160847 12.4299511918859 12.2238347649332 13.6366159820873 13.7789127457362 12.3334493959237 12.5479062574076 13.6280288215493 15.7870235439885 15.6530120093215 13.8259394168883 9.81591096409619 9.92560065912694 11.3089690947495 12.5146632337855 14.1766177271702 18.7957764469416 16.134653046527 15.793254851517 15.8476140626465 11.9025963545707 10.0247907143082 18.563677495865
-9999 -9999 -9999 -9999 -9999 -9999 -9999 -9999 1.42583062034901 3.47259672083799 13.9509687257316 13.5011114267173 12.2764987961995 12.9489438319994 15.4493744291405 10.0715312632034 9.07840908158263 5.17510144970475 14.6572098121242 19.3734272608277 19.4392719361835 19.4766256404222 19.7341894769418 17.1323428075049 14.7053557621301 12.3447904364581 11.7548801071691 13.0488312336388 11.7193448582129 12.9864683938952 14.9756339333714 17.2317387554263 13.4998337929847 17.943734571299 16.3657501633186 9.59098609898663 13.0690296476488 13.3739180002692 13.7052311212095 13.9206136812934 19.2028936792452 16.8630368898597 19.9987481505887 14.6152145479658 14.0614874396342 16.2223650546353
-9999 -9999 -9999 -9999 -9999 -9999 -9999 -9999 -9999 14.5493461575338 16.873160674874 14.9095588152551 13.3732709709876 12.4061578527055 14.9488828304746 15.0770361792175 9.08183873398886 2.99353527492054 5.47516861683522 8.21929693657656 19.4370770257828 20.4604440709637 21.5446606143192 19.2406290309272 16.4534574438461 13.9148532531454 12.3106459137908 11.7765330104689 11.9343352595466 13.4456304598571 16.2754459314227 17.0027206139951 14.5126078385292 14.9233979227568 20.2617112239422 20.0092018257781 15.6618538421526 12.1348175263301 14.555571054076 13.5202951929337 16.0569018540396 17.6226266799002 13.2141908497372 16.4185409992282 16.8029848128449 18.6265774622855
