0.219872 0.621837 0.0288127 9.9982E-05 0.00883401 9.9982E-05 0.120444
0.146589 0.506899 0.243768 9.9982E-05 0.0477542 9.9982E-05 0.0547902
9.9973E-05 0.603867 9.9973E-05 0.368703 0.00685239 9.9973E-05 0.0202782
0.0626526 0.677514 0.111318 9.9982E-05 0.00779505 9.9982E-05 0.14052
9.9973E-05 0.841307 0.0783505 0.0327401 9.9973E-05 0.0473022 9.9973E-05
9.9982E-05 0.730854 0.086422 0.116802 0.00447841 0.0612433 9.9982E-05
9.9982E-05 0.516976 0.318963 0.127853 9.9982E-05 0.0134453 0.0225633
0.0618209 0.576467 0.162684 9.9982E-05 0.0258913 9.9982E-05 0.172936
0.140703 0.154849 0.656922 9.9973E-05 9.9973E-05 0.047226 9.9973E-05
0.0567448 0.228793 0.249402 0.270703 0.021152 0.00715397 0.166051
0.100276 0.0899321 0.351496 0.0143212 0.0452845 0.0300267 0.368664
0.145125 0.192954 0.372029 0.101623 0.0370715 0.0101302 0.141067
0.018801 9.9991E-05 0.277531 0.0108053 0.0594078 0.0313429 0.602012
0.0741201 9.9982E-05 0.711191 0.0936847 9.9982E-05 0.0630433 0.0577609
9.9982E-05 0.285851 0.394614 0.27338 0.0219729 0.0239817 9.9982E-05
0.0851079 0.174003 0.511008 0.00183998 0.000528405 9.9991E-05 0.227412
0.224881 0.302577 0.472143 9.9964E-05 9.9964E-05 9.9964E-05 9.9964E-05
0.0556255 0.639612 0.227463 0.0420972 0.0350027 9.9982E-05 9.9982E-05
0.373854 0.00982743 0.183684 0.233123 0.0621637 0.12739 0.00995761
0.319693 9.9973E-05 0.172327 0.480436 9.9973E-05 9.9973E-05 0.0272443
0.717652 0.0469934 0.217722 9.9982E-05 0.00483814 0.0125947 9.9982E-05
0.81204 0.0372317 9.9982E-05 0.00833562 9.9982E-05 0.00726633 0.134926
0.891547 9.9964E-05 9.9964E-05 9.9964E-05 0.045856 9.9964E-05 0.0621977
0.765159 0.161234 0.028051 0.00622063 0.0231517 9.9991E-05 0.0160832
0.639072 0.087359 0.185714 0.0698098 9.9982E-05 9.9982E-05 0.0178447
0.873777 0.0763934 9.9982E-05 0.0276488 0.0123025 9.9982E-05 0.00967837
0.632073 9.9973E-05 9.9973E-05 0.315896 0.0333576 0.018374 9.9973E-05
0.805084 9.9973E-05 0.135336 9.9973E-05 0.0309491 0.028331 9.9973E-05
0.739523 0.030228 9.9973E-05 0.217446 9.9973E-05 0.0125028 9.9973E-05
0.626764 0.0801108 9.9973E-05 0.235071 9.9973E-05 0.0577545 9.9973E-05
0.854998 9.9973E-05 0.0991196 9.9973E-05 0.00745056 0.0381321 9.9973E-05
0.698514 0.00782167 0.12434 0.137143 0.0238083 0.00827279 9.9991E-05
0.805498 9.9964E-05 0.138705 9.9964E-05 0.0553964 9.9964E-05 9.9964E-05
0.00774253 0.41689 0.188842 0.268669 0.0504969 9.9991E-05 0.0672602
0.14693 0.425119 0.195709 0.201952 9.9982E-05 0.0300901 9.9982E-05
9.9955E-05 0.562929 9.9955E-05 0.436571 9.9955E-05 9.9955E-05 9.9955E-05
9.9973E-05 0.584617 9.9973E-05 0.302397 0.0187179 9.9973E-05 0.0939686
0.0592537 0.218371 0.384573 0.125301 0.000847712 0.0816798 0.129973
9.995E-05 9.995E-05 9.995E-05 9.995E-05 0.9994 9.995E-05 9.995E-05
0.593601 9.9982E-05 9.9982E-05 0.27016 0.0179819 0.000503137 0.117554
0.177417 0.718426 9.9964E-05 9.9964E-05 9.9964E-05 0.103757 9.9964E-05
0.157353 0.395221 0.320352 9.9973E-05 9.9973E-05 9.9973E-05 0.126775
0.344494 0.0560086 0.298211 9.9991E-05 0.0124513 0.121837 0.166898
0.119089 9.9982E-05 0.176482 9.9982E-05 0.0392717 0.103458 0.5615
9.9973E-05 0.0357608 9.9973E-05 0.160645 0.00788772 9.9973E-05 0.795406
9.995E-05 9.995E-05 9.995E-05 9.995E-05 0.9994 9.995E-05 9.995E-05
0.0604673 0.180533 0.156264 0.311024 0.0621122 9.9991E-05 0.229499
9.9982E-05 0.129927 0.273326 0.218077 9.9982E-05 0.110648 0.267821
0.238784 0.237037 0.155291 0.160361 0.0250765 0.0393809 0.14407
9.9982E-05 9.9982E-05 0.0272202 0.181534 0.0304366 0.667269 0.0933406
9.9973E-05 9.9973E-05 0.147613 9.9973E-05 0.0334356 0.734661 0.0839902
0.031768 0.103553 0.1012 0.0135189 0.00481971 0.745041 9.9991E-05
9.9991E-05 0.0366316 0.0322457 0.0420402 0.0527893 0.66409 0.172103
9.9973E-05 9.9973E-05 0.0682681 0.174302 0.0304221 0.726708 9.9973E-05
0.0374428 9.9973E-05 0.169041 0.0208328 9.9973E-05 0.772384 9.9973E-05
9.9955E-05 9.9955E-05 0.368355 9.9955E-05 9.9955E-05 0.631145 9.9955E-05
9.9964E-05 9.9964E-05 0.279604 9.9964E-05 0.0118498 0.708146 9.9964E-05
0.107402 9.9982E-05 9.9982E-05 0.0471674 0.0368936 0.794356 0.0139811
0.0384169 0.0982999 9.9982E-05 9.9982E-05 0.0460356 0.730124 0.0869241
9.9991E-05 0.122043 0.0642123 0.00874887 0.0408662 0.592212 0.171818
0.20489 9.9964E-05 9.9964E-05 9.9964E-05 9.9964E-05 0.748606 0.0461048
0.0386482 9.9982E-05 0.0375108 0.11488 9.9982E-05 0.653676 0.155086
0.00993969 9.9991E-05 0.116371 0.0126512 0.0486158 0.298541 0.513781
0.716364 0.0983986 0.1173 0.0126698 0.025939 0.0243113 0.00501801
0.687554 0.148566 0.0630625 0.0191051 0.0379199 0.00523374 0.038559
0.61046 0.120933 9.9973E-05 0.263997 0.00430984 9.9973E-05 9.9973E-05
9.9982E-05 9.9982E-05 0.135182 0.0518398 0.00196665 0.640872 0.169939
9.9973E-05 9.9973E-05 9.9973E-05 0.0992712 0.055107 0.450894 0.394427
0.083376 9.9982E-05 0.148632 9.9982E-05 0.0320244 0.662334 0.0734333
9.9982E-05 9.9982E-05 0.00307433 0.0897413 0.0511916 0.620505 0.235288
9.9973E-05 0.0120555 9.9973E-05 0.227882 0.0454014 0.714361 9.9973E-05
9.9982E-05 0.0868407 0.216771 9.9982E-05 0.00295283 0.101595 0.591641
9.9964E-05 9.9964E-05 0.301791 9.9964E-05 9.9964E-05 0.0352665 0.662543
9.9964E-05 9.9964E-05 9.9964E-05 0.176402 9.9964E-05 0.0356703 0.787528
0.0395427 9.9964E-05 9.9964E-05 9.9964E-05 0.0134821 9.9964E-05 0.946575
0.159499 9.9973E-05 9.9973E-05 0.0007156 0.0293686 9.9973E-05 0.810117
9.9964E-05 9.9964E-05 9.9964E-05 0.179 0.000167675 9.9964E-05 0.820433
0.073873 0.0594795 0.114635 0.0312069 0.0271548 0.00632821 0.687323
9.9964E-05 9.9964E-05 0.21548 9.9964E-05 9.9964E-05 0.552992 0.231128
0.0258681 0.131902 9.9991E-05 0.0678886 0.101754 0.327406 0.345081
0.0335536 0.00413785 9.9991E-05 0.150271 0.0238721 0.693865 0.0942
0.0131085 9.9991E-05 0.0623913 0.138692 0.0279459 0.688898 0.0688647
9.9964E-05 9.9964E-05 0.306809 9.9964E-05 0.0305532 0.662238 9.9964E-05
0.150391 9.9973E-05 0.0362328 0.801772 0.0113047 9.9973E-05 9.9973E-05
0.190259 0.0467717 0.0540026 9.9982E-05 9.9982E-05 0.242795 0.465971
0.0460594 9.9964E-05 9.9964E-05 9.9964E-05 9.9964E-05 0.0498409 0.9037
9.995E-05 9.995E-05 9.995E-05 9.995E-05 0.9994 9.995E-05 9.995E-05
0.256211 0.622713 9.9964E-05 9.9964E-05 9.9964E-05 9.9964E-05 0.120676
0.114455 0.492182 0.122695 0.135675 0.0248523 9.9991E-05 0.11004
9.9991E-05 0.132364 0.46754 0.311212 0.033384 0.00959572 0.0458038
0.0952609 9.9991E-05 0.587804 0.1186 0.0468661 0.015147 0.136222
9.9973E-05 0.52469 0.0729384 0.384505 9.9973E-05 0.0175675 9.9973E-05
0.0499788 0.0271998 9.9973E-05 9.9973E-05 9.9973E-05 0.115393 0.807128
0.108529 0.166977 9.9973E-05 0.679409 0.044785 9.9973E-05 9.9973E-05
9.9982E-05 0.077319 9.9982E-05 0.218339 0.0668499 0.180957 0.456335
0.149808 0.187323 0.0487847 0.257145 0.0252026 0.0134618 0.318276
0.187465 0.32415 0.481334 9.9973E-05 0.00675116 9.9973E-05 9.9973E-05
0.109145 0.502899 0.19218 9.9973E-05 9.9973E-05 9.9973E-05 0.195476
0.0333425 0.304834 0.374445 0.141827 9.9982E-05 9.9982E-05 0.145352
9.9964E-05 9.9964E-05 0.688844 0.297928 0.0128279 9.9964E-05 9.9964E-05
9.9973E-05 0.626039 9.9973E-05 0.0657392 0.0177624 9.9973E-05 0.290159
9.9964E-05 9.9964E-05 0.836947 0.110744 9.9964E-05 9.9964E-05 0.0519093
9.9991E-05 0.0805112 0.0127973 0.221824 0.0274238 0.172284 0.485061
9.9982E-05 0.0137201 9.9982E-05 0.219608 0.0825014 0.098491 0.58548
9.9991E-05 0.094365 0.0244333 0.0681567 0.0619284 0.199975 0.551042
9.9973E-05 9.9973E-05 0.316983 0.277086 0.000694937 9.9973E-05 0.404936
0.119607 9.9982E-05 0.306525 0.0401783 9.9982E-05 0.0298729 0.503617
0.350078 0.20361 0.207273 0.202588 9.9982E-05 0.0362506 9.9982E-05
0.0365031 0.139204 0.0864351 9.9982E-05 0.0214729 0.716185 9.9982E-05
9.9982E-05 9.9982E-05 0.07497 0.0623582 0.0139584 0.672622 0.175892
9.9973E-05 0.0528276 9.9973E-05 0.349035 9.9973E-05 0.124054 0.473784
9.9982E-05 9.9982E-05 0.322294 0.27401 0.00751934 0.110201 0.285776
0.269232 0.087426 9.9991E-05 0.0318659 0.0469123 0.0644206 0.500043
0.414903 9.9964E-05 9.9964E-05 0.458462 9.9964E-05 9.9964E-05 0.126235
0.0758135 0.0129969 9.9982E-05 9.9982E-05 0.0369034 0.577246 0.296841
9.9973E-05 9.9973E-05 0.0777323 0.0751314 9.9973E-05 0.581338 0.265498
9.9982E-05 0.110855 0.044608 0.0127468 9.9982E-05 0.456091 0.375499
0.156379 0.282321 9.9973E-05 0.53238 0.0286201 9.9973E-05 9.9973E-05
0.198108 0.510895 0.156157 0.100787 9.9982E-05 9.9982E-05 0.0338533
0.0764474 0.551691 0.188218 9.9982E-05 0.0265842 9.9982E-05 0.156859
0.059707 0.703801 0.0508988 0.101601 9.9982E-05 0.0837923 9.9982E-05
0.23226 0.34171 0.0877696 0.33796 9.9973E-05 9.9973E-05 9.9973E-05
0.0796886 0.596318 0.0726192 0.215793 9.9991E-05 0.0163149 0.0191655
0.19915 0.765424 9.9973E-05 9.9973E-05 9.9973E-05 0.017465 0.0176606
0.0149057 0.756697 0.193582 9.9982E-05 0.00716157 0.0274534 9.9982E-05
0.260355 0.32214 0.117848 0.240798 9.9991E-05 0.0077782 0.0509808
0.0628725 0.104828 0.790006 0.0132449 9.9982E-05 9.9982E-05 0.0288493
0.0616837 0.0388676 0.8771 9.9973E-05 0.022049 9.9973E-05 9.9973E-05
0.0176404 0.154714 0.653969 0.0823489 0.00767035 9.9991E-05 0.0835573
0.0599572 0.244281 0.223452 0.335348 0.00106586 0.0747382 0.061158
9.9982E-05 0.134943 0.810973 9.9982E-05 0.0213669 0.0286668 0.00385028
9.9982E-05 0.0534256 0.48101 0.350488 0.00389834 9.9982E-05 0.110978
0.0959848 0.5919 0.222637 9.9982E-05 0.00763783 9.9982E-05 0.08164
0.6019 9.9973E-05 0.0221353 0.285144 9.9973E-05 9.9973E-05 0.0905204
0.737161 0.0934546 9.9973E-05 0.124898 9.9973E-05 9.9973E-05 0.0441863
0.703511 9.9973E-05 0.103758 0.15316 0.0392716 9.9973E-05 9.9973E-05
0.668569 9.9973E-05 0.176402 0.081883 9.9973E-05 0.0728454 9.9973E-05
0.69518 0.134603 9.9991E-05 0.0623107 0.0120805 0.0226644 0.0730615
9.9991E-05 0.526922 0.182888 0.0916063 0.00704782 0.0208984 0.170538
0.000290785 0.641941 9.9982E-05 0.322345 0.0155123 9.9982E-05 0.019711
9.9964E-05 0.0425517 9.9964E-05 9.9964E-05 9.9964E-05 0.878384 0.0786646
0.0660333 9.9991E-05 0.134965 0.0289075 0.0337286 0.720344 0.0159223
0.0407359 0.011055 9.9982E-05 0.120286 0.00166297 0.82606 9.9982E-05
0.094928 0.0501029 0.0690281 9.9991E-05 0.00177965 0.542533 0.241528
9.9982E-05 0.0271045 9.9982E-05 0.102668 0.0253707 0.761794 0.0828631
0.172315 0.00837826 0.0649404 9.9982E-05 9.9982E-05 0.750276 0.00388965
9.9982E-05 0.0395633 0.0631411 9.9982E-05 0.0166579 0.83149 0.0489481
0.143581 0.0551581 9.9964E-05 9.9964E-05 9.9964E-05 0.800861 9.9964E-05
9.9955E-05 9.9955E-05 9.9955E-05 0.220043 9.9955E-05 0.779457 9.9955E-05
0.146086 0.0125362 9.9973E-05 9.9973E-05 9.9973E-05 0.767454 0.073624
9.9991E-05 0.00650485 0.0582924 0.000726453 0.047201 0.739452 0.147724
0.0155536 9.9991E-05 0.117942 0.118529 0.0252542 0.69716 0.0254611
0.0111685 0.0897194 0.0636999 0.0947987 0.0102455 0.730268 9.9991E-05
9.9955E-05 9.9955E-05 9.9955E-05 0.227663 9.9955E-05 0.771837 9.9955E-05
0.0498621 0.0447041 9.9982E-05 9.9982E-05 0.0109398 0.716861 0.177433
9.9973E-05 0.117044 9.9973E-05 0.0684569 0.0225244 0.791674 9.9973E-05
0.0984776 0.020628 9.9991E-05 0.0422981 0.0324528 0.801616 0.00442779
0.0614923 9.9973E-05 0.0985856 9.9973E-05 9.9973E-05 0.106692 0.73293
9.9964E-05 9.9964E-05 0.0520939 0.155772 9.9964E-05 9.9964E-05 0.791734
9.9964E-05 0.0879545 9.9964E-05 9.9964E-05 9.9964E-05 0.768176 0.14347
0.0148212 0.237279 0.0236241 9.9991E-05 0.0241814 0.691755 0.00823941
0.0387169 9.9973E-05 9.9973E-05 9.9973E-05 0.00721451 0.763995 0.189774
0.0165149 0.10697 0.0531005 9.9982E-05 9.9982E-05 0.0955078 0.727706
0.0275449 0.838277 0.0956332 9.9991E-05 0.00698064 0.0121269 0.0193377
9.9973E-05 0.54577 0.141307 0.300419 0.012205 9.9973E-05 9.9973E-05
0.377989 0.252126 0.0481058 0.206819 9.9982E-05 9.9982E-05 0.11476
0.547392 0.0669178 0.253705 0.0686253 9.9982E-05 9.9982E-05 0.0631592
9.995E-05 9.995E-05 9.995E-05 0.9994 9.995E-05 9.995E-05 9.995E-05
0.461531 9.9982E-05 0.038959 0.493833 9.9982E-05 0.000386017 0.00509187
9.995E-05 9.995E-05 9.995E-05 0.9994 9.995E-05 9.995E-05 9.995E-05
0.328228 9.9973E-05 0.204764 0.446504 0.0202044 9.9973E-05 9.9973E-05
0.359461 9.9991E-05 0.0366191 0.515714 0.0194605 0.0353318 0.0333143
0.622606 0.119945 9.9982E-05 0.182047 0.0338385 0.0413629 9.9982E-05
9.9955E-05 0.742079 9.9955E-05 0.257421 9.9955E-05 9.9955E-05 9.9955E-05
9.9973E-05 0.677035 9.9973E-05 0.224027 0.0357852 0.062853 9.9973E-05
9.9982E-05 0.665637 0.117817 9.9982E-05 0.0514915 0.0341076 0.130746
9.99641E-05 0.745757 9.99641E-05 0.0967702 9.99641E-05 9.99641E-05 0.157073
9.9973E-05 0.749153 0.217178 9.9973E-05 0.0146802 9.9973E-05 0.0186885
0.0602425 0.608403 0.0604937 9.9973E-05 9.9973E-05 9.9973E-05 0.270561
9.9973E-05 0.102183 0.538705 0.331279 9.9973E-05 9.9973E-05 0.0275325
0.0418731 9.9991E-05 0.807524 0.0374932 0.011956 0.0125024 0.088551
9.9964E-05 9.9964E-05 0.923799 9.9964E-05 0.0256954 9.9964E-05 0.0501055
0.021183 0.0705266 0.822724 0.0594452 9.9991E-05 0.020053 0.00596783
9.9982E-05 0.102188 0.714209 0.144379 0.027974 0.011049 9.9982E-05
0.118575 9.9982E-05 0.0312244 0.65216 0.141992 0.0558488 9.9982E-05
9.9991E-05 0.0263214 0.0231238 0.0574243 0.0328203 0.68097 0.17924
0.0937271 0.085686 9.9973E-05 9.9973E-05 0.0521111 0.768176 9.9973E-05
9.9964E-05 9.9964E-05 0.053504 0.178234 9.9964E-05 0.767862 9.9964E-05
0.0563742 0.0514314 0.0710707 9.9991E-05 0.0156556 0.650892 0.154476
9.9982E-05 0.0775363 9.9982E-05 0.163358 0.0097062 0.740676 0.00852358
0.239402 0.152607 0.40149 9.9991E-05 0.0302262 0.0791833 0.0969922
0.199963 0.192631 0.440801 0.115253 0.0328147 0.0184376 9.9991E-05
0.0041625 0.145453 0.748467 0.0428261 0.0588915 9.9982E-05 9.9982E-05
0.105723 0.257373 0.327037 0.164914 0.0465856 9.9991E-05 0.0982684
