9.9982E-05 9.9982E-05 0.723877 0.161918 0.114006
9.999E-05 0.0209885 0.813454 0.0604946 0.104963
0.012909 0.0187611 0.630889 0.244903 0.0925381
9.999E-05 0.0150291 0.764081 0.0594489 0.161341
0.052354 0.0216783 0.925768 9.9982E-05 9.9982E-05
0.0129314 9.9982E-05 0.825212 9.9982E-05 0.161657
9.9982E-05 9.9982E-05 0.686985 0.0820198 0.230795
9.9982E-05 0.0233332 0.738101 9.9982E-05 0.238366
0.114281 0.0144309 0.599152 0.247697 0.0244393
0.0404242 0.0272907 0.502274 0.176545 0.253466
0.0648436 0.0555328 0.31982 0.0730725 0.486731
0.0618393 0.024238 0.466498 0.199499 0.247926
0.0097638 0.0459634 9.9991E-05 0.0346887 0.909484
0.0702688 9.9991E-05 0.493941 0.215837 0.219853
0.0710963 0.0762007 0.66601 0.186593 9.9991E-05
9.9982E-05 9.9982E-05 0.719399 0.0690811 0.21132
0.0285638 0.00983913 0.588954 0.303249 0.0693945
9.9973E-05 0.042565 0.957135 9.9973E-05 9.9973E-05
0.142097 0.0507168 0.0563347 0.533856 0.216996
9.9982E-05 9.9982E-05 0.133603 0.689862 0.176335
0.0232005 0.023815 0.200706 0.671372 0.0809066
0.0250617 9.99902E-05 9.99902E-05 0.841788 0.13295
9.9982E-05 0.0514652 9.9982E-05 0.853607 0.0947276
0.0347661 0.0265791 0.129639 0.808916 9.9991E-05
9.9982E-05 9.9982E-05 0.134482 0.689312 0.176005
9.9982E-05 0.0126318 0.042361 0.944807 9.9982E-05
0.0592695 0.0417663 9.9982E-05 0.898764 9.9982E-05
0.0771735 0.0222333 9.9982E-05 0.900393 9.9982E-05
0.0201758 9.9982E-05 0.0840345 0.89559 9.9982E-05
0.119907 9.9991E-05 0.0332798 0.836754 0.00995936
0.0466094 0.00627207 9.9982E-05 0.946919 9.9982E-05
0.0366957 0.022137 0.0700882 0.870979 9.9991E-05
9.9991E-05 0.0515989 0.0296567 0.866525 0.052119
9.9991E-05 0.0701697 0.554265 0.144898 0.230567
0.0403758 0.0109852 0.71078 0.237759 9.9991E-05
0.0936274 9.9991E-05 0.607499 0.227027 0.0717469
0.00125982 0.0244084 0.599387 0.154827 0.220117
0.0604859 0.00325544 0.394244 0.231155 0.310859
9.997E-05 0.9996 9.997E-05 9.997E-05 9.997E-05
9.9982E-05 0.0305647 9.9982E-05 0.745736 0.2235
0.137936 9.9982E-05 0.707859 0.154005 9.9982E-05
9.9982E-05 9.9982E-05 0.72058 0.0918118 0.187408
0.108345 0.0041475 0.298908 0.289174 0.299426
0.0910583 0.0684927 0.0931294 0.0567662 0.690553
9.9982E-05 0.0186665 9.9982E-05 0.0239546 0.957179
9.997E-05 0.9996 9.997E-05 9.997E-05 9.997E-05
9.9991E-05 0.0903569 0.409563 0.23561 0.26437
0.0464052 9.9991E-05 0.257772 0.119931 0.575792
0.071081 0.0328939 0.372947 0.360005 0.163074
0.767107 0.0479773 0.0367495 9.9991E-05 0.148066
0.816269 0.0329814 9.9991E-05 0.0542335 0.0964158
0.843179 9.9973E-05 0.156521 9.9973E-05 9.9973E-05
0.706715 0.0578399 0.0659998 9.9991E-05 0.169345
0.818812 0.0648073 0.0411753 0.075105 9.9991E-05
0.856872 9.9982E-05 0.0165761 0.126352 9.9982E-05
0.742962 9.9973E-05 0.256738 9.9973E-05 9.9973E-05
0.866315 0.0253675 0.0260086 0.0487821 0.0335267
0.882266 0.0216816 9.9982E-05 0.0958522 9.9982E-05
0.780193 0.0547075 0.103016 9.9991E-05 0.0619833
0.607877 0.0408739 0.0906675 0.00937522 0.251207
0.880915 9.9982E-05 9.9982E-05 0.106867 0.0120188
0.654253 9.9991E-05 0.0804975 0.0368676 0.228281
0.347794 0.0803213 9.9982E-05 9.9982E-05 0.571685
0.0529258 0.0214119 0.132429 0.767726 0.0255072
0.0356039 0.0427287 0.170918 0.75065 9.9991E-05
9.9982E-05 0.00417525 0.0702475 0.925377 9.9982E-05
0.700615 0.00736258 0.0261091 0.0806665 0.185247
0.505482 0.0841262 0.0134781 9.9991E-05 0.396813
0.737609 0.0164189 0.0613971 0.0737287 0.110846
0.684415 0.0520053 9.9991E-05 0.0271399 0.23634
0.844556 0.0433408 0.111904 9.9982E-05 9.9982E-05
0.157616 0.002493 0.221012 9.9991E-05 0.618779
0.0399151 9.9982E-05 0.138084 9.9982E-05 0.821801
0.0623819 0.00162353 9.9991E-05 0.00936521 0.926529
9.9973E-05 0.03602 9.9973E-05 9.9973E-05 0.96368
9.9982E-05 0.0355658 9.9982E-05 0.111733 0.852502
9.9973E-05 0.050984 9.9973E-05 9.9973E-05 0.948716
0.0689325 0.0456006 0.029312 0.118806 0.737349
0.705262 9.9982E-05 0.0701667 9.9982E-05 0.224372
0.457816 0.135721 0.0817283 0.0357635 0.288972
0.723555 0.0106817 9.9991E-05 0.117157 0.148506
0.756369 0.0536108 9.9991E-05 0.0556223 0.134298
0.762867 0.0421575 0.194776 9.9982E-05 9.9982E-05
0.0491916 0.0333049 0.0598281 0.732517 0.125158
0.265698 9.9991E-05 0.026417 0.128882 0.578903
0.145036 9.9982E-05 0.062762 9.9982E-05 0.792002
9.997E-05 0.9996 9.997E-05 9.997E-05 9.997E-05
9.9991E-05 0.00693441 0.648708 0.226577 0.11768
9.9991E-05 0.0613692 0.733919 0.178193 0.0264189
9.9991E-05 0.025583 0.483149 0.194818 0.29635
0.0890963 0.0357309 0.445291 0.217194 0.212688
0.0784123 9.9982E-05 0.796711 0.124676 9.9982E-05
0.162669 0.00592086 9.9991E-05 0.0267738 0.804536
0.00635361 0.0317436 0.142718 0.588229 0.230956
0.173073 0.0959508 0.101987 9.9991E-05 0.62889
0.0613612 0.0389254 0.216334 0.296808 0.386571
9.9991E-05 0.00328708 0.806834 0.176638 0.0131409
9.9982E-05 9.9982E-05 0.597367 0.149338 0.253095
9.9982E-05 9.9982E-05 0.481294 0.122518 0.395987
0.0551915 0.0350841 0.649647 0.0204966 0.239581
9.9991E-05 0.000695703 0.53561 0.0610954 0.402499
9.9991E-05 0.0240521 0.614439 0.0815122 0.279896
0.268916 0.0196247 0.101275 0.0222651 0.587919
0.16115 0.113031 0.104862 0.117956 0.503001
0.218044 0.0890052 0.0829923 9.9991E-05 0.609859
9.9991E-05 0.0130701 0.149597 0.169951 0.667282
0.103304 9.9991E-05 0.252288 0.128677 0.515631
0.0527144 9.9991E-05 0.449845 0.472414 0.0249265
0.782358 0.0114195 0.206023 9.9982E-05 9.9982E-05
0.756384 0.0161759 0.038456 9.9991E-05 0.188884
0.212616 9.9991E-05 0.0880435 0.193018 0.506222
0.177814 0.0456295 0.15626 0.181291 0.439005
0.152195 0.0648018 0.0748829 0.265899 0.442221
9.9973E-05 9.9973E-05 9.9973E-05 0.696768 0.302932
0.604228 0.0400371 9.9991E-05 0.0620352 0.2936
0.696413 9.9991E-05 0.0656415 0.0558591 0.181986
0.524376 9.9982E-05 0.0571527 9.9982E-05 0.418271
0.0441687 0.0788258 0.30544 0.500002 0.0715633
0.079919 0.00189866 0.679074 0.239009 9.9991E-05
0.0181287 0.0398973 0.736275 9.9991E-05 0.205599
0.110782 9.9982E-05 0.818112 0.0709052 9.9982E-05
9.9982E-05 9.9982E-05 0.57775 0.412363 0.0096875
0.0338619 0.0211248 0.707087 0.169109 0.0688175
0.00810448 9.9991E-05 0.767236 0.141546 0.0830136
0.0872994 9.9973E-05 0.912401 9.9973E-05 9.9973E-05
0.0314788 9.9991E-05 0.47318 0.372481 0.12276
9.9991E-05 0.0108141 0.762956 0.13001 0.0961207
9.9991E-05 0.0454519 0.678915 0.176757 0.0987757
9.9991E-05 0.024443 0.69057 0.16481 0.120077
0.0986479 9.9991E-05 0.540597 0.220654 0.140002
0.0323524 0.0606995 0.693868 0.0450899 0.16799
9.9991E-05 0.0150219 0.415064 0.252759 0.317055
0.0569291 9.9991E-05 0.804104 0.0792532 0.0596137
9.9973E-05 9.9973E-05 9.9973E-05 0.844018 0.155682
9.9982E-05 9.9982E-05 0.0418573 0.926983 0.0309599
9.9982E-05 0.0304905 0.0289975 0.940312 9.9982E-05
0.0509706 0.00891201 0.0546699 0.81524 0.0702078
0.0364344 0.0137527 0.0541484 0.824401 0.0712637
0.0611266 0.0292121 0.6481 9.9991E-05 0.261462
9.9991E-05 0.0131596 0.608667 0.145952 0.232122
0.927826 9.9973E-05 9.9973E-05 9.9973E-05 0.0718738
0.814731 0.0261706 0.0767379 0.0737104 0.00864979
0.861495 9.9982E-05 0.0711278 0.0671777 9.9982E-05
0.663495 9.9982E-05 9.9982E-05 0.0595602 0.276745
0.889268 0.0242938 0.0817813 9.9991E-05 0.00455702
0.856077 0.00838623 9.9991E-05 0.131491 0.00394629
0.886768 0.0192152 0.0468772 9.9991E-05 0.0470401
0.854391 9.9982E-05 9.9982E-05 0.0817554 0.0636532
0.877671 9.9982E-05 9.9982E-05 0.0670889 0.0550404
0.859926 9.9973E-05 9.9973E-05 0.139774 9.9973E-05
0.795513 0.0435866 9.9982E-05 9.9982E-05 0.1607
0.769308 0.0302523 0.0881881 0.0361254 0.0761263
0.821987 0.0239174 0.133123 0.0166754 0.00429771
0.884671 0.0140516 0.0106424 0.0905346 9.9991E-05
0.832874 0.0281418 0.0330579 0.00815858 0.0977672
0.880369 0.0124282 0.107003 9.9982E-05 9.9982E-05
0.872859 0.0047817 0.0367973 0.0854615 9.9991E-05
0.106947 9.9991E-05 0.052106 0.00189411 0.838953
9.9982E-05 9.9982E-05 0.0692567 0.0229322 0.907611
0.857347 9.9982E-05 0.0179829 9.9982E-05 0.124471
0.683458 0.00863699 0.208638 9.9991E-05 0.0991677
0.837208 0.00544357 9.9991E-05 0.0365948 0.120654
0.101863 9.9982E-05 0.131043 9.9982E-05 0.766894
0.0345429 0.0228358 0.893449 0.00619955 0.0429723
0.0252079 0.03122 0.740954 0.202518 9.9991E-05
0.0443946 9.9991E-05 0.322568 0.4502 0.182738
0.00183725 9.9991E-05 0.242983 0.598482 0.156597
9.9982E-05 0.0183979 9.9982E-05 0.83818 0.143222
0.024906 9.9982E-05 9.9982E-05 0.877343 0.0975507
9.9991E-05 0.0167772 0.11248 0.823102 0.047541
0.0101078 0.0352449 0.0649023 0.80655 0.0831947
0.0624321 0.020386 9.9991E-05 0.803057 0.114025
0.116122 0.0270006 0.201466 0.655311 9.9991E-05
9.9982E-05 9.9982E-05 0.748412 0.104684 0.146703
0.0146538 0.0620778 0.675849 0.0424577 0.204961
9.9982E-05 0.0459692 0.672196 9.9982E-05 0.281634
9.9982E-05 0.00734097 0.584131 9.9982E-05 0.408328
9.9982E-05 0.0241106 0.654586 9.9982E-05 0.321104
9.9973E-05 9.9973E-05 0.485912 9.9973E-05 0.513788
9.9982E-05 9.9982E-05 0.60586 0.185199 0.208741
0.0551119 0.0256518 0.537252 0.161804 0.22018
9.9991E-05 0.0545125 0.628611 0.0757916 0.240985
0.0401234 0.0213102 0.543832 0.193123 0.201612
0.0582486 0.0456085 0.622899 0.156568 0.116675
0.0481365 0.15807 0.127474 0.618705 0.0476145
0.739789 0.00336648 0.0116488 0.0318133 0.213383
0.780054 0.0488023 9.9991E-05 0.0774899 0.0935542
0.810762 9.9973E-05 9.9973E-05 9.9973E-05 0.188938
0.724417 0.00371208 0.15443 9.9991E-05 0.117341
0.809716 0.0302472 0.0690472 0.0908899 9.9991E-05
0.126049 0.0384975 0.384988 0.272194 0.178272
0.00524498 0.0300559 0.574735 0.202892 0.187071
9.9991E-05 0.0612666 0.73138 0.105069 0.102184
9.9991E-05 0.0508778 0.483877 0.270215 0.19493
