0.138996 0.774603 0.0861008 9.9973E-05 9.9973E-05 9.9973E-05
0.0165463 0.655962 0.0151997 0.00758444 0.0425912 0.262116
0.178674 0.656478 0.119503 0.00514086 0.0401037 9.9991E-05
0.029112 0.713789 0.256799 9.9973E-05 9.9973E-05 9.9973E-05
9.9982E-05 0.889664 9.9982E-05 0.0595772 0.0160877 0.0344715
9.9982E-05 0.820837 0.133073 0.0255635 9.9982E-05 0.0203263
0.0534061 0.542996 0.111246 0.0392772 9.9991E-05 0.252975
9.9982E-05 0.686256 0.176888 9.9982E-05 0.0440536 0.0926025
0.0617031 0.199751 9.9982E-05 0.0748555 9.9982E-05 0.663491
0.124573 0.337928 0.181011 0.0150872 0.02377 0.31763
0.0443983 0.108961 0.420955 0.0700043 0.0427359 0.312945
0.173912 0.134399 0.12115 0.043586 0.0214333 0.50552
9.9973E-05 9.9973E-05 0.826345 9.9973E-05 0.0563784 0.116976
0.107476 0.0133415 0.0799019 0.0416533 9.9991E-05 0.757528
0.0875666 0.372232 9.9991E-05 0.0707242 0.060939 0.408438
9.9973E-05 0.311301 0.137806 9.9973E-05 9.9973E-05 0.550593
0.214293 0.221709 9.9982E-05 0.0346212 9.9982E-05 0.529177
9.9973E-05 0.638142 9.9973E-05 9.9973E-05 0.0239448 0.337614
0.548878 0.000533116 0.172471 0.0962078 0.0606237 0.121286
0.584129 9.9973E-05 0.021135 9.9973E-05 9.9973E-05 0.394436
0.660123 0.180546 0.0392005 0.0274737 0.0125961 0.0800608
0.792955 0.0263777 0.148587 0.0114933 0.0204877 9.9991E-05
0.815479 9.9973E-05 0.121104 9.9973E-05 0.0631171 9.9973E-05
0.702842 0.0618997 9.9991E-05 0.0369604 0.0376345 0.160563
0.667017 0.151904 0.108359 9.9982E-05 9.9982E-05 0.0725197
0.86693 0.125316 9.9973E-05 9.9973E-05 0.00745378 9.9973E-05
0.856171 0.0207124 9.9982E-05 0.0790124 0.0439041 9.9982E-05
0.802007 9.9982E-05 9.9982E-05 0.047668 0.0312663 0.118859
0.888159 0.111441 9.9964E-05 9.9964E-05 9.9964E-05 9.9964E-05
0.777491 0.0975187 0.000694222 0.124096 9.9982E-05 9.9982E-05
0.865478 0.00140025 9.9991E-05 0.0829577 0.00617064 0.0438936
0.816854 9.9982E-05 9.9982E-05 0.0318252 0.014532 0.136588
0.769452 0.0391912 0.0285407 0.00664147 0.0507995 0.105375
0.119263 0.304697 0.140712 9.9991E-05 0.0752562 0.359972
0.189664 0.637702 9.9982E-05 0.0242527 9.9982E-05 0.148181
0.119787 0.687551 0.128453 0.0493001 9.9991E-05 0.0148082
0.0532732 0.724916 0.179988 0.00998573 0.0201492 0.0116879
0.164459 0.303071 0.281717 0.0475212 0.0103825 0.192849
9.996E-05 9.996E-05 9.996E-05 9.996E-05 0.9995 9.996E-05
0.713988 0.0511705 0.189151 9.9991E-05 0.0412423 0.00434776
0.137707 0.697559 9.9982E-05 0.132596 9.9982E-05 0.0319379
0.0628799 0.428304 0.0521653 9.9982E-05 9.9982E-05 0.456451
0.186633 0.0814303 0.178767 0.0955882 9.9991E-05 0.457482
0.0978176 9.9991E-05 0.563921 0.0890762 0.0733765 0.175708
0.0187762 0.00257285 0.951419 9.9991E-05 0.0147879 0.0123442
9.996E-05 9.996E-05 9.996E-05 9.996E-05 0.9995 9.996E-05
0.200786 0.221619 0.209603 9.9991E-05 0.0875602 0.280332
0.0832606 0.218377 0.442174 0.083266 9.9991E-05 0.172822
0.273369 0.230488 0.0652014 0.124252 0.0334301 0.273259
9.9982E-05 9.9982E-05 0.120067 0.711762 0.0159774 0.151994
0.0447456 9.9991E-05 0.115439 0.744194 0.0294377 0.0660836
9.9973E-05 0.156049 9.9973E-05 0.777596 9.9973E-05 0.0660552
9.9991E-05 0.00391116 0.215723 0.638217 0.0486952 0.0933537
0.0879871 0.0217144 9.9991E-05 0.792504 0.0493939 0.048301
0.123931 9.9973E-05 9.9973E-05 0.830765 9.9973E-05 0.0450038
9.9964E-05 9.9964E-05 9.9964E-05 0.65982 9.9964E-05 0.33978
9.9973E-05 9.9973E-05 9.9973E-05 0.77431 0.0292772 0.196113
0.116798 9.9973E-05 9.9973E-05 0.853218 0.0296841 9.9973E-05
9.9991E-05 0.0250699 0.0757872 0.735271 0.03863 0.125142
9.9991E-05 0.0547847 0.282366 0.552472 0.0353272 0.0749503
0.166532 9.9973E-05 9.9973E-05 0.825818 0.00735027 9.9973E-05
0.0333724 9.9982E-05 0.182787 0.64763 9.9982E-05 0.136011
0.0093658 9.9991E-05 0.523412 0.298028 0.0587689 0.110326
0.733196 0.184723 9.9982E-05 0.0586347 0.0232467 9.9982E-05
0.725393 0.174113 9.9991E-05 0.0324404 0.020054 0.0478993
0.800836 0.175712 9.9982E-05 9.9982E-05 0.0138999 0.00935193
0.0842022 9.9991E-05 0.0973351 0.677704 0.00643742 0.134221
9.9991E-05 0.0027996 0.384636 0.481828 0.0722657 0.058371
0.0712217 0.0569139 0.0989355 0.693951 0.0250016 0.0539758
0.0838571 9.9982E-05 0.220009 0.66736 0.0285745 9.9982E-05
0.0040263 0.122133 9.9982E-05 0.827245 0.0463959 9.9982E-05
9.9991E-05 0.0463164 0.523589 0.145246 0.00726021 0.277488
9.9982E-05 9.9982E-05 0.588856 0.0250558 0.000281211 0.385607
0.00249572 9.9991E-05 0.747549 0.0899121 0.00319766 0.156745
9.9964E-05 9.9964E-05 0.978796 9.9964E-05 0.0208038 9.9964E-05
0.155773 9.9973E-05 0.811383 9.9973E-05 0.032544 9.9973E-05
9.9973E-05 9.9973E-05 0.91361 9.9973E-05 0.0446211 0.0414691
0.0730855 0.102694 0.774268 0.00921103 0.0384501 0.00229151
9.9973E-05 9.9973E-05 0.141206 0.642634 9.9973E-05 0.21586
0.000136991 0.041418 0.251906 0.409834 0.117684 0.179021
0.0496386 0.0634848 0.186388 0.687406 0.0129828 9.9991E-05
0.0637404 9.9991E-05 0.0699951 0.727603 0.0489206 0.0896408
9.9973E-05 9.9973E-05 9.9973E-05 0.704752 0.0480828 0.246865
0.616459 9.9991E-05 0.00347627 0.0192753 0.0161369 0.344552
0.0933923 0.050382 0.575264 0.271809 9.9991E-05 0.00905297
9.9973E-05 0.0762362 0.818702 0.104762 9.9973E-05 9.9973E-05
9.996E-05 9.996E-05 9.996E-05 9.996E-05 0.9995 9.996E-05
0.169101 0.64092 0.189679 9.9973E-05 9.9973E-05 9.9973E-05
0.146148 0.604061 9.9982E-05 9.9982E-05 0.0423263 0.207264
0.092841 0.112903 0.106634 9.9991E-05 0.0236148 0.663907
0.143959 9.9991E-05 0.0603477 0.0695938 0.0214977 0.704502
0.00786775 0.597653 0.00207423 0.0469249 9.9991E-05 0.345381
0.029698 0.0230519 0.813136 0.133914 9.9982E-05 9.9982E-05
0.506025 0.131683 0.212756 9.9991E-05 0.0342052 0.115231
9.9982E-05 0.129612 0.620433 0.150144 0.099612 9.9982E-05
0.307184 0.161771 0.34256 0.0597216 0.0287823 0.0999819
0.086176 0.457978 9.9973E-05 9.9973E-05 9.9973E-05 0.455546
0.0991157 0.545648 0.300564 9.9982E-05 9.9982E-05 0.054473
0.0940906 0.357667 0.22961 9.9982E-05 9.9982E-05 0.318432
9.9973E-05 9.9973E-05 0.116429 0.0211331 9.9973E-05 0.862138
0.0644818 0.539941 0.395277 9.9973E-05 9.9973E-05 9.9973E-05
0.0266339 9.9982E-05 0.0616382 9.9982E-05 0.0163025 0.895225
0.0594383 0.0832494 0.627525 0.211419 0.0182689 9.9991E-05
0.0498688 9.9991E-05 0.47928 0.148774 0.0946795 0.227297
9.9991E-05 0.0881828 0.612062 0.184519 0.0786098 0.0365266
0.174408 0.0467915 0.55054 9.9991E-05 0.00280119 0.225359
0.100828 0.0195442 0.393487 0.0927934 9.9991E-05 0.393247
0.378027 0.273835 0.00844952 0.0647212 9.9991E-05 0.274868
0.0230682 0.163108 9.9991E-05 0.7673 0.00867516 0.0377484
0.0204463 9.9991E-05 0.169123 0.70805 0.00947594 0.0928055
0.141697 0.166316 0.507004 0.184783 9.9982E-05 9.9982E-05
0.120763 0.0202929 0.405708 0.152036 0.0388062 0.262394
0.226534 0.195504 0.396122 0.126157 0.0555843 9.9991E-05
0.668658 9.9973E-05 0.320655 9.9973E-05 9.9973E-05 0.010387
0.078312 9.9982E-05 0.261778 0.622837 0.0368728 9.9982E-05
0.0441704 9.9982E-05 0.196677 0.663429 9.9982E-05 0.0955233
9.9973E-05 0.125261 0.387924 0.486516 9.9973E-05 9.9973E-05
0.475808 0.376283 0.00185896 0.0658457 0.0618827 0.0183213
0.198647 0.61464 9.9991E-05 0.0486048 0.00316299 0.134846
9.9991E-05 0.666013 0.157703 0.00245903 0.0352331 0.138492
0.043118 0.835179 9.9982E-05 0.0912393 9.9982E-05 0.0302641
0.30907 0.384773 0.00319411 9.9982E-05 9.9982E-05 0.302763
0.122221 0.689461 0.0552103 0.000172882 0.0252184 0.107716
0.0986348 0.804495 0.0664909 0.0301795 9.9982E-05 9.9982E-05
9.9973E-05 0.799542 9.9973E-05 0.0794594 9.9973E-05 0.120698
0.315989 0.469673 0.154751 0.00651058 9.9991E-05 0.0529766
9.9964E-05 0.143195 9.9964E-05 9.9964E-05 9.9964E-05 0.856405
0.080272 0.0656979 9.9982E-05 9.9982E-05 0.00160599 0.852224
0.0710639 0.138948 0.0159903 9.9991E-05 0.00584874 0.768049
0.234195 0.279576 0.0900316 0.130794 9.9991E-05 0.265304
9.9982E-05 0.1519 9.9982E-05 0.0395264 0.0336283 0.774745
0.154242 9.9973E-05 0.163536 9.9973E-05 9.9973E-05 0.681922
0.0267047 0.73091 0.104065 9.9991E-05 0.00564628 0.132574
0.853778 9.9964E-05 0.145822 9.9964E-05 9.9964E-05 9.9964E-05
0.824319 0.122479 0.0529025 9.9973E-05 9.9973E-05 9.9973E-05
0.774364 9.9973E-05 9.9973E-05 9.9973E-05 0.0272592 0.198077
0.734557 0.140211 0.0417205 0.0534217 0.0100853 0.020005
0.786667 0.14591 0.0146001 0.0468115 0.00591126 9.9991E-05
9.9991E-05 0.632525 0.272986 0.0268703 0.0228738 0.0446453
0.0879402 0.67613 0.229151 9.9982E-05 0.00657873 9.9982E-05
9.9964E-05 9.9964E-05 0.120142 0.879458 9.9964E-05 9.9964E-05
0.0529117 0.0187501 9.9991E-05 0.798636 0.0139138 0.115688
0.0321168 0.014309 9.9991E-05 0.824935 0.00240701 0.126133
0.0457467 0.0323148 0.244708 0.636252 9.9991E-05 0.040878
9.9982E-05 0.020479 9.9982E-05 0.866783 0.028507 0.0840309
0.169262 9.9991E-05 0.00848527 0.800189 0.00103125 0.0209334
9.9982E-05 0.102476 0.0243605 0.847556 0.0254071 9.9982E-05
0.125789 0.0112967 0.064929 0.797785 9.9982E-05 9.9982E-05
0.0746242 0.000158425 9.9982E-05 0.843013 9.9982E-05 0.0820042
0.106614 0.046822 0.0036775 0.842686 9.9982E-05 9.9982E-05
9.9973E-05 9.9973E-05 0.200402 0.76992 0.0293779 9.9973E-05
0.0302318 9.9991E-05 0.0190911 0.725793 0.0302379 0.194546
0.0337391 0.108304 0.000962031 0.750899 0.0222286 0.0838676
0.056834 9.9982E-05 9.9982E-05 0.862669 0.00352946 0.0767678
9.9982E-05 0.0802296 0.140717 0.746975 0.0318778 9.9982E-05
9.9973E-05 0.122482 9.9973E-05 0.849353 0.0278651 9.9973E-05
0.0807562 0.0546784 0.0167602 0.838861 0.00884378 9.9991E-05
9.9973E-05 0.105183 0.833177 0.0613399 9.9973E-05 9.9973E-05
0.0243189 0.00830173 0.845031 9.9982E-05 9.9982E-05 0.122148
9.9973E-05 0.10687 0.0744603 0.81837 9.9973E-05 9.9973E-05
9.9982E-05 0.220234 0.129021 0.638682 0.0118633 9.9982E-05
0.0537725 9.9973E-05 0.151845 0.794082 9.9973E-05 9.9973E-05
9.9982E-05 0.133366 0.652366 0.107561 9.9982E-05 0.106507
9.9982E-05 0.900713 0.0754168 0.00753866 0.0161311 9.9982E-05
0.151929 0.584905 9.9982E-05 9.9982E-05 0.0381521 0.224814
0.434725 0.404848 0.133353 0.0268737 9.9982E-05 9.9982E-05
0.595774 0.141283 0.0273983 0.00202552 9.9991E-05 0.233419
0.725668 9.9982E-05 0.136162 9.9982E-05 0.00514541 0.132824
0.776566 9.9982E-05 0.000382904 0.0711881 9.9982E-05 0.151663
0.705803 0.0268461 9.9991E-05 0.0087834 0.0105145 0.247953
0.728807 9.9991E-05 0.0040533 0.00176961 0.0103113 0.254959
0.628309 9.9991E-05 0.0693935 0.0598058 0.0252858 0.217106
0.635838 0.143281 9.9991E-05 0.100499 0.0499894 0.0702921
0.0769774 0.768519 0.0891541 0.00660765 9.9991E-05 0.0586415
0.044627 0.700395 0.144062 0.0214917 0.0626788 0.0267451
9.9991E-05 0.694023 0.220488 0.0173332 0.0353383 0.0327168
9.9973E-05 0.627707 0.365121 9.9973E-05 0.00687209 9.9973E-05
9.9982E-05 0.605997 0.274208 9.9982E-05 0.00233404 0.117261
0.0300108 0.446658 0.452699 9.9991E-05 0.00470703 0.0658258
0.112045 0.138553 0.0835057 9.9991E-05 0.00947225 0.656324
9.9973E-05 9.9973E-05 0.000497046 0.0327157 9.9973E-05 0.966487
9.9964E-05 9.9964E-05 9.9964E-05 9.9964E-05 0.0379349 0.961665
0.0541154 0.143891 0.108873 0.0275399 9.9991E-05 0.665481
0.0833603 9.9982E-05 9.9982E-05 0.04786 0.00376483 0.864815
0.491107 9.9982E-05 9.9982E-05 0.06695 0.149488 0.292254
0.00769419 9.9991E-05 0.218768 0.69263 0.020195 0.0606134
0.0838214 9.9982E-05 0.127331 0.742936 0.045712 9.9982E-05
9.9973E-05 9.9973E-05 0.108441 0.817846 9.9973E-05 0.0734128
9.9991E-05 0.107985 0.138971 0.685398 0.00305278 0.0644937
0.06738 0.136222 9.9982E-05 0.756889 0.0393083 9.9982E-05
0.226551 0.0680245 0.0271535 0.122431 0.0173085 0.538532
0.185904 0.387337 0.0902847 9.9991E-05 0.0280519 0.308322
0.0346452 0.175002 9.9982E-05 9.9982E-05 0.0359747 0.754178
0.24346 0.289118 0.0869705 9.9991E-05 0.0541227 0.326229
