9.9982E-05 0.0917423 0.00789552 0.0252383 9.9982E-05 0.695152 0.179771
0.0512687 0.0409159 0.0422099 9.9991E-05 0.0627863 0.701046 0.101673
9.9982E-05 0.154589 0.0155168 0.00182233 0.0692403 0.758632 9.9982E-05
9.9982E-05 0.0401482 0.00557387 9.9982E-05 0.121752 0.592104 0.240221
0.0652485 9.9982E-05 0.000348245 0.0176399 9.9982E-05 0.730934 0.185629
0.0576039 9.9982E-05 9.9982E-05 0.0467693 0.0332478 0.672779 0.1894
0.220546 0.0658369 9.9982E-05 9.9982E-05 0.0892074 0.360763 0.263447
0.104337 9.9982E-05 0.0552425 9.9982E-05 0.0638912 0.398556 0.377773
0.69143 0.0497437 0.00870859 0.0529957 9.9982E-05 0.196922 9.9982E-05
0.393107 0.132042 0.031234 9.99975E-05 0.130206 0.228978 0.0843336
0.303085 9.9991E-05 0.0275961 0.0422436 0.440385 0.0353619 0.151229
0.462978 0.149057 0.00973503 0.0428523 0.150808 0.181919 0.00264965
0.304497 0.0298802 0.0429986 0.0926287 0.529795 9.9982E-05 9.9982E-05
0.671679 0.135927 9.9991E-05 0.0842494 0.023873 0.0176923 0.0664793
0.413555 0.129008 0.0483993 0.0453739 9.9991E-05 0.288653 0.0749106
0.497746 9.9982E-05 0.015196 9.9982E-05 0.11604 0.299004 0.0718133
0.447689 0.126237 9.9982E-05 9.9982E-05 0.0383773 0.240864 0.146632
0.337221 9.9964E-05 0.0073696 9.9964E-05 9.9964E-05 0.65501 9.9964E-05
0.160905 0.457978 0.0614797 0.140294 0.0995803 0.0769997 0.00276363
0.321657 0.566245 9.9973E-05 9.9973E-05 0.0901932 0.0216046 9.9973E-05
0.147189 0.558904 0.0207605 9.9991E-05 0.0239333 0.146786 0.102327
9.999E-05 0.747706 0.0121841 0.0329376 0.106605 0.0537777 0.0466897
9.9973E-05 0.822294 0.0356961 9.9973E-05 0.0220233 9.9973E-05 0.119686
0.104195 0.684333 0.0156021 0.00396352 0.0835618 0.108245 9.9991E-05
0.183006 0.556227 9.9973E-05 9.9973E-05 9.9973E-05 0.0119694 0.248498
9.9973E-05 0.84553 0.00988841 9.9973E-05 9.9973E-05 0.111664 0.0326179
9.9973E-05 0.853111 0.0364932 0.0500057 9.9973E-05 9.9973E-05 0.0600903
0.20545 0.688572 0.0297385 0.0636402 0.0123996 9.9982E-05 9.9982E-05
9.9964E-05 0.78227 9.9964E-05 0.0154967 9.9964E-05 0.201833 9.9964E-05
9.9973E-05 0.731968 9.9973E-05 0.0859604 9.9973E-05 0.0646788 0.117093
0.0199385 0.84332 0.0120585 0.0571088 9.9991E-05 0.00371489 0.0637594
0.0850843 0.754692 0.0349957 0.0426818 9.9991E-05 0.0350936 0.0473527
0.0716311 0.76257 0.0658138 0.0103328 9.9982E-05 9.9982E-05 0.0894526
0.181292 0.0983399 0.0742226 9.9991E-05 0.128614 0.340722 0.176709
0.172361 0.197619 0.018571 0.0105717 9.9991E-05 0.446701 0.154077
0.0316561 0.0459584 9.9982E-05 0.0568475 9.9982E-05 0.242024 0.623314
9.999E-05 0.0428249 0.00346944 0.00448585 0.138688 0.433681 0.376751
0.288337 0.0982239 9.9991E-05 0.0582682 0.155463 0.259959 0.139649
9.995E-05 9.995E-05 0.9994 9.995E-05 9.995E-05 9.995E-05 9.995E-05
9.9964E-05 0.735765 9.9964E-05 9.9964E-05 0.236818 9.9964E-05 0.0270165
0.0331773 0.14609 9.9982E-05 0.114799 9.9982E-05 0.581759 0.123975
0.188694 0.0883971 0.0115103 9.9991E-05 0.115132 0.588588 0.00757887
0.232146 0.219354 0.00178685 0.0682347 0.326601 0.151777 9.9991E-05
0.214068 0.0813548 0.0416838 0.108371 0.493022 0.0365421 0.0249582
9.9973E-05 0.0216644 0.0171049 9.9973E-05 0.87698 9.9973E-05 0.0839509
9.995E-05 9.995E-05 0.9994 9.995E-05 9.995E-05 9.995E-05 9.995E-05
0.142289 0.152187 0.0650309 9.9991E-05 0.244858 0.129902 0.265632
0.384154 0.0846247 9.9991E-05 0.109525 0.179329 0.0258889 0.216378
0.191471 0.240398 0.0425567 0.0902341 0.145442 0.289798 9.9991E-05
0.0724869 9.9973E-05 0.0423223 0.681953 0.202937 9.9973E-05 9.9973E-05
0.105815 9.9973E-05 0.0507697 0.747572 0.095543 9.9973E-05 9.9973E-05
0.0521634 9.9973E-05 9.9973E-05 0.738899 9.9973E-05 0.108124 0.100514
0.0685246 9.9982E-05 0.0547858 0.654133 0.21645 9.9982E-05 0.00590604
0.0474766 0.0332178 0.0626971 0.755206 9.9982E-05 9.9982E-05 0.101202
0.0610797 0.0534639 9.9973E-05 0.821264 9.9973E-05 9.9973E-05 0.0638922
0.355069 9.9955E-05 9.9955E-05 0.644431 9.9955E-05 9.9955E-05 9.9955E-05
0.190993 9.9973E-05 0.0153633 0.789229 0.00411498 9.9973E-05 9.9973E-05
9.9982E-05 0.136438 0.0404512 0.798184 0.00476356 9.9982E-05 0.0199629
0.0894988 9.9973E-05 0.0567222 0.744307 0.109172 9.9973E-05 9.9973E-05
9.9973E-05 9.9973E-05 0.0250958 0.544765 0.31203 0.117809 9.9973E-05
9.9982E-05 0.105189 0.0284349 0.791657 0.0619095 0.0126099 9.9982E-05
0.0250482 0.0686736 9.9982E-05 0.621961 0.149658 0.134459 9.9982E-05
0.104213 9.9982E-05 0.0766721 0.262707 0.551953 9.9982E-05 0.00425461
0.141993 0.649545 0.0237965 0.0141688 9.9991E-05 0.0699519 0.100445
9.9982E-05 0.660564 0.0273427 0.0149112 0.0291886 0.267794 9.9982E-05
0.117481 0.715291 9.9973E-05 9.9973E-05 9.9973E-05 0.0248139 0.142114
0.138036 0.0510822 0.0155177 0.685271 0.0735701 9.9991E-05 0.0364233
9.9973E-05 9.9973E-05 0.0837866 0.415161 0.422641 0.0781118 9.9973E-05
0.0496292 0.0586359 0.0170702 0.705401 0.0897707 0.042263 0.0372305
0.0267337 0.00701266 0.0350423 0.648386 0.282099 9.9991E-05 0.000626326
9.9982E-05 0.0897216 0.0205942 0.785326 9.9982E-05 0.0542875 0.0498708
0.112983 9.9982E-05 0.01884 0.070906 0.618723 0.178349 9.9982E-05
0.297819 9.9973E-05 0.00765807 0.0529407 0.641283 9.9973E-05 9.9973E-05
0.136509 9.9973E-05 9.9973E-05 0.0624634 0.693239 9.9973E-05 0.107488
9.9955E-05 9.9955E-05 0.00159744 9.9955E-05 0.997903 9.9955E-05 9.9955E-05
9.9973E-05 0.0258406 0.0270864 9.9973E-05 0.779521 9.9973E-05 0.167252
0.0633361 9.9964E-05 0.00988123 9.9964E-05 0.926383 9.9964E-05 9.9964E-05
9.9991E-05 0.060564 0.0155846 0.0292114 0.674338 0.0521252 0.168077
0.271567 9.9973E-05 9.9973E-05 0.638899 0.0501467 9.9973E-05 0.0390869
9.9982E-05 0.0136837 0.148325 0.393997 0.392884 0.0509112 9.9982E-05
9.9991E-05 0.0727712 0.0395717 0.670989 0.180183 0.00526587 0.0311197
0.0594494 0.132942 0.0468801 0.735077 0.0254519 9.9982E-05 9.9982E-05
0.257863 9.9973E-05 0.0304122 0.639018 9.9973E-05 9.9973E-05 0.0724063
0.306709 0.556788 0.0228053 0.0194425 0.0566866 0.0374681 9.9991E-05
0.0854539 0.0932522 9.9991E-05 0.248018 0.485045 0.0276288 0.0605024
9.9973E-05 9.9973E-05 9.9973E-05 0.0646496 0.873352 0.0411885 0.0205097
9.995E-05 9.995E-05 0.9994 9.995E-05 9.995E-05 9.995E-05 9.995E-05
0.0450604 0.167782 0.0122494 9.9991E-05 0.0804908 0.551827 0.14249
0.0810023 0.0895072 0.0268133 9.9991E-05 0.0609425 0.701169 0.0404652
0.541486 0.113581 0.0270286 9.9991E-05 0.0885377 0.156248 0.0730193
0.680924 0.12636 0.0348125 0.0426487 0.114457 9.9991E-05 0.000697808
0.21646 0.0166657 9.9982E-05 0.0284394 9.9982E-05 0.407356 0.330879
9.9973E-05 0.00890934 9.9973E-05 0.124333 0.772052 9.9973E-05 0.0944049
0.099822 0.483339 0.0316158 0.0110984 0.124934 0.185952 0.0632392
9.9973E-05 9.9973E-05 0.0855305 0.0876383 0.699103 0.127428 9.9973E-05
9.9991E-05 0.304023 0.0272786 0.00487472 0.334383 0.039195 0.290145
0.442942 0.0323168 0.00962244 9.9973E-05 9.9973E-05 0.514819 9.9973E-05
0.140373 0.0488047 9.9982E-05 9.9982E-05 0.208912 0.225008 0.376702
0.482201 0.0827032 9.9982E-05 9.9982E-05 0.147285 0.240737 0.0468743
0.857748 9.9982E-05 0.000803899 0.0203763 0.0127868 9.9982E-05 0.108085
9.9955E-05 9.9955E-05 9.9955E-05 9.9955E-05 0.102675 9.9955E-05 0.896825
0.897956 9.9973E-05 0.00362074 9.9973E-05 0.0728249 0.0252989 9.9973E-05
9.9991E-05 0.0189535 0.0269216 0.181654 0.603611 0.00396752 0.164793
0.0647505 0.0104578 0.105105 0.117371 0.608858 9.9991E-05 0.0933587
0.133329 9.9982E-05 0.0886545 0.169864 0.57289 9.9982E-05 0.0350617
0.278221 0.133418 9.9973E-05 9.9973E-05 0.519185 9.9973E-05 0.068875
0.23552 0.0558256 9.9982E-05 0.072279 0.462932 0.173244 9.9982E-05
0.213314 0.348901 9.9982E-05 0.0645521 9.9982E-05 0.218492 0.154541
9.9964E-05 9.9964E-05 0.0194491 0.710405 9.9964E-05 9.9964E-05 0.269746
9.9982E-05 0.00638333 0.0421751 0.681793 0.162776 0.106673 9.9982E-05
9.9973E-05 0.124975 9.9973E-05 0.128528 0.585835 0.160363 9.9973E-05
0.367609 0.0725219 0.0161014 0.145583 0.379877 9.9991E-05 0.0182077
9.9991E-05 0.153399 0.0468071 0.100861 0.508563 0.187859 0.00241078
0.0619503 0.63072 9.9973E-05 9.9973E-05 0.189516 9.9973E-05 0.117514
9.9982E-05 0.0415745 0.0356449 0.601226 0.266615 9.9982E-05 0.054739
0.131126 9.9964E-05 9.9964E-05 0.641106 0.227368 9.9964E-05 9.9964E-05
9.9973E-05 9.9973E-05 9.9973E-05 0.455068 0.375238 0.069466 0.0999286
0.0263205 0.394195 0.0780676 0.038354 0.0321364 0.340853 0.0900733
9.9964E-05 0.151885 9.9964E-05 0.0364095 9.9964E-05 0.811306 9.9964E-05
0.16219 9.9991E-05 0.0182923 0.0198034 0.100491 0.497419 0.201704
9.9982E-05 0.0081028 0.00576232 0.104678 9.9982E-05 0.580246 0.301012
0.169338 0.329891 9.9973E-05 9.9973E-05 9.9973E-05 0.481685 0.0187862
0.104526 0.153527 0.022385 9.9991E-05 0.0295284 0.51714 0.172792
9.9964E-05 0.0587648 9.9964E-05 9.9964E-05 9.9964E-05 0.94042 0.000415036
0.0976427 9.9973E-05 0.00284066 0.01802 9.9973E-05 0.881197 9.9973E-05
0.143377 0.340084 9.9982E-05 9.9982E-05 0.103935 0.311116 0.101288
0.86483 0.0198813 9.9973E-05 9.9973E-05 9.9973E-05 0.0992317 0.0157576
0.836283 0.0870106 0.0173587 9.9982E-05 9.9982E-05 0.000207375 0.0589401
0.75009 9.9982E-05 0.0068662 9.9982E-05 0.0367572 0.0456249 0.160462
0.229892 0.147841 0.00382333 0.0705164 0.169804 0.378023 9.9991E-05
0.849819 9.9982E-05 0.0292096 0.0112518 9.9982E-05 0.109387 0.000133006
0.619878 0.14745 0.0267699 0.00493094 0.163138 9.9991E-05 0.0377328
0.114476 9.9964E-05 9.9964E-05 9.9964E-05 0.0950528 0.790071 9.9964E-05
0.0293944 0.763334 9.9964E-05 9.9964E-05 9.9964E-05 9.9964E-05 0.206871
9.9955E-05 0.781352 9.9955E-05 9.9955E-05 9.9955E-05 0.218148 9.9955E-05
0.1735 0.802343 0.0237574 9.9964E-05 9.9964E-05 9.9964E-05 9.9964E-05
0.196304 0.686523 0.00383651 0.0744303 9.9982E-05 0.0387066 9.9982E-05
9.9982E-05 0.723779 0.0125835 0.0226201 0.0594391 0.181378 9.9982E-05
0.0654612 9.9991E-05 0.0108883 0.0373427 0.180881 0.546287 0.159039
0.0151387 0.140794 0.0141131 9.9991E-05 0.056914 0.205744 0.567196
9.9955E-05 9.9955E-05 9.9955E-05 0.851547 0.147953 9.9955E-05 9.9955E-05
0.159229 0.0107375 0.0222598 0.75543 9.9982E-05 0.0521445 9.9982E-05
9.9964E-05 9.9964E-05 9.9964E-05 0.813728 9.9964E-05 0.0396659 0.146206
0.00181084 0.0259516 9.9982E-05 0.604956 0.244049 0.123033 9.9982E-05
9.9964E-05 9.9964E-05 0.0206279 0.826434 9.9964E-05 0.152539 9.9964E-05
0.109614 0.0750399 0.00605999 0.736247 0.0728394 9.9982E-05 9.9982E-05
9.9973E-05 9.9973E-05 0.00663862 0.812552 0.0954141 0.0850954 9.9973E-05
9.9973E-05 0.0862047 9.9973E-05 0.782301 0.0776502 9.9973E-05 0.0535439
9.9973E-05 0.0593592 9.9973E-05 0.779268 0.100395 0.0606783 9.9973E-05
9.9973E-05 0.0835729 9.9973E-05 0.805903 0.0514756 0.0587483 9.9973E-05
0.0182756 9.9982E-05 0.0200456 0.766407 0.0196553 9.9982E-05 0.175416
0.0243631 0.035434 0.0261064 0.734208 0.0212994 0.134487 0.0241026
0.00410441 0.042098 0.0201553 0.746243 9.9991E-05 0.165934 0.0213653
0.0955879 0.0435396 0.026066 0.828892 0.00571457 9.9982E-05 9.9982E-05
9.9964E-05 9.9964E-05 9.9964E-05 0.753274 0.172573 9.9964E-05 0.0737533
9.9973E-05 9.9973E-05 0.0302221 0.839492 9.9973E-05 0.100294 0.0296922
9.9973E-05 0.051963 0.00447203 0.808279 9.9973E-05 9.9973E-05 0.134986
0.0910273 0.0131624 9.9982E-05 0.0880533 0.781792 0.0257652 9.9982E-05
0.00987601 0.0141583 9.9973E-05 9.9973E-05 0.910537 0.0651284 9.9973E-05
9.9973E-05 9.9973E-05 9.9973E-05 0.787338 0.11211 0.017914 0.0823387
0.0862896 9.9982E-05 0.0116247 0.630772 9.9982E-05 0.114759 0.156354
9.9964E-05 9.9964E-05 0.0137262 0.753983 0.231891 9.9964E-05 9.9964E-05
0.0545263 9.9973E-05 9.9973E-05 0.0944658 0.719499 9.9973E-05 0.131209
9.9973E-05 9.9973E-05 0.00500048 9.9973E-05 0.0419063 0.917787 0.0350061
0.0298823 0.11646 0.0210331 9.9973E-05 9.9973E-05 0.832325 9.9973E-05
9.9964E-05 0.371104 9.9964E-05 9.9964E-05 0.174587 0.453909 9.9964E-05
0.148246 0.519425 0.00342449 9.9982E-05 0.142657 0.186048 9.9982E-05
0.191454 0.721009 0.019424 0.00908326 0.0588296 9.9982E-05 9.9982E-05
0.138816 0.717628 9.9982E-05 0.0613749 0.0760661 0.00591516 9.9982E-05
0.189036 0.711126 0.00575594 9.9982E-05 0.00227368 0.0916091 9.9982E-05
0.328822 0.608072 9.9973E-05 9.9973E-05 0.0277194 9.9973E-05 0.0350861
0.0566628 0.653184 0.0270771 0.0464584 0.167145 9.9991E-05 0.0493723
0.0168281 0.655516 0.0412782 0.0862412 9.9982E-05 0.199936 9.9982E-05
0.0323477 0.00821593 0.0134938 0.0489642 0.00725372 0.813548 0.0761763
9.9991E-05 0.00124686 0.0472822 0.00595321 0.117473 0.552798 0.275147
9.9964E-05 9.9964E-05 0.0406906 0.0122162 9.9964E-05 9.9964E-05 0.946693
9.995E-05 9.995E-05 9.995E-05 9.995E-05 9.995E-05 9.995E-05 0.9994
9.995E-05 9.995E-05 9.995E-05 9.995E-05 9.995E-05 9.995E-05 0.9994
0.0268683 9.9973E-05 0.00940708 9.9973E-05 0.10939 9.9973E-05 0.854035
0.523485 0.0976941 0.00785764 9.9991E-05 0.0897667 0.165368 0.115729
0.775278 0.0512932 9.9982E-05 0.0335618 0.121293 0.0183735 9.9982E-05
0.969618 9.9955E-05 0.0298818 9.9955E-05 9.9955E-05 9.9955E-05 9.9955E-05
0.636487 0.0975643 0.0026672 0.008056 9.9982E-05 9.9982E-05 0.255026
0.675157 0.0214583 0.0446997 0.00394212 9.9982E-05 9.9982E-05 0.254543
0.194334 0.596707 0.13841 0.0528004 9.9982E-05 9.9982E-05 0.0175496
0.0142831 0.0440111 0.0207791 0.701521 0.163556 0.0530795 0.00277057
9.9982E-05 0.0373373 0.0696095 0.743452 0.0330838 9.9982E-05 0.116318
0.0832142 0.0233609 9.9982E-05 0.817883 0.0537452 9.9982E-05 0.0215964
0.0697042 0.0424175 0.00378193 0.638494 0.162591 9.9991E-05 0.0829122
9.9982E-05 0.0291145 0.0255349 0.753725 9.9982E-05 0.120887 0.0705386
0.457027 0.2556 0.00931197 0.0906125 0.0653667 9.9991E-05 0.121982
0.423605 0.212238 0.0261483 9.9991E-05 0.0350613 0.260307 0.04254
0.826444 0.00198409 0.0682234 9.9982E-05 9.9982E-05 0.0173718 0.0857765
0.19092 0.155992 0.0350963 9.9991E-05 0.166971 0.389056 0.0618651
