0,7.83163958012724,10.3611052133651,10.1642089708359,11.5671770184437,13.7998276857325,17.388873357677,14.1904355679296,31.8195382492252,32.5648022200201,69.5639748239513,40.1575392433055,36.5356435719048,34.992707271265,35.7242041555845,40.6021763147408,40.0511048489419,32.7775593539011,35.307996423315,40.0379870791128,33.2465517075912,30.7367035457777,31.5297925483262,40.8422206417364,54.9500104684618,64.3510832131462,49.1655349702757,51.9332505644401,40.6108814867769,30.8627387192925,28.9492189410562,34.0486970538541,42.9613318807926,51.854159441464,39.7178763851576,36.1462130846021,53.0648183524197,51.8554179528553,49.7031454304274,51.534765872277,55.9992936535995,59.7594790173283,55.4549086965475,55.6920039158337,59.1740525679125,55.1295332798603,58.014792378123,58.8023245473238,60.1465705808612,55.3813936208221,54.9443088106534,40.4046567071826,44.2586078348224,37.7813159383353,43.388368330752,35.2272745802919,38.4075513183431,36.4016912934875,24.6104904278186,37.9822418302414,31.3875188261275,32.579088072642,25.7267138699669,35.9928644982171,23.3352314752251,37.5841321046387,54.9037370592367,57.6848818934607,55.7872483960488,54.8130083382857,58.1464380166587,54.7490128725022,61.784206241066,65.1733885765425,82.5971943046345,29.2124852905511,31.70653994705,72.6014167680628,30.9529022831126,27.0845472715089,33.7401942638824
7.83163958012724,0,10.8738103723395,8.34668604662854,8.35286567793469,13.5894995401718,16.9628152416081,13.1579623367575,30.491124185004,31.2375961894478,68.9623184659721,38.8381994311198,35.2136322931951,33.6681370589732,35.1932254040265,40.0583186577919,38.9884411966738,31.7628464396005,34.2575691789985,39.0188452454448,32.8145574758812,30.3733170953888,31.1715696371319,40.083532138899,54.3864641609502,63.7829025715043,48.2985797539938,51.1078287025562,40.0966024753759,29.5736959536559,27.6593086533842,32.7460465117294,42.3994982769431,51.5027768544144,39.168588993009,35.599079494674,51.7551246161876,51.2700441757278,49.1186141619931,50.9490670501568,55.4043433243261,59.1641824134785,54.8588387756358,55.0954951935256,58.5805894979119,54.5382774239362,57.4224271756889,58.210289687658,59.5546512624346,54.7889304751842,54.3536521465234,39.5937683545304,43.4703054994458,36.999702220561,42.4783675381996,34.5501779872506,37.7442539418163,35.7287890826824,24.4917112377388,37.6937121275358,31.1829107519558,32.3718945037795,25.6215295783906,34.947564019107,22.284103133006,36.6107472269671,54.3232118448774,57.1051770227557,55.2071677701967,54.2325483918357,57.5461989631391,54.1490544161979,61.1883293998602,64.5776348611118,81.9892205733166,28.4628219109438,30.9745246371108,72.0062480334526,30.3823006232448,27.0658882720386,32.393198675825
10.3611052133651,10.8738103723395,0,14.2657729259115,14.3956008028871,11.9853956449617,16.8165015742621,13.1537571087598,33.4175606610233,34.159386168795,70.9196791565171,41.7874272283225,38.1622140782153,36.6048066187512,37.0664631966198,41.934816717429,41.8401398750743,34.5558408542186,37.0910906203198,41.8195367665113,35.0175164244586,32.4486054253976,33.2580911610603,42.119928486657,56.3371741093105,65.7310599349009,50.4599051546214,53.2176908150529,41.9965384189771,32.3212072007211,30.4028451093731,35.5557485735089,44.3342217563843,53.4639736068322,41.0406099823586,37.4644352467734,54.7132032482135,53.2176469218688,51.0659216868723,52.8972593939958,57.3556809034039,61.115997134231,56.8107250360782,57.0479342871495,60.5330554560933,56.4896268752348,59.3745155502846,60.1619925798982,61.5066170039218,56.7409348736251,56.3047294266386,42.179239728011,46.0393363745249,39.549147321044,45.1795730263476,36.9668729810686,40.1608928119827,38.1660382974694,25.2260425272814,39.7777047897946,33.1517789712721,34.4227307987389,27.517664994893,37.7665995202933,24.2702171183905,38.8397128123667,56.2706982655441,59.0524706573448,57.1544896735228,56.1798981984945,59.5014527107505,56.1040592419347,63.1419047598239,66.5309814740881,83.9487252925347,30.4200291669566,32.9206870426187,73.9172102748846,32.0212954967269,28.5068332965586,35.3364127292788
10.1642089708359,8.34668604662854,14.2657729259115,0,8.62774939833528,16.3420434624271,19.367077498698,16.0149954325535,31.7412924368826,32.4910457246893,70.4010113575807,40.0556297595988,36.4346041197738,34.9038502595065,36.6420196901928,41.5144708636294,40.0348064118536,32.8225105072573,35.3110096020207,40.074725521928,33.9197551547601,31.539449186364,32.3244585694381,41.5864195583076,55.7991378199502,65.2014685211206,49.7931281523411,52.608195648398,41.511464489804,30.9564307394194,29.0469530686336,34.0829602502058,43.8237785093844,52.7532189540202,40.6324106977803,37.0663770275009,52.9531929564142,52.7032052895396,50.5513222679172,52.3820227608464,56.8423487288656,60.6020911993236,56.2973212529897,56.5338965101276,60.0164833423587,55.9732569787949,58.8577244005866,59.6456242759601,60.9896815529204,56.2243748132481,55.788358831634,40.6640749917126,44.5357329553631,38.0780918380888,43.5268459910374,35.6604593810632,38.8431565768814,36.8169739385511,26.3680582903511,38.7979339664986,32.3301274640439,33.4495103134296,26.7687393431979,36.011785664128,24.0575078262501,38.1411567769727,55.7524890010099,58.5339350664982,56.6362121433067,55.6618822819617,58.9854079813909,55.5882320772668,62.6253120476708,66.0146988620659,83.4313627802235,30.016385356612,32.5226694123328,73.4759008467665,32.0191621411002,28.5005049769701,33.6475388668674
11.5671770184437,8.35286567793469,14.3956008028871,8.62774939833528,0,15.9601542645092,18.7571189062933,15.298226787256,30.1909947711218,30.9420305347096,69.4658798155722,38.512477263753,34.889064827015,33.3565316621331,35.761603695195,40.6236089399018,38.7270929065127,31.5566039928321,34.0135357047984,38.8053021289228,33.1682256864838,30.8291613714752,31.6216795159528,40.5244814521997,54.8962667805157,64.294448100158,48.6437705392104,51.4926144923899,40.6467320987633,29.4513051940453,27.5417744391334,32.560973438863,42.9212677808557,52.036588449978,39.7368531302569,36.1722806239556,51.4184001539756,51.7814122319173,49.6302308505637,51.4599866626688,55.9126046042254,59.6720780666811,55.3666539318932,55.6028853838064,59.0880675839731,55.0466608601342,57.9302237759121,58.7183836962183,60.0625544339653,55.2967859008107,54.8622584343438,39.5815319368661,43.474903403755,37.0205847714317,42.3580359936381,34.6911923412747,37.8887872552177,35.8563716055408,25.7842820857516,38.1689355765754,31.7558010774465,32.897074864104,26.2736539960786,34.7180307975948,22.8288772093794,36.9121272149775,54.8348354214238,57.6169720643151,55.7189288961188,54.7442757408761,58.0513721067135,54.6544219191261,61.6949001565295,65.0843794939743,82.4909712281037,28.9649385111351,31.4845126547913,72.5441905509187,31.1066414483191,27.9981121969499,32.0798709406149
13.7998276857325,13.5894995401718,11.9853956449617,16.3420434624271,15.9601542645092,0,12.7139676641928,11.5068805320156,33.4731201286613,34.2107633439278,70.712810323982,41.8811011511089,38.2519489253863,36.677209142816,36.8510769240479,41.7055024035314,42.1250475246831,34.8312607779674,37.3701547728182,42.09826854473,35.3226983839636,32.6999106058824,33.5281036990492,41.7971999022308,56.1730855478572,65.5576392401362,50.1510964572359,52.8986087140575,41.8374498368924,32.205489001998,30.2811142060283,35.5003398572384,44.1528362633333,53.6005692153141,40.7980343656717,37.2164056753544,54.8289058744747,53.0205228776776,50.8695638635578,52.700431568236,57.150315969259,60.9107620472467,56.6045363535342,56.841845537671,60.3311046645479,56.28925433003,59.1735713368595,59.9610123176098,61.3061197251271,56.5397542107502,56.1048238819133,42.4599325627655,46.3277684647215,39.8239961154265,45.4732839737341,37.2163488475517,40.4264931860778,38.4430689329202,24.0364109495936,40.1271399621662,33.4837148330808,34.8336452235851,27.8958875692286,38.0356768748839,23.4096527740678,38.4685994914946,56.0799370753845,58.8625702253492,56.9641210088422,55.9890560252501,59.2938561328622,55.8965292786891,62.9380887984662,66.3270454159834,83.736017935459,30.0005811472265,32.5124086482842,73.6603196904518,31.4239681403876,28.5046799793919,35.3905132546097
17.388873357677,16.9628152416081,16.8165015742621,19.367077498698,18.7571189062933,12.7139676641928,0,14.1056644880478,35.0336445472026,35.7671544484295,71.9716900598025,43.4769461898508,39.8443046818531,38.2533518876972,38.1016448726081,42.9411113850979,43.8833876394395,36.5796958612728,39.1230147700343,43.8497341496188,37.0892740078725,34.4210414846823,35.2666475380907,42.9352084292711,57.4754636836394,66.850527201612,51.3092909522928,54.0434225893272,43.1465744745409,33.5967024962391,31.6667069202694,36.9513953605217,45.4376809864582,55.2136612650195,42.0195962501587,38.4322565579986,56.4447483993916,54.289269220796,52.1390920125362,53.969486350783,58.4106553235214,62.1712408173779,57.8640371706115,58.101456249431,61.5949592145241,57.5547122837801,60.4384522213647,61.2258519320993,62.5714566446385,57.8043920851649,57.3707569363224,44.2064600940806,48.0806420821615,41.5644559960519,47.2341327093203,38.9308977053052,42.1558101094767,40.1830374454893,24.1871802881559,41.9384456060603,35.2861533138891,36.7021642531679,29.7461033277474,39.7796245476324,23.9250574770229,39.5626454499926,57.3551791397785,60.1386884170622,58.2397624376414,57.2642152602718,60.551957998264,57.1546958377899,64.2000459599749,67.5888763655152,84.9889325733309,31.0273651962988,33.5517566311856,74.8664431462531,32.2358079080531,30.0317616691432,36.9519660618505
14.1904355679296,13.1579623367575,13.1537571087598,16.0149954325535,15.298226787256,11.5068805320156,14.1056644880478,0,33.0007034039441,33.7386436626411,71.0069418214921,41.4266078142372,37.7939142760969,36.212584050487,37.2274042064281,42.0687549790766,41.9595380631266,34.7089424023216,37.2150011966408,41.9723334416735,35.7300133507205,33.1789499214877,34.008543151101,41.9190648392076,56.5069318141828,65.8870427451675,50.1461808187523,52.9423172525913,42.2258863215351,31.7327774027791,29.805263974428,35.0296881102716,44.4902513674325,54.1120163348705,41.1566041148301,37.5781271928018,54.3890207628467,53.3324337522885,51.182369015513,53.0119396060511,57.4520153671737,61.2120501241674,56.9050280855051,57.1418224008108,60.6341812224444,56.5947160084315,59.4778127543144,60.2656371381883,61.6108305509487,56.8439059387789,56.4109292946267,42.5273283216967,46.4154760263085,39.9184162917972,45.4502513027574,37.4087524108808,40.629676590289,38.636290800859,25.3019231010175,40.6546173891248,34.0893636693404,35.418392365549,28.576027760426,37.8831419038447,23.042362453032,38.3287116327137,56.3968073082868,59.1803006925704,57.2814644744257,56.3060089120619,59.5896880347313,56.1926774725015,63.2385705219732,66.627680450146,84.023449035005,30.1373604544595,32.6703326009825,73.967189389864,31.8239296969011,29.3944846813686,34.8984683501585
31.8195382492252,30.491124185004,33.4175606610233,31.7412924368826,30.1909947711218,33.4731201286613,35.0336445472026,33.0007034039441,0,7.43859232146578,79.1873414838472,23.192638346376,18.9541056514665,14.144235029724,46.2123438818787,50.9797731778071,43.8222874916885,36.8881343241218,39.0336408070766,44.2035466717829,44.8438077545986,42.7786291508975,43.6638683213514,48.9609665543793,65.0035646264295,74.3566061485502,55.7211297468398,59.144130280023,51.1968731607753,29.2367431261055,27.8464276531306,27.4259072835669,53.0507099893793,63.8826707889875,50.065896037751,46.5320616014067,39.2690027026208,61.6736592870708,59.5309161413543,61.3482528216897,65.7086061862774,69.4639271887836,65.1512171821951,65.3822757392935,68.8957799276315,64.8771567192635,67.7489648065286,68.5409131489304,69.885733112232,65.1147443899415,64.6988861937701,47.5732394475497,51.8047585566781,45.2681049977108,49.4860922277433,43.9181798183606,47.3354441603958,45.2709291865487,40.0664484561447,51.0203171979762,44.9811433139454,46.482431294795,40.140067686714,39.2643907667746,34.5931161603625,44.1494211087657,64.7742639526276,67.5646768910392,65.6628871006263,64.6844556346026,67.7904785022953,64.3966549570652,71.4778987205091,74.868979780721,92.1498663593274,38.3059528063222,40.8849656275042,82.4535056458019,42.2822159830341,41.5888818223471,20.8097858723516
32.5648022200201,31.2375961894478,34.159386168795,32.4910457246893,30.9420305347096,34.2107633439278,35.7671544484295,33.7386436626411,7.43859232146578,0,79.885888438702,24.314271612076,20.1630213068322,15.2842492907829,46.9221938726827,51.6868404928545,44.6689445424638,37.7290360109516,39.879813830958,45.0444804172479,45.6118309942797,43.5393985030342,44.4255254461918,49.6252407043474,65.7152925177106,75.0661467902809,56.3588816304488,59.7930484795382,51.9146378084791,29.7773010499391,28.4019321713375,27.8091497384134,53.7601657485983,64.6330738672054,50.7711905453453,47.2372949591492,40.3126193002327,62.3767261914361,60.2342421110706,62.0512836685921,66.408788115667,70.1640450207871,65.8510762098272,66.082046983755,69.5966158505061,65.5786311488093,68.4501410542541,69.2421572374448,70.5870519224442,65.8158752402106,65.4005378969453,48.38178403819,52.6100400503113,46.0727498375991,50.3071751146543,44.7077501033253,48.1243069925258,46.0615007878164,40.7923332958146,51.7804772936899,45.7371293919688,47.2399892140614,40.8937264144295,40.111279852558,35.3030043688696,44.7976154868808,65.479074529537,68.2697603660426,66.367835656763,65.3892680212595,68.4892814197782,65.0955271596258,72.1780225201384,75.5691196613055,92.8464818291021,38.9856045777786,41.565680374172,83.1503181241868,42.9835963318341,42.3270921340279,21.8447889384754
69.5639748239513,68.9623184659721,70.9196791565171,70.4010113575807,69.4658798155722,70.712810323982,71.9716900598025,71.0069418214921,79.1873414838472,79.885888438702,0,87.7033937118436,84.0807453572245,82.4390029754353,57.9253599639893,62.0307544963253,86.5349429281087,78.6702653486798,81.6004394681621,86.0212186935912,77.2694536541362,73.8525592286491,75.2008492426073,69.2825658786765,61.6762240789786,67.8995405266832,81.3178443986903,82.9751016649519,63.8183456333415,76.8864124693351,75.0152521091115,80.3136156169001,51.3538257811958,91.9682963800786,62.104244588749,59.6846725187649,100.671482249139,46.2254960151722,44.3275490836538,44.1849895644847,48.6297630455866,51.3488839531971,47.8170156674922,46.913031564089,42.0063811722664,40.2192566790279,40.0366186579864,43.4488111245637,41.587803289043,38.762623237807,40.4600521482736,84.5783661705029,88.4970474569301,81.5577279277681,88.646898292031,77.3806141564663,81.1197718269164,79.5643457543744,74.2280808070852,83.7668437720142,77.522795330381,79.9259436587969,73.3368979307773,82.1321591950468,72.2413019192517,78.0415108429512,48.363440172956,51.9324696157564,49.7579098049913,48.5217985808735,45.1184860620914,42.3587867803528,43.8720012954244,49.0822325343601,70.681171304034,65.6714539009033,67.299285939016,91.4021880052464,71.5449234968431,72.1420855586515,81.3285081106908
40.1575392433055,38.8381994311198,41.7874272283225,40.0556297595988,38.512477263753,41.8811011511089,43.4769461898508,41.4266078142372,23.192638346376,24.314271612076,87.7033937118436,0,13.3366999588834,20.2062519536698,54.6548657755494,59.4490800750844,50.4802936407455,43.551266223269,45.654636185137,50.8926184113975,52.6848130938848,50.7109737413327,51.590838012241,57.7996390606017,73.3985241065488,82.7731777441307,64.7560198174565,68.0994672909097,59.5524961705284,39.215040094259,37.7413607443528,38.2209110607213,61.4734114974117,71.9269638075857,58.555018824279,55.0246474820486,34.8922381479384,70.151448692827,68.0063813741121,69.8261081646904,74.2120898065024,77.9677849965361,73.6575145267761,73.8891346752795,77.3924610013854,73.3683041916004,76.2425908610395,77.0340812289962,78.3780630522716,73.6088432109462,73.1884789745664,54.7786113576861,59.0706696067867,52.525971936128,56.5284825358327,51.3917381244555,54.8312639719773,52.74832805235,48.5267674504436,59.001387227824,53.0234525238344,54.5241387398682,48.2346037211801,45.6959096636882,43.2723765785921,53.2052380130772,73.2356106095027,76.0235354545871,74.1230042642305,73.1458435729445,76.305172009147,72.9108138506248,79.9808183141982,83.3718611602522,100.683332333344,47.0830857353941,49.6463646361341,91.0113505473888,50.9059187352161,49.8472231383243,31.8298071038285
36.5356435719048,35.2136322931951,38.1622140782153,36.4346041197738,34.889064827015,38.2519489253863,39.8443046818531,37.7939142760969,18.9541056514665,20.1630213068322,84.0807453572245,13.3366999588834,0,15.7680514187507,51.0388719818521,55.8298792809049,47.1109741329922,40.1908850564903,42.2958238921022,47.5253389963488,49.1428919925245,47.1566991955253,48.0368915898529,54.1389194405642,69.7901974641374,79.1621942525349,61.0753445320431,64.426675975967,55.947648085972,35.4355688341637,33.9681676455093,34.3816524432779,57.8613429007439,68.3586602155398,54.9332684667596,51.4023003218268,34.3305465699828,66.5331124430674,64.3883160500589,66.2077811470588,70.5907711203625,74.3464356945096,70.0358733341648,70.2674426317412,73.7719957877896,69.7484714431792,72.6224819432929,73.4140158984479,74.7581063757454,69.9886749089324,69.5688251577847,51.3324935230524,55.6145754847749,49.0726319666682,53.1038861746226,47.9071113704283,51.3425070443467,49.2617831558193,44.8964105297963,55.4376330803349,49.4508770893956,50.9502662270634,44.653446147628,42.3870587499318,39.6133502837643,49.5167816550057,69.6192449884292,72.4074627597492,70.5067815000935,69.5294692597108,72.6826218648589,69.288320433276,76.3596355692933,79.7506760241826,97.0586493833739,43.4250336797887,45.99043244726,87.3821678488424,47.2619980489572,46.2461523553817,27.8073061304518
34.992707271265,33.6681370589732,36.6048066187512,34.9038502595065,33.3565316621331,36.677209142816,38.2533518876972,36.212584050487,14.144235029724,15.2842492907829,82.4390029754353,20.2062519536698,15.7680514187507,0,49.4320975088607,54.211227272749,46.26402736991,39.3319735917665,41.4592696118057,46.6587078524751,47.8005695458249,45.7752889122765,46.6581569059565,52.3536224991401,68.2024528355016,77.5649208732073,59.1991723196634,62.5875957371669,54.3786500424955,33.1385238236796,31.7115714594214,31.6859409735867,56.2617208896765,66.9282876472973,53.3060181392591,49.7737099324399,38.0818245371058,64.9086639539384,62.7649080635762,64.5832845541193,68.9548059420303,72.7102885899797,68.3986424787153,68.6299441581612,72.1390089410974,68.1179758732368,70.9908626306917,71.7826124437197,73.1270660667449,68.356848659184,67.9390281574013,50.2530800915362,54.5109356571197,47.9708351235479,52.0948761480504,46.7149352844407,50.1418598568242,48.0692903492944,43.293875221914,54.0380753454741,48.0256287015714,49.526551688223,43.2072768351856,41.6069302598747,37.9170257250296,47.6386066660226,68.0020993739999,70.7914280336677,68.8901868790932,67.9123093612699,71.0415548071972,67.6474989375414,74.723845061316,78.1149102242171,95.4091168899828,41.6725227402701,44.2445751813721,85.723578403529,45.5815220395155,44.7278633671213,25.2012153981985
35.7242041555845,35.1932254040265,37.0664631966198,36.6420196901928,35.761603695195,36.8510769240479,38.1016448726081,37.2274042064281,46.2123438818787,46.9221938726827,57.9253599639893,54.6548657755494,51.0388719818521,49.4320975088607,0,22.4933872594699,53.1303921181171,45.2623418780065,48.1990489594844,52.6103653485657,43.321597640568,39.7460264548486,41.1049518453188,40.1960185830273,42.291522748382,51.535181180036,51.9203532289726,53.5679025073257,26.7710494054962,44.1743821016723,42.2864629278662,47.6035364839269,28.8137446580121,57.5240788406031,24.4562826150057,21.4700433878242,67.5820813367704,39.2648691248178,37.0723241024249,38.9855379550007,43.893993431987,47.6853370560206,43.4116958491265,43.6858259143942,47.0668711772778,42.9031289192148,45.8571345259417,46.6161524990976,47.9702678766408,43.2224054435736,42.6870509678704,51.0828275768463,54.9735834433562,48.0601037965847,55.1752306426757,43.8820246015301,47.5622098207429,45.9894530504994,40.0790186866076,49.6411240798816,43.3020133015031,45.7754042027662,39.1082062959626,48.7417984209788,38.6608064415953,45.4780162368591,42.2002644551171,44.9537690010892,43.0640575332135,42.0978632060865,46.3800876459389,42.9636601803598,49.802155045746,53.1778216634797,71.2681042998989,32.3003353118909,33.947599818439,61.5563682745811,37.1757770815998,37.3233864702989,48.3281115404908
40.6021763147408,40.0583186577919,41.934816717429,41.5144708636294,40.6236089399018,41.7055024035314,42.9411113850979,42.0687549790766,50.9797731778071,51.6868404928545,62.0307544963253,59.4490800750844,55.8298792809049,54.211227272749,22.4933872594699,0,58.1380158045959,50.2974798577732,53.213783124441,57.6425461691089,48.5274926502878,44.9923423689513,46.3292371672958,44.1097826833325,47.255263491291,56.3299116447164,56.0545137351253,57.6388371515855,33.9750064600348,48.8450874394417,46.9568531213093,52.2978697387591,33.6630846484079,62.9000786766249,23.0652594065949,21.5309510363962,72.3929462994186,43.5269620004798,41.3550496337478,43.2649059201157,47.9422551224323,51.7471260646112,47.4420232644058,47.7301896721214,51.2475113185719,47.1160090565926,50.0629892298875,50.8154195229915,52.1877368633905,47.4199310055483,46.9103384889241,56.2222677874419,60.1158470859663,53.2185876706475,60.2596184002472,49.1171414049186,52.7804472103221,51.190132315373,44.9100769831186,54.7937436471487,48.4427958908356,50.8792646660427,44.2016799460415,53.7582919122192,43.3863642719837,49.9290062895208,46.6348345359196,49.4076894867417,47.5074391751715,46.5304776696553,50.426435330102,47.0076813703527,53.9417058113171,57.3097014416249,75.2243491360466,36.6055569267239,38.2102550112041,63.6169032487887,41.760030123842,42.4308041867687,53.0938407044107
40.0511048489419,38.9884411966738,41.8401398750743,40.0348064118536,38.7270929065127,42.1250475246831,43.8833876394395,41.9595380631266,43.8222874916885,44.6689445424638,86.5349429281087,50.4802936407455,47.1109741329922,46.26402736991,53.1303921181171,58.1380158045959,0,22.4584488794692,20.1131541190153,25.9311912251445,46.1637796871882,45.0889721341156,45.9685084112872,59.1380398002934,71.2717734526026,80.828513079827,67.2891542862175,70.1676915619795,57.2501396707917,47.1034281334239,45.3306058176261,49.0209591424296,59.6170762223991,67.2615560733149,57.4214188736725,53.9385924852524,62.2136689646102,68.7033735030819,66.5403630458993,68.3767246743351,72.9609919841603,76.718192008416,72.4275485894501,72.6619498965579,76.082407707426,72.0168675690025,74.9089293905367,75.6979301981074,77.0342692220354,72.2792890075268,71.8252832654832,40.3611483263544,45.4588728324156,38.8179482650739,39.5063193667622,40.2660657047815,44.0412386120681,41.7846133993449,48.5589423251476,54.2498508605289,48.939233677308,50.6286897424125,44.8631005998659,27.8492113407007,45.159501027561,56.3343433533276,71.6547086084946,74.4230956350402,72.5326543259215,71.5656838759422,75.1326024632046,71.7347097081226,78.7178997099871,82.1093749494717,99.649764828509,48.3914348541926,50.8110033591079,90.3398987797552,51.4927649125001,47.748823787633,46.4561533074654
32.7775593539011,31.7628464396005,34.5558408542186,32.8225105072573,31.5566039928321,34.8312607779674,36.5796958612728,34.7089424023216,36.8881343241218,37.7290360109516,78.6702653486798,43.551266223269,40.1908850564903,39.3319735917665,45.2623418780065,50.2974798577732,22.4584488794692,0,13.7933867646108,16.5991930971989,37.7902708495901,36.8090232908862,37.7110593517146,51.5923747939135,63.2768512150445,72.8605270348238,59.8431051681149,62.6861317800986,49.2634347307827,40.0381722369365,38.2620877814495,41.9984047585792,51.6691487243859,59.0649339190686,49.6078069803272,46.135024948878,55.2717787749157,60.8051646414555,58.6398126611918,60.4779964076227,65.0882121987106,68.8453494997755,64.5574128997122,64.7918865579938,68.2007278237746,64.1300368325502,67.0241620655076,67.8130359076196,69.1481542588714,64.3951448141724,63.9369630481538,30.6513341593675,36.1294296702828,28.9513074463007,31.1043070256421,30.6769743083067,34.6518227510693,32.4519668743282,41.1404783384244,46.2231157585328,41.0075557354449,42.7834749352717,37.0747099901613,16.3322631812849,37.9127483082038,49.0066645029019,63.7379880549742,66.5037526363298,64.6147063498892,63.6491451610157,67.2685683347424,63.8703243056633,70.8421799805944,74.2338476139193,91.8027534879609,40.904232039701,43.3043941934297,82.5709333930058,44.0005170459016,40.0364489632522,39.5456308268041
35.307996423315,34.2575691789985,37.0910906203198,35.3110096020207,34.0135357047984,37.3701547728182,39.1230147700343,37.2150011966408,39.0336408070766,39.879813830958,81.6004394681621,45.654636185137,42.2958238921022,41.4592696118057,48.1990489594844,53.213783124441,20.1131541190153,13.7933867646108,0,19.3306300465769,41.1324418396982,40.0736266708794,40.9623559127243,54.2862144180895,66.3024262449563,75.8665695202122,62.4588625366846,65.3300824678113,52.2862537955518,42.3475392599506,40.57577540419,44.2584607417608,54.6612366453971,62.258738599226,52.5045569588624,49.024711700147,57.3534449327639,63.7602956848152,61.5966680995578,63.4334784314244,68.0245906609869,71.7817511546858,67.4918338661196,67.7262284771578,71.1435534563377,67.0766778606161,69.9692606569046,70.7582457195254,72.0942429254792,67.3397923500381,66.8847049520088,35.0084047003121,40.2529970628534,33.3584531926532,34.9093093106273,34.8364701526413,38.6921153334778,36.4680445876545,43.7651961802882,49.3156939585589,44.027615739979,45.7463579611784,39.9917248108587,20.6362938755533,40.399573500785,51.5365369571396,66.7066419901995,69.4743306072829,67.5842645091275,66.6176731204379,70.1983726969379,66.800397059653,73.7805994962732,77.1721375042174,94.7199220138003,43.5592218966053,45.973826418359,85.4332340011367,46.6668714023469,42.883021952102,41.6957397486613
40.0379870791128,39.0188452454448,41.8195367665113,40.074725521928,38.8053021289228,42.09826854473,43.8497341496188,41.9723334416735,44.2035466717829,45.0444804172479,86.0212186935912,50.8926184113975,47.5253389963488,46.6587078524751,52.6103653485657,57.6425461691089,25.9311912251445,16.5991930971989,19.3306300465769,0,45.1555178694694,44.1755137132728,45.071732610453,58.9084857206511,70.6430038919162,80.2233737519452,67.1515475784292,69.9970530094196,56.6257646763785,47.3226680588944,45.5456561516967,49.2902324780222,59.0290430767992,66.4335213943903,56.949629920263,53.475448754759,62.6363397005447,68.1597083092278,65.9946217300583,67.8326243643971,72.4398944016119,76.1970571758972,71.908803681056,72.143289699285,75.5535045251261,71.4833797446018,74.3772894003074,75.1661634170345,76.5014363004012,71.7481952063601,71.290471641109,38.0103783859199,43.406801491509,36.4515791414066,37.5950480529211,38.2523416764755,42.1688029141039,39.9365508065038,48.4245446287945,53.5504275147428,48.3284797713962,50.0900789974308,44.3796649197026,25.3930281802697,45.187156269219,56.301204967801,71.0947199283044,73.8607878656434,71.9715771871889,71.0058499161897,74.6193658348286,71.2211538988367,78.1942944909602,81.5859306834422,99.1517011387035,48.2108218139371,50.6130052170824,89.9090070849402,51.3020237321685,47.346551887957,46.8429582620461
33.2465517075912,32.8145574758812,35.0175164244586,33.9197551547601,33.1682256864838,35.3226983839636,37.0892740078725,35.7300133507205,44.8438077545986,45.6118309942797,77.2694536541362,52.6848130938848,49.1428919925245,47.8005695458249,43.321597640568,48.5274926502878,46.1637796871882,37.7902708495901,41.1324418396982,45.1555178694694,0,22.0552191851778,20.2860240895409,51.8866552580502,61.3804392310508,71.0404318379824,61.0232987199844,63.5298758044964,46.8451992753751,44.9422427374375,43.0810230649482,47.7887646409366,49.8246338913412,50.0954588550384,47.9430511770823,44.4796056588113,65.2331247883696,59.2264127536424,57.0507817602222,58.9007912764653,63.6243334364812,67.3838693280478,63.1063840275382,63.3441631691254,66.7103067964635,62.6144521954327,65.5203279328144,66.306538173845,67.6387186637832,62.8931008495263,62.414390603572,40.5755430858309,43.7990276997302,37.2509750034305,46.0045165407876,32.2826495591006,34.6320113578191,32.756592096035,40.608245043367,33.5903732243132,31.0579028926684,34.2993510327919,29.8385189801271,41.7008534075049,39.6983890674354,50.9077108802404,62.0922487812305,64.8475641000351,62.9635974087338,62.0031681090381,65.858620466162,62.4577214982997,69.379839749307,72.7709475256839,90.4791909339386,41.2753852741152,43.5351792079114,81.3239932508318,43.7954625120826,35.633699479942,47.0354032959355
30.7367035457777,30.3733170953888,32.4486054253976,31.539449186364,30.8291613714752,32.6999106058824,34.4210414846823,33.1789499214877,42.7786291508975,43.5393985030342,73.8525592286491,50.7109737413327,47.1566991955253,45.7752889122765,39.7460264548486,44.9923423689513,45.0889721341156,36.8090232908862,40.0736266708794,44.1755137132728,22.0552191851778,0,13.4602784370548,48.7737982019793,57.9067088109998,67.5703910160683,58.0705792904067,60.5182694448066,43.1698835960745,42.592226286129,40.7242413563468,45.5226120389283,46.3316160039194,42.2342941274069,44.4267534815873,40.961644864174,63.3195375616568,55.779890812123,53.6027846582805,55.4550363351071,60.1947885094052,63.9550204518369,59.6788578333472,59.9175026326038,63.2786226008112,59.1788253876887,62.0867516101074,62.8722894703393,64.2043900646537,59.4596478012996,58.9777049117589,40.3024889851194,43.7499204182031,37.016983598038,45.4434669089401,31.9511668651894,34.7818684327416,33.1484028995226,37.672885831242,31.8937459332832,27.1031541839227,31.8473331150732,26.4142612788435,40.6348305302545,37.0670142129345,48.1216823662837,58.6383853672205,61.3923990728046,59.5089797488045,58.5491042996041,62.4388654025895,59.0374421544849,65.9524269225856,69.3432680480023,87.0733804170982,38.2085549484313,40.436439419444,77.9042054185439,40.6907802229576,31.7113661775875,44.9455875151069
31.5297925483262,31.1715696371319,33.2580911610603,32.3244585694381,31.6216795159528,33.5281036990492,35.2666475380907,34.008543151101,43.6638683213514,44.4255254461918,75.2008492426073,51.590838012241,48.0368915898529,46.6581569059565,41.1049518453188,46.3292371672958,45.9685084112872,37.7110593517146,40.9623559127243,45.071732610453,20.2860240895409,13.4602784370548,0,49.9177616197909,59.3314311261873,68.9800723831927,59.1613076728226,61.6268577105909,44.6297117752157,43.5071952144291,41.6392480836215,46.4296488193902,47.732885360521,45.2024409515123,45.7442849791821,42.2721992406455,64.1968027630346,57.1489924393567,54.9733194258695,56.8243994402916,61.5482654670343,65.3085133571767,61.0307005660709,61.2692769984449,64.63742474664,60.5407986804672,63.447433013477,64.233074682842,65.5658872104177,60.8199617170992,60.3405916739607,41.2053725057765,44.610796208823,37.9419312143675,46.3189204046665,33.0258116617041,35.7490505594838,34.0316631538389,38.5701170736282,31.2770559750645,27.1845663802034,32.059268605812,26.8779834913824,41.5324432368959,37.9724994853943,49.1332871043759,60.0184595193513,62.7740339906757,60.889796611424,59.9290942550326,63.7868566665325,60.3856563506056,67.3075721750251,70.6983089183138,88.4108533000429,39.2987584466745,41.5395084999719,79.190735248745,41.7400227188237,32.6716856656764,45.8286679638803
40.8422206417364,40.083532138899,42.119928486657,41.5864195583076,40.5244814521997,41.7971999022308,42.9352084292711,41.9190648392076,48.9609665543793,49.6252407043474,69.2825658786765,57.7996390606017,54.1389194405642,52.3536224991401,40.1960185830273,44.1097826833325,59.1380398002934,51.5923747939135,54.2862144180895,58.9084857206511,51.8866552580502,48.7737982019793,49.9177616197909,0,58.5272330322198,67.3305247467331,37.3480182818154,35.1892269380604,46.9547113324647,45.4438197169303,43.5696955653708,49.1815955967505,46.1340657572082,67.8501542505905,42.7361537045305,39.316381912309,70.9668396363823,52.943382958708,50.8722974861167,52.6126831464343,56.1769432176357,59.9210538918764,55.5310237316992,55.7453720663655,59.5777318266885,55.7290354707187,58.5245134049074,59.3306933247089,60.7007249465928,55.8759330408901,55.5984565774303,58.6886971666447,62.626978567869,55.8896102931076,62.1260396395714,52.6017053991822,56.1080327183572,54.3427294916722,45.3820425517618,57.7661766330918,51.3743167551034,53.4373728730027,46.7349018705013,54.838011879726,41.9704883655852,43.5232307947825,56.5212922200231,59.3839779041365,57.4466544123707,56.4322987654539,57.9140769483959,54.5358170141986,61.96812684862,65.3596063047497,81.6886683189053,31.3878313942561,32.6227655759181,71.3381982929803,41.3747225583632,45.649793939441,51.0883901917037
54.9500104684618,54.3864641609502,56.3371741093105,55.7991378199502,54.8962667805157,56.1730855478572,57.4754636836394,56.5069318141828,65.0035646264295,65.7152925177106,61.6762240789786,73.3985241065488,69.7901974641374,68.2024528355016,42.291522748382,47.255263491291,71.2717734526026,63.2768512150445,66.3024262449563,70.6430038919162,61.3804392310508,57.9067088109998,59.3314311261873,58.5272330322198,0,31.278120210132,70.1816885175866,71.9095905826027,46.4100112256364,63.1113468359759,61.2353471870852,66.4660538160226,33.502685714696,75.7838490091911,47.8614140916028,45.3646589011118,86.2916167366851,41.3553241115449,38.9150640870919,40.6970931927386,48.4143424306769,52.045759874359,48.1313449273969,48.2451595183522,49.79424359351,45.2092254589097,48.1931297546367,49.1078464626739,50.1080952292721,45.7135175873906,44.8488527500104,68.723555425216,72.64442473356,65.6120123680704,73.0441988157794,61.0676673840132,64.9260010192521,63.4635602013151,59.7406689948469,68.19357695028,62.0449006928152,64.5552425707889,58.0404082045693,66.8233562663902,58.0815330563603,64.856291854376,40.2501793141926,42.4615285233761,40.9397309451221,40.3400413439813,50.9460054877271,47.5535107214531,53.1002896870678,56.591189775651,77.0404767364158,52.4381478474552,54.1388492990147,80.1233833158062,57.5525012975344,57.031583443436,67.1474247780329
64.3510832131462,63.7829025715043,65.7310599349009,65.2014685211206,64.294448100158,65.5576392401362,66.850527201612,65.8870427451675,74.3566061485502,75.0661467902809,67.8995405266832,82.7731777441307,79.1621942525349,77.5649208732073,51.535181180036,56.3299116447164,80.828513079827,72.8605270348238,75.8665695202122,80.2233737519452,71.0404318379824,67.5703910160683,68.9800723831927,67.3305247467331,31.278120210132,0,79.0671608774612,80.774753780893,56.1077541460009,72.3918640099451,70.5160041478695,75.7620711121772,42.0012971446775,85.4791167559505,56.889180224801,54.4331255259751,95.6798843428739,47.6133956711855,45.129326980015,46.782290135358,55.0687507953217,58.6485513673133,54.81211594165,54.8735762061772,55.8892700069589,51.22676342804,54.1634950639692,55.1677570228816,56.0053911191707,51.7518870164333,50.8325218852422,78.3989172730073,82.3179427457965,75.3061828330202,82.6682934770906,70.8381072483151,74.6686799920164,73.1860792400522,69.1008585179871,77.7799499254705,71.6071410494901,74.0986829020924,67.5649051224358,76.3902807791841,67.3995921000268,74.0173261388158,44.5193539037364,46.4210736593054,45.1427254967303,44.778859817944,57.4995018311517,54.1197540356712,59.3311524482718,62.868936683408,83.809527250483,61.5664615380599,63.2517186840504,88.7573213723384,66.7975146776749,66.4912865321269,76.4986325321826
49.1655349702757,48.2985797539938,50.4599051546214,49.7931281523411,48.6437705392104,50.1510964572359,51.3092909522928,50.1461808187523,55.7211297468398,56.3588816304488,81.3178443986903,64.7560198174565,61.0753445320431,59.1991723196634,51.9203532289726,56.0545137351253,67.2891542862175,59.8431051681149,62.4588625366846,67.1515475784292,61.0232987199844,58.0705792904067,59.1613076728226,37.3480182818154,70.1816885175866,79.0671608774612,0,33.2936031052504,58.2816282169071,51.4673142306802,49.6229634159352,55.2875593700796,57.8987146478009,77.5154186943879,54.8284896564743,51.3936390961622,78.0371510470957,64.9160892987554,62.8359599266964,64.5782924029134,68.2483439976324,71.9863436498627,67.6113926762997,67.8192660979229,71.5863086977264,67.7236193633708,70.5215600513628,71.3313283789035,72.6924548823391,67.8770368638379,67.588452325602,67.3779235198834,71.3425735496644,64.6488726528254,70.6035917825991,61.6356747878405,65.108716302959,63.2918797743541,54.2089092740428,66.8621458712104,60.4966553371305,62.441536943236,55.7698665628342,63.0038381609917,49.9670223333561,49.3745080173925,68.4196616506295,71.2740287960284,69.3412817709538,68.3315945781758,69.9859624601538,66.6093423484186,73.9950595253243,77.3906957677477,93.8055994847856,41.774397442723,43.6353172498252,84.5612397752698,51.1514090476469,55.0861674533938,57.8872313842201
51.9332505644401,51.1078287025562,53.2176908150529,52.608195648398,51.4926144923899,52.8986087140575,54.0434225893272,52.9423172525913,59.144130280023,59.7930484795382,82.9751016649519,68.0994672909097,64.426675975967,62.5875957371669,53.5679025073257,57.6388371515855,70.1676915619795,62.6861317800986,65.3300824678113,69.9970530094196,63.5298758044964,60.5182694448066,61.6268577105909,35.1892269380604,71.9095905826027,80.774753780893,33.2936031052504,0,60.0635490834603,55.1836039090792,53.3241297100057,58.9825359368464,59.5874369006571,79.8338102258759,56.3635708532563,52.9241148003864,81.3348488022616,66.5713000163534,64.4928894273871,66.2361904553759,69.8853781263487,73.6257532433081,69.247113098256,69.4575965497421,73.2410750983585,69.3798439065627,72.1784918758061,72.9866885172039,74.3504674524171,69.5328211840797,69.245321389753,70.0595376088261,74.0135463488577,67.3053693919423,73.361758659823,64.1939924220176,67.6768366867438,65.8776183739703,56.7571748217249,69.3742416725145,62.9954925634448,64.9814352407285,58.2950643566371,65.8786696230817,52.8110402181958,52.8416040378634,70.0919664839684,72.9478819414215,71.0141771565865,70.0035080390457,71.6298698595207,68.2523657849435,75.6472704594385,79.0414389575512,95.4456526184775,43.3464480364005,44.9717715524979,85.8352160028603,53.2558715638682,57.4550446872518,61.291128785264
40.6108814867769,40.0966024753759,41.9965384189771,41.511464489804,40.6467320987633,41.8374498368924,43.1465744745409,42.2258863215351,51.1968731607753,51.9146378084791,63.8183456333415,59.5524961705284,55.947648085972,54.3786500424955,26.7710494054962,33.9750064600348,57.2501396707917,49.2634347307827,52.2862537955518,56.6257646763785,46.8451992753751,43.1698835960745,44.6297117752157,46.9547113324647,46.4100112256364,56.1077541460009,58.2816282169071,60.0635490834603,0,49.4577327276142,47.5743749913332,52.8029231859583,33.9359812392975,60.5255941839842,34.6796452102672,31.6305413494601,72.4239570367857,44.9426692510187,42.7201441539491,44.6320968822641,49.8742989432039,53.6458091191269,49.4167702329905,49.6705292864679,52.8492102340967,48.6383500890472,51.6006702508022,52.3715452133261,53.6954071334368,48.9795740314682,48.4067706922357,54.6692117152471,58.5612423326788,51.5638750936392,58.9914059941696,47.0469957003982,50.8297151602474,49.3440652479111,45.2759689237638,53.515763170287,47.2909648879179,49.8841792287147,43.3129975676825,52.8163849115491,43.9892385113172,51.4210841961609,47.5726569096616,50.2902693959484,48.421774706725,47.4771115232121,52.3612063627431,48.9480676893483,55.6455922745397,59.033070181643,77.3799287152346,38.7968248853103,40.5428142576648,69.8708522222896,43.2370748085443,41.8891125860333,53.3272871215748
