IBR/IBR_outputs/all.combrep_1/EucDistWater_Total.Spinifex_Total/EucDistWater_Total.Spinifex_Total.asc
NCOLS 160 
NROWS 95 
XLLCORNER 210004.651214014 
YLLCORNER 7350008.22228844 
CELLSIZE 4999.99999999997 
NODATA_value -9999 
[rows 42 to 62 of 95, columns 92 to 137 of 160]
14.6012169456125 26.7841844460617 15.4486651706348 10.7752906949413 19.4591471379424 22.446691400872 26.0217573941951 16.2300487881497 17.7718049432042 14.0818068335973 5.59600056500904 11.6327050254783 12.7689499309149 8.16801630916365 4.46445798266672 9.22237656666832 4.54742963822827 6.84157318703663 11.4376741137326 7.23198687167931 11.006044342054 10.4342394730896 4.78351709591857 12.4728738916047 20.7644394004557 11.6044642249254 4.35810859461498 4.43296134698966 5.72194117245706 13.5951852507719 12.407064501951 13.8750671655602 17.1472545548989 13.9753655471594 8.1265719435556 7.41353160085305 5.64030941548631 3.91039113645562 10.6402509860934 21.9077441880942 24.2791037967088 12.7447679703258 5.64242199915779 11.6894099366279 7.24520228831923 5.54253543090681
10.6647846747821 24.4662697895256 15.7201257182296 11.1683802097609 8.72552740031131 10.3082120212273 17.1605588907446 8.39190821106732 13.6806053160034 24.6038031705843 20.1996825627215 21.8462364282236 14.0710588124223 5.55012897096449 6.63610486110463 18.0904386586763 10.39258638124 6.94920602302903 11.8422211787604 19.0515460360288 21.5902262097486 20.3616192535376 7.22889039869696 7.56803050406415 16.0709565668433 14.901760993662 12.6745677495675 4.55400218809871 8.29247057954916 4.79134533802724 7.26310791229869 14.3927664612764 9.61635162586992 8.23171089334895 17.1593516767868 12.6164536730948 8.05412695719107 4.28175976383591 16.073630207574 27.9787357656392 25.9603320097255 10.3922832607775 4.18900248481629 6.77290661891243 4.91515480297156 5.79429187078713
7.718666736535 20.9401242824666 13.3925429751378 7.02797127016498 14.0640243140589 15.3121426874302 7.70606157158704 13.6289324327912 24.0425998870262 35.7003049926112 37.5485673400571 36.0198367347745 25.3334815400405 13.6556237527788 5.05542800965495 15.8002303578145 13.8190484038653 6.65442685599666 16.2249668048019 31.3122349029395 27.2055362879541 12.0321927348107 8.46340606480453 10.0097072557913 11.4023766306161 5.41611814531177 7.05892820962774 5.43782323585393 7.09506734757008 10.16837630244 13.3948889383101 10.3844088370418 4.91331990525018 7.26403581636731 11.6556108145804 5.71216731577746 4.65546741963013 3.23859973000648 10.2551989510931 14.5257144972875 22.410964249375 9.67994914225829 6.61129705985169 16.7221898816222 14.6942402593952 8.82414280544711
8.74200838720211 21.0325723108532 17.2000387580272 14.3965267372913 21.8878060612136 19.4966427638046 15.6303029391694 20.5826852177146 23.5437034338508 28.734269231918 32.7347312599348 39.8341399255687 29.192672585005 12.4622594182191 7.10911537025476 7.93092143439918 10.3039294596228 8.1787960621356 20.752508900053 33.0078915935364 26.1088671429444 15.7252128972616 12.1834473862054 9.76719968768626 4.63206898414614 7.82569069302352 5.9577105889941 5.29909623769785 8.11106891824903 11.46432371944 7.91672719429124 10.7090665119961 5.45353209761572 5.63516900357084 5.64940253815266 5.27808516224189 11.5338297737621 10.3351460596353 8.37643062831231 11.7225658970684 21.8505473342584 10.9778572979627 11.359270530721 13.0289169904218 10.8609126269099 4.35019149804126
8.70643340987897 14.0542460922195 8.55420768583511 21.0775334288785 22.0768728608954 9.12199234158675 11.7296762065971 17.2671602697207 8.43094698285759 13.0811936758912 16.9421230856892 25.9162752401302 26.8957796955983 21.2610244117045 17.7656836882818 8.02542054064386 7.72622606077093 14.306789314796 20.2141301359862 21.8464739938197 13.0978908418658 14.2259984453802 6.22367036028044 7.40927107048086 5.84898915782415 6.15697526193335 6.92669463440572 6.34883087411615 7.11681308062509 13.3954675472635 10.6949305064539 6.46240190668567 11.7536644738038 14.1271591325423 5.20910947461743 12.6733347013275 23.5001892332556 25.1304125912165 22.2505623718145 19.1940894252246 23.2713480335886 24.6023070112607 22.3314581196609 11.289533354268 8.2030342312419 5.48703005846633
7.05857310948886 13.8665510798455 12.0183369083502 21.7199004668612 14.5943750943078 6.55968313773846 9.86913565327748 10.3237767404623 7.15123898054748 5.17304946369717 12.0440004946662 11.5954920365872 14.8175655393344 28.4535820246367 24.0043288400518 9.19578939997066 6.24597856757541 16.443498240871 10.3090760586971 11.6986729100307 10.1026918798781 10.1273828406091 9.62329462222536 5.50708492257536 4.77850979757974 6.56789168020589 4.42920005858502 12.4779050080064 10.5169038645365 5.12007554050427 4.8062945958896 7.25607366788256 13.7311479237791 15.4706022934542 11.6844006010036 20.717142425267 34.9733976053729 38.0153360240435 22.9346560305352 8.43759438552226 13.4867279865093 29.0234720020781 23.9853143603427 14.5430882128704 16.7073345199278 18.114120067825
12.3874595047833 9.22628442432978 17.3101456095882 22.9518360204507 16.0416028330565 11.8739068854549 15.1992136765589 15.8445724428368 11.4452157156582 8.70052528639704 13.8862369384896 8.49962189494624 12.2060992148481 23.7246726796526 16.8051890517766 5.37861884038693 8.11787917715057 9.94117935930029 15.3688661108626 17.3905558306572 15.4506958143884 8.046855136213 11.0605870416873 5.1293245753875 7.19520968073945 3.22146196692253 4.54925807101199 12.3446924664912 7.18194525566329 7.74717085617115 10.2456199373883 6.69095340067398 14.7230562038178 7.89922313863556 11.980950535816 25.4004269788469 27.6916489027164 31.613080712069 23.4769706053879 11.1023010150788 16.2216945905783 29.6714114928741 19.717702998381 6.85855215622036 15.2160803235177 28.3766971314127
13.9448746206938 4.92387270394701 7.11903507727945 10.3002766198333 14.4995616959191 19.7589164391462 9.39090874379582 12.9663689564099 21.6416505989433 21.449742269923 13.907905050867 9.30360429442374 6.80194660379226 17.0918019991771 9.60835932289837 7.96817350016227 15.3161424155438 8.14179777983534 16.023142033962 24.9683371693989 20.8885089326837 7.74679308135023 7.54782858733921 6.09520384939069 8.82406502709222 3.63722117207834 5.60804956738238 6.49317600394841 8.73837065354058 8.8562526559632 4.58482119249729 5.76833648839477 15.7002690239905 19.9422769903258 20.6937343708697 16.6476475324841 11.1000431982339 15.6095804283272 23.2476599858343 26.3316797180665 29.5641808166904 36.9358214877557 24.3825451328136 12.8105690220212 11.672940261737 19.5566979739517
12.4082859073968 4.7950610376823 9.14363282927627 7.16152428719428 7.87689965145799 9.2287040407605 5.78893712553844 10.5412734077849 22.2247261771501 23.1719273519813 11.0054467711862 13.3617301981782 18.8636096565989 17.4205217932313 5.54515903049605 13.9578577093394 19.2656028344122 9.64029804067559 6.98007309399961 17.5151765095929 24.863557771948 16.0983210443614 14.9056668310023 4.643470647296 8.79964261509522 4.55114549206797 9.99045093775621 8.31745647958701 8.03570228550248 4.28764057619824 7.62687940956803 16.8588555885357 18.2082412269641 22.633939739891 18.2815321086268 6.25441156073708 3.6302252803107 3.94610982620028 15.506758441575 23.8027422572898 27.9492677456766 36.0716564637738 23.2097097705194 9.01465005005235 8.6201483261155 11.7161972095973
6.74731804331955 4.50998762671304 10.2652740588306 4.66353131515507 4.87977353191769 6.53595154059448 9.8886736213328 7.81214029326705 12.0668416954213 10.1281783247645 8.63525859176877 14.8995068898178 22.268256974334 12.6608657347768 5.92235522019001 17.9987873070083 13.5495638433626 7.72450251403438 11.9152528761785 21.0614594157708 34.3237734081106 31.3233387743967 18.3689123710415 5.61870162948455 6.38960338475698 9.34556511773295 6.11112784811797 4.90467547428022 4.03703753719498 7.11692104913399 6.57676050433057 14.3353100315479 6.00619286756603 10.7436994412018 13.8352862509258 5.23498773855823 6.62209577069783 5.74495270912291 10.51919146606 8.87810615190949 15.3090821550691 27.6913740006071 26.0566162841908 20.4883876544107 10.1499473485394 6.09964593641064
8.00237763389825 4.6941673259341 8.78604827599477 7.67376335759255 5.59148712104712 5.58048480059765 10.1469584452615 8.08988591927024 4.60286704725297 6.66230011898548 6.83962265393404 10.9908744998044 7.67031484476431 4.41195212987535 9.41130287753089 11.6887246312514 11.3052174701043 9.34122496880877 5.78656503713157 17.0340065688412 31.7843190335789 28.8158022188244 17.3261453436172 7.6303576997062 5.422426309738 8.94724032861834 5.74279432064287 5.16636671713675 5.08155433462539 9.97712970816133 4.44078199178378 12.5217714337644 5.29534995789331 6.98093339416164 17.036250237185 13.7975800597733 9.81773186117903 11.184516160543 7.55052328210701 9.59905262313796 16.6811976629366 16.1159066052701 13.0218148492746 21.994588127836 14.0502159911782 11.476589031384
18.7598835670277 13.9890826829985 13.9435367317436 17.4588421040316 8.74194036125215 8.46351199364949 6.29918523589845 8.44416845022408 6.12376776556087 4.97367741353054 9.06472610288449 12.9171330126548 8.43950246537761 10.0468027459902 11.8721651861814 13.0643106921986 11.4974392656023 9.58040156988173 5.60823148877711 9.03354865442589 19.4950080491799 18.8009524867988 7.84790966675018 13.175396149164 14.1704383811344 12.8751411692067 13.231740005583 6.45454602041102 4.21020509419017 10.1829769727511 6.02948482537437 11.9035495311303 6.74592689169458 7.52466581425355 16.9205879596254 7.97180097228906 5.76658620678307 10.3279405100944 8.26861972960114 21.066955455166 27.1972929624054 14.5096265941821 10.7815121547954 23.5389045870072 25.5654603786884 21.8326488425875
32.1027147452668 30.6734282847773 30.6823536179573 30.9408548552224 23.5888469011254 20.355889811603 14.754270984805 10.5115021943938 18.180354475529 10.8084881191878 8.4323351400397 9.0608727461327 19.2682813935548 13.025913544365 5.42080898420465 18.4496111877719 17.4876822750662 11.4712098138929 10.3567333315376 6.22944287943221 9.27325983786281 9.5276060892696 16.4704870419521 21.663837002401 29.9024086951532 22.0259431577185 12.2555714691526 8.8452081659631 12.9427092308347 13.4680898859532 8.37279925374784 15.6829532251611 18.9918999828891 18.1528001616826 20.6656438855675 10.7319647973227 13.2777008853985 14.0227197783865 15.3099022052596 27.9942704758922 37.3667826099332 27.8430064699203 23.7459575494864 19.1091546337253 13.1308858608109 14.3939764843255
21.1979158357563 27.5318182249486 39.0834770755359 40.120399112681 39.6688777973685 37.4221429685054 29.7393284306872 26.4848415688009 28.4483341120603 14.339516342337 7.15037386875622 12.2544302651463 23.4015006887066 17.8422217132935 7.09610195949389 13.1550814296455 22.6434001799539 11.7938349905058 5.90281846507773 8.46251982279503 11.0611093521457 7.57067399200426 17.9113755852454 22.8376420236993 32.3512383294178 21.2010338851173 8.93768775875174 9.99353354367818 9.8141080614873 7.75558601090597 14.9225495316921 25.7545238867008 35.7865534863485 35.7639257802097 33.4378443104459 26.3546813072927 21.6106402182635 8.42476548434462 12.158620108343 28.5724727012949 45.2531680551574 38.3662578755613 21.5321131229267 8.41964403544165 8.22668038609731 17.7404907391636
6.54261096252105 17.4929603235906 26.9708307127855 24.4239692370496 31.82183828032 44.9539874858504 47.0609286838317 45.0974585914643 37.1788197875767 23.9190091423077 20.2611690466244 27.6056083096366 35.4177927014601 27.1173309411807 14.7570902464913 16.0997270893292 12.6654023655383 7.86000788623608 9.61902448205407 15.4649512016549 15.0431514378236 4.51872645146798 7.21648374361996 12.48999014729 28.8783565639044 30.0537936650751 23.0684629108797 15.7896470037297 10.2605058688951 11.0604788079906 10.2665347101823 25.5523125971891 43.1665012252712 40.8373477605931 27.6932447703124 21.4093093491614 24.3626993610267 20.8758755286005 22.904170547914 35.0610451239972 50.268105083739 41.0222037323436 24.3200378438716 13.6067732753645 10.7693420621101 14.4207608447789
14.1989629253011 15.2112127618335 13.6280272992989 9.08879962807535 21.3106738603316 34.4782599445361 47.1227198371291 58.8408085466807 50.4157163938271 40.5672721841854 38.2634101636532 44.2362393131275 47.9972890085396 37.8255412443848 30.8372207066742 24.4924092606808 11.2415203742484 10.0555266499981 21.2553846701102 29.7481270351302 20.0265626792201 14.0687494956497 16.7225446403844 19.6481373980225 30.7710953526489 23.0522114731863 16.0297740497963 21.1337612905747 24.4787425868823 24.4279970598062 23.5285797610645 33.7444204228402 46.3115354691953 34.0512043072535 17.0027975681249 7.12489243085051 17.6189704939559 23.7490614535093 27.0440427543404 39.2407900765 50.7676766623735 42.9123495879496 34.8210539753081 25.4043472582735 12.3202534289256 9.25485820539376
25.916790189247 11.1561866588885 9.9800400792972 12.1900125075402 12.8722113520038 21.0808948694227 37.0140154287461 55.8170136330214 66.4211353184351 60.0686719547816 58.1306534663039 54.0946825470843 39.8339621647484 28.528190711525 26.4845718380728 30.7434792840978 26.4948821948563 25.810832025193 33.6649235418323 42.9887430456093 34.6927932481121 31.2891570235458 33.9751499876429 35.9079907584235 34.1553008194145 17.4457869155081 6.9678632819608 9.61019484542282 21.6709783401439 36.5094739703648 41.5202013154903 48.7121345820687 50.8872246621098 34.0475121094624 18.8211119364463 12.8607673682816 18.2397754391726 9.27489957910652 15.2697758382034 31.7896577030973 38.8488423917487 27.2478016961223 23.8819178458774 29.1066547103516 21.0313720829783 8.36085655056169
23.4044646920222 16.810333633549 20.7178700383276 19.0908772744739 8.20490517300928 17.9107245987599 35.0927611515623 54.4128675684525 74.4521966291154 79.1177969025169 69.1850004349712 49.3268933380355 30.7213919730474 14.90565176978 11.0122611591712 24.613872207545 39.6887198294019 44.5046373450295 50.0895912448287 58.5508986334039 53.123591877849 50.6620385245023 53.1067852141224 53.1655396369028 40.6825894228557 26.429784880565 17.2866804758248 11.6354199509441 22.6460639475747 39.6526275830041 57.2374132900486 62.7899022405404 47.7437694412738 29.40985638913 12.9686268349585 9.10512139036524 20.0315351266507 13.5479744993776 18.3466173179131 32.4679950128508 28.2257681266274 14.805970732643 9.0118552863315 21.689293702249 16.5115308059683 6.36788966800984
12.7417268281245 7.06855670032863 18.3242617890846 28.0539711952879 23.3063718045742 28.710246552149 42.2743761101846 57.8366809791834 63.7064459468861 67.6366452861636 68.1112109346724 49.7929773465701 31.373280817881 16.0712208986903 12.483688891783 25.3725282930168 42.9028176157494 60.6243812216684 68.5444087605321 71.1027356945035 65.7774327434578 56.3972217455296 49.8278680919914 49.5971326794856 49.9770619676238 42.1092283552262 32.0621730987157 28.2891938714246 34.843252457346 48.434194219411 65.6563991816848 62.074873029615 42.266302213848 24.60272016813 10.6744375233401 12.5319223426831 20.7685181481667 24.002784547522 31.9023041578467 36.8336574968543 21.3120469923404 7.57055489340658 11.7235031161366 24.6558310675553 24.3138738562101 18.3931013038764
13.340552369968 15.2613123077665 24.7221545077425 35.2212940482157 31.9779021460904 34.8081379541483 45.467015767696 46.2767148228546 43.263629093876 48.0229263572951 58.8165702797473 56.9879706980745 41.4176976309168 30.5338894977585 28.6051700259706 36.7333653286888 51.210001972559 66.7769728534099 62.7527859299882 54.4914303993284 50.5572512313859 39.8772455568427 30.9938250118188 30.8415962194271 40.0174321697581 48.745539761668 48.251912056584 47.3207398943447 52.0484885313006 62.929811378306 75.3446446319321 61.620603355328 41.5688577742224 23.4046971304585 8.58908914525074 11.9002336192297 8.29300781444161 15.6321641606498 32.4700629303571 41.4336612468522 27.129206110753 17.631115707404 22.0644725161526 35.0783156027668 37.9586413077224 34.4626981361536
6.31823966297378 12.8025796325936 28.3736810090245 26.7715847825699 16.1834229020256 20.1375705849105 33.3259868857963 29.0610050082576 24.5676575940392 31.4692229177959 45.5851730664243 54.4344970373799 51.4847953610723 48.2211138983619 47.512191276991 53.4198548057631 64.532056595721 61.5449577428413 46.2563585575747 35.6728714834842 32.7118833684655 26.4944633818791 14.7653141661963 14.9779291327157 26.7825583525765 32.0545740111995 41.4623834561171 50.1192030662345 61.2767874958092 75.5529499086644 82.3395394971634 65.7037367483508 47.1930334835671 31.5077219679821 21.9712386377579 21.2818299117211 14.2829482941692 19.7869328556584 34.8985777470809 49.1765727573822 41.4473512633139 35.2820129170417 35.2593389513789 30.4778954391012 27.7574468179629 30.2101287646418
