IBR/IBR_outputs/all.combrep_1/EucDistWater_Total.Spinifex_Total/EucDistWater_Total.Spinifex_Total.asc
NCOLS 160 
NROWS 95 
XLLCORNER 210004.651214014 
YLLCORNER 7350008.22228844 
CELLSIZE 4999.99999999997 
NODATA_value -9999 
[rows 63 to 83 of 95, columns 92 to 137 of 160]
7.88974219901237 7.19488884985023 19.7696870236149 21.7659641978637 8.3027469819711 14.1713677644928 27.9007064245557 17.3106065027762 9.05737640102973 20.363610570483 35.3255830583535 35.5806288756688 36.7363962243402 46.0522093845387 59.1149624429059 71.2933380177344 71.6945043223957 52.8040583584713 34.697161387747 20.1870140771181 15.4493062475857 19.2695479454439 7.19754385272213 7.96632672645879 13.8999351807932 16.3294490112766 24.9660122566789 34.2075433314218 48.898729861055 66.5597063897708 68.5535753618883 57.777855282242 50.657678207202 44.5980036762388 39.9560425397582 37.0628362935709 31.463441583765 34.6361743718367 45.7724023843909 60.7934167129957 59.5306801799624 49.2064442152128 32.7542779512909 16.948778251889 11.5286790794998 22.5828290922785
16.7192960880074 11.9745451057879 12.2120010146821 18.1632189446883 21.0717710922186 24.3075450366776 27.0875490429757 17.9650189101224 6.86556639873683 14.470156589865 26.1033745291464 18.2838634441403 20.207717078102 33.3614791986641 50.8245258649236 70.7436300075786 71.1703662545898 50.4227616868731 31.4034633507573 14.5475863949717 7.64083482510372 19.8976940083557 17.8824691236519 13.7757132040845 5.82183873470311 4.73180504464696 10.026333305182 23.0190654283853 38.9198232850742 53.7887466954726 51.4742857153879 39.9730156770616 33.176741928655 35.3046967131506 45.1231643034918 52.8094058652939 50.8506366730625 53.1435310633038 61.834743579802 75.2558611255976 71.4814687392101 51.1828469156139 32.4575132505991 16.4042128061676 10.7323241271521 23.2804369969214
23.0012901372501 13.6487816206754 6.26191010027404 15.9521937402244 29.8026146088324 28.2941172442004 15.0777917505303 11.5778482259172 17.0637262821391 22.0918018670518 19.9673548492849 7.02820435352538 12.0525720094105 28.7070174291556 47.5252364926202 68.183833601355 74.551509481228 55.3037318074449 37.9970273833329 24.998685021131 21.1980748481719 29.355080082345 33.6476617176525 25.1105829374298 16.8007442702408 11.3948884938138 5.0369613363103 14.6878581067099 29.9224996145769 38.7513749367061 33.9287520758344 26.1454009700228 15.8988507821047 19.6386732756021 33.902772235108 51.8534489171315 67.8658337037178 74.0263637647991 80.3088796566179 79.181214213328 68.2037912860201 55.7436762212694 41.4314361764074 29.6905642739521 26.6540882715999 34.2724565454421
10.0600025288653 13.1544455155727 19.2340687611448 26.6943653511835 22.5712534677 15.2532582166536 13.6925261263682 11.9277180786267 21.538681830878 24.7424914083795 16.8426965928874 6.99479380595966 13.6876938597377 30.2802149535619 49.1147512654809 69.8331464122627 82.239654974157 66.3843395807316 51.5710030748124 41.8947357397439 39.4193410443192 44.9442624147501 50.1671685497135 40.0205626740214 33.3978582518016 21.4732901214691 7.32712297110831 11.1863754077392 17.2621610951379 24.0329994466767 16.6526798500319 15.4773428684428 8.17111647334571 13.8981464797394 30.573327134483 49.480624453493 70.274566174243 89.2474224348695 81.2552959927987 64.0557888948002 50.541294989287 42.6365691030415 41.7304846073303 43.4987055857806 42.1964454145291 43.7398317112759
13.215357837382 16.9393376240147 30.7746323301656 33.8250578538014 17.8698510856522 6.35334067531923 6.6314828158259 11.9364408327472 11.3137341053301 10.7480018913488 10.6849500955959 9.55422360529042 22.5430403718841 36.3897813528282 53.553270890831 73.4542155839551 90.7030160571437 82.0486328233376 69.335759979499 61.5587899071367 59.6333989935281 63.9124573678058 67.3250071145677 58.1228770139064 45.4810286478931 30.0220410740259 20.1659642158145 10.5988252558768 7.66824963271279 16.8536167414345 6.66645889164445 9.14258507495592 19.4570450317289 24.6980748230114 37.3277166219627 54.4405042365503 74.3118409389618 88.5066040699377 71.2382750890496 51.9751050184998 35.748228458739 24.7901873780897 24.3030702162362 34.0726888064776 31.6186078508295 27.9526476119962
24.1478070125068 24.1091230653018 23.9409209480924 31.343386105355 26.7861642101977 14.10350300108 6.68588669753208 6.77490612073589 12.8609991550823 6.90967007577478 11.6219575614817 13.3189935278609 17.9170373897722 32.4629933675349 50.5070404823371 67.8562058604548 78.5940617332608 87.9468115956063 88.6049201271999 83.4727659232631 81.8358237067408 85.4322629160346 87.2620915725279 74.0632558817246 57.6067867578657 44.9452921990637 33.7083121591964 21.7042993166085 18.9150158131634 23.5609358090983 13.3009825369585 10.7963162763767 20.9863800161547 31.9285766753342 46.2366544340946 63.0382952666652 82.4959617515687 87.9497882519095 66.5046320987625 46.0973655724193 27.6258828585335 11.8776958574675 10.9318461567945 24.8761238488684 18.1487277635838 11.4608339297888
28.2721133696712 14.0468148786922 9.49655834522596 23.4654199909666 33.7804466448997 19.7896202528951 10.5901888571254 18.9283098492739 23.8492682515831 12.8204027061701 14.6204138629342 9.59746534796835 13.6850848858009 28.1056006873218 41.7253607818408 50.2947745345035 58.8809067133932 70.7312527586258 82.7218008647268 90.7843558012681 91.9079414591816 97.4773537576901 102.385550030785 89.0658813234479 74.1493498281804 61.499546948669 47.8089096752355 38.4818093933534 36.5522048916414 30.6161110066249 15.1096825117488 7.19430661750016 8.94291919525739 23.0210940505077 40.0793238482575 59.4002062481189 80.8122122257015 88.8317947184885 67.9247281282977 47.8774500350365 30.1820272129246 16.5426741997365 15.8096474259706 26.6332636938177 17.3041845970355 10.167534132101
32.3823186236725 17.7059555126149 14.1852565414255 25.9807938597411 39.4745032162844 31.975044493276 27.0174207092887 32.563809274432 36.7103908238047 28.445304395015 25.2703365977067 19.2793999445973 13.0656946226951 17.1601508414274 25.9216212188869 32.2765637168489 42.0277498775513 52.5284937348011 65.0992970605115 69.1136179921598 70.728417833405 77.9549139579436 90.021276121136 100.677984575498 93.0815965096597 77.84263504501 65.3392787513324 57.9570734565218 53.6966675422508 40.0683018388906 27.6170729434813 14.7066374215336 7.97528415449707 20.8712838029245 38.5752330685232 58.2616449715178 77.182557273322 82.5206891241673 74.2541006344542 56.8174210925409 41.8687435158424 32.5250054085358 32.099665733997 38.0740977235975 30.0151986372634 26.1297159854406
43.3828754171514 32.9130823359377 30.9495486809719 37.9506289815115 37.5380631171316 28.6275521463792 28.7528398442515 38.2664327380548 46.2271067379042 31.9488681725673 17.1126113535534 9.02227463227899 9.39995311286478 11.2433654117209 10.0616002674219 16.8313747732976 26.4753674914607 36.9293175002737 49.4392066470249 48.0698402263773 50.0709427324815 58.7998986626245 72.6490398092726 90.322243268986 104.24382973199 95.4607914059296 85.7530069604055 79.4352285302256 68.9797030086689 54.582796930049 39.8356036212724 26.9274097952199 22.59087377267 30.0991541933267 44.4386322592352 60.0922201313973 61.6181974419862 61.2570615716371 66.7412457824913 68.4391287763759 58.581853080834 51.4945282744709 51.1811592850215 54.6093792409363 47.6192816110253 44.9535964616253
59.6266129751153 51.5911545251426 49.9893873688283 44.5938369053079 27.6658436319079 13.3365572562394 13.9189743587084 28.5874482439156 42.7454406952212 30.0210878133275 13.8240620534766 8.18839438164713 19.3275545185719 16.9280997837182 7.56988456286936 8.80017241107129 12.4427949014205 27.3723352542283 35.3083590813727 28.9894344343373 31.8398901298856 43.196311839632 59.418281276818 78.7588953572968 89.5181578733746 85.1538083791982 85.0739698552828 87.9806013840695 76.1049393463681 59.9782933442491 45.1350515385382 31.5924252836037 24.5972173397851 27.6614511519836 39.1564957526656 48.2806710242613 41.6601579106475 41.102771406593 48.3981026322795 61.5137426132583 73.2671921011899 72.5939720732812 72.3603460071243 74.2119303735915 67.8310573634372 65.7208503124109
79.2374861005248 72.5116500672627 64.1647065817279 45.4450494163738 27.3780939224963 12.7966097409673 13.3850204815957 28.2905724038887 43.8021812697747 37.13327415591 26.3247270866397 23.5291463535671 30.937224374852 30.3443503738868 22.0096897117992 14.3778412481446 14.297969525395 26.0461262923643 21.8314819072212 12.4468356642881 17.636071769857 33.167929242031 50.7526074683697 67.8563425441321 68.7663967016898 62.7999330801482 62.9071947740727 69.049295359185 65.5202462049013 47.5569617375522 32.9185011549654 20.3957911130358 8.95637178967149 14.4522302091753 30.3393560872746 35.0389421487788 24.0402190191809 23.1644352631763 33.512173621658 49.5053800019851 68.5791494200157 87.5831904538388 95.4594224611909 96.3209817415258 90.2173798958897 85.7143132787419
101.578082638865 91.0868945587839 71.6390400654959 52.8791593420544 37.4787334667222 27.7942988969011 28.0815960410347 37.3852020649638 36.1371728706681 28.66163388595 29.1611168997107 34.1193503988653 44.3448775492027 46.4213924346556 38.4166800369835 29.9181867773251 29.2974577413082 24.8369529467713 10.3926950471857 5.55243988620686 13.0269144115924 25.8399197581633 39.7409187264486 55.2598747315912 50.055800856142 42.5357354685094 42.6707487602292 50.4307315412549 56.9631353410983 40.2505492686903 22.6473262028248 9.64658357891628 8.36195323957887 16.2663123528529 31.0632547520529 27.9253475367352 11.9028502691527 10.2357809975592 25.5433800829177 43.8534689124158 64.0718946406304 86.2318646343856 108.557694627792 108.664158648957 96.1724892739012 78.6117549764437
123.553323545272 103.126256928004 83.03948376632 66.1749655125785 53.4179617091769 46.3328784597544 46.1084643833641 40.474262784728 24.4655424238708 12.3235090332686 12.7664387619809 23.4920781431239 40.2412199258779 57.2920900597837 55.7229513563746 47.9921595348704 36.7409594251314 19.5388964633159 6.26061371385973 5.42841853249698 7.22798516209241 15.9072330622882 32.4628910707043 45.8972148844121 35.0275401935934 24.5126966168616 24.7143017763067 35.4956277332167 50.0610170253568 41.2249958158688 24.1451898450007 12.6061287590148 17.7679663979004 29.703647441286 40.2064373653305 31.1259228923234 17.6334426648306 16.4528708465041 28.9140960818335 46.1383233947014 65.8620727131083 87.7492161644985 101.378084064252 89.375148408664 78.6470113474772 65.168753870802
139.559656897598 117.603940093664 98.8406833961315 83.661410335923 72.760815128184 66.7541548882601 56.5866348789504 37.5941115511263 19.8191771817797 6.78733789397637 8.27816454761063 20.9564542867889 38.6017814929228 58.2360423883547 68.1675470086172 58.1569624240849 40.023291965525 22.5212950670454 7.5702901407183 9.12072804235896 7.16193659465165 12.3165017941319 24.4393080668613 38.1942142169648 26.6074232962633 11.1137545430857 11.5243965316131 27.2024483408572 45.5860893500666 49.8080977244194 36.3205370841408 29.2262258059576 32.1098268464281 40.1098597462505 43.979321469608 41.4421997842356 33.7757959748666 33.0945314416116 41.4043942397796 55.6718473897961 73.6761678726292 92.884029555915 87.1261177377297 70.8800541034853 58.7998822096003 51.3686701224723
151.372617897573 133.111506220007 117.349102441036 104.336727569372 94.5882901114047 81.5029894175235 61.2502871369788 42.7729401653436 27.6747270460876 19.8350421365809 22.747970188562 30.7133344579037 45.2677063569474 58.9972900901677 53.135943772642 47.4154508657888 42.370333297671 27.3433554527345 14.2444939856421 13.8605443598416 13.8791093809844 8.31445405063005 21.7738112451136 36.809493726398 26.0209075544804 10.6178956114917 11.7976569276624 27.6655134340784 46.1545895205401 60.8863306696849 53.4883986009945 46.910595078877 38.5006592830848 28.3594159240296 26.6131479611061 35.3109772134929 46.9078181509511 52.2110746532158 58.6224949349476 70.4681666215083 86.5624605566389 93.3147783142755 74.3715151937384 56.2189909574197 41.7260704035206 33.0587874371922
133.284380089795 118.466675358017 107.654754308555 101.244103372664 98.7057987834152 89.6145603667708 71.264761283476 54.9529088851807 43.1100441883626 37.9782590837503 40.7154242068117 46.8664221876854 56.9311246828889 50.5249906131601 36.3164107511153 28.5265632350085 29.4995774036742 26.5309157634073 11.0827147625222 7.12861854815125 12.5197485889134 8.04961198840871 20.4127940473198 30.0323755685954 32.843495910131 24.0859022426778 24.6791564610376 35.7395861493793 51.7884127948729 60.0226617526205 57.2796415945755 48.398000409176 30.2500434274947 14.580364681698 11.2071294976143 24.986026757636 42.2867839472601 57.4078524256791 70.7086174775344 85.8076149960027 100.733564816996 88.6256145941205 66.6559421309939 46.8299766506643 29.4507114127081 16.567874081775
112.783331072629 96.838231711109 84.9175825137595 77.7170213922479 75.8527001892381 79.4638069282516 81.6316717020302 71.7314873724917 62.0350153699359 58.1043474543668 60.5427656305982 66.0141531664898 61.224695644515 42.1796116821703 24.7734141144403 12.2416068403781 13.4866889510607 24.9727052596825 21.9798000303695 17.8308244653653 8.6805935388694 11.8262354210542 9.9725253816874 17.1173290604138 28.271563795344 32.2091042241036 39.719023066389 50.0761275622154 52.2693562213244 42.1941590401687 37.7228059183788 40.262751532651 30.8610424470057 15.7478589451845 12.6040554115056 22.3718374743046 30.8086751960139 43.4698115535757 60.4745496842995 80.3885047370046 100.00456287809 87.0416429459655 64.7566050731053 44.3795974546509 25.7935264074144 9.42853324812361
95.0802713168165 78.4644497435735 64.9463630376635 56.4194073666521 54.1472179328125 58.5977530778582 68.9298726415778 81.4585194416712 83.0342669154126 79.8513522911187 81.5042430930033 80.8017331396396 61.4966513366342 41.6829517178336 24.005522563528 10.6261283488666 11.0602926789761 25.350920796938 36.9121461332883 27.9651612886002 16.9779791211277 13.8189069652809 7.96142520436555 15.0159734798597 12.6287444358305 19.6485592557317 35.5112545063308 51.6147252858424 41.2746449099751 26.5309920861698 19.5844421358028 25.8456352058043 36.0362452603377 29.8471371658127 19.9933274824817 10.2002885397912 18.2808492318418 34.8121353341283 53.8132166243219 74.8261709405131 96.6228298344262 88.0020885703134 65.8047335531947 45.6175947204244 27.4980433804223 12.6833514863345
75.8896226953252 63.8634694606093 48.2747098870068 37.4905516915967 34.4056172495805 40.3424924007728 53.0193919071463 69.9396709890848 81.0691595688877 75.3962601225455 74.0395889473123 76.847624807333 67.2759809556517 49.2659858492393 34.5980345848822 26.2510537479255 26.005310087154 35.1754989206479 48.1502379670918 41.4960905766907 29.7907550888603 14.8696621754688 10.280398353025 17.995491825016 8.96725424308912 17.3009872788622 34.1130867698321 49.2786554658427 36.0653608733294 18.4739447867497 7.12339365627483 17.4947344042297 34.9158719449737 38.1746517796088 21.6290470132212 11.129830027381 18.85675037396 35.14876221993 54.0533310804807 75.0150549707389 97.525195024561 93.0771203789179 71.6920227849668 52.8860444268219 37.3774840980585 27.4850268327878
55.147117772709 50.3851417185701 36.4400530792601 21.9024207986437 16.7621550115747 26.1014740237486 42.1140516029917 60.7546852898623 62.3151272183256 54.2019632375389 52.5334664688685 57.6918591836916 67.0097394863701 62.6068943548608 50.9634960304832 44.913731095642 44.5034241511035 51.0672213786331 62.3867745325498 55.6186892671163 39.6192466675511 27.9484312775901 25.5397609106619 29.4665342417948 24.4839294178508 29.016026589146 41.9534586887784 54.0293998694143 39.9386015185705 24.5811650596509 16.9420537446271 23.8033376434007 38.879939314883 46.241436223474 33.8317064058115 27.6684905883729 31.963238865178 44.3198642162247 61.1399699568135 80.932045912979 98.8620700842558 94.2846367578972 78.4425689452383 60.1161098200178 45.1510119665203 35.4418138665147
36.5293765090368 32.8629722177409 30.8225541674457 15.4287441823876 7.57514265917445 20.7696443457729 38.6381649173539 54.8222245278605 45.761693326213 35.3204538628646 33.0156425856941 39.9226980745288 53.3218522537318 68.9795828613128 70.3207172069505 65.5810896094801 65.1036723692999 70.3482790661872 78.9237371434909 68.5112833471221 54.5145977820119 45.7691732926328 43.1776269251287 39.2095543881979 32.8372591890108 34.9239817433643 45.1543483408539 58.3179074054381 51.351477899102 39.4948032354139 34.7262119958334 38.9536236703963 50.4535477370858 59.7532307116219 51.0819175336473 46.7061397973597 49.6974716853677 59.2941840413021 73.7999097561179 89.3222888462994 85.0094126474753 74.2337991215979 67.0943069710062 52.2325741270081 34.5118956613219 20.6666247010998
