IBR/IBR_outputs/all.combrep_1/EucDistWater_Total.Spinifex_Total/EucDistWater_Total.Spinifex_Total.asc
NCOLS 160 
NROWS 95 
XLLCORNER 210004.651214014 
YLLCORNER 7350008.22228844 
CELLSIZE 4999.99999999997 
NODATA_value -9999 
[rows 42 to 62 of 95, columns 46 to 91 of 160]
11.1302540995393 6.6454425805112 9.85876577389803 7.21353129737736 6.83797110922802 9.1779084447667 5.0364383138382 5.6516366696487 11.3124934917469 15.68669182717 12.4042261480083 13.6082583951898 9.44075860161379 3.90082411059157 6.6696099644121 21.6438938993956 37.0938362526997 39.2337482634467 36.671984970672 36.7781397239542 25.2245533302835 14.0951300212236 10.5393273254425 4.65413924570308 6.67011125823333 5.49580921051194 15.9698669452928 10.451907758722 6.34905150525285 10.7520965141427 7.34292918191647 15.6252468236769 9.67621081488474 4.97839216944223 6.5634670328833 12.3875280415238 8.20536867208131 4.28248374037307 7.2374855489264 9.92432942951237 7.19756272538419 19.6564255245552 28.1941887674091 18.0945353587487 9.59491971549969 5.27366223324282
17.7012065070388 16.7102315131227 12.4339339393576 6.3129398852144 13.9155464505355 8.55254031709569 12.6240011618788 16.6529061385273 23.2406313015964 31.3010226286637 29.6885995270786 30.2908226667487 22.4745325153895 14.1129179385827 8.55830700113026 20.0992701685392 28.7977930539531 31.561553291859 24.3799916426487 24.911590533786 32.2495977459379 27.7649949174798 15.0774567564809 10.1802617542596 14.7600048649152 14.2485048407999 19.8566506057746 10.9109471244669 10.1967168929781 10.2069072036684 10.0932267207021 11.2507301477744 5.15512001972792 3.54786611526001 5.44538616568582 15.3704463341705 12.3550658752888 5.53463620859281 8.98743087289563 4.20040158562367 15.6910438193933 22.72162181709 25.5719824757518 21.5288323130969 9.62852828107884 6.24790961281371
6.05231565883014 6.26700344968373 5.54430943056133 5.05226259192258 14.8499166182597 22.1204980810319 24.9095832177366 29.0248770305755 36.6142065727274 34.2906577883481 26.3101594268749 28.4596722081506 34.3303824111957 28.5536817598345 23.5977246222053 18.3908385225069 12.554226670418 18.4570442385508 9.57292166001355 11.8558961033739 27.2098299299041 29.1321079150484 14.2546822227639 7.25824593212343 6.64831264858589 8.68347318334438 15.841469795813 9.47295803991713 17.4953890881748 14.6844163792839 9.20476259041084 10.2955344859647 5.6356758319553 5.63560496348694 8.98107430479675 13.864096107685 8.57711307412649 6.19648940280581 6.27849786502702 6.70521524129376 19.0928215569578 13.2135830214087 11.1464286141919 23.9263595374605 20.1337610092319 6.93151938819591
11.3590110139695 10.7510773523725 5.81427771824269 5.02737375589857 12.4901710832522 17.3754779664942 15.1475117113474 17.5772317746861 30.1593745598147 24.3730320537402 10.8720549163945 15.1085701489139 31.0284952559075 42.9887507200506 33.1531677208731 16.7820113979596 7.55442981460206 8.67879550408324 12.5262179673079 15.3057147873043 18.7719464009374 19.4821175846858 20.5715168876177 20.2897903939634 16.0415540148991 14.3009055175249 17.72187579937 7.08484314233237 12.8563543671938 22.8088928886037 17.4927991985223 5.42845631259928 7.12554187686686 4.62139772408358 6.59531110758977 6.14835231942322 7.40053885902 11.6134055906616 6.1418373703672 13.8012853707335 10.1699439571367 9.0595042152855 10.3330755179557 18.1943628865295 17.7311524802104 5.80076136802413
27.6622953718036 24.8454916675545 14.5638812893159 6.7581459935723 4.89892411594246 4.76577422413484 5.59327473242146 11.838317650514 19.4403386278942 20.1081600281366 12.4547084613235 16.3353969495983 31.4965973497197 42.6313972164433 35.2463739683725 27.5410168937152 19.3637047515532 16.5346119436959 21.9588709049033 11.3649233214275 5.80848282471422 5.48343505645565 8.00322618400691 15.918085317571 23.6635684765352 27.3427584703651 25.9773013926685 12.5073781399358 7.59730733614578 18.1621178153698 11.7973128431349 6.50918545722354 6.71463097015297 4.63242810877881 4.61662175457514 4.913102589868 7.77318279410119 15.4229500140889 8.71923566439136 10.5632442808445 4.59478684588871 7.31784015710267 11.5860795511219 5.0908260219048 6.22458743253188 6.34453701344572
23.901432363876 15.7859753293932 14.8976477342836 19.6436033422744 16.8155966618739 9.22875600602231 10.757542779303 16.3551488581519 8.15195118646753 12.0293608284679 19.6536782110967 17.6790148899527 26.8389033981414 30.51751425839 20.1024482644398 21.8766783515842 30.6487153741829 33.4310687165986 26.6810340979686 13.3759900638049 12.7532422265244 14.5026527506935 8.88369250852017 5.27149948351885 10.1266542616809 15.9804551541701 19.4964971125781 14.0411773121406 8.01217491445632 11.6796776820703 16.2011627966481 16.1095259076354 18.7316004537475 6.95071019532881 9.85663369772155 15.6849594591888 12.144114226642 8.78437963178879 7.51770363217878 3.1336802883234 8.87470563180173 14.5789413105727 10.3769930635288 4.44342850194195 5.97289786252281 10.6956866694314
15.4382655900299 6.67584340220495 7.52110343540699 20.1485579101804 30.00764513883 20.2428547352218 6.55322116486474 12.1792497544482 10.2946076320982 5.48147627364688 12.056866567832 7.27932039503784 20.0518317123776 21.0847469501217 8.98690378601137 12.2128103197452 28.7857471420445 44.8299705996158 38.0020262899284 29.2909667009691 29.8206540707947 31.2675928549725 20.8279739448449 12.0481234114642 7.30655370222044 5.19295976870703 10.5596910526293 14.0626239433258 5.84779853439292 10.4418029853464 23.554078010181 32.377574663625 25.9069922236917 11.4820924931413 6.16230047228944 14.7472949118314 11.3027544256576 8.72738176216092 5.82752564473458 3.67360386692295 9.35539135479468 7.3510526248904 6.5501477161641 4.85851786714724 8.39316351275187 11.0197422696586
19.671177985787 16.8021993756989 7.63481573840821 15.6438257612721 31.3110031945392 23.4250706213183 7.24026286308114 10.2158189773504 9.74763127841638 7.81986219093562 15.3885124643731 16.2431857284171 21.9202839443803 10.1599955708323 9.47250925166995 19.2306240402637 33.551781126726 50.6773122076413 51.7056376496405 44.2500974156104 44.0030819748274 44.9461090614505 35.152939954029 28.3959017723579 20.622728926798 17.8845781576507 19.5970993009616 23.9359741554738 20.4436017203245 25.0096475850018 34.4628087872986 43.3946771249606 29.4258020992252 14.9323822812177 8.90368579686196 4.47425522154447 6.61227771570086 13.1964444599546 13.688896094936 6.0409882691213 13.9824001088142 13.3580558414544 5.93731862273458 4.59227271819509 6.34322285559978 7.51462648620836
30.0917132145725 25.1113725610807 15.1375087575727 17.1935714004025 28.1123549044378 23.5414578949983 12.0045504965568 6.01434790696638 6.12302125804308 11.787747873814 5.7369403482092 10.8677291427118 20.5968231416178 12.8089072277746 9.7563688992818 20.4627440177119 34.2658751501031 49.1688007495822 42.5626112256479 32.1323428021305 30.3864142048812 38.2677431592877 48.0411395997488 44.770715323621 36.6837214301102 33.8468760393503 35.3883507525652 36.7631355833025 35.4175259383993 40.5305629776472 48.8198253491734 40.8927842735118 26.161824203495 17.6094055692213 9.05008052750509 12.0773861783696 19.8816505912818 27.5515342424668 22.3918206944074 9.21446610587975 15.2783302845708 22.4097973945304 11.3400886083192 8.49757247049854 6.78927785537414 6.55797848967654
21.391813930286 19.874491226632 12.4784981763553 7.93539076967303 18.0578433593087 11.7718202307943 8.21543997000444 9.95354596149559 5.99655777494499 7.75582928039424 6.14083527536857 11.5121576945638 13.5569657252062 7.46263973759375 9.57948639350352 10.8625884741003 26.6961577208502 40.9020656068205 31.7100980085898 17.0058800073324 13.9011387554864 26.2989684290493 43.3973873784396 42.8304916700533 29.5181271109294 24.3241197682117 29.5153859715013 24.9772583899252 24.0331467107401 34.1482074731517 47.4047214689373 35.8113699084749 18.215467615183 7.10319550870901 16.5600859042187 25.7584740178814 35.4212939977162 39.5514917613347 32.1813552185168 24.1271091658513 27.1364141472306 25.8259652616789 13.7309541591359 10.6177467318515 8.51233061187273 9.65129949925969
10.9467555604919 9.09400529997887 11.7917466634244 9.50129079965038 10.4740144646751 8.35747843361216 12.5609203820389 15.9769531726629 7.39796775548581 7.61748408774957 7.60317710403956 6.23041350494643 9.38471390112576 9.06620256811394 11.254375277637 14.23402279852 20.3567503359634 27.9822555524312 29.3032005394524 13.8430320813754 10.1440201787893 24.3222078372067 41.4066609401111 35.2309924995175 18.202055174729 8.92370150354756 18.2853927063797 12.2951523231202 10.5142925336847 25.6741888540226 43.4866983148947 39.7261449614738 24.4255009595357 17.009226421095 24.1842351377321 35.7794869406052 30.7123562736739 27.7342524850756 34.2122845845379 40.6174509546312 38.6205516240169 22.6308200170484 7.74952854294185 6.95486788625507 9.93357494134588 6.181119826247
11.3390695361453 10.7227779741895 20.0371159636272 13.0669741458529 6.40092598402703 7.34295731234633 7.88306689698049 8.41736994733455 5.82288013262306 9.04189917143952 4.93737927677279 11.4787798780282 17.7424046366358 18.1129664703456 25.2407397874237 17.2182260758314 7.55647363595526 18.8715418559538 32.7840093924236 26.6513461108459 24.7624221545131 33.8287093832138 46.9098451877697 36.653187108555 20.5622546483003 11.8080472589989 8.88260812787948 13.5857060996057 15.613794625417 28.3522882305715 45.7092862133017 50.8785193277595 39.4153094833758 34.8131587050987 38.693285812787 32.7975630019035 17.088333990557 11.3491677092956 23.1745510458975 40.3682084230563 43.3496110758587 27.5524350921114 17.8464168433257 18.9187642264772 21.0332820893249 18.2709111758979
12.1076140455822 7.27828515406497 16.4157221676865 25.0134898200664 16.5326356705672 10.1216709558535 12.3870548907973 4.78028587477806 8.56867097934639 11.0458834092238 10.8189828222503 8.8178128882243 23.631781983661 34.0001671521383 34.4787431572187 22.5446517451733 15.3120370353636 23.547911263674 39.1463877715902 44.2932595286263 43.1605488036722 49.5834531728248 57.9626598356009 46.5032007797824 33.7661751123699 21.2029196028757 11.5951203631783 15.3030652067513 15.6752494135982 27.0369394063733 43.9123748518175 60.3677222824309 58.0512932457215 54.6128093086431 50.1046403016493 32.6556594878669 16.5363806493303 10.4218173430096 22.6266244845916 39.8299039627184 39.1322652900942 21.7965325096566 9.6944465523024 16.7990289160632 31.6667609238909 33.5975193361052
17.1953156521087 17.7240221493037 23.5604163501606 30.755136215894 15.9666259791684 7.39881996218702 14.2106060380771 4.30313844517778 9.26906106162056 19.4428088658537 10.4854738385665 12.9303128019021 28.1302378407752 31.8037879925911 23.0899765080714 23.3577832419649 25.8954288624261 35.4785530180155 49.1644611660913 53.7396777796047 51.1649841386969 52.0197435187767 51.6928240477944 52.6188405416465 46.2180422561257 34.0200748106417 26.3134218110087 13.6907626507868 8.8833342894018 23.2946458788364 41.4075523883731 61.4470153674943 76.747590659541 73.8708756697638 58.2404166664853 41.6647271613346 29.72756629168 26.3765539409686 30.9980587091886 35.1716427066937 36.4367955738619 22.693582485548 11.6464692210821 18.3077829548945 30.7669206370629 24.2092939421041
29.5261958535964 33.3356206546147 37.0432946631682 37.897703397841 24.5658136597135 19.4647785635794 21.243263745681 9.59705612442423 6.7442000838287 16.9441897989796 14.0555347762177 16.0414950964496 21.878249651845 21.4814354284326 9.07375138267875 7.96512915599726 16.0934614277434 32.617639295979 46.0205607593734 37.6211230264472 32.7785867304454 32.8932023274475 32.2720776637849 35.2743003865889 41.4239800697695 47.1263243262355 37.2935280473392 24.9004044033336 22.294375156209 31.5749150714585 47.1381155549246 65.9531078158516 84.3670406045822 73.5921509700848 55.8877254633061 42.0075024647059 34.0133393413812 32.2266275846464 21.8638274549636 18.0107096634075 27.7678663755189 33.5274230602435 28.1827025032886 31.7971633897545 29.4878973466884 13.2685909451075
30.3474677955751 23.4962132019237 27.9842290906418 39.5108603291564 35.5464449025548 30.1701495276531 29.3591292224559 20.8137677146528 12.5470993136622 20.2454572005637 28.5504210378882 19.1940603398681 7.83137351869388 15.7308296217196 14.9524861747467 11.4537173258859 18.2862782534687 31.9028507091312 34.5820395520069 23.193497476861 15.064395794428 15.2874988205793 14.6438357400919 17.6232168196686 26.9872958369714 36.441516180736 43.4080710996902 39.510082370987 39.3850374291676 46.6232039221488 59.4092910143708 76.214526132858 84.8086382927578 65.1656278013731 45.6536601408339 28.8350515493442 17.3899150611776 19.0710627677448 13.1277092036435 6.68081613010898 21.3990769714902 38.4276857437131 44.1095306563081 44.704143616914 33.0757921034297 19.0570990877198
20.7266654025266 8.52872794796448 16.7142400772692 31.9465648717742 25.2486959293717 15.4439091848301 15.9482632162182 18.9188616110068 22.1107828890472 25.5230312494239 25.7096774416398 14.337832805806 5.11656479413952 17.8782732166204 25.9347434426856 27.2938813390178 30.3159630197013 23.2797191563996 18.3523735487156 17.3616283822697 6.44077313655177 6.87077394563892 4.15759636163921 7.28498359158951 15.1310917267003 20.8120875310383 30.8961583039593 28.2687532916795 33.1475998874649 45.7891353478398 62.7405823863371 82.3634375174901 84.6251510508591 62.7258954638645 42.5342650176787 24.221124355376 9.04824646425456 12.3033473097929 12.7428171993965 4.49327839374419 17.5494132020325 27.941485864739 32.490023403673 33.4542299642795 28.9923733794363 30.1287040220645
23.5720773906489 13.6221743728032 19.9083537144632 24.6857045179011 15.2805905194459 4.71898242762424 3.99821023179766 5.84088095454265 7.80324234087698 10.6905973585893 9.7193253699169 8.01885972298385 12.2743053629419 16.8723869742273 12.9354488284448 24.0350541407464 31.2222049677504 15.4601914563455 7.3274685441659 19.2439976991872 20.4586664166376 19.5762290440694 16.6164804765687 16.5854315467798 6.83510648986334 13.6332910972844 20.100918509334 11.5218952727814 20.0800754910898 36.5292126332478 55.5867369364449 76.6744650533428 85.3825207887656 66.5547524220942 46.8982026696659 29.3913812130758 15.5727802510143 12.8621589211506 7.19744226161697 7.3237890280727 14.033720786655 11.8225578016691 15.7179712283499 19.3791544887467 12.2847739469853 20.0181781871184
27.2418383074942 26.1416098190608 26.9908359412742 13.6435149008475 5.65022993208456 5.46008856253434 10.1369590629816 10.503706142952 4.8028719430414 4.84021983922048 6.58512109041567 10.4711503437922 20.0701987300212 15.9255111626222 8.98567203033838 21.8335556930814 34.0102698054602 23.4493075858515 18.5165716870909 27.2129625112599 37.5473548562685 36.4045880390257 31.0443302633064 20.3794368337724 7.04379513201283 11.6583326505535 18.7216872254802 9.63825715798376 18.9567427423115 35.8496951832313 55.0627580494055 69.3543331535062 70.4433884893163 67.3116245190737 48.7768389664495 29.9983769543515 13.6174793619982 6.04313940963169 7.10181771335445 7.07460425697207 8.3857191242586 6.23429126514867 9.49115194775882 16.7146860414979 8.8254269632055 8.19819748630167
11.3808724487931 13.581904433604 17.8520291817536 11.617266635301 4.98675843489423 14.6483596876733 21.3969627381328 23.8378695585507 13.1956649434457 13.3784902156041 21.2531371170471 27.3345149460529 32.8213058858414 27.9810077998615 24.2544662829197 31.9334270675623 44.22414167999 39.4712522183479 36.4146049098579 42.0615099185933 50.3754561007719 38.1451425911884 22.7990273376349 15.5618987431575 17.8325302721701 21.8650518095585 29.3812983243944 25.6983569018222 30.899947618128 43.8444354134199 54.6108458007658 50.8367463041158 49.2875680389914 54.6379121642781 53.5095113535192 37.8739289947878 25.176572990721 20.316411272086 21.4095879180634 20.5249258212071 11.8667376108556 13.3310535311795 20.0143709209169 15.4604985872714 12.4228715345848 5.04505924947921
6.30242230670078 5.43557541670862 4.73587291281646 8.02895797718159 3.27540428689588 12.8915453389205 29.3399819899297 26.0267272573256 10.6626556654813 10.7321857973641 26.4168080105476 41.8936093969133 49.4426667285958 45.3577487179497 42.8677964433553 48.1814781302741 59.1600012267071 58.6378633211041 56.3494742442663 60.326588713763 54.0477450285258 34.9072819594791 17.5016612756993 7.46213306142562 18.8598947513161 32.4533411511251 36.5160061482971 38.9466816169239 44.3182544103926 41.940412873951 38.6256139349836 32.1430089098056 30.114289825364 37.6137484362069 50.9715723356416 51.6138439803356 41.817134744376 38.7003513952669 39.5929393022027 35.7047124910159 27.7768613715575 28.5136926444046 21.3895959702761 7.09843206491757 4.65131819535156 4.45245722508093
