IBR/IBR_outputs/all.combrep_1/EucDistWater_Total.Spinifex_Total/EucDistWater_Total.Spinifex_Total.asc
NCOLS 160 
NROWS 95 
XLLCORNER 210004.651214014 
YLLCORNER 7350008.22228844 
CELLSIZE 4999.99999999997 
NODATA_value -9999 
[rows 63 to 83 of 95, columns 46 to 91 of 160]
14.0292138614126 15.0300609942996 6.16328711259547 5.57264084832033 8.75208784105783 18.205440967122 29.7477087323348 19.7965774531737 13.0160087231726 18.5612560422106 25.2225746433705 33.8175711294168 47.2631931754965 58.5505863565219 63.123596366229 67.6372086008483 77.2534520595667 80.1417005658519 78.2513188518454 76.5102594076591 58.8625107398138 40.9192268536755 26.7833029773802 20.909456519477 25.5424086052389 21.4537122908305 20.0333650326699 26.8880787489762 35.8993085321435 25.670139622711 21.1221488514208 16.501910681853 13.4210766994678 25.2564019217056 42.1734833473346 59.7244511912762 61.2298901874 58.9176741613909 59.3027288646758 52.6036768045741 46.4880397285461 40.1596526268731 23.6886533726798 7.69215436744972 6.30754035987391 7.72530388072494
15.2935001896553 21.1483464841014 12.5438787025372 5.37120577851536 8.66214042639899 15.5765419030647 24.5884342230501 13.2849470052243 5.53091930338059 9.43232188389328 10.4613158877084 21.0814044453012 33.9736044526214 50.5010680026968 69.7030915367846 86.4463788959812 97.5509915861367 97.5616730114688 87.4396238309481 77.6795830751258 66.575758617584 53.7278247142651 43.025253394531 38.0627237211471 26.8811373001083 10.8617693875823 6.4410414659522 17.6478598985454 29.0953707438674 15.6965167153017 7.80369597056327 11.4541059754066 7.82624591317631 21.7904215912836 39.7002403807366 58.8912882555561 63.8708392805534 61.4290554517687 64.5879233874249 67.8106004896174 60.7945574321174 42.2124812927702 24.5663743967733 11.408229511892 12.2523665435063 11.2893658801883
24.3100466960464 24.6831419035559 20.82636609681 13.7391132348876 7.89852017325765 8.37104703794208 20.1676853297989 11.2898896476589 5.72499436521576 9.23640074134883 5.95557002557712 10.9209821713733 26.8906285106536 45.4527243935947 65.8782653458634 84.3577482755618 93.8208449794327 85.7004634084547 69.8411899229703 58.3287239114315 52.5127594653929 53.151744888733 56.2951966953025 48.7155244860991 31.7451280604219 18.2050868945769 9.11208673053204 15.0265193430391 23.1657409471797 13.7569578047399 14.1632493577387 22.1369377180309 21.9231514254573 30.460269000469 45.2622747360266 52.5100651300638 44.5274922248844 41.1823870115069 45.877429743946 57.1652088572807 64.2213299156091 50.0385095387013 35.4096639887609 27.1866033130142 27.4506160671276 25.3364882619822
11.9579879031747 9.59615225612166 11.775827736502 9.00631535515868 17.8738904682124 17.8996105725816 22.3903322727104 9.83852873311304 9.59096587781758 4.61932824063595 4.51699012801376 15.0385662479943 30.5094248462074 48.0645324346039 61.1804759746927 65.3424324290586 73.0266196714766 72.1873544567777 54.7963738750443 40.8583761000746 33.1183299542669 34.4932584961132 44.338819885745 53.9886161313209 41.7015363806455 24.8988532196759 12.1289811003867 16.193591553846 19.8749839611239 7.89402351536137 16.0973898609401 31.2914349056728 36.4102534131744 38.9546105675371 43.1988429706526 35.6602966571193 27.6776579256297 22.6882502338146 29.652793938443 42.3900555754798 52.1145018629871 59.1553173528583 49.7405979059819 38.1884451396865 29.870210275826 22.8146552789647
7.25228391544596 5.9667002718613 12.9350678865205 15.5873906508283 11.9069363348779 10.6600128474482 20.2646731621173 18.4898000749969 20.1364479901955 13.1753422522952 12.7278727098933 20.8605632893164 36.5916397947677 46.5267767192928 42.9080457649902 45.2908184005733 54.4529389887213 59.4083590159116 44.9325828273813 27.9830850082028 16.1832999245918 18.5768574754704 32.4997723186928 50.047871874954 50.4790644401575 36.2386578939274 28.2431043027717 30.3962496204211 28.4850275178251 16.1997391646811 12.3275084515194 23.4334831340184 25.1345462176489 23.7085061609168 29.2578454290006 19.2895177577469 14.3301160912452 8.15296268293051 18.4878771201395 26.3452044292812 36.7389275957429 52.204413704486 48.0748890262322 29.9123691009215 15.1605867097513 12.9440069731776
15.4807451358414 7.80229238107759 8.54040158047243 21.7835845199663 14.8367222590439 7.29461829563149 7.67444936409606 9.09309251186909 23.0532268222179 27.9476537942919 27.4979773950095 33.7350582903533 41.9624987949103 32.1213963815881 24.3052628482564 27.879061005201 37.2038996110537 41.941436346521 36.1962872601351 24.1545149754785 9.45441715636568 12.8913159986184 29.2777801559786 47.9357744374455 61.007453381564 52.9528689399351 46.6792519061314 42.7884240281616 32.0283767816638 16.5610463278844 9.53830078728555 20.3684056478258 12.7889113905395 9.99647841334996 21.5117954815448 10.3871637855532 8.10059413522015 10.8801530065492 7.34244212429761 12.3380039215167 27.5788718916886 45.8388325915516 47.3411306822636 29.1362928956151 13.7238174373346 11.7801110632932
6.30868003328655 9.1554758664447 17.028311219679 27.781845666116 19.8450839086874 7.25935496966585 7.8866999531904 14.2238039802316 24.8224902242423 19.5785707087737 18.1736570064409 28.5588696231802 35.2612826565043 21.7052644971438 9.10131263461463 14.4315444159305 20.6692862004813 26.643988280523 19.6450369431421 21.8415042501067 15.1379577902185 17.4775692426817 29.6571444925223 41.776654052009 57.0951051892204 59.762514908372 48.2300790709474 33.1810530947714 21.6289136370591 19.8109130824137 23.8772247638373 28.3344629175062 17.4217645413332 15.3615724247611 17.8880434129986 8.27119813902036 12.3885346261507 7.16749299949899 11.1018778261288 14.8828437431376 28.972667441574 46.8497566176505 53.6307330226284 38.4624876202017 27.7465742585482 26.7255644298269
9.18424495925422 7.11740911574913 13.8235794860464 19.1262535799298 21.110100003021 13.2430504309889 5.85257064134507 18.7037805120213 25.7258320497519 11.3364204670194 6.58700488620775 19.7526588925151 25.2481368198251 12.4495970120041 7.90148522198751 5.62058823749751 11.1478764971807 19.2714922896697 7.60212434705574 13.8609562859677 9.30273596484264 9.98269939923847 16.4643189976975 30.6831070727473 48.1468447783294 45.7867609469035 33.0856269326832 24.2466668756386 10.5902117583099 10.3778092172296 26.2594414132766 39.3835088405981 33.1738385401277 28.7345311825123 15.2175101093994 4.84814883764076 16.5235157102641 18.3138190712369 21.6493177676581 27.9055364850053 39.3392976784539 54.9526377970172 65.1352309941614 53.8605816463849 45.9349666517651 43.9626860121965
11.9216670026164 5.11580889877675 5.20243056732878 7.40087331415 8.34878451077469 10.0673046072876 12.8306623263721 15.8604917418516 16.8552362214682 11.6491884574636 13.7952649009171 23.5757295854809 24.8177399469661 11.0787523272377 10.6163413793161 15.8194533681394 19.4347832756779 22.9126588037218 9.14448418473307 9.66578247409802 12.612101747027 10.6265856428731 12.8673195936238 28.7006005947784 45.1840097895634 36.5864241050409 20.136544261467 11.4276549890208 14.2454212278338 12.7402898309526 24.3639127751734 40.3452560731232 47.8670946914634 33.1728377602043 15.7558144344628 4.61186926908533 16.4552815487673 18.9520503469368 11.6669911305981 22.1102307261659 37.4181000262832 51.8759688027956 67.9019906202776 72.1593441053633 66.3906572159864 58.467104135478
7.48517134627693 13.7047694703489 18.1423938475008 16.1966122655305 13.0403562052139 13.0213268560983 13.8473931498485 5.13934396734732 6.05629619365385 5.42684529645663 10.8535803571203 19.0845264281601 29.8376416786442 25.9224494069562 20.5945365373253 11.9936466843828 15.5248877525054 26.0110036433645 21.1702150565109 12.8184635712105 12.3252210545881 22.7123980094988 25.7671543216047 35.6234592964521 39.2105688548058 29.707862063271 18.6817236479427 9.6937994314797 13.4236189572842 5.63460643765697 16.4885199151318 33.2905042346745 45.3209246590084 31.9320167615817 15.5321473427311 4.56310687119628 14.8740576038329 17.738947068052 9.50560784616908 14.872566794413 25.1155146107246 40.9706084536452 59.8335832945765 80.1245024028008 86.749525290867 72.907715042414
16.7288256674834 24.9084756808536 33.3277514539752 33.2520680956373 29.7674961034691 28.7383815359299 23.9196644467038 16.3572211131295 12.279039880563 7.91225831053632 7.93105366647228 15.7002522199372 19.6678507820012 24.7273704807862 17.3991504828031 5.69543810001528 11.9692900799299 27.4497049685146 35.7099437314941 27.3327062622712 26.9372979874422 29.921658694478 23.892896828168 26.3705450724016 27.7413408512408 14.971221131353 13.7533257138228 8.57190488569441 14.7055892485313 12.1454065071505 16.4058167220881 29.749140341103 36.5514450236506 22.0113297483121 10.7538000410807 8.26319242440354 21.7076558084532 28.5999540978626 16.1083050275494 7.49372175676885 19.8464434495534 37.5865694589466 57.2593437607125 78.8318457355469 98.5033552920899 90.8047156254883
11.639068424956 16.8966203900357 27.5716535692309 40.6080451113533 41.1173727791623 38.7391786097345 35.7830164726938 33.308286995709 27.8794701635231 20.1119398870253 21.793115572974 18.495654293493 7.21849610864996 16.7608151041343 23.2941568040565 17.2691728507757 24.1820613696738 30.6384659759575 31.063330961531 32.7217852787343 34.2521271078319 23.5932341080241 9.57888766721121 14.1252858007136 23.7496409242742 11.16938441014 7.81129100899102 6.64058050181296 8.05774401406271 11.6279620187138 8.43606308480324 22.7067169414223 30.6745511749 15.8594389354198 6.44093909284101 17.7495339430465 31.3276554916721 38.1671418078988 25.6437005395007 20.4414219201311 28.0851855593323 43.0395997759017 61.4434715251687 82.331450321974 105.320507266922 111.686362446342
7.56238636169218 8.12800947754039 20.9472758298107 25.5170900091844 25.3876782120022 23.2131283822834 23.5000563479082 34.3293613748986 37.1984784140608 24.1286877400713 18.5405077934153 21.4569780127829 16.7576318051137 23.0589840534482 35.2791840926974 35.0671704528989 32.3716293444322 19.3287718030403 13.5139700379177 16.5227292941613 18.5365040289748 16.2714038516771 12.2356480106178 17.9363118755863 29.9088035092119 23.612865761235 20.5518420396277 14.6774545505663 6.76826950906289 9.30992315900662 12.4715273264854 26.2972096971188 23.7658632838505 8.76373504596566 6.42979756114346 21.6248483053608 39.2798466972374 50.4393562779877 41.9856144447648 38.6508069066302 43.6803289877604 55.410041801335 71.6353706475412 91.1356232632365 113.428277609337 132.0079799412
10.6656209025736 7.85207879244248 11.179568650559 8.54378627055524 9.08871605940672 8.3546644607554 10.992912975988 26.8197591572988 33.1046053517757 16.6181384955568 7.12130887874119 19.3179894252057 32.3916899956384 38.3542523726766 49.4364417796968 49.4764803564263 32.2418349066882 15.5002266676915 6.60406998808361 8.9201242459111 7.09152611326607 8.75011175199776 12.4170060959785 27.1634826076196 34.2065007857782 32.6534215243018 34.5466547502545 26.8057851756609 20.3809721952049 12.0453555577501 16.0451581748459 30.415429842748 22.706924187844 7.65743763869455 11.3198519032113 24.5558823686408 38.492814671848 48.6080527206859 56.4991814774036 58.7401653032894 62.7014415614212 72.3248090557869 86.5879251945555 104.57459362701 125.769989872029 148.39506277972
4.31266372814386 3.36933846443475 4.71941659435441 7.82781246495989 6.76939121819996 3.45029261093771 8.91375133719484 24.5631312839678 35.3815122988404 24.009501693032 18.0622676715098 26.0443768326641 38.4124830618231 42.2108180033267 48.7632720315191 53.7778411421889 39.7008375913836 26.9951143906042 21.8060329774247 21.201395125717 18.0306992304984 20.4141626777122 16.0451093557885 17.5618611648009 18.246897432504 17.5987686221998 28.031569317024 38.3586510570867 35.2117515012646 28.1281394620408 30.2555308042969 37.5930111003013 24.7182896731394 8.66445880391336 6.22104938033732 15.2116904612903 23.5516941886155 33.5377380798154 49.2661003067718 67.6066890572519 82.295703534574 92.5524956467372 105.341165259711 122.007392103673 142.14259944467 161.462875091607
7.12301796108085 5.83088112029913 13.3604935081831 21.7070458480492 18.8732072487279 6.96831165054124 5.94636233910444 17.6966630549983 31.2364239393063 36.2943851490036 35.0176402586678 34.260089882473 26.5162339266926 24.1862597983774 33.0579117763197 48.0764869204068 52.997152591041 44.2340551300628 40.3333638125848 38.8403074301866 35.5255738805902 26.5509026559549 10.8389731869369 9.81756488302273 6.81078868128478 8.12824355207135 21.9586974012179 26.8533258704823 32.1522090474181 41.6577436456584 48.0090436761494 42.5825882733196 24.9812004092622 9.17649278361392 8.62365506058882 10.5172047340492 9.96555552127271 24.8956188376373 42.6653844892215 62.16775825436 83.4682219609348 105.791021238142 125.547702022706 142.970360307876 157.828921524502 151.536841135002
17.0455568311087 13.2406665261743 10.6264457549638 18.0734471193867 27.7951061595902 17.5450242849176 5.69210940677675 7.41224514989571 17.9117495210253 25.027478217166 29.4537325646527 22.3992768807759 12.4510351094352 9.43833460138654 23.6194543945024 41.5593764620382 60.3914492658151 64.0151130148688 60.663112129118 58.545051728427 49.66275916427 33.9579399907551 22.7365504499905 21.4400459924712 17.9002003359795 19.7450701472666 19.0593183008078 10.4941569126129 19.8114228205471 36.4783613529705 48.3834851995767 37.1269098204686 22.2395880948931 11.8308574513744 7.00670937342562 7.01764769878443 7.26837051590957 20.5643685920956 38.3642030689496 58.0959239191868 79.735003895735 103.410831753043 129.294432544265 150.150111726459 141.68434799262 129.866964427285
15.6908236969609 12.039550450174 4.28446520624294 15.1981594555651 26.5966402693056 19.5371705601924 6.59525547538672 6.31135102078744 5.25987638549327 9.84327802070442 16.0680438895881 7.86022066595851 9.70477636979572 13.1045300018733 25.7296879198479 40.6354325066256 54.1653909996824 67.5596284947954 77.3829461904204 76.406963229904 62.0148347015194 48.3496855289172 40.3909508543164 38.9248737972985 35.331693814147 27.6451100276075 13.6239754459051 8.36259169822512 18.0929650602958 27.7248165903725 33.112367246364 25.7993696515404 13.5386081907274 5.53586856183873 9.2329457530214 16.1188503183896 15.6022507334573 25.0809601811975 41.2512503346454 60.030199254784 80.1773565541037 101.721570011887 124.874802349628 131.974674018317 117.336674976165 106.225268203523
16.8822689994836 6.22224762923537 4.28077931769192 6.67240593617214 14.6950610283589 22.5722872579914 13.0908922083904 13.7138080158711 10.9882491849103 3.42181892078941 4.44484927180463 3.45807478620051 10.4982590734798 22.8461919348061 23.8607236446299 27.6930805417523 38.8673516559524 53.1068855607497 63.0881371096591 67.8456985313287 72.0541639069151 66.5513790232625 60.4039886721738 58.0719262920852 45.603153881444 27.7138082991774 12.7047977213956 11.6196359331742 9.43635120414595 14.9465172190588 21.7564621802258 10.7860725610715 12.0717004435315 12.0834117437292 23.0136442417761 29.9976693110538 29.7293979970673 31.3518932688534 40.0098426825936 53.5720608483768 70.9126949753319 91.1449322117149 110.181267474476 111.545020762588 96.0112174003897 83.7599688694452
7.06609536039423 3.79311404309541 8.58843210406252 5.85206679790497 7.35017250764528 17.3284974597544 10.4859119881853 12.0914656419145 11.1436600304668 3.71427543262544 7.63261246529316 10.3891017510878 12.6329917386909 11.1287973295512 9.00486450602497 13.4308980394632 26.1435514464071 38.271077447597 42.8969068499732 48.1786225819421 58.7595305119099 69.4737471710143 71.3492363141744 69.8823330513481 53.0163626115597 37.3484282976457 27.2476734493719 22.6203992430598 12.4771961825286 16.6304035499358 22.2068443515259 11.1767421465003 17.1244980955395 27.4568833232897 36.1873255358684 34.0448212263789 20.2018734490202 16.1734232394575 26.7227076019112 43.2341550930793 62.0042613791983 77.9134828354641 88.5336093288099 92.6344447918004 77.9953909682591 64.103730836239
8.70410398200278 7.5515862047902 7.76720047293423 14.827088457955 12.6314183156061 7.12992710235244 10.030779128296 18.8260727158383 8.06602567066091 8.55248045066591 5.6286647645943 13.826065553389 18.8989859202664 9.83601646587263 9.15838398632181 7.07981612549463 13.8170092024261 23.8278428170808 24.2940453909036 31.1805814741377 44.2458831638625 49.7703382275811 52.7645010989574 61.886668902966 64.3358036926236 53.0135821144644 45.3663903608529 36.596874240123 29.0338967513817 31.1610472326626 34.1160215569844 27.4953683132034 30.716624089066 42.199550027959 47.2265030722123 31.0859156011438 14.2721347395515 8.30258539890193 22.3239923041645 38.4678844630151 49.0234424620504 59.5838457281959 67.0251317867458 75.4273384119375 63.9600176988671 47.8651766518045
