0.0752028 0.00218243 0.7994 9.9991E-05 0.026866 0.0962492
0.00120622 0.0215423 0.55458 9.9991E-05 0.307566 0.115005
0.101833 0.0117063 0.673205 9.9982E-05 9.9982E-05 0.213055
0.151469 0.00170364 0.766594 9.9982E-05 0.080033 9.9982E-05
9.9973E-05 9.9973E-05 0.834545 0.0550087 0.110147 9.9973E-05
0.0287353 9.9982E-05 0.79375 0.0518952 0.12542 9.9982E-05
0.165359 9.9991E-05 0.513797 0.00667613 0.260138 0.0539301
0.116264 0.0452925 0.650375 9.9982E-05 0.187868 9.9982E-05
9.999E-05 0.023215 0.199961 0.071903 0.652697 0.0521234
0.258382 0.0344297 0.341314 9.9991E-05 0.260621 0.105153
0.463211 0.0336687 0.0550335 0.0323056 0.374238 0.0415438
0.13017 0.0101269 0.289144 0.0127011 0.363565 0.194294
0.72983 0.0429293 9.9991E-05 0.0121162 0.211768 0.00325612
0.136838 9.9982E-05 9.9982E-05 0.0578508 0.655546 0.149565
9.9991E-05 0.038566 0.359798 0.0736459 0.387008 0.140882
0.0951879 0.0149401 0.222126 9.9991E-05 0.617997 0.0496488
9.9982E-05 9.9982E-05 0.212516 0.00538233 0.620924 0.160978
9.9973E-05 0.0105218 0.551016 9.9973E-05 0.438162 9.9973E-05
0.112771 0.0728682 0.0392481 0.0921736 0.209918 0.473021
0.073013 9.9973E-05 9.9973E-05 9.9973E-05 0.29452 0.632167
9.999E-05 0.0148748 0.17428 0.0146301 0.109712 0.686404
0.125405 0.0157773 0.0487088 0.0219731 0.0352994 0.752836
0.0886318 0.0707934 9.9982E-05 0.0222899 9.9982E-05 0.818085
9.999E-05 0.0317066 0.0623861 0.0292669 0.132928 0.743613
0.045684 9.9982E-05 0.2168 9.9982E-05 0.101172 0.636143
9.9973E-05 0.0148904 0.115185 9.9973E-05 9.9973E-05 0.869624
0.00905828 0.0372995 9.9991E-05 0.0630933 0.0183213 0.872128
9.9982E-05 0.00825399 9.9982E-05 0.077593 0.0835794 0.830374
9.9973E-05 9.9973E-05 0.144654 0.0273265 9.9973E-05 0.82772
9.9973E-05 9.9973E-05 0.0850322 0.0814541 9.9973E-05 0.833214
9.9973E-05 9.9973E-05 9.9973E-05 0.0542258 0.0958951 0.849579
9.9982E-05 0.0446888 9.9982E-05 0.0188189 0.155769 0.780523
9.9982E-05 0.0628201 9.9982E-05 0.0199619 0.134175 0.782843
0.237497 0.0515681 0.363056 9.9991E-05 0.236092 0.111686
9.9982E-05 9.9982E-05 0.368112 0.0112443 0.39161 0.228833
0.013895 9.9991E-05 0.808244 0.06641 0.0509415 0.0604094
0.194544 0.0372486 0.767908 9.99808E-05 9.99808E-05 9.99808E-05
0.251533 0.00990172 0.227413 0.0661578 0.317388 0.127607
9.996E-05 0.9995 9.996E-05 9.996E-05 9.996E-05 9.996E-05
0.149284 0.0310499 0.0711533 0.0383814 9.9991E-05 0.710031
9.9973E-05 9.9973E-05 0.80738 0.111187 9.9973E-05 0.0811331
0.095989 9.9982E-05 0.401096 9.9982E-05 0.356581 0.146134
0.173372 0.0178982 0.206198 0.138173 0.270584 0.193774
0.543489 0.0504843 9.9991E-05 0.111178 0.210347 0.084402
0.949932 0.00047444 0.0492936 9.9973E-05 9.9973E-05 9.9973E-05
9.996E-05 0.9995 9.996E-05 9.996E-05 9.996E-05 9.996E-05
0.244142 0.0709656 0.190659 9.9991E-05 0.333793 0.160341
0.373035 9.9991E-05 0.123216 0.0862219 0.314972 0.102454
0.142118 0.0357231 0.191601 0.0485095 0.244893 0.337156
0.152857 0.0184382 0.0230108 0.694288 0.104628 0.00677837
0.152303 0.0386101 9.9982E-05 0.739272 0.0696149 9.9982E-05
9.9982E-05 9.9982E-05 0.100909 0.777392 0.114446 0.00705343
0.157309 0.0670396 9.9982E-05 0.663062 0.11239 9.9982E-05
9.9991E-05 0.0432392 0.0868024 0.808676 0.0201734 0.0410094
9.9973E-05 9.9973E-05 9.9973E-05 0.821229 0.110733 0.0677383
9.9964E-05 9.9964E-05 9.9964E-05 0.640964 0.358636 9.9964E-05
9.9964E-05 9.9964E-05 9.9964E-05 0.760638 0.238962 9.9964E-05
9.9973E-05 0.047622 9.9973E-05 0.825259 9.9973E-05 0.126819
0.0355936 0.03275 0.0597873 0.761345 0.110424 9.9991E-05
0.193762 0.0232244 0.115729 0.589405 0.0777798 9.9991E-05
9.9973E-05 9.9973E-05 9.9973E-05 0.831026 0.0385995 0.130075
0.132112 9.9991E-05 0.0676493 0.707219 0.0389452 0.0539748
0.548325 0.0395969 9.9982E-05 0.305189 0.106689 9.9982E-05
0.0117254 0.0214499 0.0845449 0.0626503 0.051909 0.767721
0.0562616 0.0258212 0.144355 0.0317159 9.9991E-05 0.741746
9.9982E-05 0.030072 0.167775 9.9982E-05 0.0129631 0.78899
0.104652 0.00797245 0.0161 0.695392 0.159025 0.016859
0.365052 0.0718496 0.128026 0.434872 9.9982E-05 9.9982E-05
0.0889005 0.0145005 0.0292562 0.724536 0.0945325 0.0482742
0.293299 0.0467311 9.9982E-05 0.637362 9.9982E-05 0.0224082
9.9982E-05 0.03563 0.13552 0.770971 9.9982E-05 0.0576795
0.527184 9.9982E-05 0.0252118 0.124056 0.323348 9.9982E-05
0.627307 9.9973E-05 9.9973E-05 0.0605059 0.311888 9.9973E-05
0.789079 9.9973E-05 9.9973E-05 0.0690292 0.141592 9.9973E-05
0.98837 0.0112302 9.9964E-05 9.9964E-05 9.9964E-05 9.9964E-05
0.906799 0.0261733 9.9973E-05 9.9973E-05 9.9973E-05 0.0667277
0.901934 0.0206614 9.9982E-05 0.00216954 0.075035 9.9982E-05
0.787849 0.0371428 0.127976 0.00297728 9.9991E-05 0.0439547
0.268808 9.9973E-05 9.9973E-05 0.60608 0.124813 9.9973E-05
0.253121 0.10845 0.188733 0.449496 9.9982E-05 9.9982E-05
0.119452 0.0173497 0.0519902 0.711935 9.9991E-05 0.0991735
0.0982554 0.0539492 9.9991E-05 0.744948 0.0331125 0.0696344
0.00654764 0.0188612 9.9982E-05 0.675576 0.298815 9.9982E-05
0.162633 0.012818 9.9991E-05 0.002395 0.156614 0.66544
0.496129 9.9991E-05 0.0147566 0.270021 0.135956 0.0830378
0.790624 9.9982E-05 0.0404795 0.129699 0.0389985 9.9982E-05
9.996E-05 0.9995 9.996E-05 9.996E-05 9.996E-05 9.996E-05
0.0912407 0.000449424 0.661586 9.9991E-05 0.0538781 0.192745
0.0613986 0.0186443 0.525679 9.9991E-05 0.296878 0.0972997
0.08762 0.0379806 0.169968 0.0134943 0.573165 0.117772
0.135301 0.0378945 9.9991E-05 0.083027 0.552769 0.190909
0.0746407 9.9991E-05 0.71496 0.00109933 0.187529 0.0216711
0.752789 0.000379747 0.00777573 0.20089 0.00023731 0.0379287
0.146942 0.0448883 0.295154 9.9991E-05 0.0102128 0.502703
0.670688 0.0884822 0.0798201 0.154276 0.00663334 9.9991E-05
0.379288 0.0565504 0.168722 0.00896405 0.0991782 0.287298
9.9973E-05 9.9973E-05 0.333826 9.9973E-05 0.567463 0.0984119
0.234676 9.9982E-05 0.490724 9.9982E-05 0.215735 0.0586647
0.225198 9.9982E-05 0.293149 9.9982E-05 0.460688 0.0207653
0.206193 9.9973E-05 0.0784726 9.9973E-05 0.715034 9.9973E-05
0.380507 0.00628441 0.612908 9.9973E-05 9.9973E-05 9.9973E-05
0.09838 9.9964E-05 9.9964E-05 9.9964E-05 0.90122 9.9964E-05
0.597981 0.0317025 0.175902 0.191681 9.9991E-05 0.00263266
0.531447 0.0349333 0.185543 0.153036 0.0692047 0.0258352
0.630846 0.0998996 0.0686421 0.172626 0.0037373 0.0242483
0.522718 9.9973E-05 9.9973E-05 9.9973E-05 0.333098 0.143884
0.32916 9.9991E-05 0.0342126 0.112662 0.377965 0.145901
0.0140625 9.9991E-05 0.20293 0.0318275 0.407281 0.343799
9.9982E-05 0.0139937 0.170109 0.754243 0.0614538 9.9982E-05
0.266021 0.027072 0.0130405 0.655433 0.0152492 0.0231843
0.642534 9.9982E-05 0.0995578 0.121416 9.9982E-05 0.136292
0.367961 0.0500076 9.9991E-05 0.140774 0.381456 0.0597006
0.409485 0.0659926 0.157158 0.116617 9.9991E-05 0.250648
0.307425 9.9964E-05 9.9964E-05 9.9964E-05 9.9964E-05 0.692175
0.283296 0.0335079 9.9982E-05 0.615802 9.9982E-05 0.067194
0.323385 9.9982E-05 9.9982E-05 0.594924 0.0663949 0.0150954
0.419137 9.9982E-05 0.124039 0.403328 0.0532971 9.9982E-05
0.132503 0.0556062 0.367556 0.00749907 9.9991E-05 0.436735
9.9982E-05 9.9982E-05 0.679673 0.0440295 0.0335931 0.242505
0.103216 0.0318302 0.502736 0.0327417 0.329377 9.9991E-05
9.9982E-05 9.9982E-05 0.669125 0.105409 0.13485 0.0904166
9.9973E-05 9.9973E-05 0.439162 9.9973E-05 0.248602 0.311936
0.0514831 0.0215889 0.567904 9.9991E-05 0.201693 0.157232
0.0523554 9.9982E-05 0.684323 9.9982E-05 0.157128 0.105994
9.9982E-05 0.0154409 0.542406 0.0644415 0.377511 9.9982E-05
0.103123 9.9982E-05 0.401768 9.9982E-05 0.183802 0.311107
9.9982E-05 0.0089879 0.0572837 9.9982E-05 0.839995 0.0935337
9.9973E-05 0.0271435 9.9973E-05 9.9973E-05 0.919756 0.0528002
0.0469934 0.00536273 0.13275 9.9991E-05 0.750751 0.0640427
0.0301948 0.0114194 0.301704 0.100434 0.336778 0.21947
9.9982E-05 0.0406059 0.156581 0.0367098 0.765904 9.9982E-05
0.18682 0.00436023 0.0503819 0.00555712 0.574256 0.178625
0.0831988 9.9982E-05 0.638756 9.9982E-05 0.219992 0.0578534
0.171161 9.9973E-05 9.9973E-05 9.9973E-05 0.0583808 0.770159
0.0229409 9.9973E-05 0.148996 9.9973E-05 9.9973E-05 0.827763
9.9973E-05 0.0313184 9.9973E-05 9.9973E-05 0.152546 0.815835
0.0574828 0.0159459 0.00584829 0.03733 0.104907 0.778486
0.14185 0.013353 0.0593883 0.0248304 9.9991E-05 0.760479
0.281237 0.00440638 0.511344 0.0212732 0.18164 9.9991E-05
0.113426 0.0159885 0.766661 9.9982E-05 9.9982E-05 0.103724
0.0672784 9.9973E-05 9.9973E-05 0.893426 0.0389959 9.9973E-05
0.108712 0.0301919 9.9991E-05 0.741406 0.0736281 0.0459617
9.9973E-05 0.00161805 0.183692 0.81439 9.9973E-05 9.9973E-05
0.248845 0.00592322 0.0805922 0.597545 9.9991E-05 0.0669948
0.0342687 0.014861 0.0264546 0.837897 0.0864185 9.9991E-05
9.9982E-05 0.0118348 9.9982E-05 0.78807 0.125558 0.0743377
0.0376853 0.0383501 0.0802586 0.843506 9.9982E-05 9.9982E-05
0.0340352 9.9982E-05 0.103369 0.788036 9.9982E-05 0.0743595
0.136143 9.9982E-05 0.0385852 0.743194 9.9982E-05 0.0818775
0.078249 0.0125982 0.0151912 0.794686 9.9991E-05 0.0991756
0.217154 0.0385357 0.0125777 0.712567 0.0190659 9.9991E-05
0.131368 0.0433387 9.9991E-05 0.694714 0.0869602 0.0435188
9.9991E-05 0.0162532 0.0830866 0.745925 0.0889133 0.0657216
0.0785842 0.0243441 9.9991E-05 0.800457 0.0072864 0.0892279
0.132748 0.0102303 0.073488 0.783333 9.9982E-05 9.9982E-05
9.9973E-05 0.0139379 0.162927 0.822835 9.9973E-05 9.9973E-05
0.0409878 0.00645866 0.102227 0.823847 9.9991E-05 0.0263796
0.689979 9.9991E-05 0.019959 0.116342 0.135214 0.0384058
0.853075 9.9982E-05 0.079425 9.9982E-05 0.0636592 0.00364062
0.0634814 9.9973E-05 0.134854 0.801365 9.9973E-05 9.9973E-05
0.0559273 0.026536 0.240931 0.661331 0.00714996 0.0081244
0.152245 9.9973E-05 9.9973E-05 0.812591 9.9973E-05 0.0348648
0.570622 9.9982E-05 0.253018 0.126452 0.0497081 9.9982E-05
0.0905983 9.9973E-05 0.764213 9.9973E-05 0.144889 9.9973E-05
9.9982E-05 0.021271 0.604402 9.9982E-05 0.165566 0.208561
0.124172 9.9982E-05 0.322168 9.9982E-05 0.0558808 0.497579
0.0655018 9.9991E-05 0.0491911 0.0116426 0.310785 0.562779
0.203596 9.9964E-05 9.9964E-05 9.9964E-05 9.9964E-05 0.796004
0.0517246 9.9982E-05 9.9982E-05 0.0285991 0.114074 0.805403
0.0523987 9.9982E-05 0.205381 9.9982E-05 0.00575714 0.736264
0.0320507 0.0445675 9.9991E-05 0.0058381 0.284037 0.633407
0.0662799 0.0264415 9.9991E-05 0.0895227 0.151437 0.666219
9.9982E-05 0.0526516 0.150917 0.0782281 9.9982E-05 0.718004
0.114634 9.9982E-05 0.717057 9.9982E-05 0.0613382 0.106771
0.0632444 0.0472116 0.728803 0.0138699 0.102318 0.0445538
0.148973 0.0350657 0.637417 9.9982E-05 0.178344 9.9982E-05
0.151508 9.99641E-05 0.848092 9.99641E-05 9.99641E-05 9.99641E-05
0.147461 0.0072687 0.6969 9.9982E-05 0.14817 9.9982E-05
0.321819 9.9973E-05 0.546679 9.9973E-05 0.131203 9.9973E-05
0.0989903 0.0132558 0.152453 9.9991E-05 0.597007 0.138194
9.9982E-05 0.00374695 9.9982E-05 0.0874687 0.799021 0.109563
0.0676096 0.0349204 0.0310216 0.0272485 0.8391 9.9991E-05
9.9991E-05 0.0217071 0.096335 0.0291658 0.713805 0.138887
9.9991E-05 0.0212018 0.0603339 0.0201167 0.813194 0.0850541
9.9982E-05 0.138733 9.9982E-05 0.101304 0.172944 0.586819
0.21568 0.023651 9.9982E-05 0.676357 0.0841116 9.9982E-05
0.0718745 0.053919 0.0470138 0.738219 9.9991E-05 0.0888739
0.189234 0.0112294 9.9991E-05 0.786872 0.00643563 0.00612897
0.118184 0.0163471 0.0105832 0.68141 0.173376 9.9991E-05
0.0877836 0.0248634 0.179572 0.706612 9.9991E-05 0.0010692
0.101276 0.0147051 0.153299 0.108775 0.432801 0.189144
0.0711303 0.0169437 0.238502 9.9991E-05 0.453131 0.220192
9.9973E-05 0.0551766 0.0510808 9.9973E-05 0.893443 9.9973E-05
0.154536 0.0297801 0.239437 9.9991E-05 0.320421 0.255725
