0.01771 0.0700895 0.0202977 9.9982E-05 0.772063 0.11964 9.9982E-05
0.0391671 0.0373617 9.9982E-05 0.0442784 0.545282 9.9982E-05 0.333711
0.0482666 0.149791 9.9973E-05 9.9973E-05 0.66471 0.136933 9.9973E-05
0.008859 0.0284692 0.0319215 0.0180392 0.757611 0.152113 0.00298666
9.9973E-05 9.9973E-05 0.0604331 0.0334219 0.856633 9.9973E-05 0.0492123
9.9964E-05 9.9964E-05 9.9964E-05 0.143317 0.797699 9.9964E-05 0.0585847
9.9982E-05 0.0191013 9.9982E-05 0.135112 0.585975 0.0567743 0.202838
0.0443218 9.9982E-05 9.9982E-05 0.0149063 0.653888 0.10505 0.181635
9.9982E-05 0.045285 0.0224177 0.0956158 0.0602037 9.9982E-05 0.776278
0.0390935 0.192433 9.9982E-05 9.9982E-05 0.326332 0.170117 0.271824
0.0482137 0.0150088 0.0352596 0.126305 0.126758 0.362069 0.286385
0.0092105 0.151167 0.106595 9.9991E-05 0.170267 0.0893589 0.473301
0.0291232 0.0173209 0.0350444 0.0593965 9.9991E-05 0.656675 0.202341
9.9973E-05 0.0865627 0.134386 9.9973E-05 9.9973E-05 0.0656495 0.713101
0.0298078 0.137386 9.9982E-05 0.0978102 0.413921 9.9982E-05 0.320875
9.9973E-05 0.0123323 9.9973E-05 9.9973E-05 0.276371 0.197136 0.513861
9.9991E-05 0.147542 0.0417602 0.00701031 0.313546 0.027117 0.462924
0.0344212 9.9964E-05 9.9964E-05 9.9964E-05 0.513277 9.9964E-05 0.451902
0.06037 0.455714 0.0244026 0.153657 9.9991E-05 0.0611102 0.244647
9.9973E-05 0.585641 9.9973E-05 0.0111779 9.9973E-05 0.164125 0.238756
0.0216435 0.68686 0.0522881 9.9991E-05 0.180479 0.042194 0.0164351
0.0120576 0.783806 0.0476059 0.0144283 0.0591005 0.0829021 9.9991E-05
0.0699131 0.858095 9.9982E-05 0.0315766 9.9982E-05 0.0364435 0.00377233
0.0491098 0.668909 0.02237 0.0165772 0.01997 9.9991E-05 0.222964
9.9973E-05 0.591395 9.9973E-05 9.9973E-05 0.157326 0.174115 0.0768638
0.0177688 0.807112 9.9982E-05 0.0288805 0.13202 9.9982E-05 0.0140185
0.00332198 0.913004 0.0818434 0.00153082 9.9973E-05 9.9973E-05 9.9973E-05
0.0364072 0.772514 9.9973E-05 0.110425 9.9973E-05 9.9973E-05 0.080354
9.9964E-05 0.825718 0.0495925 9.9964E-05 0.124289 9.9964E-05 9.9964E-05
9.9973E-05 0.777292 0.00409559 0.0774812 0.140832 9.9973E-05 9.9973E-05
9.9964E-05 0.886252 9.9964E-05 0.0715839 9.9964E-05 9.9964E-05 0.0417646
0.0380351 0.755204 0.0789049 9.9982E-05 0.0521169 9.9982E-05 0.0755389
0.0849548 0.711616 9.9982E-05 0.10022 0.081827 9.9982E-05 0.0211823
0.0726266 0.109084 9.9982E-05 9.9982E-05 0.314567 0.261151 0.242372
0.00377598 0.218404 0.0284515 0.019898 0.509483 9.9991E-05 0.219887
9.9982E-05 0.0921747 0.104068 9.9982E-05 0.637719 0.11514 0.0506988
0.0438719 0.0281675 0.001691 9.9982E-05 0.705354 0.220716 9.9982E-05
9.9982E-05 0.126734 9.9982E-05 0.139248 0.266069 0.220146 0.247602
0.9994 9.995E-05 9.995E-05 9.995E-05 9.995E-05 9.995E-05 9.995E-05
0.0236546 0.729505 0.042511 9.9973E-05 9.9973E-05 0.204029 9.9973E-05
0.0201937 0.193766 0.106531 0.00585675 0.625044 9.9991E-05 0.048509
0.00411903 0.102454 9.9982E-05 9.9982E-05 0.46876 0.134853 0.289613
0.0287342 0.187171 0.00995766 0.149318 0.151153 0.265661 0.208005
0.0440977 0.072446 0.0584891 0.0735457 9.9991E-05 0.556568 0.194753
9.9982E-05 0.03412 9.9982E-05 0.0916317 0.0535314 0.768155 0.0523622
0.9994 9.995E-05 9.995E-05 9.995E-05 9.995E-05 9.995E-05 9.995E-05
0.0880814 0.177021 0.0611861 9.9991E-05 0.239198 0.181959 0.252454
9.9982E-05 0.121591 9.9982E-05 0.179972 0.182788 0.372698 0.142751
0.031753 0.276353 0.0972774 9.9991E-05 0.000727587 0.15076 0.44303
0.0330495 9.9991E-05 0.133782 0.719638 0.0340291 0.0108873 0.0685142
0.0311799 0.000577716 0.426252 0.443424 9.9991E-05 0.0650888 0.0333775
9.9973E-05 9.9973E-05 0.329078 0.511393 0.0724773 9.9973E-05 0.0867517
0.0604142 9.9982E-05 0.456739 0.258727 9.9982E-05 0.164861 0.0590587
0.0376372 0.00746427 0.672538 0.173007 9.9982E-05 9.9982E-05 0.109154
9.9973E-05 0.0530037 0.508765 0.404985 9.9973E-05 9.9973E-05 0.0329464
9.9964E-05 9.9964E-05 0.613366 0.13168 9.9964E-05 9.9964E-05 0.254555
0.00427047 9.9973E-05 0.0816165 0.815981 9.9973E-05 9.9973E-05 0.0978326
0.0210391 9.9955E-05 9.9955E-05 0.978461 9.9955E-05 9.9955E-05 9.9955E-05
0.0384338 9.9991E-05 0.68452 0.149869 0.037543 0.0535438 0.0359904
0.0283085 9.9991E-05 0.259511 0.476531 0.0593142 0.0793544 0.0968804
9.995E-05 9.995E-05 9.995E-05 0.9994 9.995E-05 9.995E-05 9.995E-05
9.9991E-05 0.0248915 0.415926 0.366851 0.0556949 0.0905513 0.0459851
0.0761047 9.9982E-05 0.141809 0.222792 9.9982E-05 0.48797 0.0711243
0.0341966 0.685209 0.0417683 9.9991E-05 0.0440614 0.0969386 0.0977261
0.0178186 0.716985 0.0272465 9.9982E-05 0.228546 9.9982E-05 0.00920485
0.0112777 0.777076 9.9964E-05 9.9964E-05 0.211246 9.9964E-05 9.9964E-05
0.00838904 0.0161459 0.46845 0.315325 0.0103779 0.0724332 0.10888
0.0683452 9.9982E-05 0.457159 0.0772523 0.0737541 0.323289 9.9982E-05
0.0244093 0.0291704 0.711073 0.0227009 9.9991E-05 0.182255 0.0302922
0.0523568 0.0212928 0.449081 0.27738 9.9982E-05 0.199689 9.9982E-05
0.0121226 0.0202315 0.875307 9.9973E-05 0.0920394 9.9973E-05 9.9973E-05
0.0172692 9.9991E-05 0.111429 0.03214 0.177198 0.579589 0.0822747
9.9964E-05 9.9964E-05 9.9964E-05 0.159912 9.9964E-05 0.510134 0.329554
9.9964E-05 9.9964E-05 9.9964E-05 0.152981 9.9964E-05 0.749609 0.0970101
0.0101172 9.9964E-05 0.0398409 9.9964E-05 9.9964E-05 0.949642 9.9964E-05
0.0287399 0.154812 0.0380216 0.00230425 9.9982E-05 0.775923 9.9982E-05
0.026552 0.00707626 9.9982E-05 0.0250264 9.9982E-05 0.901722 0.0394232
0.0409798 0.0898429 9.9982E-05 0.184393 0.243779 0.440805 9.9982E-05
9.9973E-05 9.9973E-05 0.318043 0.402801 9.9973E-05 0.113699 0.165158
0.125906 0.0197037 0.326069 0.143223 0.0121903 0.300021 0.0728862
0.0153972 0.0774418 0.406929 0.39652 0.0479221 0.0556903 9.9991E-05
0.0534162 0.0843907 0.415431 0.401105 9.9982E-05 9.9982E-05 0.0454579
0.0188621 9.9973E-05 0.657191 0.0263062 9.9973E-05 9.9973E-05 0.297341
0.00908339 0.546958 0.0405358 9.9982E-05 9.9982E-05 0.0833212 0.319902
9.9982E-05 0.0981528 0.11741 0.182449 0.0392635 0.562525 9.9982E-05
9.9973E-05 9.9973E-05 0.136451 0.0547059 0.0351091 0.773434 9.9973E-05
0.9994 9.995E-05 9.995E-05 9.995E-05 9.995E-05 9.995E-05 9.995E-05
9.9982E-05 0.142023 9.9982E-05 0.023697 0.580744 0.121354 0.131982
0.0441502 0.109146 9.9982E-05 0.0444632 0.741897 9.9982E-05 0.0601434
0.0280482 0.113724 9.9991E-05 0.0505222 0.141137 0.145693 0.520776
0.0369379 0.151478 0.105287 9.9982E-05 9.9982E-05 0.0971715 0.608926
9.9982E-05 0.0336965 0.0925459 9.9982E-05 0.431998 0.0583944 0.383165
9.9964E-05 0.00636256 9.9964E-05 0.204724 9.9964E-05 0.788513 9.9964E-05
0.0430809 0.463903 9.9991E-05 0.0973296 0.142037 0.0758471 0.177703
0.0814764 9.9973E-05 0.167719 9.9973E-05 0.0662432 0.684262 9.9973E-05
0.0659945 0.194225 0.0903297 9.9982E-05 0.290894 0.358357 9.9982E-05
0.017313 0.0887091 9.9982E-05 0.0379878 0.282242 9.9982E-05 0.573548
9.9982E-05 0.0254069 9.9982E-05 0.0416557 0.578475 0.216236 0.138026
9.9982E-05 0.132844 0.000407436 9.9982E-05 0.300998 0.27904 0.286511
9.9964E-05 9.9964E-05 9.9964E-05 0.0612324 9.9964E-05 0.0788696 0.859498
0.0115974 9.9964E-05 9.9964E-05 9.9964E-05 0.583665 0.404338 9.9964E-05
9.9955E-05 9.9955E-05 9.9955E-05 9.9955E-05 9.9955E-05 0.111624 0.887876
0.0195723 0.0534525 9.9991E-05 0.295046 0.13081 0.475031 0.0259881
0.0466909 0.0184329 0.180695 9.9982E-05 9.9982E-05 0.710135 0.0438456
0.0814423 0.0173293 0.120744 0.131744 0.0260667 0.572478 0.0501957
9.9973E-05 0.171488 9.9973E-05 9.9973E-05 0.0340799 0.543529 0.250603
9.9982E-05 0.141707 9.9982E-05 0.11681 0.0442385 0.411045 0.285999
9.9982E-05 0.371064 0.110144 9.9982E-05 0.317823 0.0442677 0.156501
0.0116363 0.00348894 0.670992 0.168592 0.142223 9.9991E-05 0.00296852
0.0140249 0.0583372 0.654673 0.0490183 9.9982E-05 0.223747 9.9982E-05
0.00613265 0.130156 9.9982E-05 0.259368 0.139809 0.464335 9.9982E-05
0.017734 0.0214671 9.9982E-05 0.282044 9.9982E-05 0.347093 0.331462
0.0594857 0.178704 9.9982E-05 0.229743 0.132789 0.399078 9.9982E-05
9.9955E-05 0.684711 9.9955E-05 9.9955E-05 9.9955E-05 0.31479 9.9955E-05
0.0297694 0.00459287 0.642564 9.9973E-05 9.9973E-05 0.322774 9.9973E-05
9.9973E-05 9.9973E-05 0.287401 0.484261 9.9973E-05 0.127393 0.100645
9.9982E-05 9.9982E-05 0.340149 0.208948 0.0972966 0.324544 0.0288625
0.0580124 0.482768 0.0532919 9.9982E-05 0.259442 0.146286 9.9982E-05
0.00830433 0.161297 0.088987 9.9982E-05 0.56825 9.9982E-05 0.172962
0.0397434 9.9973E-05 0.0511685 9.9973E-05 0.771381 0.137408 9.9973E-05
9.9982E-05 0.0265991 0.0402277 0.115749 0.767084 9.9982E-05 0.0501403
9.9973E-05 0.36358 0.00708016 9.9973E-05 0.335537 9.9973E-05 0.293503
0.0191583 0.192578 0.0478607 9.9991E-05 0.601899 0.0725687 0.0658353
9.9973E-05 0.0511163 0.0376797 0.00655782 0.904346 9.9973E-05 9.9973E-05
0.00713913 9.9982E-05 0.00663004 0.0838031 0.867867 9.9982E-05 0.0343606
9.9982E-05 0.310387 0.0623891 9.9982E-05 0.487497 0.0718575 0.0676702
9.9973E-05 0.0197275 9.9973E-05 9.9973E-05 0.0367167 0.0834866 0.859769
0.0321301 0.065152 9.9991E-05 0.0322248 0.0774393 0.0224703 0.770484
9.9964E-05 9.9964E-05 9.9964E-05 9.9964E-05 0.0986859 0.0956701 0.805244
9.9973E-05 0.163118 9.9973E-05 0.207335 0.355262 9.9973E-05 0.273984
0.0269668 9.9973E-05 0.0405182 9.9973E-05 0.0237009 9.9973E-05 0.908514
9.9982E-05 0.189842 9.9982E-05 0.0243943 0.0131547 0.165426 0.606983
9.9991E-05 0.0695345 0.0414207 0.0379088 0.690813 0.0539368 0.106286
9.9964E-05 0.831785 9.9964E-05 0.00133113 9.9964E-05 0.166484 9.9964E-05
9.9964E-05 0.850215 9.9964E-05 9.9964E-05 0.0929231 0.0564621 9.9964E-05
0.0390092 0.76845 9.9964E-05 9.9964E-05 9.9964E-05 9.9964E-05 0.192141
0.0297977 0.707419 9.9973E-05 0.100885 9.9973E-05 9.9973E-05 0.161598
0.0325006 0.696178 9.9982E-05 0.110377 0.0955564 0.0651886 9.9982E-05
0.011495 9.9991E-05 0.0603032 0.0336764 0.574187 0.211731 0.108507
0.0237047 0.150019 9.9973E-05 9.9973E-05 0.62014 0.205836 9.9973E-05
9.9955E-05 9.9955E-05 0.415103 0.584397 9.9955E-05 9.9955E-05 9.9955E-05
0.0317091 0.067495 0.825698 0.0153959 0.00407851 9.9991E-05 0.055523
9.9982E-05 0.0109943 0.8268 0.0700476 0.0810816 9.9982E-05 0.0108761
9.9964E-05 0.078968 0.65811 9.9964E-05 9.9964E-05 0.262522 9.9964E-05
0.0335446 9.9991E-05 0.767705 0.126202 0.0178738 0.0435336 0.0110405
9.9973E-05 0.131406 0.708665 0.127692 9.9973E-05 0.0319375 9.9973E-05
0.0105559 9.9973E-05 0.81729 0.0623067 9.9973E-05 0.109548 9.9973E-05
9.9973E-05 0.0403282 0.525357 0.38861 0.0454046 9.9973E-05 9.9973E-05
9.9973E-05 0.0719584 0.608992 0.293175 9.9973E-05 0.0255745 9.9973E-05
0.0040848 0.0726089 0.61933 0.269048 0.0187085 0.0161192 9.9991E-05
0.0332291 9.9964E-05 0.797084 9.9964E-05 9.9964E-05 0.169287 9.9964E-05
0.0195207 0.0338776 0.713462 0.0834379 9.9991E-05 0.00504552 0.144556
0.0112524 0.0319874 0.650648 0.164773 0.0193823 9.9991E-05 0.121857
0.0380137 0.0292719 0.576285 0.324216 0.0320137 9.9982E-05 9.9982E-05
0.00998173 9.9982E-05 0.499076 0.388078 0.0376938 0.0649703 9.9982E-05
9.9955E-05 9.9955E-05 0.963107 9.9955E-05 0.0363927 9.9955E-05 9.9955E-05
0.010591 0.0206156 0.812252 0.0566599 0.0169933 0.0827879 9.9991E-05
9.9973E-05 0.0012737 0.18332 9.9973E-05 0.104782 0.710324 9.9973E-05
9.9973E-05 9.9973E-05 0.00302652 9.9973E-05 0.0349066 0.857776 0.103991
9.9973E-05 9.9973E-05 0.612711 0.257733 0.00844894 0.120808 9.9973E-05
0.0172668 9.9973E-05 0.303937 0.452282 0.226214 9.9973E-05 9.9973E-05
9.995E-05 9.995E-05 9.995E-05 0.9994 9.995E-05 9.995E-05 9.995E-05
9.9973E-05 9.9973E-05 9.9973E-05 0.238087 0.0292042 0.602467 0.129942
0.0050901 9.9973E-05 0.0531209 9.9973E-05 0.856707 0.0847816 9.9973E-05
0.0243338 0.172458 0.0456254 9.9982E-05 0.511896 9.9982E-05 0.245486
9.9973E-05 0.416384 9.9973E-05 0.111283 0.347812 0.124221 9.9973E-05
9.9982E-05 0.544593 9.9982E-05 0.0602398 0.131824 0.0466973 0.216446
0.00701739 0.78589 9.9964E-05 9.9964E-05 9.9964E-05 0.206693 9.9964E-05
9.9964E-05 0.798486 9.9964E-05 0.0811451 9.9964E-05 9.9964E-05 0.119969
0.00404663 0.743935 0.00798605 0.0267536 0.0684631 9.9991E-05 0.148716
0.0260163 0.675077 9.9982E-05 0.0321989 9.9982E-05 0.0561163 0.210392
0.0320772 0.678345 0.0565029 9.9982E-05 9.9982E-05 0.177091 0.0557837
0.0441962 0.684734 0.0839012 9.9973E-05 0.186869 9.9973E-05 9.9973E-05
0.003857 0.125357 0.0167281 0.0203329 0.671069 0.162556 9.9991E-05
0.062435 9.9973E-05 9.9973E-05 0.102613 0.749975 0.0846771 9.9973E-05
0.0595474 9.9982E-05 9.9982E-05 0.0662565 0.625992 0.218308 0.0296963
9.99641E-05 9.99641E-05 0.107251 9.99641E-05 0.535946 0.356404 9.99641E-05
0.0170877 9.9982E-05 9.9982E-05 0.015097 0.678892 0.236207 0.0525169
9.9973E-05 9.9973E-05 0.0272871 9.9973E-05 0.501494 0.386943 0.0839761
0.00220592 0.128367 9.9991E-05 0.0313334 0.178699 0.0580061 0.601288
0.00310752 0.00906438 9.9973E-05 0.0906677 9.9973E-05 9.9973E-05 0.89686
0.0238963 9.9964E-05 0.0195334 9.9964E-05 9.9964E-05 9.9964E-05 0.95617
0.00627849 0.0275673 9.9991E-05 0.0626723 0.110615 0.0112286 0.781539
0.00218677 9.9973E-05 0.0692743 9.9973E-05 0.114227 9.9973E-05 0.814012
0.137992 0.508575 0.106685 9.9973E-05 9.9973E-05 9.9973E-05 0.246448
0.0417967 9.9982E-05 0.0387481 0.848023 0.0520653 0.0191667 9.9982E-05
0.0294996 0.050305 0.562879 0.256752 9.9982E-05 0.100365 9.9982E-05
0.00084768 9.9982E-05 0.801485 0.0749147 9.9982E-05 0.0385336 0.0840193
0.00461072 0.00604816 0.722456 0.0633693 0.0176649 0.0893127 0.0965384
0.022511 0.0548988 0.737952 0.0881622 0.0718232 0.0245525 9.9991E-05
0.0315929 0.22659 0.0368189 0.0699464 0.164772 0.165932 0.304347
0.0514496 0.179006 9.9991E-05 0.0429596 0.315816 0.0110288 0.399641
0.0552042 9.9964E-05 9.9964E-05 9.9964E-05 0.0238839 9.9964E-05 0.920512
0.0334897 0.153706 9.9991E-05 0.0140608 0.187043 0.18403 0.427572
