9.9991E-05 0.839919 0.159981
9.999E-05 0.888081 0.111819
0.0459912 0.750006 0.204002
0.028466 0.95149 0.0200442
0.00366244 0.95522 0.0411177
0.0515813 0.948319 9.9991E-05
0.0546983 0.926021 0.0192805
9.999E-05 0.990063 0.00983705
0.106337 0.683676 0.209987
0.044304 0.682768 0.272928
0.206182 0.661673 0.132145
0.0632466 0.641086 0.295667
0.346009 0.593303 0.0606885
0.110842 0.609182 0.279976
0.038582 0.715359 0.246059
0.0125785 0.810078 0.177344
9.9991E-05 0.768068 0.231832
9.9991E-05 0.859821 0.140079
0.20406 0.158835 0.637104
0.0151563 0.184681 0.800163
0.0125178 0.235887 0.751596
0.0692888 0.0683041 0.862407
0.00433003 9.9991E-05 0.99557
0.0234453 0.129583 0.846972
9.9991E-05 0.259461 0.740439
9.9991E-05 0.0080338 0.991866
0.0778449 9.9991E-05 0.922055
0.0488439 9.9991E-05 0.951056
0.0102848 9.9991E-05 0.989615
0.0795572 0.0873634 0.833079
0.0585143 9.9991E-05 0.941386
0.0728556 0.036177 0.890967
9.9991E-05 0.0432966 0.956603
0.0434096 0.699417 0.257174
0.0199481 0.622564 0.357488
0.0490408 0.811066 0.139893
0.0252041 0.909404 0.0653916
0.121715 0.664381 0.213903
0.373538 9.9991E-05 0.626362
0.0518693 0.0629215 0.885209
0.0746882 0.717066 0.208245
9.9991E-05 0.830872 0.169028
0.201008 0.448645 0.350346
0.333209 0.515735 0.151056
0.316804 0.590548 0.0926482
0.384573 9.9991E-05 0.615327
0.116631 0.573645 0.309724
0.224565 0.651545 0.123889
0.122728 0.502515 0.374757
0.891724 0.108176 9.9991E-05
0.934303 0.0369309 0.0287663
0.86315 0.0832757 0.0535743
0.871756 0.121621 0.00662265
0.886248 9.9991E-05 0.113652
0.900784 9.9991E-05 0.0991157
0.785964 0.213936 9.9991E-05
0.864415 0.0502746 0.0853102
0.896881 9.9991E-05 0.103019
0.881536 0.118364 9.9991E-05
0.730603 0.269297 9.9991E-05
0.928517 9.9991E-05 0.071383
0.771107 0.115643 0.11325
0.60292 0.336048 0.0610317
0.0381824 0.157035 0.804782
0.0382443 0.127018 0.834738
9.9991E-05 0.109652 0.890248
0.80131 0.110972 0.0877182
0.730155 0.244174 0.0256711
0.858583 0.0241082 0.117309
0.847654 0.0605755 0.0917706
0.935621 0.0093373 0.0550417
0.329708 0.670192 9.9991E-05
0.33533 0.59149 0.0731798
0.356685 0.594956 0.0483588
0.335229 0.625803 0.0389684
0.272209 0.566996 0.160795
0.368565 0.521452 0.109984
0.262209 0.58458 0.153211
0.7667 0.2332 9.9991E-05
0.630314 0.260396 0.10929
0.891089 9.9991E-05 0.108811
0.891039 9.9991E-05 0.108861
0.793069 0.206832 9.9991E-05
0.111654 0.139691 0.748655
0.470043 0.334676 0.195281
0.407902 0.591999 9.9991E-05
0.399732 9.9991E-05 0.600168
9.9991E-05 0.816022 0.183878
9.9991E-05 0.826004 0.173896
0.0321042 0.704207 0.263689
0.174292 0.532647 0.293062
0.0114925 0.938414 0.0500933
0.434789 0.510876 0.0543343
0.0864826 0.247304 0.666214
0.461691 0.517307 0.0210016
0.184296 0.463232 0.352472
9.9991E-05 0.813773 0.186127
0.00709317 0.932013 0.0608936
0.00735849 0.851091 0.14155
0.0968308 0.903069 9.9991E-05
0.0374107 0.876779 0.0858098
9.9991E-05 0.91631 0.0835899
0.442682 0.515485 0.0418331
0.396428 0.463156 0.140416
0.425477 0.502139 0.0723842
0.102947 0.623758 0.273295
0.249879 0.567055 0.183065
0.0281675 0.517051 0.454782
0.853169 0.122722 0.0241092
0.867936 0.0729711 0.0590933
0.370711 0.416821 0.212468
0.339226 0.517163 0.14361
0.314574 0.355853 0.329572
0.0395261 0.135647 0.824827
0.812541 0.00287897 0.18458
0.830721 0.169179 9.9991E-05
0.666724 0.333176 9.9991E-05
0.0852473 0.318556 0.596196
0.0235817 0.69845 0.277968
0.0689702 0.890703 0.0403271
0.0833377 0.844861 0.0718017
9.9991E-05 0.51452 0.48538
9.9991E-05 0.796652 0.203248
0.00759017 0.875368 0.117042
0.0155543 0.973589 0.0108567
0.0343352 0.576164 0.389501
9.9991E-05 0.915161 0.0847388
9.9991E-05 0.769223 0.230677
9.9991E-05 0.884518 0.115382
0.1289 0.605649 0.265451
0.0635902 0.862165 0.0742446
0.0398312 0.718782 0.241387
0.00507388 0.895301 0.0996248
0.0253179 0.0820638 0.892618
9.9991E-05 0.055007 0.944893
9.999E-05 9.999E-05 0.9998
0.0475699 0.0999335 0.852497
0.0568514 0.10564 0.837509
0.0994852 0.893301 0.00721424
9.9991E-05 0.804826 0.195074
0.9998 9.999E-05 9.999E-05
0.8716 0.00842018 0.11998
0.914617 0.0164371 0.0689456
0.766221 0.152039 0.0817394
0.925075 0.0748253 9.9991E-05
0.848294 9.9991E-05 0.151606
0.966684 0.033216 9.9991E-05
0.918998 9.9991E-05 0.0809017
0.92726 9.9991E-05 0.0726402
0.908504 9.9991E-05 0.0913962
0.928162 0.0717384 9.9991E-05
0.874054 9.9991E-05 0.125846
0.850707 0.149193 9.9991E-05
0.928727 9.9991E-05 0.0711729
0.942609 0.0302516 0.0271399
0.935989 0.0639109 9.9991E-05
0.903878 9.9991E-05 0.0960224
0.376326 0.544051 0.0796234
0.222601 0.748936 0.0284628
0.902468 0.0974322 9.9991E-05
0.769212 0.209393 0.0213948
0.977234 9.9991E-05 0.0226662
0.36743 0.624883 0.00768669
9.9991E-05 0.939088 0.0608119
9.9991E-05 0.717913 0.281987
0.0699658 0.497017 0.433018
9.9991E-05 0.384089 0.615811
0.0466653 0.172403 0.780931
0.0346142 0.0244147 0.940971
9.9991E-05 0.191006 0.808894
0.0504428 0.134521 0.815036
0.111614 0.0671507 0.821235
0.0879774 0.0607375 0.851285
0.0227572 0.854933 0.12231
0.0725425 0.79669 0.130768
0.0570926 0.942807 9.9991E-05
0.0179252 0.981975 9.9991E-05
9.999E-05 0.9998 9.999E-05
0.0741933 0.925707 9.9991E-05
0.00699179 0.724154 0.268855
0.0650836 0.712103 0.222814
0.0234301 0.816854 0.159716
0.0564332 0.723787 0.219779
0.0315156 0.835673 0.132811
0.132642 0.0400474 0.827311
0.848277 0.101096 0.0506269
0.891311 9.9991E-05 0.108589
0.969281 9.9991E-05 0.0306188
0.793427 0.206473 9.9991E-05
0.883153 9.9991E-05 0.116747
0.15313 0.504635 0.342235
0.0237343 0.685132 0.291134
0.0165706 0.755185 0.228245
0.0322707 0.650782 0.316947
