IBR/IBR_outputs/all.combrep_1/EucDistWater_Total.FireFreq_2000_2008_Total.VRM_Total.WeatheringIndex_Total/EucDistWater_Total.FireFreq_2000_2008_Total.VRM_Total.WeatheringIndex_Total.asc
NCOLS 160 
NROWS 95 
XLLCORNER 210004.651214014 
YLLCORNER 7350008.22228844 
CELLSIZE 4999.99999999997 
NODATA_value -9999 
[rows 21 to 41 of 95, columns 92 to 137 of 160]
8.46815418931417 4.8200907922449 3.93259456904399 3.35942641962529 8.16290043666953 13.5497800888706 17.0373639231629 13.9986382485594 8.51443411785386 3.67092404644028 4.24859775042892 8.44013848995048 6.44406396574046 2.41932323624306 2.16046772763503 4.8147614083217 8.93512397640665 6.23569447452849 4.11775768218982 1.32480852333712 1.36447682198957 3.83825491722488 7.34640019438489 5.23422365619228 2.7057256302088 2.25657440790772 1.96862823627989 1.88241932506541 2.43182666917429 7.3564687784018 1.95592665426866 4.47114090416275 4.38206209223791 6.56851575435691 7.66645918108192 5.36269011464591 4.2641317367473 7.26454822111631 9.91656119574191 8.73533449031263 9.53805526758439 12.2699862425859 13.6960136015851 15.258561391784 17.7449141361212 20.6972877599022
7.02258133499851 3.33840913460269 2.48446882014478 3.46600820798263 7.98928412275717 13.3108787799344 16.8907339674419 15.0894121033071 11.0123016698846 8.14558516360082 8.2726709877826 7.38723466767581 3.26244907503015 9.28795273992479 2.37891117994092 5.37515128364243 10.387713695041 10.7452608677019 7.43538391606867 2.9425167888389 2.6343300639322 2.35709348182886 6.47847976278877 9.00880454009202 7.60229770343065 6.79375023647702 6.53039614301307 6.65230429074049 5.47542605765014 4.44913535245103 3.31139687264656 1.91900136617755 2.97689086305164 5.44211286875239 10.1538275552732 4.1850312243554 3.02907637815748 4.84671013097849 5.47602527529296 3.98802266250114 5.33557350411604 7.68186331744802 9.0945127951254 11.006035381076 14.1439726891477 17.2818421127279
4.7247853521592 5.64536076551047 3.84829060386497 3.76102230572573 8.17886722093849 12.9195111406766 17.2579858966671 17.778338066872 14.5492578914309 12.0185158499041 10.4087662244428 8.00207854937655 4.70603732348196 5.83609364358432 3.20090824329092 5.60360517614857 10.755453361515 12.8340168951826 10.1863966387205 6.22226616881449 1.96696835810139 1.19877169658565 3.43222176344394 7.18634388947605 8.7139138423503 4.55075336120445 4.26718759454283 6.62304040365337 7.74515967561969 8.35158689515123 7.23772355394527 3.57324578034797 3.54214680201729 5.91257511617779 4.70990558964143 3.01572497447367 5.53965909541469 5.28751449813894 2.12268043704721 1.36812735047992 2.15082975380343 3.24946909126503 7.43408795971904 6.79921408168577 10.674775456619 12.9570458603032
2.59806905681183 3.34631684707661 5.76883243893393 9.78370511314366 10.9506903065398 14.1639255412719 17.8592063476805 18.6760583894082 13.6936029227484 9.51208867867953 6.05575864119824 5.82819752470887 4.18569070555966 4.02974880946023 1.79273822992005 5.52689700734876 10.1994958432501 9.18671627218963 9.58829984896844 7.54184629960103 2.82430126633773 1.69977646556001 1.68106799033036 3.8738186095364 6.73087782946863 4.68665172364284 3.79603805050025 2.34437472915251 3.32239887087684 5.76761325717498 8.02960835579865 3.27826662325776 5.45301869194446 5.4905373081914 3.06974924766391 4.15014072437116 6.7641748112674 6.76406040276027 5.49208757281745 2.9771694064777 1.86079277107208 1.68432335291693 3.15899616865277 4.0358592144862 6.40540648167074 8.26184339033855
5.5763512189205 4.25862088493239 6.14301198482037 6.96556724866416 9.18511350634888 12.6598366774509 14.470348715211 15.6037498491184 12.4530669512827 7.34432563465165 2.54196275960525 3.35965345717642 2.11129404837437 2.71356742993727 1.72264512562601 5.1683319652036 9.17382874323821 5.67633142235413 4.05164803229935 5.40408495766253 1.82307654345378 2.56401673053317 3.01339090333936 2.23684601849959 2.54783213807136 6.0613173881216 8.09092539782597 4.35664014536432 1.64310917035319 4.71751710673522 7.28758678804309 3.8198009132107 5.05088237764506 8.49853409249922 3.14547245784747 3.2302241675204 7.41379604332072 6.00081115320331 5.23544406537981 7.15481205005058 5.80118223461666 2.78123398185058 7.40062352049427 1.60806390605536 2.10733691864921 3.60880741194845
8.46313886792136 9.00070912619685 5.92108496860494 2.70820811971558 5.96448902299499 8.61290312157827 9.62674940169782 11.4108100983076 11.2861489373391 8.71823162376833 5.61811325908393 5.08715874982583 2.08239463037762 2.61486893945837 2.05949465957417 5.23406209344096 11.8169922807854 12.8332473584228 10.7709533689228 9.94693356994856 2.02618770984197 5.25736031853676 4.8659597980923 1.73654931982522 2.4686608759522 5.62212266715429 9.58288568910077 6.10323924527758 3.01178797555853 2.37511549314837 4.67613095841889 4.09742123976228 4.57928551731158 6.20424895411902 5.05666841701632 4.83148506226196 5.31264796554162 4.26384226217356 3.89441279975536 8.22124510660617 9.66412628155076 5.72977391703512 1.90435607174764 6.28175614270101 4.73190548642207 1.6137773674713
5.9515454551855 9.84917314089021 7.30661134190813 3.10256115309814 3.25889262634834 3.68165044457979 4.9354734294857 6.9646482140969 7.37459850386323 7.69396580752186 7.53463423026037 7.9338004317568 6.25433252787966 4.71727410074316 1.40340339996 6.24406717349487 15.7845947353239 14.423077402168 9.73085580283985 11.5782352666539 3.19608469187717 4.58409468379126 5.63370845229028 3.31115812599602 2.54538080136082 5.72680660246766 9.57315221263661 9.85530975830965 8.53530844336395 10.6245888977279 8.54398285592726 11.1585210255481 6.22605955530438 4.62882306353425 3.72275274603739 3.89454374836957 5.0196943034738 4.42108803317526 3.7522928685888 6.41707089241619 10.5387891867451 7.53828571265276 2.4931396190436 3.77795493538037 8.2423408095712 4.59676462464761
3.0052549887999 7.11662966734062 8.41591066701932 5.52747304851619 2.55310879282012 2.26916901794792 2.14182113492317 4.66779026674459 7.00822465964545 3.40645693647496 3.84930370138083 8.58132162861263 9.31579863215854 4.46376697719266 1.58239276533179 5.84187544454501 5.71389738044168 6.16374323152263 8.37791129859786 5.22303649576875 3.39921817859527 5.71328947773889 10.6772743617646 11.0699676503391 7.49175577669815 6.54911759494072 8.68659408761069 14.1571834520502 12.0695540739659 9.69712676446268 6.46595379775805 5.91872657270394 5.48212678680733 3.60750481710914 4.03822345204519 2.6899437401569 6.12505268248895 7.03653042377141 5.98599529981531 7.54669675345695 11.1596959087546 7.91704344931358 9.16518924497465 4.05101142878851 4.88482209351525 7.37533468591343
1.70047486534375 2.74901407058794 4.15322968154961 5.60337001311165 2.88215036206821 4.20340417944576 4.2664390841192 6.50558138677327 2.74122098588556 2.40042124206797 4.21298506511535 5.73952847300892 8.18007818633875 4.48932435542932 2.59875444955353 5.27630625502479 8.02725325892573 11.1117893474649 8.48226085504876 6.71585656833299 6.70032033106058 5.64669055290067 9.70911417336352 3.39814543416843 4.71848930140815 3.33425082566764 7.4330540973143 10.8925947243701 9.73204770332582 7.06883596367198 5.09611935063844 4.86388041490506 4.30358154617505 5.67132975914753 4.95114288818251 4.71377409984495 5.16679926976262 8.57759555614223 8.41828336323709 9.47752052432738 7.06536019294946 5.07487659570487 2.24447460047463 5.01887100856222 7.97755847884659 8.00401060078573
4.93989857386673 2.55023900406857 1.76665716692352 2.16935503153083 5.54945735711446 7.814330477034 7.82603880583985 6.43879032734185 6.3783875336706 6.08399889473359 2.99161315619405 2.88367571606974 5.75493430599994 5.79922320448989 8.40314735314162 12.6321219536756 7.98576818591758 3.8620408268469 7.29695836634515 7.95087721423483 7.89473450462568 6.03820657383356 6.2410046052147 2.72035749011218 8.42609314064831 3.04115046164352 4.27067521927666 6.89656484342965 6.65337823370378 2.90193039786366 2.04968726785969 3.24908534913451 2.21589712227945 2.76204047134366 3.48092805590154 6.28549060406973 2.54654309861174 3.6797797267106 5.03944405004573 6.81007800503422 3.11978629057598 1.87532479991475 4.24992680445402 4.05644109395522 3.86955083999489 7.99506783416794
8.6392834410956 4.40178960879378 2.71447869070162 4.22149593098116 4.80013544921183 4.99325847148342 7.75829932133297 8.55399703837585 8.51826084659619 5.0297400759356 1.82528109622402 5.20739956275535 5.76086600402457 9.64420766703967 11.4951381754551 8.39610596288692 5.65224753786738 2.03475229682912 7.90928337584022 4.40318974469105 6.91938723869922 7.7470865026636 2.55071047503317 2.60277347623879 6.56839254234486 3.01777943788296 5.70514025141879 4.53472452938626 3.90610363294534 3.86559750972602 2.70491630269684 2.5357812506155 2.51678777718167 3.49434038105828 2.00091070087465 6.72266179653274 4.71998100956116 2.17511647449391 3.22290733799477 3.07524475760067 1.33280347574057 2.93015302761136 7.7988437826675 5.52539820390315 5.26173392666063 7.79047273630662
7.59948815691941 6.41184342875964 3.75930363271032 2.36464945262871 4.36751056427244 3.18425641673987 3.56952811269172 7.77922211043793 5.68495392085119 7.72372180012203 10.45457363175 13.4780911917767 9.32386208472802 9.85377643549764 5.75888857905007 3.59975765339412 7.9969856783656 3.16601443853723 5.79240606352698 4.69607992672669 6.53920794784946 9.43425097885588 3.01945150704617 3.09501283409528 5.86899497202578 2.09697947705973 4.44692914312931 3.56639397285025 2.79372378421881 2.0279084103525 1.87213255512726 2.90171097192284 3.58508374480642 3.38262239161008 2.2499295646592 5.52714319702796 6.30012590404809 3.29474187431412 7.68743292403495 5.13379096979792 2.92431660983116 5.10837534052275 10.2542868701987 10.0830635448793 9.75082888098972 7.26486653141747
10.2048242247498 8.39825447295653 6.2237434019702 2.26746756643333 3.41235910770928 3.55766035018627 4.89564304905736 8.80634661593735 7.81235060332278 8.61584384988259 4.7911008653902 8.49936978924439 11.343344396347 11.0298149318103 7.19820965994079 5.44520286770684 7.6174492899316 5.52208233312185 2.68290889192441 6.24686828115527 8.71221982396979 11.6386157655368 4.98641638007793 3.97034964111573 3.23777188513465 2.56828285526737 2.74491373073685 3.32638165915067 3.22554579465262 3.27423996745128 5.47012294142997 3.94110251777527 1.92296407533992 2.5782975234964 4.18377785012305 5.55457137501128 9.2901629979527 8.30588049225015 5.34836509446097 2.25488083203785 5.17077062930915 5.34425130967256 8.98643387648213 9.62765197860439 9.54141162778773 6.71703435330292
13.0036018413251 5.79250304071996 5.85185693523808 2.99871327224682 2.57072237629261 8.4464377814123 9.04774570317161 9.60505867056271 10.1861539785885 7.33445792491159 4.44157845018742 3.38065418002409 10.823401606456 11.5878004706912 4.59578472513669 10.2111098453097 6.3943556701715 3.66237624263761 3.98149083906771 7.20510914537537 5.93693693469773 6.04116479539957 6.2336666379699 7.02704621001053 5.15127165652212 4.91498673564551 4.471567867518 5.58927794300441 2.52825600876445 3.19131438300373 5.12176598003028 2.96598800512893 3.29538861850419 2.38395884088262 3.89448498787669 3.67063877960524 9.58889187495465 8.10960014059268 3.91592958557037 4.20165796270742 8.39725500290224 8.24178540123263 10.147879218501 7.51475655948 7.43552699652239 8.23227445422607
8.35220808481924 3.01864447635477 3.64094653677975 3.2881596885709 1.51085063704272 3.95928141809063 5.98623617616539 9.07792095326947 10.0851394190642 8.35832232630289 4.7006595553282 4.61174608183306 9.85146494334545 8.36173909699173 12.0181139740807 12.3872729063048 11.388653539167 9.04698714480889 6.90547439975362 6.84336590463743 2.05161242531632 2.65595204194668 4.76472705927331 11.5343075844771 5.67513976320678 3.32538195319651 2.23547272947948 3.37892264795796 3.22008199933933 2.77365110648482 3.05115991915481 4.05547933515635 6.87199707742301 5.28293802264312 5.83155698950189 6.1620792469514 6.57710773877727 4.54803350307439 2.84138011468289 9.22475192082771 6.85859547130292 9.53523759262384 10.3066652098625 6.43426483539412 7.74919787058748 5.61127962155658
9.32765850985571 4.58855969180289 3.28714010613324 5.27898662827029 2.29830581365747 2.08740493848093 4.66720847976007 5.93631306927773 11.5793321150787 4.58142749009451 4.05841516673703 11.7600665441341 11.4809831907498 10.3637593804803 9.91476512867468 6.64789699337232 6.02410963856934 3.01391898550005 4.99547019070357 2.88214307995549 4.06488427729078 2.30320251485612 2.94446063297794 4.79954696392691 7.62072654993392 6.96601100669035 3.06861007811605 2.79199630229747 3.67691340590073 2.88635714432777 5.10405897388719 6.26703665406747 7.06011979963664 6.4724543667983 4.74547814636016 7.33345719843783 6.59794942873618 2.55718306217807 5.00883066598508 11.2139773885296 5.11689036087586 8.19474960439172 9.4550373179003 6.69433885137707 7.57695595280664 2.46419145211999
18.5267515486699 9.32384609267354 7.57305028569035 4.59163717251903 3.1943499733937 2.71362186004125 4.25191576604736 4.15282615983962 10.0983877105842 6.87767413749934 9.41239228296769 15.2442326708036 12.6947785406918 11.1847975809576 4.36401072538592 1.74329508375644 1.90649984872916 3.99242698668961 4.19897071220191 5.11796819516656 6.62647469827506 5.85407809253914 4.68194152503634 4.38617696674401 4.61141763988267 8.76992526999132 7.73205238657614 4.77972017216029 3.71970843002619 3.52415993513726 6.28711730981845 7.62764846088253 3.11589703589279 5.31714294913849 5.65363637095265 3.4814860471848 3.41430720698201 3.54612372981167 5.44433480007065 11.5361858724056 7.26731775570551 4.92873005500383 5.38756766120415 7.74300458978426 5.53311526482223 3.484421640633
16.0686486009204 12.969091508291 10.5721764357618 6.12478922668239 5.25523871856039 5.86220448463954 2.72070577010106 2.66414094718223 7.41843600333061 13.2560555234712 9.69287101050021 6.28345614502828 8.74730118698442 4.82546787089471 3.90079114722315 2.32510128605107 2.47961112662375 2.49370473042253 4.56162953910298 5.40628392277716 6.61431227231653 11.2716895740607 3.39870131405261 4.88059353020267 2.74924618616159 2.8740991876956 7.17417218108663 6.19956476750933 4.31461396510268 4.38355319945668 5.02085996783843 8.33201212396393 5.99828863991843 9.5019366267468 4.72971690155435 5.04167687052163 8.90612891453798 5.94520223013438 8.64274318424459 11.0984521624405 5.10952087468327 2.48770297044139 2.34598417510724 2.86670687611317 2.09244392358622 4.08927344620005
14.0303154830054 11.1550307871893 7.55857248502423 6.62235941431729 8.7658912315835 7.29944995057543 3.02819163703925 4.16767072029401 6.55419971181333 15.1829706306299 9.87277823685666 5.76306007136956 9.7615940658506 4.32689931857061 2.99221090465794 2.77175308869427 5.34920398716391 4.48912657880056 5.00278264847441 5.79705789417009 8.80807267392621 10.3404289967187 3.28906782983523 1.9282903252412 3.67681563567873 5.79465445756409 7.76533043006877 4.79836371233768 3.78691987118795 4.25361313073698 4.44006111852136 6.39986504896088 8.43568498327827 4.69153371861529 5.04051421252518 6.95936937135522 5.99829555676531 3.84794051574862 8.58296864541354 7.44784504911454 7.06947141548423 6.778661901376 5.53427223447769 3.4033868443482 4.45748685999678 4.42494868569289
11.1284892705303 9.879849039169 4.80104684212373 2.7359144865321 7.57723729049349 9.7271624279685 7.76418801193696 5.81905226889988 3.8744364072507 11.3735111432095 9.30684274356279 8.07777535185276 10.8321525520275 11.7273937468821 4.14997670777608 3.71555327254211 4.30263451681556 7.06447401719603 5.33652437625576 4.94966277907592 10.2049131861617 12.1800797860071 4.14511832362511 3.06136506086168 1.58061091530779 4.4908200966562 7.6638747157191 5.97155158323461 4.57490383988642 3.68103381876927 5.51859626269306 5.02999781855404 6.5266018008245 5.44550922067886 6.16426251986267 5.40618196982549 6.79661896657763 8.89313503737349 3.83261014776494 3.83266604278549 6.36493939111535 7.28601785329359 5.44917447572198 4.40808125548388 3.27729021784462 5.65434491976309
6.84947325789127 9.24146805680185 5.10235676271148 3.15940311518198 7.77556142077648 12.1937399119445 11.3217819800667 8.02129708985516 4.91180275084097 5.2164811673808 6.65165504722915 10.8881984265507 4.42469271400441 13.0225972993388 3.67620469490231 1.84513576356627 1.56605044154115 5.40031689260854 5.51854861256143 3.97962959775256 8.18981692657201 9.90148748690055 6.69215949373557 5.67843648422155 4.18520032660787 1.9934693759238 3.56044797834372 4.31100305154545 8.19259220223367 10.2285928285179 7.52373787732084 6.02459120210993 8.88657747523486 5.45888988906819 6.13731114093413 6.47642555894582 11.5380718807167 8.65338216787345 2.62362086820881 3.10855302770559 5.68424394738499 5.37902174544116 1.690598627614 2.29832859735106 5.16129177227431 6.54890162520807
