IBR/IBR_outputs/all.combrep_1/EucDistWater_Total.FireFreq_2000_2008_Total.VRM_Total.WeatheringIndex_Total/EucDistWater_Total.FireFreq_2000_2008_Total.VRM_Total.WeatheringIndex_Total.asc
NCOLS 160 
NROWS 95 
XLLCORNER 210004.651214014 
YLLCORNER 7350008.22228844 
CELLSIZE 4999.99999999997 
NODATA_value -9999 
[rows 42 to 62 of 95, columns 46 to 91 of 160]
4.26552861237599 2.75684668630488 4.0358859569522 2.77466655969359 2.57579828533038 3.51135347951954 2.0082073706252 2.08588299300584 5.30991509723768 6.10552751281736 5.13304252119549 5.16872504211159 3.44106194164886 2.56887590537265 2.42747853160834 7.2552050010146 11.5914505134304 12.1991911245009 11.5879105504601 11.6145899456864 8.29964604523892 4.87605600042221 3.83649422655083 2.06566229734557 2.34038896985712 1.9857259181579 5.73866100931981 4.26292537688499 4.96990880725323 7.74429186054259 7.69667161295954 8.29364475298328 7.12095130731332 7.13612948084259 5.65966584203948 7.46183109101682 7.64742959610661 4.79331035282132 3.02681297772744 3.90746498294936 2.56259439391141 6.84014230207734 9.44122441141361 6.25238816438323 5.35096533835921 4.86219843400951
6.57325677943052 5.9625779132353 4.86915172634546 3.63281245196113 5.40161838153964 3.37798392158532 4.83914666141011 6.98661981061745 8.80231842958374 10.2945012327325 9.67130026983403 9.68338029418917 7.44937356202687 4.79381914241164 3.09678213473406 6.79320025423559 9.26734989584586 10.0505283648452 8.08063369850081 8.26316741777882 10.283531515522 9.27282214310845 5.1580194835441 3.7768073989584 5.55682368570531 5.08105342138783 6.71461846398819 3.87397924861225 9.43024016805107 8.17061180894754 5.13189604899506 6.08346286483044 7.17710284331565 8.5908932669196 4.84271166324264 6.46181434556877 7.94219645209246 9.35759862292696 11.5266035450621 2.6308972896198 7.59311571587533 11.4766013296482 9.83459847793978 8.49929800348912 8.98902682568624 3.04109282064964
5.21310143325922 5.79428655554033 8.99829778457018 7.01909108114035 6.38466950968828 7.72565271121044 8.65417245050206 9.59120748206686 11.5834064060715 10.9679292877426 8.8212104608355 9.24078863516302 10.877552165582 9.19229921993509 7.79831763060193 6.17439640294817 4.52824109811764 6.1737447742947 3.26321265952326 4.52941530700705 9.95743441007242 9.5395992506818 4.98371597903728 2.61338827355667 2.66266666063347 3.53025769487935 5.62565880868262 3.42573110913432 8.36378539392772 8.78466179645529 6.94457325187072 5.04280636752587 8.14640254919276 4.31839834003144 3.48011338044484 4.91971662427668 4.78984048811264 5.49360684412196 8.79884751253769 9.21601289658878 14.9895082044625 11.6693121296373 9.52162764173634 12.5619844344318 10.4229314049058 4.23833932806882
6.27500641693877 12.4212963190719 11.2987908686888 3.07717903915301 5.24030930988836 7.93261825401251 6.82463246602879 6.55909845417959 9.83330014375104 8.59987912937327 11.4036486415403 12.5334210533989 11.5627936268701 13.2280833931459 10.494280808094 5.64392254419535 2.7141300290551 2.9556189962443 4.22360458235153 5.64312775986985 6.66071772157423 6.50037774270306 6.95233895728901 7.04368852203098 5.68799613424151 5.2296298388835 6.38431410307651 2.94229384699119 4.63500207420752 8.13440912783426 9.14724981039318 6.75941641533644 5.82802794420784 5.22510995328121 3.64468322451107 2.86701982480601 2.77939171977148 4.76220367733302 8.54720978298061 6.76205143189546 6.95510330836088 6.72136780415088 8.58772952471006 9.78529905832513 11.1934282797217 4.33041688056857
11.1435293455582 9.93426820718597 6.12491008417203 6.60401577969026 4.30913856438936 3.32344069755875 2.32284551745888 5.74074073156295 9.26413036767958 13.4249100873895 9.65035831083759 10.3172271052515 15.3926183560942 21.4716467278265 11.1267786820956 8.9359322053667 6.44110586894001 5.5475160780031 7.3546420864733 4.77344203384167 2.54052656267743 2.30704797127664 3.03251840008197 5.95223322140674 8.04649932550155 9.5677248848286 8.72107086597464 4.73205381425002 4.42811922391825 6.32544488283627 4.9896874052066 5.61733591468868 8.09236386883611 5.04282053793435 3.61229735900419 2.38120243779135 2.9768057022036 5.64003075001584 3.76776157972213 6.07315885028205 6.07643636982408 6.06804761457244 7.73281399910065 6.17194790875889 5.69693730564368 2.69980283909439
9.5187489959566 7.02140304097587 5.44665131016329 6.69202758095523 6.07070388199799 3.3349757880268 4.0772325156069 13.892075884582 10.3253754242535 9.46886146574116 10.2037774152318 7.37864896743458 12.0739111682078 16.9627334446016 14.1267875934045 18.0601905532701 10.7080753387965 10.5682867021381 8.68739674577534 4.62611028118345 4.46222698105282 4.92343913352029 3.00444544259659 2.23094729842385 3.92185916950371 6.25837363471747 6.92026667420918 4.8090874501412 8.39418837963798 7.78667432556789 5.82852512640112 6.14510490574937 7.60406388292505 3.72012471341181 3.57477543441344 6.00697951982528 4.34466858094803 3.13106314552189 3.29611502086878 8.13523308853627 8.16184442738712 9.02098998559844 7.69616323929683 5.84472862298333 7.46683513134716 5.60767084199592
5.61688412431977 3.2552800716887 4.15228987067323 7.34950085228997 9.83362200285111 7.8645746623745 6.28519321871252 14.3146236410149 10.1415355305043 6.48007304787278 7.52309044437439 4.62258401898192 9.07863639491507 11.319335943785 13.7359841513092 15.7111830730231 14.108976489191 18.5447387520458 21.9970903589054 17.8269906640336 12.6682197142072 9.97557280901397 6.9174514973131 4.1027853285115 2.49716041070954 1.95913253004076 5.27515842786697 5.14455194421917 2.85437408991847 6.07192778396403 14.6913024944922 17.2504128912621 8.6380384893979 4.70439780196248 3.09816903807415 6.03203249520426 4.12909063399346 3.28021054035992 4.04658624942463 5.70909256955503 4.52745330902263 4.34982464376207 7.77820760607885 6.78037005893743 7.92225104546457 6.66957880769086
13.7956373320147 11.0304234481309 7.23978450213317 8.47985475790903 12.4577980636198 13.2653800544125 9.8138912618375 13.355833273663 5.47644455989484 3.43424434299708 5.98154266055914 5.87352974188872 8.4903232961081 5.27460977097005 5.6882616657137 10.0416815206709 19.3076157006781 24.7650437862568 26.9298427680418 23.7681477603999 23.9202637192876 19.939531841545 15.5491887039278 9.21145391601909 6.83054599792001 5.97423275921655 6.55837495715395 7.98645850963415 7.56520628445071 8.80548718221795 14.6626814108968 20.1510094425119 11.5257073760216 5.38998570465705 6.14575907029543 5.37239800805002 2.63343425518411 4.76698922623622 5.01922093800329 3.20369723625355 5.01242528582657 5.24293489398309 4.19945875641325 4.18769441612702 6.27866255915611 5.7206856204867
18.0830950307326 13.8977396979335 9.0386912794654 9.2416620368733 11.6163535745775 10.8272663525463 11.3004844138353 12.5140556653898 5.41197295294748 5.37508194855705 2.46158774679929 3.97032947178082 7.03615466511316 4.54210551667429 3.93842391593493 7.4858845183689 17.0774696010542 21.715465243766 18.1933693535937 22.6831550319144 21.5331952348944 21.5187835410918 22.5987440031588 19.6347640711168 12.8306798764443 10.6752510070075 14.074937244567 23.0545215895807 25.4220186737726 23.9928813039956 20.8938115939677 13.397576141171 9.88505280617416 6.07166754864316 3.67986498548428 4.26717707306886 6.85127379884232 9.38882696676611 7.65148505473249 3.77928100575849 5.71781867477786 7.62363636708622 4.18541285135409 3.36752066077334 4.19399892872573 8.44948929545278
14.1544628909871 12.6663079999324 8.76193991852043 7.33718436140019 9.94883694117783 5.06447256960412 5.89501760243371 9.63138959084711 6.63972478631042 5.37451754909537 4.57795910693395 4.6974899451953 5.18736902285791 2.69855426680223 3.38600904055332 3.86025033500277 8.82760371298598 12.9500413092411 15.9260666260977 17.3988492810622 15.6254543059066 17.9798933455172 23.4462432500801 20.6049898671192 16.5431747764352 10.761345011871 21.9257533073827 16.5162502823479 18.5297080584567 20.5721857517122 24.9099916589417 16.1661433733598 6.14381515066382 6.19947494720013 6.44346950709483 9.8152068363371 12.225513983384 13.0728382144704 11.1155377287013 8.74402253230399 9.54244700605446 9.18351540582808 5.10814577153503 3.75505075336899 3.66367058142901 6.74010497624295
10.5640834118339 11.4200086467282 14.6348088721641 8.22796529425025 6.99126226852486 3.93731191222041 4.55503988253638 6.2206431898922 7.51112544389838 7.11638557598037 4.80810512246655 3.86678166645388 4.5906548745724 3.49537243486512 4.04754761531304 5.04600333981202 6.82328590742817 9.92932437423463 12.8936952419999 8.64261494760527 10.6705836039091 17.4997812625111 16.1738288553669 17.8810818087473 6.66047485996448 3.18150748741856 10.6541924226915 8.81812190461299 9.63751506601264 18.9897942396872 25.249177618584 18.1312173326159 8.17039113515334 12.6733360044531 8.27224863415113 12.0633255658386 10.086650950921 9.14830517551654 10.9832254548021 12.6948597608132 12.2229262401152 8.28749196782683 3.80799479659527 3.06702304567265 4.26771812687061 3.22624043616049
9.18932497318973 9.24216198847641 13.5094801318434 9.58356308621885 6.49301052911509 5.12671412349728 4.22197489424986 5.19139119992278 5.86419519835828 5.23674881219155 4.57439543838184 4.60335067403067 6.2939844846968 6.40062755382129 8.70252079915012 7.95667043851262 5.80622046665027 9.4365505966661 17.3897325177179 15.7450613032001 17.4130924959267 19.4784763174876 17.8687212131106 16.7330473367252 11.5280798406636 7.90880622075223 5.37652537823901 13.7294864073812 8.22541587779975 20.0356501589261 26.7806967528376 26.9819228992243 12.3475887488959 15.6094328484169 17.6825459365097 11.7854922359407 7.42570158023562 4.59663810960219 7.95608795426858 12.5902938444959 13.952799034874 9.55674330395325 7.00979474227415 6.94949603684184 7.43891808738458 6.79445770460903
7.47240988976326 7.36129480177994 11.3755636617558 17.4409716747583 13.6058095386259 4.68131133908547 7.08783756490523 5.26879554276068 5.3606400062968 4.86930797569867 4.70056625717886 3.76896503112048 8.54336344246495 11.5757324638284 11.1177994655315 12.8246936219152 8.533250282363 11.9385627697418 16.0313210383565 21.5757103141345 24.7755441557111 24.6809121458673 23.4334751045241 25.353694241133 18.1490232808456 18.1677816533039 8.94153710995053 14.3715552363669 12.4268012069116 16.4746079647769 22.428223088835 28.7591182213947 18.4508835065604 15.9735482368019 15.2538188035055 15.0192863913303 7.63863371782035 6.6454115891432 7.84735661489389 13.4013336078598 19.0557131177721 14.1595808817006 10.2560765365454 7.4025807582187 10.7708805987684 11.2869948287302
12.638415518716 8.68336832336789 9.71379182201974 14.0227936973113 8.38256482515484 6.08211841723276 9.3460885797986 3.26606196868351 5.38022546709967 7.81653586610057 3.94854081529334 4.55675956419257 11.3495915257348 18.2363687838674 13.9729126970366 18.1312662755134 14.2402520915149 16.7527484668636 22.8814196110318 17.0729616819899 23.2816528437342 23.7670215851336 19.2992290379206 23.7488880132292 26.4310239633434 21.1989890392726 17.1726032297091 16.5242058489938 14.3423875955595 18.4523729671446 20.2356595773706 29.0666381516989 27.6542640816601 21.0980618706822 17.3540146290646 13.9932967235438 10.8587617610179 8.84256104769504 10.101515228582 11.1157357148879 11.6460215317902 8.21303749299907 6.01618507963941 7.49090609390282 10.9584943097482 11.0425865034463
17.174110587267 16.1536870204611 13.5654876358644 12.8975826989706 9.00582761192922 8.12430694087808 15.2298961847952 8.84470380663192 4.40964046600024 13.450708700162 12.965133407403 11.5887997891388 12.1923968050503 11.4397981184466 12.6721539204673 11.7086942516171 14.1181833554812 13.4895230106502 22.0247130455373 17.4993314162343 18.6773273596168 20.867065403968 16.7171486583844 20.919003046932 24.0122795039892 20.9773663096752 15.8216373578 18.4401138459568 18.7300461139631 20.4418245679841 22.1325221781292 28.172173526153 33.338356602668 29.7614541379879 28.9275182462198 26.3744926655278 24.2768747187106 29.1168638640746 16.1998974345143 6.44707243698835 8.98240142167523 10.5786440638251 9.09651254007342 10.1576188990966 9.59251414067212 4.47145070990753
14.4849096255812 14.0026072441184 12.0374325839201 13.4968696476394 13.4065768752071 14.2772577728956 17.9244147727585 11.2741073242671 7.65198828116184 10.6840986095493 15.7051273292515 10.7514805038487 4.7258406504889 5.74988741846478 5.69366970409355 4.89688949441287 9.20507872793066 15.4780587806212 19.1125651246653 17.8376722320319 15.6086951493267 15.1929505339807 14.0106389171896 16.7955212079162 15.8510503281508 15.0485292536118 13.8432615015113 14.2868838188594 13.1362543015799 14.4863486479634 17.2438784712944 20.8005269311408 30.4702112594118 30.7874508111734 24.2060326392729 23.2404266511023 20.6035381628268 20.445306126531 18.5213962644395 16.220042149221 13.4652016173553 11.9706943705242 13.4062357579238 13.5109070934014 10.4528918524078 6.33757258387873
13.4075350289542 8.97109154359724 10.4749270536383 11.3220394791574 9.41743521230793 8.36258036387502 10.0431326810879 14.1308953283729 15.3379825605784 18.9604647429191 18.1059148324036 9.7084500375981 5.39163921262542 6.80157082428805 9.89650188775897 10.0355590555556 11.9539711436128 8.46460930583405 7.24397197059141 7.06942933590714 4.08723533612038 2.87146804102285 3.1896656332726 7.13946957242055 10.0387916500152 8.04822502837221 10.0809863479155 9.6030818483796 10.5886726115698 14.4675457319604 18.1533529224533 21.7108365620352 22.5129689716035 30.5123359225651 26.243525549233 18.3355514350431 14.3389579128158 13.1623439335156 14.7738128859027 16.2777783521479 19.21121415174 21.6423483541453 17.8806978167782 12.531564740982 9.40055539829263 9.69341422392882
13.069022720037 9.77217615529167 15.0075464891626 17.2275483648778 9.0909943017055 7.96771559791325 4.30150000393409 6.7558245009768 7.52012339428444 12.3128450451252 9.16954016180347 5.38108208517228 5.63105568795628 6.46829458193131 4.7883389234918 8.6155225194418 12.9690037882534 7.30281372920248 3.24599270603951 6.80176980202817 7.35542861006481 7.70478862077978 6.03942013366374 6.16548005167413 2.60860632191871 11.7218253229329 8.06806990867938 4.50850503576337 9.77621817618193 13.1067046193955 16.7163252703857 20.6726658070999 33.523003638205 29.1577293999341 21.9498798419368 14.4978418193632 6.66150597111776 5.99961478886972 10.4076280222085 13.3762057622416 15.4195044145242 15.8671440920289 17.7794597047012 19.095799227249 14.479580301411 8.40518262831993
17.3974851393802 18.4379693701907 17.0862615072531 12.2493630792095 8.55414790305608 7.55660050963365 6.87174571987022 7.7312870421246 5.61726577492257 5.2177853780072 4.82662754874579 4.35337570151598 8.26278730526182 6.10805504448328 3.38734932918258 9.15907521143344 12.6023939996708 9.49703693715411 8.36752125953362 9.52354421241218 14.2113319738946 12.8427134397487 10.6711420203508 7.02019056000062 3.78007709949995 10.9099870731521 13.211571310652 9.24698434965457 7.11521827283035 11.5776245809914 17.7757693181027 19.1376981816865 29.3417531224469 31.3418668523671 23.6896890675072 13.2929206981876 4.63254619654746 2.14526099612699 3.24034020713477 3.60596247990598 8.52748754283288 12.6465546382049 15.5644643665665 15.7872691406401 17.2325613921147 15.7348921109375
10.5368904079791 11.8317184546716 16.2983545425934 13.2723045208269 10.661230542727 12.9365993441318 12.8849958159269 11.240877699396 6.54756974129566 5.42555927613947 8.07176348691467 11.4403202490904 11.8569520426244 9.68091689034925 8.49483570292073 12.4708933300008 14.9446378307008 14.5787264155483 20.9170070921343 23.8768157346851 24.5074087522393 20.7099756674571 9.1697005737711 5.68007823697858 6.38516118193548 11.8846262301849 11.5119978776227 12.1730520370444 11.4337630210275 13.6574972279466 17.6770013592938 15.7018505309844 17.280797577136 27.0632310159915 28.2082291103065 16.6046682790071 13.6094558998731 7.6950871516744 7.16946720749351 6.86903053353938 6.67493045724629 9.14610483824189 16.2156617167809 9.88578764939437 8.24281377231579 14.6685535712512
5.12371011080123 5.02274825651767 5.24506002516964 11.4103791518997 9.457762452513 14.720004529858 15.3363392364977 14.2460646420836 8.52234642618386 8.99509697440874 16.2901340904528 19.1385748320051 16.0758630519003 14.5729595359784 13.7616522683701 16.179233482699 19.5515883331753 24.2582859271584 24.4413743404498 20.9700395460447 26.524934440847 15.0771572040806 7.81352193929506 3.62658480385623 7.31384265696387 10.4403710105518 11.9065251665433 14.0066903602023 15.788516282338 13.3473700280122 12.7477046908474 10.8309200579391 12.1109490113315 19.0106533878532 24.7820329906556 20.5408048036258 20.6029422753464 25.0501615544383 13.6471380359248 11.579053283887 11.9647760656432 16.2134986262627 9.3752292258956 6.42119166639342 8.72091206291065 11.7500118520225
