IBR/IBR_outputs/all.combrep_1/EucDistWater_Total.FireFreq_2000_2008_Total.VRM_Total.WeatheringIndex_Total/EucDistWater_Total.FireFreq_2000_2008_Total.VRM_Total.WeatheringIndex_Total.asc
NCOLS 160 
NROWS 95 
XLLCORNER 210004.651214014 
YLLCORNER 7350008.22228844 
CELLSIZE 4999.99999999997 
NODATA_value -9999 
[rows 0 to 20 of 95, columns 92 to 137 of 160]
-9999 -9999 -9999 -9999 -9999 -9999 -9999 -9999 -9999 -9999 -9999 -9999 -9999 -9999 -9999 -9999 -9999 -9999 -9999 -9999 -9999 -9999 -9999 -9999 -9999 -9999 -9999 -9999 -9999 -9999 -9999 -9999 -9999 -9999 -9999 -9999 -9999 -9999 -9999 -9999 -9999 -9999 -9999 -9999 -9999 -9999
-9999 -9999 -9999 -9999 -9999 -9999 -9999 -9999 -9999 -9999 -9999 -9999 -9999 -9999 -9999 -9999 -9999 -9999 -9999 -9999 -9999 -9999 -9999 -9999 -9999 -9999 -9999 -9999 -9999 -9999 -9999 -9999 -9999 -9999 -9999 -9999 -9999 -9999 -9999 -9999 -9999 -9999 -9999 -9999 -9999 -9999
-9999 -9999 -9999 -9999 -9999 -9999 -9999 -9999 -9999 -9999 -9999 -9999 -9999 -9999 -9999 -9999 -9999 -9999 -9999 -9999 -9999 -9999 -9999 -9999 -9999 -9999 -9999 -9999 -9999 -9999 -9999 -9999 -9999 -9999 -9999 -9999 -9999 -9999 -9999 -9999 -9999 -9999 -9999 -9999 -9999 -9999
-9999 -9999 -9999 -9999 -9999 -9999 -9999 -9999 -9999 -9999 -9999 -9999 -9999 -9999 -9999 -9999 -9999 -9999 -9999 -9999 -9999 -9999 -9999 -9999 -9999 -9999 -9999 -9999 -9999 -9999 -9999 -9999 -9999 -9999 -9999 -9999 -9999 -9999 -9999 -9999 -9999 -9999 -9999 -9999 -9999 -9999
-9999 -9999 -9999 -9999 -9999 -9999 -9999 -9999 -9999 -9999 -9999 -9999 -9999 -9999 -9999 -9999 -9999 -9999 -9999 -9999 -9999 -9999 -9999 -9999 -9999 -9999 -9999 -9999 -9999 -9999 -9999 -9999 -9999 -9999 -9999 -9999 -9999 -9999 -9999 -9999 -9999 -9999 -9999 -9999 -9999 -9999
-9999 -9999 -9999 -9999 -9999 -9999 -9999 -9999 -9999 -9999 -9999 -9999 -9999 -9999 -9999 -9999 -9999 -9999 -9999 -9999 -9999 -9999 -9999 -9999 -9999 -9999 -9999 -9999 -9999 -9999 -9999 -9999 -9999 -9999 -9999 -9999 -9999 -9999 -9999 -9999 -9999 -9999 -9999 -9999 -9999 -9999
-9999 -9999 -9999 -9999 -9999 -9999 -9999 -9999 -9999 7.48178711326958 7.96804965206327 7.95970429225824 9.32406960359197 -9999 -9999 -9999 -9999 -9999 -9999 -9999 -9999 -9999 -9999 -9999 -9999 -9999 12.3587173315951 8.18944724999193 3.29744135935188 1.42165271200356 4.09741460511439 7.88549902059479 14.1807571877519 17.2203817885887 11.7271625057283 8.52837513501494 8.00496223975229 10.3068731324363 14.4874030370127 18.6743618046338 22.8464852333769 25.6475540909726 24.2921517542022 22.9017115149889 22.4472342475075 22.9115941682354
-9999 -9999 -9999 -9999 -9999 -9999 -9999 -9999 -9999 7.71119641694522 8.02699139777346 7.25927056144578 5.97526928483314 2.29579797679182 4.82564948181949 7.81092810147185 10.7854336137874 -9999 -9999 -9999 -9999 -9999 9.7001280769647 7.56766808567625 5.13829265494238 9.65820225153377 13.9504510234202 10.2399401786661 6.78532093688143 5.74802360777308 6.61647506283183 9.52920802294564 13.8956942619938 14.5652007708529 9.83485108979996 5.18349212318902 4.17179755129684 8.39440948480754 13.2671496598858 17.8780231666209 22.2408855878108 26.3468918102214 28.9021532837065 25.7641240317711 25.387758573052 25.7767686058941
-9999 -9999 -9999 -9999 -9999 -9999 -9999 7.25090927535049 5.07699460120557 8.86750561666419 10.4256042469243 8.183984625833 5.11040786097424 5.54131118970756 5.44353061566299 3.57324428540661 7.11167611765671 3.44945091940612 1.67942813665141 -9999 -9999 10.3018521291198 8.14394366913798 8.86597851957266 6.59018731140582 8.99437481163107 13.3000416420662 13.7334354901877 11.6426786939636 11.0210446398371 11.2066323664305 12.4229642082922 14.7847811945259 14.4475338734847 9.76438690327306 5.07408877725592 4.05663562021673 8.35361910696773 13.2252597750956 17.8877803129614 22.2318823637019 26.3107131903679 29.8515857403651 34.22054591006 29.7826757374668 30.2167879511958
-9999 -9999 -9999 -9999 -9999 -9999 -9999 9.23824200984314 3.57708775186811 7.5572373527019 10.8254907632866 8.27737264409773 8.23727235975695 4.75449423841915 8.18338150855194 8.69316504047519 9.18483605787119 6.66399241903121 3.90154568483998 5.50341294286268 6.8063414992603 13.057291305403 5.31353695232891 3.85985867950638 3.51243737987643 8.50415013420877 13.5712463495647 17.1104704179159 15.7726632454344 13.006677828548 10.0577749136531 9.05528825889887 11.0170551117976 14.0267649246177 12.3036023527625 9.41254188082686 8.91016428282754 11.3159432725407 15.0664668431777 19.1477495790176 23.1853844948592 27.0275030083534 30.8660688449338 37.5730060470425 32.8755166186997 33.4264473147246
-9999 -9999 -9999 -9999 -9999 -9999 11.6136810085582 6.06887020509147 4.97013180432818 5.1277180713485 9.01344078777208 8.34240559046053 8.16527433246605 8.57817370593258 9.0240391180096 13.0758575885568 12.5217711944982 8.22583284085933 3.17806809178791 2.72332683226137 4.10835883860933 8.09284202529406 9.75587628101113 8.9500404835152 7.89313750841612 10.2323552594522 14.5716168237289 18.2940192154953 15.4763138165043 10.736662321156 6.02706706768715 3.95663006846852 7.62916570960687 12.4100831699668 15.4323649866133 14.1254867037177 13.8666670077759 15.3713361861458 18.0836627615194 21.4064131283729 24.9460796165414 28.4012734123334 31.7594256776062 35.5095703991669 36.2115141733102 36.4626149913889
-9999 -9999 -9999 -9999 -9999 9.08661541502473 7.37670980716567 1.95407958804394 1.59203459163103 9.51862265124891 9.0738914032571 8.58248255438399 9.78967189366702 13.9658584765923 11.6041957192785 14.4689396055401 12.9334495350364 7.9116609886479 3.41774589965839 4.5560599635672 8.35566840987602 11.1294097041362 13.4205109616123 11.8033454527522 11.7124062668429 13.7953679281673 17.0506607989465 19.2501724325675 15.3832136323636 10.5842772275599 5.7355222028182 3.46811624259603 7.38014017507808 12.0886521960809 16.0694745231277 17.1355105067086 16.5541860688335 17.3518608372861 19.2974669058476 21.9692855186156 25.0794355491544 28.2525201137297 31.4099673677369 34.4905071757265 37.39357537815 39.2811528671457
-9999 -9999 -9999 -9999 8.16679457470653 8.01317412483394 9.07494710585239 8.14712339898579 7.63056178461002 7.85152144294276 6.1874711028944 8.17207679373309 10.1728331402691 13.5470356645064 9.40889679981352 12.0081182451311 13.8784265617685 10.6170344229711 8.13691373593894 8.7191611293458 11.8824477413305 15.1336621919606 17.2832073237129 16.5167117470589 16.5367670923844 17.9684897911575 20.3196433591847 20.8873614750129 16.9010947606104 12.8415432500084 9.51279460002152 7.71526795005673 7.5991764717584 9.54301474379323 13.1006960301367 13.5779728660146 12.3378673230044 13.2639451179411 15.7931764515915 19.0933502214468 22.7149858787888 26.3837525828935 29.9275954384091 33.2322470034454 36.3977084128601 39.4381186083711
-9999 -9999 8.37094443102174 7.79112025630492 7.73690404592486 9.51063798713784 10.209126081485 1 2.50550935139347 2.42825497633061 3.47653975175635 1.73394659166535 7.05244825856859 4.14978157382048 5.49321867964304 9.32700015145429 10.984141064362 9.38167786842716 8.44182585993217 10.7498191996276 14.0386942398891 17.4516642704313 17.445281613822 17.0160813141862 17.8971590015219 19.8649091849645 22.2220659373728 21.6330049401985 19.1875090467343 15.7152444367687 11.4205391571011 6.48933493300039 2.97627261235265 6.1245747781352 10.7450529989774 9.46764941882078 7.21794953911194 8.80718460568649 12.5373737419469 16.7846602914678 20.9613572155133 25.0620938102549 30.2464226266039 32.3764413212344 35.7019874024586 38.8546186912243
8.15120381368782 8.03472483806296 1.77921562768027 4.12574517983589 4.05637167883796 5.75583228365087 4.44911997832561 3.93043943951913 7.17627727844966 6.79966607092458 5.20327944379251 4.31934259094722 6.84601549108416 4.16264000355754 3.65872431747053 5.1849039114064 6.61559830814432 5.37074075616346 3.54051647472742 8.39169531426638 12.5394420811455 15.0024436038764 12.9387035178413 12.3012973326156 13.87318277621 16.6564701562596 19.283767172647 17.902617106776 16.9223550983954 15.859144799051 11.7287356904842 6.74421261804641 3.0923603015387 6.06073063698461 10.0359413443209 6.73146464060659 2.70078436583725 5.72402489349953 10.7641781426379 15.6539420252947 20.2216970146191 25.0856120882395 28.4202356066924 32.0201565878761 35.3993868091383 38.6013297178818
8.76609653610422 6.50519952349118 4.31251560671374 5.30560762041355 4.5120042195456 5.56001481460448 7.16024553306316 6.81034307810692 9.06327023639292 10.7024654693986 8.13013238178818 3.04162348460362 3.1976266906454 3.19216235745198 1.42345656883736 2.65038879539619 7.24585010579958 4.98026038623761 5.52688816223732 8.63839141033773 12.4668100800226 11.9493705844346 8.28627478879536 7.1458781252406 9.70226108974291 13.7194830482258 16.1172530114184 13.6041180263487 12.1045362320582 12.7424329061718 12.996220003896 9.05030033464407 5.47041726812405 5.95211057376423 9.29615337742619 7.88330657375956 5.25596035666089 7.14075888357007 11.5794317688529 16.1565846224837 20.5392331709547 24.8691194893589 28.5547839437287 32.2024526947195 35.5267868662167 38.5103904687159
4.11149887393435 5.86004823769608 3.24080312169005 6.30443657033083 6.78214569875799 8.45535703719711 6.23371853169508 2.7713696568574 6.32697642211171 10.1145402373733 6.35552740458407 2.03661120365589 3.62028369551611 3.36886399092996 3.46597486663999 2.39946201607573 2.55781031123534 6.650765683664 5.2531062790252 8.44611070114972 10.6721461577891 9.84008215051941 5.08128373241315 2.74699021225731 7.19489311050316 12.2801961370517 13.5483371979545 9.51973938410657 7.26175165758431 8.70069721903976 10.9174889768643 8.84499446898616 4.0848405329727 3.63719896970787 8.60517402183934 11.4215375942392 10.272836150824 11.3509329991196 14.2955764338441 18.0397961178424 21.9692168908064 25.8467224085278 29.3742834370832 32.7316216564119 35.2254878024988 36.5880983806939
2.75566851625301 4.11300529175937 5.64616664110599 3.62143433768118 5.8296465582631 9.04633137800558 6.44492423626668 2.48215264277473 5.79657691534747 10.3120316566924 8.25381721434888 4.87255519256644 2.73003446536029 3.9924555504714 4.08625113765333 5.98779565267442 2.72952028649115 4.72108369479618 6.17435777917981 6.91572112776218 5.63187414883055 6.42072058574298 6.28055843846199 5.28063300881106 8.43431642603488 12.9366027965818 12.2664624575309 7.13826207998611 3.41630218720726 6.46417218812079 6.8276441641903 7.77685886153252 7.6617394350888 7.56119108981909 10.2987877930294 11.2720760083136 11.5186022732526 13.6574633204241 16.7943186704928 20.4196208625524 23.8660299569035 26.9108120406453 29.22611913521 31.1635319141696 32.3211842854218 33.7144790317533
2.9974566626098 10.5109480177386 8.71917235867835 6.02368207752784 12.3783784544132 13.4591787473629 9.32248941798668 7.24499298341168 9.09189048089137 12.2175279525141 11.383907017082 6.99890200699742 2.316852074864 2.31138480819467 2.30372406905624 6.99229418893978 6.52120335050431 2.59429166208127 1.6716898619092 8.00597481146233 4.17234288999114 2.25437902254546 4.2082865753957 7.6689197784383 10.2267653891611 12.5705707580823 12.5505079145349 8.50349351548891 5.41407720778153 5.9144359820156 5.17702979394303 7.46535213753204 6.39557097067169 6.48744349430298 8.25855169220947 5.89098440375339 6.73828500874767 10.7744517679922 15.232646520166 19.4217203952775 22.7363737151322 24.2190650801759 26.0883522435175 27.7098976565874 29.018916317821 30.5697524051621
5.64023892895759 4.89400952731687 5.26474267934873 9.11982704732045 10.9262293978065 13.7361984930599 13.6187544458599 12.3735586281563 11.5675989694749 9.92651902204798 10.0130448745732 9.09454153427855 4.67854014962257 2.03608760607468 1.99804439697524 5.56267196086966 8.47834087174986 5.43532083687315 2.5870215267046 1.30959429050705 1.86453867790687 2.00627760249243 1.7677009388429 3.69477188777207 5.88909061493268 7.85050637200867 9.40807939958157 9.3827190173678 9.29708507864991 7.31631160032626 4.60718330430287 6.49514109353274 5.45783769502072 3.67742443241184 5.25716914991848 4.44867468635418 6.85044386393649 10.5957789387914 13.3503683165596 17.184211750182 18.8287320596199 20.4906916479824 23.1096026342698 24.1057436743749 25.3931464479134 27.3754302970414
8.24950472744005 4.72970437952706 5.07728041639363 5.5305478242107 9.16607473506617 13.6707757589392 17.1294060959503 13.9996273698383 9.10374905278346 5.0546022313464 5.43500840619659 8.9979316810467 8.75609275925886 1.88568575346445 2.25337592097122 4.99948118168519 8.44520900321237 4.36364189508528 1.56526602393212 2.10158996866929 5.39130011256333 3.71006769647013 4.40594077571928 1.31669787997755 1.56469778106234 2.90696005657713 4.13050249544005 4.60134420462498 5.71786353302807 6.44351935179202 5.65473870746907 5.54140544096488 5.61935330441697 5.08989076187555 5.93370418042925 4.21555581958696 5.08918178630771 6.39866919538455 11.4253344649783 13.6696913217524 14.3823924969645 17.1547557171073 18.4095527395701 19.7762402082365 21.724288147869 25.9968371977053
