IBR/IBR_outputs/all.combrep_1/EucDistWater_Total.FireFreq_2000_2008_Total.VRM_Total.WeatheringIndex_Total/EucDistWater_Total.FireFreq_2000_2008_Total.VRM_Total.WeatheringIndex_Total.asc
NCOLS 160 
NROWS 95 
XLLCORNER 210004.651214014 
YLLCORNER 7350008.22228844 
CELLSIZE 4999.99999999997 
NODATA_value -9999 
[rows 21 to 41 of 95, columns 46 to 91 of 160]
-9999 -9999 -9999 -9999 -9999 9.08344142899426 11.2168799245267 13.5295150271413 -9999 -9999 -9999 13.1319479040648 11.542528578487 9.00301579544694 12.1906728388458 9.16786776323423 8.41086563895498 -9999 -9999 -9999 -9999 -9999 -9999 -9999 -9999 -9999 -9999 -9999 7.75492086334933 8.79795743122341 5.05014603212926 4.31332215075433 6.97303401874956 8.1967201839724 11.0821658718805 10.688737191139 7.52314302853766 4.5683951712813 7.59176386659171 7.22778818597763 10.9594150669489 12.4325903350596 7.62769607846043 2.55636532901815 3.16146060831379 8.00452743408544
-9999 -9999 -9999 -9999 13.1026378190119 11.3617644514433 10.8959556355383 9.52166520431713 11.2138242005553 -9999 9.56106243768235 9.53409172664002 3.71196845223394 6.46184373447313 7.34359769808066 4.42497600118459 9.5438275538664 10.858282118233 -9999 -9999 -9999 -9999 -9999 9.30240945656317 10.0232042534446 8.84348606346488 10.6346292072934 9.10826397417075 5.53267992085721 2.93810783854467 2.46243482768 6.48111565621969 9.00843266077988 8.64829204633799 9.8433355699071 11.3366192614852 8.74244843496193 6.51021996822359 2.76196808386944 3.82169496877961 8.93975981333248 12.354998309831 8.62102167002865 3.83582629872113 2.19928696508375 4.71047686668338
-9999 -9999 9.32605780884455 12.43051747027 12.7814359622309 11.7794566992167 8.68269559615723 9.97490574702606 14.7464531556646 13.0174308723881 7.96657473506733 3.3343547859711 4.75143482634963 8.09957777043621 5.03353363038323 2.80303351419292 10.1752425636418 8.30487478533758 8.04852972882324 9.05106088619203 9.29083871139778 8.44406433731171 10.7507071747363 8.23801800875066 7.99642634801424 5.96211016098872 10.2660320725197 6.332912320989 2.87150920768735 4.18441279110102 5.56141481543439 10.1476230551117 7.37678962089799 3.65093000724865 5.98044286962281 7.91158509173779 4.52176761898181 5.86835858370633 3.57562082493988 5.74743216503175 9.21904012518506 13.0902379972868 11.0619238048742 7.44688197841999 3.77434575968051 1.8251186900043
-9999 9.07886935644159 7.74358107522669 10.0349839776639 8.88956262160665 10.4683453418102 9.38480576139897 9.28733444873984 13.8068451472236 13.6767934567528 10.3152966828146 9.13797079678856 5.47634194676257 6.95391216934865 4.38795197526461 5.09181195877153 12.0280561861102 7.58304196401097 8.92159922985007 11.6528888193257 9.2932164449754 8.43503182091914 11.8384342458858 10.4900505467901 2.32562805860407 4.60936987376099 8.2269449141032 9.51628496318623 7.33587234852742 10.2275656137363 9.67280243632106 9.58641785907368 7.08452000251653 3.78603006779195 6.21090085619644 6.45770533641243 1.84277481838918 5.50379479757194 7.53060628936938 7.33536606485024 7.39946368745475 11.4265517812519 12.7265348230715 9.35064001372443 5.22001634118167 2.1123640172333
8.08552792042217 9.97392311504411 8.27505782085078 8.71043718214543 9.12404457750021 7.69619661652487 9.16864094614649 12.9580021840724 16.1818312251838 16.8479010987349 9.67014692462768 5.4676286746366 3.2258721738029 4.86618081233984 8.01191488404348 4.09997223965783 7.58573226047661 12.134522112544 13.5652105038339 12.7092002672842 9.76779249793542 8.48327606727042 12.0346993196932 12.2081132069248 2.9744016052811 6.35727238082391 11.2367105525746 13.5542051428403 12.3148545518244 9.95678502194006 7.81456197787178 5.68862366237318 4.70261578738831 5.38712938858874 4.49799518117931 6.39533939152728 4.92266912348559 7.43498329945866 6.45861460424523 2.84279157661916 5.81046905718881 10.5538579787511 10.5357204514907 6.08321342726049 4.31760190058195 5.78061298925405
8.91327142426192 9.31474785898799 10.4573573466045 4.4289590173259 4.91145076789255 8.72939155563414 12.4711883341079 17.2804656770467 16.6309824282944 13.4959122270671 7.50885889442724 8.60946939192058 5.93845033610395 8.08151824266736 10.3168792310844 9.05367768044888 9.8907876972681 10.0997704586685 10.4002406159139 9.88273020575717 7.89286447456615 10.3166285005112 13.637035796071 12.4466142165106 7.5793274594434 6.28008464575234 11.2560965515389 15.7667230578615 15.0497155317503 9.85457140579199 8.45987003800261 5.16976685599494 4.08298659797448 4.50103848928659 3.4961955195144 7.71423131056037 10.1559242807289 10.4085257391115 6.32906537445938 3.66794524779544 5.56711090478847 10.189712614409 10.1604422451732 5.25003430802145 1.9599373614997 3.90630960352207
9.93353563952259 10.9680196784461 13.3561245526987 10.3370441259695 4.83947753553678 5.39452529921805 8.58623373745917 8.86727101758062 13.5643709723049 4.74374258521494 6.56925414748737 8.07287674807748 9.60076680402372 8.20520239981647 5.67386920874752 11.9645481315003 16.0287832845101 14.7109134987012 10.0171693552942 11.2524205114192 12.8154761658439 14.0613152793648 16.0812312898721 12.8301358765239 9.31835112732363 9.3317804002532 12.5072923425889 15.5654687871572 16.965112279072 12.1881750043148 10.9797579087571 6.4736496239075 3.99314921321102 2.87621182219282 5.26876507539653 8.23595717210081 12.4568792560144 11.8729501893705 6.75965690361097 2.28754945922034 4.85078562732901 8.96395401227992 11.7431814125169 8.30398448654089 4.01466357652058 2.16115375392768
13.7841507529198 11.5015302051975 10.8735267794139 9.07897585972553 6.51496365864671 6.81428560422526 5.11697377647148 3.2679886168465 9.02299362094076 5.45766265667389 4.47677621124201 4.67486460788918 8.40027777571976 6.27327956129243 6.84514827068254 10.7751763897882 13.4167233963427 12.4770637088019 7.89148049184166 8.55329347176388 5.9337459057193 9.14844817092951 8.6323050629089 6.68256270035185 2.33331978367147 5.45562198107765 10.6592839624615 14.5166904247116 16.6710593139326 15.5835913662018 12.7609308284037 10.6733910138717 7.76252941604372 5.04175634028306 2.44226813755671 6.47204321854036 11.6432854516398 13.2816972735617 8.75675000477351 3.84179650936733 3.31536096473323 8.39552791123094 12.6413382847798 9.75662263619152 4.87286534908111 1.73217915961535
15.7477588210783 15.9280286674021 10.4462097121777 7.93756557712286 7.78916209243274 3.66710566653771 4.61914614549346 3.84694373996371 6.7448364381509 2.96158464266173 4.95401531189706 7.0964245151641 9.31589782143965 6.62882661604554 9.03922781909441 10.2106981144706 11.6626475227119 9.08405195732604 6.50166217016129 4.32840316094727 3.01923350002725 6.21990379130693 8.67094190784782 7.54412592910687 3.77433860368132 6.35749781231931 8.74107808704954 10.7721885251732 12.3687774643624 17.500009479893 16.9863670985601 14.9502038727469 11.8451096177977 8.19400263878414 6.51909005397311 8.83468041293007 12.9818517938072 16.0126133664494 10.9727954183673 7.61343401446117 7.55937922788092 10.1145325350903 12.0555029367327 9.99657070124152 5.50441449383714 3.30219277056494
19.9178195236545 18.6703807929066 15.9505944309257 7.90237749083456 8.20031604797855 6.25714624149187 6.86913637146827 4.86162129819962 5.08439495316162 7.60997105390204 6.5596525310743 5.28628236296183 9.41805463916585 12.0000376876044 11.8429262513351 9.00765296336347 6.7816981572232 9.95346951337067 6.70098791855501 8.55778744586715 3.87114753107162 2.5620933432407 6.57068658250203 9.23290796872694 4.15748181615376 4.92602620531528 3.70250010698955 6.05406160008011 8.02337590102061 17.4930336929846 15.4860969050881 16.0593899517114 14.7146968696166 12.6169215993005 11.7749592669347 13.6205624122539 16.5731725883093 18.5225804093432 14.6577929911691 12.4080306547113 10.7246641395839 9.78645054660144 11.2185377055331 12.3204921365656 10.4154722413327 7.36759144955109
12.8313819607294 17.3410956129891 11.5363385874948 10.3401269731324 11.7868869573617 5.52897655322062 8.73475797976182 10.27751880153 3.45839599743627 5.69997841331701 9.16613568402309 3.99281697207857 8.76194922348819 17.3716326034107 9.22391810633228 5.21461457972765 7.49283942960698 9.16374219766808 10.3399539515366 13.7819525120127 5.47686211552062 2.53813072267513 10.0909306231325 8.25998154415078 5.34839227806817 2.64323872966756 2.08455346580656 1.7911617115634 5.15020550915856 9.30443786186407 12.5321736398107 11.3007958305652 12.1691665836657 15.5978840874628 15.7542394956884 17.3027106837556 19.2745460447178 20.1604383913615 17.6235399297121 14.3242341848547 9.51015374878712 4.48432912990123 4.35267247469249 9.31194107712567 12.6891297702205 10.1747970717884
6.98112485679184 8.40693047144731 9.13854862798813 10.40006306174 8.56925976024393 10.3659871133647 6.7926391495953 6.17339999900129 4.22100505691631 3.4361850062067 4.04558139561316 8.01119722722882 11.5978991687523 15.0754190868334 5.76346869279743 2.84195128894729 6.05778710335118 8.86742145164621 10.1841586939053 11.7142099725859 3.28347267519167 3.79938842487492 3.66611093220185 6.51804718575603 5.89283884091334 8.82036559131828 8.51265635314905 3.40300562926778 2.85763369726795 5.64452058438392 7.80089070774866 6.04318232416492 7.70789467753086 10.9515942402253 13.6368649016409 17.4194069749412 18.6256442794476 21.2045441936826 15.1884207738805 13.113716668636 11.875455440335 8.03549546214978 4.47760281492077 7.85480957422654 9.76208843512798 5.82296608078821
6.12043958053255 5.8025361706074 8.56461666856675 6.0932318523835 8.22103226823858 6.57862660977212 4.3802935314785 4.86495371597091 5.42993407288273 7.07072935894212 4.23706298242138 11.292764886059 4.89317387660197 4.70946202866503 4.12440059348999 3.84933517242392 4.02722928163939 12.5872446090837 12.8887664209163 8.71011995701514 1.93997349334739 3.52821369878073 3.09504846023013 4.59711681688218 7.76920982694978 10.596709830778 13.7986633424279 5.79176122466143 6.76110344443992 2.78503817369105 4.30425490871178 2.37804812992387 4.36699846103826 6.5065736404784 9.39172779014139 19.0027446144076 17.1443642934052 17.5144227288095 12.0730708614535 9.7749721377286 10.0886753695525 2.46557944448612 4.91989872988948 9.45662918620293 7.57796939054424 2.90095920029742
5.50623855140718 4.35527069946275 6.53903617526472 4.80790949550162 5.32685469099363 4.04075176706326 3.64045457153391 3.77073291625522 5.34866980207629 5.31786432382831 4.43325879181315 2.22456079638844 6.79974627984959 3.8276224826738 8.35073202530674 8.33787606350968 4.73670118687102 13.8634864893298 7.17174653717443 2.94825988802775 3.31396566108261 9.76196750444558 10.688653061439 3.44113416289866 8.0125089609212 13.0393151548254 14.6917153195372 9.6781709798986 9.66577233137754 3.10115114997355 3.08553567653741 5.3413298689177 3.27903479438119 2.72438414402294 6.71715933769243 13.379452240458 14.0357964476403 14.0254719393306 6.53983011911622 3.31051416680564 3.66006217671359 2.5579623910233 6.74118137943213 8.41400801909629 5.76895280384093 9.80180339849762
3.88202378086143 3.32440234455718 4.03599163158834 3.35620190578605 6.89120117866686 6.06881145286676 5.10485370910942 5.33281828328666 3.93083659044716 4.64140209912674 5.02381825547023 7.38321395178827 8.86225334423468 7.10865041819264 5.98578160339886 8.78036643903087 10.5624206785308 8.92388630873562 4.20832295743585 3.41400904043374 2.7133179546308 9.11259891956862 9.17002008106358 3.60672747110037 4.31121855136572 8.08775961631716 9.25652372282108 11.5073689969022 4.86453756632789 3.08321220981002 4.35409174157392 7.25730203514382 8.94345378280889 7.18911816345901 7.23246619659098 12.0945404975861 15.1983761889882 7.31316124743299 2.49671714789072 3.36089483366536 2.08620822425451 2.91012162701451 7.0742389995248 7.6677869765017 2.99147629447659 6.88166477525788
3.87536992255334 3.19956654072394 2.93491037207448 4.05124206382995 5.10884904406427 5.27956586733004 3.96572636565959 3.68466732993147 3.06415663741071 2.23498312391151 3.16850011756718 4.24538723690048 5.69502108775251 6.82516509369481 3.66550053231961 7.40049997396466 7.87573097093937 5.2100993979529 2.95227589825222 2.05586105768556 1.88249144519089 10.0803892928156 8.6644188188881 7.34178055161458 8.9106096359923 9.7821632760094 8.57363073693882 10.6649265645025 6.39988673747805 4.56074347966153 3.93174721646646 8.44057665855615 10.3318738602885 5.80878054389566 15.7148491292178 12.7378199092203 8.46584500602154 6.65408153297522 3.55803750436364 6.10704598108899 4.2373146860384 2.49535532374874 6.97804803330936 9.44541416328389 6.41313168392972 5.28659533402455
9.30057254384544 5.22855435495154 8.30593301916138 3.72298762580748 2.08263534626979 2.59091958041908 3.92413004931809 2.61254008959564 3.21267128167499 2.32131066000337 2.67195297513457 4.46943446910298 4.52822948471505 3.23445378824025 3.58043890684799 3.59306046021321 8.03542114823769 9.65158880279959 10.5671423767916 9.59001872879432 9.08591171723745 11.3669510145189 10.1523326075766 10.7510696259135 8.20083848600734 8.31725729412579 8.26308624033804 7.10017941469985 7.60534541407997 7.33091130549728 8.39408243555136 6.53064418555079 10.3792831404519 5.04108502453818 9.08823758558659 8.91521625963538 3.95515420012404 7.38428371916257 8.28744006503191 6.99553369700375 4.59353522004131 3.76550219164975 4.34302121910197 9.94941142545091 13.3254250435339 10.7271663234344
9.9611421215297 9.4006127140177 13.2904423219008 6.47934114147065 3.34060159939644 5.57068957149347 3.06805732454034 2.93202162003487 2.0077366488516 2.92987883148611 2.16481144283366 2.68155602784784 3.58850806305164 2.17230446995156 5.46865339325326 5.64626933451221 8.14451188793014 8.45234377010583 12.0421217338017 9.46355731216674 10.956294743125 8.36866306359566 7.90098271783021 8.8660498793623 9.40774505119865 10.4124236822103 7.90906589278472 8.61427589038703 10.5005488882399 12.4325282998635 13.4371890120753 4.65074307695429 8.61552798940922 7.51249600010324 5.33280575650271 6.73160588323292 10.9387395603756 16.5318310783787 8.21132490530686 3.68769364265059 2.18128546774566 4.90319637106364 2.96982550421765 8.27855057866284 10.0179721507239 13.4822486496659
6.62341813208065 5.48474197351697 6.43226360174438 6.16479637346976 4.4789438600194 10.0746378882648 10.8060447800777 2.74982423639414 3.95040266058991 3.56088496059279 2.00914540202405 1.41033239976269 3.5747797740491 2.50808972174814 4.32883677639985 4.06524255717905 5.51071928848723 6.25483936400661 8.11649195841009 5.73089033526707 6.76662094963891 2.85741088165772 4.88539812448272 6.72715408256953 7.35393955630303 10.2999571973527 6.29052599484484 7.5400875539599 7.53034144498232 11.5546919249473 12.8153249696437 15.4396489722839 11.899538707302 7.38825517277358 7.41334742440057 5.39037654520089 6.55783495630321 8.83037674745158 6.27357053191239 1.82021335701088 4.10586398559059 5.67029621002791 2.58043168222868 6.2628359251326 6.68229637121492 10.4627229010632
4.28580116908938 3.66068475693739 4.23464771176509 4.14982918213049 4.63114975924808 4.22758177419308 7.76550401624301 3.02782119258589 3.15579544117125 3.79895907459823 3.30413701018694 3.01446916536364 3.36484565897351 2.21110749556327 3.21533895292383 3.95970268777522 5.76494776681576 4.60842127019446 3.53670028562076 5.33913220433698 5.69109504960836 4.25971120807433 4.35854863520323 7.02920826178555 5.5538992003403 6.09917228149084 8.348626926086 4.81507341320128 6.11421012415303 8.17848303771702 10.3914263024652 11.3934795208985 9.34449327306469 7.42836350472814 6.19936289397208 3.18160550728863 3.79725401718215 7.00664058678039 2.44307074581217 3.81061795423122 2.38961179242382 4.58283490690239 3.34519224723263 3.57070478464728 4.02680432451729 8.312590480824
6.73200833120276 2.19909086367723 3.02976334396068 2.29956799273128 2.54118180299335 3.85235503875297 2.34231549895197 2.2429587464819 4.81494770491611 2.53839877139182 4.59558505818452 3.02182411026114 2.9602135040083 3.31569080008563 4.7500890611902 8.01154621225827 9.09221257097207 7.65362781236347 7.71222644670674 9.0872104117729 7.33000125198419 2.9339494519547 3.57864710057487 4.73689049254507 4.66633221403728 6.84199391455001 10.1745979732526 7.3446224543756 5.10431362167359 6.23687403159639 9.69249473441266 11.3064355886224 5.68057718311212 6.30245564268476 7.13949421839341 3.29946094245139 3.97321356008535 7.43737689130855 8.89341922763588 4.77067852737177 2.78708267481952 5.29664827132731 5.62442751851954 2.83695865555891 3.56182310066362 3.91636050957331
