0.0535181 0.127987 0.000202155 9.9982E-05 0.60182 0.216272 9.9982E-05
0.303188 0.0774981 0.0325469 9.9982E-05 0.547354 0.0392122 9.9982E-05
9.9973E-05 0.125149 0.0357987 0.00568544 0.833067 9.9973E-05 9.9973E-05
0.0771924 0.01174 0.00189914 0.00690366 0.734792 0.167373 9.9991E-05
0.164799 9.9982E-05 0.0015855 0.0341477 0.757334 9.9982E-05 0.0419339
0.0726968 9.9973E-05 9.9973E-05 9.9973E-05 0.773984 0.0814368 0.0715822
0.291207 0.0115145 9.9982E-05 9.9982E-05 0.534353 0.0699713 0.0927541
0.122501 9.9973E-05 0.0361341 9.9973E-05 0.70603 0.135036 9.9973E-05
0.688099 0.112034 0.00587186 0.01469 0.121442 9.9991E-05 0.0577632
0.3714 0.114313 0.0222962 0.00668877 0.304429 0.157194 0.0236792
0.290309 0.0711717 0.0316026 0.0926525 0.0903307 0.423834 9.9991E-05
0.493867 0.168147 0.0231076 0.0252545 0.197564 0.0533482 0.038712
0.200951 9.9973E-05 0.0142712 0.0839478 9.9973E-05 0.700531 9.9973E-05
0.74799 0.0938066 9.9973E-05 0.108542 9.9973E-05 0.0493608 9.9973E-05
0.327237 0.0710312 0.0419481 0.019927 0.43795 9.9991E-05 0.101806
0.625637 0.0629556 9.9973E-05 9.9973E-05 0.178897 0.132211 9.9973E-05
0.656702 0.103368 9.9982E-05 9.9982E-05 0.168056 0.0199339 0.0517402
0.329232 0.0545483 0.0250763 9.9982E-05 0.5752 9.9982E-05 0.0157433
0.189765 0.451366 0.0648588 0.0740024 0.0433771 0.0546906 0.12194
0.205627 0.661453 9.9973E-05 9.9973E-05 9.9973E-05 0.120291 0.012329
0.182207 0.674239 0.010423 0.0312236 0.0568571 0.04495 9.9991E-05
9.9982E-05 0.776284 9.9982E-05 0.0619733 0.0527887 0.103914 0.00483991
9.9973E-05 0.850089 0.0499432 9.9973E-05 9.9973E-05 0.0479188 0.051749
0.185332 0.714032 0.0347933 0.00553961 0.0102647 9.9991E-05 0.0499379
0.101202 0.662114 9.9982E-05 0.00298956 0.175629 0.0578645 9.9982E-05
9.9973E-05 0.7932 0.000638588 9.9973E-05 0.167416 9.9973E-05 0.0384458
9.9973E-05 0.846573 0.0364069 0.0735725 9.9973E-05 0.0431477 9.9973E-05
0.130699 0.690895 0.0267295 9.9973E-05 9.9973E-05 9.9973E-05 0.151376
9.9964E-05 0.817866 9.9964E-05 0.0726281 0.109106 9.9964E-05 9.9964E-05
9.9964E-05 0.798728 9.9964E-05 9.9964E-05 0.0776142 9.9964E-05 0.123258
0.0544233 0.86906 0.00525017 0.0183392 9.9982E-05 9.9982E-05 0.0527274
0.175779 0.741795 0.0135742 0.0685515 9.9973E-05 9.9973E-05 9.9973E-05
0.0316153 0.741899 0.0371424 9.9982E-05 0.0847704 9.9982E-05 0.104373
0.174946 0.122257 0.0771132 0.00538604 0.42578 0.194418 9.9991E-05
0.259462 0.184245 9.9982E-05 0.0158712 0.533279 9.9982E-05 0.00694237
9.9982E-05 0.123848 9.9982E-05 0.0501429 0.779488 0.0129768 0.0333447
9.9982E-05 0.041993 0.0389891 9.9982E-05 0.729734 0.178701 0.0103837
0.315752 0.160581 0.0215406 0.0207224 0.279573 0.132924 0.0689053
9.995E-05 9.995E-05 0.9994 9.995E-05 9.995E-05 9.995E-05 9.995E-05
9.9973E-05 0.744067 0.0210176 0.0137818 9.9973E-05 0.220834 9.9973E-05
9.9964E-05 0.124632 9.9964E-05 0.125419 0.74955 9.9964E-05 9.9964E-05
0.242717 0.0803233 9.9973E-05 9.9973E-05 0.477787 0.198874 9.9973E-05
0.299366 0.22753 9.9982E-05 9.9982E-05 0.0226408 0.239688 0.210575
0.108284 0.136822 0.0445469 0.101113 0.0531875 0.497684 0.0583617
9.9973E-05 0.0608401 9.9973E-05 9.9973E-05 0.0333628 0.85984 0.0456574
9.995E-05 9.995E-05 0.9994 9.995E-05 9.995E-05 9.995E-05 9.995E-05
0.284311 0.146234 0.0641285 0.0147784 0.20096 0.289488 9.9991E-05
0.15065 0.0723637 9.9982E-05 9.9982E-05 0.222439 0.382882 0.171465
0.376707 0.25181 0.057544 0.0666379 0.119923 0.101112 0.0262654
0.0592603 9.9982E-05 0.0406708 0.0810017 9.9982E-05 0.0954424 0.723425
0.130968 9.9982E-05 0.0161506 0.487911 9.9982E-05 0.0207969 0.343974
0.143089 0.0151724 9.9973E-05 0.390642 9.9973E-05 9.9973E-05 0.450797
0.0584504 9.9982E-05 0.0499194 0.601717 9.9982E-05 0.134348 0.155365
0.0481078 0.0366073 0.0617625 0.707631 0.00349241 9.9991E-05 0.142299
0.0687814 0.0425675 9.9973E-05 0.619824 9.9973E-05 9.9973E-05 0.268528
0.31281 9.9955E-05 9.9955E-05 0.68669 9.9955E-05 9.9955E-05 9.9955E-05
0.140849 9.9973E-05 0.000503743 0.252085 9.9973E-05 9.9973E-05 0.606262
9.9955E-05 9.9955E-05 0.00687365 9.9955E-05 9.9955E-05 9.9955E-05 0.992627
0.115075 9.9982E-05 0.0315288 0.751815 9.9982E-05 0.053804 0.0475772
0.0470416 9.9991E-05 0.0150746 0.309277 0.0621796 0.261068 0.305259
9.995E-05 9.995E-05 9.995E-05 9.995E-05 9.995E-05 9.995E-05 0.9994
0.0682219 9.9982E-05 9.9982E-05 0.478698 0.0653547 0.0897351 0.29779
0.114147 9.9982E-05 0.0773826 0.153223 9.9982E-05 0.441005 0.214042
0.0993309 0.743327 0.0118759 0.0714115 0.0738548 9.9982E-05 9.9982E-05
0.0680331 0.796163 0.00594389 9.9991E-05 0.0788982 0.025814 0.025048
9.9973E-05 0.771286 0.0119227 9.9973E-05 0.190558 9.9973E-05 0.0259332
0.226878 0.000256874 0.010235 0.597765 9.9991E-05 0.0718457 0.0929194
9.9982E-05 9.9982E-05 0.0616437 0.461055 0.0375924 0.40885 0.030659
9.9982E-05 0.0669435 0.0208728 0.732394 9.9982E-05 0.16675 0.01284
9.9982E-05 0.0129476 0.0520944 0.580992 9.9982E-05 0.221964 0.131801
9.9982E-05 0.029186 0.0287105 0.788151 0.095526 9.9982E-05 0.0582262
0.212342 9.9982E-05 9.9982E-05 0.0725623 0.0453048 0.576129 0.0934624
0.26177 9.9964E-05 9.9964E-05 9.9964E-05 9.9964E-05 0.593038 0.144792
0.137795 9.9973E-05 9.9973E-05 0.0385482 9.9973E-05 0.728557 0.0947996
9.9964E-05 9.9964E-05 0.0176431 0.02172 9.9964E-05 0.960237 9.9964E-05
9.9982E-05 0.122398 0.0354141 0.00252573 0.0201761 0.819286 9.9982E-05
0.0226157 9.9973E-05 0.0227873 9.9973E-05 9.9973E-05 0.877289 0.0770077
9.9991E-05 0.0959211 0.00900541 0.0435106 0.153866 0.68355 0.0140474
0.225778 9.9973E-05 9.9973E-05 0.624278 9.9973E-05 0.0938236 0.0558205
9.9991E-05 0.0719985 0.129697 0.392272 0.10225 0.210815 0.0928676
9.9991E-05 0.0425213 0.02312 0.399701 0.0249672 0.132279 0.377311
0.0780973 0.058426 0.0249993 0.536678 9.9982E-05 9.9982E-05 0.301599
0.286352 9.9964E-05 0.00911455 0.704134 9.9964E-05 9.9964E-05 9.9964E-05
0.0758532 0.668333 0.0207712 0.0703472 0.0260581 0.138538 9.9991E-05
0.0109359 0.131392 9.9991E-05 0.278415 0.0340718 0.501861 0.0432236
0.0737321 9.9982E-05 9.9982E-05 0.163078 0.044145 0.712181 0.00666412
9.995E-05 9.995E-05 0.9994 9.995E-05 9.995E-05 9.995E-05 9.995E-05
0.129488 0.122773 0.00694228 9.9991E-05 0.611364 0.098719 0.0306137
0.153342 0.111879 0.0298436 9.9982E-05 0.619464 9.9982E-05 0.0852711
0.487074 0.035696 0.0263062 9.9991E-05 0.257914 0.0677938 0.125116
0.571229 0.194172 0.0414689 0.109381 9.9982E-05 0.0835501 9.9982E-05
0.161099 0.0789026 9.9973E-05 0.0897664 0.669932 9.9973E-05 9.9973E-05
9.9964E-05 0.0157388 9.9964E-05 9.9964E-05 9.9964E-05 0.847529 0.136333
9.9982E-05 0.500969 0.0384779 9.9982E-05 0.278655 0.112164 0.0695339
9.9973E-05 9.9973E-05 0.0781116 0.195395 0.0511552 0.675038 9.9973E-05
0.0594456 0.259286 0.00539251 0.0706776 0.243152 0.361947 9.9991E-05
0.496915 0.124422 9.9973E-05 9.9973E-05 0.347064 9.9973E-05 0.0312996
0.259829 0.0682614 9.9982E-05 0.0268406 0.490303 0.154566 9.9982E-05
0.321978 0.127916 9.9973E-05 9.9973E-05 0.289612 0.260195 9.9973E-05
0.771839 9.9964E-05 9.9964E-05 9.9964E-05 9.9964E-05 0.135343 0.0924183
0.00216006 0.0283194 0.0127376 9.9982E-05 0.594382 0.362201 9.9982E-05
0.880324 0.0186574 9.9964E-05 9.9964E-05 9.9964E-05 0.100619 9.9964E-05
9.9991E-05 0.0948121 0.0188279 0.0936883 0.128998 0.510641 0.152933
0.104091 0.0509185 0.0844024 0.102644 0.0158054 0.620994 0.021144
0.0576909 0.00973968 0.0799405 0.194902 0.00278443 0.617829 0.0371132
0.190852 0.161742 9.9973E-05 9.9973E-05 0.0447667 0.60234 9.9973E-05
0.252215 0.129676 9.9991E-05 0.069204 0.103192 0.37343 0.0721831
0.276606 0.368194 9.9982E-05 0.111824 0.222353 0.0208228 9.9982E-05
0.0373424 0.0165456 0.0132402 0.596 0.111597 9.9991E-05 0.225175
0.0107073 0.0431668 0.0234324 0.630699 9.9991E-05 0.223842 0.0680524
9.9991E-05 0.0977788 0.00297711 0.0307985 0.200982 0.456277 0.211087
0.422773 0.0722465 0.0332693 9.9982E-05 9.9982E-05 0.221836 0.249675
9.9982E-05 0.204879 0.0435603 9.9982E-05 0.21042 0.27285 0.268091
9.9973E-05 0.691323 9.9973E-05 9.9973E-05 0.0122693 0.278184 0.0179243
9.9973E-05 0.0132623 0.0178313 0.632903 9.9973E-05 0.335703 9.9973E-05
0.088204 9.9982E-05 9.9982E-05 0.367724 0.0461422 0.066964 0.430766
0.0227201 9.9982E-05 9.9982E-05 0.34191 0.0738782 0.39597 0.165322
9.9982E-05 0.457001 0.0475124 0.0430739 0.334706 0.117506 9.9982E-05
0.193483 0.212961 0.00358098 0.081654 0.508121 9.9982E-05 9.9982E-05
0.236398 9.9982E-05 0.0247232 0.0630417 0.52276 0.152878 9.9982E-05
0.100131 0.0396903 9.9982E-05 0.0316939 0.754522 9.9982E-05 0.0737627
0.262049 0.332496 9.9973E-05 9.9973E-05 0.37029 9.9973E-05 0.0348645
0.180408 0.109322 0.0209194 9.9982E-05 0.595156 0.0939946 9.9982E-05
9.9973E-05 0.0569688 9.9973E-05 0.00211814 0.87996 0.0606536 9.9973E-05
0.244642 9.9982E-05 0.0203102 0.00539302 0.643815 9.9982E-05 0.0856396
0.150402 0.341676 0.00202838 0.0782659 0.427428 9.9982E-05 9.9982E-05
0.914233 0.0357798 9.9973E-05 9.9973E-05 0.00756503 0.0421224 9.9973E-05
0.85564 0.0835383 0.0199139 9.9982E-05 9.9982E-05 0.0361127 0.00459512
0.877031 9.9964E-05 9.9964E-05 9.9964E-05 0.088177 9.9964E-05 0.0343927
0.315302 0.227116 9.9991E-05 0.0258174 0.271255 0.0711137 0.0892962
0.889882 9.9982E-05 0.0216159 0.0550571 0.00906364 9.9982E-05 0.024181
0.597174 0.13216 0.00279158 9.9991E-05 0.0613388 0.179336 0.0270997
0.248359 0.0627013 0.00918496 0.00148421 0.591306 0.0868648 9.9991E-05
0.031259 0.824233 9.9973E-05 9.9973E-05 9.9973E-05 0.142498 0.00171084
9.9964E-05 0.832048 9.9964E-05 9.9964E-05 0.0797005 0.0878516 9.9964E-05
0.15298 0.8151 0.03152 9.9964E-05 9.9964E-05 9.9964E-05 9.9964E-05
0.10974 0.65538 0.00154543 0.0561054 0.122752 9.9991E-05 0.0543778
9.9991E-05 0.738295 0.00161041 0.0210045 0.120957 0.074845 0.0431883
0.244074 9.9982E-05 0.0191239 0.0743416 0.50339 0.15887 9.9982E-05
9.9973E-05 0.0726497 0.0382696 9.9973E-05 0.705608 0.183173 9.9973E-05
9.99549E-05 9.99549E-05 9.99549E-05 0.330598 9.99549E-05 9.99549E-05 0.668902
0.079348 0.0156397 0.029435 0.783027 9.9991E-05 0.0596254 0.0328251
9.9982E-05 0.0306428 0.0100537 0.840913 0.0552694 9.9982E-05 0.0629213
0.0274819 0.0379191 9.9973E-05 0.633977 9.9973E-05 0.300322 9.9973E-05
0.0485823 0.03261 0.0221473 0.796337 9.9991E-05 0.024934 0.0752895
9.9982E-05 0.156394 0.0137478 0.682346 9.9982E-05 0.000796096 0.146516
9.9973E-05 9.9973E-05 0.0172377 0.917763 0.0401808 9.9973E-05 0.0245184
9.9982E-05 0.0795897 9.9982E-05 0.555467 0.00349808 0.00748766 0.353758
9.9973E-05 0.0209588 9.9973E-05 0.70773 0.0692631 9.9973E-05 0.201748
9.9973E-05 0.077879 9.9973E-05 0.639005 9.9973E-05 0.0156093 0.267207
9.9964E-05 9.9964E-05 0.0327892 0.826164 9.9964E-05 0.140647 9.9964E-05
0.045025 0.136912 0.0315522 0.72061 9.9982E-05 9.9982E-05 0.0657006
0.0149942 0.0191749 0.0119956 0.69046 0.115243 0.0579039 0.0902288
9.9982E-05 0.0720183 0.000214979 0.669215 0.0265736 9.9982E-05 0.231778
9.9991E-05 0.0122896 0.0151401 0.722023 0.0638498 0.0324117 0.154186
9.9964E-05 9.9964E-05 0.00193284 0.892454 0.105213 9.9964E-05 9.9964E-05
9.9973E-05 0.0977803 9.9973E-05 0.78514 0.0198338 9.9973E-05 0.0969455
0.00524045 0.020282 9.9982E-05 0.136287 0.0516419 0.786348 9.9982E-05
9.9964E-05 0.015082 9.9964E-05 9.9964E-05 0.108044 0.876475 9.9964E-05
9.9973E-05 9.9973E-05 9.9973E-05 0.810358 0.0583677 0.0541529 0.0768211
9.9973E-05 9.9973E-05 0.0249891 0.328803 0.254018 9.9973E-05 0.39189
9.995E-05 9.995E-05 9.995E-05 9.995E-05 9.995E-05 9.995E-05 0.9994
0.110209 9.9973E-05 9.9973E-05 9.9973E-05 0.0419692 0.671831 0.175691
0.14594 9.9982E-05 0.00833962 0.0507115 0.768915 0.0258939 9.9982E-05
0.154833 0.161958 0.028279 9.9973E-05 0.65463 9.9973E-05 9.9973E-05
9.9973E-05 0.366244 9.9973E-05 9.9973E-05 0.429755 0.0739177 0.129784
0.218407 0.558349 9.9982E-05 0.0438097 0.150959 0.0282746 9.9982E-05
9.9964E-05 0.776631 9.9964E-05 0.0161397 9.9964E-05 0.206829 9.9964E-05
0.0535927 0.800373 9.9973E-05 9.9973E-05 9.9973E-05 0.0466224 0.0991117
0.00233281 0.776889 0.00550314 9.9982E-05 0.157592 0.0574834 9.9982E-05
0.208911 0.66962 0.00638646 0.019783 9.9982E-05 0.0950996 9.9982E-05
9.9982E-05 0.693756 0.0354199 0.0743122 9.9982E-05 0.193112 0.00319994
9.9973E-05 0.735534 0.0423473 0.106372 0.115446 9.9973E-05 9.9973E-05
9.9982E-05 0.0640926 0.0233204 9.9982E-05 0.80796 0.0684084 0.036019
0.0219172 0.00634446 0.0511285 0.000531702 0.791486 9.9991E-05 0.128492
0.100081 9.9982E-05 0.0368465 9.9982E-05 0.667403 0.119794 0.0756757
9.99641E-05 9.99641E-05 9.99641E-05 0.0365155 0.732071 0.231013 9.99641E-05
0.0869308 9.9982E-05 0.0031668 9.9982E-05 0.718834 0.186541 0.00432725
0.0610958 0.023563 9.9982E-05 0.026718 0.553032 0.335391 9.9982E-05
0.585884 0.102998 0.00136494 9.9991E-05 0.184936 0.0659354 0.0587819
0.835124 0.0589414 9.9973E-05 9.9973E-05 9.9973E-05 0.0242238 0.0814111
0.931243 9.9973E-05 0.0307695 0.0197777 9.9973E-05 0.0179096 9.9973E-05
0.732048 0.0604036 0.00705468 0.0221837 0.0425794 0.105351 0.0303791
0.867699 0.0372427 0.00149934 0.0528655 0.0384512 9.9991E-05 0.00214237
0.158653 0.625075 0.124535 0.0914378 9.9973E-05 9.9973E-05 9.9973E-05
0.0474694 9.9991E-05 0.00457245 0.268248 0.0418818 0.0650411 0.572687
9.9982E-05 0.0833233 0.0495127 0.598358 9.9982E-05 0.0771946 0.191412
9.9973E-05 0.05096 9.9973E-05 0.847136 9.9973E-05 0.0984747 0.00312976
0.117192 9.9973E-05 9.9973E-05 0.68194 9.9973E-05 0.182108 0.0184601
9.9982E-05 0.0943151 0.0154238 0.808894 0.0671018 9.9982E-05 0.0140653
0.493472 0.213901 0.00683115 0.032727 0.0468242 0.107973 0.0982724
0.383393 0.240708 0.0256658 9.9991E-05 0.229522 0.0615161 0.0590942
0.874735 9.9973E-05 0.0435691 9.9973E-05 0.0613962 9.9973E-05 0.02
0.101678 0.209527 0.0337774 9.9991E-05 0.433909 0.217437 0.00357111
