0.00315176 0.690188 0.0138794 0.160252 0.132529
9.999E-05 0.765537 0.00364713 0.165489 0.0652273
0.017804 0.695814 0.0304427 0.0679465 0.187993
0.00993987 0.750695 0.00442385 0.190336 0.0446056
0.0531533 0.945719 9.9982E-05 9.9982E-05 0.000927845
0.0546277 0.843428 9.9991E-05 0.0966751 0.00516933
0.00908151 0.713782 9.9991E-05 0.207026 0.0700107
9.9982E-05 0.775586 0.0420832 0.182131 9.9982E-05
0.121053 0.706824 0.0160338 0.00478021 0.151309
0.00791593 0.470798 0.0271399 0.290347 0.2038
0.0876537 0.281159 0.0710761 0.432368 0.127743
0.033768 0.469847 0.0321645 0.192255 0.271965
0.0731598 0.0540614 0.04914 0.783397 0.040242
0.0825649 0.457377 9.9991E-05 0.175763 0.284196
0.0782909 0.711719 0.0535563 9.9991E-05 0.156334
9.999E-05 0.655459 0.0163047 0.256119 0.0720177
0.0349695 0.714548 9.9991E-05 0.0510769 0.199305
9.9982E-05 0.865857 0.0391491 9.9982E-05 0.0947944
0.107467 0.0847775 0.0728872 0.187492 0.547376
0.000345287 0.127172 0.00832674 0.16125 0.702906
0.0289254 0.240261 0.0268873 0.00360497 0.700322
0.019775 9.9991E-05 0.0123325 0.113242 0.85455
9.9982E-05 9.9982E-05 0.051637 0.100139 0.848024
9.999E-05 0.122396 0.0394035 0.0406015 0.797499
9.9982E-05 0.178936 9.9982E-05 0.150715 0.670148
9.9991E-05 0.0543152 0.0198401 0.051922 0.873823
0.0507439 9.9982E-05 0.0459075 9.9982E-05 0.903149
0.0652355 9.9982E-05 0.0298222 9.9982E-05 0.904742
0.0409355 0.0308621 9.9982E-05 9.9982E-05 0.928002
0.0881577 0.0659073 9.9982E-05 9.9982E-05 0.845735
0.0697253 0.000961755 9.9982E-05 9.9982E-05 0.929113
0.0263222 0.0697214 0.0379721 9.9991E-05 0.865884
9.9991E-05 0.0194862 0.087321 0.0888131 0.80428
9.9991E-05 0.515794 0.0585316 0.322371 0.103204
0.0232214 0.634647 0.00910622 9.9991E-05 0.332925
0.0604715 0.710739 9.9991E-05 0.112754 0.115936
9.9991E-05 0.713862 0.0412357 0.22642 0.0183822
0.10239 0.500947 0.016609 0.190179 0.189874
9.997E-05 9.997E-05 0.9996 9.997E-05 9.997E-05
9.9982E-05 9.9982E-05 0.0320634 0.183124 0.784613
0.138998 0.715797 0.000666891 9.9991E-05 0.144439
9.9982E-05 0.615241 9.9982E-05 0.206182 0.178377
0.131622 0.277758 9.9991E-05 0.317332 0.273187
0.13013 0.0852163 0.054113 0.591626 0.138914
9.9991E-05 0.0320134 0.00895654 0.921517 0.0374135
9.997E-05 9.997E-05 0.9996 9.997E-05 9.997E-05
9.9991E-05 0.366604 0.10223 0.301626 0.229439
0.0787701 0.301937 9.9991E-05 0.488558 0.130635
0.0748453 0.294309 0.034502 0.244608 0.351736
0.756551 0.019806 0.0105764 0.208528 0.00453876
0.779458 9.99862E-05 0.0275715 0.19277 9.99862E-05
0.83934 0.16036 9.9973E-05 9.9973E-05 9.9973E-05
0.734712 0.0805673 0.043103 0.140518 0.00109966
0.818614 0.0678582 0.0459025 9.9991E-05 0.0675248
0.851074 0.0454267 9.9991E-05 0.0117894 0.0916095
0.746904 0.213744 9.9982E-05 0.0391527 9.9982E-05
0.830112 0.100262 9.9982E-05 0.0694269 9.9982E-05
0.849185 9.9991E-05 0.0436299 0.0495165 0.0575689
0.798433 0.0812601 0.0562996 0.0639071 9.9991E-05
0.589812 0.147072 0.0357178 0.227298 9.9991E-05
0.857667 9.9982E-05 9.9982E-05 0.0734566 0.0686766
0.691665 0.0701864 9.9991E-05 0.152082 0.0859666
0.326403 0.0524947 0.0626335 0.558369 9.9991E-05
0.0535366 0.106228 0.0355035 0.00549138 0.79924
0.0126636 0.179908 0.0278788 0.0284607 0.751089
9.9991E-05 0.0839408 0.0221316 0.0132419 0.880586
0.698821 0.0541609 0.0249169 0.206962 0.0151395
0.476468 0.0405346 0.0798928 0.403004 9.9991E-05
0.736457 9.9991E-05 0.0100726 0.223431 0.0299394
0.672739 9.9982E-05 0.0556217 0.271439 9.9982E-05
0.84731 0.046354 0.071459 9.9991E-05 0.0347765
0.11532 0.221905 0.00136403 0.661312 9.9991E-05
0.100968 0.19373 9.9982E-05 0.705103 9.9982E-05
0.0888773 0.105091 0.000450345 0.783315 0.0222658
9.9973E-05 9.9973E-05 0.0167515 0.982949 9.9973E-05
9.9982E-05 9.9982E-05 0.0287792 0.911589 0.0594317
9.9982E-05 9.9982E-05 0.0421366 0.9475 0.0101633
0.0300837 0.0715912 0.0200575 0.760576 0.117692
0.651337 0.0871564 9.9982E-05 0.261307 9.9982E-05
0.405561 0.134131 0.120721 0.339487 9.9991E-05
0.714691 9.9991E-05 0.0136412 0.170876 0.100692
0.761798 9.9991E-05 0.0504473 0.114805 0.0728504
0.74335 0.223328 0.0331211 9.9982E-05 9.9982E-05
0.0218911 0.013954 0.0446843 0.163364 0.756106
0.274691 0.0937551 9.9991E-05 0.555728 0.075726
0.0675108 0.0115026 9.9982E-05 0.920787 9.9982E-05
9.997E-05 9.997E-05 0.9996 9.997E-05 9.997E-05
9.9982E-05 0.656814 9.9982E-05 0.176217 0.166769
9.9991E-05 0.708725 0.0388151 0.129972 0.122388
9.9991E-05 0.557103 0.0407347 0.283137 0.118925
0.0715254 0.340499 0.0516033 0.272568 0.263804
0.0933222 0.809075 9.9991E-05 0.0103765 0.087126
0.135384 9.9973E-05 9.9973E-05 0.864316 9.9973E-05
0.00912429 0.140528 0.04219 0.235981 0.572177
0.238483 0.118679 0.0934069 0.549331 9.9991E-05
0.0459136 0.225146 0.04183 0.41298 0.27413
0.0108898 0.807084 9.9982E-05 9.9982E-05 0.181826
9.9982E-05 0.601912 9.9982E-05 0.315993 0.0818946
9.9982E-05 0.573832 9.9982E-05 0.280618 0.14535
0.0658324 0.690463 0.00912993 0.210385 0.0241894
9.9991E-05 0.457241 0.0147559 0.469876 0.0580274
9.9982E-05 0.690558 9.9982E-05 0.196178 0.113064
0.227184 0.0472177 0.0279048 0.649365 0.0483285
0.161155 0.0646629 0.0975898 0.633721 0.0428709
0.206405 0.0844933 0.102218 0.606784 9.9991E-05
9.9982E-05 0.10185 9.9982E-05 0.638654 0.259295
0.0924429 0.245925 9.9991E-05 0.521998 0.139534
0.0517177 0.4321 9.9991E-05 0.0676165 0.448465
0.803211 0.166068 0.0305212 9.9982E-05 9.9982E-05
0.716311 0.0312129 0.0164938 0.200209 0.0357728
0.13867 9.9991E-05 0.00351908 0.648467 0.209244
0.168609 0.197434 0.015911 0.481293 0.136752
0.108767 0.0755353 0.0681175 0.513125 0.234455
9.9973E-05 9.9973E-05 9.9973E-05 0.236846 0.762854
0.619837 9.9991E-05 0.0511787 0.321353 0.00753064
0.668213 9.9991E-05 0.00110372 0.318698 0.0118853
0.470741 0.090847 9.9982E-05 0.438212 9.9982E-05
0.0475396 0.363247 0.0622646 0.0539478 0.473001
0.0827765 0.683276 0.00622589 9.9991E-05 0.227622
0.0865248 0.794007 0.0107332 0.108635 9.9991E-05
0.102402 0.814984 9.9991E-05 0.0637793 0.0187343
0.037976 0.528569 9.9991E-05 0.050882 0.382473
9.9991E-05 0.669488 0.0175884 0.148939 0.163884
9.9982E-05 0.808152 9.9982E-05 0.0978052 0.0938428
0.0760551 0.910744 0.0130011 9.9982E-05 9.9982E-05
0.0194049 0.492509 9.9991E-05 0.133448 0.354538
9.9982E-05 0.705702 9.9982E-05 0.12364 0.170458
9.9991E-05 0.682712 0.0265709 0.129082 0.161536
9.9991E-05 0.676958 0.0224909 0.202727 0.0977241
0.0874378 0.535107 0.0147212 0.0936373 0.269097
0.0615916 0.784104 0.0392142 0.0787351 0.0363556
9.9991E-05 0.491935 0.00892978 0.321734 0.177301
9.9982E-05 0.797925 9.9982E-05 0.147622 0.0542537
0.0104856 9.9982E-05 9.9982E-05 0.101227 0.888088
9.9973E-05 9.9973E-05 9.9973E-05 0.0962515 0.903449
9.9982E-05 0.0641955 0.0391243 9.9982E-05 0.89648
0.093598 0.0514991 0.000719021 9.9991E-05 0.854084
0.0374165 0.052926 0.00385705 0.0884476 0.817353
0.086411 0.691898 9.9982E-05 0.221491 9.9982E-05
9.9991E-05 0.683806 0.0202178 0.212013 0.0838638
0.911676 9.9973E-05 9.9973E-05 0.0880245 9.9973E-05
0.815795 0.0496161 0.0234801 0.0758243 0.0352849
0.863984 0.101119 0.00628061 0.028516 9.9991E-05
0.597205 0.0443349 0.0140162 0.319682 0.0247617
0.867829 0.0923766 0.039594 9.9982E-05 9.9982E-05
0.82692 9.9982E-05 0.0123956 9.9982E-05 0.160484
0.879305 0.0348001 0.0118516 0.0739433 9.9991E-05
0.837724 9.9982E-05 9.9982E-05 0.0777467 0.0843292
0.864806 9.9982E-05 9.9982E-05 0.0389635 0.0960303
0.827309 9.9991E-05 0.00871901 0.100001 0.0638709
0.791289 0.019411 0.0333106 0.15589 9.9991E-05
0.777884 0.0365555 0.0343195 0.0451991 0.106042
0.815742 0.134234 0.0167548 9.9991E-05 0.0331693
0.907988 9.9982E-05 0.0195237 9.9982E-05 0.0722884
0.798808 0.0115522 0.00296961 0.18657 9.9991E-05
0.88896 0.0763756 0.0344645 9.9982E-05 9.9982E-05
0.863118 9.9991E-05 0.00204501 0.0786334 0.0561034
0.152146 0.087899 0.000449906 0.728158 0.0313465
9.9982E-05 0.148991 9.9982E-05 0.803279 0.0475299
0.838671 0.0466038 9.9982E-05 0.114526 9.9982E-05
0.655659 0.23165 0.00571267 0.106878 9.9991E-05
0.841527 9.9982E-05 9.9982E-05 0.156861 0.00141171
0.11635 0.107321 9.9982E-05 0.77613 9.9982E-05
0.0638447 0.842548 0.0272389 0.0662688 9.9991E-05
0.0165817 0.817612 0.0200048 9.9991E-05 0.145701
0.0516161 0.37718 9.9991E-05 0.098259 0.472845
9.9991E-05 0.157926 0.00543617 0.166537 0.670001
0.00625877 0.0652785 9.9991E-05 0.127856 0.800507
0.0362169 0.0472837 9.9991E-05 0.0616986 0.854701
0.0123691 0.181526 0.0238637 0.00981818 0.772423
9.9991E-05 0.0902801 0.0280675 0.0971381 0.784414
0.0884723 0.00320192 0.0388091 0.135505 0.734012
0.0572158 0.0617612 0.0471571 0.00413773 0.829728
0.0149185 0.744006 0.0331782 0.121083 0.0868149
0.0661181 0.742388 0.0657288 0.0941975 0.031568
0.0291204 0.716682 0.0484084 0.205689 9.9991E-05
9.9973E-05 0.632622 9.9973E-05 0.367078 9.9973E-05
9.9982E-05 0.756136 0.0346978 0.208967 9.9982E-05
9.9973E-05 0.538538 9.9973E-05 0.461162 9.9973E-05
9.9991E-05 0.560021 0.0119638 0.252247 0.175667
0.0410158 0.48298 0.000482784 0.250249 0.225272
0.0174891 0.685354 0.0547186 0.158715 0.083724
0.0398949 0.495484 9.9991E-05 0.218018 0.246503
0.0349236 0.708542 0.0231495 0.160724 0.0726612
0.0941537 0.0611761 0.156029 0.0425846 0.646056
0.738495 0.0350819 0.0188034 0.202683 0.00493689
0.769963 0.0148395 0.0460446 0.106824 0.0623293
0.864837 9.9982E-05 0.00787036 0.127092 9.9982E-05
0.707761 0.16072 0.0211556 0.110263 9.9991E-05
0.814629 0.0803901 0.0246184 9.9991E-05 0.0802621
0.126525 0.420521 0.0427557 0.147665 0.262533
0.0197748 0.545982 0.0380534 0.114357 0.281833
0.0144227 0.788797 0.0538303 9.9991E-05 0.14285
9.9991E-05 0.420288 0.0542101 0.225531 0.299871
