9.9991E-05 0.748165 0.123865 0.121102 0.00676832
0.00211824 0.786841 0.0683618 0.0991022 0.043577
9.999E-05 0.59378 0.178555 0.197554 0.0300106
9.999E-05 0.810906 0.00536688 0.159215 0.0244115
0.0698385 0.929862 9.9973E-05 9.9973E-05 9.9973E-05
0.110804 0.871122 9.9982E-05 0.017874 9.9982E-05
9.9982E-05 0.791946 0.00871955 0.199134 9.9982E-05
9.9982E-05 0.769258 9.9982E-05 0.200545 0.0299969
0.112298 0.712309 0.165995 9.9991E-05 0.00929813
9.999E-05 0.449396 0.211047 0.311285 0.0281715
0.105797 0.324996 0.0728616 0.449978 0.046368
0.0151954 0.471594 0.222351 0.267146 0.0237125
0.037169 0.043457 0.0538301 0.807237 0.0583065
0.0779024 0.542777 0.16749 0.211731 9.9991E-05
0.0927457 0.69159 0.175494 9.9991E-05 0.0400701
9.999E-05 0.610189 0.0767487 0.309619 0.00334315
0.0200171 0.673297 0.24698 0.047181 0.0125246
9.9982E-05 0.938557 0.0233889 9.9982E-05 0.0378539
0.0841791 0.133407 0.526544 0.191706 0.0641633
9.9982E-05 0.141907 0.69074 0.167152 9.9982E-05
0.0328549 0.289673 0.660551 0.000983714 0.0159377
9.9982E-05 9.9982E-05 0.823001 0.143546 0.033253
0.0245009 9.9991E-05 0.937669 0.00680003 0.03093
0.0229305 0.10509 0.834007 9.9991E-05 0.0378727
0.0152748 0.241699 0.663469 0.0794575 9.9991E-05
9.9973E-05 0.0901645 0.909536 9.9973E-05 9.9973E-05
0.100844 9.9982E-05 0.860203 9.9982E-05 0.0387523
0.0182409 9.9991E-05 0.862322 0.091311 0.0280258
0.0544009 9.9973E-05 0.945299 9.9973E-05 9.9973E-05
0.090746 0.0524803 0.856574 9.9982E-05 9.9982E-05
0.0753634 9.9982E-05 0.911657 9.9982E-05 0.0127792
0.0566422 0.0615813 0.850134 0.0113063 0.0203359
9.9991E-05 0.0631841 0.77892 0.0882916 0.0695046
9.9991E-05 0.552469 0.142457 0.22393 0.0810441
0.00452028 0.64498 0.285639 0.0540536 0.0108068
0.116399 0.74447 0.112294 0.0267375 9.9991E-05
9.9991E-05 0.675499 0.0383442 0.263047 0.0230096
0.0626723 0.503332 0.17052 0.263375 9.9991E-05
9.997E-05 9.997E-05 9.997E-05 9.997E-05 0.9996
9.9982E-05 9.9982E-05 0.72576 0.264944 0.00909599
0.141813 0.676056 0.18193 9.9982E-05 9.9982E-05
9.9982E-05 0.657847 0.19059 0.151364 9.9982E-05
0.0621237 0.296886 0.279724 0.361167 9.9991E-05
0.0857581 0.0638285 0.0484775 0.746172 0.0557637
9.9982E-05 9.9982E-05 0.0261843 0.95724 0.0163761
9.997E-05 9.997E-05 9.997E-05 9.997E-05 0.9996
0.0106631 0.430828 0.190164 0.308087 0.060257
0.105434 0.337282 0.0890832 0.468101 9.9991E-05
0.0722199 0.330548 0.339094 0.235039 0.0230997
0.714716 9.9982E-05 9.9982E-05 0.257008 0.0280761
0.79773 0.00549537 9.9991E-05 0.16404 0.0326346
0.874003 0.125697 9.9973E-05 9.9973E-05 9.9973E-05
0.701264 0.0059512 0.00287939 0.231832 0.0580735
0.834181 0.0890636 0.0280707 9.9991E-05 0.0485851
0.880879 0.0601097 0.0588113 9.9982E-05 9.9982E-05
0.730733 0.268967 9.9973E-05 9.9973E-05 9.9973E-05
0.840396 0.107383 0.0154962 0.0339233 0.00280176
0.864004 9.9991E-05 0.0678469 0.042288 0.0257612
0.76919 0.0564459 9.9991E-05 0.13035 0.0439143
0.591353 0.095861 9.9991E-05 0.301995 0.0106915
0.823426 9.9982E-05 0.0916114 0.0847627 9.9982E-05
0.729872 0.0299626 0.0670464 0.173019 9.9991E-05
0.290824 9.9982E-05 9.9982E-05 0.643613 0.0653626
0.0228642 0.140185 0.794264 0.0177813 0.024905
0.0382878 0.123936 0.800481 9.9991E-05 0.0371958
9.9982E-05 0.125102 0.864282 9.9982E-05 0.0104159
0.670546 0.112246 0.0427722 0.163497 0.0109393
0.517273 0.0202045 9.9991E-05 0.384065 0.0783577
0.717222 0.0669318 0.0379598 0.143686 0.0342007
0.664856 9.9991E-05 0.0149265 0.26199 0.0581281
0.839237 0.0979128 0.0165759 9.9991E-05 0.0461739
0.154246 0.225153 9.9991E-05 0.617576 0.00292564
0.0211825 0.108382 9.9991E-05 0.856668 0.0136677
0.0730542 0.0172647 0.0353824 0.874199 9.9991E-05
9.9973E-05 9.9973E-05 9.9973E-05 0.986247 0.013453
9.9982E-05 9.9982E-05 0.107009 0.866285 0.0265061
9.9973E-05 9.9973E-05 9.9973E-05 0.978228 0.0214719
0.0806958 0.107201 0.0907823 0.707039 0.0142819
0.660503 0.147276 9.9982E-05 0.192021 9.9982E-05
0.387813 0.0971241 0.0402313 0.361536 0.113296
0.722009 9.9991E-05 0.0472216 0.205881 0.0247886
0.776728 9.9991E-05 0.0953203 0.0675428 0.0603087
0.724804 0.244043 9.9982E-05 9.9982E-05 0.0309535
0.00296682 0.0883422 0.720896 0.176117 0.0116783
0.283347 0.00458178 0.152255 0.559717 9.9991E-05
0.0994107 9.9973E-05 9.9973E-05 0.900289 9.9973E-05
9.997E-05 9.997E-05 9.997E-05 9.997E-05 0.9996
9.9982E-05 0.646749 0.192934 0.160118 9.9982E-05
9.9991E-05 0.812114 0.155308 0.00337021 0.0291078
0.00296384 0.601275 0.13472 0.231135 0.0299067
0.117705 0.351763 0.25578 0.23298 0.0417726
0.0613822 0.898886 0.0395314 9.9982E-05 9.9982E-05
0.17138 9.9982E-05 0.0326422 0.795777 9.9982E-05
0.00785815 0.223706 0.519241 0.204561 0.0446348
0.142489 0.0547856 9.9991E-05 0.730071 0.0725554
0.0697152 0.228827 0.310548 0.37253 0.0183802
9.9991E-05 0.83091 0.158354 0.00520696 0.00542919
9.9982E-05 0.64358 0.0942126 0.262008 9.9982E-05
9.9982E-05 0.540043 0.148249 0.311508 9.9982E-05
0.0259735 0.739233 9.9991E-05 0.209 0.0256935
9.9991E-05 0.546756 0.0707281 0.371256 0.0111598
9.9991E-05 0.655523 0.0171111 0.307792 0.0194738
0.183306 0.0396924 0.0784386 0.663828 0.0347351
0.146989 0.18847 0.0254699 0.56662 0.0724518
0.199966 0.083009 9.9991E-05 0.626414 0.0905108
9.9991E-05 0.205883 0.245409 0.545712 0.0028965
0.121559 0.27759 0.145744 0.455007 9.9991E-05
0.0896536 0.459274 0.450873 9.9982E-05 9.9982E-05
0.744941 0.23441 9.9982E-05 9.9982E-05 0.0204492
0.717207 0.0326828 9.9991E-05 0.198336 0.051674
0.142935 9.9982E-05 0.134288 0.722577 9.9982E-05
0.148504 0.191386 0.0757885 0.546791 0.0375293
0.129753 0.00811916 0.303561 0.518597 0.0399696
9.9973E-05 9.9973E-05 0.724793 0.274907 9.9973E-05
0.661274 9.9991E-05 0.0331595 0.272215 0.0332524
0.686551 0.0201736 9.9982E-05 0.293075 9.9982E-05
0.484415 0.0380146 9.9982E-05 0.47737 9.9982E-05
0.0731052 0.383388 0.481013 9.9991E-05 0.0623933
0.0374134 0.612965 0.264513 0.0783364 0.00677182
0.0429501 0.719559 0.0539479 0.153038 0.0305054
0.12993 0.744105 0.0603561 0.0655086 9.9991E-05
0.0311301 0.574229 0.394441 9.9982E-05 9.9982E-05
9.9991E-05 0.73675 0.171529 0.0591164 0.0325045
9.9982E-05 0.786245 0.111768 0.101787 9.9982E-05
0.107495 0.887322 9.9982E-05 9.9982E-05 0.00498306
0.0663293 0.46344 0.414835 0.0552963 9.9991E-05
0.0153122 0.749613 0.122443 0.108285 0.00434709
9.9991E-05 0.766087 0.110825 0.0779099 0.0450782
9.9991E-05 0.74379 0.101283 0.150206 0.00462109
0.105712 0.485135 0.235467 0.173587 9.9991E-05
0.0630714 0.741533 0.0307838 0.104326 0.0602861
0.0352684 0.529843 0.218894 0.213426 0.00256946
0.0443924 0.718679 0.0825152 0.154314 9.9991E-05
9.9973E-05 9.9973E-05 0.797135 0.202565 9.9973E-05
9.9973E-05 9.9973E-05 0.913302 0.0863979 9.9973E-05
9.9982E-05 0.0505475 0.914586 9.9982E-05 0.0346668
0.0703353 0.114309 0.714331 0.0923229 0.00870105
0.020164 0.0753388 0.788569 0.0942993 0.0216285
0.0890806 0.720509 9.9991E-05 0.1848 0.00551069
9.9991E-05 0.632018 0.187614 0.155365 0.0249028
0.900502 9.9973E-05 9.9973E-05 0.0991979 9.9973E-05
0.808242 0.117964 0.00761016 9.9991E-05 0.0660836
0.911133 0.0685322 0.0142954 9.9991E-05 0.00593931
0.605077 0.074581 0.0645012 0.255741 9.9991E-05
0.839822 0.0393076 9.9991E-05 0.111057 0.00971346
0.799226 9.9991E-05 0.170067 0.00448908 0.0261189
0.822682 0.00985895 9.9991E-05 0.144266 0.0230934
0.83566 0.00502601 0.0922656 0.0646537 0.00239416
0.830062 9.9982E-05 0.0585762 0.111162 9.9982E-05
0.829137 9.9991E-05 0.0715139 0.0910402 0.00820884
0.784524 0.0684977 9.9991E-05 0.102209 0.0446694
0.775505 0.119881 0.0581323 0.00161808 0.0448637
0.776556 0.150768 0.0538349 9.9991E-05 0.0187407
0.871521 0.0587718 0.0373097 0.00177265 0.0306254
0.817789 9.9991E-05 0.0559271 0.111036 0.0151478
0.873198 0.0938938 9.9982E-05 9.9982E-05 0.0327078
0.839418 9.9991E-05 0.0812321 0.0415811 0.0376683
0.154764 0.0531086 0.0356483 0.745244 0.0112347
9.9973E-05 0.0792281 9.9973E-05 0.920472 9.9973E-05
0.828723 0.0309168 9.9982E-05 0.14016 9.9982E-05
0.702015 0.235879 0.0272293 0.0277861 0.00709099
0.808326 9.9973E-05 9.9973E-05 0.191374 9.9973E-05
0.120549 0.161489 9.9982E-05 0.717762 9.9982E-05
9.9991E-05 0.852539 0.0113013 0.11883 0.01723
9.9982E-05 0.777397 0.18816 9.9982E-05 0.0342424
9.9982E-05 0.233171 0.482614 0.284015 9.9982E-05
9.9991E-05 0.1758 0.617646 0.189267 0.0171871
0.00610575 9.9982E-05 0.794517 0.199178 9.9982E-05
0.0605272 0.0838073 0.818803 0.0367624 9.9991E-05
9.9991E-05 0.164482 0.728837 0.0949803 0.0116005
9.9991E-05 0.0849341 0.778743 0.115313 0.0209101
0.0633907 0.0484451 0.749651 0.109804 0.0287091
0.0391968 0.0742876 0.81961 0.0385823 0.0283238
0.0592645 0.806901 0.0711947 0.0596979 0.00294232
0.024108 0.754433 0.0305406 0.152827 0.0380909
0.017684 0.793337 9.9991E-05 0.141984 0.0468948
9.99731E-05 0.753383 9.99731E-05 0.246317 9.99731E-05
9.9982E-05 0.874765 9.9982E-05 0.0945551 0.0304796
0.0644838 0.695633 9.9982E-05 0.239683 9.9982E-05
9.9982E-05 0.552771 0.211964 0.235065 9.9982E-05
0.0368411 0.646439 0.150487 0.145318 0.0209149
0.0156699 0.679368 0.0423189 0.210148 0.0524959
0.0390169 0.58253 0.167969 0.201676 0.00880798
0.0534261 0.69796 0.11064 0.112529 0.025445
0.0855671 0.066089 0.627613 0.0780254 0.142705
0.718198 0.0498337 0.00161617 0.204293 0.0260591
0.771077 9.9991E-05 0.0654862 0.120663 0.0426736
0.893608 0.0770672 9.9982E-05 9.9982E-05 0.029125
0.709074 0.0652198 0.0797102 0.11626 0.0297354
0.805339 0.0691891 0.079982 9.9991E-05 0.0453902
0.138408 0.444509 0.330591 0.048311 0.0381809
9.9991E-05 0.501741 0.261185 0.19789 0.0390844
0.0176049 0.797513 0.122603 9.9991E-05 0.0621798
0.012247 0.588922 0.24713 0.0980942 0.0536069
