9.9991E-05 0.167885 0.832015
9.999E-05 0.132911 0.866989
9.999E-05 0.210087 0.789813
0.0248759 0.104699 0.870425
0.0175363 0.0460392 0.936425
0.0460199 9.9991E-05 0.95388
0.0202383 0.114491 0.865271
9.999E-05 0.0281277 0.971772
0.0474476 0.200046 0.752507
0.0443212 0.258231 0.697448
0.21752 0.163135 0.619345
0.085822 0.285928 0.62825
0.304203 0.128723 0.567074
0.103321 0.213014 0.683666
0.0227747 0.322405 0.654821
0.0485733 0.128625 0.822802
9.9991E-05 0.25745 0.74245
9.9991E-05 0.130479 0.869421
0.190204 0.636523 0.173273
0.00967029 0.719261 0.271068
9.9991E-05 0.790031 0.209869
0.0667276 0.878107 0.0551653
0.0265533 0.973347 9.9991E-05
0.0136412 0.863933 0.122426
9.9991E-05 0.756607 0.243293
9.9991E-05 0.921023 0.0788774
0.0295034 0.970397 9.9991E-05
0.0300352 0.969865 9.9991E-05
0.00957095 0.990329 9.9991E-05
0.0492113 0.914242 0.0365463
0.0296377 0.970262 9.9991E-05
0.0108588 0.933448 0.0556931
0.00795093 0.988005 0.0040444
0.0622122 0.203806 0.733982
9.9991E-05 0.213725 0.786175
0.0391278 0.228347 0.732525
0.00501973 0.137502 0.857478
0.0882952 0.224551 0.687154
0.348728 0.651172 9.9991E-05
0.0810483 0.865515 0.0534372
0.102605 0.222225 0.67517
9.9991E-05 0.161033 0.838867
0.210763 0.361699 0.427538
0.357337 0.213318 0.429345
0.30143 0.143604 0.554967
0.372794 0.627107 9.9991E-05
0.0995157 0.291426 0.609059
0.225505 0.203513 0.570982
0.113569 0.423325 0.463106
0.894842 0.0427255 0.062433
0.931254 0.00740732 0.0613385
0.867475 9.9991E-05 0.132425
0.848687 0.0263965 0.124917
0.903108 0.0967923 9.9991E-05
0.915039 0.0308027 0.0541588
0.768786 9.9991E-05 0.231114
0.897971 0.0434202 0.0586083
0.920327 0.0795725 9.9991E-05
0.892703 9.9991E-05 0.107197
0.761721 9.9991E-05 0.238179
0.877885 0.122015 9.9991E-05
0.792663 0.0350799 0.172257
0.554439 0.0699018 0.375659
0.0192406 0.878206 0.102553
0.0114052 0.87221 0.116385
9.9991E-05 0.894508 0.105392
0.775866 0.0710975 0.153036
0.732623 0.0487161 0.218661
0.841057 0.0863055 0.0726376
0.881336 0.0437858 0.0748781
0.922369 0.0361723 0.0414586
0.328391 9.9991E-05 0.671509
0.319957 9.9991E-05 0.679943
0.349316 0.0742151 0.576469
0.344713 0.113724 0.541562
0.295244 0.183602 0.521154
0.376131 0.0344578 0.589411
0.323307 0.0974585 0.579235
0.794761 9.9991E-05 0.205139
0.622748 0.0319267 0.345326
0.853983 0.0644828 0.081534
0.892137 0.107763 9.9991E-05
0.798134 9.9991E-05 0.201766
0.066745 0.767239 0.166016
0.49687 0.12062 0.382511
0.388446 9.9991E-05 0.611454
0.396879 0.603021 9.9991E-05
0.00264761 0.228577 0.768776
9.9991E-05 0.252223 0.747677
0.0334556 0.212753 0.753791
0.143856 0.280876 0.575268
0.00799319 0.15617 0.835836
0.463614 0.00573746 0.530648
0.04656 0.610786 0.342654
0.458097 0.0465986 0.495304
0.136533 0.318073 0.545394
9.9991E-05 0.242265 0.757635
0.0194245 0.0754176 0.905158
0.00808342 0.160635 0.831282
0.0998078 0.125516 0.774676
0.03827 0.0922163 0.869514
9.9991E-05 0.0967627 0.903137
0.459951 0.0460668 0.493982
0.398584 0.105845 0.495571
0.432145 0.0861427 0.481712
0.10032 0.247606 0.652074
0.205799 0.157918 0.636282
0.0287328 0.516949 0.454318
0.854079 0.0492553 0.0966655
0.852788 0.0368392 0.110373
0.386971 0.154763 0.458266
0.337199 0.207906 0.454895
0.321937 0.265478 0.412585
0.0165292 0.80161 0.181861
0.806273 0.193627 9.9991E-05
0.789445 0.0272202 0.183335
0.620492 9.9991E-05 0.379408
0.0549783 0.595791 0.349231
0.000918039 0.315795 0.683287
0.0387355 0.0632962 0.897968
0.0722663 0.0631159 0.864618
9.9991E-05 0.436349 0.563551
9.9991E-05 0.241163 0.758737
0.0153016 0.124592 0.860106
0.0453342 0.0509006 0.903765
0.0171088 0.412751 0.57014
9.9991E-05 0.138662 0.861238
9.9991E-05 0.216345 0.783555
9.9991E-05 0.139413 0.860487
0.0714527 0.296876 0.631671
0.0779229 0.068495 0.853582
0.0747598 0.253741 0.671499
0.0103816 0.134446 0.855172
0.011075 0.946295 0.0426303
9.9991E-05 0.875635 0.124265
9.999E-05 0.9998 9.999E-05
0.0686243 0.883396 0.0479793
0.0407698 0.839402 0.119829
0.120507 9.9991E-05 0.879393
9.9991E-05 0.232957 0.766943
0.9998 9.999E-05 9.999E-05
0.897723 0.0814991 0.0207782
0.898798 0.0807504 0.0204514
0.779198 0.100063 0.120739
0.938224 9.9991E-05 0.0616763
0.891035 0.108865 9.9991E-05
0.964969 9.9991E-05 0.0349311
0.925308 0.0745924 9.9991E-05
0.906037 0.0938626 9.9991E-05
0.928212 0.0716882 9.9991E-05
0.872355 0.0473134 0.0803318
0.844536 0.0901444 0.06532
0.816847 0.108041 0.0751117
0.902494 0.0974065 9.9991E-05
0.897824 0.0330463 0.06913
0.983452 9.9991E-05 0.0164477
0.919503 0.0803967 9.9991E-05
0.433635 0.0168212 0.549544
0.244934 9.9991E-05 0.754966
0.942779 9.9991E-05 0.0571213
0.743955 9.9991E-05 0.255945
0.964651 0.0352495 9.9991E-05
0.345313 9.9991E-05 0.654587
9.999E-05 9.999E-05 0.9998
9.9991E-05 0.269065 0.730835
0.0291007 0.477425 0.493474
0.0123949 0.641718 0.345887
0.0353854 0.86909 0.0955249
0.0138153 0.928426 0.0577592
9.9991E-05 0.760237 0.239663
0.0259899 0.825596 0.148414
0.104789 0.815672 0.0795383
0.0633244 0.863467 0.0732087
0.00194925 0.153733 0.844318
0.0753488 0.113371 0.81128
0.0855503 9.9991E-05 0.91435
0.0318567 9.9991E-05 0.968043
0.00876413 9.9991E-05 0.991136
0.103975 0.0160599 0.879965
9.9991E-05 0.243525 0.756375
0.0831783 0.194755 0.722067
0.0275938 0.155625 0.816781
0.0765129 0.20846 0.715027
0.0500348 0.210152 0.739813
0.132461 0.766301 0.101238
0.84551 0.0372594 0.117231
0.870331 0.129569 9.9991E-05
0.935041 0.0648591 9.9991E-05
0.79581 0.0246663 0.179523
0.88392 0.104239 0.0118416
0.16162 0.352845 0.485534
0.0318348 0.370382 0.597783
9.9991E-05 0.248975 0.750925
0.0210067 0.296629 0.682365
