IBR/IBR_outputs/all.combrep_1/EucDistWater_Total.Silt_Total.WeatheringIndex_Total/EucDistWater_Total.Silt_Total.WeatheringIndex_Total.asc
NCOLS 160 
NROWS 95 
XLLCORNER 210004.651214014 
YLLCORNER 7350008.22228844 
CELLSIZE 4999.99999999997 
NODATA_value -9999 
[rows 42 to 62 of 95, columns 92 to 137 of 160]
6.50275334805717 11.4918733849986 6.89357108964527 4.97582504666571 8.4921233738604 9.70920736873762 11.1709433136219 7.17258036106147 7.79482215884307 6.45608570934047 3.03697089290721 5.48332860401033 5.81544871828338 3.93814110563585 2.38475799295567 4.31295173251995 2.42164236570639 3.34841131453533 5.21131486244284 3.50499796782397 5.04755982911888 5.12559006832492 2.58470860137642 5.64302755663946 9.01967973881211 5.29711580798701 2.3685426494411 2.39538312261373 2.97214976302604 6.33508840716514 5.76132780355712 6.44099485029725 7.6518557075348 6.3736746757137 4.00839901458798 3.82603905627519 3.16306212800629 2.45300247571142 5.12092936964282 9.62734573269376 10.4715486000998 5.74433709418468 2.86658761811373 5.31756592972959 3.51459603101205 2.85239644237092
4.91042097464623 10.5284747880802 6.96797153098914 5.12801879821262 4.12530969608196 4.75896562812015 7.54938516727759 3.98973982542875 6.13868318286419 10.6111451917213 8.85180958808349 9.51796049500449 6.29634553130712 2.83168656754013 3.26565666385363 7.91922144282709 4.78721607073341 3.39175310225528 5.3752801997834 8.31502993829224 9.43081042201558 9.1255050588933 3.60841675200654 3.6585081880176 7.10780144772819 6.64169079239956 5.74029953734698 2.44106107707016 4.20099393227589 2.69808739769121 3.76592668798957 6.55891955198287 4.5943614875711 4.16356376731495 7.72287289421605 5.95086922184473 3.91172644725478 2.3348788091061 7.36298739668118 12.2188995196912 11.3888856105387 4.80011341801122 2.28318826617139 3.33369924259694 2.57125648833504 2.99561627035469
3.7277516599931 9.11244333268603 6.02472521822095 3.44228827226715 6.31030679114034 6.80226434658439 3.71064236522456 6.1184543804669 10.3636678876217 15.1898460993287 15.9446378014732 15.4245183762415 10.8791640706097 6.11390262666567 2.63579988033925 6.99554515270584 6.18030172703459 3.27049327074494 7.16540553749508 13.3546110271054 11.7774967925458 5.68663225966438 4.05734988124828 4.6436281783075 5.22611285239431 2.79469330803938 3.44282558537457 2.82399032569982 3.60931112399025 4.79493409727178 6.19041929219489 4.90372464316321 2.68920838447724 3.64834409750472 5.42044153831939 3.04951650428012 2.62525236341512 1.90998649259256 4.92971132544278 6.71440652176142 9.9337503232628 4.56721297542997 3.34135337080971 7.37297742115742 6.56761452070045 4.24281289622277
4.17115120722321 9.15722000026319 7.58658674675674 6.43831993030452 9.48205198291819 8.50704088214149 6.93192398428827 8.95558425978043 10.1671136261303 12.2676847260533 13.9169799776225 16.9974540142566 12.4735326295987 5.63373427757534 3.46624505491009 3.79847755454486 4.75962560942402 3.90553902038525 9.0318216728587 14.0612041763294 11.3522147427157 7.20205874654178 5.5427217892019 4.54882579560809 2.46866815388018 3.75224734482026 3.00519573490555 2.75994436475457 3.86663926648284 5.22878517919894 3.9325083966208 4.99396641521532 2.85992269136423 2.98560249640573 2.99513629486039 2.83053197714035 5.30790058802953 4.84975389740565 4.18126072162143 5.50134124531282 9.67984161954179 5.23244167865127 5.36437383322806 5.96560197756827 5.1578214459634 2.64673767325064
4.18509819715646 6.39639292419139 4.07042915208868 9.16849033642318 9.56123989626167 4.28213887902201 5.34981035224136 7.60172603969107 3.99526568135244 5.87753018131654 7.45260424566075 11.2237369161613 11.533614317983 9.2263376077715 7.79927179504802 3.84037747614682 3.71795749225592 6.40572307409796 8.82704523743589 9.49237296906254 6.0707061002246 6.62389411301646 3.12266482239516 3.59966144201817 2.94961028701294 3.08040611268575 3.41539409251597 3.16889108806292 3.46037495350406 6.00551716241796 4.92335522863028 3.2727275741296 5.43946935336009 6.45572532939149 2.86992928424927 5.93954743353291 10.4150928083849 11.0134202987764 10.0214491307864 8.62750944279543 10.3515711173837 10.9355480892536 9.92006239811971 5.31160457071167 4.20380414792223 3.10354509274618
3.60364256558061 6.5999130182269 5.57573791715655 9.43080394505433 6.5094879839064 3.24125177659447 4.59999934356399 4.76253856378906 3.47126269456728 2.67032027639704 5.45675243037701 5.38827339019287 6.60280167900536 12.1683895613912 10.3451119238651 4.31707650216702 3.11687130242162 7.2802419890257 4.79351686270841 5.35726866084882 4.87364336922655 4.99916734134765 4.5619152737132 2.84041710684482 2.52718493411653 3.27240480260023 2.45600078264748 5.6471468011792 4.85064009227103 2.6512848398126 2.52735427997799 3.63747613040527 6.36985256423211 7.12741668534621 5.64659035345241 9.36513548225192 15.203907665144 16.4838734264344 10.3188644505276 4.44843731259989 6.57134232622863 12.8920368087304 10.6697673923651 6.86246653734729 7.72413192870553 8.11559009378543
5.78895936241487 5.13186178869024 8.36071600156224 10.0269747706598 7.09965632438551 5.41343193045094 6.74314458885201 7.00468542060941 5.21615740328721 4.09990699401128 6.20567332521848 4.2011492296059 5.5611661995294 10.2317767158574 7.42035432537457 2.76641582092798 3.88126151830261 4.63413499593367 6.83778695085916 7.66326238995969 6.96133769680424 4.11644737415618 5.34546478107272 2.93064220395171 3.62181234831524 2.05509434133328 2.43810879045896 5.5887049300856 3.51082081162598 3.75816186029765 4.7842541849145 3.45810882616199 6.91028183960044 4.12349579174467 5.81917917821078 11.248047487159 12.2999988439156 13.8463236753401 10.3981662586364 5.48063922869673 7.60128150493214 13.0517422070796 8.94122941926316 3.66145151396779 6.90101387362385 12.362610762345
6.43278232794904 6.03542250025217 9.29281556787194 4.80452700637626 6.46924303066086 8.68191496176364 4.38502706454358 5.83838656127199 9.37292156519988 9.28906846323467 6.21729485746438 4.53949365377923 3.37373734434272 7.53080696675513 4.49414424476751 3.81696889366057 6.80802767520728 3.90053774336465 7.10731523335936 10.7579318769985 9.13570725808986 3.97815724699955 3.96419526108345 3.29180333075277 4.36215211660083 2.09893285416159 2.89155613327207 3.28031765868067 4.20625824526113 4.30340214298964 2.74864686816753 3.05209033650933 7.31708663782582 9.07555019498427 9.41102680057363 7.71981837980594 5.48689700060601 7.32636216913151 10.3331239813943 11.6382020314373 12.9818387733223 16.024689965793 10.803521032351 5.93116840739999 5.50262380884649 8.63530393649109
5.80061154810704 7.3376778441713 15.1827636767969 3.5854520316572 3.79478014684184 4.5209155266443 2.92616627000684 4.84935020420603 9.61013298453696 9.99099898404423 5.03750807005836 6.09418900197671 8.26981305392642 7.65701519297008 2.84010108740473 6.24744537489716 8.42184164996697 4.51455612597791 3.42578521893445 7.71125524284654 10.7049678561021 7.26289274353316 6.93836302860115 2.74711615795733 4.62086154816051 9.15666268005728 14.6346006484436 11.9249570908013 4.16278860765502 4.29050597211294 3.83249605080624 7.58564005511481 8.12495412012047 10.168684857105 8.28268707211411 3.28849328162351 2.14343301745543 2.25742576485175 7.17106300342811 10.5769765181518 12.2363054000829 15.5773290154761 10.2895269371115 4.38122635602822 4.16796083327358 5.41125135218579
4.80598109916327 5.52165974830347 18.9648600012601 4.64246059165238 6.10927344872724 3.66212534619426 4.64827054162992 3.74830063759178 5.47078545785015 4.68488203936736 4.10622635206532 6.75154393547037 9.66748947731226 5.71850858290623 2.99601860862491 7.91254980717789 6.08372704788989 3.72723831124511 5.43268919918441 9.14455317221801 14.5683320663296 13.3367919828627 8.1032920635948 3.21321639907133 15.1353535376631 19.0945317799689 18.8086176081603 14.3634164736609 3.42911336688092 12.6519902962702 3.32916487576175 6.5122136112282 3.06365343177566 4.97008391489037 6.20298096568 2.71443690682254 3.28848035904299 3.00018769489652 5.05281381535744 4.24829190320016 6.82176865001074 11.9581365148574 11.3313090643314 9.0431290841607 4.80541572355881 3.16915655242645
33.6426792408861 18.7335793839924 16.1301861127697 10.5631404436461 10.1081275034958 5.21637343784765 6.05706869818427 3.92234756719744 3.0637330735708 4.15901923668707 3.3715690168942 5.16944767187881 3.72564935542136 2.39351905251295 4.43535991116331 5.34725392805747 5.18029862001208 4.3799116065045 2.94021283661242 7.51369998376097 13.5321024582936 12.3109404256065 7.7140506126612 8.81943757827446 13.6790785841124 9.498510025011 6.68761142069129 29.4556851275263 10.3021278952704 9.64852343159383 2.39026290715914 5.65680049245629 2.72506154265327 3.40496573259733 7.49225904047896 6.18814828280148 4.55908703190122 5.20264519523483 3.65166921056782 4.47026487935278 7.37873446235788 7.22132941244128 5.95010099740291 9.67174644105924 6.40180655628258 5.32526166840554
8.98053614435509 7.91680791497359 16.618621184072 26.6589195222928 22.7337722065788 44.5593291838942 14.3300775552618 14.9637130959262 8.81150687316726 5.17684457525406 4.3969292203018 6.071282123489 4.08921211688224 4.73759823124964 5.4092883058738 5.87794202729055 5.24581871493567 4.48052562571532 2.87345537862215 4.26792984509565 8.52002643878841 8.22972010466005 6.68880461385172 17.6508017936125 26.681360952611 16.1903364439619 16.6393567210354 45.7191313229039 6.73446409981871 6.26733268172654 3.02047309926905 5.4005627735698 3.30852278174626 3.62472518401162 7.44516557369304 3.88741944991376 3.10440953311526 5.08243841621318 4.06768229364256 9.29131776803327 11.8158010405633 6.62560685729671 5.06900654861948 10.3093699927108 11.0426852419087 9.49869857614089
15.0237047728132 14.3268103969224 13.8603126585613 14.0483666889808 11.5868202074557 14.2592248494645 12.4955630726954 16.8908251278103 28.5282436155761 14.7510268236322 8.54395454868349 6.13808419558731 8.90290172406953 6.17540486613207 7.1903653349245 10.1675819172778 7.69601492586579 5.24538431289367 4.84078122475626 3.13275883604973 4.36734497713091 4.5168589497237 23.0187887042224 14.3348585898636 18.9657813306404 14.6160520394266 9.93706679274209 9.87215754782858 6.14122505104458 6.18137179891443 3.96821894744682 6.93742915715699 8.28876481663854 7.95336458357275 8.99402303282472 5.27709064590176 6.18301034895245 6.55016090781823 6.97532846599576 12.2162872676708 15.9898060591102 12.016587351087 10.418358461189 8.38886422743413 5.94510325814283 6.44913967272486
10.2000544973573 12.6155015603026 17.87286671961 17.8456368977602 17.6837808873726 17.1753988707579 14.1671860484307 13.0957294718829 14.7159651048151 9.47404599860215 7.64963830640938 12.4975566241384 13.2397577474861 11.662393180559 9.59253249197775 18.2261013705794 13.8731914149798 5.54800937416916 3.9198991902923 4.54643591898895 5.18799058267314 5.10244143235358 30.6888738599247 16.2177368106563 17.2207758677866 19.0041883317531 7.5634798587261 10.4087982647141 4.5914891684932 3.71782403272767 6.62852679013667 11.0514416240144 15.3369518046846 15.5671924431607 15.2604818266927 12.6231068839513 9.68053492203659 4.09533659077659 5.69572977849786 12.4073793206294 19.1743614783019 16.500947216694 9.88074627185891 4.04622862326442 3.96932114518082 7.81479347467816
13.9988785981913 8.50747059371971 12.1500865892597 11.1234310286746 14.1041262498757 19.3655518671631 20.3146496204332 19.6491478668432 16.3424546630864 11.7041089266602 10.4341864863294 14.3109499172575 16.6571989225257 12.5697648930885 8.39996852427815 21.8925111495892 56.8273946366299 9.77418573421353 18.7299706094118 16.3464515776849 12.0730283780499 5.36342456980965 7.66723015055048 10.7439541199422 27.8622223899607 21.1694783307998 13.3737859631213 26.8565169555597 4.85339416155383 5.07783499438244 4.74608680302241 11.0379610864969 20.5062314016052 17.8461475056139 11.9529908550362 9.45462532063004 10.4833289513366 9.07920651125784 9.96460573189572 14.9932131551631 21.2802761817788 17.4255021290562 10.6511653102883 6.26557399771978 5.01321321574927 6.4854993824256
8.97405574976476 14.1320594536363 9.14162090588074 5.61604062471338 10.4902043562995 16.1497373227803 20.3489258296466 25.6016187602931 21.8183516790017 18.0102277045775 16.6116719853642 19.4564742576872 20.8275733620028 17.2228162344857 14.5042693409341 12.0002583728057 10.2416853254771 23.7837543185018 32.5612337914775 28.2023040763888 13.5413759672637 7.9746985832827 16.4214523349755 20.5662332371112 37.4603793563176 44.7141077461706 9.64614374964196 19.8616785356094 11.1048247439582 12.3313261221217 11.8367970212422 16.2848067600108 20.1262907246951 14.4949678002253 7.47489071608873 3.55919162709992 7.73246271168195 10.2323147811832 11.6305025063109 16.6710432098004 21.4153497825496 18.1531604675204 14.8734948049551 11.0748642266257 5.63227422378356 4.38062741328924
11.1771676088285 5.66523868621136 6.8158561865414 10.4467279362404 7.06723044845459 10.0576873862562 22.403068617 23.9161423266912 28.7155118682825 26.9980199680743 26.7534929929125 23.2788971843864 17.9731736334755 12.5543183170941 12.2905614538862 14.1071274539731 12.2524496634695 12.3457912948842 23.6363973661139 32.4190030640285 20.962206958191 18.7855237629522 23.2990951828013 16.5645346249994 16.2638783061645 12.3796986866399 4.65052723579651 6.01683901285046 10.0969247039689 15.6985907031575 19.1310968976389 22.8798613978821 21.4018369599129 14.4464209293597 8.21328391614209 5.82550104135026 8.10370212752699 4.43412031124388 6.85470400906677 13.5934513525703 16.5063737140167 11.7178044943126 10.3239637410329 12.4942487104794 9.14762218477176 3.99771537252824
10.1253250944146 7.41032820142564 9.05974796468163 8.97809207111827 4.27257920939511 8.31032498560156 17.9532162308596 24.6064678059093 33.6280257470149 59.4952995730766 102.099892705059 34.09961207944 15.7992919829291 7.1736038334553 5.2743108065305 10.8680742594136 17.0054389984364 19.0574830147867 21.651190423229 26.7706897280395 23.3261995054017 21.8373486221827 22.8323027369962 22.735915375716 17.4965127058091 12.2012785312173 8.07261082754651 5.76856015594 10.6030110413352 16.982009143917 24.6190093620045 26.3870291978796 20.0909515113061 12.555388296381 5.92371845946206 4.71759720813718 9.48307405266209 6.19851951990103 8.08939595799929 13.8594767979522 12.1318269287538 6.64162232869901 4.27439555234674 9.43052666716876 7.34608835305766 3.2407069604
6.22511256292074 3.46358830885945 8.17530273384334 12.1651615103371 10.1735903517194 12.3398535494831 18.0082267986429 24.9228049381464 29.6035652342639 50.662578222339 173.134980833048 199.52044097999 66.4395686367508 83.2888748937619 14.1244531738962 11.6076294570498 18.3726470777414 25.7335940561042 28.9513879422396 29.9227763870056 27.9490743504203 23.8884547622711 21.1162571830304 21.1555511029368 21.4069950087002 18.1039092433432 13.9937404770283 12.5002973299337 15.2162733378471 21.1483508973381 28.4625348910401 26.4959749239544 19.0673866888216 11.7213877509657 7.65695509038693 6.6243896057267 9.53916735319173 10.5989712388343 13.6487922504151 15.7286391393739 9.32331333501842 3.83209512625949 5.47557693773461 10.6555015701161 10.6413398538326 8.21235576062178
6.35387203574976 7.09822314744844 11.0901669261838 15.4860756716349 14.3425626939583 15.1694387146863 19.2609844562811 19.5898599744762 18.3736901663129 21.0965285334041 41.4509768165348 40.5646510807734 37.0483420897224 20.8204364398828 23.7025798373526 42.2101795241782 86.6891901996001 31.8877149812058 27.6399433443377 23.5391796330998 21.5107661799288 17.3823085418289 13.7804391010745 13.3624787906499 17.0646562534803 20.7268524842563 20.6469799155305 20.363102155465 22.2342119214086 27.5380551979773 32.516337395679 26.4033395900665 17.9192418494677 10.5754560184353 6.34832560592431 6.52059121526266 4.2445909001657 7.15606133640581 14.6171218074389 17.8608307632412 11.9448452247375 7.90672636320176 9.90645623156543 15.1506792510905 16.2130841223307 14.7289453668844
3.52950989029667 6.1790810881032 12.6609701878187 11.8374794054128 7.53560329351734 9.21965057950837 14.7119842901355 12.8030770243138 10.6936216643317 13.5127964463111 20.3180786946893 26.9848889277413 26.3763978860439 23.5939817268811 22.8800016295119 24.0345897329049 28.5010079135052 35.1668574967855 106.701783708762 48.4257492746143 21.1053494300163 12.4851487759354 6.78094269108009 7.74827246173374 12.2275792868861 13.7976068495196 17.6195960241039 21.3766673735602 26.085997869278 32.2576969998861 34.7009894967134 27.7017406887898 20.3329272543267 14.0536138474966 11.6012993609512 10.9492797773371 6.71221768344923 8.91831005788209 15.4906752023724 21.5609336103175 18.1261859784836 15.4771708344477 15.3803613186272 13.4021776242164 11.9763843538227 12.9512824688733
