IBR/IBR_outputs/all.combrep_1/EucDistWater_Total.Silt_Total.WeatheringIndex_Total/EucDistWater_Total.Silt_Total.WeatheringIndex_Total.asc
NCOLS 160 
NROWS 95 
XLLCORNER 210004.651214014 
YLLCORNER 7350008.22228844 
CELLSIZE 4999.99999999997 
NODATA_value -9999 
[rows 42 to 62 of 95, columns 0 to 45 of 160]
-9999 -9999 -9999 -9999 -9999 -9999 -9999 -9999 -9999 -9999 -9999 -9999 -9999 -9999 -9999 -9999 -9999 -9999 -9999 -9999 -9999 1.74060521138387 4.56481366958886 8.06295834494858 3.42222356573042 3.94739107744149 7.83720988162693 5.4616681603482 7.63348911936093 14.0623465830748 21.7429070236016 25.3842528415473 23.0652227511386 23.3941800089558 9.32189352205064 6.27435981298116 10.7659069671061 12.0626910735506 9.90410820568076 12.8233056077844 14.3271105681396 14.4568208725742 9.95377208343789 8.70636911508107 9.10570975538071 6.46165528150107
-9999 -9999 -9999 -9999 -9999 -9999 -9999 -9999 -9999 -9999 -9999 -9999 -9999 -9999 -9999 -9999 -9999 -9999 2.85146361887932 3.13898535708799 7.01474926578606 4.29995642851373 6.6096962650801 10.7305479422892 6.5869368479561 5.54695467943962 11.0175659500656 12.1765748832165 13.4138049610253 18.2465530187658 23.290305133188 24.3301810908925 22.8187710184325 14.2292317469196 7.13699506338312 4.9028284251712 5.58737081739724 8.21742958681107 4.90519239274414 8.47992287858679 14.3780519169404 15.0618924063063 12.8098098720798 10.0680471677276 9.04301109005658 9.27023453501987
-9999 -9999 -9999 -9999 -9999 -9999 -9999 -9999 -9999 -9999 -9999 -9999 -9999 -9999 -9999 1.17583883876773 1.89710291776004 2.38934171625495 4.95747780193304 2.65418845139283 6.82609976088979 10.4305892211699 12.2981454406818 16.1029765677715 13.103694367354 12.0986490686311 15.543967247219 18.0453445302518 18.4626871752526 21.5443040586561 17.9894403620396 16.336298399373 24.3342206790214 16.8006782609345 12.1281127953945 8.29354021749474 3.30638393438818 10.1627590835049 6.26943860887197 9.30133473056954 9.63426532312809 8.4694532278191 7.41958183156257 3.98344088251082 3.73622660950758 2.86889361782374
-9999 -9999 -9999 -9999 -9999 -9999 -9999 -9999 -9999 -9999 -9999 -9999 -9999 8.34504980495155 3.64004482837176 2.40046441471912 4.42397562613443 4.24993028242823 8.00065649695997 8.146894877249 10.8513814120238 16.0178526445675 19.4285240015764 22.0638276354871 28.49880163504 24.112315657869 16.6808307653468 12.9660879153511 12.4084007418269 14.3716219738724 12.0143084819591 8.6400977285062 11.3280461165638 16.8958962794189 17.6479479356054 11.2269420102046 6.49064545662269 5.5774011376921 5.83930653550406 6.08632606707463 3.96235783415202 3.02742592859201 2.84782216792984 4.3699597636006 7.21259085019164 7.04321359840304
-9999 -9999 -9999 -9999 -9999 -9999 -9999 -9999 -9999 -9999 -9999 -9999 18.1665422998758 12.8065665423179 7.02233100981485 2.69916881541996 5.11808285641407 9.09276812439986 9.72683037807873 6.12112181489648 8.77566437639693 15.161294253104 22.449599706518 20.71518027597 20.2557414798872 16.9068090002529 11.3411691728316 6.98950532063685 6.16660265834596 9.92826280255246 6.62878792811233 4.6766568608856 7.72455605163867 14.4922804441409 18.3131193616614 14.4797106162821 10.9264861170562 7.76689139458698 3.10612452114841 2.5864503857019 4.613481683012 5.13260266861263 6.90252259754754 8.889405258384 13.4372658758588 13.4639517039522
-9999 -9999 -9999 -9999 -9999 -9999 -9999 -9999 -9999 -9999 3.95419200846833 8.65999661307703 14.5958727908644 13.8451115797475 10.4442048310054 4.55956407168203 3.82052104785958 9.08771635968727 8.82885212354218 3.98659037646049 7.3734482295583 14.3174707592672 21.4601310847263 17.4803915565517 10.5390077140127 8.03471699539074 6.34202486093288 6.5263029457745 5.3363123736787 8.38430918805348 3.82011782225989 5.27202185923791 7.02858932952806 13.3063505723922 12.1119012135796 10.1525834940833 11.379829279926 8.28012514494453 4.23894850864016 3.31449586424932 7.77805594576518 4.80083916904676 8.77399984663477 14.5101532899305 13.319454223963 11.3235191587358
-9999 -9999 -9999 -9999 -9999 -9999 -9999 -9999 -9999 3.8608919065486 2.61408264621517 8.25735832894664 9.35080363924023 7.11165692809579 8.82225170966941 7.19492773518621 12.862680520292 13.1102127950928 6.29915564740126 7.73633626573042 11.7027461327291 17.3169929147657 23.0191095162734 17.8552070253005 10.8648169743251 5.49501310498482 3.74435985207081 8.4602722738082 11.166266659695 9.40591290104353 5.43609523705184 8.17200286990417 11.5501881915129 13.7622905206173 7.71255735633104 4.05019369991439 7.79051852699889 4.26977721154152 5.02077482951266 5.81964642829501 10.9219572648601 11.0738260264938 11.858523936196 11.2070572056912 8.57206796869416 4.75612363659475
-9999 -9999 -9999 -9999 -9999 -9999 -9999 -9999 -9999 2.85446916458768 4.51440713665014 9.98083744431325 6.47280098602891 2.8188203554362 6.72176654553237 9.69064510757245 39.0342151095463 23.5802942989134 4.59974005971852 6.74471642593853 13.7790607074471 21.321111254508 22.8897872127436 15.9979834834046 10.531484604896 7.70083582326352 7.09326883713696 5.78871999991084 10.068038531171 11.4065283220322 8.21391025005447 10.2616296568019 15.6385742790625 14.8712223939543 7.72019162199351 3.51086980321877 7.74384718657004 4.82794594672537 4.9803299762261 10.8749476745499 14.6678649923462 11.467373257702 7.25394403243244 6.18406284620633 4.37301026326936 6.06002773064061
-9999 -9999 -9999 -9999 -9999 -9999 -9999 -9999 5.16598629773181 3.29486886106815 6.88531125556396 12.3708960095284 9.78616275049828 7.63981728138683 10.4991630128318 111.675879603934 216.934206094982 33.9138746685807 14.6304381423152 10.5427139828688 16.1344535995372 23.2696861966333 21.2070911576382 13.3563395881683 6.4594135063034 3.66072833372016 5.55100049497798 4.73245432460982 5.20422326631894 8.19346481381425 3.8665959087347 7.18355460222924 13.3292145616127 14.9423984024606 10.1251796172712 7.16926094223752 9.2176866134406 4.8937302063742 3.87657424346667 7.87324279421604 11.3899591580885 7.92900075370968 4.07232885774214 5.65066669088408 3.98305079381246 8.52103266929751
-9999 -9999 -9999 -9999 -9999 -9999 -9999 -9999 12.086538532788 9.16646306972709 11.6865260183055 13.9131489894601 8.19287507289677 5.22654889551109 13.2569327327015 225.898008570064 209.597173610148 15.644058728453 20.8528098197176 15.7742503065108 21.1090789138396 26.9149746166879 22.2499861801253 14.784131117934 8.53257563110064 4.45288600309205 7.55204362855693 5.48047517343877 3.29804549780039 7.75304561727483 7.76710614758192 7.92528000712879 7.69263331394865 11.0007110676125 14.9507087476718 14.2535749295601 11.2529507701855 5.00939840819256 3.68678693815206 3.83426533876984 7.91988214299659 4.03655346529129 6.15386418929972 5.78437141254325 3.33946986694523 7.75257185565034
-9999 -9999 -9999 -9999 -9999 -9999 -9999 22.6208446777903 18.4137389912966 16.6672329992121 18.0471218689162 14.5884332847987 7.88893916741533 6.52772948303306 8.37079860205516 18.704013484266 161.563171761434 30.250888197317 14.2817942772329 16.6301782170829 20.3380915827333 26.6997035123443 25.937545362025 19.1824059635721 13.555426159318 10.8964017727743 12.3600724159968 10.3081968924185 8.25442550439196 11.2197293414862 12.6281933940045 6.43895915839015 3.29415771394482 8.69351468694065 16.264803495234 20.6192747177032 14.1870786270035 10.5080990520372 9.10865800210545 7.06192073546949 9.60414011596933 7.61385537508333 6.04264271957289 3.94375350045253 3.55132850925368 4.77199887167801
-9999 -9999 -9999 -9999 -9999 -9999 33.8204762404772 30.3281302634685 26.4009446824469 25.0438464465791 24.2594352147684 18.2007723052654 13.6595712669335 13.9714017283832 12.4634825595435 10.7635348509775 61.7795468908558 72.056179240749 13.6617695761644 14.1730476753006 15.2213986929443 21.8757636331507 27.8330343756859 23.9155515117643 19.4266866480164 17.6607812878312 18.7832966130723 17.0616511931542 15.574514955633 15.5917559132704 13.1602984593805 9.20738403836034 7.4984960499193 10.0919383571883 15.4133381603672 17.1122441675841 16.8219449340816 16.5119035286816 15.7466552734212 14.2019675131404 13.1780026966102 7.11991472140214 3.86945926566019 4.9062353834049 3.62123795000207 4.53156143917832
-9999 -9999 -9999 -9999 -9999 -9999 43.0210236924828 38.7592002413769 35.469538853397 34.2051280875097 30.2341592832476 25.1962055339389 18.5818456967065 14.1206801121859 8.14442969409309 6.63961714616698 15.5571284554689 46.8369003758747 12.0556561720065 43.5714866722077 12.0218989228923 17.9026953852581 24.2239644497786 20.0458944602303 15.3113677223911 13.7266305766071 16.0529657186111 20.62853789771 19.5177530002985 12.669420576671 7.52228413508375 7.5907584788444 5.83138721301407 6.04289025979073 10.9040889496743 9.61432506644999 10.48443705337 13.9127231283487 18.9756639228366 21.0019582442686 14.9780137227708 8.27351939461571 3.52821018534229 2.95973294032349 3.64809431037991 2.58009543173867
-9999 -9999 -9999 -9999 -9999 59.168018262681 53.9297517373245 48.5849087687013 45.6017520138888 42.7773394831507 34.668028532585 27.64484052497 24.0601119189476 24.9542000522081 9.57963887501509 4.93750995234035 23.9102132074389 30.5327419271736 27.87613951424 35.1505631491925 8.98456719084043 15.609397222831 21.0122590839942 15.5848909754505 9.26200463791702 6.61175227462185 10.3756135235783 17.022318244877 18.530484354271 11.1942615050966 4.91261533306585 5.25733650341359 5.48485424131057 5.34364005493013 7.09472515244683 3.49833011565012 4.41705155997851 9.20034548670989 16.1977913347213 22.5718465314958 16.7879564962368 10.2070750618112 5.61788356683845 3.07344639263723 3.3503639046329 4.06611925412415
-9999 -9999 -9999 -9999 -9999 52.5308423411595 59.1162011339662 59.2287326273781 55.1111427293559 46.1184191160083 36.2945181297374 27.7676021781091 25.3084239972161 26.5575452385768 18.8966563724946 19.4284346701322 28.4636163750602 197.252205907267 85.710085182158 40.5314783696863 6.86328781945379 11.9537888778491 18.2561927599381 14.4012403290392 7.37535311369145 3.77063018535476 8.71155577650276 15.9612182719495 19.963577130811 14.3085533454624 9.98114091471335 9.63655278958589 6.06237712572998 6.55425955899724 7.63898876385393 5.27079915146866 5.12651635074969 9.36509432095978 16.5898158589796 18.76633219925 14.0095232713739 11.6147367033496 9.86288992389593 5.8777715504381 4.8006143480726 9.11572991987975
-9999 -9999 -9999 -9999 -9999 45.6344153148018 51.0783423521191 58.6633496847316 54.9159844029945 44.1560450997781 34.4991033069621 26.8078515022432 23.3129333228481 29.7703901784506 26.1786448969955 54.082306134251 124.775347309805 202.124632925405 126.202874525936 64.2977375688865 3.82017024354433 9.32924219482213 14.9105817323567 16.524025590359 11.5539965460892 9.51194404394121 12.4680053468194 16.0347312279041 16.3206858054235 17.3371246813748 15.7068568631636 12.144912001685 8.41542384536263 5.37579382401977 8.99382985013678 12.0000360092365 12.3169043383583 14.3160410766319 17.8675702007938 13.1762732577047 8.05407073768534 5.25254942650018 9.49781734044208 12.1460082471881 11.4153961459869 14.082403280937
-9999 -9999 -9999 -9999 30.3477586053097 36.6288401363851 43.0363284460518 51.3749142259523 52.6318961976346 43.1255626353561 33.0631558614264 28.5728072715037 20.6946451619953 35.1376295084591 46.7715148044384 52.8924281385751 90.1330214574163 253.5116666781 279.002535770117 388.023039077383 18.9157424768372 5.33717928529158 10.1320149043959 16.8212260308645 18.3210041519583 16.9553555822828 15.2805159172048 10.4812911160434 8.91368681280089 11.4591499358908 12.3048594763999 7.15967380377641 4.6811543853426 3.51488818426327 8.28088948076598 15.2986595644589 19.5045917837046 21.3188838656809 18.5055358620851 10.4513883530969 4.26587016594733 4.30372587968903 9.72348552229198 16.8676406129129 19.2873537765981 16.3767928200367
-9999 -9999 -9999 -9999 25.2258221333134 29.5597981946269 36.6256920804847 45.41465282871 48.5322897245319 44.4307051669499 34.3511168456981 27.4713365030439 22.2449010752909 17.0480512198127 19.3698294147667 35.5808008619542 60.6926362156253 200.422391037054 314.102323947711 804.834238673901 822.019625776505 2.95693507668539 8.57249800448419 16.0260359150115 23.3369088737714 21.133150106734 13.4927630217646 6.55486006132328 3.94046313981855 5.40499697412831 8.0202263888725 7.34137819893557 4.15325807572868 5.46842462738024 10.7514526092116 16.5672612073546 18.7464673653153 18.8463785582929 16.7011246607678 12.5703425619273 8.46226590887077 9.38417441957233 14.3688324142669 19.4213233367806 20.8323989102664 17.3558718408691
-9999 -9999 -9999 -9999 18.6119664124321 23.9547539493304 32.1037731156929 41.204722096785 41.4155025153525 40.1635859242718 32.379605104246 31.9257829603669 26.8997951421565 21.0950595516956 51.0527459635316 53.7456814275177 85.5920641258299 141.936651690416 174.320714683818 212.302451171263 477.745490708041 6.9305177896284 10.5579639933514 17.2306909247919 24.5586562806127 22.5429426058745 15.1184125150347 9.35777637761498 7.35342214251938 4.71304979645205 7.72041467193326 11.2395430834828 6.18979341907817 3.94179599256153 8.31084994813136 11.0227763045542 11.1387203279705 11.8155134811758 10.2432257075496 12.261809130601 12.8744171752588 14.3923221304391 16.3056900594293 14.4124614688262 13.2017645874951 12.6797140488718
-9999 4.84646094639352 3.6588145090507 -9999 14.032873198237 21.1835666001402 29.8022382911346 38.7638826728152 36.7190462816306 35.8833523838146 163.166059918596 90.6091367350438 35.1593079633323 140.617110341298 36.5940252392843 26.0577018915933 79.1047706354062 49.7067265872585 124.315502968084 131.499203964732 139.734051443551 12.119263237882 12.0122562204992 15.3644678391826 21.0306523890894 23.0135529487814 16.325683088483 10.6366089745557 8.61632480128502 9.79919131866922 10.2329501007254 11.8129707430863 8.5175174679379 3.19630795625067 4.60354663472606 4.62497136415405 4.8675178086012 6.93262410622925 4.01184869183659 5.98513542633647 5.84671388847267 7.86861520598829 9.96192363267721 7.94250312438726 5.99178886151219 5.75973861545036
-9999 3.89305465685959 5.62924140732913 9.68877003893616 14.2380556223881 20.9350548020613 27.5907671815437 35.5106355507646 35.1046957581035 25.1550372837935 21.141947920795 25.1985693084845 44.8162429017103 43.912629184608 141.160869763451 31.3726970757173 100.065620117817 408.929631357189 608.888483061389 324.202394790861 148.914654038801 8.13730909550568 5.65203092358418 10.1654633285708 15.7279435015847 17.5797392459148 13.9907764179625 7.00415721310887 3.63341403050885 7.83725437401294 5.02398326034091 7.01019531625285 10.5259454800439 6.32890031898145 5.09279354664177 3.05990605921806 3.12083227096717 3.31676123735106 3.4825242788172 3.10514449021958 3.06069203659496 2.67393023203707 3.80829173205853 2.78526166666342 3.33624262729561 4.58518523339577
