0,8.62759276344233,10.526131024899,10.8613441232136,12.7129359160788,13.8190312138392,16.9028684983684,14.0418786514773,31.4375721441392,31.9696858020024,70.9647445891726,37.6443185400526,35.0441959109437,34.1294288054267,39.035607320236,45.9349369025753,37.574807849732,35.141401722127,35.4358122572769,38.2330960916219,30.5487527046211,28.71427168954,29.2050919052604,42.4239361502109,68.102192296128,75.749388406856,48.1900605992495,50.1959422046979,39.9603943407779,29.717599262415,28.1224804004446,32.4635977889435,56.4236829295275,44.8317592963303,50.8230954071734,44.5294634038473,47.4285793440067,58.3159441125626,58.521037770046,58.4994185040306,58.7995923694795,61.7092773409545,58.2644000288986,58.4811431308312,62.7486958887218,59.8520383804163,64.7556002916789,62.5999924327949,66.5374867550876,59.9178261893085,60.2108199988614,36.9807632782543,39.7251120569497,34.9871325059568,39.167602683824,32.9712731086326,35.1732183574611,33.5665699602215,22.6574293709648,33.678837620613,28.6168749888573,29.3968966133483,24.1847484887783,44.9513965025205,22.4066863919331,37.241570004008,65.7183924413245,68.9503499313904,65.3630636513,62.5914266704228,61.1249502853984,58.0613556545675,64.5616593166479,66.8613899752015,79.4610931380818,34.9486214606768,47.0923246434062,72.1789169486014,28.2613728039481,25.523761512868,31.9208382091625
8.62759276344233,0,11.1272522909181,9.08369006105263,9.41220849117793,13.6717636198994,16.5271435259691,13.0012440653619,30.2277452480722,30.7608109222665,70.4648342560047,36.4475296646844,33.8442646139772,32.9256118482156,38.6630439092145,45.5435169344492,36.6856114114497,34.3143147287365,34.5604849553994,37.4001318718896,30.2800129335424,28.5009631303523,28.9977497452007,41.7539132808572,67.6719904459452,75.3093863594618,47.4206111915862,49.4626314188261,39.6089012179992,28.5291737171367,26.9325622729468,31.2691377907251,55.9938793152777,44.630078349002,50.4248895546149,44.1329137494418,46.243005388415,57.8320722671978,58.0381405848342,58.0159034898722,58.3060339244322,61.215362059819,57.7696191761112,57.9859226355514,62.2573195596442,59.3633519597194,64.2656335671502,62.1102878781375,66.0483075130629,59.4276737560235,59.7230118653103,36.3599539629721,39.1241220595153,34.3959953624534,38.4478016315421,32.4820094752081,34.6939968503255,33.0765528565494,22.6140639095687,33.5391163312238,28.5496428756634,29.3341370329996,24.2077815962469,44.0811028836952,21.4478205182311,36.3492050700081,65.2469381773244,68.4801721012831,64.8923234923201,62.1199222847463,60.6254408870524,57.5621530251828,64.0674079513968,66.3672735881517,78.9533065625701,34.2964139912704,46.4647094669753,71.6860114723773,27.8035816663313,25.6157599062967,30.6912266967714
10.526131024899,11.1272522909181,0,14.5863711013011,15.0278018493921,11.6433145658566,15.9457595360615,12.6110414880482,32.5155471368529,33.0439642186637,71.8562304708975,38.7586849941788,36.1549387108333,35.2245560881456,39.9297198681185,46.8150445272758,38.8875300985457,36.4481485135576,36.7443044254918,39.5424088724437,31.8815280474184,29.9888749024913,30.4976221619265,43.2200590129724,69.0533780193612,76.68845225159,48.993372704779,50.9919955293225,40.9123640623479,30.6547157535963,29.0542048602265,33.449309496114,57.3519484522611,46.0055954458497,51.6917501010318,45.3945819689018,48.5624327146828,59.2140181027161,59.4198407459457,59.3985846434785,59.691089977372,62.6009714603906,59.1552288345898,59.3721497538992,63.644048650976,60.7489281268823,65.6520570133398,63.4962332899449,67.4345940074525,60.8139408237169,61.1082768884385,38.2973353775048,41.0490545885577,36.2990288009452,40.4933484208819,34.2611009940678,36.4772643175302,34.8810118294475,22.8436476050076,35.0433702214022,29.9542717055977,30.8153482617274,25.5562083949633,46.2406586975712,22.8338453418132,37.982424348326,66.6278579800103,69.8608216109529,66.273017063044,63.5007081420811,62.0148476322648,58.9512698524006,65.4552214963986,67.7547968323559,80.3467515245949,35.6436991088769,47.8049883255107,73.0287091108882,28.8452984146059,26.5130634070109,32.9944251284363
10.8613441232136,9.08369006105263,14.5863711013011,0,9.66043661206219,16.4827926045211,18.9994803231931,15.9505318886003,31.6163274232957,32.15294122995,71.9790024746736,37.7982944406385,35.1989681508635,34.2963776829767,40.1699521608322,47.0621393382531,37.8193100725587,35.4558868664759,35.6992704016524,38.5387064101473,31.4218690825211,29.7010231216868,30.1828333873466,43.3532462464548,69.1336449513377,76.7815382911879,49.0214184478186,51.0664550090225,41.0684370547644,30.0530461734914,28.4619248040634,32.7465705599898,57.4746918164751,45.9156858901506,51.9527907947627,45.6635262213826,47.5731036632144,59.3400615947935,59.54548585919,59.5229795297189,59.819872887189,62.729058495554,59.2840645247896,59.5002450336554,63.7679005978077,60.8725429404423,65.7752418142128,63.6200599077326,67.5573444957389,60.9375711196348,61.2316955134795,37.4954742345652,40.2529607169166,35.537111911424,39.570608555569,33.6473944702112,35.8468074773585,34.2191764275188,24.5486856136339,34.6681950560988,29.7152271904541,30.4283136892066,25.3626800912409,45.2419215239792,23.3509312284491,38.0100214885329,66.7449808265948,69.9773270110041,66.3899316118457,63.6181194079019,62.1408841996812,59.0775669390185,65.5795956106252,67.8795813380587,80.4726244078173,35.9699328599212,48.1234945759691,73.2330135853757,29.5364270067441,27.0772541069261,32.0869666587541
12.7129359160788,9.41220849117793,15.0278018493921,9.66043661206219,0,16.3772225329705,18.6580353909242,15.459991375818,30.3682839128648,30.9059662087843,71.3716883307051,36.5626815879122,33.9602009944597,33.0540244314553,39.6691845534393,46.544410013414,36.8944216004899,34.5893768362165,34.7868859325154,37.6670743179645,31.0834665025862,29.3921780282387,29.8837108348433,42.5951411102188,68.5920033042104,76.2302048619152,48.1773887999016,50.2538434020495,40.5917687252743,28.8334098162314,27.241587523518,31.516841591935,56.9305174526326,45.5950165294177,51.4283778884499,45.1401680367246,46.3486053117995,58.7470348213807,58.9533623956769,58.930375102007,59.2179461817578,62.1268501904373,58.6810321733469,58.8968587254177,63.1682322608521,60.2753175834354,65.1768858817909,63.0219026837219,66.9597255579411,60.3390210796557,60.635274887817,36.8281507821505,39.6065424480706,34.8967731164698,38.8112762319522,33.0977877683736,35.310187825356,33.6752444852358,24.2712398985447,34.4486244503134,29.5429563496103,30.2884495332054,25.2685399083061,44.3317833574782,22.4112702051655,37.0665359944777,66.163710678784,69.3972476801656,65.8093188729799,63.0367856269047,61.5337451839384,58.4706900936263,64.9773003546278,67.2773840920014,79.8580238288945,35.2288492940899,47.4021687505802,72.628001080147,28.9519864366019,26.9399282364703,30.8187870419289
13.8190312138392,13.6717636198994,11.6433145658566,16.4827926045211,16.3772225329705,0,12.0254360222573,11.0160379577423,32.3814694959253,32.9056271953064,71.5055648527153,38.6647079892336,36.0570943299856,35.1093923540669,39.5898238765711,46.457373321886,39.001909368499,36.5568111323573,36.8545206833125,39.6536045647788,32.028999641523,30.0838956466574,30.6113550454461,42.7484379787564,68.7743455637862,76.3951346373499,48.5291045252007,50.5190345402896,40.640478575922,30.3575251680082,28.7507888219028,33.209081860368,57.0470870723758,45.9959171826484,51.3201018608149,45.018855094128,48.4896184091289,58.8716745071757,59.0783817415332,59.057511797094,59.3407181281459,62.2508104682757,58.8040292742499,59.0211360335491,63.2982215534163,60.4049939706744,65.3075655569171,63.1515052996148,67.0908874111759,60.4690470101354,60.7650359475057,38.4170641192107,41.1763024141324,36.4143770324807,40.6213020609777,34.3553827365999,36.5863022248563,35.0003174494576,21.5928785508392,35.2330028219918,30.12779772691,31.0645576756794,25.7756576634317,46.3313216854416,21.8391964830586,37.4355177083742,66.2991794527063,69.5333578070371,65.9449327011957,63.1718172048772,61.662363057902,58.5988179439548,65.1072008427789,67.4066029406001,79.9890038618139,35.0413978959948,47.2269854223544,72.6291260616009,28.1039869778748,26.3638029300202,32.8571263643937
16.9028684983684,16.5271435259691,15.9457595360615,18.9994803231931,18.6580353909242,12.0254360222573,0,13.1560399556168,33.4560703024875,33.9760867905804,72.3250133697432,39.7756558820392,37.1647246219693,36.201146185969,40.4198987511354,47.2691550302672,40.283817832878,37.8314410144582,38.1323558676868,40.9306189659988,33.3245908072803,31.3359250981075,31.8801116879903,43.4463600474148,69.6639724539662,77.2707608884312,49.2401249559358,51.2185814011563,41.5386621697636,31.2739866891678,29.6614990321582,34.1809512621201,57.9114309029712,47.1531010014471,52.1175049987539,45.8120607903187,49.6193093740315,59.6991791796477,59.9067555719612,59.8862786604261,60.160341467694,63.0706518396064,59.6228434712835,59.8401449524142,64.1223614404133,61.2309822226227,66.1330178720873,63.976716493049,67.9171114134735,61.294099922423,61.5917028634439,39.6935487797939,42.4586516595192,37.686041504153,41.9082615029873,35.6051394740976,37.8490319061419,36.2723998100247,21.4274470785263,36.5681815560405,31.4543185720554,32.4522879201772,27.1464146061443,47.5921296364993,21.9386884096917,38.0630167642877,67.1401252195183,70.3754949925391,66.7864605464503,64.0125531926526,62.4799761360505,59.416457670804,65.9291945760256,68.2284204342575,80.8014881876071,35.5916242184696,47.8043026293141,73.3981988193099,28.4873500408951,27.4331993382723,33.9312056402857
14.0418786514773,13.0012440653619,12.6110414880482,15.9505318886003,15.459991375818,11.0160379577423,13.1560399556168,0,31.7146089240277,32.2389943892971,71.5709965216221,38.0169381056862,35.4057537417987,34.4514449809505,39.7959803681315,46.6458365156871,38.6664176397159,36.276511323051,36.5310386662966,39.3682250882526,32.2388393833882,30.3566347741491,30.8846954283489,42.6409907940299,68.9053890115756,76.517656270385,48.3096383984899,50.3405650608694,40.8569323143568,29.6822349244675,28.0721353932832,32.540109633213,57.1829019892898,46.3061719502123,51.5036177257428,45.205027495348,47.8558514479743,58.9535798258972,59.1612239040087,59.1395988161942,59.4131812641715,62.322839815601,58.8752691659625,59.0918540799914,63.3723478805468,60.4817989094016,65.383037364477,63.2273094811592,67.1671042935774,60.5443798969775,60.8427027369468,38.3214896460782,41.097350605932,36.3457146379673,40.4373838217411,34.3810501113727,36.6180742000743,35.0205873348563,22.5869834615812,35.545172479794,30.5083852043635,31.4249994903347,26.2189102752486,46.0095212618834,21.2910265159184,37.0697970537577,66.3926123708534,69.6280080233507,66.0390610624199,63.2652301556006,61.7285475617251,58.6653388253165,65.1784929960828,67.4780748348923,80.0468483683534,34.9670299402626,47.179648211815,72.7108507645039,28.304570495898,27.0170550286125,32.1704277295517
31.4375721441392,30.2277452480722,32.5155471368529,31.6163274232957,30.3682839128648,32.3814694959253,33.4560703024875,31.7146089240277,0,8.03152185634175,79.6572878373506,22.0838174048628,18.9373981447875,14.8927744877337,49.1827821924434,55.9212168131449,41.3413499645443,39.4551856237759,39.2183288880135,42.5629778451323,41.5727422672414,40.1039689211828,40.6769583613176,49.6176038225086,77.5147016227069,85.0663223427071,53.9981661472756,56.5827029277213,50.2119906392667,27.8046848897612,26.6995854617745,26.0299603239553,65.8719497789455,56.2720220185104,60.7754191087738,54.5132025112615,34.6512099666891,67.1897079129281,67.4048697555966,67.3747979370016,67.5719045166087,70.4765464277941,67.0234738589476,67.2341753464238,71.5370541847178,68.6696016224173,73.5584322900654,71.4066921499963,75.3483247467335,68.7192990265818,69.0377396969186,44.1365318775157,47.1884274254446,42.4559074740328,45.2834977328912,41.5626921802315,43.9277844250261,42.2396233342911,37.113936916858,45.9177509671127,41.339359058669,42.3773283609699,37.6141770079184,47.8090379202087,32.9374400040252,43.3177398141997,74.7163486831791,77.961538122934,74.3685722903059,71.5891584937373,69.8275141028023,66.7677460563125,73.3192261553961,75.6211109958699,88.072697058881,43.5913781485499,55.746040943505,81.1370485520154,39.0741682300649,39.1333540412325,20.0043205821474
31.9696858020024,30.7608109222665,33.0439642186637,32.15294122995,30.9059662087843,32.9056271953064,33.9760867905804,32.2389943892971,8.03152185634175,0,80.1351621027045,22.9608059899392,19.9111981685936,15.7856175915893,49.6835839992518,56.4180849271204,41.9695023910031,40.0751399608958,39.8452913961644,43.1834162521527,42.1272361109952,40.6519706117811,41.2258276908971,50.0617178993561,78.0139991991565,85.5620489851901,54.4176538981198,57.012628981487,50.7221156234309,28.1350933572869,27.0448993732739,26.2064259763033,66.3677618619472,56.8107955166816,61.2705232929483,55.008398327913,35.4551352810271,67.6716328249478,67.8870722629462,67.8569146098832,68.0511538418606,70.9557374558741,67.5024018866569,67.7130249301806,72.0171340316746,69.1504042211287,74.0389205357011,71.8872146617459,75.8290450326963,69.1997139530642,69.5187848495528,44.7265498140077,47.775881759297,43.0421477296623,45.8856369466463,42.1350375384962,44.4999665521998,42.8136217305674,37.6269205794673,46.4656023887843,41.8833896397912,42.9230437341056,38.1561975576267,48.4368003295127,33.4342839501085,43.7559321990561,75.2020858257171,78.4476511418286,74.8545099738868,72.0748623660208,70.3053377400164,67.2456384201126,73.7985192601683,76.1004188319748,88.5483546284579,44.0599832817921,56.2141382323332,81.6146963972436,39.5650994608483,39.6600957989097,20.8220474457378
70.9647445891726,70.4648342560047,71.8562304708975,71.9790024746736,71.3716883307051,71.5055648527153,72.3250133697432,71.5709965216221,79.6572878373506,80.1351621027045,0,86.105891008039,83.5002195979645,82.4617946599962,64.5810922230985,69.7857017366863,85.3581396449414,82.3146554514707,83.0466660533262,85.4938255976475,76.2307509436195,73.5584204199321,74.5657271860987,69.4410608112841,73.210094420383,76.5106239575226,79.2862976764831,80.3138935781162,67.2830549474065,76.6697221666839,75.1414394264908,79.5064095477957,63.1540862880924,87.2531448742146,75.3928977502775,69.9672039516843,95.9806840254705,44.1320154307475,44.4232028413665,42.4610330971132,44.5338811726906,46.4144448948772,43.866392785417,42.9770041618416,38.561950410878,37.6476688218427,39.3283751853008,40.0416777059953,40.2644407555899,36.1686585217693,38.3744589317948,82.6801850387554,85.5003570531011,80.340282737671,85.796935356386,76.9026506621054,79.6149915223628,78.4129822838189,73.5057520474966,80.9153732610926,76.1692929253195,78.0049996148478,73.0288721103916,92.305677715753,72.4929551548134,79.596793350592,51.2178472868874,55.1478826373207,51.4031288098531,48.3762516431414,41.5664342414788,39.1786825511816,39.930002591867,43.9700825987794,61.7437891397586,74.5740008412048,84.9672292592761,87.8139664671097,71.6075071482297,72.3296560168455,80.355548301928
37.6443185400526,36.4475296646844,38.7586849941788,37.7982944406385,36.5626815879122,38.6647079892336,39.7756558820392,38.0169381056862,22.0838174048628,22.9608059899392,86.105891008039,0,12.2980328887091,18.7757944943525,55.4685661547796,62.2428603993239,45.9873369877435,44.1420228912195,43.8403428905263,47.2681169925386,47.3113516730433,45.9220168114524,46.4897429712427,56.3777715090622,83.7719426920337,91.3570286563266,60.9354150626677,63.4490618266581,56.3974951696259,35.632714835067,34.4468844055975,34.6312615805348,72.1698358202776,62.1902310273565,67.1163017396146,60.8554963805673,29.4227603017848,73.6054111679676,73.8181276070517,73.7884069163254,74.0108701809988,76.9157859597054,73.4651504287833,73.6762797869996,77.9675515962281,75.0939796014641,79.9853094774003,77.8334782766914,81.7731289400194,75.1469253733475,75.4600286590045,49.3188292471133,52.4208446479539,47.688809466025,50.3098653972451,46.9942342530606,49.3726916301761,47.6641720001386,43.4476586640448,51.7743175164795,47.2508491520087,48.2846814583178,43.5706001804466,52.0546833047751,39.4907574420849,50.241217094235,81.0975091953753,84.339372859926,80.7479927844196,77.9706800016515,76.2775692787977,73.2173084343032,79.7564659289332,82.0583546936486,94.5408447990393,50.2448320249876,62.3881837603844,87.6145192544876,45.5607328587826,45.2539767814735,28.6974545127398
35.0441959109437,33.8442646139772,36.1549387108333,35.1989681508635,33.9602009944597,36.0570943299856,37.1647246219693,35.4057537417987,18.9373981447875,19.9111981685936,83.5002195979645,12.2980328887091,0,15.4308707117556,52.8772704094469,59.647730264401,43.6067593493677,41.7654629233112,41.4678315796947,44.8860788148536,44.7818319868907,43.3826340037059,43.9506162833916,53.738734045822,81.186702764956,88.7681042412067,58.280484020199,60.8002026499673,53.818033500524,32.8923431282789,31.7115240522538,31.8450208218728,69.5795750816847,59.6392016807394,64.5189031557543,58.2577963815794,29.5073311989769,71.0030264413216,71.2160012994459,71.1862715602388,71.4060489030828,74.3109520763649,70.8600509632843,71.0711530195852,75.3637037176372,72.4907615693245,77.3818457776961,75.2300097759657,79.1698863405886,72.5433754229273,72.8570281614198,46.8687266675699,49.9626610142243,45.2321971074744,47.8788416669862,44.510419047814,46.886183519886,45.1800004732807,40.8393726315986,49.2273574757533,44.6965217510951,45.7295800646753,41.0092372775363,49.7778104473281,36.8557737718895,47.5799988190074,78.4988429468995,81.741059319351,78.1495086537837,75.3719707966833,73.6716763733792,70.6114599786548,77.1519183267974,79.4537975810464,91.9331077165001,47.6103085228278,59.75573075079,85.0040257135699,42.9407545216354,42.6741100955101,25.7329789402791
34.1294288054267,32.9256118482156,35.2245560881456,34.2963776829767,33.0540244314553,35.1093923540669,36.201146185969,34.4514449809505,14.8927744877337,15.7856175915893,82.4617946599962,18.7757944943525,15.4308707117556,0,51.9117759799018,58.6669330905101,43.3056945691805,41.4381373256983,41.1713746575402,44.5545629289762,44.0460663930992,42.614423812275,43.184941267841,52.5675919997668,80.2301126912155,87.7973260252985,57.0303201279731,59.5820407053099,52.894137890763,31.2651315042481,30.1222488691745,29.8518653424262,68.6063522554397,58.8293082955204,63.5301337825957,57.2685938555439,33.0945252295512,69.9789249418678,70.1929483630455,70.1630363990593,70.3719485039949,73.2767156331094,69.8247788122402,70.0356769767038,74.3331449478466,71.4628459456859,76.352837534451,74.2010569771643,78.1417646988987,71.5140539901699,71.8300119768186,46.3503394884363,49.4256001331109,44.6933166333907,47.4246251569327,43.8927822424106,46.2640938264179,44.5664226777142,39.8657788524362,48.4461071501871,43.8933813265347,44.9293527411463,40.1891564427631,49.584561769768,35.7927978007664,46.3463624905884,77.4894771667407,80.733118338803,77.1408910154729,74.3624555859467,72.6327067361335,69.572710372462,76.1184539113638,78.4203418592459,90.8863032333647,46.493005785482,58.6421570985611,83.9552780988986,41.8977194239838,41.7852555200185,23.9051879156902
39.035607320236,38.6630439092145,39.9297198681185,40.1699521608322,39.6691845534393,39.5898238765711,40.4198987511354,39.7959803681315,49.1827821924434,49.6835839992518,64.5810922230985,55.4685661547796,52.8772704094469,51.9117759799018,0,27.2711634637437,53.7774809370461,50.6554703698208,51.4527482403231,53.8392839285324,43.6206441157268,40.7054940501841,41.7596054333322,46.6772016539521,60.5894310318187,68.0324439664599,55.4307924216114,56.5768576247896,29.2920626660352,46.7064027154282,45.1468434681359,49.5468589095324,46.4192169462546,53.8477789653654,35.3296535604805,29.5119515576872,65.2589349929461,51.060016428836,51.2347029297906,51.2983165264323,51.9077264870411,54.8592521332712,51.4301288210701,51.6936555142695,55.9381592680533,52.9267435958108,57.906368296244,55.7134269188114,59.669469717343,53.0595824055397,53.2528069971496,50.7123769903017,53.4975634706121,48.3326292909378,53.9645387171896,44.7527135415982,47.4312786483453,46.242909067197,41.2061056341772,48.1829722733597,43.3412345277054,45.3157489574188,40.2584892565088,60.7423106749256,41.1477063239018,50.1910944727863,58.2786562411239,61.4799298482882,57.8993438334818,55.1398816190958,54.6102387985829,51.5238036964676,57.8634791552894,60.1419716667371,73.3398825320954,44.1083692748114,54.9357115818392,65.8530779501502,39.258465331198,38.8297770388618,49.8443637429512
45.9349369025753,45.5435169344492,46.8150445272758,47.0621393382531,46.544410013414,46.457373321886,47.2691550302672,46.6458365156871,55.9212168131449,56.4180849271204,69.7857017366863,62.2428603993239,59.647730264401,58.6669330905101,27.2711634637437,0,60.8334329659845,57.7542864591276,58.5184884145174,60.933564235939,50.9267146824121,48.0621589254149,49.0883650599983,52.1660865631419,67.259134562844,74.4432070981808,61.2314193401177,62.3011421519234,38.9339368148766,53.3279793095448,51.7694361359173,56.1900499963988,52.875515253693,61.3487753167127,31.7227703826728,27.6258096254044,72.0531537817309,56.3182811024038,56.5161636986342,56.6102874220896,56.9721636589455,59.9444113906752,56.4803898580974,56.7655408523507,61.1881481409247,58.2101784075609,63.1907806595184,60.9803027694551,64.9748056759148,58.3283239331903,58.5508959726538,57.940632150261,60.7281530648057,55.5845482712205,61.1249192792396,52.0986418408253,54.7554175686206,53.5449379142189,48.0517197517933,55.4252884022975,50.5691205536194,52.5004132711045,47.4305707243042,67.8089483611256,47.8606017239049,56.5717225728337,63.9167938580744,67.1467839097434,63.5509453856175,60.7716288324455,59.7119699713753,56.6196202657804,63.069326367832,65.335722878664,78.3710061238618,50.3716612210517,61.0841766365557,69.1322140680109,45.8428604958031,46.0076272702984,56.581875029354
37.574807849732,36.6856114114497,38.8875300985457,37.8193100725587,36.8944216004899,39.001909368499,40.283817832878,38.6664176397159,41.3413499645443,41.9695023910031,85.3581396449414,45.9873369877435,43.6067593493677,43.3056945691805,53.7774809370461,60.8334329659845,0,22.2599360755125,17.8518632817001,22.454393040715,41.011117538539,40.4074866704768,40.9824646792338,58.0702916776684,81.5020586151543,89.3662971495647,63.6953094416085,65.8086010617965,53.7855158097205,43.4652445830453,42.0043213508709,45.0547952564357,70.3029313068505,57.5557126092201,65.8817125945184,59.6488987720127,54.7852953005162,72.6216163528499,72.8152136105973,72.7850743291842,73.2064659176496,76.1117048552121,72.6810057184762,72.8934886716994,77.088199908703,74.1686529498069,79.0774672860923,76.9265348515188,80.8488465090283,74.2457329039015,74.5187253942109,35.5687145832772,39.4423204437658,34.651776956475,34.0483947579514,36.5008404547112,39.1414629664846,37.2324062748896,43.5525787514729,47.0699539430512,43.1631251611797,44.3626105830639,40.1411109966443,36.8606550370111,41.4744023872074,53.5378210840292,79.8358093720876,83.0515072267633,79.4728797710024,76.7123542372963,75.5487005096379,72.4854312557924,78.9284113962994,81.2313418656846,93.9458578070882,51.7860564908408,63.7631883664209,87.2838025077297,46.2239077972893,43.1171128326671,42.4712107739249
35.141401722127,34.3143147287365,36.4481485135576,35.4558868664759,34.5893768362165,36.5568111323573,37.8314410144582,36.276511323051,39.4551856237759,40.0751399608958,82.3146554514707,44.1420228912195,41.7654629233112,41.4381373256983,50.6554703698208,57.7542864591276,22.2599360755125,0,15.2271669506368,15.6742530318988,37.3009729707178,36.795578552821,37.3977892534999,55.4010402379806,78.2104993843019,86.1230357177896,61.137399875235,63.2136543299791,50.4932472342458,41.3740767827103,39.9075914602759,43.0255988477517,67.0944204494689,54.0457023405118,62.834001343227,56.6088298043704,52.9509636559877,69.5448915591948,69.7354539000678,69.7046012606621,70.1576953536703,73.0626241686383,69.6352599929937,69.8475626886653,74.0257924061698,71.0993176628841,76.0104969061016,73.8600301997935,77.7792172738738,71.1799777704634,71.4469236912324,30.192699314032,34.491499328053,29.1800386149738,29.7203422345126,31.4652380571368,34.3000685887643,32.4296923683802,40.9670316979207,43.7439426306969,39.9454386851263,41.2399508476325,37.085140464259,29.8020997206312,39.1086736653146,51.1311907524973,76.7133017090795,79.9248027948315,76.3482789350574,73.5904996518364,72.5096967720684,69.4461162906719,75.873867170609,78.1771638196702,90.9265897928862,49.1936158271454,61.1370870864584,84.341530011814,43.585035695203,40.1653636345307,40.59528726387
35.4358122572769,34.5604849553994,36.7443044254918,35.6992704016524,34.7868859325154,36.8545206833125,38.1323558676868,36.5310386662966,39.2183288880135,39.8452913961644,83.0466660533262,43.8403428905263,41.4678315796947,41.1713746575402,51.4527482403231,58.5184884145174,17.8518632817001,15.2271669506368,0,17.5704733994179,38.5736834744159,37.9862462843135,38.5703850598976,55.8448247502173,79.1320837254378,87.0079106501479,61.4921798185886,63.5984249679711,51.4195552279066,41.3498483226435,39.8892408377713,42.939317077531,67.953778709195,55.1514581695712,63.5743059963415,57.3434853636278,52.6156674084868,70.3026600861948,70.4955478184621,70.4651968801437,70.8940082010373,73.7991500455771,70.3692419296795,70.5816558960456,74.7724354884304,71.8512940116526,76.7606332029452,74.6098317768716,78.5313873263815,71.9291939048567,72.2007945217402,32.7490177289993,36.7611539166593,31.7630655059273,31.7695140557421,33.6901909061693,36.3973196455433,34.5100512900591,41.3675842888947,44.7279520841928,40.8447449700925,42.0718708433803,37.8629405940998,32.182113013429,39.3315770687995,51.3721284114668,77.5060306249097,80.7207438501857,77.1426140218925,74.3827365581148,73.2383747116362,70.1750439421549,76.6144664142639,78.9174961539135,91.6400423489726,49.5838333659816,61.5529469104569,84.9982230094149,44.0171154810585,40.8513541489929,40.3704298379117
38.2330960916219,37.4001318718896,39.5424088724437,38.5387064101473,37.6670743179645,39.6536045647788,40.9306189659988,39.3682250882526,42.5629778451323,43.1834162521527,85.4938255976475,47.2681169925386,44.8860788148536,44.5545629289762,53.8392839285324,60.933564235939,22.454393040715,15.6742530318988,17.5704733994179,0,40.5213135916195,40.013745951408,40.6102559347433,58.5399516379757,81.4176623401439,89.3245870586784,64.2667207915988,66.3458968288475,53.696967499848,44.4671762291197,43.0002234866123,46.1216576112602,70.291204194863,57.260701086716,66.0096646097705,59.7834879743567,56.0931021277637,72.7275289854052,72.9184286076081,72.8876908104615,73.3372554867229,76.2422380678399,72.8144944438923,73.0268382288527,77.2069612144895,74.2812366993192,79.1921751669607,77.0416392717674,80.961193824382,74.3615123157125,74.6291131766627,33.4963618168711,37.7158999687375,32.5836799954486,32.387129525855,34.8902096646162,37.6769853784124,35.7836100372513,44.0817868129522,46.9213821503095,43.1138352249982,44.3940498834456,40.2352887609356,34.7257998848387,42.2067254803966,54.242637065606,79.9011227315114,83.1130931626704,79.5363307647093,76.7782413493901,75.6882904112695,72.624735714407,79.0541768875429,81.3574221140199,94.1030716036349,52.3203620416373,64.267592672875,87.507760510484,46.7122836422561,43.3148358154748,43.6882646011852
30.5487527046211,30.2800129335424,31.8815280474184,31.4218690825211,31.0834665025862,32.028999641523,33.3245908072803,32.2388393833882,41.5727422672414,42.1272361109952,76.2307509436195,47.3113516730433,44.7818319868907,44.0460663930992,43.6206441157268,50.9267146824121,41.011117538539,37.3009729707178,38.5736834744159,40.5213135916195,0,19.1097284506321,17.3444521631536,50.8684172624326,71.388771125103,79.4161561931133,57.3327756215839,59.1455408079013,42.9650851027021,40.875822310556,39.3335255943496,43.2772740816591,60.3393447817823,41.1959888540073,56.1094934856641,49.8894608208782,56.7908998352531,63.315312320023,63.4958290216787,63.4683795512226,64.0255338639244,66.9324485478808,63.5148011638831,63.7297845152744,67.8630909902659,64.9106311993246,69.8331067617103,67.6814210912631,71.5935016305373,65.0052287514493,65.2495177008516,34.8319604046182,37.1051044889575,32.1937654605177,39.201994808178,28.0470362377675,29.6471598357264,28.2135362751054,35.5080623622128,27.8382354698665,26.2875467835717,28.8586004310249,25.7308303566995,47.9437088886582,35.7079838627866,48.0046003723448,70.3484699102068,73.5466744202785,69.9762574333882,67.2266736323912,66.4284640129488,63.3624943136599,69.7394693416717,72.0423011075143,84.9234875971657,44.6801011428338,56.4541947169507,78.3677226265907,38.3959683524995,31.2069664664928,42.3016860836207
28.71427168954,28.5009631303523,29.9888749024913,29.7010231216868,29.3921780282387,30.0838956466574,31.3359250981075,30.3566347741491,40.1039689211828,40.6519706117811,73.5584204199321,45.9220168114524,43.3826340037059,42.614423812275,40.7054940501841,48.0621589254149,40.4074866704768,36.795578552821,37.9862462843135,40.013745951408,19.1097284506321,0,11.9307785039857,48.4952169422841,68.6175089693477,76.6550011520247,55.0917089710036,56.8591731797814,39.9409486481331,39.1700889256531,37.6220509546142,41.6392820541379,57.5438168328275,34.67532048475,53.2674153675448,47.0476272751055,55.4486513254133,60.6160373323713,60.7949913812581,60.7688194533243,61.342082031511,64.249660505694,60.8333851683019,61.0491688151827,65.1766338891562,62.2197780956961,67.1444295300987,64.992214739283,68.9035984249179,62.3167891317756,62.5572476368473,34.8705245953897,37.3209913228278,32.2563588621185,39.0260399184026,27.9540436110905,29.9616645223583,28.7429961538458,33.2755242537345,26.8200831128936,23.3702544871024,27.1789510160837,23.2268395697219,47.3352435401583,33.7400225635242,45.9331721081501,67.6305291078432,70.8267808386527,67.2571741941212,64.5087174183043,63.7551374140521,60.6886399545848,67.0576721358386,69.3602321590122,82.2638433317577,42.3594673022704,54.0904940813142,75.6989874872056,36.007454388406,28.1325823751107,40.8125550939933
29.2050919052604,28.9977497452007,30.4976221619265,30.1828333873466,29.8837108348433,30.6113550454461,31.8801116879903,30.8846954283489,40.6769583613176,41.2258276908971,74.5657271860987,46.4897429712427,43.9506162833916,43.184941267841,41.7596054333322,49.0883650599983,40.9824646792338,37.3977892534999,38.5703850598976,40.6102559347433,17.3444521631536,11.9307785039857,0,49.3037903086712,69.7463429747652,77.7611890861856,55.8538146374883,57.6350969861191,41.1135702253618,39.7684156005403,38.22031059466,42.2317685051,58.638155140043,37.1336076111172,54.2738621828354,48.0490580942502,56.0141002042168,61.6404157525824,61.8209106081734,61.7950360953086,62.3521957995186,65.2599197782129,61.8419475538569,62.0578113240289,66.1935939456601,63.2402636548355,68.1636939747559,66.0112631767741,69.9242023617234,63.3354490320495,63.5789844609648,35.4920450195002,37.9052851366545,32.9015076112161,39.6129496137548,28.7549089934777,30.6618263809765,29.3631344441791,33.8694143036572,26.0399954446545,23.1959832189145,27.1260613402281,23.398654701186,47.9357447473334,34.3351494592086,46.6087309300176,68.6778009238522,71.8761517159463,68.3055059449907,65.5556860940931,64.7602124325372,61.6938763736405,68.0706384194774,70.3730208871509,83.2588406262687,43.0998366037947,54.8505138720151,76.6484290381733,36.7269985675958,28.7840397379563,41.3836226593095
42.4239361502109,41.7539132808572,43.2200590129724,43.3532462464548,42.5951411102188,42.7484379787564,43.4463600474148,42.6409907940299,49.6176038225086,50.0617178993561,69.4410608112841,56.3777715090622,53.738734045822,52.5675919997668,46.6772016539521,52.1660865631419,58.0702916776684,55.4010402379806,55.8448247502173,58.5399516379757,50.8684172624326,48.4952169422841,49.3037903086712,0,73.1070697838228,79.7112604978497,35.4739290898847,32.8970914747069,49.7963772577829,45.5535062646161,44.0270323114472,48.6339898569634,60.7436845535224,63.0018234047975,56.5363048950356,50.39036881227,66.4255231885535,58.0193366823274,58.3139577573153,58.2687223203747,57.6345471529614,60.5325775872419,56.9963671172013,57.1960830503257,61.8874698903614,59.215815572219,64.0257276027998,61.8755416399645,65.8823050640214,59.1617846386838,59.6509411057181,56.876911911396,59.7055479629214,54.7446878001887,59.4064209935236,52.1329174606017,54.6202031547395,53.2184696678693,44.8208556695926,54.989789428309,50.1069095553897,51.6362404874644,46.554259157528,65.1140288385664,42.4494284530091,45.4681171275879,66.6330937283704,69.9823218897358,66.340640932291,63.4962080636343,59.5421737191339,56.4962746901574,63.4530464239228,65.7529698503666,77.2004317636517,40.6595969657073,49.674518974554,69.3707238959634,41.7407312133104,45.8842629624162,50.3048120170543
68.102192296128,67.6719904459452,69.0533780193612,69.1336449513377,68.5920033042104,68.7743455637862,69.6639724539662,68.9053890115756,77.5147016227069,78.0139991991565,73.210094420383,83.7719426920337,81.186702764956,80.2301126912155,60.5894310318187,67.259134562844,81.5020586151543,78.2104993843019,79.1320837254378,81.4176623401439,71.388771125103,68.6175089693477,69.7463429747652,73.1070697838228,0,37.4148868224021,82.093936137638,83.2722365369038,60.4047598257761,75.1186766795495,73.57844909476,77.8748374348067,52.0164333408557,82.0028469538134,73.44934473683,67.9233737586675,93.5403226016814,58.3928804820952,58.2050061884574,57.6798835102828,62.1541253528227,64.8516450773491,61.9047448363589,61.9136701814532,63.4284460086693,59.7940239707898,64.7865511287803,62.8777530333022,66.1700497350866,60.2068489195467,59.8553899834591,77.8688264769807,80.6982980043832,75.3892746027769,81.3698658453762,71.3897207498574,74.2899833916065,73.2328468860722,70.8504823495556,76.5445493355584,71.9428973653786,73.9357894411043,69.0730001473659,88.3758390892116,70.3459229492076,78.9313890509766,58.1055429873734,60.6558340039282,57.4974998383481,55.2416491536621,64.685184186694,61.6566863561286,66.1578012202082,68.6083276789032,84.8798585897346,73.8124952855821,84.5736003923534,92.132126744347,69.6633449422006,68.6937359292144,78.2141630105841
75.749388406856,75.3093863594618,76.68845225159,76.7815382911879,76.2302048619152,76.3951346373499,77.2707608884312,76.517656270385,85.0663223427071,85.5620489851901,76.5106239575226,91.3570286563266,88.7681042412067,87.7973260252985,68.0324439664599,74.4432070981808,89.3662971495647,86.1230357177896,87.0079106501479,89.3245870586784,79.4161561931133,76.6550011520247,77.7611890861856,79.7112604978497,37.4148868224021,0,88.8564481375801,90.002443981456,68.4560547623873,82.5669117085819,81.0279609651524,85.3400441589202,58.5910831156154,90.0797241024504,80.5834521638959,75.0958609270269,101.144243552339,61.6672285251904,61.4135712010741,60.7106664096809,65.9400431983336,68.5767730284106,65.7260971811357,65.6740410899909,66.5668935154036,62.817227441283,67.77859509845,65.9612770559048,69.0645204860182,63.2748081258935,62.823916341015,85.9157155074329,88.7418582730435,83.4635158493324,89.342512920318,79.5746020702368,82.4344781523787,81.3479409253597,78.4424959314659,84.4710141229224,79.8363618281158,81.8023871183915,76.9135607851711,96.2559620482925,77.866706662278,86.2141894772816,59.1575661643409,61.4746600954762,58.5320133468737,56.5010257014259,68.3693447430644,65.3573211285833,69.4615453037191,71.9591268435465,88.8310916040981,81.0751486728248,91.7735313764225,98.3464521099887,77.1078154922709,76.4441417607348,85.7641661900929
48.1900605992495,47.4206111915862,48.993372704779,49.0214184478186,48.1773887999016,48.5291045252007,49.2401249559358,48.3096383984899,53.9981661472756,54.4176538981198,79.2862976764831,60.9354150626677,58.280484020199,57.0303201279731,55.4307924216114,61.2314193401177,63.6953094416085,61.137399875235,61.4921798185886,64.2667207915988,57.3327756215839,55.0917089710036,55.8538146374883,35.4739290898847,82.093936137638,88.8564481375801,0,29.6016867265406,58.0942008339799,49.3593329332494,47.8684463522514,52.4519058154789,69.9015384697429,69.8819328136079,65.7607293933318,59.5997874093103,71.0754574925199,67.7951787911867,68.0766759897134,68.0220628697091,67.5315806248243,70.4216063982672,66.9049018448658,67.0962641701304,71.6928830449412,68.9985609423354,73.8114750872728,71.668669691407,75.6564059858351,68.9552602941075,69.4246314755348,62.9863518319884,65.832885452598,60.9145476321902,65.3350822664614,58.5348053249482,60.9887197013222,59.540971324445,50.9875901355051,61.4148403339213,56.5516762016903,57.9848385040953,52.9269039121904,70.7401058659063,47.9195078242846,49.1172297368174,76.2133374225042,79.5467320544861,75.9131817418588,73.0793786949593,69.4416716163213,66.3981855069257,73.2867587786232,75.5922629635018,87.1626463225224,47.9828424566901,58.0467871790971,80.7776336732988,48.5924633266413,52.5653819535343,54.7233543431562
50.1959422046979,49.4626314188261,50.9919955293225,51.0664550090225,50.2538434020495,50.5190345402896,51.2185814011563,50.3405650608694,56.5827029277213,57.012628981487,80.3138935781162,63.4490618266581,60.8002026499673,59.5820407053099,56.5768576247896,62.3011421519234,65.8086010617965,63.2136543299791,63.5984249679711,66.3458968288475,59.1455408079013,56.8591731797814,57.6350969861191,32.8970914747069,83.2722365369038,90.002443981456,29.6016867265406,0,59.3760147691073,52.1627694419959,50.6529235637694,55.2701556939396,71.0279751433549,71.5578997779203,66.7815972141856,60.6173662274936,73.5526932248472,68.8197564229042,69.103677505162,69.0527322520398,68.5348227238651,71.4277037022043,67.9065626167584,68.1010000741171,72.7197505603223,70.028156632504,74.842054277783,72.696704793427,76.6892532495475,69.9838450079994,70.4556026430771,64.9339853397259,67.7732432127513,62.8421329253412,67.3434873241657,60.3860636480244,62.8485309534008,61.415012288948,52.8159694237728,63.2299219718164,58.355609996042,59.8192651449235,54.7489221618723,72.8565123870121,49.9766432568335,51.5997880392261,77.277254559967,80.6134402052682,76.9783192905896,74.1425059460862,70.4528168558951,67.4081823613251,74.3095177493341,76.6131933858132,88.1674445945461,48.9737433716318,58.5761830173144,81.341340115713,50.0863578546694,54.2684414675983,57.2879613670108
39.9603943407779,39.6089012179992,40.9123640623479,41.0684370547644,40.5917687252743,40.640478575922,41.5386621697636,40.8569323143568,50.2119906392667,50.7221156234309,67.2830549474065,56.3974951696259,53.818033500524,52.894137890763,29.2920626660352,38.9339368148766,53.7855158097205,50.4932472342458,51.4195552279066,53.696967499848,42.9650851027021,39.9409486481331,41.1135702253618,49.7963772577829,60.4047598257761,68.4560547623873,58.0942008339799,59.3760147691073,0,48.0528287585491,46.4971057747632,50.8127329114108,47.7119525047877,52.6923653044383,45.4053766161551,39.4845419436185,66.1298543308081,53.678350934122,53.8166973156485,53.8234373538287,54.8179447965119,57.7386777937011,54.3613183890496,54.5931731909944,58.5586454203234,55.4923852342335,60.470181288806,58.3061314306128,62.1984391137069,55.6492578374007,55.7943643901266,50.0735655574953,52.8666480280367,47.5975241726331,53.5897250913834,43.623937360528,46.4308754961542,45.3468585921436,42.5042484864989,47.9365920907142,43.2331019117231,45.3329144131495,40.3919788026421,60.6901043052558,42.5618984690163,52.1921277196303,60.2375771509746,63.3875991655892,59.8355619374664,57.1125650492125,57.4699510076483,54.3918529036934,60.5562827201121,62.853646513964,76.3172558519496,46.6542365524193,57.6757003722814,71.0497618466554,41.4440361161421,39.4479139621179,50.8895959727368
