IBR/IBR_outputs/all.combrep_1/EucDistWater_Total.Silt_Total.WeatheringIndex_Total/EucDistWater_Total.Silt_Total.WeatheringIndex_Total.asc
NCOLS 160 
NROWS 95 
XLLCORNER 210004.651214014 
YLLCORNER 7350008.22228844 
CELLSIZE 4999.99999999997 
NODATA_value -9999 
[rows 63 to 83 of 95, columns 46 to 91 of 160]
6.81327181345397 7.44206387965072 3.57994934825042 3.73488265383156 4.84502638251787 9.01987957626872 13.1195959720093 9.11403349022196 6.31866707014927 8.59649055403362 11.2282100231562 14.8235532524509 20.311634419014 24.9736607819339 27.0208407762034 28.9600667623313 32.9685400700898 34.6468381852098 34.0356239572471 33.377992694342 25.2283803500112 17.9818928398075 13.9374272916142 9.8136593964721 12.6025069456937 11.2331257407585 12.5304944532033 14.4791314401503 15.7611119558422 12.4415519498028 11.2633027883521 8.63485028043987 7.87787392758727 11.5720293873577 18.3707387387892 25.4758614115916 26.1068114895492 25.1146945783508 25.3936303027733 22.8270282286712 20.1712729328326 17.6607870063215 11.0466976269862 4.16001318007101 3.58607721684122 4.13774932622912
7.28314016639447 9.71868753946512 6.12931143764031 3.25275510243892 4.55186433041547 7.45609465844856 11.1082507730365 6.46027886592378 3.24536679086102 5.0631761356871 5.68110820354237 9.65780854948568 14.7247301440947 21.8861832652948 29.7164689444229 36.6832329740796 41.2994417504274 41.4757840725729 37.1512008881112 32.977684972158 28.4758148636983 23.1950929542166 19.7833532915674 17.2456911464126 13.1934167321721 8.53415190517641 6.70161597238315 12.7468838378092 13.7026481132187 7.69325220544879 4.84290892496729 7.34652505450029 4.90848259200962 11.6053033943515 18.7661962399779 25.7432550134524 28.1321730705635 26.705494759434 27.8176166762596 28.9933528137836 26.482125157937 18.6296046998371 11.3042190070266 5.65747240775404 6.24698353432525 5.56042555388543
11.3283854163184 11.4277659713894 9.66295220441075 6.64181507773382 4.22969231080245 4.41699643442471 9.24370081871209 5.57164211592349 3.36634617844272 4.90108087073781 3.45074555179162 5.51497692573715 11.9729882195985 19.6088970433003 28.1095704886966 35.9451487466438 40.0797214154212 37.5268898406763 29.863175345263 24.9946736486037 22.6964755683917 23.0893152484057 24.4316200795499 21.3027066440784 14.1112531124984 8.8131328025231 4.81298499976112 7.93333673828929 12.437895264908 7.70791664819076 7.72702935436667 10.45618237154 12.0942666956995 14.43235128283 20.566024886764 23.0036702934248 19.5386870116319 18.2561281769183 20.3862625407293 24.9952878520544 27.7620167495249 22.229969503554 15.9030094630918 13.0556701503697 12.6569020358078 11.3523817602091
5.77508512700745 5.71128615117566 6.06371189766507 4.86322306326822 8.41801609129432 8.30464056187314 10.1276484174816 4.89400204472127 4.96335135971797 2.78401342574193 2.6934010646261 7.13537567902037 13.4004260935703 20.6993801563903 26.3875766449841 29.0389577583081 32.5809346705081 31.5643730572036 25.263468034713 18.0730527557422 14.5415138713563 15.1717034181017 19.2142939576949 23.2280594485041 18.0482927246275 11.266454818754 5.96275799039992 7.70795983159181 9.09544296878093 4.22122714574478 7.91495557239154 13.6202729308022 16.3261954080902 17.9095902938545 19.3568078085837 15.6199126159049 12.5864532929957 10.6605771974948 13.1325841816219 18.6814612268282 22.9160593740291 25.8467823993678 21.6910269050385 16.5911675462658 13.3711214258181 10.430170092662
4.50027751344241 4.27332033964134 6.68996983155249 7.41032908743526 5.92018500673141 5.42435184940059 9.27912448089529 8.50154021849782 9.17675880050839 6.29171253499564 6.0935381773212 9.47398299994023 15.9364152487492 20.2083983362225 18.937158900471 19.5213298080139 23.3545344190815 25.4200387682446 19.5604868811207 12.6965234763287 7.64475781306319 8.59026101973801 14.305430941503 21.5832164952554 21.8125402957695 16.0842164690933 13.1444008585636 13.353476635048 12.628644411335 7.66803761856265 6.04726052774532 10.4943656203666 11.1085425781498 10.7522409798929 13.0732400965057 8.8892720683187 7.14086275469902 4.60151621699773 8.67763820278515 11.8586328960295 16.4363366135328 22.5725017655367 20.6665360709054 13.1545954134547 7.32211898189668 6.40720897968395
7.85478366414419 4.6973859720212 5.03841472822602 10.1087889357613 7.03657818396417 4.03953225862929 4.42611898303947 4.70336194704434 10.3244179783437 12.3486414494635 12.1497386397827 14.8063261586491 18.180610889894 14.4934119495155 11.2590931639819 12.4045166422882 16.3247188220218 17.9688804316805 15.5406298319838 10.6761643289889 4.86122755253487 6.73428629479521 13.1147030388507 20.7117008897006 26.1595280728388 22.8396644724203 20.259618935318 18.4121893389128 14.0449918404993 7.81484798424986 4.95468117325696 9.75380416375669 7.18173994691601 5.73102645304232 11.7015956002519 5.53754757729351 4.70456435050912 5.75112591939055 4.08903826059191 6.09896715353715 13.0047751223825 19.9546798452016 20.3549834897223 12.9542060227767 6.77654196620522 6.35068965231937
3.65940890018564 4.93763979979657 8.02469058255744 12.5306015773001 9.3469494540758 4.20609910468031 4.41420027248152 6.94686656507054 11.3633811113156 9.29000737632796 8.60752557193341 12.5965256156592 15.4021512421633 10.2017339626874 5.03012580333252 7.0314579397826 9.322893077595 11.4853867909224 8.77034048490009 9.68941453433876 6.96067870215016 8.29832414120901 13.5840429157495 18.397249438203 24.3323449381272 25.4993844000883 20.8520466189877 15.1253645621128 10.2834877390555 9.31010691250143 11.0045504031724 12.6297735706715 8.00199900222479 7.2138495229529 8.12051342037355 4.33602767915898 6.00921969942997 3.99550892585702 5.80970262278983 7.65140964490453 13.127548902266 20.3507949607873 22.9445083786698 16.7927714444871 12.284547862222 12.4028191019435
4.74381971706226 3.92624947259103 6.58753663558798 8.67399668559127 9.78932325345293 6.58265688749365 3.36564577489436 8.8131790062244 11.7673462808442 6.22835090221473 4.72472722175413 10.1560236621521 11.9299042616412 6.15022028752562 4.41562782140702 3.37264863405837 5.5120486896759 8.6147608144379 3.91651999953724 6.4132370568136 4.66554696284484 5.21581174016251 7.91072893721445 13.8123727344061 20.7583362325861 19.6319069076642 14.5630176293943 11.1707634751169 6.47762996350485 5.56999090583751 11.9068669384858 16.8637102913099 14.2509760617982 12.4197353614339 6.84460762110759 2.64283804245601 7.70027209632578 8.47558028203137 9.99017973009204 12.512261330808 17.3127504588367 24.0243585995599 28.2782892398678 23.1616278322449 19.933713415743 19.2004851068539
5.69571465277464 3.02731795811729 3.01649590345895 3.8579991959706 4.17272467017728 5.06666347479578 6.11815891264136 7.80109539174688 8.95064095287725 6.15091861987996 6.72253444305674 10.9838435612216 11.6100542649727 5.34178391678275 5.87003338858464 7.52110224287466 9.01515454893384 10.5344309570732 4.64406122941763 5.01969125918064 6.55283399245795 5.88285134419073 6.46184223551069 13.2815261293233 19.7761746830593 15.867764365289 9.20971861820927 5.80566889205197 7.07822026340205 6.51950512372585 11.2003169221928 17.4513468129881 20.5596017410428 14.5706961399237 7.46131226652272 3.03533340317854 7.81714748590925 8.94432073356491 5.94652368888928 10.3847144332809 16.3588042011438 22.5673771374843 29.531752619024 31.190220763713 28.5633756445204 25.776996218696
3.85502444462955 6.49421773259047 8.35138656908865 7.53044975911654 6.25162594856342 6.24305802985897 6.54279210003837 2.94843735447829 3.30116799032645 3.23543722871781 5.39884055761075 8.66151433082602 13.1287668530024 11.3837152381928 10.0712539950418 6.09741015902283 7.4050646804347 11.6149964146402 9.74043503109794 6.54550870589634 6.64361946997509 10.3778975939678 11.4464258704355 16.6718469321512 17.2499609968838 13.2429271179374 8.74711087738034 5.14928122393 6.76106726443513 4.3892853587438 7.68084610645268 14.5178690316611 19.6854483900884 15.0798601302271 8.01307826801844 3.57962153506127 7.53140888812967 8.58648957716822 5.01230180333888 7.54791118759995 11.6863709995988 18.1529802290251 25.9022601874815 34.3296673219487 37.2679280242611 31.52899979838
7.69292701732124 11.0135909978814 14.5647972233615 14.5163432631954 13.0836246850436 12.6541182987262 10.6733293463022 7.59139265120655 5.90660085260964 4.10834183669313 4.11584920581878 7.69208200877929 9.34331265651789 10.8056494577847 7.82153449633551 3.42933503173641 6.23793382878191 13.4146106170425 16.8536057258526 12.7652965548319 12.9314370683527 15.004136956731 11.4457376599656 12.2620586598707 12.4524969122501 7.85002052540889 10.2058964587185 11.2452785043606 9.0635278605351 7.65483458480561 8.14498440106788 13.3391989898623 16.2098839378859 10.9970631513214 5.46361145529685 4.49952560172754 9.95792063590633 12.7410185591945 7.57832453398791 4.07124548893116 9.20696545969811 17.1577216449736 24.7972999777041 33.4178158588094 41.7043171427313 38.6087909413243
5.59397492973293 7.69753719147881 12.1560176346254 17.4806429752911 17.6433192486246 16.7101265083204 15.5364649169543 14.5256809273801 12.2912283828017 9.11951342535945 9.80233473709714 8.48256065992467 3.81686453339956 8.06100037998487 10.7366743522882 8.18656645153079 15.160240780706 24.3584116187291 20.8519543727766 18.088765909048 15.589026784378 16.4093445692175 7.36556195018501 8.23887136453054 11.9136821845205 5.63961811323124 4.78937287619126 7.04258595300962 14.5180058584595 8.03573096962968 5.94322349285131 10.8020291149243 13.8688766929643 7.60426651020838 3.70071500668585 8.32505356322169 13.835119850059 16.707844416154 11.6206684092009 9.4052866543741 12.71441753321 18.6881937791153 26.4026401000736 35.1775641652835 45.223983132828 48.261100131122
3.92694730116033 4.19029744056072 9.41807552369362 11.2394559361194 11.126610412675 10.3354685547888 10.3781330716126 14.8075914327822 16.0473333909814 10.7417550046721 8.48076917450594 9.6857849767374 7.75066950387491 10.4259617914275 15.5791809207303 15.5471502529127 15.2120741142262 12.4042243135833 8.91618406556476 13.0863154083131 9.22339127451619 9.66434687888931 7.54120331519748 8.86386776291346 14.0316402078281 12.210620182429 10.5158821732168 8.26521262923365 5.13738258996689 5.60475504501837 6.1664855261504 11.7918877204362 10.5350808675667 4.34970895228645 3.54406558570625 9.76269282187049 17.2354202987894 21.6519394295269 18.268502138283 16.935008158545 18.9360410725924 23.7985346332496 30.5787257166409 38.7364649820852 48.1178607219699 56.4547795500812
5.24591153306227 4.03396418643289 5.4088627785849 4.19921088968221 4.47264670980504 4.17339649979376 5.30526044118482 11.8555490056306 14.4633784301005 7.74519548548263 3.8386689795104 8.79695769990545 14.1345494787701 16.5779740739992 21.1088245045207 21.3136111571923 14.6850339735572 7.86412583422694 4.59920547808243 5.85726903878548 5.03445992791031 6.92528507396233 7.58243453727361 12.665578340717 16.547714177169 17.6197998510502 15.8440980700556 13.3082512283968 9.89518770445491 6.15963653297734 7.65034526917201 13.4335939318596 10.2010273762806 4.04351327727756 5.54465160014682 10.9779256243866 16.4333042139072 20.5204429636902 24.0521687622276 25.2343444338781 26.7863490250868 30.7555555962948 36.7884472003376 44.4455780743822 53.7746113481239 63.5272243919161
2.52609230848767 2.13403730151412 2.68385795171057 3.92194313453578 3.47170383276468 2.12435369385882 4.47475001730803 10.9363685057804 15.3818986203043 10.8042329528347 8.34424319925246 11.5192767075106 16.5570088693186 18.1549964170069 20.7250397406043 22.944083897719 17.0662552822484 11.9633464853138 10.0427646266185 9.68131009756961 8.35145068588466 9.62216361215506 8.44619657530864 8.41513503803938 9.22732654703677 8.60998235686902 12.5482041183413 16.6516325429709 15.4767291311857 12.4148721597641 13.371903256747 16.3327879018986 11.0835703218992 4.37885186284992 3.24476121471849 7.00550757140852 10.8312596547916 14.9839311807422 21.1091273848861 29.0814358935206 35.021106589764 39.6137952573393 44.6962718663822 51.6857244638809 60.7027124387322 68.9123986952832
3.73893154299018 3.08727122113257 6.31322751079781 9.81352868378576 8.66071995126264 3.66164231223962 3.14419401076117 8.03085660054245 13.6469379888651 15.7570421752553 15.181932463643 14.9022744061123 11.7424405116788 10.7433570746613 14.1878106580479 20.5456243268762 22.5432605778973 18.9274447794441 17.2898037307349 16.6226318713807 15.2591647919555 11.5127623680303 5.22119603489717 4.79888093063439 3.7401431461832 4.30554630561361 10.1902514177742 11.954594993502 14.2148838137382 18.0024774203567 20.6559453533867 18.2033018060576 10.8457091648894 4.36694215835696 4.40121603425883 5.57176484291759 5.11797986654835 11.5114582813527 18.3036481318698 26.4666373333563 35.0823833856583 44.668632980133 53.2193217610112 60.7874425988371 67.1225919987834 64.4445348577982
7.88959517576468 6.28180118149192 5.10326081293417 8.52012229624381 12.3173666904625 8.32285798944734 3.25906884693629 3.9044395866046 8.19019289042375 11.1412294149666 12.9043624958948 9.92545099554537 5.85585472871831 4.57587007815264 10.3096076033768 17.7289438877517 25.4899720745818 27.0813007114629 25.7662497836288 24.8850078976217 21.1279433742609 14.5122163017229 9.88810576387715 9.35953444319762 8.31930211937983 8.96698042220306 8.66609298003745 5.2215229485345 9.08529064609094 15.8254889477318 20.8682477891352 16.1163720986227 9.77602039904654 5.42903574539969 3.51530799921188 3.5039845735843 3.55029967544504 8.94477265078372 16.2501445578483 24.4362361526226 33.4853535755254 43.659464925911 54.8906955601085 63.9051397327437 60.2897102845262 55.2520523550267
7.28144782671648 5.84521067045635 2.78081663808662 7.1877274592481 11.8107886354694 8.91825010884852 3.72198957119419 3.60346051898175 3.14161272672683 4.98385097468289 7.47191424675059 4.00496656245014 4.68903086367639 6.13522158327122 11.3340822308899 17.3875871598925 22.9263721927305 28.4626678974278 32.6112472451919 32.1483239324423 26.1145478138526 20.4948067684892 17.336654932739 16.689876833624 15.2579352624339 12.0723541000316 6.42042734110946 4.33214566494679 8.21975677594589 12.1940608378126 14.4314737710221 11.4600091217586 6.35526338617041 2.96629659604995 4.57308389220835 7.24991471251478 7.0178240731971 10.9467965628518 17.6333234133805 25.3502854966902 33.9606559228138 43.0882755969309 53.0612657627312 56.2982863429314 49.8087304126011 45.1672651703687
7.65093659590861 3.35643832486264 2.70439642013966 3.69545048210093 7.00209538197585 10.1902120318436 6.32078389849879 6.58189833313262 5.49695081154381 2.38607183550953 2.72335638457531 2.10669708449832 4.97579415953265 10.0580788792726 10.5338709025412 12.105106487146 16.7025354075721 22.5531613139796 26.6605745772998 28.6365001030316 30.4931243378555 28.1747348436209 25.5856986433001 24.5490243997427 19.3416637606107 11.9490274742791 5.79425744451026 5.44501980942382 4.52503183367304 6.83224887074967 9.66925916032014 5.21380724391343 5.71714117663806 5.7667444827557 10.28440657569 13.2377312371467 13.1027216758784 13.8235700051387 17.7248656750667 23.1459518898384 30.2796738867841 38.7600929329047 46.6669523738781 47.4417633059336 40.9062587971627 35.5861405644773
3.70678121624342 2.2672378710716 4.25712918180255 3.26978246781726 3.9372812748086 8.06796286597267 5.19881260676284 5.88716547588731 5.56745624628637 2.6045291197167 4.13754977068263 5.14084987056397 5.98048664727913 5.25176255614763 4.37753922057342 6.21905398557533 11.4679502712643 16.4982397020165 18.3967188813939 20.5593654144177 24.8874912265541 29.4173589947251 30.1298895764629 29.431571751485 22.3755297602935 15.8848639850543 11.7377354564595 9.88959438782348 5.88982210629076 7.38957074336487 9.66385438236034 5.22471799952965 7.81850446115827 12.1309503874336 15.7295481813741 14.8805242101663 9.12483469664757 7.40977940395751 11.8652615323734 18.7211333450432 26.9303890051854 33.1698310600092 37.5308948820016 39.2314246133775 33.1130193520847 27.3978278166408
4.63191176003229 4.14414352827332 3.96035670096773 6.93195074170027 6.07234159864003 3.82819626684694 5.10733833680073 8.7594162983241 4.32317622989651 4.49820264894582 3.23503859948945 6.52295972677444 8.59992726502444 4.8919535122202 4.53091084262242 3.6031681925283 6.41309397660366 10.5667922461151 10.7651828240135 13.595512641138 18.9398520294381 21.1670889127575 22.3446712686431 26.0849872561882 27.0668846843047 22.4037182342288 19.283535569948 15.6192768615822 12.5820826242426 13.5174191379538 14.7797763795149 12.1565218597676 13.4801669103863 18.2505979237275 20.308077679957 13.6673782323719 6.84858924234883 4.44715401920448 10.1590938578088 16.8326075308194 21.4785780864096 25.6351773775499 28.6521066765851 32.0887919064151 27.5096217294528 20.5562715715328
