IBR/IBR_outputs/all.combrep_1/EucDistWater_Total.Silt_Total.WeatheringIndex_Total/EucDistWater_Total.Silt_Total.WeatheringIndex_Total.asc
NCOLS 160 
NROWS 95 
XLLCORNER 210004.651214014 
YLLCORNER 7350008.22228844 
CELLSIZE 4999.99999999997 
NODATA_value -9999 
[rows 42 to 62 of 95, columns 46 to 91 of 160]
14.7087676423927 12.8979973337783 12.1841429205099 9.32091991964031 7.07075728902894 7.32677601456024 5.23954327466751 5.21612887707396 7.3200927955776 10.0966303981613 7.26336121662107 8.92447838666681 5.41607686446553 2.63611742622814 3.94263467637066 11.305537193619 24.7894582535612 19.4969727468312 17.5690051890917 17.6345515680316 14.6239381205942 8.15829706371011 6.24342415444695 4.35144056353341 12.3623149510024 25.3301207512941 40.3029952014677 11.3172996706677 9.17848843017529 8.83105211280646 3.90966198262776 8.03465091915452 6.3629336425047 3.41238858265887 11.2257965387127 7.60391286539104 4.95635752506456 2.57192780650566 3.60001283166385 4.64211625642297 3.57501327936779 8.68509018112145 12.6869110463185 8.00107637189069 4.49216507002702 2.72982842686536
17.5373817631446 15.9036956177568 10.9724084883788 6.22852416350394 8.72846284170423 6.44471791966919 8.02027614659181 10.0688244741872 13.3681397291657 16.3946784885628 22.727170192829 40.7323379138296 104.52509628632 13.5924139562276 7.05735874697022 14.7331594108036 23.0860246733517 32.6256281236348 12.7558784069093 13.5635828852024 15.9382923211055 14.5614991730419 10.4411210819177 7.66862180936493 12.3095949465155 21.2679227626611 40.7040499118367 27.7578841510334 6.24247115119505 4.8122175838998 4.67189378408745 5.24750991677414 2.95780297470855 3.29256709586365 6.71851547399183 13.367644716774 10.3591851359245 3.22402189837104 4.55209899185441 2.38920911889369 7.31014145228969 10.2125356990459 11.5952788204604 9.77325226570916 4.60758189832327 3.15023789160496
3.77502111386818 4.50994974473212 4.44275081333431 4.49099731411941 8.63371629187883 11.8733887520465 13.1742991938436 15.1060695656108 29.8252294462091 44.6551800415527 24.7567066567001 16.0507394780911 25.1912145134757 68.2976348512362 37.6563713184588 20.3600032396724 12.1308060222272 15.3648446292878 23.3983037420723 28.3486807078571 81.3813441926445 22.6352001921851 7.06459010970721 5.24361263203451 5.15679559466018 7.24750272521776 20.8850106521485 30.8702758336169 15.0116295906768 8.02553989096197 4.43764400199896 4.80209669791411 3.91169503878653 42.7787385472413 8.04859794534242 12.9366713123425 8.20751145419925 7.11167356609979 4.37037099780241 3.6204061764744 9.41951119807116 6.75495716898625 5.66025207852362 10.8551140166935 9.285725802531 3.57042608869878
5.52435433887609 5.25780367090651 3.26447969344725 4.32723177540031 7.96716597962932 9.34091181800942 7.79923971827863 12.3797676042385 41.230928479392 13.469240618446 5.61772411101019 7.29483312361517 14.7946504489748 23.4017778310001 42.7455801792518 43.8907493333736 10.7947617248966 14.358991771684 48.8621141161212 300.77676042902 201.32192599536 105.082459432555 12.9115079486817 10.2290050035986 7.81969561896449 6.92051095967912 9.04072201057116 8.4179444262524 17.8111127250333 17.58159528159 10.8845347015159 3.19705131039915 6.06624621795252 20.0860761099565 15.1078718286156 4.79368790164188 7.10008064530558 11.764853537107 6.20453467229119 11.1143473121657 7.35993510910932 4.79503318217733 6.34827233050385 8.96509944946646 8.47338608002967 3.08748119455945
12.1696001350202 10.9468269358738 6.70262806901739 3.61962225744965 2.96903576697493 2.73797120844363 3.14621526796564 5.69973988301173 9.02123259961766 9.3468969189326 5.95311687785698 7.5365954351003 13.8009514476421 18.9138794270326 15.7286101540601 13.3981587312631 14.3489234293063 12.3331228287808 15.162787693835 36.7422446122676 14.5001745049438 9.72713524841748 7.45224016181485 8.95967738535352 11.3963463860698 12.3759753010572 12.2589513046018 7.16936838581542 4.8884288228644 15.4984113559051 9.84188461724243 4.73753072149143 5.98911290612069 19.1035438049746 14.1329147638083 7.17215974621729 7.06924003356167 13.3823484116895 13.2036073595204 10.5880138346905 3.90778975010731 4.38963657946631 7.89099906431076 3.76330118338156 3.47310204131501 3.20372542104426
10.5941424835849 7.2060761495792 6.83007198093551 8.96799932269374 7.77814336181939 4.5058666355273 5.12603514596428 7.5273799951505 4.25712625687084 5.82394972522618 8.89538482653074 8.0049013880305 11.7616735561975 13.3741182617654 9.45357385472668 10.6874714989938 15.6196349288144 14.8060911116988 12.9837040320199 7.29988746329316 6.82237475527198 7.21241363945357 5.30940020965479 4.35276652371953 5.76598164438912 7.40417507702906 10.4717834440815 28.2835829069915 147.362821366511 53.9970260616007 10.010523291286 8.93101456479467 10.1537863747579 9.14862468141713 15.8591957139392 24.3514695373012 15.8029395622049 12.8004761001075 10.5915446721146 4.07864113517956 5.93440957106425 9.83725935771511 7.75341858150022 3.16777775045978 4.09641149213566 4.97971270365819
7.22089344968902 3.65282004110269 3.8942064135157 9.00685030273412 12.9751946856487 8.99453924625517 3.56946309384482 5.96872855450126 5.08450027824938 3.12461015100405 5.8107024993718 3.82787551300824 9.02300541659977 9.46850975167598 4.62635644811392 5.90007415430575 13.5704069632518 20.6413362853299 17.0773557488197 13.6136518140091 14.1932693749168 13.6046720684072 9.38891872033588 6.85989645751896 5.52620332882872 7.92439947062179 75.2118473901606 265.803850355118 252.584222982182 152.481771704273 200.438187942575 37.8639940332607 13.8658886732261 12.9166818515082 10.3161613184201 17.5439184461856 13.0926004700201 10.9258728618265 8.42123563604071 8.23004470935211 10.4020728694848 9.80101916338833 6.18480357844517 6.44987715328221 7.9278779274424 5.1568643862501
9.31097753970759 7.87774787843707 4.07271996104782 7.33264367808289 13.6214006511287 10.5111999512066 3.90920930781785 5.08682766089999 4.80112301130087 3.9648945076084 7.31350780838392 7.67927783369591 9.88107369526277 5.01351978578078 4.78514200251985 8.81215944887489 14.7986307026881 21.8482445709179 22.1866430389325 19.232391586839 19.3142528498953 19.7542715237199 15.5667694928287 13.6966937053913 9.99638829799286 10.4627739540227 18.176323216541 15.0873529453476 14.1126002801555 24.2272093839526 76.404009038608 372.637389507837 76.5455409165569 12.0634141038028 21.7680875309826 8.57945100084191 9.97080915141065 10.9972849689436 14.5074951012443 11.8645360150018 13.6416272199353 13.4247948111134 6.80239713734105 6.9587137158035 5.58065282052833 3.95599307078339
13.4045707015087 11.2568938942499 7.02895125415986 7.8590586915631 12.2771027495016 10.3913105426949 5.80298649509089 3.36018638882013 3.34943003784427 5.75093209713957 3.382145764016 5.60655975673345 9.61903161455873 6.95613701190921 5.03884682239029 9.3603852952882 15.02288560759 21.1758833848795 18.443182990672 14.1505821530699 13.8207073406663 16.9005064805782 20.9288588086147 20.0336977826047 16.6904781170983 15.4976331168996 17.8046046610963 16.5051515163676 15.5929162831957 18.0604524769338 22.3921037489311 23.6738923303262 64.2319101404838 13.2519726176364 8.97454570595462 12.357050715985 14.6406830563099 15.4600148060691 15.5374471601002 7.79113421025962 14.2311866650129 17.4157464696328 21.5400860207408 10.5968431914938 5.29505624690712 3.93605546612577
9.58577468787168 9.03377401492599 6.01883729144884 4.16683919789372 8.24352492901484 5.5610242043226 4.19180295043831 4.92827214137931 3.39564536813894 4.05262081153756 3.55326503544412 5.70509132875052 6.86232847767047 4.61877204323726 6.26603207888991 6.11155405878779 12.6507697610573 18.285603429279 13.8840369502859 7.99435548023731 6.84964007870255 11.989950657262 18.8559146756016 18.8577110071603 13.5885297422538 11.9621335538118 13.3854379359686 11.3110473259081 10.8906934384442 14.9768557917726 20.3930050379549 16.0588721910539 8.97334357047337 18.1982021343883 12.7226529506191 15.9890304153925 19.3706493433656 19.887680033136 15.4050692514036 11.9975446780093 14.9506655160343 17.6238019132547 12.3978953663737 15.5710912959242 17.3190427553406 5.27698589249249
5.36096141334794 4.61736953236273 5.7067306214038 4.81459627399637 5.17030718494401 4.23952913968178 5.86209553150019 7.3758039348455 4.00647339612325 4.12397555994281 4.1048653133935 3.52923927630915 4.86281914585431 4.88722149065011 6.01495818623916 7.45730001493251 10.7487742087307 12.5492906001671 12.9017362933152 6.64768777088851 5.42177540303245 11.2404705875006 18.3391839826987 15.7085553077977 8.93148138387461 5.07738427425877 9.07461250077802 6.26604284161692 5.51915220166304 11.4834708854314 18.789634512561 17.2570116817494 10.8656591027812 38.0279692216255 13.7762522256558 18.6175524124026 15.5770485917946 14.2927465529364 18.2693391276261 20.5980723245233 19.7618179035723 12.6963163363 6.34550541941081 7.27993797087652 7.5457613282232 9.78436814067196
5.55519447839722 5.26887594487629 9.09111672741703 6.29119210307536 3.57044779347844 3.97880041183312 4.17770619301088 4.41859302897318 3.39074099200431 4.70140135955873 3.04267789087462 5.65663878154547 8.46404583236732 8.83156945504735 11.8128774889636 8.95406004272992 4.89331070229068 8.74890109307979 14.424491071745 11.9370437763011 11.4084297654272 15.2481186090095 20.7790181912804 16.3986739801439 9.88326851213234 6.35370215453875 4.88187750038695 6.69289046148119 7.4611701126572 12.5666029473197 19.7019496530546 22.2683321144401 18.0208921260742 27.5829947025418 96.6307272165222 44.8610002027769 26.9957153718892 11.8005516735503 21.823161379925 24.799443805239 25.0997444829076 13.4484893830685 9.890552856234 10.1460375981407 12.1737428871019 9.13544569780645
5.85642814008551 3.88809951071972 7.63902899556298 11.154221314219 7.69340313237612 5.23053255391459 6.06649589880286 2.97609559357465 4.51997710670712 5.5323011820618 5.50615698264111 4.56831677214377 10.6824341379891 15.6063662764905 16.1866485847589 10.5507228437583 8.36588977672831 10.8127231340289 16.943637307918 19.2452113991236 18.7837139643725 21.5480393010804 25.5480116371537 20.1677258817951 14.9124495719511 9.78991596558832 5.97485393712734 7.37340235357789 7.71536927432067 12.1067577111026 18.9650310297 25.9763761561727 25.2216253053527 23.5145896068373 22.3156803115902 31.2985409258173 16.3960594938522 31.4638750459135 185.095297261249 325.206758339473 328.116870874122 133.973226331205 88.7269754322602 9.60920169936742 14.3229003353258 15.2162644054717
8.01607362451556 11.0508585475009 11.0300001132996 14.2044736391408 8.00348626162493 4.27532629420312 6.86446109707756 2.83550423537097 4.83912741598611 9.00678287775103 5.36237442045363 6.77012923203235 12.6043650238279 14.0635638632836 11.2685915057646 10.763219925423 12.8141777845101 16.4232323461679 21.3872582960081 23.0897408579051 22.30027961259 22.9977137346007 23.061520521283 23.2073389914882 20.027500854405 14.9965298101224 11.9405614068732 6.64638029108376 4.80802131471584 10.5630602334881 18.0222764817582 26.2845011563471 33.814160839978 32.1759152258888 26.6127434935888 19.6145347638199 13.5192901273827 13.5368850565631 15.4139858809718 15.4904010937286 19.9628002500585 52.8311741714151 35.2244714410024 33.5142383052062 61.1624736430311 14.2767487181805
12.9767197334331 14.7533124019184 16.4008851903992 16.8670154402078 11.5656733171615 9.76456786057161 10.0717771891388 5.13895547595713 4.16842315572536 8.02318972964413 6.85204042968118 7.79685078943339 10.1677488929234 9.94690743304122 4.8432172279099 4.5471478378283 8.13185094718132 15.3863331885362 20.4963729365685 16.9480943328911 14.9444996754215 14.9548515084846 15.2608783616509 15.7843251534252 18.0078009213767 20.4903825550027 16.5085915733096 11.2376008183972 10.1811061244215 13.99799171843 20.4823895894658 28.1532396994234 35.8375617296341 31.6228996024118 24.0821950448544 18.2442238390358 14.9587901616854 14.4454140337981 11.0988391699801 8.43038021988148 12.8049456602465 29.2611145245114 45.4323276827439 19.121682639246 68.6429941548539 116.626164872795
13.3265016782322 10.5310503495926 12.5714617768348 17.3262536475719 15.8865008651107 13.9631083640251 13.1349520085058 10.1338482830486 6.69812827476869 9.84382020564726 12.7757794717621 8.86944767191873 4.30217902548969 7.5318198598581 7.16032679961758 5.79757889658645 9.06289347737597 15.3032706219535 15.8402024060578 10.8062509218476 7.53349332380636 7.6170158324491 7.58443685242032 8.57851799863619 12.5922242361865 16.6636468442098 21.3965886942818 21.7109513414299 31.7675128313463 28.3585235254908 59.4111105214558 39.3144048859615 36.2019439372654 27.7915959823175 19.705387435014 12.7104773345387 8.02531145624635 8.71295639066353 6.31416914984592 3.86769506201895 11.8225705073482 17.514371795575 19.1783187342169 28.4961875511123 20.290780732583 9.79228886364581
9.39644190940206 4.4307534566832 7.86613517705249 14.6169444212264 11.5303368629439 7.44692211362835 7.88968877877818 9.0651499111001 10.3457424820291 11.491131060649 11.5471071686533 7.24115113183323 3.03011452580157 8.34649749660332 11.6700398022344 12.2642671925015 13.8626412197431 18.6973165383857 8.86754482046885 8.62980793143267 4.46562484667171 5.01166725450909 13.9953498015124 6.13369862470987 9.60854569483459 31.0632938687252 25.8376622687349 19.33708024886 145.982791358204 27.7629811424861 27.8128345422792 42.6957616629577 37.5139991718732 26.7985070785051 18.3772267618295 10.8607363641371 4.65984708793172 5.99641009160502 6.15663219288544 2.79191336353529 8.17293040045088 12.6242279585857 14.8765782401576 15.9030993495348 12.7460780040487 12.8785833681413
10.5138586024112 6.48771465941273 9.14491753718179 11.1138054306866 7.41683030031971 2.98565700838368 2.70169748199069 3.50339201442902 4.64855283654228 5.73588456424354 5.04794078197423 4.53099783086465 6.15386362017691 8.1270886362449 6.61616198450687 11.0844215556918 13.9421644919493 7.36900418327484 4.08634310391939 8.9846780529293 9.64561104712743 9.64643835104851 9.66448500830102 8.37735770226714 5.70729501939539 10.9725038721494 62.6034971457923 38.8520565558743 104.938610975274 37.6660477038305 24.6831768661861 58.7280014775161 36.6573831919297 28.3409266956576 20.5450410190703 13.2072483611918 7.37453329862788 6.2857936593319 3.9220035983734 3.94533939251347 6.69349707149718 5.79700323005531 7.40426855108885 9.0134960172052 6.61431905342592 8.84740618217073
12.2214465277336 11.6334651631965 12.0144149929752 6.64011523506918 3.35126528493949 3.2703817631796 5.15718619323237 5.32285971359731 3.04250516178715 3.02431808653983 3.7769699820623 5.38447601189038 9.32091740863015 7.5731124197523 5.11214273991381 10.5104741005131 14.9482601877832 10.5653726740179 8.57697378711214 12.5508904211264 17.0862277595786 16.7554065020418 14.2000461698369 10.0333540218961 7.11549545712122 18.7880718211325 11.0164877684529 6.27843670953523 10.1051523160508 17.2334005400937 24.7415390069482 80.2616376651034 30.7064875879115 28.5808509054552 21.1856620912245 13.8796769101762 7.23103989108269 3.68120201768959 3.93981766251504 3.93810408313106 4.47611606008219 3.49328178170411 4.79723662936438 8.04434385937556 4.53334564249589 4.30500865663192
6.12668588786171 7.10528561567925 8.35959433331722 5.81006595658479 3.10445515033514 6.99774567858922 9.79007523737342 10.8432298072351 6.45265487578881 6.64869227397477 9.86900343791608 12.3661850270548 14.8437663950933 12.5782810977826 11.1287038334066 14.6887917323026 19.3250328015099 17.843497653018 16.048076120704 18.4080368186579 21.8675414682516 17.308249493115 10.8767793680872 7.4767464316068 8.81755101800097 11.3035284368046 12.8951716791542 12.1217498091925 15.3729795276149 19.4306135085401 24.6560982759013 32.3129202151816 23.5543128342474 23.4372600753655 22.8745367117261 16.9232342311361 11.5613405896117 10.3503112552635 10.1484974274373 9.72976778906563 5.83492759990848 6.38761040552937 9.26537146582302 7.86269876288802 6.77468277111541 3.02308493865437
3.71027124505148 3.28534014523921 3.35196178509122 4.56017392198749 2.6711998327422 6.31791706504996 12.9798179556665 11.660985216406 5.42163879517709 5.41873452623878 11.85533977621 18.3464657232962 21.7245619196067 19.8923400586518 18.6867524937509 21.003316318549 25.5120909771695 25.3072433153652 24.5473473848325 26.4200068739627 23.1741277792563 15.4282234726963 8.97392965156439 5.02028906974373 10.2419895595886 14.2744038191789 16.8293328204427 17.5271712075451 19.860169453447 20.2140796392901 17.8175444562417 16.341677079955 15.8204201722552 16.5518201928855 21.9867455889217 22.3428937936851 18.2066758716172 16.7649913650637 17.7794646331327 16.2256134061777 12.4399146124943 12.9047100680237 10.4518892806232 4.07316238407365 2.92416159910751 2.6779030940411
