0.760901 0.033927 0.00665276 0.110567 0.087952
0.801801 9.9991E-05 0.0346356 0.0936998 0.0697637
0.604592 9.9991E-05 0.0329647 0.122529 0.239814
0.785211 0.0371301 0.000466356 0.177092 9.9991E-05
0.920506 0.0791936 9.9973E-05 9.9973E-05 9.9973E-05
0.860273 0.0857443 9.9982E-05 0.0537824 9.9982E-05
0.772471 0.0520555 9.9991E-05 0.115836 0.0595373
0.800551 9.9982E-05 0.0426215 0.156628 9.9982E-05
0.629801 0.0951126 0.0331066 9.9991E-05 0.24188
0.494835 0.00476005 0.0328718 0.25322 0.214313
0.36067 0.0608652 0.0707763 0.460096 0.0475931
0.514709 0.0453304 0.0132834 0.175926 0.250751
9.9991E-05 0.0612152 0.0187253 0.853135 0.0668243
0.492367 0.0781572 9.9991E-05 0.22699 0.202386
0.681382 0.079219 0.0432443 9.9991E-05 0.196055
0.630162 9.9991E-05 0.025919 0.219586 0.124232
0.649634 0.0272956 9.9991E-05 0.0608753 0.262095
0.887564 9.9991E-05 0.0352875 0.0142465 0.0628019
0.0605373 0.126976 0.0597278 0.195524 0.557235
0.100304 9.9982E-05 9.9982E-05 0.163188 0.736308
0.22536 0.0237703 0.0236146 9.9991E-05 0.727156
0.0195522 0.0254973 0.00627344 0.0819424 0.866735
9.9982E-05 9.9982E-05 0.0539895 0.0214063 0.924404
0.137779 0.0117772 0.0409153 0.0470253 0.762503
0.265597 0.000764346 0.0012523 0.0398994 0.692487
0.0460275 9.9982E-05 0.0109417 9.9982E-05 0.942831
9.9982E-05 0.0507088 0.0397298 9.9982E-05 0.909361
9.9991E-05 0.066454 0.0166625 0.0213388 0.895445
0.0136365 0.0387328 9.9982E-05 9.9982E-05 0.947431
0.0427618 0.103205 0.00499053 0.0083176 0.840725
9.9982E-05 0.0603939 0.0191527 9.9982E-05 0.920254
0.0895549 0.0495195 0.0510997 9.9991E-05 0.809726
0.0152096 9.9991E-05 0.0595282 0.0802301 0.844932
0.452088 9.9991E-05 0.0726629 0.288839 0.18631
0.66639 0.0360248 9.9991E-05 0.0173516 0.280133
0.782867 0.0952797 9.9991E-05 0.035524 0.086229
0.700197 9.9991E-05 0.0273364 0.254538 0.0178288
0.474464 0.0633904 0.0170648 0.339661 0.10542
9.997E-05 9.997E-05 0.9996 9.997E-05 9.997E-05
0.0250328 0.0364825 0.016803 0.136432 0.78525
0.782883 0.106642 9.9982E-05 9.9982E-05 0.110275
0.596918 9.9982E-05 9.9982E-05 0.240161 0.162721
0.302848 0.116653 0.0170359 0.331917 0.231546
0.148271 0.150096 0.0431085 0.561389 0.0971353
9.9982E-05 9.9982E-05 0.0112998 0.987375 0.00112553
9.997E-05 9.997E-05 0.9996 9.997E-05 9.997E-05
0.455833 9.9991E-05 0.077009 0.264448 0.20261
0.280967 0.0734147 9.9991E-05 0.564098 0.0814199
0.336069 0.0925161 0.0225866 0.161094 0.387734
0.0606965 0.764484 0.0184922 0.108811 0.0475165
0.00889628 0.790875 0.0355505 0.137499 0.02718
0.117361 0.821396 9.9982E-05 9.9982E-05 0.0610423
0.0292076 0.718434 0.0785192 0.173739 9.9991E-05
0.00791095 0.868657 0.0579999 9.9991E-05 0.0653325
0.0332723 0.863397 9.9982E-05 9.9982E-05 0.103131
0.25961 0.731571 9.9982E-05 0.00861991 9.9982E-05
0.06522 0.767071 0.0203373 0.147271 9.9991E-05
9.9982E-05 0.886257 0.0215173 9.9982E-05 0.0920259
0.0778218 0.775609 0.0587325 0.087737 9.9991E-05
0.117704 0.608088 0.0244154 0.249693 9.9991E-05
9.9973E-05 0.861899 9.9973E-05 9.9973E-05 0.137801
0.0268696 0.704067 9.9991E-05 0.148472 0.120491
0.0198723 0.289858 0.0635466 0.626623 9.9991E-05
0.142975 0.0305001 0.0414117 0.0241626 0.760951
0.108216 0.00151243 0.0306235 0.0793823 0.780266
0.138976 9.9982E-05 0.0200225 9.9982E-05 0.840802
0.12796 0.691844 0.0376089 0.142487 9.9991E-05
0.0256929 0.519074 0.0918142 0.363319 9.9991E-05
0.030576 0.726835 0.0290035 0.14942 0.064165
9.9982E-05 0.704603 0.0388558 0.256341 9.9982E-05
0.127886 0.823083 0.0488314 9.9982E-05 9.9982E-05
0.211897 0.161425 0.00363203 0.622946 9.9991E-05
0.117333 0.0335198 0.021783 0.81563 0.0117337
0.0660824 0.0894512 0.0206167 0.787065 0.0367845
9.9973E-05 9.9973E-05 0.0263915 0.973309 9.9973E-05
0.0129891 0.00975851 0.0178046 0.84217 0.117278
9.9982E-05 9.9982E-05 0.0110786 0.962115 0.0266069
0.0716611 0.00269038 0.00476597 0.857959 0.0629233
0.00136447 0.645233 9.9982E-05 0.353202 9.9982E-05
0.117444 0.440826 0.115781 0.28254 0.0434102
0.00247583 0.713866 0.016192 0.18637 0.0810955
9.9991E-05 0.71987 0.0439245 0.168992 0.0671133
0.190291 0.766718 0.0427909 9.9982E-05 9.9982E-05
0.0554108 0.00437545 0.0312375 0.225865 0.683111
0.0608332 0.303026 9.9991E-05 0.487729 0.148312
0.0251893 0.124537 9.9982E-05 0.850073 9.9982E-05
9.997E-05 9.997E-05 0.9996 9.997E-05 9.997E-05
0.66309 9.9982E-05 9.9982E-05 0.152544 0.184165
0.693708 9.9991E-05 0.025947 0.136311 0.143933
0.606242 0.0157039 0.0490709 0.175045 0.153938
0.354992 0.0300885 0.0531589 0.306482 0.255278
0.844601 0.0749929 9.9991E-05 0.0420732 0.0382329
9.9973E-05 0.146253 9.9973E-05 0.853447 9.9973E-05
0.121646 9.9991E-05 0.0378777 0.284866 0.555511
0.0633189 0.137222 0.085901 0.713458 9.9991E-05
0.265366 0.0648829 0.0415499 0.355361 0.272841
0.787893 0.000478492 9.9991E-05 0.00790963 0.203619
0.655464 9.9982E-05 9.9982E-05 0.321056 0.0232806
0.497048 9.9982E-05 9.9982E-05 0.346029 0.156723
0.598343 0.0483411 0.0153482 0.305545 0.0324235
0.557045 9.9982E-05 0.0329288 0.409826 9.9982E-05
0.630769 9.9991E-05 0.00692258 0.249143 0.113066
0.0764732 0.256293 0.0260839 0.592863 0.0482866
0.169291 0.151699 0.0719858 0.606925 9.9991E-05
0.0703014 0.18691 0.0795735 0.663115 9.9991E-05
0.166514 9.9991E-05 0.010925 0.678705 0.143756
0.234209 0.1177 9.9991E-05 0.523179 0.124812
0.450153 0.0892832 0.00362275 9.9991E-05 0.456841
0.217543 0.748081 0.0341762 9.9982E-05 9.9982E-05
0.00319748 0.752786 0.0146546 0.178595 0.0507673
9.9982E-05 0.170992 9.9982E-05 0.639838 0.188971
0.130338 0.133583 0.0359589 0.543201 0.15692
0.0788526 0.153152 0.039779 0.487904 0.240312
9.9973E-05 9.9973E-05 9.9973E-05 0.214493 0.785208
9.9991E-05 0.622638 0.0443587 0.291079 0.041825
9.9982E-05 0.679403 9.9982E-05 0.30708 0.013317
0.0554665 0.483571 9.9982E-05 0.460762 9.9982E-05
0.28889 0.0702117 0.0467498 0.0678259 0.526322
0.701476 0.0630115 0.0209864 0.0222656 0.192261
0.708502 0.0398541 0.0145875 0.183452 0.0536044
0.805496 0.123802 9.9982E-05 9.9982E-05 0.0705022
0.597871 0.00760456 9.9991E-05 0.0386882 0.355736
0.70651 9.9991E-05 0.0178563 0.109506 0.166028
0.751661 0.0333047 9.9991E-05 0.107389 0.107546
0.888121 0.100791 0.010888 9.9982E-05 9.9982E-05
0.483374 0.0164385 9.9991E-05 0.101925 0.398163
0.800104 0.0168897 9.9991E-05 0.0962942 0.0866118
0.606191 9.9991E-05 0.040738 0.173093 0.179878
0.666712 9.9991E-05 0.0300389 0.166993 0.136157
0.50862 0.0942106 0.00304768 0.130912 0.263209
0.75727 0.087069 0.0492906 0.0768795 0.0294905
0.424142 0.0226457 0.0172649 0.317468 0.21848
0.80884 0.0344764 9.9991E-05 0.0823529 0.074231
9.9973E-05 9.9973E-05 9.9973E-05 0.126172 0.873528
0.0902269 9.9982E-05 9.9982E-05 0.0296912 0.879882
0.0460646 9.9982E-05 0.0409227 9.9982E-05 0.912813
0.128898 0.079518 0.00879425 9.9991E-05 0.78269
9.9991E-05 0.0425647 0.0151837 0.130522 0.81163
0.645608 0.0801011 0.0201193 0.254071 9.9991E-05
0.672719 9.9991E-05 0.0242711 0.222458 0.0804518
9.9973E-05 0.942302 9.9973E-05 0.0573985 9.9973E-05
9.9991E-05 0.729972 0.0478948 0.162824 0.0592091
0.0332041 0.86127 0.00510436 9.9991E-05 0.100321
0.0297715 0.649179 0.000587761 0.245294 0.0751672
0.0725238 0.856205 0.0322593 0.0389124 9.9991E-05
9.9982E-05 0.820276 0.0195757 9.9982E-05 0.159948
0.0215138 0.8835 0.0088384 0.086048 9.9991E-05
9.9982E-05 0.794297 9.9982E-05 0.164801 0.0407025
9.9982E-05 0.812176 9.9982E-05 0.0579053 0.129719
9.9991E-05 0.876168 0.00740049 0.0294115 0.0869197
0.044646 0.81849 0.0444216 0.0923427 9.9991E-05
0.0312209 0.713059 0.0442808 0.179236 0.0322037
0.0972866 0.790276 0.0256904 9.9991E-05 0.0866466
9.9982E-05 0.860609 0.0195395 9.9982E-05 0.119652
0.0209361 0.83318 0.0118299 0.133954 9.9991E-05
0.06754 0.900627 0.031633 9.9982E-05 9.9982E-05
0.0614675 0.853967 0.0148343 9.9991E-05 0.0696316
9.9982E-05 0.12783 9.9982E-05 0.828292 0.043678
0.0486484 9.9991E-05 0.014057 0.922584 0.0146102
0.0920951 0.871934 9.9982E-05 0.0357706 9.9982E-05
0.255943 0.707479 0.0355415 0.000935644 9.9991E-05
9.9982E-05 0.851431 9.9982E-05 0.097074 0.0512955
0.218289 0.164823 0.00392201 0.612866 9.9991E-05
0.859481 0.0118472 0.0253525 0.0864981 0.0168207
0.754381 9.9982E-05 0.0548601 9.9982E-05 0.190559
0.239821 9.9982E-05 9.9982E-05 0.225836 0.534143
0.259561 9.9991E-05 0.00810957 0.100821 0.631408
9.9973E-05 9.9973E-05 9.9973E-05 0.191038 0.808662
0.0616937 0.0527188 9.9982E-05 9.9982E-05 0.885388
0.156887 9.9982E-05 9.9982E-05 0.0492412 0.793672
0.073355 9.9991E-05 0.0263564 0.139008 0.76118
9.9991E-05 0.0779829 0.0619772 0.166245 0.693695
0.1365 0.0659814 0.0638377 9.9991E-05 0.733581
0.709278 0.0324693 9.9991E-05 0.139688 0.118465
0.727665 0.0908547 0.0491411 0.0582677 0.0740718
0.741661 0.0365008 0.0377371 0.184001 9.9991E-05
0.690018 9.99731E-05 9.99731E-05 0.309682 9.99731E-05
0.759464 9.9982E-05 0.0158757 0.224461 9.9982E-05
0.514283 9.9982E-05 9.9982E-05 0.414276 0.0712415
0.617236 9.9991E-05 0.0330908 0.174936 0.174638
0.531898 0.0328097 9.9991E-05 0.181449 0.253743
0.626647 9.9991E-05 0.0460117 0.283197 0.044044
0.622409 0.061105 0.0231717 0.17533 0.117984
0.688564 0.0455375 0.0447829 0.128439 0.0926768
0.00763577 0.101529 0.160847 9.9991E-05 0.729888
0.0586718 0.73762 0.00772323 0.16373 0.0322551
0.00707028 0.830224 0.0386112 0.0379503 0.0861439
9.9991E-05 0.811327 0.0103238 0.160444 0.0178055
0.0854303 0.719251 0.0242617 0.147781 0.023276
0.119458 0.783176 0.0219094 9.9991E-05 0.0753572
0.399879 0.100151 0.0166316 0.179746 0.303593
0.593152 0.00111335 0.0445537 0.109748 0.251433
0.835162 9.9982E-05 0.0795791 9.9982E-05 0.0850593
0.415084 9.9991E-05 0.0637883 0.248823 0.272205
