0.865525 0.0241018 9.9991E-05 0.110274
0.874396 0.0274161 9.9991E-05 0.0980877
0.740536 0.0344029 9.9991E-05 0.224962
0.916481 0.030934 0.0190763 0.0335084
0.92108 0.0104893 0.00264627 0.0657849
0.950355 9.9982E-05 0.0494454 9.9982E-05
0.897955 9.9982E-05 9.9982E-05 0.101845
0.948271 0.0491532 9.9991E-05 0.00247602
0.652053 0.0222265 0.0704745 0.255246
0.672052 0.051197 0.00286238 0.273889
0.673237 0.0574784 0.201285 0.0679997
0.603325 0.0224217 0.0759006 0.298353
0.597771 0.0365127 0.294342 0.0713736
0.592573 0.00768521 0.117594 0.282148
0.700055 0.0529242 0.0136612 0.23336
0.831936 0.0132194 9.9991E-05 0.154745
0.703889 0.0196142 9.9991E-05 0.276396
0.818523 0.0428236 9.9991E-05 0.138554
0.210089 0.0761155 0.141407 0.572389
0.245447 0.000673622 0.0340116 0.719868
0.213814 0.0292325 9.9991E-05 0.756853
0.0194554 0.0284947 0.067218 0.884832
9.9991E-05 0.0597744 0.0179556 0.92217
0.0409996 0.0355989 0.0551168 0.868285
0.274272 9.9982E-05 9.9982E-05 0.725528
9.9982E-05 0.0119988 9.9982E-05 0.987801
9.9991E-05 0.0310272 0.0790643 0.889809
9.9991E-05 0.0183629 0.0508145 0.930723
9.998E-05 9.998E-05 9.998E-05 0.9997
9.9982E-05 9.9982E-05 0.0699125 0.929888
9.9991E-05 0.0188262 0.0335696 0.947504
0.0454936 0.037823 0.0407442 0.875939
0.0305479 0.0680405 9.9991E-05 0.901312
0.672916 0.08506 0.0104749 0.231549
0.718777 0.00336428 9.9991E-05 0.277759
0.718726 9.9991E-05 0.0640473 0.217127
0.826785 0.0349193 0.0407003 0.0975953
0.699389 0.0111254 0.113097 0.176388
9.998E-05 0.9997 9.998E-05 9.998E-05
0.077144 0.0142966 0.0561155 0.852444
0.691436 0.027012 0.107375 0.174177
0.852311 9.9982E-05 9.9982E-05 0.147489
0.480945 0.00484583 0.192469 0.32174
0.490885 0.060624 0.306976 0.141514
0.62342 0.015933 0.300699 0.059948
9.998E-05 0.9997 9.998E-05 9.998E-05
0.616229 0.0968912 0.0494102 0.23747
0.638742 9.9991E-05 0.220978 0.14018
0.483784 0.0284746 0.148562 0.339178
0.115807 0.0288189 0.839795 0.0155788
0.0274709 0.0249038 0.914341 0.0332846
0.125113 9.9982E-05 0.874688 9.9982E-05
0.121627 0.0740031 0.80427 9.9991E-05
9.9991E-05 0.0455964 0.86719 0.0871132
9.9982E-05 9.9982E-05 0.923937 0.075863
0.176919 9.9991E-05 0.814951 0.00802917
0.0571478 0.0336929 0.880693 0.0284663
9.9991E-05 0.0371099 0.894235 0.0685552
0.0817704 0.0529122 0.865217 9.9991E-05
0.210474 0.0527223 0.736704 9.9991E-05
9.9982E-05 9.9982E-05 0.906208 0.0935917
0.114185 9.9991E-05 0.778946 0.106769
0.348371 0.0777023 0.515198 0.0587294
0.133822 0.0178448 0.053177 0.795156
0.166519 0.0460251 9.9991E-05 0.787356
0.113953 0.00137916 9.9991E-05 0.884567
0.1747 0.0132961 0.773436 0.038568
0.215933 0.0620804 0.721886 9.9991E-05
0.10474 0.0123252 0.808968 0.0739671
0.0653496 0.0555572 0.858485 0.0206084
0.0674217 0.044664 0.862134 0.0257806
0.64795 0.00506125 0.346889 9.9991E-05
0.606144 0.0142033 0.321108 0.0585454
0.621703 9.9991E-05 0.346774 0.0314227
0.608928 0.0436517 0.331076 0.0163439
0.573176 0.0358902 0.237286 0.153648
0.552874 0.0577732 0.330634 0.0587186
0.551585 0.039206 0.286498 0.122712
0.202144 9.9982E-05 0.797656 9.9982E-05
0.269629 0.11544 0.608754 0.00617728
0.113443 0.0237901 0.814963 0.0478034
9.9991E-05 0.0646816 0.8439 0.0913186
0.186835 0.0287669 0.784299 9.9991E-05
0.209211 0.0182147 0.0805177 0.692057
0.415758 9.9991E-05 0.458853 0.125289
0.594579 9.9982E-05 0.405221 9.9982E-05
9.998E-05 0.9997 9.998E-05 9.998E-05
0.764512 9.9982E-05 9.9982E-05 0.235288
0.764833 0.0585313 9.9991E-05 0.176535
0.735738 0.0519845 0.0289769 0.183301
0.559599 0.0486181 0.119032 0.272752
0.845729 9.9991E-05 0.00232182 0.151849
0.504932 9.9991E-05 0.454161 0.0408063
0.256415 0.0466466 0.0826991 0.614239
0.510499 0.113964 0.375437 9.9991E-05
0.533266 0.0334168 0.124207 0.309111
0.747005 0.00655757 9.9991E-05 0.246337
0.823695 9.9991E-05 0.0303179 0.145887
0.835855 9.9991E-05 0.00598488 0.15806
0.823107 0.00922967 0.0937181 0.0739455
0.926484 0.0309814 9.9991E-05 0.0424341
0.82489 0.0165544 9.9991E-05 0.158455
0.456839 0.0383034 0.443911 0.0609469
0.420016 0.0846332 0.373108 0.122242
0.457744 0.0845047 0.417358 0.0403933
0.614645 0.0212373 0.106757 0.257361
0.548069 9.9991E-05 0.245291 0.20654
0.455802 9.9991E-05 0.0295984 0.514499
0.0958695 0.0134218 0.861657 0.0290522
0.0963606 0.00969453 0.862498 0.0314466
0.452147 0.0190337 0.352932 0.175887
0.521533 0.0468441 0.329979 0.101644
0.321935 0.0387396 0.345056 0.29427
0.100085 9.9991E-05 0.0353789 0.864436
0.0421722 0.0619131 0.79889 0.0970248
0.139995 9.9991E-05 0.822276 0.0376295
0.369472 9.9982E-05 0.630328 9.9982E-05
0.367022 0.0578399 0.0293694 0.545769
0.670538 0.00101196 0.0404555 0.287995
0.876398 0.0184183 0.0414044 0.0637788
0.822295 9.9991E-05 0.0583574 0.119247
0.560938 9.9982E-05 9.9982E-05 0.438862
0.786804 0.0205552 9.9991E-05 0.192541
0.854166 9.9982E-05 9.9982E-05 0.145634
0.88408 0.0185557 0.0279678 0.0693965
0.578552 9.9991E-05 0.0146062 0.406742
0.779606 9.9991E-05 0.00310199 0.217193
0.739956 0.0556366 9.9991E-05 0.204307
0.750917 0.0405476 9.9991E-05 0.208435
0.532606 0.0149072 0.120009 0.332477
0.796826 0.0315405 0.0490315 0.122602
0.623567 0.0201137 0.0568744 0.299445
0.836681 0.00416011 0.0253834 0.133775
0.0775928 9.9991E-05 0.0384942 0.883813
0.0158295 9.9982E-05 9.9982E-05 0.983971
9.9982E-05 0.0275634 9.9982E-05 0.972237
0.0737213 0.0151798 0.0751376 0.835961
0.0558145 0.00462394 0.0754509 0.864111
0.889246 0.00271296 0.0972477 0.0107935
0.814988 0.0370612 9.9991E-05 0.147851
9.998E-05 9.998E-05 0.9997 9.998E-05
0.0156095 0.0539593 0.851517 0.0789138
0.0208841 0.0298249 0.927361 0.0219303
0.155769 0.00938873 0.757716 0.0771261
0.0227688 0.0499322 0.927199 9.9991E-05
9.9991E-05 0.0268082 0.827225 0.145867
0.0300136 0.0148569 0.95503 9.9991E-05
9.9982E-05 9.9982E-05 0.939594 0.0602064
9.9982E-05 9.9982E-05 0.922848 0.0769524
9.9991E-05 0.0110914 0.893321 0.0954872
0.0516042 0.0534017 0.894894 9.9991E-05
0.0727244 0.0370334 0.813505 0.0767371
0.0767827 0.0295146 0.866564 0.027139
9.9991E-05 0.0237532 0.933532 0.042615
0.0579069 0.00766141 0.914359 0.0200723
0.0276988 0.0286077 0.943594 9.9991E-05
9.9991E-05 0.0262203 0.93691 0.0367695
0.531848 9.9991E-05 0.384352 0.0836997
0.697717 0.00144361 0.239419 0.06142
0.0378748 9.9982E-05 0.961925 9.9982E-05
0.230299 0.0473982 0.722203 9.9991E-05
9.9991E-05 0.00607074 0.913095 0.0807346
0.612212 9.9982E-05 0.387588 9.9982E-05
0.977235 0.0225653 9.9982E-05 9.9982E-05
0.727326 0.0373366 9.9991E-05 0.235238
0.444955 9.9991E-05 0.0385297 0.516415
0.311865 9.9982E-05 9.9982E-05 0.687935
0.170427 9.9991E-05 0.0292548 0.800218
9.9982E-05 9.9982E-05 0.0563193 0.943481
0.18389 0.0227997 9.9991E-05 0.79321
0.177299 0.0188769 0.0110105 0.792813
0.116039 0.0443642 0.0955155 0.744082
0.0665954 0.0571192 0.0901783 0.786107
0.817604 0.00940621 9.9991E-05 0.17289
0.766795 0.0603366 0.0319675 0.140901
0.922889 0.0371549 0.0398562 9.9991E-05
0.978191 9.9982E-05 0.0216088 9.9982E-05
0.965863 0.033702 0.000335041 9.9991E-05
0.893196 9.9991E-05 0.0956537 0.0110508
0.705569 0.021979 0.0207987 0.251653
0.64184 0.0498332 0.0841373 0.224189
0.856844 0.0479923 0.00648459 0.0886792
0.792232 0.0151362 0.0414612 0.15117
0.780306 0.0370705 0.0353184 0.147305
0.0329219 0.157143 0.135306 0.674628
0.119413 0.0353766 0.830704 0.014507
9.9991E-05 0.0542469 0.854051 0.0916023
0.0128604 0.0120292 0.97501 9.9991E-05
0.151723 0.022674 0.796623 0.0289803
9.9991E-05 0.0101965 0.879187 0.110517
0.525881 0.0343591 0.154384 0.285376
0.664095 0.0481441 0.000316258 0.287445
0.834406 0.0509704 9.9991E-05 0.114524
0.677596 0.0680307 9.9991E-05 0.254274
