0.00688216 0.0862988 9.9991E-05 0.0177662 0.773776 0.115177
9.999E-05 0.0321845 0.335675 0.0511916 0.537813 0.043036
9.9982E-05 0.0894979 9.9982E-05 0.0201665 0.74841 0.141726
0.0099235 0.0923445 0.177087 0.00251558 0.706678 0.0114521
0.0689552 9.9973E-05 0.0506153 9.9973E-05 0.88013 9.9973E-05
0.0672203 9.9973E-05 0.220592 9.9973E-05 0.711887 9.9973E-05
9.9973E-05 0.14966 0.344649 9.9973E-05 0.505391 9.9973E-05
9.9982E-05 0.109962 0.248261 0.0256916 0.615886 9.9982E-05
0.0597559 9.9991E-05 0.725709 0.0180304 0.108346 0.0880589
9.999E-05 0.284552 0.270985 0.0100418 0.252928 0.181393
0.0788581 0.340481 0.426005 0.039882 0.113548 0.00122569
0.000511072 0.160867 0.428418 0.0191886 0.219785 0.17123
0.0652306 0.639909 0.271133 0.0235273 9.9982E-05 9.9982E-05
0.058024 0.0531075 0.785676 9.9982E-05 9.9982E-05 0.102992
0.0173063 9.9991E-05 0.446948 0.0616579 0.368143 0.105844
9.999E-05 0.091499 0.631432 0.0109315 0.242159 0.0238786
9.9982E-05 0.0467208 0.523407 9.9982E-05 0.275446 0.154226
9.9982E-05 9.9982E-05 0.529879 0.013813 0.415468 0.0406394
0.0982326 0.117662 0.201725 0.0613068 9.9991E-05 0.520974
9.9973E-05 0.104829 0.291509 9.9973E-05 9.9973E-05 0.603363
9.999E-05 0.0415146 0.153537 0.018039 0.112707 0.674103
0.0168779 0.0904652 0.0528491 9.9991E-05 0.0446169 0.795091
0.0159612 0.0553755 0.0578372 0.0316012 9.9991E-05 0.839125
0.0137632 9.9991E-05 0.141689 0.0295598 0.117952 0.696936
9.9982E-05 0.0224355 0.189829 9.9982E-05 0.135418 0.652118
9.9973E-05 9.9973E-05 9.9973E-05 0.00313065 0.138301 0.858269
0.0714167 0.0214087 0.00372858 0.0356652 9.9991E-05 0.867681
0.0633432 0.00467913 0.165986 0.0240985 9.9991E-05 0.741793
9.9964E-05 9.9964E-05 9.9964E-05 9.9964E-05 0.108879 0.890722
0.078602 9.9982E-05 0.0176628 9.9982E-05 0.103437 0.800098
0.0383513 9.9982E-05 0.121217 0.00412952 9.9982E-05 0.836103
0.0158086 9.9991E-05 0.180006 0.036941 0.00816123 0.758983
9.9982E-05 0.0139033 0.15704 0.0507846 9.9982E-05 0.778072
9.999E-05 0.223935 0.238277 0.0476645 0.366917 0.123107
0.0906934 9.9982E-05 0.276873 9.9982E-05 0.466415 0.165818
0.0981329 9.9982E-05 0.0640238 9.9982E-05 0.727243 0.110401
9.9982E-05 0.174356 9.9982E-05 0.03709 0.725095 0.0632592
0.058361 0.165127 0.371273 0.0304475 0.276127 0.0986647
9.996E-05 9.996E-05 9.996E-05 0.9995 9.996E-05 9.996E-05
9.9982E-05 0.170551 9.9982E-05 0.0265292 0.025752 0.776968
0.126392 9.9973E-05 9.9973E-05 9.9973E-05 0.721098 0.15221
9.9991E-05 0.166043 0.407231 0.00891556 0.340131 0.0775788
0.1173 0.195811 0.223388 0.0208367 0.203904 0.238761
0.0902122 0.548714 0.178636 0.0444514 0.0358819 0.102105
9.9982E-05 0.915571 9.9982E-05 0.00409749 0.0308034 0.049328
9.996E-05 9.996E-05 9.996E-05 0.9995 9.996E-05 9.996E-05
9.9991E-05 0.275293 0.283324 0.0933207 0.202144 0.145818
0.0880994 0.407382 0.374264 9.9991E-05 0.0986216 0.0315332
0.0660423 0.107523 0.35807 0.0430929 0.154219 0.271053
0.701587 0.154073 0.113604 0.0305363 9.9982E-05 9.9982E-05
0.779585 0.094904 0.117615 0.00769599 9.9982E-05 9.9982E-05
0.766491 9.9973E-05 0.172837 9.9973E-05 0.0603726 9.9973E-05
0.691778 0.171268 0.0955464 0.0412075 9.9982E-05 9.9982E-05
0.835893 9.9982E-05 0.117296 0.0269937 9.9982E-05 0.0196174
0.824613 9.9973E-05 0.139696 9.9973E-05 9.9973E-05 0.0353916
0.672394 9.9964E-05 0.327207 9.9964E-05 9.9964E-05 9.9964E-05
0.750786 0.0244769 0.191906 0.0194533 9.9991E-05 0.013277
0.795489 0.0108701 9.9982E-05 0.0509733 9.9982E-05 0.142468
0.750214 0.0810429 0.0397037 0.0416513 0.0872887 9.9991E-05
0.532576 0.310386 0.00789564 0.0212279 0.127814 9.9991E-05
0.770943 0.0970486 9.9973E-05 9.9973E-05 9.9973E-05 0.131709
0.670719 0.1811 0.0115037 9.9991E-05 0.0909227 0.0456554
0.232533 0.618387 0.090348 0.0585311 9.9982E-05 9.9982E-05
0.0412756 9.9991E-05 0.15735 0.0176885 0.0572735 0.726312
0.0197918 0.00477748 9.9991E-05 0.0353069 0.157647 0.782377
9.9973E-05 9.9973E-05 9.9973E-05 0.0112673 0.181166 0.807267
0.637289 0.162223 0.120368 0.016377 0.0614512 0.00229127
0.471643 0.377111 9.9982E-05 0.0892441 0.0618022 9.9982E-05
0.68154 0.0608795 0.15573 0.046204 0.0423218 0.0133246
0.621063 0.308929 9.9991E-05 0.0595249 0.00736645 0.00301695
0.801836 9.9973E-05 9.9973E-05 0.0605508 0.137314 9.9973E-05
0.123496 0.542387 0.195696 0.0135932 0.124728 9.9991E-05
0.0543873 0.5762 0.369113 9.9973E-05 9.9973E-05 9.9973E-05
0.0938942 0.664825 0.24098 9.9973E-05 9.9973E-05 9.9973E-05
9.9973E-05 0.954368 0.0243755 0.0209569 9.9973E-05 9.9973E-05
9.9973E-05 0.841755 9.9973E-05 0.0367714 9.9973E-05 0.121174
9.9973E-05 0.887085 0.079485 0.0331296 9.9973E-05 9.9973E-05
0.0224026 0.64829 0.122905 0.0159752 0.09856 0.0918678
0.626004 0.155353 0.218343 9.9973E-05 9.9973E-05 9.9973E-05
0.38772 0.314448 0.0299159 0.125713 0.125762 0.0164414
0.700074 0.147564 9.9991E-05 0.0228552 0.105419 0.0239881
0.705758 0.108052 0.0967413 0.0408154 9.9991E-05 0.0485326
0.663374 9.9973E-05 0.28213 0.054196 9.9973E-05 9.9973E-05
0.0351385 0.0738958 0.221286 0.0267905 9.9991E-05 0.64279
0.309711 0.410896 0.0363746 9.9991E-05 0.12084 0.122078
0.123138 0.814224 9.9973E-05 9.9973E-05 0.0623381 9.9973E-05
9.996E-05 9.996E-05 9.996E-05 0.9995 9.996E-05 9.996E-05
9.99879E-05 0.0663714 0.132635 9.99879E-05 0.598389 0.202405
9.9991E-05 0.0138249 0.189491 0.0417498 0.641176 0.113659
0.00648075 0.146972 0.540006 0.0299937 0.193107 0.0834396
0.0586897 0.104721 0.6359 0.0457356 9.9991E-05 0.154853
0.0374365 0.0351119 0.234983 9.9991E-05 0.651638 0.0407306
0.144431 0.792566 9.9982E-05 9.9982E-05 0.0530802 0.00972224
9.9982E-05 0.159492 9.9982E-05 0.0399919 0.275549 0.524767
0.115219 0.700609 0.0257697 0.0737655 0.0845366 9.9991E-05
0.0485679 0.270095 0.217074 0.0433488 0.160335 0.26058
9.9973E-05 9.9973E-05 0.608812 9.9973E-05 0.291925 0.0989628
9.9982E-05 0.248403 0.131405 9.9982E-05 0.524796 0.0951955
9.9982E-05 0.256504 0.339769 9.9982E-05 0.305419 0.0981077
0.0446541 0.149901 0.779211 0.00613311 0.0200002 9.9991E-05
9.9973E-05 0.336131 9.9973E-05 0.00195731 0.661612 9.9973E-05
9.9973E-05 0.0995775 0.891159 9.9973E-05 0.00896354 9.9973E-05
0.160189 0.670632 9.9991E-05 0.00697506 0.160662 0.00144164
0.124279 0.484321 0.0371459 0.094605 0.178857 0.0807924
0.167394 0.60442 0.0923193 0.0682329 0.0675339 9.9991E-05
9.9973E-05 0.5802 0.288227 9.9973E-05 9.9973E-05 0.131273
0.0884774 0.437126 0.413919 9.9991E-05 0.0110261 0.0493518
0.0651617 9.9982E-05 0.420356 9.9982E-05 0.180699 0.333583
0.739355 9.9982E-05 0.0917639 0.0283099 0.140371 9.9982E-05
0.709735 0.11538 0.0357335 0.0209692 0.0636623 0.0545208
0.077129 0.707499 9.9982E-05 9.9982E-05 0.0847125 0.13046
0.128455 0.377009 0.375065 0.0400173 9.9991E-05 0.0793533
0.0566831 0.531528 9.9991E-05 0.036631 0.162191 0.212867
9.9964E-05 0.269184 9.9964E-05 9.9964E-05 9.9964E-05 0.730416
0.602867 0.269964 9.9991E-05 0.0422999 0.0215055 0.0632636
0.630837 0.264106 0.0261837 9.9991E-05 0.0267632 0.0520099
0.451654 0.341561 0.104063 9.9982E-05 0.102522 9.9982E-05
0.0365512 0.0733757 0.0140726 0.0471878 0.380153 0.44866
0.0073565 9.9991E-05 0.137153 0.0230136 0.649629 0.182747
0.0150629 0.105719 0.185485 0.046239 0.630338 0.0171562
0.119289 0.0196425 0.0652339 9.9991E-05 0.764391 0.0313438
9.9982E-05 0.00611472 0.190299 9.9982E-05 0.432758 0.370628
0.0237051 0.0270201 0.157851 0.0175773 0.629318 0.144528
0.00010384 0.0151755 0.172681 9.9991E-05 0.714579 0.097361
0.0316774 9.9973E-05 0.332291 9.9973E-05 0.635731 9.9973E-05
9.9982E-05 0.0792834 0.24279 9.9982E-05 0.380496 0.29723
9.9973E-05 9.9973E-05 0.881724 9.9973E-05 0.096543 0.0214331
9.9982E-05 9.9982E-05 0.928561 0.00908767 0.0348721 0.0272795
9.9982E-05 0.0778939 0.778187 0.00304674 0.140673 9.9982E-05
0.0798668 0.101662 0.277623 9.9991E-05 0.324129 0.216619
0.0196922 0.0429581 0.761845 0.0355704 0.139834 9.9991E-05
9.9982E-05 0.228597 0.622624 0.00589905 9.9982E-05 0.14268
9.9991E-05 0.0944032 0.169188 0.00525479 0.693974 0.0370803
9.9982E-05 0.111658 0.0115881 9.9982E-05 0.0820816 0.794473
9.9964E-05 9.9964E-05 9.9964E-05 9.9964E-05 0.176719 0.822882
9.9973E-05 9.9973E-05 0.183433 0.0093643 9.9973E-05 0.806902
0.0780258 9.9973E-05 0.182276 9.9973E-05 9.9973E-05 0.739398
0.0429614 0.0190078 9.9991E-05 0.0114836 0.174898 0.751549
0.0428586 0.277307 0.146544 9.9982E-05 0.533091 9.9982E-05
9.9982E-05 0.179713 9.9982E-05 0.00763469 0.71341 0.099042
0.86311 0.13649 9.9964E-05 9.9964E-05 9.9964E-05 9.9964E-05
0.764102 0.0717498 0.140104 0.0238445 9.9982E-05 9.9982E-05
0.809434 9.9982E-05 0.105142 0.0199361 0.0652883 9.9982E-05
0.592335 0.18869 0.0209101 0.000622074 0.10796 0.0894821
0.810451 0.0345403 0.147111 0.00606719 0.00173018 9.9991E-05
0.764377 9.9973E-05 0.0877119 9.9973E-05 9.9973E-05 0.147611
0.79804 0.153948 9.9982E-05 0.0020619 0.0457498 9.9982E-05
0.792961 0.0560937 9.9982E-05 9.9982E-05 0.103445 0.0472995
0.79418 0.0823406 9.9982E-05 9.9982E-05 0.0653251 0.0579544
0.851519 0.0471163 0.00572317 0.0173065 9.9991E-05 0.0782354
0.787452 0.000329973 0.133126 0.057574 0.0214183 9.9991E-05
0.747516 9.9982E-05 0.141761 0.0617345 0.0487886 9.9982E-05
0.747178 9.9991E-05 0.129811 0.0204315 0.0765578 0.0259215
0.872161 9.9982E-05 0.0265277 0.0152986 9.9982E-05 0.0858123
0.773502 0.0799999 9.9982E-05 0.00219585 0.144103 9.9982E-05
0.840461 9.9973E-05 9.9973E-05 0.0344462 0.124793 9.9973E-05
0.836499 9.9982E-05 9.9982E-05 0.0334704 0.124872 0.00495931
0.119915 0.709143 9.9982E-05 9.9982E-05 0.114425 0.056317
9.9973E-05 0.81091 0.141286 9.9973E-05 0.0475047 9.9973E-05
0.84411 0.0660219 9.9973E-05 9.9973E-05 0.0895678 9.9973E-05
0.657087 0.0543607 0.0804755 0.0167778 0.191199 9.9991E-05
0.739144 0.221363 9.9973E-05 9.9973E-05 9.9973E-05 0.0391926
0.0939943 0.693195 0.117189 0.000360995 0.0951603 9.9991E-05
9.9991E-05 0.0798295 0.100256 0.0175381 0.792936 0.00934005
9.9982E-05 9.9982E-05 0.0929704 0.0374523 0.677043 0.192335
9.9982E-05 0.260769 0.00201038 9.9982E-05 0.312498 0.424523
9.9982E-05 0.0909282 0.194382 9.9982E-05 0.0762541 0.638236
9.9982E-05 0.144512 0.139496 0.00485578 9.9982E-05 0.710937
0.00855731 0.0789527 0.121969 9.9982E-05 9.9982E-05 0.790321
9.9991E-05 0.0342067 0.192292 0.0183003 0.073793 0.681308
0.0155021 0.0361048 0.234466 0.0303511 9.9991E-05 0.683476
0.0683787 0.0651133 0.182508 0.0429995 9.9991E-05 0.640901
0.0792231 9.9991E-05 0.0548618 0.0381014 0.118979 0.708735
0.0088598 0.0442573 9.9991E-05 0.0107433 0.816273 0.119767
0.0427208 0.0939557 9.9991E-05 0.0488432 0.780194 0.0341861
0.0162045 0.176122 9.9982E-05 0.070221 0.737253 9.9982E-05
9.99641E-05 0.246827 9.99641E-05 9.99641E-05 0.752774 9.99641E-05
9.9982E-05 0.125303 0.124894 0.0227311 0.726872 9.9982E-05
0.0414255 0.261812 0.0571748 9.9982E-05 0.639388 9.9982E-05
9.9991E-05 0.143075 0.490405 0.00993596 0.201293 0.15519
0.0297726 0.104141 0.787751 0.0131649 9.9991E-05 0.0650705
0.00126075 0.0250127 0.916062 0.0574645 9.9982E-05 9.9982E-05
0.0690976 0.030422 0.695427 9.9991E-05 0.143244 0.0617096
0.0400642 9.9982E-05 0.747586 0.0415754 0.170575 9.9982E-05
0.0175257 0.0750354 0.292622 0.147377 9.9991E-05 0.46734
0.716561 0.165573 0.000434285 0.0287476 0.0271893 0.0614943
0.75597 0.084542 9.9982E-05 0.0433895 9.9982E-05 0.115899
0.842999 0.0224567 0.134244 9.9973E-05 9.9973E-05 9.9973E-05
0.713438 0.0271584 0.104523 0.0142528 0.124093 0.0165342
0.750515 9.9982E-05 9.9982E-05 0.0207206 0.225018 0.00354588
0.110136 0.0503587 0.442983 0.0255062 0.121468 0.249548
9.9991E-05 0.0629405 0.476837 0.0310953 0.219026 0.210001
9.9982E-05 9.9982E-05 0.819171 0.048738 0.126639 0.00525168
0.00783146 0.203006 0.420949 0.0453752 0.132257 0.190582
