0.08425 0.155924 0.718344 0.0220323 9.9991E-05 0.0193498
0.0961907 9.9982E-05 0.553048 0.325204 9.9982E-05 0.025357
0.110542 0.102927 0.758901 9.9982E-05 9.9982E-05 0.0274301
0.0242724 0.119662 0.837488 0.00565946 9.9991E-05 0.0128185
9.9982E-05 9.9982E-05 0.758565 0.18703 0.0509298 0.00327516
9.9982E-05 0.132246 0.709377 0.128946 0.0292313 9.9982E-05
0.0716081 0.165482 0.460727 0.301983 9.9982E-05 9.9982E-05
9.9982E-05 0.105775 0.448615 0.40201 9.9982E-05 0.0434003
0.0977962 9.9991E-05 0.0994633 0.707657 0.0717325 0.0232511
0.166365 0.149165 0.242712 0.42105 9.9991E-05 0.020609
0.0852273 0.444814 0.121332 0.275856 0.013466 0.0593044
0.162368 0.172783 0.244946 0.372997 0.0271571 0.0197497
9.9982E-05 0.704072 9.9982E-05 0.201806 0.0564971 0.0374255
0.0983182 0.0406122 9.9982E-05 0.769282 0.0915877 9.9982E-05
0.152655 9.9991E-05 0.251903 0.476861 0.0756665 0.0428149
0.0531626 0.170996 0.125 0.634561 9.9991E-05 0.0161806
0.166795 9.9973E-05 0.145986 0.686919 9.9973E-05 9.9973E-05
0.0581185 9.9982E-05 0.565805 0.341132 9.9982E-05 0.0347451
0.500379 0.134622 0.111438 0.0582454 0.150285 0.0450304
0.697626 0.132982 9.9973E-05 0.169092 9.9973E-05 9.9973E-05
0.624008 0.0518451 0.0996266 0.199955 0.000762587 0.0238029
0.816928 0.0971742 0.0660917 9.9991E-05 0.0162316 0.00347463
0.882537 0.0778525 9.9973E-05 9.9973E-05 9.9973E-05 0.0393104
0.765462 9.9991E-05 0.0459935 0.139294 0.0190151 0.0301359
0.632743 0.0707817 0.156631 0.139644 9.9982E-05 9.9982E-05
0.877998 9.9964E-05 0.121602 9.9964E-05 9.9964E-05 9.9964E-05
0.88724 9.9991E-05 0.00169275 0.0127615 0.0633433 0.0348621
0.882961 0.00956349 9.9991E-05 0.0194106 0.0436159 0.0443493
0.878881 9.9973E-05 0.115725 9.9973E-05 0.00509384 9.9973E-05
0.817748 0.0225739 0.0894071 9.9982E-05 0.0700706 9.9982E-05
0.819855 9.9982E-05 9.9982E-05 0.146596 0.0322822 0.00106654
0.760095 9.9982E-05 9.9982E-05 0.168576 0.0442481 0.0268806
0.744464 9.9973E-05 9.9973E-05 0.179685 9.9973E-05 0.0755511
0.119496 0.230196 0.362235 0.227752 9.9991E-05 0.0602203
0.178762 0.0143585 0.507348 0.280048 0.0193838 9.9991E-05
0.111625 0.0656107 0.766083 9.9982E-05 0.0564812 9.9982E-05
0.0056963 0.188295 0.757081 9.9982E-05 9.9982E-05 0.0487275
0.132984 0.265996 0.250013 0.290585 0.0559898 0.00443211
9.996E-05 9.996E-05 9.996E-05 9.996E-05 9.996E-05 0.9995
0.785951 0.171689 9.9973E-05 9.9973E-05 9.9973E-05 0.0420606
0.136117 9.9982E-05 0.784326 9.9982E-05 0.0785433 0.000813233
0.099822 0.121143 0.328455 0.45038 9.9982E-05 9.9982E-05
0.218254 0.415146 0.132288 0.149367 0.0552192 0.0297252
0.0696717 0.562492 0.0819115 0.135132 0.116887 0.0339049
9.9973E-05 0.856008 0.142279 9.9973E-05 9.9973E-05 0.00141312
9.996E-05 9.996E-05 9.996E-05 9.996E-05 9.996E-05 0.9995
0.229639 0.229156 0.226849 0.232753 0.0220355 0.0595679
0.102612 0.323314 0.140696 0.316146 0.117132 9.9991E-05
0.383276 0.155462 0.134868 0.225254 0.0812455 0.0198944
0.036119 0.249609 9.9991E-05 0.0152288 0.682586 0.0163566
0.0180832 0.1715 9.9982E-05 0.0773359 0.732881 9.9982E-05
0.00525954 9.9973E-05 0.223333 9.9973E-05 0.771108 9.9973E-05
0.0200585 0.207624 0.0272659 0.0182206 0.671077 0.0557542
0.0549333 9.9991E-05 0.0960326 0.0139832 0.786881 0.0480694
0.10995 9.9973E-05 9.9973E-05 0.0821494 0.807601 9.9973E-05
9.9964E-05 9.9964E-05 9.9964E-05 0.33659 0.663011 9.9964E-05
9.9973E-05 9.9973E-05 9.9973E-05 0.209115 0.768662 0.0219229
0.105783 9.9973E-05 9.9973E-05 9.9973E-05 0.847035 0.0468827
9.9991E-05 0.0198114 0.150229 0.00756373 0.777079 0.0452165
9.9991E-05 0.24488 0.108897 0.051211 0.562607 0.0323046
0.129494 0.0634742 9.9982E-05 9.9982E-05 0.793033 0.0137987
0.0597176 0.103016 0.171436 9.9982E-05 0.665631 9.9982E-05
0.0125352 0.557558 9.9991E-05 0.0535927 0.305093 0.0711205
0.745617 0.00284358 0.171721 0.00145803 0.0423461 0.0360145
0.716457 9.9991E-05 0.122035 0.110819 0.0120772 0.0385112
0.839394 9.9982E-05 0.143232 0.00418628 9.9982E-05 0.012987
0.0217297 0.197814 0.117263 9.9991E-05 0.65927 0.00382357
9.9982E-05 0.367921 0.0875046 9.9982E-05 0.485328 0.0590467
0.0234756 0.0557563 0.00944669 0.207084 0.682393 0.021845
9.9973E-05 0.330763 9.9973E-05 9.9973E-05 0.616397 0.0525396
9.9982E-05 9.9982E-05 0.11724 0.0119447 0.812956 0.0576593
9.9982E-05 0.539817 9.9982E-05 0.337784 0.11862 0.00357807
9.9982E-05 0.66737 9.9982E-05 0.285275 0.0391497 0.00800555
9.9982E-05 0.806257 0.0168522 0.106475 0.0702154 9.9982E-05
9.9973E-05 0.967052 9.9973E-05 0.0111607 9.9973E-05 0.0214873
0.127831 0.842616 9.9973E-05 9.9973E-05 9.9973E-05 0.0292523
9.9964E-05 0.970496 9.9964E-05 9.9964E-05 9.9964E-05 0.0291037
0.101667 0.71057 0.146414 0.0218108 0.000127272 0.0194116
9.9973E-05 0.147177 9.9973E-05 0.237065 0.615458 9.9973E-05
9.9982E-05 0.363805 0.153917 9.9982E-05 0.360324 0.121754
0.0995923 0.0859695 0.0673705 9.9982E-05 0.746868 9.9982E-05
0.0943826 0.122681 9.9991E-05 0.0180436 0.723498 0.0412943
9.9973E-05 9.9973E-05 9.9973E-05 0.307566 0.685328 0.00680661
0.636226 0.158336 0.0351823 0.10375 0.0229943 0.0435117
0.119304 0.550769 0.0791757 9.9982E-05 0.250552 9.9982E-05
9.9973E-05 0.830007 9.9973E-05 0.0753762 0.0943173 9.9973E-05
9.996E-05 9.996E-05 9.996E-05 9.996E-05 9.996E-05 0.9995
0.183185 0.132536 0.616399 0.0676813 9.9982E-05 9.9982E-05
0.070001 0.0687855 0.643887 0.174148 9.9991E-05 0.0430781
0.0844737 0.108412 0.0915285 0.653527 0.0183447 0.0437145
0.177555 0.114035 9.9991E-05 0.550096 0.109387 0.0488273
0.0414909 9.9982E-05 0.61319 0.279694 0.0654253 9.9982E-05
0.0319552 0.890136 9.9973E-05 9.9973E-05 0.0776093 9.9973E-05
0.564621 0.184924 0.205071 9.9982E-05 9.9982E-05 0.045183
9.9982E-05 0.691938 0.0718384 9.9982E-05 0.145234 0.0907902
0.271459 0.368129 0.201745 0.0678649 0.061548 0.0292542
0.0909844 9.9973E-05 0.135504 0.773211 9.9973E-05 9.9973E-05
0.0666876 0.227239 0.447228 0.258645 9.9982E-05 9.9982E-05
0.0174973 0.134931 0.225136 0.622237 9.9982E-05 9.9982E-05
9.9991E-05 0.1044 0.00389768 0.843966 0.0383881 0.00924805
0.0733494 0.340811 0.551591 0.0340492 9.9982E-05 9.9982E-05
9.9964E-05 0.0826562 9.9964E-05 0.916944 9.9964E-05 9.9964E-05
0.05064 0.728174 0.0291746 9.9991E-05 0.15926 0.0326518
0.0535882 0.542959 0.116013 0.0284055 0.191692 0.0673414
9.9982E-05 0.567544 0.160439 9.9982E-05 0.176178 0.0956391
0.184281 0.457266 9.9982E-05 0.341784 9.9982E-05 0.0164689
0.152612 0.434833 9.9982E-05 0.35619 0.0561654 9.9982E-05
0.444108 9.9982E-05 0.18886 0.29086 0.0759717 9.9982E-05
9.9982E-05 9.9982E-05 0.162157 0.0660316 0.764134 0.00747727
0.0286577 0.184854 0.0116662 0.0576054 0.68611 0.0311072
0.0816626 0.623095 0.133976 9.9991E-05 0.158417 0.00274848
0.10998 0.416248 9.9991E-05 0.305665 0.155297 0.0127096
0.223726 0.391868 0.238587 9.9991E-05 0.111636 0.0340831
0.691515 0.278119 9.9973E-05 0.0300666 9.9973E-05 9.9973E-05
0.0747915 0.285598 9.9982E-05 9.9982E-05 0.597733 0.0416772
9.9973E-05 0.189963 9.9973E-05 0.186721 0.623016 9.9973E-05
9.9982E-05 0.318844 0.105387 0.110193 0.465376 9.9982E-05
0.427191 0.130947 0.38214 9.9982E-05 9.9982E-05 0.0595224
0.189432 9.9991E-05 0.521271 0.22819 0.0494407 0.0115663
9.9991E-05 0.00720242 0.54602 0.376316 0.0181888 0.0521724
0.0324002 9.9991E-05 0.630332 0.264552 0.0654857 0.00712985
0.362686 0.0448142 0.45278 0.139519 9.9982E-05 9.9982E-05
0.163082 0.0614691 0.651076 0.0771287 0.020432 0.0268129
0.0634772 0.0254716 0.667502 0.213338 0.0301112 9.9991E-05
9.9982E-05 9.9982E-05 0.644412 0.30207 0.046528 0.00679037
0.351969 0.0968963 0.356042 0.178256 0.0167374 9.9991E-05
0.0904648 9.9982E-05 0.0742159 0.814591 9.9982E-05 0.0205283
0.148942 0.0258104 9.9982E-05 0.80684 9.9982E-05 0.0182076
0.0687914 0.034405 0.0125174 0.860698 9.9991E-05 0.0234883
0.24279 0.12871 0.273376 0.28483 0.0472688 0.0230249
0.00733327 9.9991E-05 0.0736317 0.823439 0.0667928 0.0287029
0.179821 0.117294 9.9991E-05 0.656645 0.0302955 0.0158436
0.0468399 0.0186154 0.46164 0.449249 0.0235552 9.9991E-05
0.875233 0.124367 9.9964E-05 9.9964E-05 9.9964E-05 9.9964E-05
0.87181 0.0415191 0.0863708 9.9973E-05 9.9973E-05 9.9973E-05
0.864609 9.9973E-05 9.9973E-05 0.0996238 9.9973E-05 0.035467
0.734396 0.0260071 0.0657393 0.108784 0.0649743 9.9991E-05
0.739906 0.0960345 0.0986654 9.9991E-05 0.0533505 0.0119439
9.9991E-05 0.201786 0.469787 0.286763 0.0256052 0.0159589
0.113425 0.129424 0.719463 9.9982E-05 9.9982E-05 0.0374888
9.9964E-05 0.114397 9.9964E-05 9.9964E-05 0.885203 9.9964E-05
9.9973E-05 9.9973E-05 9.9973E-05 0.19863 0.766855 0.0342151
9.9982E-05 9.9982E-05 0.13937 0.00702357 0.842032 0.0113746
0.0405651 0.283174 0.0773461 0.00694639 0.591868 9.9991E-05
9.9982E-05 9.9982E-05 0.0273287 0.113442 0.840515 0.0185143
0.150323 0.0504021 9.9982E-05 9.9982E-05 0.784809 0.0142663
0.00308424 9.9982E-05 0.120329 9.9982E-05 0.862055 0.014332
0.0801668 0.0683044 0.0454474 9.9982E-05 0.805881 9.9982E-05
0.070873 9.9982E-05 0.0160454 0.0640906 0.848791 9.9982E-05
0.0899132 0.0999429 0.0157428 9.9991E-05 0.781054 0.0132472
9.9982E-05 0.0947421 0.107239 9.9982E-05 0.76865 0.0291682
9.9982E-05 0.0091995 9.9982E-05 0.171938 0.7796 0.0390626
0.0410367 9.9982E-05 0.190231 0.0101436 0.758389 9.9982E-05
0.0737727 9.9982E-05 0.0942025 9.9982E-05 0.826442 0.00538278
9.9982E-05 0.127081 0.100362 9.9982E-05 0.758002 0.0143554
9.9973E-05 9.9973E-05 0.168131 9.9973E-05 0.800937 0.0306324
0.0593689 9.9982E-05 0.0993433 9.9982E-05 0.820868 0.0202203
9.9982E-05 0.660246 0.121421 0.101507 0.116626 9.9982E-05
0.0258849 0.841372 9.9973E-05 0.132443 9.9973E-05 9.9973E-05
9.9982E-05 0.126899 0.0810681 0.0129563 0.778877 9.9982E-05
0.0715463 0.0682029 0.151396 0.0499442 0.630453 0.0284579
0.0478417 0.114912 9.9982E-05 9.9982E-05 0.836474 0.000572765
9.9982E-05 0.620708 0.040108 0.2157 0.123284 9.9982E-05
9.9991E-05 0.0534812 0.82659 0.0972544 0.0157999 0.00677454
0.15195 9.9982E-05 0.574935 0.254809 9.9982E-05 0.0181063
0.333261 0.209755 0.27897 0.177814 9.9982E-05 9.9982E-05
0.535147 0.114995 0.0346051 0.313747 9.9991E-05 0.00140637
0.772389 0.151754 9.9982E-05 0.066386 9.9982E-05 0.00927104
0.778477 0.0840304 0.0646473 0.047135 0.02561 9.9991E-05
0.745385 0.0154297 0.128212 0.107086 0.00378645 9.9991E-05
0.664128 0.0994782 9.9991E-05 0.209261 0.0112325 0.0157997
0.692312 0.0917956 9.9991E-05 0.105244 0.0439821 0.0665666
0.732784 0.00740522 0.134501 0.018123 0.0698696 0.0373168
0.100884 0.0611684 0.837648 9.9973E-05 9.9973E-05 9.9973E-05
9.9982E-05 0.125301 0.777126 9.9982E-05 0.0511166 0.046256
9.9982E-05 0.223123 0.577331 0.179151 9.9982E-05 0.0201948
9.99731E-05 0.330757 0.644046 0.0248964 9.99731E-05 9.99731E-05
9.9991E-05 0.113361 0.585984 0.281307 0.0146348 0.00461267
9.9973E-05 0.36634 0.448331 0.185029 9.9973E-05 9.9973E-05
0.127861 0.102342 0.138958 0.607638 9.9991E-05 0.0230996
0.124417 0.0356975 9.9991E-05 0.724386 0.0856769 0.0297227
0.0027801 0.0277181 9.9982E-05 0.914489 9.9982E-05 0.0548125
0.146131 0.0343217 0.0637633 0.665663 0.0764683 0.0136529
0.0215072 0.00593761 0.090494 0.802415 0.0356959 0.0439506
0.624286 0.00916667 0.0694865 0.0823121 0.0865541 0.128195
0.0193057 0.138091 9.9991E-05 0.107598 0.709759 0.0251459
0.138768 0.0581322 0.00939327 9.9991E-05 0.750345 0.043262
9.9973E-05 0.0751857 9.9973E-05 0.0975163 0.826998 9.9973E-05
0.0285713 0.0673354 0.197082 9.9991E-05 0.704847 0.00206374
0.0517785 9.9982E-05 0.190067 9.9982E-05 0.744909 0.0130454
0.267304 0.11346 0.0699623 0.396966 0.116399 0.0359085
0.222752 0.0333102 0.252998 0.422493 0.0328894 0.0355568
0.0746546 9.9991E-05 0.0596378 0.806893 0.00367683 0.0550379
0.248934 0.137257 0.172702 0.391246 9.9991E-05 0.04976
