0.0252066 0.792106 0.0477142 0.117067 0.0179062
0.027437 0.820688 9.9991E-05 0.0147512 0.137024
0.0246485 0.59618 9.9991E-05 0.138363 0.240709
9.999E-05 0.766084 0.0446513 0.0193464 0.169818
0.0134888 0.929904 0.0564074 9.9982E-05 9.9982E-05
0.00557437 0.876555 0.0870628 9.9991E-05 0.0307075
9.9991E-05 0.753366 0.0681145 0.0177078 0.160712
0.04018 0.763405 0.0129327 0.0306176 0.152865
0.0117979 0.707183 0.120087 0.138292 0.0226407
0.0303515 0.458253 9.9991E-05 0.19446 0.316835
0.0705102 0.245928 0.0902832 0.100405 0.492874
0.0127913 0.449233 0.02073 0.217888 0.299357
0.0403632 0.0510431 0.0810009 0.0164512 0.811142
0.00894753 0.386175 0.0586723 0.269236 0.276969
0.037252 0.642429 0.113919 0.2063 9.9991E-05
0.0141698 0.690108 9.9991E-05 0.0991471 0.196475
0.00800269 0.588204 0.0171717 0.276818 0.109803
0.0328347 0.846039 9.9991E-05 0.0940081 0.0270179
0.0752716 0.105618 0.12609 0.489274 0.203747
9.9982E-05 0.0440701 9.9982E-05 0.741243 0.214487
0.0252269 0.214049 0.0130478 0.747577 9.9991E-05
0.0032732 0.0400171 0.0350093 0.850035 0.0716658
0.0463808 9.9982E-05 0.0135958 0.939823 9.9982E-05
0.052104 0.164814 0.0389998 0.743982 9.9991E-05
9.9982E-05 0.244239 9.9982E-05 0.695057 0.0605037
0.00358868 0.0533666 9.9991E-05 0.928545 0.0144
9.9973E-05 9.9973E-05 0.104721 0.894979 9.9973E-05
0.0357278 0.018489 0.099098 0.846585 9.9991E-05
9.9982E-05 0.0617401 0.0285305 0.909529 9.9982E-05
0.00424387 0.0159323 0.106899 0.872825 9.9991E-05
0.00389909 0.0189445 0.0715749 0.905481 9.9991E-05
0.0181866 0.137101 0.036068 0.808544 9.9991E-05
0.0627002 0.0599279 0.00728506 0.831004 0.039083
0.0846659 0.451846 9.9991E-05 0.138399 0.324988
9.9991E-05 0.706178 0.0397846 0.253758 0.000179464
9.9991E-05 0.722997 0.0775878 0.14269 0.0566258
0.0441577 0.620311 9.9991E-05 0.0772238 0.258207
9.9991E-05 0.51912 0.0814332 0.124103 0.275244
0.9996 9.997E-05 9.997E-05 9.997E-05 9.997E-05
0.0504299 9.9991E-05 0.0465933 0.762785 0.140092
9.9982E-05 0.741903 0.139371 0.118527 9.9982E-05
9.9982E-05 0.63453 9.9982E-05 0.155032 0.210238
0.0121721 0.346998 0.143902 0.271201 0.225727
0.0763154 0.122125 0.142698 0.100826 0.558036
0.00270438 9.9973E-05 9.9973E-05 9.9973E-05 0.996996
0.9996 9.997E-05 9.997E-05 9.997E-05 9.997E-05
0.0855269 0.404854 0.0208267 0.223654 0.265138
9.9991E-05 0.288649 0.116481 0.0913595 0.50341
0.0487217 0.352648 0.0841529 0.304193 0.210285
0.0201041 9.9991E-05 0.757915 0.0701557 0.151725
0.0248205 9.9991E-05 0.79921 0.0265384 0.149331
9.9973E-05 0.180058 0.819642 9.9973E-05 9.9973E-05
0.051316 0.0844221 0.732782 9.9991E-05 0.131379
0.0610015 0.0475852 0.82215 0.0691629 9.9991E-05
0.00247441 0.0342449 0.848152 0.115029 9.9991E-05
0.00886674 0.231992 0.758941 9.9982E-05 9.9982E-05
9.9982E-05 9.9982E-05 0.810582 0.0640768 0.125141
0.0300399 9.9982E-05 0.868044 0.101716 9.9982E-05
0.062127 0.113874 0.810059 9.9991E-05 0.0138403
0.0278367 0.0712325 0.664839 9.9991E-05 0.235992
9.9973E-05 9.9973E-05 0.857461 0.14224 9.9973E-05
0.000474836 0.125708 0.750003 0.0753478 0.0484665
0.0678988 9.9991E-05 0.299988 0.016151 0.615862
0.0321214 0.187344 0.057712 0.722723 9.9991E-05
0.0371408 0.150903 0.00412056 0.77234 0.0354955
0.0256165 0.159766 9.9982E-05 0.814418 9.9982E-05
0.0180655 0.0599672 0.644026 0.0534379 0.224504
0.0773917 9.9982E-05 0.491734 9.9982E-05 0.430674
0.0250337 0.0983402 0.71838 0.0722413 0.086005
0.0574877 9.9982E-05 0.675332 9.9982E-05 0.26698
0.0533993 0.0969349 0.818155 0.00432809 0.027183
0.0120283 0.173882 0.10453 9.9991E-05 0.70946
0.0159175 0.0870087 0.0911609 9.9991E-05 0.805813
9.9982E-05 0.0278386 0.137966 9.9982E-05 0.833996
0.0426675 9.9982E-05 0.0145565 9.9982E-05 0.942576
0.0594772 0.00856556 0.0235336 0.0519119 0.856512
0.0283901 9.9973E-05 9.9973E-05 9.9973E-05 0.97131
0.0175859 0.0487738 0.0748604 0.116188 0.742592
9.9973E-05 9.9973E-05 0.633083 9.9973E-05 0.366617
0.132725 0.0779441 0.408691 9.9991E-05 0.38054
0.00247939 0.0142426 0.769827 0.0520397 0.161411
0.032121 9.9991E-05 0.753851 0.0705853 0.143343
0.0426119 0.184645 0.742167 9.9991E-05 0.030476
0.0466793 9.9982E-05 9.9982E-05 0.643123 0.309997
0.00646938 0.0881308 0.305036 0.086223 0.514141
9.9973E-05 9.9973E-05 0.099877 9.9973E-05 0.899823
0.9996 9.997E-05 9.997E-05 9.997E-05 9.997E-05
9.9982E-05 0.718235 9.9982E-05 0.173734 0.107831
0.0340538 0.743542 9.9991E-05 0.172402 0.0499024
0.0540496 0.527953 0.00747138 0.171572 0.238954
0.048929 0.300723 0.0543439 0.273074 0.32293
9.9991E-05 0.717939 0.0546568 0.0799222 0.147382
9.9973E-05 9.9973E-05 0.168242 9.9973E-05 0.831458
0.060221 0.123684 0.0233867 0.612662 0.180047
0.081826 0.0490866 0.180917 9.9991E-05 0.688071
0.0490901 0.283572 0.0513657 0.254045 0.361928
0.029118 0.709209 9.9991E-05 0.194293 0.0672805
9.9982E-05 0.635448 9.9982E-05 0.093704 0.270648
9.9982E-05 0.424928 9.9982E-05 0.205433 0.369439
0.0137302 0.454461 0.00314061 0.0591452 0.469523
0.0109097 0.654304 9.9991E-05 0.0028909 0.331795
9.9982E-05 0.519977 9.9982E-05 0.113284 0.366539
0.0232318 0.0425972 0.241614 0.0316473 0.66091
0.0965101 0.043422 0.0888719 0.0325827 0.738613
0.0915194 0.0846331 0.242213 9.9991E-05 0.581535
0.0190238 0.0582015 9.9991E-05 0.224913 0.697762
9.9991E-05 0.206768 0.0711453 0.132477 0.589509
9.9991E-05 0.441179 0.0400688 0.418454 0.100198
0.0122855 0.183152 0.791997 0.0124654 9.9991E-05
0.0208622 9.9991E-05 0.688395 0.0557922 0.234851
0.0205523 9.9991E-05 0.217884 0.16533 0.596134
0.0445988 0.189701 0.197886 0.0935165 0.474297
0.0705167 0.0526871 0.162059 0.306457 0.40828
9.9973E-05 9.9973E-05 9.9973E-05 0.726918 0.272782
0.0528921 9.9991E-05 0.648088 0.0741153 0.224804
9.9991E-05 0.0472385 0.679766 0.0188787 0.254017
9.9982E-05 0.146625 0.488017 9.9982E-05 0.365159
0.0660734 0.324065 0.0336245 0.492965 0.0832718
0.00200472 0.675075 0.0529467 0.269873 9.9991E-05
9.9991E-05 0.768718 0.0500056 0.0101323 0.171044
9.9991E-05 0.720334 0.0995118 0.0892303 0.0908244
9.9991E-05 0.641887 0.0205207 0.330149 0.00734332
0.0245341 0.64102 9.9991E-05 0.15224 0.182106
9.9991E-05 0.787655 0.0556434 0.146427 0.0101747
0.0139823 0.878695 0.107123 9.9982E-05 9.9982E-05
9.9982E-05 0.471203 9.9982E-05 0.39988 0.128717
9.9982E-05 0.666194 9.9982E-05 0.0945607 0.239046
0.0368704 0.625139 9.9991E-05 0.185205 0.152685
0.039686 0.579398 9.9991E-05 0.112761 0.268055
9.9991E-05 0.501318 0.0682055 0.265 0.165377
0.0441902 0.73789 0.0127275 9.9991E-05 0.205092
0.00995449 0.32305 9.9991E-05 0.215604 0.451291
9.9991E-05 0.731927 0.0493841 0.0927561 0.125833
9.9973E-05 9.9973E-05 9.9973E-05 0.769329 0.230371
9.9973E-05 9.9973E-05 9.9973E-05 0.879226 0.120474
0.0369311 0.0487086 9.9982E-05 0.91416 9.9982E-05
0.00595831 0.0953744 0.0524353 0.805775 0.0404571
0.0237655 9.9991E-05 0.0369127 0.806044 0.133178
9.9982E-05 0.711853 0.0960657 9.9982E-05 0.191881
0.0351349 0.699162 9.9991E-05 0.158182 0.107422
9.9973E-05 9.9973E-05 0.890385 9.9973E-05 0.109315
0.0352068 0.033697 0.736927 0.107201 0.0869682
0.0105766 0.113332 0.875891 9.9982E-05 9.9982E-05
9.9991E-05 0.0288843 0.663932 0.0556594 0.251425
0.0504832 0.0702566 0.868231 9.9991E-05 0.0109295
0.0259285 9.9991E-05 0.758184 0.118382 0.0974063
0.0155504 0.0695101 0.855068 9.9991E-05 0.0597719
0.00183233 9.9991E-05 0.841013 0.0813236 0.0757306
9.9982E-05 9.9982E-05 0.81365 0.0982058 0.0879438
0.0134701 0.0120691 0.844341 0.107473 0.0226472
0.0423995 0.0264039 0.784661 9.9991E-05 0.146436
0.0177289 0.0181626 0.751918 0.10193 0.11026
0.0333868 0.139904 0.796721 0.0298878 9.9991E-05
0.0139042 0.025425 0.857797 0.070073 0.0328011
0.0027734 0.065783 0.836064 9.9991E-05 0.0952793
0.0163872 0.0879223 0.895491 9.9982E-05 9.9982E-05
0.0210851 0.0199317 0.852481 0.0969008 0.00960172
9.9991E-05 0.113491 0.177761 0.0429607 0.665687
9.9982E-05 0.0454677 9.9982E-05 0.022319 0.932013
9.9982E-05 0.0354715 0.843887 9.9982E-05 0.120441
0.0176491 0.249799 0.719422 0.0130292 9.9991E-05
9.9982E-05 9.9982E-05 0.848404 0.0202862 0.13111
0.00982707 0.127605 0.130785 9.9991E-05 0.731683
0.0102977 0.797974 9.9982E-05 9.9982E-05 0.191528
0.0316815 0.74079 0.00662415 0.220804 9.9991E-05
9.9991E-05 0.307262 0.0501153 0.447382 0.19514
0.0195249 0.247833 9.9991E-05 0.640454 0.092088
9.9973E-05 9.9973E-05 9.9973E-05 0.770733 0.228967
9.9991E-05 0.0563224 0.0519783 0.841839 0.0497599
9.9982E-05 0.0249828 9.9982E-05 0.768305 0.206512
0.0203471 0.0318071 9.9991E-05 0.739808 0.207938
0.047432 0.0142529 0.0872829 0.746554 0.104479
0.0381767 0.0995304 0.05409 0.808103 9.9991E-05
9.9991E-05 0.693726 0.00986469 0.0913587 0.204951
0.0488445 0.698826 0.071555 0.0517171 0.129058
0.0248397 0.733364 9.9982E-05 9.9982E-05 0.241597
9.99731E-05 0.649241 9.99731E-05 9.99731E-05 0.350459
0.00924632 0.781226 9.9982E-05 9.9982E-05 0.209327
0.00386296 0.599373 0.0253897 0.0115667 0.359807
0.00906851 0.47632 9.9991E-05 0.14826 0.366252
0.0139505 0.394198 0.0412938 0.210075 0.340482
0.0506202 0.519761 9.9991E-05 0.0541175 0.375401
0.0139145 0.589119 0.057659 0.157893 0.181415
0.0418997 0.556098 0.00842755 0.147281 0.246294
0.148319 0.0135817 0.0598915 0.69206 0.0861481
0.0155225 0.0349588 0.743444 0.0526984 0.153376
0.0489213 0.000263403 0.775893 0.140218 0.0347047
0.00723514 9.9982E-05 0.795524 9.9982E-05 0.197041
0.0153455 0.197708 0.731691 9.9991E-05 0.0551555
0.027799 0.097122 0.777874 0.0555073 0.0416977
0.027637 0.382952 0.122277 0.273766 0.193368
0.0168892 0.457999 9.9991E-05 0.260854 0.264158
0.07189 0.742021 0.0189044 0.0899061 0.0772783
0.0518857 0.41386 9.9991E-05 0.228143 0.306012
