9.9964E-05 9.9964E-05 9.9964E-05 0.0194514 9.9964E-05 0.829679 0.150469
0.171888 9.9982E-05 9.9982E-05 0.134911 0.0191132 0.666325 0.00756277
9.9982E-05 0.0955553 9.9982E-05 0.0148283 0.0163663 0.688725 0.184325
0.0430782 0.0212028 9.9991E-05 0.373428 0.0127471 0.412005 0.137439
0.0619871 9.99729E-05 0.0486994 0.3537 9.99729E-05 0.535314 9.99729E-05
0.172401 9.9982E-05 0.0152797 0.137298 9.9982E-05 0.619133 0.0556872
0.247315 9.9973E-05 9.9973E-05 0.41717 9.9973E-05 0.262843 0.0723717
0.0699873 9.9982E-05 9.9982E-05 0.319336 0.0395572 0.520708 0.0502107
0.597703 0.0275725 0.0599491 9.9973E-05 9.9973E-05 0.314476 9.9973E-05
0.293265 0.132107 0.00981949 0.124089 0.0149045 0.330252 0.0955634
0.322237 9.9991E-05 0.051009 0.131461 0.0488974 0.135423 0.310873
0.392188 0.120437 9.9991E-05 0.00945146 0.0238988 0.255523 0.198403
0.234592 9.9964E-05 9.9964E-05 9.9964E-05 0.0254789 9.9964E-05 0.739529
0.711595 0.111329 0.0662813 0.058491 9.9991E-05 0.00399356 0.0482103
0.388617 0.0744838 0.0586692 0.2629 0.0351173 0.180113 9.9991E-05
0.533199 0.0734479 9.9991E-05 0.288428 0.00836002 0.0327807 0.0636842
0.380353 0.158721 9.9973E-05 0.321103 9.9973E-05 0.139524 9.9973E-05
0.340342 9.9964E-05 9.9964E-05 9.9964E-05 0.0263288 0.63293 9.9964E-05
0.154357 0.404104 0.0800627 9.9991E-05 0.0577383 0.160999 0.14264
0.2751 0.53544 9.9973E-05 9.9973E-05 9.9973E-05 0.0329879 0.156172
0.125677 0.599254 0.0146239 0.247704 9.9982E-05 0.0125414 9.9982E-05
9.9982E-05 0.697558 0.0171074 9.9982E-05 0.00336432 0.160809 0.120962
9.9973E-05 0.752513 9.9973E-05 0.0684558 0.0453992 9.9973E-05 0.133332
0.0896999 0.675086 0.00157932 9.9982E-05 0.026508 0.206927 9.9982E-05
0.00733655 0.57721 9.9973E-05 0.378992 9.9973E-05 9.9973E-05 0.0361622
9.9964E-05 0.720372 9.9964E-05 9.9964E-05 9.9964E-05 0.272386 0.00684217
9.9973E-05 0.891876 0.0498536 0.0196494 0.0383208 9.9973E-05 9.9973E-05
0.130869 0.769854 0.0518649 9.9982E-05 0.0345058 9.9982E-05 0.0127064
9.9955E-05 0.679462 9.9955E-05 9.9955E-05 9.9955E-05 0.320038 9.9955E-05
9.9964E-05 0.714433 0.0435639 0.241603 9.9964E-05 9.9964E-05 9.9964E-05
0.222035 0.755066 0.0200268 9.9973E-05 9.9973E-05 0.00257254 9.9973E-05
0.237963 0.732137 0.00777456 9.9973E-05 0.0218253 9.9973E-05 9.9973E-05
0.131355 0.732346 9.9973E-05 0.074793 0.0612062 9.9973E-05 9.9973E-05
0.222511 0.0777545 9.9991E-05 0.156018 0.0711821 0.28584 0.186595
0.250968 0.16889 9.9982E-05 0.249384 0.0145375 0.316022 9.9982E-05
0.00466755 0.159942 0.0397102 0.79538 9.9973E-05 9.9973E-05 9.9973E-05
9.9982E-05 0.13336 9.9982E-05 0.756869 0.0428293 0.0126524 0.0540893
0.428801 0.0720166 0.0521844 0.247802 0.00699681 9.9991E-05 0.192099
9.995E-05 9.995E-05 9.995E-05 9.995E-05 0.9994 9.995E-05 9.995E-05
9.9982E-05 0.669668 9.9982E-05 0.0363634 0.0332088 0.0708959 0.189664
9.9973E-05 0.0711142 0.110738 0.000876691 9.9973E-05 0.816971 9.9973E-05
0.341875 0.074512 9.9982E-05 0.00627929 9.9982E-05 0.481608 0.0955258
0.217941 0.193355 0.0831188 0.0330603 9.9991E-05 0.243255 0.229169
0.134431 0.0880393 0.0589171 9.9991E-05 0.0521493 0.0933832 0.57298
9.9973E-05 0.0223179 9.9973E-05 0.143084 0.00945659 9.9973E-05 0.824842
9.995E-05 9.995E-05 9.995E-05 9.995E-05 0.9994 9.995E-05 9.995E-05
0.305718 0.149143 0.0278168 0.254254 0.0812642 0.0999698 0.0818345
0.262436 0.0786137 0.0559544 0.31419 9.9982E-05 9.9982E-05 0.288606
0.149402 0.241937 0.050244 9.9991E-05 0.0334821 0.351441 0.173394
0.0947893 0.0206311 0.652615 9.9982E-05 0.00988224 9.9982E-05 0.221883
0.0656048 0.0387249 0.724415 9.9982E-05 0.0295845 9.9982E-05 0.141471
0.0267907 0.0435299 0.768956 0.082409 9.9982E-05 0.0781146 9.9982E-05
0.0339374 9.9982E-05 0.635517 0.150683 0.0506255 9.9982E-05 0.129037
0.0886976 0.0666201 0.773368 0.0143979 0.056716 9.9982E-05 9.9982E-05
0.177979 0.0201631 0.772307 0.0292507 9.9973E-05 9.9973E-05 9.9973E-05
0.40955 9.9955E-05 0.58995 9.9955E-05 9.9955E-05 9.9955E-05 9.9955E-05
0.247008 9.9973E-05 0.709868 9.9973E-05 0.0241571 9.9973E-05 0.018667
9.9973E-05 0.103118 0.727805 9.9973E-05 0.0377187 9.9973E-05 0.131059
0.122967 9.9991E-05 0.749534 0.0242067 0.0411419 0.0415429 0.0205075
0.0910515 9.9991E-05 0.519587 0.091131 0.0468689 0.00288858 0.248373
9.9982E-05 0.0924531 0.691954 9.9982E-05 0.00162388 0.00290092 0.210868
0.0565403 0.0300189 0.591114 9.9982E-05 9.9982E-05 0.131449 0.190678
0.19856 9.9973E-05 0.272781 9.9973E-05 0.0285026 9.9973E-05 0.499857
9.9991E-05 0.676368 0.00789514 0.100312 0.0286955 0.161029 0.0256004
9.9973E-05 0.661296 0.00696352 9.9973E-05 0.0259165 0.305524 9.9973E-05
9.9973E-05 0.728937 9.9973E-05 0.0782346 0.00419885 0.188329 9.9973E-05
0.103027 0.0188669 0.643556 0.0781852 0.0183647 0.021621 0.11638
0.0640927 9.9991E-05 0.443135 0.0207137 0.0579126 0.015218 0.398828
0.119767 0.0468322 0.678554 9.9991E-05 0.0178239 0.0236188 0.113304
0.0384956 0.0355413 0.628274 9.9982E-05 0.0493173 9.9982E-05 0.248172
9.9973E-05 9.9973E-05 0.749446 0.148274 0.0455945 0.0563858 9.9973E-05
0.173723 9.9991E-05 0.078495 0.0481392 0.000205167 0.138448 0.560889
0.357807 9.9982E-05 0.0505951 9.9982E-05 0.00880575 0.0280294 0.554562
0.0317569 9.9973E-05 0.0369143 0.234976 9.9973E-05 9.9973E-05 0.696053
0.00354763 0.0101645 9.9991E-05 0.00219859 0.028412 0.0597901 0.895787
9.9982E-05 0.0904227 9.9982E-05 0.0800929 0.030243 0.0294437 0.769598
0.065515 0.0182268 9.9973E-05 9.9973E-05 0.0226951 9.9973E-05 0.893263
0.0346269 0.0841385 0.0401616 0.239561 0.0248397 0.0110142 0.565658
0.112171 9.9973E-05 0.610399 0.153307 9.9973E-05 9.9973E-05 0.123823
9.9973E-05 9.9973E-05 0.406427 9.9973E-05 0.102951 0.225507 0.264814
9.9982E-05 0.0805634 0.653268 9.9982E-05 0.0169903 0.0995489 0.14943
0.108035 0.0907194 0.702875 9.9982E-05 0.0289064 9.9982E-05 0.0692643
0.365661 9.9964E-05 0.608962 9.9964E-05 0.0249776 9.9964E-05 9.9964E-05
0.265938 0.576703 0.00180382 0.00267819 0.0386036 9.9991E-05 0.114173
9.9982E-05 0.113223 0.226657 0.0924274 9.9982E-05 0.044695 0.522798
0.00209352 9.9973E-05 0.0811631 0.0995053 9.9973E-05 9.9973E-05 0.816938
9.995E-05 9.995E-05 9.995E-05 9.995E-05 0.9994 9.995E-05 9.995E-05
9.9973E-05 0.0616101 9.9973E-05 0.0730318 9.9973E-05 0.703953 0.161105
0.112027 0.0756336 9.9991E-05 0.19781 0.0278291 0.505724 0.0808766
0.51182 0.107188 9.9991E-05 0.146309 0.0273061 0.104767 0.10251
0.456043 0.156631 0.0778925 0.00256984 0.0356189 0.125393 0.145853
0.268941 0.0338035 0.0309913 0.433988 9.9982E-05 0.232077 9.9982E-05
0.0350413 9.9973E-05 0.0937812 0.0307218 9.9973E-05 9.9973E-05 0.840156
9.9982E-05 0.501899 9.9982E-05 0.195987 0.040016 0.0621315 0.199766
9.9982E-05 9.9982E-05 0.107553 0.032808 0.0685327 0.0845726 0.706334
9.9982E-05 0.275615 0.0445479 0.405062 0.0416075 9.9982E-05 0.232968
0.410123 9.9955E-05 9.9955E-05 9.9955E-05 9.9955E-05 0.589377 9.9955E-05
0.120449 0.0160255 9.9982E-05 0.57811 9.9982E-05 0.152181 0.133035
0.329593 0.0339005 9.9973E-05 9.9973E-05 9.9973E-05 0.428975 0.207231
0.837171 9.9973E-05 0.025765 0.0866933 9.9973E-05 9.9973E-05 0.0500711
9.9964E-05 0.00976171 9.9964E-05 0.833023 9.9964E-05 9.9964E-05 0.156815
0.766092 9.9964E-05 9.9964E-05 9.9964E-05 9.9964E-05 0.119502 0.114006
9.9982E-05 0.0357746 0.145332 0.150902 0.0343982 9.9982E-05 0.633394
0.0205044 0.0360622 0.109301 0.0536933 0.0534148 0.178525 0.5485
0.087718 9.9991E-05 0.10823 0.0785122 0.0977202 0.0100271 0.617692
0.296266 0.1313 9.9982E-05 0.106462 0.0103636 9.9982E-05 0.455409
0.310858 0.0668058 0.0639535 9.9982E-05 9.9982E-05 0.156207 0.401977
0.187832 0.365284 0.0381185 0.408466 9.9973E-05 9.9973E-05 9.9973E-05
0.0463724 9.9973E-05 0.708418 0.229471 0.0154383 9.9973E-05 9.9973E-05
0.0235155 9.9982E-05 0.616456 9.9982E-05 0.0217614 0.100965 0.237103
9.9973E-05 0.0608074 0.0907056 9.9973E-05 9.9973E-05 0.166311 0.681876
0.327827 0.0894899 0.101006 0.0487091 0.012943 9.9991E-05 0.419925
9.9982E-05 0.136379 0.0216008 9.9982E-05 0.0616797 0.217019 0.563122
9.9964E-05 0.647017 9.9964E-05 0.166712 9.9964E-05 9.9964E-05 0.185871
9.9982E-05 0.0753776 0.58661 0.0546909 0.0263077 9.9982E-05 0.256814
0.164479 9.9973E-05 0.614262 0.009528 9.9973E-05 9.9973E-05 0.211431
9.9973E-05 9.9973E-05 0.408617 0.153218 9.9973E-05 0.0399387 0.397926
0.0101234 0.372194 0.0261081 0.222721 0.0688001 0.2238 0.0762536
0.00116582 0.0968814 0.0428711 9.9973E-05 9.9973E-05 0.858782 9.9973E-05
0.0898587 9.9991E-05 0.0159837 0.524367 0.0172804 0.279205 0.073206
9.9964E-05 9.9964E-05 0.0751507 0.214023 9.9964E-05 0.710427 9.9964E-05
0.216066 0.300325 9.9973E-05 0.10528 9.9973E-05 0.378029 9.9973E-05
0.1385 0.103369 9.9991E-05 0.302174 0.00655594 0.356716 0.0925859
9.9982E-05 0.0120249 9.9982E-05 0.133003 0.00695605 0.747159 0.100657
0.257876 9.9982E-05 0.0322954 0.231282 0.00687103 0.471476 9.9982E-05
0.0832134 0.311457 0.00161526 0.376421 9.9991E-05 0.198138 0.0290555
0.828801 0.00935994 0.00941337 0.0584978 9.9982E-05 0.0937277 9.9982E-05
0.865491 0.0245858 9.9982E-05 0.0382946 0.0174896 0.0539385 9.9982E-05
0.610384 0.00970879 9.9982E-05 0.354129 0.00186762 9.9982E-05 0.0237108
0.222488 0.191204 0.12893 0.107464 9.9991E-05 0.304104 0.0457094
0.783546 9.9982E-05 0.0519331 0.0738248 0.0113832 0.0791126 9.9982E-05
0.589795 0.212852 9.9982E-05 0.0252103 9.9982E-05 0.015127 0.156815
0.191999 9.9982E-05 0.017423 0.0288324 9.9982E-05 0.689527 0.0720189
0.0313281 0.788381 9.9973E-05 0.123569 9.9973E-05 9.9973E-05 0.0564226
9.9964E-05 0.769552 9.9964E-05 9.9964E-05 9.9964E-05 0.204913 0.0251355
0.151705 0.800596 9.9964E-05 9.9964E-05 0.0472991 9.9964E-05 9.9964E-05
0.16541 0.672878 0.043854 0.0145494 0.0215945 0.0816141 9.9991E-05
9.9982E-05 0.628163 0.044351 9.9982E-05 0.0152789 0.286198 0.0258089
0.119577 9.9982E-05 0.0542506 0.484361 9.9982E-05 0.19469 0.146921
9.9964E-05 0.164855 9.9964E-05 0.791695 0.0430502 9.9964E-05 9.9964E-05
9.9964E-05 9.9964E-05 0.815758 9.9964E-05 9.9964E-05 0.00309748 0.180745
0.108763 0.0246066 0.771627 0.0413161 0.0346218 0.000965702 0.0180995
9.9973E-05 9.9973E-05 0.800961 0.0782728 0.000783545 0.119683 9.9973E-05
9.9973E-05 9.9973E-05 0.574026 0.0370729 9.9973E-05 0.12291 0.265691
0.0476507 9.9982E-05 0.799065 9.9982E-05 0.0347344 0.102226 0.0161242
9.9991E-05 0.127721 0.718739 0.0148382 0.011015 0.0384165 0.0891706
9.9973E-05 9.9973E-05 0.792718 9.9973E-05 0.021296 0.163155 0.0225316
9.9973E-05 0.0910213 0.740239 9.9973E-05 9.9973E-05 0.01508 0.15336
9.9973E-05 0.0359454 0.785396 9.9973E-05 9.9973E-05 0.142023 0.0363355
9.9982E-05 0.0454381 0.751636 9.9982E-05 0.00272863 0.0613566 0.138641
0.0442747 9.9982E-05 0.708429 0.0909575 0.0437384 9.9982E-05 0.1124
0.154455 0.0411391 0.711152 9.9991E-05 0.0281846 0.0323426 0.0326264
0.0114892 0.0421838 0.703092 9.9982E-05 0.0301081 0.212927 9.9982E-05
9.9982E-05 0.0976622 0.809922 0.0656598 0.0241993 9.9982E-05 0.00235631
9.9982E-05 9.9982E-05 0.745482 0.0698061 0.00750992 0.0675919 0.10941
9.9973E-05 9.9973E-05 0.820338 0.03076 0.0169471 0.131655 9.9973E-05
9.9973E-05 0.0322146 0.796074 0.161775 0.00963632 9.9973E-05 9.9973E-05
0.0176708 0.0559193 0.107883 0.0708834 9.9991E-05 0.0959145 0.651629
0.0590318 9.9973E-05 9.9973E-05 0.103173 9.9973E-05 0.0762628 0.761233
9.9973E-05 9.9973E-05 0.758484 0.136857 9.9973E-05 0.00777933 0.09658
9.9973E-05 9.9973E-05 0.661055 0.205211 0.0262054 0.107228 9.9973E-05
9.9964E-05 0.0439518 0.703602 9.9964E-05 9.9964E-05 9.9964E-05 0.252046
0.160295 9.9973E-05 0.0597887 9.9973E-05 9.9973E-05 0.144557 0.635059
9.9964E-05 9.9964E-05 9.9964E-05 0.145237 9.9964E-05 0.743476 0.110888
0.15632 0.0531274 9.9973E-05 9.9973E-05 0.0101369 0.780115 9.9973E-05
9.9982E-05 0.374197 0.00902479 0.160641 9.9982E-05 0.307409 0.148528
0.19985 0.513793 9.9982E-05 0.0446804 9.9982E-05 0.187283 0.0541944
0.185214 0.704851 9.9973E-05 0.0446745 9.9973E-05 9.9973E-05 0.0649606
0.0658901 0.768625 0.0530458 0.0457363 9.9982E-05 0.0665027 9.9982E-05
0.17292 0.663601 9.9982E-05 9.9982E-05 0.00540568 0.146665 0.0112087
0.23162 0.658401 9.9982E-05 0.0627244 0.00576998 9.9982E-05 0.0412847
0.168007 0.646043 0.0181306 0.0145528 0.0395274 0.0194992 0.0942404
9.9973E-05 0.64793 0.0717363 9.9973E-05 0.0269254 0.253108 9.9973E-05
0.0619435 0.0624498 0.00459678 0.122631 9.9991E-05 0.670471 0.0778079
9.9982E-05 9.9982E-05 0.00893412 0.577699 0.0647296 0.336026 0.0124113
0.0398925 9.9964E-05 9.9964E-05 0.902256 0.0574512 9.9964E-05 9.9964E-05
9.995E-05 9.995E-05 9.995E-05 0.9994 9.995E-05 9.995E-05 9.995E-05
0.0218195 9.9964E-05 9.9964E-05 0.937004 0.040777 9.9964E-05 9.9964E-05
0.0659421 9.9973E-05 9.9973E-05 0.652645 9.9973E-05 0.0332656 0.247847
0.573104 0.0761428 9.9991E-05 0.0898252 0.00155653 0.102962 0.15631
0.815532 0.111215 0.00560686 9.9973E-05 9.9973E-05 9.9973E-05 0.0673466
0.772484 9.9973E-05 9.9973E-05 9.9973E-05 0.0518426 0.154655 0.0207182
0.598602 0.0837451 0.0192316 0.291909 0.00631149 9.9982E-05 9.9982E-05
0.742048 0.0191534 0.0388537 0.147558 0.0394504 0.0128368 9.9991E-05
0.19894 0.547475 0.0576338 9.9982E-05 0.130831 0.0649199 9.9982E-05
0.0321683 0.00474668 0.644342 9.9991E-05 0.0180546 0.067869 0.23272
9.9982E-05 0.0786873 0.697437 0.112277 0.0229455 9.9982E-05 0.0884528
0.140793 9.9964E-05 0.771058 9.9964E-05 9.9964E-05 9.9964E-05 0.0877485
0.171359 0.0239082 0.582425 0.0177255 0.0114692 9.9991E-05 0.193013
9.9982E-05 0.0568116 0.748932 0.0283262 0.00176346 0.163967 9.9982E-05
0.360882 0.227079 0.0783132 0.269753 0.038967 9.9991E-05 0.0249061
0.30209 0.21762 9.9991E-05 0.0519194 0.0238262 0.323893 0.0805515
0.70519 9.9973E-05 9.9973E-05 0.0214368 0.0461231 0.22695 9.9973E-05
0.335783 0.153543 9.9982E-05 9.9982E-05 0.0310276 0.252294 0.227152
