0.018277 9.9991E-05 0.231712 0.638541 0.11137
0.0337099 9.9991E-05 0.0733485 0.800512 0.0923297
0.0081853 9.9991E-05 0.319592 0.465188 0.206934
0.0273492 9.9991E-05 0.219987 0.745904 0.00665982
9.9982E-05 0.0863482 9.9982E-05 0.894975 0.0184769
9.9982E-05 0.0715114 0.0814416 0.846847 9.9982E-05
9.9982E-05 9.9982E-05 0.245827 0.654688 0.0992851
0.0344671 9.9982E-05 0.143258 0.822075 9.9982E-05
0.0191619 0.0917346 9.9991E-05 0.705057 0.183947
0.0461626 9.9991E-05 0.232563 0.505347 0.215827
0.0499253 0.0614361 0.4895 0.289822 0.109317
0.0373816 0.0121815 0.232593 0.503584 0.21426
0.0452818 0.0199922 0.838658 0.0546232 0.0414444
9.999E-05 0.0694755 0.290374 0.40977 0.23028
0.0479283 0.0704413 9.9991E-05 0.690241 0.191289
0.0209932 9.9991E-05 0.207844 0.66751 0.103553
9.9982E-05 0.0451833 9.9982E-05 0.738294 0.216322
0.0186795 9.9982E-05 9.9982E-05 0.892694 0.0884263
0.06733 0.120451 0.166968 0.105405 0.539846
9.9982E-05 9.9982E-05 0.232841 0.131513 0.635446
0.00306584 0.0235429 0.017943 0.239661 0.715788
0.0226808 0.0168397 0.129216 0.00116839 0.830095
0.0617541 9.9982E-05 0.0424813 9.9982E-05 0.895565
0.0378918 0.0253593 9.9991E-05 0.214889 0.72176
9.9982E-05 9.9982E-05 0.134217 0.216332 0.649251
0.0104178 9.9982E-05 9.9982E-05 0.0649426 0.92444
0.0335532 0.067293 9.9982E-05 9.9982E-05 0.898954
0.0193161 0.0767757 0.0164909 9.9991E-05 0.887317
9.9982E-05 0.0173822 9.9982E-05 0.073192 0.909226
9.9982E-05 0.0753025 9.9982E-05 0.0610967 0.863401
0.0241746 0.0343639 9.9991E-05 0.00637942 0.934982
0.0476844 0.0312499 9.9991E-05 0.074582 0.846384
0.0690296 9.9982E-05 0.0753526 9.9982E-05 0.855418
0.0774027 9.9991E-05 0.261256 0.49018 0.171061
9.9991E-05 0.0353271 0.0166063 0.65344 0.294526
9.9982E-05 0.114767 9.9982E-05 0.770947 0.114086
0.0252694 9.9991E-05 0.156486 0.734445 0.0836994
9.9991E-05 0.0736346 0.261229 0.498377 0.166659
0.9996 9.997E-05 9.997E-05 9.997E-05 9.997E-05
0.0551594 0.000429208 0.175125 9.9991E-05 0.769187
9.9982E-05 0.130892 9.9982E-05 0.785102 0.0838057
9.9982E-05 9.9982E-05 0.300591 0.530102 0.169107
0.000460299 0.0843111 0.348119 0.317563 0.249546
0.0522312 0.110493 0.647773 0.0607964 0.128706
0.0104961 0.0267884 0.891518 9.9991E-05 0.071098
0.9996 9.997E-05 9.997E-05 9.997E-05 9.997E-05
0.0597288 0.0333018 0.280663 0.427389 0.198917
9.9991E-05 0.112432 0.408131 0.295722 0.183615
0.0449052 0.0590358 0.267172 0.355802 0.273085
0.02064 0.786768 0.0657025 0.0789325 0.0479567
0.0254712 0.76023 0.170573 9.9991E-05 0.0436257
9.9982E-05 0.807237 9.9982E-05 0.184949 0.00761407
0.0339454 0.762239 0.0892028 0.114513 9.9991E-05
0.0414078 0.843688 9.9991E-05 0.0395587 0.0752459
9.9982E-05 0.835859 9.9982E-05 0.0603232 0.103618
9.9973E-05 0.766899 9.9973E-05 0.232801 9.9973E-05
0.00143994 0.859689 0.0413126 0.0530818 0.0444763
0.035144 0.888503 9.9982E-05 9.9982E-05 0.0761526
0.0343928 0.754547 0.124085 0.0868752 9.9991E-05
0.0485169 0.597631 0.259603 0.0941494 9.9991E-05
9.9982E-05 0.867195 0.0207107 9.9982E-05 0.111894
9.9991E-05 0.7071 0.133093 0.0925881 0.0671188
0.0675147 0.313568 0.604238 0.01458 9.9991E-05
0.0213418 0.035613 0.0340021 0.0994893 0.809554
0.0435566 0.01258 0.0684657 0.0771386 0.798259
0.0231596 9.9982E-05 9.9982E-05 0.117569 0.859071
0.0157704 0.717027 0.133635 0.0972559 0.036312
0.0762307 0.485987 0.437582 9.9982E-05 9.9982E-05
0.0349239 0.76744 0.0768789 0.0404275 0.0803295
0.067228 0.669981 0.262591 9.9982E-05 9.9982E-05
0.0474376 0.847397 0.0143014 0.0848353 0.00602913
0.0232032 0.153962 0.658662 0.164072 9.9991E-05
0.0104545 0.0462271 0.792027 0.136408 0.0148833
9.9991E-05 0.10388 0.814924 0.0499799 0.0311158
0.042847 9.9973E-05 0.956853 9.9973E-05 9.9973E-05
0.0407811 9.9991E-05 0.843267 0.00772798 0.108124
0.029465 9.9973E-05 0.970235 9.9973E-05 9.9973E-05
0.0439079 0.0373828 0.753221 0.0234062 0.142082
9.9982E-05 0.653639 0.300382 0.0457792 9.9982E-05
0.104069 0.429005 0.362407 0.104418 9.9991E-05
0.0227524 0.752136 0.13284 9.9991E-05 0.0921716
0.061919 0.787091 0.0383688 9.9991E-05 0.112521
0.0430651 0.722937 0.081989 0.151909 9.9991E-05
0.0346623 0.0191284 0.160864 0.0893011 0.696045
9.9991E-05 0.297152 0.555498 0.0793375 0.0679123
9.9973E-05 0.0656555 0.934045 9.9973E-05 9.9973E-05
0.9996 9.997E-05 9.997E-05 9.997E-05 9.997E-05
9.9982E-05 9.9982E-05 0.148946 0.677519 0.173336
0.0432033 9.9991E-05 0.0912171 0.683494 0.181986
0.0312623 0.0348923 0.201315 0.58633 0.146201
0.0532299 0.0576972 0.259655 0.349594 0.279824
9.9991E-05 0.0525461 0.0772639 0.779936 0.0901544
9.9973E-05 0.136327 0.863373 9.9973E-05 9.9973E-05
0.0497964 0.0128941 0.242385 0.0720353 0.622889
0.0793072 0.21124 0.583783 0.12557 9.9991E-05
0.0288248 0.0651822 0.336652 0.219547 0.349794
0.0277625 9.9991E-05 0.033751 0.714897 0.223489
9.9982E-05 9.9982E-05 0.255759 0.652931 0.0911105
9.9982E-05 9.9982E-05 0.385134 0.469328 0.145338
0.0206948 0.0561106 0.293809 0.629286 9.9991E-05
0.0150984 9.9991E-05 0.454139 0.494318 0.0363442
0.0263117 9.9991E-05 0.220234 0.643262 0.110092
0.0235261 0.222658 0.607078 0.0456745 0.101063
0.0627228 0.0961112 0.721499 0.0509131 0.0687539
0.0716475 0.181336 0.677982 0.0348458 0.0341883
9.9982E-05 9.9982E-05 0.578026 0.186732 0.235042
9.9991E-05 0.078467 0.584508 0.194911 0.142014
9.9982E-05 0.0763332 9.9982E-05 0.467259 0.456208
0.0266219 0.77357 9.9991E-05 0.175177 0.024531
0.0360702 0.757687 0.160718 9.9991E-05 0.0454244
0.0121239 0.196814 0.601029 9.9991E-05 0.189933
0.0245335 0.247484 0.323765 0.268501 0.135716
0.0637165 0.119734 0.551647 9.9991E-05 0.264803
9.9973E-05 9.9973E-05 0.232005 9.9973E-05 0.767695
0.0494962 0.622052 0.291568 9.9991E-05 0.0367837
9.9991E-05 0.687493 0.261078 0.00683198 0.0444966
9.9982E-05 0.473188 0.431508 0.0951042 9.9982E-05
0.0585701 0.0426473 0.0710412 0.320102 0.507639
0.0102154 0.0436726 0.0274935 0.675114 0.243505
0.0328191 0.075 0.111542 0.72055 0.0600889
9.9991E-05 0.10628 0.0348964 0.725708 0.133015
9.9982E-05 9.9982E-05 0.102192 0.516281 0.381327
0.022241 0.0151344 9.9991E-05 0.754053 0.208471
9.9991E-05 0.0309601 0.0427586 0.750686 0.175495
0.00923794 0.102061 9.9991E-05 0.867191 0.0214094
9.9991E-05 0.000584378 0.123542 0.46169 0.414083
0.0149472 9.9991E-05 0.146266 0.777088 0.061599
0.0208953 9.9991E-05 0.203604 0.622287 0.153113
0.0188472 0.00555116 0.0535257 0.773479 0.148597
9.9991E-05 0.0644847 0.16887 0.467091 0.299454
0.0569907 0.0566022 0.158893 0.715393 0.0121212
0.0167404 9.9991E-05 0.335388 0.377891 0.269881
9.9991E-05 0.0421402 0.0900325 0.785832 0.0818952
0.00633581 9.9982E-05 0.160126 9.9982E-05 0.833338
9.9973E-05 9.9973E-05 0.0241922 9.9973E-05 0.975508
0.046357 9.9982E-05 9.9982E-05 0.0805096 0.872933
9.9991E-05 0.0969848 0.0274593 0.111937 0.763519
0.0273887 0.0422479 0.154007 9.9991E-05 0.776256
0.000837851 0.0474733 0.325108 0.62648 9.9991E-05
0.019025 9.9991E-05 0.17327 0.637272 0.170333
9.9973E-05 0.927392 0.0723078 9.9973E-05 9.9973E-05
0.0338694 0.788035 0.0231592 0.119981 0.0349557
0.0133265 0.892134 9.9982E-05 0.0943394 9.9982E-05
0.000319849 0.600262 0.348821 9.9991E-05 0.0504968
0.00332968 0.828062 0.0577212 0.110787 9.9991E-05
0.00599946 0.832684 9.9982E-05 9.9982E-05 0.161117
0.021317 0.886557 0.0734734 0.0185524 9.9991E-05
0.00258756 0.84713 0.0365607 9.9991E-05 0.113621
9.9982E-05 0.794486 0.0690744 9.9982E-05 0.136239
0.0138602 0.846293 0.0113219 9.9991E-05 0.128425
0.0443597 0.787521 0.107401 0.0606181 9.9991E-05
0.045685 0.753544 0.0578715 0.115774 0.0271252
0.0248181 0.812489 9.9991E-05 0.0658601 0.0967324
0.00907108 0.874841 9.9991E-05 0.0555048 0.0604831
0.0235055 0.804623 0.161592 0.0101787 9.9991E-05
0.0244921 0.865008 9.9982E-05 0.1103 9.9982E-05
0.0332015 0.859585 9.9991E-05 0.0444258 0.0626874
9.9982E-05 0.12867 0.850611 9.9982E-05 0.0205195
0.00466459 9.9991E-05 0.933347 0.0208815 0.041007
9.9982E-05 0.849747 0.0879412 0.0621114 9.9982E-05
0.0270524 0.701346 0.0127284 0.258773 9.9991E-05
9.9982E-05 0.87666 0.0364052 9.9982E-05 0.0867352
9.9982E-05 0.142399 0.716172 0.14123 9.9982E-05
0.0243903 9.9991E-05 0.183573 0.746313 0.0456241
0.0234514 0.00621133 0.0355257 0.682625 0.252186
9.9982E-05 9.9982E-05 0.271018 0.254791 0.473991
9.9991E-05 0.0100115 0.137307 0.249172 0.60341
9.9991E-05 0.0102617 0.165846 0.0772241 0.746568
0.0109911 0.0180774 0.0400865 0.0398658 0.890979
0.0128702 9.9991E-05 0.0861956 0.128349 0.772485
0.0135889 0.0468916 0.0909103 0.0970878 0.751521
0.0433038 0.0809623 0.120455 0.0407268 0.714552
0.0403812 0.0682325 9.9991E-05 0.147766 0.743521
0.00462819 0.0131998 0.189103 0.639978 0.15309
0.0391698 0.0203359 0.145768 0.716169 0.078558
0.0553815 0.0279998 0.185945 0.730574 9.9991E-05
9.9973E-05 9.9973E-05 0.297084 0.702616 9.9973E-05
0.0220604 9.9982E-05 0.245153 0.732587 9.9982E-05
9.9982E-05 0.00454692 0.416606 0.578647 9.9982E-05
0.00859195 9.9991E-05 0.256356 0.513973 0.22098
9.9991E-05 0.0480147 0.215826 0.568229 0.16783
0.0612144 0.0119311 0.165401 0.665203 0.0962509
0.0201724 0.0755857 0.187219 0.600656 0.116367
0.0446527 0.0308812 0.142189 0.672928 0.10935
0.14817 0.0816412 0.0590303 0.0105659 0.700593
9.9982E-05 0.779996 0.147443 0.0723608 9.9982E-05
0.0531301 0.752175 0.0904526 9.9991E-05 0.104143
0.0215969 0.849141 0.101024 9.9991E-05 0.0281374
9.9982E-05 0.708481 0.12777 0.163549 9.9982E-05
0.0234169 0.810902 9.9991E-05 0.133697 0.0318846
0.0232639 0.0863771 0.22806 0.385674 0.276625
0.0191712 0.0161679 0.168435 0.529685 0.266541
0.0655619 0.0219875 0.010689 0.739154 0.162608
0.0485814 9.9991E-05 0.302361 0.411942 0.237016
