0.257505 0.0205228 0.642035 9.9982E-05 0.0797375 9.9982E-05
0.213614 0.0388293 0.716472 9.9982E-05 0.0308845 9.9982E-05
0.370828 0.0245752 0.557813 9.9991E-05 0.00436622 0.0423171
0.204818 0.0048349 0.671326 9.9982E-05 9.9982E-05 0.118822
0.255995 0.0139438 0.674028 9.9982E-05 9.9982E-05 0.055833
0.1659 0.00442923 0.678484 0.000818197 0.150269 9.9991E-05
0.0529978 9.9982E-05 0.633839 0.217003 0.0959603 9.9982E-05
0.188805 0.0550535 0.713039 9.9982E-05 9.9982E-05 0.0429022
0.193423 0.00183577 0.449199 0.220199 0.135243 9.9991E-05
0.231517 0.0254807 0.431996 0.212129 0.0322127 0.0666649
9.999E-05 0.0407637 0.395209 0.323603 0.0880706 0.152254
0.147031 0.0370068 0.424404 0.295166 0.0322064 0.0641851
9.999E-05 0.039136 0.30491 0.396833 0.172846 0.0861746
0.0637359 9.9982E-05 0.336703 0.440229 9.9982E-05 0.159132
0.319453 0.0387454 0.524921 0.010717 0.106064 9.9991E-05
0.165646 0.00555824 0.617714 0.146493 0.0644891 9.9991E-05
0.149562 9.9982E-05 0.497929 0.348001 9.9982E-05 0.00430884
0.172335 0.0274132 0.619886 0.180166 9.9982E-05 9.9982E-05
0.419182 0.0597648 0.0341574 0.325617 0.123247 0.0380316
0.208134 9.9964E-05 9.9964E-05 0.791466 9.9964E-05 9.9964E-05
0.593616 9.9982E-05 0.143789 0.222637 9.9982E-05 0.0397577
0.660065 0.0197236 9.9982E-05 0.272457 9.9982E-05 0.047555
0.822213 0.0419765 9.9982E-05 0.112862 0.0227478 9.9982E-05
0.692757 0.032792 9.9982E-05 0.262389 0.0118618 9.9982E-05
0.580086 9.9982E-05 0.088283 0.301428 9.9982E-05 0.0300036
0.807892 0.0282754 0.00981501 0.153818 9.9982E-05 9.9982E-05
0.501025 0.0340354 9.9982E-05 0.427891 9.9982E-05 0.0368488
0.724929 0.0347995 9.9982E-05 0.156157 0.0839149 9.9982E-05
0.826613 9.9973E-05 9.9973E-05 0.166272 0.00681508 9.9973E-05
0.586557 9.9991E-05 0.00601037 0.311346 0.0638583 0.0321286
0.603742 9.9982E-05 9.9982E-05 0.369857 0.018966 0.00723542
0.61852 0.0142069 9.9982E-05 0.302324 9.9982E-05 0.0647486
0.812741 0.0455086 0.0834232 9.9982E-05 9.9982E-05 0.0581268
0.189732 0.0808557 0.421509 0.262331 0.0126014 0.032971
0.328271 9.9991E-05 0.535826 0.0717471 0.040146 0.0239103
0.295122 9.9982E-05 0.590175 9.9982E-05 0.0998938 0.0146096
0.179985 0.0449701 0.669166 0.0243405 0.0814382 9.9991E-05
0.0928781 9.9982E-05 0.488806 0.281721 0.136395 9.9982E-05
9.996E-05 0.9995 9.996E-05 9.996E-05 9.996E-05 9.996E-05
0.447993 0.0215319 9.9982E-05 0.475874 9.9982E-05 0.054401
0.352882 9.9982E-05 0.51486 9.9982E-05 0.0957911 0.0362666
0.210073 9.9982E-05 0.557727 0.172871 9.9982E-05 0.0591291
0.294543 0.0116151 0.351426 0.0930429 0.249273 9.9991E-05
9.9991E-05 0.0517507 0.218609 0.439769 0.0610369 0.228734
9.9991E-05 0.00230638 0.326733 0.373627 0.190045 0.107188
9.996E-05 0.9995 9.996E-05 9.996E-05 9.996E-05 9.996E-05
0.0859578 0.0819618 0.389786 0.390376 0.008723 0.0431947
9.9973E-05 9.9973E-05 0.392107 0.399749 0.207844 9.9973E-05
0.308526 0.024694 0.281981 0.254697 0.0947936 0.0353082
9.9982E-05 0.0191296 0.0698104 0.0141914 0.896669 9.9982E-05
9.9991E-05 0.0255885 0.0187195 0.028346 0.55 0.377246
0.00241263 9.9982E-05 0.122006 9.9982E-05 0.692534 0.182847
9.9991E-05 0.0555512 0.0326037 0.0940201 0.459674 0.358051
0.00151942 0.0453621 9.9991E-05 0.0997423 0.427583 0.425693
0.0650644 9.9973E-05 9.9973E-05 9.9973E-05 0.618277 0.316359
9.9982E-05 9.9982E-05 0.117531 0.0905555 0.0255213 0.766192
9.9991E-05 0.00466595 0.0443194 0.0162723 0.805837 0.128805
9.9964E-05 0.00665559 9.9964E-05 9.9964E-05 0.992945 9.9964E-05
9.9982E-05 0.0209021 0.101444 9.9982E-05 0.254923 0.622531
9.9991E-05 0.0342488 0.126588 0.0731748 0.490603 0.275285
9.996E-05 9.996E-05 9.996E-05 9.996E-05 0.9995 9.996E-05
0.0871772 9.9991E-05 0.00988307 0.0728819 0.417009 0.412949
9.9991E-05 0.0898182 0.160495 0.247865 0.248029 0.253693
0.646712 0.0246698 0.026354 0.24235 9.9991E-05 0.0598136
0.700419 0.0435298 0.0813541 0.117083 9.9991E-05 0.0575143
0.76967 0.00437133 0.0108218 0.208422 0.00661474 9.9991E-05
0.0208866 0.0150933 0.0679599 0.0937663 0.405815 0.396479
9.9991E-05 0.0707182 0.0796732 0.17628 0.205776 0.467452
0.0685857 0.017002 0.0483804 9.9991E-05 0.210312 0.65562
0.0408033 0.0432245 0.0199695 0.0393496 0.401864 0.454789
9.9982E-05 0.0367556 0.0728721 9.9982E-05 0.542133 0.34804
9.9991E-05 0.0127138 0.480829 0.094527 0.106807 0.305023
9.9991E-05 0.00155913 0.315695 0.415945 0.207372 0.0593289
9.9991E-05 0.0112797 0.329673 0.353165 0.067547 0.238234
9.9982E-05 0.0278971 0.287168 0.413988 9.9982E-05 0.270747
9.9982E-05 0.0461884 0.268804 0.43611 9.9982E-05 0.248697
9.9991E-05 0.0189344 0.130183 0.568028 0.172251 0.110504
0.0679179 0.0322294 0.366368 0.262618 0.0840289 0.186838
9.9982E-05 9.9982E-05 0.185306 0.0398892 0.392655 0.381949
0.0968685 0.138432 0.190237 9.9991E-05 0.390471 0.183892
0.0614939 0.0254984 9.9991E-05 0.0618708 0.38284 0.468197
9.9982E-05 0.0499051 9.9982E-05 0.0974446 0.515515 0.336935
9.9991E-05 0.0425598 0.0393789 0.164907 0.241461 0.511594
0.157948 0.0140292 9.9982E-05 0.803259 9.9982E-05 0.0245648
0.15916 0.00647199 0.280051 0.0264932 0.224722 0.303102
9.9982E-05 9.9982E-05 0.374939 0.230642 0.0609283 0.333291
9.996E-05 0.9995 9.996E-05 9.996E-05 9.996E-05 9.996E-05
0.38909 0.00766414 0.565911 0.0332667 9.9991E-05 0.00396883
0.311537 0.0249528 0.604913 0.00434395 0.0541533 9.9991E-05
0.0942276 0.0365849 0.474424 0.314968 0.0796949 9.9991E-05
0.0679747 0.0427133 0.339018 0.454493 9.9991E-05 0.095701
0.157432 9.9982E-05 0.582341 0.16829 9.9982E-05 0.0917367
9.9973E-05 9.9973E-05 0.319188 0.265929 0.414583 9.9973E-05
0.498102 0.0409551 0.147889 0.214432 0.0985215 9.9991E-05
9.9991E-05 0.0835128 0.244227 0.248858 0.178262 0.24504
0.212514 0.0288638 0.252278 0.30429 9.9991E-05 0.201954
0.409501 9.9973E-05 0.524922 9.9973E-05 0.0652773 9.9973E-05
0.247411 9.9982E-05 0.688438 0.00839349 9.9982E-05 0.0555573
0.165796 9.9982E-05 0.565452 0.240578 0.0279741 9.9982E-05
9.9982E-05 0.0272061 0.504568 0.405789 0.0622369 9.9982E-05
9.9982E-05 0.0175634 0.682041 0.226408 9.9982E-05 0.0737876
9.9973E-05 0.00180346 0.581195 0.416701 9.9973E-05 9.9973E-05
9.9991E-05 0.0413613 0.253944 0.26427 0.308825 0.1315
9.9991E-05 0.0918957 0.186668 0.401812 0.0946993 0.224824
9.9991E-05 0.104535 0.174382 0.331205 0.0149495 0.374828
9.9973E-05 9.9973E-05 0.269965 0.61198 9.9973E-05 0.117755
0.0381381 9.9991E-05 0.307926 0.383826 0.116612 0.153398
0.376682 9.9982E-05 0.330047 0.218771 9.9982E-05 0.074301
0.0736227 0.0219872 0.0336976 9.9991E-05 0.367379 0.503213
0.100146 0.029947 0.0228703 9.9991E-05 0.17065 0.676287
0.0633485 9.9991E-05 0.287829 0.28086 0.276455 0.0914081
0.00233008 0.0170807 0.303634 0.355679 0.295842 0.025435
0.325046 0.0693158 0.25967 0.00870681 0.331145 0.00611679
0.289818 9.9964E-05 9.9964E-05 0.709782 9.9964E-05 9.9964E-05
9.9982E-05 0.0186642 9.9982E-05 0.183099 0.0273489 0.770687
0.0892867 9.9982E-05 0.103925 9.9982E-05 0.431453 0.375135
9.9982E-05 9.9982E-05 0.219068 0.124968 0.228904 0.42686
0.410447 0.0658506 0.198141 0.238758 0.0867034 9.9991E-05
0.409081 9.9973E-05 0.51768 9.9973E-05 0.0729393 9.9973E-05
0.181856 0.0252657 0.677268 9.9982E-05 9.9982E-05 0.115411
0.265727 9.9982E-05 0.613409 9.9982E-05 0.0856907 0.0349738
0.461088 9.9982E-05 0.374064 0.154906 0.00974231 9.9982E-05
0.345227 0.022103 0.595012 0.0329048 0.00465298 9.9991E-05
0.323125 9.9964E-05 0.676475 9.9964E-05 9.9964E-05 9.9964E-05
0.249497 9.9973E-05 0.69185 9.9973E-05 0.0583531 9.9973E-05
0.434801 9.9982E-05 0.393559 0.0854153 9.9982E-05 0.0860239
9.9973E-05 9.9973E-05 0.485727 0.445916 9.9973E-05 0.0680563
0.014931 0.0263436 0.459488 0.499037 9.9982E-05 9.9982E-05
9.9964E-05 9.9964E-05 0.581371 0.418229 9.9964E-05 9.9964E-05
0.319484 0.00389862 0.361354 0.169961 0.145203 9.9991E-05
0.0338411 0.0498222 0.552803 0.32006 0.0419145 0.00155906
0.0202501 0.000792257 0.384044 0.52759 0.0672243 9.9991E-05
0.267484 9.9973E-05 0.643879 9.9973E-05 9.9973E-05 0.0883374
0.522843 9.9982E-05 0.00185295 0.463759 0.0113445 9.9982E-05
0.722806 9.9964E-05 9.9964E-05 0.276794 9.9964E-05 9.9964E-05
0.687916 0.0194674 9.9973E-05 0.292317 9.9973E-05 9.9973E-05
0.599168 9.9973E-05 9.9973E-05 0.343479 9.9973E-05 0.057053
0.863359 0.0113632 0.0119295 0.0264833 0.0297176 0.0571475
0.140691 0.0108588 0.678898 9.9991E-05 0.0504597 0.118992
0.2925 0.0543923 0.616373 9.9982E-05 0.036535 9.9982E-05
9.9964E-05 9.9964E-05 9.9964E-05 9.9964E-05 0.800057 0.199544
0.0731385 0.0234901 9.9973E-05 9.9973E-05 9.9973E-05 0.903071
0.0344674 9.9973E-05 9.9973E-05 9.9973E-05 0.224356 0.740877
0.0976868 9.9973E-05 0.0272108 9.9973E-05 9.9973E-05 0.874802
9.9982E-05 0.0296558 0.0501589 9.9982E-05 0.562091 0.357894
0.100053 9.9982E-05 9.9982E-05 0.00443329 0.408382 0.486931
9.9973E-05 0.00185108 9.9973E-05 9.9973E-05 0.122003 0.875846
0.0697666 9.9973E-05 9.9973E-05 9.9973E-05 0.699949 0.229984
0.0578912 9.9982E-05 9.9982E-05 0.0333589 0.403833 0.504717
0.0866049 9.9973E-05 9.9973E-05 9.9973E-05 0.411859 0.501236
9.9982E-05 0.0417021 9.9982E-05 0.0410783 0.043338 0.873682
0.0281342 0.0569658 0.0715789 9.9991E-05 0.161991 0.68123
0.054026 0.0113222 0.0432161 9.9991E-05 0.311805 0.579531
0.0681229 9.9973E-05 9.9973E-05 9.9973E-05 0.490121 0.441457
0.0428539 0.0179794 0.0132669 9.9991E-05 0.305995 0.619805
9.9982E-05 0.00958393 0.0162839 9.9982E-05 0.444031 0.529901
0.0763936 9.9973E-05 9.9973E-05 9.9973E-05 0.108251 0.815056
0.0362529 9.9982E-05 0.259051 0.264744 9.9982E-05 0.439751
9.9973E-05 9.9973E-05 0.323052 0.456569 9.9973E-05 0.220079
0.00701793 9.9982E-05 0.0369818 9.9982E-05 0.380156 0.575644
0.0289062 0.0188891 0.191261 9.9991E-05 0.482904 0.27794
9.996E-05 9.996E-05 9.996E-05 9.996E-05 0.9995 9.996E-05
9.9973E-05 9.9973E-05 0.342071 0.315185 0.342444 9.9973E-05
0.237439 9.9973E-05 0.698953 9.9973E-05 9.9973E-05 0.0633085
0.41032 0.027972 0.561408 9.9973E-05 9.9973E-05 9.9973E-05
0.558775 9.9973E-05 0.287609 9.9973E-05 0.153316 9.9973E-05
0.480472 9.9982E-05 0.244218 0.242753 9.9982E-05 0.0323568
0.150675 9.9964E-05 9.9964E-05 0.848925 9.9964E-05 9.9964E-05
0.416782 9.9973E-05 9.9973E-05 0.49968 0.0832383 9.9973E-05
0.169113 9.9964E-05 9.9964E-05 0.830487 9.9964E-05 9.9964E-05
0.257817 0.0145892 9.9982E-05 0.705322 0.0220717 9.9982E-05
0.394427 0.0250996 9.9982E-05 0.47467 0.105603 9.9982E-05
0.65611 0.0426302 9.9982E-05 0.183225 9.9982E-05 0.117835
0.307252 0.00585288 0.63572 9.9982E-05 0.050975 9.9982E-05
0.261758 0.0318225 0.592726 9.9982E-05 0.113493 9.9982E-05
0.104462 0.0632404 0.731506 0.0137167 0.0508262 0.0362484
9.99731E-05 9.99731E-05 0.845581 0.0152681 9.99731E-05 0.138851
0.00621662 0.0253043 0.766374 0.148473 0.0535321 9.9991E-05
0.0461491 9.9982E-05 0.71055 0.0856411 9.9982E-05 0.15746
0.00826069 0.0196252 0.399145 0.536555 0.0363138 9.9991E-05
0.00749733 0.00557809 0.399572 0.496261 0.0909921 9.9991E-05
9.9982E-05 0.0347572 0.471468 0.467959 9.9982E-05 0.0256159
9.9982E-05 0.00716681 0.398078 0.561355 9.9982E-05 0.0332009
9.9991E-05 0.0375006 0.495091 0.442268 0.0150754 0.00996476
0.272041 0.123993 9.9982E-05 0.541076 9.9982E-05 0.0626905
9.9991E-05 0.0163769 0.0689605 0.0368569 0.763548 0.114157
0.0538115 0.0390045 9.9991E-05 0.0305177 0.478189 0.398377
9.9964E-05 9.9964E-05 9.9964E-05 0.0501845 9.9964E-05 0.949416
0.0889697 0.0163005 0.0480534 9.9991E-05 0.0629561 0.78362
0.0813741 0.0258603 9.9982E-05 9.9982E-05 0.163228 0.729337
0.184597 0.0298584 0.347728 0.264155 0.173562 9.9991E-05
0.19126 0.0122354 0.391029 0.321711 0.0836639 9.9991E-05
9.9973E-05 0.0469559 0.493617 0.459127 9.9973E-05 9.9973E-05
0.210278 0.0428378 0.426345 0.308502 9.9991E-05 0.0119372
