0.853205 9.9991E-05 0.146695
0.843197 9.9991E-05 0.156703
0.70356 0.016799 0.279641
0.855011 0.0471695 0.0978195
0.926792 0.0205549 0.0526532
0.86504 0.0559221 0.0790378
0.867242 0.0642244 0.0685332
0.942486 9.9991E-05 0.0574142
0.728085 0.0708219 0.201093
0.686452 0.0198286 0.29372
0.661648 0.21987 0.118482
0.641531 0.0658447 0.292625
0.52495 0.317541 0.15751
0.636027 0.138407 0.225566
0.73679 0.0477577 0.215453
0.805081 0.00326871 0.19165
0.705079 9.9991E-05 0.294821
0.9073 9.9991E-05 0.0925996
0.245395 0.156856 0.597748
0.211771 0.00122927 0.786999
0.205556 0.0372426 0.757201
0.0655776 0.0677943 0.866628
9.9991E-05 0.0176032 0.982297
0.11333 0.0142462 0.872424
0.298777 0.00466868 0.696555
9.999E-05 9.999E-05 0.9998
9.9991E-05 0.0631488 0.936751
9.9991E-05 0.0506268 0.949273
9.9991E-05 0.00302135 0.996879
0.0209016 0.0793982 0.8997
9.9991E-05 0.0148093 0.985091
0.0647293 0.0135401 0.921731
0.059647 0.0283899 0.911963
0.75409 0.034766 0.211144
0.72937 9.9991E-05 0.27053
0.837377 0.0729718 0.0896511
0.908843 0.0209432 0.0702136
0.699311 0.156852 0.143836
9.9991E-05 0.377578 0.622322
0.0267019 0.0931557 0.880142
0.689762 0.105984 0.204254
0.787901 9.9991E-05 0.211999
0.526507 0.17836 0.295133
0.459202 0.321211 0.219587
0.564871 0.329311 0.105818
9.9991E-05 0.401243 0.598657
0.595715 0.141413 0.262871
0.636445 0.212135 0.15142
0.457401 0.142694 0.399905
0.119609 0.861376 0.019015
0.0433294 0.91333 0.0433402
0.114149 0.851374 0.0344764
0.126868 0.865807 0.0073253
9.9991E-05 0.89893 0.10097
0.00719287 0.923965 0.0688425
0.193139 0.806761 9.9991E-05
0.0595338 0.901332 0.0391338
9.9991E-05 0.93531 0.0645897
0.0748576 0.88925 0.035892
0.256805 0.743095 9.9991E-05
9.9991E-05 0.921512 0.0783883
0.126105 0.788229 0.0856655
0.313191 0.603533 0.0832761
0.0784765 0.0666523 0.854871
0.110636 0.0405241 0.84884
0.0904143 9.9991E-05 0.909486
0.178849 0.813856 0.00729486
0.267839 0.686118 0.0460432
0.0649387 0.842823 0.0922386
0.0384353 0.871958 0.0896068
0.0710753 0.876943 0.0519821
0.661725 0.338175 9.9991E-05
0.605783 0.338246 0.0559705
0.631502 0.366573 0.00192536
0.592704 0.356346 0.0509502
0.54724 0.27706 0.175701
0.565647 0.359583 0.07477
0.54314 0.299258 0.157602
0.212308 0.787592 9.9991E-05
0.284167 0.627864 0.0879689
0.0213554 0.860657 0.117987
9.9991E-05 0.887696 0.112204
0.189979 0.799441 0.0105798
0.151339 0.0381977 0.810463
0.434234 0.483307 0.0824588
0.566704 0.433196 9.9991E-05
9.9991E-05 0.394457 0.605443
0.83086 9.9991E-05 0.16904
0.83334 9.9991E-05 0.16656
0.7281 0.0469457 0.224954
0.476448 0.168964 0.354588
0.950709 0.00889642 0.0403951
0.472701 0.476679 0.0506201
0.321656 0.0791651 0.599179
0.491413 0.449074 0.0595123
0.438186 0.146902 0.414912
0.822866 9.9991E-05 0.177034
0.860149 0.0438473 0.0960034
0.868483 9.9991E-05 0.131417
0.863784 0.0963112 0.0399045
0.844113 0.0580585 0.0978281
0.850721 9.9991E-05 0.149179
0.480664 0.453268 0.0660683
0.461586 0.425537 0.112877
0.424915 0.45143 0.123655
0.58214 0.116289 0.30157
0.605226 0.237313 0.15746
0.483762 0.017582 0.498656
0.149999 0.849901 9.9991E-05
0.11224 0.849762 0.0379979
0.329821 0.413803 0.256376
0.512886 0.328705 0.158409
0.349435 0.32906 0.321504
0.100354 0.0245563 0.87509
0.0253477 0.79226 0.182392
0.19149 0.795613 0.0128972
0.369953 0.629947 9.9991E-05
0.360627 0.066216 0.573156
0.661805 0.033159 0.305036
0.876728 0.0598489 0.0634229
0.815289 0.0683456 0.116366
0.569804 9.9991E-05 0.430096
0.803553 0.00603765 0.190409
0.807751 9.9991E-05 0.192149
0.885163 0.0636602 0.051177
0.598507 0.0200578 0.381435
0.827748 9.9991E-05 0.172152
0.798152 9.9991E-05 0.201748
0.851768 9.9991E-05 0.148132
0.58384 0.0900586 0.326102
0.905061 0.0498318 0.0451072
0.677147 0.0430164 0.279837
0.900398 0.0244022 0.0751994
0.0570826 0.028691 0.914226
0.0601878 9.9991E-05 0.939712
0.0550609 9.9991E-05 0.944839
0.0563331 0.0785888 0.865078
0.0423707 0.0834067 0.874223
0.830773 0.122401 0.0468262
0.856599 9.9991E-05 0.143301
9.999E-05 0.9998 9.999E-05
9.9991E-05 0.899034 0.100866
0.0860598 0.91384 9.9991E-05
0.138111 0.774086 0.0878032
0.0565467 0.943353 9.9991E-05
9.9991E-05 0.874293 0.125607
0.00471689 0.995183 9.9991E-05
9.9991E-05 0.905088 0.0948116
9.9991E-05 0.877272 0.122628
9.9991E-05 0.903457 0.0964429
0.103463 0.896437 9.9991E-05
0.0661487 0.861046 0.0728051
0.0829091 0.83572 0.0813711
9.9991E-05 0.927607 0.0722929
0.00545431 0.946916 0.0476297
0.0501346 0.949765 9.9991E-05
0.0268073 0.922057 0.0511361
0.574368 0.38336 0.0422721
0.679838 0.227611 0.0925514
0.0448119 0.955088 9.9991E-05
0.170834 0.769244 0.0599217
9.9991E-05 0.957856 0.042044
0.63993 0.35997 9.9991E-05
0.992442 0.00745811 9.9991E-05
0.73926 9.9991E-05 0.26064
0.467261 0.0465373 0.486202
0.291975 0.011974 0.696051
0.0978933 0.0102625 0.891844
0.0380452 0.0276023 0.934353
0.149838 9.9991E-05 0.850062
0.183846 0.0151171 0.801037
0.0378749 0.108543 0.853582
9.9991E-05 0.0829968 0.916903
0.889729 0.00675263 0.103518
0.829977 0.0771859 0.0928372
0.961225 0.0386749 9.9991E-05
0.99117 0.00873037 9.9991E-05
0.9998 9.999E-05 9.999E-05
0.893526 0.106374 9.9991E-05
0.706077 0.0126117 0.281312
0.689527 0.10279 0.207682
0.820708 0.0842764 0.0950157
0.709293 0.0342624 0.256444
0.746235 0.022983 0.230782
0.0536523 0.140342 0.806006
0.106445 0.866073 0.0274819
9.9991E-05 0.865672 0.134228
9.9991E-05 0.945677 0.0542233
0.162023 0.805366 0.0326109
0.0469856 0.852982 0.100032
0.55447 0.140281 0.305249
0.672375 0.0020924 0.325533
0.761599 0.0275127 0.210888
0.617038 9.9991E-05 0.382862
