9.9991E-05 0.874022 0.125878
9.999E-05 0.836605 0.163295
0.00590821 0.742679 0.251413
0.0129912 0.918895 0.0681138
0.0105034 0.933996 0.0555006
0.0374413 0.906007 0.0565516
0.0177799 0.918944 0.0632764
9.999E-05 0.91264 0.0872596
0.0705625 0.707298 0.22214
0.0483166 0.673917 0.277766
0.212826 0.641964 0.14521
0.0892566 0.604312 0.306431
0.356352 0.468137 0.175512
0.108258 0.633181 0.258561
0.0345472 0.686064 0.279389
9.9991E-05 0.896604 0.103296
9.9991E-05 0.79484 0.20506
9.9991E-05 0.865677 0.134223
0.201947 0.176341 0.621712
0.0366598 0.225784 0.737556
0.0107592 0.212742 0.776499
0.0659009 0.0491737 0.884925
9.999E-05 9.999E-05 0.9998
0.0189374 0.110388 0.870675
9.9991E-05 0.302586 0.697314
9.9991E-05 0.0619237 0.937976
0.0783348 9.9991E-05 0.921565
0.0932516 9.9991E-05 0.906648
0.0384929 9.9991E-05 0.961407
0.0635831 9.9991E-05 0.936317
0.0311192 9.9991E-05 0.968781
9.9991E-05 0.064796 0.935104
0.0228463 0.0171962 0.959958
0.0605144 0.697142 0.242344
9.9991E-05 0.68623 0.31367
0.0393961 0.765782 0.194822
0.0233289 0.884107 0.0925643
0.17529 0.642185 0.182525
0.374952 9.9991E-05 0.624948
0.021978 0.133788 0.844234
0.088485 0.705993 0.205522
9.9991E-05 0.814193 0.185707
0.223652 0.451389 0.324959
0.363335 0.531313 0.105352
0.321823 0.598712 0.0794652
0.404254 9.9991E-05 0.595646
0.108238 0.546263 0.345499
0.20578 0.598357 0.195863
0.164439 0.443562 0.391998
0.916474 0.0723193 0.0112068
0.920728 0.0351988 0.0440736
0.864644 0.111097 0.0242587
0.857532 0.142368 9.9991E-05
0.89225 9.9991E-05 0.10765
0.93831 9.9991E-05 0.0615899
0.757105 0.242795 9.9991E-05
0.943396 0.0207706 0.0358337
0.946224 9.9991E-05 0.0536764
0.881829 0.118071 9.9991E-05
0.723411 0.276489 9.9991E-05
0.90693 9.9991E-05 0.0929696
0.819392 0.0230247 0.157583
0.617622 0.309983 0.0723947
0.0118027 0.125902 0.862295
0.0350726 0.1459 0.819027
9.9991E-05 0.0690932 0.930807
0.838196 0.12663 0.0351738
0.74562 0.205504 0.0488759
0.821126 0.142909 0.0359651
0.895578 0.0162567 0.0881653
0.919438 0.0426189 0.0379429
0.327515 0.672385 9.9991E-05
0.322329 0.653152 0.0245191
0.355632 0.567492 0.0768756
0.369728 0.540411 0.0898611
0.282081 0.526335 0.191584
0.3945 0.501945 0.103555
0.294123 0.584397 0.12148
0.784126 0.215774 9.9991E-05
0.612955 0.276276 0.110769
0.866213 9.9991E-05 0.133687
0.896671 9.9991E-05 0.103229
0.819649 0.180251 9.9991E-05
0.067151 0.151501 0.781348
0.447514 0.458348 0.0941377
0.442197 0.557703 9.9991E-05
0.430533 9.9991E-05 0.569367
9.9991E-05 0.823348 0.176552
9.9991E-05 0.804514 0.195386
0.0219173 0.732314 0.245769
0.177382 0.5123 0.310319
0.0669238 0.8314 0.101676
0.445726 0.544817 0.00945686
0.0717409 0.227561 0.700698
0.43324 0.523106 0.0436534
0.140776 0.50583 0.353394
9.9991E-05 0.780703 0.219197
0.0233494 0.865795 0.110855
0.0161712 0.756133 0.227696
0.111834 0.808777 0.0793889
0.0216343 0.893849 0.0845168
9.9991E-05 0.896375 0.103525
0.451528 0.448011 0.100461
0.43628 0.460013 0.103707
0.44761 0.465643 0.0867479
0.116501 0.57313 0.310368
0.222777 0.615173 0.162051
0.0302862 0.516971 0.452743
0.87555 0.0923057 0.0321445
0.862594 0.0384338 0.0989722
0.395943 0.355941 0.248116
0.308817 0.528104 0.163079
0.328637 0.369361 0.302002
0.0379457 0.0851126 0.876942
0.819031 0.0276457 0.153324
0.832055 0.159834 0.00811122
0.673669 0.326231 9.9991E-05
0.0435043 0.4002 0.556296
0.0168189 0.686732 0.296449
0.0692826 0.848049 0.0826682
0.104105 0.781456 0.114439
9.9991E-05 0.547952 0.451948
9.9991E-05 0.818807 0.181093
0.00240855 0.863013 0.134578
0.0337446 0.883082 0.0831731
9.9991E-05 0.620084 0.379816
9.9991E-05 0.886488 0.113412
9.9991E-05 0.800135 0.199765
9.9991E-05 0.891595 0.108305
0.120346 0.566566 0.313087
0.0672599 0.872521 0.060219
0.0652652 0.631112 0.303622
0.0157448 0.881979 0.102277
0.00938234 0.0784129 0.912205
9.9991E-05 0.0333987 0.966501
9.999E-05 9.999E-05 0.9998
0.0675596 0.0597605 0.87268
0.0633297 0.100359 0.836312
0.109089 0.884474 0.00643696
9.9991E-05 0.813995 0.185905
0.9998 9.999E-05 9.999E-05
0.898898 9.9991E-05 0.101002
0.955666 0.0300392 0.0142952
0.750223 0.175086 0.0746911
0.963155 0.0367449 9.9991E-05
0.891749 9.9991E-05 0.108151
0.983836 0.0160637 9.9991E-05
0.930214 9.9991E-05 0.0696864
0.961287 9.9991E-05 0.0386128
0.921906 0.0109366 0.0671576
0.933023 0.0668771 9.9991E-05
0.856117 0.0156734 0.12821
0.886854 0.0338343 0.0793116
0.936501 9.9991E-05 0.0633986
0.931119 0.00650663 0.0623742
0.977809 0.0220906 9.9991E-05
0.9282 0.00964739 0.062153
0.447117 0.495372 0.0575117
0.229173 0.676684 0.0941427
0.943046 0.056854 9.9991E-05
0.767399 0.232501 9.9991E-05
0.9998 9.999E-05 9.999E-05
0.381398 0.618502 9.9991E-05
9.9991E-05 0.963597 0.0363034
9.9991E-05 0.626944 0.372956
0.0717682 0.443624 0.484608
0.022997 0.3051 0.671903
0.032501 0.0912674 0.876232
0.0474554 0.124223 0.828321
9.9991E-05 0.132563 0.867337
0.0472381 0.192603 0.760158
0.115591 9.9991E-05 0.884309
0.0711466 9.9991E-05 0.928753
9.9991E-05 0.849048 0.150852
0.042936 0.836356 0.120708
0.0441294 0.955771 9.9991E-05
0.0126567 0.987243 9.9991E-05
9.999E-05 0.9998 9.999E-05
0.0862238 0.910513 0.00326348
0.0322849 0.771629 0.196086
0.0855788 0.687465 0.226956
0.0358456 0.840752 0.123402
0.0629063 0.699922 0.237171
0.0573936 0.78654 0.156066
0.0870832 0.0675471 0.84537
0.898978 0.0524905 0.0485316
0.890992 9.9991E-05 0.108908
0.972906 9.9991E-05 0.0269944
0.804797 0.195103 9.9991E-05
0.869115 0.0427777 0.0881074
0.174541 0.521812 0.303648
0.0281313 0.629803 0.342065
9.9991E-05 0.797022 0.202878
0.000906591 0.64911 0.349983
