0.436834 9.9973E-05 0.205262 9.9973E-05 0.325631 9.9973E-05 0.0319728
0.381538 0.139005 0.375381 9.9982E-05 9.9982E-05 0.0460508 0.0578258
0.498593 0.00617027 0.0535295 9.9991E-05 0.355325 0.021061 0.0652209
0.644483 9.9982E-05 0.0426661 9.9982E-05 0.165473 0.0166131 0.130565
0.620857 9.9973E-05 0.300657 0.0546006 0.0235854 9.9973E-05 9.9973E-05
0.743368 9.9973E-05 0.0976363 0.0557846 0.102912 9.9973E-05 9.9973E-05
0.500754 0.0393015 0.271088 0.0177028 0.0529882 9.9991E-05 0.118066
0.540818 0.0456742 0.315094 9.9982E-05 9.9982E-05 0.0552203 0.0429936
0.0419557 0.138979 0.740036 0.0545074 9.9982E-05 0.0243218 9.9982E-05
0.137639 0.115 0.393521 9.9991E-05 0.170116 0.0361061 0.147518
0.096751 0.0613603 0.281514 0.0484408 0.00114788 0.05008 0.460706
0.0225534 9.9991E-05 0.437882 0.00518393 0.405807 0.0329232 0.0955506
9.9964E-05 9.9964E-05 0.134166 9.9964E-05 9.9964E-05 0.0316481 0.833786
9.9982E-05 0.088653 0.64473 0.0774539 0.171093 9.9982E-05 0.0178702
0.153805 9.9982E-05 0.56651 0.0166882 0.215529 0.0472684 9.9982E-05
0.134892 0.0938034 0.569522 9.9973E-05 9.9973E-05 9.9973E-05 0.201483
0.230107 0.19913 0.558338 9.9973E-05 0.0121256 9.9973E-05 9.9973E-05
0.468529 0.126122 0.374727 9.9973E-05 9.9973E-05 0.0303226 9.9973E-05
9.999E-05 0.242823 0.0754111 0.116075 0.388736 0.0545199 0.122335
9.9973E-05 0.173701 0.217575 9.9973E-05 0.585883 9.9973E-05 0.022541
0.0207735 0.66358 0.184567 9.9991E-05 0.0957402 0.0220328 0.0132064
0.00154011 0.60471 9.9991E-05 0.0198659 0.256539 0.0183945 0.0988497
9.9955E-05 0.947601 9.9955E-05 9.9955E-05 9.9955E-05 0.0518996 9.9955E-05
9.9964E-05 0.797769 0.170126 9.9964E-05 9.9964E-05 0.0317061 9.9964E-05
0.105194 0.629963 0.0796859 9.9982E-05 0.115726 9.9982E-05 0.0692302
0.0863989 0.556781 9.9964E-05 9.9964E-05 0.35642 9.9964E-05 9.9964E-05
9.9973E-05 0.379283 9.9973E-05 0.0440744 0.571046 0.00529676 9.9973E-05
9.9973E-05 0.827962 0.0621218 0.0734766 9.9973E-05 0.0361395 9.9973E-05
9.9964E-05 0.47298 9.9964E-05 0.01908 0.50754 9.9964E-05 9.9964E-05
0.096745 0.83243 9.9973E-05 0.0548204 0.0157046 9.9973E-05 9.9973E-05
9.9973E-05 0.704095 0.0547054 0.0421581 0.198742 9.9973E-05 9.9973E-05
9.9982E-05 0.823686 0.101367 0.0525914 0.0104878 0.0116676 9.9982E-05
9.9964E-05 0.871554 0.0716135 9.9964E-05 9.9964E-05 0.0564323 9.9964E-05
0.259078 9.9982E-05 0.320327 9.9982E-05 0.137965 0.0612874 0.221143
0.33465 0.111852 0.322965 9.9973E-05 0.230233 9.9973E-05 9.9973E-05
0.738195 9.9964E-05 9.9964E-05 0.000499029 0.260906 9.9964E-05 9.9964E-05
0.680155 9.9973E-05 9.9973E-05 9.9973E-05 0.200122 0.0330853 0.0863372
0.25007 0.128419 0.333578 0.0938482 0.047045 9.9991E-05 0.14694
9.995E-05 9.995E-05 9.995E-05 9.995E-05 9.995E-05 0.9994 9.995E-05
9.9973E-05 0.321609 9.9973E-05 9.9973E-05 0.551204 0.0225883 0.104298
0.635126 0.118949 0.0262757 0.0822249 0.129063 0.00826184 9.9991E-05
0.263543 0.058786 0.379158 9.9991E-05 0.145719 0.00197126 0.150723
0.0461782 0.305285 0.273519 0.0852795 9.9991E-05 0.0149618 0.274676
9.9982E-05 9.9982E-05 0.223276 0.134845 0.100294 0.0307347 0.51065
0.0978976 9.9973E-05 9.9973E-05 9.9973E-05 0.0226704 0.0127728 0.866359
9.995E-05 9.995E-05 9.995E-05 9.995E-05 9.995E-05 0.9994 9.995E-05
0.252408 0.114948 0.158763 0.0104259 0.194454 0.0908187 0.178183
0.150125 0.100378 0.20414 0.0455178 0.0897996 9.9991E-05 0.40994
0.112889 0.136503 0.248725 0.0444203 0.286716 0.0249 0.145846
9.9982E-05 9.9982E-05 0.0384257 0.690549 0.0981422 0.0170924 0.15559
9.9982E-05 0.0545317 0.0326055 0.692941 9.9982E-05 0.0269817 0.19274
0.132565 9.9973E-05 0.0615224 0.733136 0.0724762 9.9973E-05 9.9973E-05
0.0779687 9.9982E-05 9.9982E-05 0.66349 0.0791745 0.0666474 0.112519
0.0587261 9.9973E-05 9.9973E-05 0.750387 0.13941 0.051177 9.9973E-05
9.9964E-05 9.9964E-05 0.106089 0.791693 0.101818 9.9964E-05 9.9964E-05
9.9955E-05 9.9955E-05 0.329437 0.670063 9.9955E-05 9.9955E-05 9.9955E-05
9.9982E-05 0.0404833 0.163665 0.73615 9.9982E-05 0.000618816 0.0588829
9.9973E-05 0.140526 9.9973E-05 0.805756 9.9973E-05 0.0451907 0.00822668
0.0610951 0.0512991 0.104037 0.744864 9.9982E-05 0.0385048 9.9982E-05
0.0977215 9.9991E-05 0.0566103 0.578578 0.0223302 0.0193479 0.225312
9.9973E-05 0.176612 9.9973E-05 0.750709 9.9973E-05 0.0109379 0.0614407
0.0673569 9.9973E-05 9.9973E-05 0.657927 0.164165 9.9973E-05 0.110251
9.9982E-05 9.9982E-05 0.0844713 0.270699 0.0360415 0.0701738 0.538415
0.136424 0.709729 9.9991E-05 0.0200374 0.065356 0.0112836 0.0570701
0.0122145 0.530077 9.9982E-05 9.9982E-05 0.388971 0.0280463 0.0404918
0.0777363 0.691626 9.9964E-05 9.9964E-05 0.230238 9.9964E-05 9.9964E-05
0.0761279 9.9991E-05 0.0464843 0.637813 0.107985 0.0108689 0.120621
0.0804168 9.9982E-05 9.9982E-05 0.484029 0.0817927 0.0677846 0.285777
0.038141 0.0325717 0.0889236 0.654021 9.9991E-05 0.0180323 0.168211
9.9973E-05 9.9973E-05 9.9973E-05 0.584614 0.0992801 0.049773 0.266033
0.127777 9.9973E-05 9.9973E-05 0.733779 0.0843804 0.0537636 9.9973E-05
9.9964E-05 9.9964E-05 0.303674 0.0932712 9.9964E-05 9.9964E-05 0.602655
9.9964E-05 9.9964E-05 0.352398 0.0377611 9.9964E-05 9.9964E-05 0.609441
0.0450253 9.9982E-05 0.0928759 0.080103 0.0419467 9.9982E-05 0.739849
0.0142574 0.00160184 9.9973E-05 9.9973E-05 9.9973E-05 0.0305284 0.953312
0.0768416 0.166372 9.9973E-05 9.9973E-05 9.9973E-05 0.0152605 0.741226
9.9982E-05 9.9982E-05 0.0299581 0.00506456 0.0976156 0.00767495 0.859487
0.13681 0.142116 9.9973E-05 9.9973E-05 9.9973E-05 0.000393854 0.72038
9.9964E-05 9.9964E-05 0.17765 0.589756 9.9964E-05 9.9964E-05 0.232194
0.0743921 9.9982E-05 9.9982E-05 0.422579 0.137575 0.113014 0.252239
0.089031 0.0412711 9.9991E-05 0.653505 0.0388297 0.0237541 0.153509
9.9991E-05 0.0495346 0.0265476 0.697918 0.0872533 0.0351691 0.103478
9.9964E-05 9.9964E-05 0.296303 0.685504 9.9964E-05 0.0177929 9.9964E-05
9.9982E-05 0.0367203 0.0711263 9.9982E-05 0.824922 0.00698688 0.0600447
0.0664984 0.210581 0.0553481 0.247534 9.9982E-05 9.9982E-05 0.419838
0.0296906 9.9964E-05 9.9964E-05 0.0846843 9.9964E-05 9.9964E-05 0.885225
9.995E-05 9.995E-05 9.995E-05 9.995E-05 9.995E-05 0.9994 9.995E-05
0.491419 0.184794 0.161225 9.9991E-05 0.069414 0.00888257 0.0841646
0.427047 0.0446079 0.222769 9.9991E-05 0.237175 0.00328846 0.0650128
0.039031 0.148811 0.632323 9.9982E-05 9.9982E-05 0.0551125 0.124523
9.9991E-05 0.0842034 0.515036 0.0465026 0.141446 0.0303156 0.182396
0.517455 9.9973E-05 0.196863 0.0402002 0.245182 9.9973E-05 9.9973E-05
9.9964E-05 0.099444 9.9964E-05 0.126745 9.9964E-05 9.9964E-05 0.773411
0.105486 0.147707 0.00516209 9.9991E-05 0.541831 0.0366726 0.163041
0.0631693 9.9991E-05 0.0962197 0.176881 0.00129244 0.0828937 0.579444
0.250744 0.303757 0.0129454 0.0242987 9.9991E-05 0.0277141 0.380441
9.9964E-05 0.118875 0.748576 9.9964E-05 0.13215 9.9964E-05 9.9964E-05
0.558071 0.141333 0.0667632 9.9973E-05 9.9973E-05 9.9973E-05 0.233533
0.235988 0.0748652 0.261626 9.9982E-05 0.160727 9.9982E-05 0.266594
9.9973E-05 9.9973E-05 0.767493 0.0688878 0.119693 9.9973E-05 0.0436265
0.718089 0.0663532 9.9982E-05 9.9982E-05 0.00294333 0.0267575 0.185657
9.9973E-05 9.9973E-05 0.716198 9.9973E-05 0.16444 0.00254361 0.116519
0.104823 9.9982E-05 9.9982E-05 0.17682 0.103333 0.0222498 0.592575
0.0744784 9.9982E-05 9.9982E-05 0.183612 0.275511 0.0532787 0.41292
0.118158 9.9991E-05 0.034856 0.171907 0.00379163 0.0628336 0.608353
0.0259974 0.162199 0.189384 9.9991E-05 0.0440406 0.00082022 0.577459
9.9982E-05 0.129598 0.308261 0.047414 0.0696515 9.9982E-05 0.444876
0.226063 0.377122 0.269326 0.0314952 0.0957939 9.9982E-05 9.9982E-05
0.200216 0.0627655 0.0169083 0.703853 9.9982E-05 0.0160579 9.9982E-05
0.0248945 0.00202707 9.9991E-05 0.680855 0.119812 0.0179824 0.15433
0.0045804 0.00874248 9.9982E-05 0.0942229 0.30124 9.9982E-05 0.591014
9.9991E-05 0.076684 0.287831 0.145569 0.0946759 0.0230561 0.372084
0.101311 0.289319 9.9982E-05 0.0728301 9.9982E-05 0.048379 0.487962
9.9964E-05 0.435256 9.9964E-05 9.9964E-05 0.430289 9.9964E-05 0.134055
0.0437128 0.0630514 9.9982E-05 0.564005 9.9982E-05 0.0310664 0.297964
9.9973E-05 0.0768519 0.0598266 0.652472 9.9973E-05 9.9973E-05 0.21055
0.0931718 9.9973E-05 9.9973E-05 0.435796 0.103899 9.9973E-05 0.366833
0.26435 0.083999 9.9991E-05 0.0266058 0.57232 0.0471362 0.00548865
0.218043 9.9973E-05 0.423449 0.0223254 0.335882 9.9973E-05 9.9973E-05
0.428291 0.0912716 0.337491 9.9982E-05 9.9982E-05 0.0170126 0.125734
0.473809 9.9973E-05 0.244211 0.0870683 0.194612 9.9973E-05 9.9973E-05
0.19485 0.111304 0.306315 9.9973E-05 0.387231 9.9973E-05 9.9973E-05
0.603387 0.145063 0.0836546 9.9991E-05 0.118927 0.00827875 0.0405887
0.484342 0.187255 0.248846 9.9973E-05 9.9973E-05 9.9973E-05 0.0792567
0.368836 0.0467944 0.531113 0.0529563 9.9973E-05 9.9973E-05 9.9973E-05
0.310495 0.42408 0.168694 9.9973E-05 9.9973E-05 9.9973E-05 0.0964304
9.9964E-05 0.033779 0.942975 0.0228466 9.9964E-05 9.9964E-05 9.9964E-05
9.9973E-05 0.186591 0.724729 9.9973E-05 9.9973E-05 0.017339 0.0710412
0.0262988 0.0981223 0.839804 9.9982E-05 9.9982E-05 0.0151823 0.0203932
0.157548 9.9982E-05 0.174599 0.0628856 0.547425 9.9982E-05 0.0573427
0.00857523 0.0379685 0.883213 0.0518203 9.9982E-05 0.0182233 9.9982E-05
9.9991E-05 0.0685953 0.504705 0.00586503 0.206792 0.00671174 0.20723
0.227992 0.0376282 0.49332 9.9982E-05 0.117405 9.9982E-05 0.123455
0.0357399 0.68502 9.9973E-05 9.9973E-05 0.149749 9.9973E-05 0.129191
0.00926992 0.635895 9.9973E-05 9.9973E-05 0.352202 9.9973E-05 0.0023325
9.9973E-05 0.897193 0.0259993 9.9973E-05 0.0324311 0.0440765 9.9973E-05
9.9991E-05 0.663804 0.116566 0.0336478 0.159142 0.0141293 0.0126115
9.9973E-05 0.521564 9.9973E-05 9.9973E-05 0.383127 0.0126974 0.0823121
0.395291 9.9982E-05 0.336102 0.0453294 9.9982E-05 0.00236217 0.220715
0.77025 0.130425 9.9982E-05 9.9982E-05 0.0401282 0.0176448 0.0413524
0.0215386 0.0144058 9.9973E-05 0.840322 9.9973E-05 9.9973E-05 0.123433
9.9982E-05 0.0802868 0.0470546 0.708233 9.9982E-05 0.0330326 0.131193
0.0984177 0.0659775 9.9973E-05 0.822342 9.9973E-05 0.0129627 9.9973E-05
9.9973E-05 0.116224 0.0531728 0.58693 9.9973E-05 9.9973E-05 0.243373
0.00914507 9.9991E-05 0.132039 0.821706 0.00219111 0.0271064 0.00771158
9.99641E-05 0.195834 9.99641E-05 0.737509 9.99641E-05 9.99641E-05 0.0662575
0.0924484 9.9982E-05 0.0427168 0.827813 9.9982E-05 0.02377 0.0130515
9.9964E-05 9.9964E-05 9.9964E-05 0.774813 0.210527 9.9964E-05 0.0142606
9.9964E-05 9.9964E-05 0.00685996 0.764716 0.228024 9.9964E-05 9.9964E-05
9.9973E-05 0.112736 9.9973E-05 0.757702 9.9973E-05 0.00550608 0.123755
0.14177 9.9973E-05 9.9973E-05 0.704961 9.9973E-05 0.0596735 0.0932954
9.9991E-05 0.0624901 0.0722485 0.708356 0.0736238 0.0263491 0.0568328
0.0785602 0.0498522 0.10322 0.749646 9.9982E-05 0.0185213 9.9982E-05
0.100968 0.0846128 9.9982E-05 0.784179 9.9982E-05 0.0299062 0.000133404
0.0973612 0.0400435 9.9982E-05 0.738509 9.9982E-05 0.000333281 0.123553
0.18751 9.9964E-05 9.9964E-05 0.791266 9.9964E-05 0.0208241 9.9964E-05
0.0694108 0.0669803 9.9991E-05 0.764594 0.0119644 0.013208 0.0737426
0.0413842 0.0512563 0.104521 0.112615 9.9982E-05 9.9982E-05 0.690023
9.9964E-05 9.9964E-05 0.0932884 9.9964E-05 0.115998 9.9964E-05 0.790313
0.0810094 9.9964E-05 9.9964E-05 0.780192 9.9964E-05 9.9964E-05 0.138399
0.211082 0.106728 9.9973E-05 0.585809 9.9973E-05 9.9973E-05 0.0960811
9.9973E-05 0.0382062 9.9973E-05 0.745414 9.9973E-05 0.000987753 0.215092
0.0991489 0.0107163 0.104108 0.116994 9.9982E-05 9.9982E-05 0.668832
0.623384 0.04905 0.239674 9.9982E-05 9.9982E-05 0.00333559 0.0843566
0.368631 9.9973E-05 0.233191 9.9973E-05 0.378324 0.0195543 9.9973E-05
0.0954142 0.3154 0.244863 0.0173233 0.212968 9.9991E-05 0.113932
0.0185567 0.367435 0.283143 9.9982E-05 0.269927 9.9982E-05 0.0607387
9.995E-05 9.995E-05 9.995E-05 9.995E-05 0.9994 9.995E-05 9.995E-05
9.9982E-05 0.340132 0.0146849 0.0339013 0.610357 0.000725412 9.9982E-05
9.995E-05 9.995E-05 9.995E-05 9.995E-05 0.9994 9.995E-05 9.995E-05
9.9982E-05 0.205279 0.0441827 9.9982E-05 0.62694 0.0278801 0.0955184
9.9991E-05 0.298806 0.0673059 0.0464568 0.503959 0.0420829 0.0412898
0.0927808 0.592892 9.9982E-05 0.0297915 0.241275 0.0430608 9.9982E-05
0.524965 9.9982E-05 0.18077 9.9982E-05 0.284658 0.000767111 0.00863931
0.643637 9.9982E-05 9.9982E-05 0.0242789 0.262576 0.0544236 0.0148845
0.840783 0.0747531 0.0110887 0.028657 9.9982E-05 0.0445182 9.9982E-05
0.950807 9.99551E-05 9.99551E-05 9.99551E-05 9.99551E-05 9.99551E-05 0.0486928
0.925998 0.000335661 0.0537617 0.0174874 9.9982E-05 9.9982E-05 0.00221683
0.71019 0.0521759 0.0439231 0.0167103 9.9982E-05 9.9982E-05 0.1768
9.9964E-05 9.9964E-05 0.598689 9.9964E-05 0.337198 9.9964E-05 0.0637126
9.9991E-05 0.082167 0.702002 0.0506117 0.0867026 0.000620409 0.0777963
9.9982E-05 0.0257486 0.856316 9.9982E-05 0.0252964 0.0483781 0.0440613
9.9982E-05 9.9982E-05 0.718153 0.00914835 0.130089 0.00897784 0.133432
0.25552 9.9982E-05 0.519326 0.0276985 0.1644 0.0328552 9.9982E-05
9.9982E-05 0.0196964 0.0459749 0.0622362 0.754484 0.117409 9.9982E-05
0.00411747 0.00171636 0.0642526 0.672191 0.0317702 0.0108388 0.215114
0.0920086 0.0722051 9.9982E-05 0.727363 9.9982E-05 0.0462565 0.0619663
9.9991E-05 0.02921 0.0455517 0.7124 0.00416564 0.00397615 0.204597
0.128818 0.0805105 0.040001 0.642837 9.9991E-05 0.00404717 0.103686
0.147281 0.00759451 9.9982E-05 0.71158 0.132405 0.000939683 9.9982E-05
0.0914899 0.313924 0.380409 0.0826003 9.9991E-05 0.0213256 0.110151
0.158965 0.0248798 0.503451 9.9991E-05 0.246213 0.0261465 0.0402449
0.0569632 9.9982E-05 0.786623 0.00866145 0.0872983 0.0602545 9.9982E-05
0.231011 0.206098 0.275514 9.9991E-05 0.037658 0.0559875 0.193631
