0.778304 0.0154857 0.206111 9.9991E-05
0.804353 0.0288214 0.166726 9.9991E-05
0.650584 0.0245727 0.314589 0.0102541
0.873129 0.0206531 0.0823955 0.0238225
0.886499 0.016462 0.0703691 0.0266701
0.858025 9.9991E-05 0.0662602 0.0756145
0.840843 9.9991E-05 0.123946 0.0351114
0.930113 0.0536708 0.0161167 9.9991E-05
0.687215 0.0273277 0.237015 0.0484429
0.718577 0.0529162 0.206462 0.0220453
0.594051 0.0683039 0.119009 0.218636
0.629834 0.0340648 0.2863 0.0498018
0.548707 0.0500711 0.124011 0.277212
0.623682 9.9991E-05 0.257787 0.118431
0.669073 0.0474266 0.236245 0.0472553
0.886908 0.00908079 0.103911 9.9991E-05
0.730966 0.00578296 0.258221 0.00503037
0.877448 0.0255399 0.0969124 9.9991E-05
0.14132 0.0881516 0.603033 0.167495
0.230422 9.9982E-05 0.769379 9.9982E-05
0.264033 0.0135661 0.722301 9.9991E-05
0.0512511 0.00098353 0.894125 0.0536407
9.9982E-05 0.0477074 0.952093 9.9982E-05
0.0903117 0.0501083 0.844876 0.0147036
0.231046 9.9982E-05 0.768754 9.9982E-05
0.0337104 0.00632486 0.959865 9.9991E-05
9.9991E-05 0.0367092 0.920853 0.042338
9.9991E-05 0.0239759 0.904536 0.0713884
9.9982E-05 9.9982E-05 0.974783 0.0250168
0.0323077 9.9991E-05 0.894523 0.0730691
9.9991E-05 0.0242898 0.94523 0.0303797
9.9991E-05 0.0379065 0.914374 0.0476195
0.0238342 0.0622028 0.9098 0.00416333
0.710235 0.0864691 0.187383 0.0159128
0.674395 9.9982E-05 0.325405 9.9982E-05
0.74287 9.9991E-05 0.172637 0.0843932
0.819708 0.0395489 0.111325 0.0294174
0.696717 0.010491 0.171985 0.120807
9.998E-05 0.9997 9.998E-05 9.998E-05
9.9991E-05 0.0351434 0.923989 0.0407676
0.63235 9.9991E-05 0.26624 0.10131
0.729131 9.9991E-05 0.269126 0.00164369
0.492281 0.0168509 0.314245 0.176623
0.523024 0.0535974 0.105534 0.317845
0.623965 0.0230914 0.070569 0.282375
9.998E-05 0.9997 9.998E-05 9.998E-05
0.619666 0.0777418 0.237657 0.0649354
0.605224 9.9991E-05 0.165733 0.228943
0.443133 0.0565477 0.363568 0.136752
0.0617348 0.0239696 0.0483784 0.865917
0.0383414 0.0406532 0.0413321 0.879673
0.115942 9.9982E-05 9.9982E-05 0.883858
0.0900215 0.0677526 0.009924 0.832302
9.9991E-05 0.0496475 0.0548733 0.895379
9.9982E-05 9.9982E-05 0.102555 0.897245
0.209137 9.9991E-05 0.00323253 0.78753
0.0568583 0.0143976 0.0563241 0.87242
9.9991E-05 0.0296757 0.0315953 0.938629
0.0604359 0.0574593 9.9991E-05 0.882005
0.217386 0.0371238 9.9991E-05 0.74539
9.9982E-05 9.9982E-05 0.064919 0.934881
0.120835 0.00406231 0.0582416 0.816861
0.348753 0.0843006 0.0389928 0.527954
0.143962 0.0444414 0.774802 0.036794
0.122091 0.0298839 0.843864 0.00416097
0.14624 0.0149065 0.838753 9.9991E-05
0.1577 0.0381909 0.00391737 0.800192
0.237296 0.0939564 9.9991E-05 0.668647
0.114885 0.0345969 0.0611608 0.789357
0.0302212 0.0579814 0.0301674 0.88163
0.0493872 0.0665917 9.9991E-05 0.883921
0.630815 0.00673785 9.9991E-05 0.362347
0.660441 0.0198401 0.0348536 0.284865
0.59678 9.9991E-05 0.0522348 0.350885
0.576616 0.0444557 0.0109733 0.367955
0.579453 0.0607566 0.121535 0.238255
0.534642 0.0602123 0.0416407 0.363505
0.61355 0.0498159 0.0915598 0.245075
0.22764 9.9982E-05 9.9982E-05 0.77216
0.246319 0.127484 0.0406452 0.585551
0.0271611 0.0274315 0.106922 0.838485
9.9991E-05 0.0544805 0.108603 0.836817
0.161235 0.0400017 9.9991E-05 0.798663
0.0885364 0.034277 0.812567 0.0646192
0.37054 0.00304816 0.152262 0.47415
0.562667 9.9982E-05 9.9982E-05 0.437133
9.998E-05 0.9997 9.998E-05 9.998E-05
0.723948 9.9982E-05 0.275852 9.9982E-05
0.751395 0.0326521 0.215853 9.9991E-05
0.749315 0.0570867 0.171587 0.0220117
0.516435 0.0582746 0.312463 0.112828
0.806694 9.9991E-05 0.134081 0.0591252
0.552159 0.0122781 0.0199537 0.415609
0.241548 0.0566441 0.659371 0.0424364
0.487259 0.0918693 9.9991E-05 0.420772
0.438518 0.0360545 0.381709 0.143719
0.739134 9.9982E-05 0.260666 9.9982E-05
0.888105 9.9982E-05 0.111695 9.9982E-05
0.75648 9.9991E-05 0.214717 0.0287025
0.837241 0.0169645 0.0690114 0.0767828
0.877996 0.0443279 0.074859 0.00281713
0.812132 0.0245571 0.163211 9.9991E-05
0.46252 0.0284853 0.0398694 0.469126
0.479723 0.093245 0.130016 0.297016
0.458556 0.108743 0.0175089 0.415192
0.647654 0.0275027 0.222531 0.102312
0.563515 9.9991E-05 0.176865 0.25952
0.45642 9.9991E-05 0.49675 0.0467306
0.141509 0.0347767 9.9991E-05 0.823614
0.113067 0.05004 9.9991E-05 0.836793
0.416995 0.0109023 0.194915 0.377188
0.488185 0.0418021 0.157234 0.312779
0.324053 0.0797093 0.310824 0.285414
0.114221 9.9991E-05 0.85933 0.0263496
0.0371443 0.054464 0.114275 0.794117
0.143007 9.9991E-05 0.0587146 0.798179
0.337246 9.9991E-05 0.0132828 0.649371
0.445145 0.0552158 0.457127 0.0425122
0.666117 9.99993E-05 0.325293 0.00849034
0.865434 0.0281226 0.043917 0.0625265
0.801846 9.9991E-05 0.0974902 0.100564
0.540255 9.9982E-05 0.459545 9.9982E-05
0.775945 0.0230229 0.200932 9.9991E-05
0.814573 9.9991E-05 0.165221 0.0201065
0.925984 0.00969955 0.0412489 0.023067
0.5877 9.9991E-05 0.394533 0.0176675
0.841178 0.00276858 0.155953 9.9991E-05
0.790042 0.0208805 0.188977 9.9991E-05
0.88543 0.0186929 0.0957768 9.9991E-05
0.611148 9.9991E-05 0.264105 0.124647
0.876336 0.046851 0.0387992 0.0380141
0.644483 0.0112437 0.282528 0.061745
0.833706 0.0134976 0.122033 0.0307632
0.091667 0.00125598 0.874819 0.0322578
0.0145661 9.9982E-05 0.985234 9.9982E-05
9.9982E-05 0.0380871 0.961713 9.9982E-05
0.0693644 0.0133581 0.831163 0.0861144
9.9991E-05 0.0228365 0.920257 0.0568064
0.871573 0.0294863 0.00732048 0.0916205
0.786768 0.0359365 0.177195 9.9991E-05
9.998E-05 9.998E-05 9.998E-05 0.9997
0.0859579 0.0339636 9.9991E-05 0.879979
0.0351412 0.0128026 9.9991E-05 0.951956
0.187601 0.00696517 0.0215499 0.783884
0.0314723 0.0324902 9.9991E-05 0.935938
9.9991E-05 0.0118591 0.122756 0.865285
0.0388028 0.0198101 9.9991E-05 0.941287
9.9991E-05 0.0104477 0.100024 0.889429
9.9982E-05 9.9982E-05 0.084067 0.915733
9.9991E-05 0.0247706 0.0751774 0.899952
0.0474355 0.0569049 9.9991E-05 0.89556
0.109135 0.0445825 0.0159877 0.830295
0.080599 0.033109 0.0757548 0.810537
9.9991E-05 0.0307541 0.0615614 0.907585
0.0812518 0.0104081 9.9991E-05 0.90824
0.0136992 0.0237733 9.9991E-05 0.962427
9.9991E-05 0.0150896 0.0710366 0.913774
0.532794 0.00851159 0.0840463 0.374648
0.730597 0.0364196 0.0240945 0.208888
0.0481981 9.9982E-05 9.9982E-05 0.951602
0.224509 0.0357989 9.9991E-05 0.739592
9.9982E-05 0.0195671 9.9982E-05 0.980233
0.649386 0.00055468 9.9991E-05 0.34996
0.955038 0.0259623 0.0189002 9.9991E-05
0.697792 0.0414111 0.260697 9.9991E-05
0.435167 9.9991E-05 0.533675 0.031058
0.315309 9.9982E-05 0.684491 9.9982E-05
0.114145 0.0269586 0.858797 9.9991E-05
0.0254879 9.9991E-05 0.917072 0.0573398
0.1063 0.0235275 0.870073 9.9991E-05
0.135057 0.0223781 0.827559 0.0150063
0.0214326 0.0511691 0.797626 0.129772
0.0887852 0.0388828 0.809765 0.0625671
0.814252 0.0134424 0.152136 0.0201697
0.779132 0.0520779 0.10762 0.0611697
0.945585 0.0542149 9.9982E-05 9.9982E-05
0.960568 9.9982E-05 9.9982E-05 0.0392319
0.980877 0.0189229 9.9982E-05 9.9982E-05
0.848048 9.9991E-05 0.0593414 0.0925111
0.745119 0.031824 0.219885 0.00317121
0.602015 0.0366537 0.261299 0.100032
0.750448 0.0635931 0.171294 0.0146649
0.677173 0.0196326 0.242294 0.0609008
0.716793 0.0310621 0.158857 0.0932877
0.0495477 0.165719 0.707989 0.0767443
0.0668943 0.0278069 0.0192452 0.886054
9.9991E-05 0.0515209 0.0809826 0.867397
9.9991E-05 0.0131201 0.0362594 0.950521
0.188687 0.0227539 0.00389954 0.78466
9.9991E-05 0.0244982 0.109056 0.866346
0.539409 0.0450077 0.273441 0.142142
0.595098 0.0256844 0.363647 0.0155699
0.737842 0.0829789 0.179079 9.9991E-05
0.650698 0.0534423 0.29576 9.9991E-05
