0.790829 9.9991E-05 0.0197601 0.076284 0.113027
0.715881 0.0205857 9.9991E-05 0.16457 0.0988635
0.724148 0.0392487 0.00925411 0.185504 0.041845
0.797692 0.023251 0.0245898 0.0338088 0.120658
0.961616 9.9973E-05 0.0380839 9.9973E-05 9.9973E-05
0.833257 0.000389988 0.0521954 9.9991E-05 0.114058
0.674421 9.9991E-05 0.0338951 0.0441672 0.247417
0.741771 0.0338505 9.9982E-05 9.9982E-05 0.224179
0.423939 0.00695621 0.068742 0.185732 0.314631
0.378823 0.0220045 9.9991E-05 0.180495 0.418577
0.145418 0.0694623 0.126114 0.108515 0.550491
0.363146 0.0105656 0.0726743 0.228058 0.325557
9.9991E-05 0.0303751 0.184157 0.0584204 0.726948
0.167998 9.9991E-05 0.044103 0.231996 0.555803
0.629322 0.0518341 0.0467373 0.16443 0.107677
0.375798 0.00718321 9.9991E-05 0.0942254 0.522693
0.563086 9.9982E-05 9.9982E-05 0.220291 0.216423
0.728823 0.0164505 9.9991E-05 0.103454 0.151173
0.072163 0.0556699 0.179841 0.550651 0.141676
9.9973E-05 9.9973E-05 9.9973E-05 0.689241 0.310459
0.141438 0.0298477 0.0126027 0.681107 0.135004
9.999E-05 0.0180293 0.0252404 0.786776 0.169854
9.9982E-05 0.0546314 9.9982E-05 0.911717 0.0334518
0.106595 0.0648034 0.0256189 0.800789 0.002194
0.1647 9.9982E-05 9.9982E-05 0.666121 0.168979
0.110908 0.0141502 9.9982E-05 0.874741 9.9982E-05
9.9982E-05 0.0350078 0.0658939 0.898898 9.9982E-05
9.9991E-05 0.0448193 0.0475638 0.827562 0.0799552
0.10485 9.9982E-05 0.025226 0.869724 9.9982E-05
0.00507976 9.9991E-05 0.106487 0.859059 0.0292742
9.9991E-05 0.0055067 0.0430922 0.902775 0.0485261
0.0607996 0.0249231 0.0360729 0.815274 0.06293
0.0635477 0.0537599 9.9991E-05 0.785781 0.0968113
0.504498 0.0883592 0.0302902 0.200325 0.176528
0.595879 0.00793331 0.0041696 0.291522 0.100496
0.767128 9.9991E-05 0.0791036 0.0880709 0.0655977
0.703493 0.028409 0.0094918 0.0352333 0.223373
0.36533 0.00817037 0.104982 0.186967 0.334551
9.997E-05 0.9996 9.997E-05 9.997E-05 9.997E-05
0.0214414 0.018461 0.0347842 0.790378 0.134936
0.716383 0.0127844 0.0893508 0.181382 9.9991E-05
0.565193 0.0120612 0.00831851 0.186646 0.227781
0.17864 0.016418 0.16349 0.337869 0.303583
0.0537624 0.0537184 0.24147 0.146891 0.504158
9.9991E-05 0.0105989 0.148916 0.0112674 0.829118
9.997E-05 0.9996 9.997E-05 9.997E-05 9.997E-05
0.325091 0.0781517 0.0382679 0.283587 0.274903
0.243235 9.9991E-05 0.153153 0.179278 0.424235
0.318239 0.0138574 0.120787 0.312664 0.234452
0.0175959 0.032974 0.803127 0.0159097 0.130393
0.0149875 0.0552255 0.803142 9.9991E-05 0.126545
0.199667 9.9973E-05 0.800033 9.9973E-05 9.9973E-05
9.9982E-05 0.0590207 0.71354 9.9982E-05 0.22724
0.0562295 0.0381198 0.842728 0.0628232 9.9991E-05
0.078574 9.9982E-05 0.841798 0.0794277 9.9982E-05
0.189553 9.9991E-05 0.727735 0.00162526 0.0809863
9.9982E-05 9.9982E-05 0.804453 0.0693341 0.126013
9.9982E-05 0.0267524 0.863594 0.109454 9.9982E-05
0.0650826 0.0442181 0.81647 9.9991E-05 0.0741293
0.102041 0.0437284 0.628816 9.9991E-05 0.225315
9.9982E-05 9.9982E-05 0.869038 0.118976 0.0117864
0.0926453 9.9991E-05 0.740399 0.0913872 0.0754689
9.9982E-05 0.0495659 0.444216 9.9982E-05 0.506018
0.142046 0.00359454 0.0288905 0.757366 0.0681036
0.131229 0.03334 9.9991E-05 0.823862 0.0114684
0.180824 0.0378697 9.9982E-05 0.781106 9.9982E-05
0.130479 0.0215444 0.7192 0.0901755 0.0386007
0.0392453 0.0571923 0.581946 9.9991E-05 0.321517
9.9991E-05 0.0166392 0.781278 0.106458 0.095525
9.9991E-05 0.0403094 0.767865 0.0183506 0.173375
0.141249 0.0246123 0.833938 9.9982E-05 9.9982E-05
0.0778525 9.9982E-05 0.185433 9.9982E-05 0.736515
9.9982E-05 0.0242064 0.142798 9.9982E-05 0.832796
9.9973E-05 9.9973E-05 0.19507 9.9973E-05 0.80463
9.9982E-05 0.0322642 0.124145 9.9982E-05 0.84339
9.9991E-05 0.0198893 0.121028 0.0999705 0.759012
9.9982E-05 0.0133751 0.143453 9.9982E-05 0.842972
0.0281978 0.0335464 0.123544 0.128674 0.686038
9.9973E-05 9.9973E-05 0.628393 9.9973E-05 0.371307
0.128654 0.0907959 0.548579 0.0455315 0.18644
0.029951 0.0102815 0.777723 0.110937 0.0711072
9.9991E-05 0.0518994 0.797348 0.0745191 0.0761338
0.0889171 0.0393883 0.688264 9.9991E-05 0.183331
9.9991E-05 0.0274054 0.042727 0.656767 0.273001
0.0437613 9.9991E-05 0.390948 0.159486 0.405705
9.9973E-05 9.9973E-05 0.258737 9.9973E-05 0.740963
9.997E-05 0.9996 9.997E-05 9.997E-05 9.997E-05
0.715617 9.9982E-05 9.9982E-05 0.18192 0.102263
0.691783 0.0357155 9.9991E-05 0.162178 0.110223
0.378461 0.0134426 9.9991E-05 0.174043 0.433954
0.153139 0.0362105 0.0744048 0.26551 0.470736
0.624388 9.9991E-05 0.0366801 0.0860402 0.252792
9.9973E-05 9.9973E-05 0.282339 9.9973E-05 0.717361
0.159335 0.0502274 0.0428771 0.565297 0.182264
0.0694664 0.0981878 0.289609 9.9991E-05 0.542637
0.318 0.0304713 0.136564 0.267671 0.247294
0.47297 0.00726416 9.9991E-05 0.1464 0.373265
0.597295 9.9982E-05 9.9982E-05 0.101397 0.301108
0.309451 9.9982E-05 9.9982E-05 0.165977 0.524372
0.213699 0.0158428 9.9982E-05 9.9982E-05 0.770258
0.767223 0.0176763 0.0645786 9.9991E-05 0.150422
0.222996 0.00374628 9.9991E-05 0.0305315 0.742626
0.16235 0.0196487 0.350177 0.0852876 0.382537
0.0281782 0.0837261 0.229429 0.0550269 0.60364
9.9991E-05 0.0793881 0.278521 0.0273534 0.614638
0.0555365 0.0168397 9.9991E-05 0.181334 0.74619
0.0668308 9.9991E-05 0.151426 0.186911 0.594732
0.390247 9.9991E-05 0.0531938 0.447359 0.1091
0.245454 0.0108653 0.743481 9.9982E-05 9.9982E-05
0.0630314 0.0274274 0.77394 0.0137853 0.121816
0.0696101 9.9991E-05 0.304061 0.229168 0.397061
0.111687 0.0247281 0.242586 0.138444 0.482555
0.203428 0.0286169 0.256819 0.343161 0.167974
9.9973E-05 9.9973E-05 9.9973E-05 0.726479 0.273221
9.9991E-05 0.0355192 0.699263 0.0963559 0.168762
9.9982E-05 9.9982E-05 0.717617 0.0314698 0.250713
0.188266 9.9982E-05 0.582768 9.9982E-05 0.228766
0.348088 0.0480312 0.0544037 0.468402 0.0810758
0.747543 9.9973E-05 9.9973E-05 0.252157 9.9973E-05
0.660451 0.0137241 0.00771534 9.9991E-05 0.31801
0.79164 9.9982E-05 0.0928604 0.115299 9.9982E-05
0.40626 9.9982E-05 9.9982E-05 0.370822 0.222718
0.57607 0.00787024 9.9991E-05 0.211795 0.204165
0.849499 9.9982E-05 0.06895 0.0813515 9.9982E-05
0.94512 9.9982E-05 0.0480512 0.00662879 9.9982E-05
0.454199 9.9991E-05 0.00981856 0.390547 0.145335
0.405591 9.9982E-05 9.9982E-05 0.12838 0.465829
0.31941 0.0137818 9.9991E-05 0.181798 0.484911
0.411189 0.0181501 9.9991E-05 0.0855459 0.485015
0.435956 9.9991E-05 0.0890696 0.251297 0.223578
0.366383 0.0369962 0.00155 0.0455177 0.549554
0.183485 0.0112171 9.9991E-05 0.148839 0.656359
0.724761 9.9991E-05 0.0339063 0.106832 0.1344
9.9973E-05 9.9973E-05 9.9973E-05 0.784618 0.215082
0.0996944 9.9973E-05 9.9973E-05 0.900006 9.9973E-05
9.9982E-05 0.0471472 9.9982E-05 0.848643 0.10401
0.0836471 9.9991E-05 0.0517861 0.779504 0.0849628
0.118786 0.0298096 0.0606617 0.761967 0.0287759
0.636764 9.9982E-05 0.10725 9.9982E-05 0.255786
0.627707 0.0339047 9.9991E-05 0.142102 0.196186
9.9973E-05 9.9973E-05 0.937111 9.9973E-05 0.0625893
0.0271219 0.0306786 0.834994 0.102897 0.0043091
0.0889365 0.00733749 0.862018 0.0416083 9.9991E-05
0.106639 9.9991E-05 0.712675 0.0610137 0.119573
0.0523388 0.00178843 0.877901 9.9991E-05 0.0678716
9.9991E-05 0.00825503 0.77382 0.151669 0.0661561
0.0854544 0.0153716 0.898974 9.9982E-05 9.9982E-05
0.041011 0.0054928 0.872446 0.0809507 9.9991E-05
0.0642002 9.9982E-05 0.862305 0.0732951 9.9982E-05
0.0199898 0.0222879 0.854184 0.103439 9.9991E-05
0.0502827 0.0308047 0.796841 9.9991E-05 0.121972
0.016091 0.0250004 0.76111 0.0430418 0.154757
0.146532 0.00173457 0.776973 0.0408025 0.0339584
0.0592921 0.0323212 0.869092 0.0386303 0.00066455
0.0778245 0.00810342 0.885326 0.00242656 0.0263197
0.105871 0.0161517 0.877777 9.9982E-05 9.9982E-05
0.0875187 0.0260509 0.855859 0.0304709 9.9991E-05
0.00886752 9.9991E-05 0.260574 0.043592 0.686867
0.00444497 9.9991E-05 0.119882 0.0054376 0.870135
0.132209 9.9973E-05 0.867492 9.9973E-05 9.9973E-05
0.266019 0.0246082 0.696382 9.9991E-05 0.0128903
9.9982E-05 9.9982E-05 0.874475 0.047689 0.0776357
0.0796675 9.9982E-05 0.26804 9.9982E-05 0.652092
0.925218 0.0178783 9.9982E-05 9.9982E-05 0.0567036
0.706155 0.0171726 9.9991E-05 0.207498 0.0690745
0.370539 9.9991E-05 0.0574862 0.519668 0.0522066
0.182248 0.00290299 9.9991E-05 0.666504 0.148246
9.9973E-05 9.9973E-05 9.9973E-05 0.760031 0.239669
0.0429711 9.9991E-05 0.00928607 0.835139 0.112504
0.11286 0.0114815 9.9991E-05 0.75584 0.119719
9.9982E-05 0.0476863 9.9982E-05 0.707592 0.244521
9.9991E-05 0.0359207 0.0603359 0.739312 0.164331
0.103897 0.0447814 0.0710167 0.780205 9.9991E-05
0.764063 0.0151422 9.9991E-05 0.161819 0.0588765
0.745038 0.0355867 0.0955267 0.123749 9.9991E-05
0.740088 0.0445619 0.048048 9.9991E-05 0.167202
0.693136 9.99731E-05 9.99731E-05 9.99731E-05 0.306564
0.732548 0.0104766 9.9982E-05 9.9982E-05 0.256775
0.526198 0.00267268 0.0615512 0.0436661 0.365912
0.328374 9.9982E-05 9.9982E-05 0.202296 0.46913
0.175022 0.0189843 0.0221891 0.172778 0.611026
0.196203 0.0450709 9.9991E-05 0.0655547 0.693072
0.412197 0.0159567 0.0535138 0.160595 0.357737
0.380205 0.0399676 0.0402987 0.130413 0.409115
0.052055 0.153632 0.0682124 0.658563 0.0675369
9.9991E-05 0.0210656 0.768185 0.0487533 0.161896
0.019417 0.0561905 0.809703 0.0670023 0.0476873
9.9982E-05 0.00250595 0.895977 9.9982E-05 0.101317
0.135028 0.00598388 0.764088 0.0749824 0.0199186
0.170074 0.0121653 0.802086 0.0155747 9.9991E-05
0.090525 0.0339744 0.0702541 0.294239 0.511008
0.339931 0.0218403 9.9991E-05 0.262535 0.375594
0.512995 0.0546164 9.9991E-05 0.150512 0.281776
0.354374 0.051129 9.9991E-05 0.270237 0.32416
