IBR/IBR_outputs/all.combrep_1/PersistForestCover_Total.WeatheringIndex_Total/PersistForestCover_Total.WeatheringIndex_Total.asc
NCOLS 160 
NROWS 95 
XLLCORNER 210004.651214014 
YLLCORNER 7350008.22228844 
CELLSIZE 4999.99999999997 
NODATA_value -9999 
[rows 63 to 83 of 95, columns 92 to 137 of 160]
2.16220348627562 2.26509402523333 1.94087691598125 1.95632489964288 1.48851907666461 1.48503598835223 1.99680163008288 2.18127967974201 2.20487213576915 2.51772035704577 2.43766085613513 2.064662914739 1.98209298236402 1.98365676494509 1.97176107498584 1.97308905824342 1.97660245455779 1.98871432676763 2.01926017355357 1.99523350239695 2.01180323058215 2.00501578964778 1.95393908046207 2.0039940699784 2.013173253017 2.02204678656064 1.99427211053408 2.16005059741729 2.15525844596339 2.21671829336981 2.40540226761239 2.27951440516714 2.12231808885621 2.24804817602708 2.36447930903136 2.72319390499355 2.76796297515282 2.65770560009423 2.70156228644262 2.5633218760896 2.16503371865976 2.36883910642381 2.22551001347361 2.31399467368013 2.48968406864132 2.33083556454232
1.88057128976036 2.39701554223406 2.50666636307463 2.43089360335255 2.38032763025207 1.9729630684399 1.50867633382359 1.56149402422248 1.49731654081676 1.90197891069434 2.31745170286969 2.37538673930607 1.98572309271511 1.99943431525919 1.98907297862575 1.98178883902359 1.9793866170339 1.97961084014459 1.98427989305237 2.02789653974091 2.16624700091519 2.16848011882649 2.11586607790835 2.04022464719002 2.00935612202657 2.02790924357265 1.99700747146634 2.16237452443845 2.41453810148665 2.24788561985 2.13848567206848 2.08212812128105 2.19720261747192 2.30490118182727 2.43910657897418 2.64622325501478 2.58442806096278 2.54153268441199 2.22297558760178 2.48532264855221 2.41236093960905 2.01756704146552 2.03931912560472 2.29987596685407 2.2441765147898 2.04566237324647
2.03388661206791 2.491117440715 2.42610632191896 2.49397258953897 2.4356805089174 2.45663660545614 2.35812304805834 2.06742367223101 1.98631919359564 1.50989450505702 1.57658992556014 2.04657801329757 2.19243567117859 1.99130211340158 2.02680465928191 2.06897330560107 2.07899426880801 2.0097861115048 1.97560568937724 1.97381782361688 2.06630495182488 2.06531147917263 1.99136315010003 2.00110175537427 2.04495085637294 2.10989746951979 2.03905009468033 1.98557606283512 2.00134991720747 2.16766277344468 2.26538930132917 2.07486498673587 2.07498034272573 2.13338591704644 2.24011240622727 2.24770742960078 2.18332402034496 1.70773314375843 1.49104909059923 2.32847877408184 2.33929396636983 2.02304049567314 2.06389312584748 2.37618223943476 2.26024103495752 2.35122879762037
2.32874115274097 2.48711250284496 2.541352445398 2.70502830494832 2.64745608474167 2.67285350981058 2.57244573171246 2.41156147267078 2.58222251914576 2.30154420674062 2.16643557239022 1.76891360497999 1.91832480079191 2.19689665832942 2.04893048060464 2.12600738532829 2.12471101662212 2.01697452066159 1.97102976512748 1.96569327621141 1.9722242096114 1.96607840494002 1.98333523557636 1.97854968335985 1.9796656086107 1.96195686102825 2.01941193897769 1.99158705544716 1.96421245291798 1.98953994935995 2.05350622196384 2.22656508461013 2.17351504201479 2.08705413414446 2.1283377171602 2.04599401048831 1.9739464278114 1.90701150445787 1.77467431120067 1.79620506530623 1.46912151826147 1.25499611979183 2.05703556816706 2.44653728430844 2.5216656195499 2.32642041971932
2.20674452973157 2.47301028424785 2.27441202571602 2.69350048126848 2.65866203028127 2.60796524376968 2.5642213859242 2.22961364822501 2.37885328790817 2.15239382837606 2.1648879804248 2.15637921761771 1.66423105065081 2.13772656499644 2.12294253423369 2.11904711954295 2.13937647690659 2.01880027387667 1.9767525447567 1.96185950000289 1.96484261099555 1.99465947751662 1.94047294718366 1.89800887879233 1.86318146170158 1.82943408909938 1.83880233879299 1.94580677050663 1.98919183732468 1.99858586482395 1.96620520480237 1.98397790685961 1.99120302495715 1.94798559508787 1.92899850955065 1.92475782360818 1.94979039513766 1.96743657781919 2.09003124983654 1.77812486955851 1.52742811084778 1.18537118402774 1.80364331132445 2.20882537774622 2.50402196823033 2.46825681011107
2.55718904501249 2.45592149522171 2.60390042038594 2.63944637565179 2.62922521408097 2.57254845762816 2.4848573105928 2.41663315405822 2.18593942816061 2.19425940295704 2.00965481592431 2.2663576306576 2.0992961177608 2.20979724071832 1.98525118605594 2.14382004528966 2.06148364189694 2.00570882642456 1.98821831368364 1.99990472180351 2.05435729686676 2.05372578670679 1.93953296187934 1.91771721040039 1.9389296525792 1.87764555394517 1.86668588323025 1.81245952744574 1.83731176087605 1.95695181464798 2.03639313150715 1.96792486302454 1.92967562709745 1.92802372594056 1.94371588227314 1.97105555607075 1.96226640512937 1.89747714674126 1.98238059852339 1.71344053530843 1.42347986131119 1.2161828380543 1.43583047204165 1.92959185426428 2.02477457582149 2.27483462805456
2.35163714966603 2.52301490031776 2.6016267287896 2.40119568410237 2.33359382676416 2.15929911397655 2.25921541601545 2.02440068482943 2.00329637542203 2.213743375612 2.12785905929019 2.20898484156882 2.22403873505623 2.18911994336845 2.18472216106747 1.9045997831298 2.0328357669832 2.03447182710392 1.99527317516046 1.96997368466221 1.96554757850413 2.02859020058574 1.968632125028 1.97848441441826 1.97024193526227 1.94896484955338 1.93422895418664 1.92752996035635 1.88710129860249 1.88397815885586 2.00457969225693 1.99958664235562 1.95330204518009 1.93384071573453 1.94826274302399 1.95752584321806 1.93650299034865 1.99658631076259 2.04346022659947 1.62100733084726 1.50997368537131 1.8845964166691 1.7569899095966 1.81110231708018 1.99498600065803 2.09186580729896
2.24023457461928 2.18813685266587 2.21266035769841 1.75048943330375 2.30201045415936 1.97456115207678 1.88016605226734 1.64837860699682 1.96014362454141 2.0712084954901 1.96192238323191 2.02040820246287 2.15920536231239 2.13277705527346 2.27418003845692 2.05703148740153 1.9908472145894 2.05673669809776 1.96744911193183 1.96992454070439 1.96415452170657 2.0369591001321 1.9946146764919 2.01194469735848 1.96331435191641 1.94574319076665 1.93672881988677 1.91532298718391 1.90335428699028 1.90148207471257 1.94100113656412 2.04303221567935 2.00224687901795 1.9840813260699 1.93858336439076 1.95817145575538 1.96235467296227 2.11007112358477 1.91860641901107 1.85848079135628 2.07443504273342 1.91932849677742 2.01608810576525 2.08094850243812 2.20925386538412 2.5562844014411
2.47083728870536 2.44804734860874 2.465631522969 2.01864424004801 1.77236309935739 1.70736253854502 2.1222337883068 2.07616509692683 2.42240717988878 2.06170659992984 1.8852372631872 1.87003703373235 1.93615879166621 2.06852344599082 2.20177737613225 1.84652449200332 1.71742463149925 2.03192058414572 2.09364129356427 1.99081201131279 1.96295903116167 2.0215239359771 1.95634928381602 1.95573795910635 1.99395709808142 1.96632507629009 1.95521583785714 1.89357577239718 1.87962732792982 1.90105581949737 1.90723099852809 2.01782868675234 2.04392729208096 2.02934891953024 1.99782093627086 1.94946776151233 1.95261455191607 1.98777267420998 2.20791667981187 2.0964484586206 2.02129956646483 1.97387953149636 2.16453158033257 2.60919393233667 2.64879242882868 2.68547436951583
2.12014942382292 2.41936462807757 2.41454964166878 2.48226721879957 2.40764196337971 2.24704735481184 2.35348870662162 2.32464490213206 2.59480742985743 2.31208079400676 2.16522885453963 2.28713939370268 2.0024621109733 2.51833963944444 2.5061745832832 1.91749473298266 1.89124919482016 1.83761067877491 2.18480245160077 2.12398729935375 1.97560242926692 2.01730665858291 1.98476334137729 1.96029729597086 1.95881684279017 1.98918057192186 1.94991839247045 1.89228998155942 1.89211537906593 1.8879220133181 1.85900901122811 2.07453495682098 2.04943370948096 2.01071136836157 2.05471508172444 1.97266899936178 1.93642825212667 2.04966621956242 2.45091124868321 2.54803915428315 2.42260070872437 1.82084016868187 2.2432097953582 2.62790498613099 2.55243266577576 2.68288957641525
2.16835997702674 2.20004305435182 2.38233083953097 2.4648741982681 2.37892798720708 2.11577815948319 2.44524589311469 2.21336687598198 2.16059334708658 2.50510670129115 2.38179401408813 2.41456269897479 2.52036606320238 2.32435663529872 2.02308667788637 2.32926158229543 2.13616213517994 1.66136233225043 1.71513748488076 2.00327083127431 2.0707981944672 2.0522139300177 2.03026302776564 2.01655113124768 1.96226839325182 1.99157419355867 1.97728160112117 1.93298349328931 1.90295041715124 1.92347667224453 1.99842454742847 2.08706861289585 2.07999972257808 2.01999187203052 2.01243040375331 2.04539943599982 1.99147183281209 2.08627153750971 2.65554476471602 2.66880206778557 2.09480852252825 1.96402261673015 2.21378635579222 2.38101902237795 2.58727299580402 2.58863706533864
2.3074928816042 2.34809869316322 2.32292621030309 2.35119274017478 1.87398197976326 2.32235176157677 2.50367410943213 2.14087929240457 2.02861164372647 2.26864781414176 2.27989410314096 2.13140857539714 1.98951465821662 2.16151302342984 2.58916972275399 2.44389904451771 2.14258299928611 1.99538906931179 1.77680986793914 1.69367766016925 1.72943385199035 1.94690643361807 2.08941258138852 2.03084796633654 1.99657161351729 2.02238028629691 2.01328977822798 1.90551686348619 1.92421122873531 1.93090945117232 2.03763508552022 2.07458290418297 1.96750574236604 1.91746232296278 1.96198432079173 1.97747771503566 2.00586299704039 2.08346840098934 2.44830137222449 2.28090730441876 2.00145427230021 2.25934357178981 2.48185721466158 2.47466867902146 2.34413363223473 2.14802406497283
2.28915261714456 2.17602246081369 2.19807586046623 2.15078794485482 2.30048218433427 2.43596347143879 2.44575743021313 2.50766797158486 2.51492280084947 2.33104608127242 2.07848784395728 2.26399239490751 2.62682716478908 2.5608056023006 2.58704573313184 2.65662144066231 2.52430729420538 2.26903431359019 1.96006083850317 2.0618391686926 2.23761612229369 2.1013641085811 2.16537348871336 2.04369180624581 2.03111644192523 2.03182192757398 1.98240304699621 1.94136652372175 1.93920763912629 1.97304260798925 2.06495723083065 1.83462540064017 1.9280881796812 1.93044467860863 1.96149349370848 1.96342489903137 1.9993850225034 2.25661131034389 2.25505266866929 2.12105925738916 2.47215118187238 2.27643038606344 2.31014440453207 2.05279476779955 2.11665794858905 2.20919416732941
2.01991164609462 2.35261317266295 2.33154603530634 2.04009418371589 2.15458956820119 2.25644765634424 2.23932805456998 2.26142273088374 2.3351285437462 2.32213493771286 2.28574756302309 2.44509961142433 2.57500659156123 2.57763906492227 2.54949109523221 2.4550396207324 2.61120739972758 2.65290029446171 2.52211362019598 2.50675609392978 2.20201391095605 1.94567349941053 2.04709163863715 2.14721346589118 2.15706071779324 2.02115614622038 1.9774217868259 1.95371311611963 1.96612912569036 2.07177302011856 1.9690465893719 1.570646211843 1.65899166985651 1.91357434381548 1.96503514240187 1.96709297678926 1.99609803962648 2.17955891120068 2.34405987725403 2.0730736791606 2.54927837891239 2.38215663705983 2.05911238663801 2.02943792641919 2.07134874650976 2.48521830662085
2.3208701079887 2.29252028150643 2.2527525155064 2.14636334440195 2.22950087162 2.38635961211073 2.60036761942477 2.51517533895993 2.34475114777134 2.38832097781422 2.39073113656492 2.52163910669265 2.42665795992416 2.28068664333696 2.2111521583834 2.28677434079168 2.663815193615 2.68697001315651 2.66008064321131 2.62585631729127 2.16103893196857 1.92022099625036 2.04856435142982 2.03552692915565 2.12289657330457 2.0251056534905 1.9738791920621 1.97933629106158 2.04199972042388 2.06745298948923 1.67391375515551 1.5279268219334 1.49974923129175 1.75233377481715 1.96408717344988 1.97798841944956 1.98436265282583 2.38643621831219 2.38437105814774 2.31245107599675 2.38395584362458 2.44081148370601 2.35009220720833 2.13158556443768 2.08097148930087 2.41826120860601
1.48972259221654 1.76398628302697 1.96632008599978 2.01175950652892 2.11452403358863 1.8951735558502 2.04435269551315 2.25936097913266 2.49228983580994 2.54229506836132 2.53958644252208 2.53577140016893 2.46054966236718 2.41754700165666 2.44103768258158 2.48207546979302 2.61325899792466 2.37664958862076 2.24261198870432 2.24346651273673 2.10499125501716 2.10361042170208 2.08053884776617 2.18571619359019 2.10673854982972 2.02644660316602 2.1269860477455 2.06525019920984 2.05768865799537 1.9729039429437 1.75339602730507 1.51535142399222 1.53482704586623 1.68615677101947 1.96576135687044 1.96253504406686 1.95882603792512 2.15416915822108 2.57584412994451 2.63291994590918 2.4230494264688 2.43067147178195 2.69769523160334 2.35801675026067 2.35841761137594 2.30625211444716
1.54318754443631 2.21879109017418 2.06662782867286 2.39801951002324 2.10637828545096 2.43272676103261 2.62250105773931 2.38953762331847 2.50915671182004 2.5208574194871 2.0735336422996 2.18808076025746 2.08000675466066 1.7486382753681 1.71242181690285 2.39523478764094 2.48687364335777 2.2272086242351 2.03807956282705 1.90721795544732 2.08020666920893 2.07129641775677 1.90231554416587 1.93313950197603 2.09109041817538 2.0103953879832 2.2022000611865 2.12653118640865 2.173705775089 2.0667254437159 1.80199956309076 1.55407194728111 1.60526756934623 1.74594299141132 1.92202964054559 1.97094747695502 1.97076517244216 1.98561043726072 2.44265449239721 2.4363147224468 2.55726545534823 2.49740488952326 2.68487844928335 2.41603705747916 2.44762151454404 2.46973880571455
2.14366496133786 2.45516172866612 2.55183752132672 2.47477617022702 2.5510138702907 2.63770701250333 2.62915592778539 2.49395922143437 2.63519656936532 2.56727079327445 2.44072518640003 2.48600402934616 2.53988940042198 2.5154348615404 2.45463991395925 2.4654965327089 2.39765469430688 2.07800310933963 2.04837515436727 2.23415140465621 2.0104657208986 1.99253401503889 1.91793235821664 1.99939302132715 2.00014583419302 1.8117839253379 1.77445800156453 2.07493769873232 2.27338369354187 2.27304615429151 1.9434981581066 1.65663502694028 1.63725433377113 1.84392879758163 1.94139843734615 1.95658559594616 1.95914571983746 1.95473571193364 2.19954543994172 2.37963949743775 2.66966347400016 2.55086980720017 2.6056249906613 2.70322557718468 2.53680328880067 2.54048581478802
2.1821807775164 2.32140070022643 2.11288647219963 2.09916954378425 2.22350815923278 2.36417428777384 2.61808250664469 2.63638069240788 2.69016197542884 2.63912510379528 2.61178408838757 2.67248953340514 2.71017878238685 2.52274932194014 2.5026211664283 2.41046528764583 2.27755283522899 2.20812848722101 2.08045821791315 2.0956038230996 2.0993286545383 2.17388026741946 2.06336856950998 2.0606176203809 2.0231215231144 2.07322135267947 2.08283126132273 2.01970784137677 2.20071244526763 2.32892817351872 2.2025690352384 1.67271878422055 1.70613047552986 1.78397073833707 1.94429216454538 1.95241859606043 1.9857932414302 2.11515097787368 2.43917084033306 2.54211099858171 2.58374105529451 2.54488391578663 2.5428164249458 2.25456916796866 2.58719285545379 2.61742907401646
2.29816122149534 2.41689048727813 1.93650335581107 2.08757484170285 2.19555421109444 1.99234710827424 2.15260331398578 2.36483337941003 2.70500264602751 2.63192509606367 2.53516545096415 2.56664489260031 2.66479438586699 2.50576706281245 2.35057979581964 2.42563416846522 2.44409119297834 2.38633031191812 2.33388219971204 2.10207201374893 1.96938564644279 2.0451526472322 2.05230850599418 2.0535978261229 1.94855229831211 1.55822012676391 1.59263323959832 1.80347847814435 2.19430937524879 2.12797143318171 2.28952002928293 2.30098909845041 2.42126608317446 2.17191243102489 2.03198079419979 1.97316113268869 2.04806937909349 2.31805047541502 2.37302765333375 2.6271762033297 2.61433868504783 2.64697100415533 2.56582152649116 2.19171207371385 2.32258454112721 2.48953920439725
2.11936156379214 2.29185492214306 2.28358966948469 2.15726128992155 2.21544766681611 1.97187220600794 2.28626180898454 2.1192870754595 2.31893791127246 2.30299754267206 2.3255280217526 2.44190595056419 2.57777920864967 2.39024289251214 2.35922764692578 2.21223805226659 2.38362999858503 2.28707859013708 2.24386532983991 2.22931053053278 2.21743141381098 2.28722533857988 2.18664300851144 2.00845526893505 1.68660606271812 1.41231392453894 1.39186681669333 1.5334197266229 1.79706293369009 1.87553956492594 1.98438464104221 2.04554367396518 2.08082443331989 1.90942555046954 2.03490053445378 2.10980313026107 2.01843471884948 2.15620530553617 2.46355101249774 2.49919832634947 2.53724583768025 2.52108330307576 2.53850234992013 2.37959420367419 2.26701693047105 2.3126305000695
