IBR/IBR_outputs/all.combrep_1/PersistForestCover_Total.WeatheringIndex_Total/PersistForestCover_Total.WeatheringIndex_Total.asc
NCOLS 160 
NROWS 95 
XLLCORNER 210004.651214014 
YLLCORNER 7350008.22228844 
CELLSIZE 4999.99999999997 
NODATA_value -9999 
[rows 42 to 62 of 95, columns 0 to 45 of 160]
-9999 -9999 -9999 -9999 -9999 -9999 -9999 -9999 -9999 -9999 -9999 -9999 -9999 -9999 -9999 -9999 -9999 -9999 -9999 -9999 -9999 2.1250247482343 2.205966071884 2.09623127382672 2.00534355129839 2.03605224182745 2.43542958070532 2.43277767209492 2.40372534592595 2.31686061259502 2.14352064664939 2.04030317828335 1.92960488260848 2.30734908761311 2.06024464414751 2.03815227062362 2.55563784144446 2.51821213261925 2.47389992005046 2.46410155842519 2.59984532441303 2.44253577690658 2.51022096535599 2.00783016599863 1.977131988839 2.00031646533618
-9999 -9999 -9999 -9999 -9999 -9999 -9999 -9999 -9999 -9999 -9999 -9999 -9999 -9999 -9999 -9999 -9999 -9999 2.16639831267182 2.19646117281112 2.19791837986511 2.1817545706591 2.01933521226643 2.02671533352492 2.01386500008606 1.98138705126049 2.44111902456608 2.50672506599419 2.45657014496912 2.47107141489554 2.41208537943053 2.13036663108074 1.93359130768797 2.48613907631713 2.36752325996495 2.07687326250383 2.24818307319657 2.34042614957344 2.25372747618682 2.47066631615477 2.46222175139141 2.39490923754786 2.49934794803472 2.1471172720095 1.99185306594699 2.01082125081701
-9999 -9999 -9999 -9999 -9999 -9999 -9999 -9999 -9999 -9999 -9999 -9999 -9999 -9999 -9999 1.99828272986543 2.05335583696668 2.12365403626108 2.17446588883696 2.22409370687062 2.21419654399704 2.08150461962208 2.0087645012201 2.02421306551846 1.97644364444481 2.00760204766385 2.59261281124762 2.58935241613901 2.59909778166139 2.4024643459768 2.60367021631421 2.4641490265946 2.00527120046167 2.60942856264864 2.68727522857506 2.38070083841042 2.27857559426294 2.03591080296628 2.29367288784966 2.1706502959722 2.33370507054415 2.25383770082446 2.12988261919141 2.12108665341454 1.98689280967193 1.97553384264947
-9999 -9999 -9999 -9999 -9999 -9999 -9999 -9999 -9999 -9999 -9999 -9999 -9999 2.08436201941062 2.03170445749939 2.01140978806004 1.96326537236145 2.04437878845338 2.1047214768561 2.16671327228828 2.11337508764513 2.03764445395126 2.00030022109658 1.98016532010885 1.98669979772362 1.99550960996954 2.56435222661582 2.59669885820441 2.59914253692696 2.54858374506331 2.51561020794008 2.71135033477816 2.60029409602404 2.48762459152843 2.57456591997751 2.53583048838671 2.22652661057977 2.04873797369237 2.01841481233303 2.32759291853896 2.08658730368343 2.31308174609082 2.23628929338725 2.05993288672551 1.92066244930856 1.89726565759151
-9999 -9999 -9999 -9999 -9999 -9999 -9999 -9999 -9999 -9999 -9999 -9999 2.10124940227864 2.02671426240419 1.98928877375659 2.00064302113959 1.97335718732414 1.96405375244243 1.98391806862852 2.00029402620429 2.04417772480569 1.98467226883978 1.97805144975241 1.96336562780165 1.98095934406638 1.95716252404311 2.49227252269965 2.56903589301108 2.50821068743475 2.37380547231345 2.49356964322744 2.69328125712396 2.6844149505714 2.21087246398006 2.2517229467812 2.2894279004179 2.48633230317024 2.28237033791258 2.06970679622979 2.14265694782344 2.01723582674 2.11739557155275 2.40378367702424 2.29292318151557 2.15917208004174 2.04087361024521
-9999 -9999 -9999 -9999 -9999 -9999 -9999 -9999 -9999 -9999 2.24277835953004 2.12309266336313 2.01961572641208 1.96113213168231 1.97030908006267 1.97228834357948 2.01148646840901 2.02580600212182 1.98883956208807 1.99970689049836 2.08832162672572 2.02616167609446 2.06444488861857 2.01343620563275 1.96803759304232 1.98661362169188 2.53260098493963 2.52780528044616 2.52370234597947 2.41829627936848 2.54973549313425 2.54444847342299 2.5248215337949 2.21874193436934 2.30106465650292 2.20600083118765 2.24929480894576 2.09210368496121 1.95409409840744 1.99942577174627 1.98687378079003 1.90076876246084 2.10059170858977 2.44410471663613 2.31398059924611 2.36898439359131
-9999 -9999 -9999 -9999 -9999 -9999 -9999 -9999 -9999 2.1432422690986 2.15434176075802 2.11230453569953 1.97359068039393 1.95696576138178 1.96857814665709 1.98470314261178 2.00558083933512 2.02251622498916 1.99660975667589 2.06814615330386 2.09838268150977 2.02572829572533 2.10003470826311 2.13271525156112 2.07531741765833 2.00628240050684 2.4177274219175 2.64022700358831 2.47505679684841 2.6811845378865 2.73432168270458 2.5497804096097 2.24980463872295 2.16978538963226 2.28525119363381 2.20562868260739 2.17409694976924 1.99132823399847 1.94746058166591 1.99880174478158 1.91216393438987 1.76858352562085 2.0423795149627 1.92166882033313 2.39485753560758 2.28910244130571
-9999 -9999 -9999 -9999 -9999 -9999 -9999 -9999 -9999 2.09568206598605 2.04854363940315 2.00841811945007 1.95808108587137 1.94672402450644 1.97028070090914 1.99894336912422 1.98412452669248 1.96268706663831 1.97890001199453 2.03848121712304 2.05557855527801 2.04400668756435 2.150921042642 2.19628162525364 2.12475405839738 2.05599795288205 2.04942347954938 2.66448541638049 2.57659307815786 2.61060599076381 2.7436602181683 2.51686972029656 2.09516444878728 2.24583257289558 2.03005777578016 2.0477127448243 1.99545592874031 1.9869753247596 1.95643943914216 2.26135309996547 2.12065984780712 1.92462148477512 2.38870967038208 2.09614457954851 2.16938592811506 2.10557261703871
-9999 -9999 -9999 -9999 -9999 -9999 -9999 -9999 2.08712179535086 2.10326173960458 2.02811735468571 1.9796350117563 1.95694791415837 1.95033761311503 1.9696180645707 1.98652295098695 1.951634266549 1.94030988104435 1.97797638585627 1.95644087325096 2.09169831795177 2.19158567653227 2.18379774554332 2.22254903998083 2.22182095348103 2.15700947138693 2.00472561574058 2.29105800131334 2.73115702970538 2.57515103494552 2.28712512036261 2.00467754239316 1.95135736669792 2.17494647934096 1.94927899171502 1.91020447086617 1.983797581394 1.98881436092223 2.10980561641944 2.34111452851482 2.08765862952578 1.78074528200002 2.04671459374487 2.19288316089949 2.34067635693591 2.1748049414552
-9999 -9999 -9999 -9999 -9999 -9999 -9999 -9999 2.02594743930985 2.04646096374214 2.01140845714898 1.98020614267601 1.98521285374338 1.97413312814964 1.97950605091504 1.98258645766476 1.95320214238808 1.95327581737639 1.97603548348608 1.97579067134479 2.06598572047698 2.21211703546066 2.29102007470964 2.16964145313319 2.28589959444763 2.49826111399695 2.38689802676104 2.05601419635775 2.38416483071518 2.55683155938294 2.19282433116189 1.99245109594914 1.98830644633955 2.03918054079171 2.02993857696715 1.83636349682794 1.85114481503683 1.94108675452773 2.18582441599787 2.20574455628894 2.27781588913939 2.06585021855036 2.20552844653991 2.1594055645966 2.36096123497238 2.29872802854768
-9999 -9999 -9999 -9999 -9999 -9999 -9999 1.93203708010328 2.08388621123279 2.01535021065236 1.99119686983761 1.97722129110474 1.98304415140795 1.99281800654873 1.9932325980054 1.98258430655617 1.96842280071361 1.96482006304702 2.02985354091304 1.9943336745679 1.99255338879906 2.06843990347029 2.06363935419444 2.11796853319331 2.38209250912811 2.31903382466895 2.37380067929166 2.32905024086376 2.30862941304703 2.11339042310947 2.07221364237628 2.01518101622172 1.92851669328894 1.90531911257106 1.7873695536109 1.73725192089117 1.87371028461654 1.84097890434812 2.30739961838349 2.27257775772907 2.13038075342625 1.86008112027461 1.76584329102713 2.24518242111006 2.25011467074052 2.4582474550765
-9999 -9999 -9999 -9999 -9999 -9999 2.23271762759061 2.14948087756736 2.04299736185859 2.00146697062569 1.98518429333005 1.98738485627445 1.98476283065403 1.98807753548249 1.9732481461823 1.9730580981345 1.9693095829566 1.96128164291858 2.00383081253159 1.97386406122174 1.99302657228908 1.98424904116956 1.98337703758777 2.01355837574683 2.02262751711223 2.07022573372233 2.05323568444749 1.9721012393095 2.02363748463644 1.97508332670186 2.11523344805544 1.98915447592473 1.64891196704517 1.6709378694724 1.70219349528 1.99017352793964 1.94966663379436 2.06873800791119 2.15059236485837 2.24838134940324 2.07278896323952 2.34311829539177 1.94186210932359 2.19803931038412 2.15031870707977 2.19292311518637
-9999 -9999 -9999 -9999 -9999 -9999 2.16093723814224 2.13466805705198 2.06920238605407 1.99495149457737 1.98314809933615 1.98874247831873 1.99755301814074 2.01468510246772 1.98939758262668 1.97421066202433 1.98367946641273 1.97034963078228 1.99275051428548 1.96441876106625 2.02309518457772 2.18936929190543 2.15995185611832 2.06595997509012 2.0689550223993 1.99770892711977 1.99137670451073 1.95995316714594 1.91940771837202 2.04666951454664 2.05201807816456 1.96266853883802 1.68963456139954 1.72365294064116 1.99071180422237 1.83241217237461 1.79022502036824 1.84399822917407 1.99927057275424 2.01697388919884 2.15705318231038 2.13277999426601 2.17051607458281 2.25133510367489 2.20604595040529 2.21837343985642
-9999 -9999 -9999 -9999 -9999 2.13812135655606 2.13172585226437 2.1003097356643 2.0417867619394 1.99686916233117 1.980494572304 2.00162399492211 2.00144847557012 1.98092324964364 2.00866093656479 1.98374651804747 1.95815448962017 1.97488686078817 1.95622435652073 1.96296226055474 2.12078625046436 2.51482066268187 2.56728095227268 2.30609909551226 2.14620173091781 1.98646743976404 1.89250898073652 1.99107559041062 2.03550326757762 2.00411302531667 2.27962881067515 1.96345141001557 1.76567527383436 1.97040773053759 2.01098773885931 1.9436717117946 1.82201465040974 1.94127204361311 1.95419906148749 1.92628829210126 2.30866561079099 2.12853314272195 2.14785134333348 1.72543857237541 2.21091962242245 2.29673916597039
-9999 -9999 -9999 -9999 -9999 2.15522223867572 2.13471983406014 2.09580972147213 1.99980263587594 1.99641698023137 1.98154276234947 2.00479380963912 2.00243563617342 1.99994155266817 2.02276446047103 2.0315431387373 2.02953404733618 1.99315648495208 1.98697302828292 1.97866413407149 2.00611938042626 2.02695033356652 2.09657385614632 1.98627537197862 1.99758636224378 1.91880605873684 1.78084494907223 1.9396482006214 2.04625388593969 2.03785370158741 2.06157748967259 2.07293218884026 1.97420982908251 1.68376575113236 1.87816578678081 1.96024871865282 1.93913805310138 1.94315951619659 1.85738361533844 1.94742569745231 2.20278151948416 2.29319134951563 2.02567487657863 1.64073251008225 1.36316046399606 1.90368310117335
-9999 -9999 -9999 -9999 -9999 2.14594005712453 2.09544190837495 2.04972115827772 1.98364411929586 1.99975271706948 1.99525489902619 1.99458402265462 2.01475108019301 1.98041230837865 2.0117092717733 2.0096450688346 1.99732010001794 2.02849117013122 2.01928141163698 1.99375612789481 2.00338674077997 1.9693562177157 1.8398066797963 1.85342641793863 1.78140625644752 1.80876088361086 1.58087749657512 1.90071412455686 1.91436692731133 2.02265915967674 1.88572366583402 1.98131310946483 1.95290169511378 1.81072690638508 1.88711471253828 1.87852320458002 1.73361535943353 1.92098549611578 1.95521701037593 2.02282041335759 2.06865105661006 2.2092226454622 2.15265324802874 2.04138029981965 1.88897745214692 1.7340691780012
-9999 -9999 -9999 -9999 2.08003304147148 2.12080660461084 2.0837221544511 1.9864651454398 1.98211128432414 1.97634454719561 1.96361327423489 1.96765035581564 2.00727257846571 1.9569400323475 1.97298997590567 1.98090306882596 2.00039864364212 2.0034432386888 2.00337715067143 1.97595316051541 1.96078571503028 1.91215123376427 1.77600929321366 1.86908915571132 1.81133539055112 1.83567480923331 1.79374905829497 1.97695128022178 2.23419204140285 2.1298379720977 2.10662403131048 1.95578325731193 1.95490909956283 1.83400218479964 1.87291417474912 1.97570561985115 1.97256950475447 1.95652561202118 1.98211953186931 2.0187311854282 2.06026916811232 2.07173023004202 2.12089952542649 2.01496378569871 2.13509228348376 2.03914449158975
-9999 -9999 -9999 -9999 2.16481929341187 2.09802981706564 2.04808335444984 1.9806006948494 1.98498639183334 1.97922979814531 1.98078590953969 1.97422325429531 1.96462618091397 1.98704635822414 1.97802757310884 2.00332800554927 2.01475877252278 2.03548013157971 1.99566665729785 1.95662664148591 1.92521122160049 1.86527095729736 1.78168817799769 2.26056706002587 2.08586688521628 2.00305923828976 1.96283324010548 2.01739928318736 2.13654971105224 2.15619435221097 2.17861617777222 1.9699745450089 1.9260303517789 1.86461675922381 1.70775550216679 1.85990025861634 1.92762596366711 1.97016927280825 2.04362115727948 1.94711948457076 2.00200868696869 2.28415953809907 1.95821797267419 2.0080639994925 2.08736989978507 2.09605760485705
-9999 -9999 -9999 -9999 2.14244023929966 2.10513915204181 2.04685099171778 1.96333156425224 2.00442029815038 1.99857805881187 2.00218659343803 2.01320563881706 2.03872245921293 1.99842982888914 1.99676602069373 2.02044806696508 2.04427211499354 2.02351869364137 2.01913053421097 1.98094863238477 1.92596590219593 1.94294050741581 1.97552985588147 2.40495644516163 1.87731047236417 1.94993570868194 1.85598908218918 1.9621903565317 1.99345542966888 2.17548535955813 2.20502076507799 1.97367072572122 1.92849229629507 1.55351580874814 1.47596914297294 1.7537360964951 1.90309502262507 1.99001844458852 1.92170678484287 2.02681316672296 2.05013586903772 2.01674745389792 2.17927374664213 2.00349316833929 1.89237248623551 1.83477117995847
-9999 2.06532878169519 2.04215662176546 -9999 2.18414128403038 2.03043537853171 1.94901219238597 1.95471329772981 1.97804106708502 2.04786329355934 1.95742681179443 1.96951317669152 2.03505771293539 1.9721578566357 1.99499703031553 2.04763283163789 2.02781742048735 2.03895564794028 2.02337122419385 2.02908763747263 1.94530185287338 2.03885539336233 1.95122403662661 2.02946657892664 1.8300662913742 1.83890403335662 1.63556200363244 1.91789396726005 1.87519965573054 2.17164912847443 2.20164263895782 1.78312729694276 1.45218793610691 1.41418163343332 1.47406468799868 1.63953566713791 1.95652714650113 1.88433837284563 1.90910386516581 1.99029649970456 1.98135312494481 1.98606699818848 1.95257870634563 2.20836882811016 1.80346739416173 1.72989444073697
-9999 2.02313487480899 2.00420259688823 1.21575222963643 2.10714665695275 2.00654308973448 1.94069861179167 1.95553674902732 1.95711775525199 1.95611423825755 1.94523330507688 1.91095755436358 1.89271631982611 1.88644828287006 1.94221372495823 1.99441689813313 1.99679040421879 1.98320759851969 1.97091451185232 1.97219261242932 1.93709889501068 2.03254119395099 2.07889001852856 2.19388694244473 1.87050306272411 1.76826737589908 1.77873645440134 1.5602368921945 1.62836741587018 2.11366647828282 2.09554341890181 1.57281744969074 1.28301604074929 1.31247817688204 1.39322909457082 1.73176391073048 2.00115751344364 1.95598440717807 1.85918843638447 2.03999497351378 2.05001390412024 1.99727398635485 1.95566491263265 2.01858353155641 1.99063674095227 1.80538389512646
