IBR/IBR_outputs/all.combrep_1/PersistForestCover_Total.WeatheringIndex_Total/PersistForestCover_Total.WeatheringIndex_Total.asc
NCOLS 160 
NROWS 95 
XLLCORNER 210004.651214014 
YLLCORNER 7350008.22228844 
CELLSIZE 4999.99999999997 
NODATA_value -9999 
[rows 21 to 41 of 95, columns 46 to 91 of 160]
-9999 -9999 -9999 -9999 -9999 2.00564944041945 2.18390401065849 1.86840798291259 -9999 -9999 -9999 2.19674812431738 2.17868129527169 2.04020771839317 2.06965274555774 2.03404784568794 2.0464528435754 -9999 -9999 -9999 -9999 -9999 -9999 -9999 -9999 -9999 -9999 -9999 2.14795114495568 2.02824729662626 1.80259994357996 1.57242567831621 1.49663338068104 1.50673172735195 1.50483627343588 1.50043143288011 1.5010289802728 1.50668784391351 1.50224901631281 1.48926888462126 1.50617108720537 1.50835547795239 1.49723463495081 1.50146132670881 1.52636868590507 1.73590375017528
-9999 -9999 -9999 -9999 1.52355413053912 1.73889048369203 2.06113742054122 2.04877513466196 2.07762784057312 -9999 2.23840114945384 2.24539044600156 2.18139607054199 2.06019364864694 2.01233053598646 2.01295042656036 2.0031225288016 2.03168614600172 -9999 -9999 -9999 -9999 -9999 2.01635277776518 2.02088834957491 2.0741385280307 2.15038093718795 2.06216564957104 2.05352490715953 2.00545149109972 1.90585819388995 1.74428920820251 1.52159102114007 1.50378746107587 1.50538555408487 1.50279534785147 1.49609429228699 1.50464641128401 1.50350481980403 1.49839798174432 1.50455836434864 1.5087272804815 1.49820483698064 1.49247401721122 1.52806507033429 1.89422465485017
-9999 -9999 1.99756943792331 2.00028826838949 2.12409766106963 2.16040493721156 2.27784729176014 2.16014476907718 2.10852418413192 2.16448786561681 2.09882101921047 2.16510836334684 2.21656685213282 2.21309685929922 2.06886544614668 2.00651344488128 2.01929359370166 2.03222039519925 1.98947394272741 1.99536674684509 1.98445469531791 1.98282204790906 1.9847047519474 1.98552049679909 1.97259823101162 2.00213874840026 1.98555789132294 1.94808234588335 1.96695269118783 1.95933554700329 1.96913705618636 1.87792843654597 1.8041888638241 1.59817714645562 1.50970745029177 1.49949476554445 1.49575733752469 1.50343192074003 1.49236107182354 1.50202355548764 1.56624965038734 1.526263789841 1.49766949700981 1.52606466891862 1.52447750445594 1.57455322012097
-9999 2.00135922061862 2.00733320849075 1.99904923330639 1.96121008775231 2.07846154276929 2.24745950809481 2.08445682623423 2.08952377951675 2.05690524057493 1.97365031346101 2.0732776697023 2.24788806548033 2.11109264521037 2.07561095023271 1.98755347429109 1.96218785057769 1.9704248455015 2.01061940074141 2.03015082476621 1.98293680363399 1.96072128936533 1.91819058755181 1.93857984594097 1.85301183235507 1.84796630358316 1.92399735034273 1.90595302517167 1.97735064511267 1.83192839150931 1.93105331334545 1.88699407483879 1.91226848828799 1.91156575601368 1.8224527814064 1.58254433007561 1.50419969035912 1.51116531450383 1.50427450752753 1.50771691308556 1.56203146217877 1.54998895970675 1.58755537926848 1.51871627465952 1.54130609371835 1.54105464205668
2.00623147535865 2.00992577590232 1.98760703647706 1.94123482559164 1.9572895250657 2.06544003380117 2.072456086468 2.05774030348644 1.9778977169885 2.09804191321709 2.14139285877854 2.23577242488469 2.14461768727714 2.15193608688871 2.17868246571079 2.13733192102886 2.11690591915822 1.96337990362809 1.95759938786141 1.95985752559822 1.95118231816432 1.95448209411345 1.96096870511527 1.99445239301515 1.8436871948642 1.68952540249611 1.51027491575502 1.60251618900834 1.94272257286125 1.94215721936409 1.96343881310166 1.82299015527007 1.89164852798346 1.92477802130512 1.93494973458536 1.84394036964667 1.66200875722731 1.52003015078732 1.50663180550291 1.53846449159485 1.78071543112527 1.58689907263969 1.58111396281049 1.52593721991651 1.58272200112886 1.58228309007375
2.00158825191797 2.02717316885274 1.98257641914138 1.91975629971616 2.00086051617585 2.01967081036998 2.06710116668118 2.11448238101044 2.21709410266933 2.23150835051973 2.08402173753104 1.92565444008329 1.74982916593559 1.91783577987852 1.97577770950712 1.97222069883403 1.8724088441959 1.99617940520228 1.96193074497235 1.94107736710705 1.93587239429297 1.94507195346088 1.97593176912617 2.02914080282651 1.98436135534457 2.02771097999662 1.75002398725819 1.57510620838865 1.77247459585697 1.79350838938191 1.7443452897184 1.86123759869787 1.91387317003224 1.9464506842611 1.93668735914466 1.94106569433924 1.95309289316994 1.90953542547334 1.68537719393974 1.6071014217197 1.90185510546024 1.76585590654739 1.53138282200945 1.49961262050197 1.53669589672179 1.4817257528653
2.07825017516553 2.00867184014092 1.98616025606584 1.9709944019046 1.84845722862935 1.88903414867299 1.98674655393558 1.99664983951127 2.13452842741352 2.18293252963704 2.08041543597237 2.14470009915544 2.01537133699979 1.88616315581875 1.93632954259381 1.91466314655572 1.85971277132893 1.88740761205948 1.82797413683786 1.9651519757254 1.93155818295988 1.9497914577492 1.94578383050321 1.92529851328985 1.93369369924488 2.00889362386918 1.92506003711222 1.83718967476607 1.92602444601918 2.01881909849144 1.84659276246498 1.93205699806291 1.90547735159059 1.90570719642863 1.95858160901099 1.98976362571942 1.98671335931025 1.94173514603099 1.91161626852179 1.60616893595966 1.8816492637753 1.91376340681582 1.69360496250838 1.61170742373444 1.49466468817414 1.48352518365424
1.93156395072274 1.94424280292752 1.93496353958948 1.87471308355432 1.71254787083301 1.74966040743846 1.88783412808974 2.01221787239498 2.11958085453051 2.21746419147646 2.1815908190317 2.2525377475193 2.18489668053322 2.03462833744783 1.93062745455649 1.95612127046811 1.76943848039673 1.75660060472067 1.87427812049563 1.92290994451019 1.94334452476204 1.94437526793914 1.88607213034355 1.80961421931291 1.85141730296239 1.82801165009173 1.71889579501749 1.90464143816015 2.09841029226558 2.09665705641299 2.00230798680967 1.92403077868818 1.60670149545132 1.54784746652538 1.81857435186362 2.00423976591182 2.03676418187343 1.95167964740536 1.92045962213965 1.66231374664435 1.63410493978323 1.93922424906602 1.90089744313991 1.7580619391178 1.61085744672845 1.46719062593212
1.78764594316582 2.02320896262045 1.96343194642771 1.57346886829557 1.47359512382093 1.78597473996323 1.64781858651849 1.4392554457562 1.98527207037055 2.1594604216776 2.02852559239435 2.06403289468821 2.09630768010035 1.98459901526283 2.04676655733251 2.09982177146575 2.10703892092187 2.04310296994473 2.04662607029968 2.02271987503813 1.94368849423273 1.95642438361884 2.03263185863051 1.96439462486118 1.89237817272113 2.02173883168278 1.70903188242573 2.14711568681948 2.0442462690934 1.91315623217603 2.12333275541079 1.96040273092013 1.90232925685662 1.84524956654678 1.90915995800783 2.04174848077468 2.13081369848727 2.00758007944629 1.98539065474081 1.8938890306263 1.61224578965418 1.87621940536602 1.93208464090428 1.91890474183251 1.88412790036213 1.7098950826227
1.77426958437917 1.94540144215639 1.94647339618287 1.83169154673252 1.70150118503824 1.77466271237937 1.84296158337164 1.45405063865478 1.89286709250031 1.99163744574925 2.03204934048669 2.15133419442422 2.07539054093948 2.05263265371295 1.8850048354396 2.05918967624667 2.03366376376917 1.87946853359503 1.92858734038913 1.84727678500322 1.94620383268999 1.95395250702931 1.98453966782798 2.03143823316705 1.97694943084082 1.98534168469582 1.89009385902452 2.01556137717975 1.96361291285777 1.79255858578603 2.03462455155555 1.83185033525786 1.85594761023357 1.9450798104357 1.96467503602232 2.04390094600198 2.14888580377007 2.04483010167839 1.9969287637292 1.94863140592592 1.74127776941608 1.63831582857855 1.89037529459649 1.8894510705171 1.89994738387651 1.84754645853631
1.72239602458808 1.852463566207 1.7681531439217 1.76773444547331 1.67439509391434 1.74059119198219 1.67479081250817 1.48794923029616 1.99841967920381 1.9594505766486 2.00664352650315 1.97619923202655 2.08743210400815 1.89696621807766 1.91359405128077 1.84072428215275 1.89097350466837 1.91705205607104 1.82252337919343 1.671020441868 1.89238746372456 1.98811094279087 1.93397852462542 2.04582824723262 2.01130979200125 1.98555192136954 1.90396312751552 1.86571361793841 1.8779670995902 1.8861323791371 1.82756336378195 1.70213178822283 1.55171038131207 1.824236638837 1.99322108751305 2.00761067656794 2.01421289227598 2.00329388764122 1.97728192666971 1.95780316360468 1.90474640570463 1.61973208531136 1.92736093612178 1.81709607777991 1.86307619938772 1.87200264872786
1.59133570693138 1.88546461747498 1.66606492650214 1.60281679047959 1.48270728166482 1.4540879372296 1.80942278552298 1.79169431264298 2.06207049587858 1.8966739867778 1.96260240966099 1.83372378263714 2.02102269759805 1.78518426168626 1.8508126371611 2.03009383546414 1.95914662495837 1.91668317416106 1.98252577773031 1.77494618484299 1.94636850441224 1.96076646403365 1.75209105115095 1.66902664321973 1.94631240647867 1.89293273130549 1.89240820879226 1.93850354378145 1.86160215022147 1.52089353024591 1.43943352496394 1.41134044332479 1.39298445053 1.33710522709686 1.79174824141234 2.03138652483456 1.98831360707061 1.86411557540457 1.89826538271689 2.00342644716311 1.94418679175297 1.88596515247941 1.54007497782251 1.45044712762648 1.47709679212961 1.5275248490812
1.70869467944245 1.96773782395964 1.62302752661428 1.84595253074318 1.796964294738 1.81080855333966 1.82755515336979 1.90784074681672 1.79547036536722 1.74212623291559 1.78572505283113 1.54555443543234 1.89417108861367 1.76828549741268 1.89555125745256 2.10835855984642 2.15470547558332 1.87114061204656 1.81375666761719 1.77944039024821 1.94028673855235 1.97236850710041 1.91837796603017 1.59555912741865 1.78707732424097 1.83510834952216 1.87621631535272 1.95078714497745 1.94167295409307 1.53451546269703 1.42133733675662 1.43000460074237 1.35185151348668 1.20850404973642 1.58419925660161 1.85900582644275 1.92211074281672 1.7686818993309 1.96555780040764 2.02739933710474 1.97143217360618 1.71118896267268 1.43825618438134 1.46908065289883 1.43091344032736 1.68366481554217
1.62116344259785 1.74662088924678 1.6507905462689 1.77324586795648 1.75739181294979 1.801219013186 1.85567156820526 1.83906800655423 1.62407311226554 1.80584251325148 1.53134294288406 1.62432908373603 1.89193884388919 1.91879080776856 1.80475798342187 1.92043736529279 2.11379356232517 1.73894406560667 1.96570024812579 1.94794580082373 1.94279235850968 1.76360135174672 1.65075337090747 1.73211997757626 1.90925350366459 1.86986826035445 1.7832671626964 1.92179492131894 1.9666331208155 1.87022299689884 1.42818977826184 1.35788616154351 1.2777072526787 1.27976088989571 1.86513334562987 1.95632757369404 1.93034036156206 1.8614693227303 2.15055326255697 2.05803285748174 1.58817213879093 1.46464805367565 1.48898513216748 1.44924196605246 1.34296627591847 1.53510744164122
1.71367789641541 1.6377425455093 1.73208007195586 1.61525422184815 1.42663584940448 1.49036845815035 1.43812087875991 1.91109220731354 1.92969667798911 1.89341074130076 1.86214572100925 1.7544830907773 1.6320957280526 1.73133492026794 1.71103442830087 1.57861706935742 1.66719457924357 1.91929813241884 1.96461852371261 2.00201298978413 1.96478926820283 1.70481096021915 1.78228004613253 1.98158703402674 1.9930181724399 2.0008539779671 1.8522596922477 1.81444165545051 1.97768998636978 1.96232982208904 1.70786734107515 1.30527414990352 1.46402213466534 1.8539854849123 1.99389376554194 1.92536720434175 1.78943700371041 2.0649959936227 1.78233078390632 1.57713946751384 1.69344905695116 1.54700267082203 1.51932392416321 1.39154005277753 1.23565286734179 1.43343479452411
1.8630838240567 1.91030705972326 1.6049431402695 1.51031971085089 1.45589379867743 1.75719557882611 1.61889047848377 1.57902206942766 1.48759550930933 1.65430499044366 1.79866467383717 1.73807213456351 1.73064419999258 1.63333860177149 1.8171652907144 1.71492141481469 1.55689474205927 1.82807598450632 1.94897510720792 1.9613141091509 1.95383503701052 1.66378661639207 1.76200279846145 1.77560653294861 1.85529030832208 1.86586959991663 1.81307773659602 1.87137189528612 1.90900526701009 1.96955678351221 1.95524902997444 1.89791697606655 1.78389877730876 2.00955725459615 1.65842609992019 1.9223010868139 1.93503457469343 1.8378489014201 1.84447129948881 1.78312815368548 1.49089369859532 1.49686181966299 1.48645111266569 1.24769787529106 1.16532722805145 1.22188049205514
1.98060765067981 1.96546687628559 2.02054819818117 1.87576712909819 1.85772311694214 1.86609551955101 1.87601011851203 1.8992788958331 1.92780715620343 1.81738403722333 1.88444588513442 1.84843200046427 1.94422695599514 1.89269698378562 2.12391824600732 2.16836353014551 1.77034792164335 1.50528486670182 1.69377734263849 1.70860112650308 1.70543987818137 1.75258286505985 1.83014517283309 1.9049016272668 1.94641103113654 1.7831746851392 1.76343211270022 1.88948208535132 1.87038617138456 1.86501598636774 1.88840346892972 1.83949015036456 1.63134811036357 2.16521420179082 2.17138224260001 1.94912480785193 1.8984141540501 1.91849440424364 1.8580833586034 1.51081337708825 1.40648056421168 1.47436084624525 1.44817038396796 1.31743266248183 1.51174043513059 1.13009069954083
1.69249388741427 1.87613641505717 1.77574683826549 1.714412904302 1.71295473558501 1.99253102162703 2.07531066827259 2.04860382726269 2.06681025908458 2.1963774387388 2.21793290901883 2.14854788811572 2.2882510650332 2.18573851477274 2.18159870371664 2.26135325822018 1.95530413362403 1.63792772033017 1.61480803192707 1.75172844738148 1.62659092213171 1.93261373016392 1.77883512384599 1.78048740572376 1.78204341235834 1.74632777836676 1.76091294231705 1.78425303549098 1.81987633617933 1.84648919546862 1.71290713653514 1.94948655857509 1.91025313723377 2.08842354325833 2.03754656511603 1.91144885839616 1.66001721442935 1.6693013159812 1.52853912038488 1.38934596340473 1.47452607248415 1.58400064630407 1.601534854886 1.18603494744648 1.11531204418233 1.10090838430652
1.73533705867878 1.68523855403275 1.81873637927312 1.76456926421306 1.80431353906277 2.05740610628898 1.95771558743512 1.69728986125085 1.96243842067183 1.9853620199059 2.12176444052503 2.17666173228026 2.18595349459978 2.17814856857715 2.19460689883233 2.27260404486082 2.26571418052439 2.11960805319638 2.01583604831236 2.01121843477992 1.8575203938117 2.10118535998945 2.0171722993352 1.95437072633558 1.77389433592934 1.63808835293666 1.80361628854401 1.87697887028877 1.81008163817093 1.71817701493141 1.72852245197924 1.71496556953086 1.8464073028508 1.91122411474758 1.85658287607129 1.93074846853487 1.86051733984699 1.77437791135031 1.5494032285049 1.34447152228408 1.45544941839858 1.64107650630945 1.96003624697311 1.53611782840004 1.29397416230049 1.22805614039932
1.86439003158577 1.8442998342557 1.86302781514346 1.79119369896729 1.95689785901549 2.06105421565385 1.95618343945849 1.9257720001442 2.07501788573591 2.1164131332829 1.91225935268843 1.87540226626685 1.87459334043392 1.99137341944379 2.09153741538084 2.34833748420773 2.31699064554929 2.23334604387031 2.11026662450843 2.19126288085958 2.24634904405498 1.92515471302652 1.88002587373274 1.89862859195213 1.79952251988866 1.79114004908706 1.83460276871306 2.01405282995996 1.92941199168178 1.79405624162546 1.81621468856535 1.79976887169855 1.92254598974602 1.89439491807099 1.86187686910843 2.08414597675613 2.10144636653248 1.56438168559021 1.23955494744361 1.50786966466955 1.43934214718967 1.58022663233613 1.96229800784949 1.87517254590819 1.69271252882901 1.6556588661444
2.04818690056891 2.09478575381433 2.08887376391251 2.12340940740617 2.06340809824067 2.02352856427694 1.95698667913819 1.99934852588879 2.05496647504933 2.07795391082567 1.90285935718903 2.05615930145174 2.08521460963806 2.11046448785212 2.25863046360346 2.19517782721076 2.38668211303001 2.33824556961748 2.12153946678738 2.07399751975373 1.99919671628638 1.80189248578002 1.67950842664211 1.92976139364455 2.0813040275613 1.97424439117228 1.78342025841609 1.93038283017922 1.9761149379209 2.02491640413117 1.79498932522116 1.85127950910027 2.03014948462153 1.905964290127 1.83984300381815 2.0309124051435 2.12281661423504 1.34054578013779 1.18807006219284 1.19618908002061 1.48606384021556 1.69560609715164 1.96689561068288 1.84104740661374 1.76906444872448 1.81176989995712
