IBR/IBR_outputs/all.combrep_1/PersistForestCover_Total.WeatheringIndex_Total/PersistForestCover_Total.WeatheringIndex_Total.asc
NCOLS 160 
NROWS 95 
XLLCORNER 210004.651214014 
YLLCORNER 7350008.22228844 
CELLSIZE 4999.99999999997 
NODATA_value -9999 
[rows 21 to 41 of 95, columns 92 to 137 of 160]
1.64246578377951 1.79603094455688 1.71497535920143 1.67166407029619 1.39442915195372 1.33603632885695 1.68947567098713 1.48579060572681 1.48663124428593 1.59064845430641 1.55399533244875 1.56035562318088 1.54073311351676 1.54538605917122 1.51301582390847 1.5201435204292 1.67927822248443 1.83925569633 1.82704710624228 1.68860048661173 1.5342354036171 1.51352467025869 1.51342132094906 1.52360174221996 1.6199549965623 1.85492833454257 1.96273295376892 1.93434989085857 1.97724785839345 1.97826858656802 1.96504914802535 1.85875548670397 1.7272442348555 1.88862589408075 1.91473064428615 2.11436789104705 1.9892468951575 2.12564439951232 2.13466963554103 2.27300712525608 2.31531356418741 2.38096113294728 2.35828291189487 2.31765393142444 2.32561240062807 2.36134427870562
1.68658451947059 1.6535093988744 1.6952022935431 1.49744980820167 1.31000529785239 1.37813509688364 1.50135432381833 1.47306029776125 1.49506786573984 1.70484989660597 1.70303279125746 1.77836857808647 1.6987338034102 1.56105081082903 1.51609315425509 1.58317371814702 1.7801954649113 1.89275796485783 1.88718108873337 1.82566652944604 1.64867043020156 1.51715619966339 1.50746441657405 1.52745982341392 1.51633229385688 1.74029827964751 1.75003362955228 1.6712915075068 1.73250057752722 1.85203301339958 1.93009816220955 2.00327789570828 2.03104438923394 1.98363696603898 1.81938648579323 1.91811344382096 1.94334592174095 1.99172049709764 2.05040949641371 2.13535457345263 2.15818262699828 2.15788249092355 2.2285796393654 2.26843158931644 2.2968777906464 2.34142051762881
1.91753976052909 1.95840026290381 1.81359107965691 1.66539021903226 1.87074734766671 1.5946548521463 1.46614795579872 1.47940565945939 1.4744427535218 1.49897498130735 1.56663822150818 1.73029824480986 1.73091835451308 1.6550007246504 1.51122278924055 1.68388585843189 1.89039186694714 1.94508363421736 1.96052919797242 1.74908861393362 1.82087386296879 1.57391219453606 1.51258787151059 1.51153975741428 1.50810489506032 1.52118204985806 1.52701474727189 1.54680691515138 1.5213510171366 1.58751817285138 1.89034065988686 1.99318646647022 2.02972610158005 1.95536751646748 1.91329882405952 1.97505971192606 2.01467988114969 1.97937475580857 1.95626743567895 1.95911918571918 1.96208097275282 2.00182599740762 2.00870188980464 2.02538743067764 2.15861116792039 2.24175336625788
1.67517372029828 1.83095828343007 1.92918170766823 1.8125955972765 1.58801644659912 1.48408745133913 1.60336863945005 1.48529379848787 1.47319186436262 1.50484703621851 1.57044221584237 1.85036819582328 1.74526737864428 1.6943155191237 1.51951014134075 1.83826387103441 1.94846767381843 1.98595980944527 2.11497818283539 1.85719329162599 1.76747932463211 1.75173061056852 1.62688134981635 1.50212566795474 1.5487933197406 1.53247917120804 1.47025685406907 1.49390926614757 1.50252811946162 1.75581485014336 1.93145491022219 1.96776064163872 2.02755326600039 1.99644148492518 1.96979678560151 1.88487687597077 1.83320392199274 1.93785071533265 1.77320900661315 1.66971291499578 1.75563372008765 1.95683011794249 2.05237787536795 2.06375640187582 2.03124719633315 2.00192849980904
1.71071515725324 1.61456089745673 1.57055283820441 1.62457420400125 1.68459083407872 1.74216758305985 1.68378648723142 1.56650585661313 1.46042868622019 1.52244162543925 1.5649595558188 1.85357864541017 1.87857381456884 1.76295928123987 1.57170738139287 1.91591216482876 1.93924368802667 1.9343201978197 2.03744105419647 2.04375712624203 1.92966325808127 1.78962005283761 1.8280130818843 1.51975125720768 1.54588033743741 1.51261717408758 1.55955395940089 1.51406904515766 1.48612710730745 1.52756862578374 1.91003183380806 1.93047039455031 1.77854316982111 1.74996554238731 1.9901431927798 1.86977594400601 1.53689586741231 1.66680515331572 1.52414613207634 1.45415212690184 1.5097458077255 1.85134444539177 2.01363227590394 2.02367950050515 2.01452108187403 2.0095955315217
1.46979288074708 1.4605401164706 1.48376220382727 1.46163309735246 1.47077313976562 1.52695782630473 1.52838242898593 1.47026224613659 1.48298525559861 1.5118505924924 1.77532777884347 1.83524198644067 1.86069955818782 1.73042021546891 1.60978835966149 1.94650930086526 1.76286607532299 1.78907202941201 1.74037739802045 1.85052183876213 1.99079270822051 1.83534049630979 1.91612177739718 1.67185696429335 1.61536875874943 1.57177107126099 1.64944210275369 1.48993432675237 1.69192007670649 1.62082364035691 1.85610818020099 1.80834977907068 1.59325241177475 1.76514132164365 1.88285256467268 1.63755946353212 1.47853939235703 1.438464279584 1.71099248684773 1.48124864463466 1.6624607043403 1.66278049968131 1.90751156399958 2.02231476213462 2.30615332861109 2.15109993564659
1.45352933963395 1.40095030727616 1.40691022437709 1.41831797884194 1.44044047289547 1.41789469089617 1.43940902939513 1.28119100136972 1.43527189485965 1.48186777414122 1.55578861525848 1.71591646693027 1.93426413964326 1.7518677726313 1.7389730843921 1.9235400523087 1.71359619153159 1.72492286725933 1.69132865603468 1.7731982796686 2.00002106997304 1.90381505555747 1.94879264734539 1.86224710341132 1.5772523245546 1.67866348762051 1.63090276817554 1.67072131357667 1.7849782730526 1.7569903021106 1.82558111796257 1.81898142914532 1.43230392727754 1.72597075929809 2.06251125270835 1.88472734016996 1.54239551886458 1.46482231748614 1.73737214661904 1.47177963173817 1.45989967570833 1.66320730895393 1.92582188300243 2.02143697129151 2.35889070068827 2.39934833957256
1.43427744743634 1.40242184682145 1.36503470925017 1.39127059426553 1.34086029824677 1.33343042602123 1.50223231881154 1.36613737611977 1.48096116966137 1.51317654864 1.75359844308633 1.72383272094616 1.78140230273937 1.79292721375236 1.71214445349791 1.92435198304707 1.87069496997186 1.81657068831355 1.77932246024749 1.98902831561048 1.96824298411567 1.86845370400829 1.68755667717143 1.5457159059187 1.8155120344143 1.86113068908648 1.94232621037682 1.97396328351141 1.98577700822253 1.90825255660436 1.613639643634 1.96661534059386 1.90249148700945 1.26727268632265 1.70631695204581 1.97579918765279 1.87962348195727 1.7885440503247 1.71250685156632 1.68037597321552 1.56501887454271 1.80068928424067 1.90131354638488 2.07264262415522 2.60413456713181 2.39875785707329
1.52872056417423 1.46222383708349 1.42659045837866 1.41980371774519 1.2922544320749 1.52200143127864 2.07288683359925 1.82837138640165 1.93558632870371 1.94599278015755 1.9498418241952 1.86161804810041 1.91710875188747 1.90598808868899 1.80023751475666 1.99605718088845 1.85233636044309 1.70317602108186 1.82019251978452 1.85685692902553 1.80519720554004 1.84820749046828 1.59079251590938 1.80834565620733 2.01175029934599 1.97707944277545 1.96917383146134 1.86307742310159 1.85506018359055 1.51060081892385 1.66705032766115 1.71623461323826 1.98650952877169 1.98218658693637 1.55636921182657 1.8085374914204 1.96099529547502 1.96458014900831 1.98537266038086 1.95224295742084 1.84355343545147 1.88421349053326 2.20348987591216 2.33978560253766 2.49693663022256 2.41576858170387
1.69890173918642 1.58198946679284 1.69592218642764 1.60245153254509 1.67961138402401 1.91399948450034 2.14792390307551 1.95321072581167 1.93294827223076 1.93471348313849 1.96062806921868 1.96150265918173 1.96151275397105 1.92282311852869 1.79539490620021 1.86706993711941 1.90989988521395 1.98478801601673 1.84249265236668 1.81642685841886 1.77259613425317 1.83259086725344 1.76437849604794 2.05949126306943 2.03020394330737 1.84599432703926 1.26887999445886 1.24280568195447 1.31923800716776 1.34373582018651 1.30471800053276 1.28256285484484 1.59823873969896 1.64244437310051 1.88107730193737 1.34640141142379 2.02335598414076 1.99591766545243 1.97660855420654 1.97155580865412 1.99145079473762 2.00256561032247 2.34218699364632 2.4727525487673 2.48699908016513 2.33589157439549
1.88261226875488 1.60321234541073 1.85174644457393 1.97360741445524 2.01836779563536 2.0679476673297 2.14886050666098 1.96727348655521 1.98775407184414 2.06079430226391 1.97166205944863 1.95694320319406 1.87842422679632 1.56007093599365 1.72447005222414 1.98450626324274 1.98160977676031 2.01248948681711 1.78064184107142 1.8494093234489 1.86788302564827 1.77413177980107 1.9571849905778 2.09867612536732 1.96706870932132 1.66531403341191 1.44128809622661 1.41247684787755 1.40635314034519 1.41638157941591 1.36524067882545 1.33984634795747 1.30832590068425 1.35637826681833 1.65127153313166 1.4448808570468 1.57930101655532 2.01357566698554 1.98669871961495 2.01548428073332 2.03100033617423 2.15259127801159 2.27965896087163 2.5541386933203 2.54340672875496 2.26160518458998
1.85559405572474 1.73089189181919 1.57694958459889 1.79490009038366 1.99168531839989 2.02526444866027 2.11992160192884 1.97484729799457 2.03395854204786 1.93741278306197 1.6664643328828 1.64664033849588 1.81760345917847 1.5994408728766 1.83527154811795 2.05904099337014 1.95643880484033 1.99073089652556 1.91185479982694 1.87010997927438 1.95438215355976 1.74097527253342 1.94909065542134 2.03685615983561 1.92696444139599 1.72290397267233 1.27286697612256 1.1434752384256 1.29483014210004 1.39162375003046 1.44092835676882 1.43907686022218 1.45059699747284 1.34868617044868 1.55354638307607 1.87178934846853 1.59348967746226 1.93762652703777 1.96600665400184 1.89778915425517 2.00498497649297 2.13210803974487 2.30652601238463 2.45226710464402 2.66814075659444 2.4416821394934
1.83856046148262 1.85331944686368 1.55148446247735 1.52508271856073 1.99201994131733 2.0033241850789 2.02789550116111 1.90737615303515 1.9165403885814 1.92462602735095 1.34569455943771 1.47621542755542 1.71404678402651 1.69777075144624 1.86273065281411 2.02537770652087 1.94570598832626 1.99586224761533 1.97467019166271 1.83014373487326 1.91583531774296 1.66776890456061 1.85349454819748 1.84110643792049 1.78428740125738 1.64945538614901 1.55885829460524 1.56318721074137 1.37032970509214 1.52262902153689 1.45149227204713 1.48564715264502 1.45030838283804 1.37507784570372 1.35275765868393 1.72975602468965 1.88679427319418 1.83823002708788 1.76070230863282 2.0025254338229 1.90484784636676 2.06173411081365 2.23974059319329 2.1995182912884 2.60707185961037 2.57679399309181
1.78551911308985 1.65158438407676 1.33949978760454 1.33043741524649 1.90372569774882 1.8216083981116 1.76139852276559 1.83761685969769 1.80645858625716 1.92499710498988 1.2775254463113 1.15697319165351 1.66447994121108 1.65945681018309 1.95601304646866 1.86559191026741 1.9663240638492 2.01819999153036 1.90009911320361 1.88741115423488 1.96900374107593 1.90458654140856 1.86445136181101 1.88559950169807 1.7257202207877 1.70686010031329 1.70693481201662 1.90350955879924 1.89432855851439 1.68529552330011 1.48191366645579 1.42551861709554 1.43688477554967 1.39150592421003 1.3579967208944 1.67533160452676 1.92649513126132 1.8455768067842 1.85756492244637 1.6248860951161 1.88592775110677 1.94819825436669 2.04374027246199 2.15888861279088 2.31548567084454 2.39802099135938
1.27110176430695 1.37773374100578 1.22948292720691 1.20567606931038 1.42745387327679 1.44638822368636 1.86796371410019 1.98476936761198 1.91426817959496 1.64630540139342 1.29549432076769 1.20835318039439 1.55277282282536 1.82165971627457 1.75106190374469 1.80784365439604 1.85089540543441 1.88646353479158 1.92348888910971 1.89461865236744 1.87431990014888 1.95795464789025 1.94193612773471 1.87479169112226 1.89914651237366 1.46872804256948 1.64450045700023 1.80265595716584 1.59058174498369 1.54806321407888 1.51690969436868 1.40541652603817 1.42478508472501 1.44625093298562 1.57117726757515 1.73753181289915 1.61721031539061 1.82486051124108 1.94169771769858 1.57014744513019 1.81476400874186 1.89631653638944 2.00994180064208 2.19435616198739 2.34967124979272 2.27579338489742
1.14444290543835 1.3035341981214 1.28855535612334 1.11225939986185 1.4241674058575 1.54527889575402 1.77285909026149 1.71093167056188 1.85166383769115 1.62506724476788 1.18732223499851 1.43939752466385 1.61276873123528 1.6580643197747 1.70679777006764 1.85614820309403 1.84839255973576 1.91283193805121 1.92640256117484 1.87710903992807 1.69557074166667 1.97664090159241 1.93502623591432 1.99887333917432 2.1152830419778 1.91437043089195 1.81134925616893 1.89402894806108 1.70561179387298 1.55501351594369 1.53249388012377 1.51534839588378 1.67913704328355 1.65604857766285 1.86632239105175 1.65314381151446 1.74119089398997 1.95070106638816 1.94933870989813 1.755297702357 1.76681645442658 1.83234404356165 1.85625140089586 2.02573331195807 2.29900546782302 2.3114611743281
1.05434457878907 1.08253608333006 1.13167994647704 1.11509128014177 1.10793934480018 1.51454909819278 1.50468343754663 1.42900602378837 1.81680457798093 1.84005058586749 1.40862940859581 1.60589648327414 1.64751419686779 1.72674127876184 1.81722883376201 2.02339563714092 2.0001087920727 2.00198018668944 2.01192858366622 1.95273785442294 1.75821188414145 1.89856633470279 1.98109184494353 2.0242856379615 1.96454917329737 1.82708730687809 1.87209775561773 1.86244600125952 1.74120422165714 1.94234579804276 1.89300946093594 1.87284385283458 1.77807941498499 1.88916673755553 1.69222893976775 1.70278670184047 1.93890080998929 1.91407705484373 1.54247751413826 1.83332699137005 1.8002834172234 1.9101002737425 1.85904637611585 1.79677573504454 1.8605178889592 1.98799536311435
1.08704438836731 1.10270830991897 1.02081828528878 1.07354054722508 1.12011285024115 1.24424820325355 1.50053317172308 1.61620294922858 1.80916575514727 1.69314908149913 1.74306065463931 1.81501230564983 1.76579297323353 1.93445468971414 2.01040592330836 1.60911584721367 1.77617184091756 1.87049509980724 1.91323122634827 1.97438317035904 1.55701548650852 1.68017929013697 2.00651424771209 1.91795629506008 1.52915768924826 1.45754208678284 1.40294924171359 1.65419054737753 1.73055161930962 1.83692088780252 1.95310846423842 1.89217827505729 1.96180995730162 1.70561479579436 1.74236070907405 1.74905603466608 1.83744673616 1.90085887672609 1.70792154591814 1.88894388086578 1.97000040489488 1.90964598642493 1.72599580396583 1.91910067557862 1.82245034144857 1.44252981680816
1.17579669307888 1.15750817646238 1.16114169184491 1.14628857535515 1.22781801377371 1.29520487223894 1.27991171459753 1.88197967037251 1.94232128847538 1.77880883025573 2.01238414169281 1.92564205051925 1.64644571039033 1.84206538101761 1.69184474128492 1.25868316043361 1.20571524610837 1.29559873143523 1.55255577479906 2.03214535455757 1.79531403096768 1.71344025689965 1.94462017367055 1.71497271011697 1.60958608403644 1.44704174860325 1.3738506013082 1.31548446189676 1.50957450579944 2.03512500019523 2.02231722985109 2.05569356199295 2.06738365323401 1.82855949030373 1.68828949499696 1.68483514128518 1.80966255849214 1.86543075976261 1.71848824958942 1.63493739437442 1.81800518627346 1.71424497255934 1.73850670335343 1.73335045379265 1.52521162364553 1.60706724856958
1.87142020392435 1.70624072234864 1.45836773962442 1.38173656372518 1.41494207096018 1.40163570795192 1.24212604868233 1.31142637894615 1.95920769335599 1.83521762012205 1.93776332545721 1.84661674521307 1.76137920640665 1.84892875599641 1.5432482805726 1.23126636696857 1.24153478185831 1.25850178247044 1.24279592946816 1.64336184818675 1.92563434142537 1.81873664611796 1.89728470379949 1.66271064619097 1.55256322752254 1.44741791746919 1.40876374291362 1.33218641049599 1.26241947730387 1.92471884131852 2.05360248211355 1.97982974106205 1.77286581986817 1.9439314918653 1.84175353831433 1.83702682193813 1.69834583961362 1.66023379508513 1.90298866473666 1.75469200261599 1.59938505679236 1.35176312350842 1.48282962387042 1.73272610722366 1.4287683254941 1.4503894369207
1.96209148440466 2.00417963825189 2.05186761870293 1.74975821981418 1.48601368055586 1.46530629298129 1.30256551680251 1.28696406490161 1.67683043510892 1.96770663492848 1.92635081580738 1.7652832566359 1.97242485546939 1.68033516291545 1.56443986834675 1.18632762931968 1.2649564663699 1.14241104463509 1.23347756285584 1.21947880118603 1.59061504764758 1.8397965138908 1.88334008289902 1.52645990600757 1.43934693633674 1.44512226827288 1.377154065582 1.31666220444249 1.36183480378874 1.88856678713485 1.91507722179332 1.87039597521837 1.93050504393734 2.06996841397363 1.95588014847517 1.5061336499058 1.69583951193979 1.80242972745456 2.08879218334142 2.03099950991883 1.68624920031072 1.22190953161934 1.25686925454946 1.35561217272527 1.28748759926418 1.37650263959638
