Rasters_5km/Final_IBR_Set/EucDistWater_Res5km.asc
NCOLS 161 
NROWS 96 
XLLCORNER 210004.651214014 
YLLCORNER 7345008.22228844 
CELLSIZE 5000 
NODATA_value -3.4e+38 
[rows 21 to 41 of 96, columns 94 to 140 of 161]
3066.00039550781 2728.12151367188 7073.97765625 11929.096015625 15779.9645703125 12300.8462890625 7462.53052734375 3114.49871337891 3567.11895263672 7335.61369140625 5400.03766601563 1943.23071289062 1439.69015380859 4119.61182617187 7926.21802734375 5421.75216796875 3149.50140136719 1002.83973999023 579.238029785156 3268.23026855469 6439.9493359375 4500.19721679688 2259.58363647461 1844.79544433594 1586.6228527832 1355.86579284668 1225.61202636719 1353.22572265625 1259.32638244629 3737.83395996094 3685.86890625 1005.90264526367 2227.68989257813 1081.3381628418 2738.84087646484 6347.4427734375 8835.85185546875 7723.9765625 8444.3152734375 11131.9590625 12570.9925 14156.706171875 16754.0524609375 19958.72 21715.230234375 21456.33796875 20296.604375
2053.08799682617 2774.70722900391 6676.25202148438 11311.1887109375 15770.0065625 13875.4653125 9842.05630859375 7116.95203125 7288.02298828125 6468.05501953125 2560.76356201172 1930.26481201172 1691.96832519531 4641.73194335937 9314.4992578125 9643.1689453125 6466.17528320313 2373.53425537109 740.511262207031 1926.2412902832 5638.38030273437 7994.30681640625 6674.18517578125 5876.39310546875 5679.8298828125 5771.73873046875 4668.19950195313 3721.69745117187 2602.12524780273 1147.05272705078 1786.285 1349.40041748047 1564.16687011719 2771.73442871094 2519.03822753906 3986.90563476563 4689.52794921875 3147.78328857422 4531.27104980469 6693.4863671875 7714.58802734375 9814.5838671875 12938.1551953125 16188.94125 16728.6065625 16744.9351953125 15349.521875
3239.52469482422 2836.82585693359 6445.45744140625 11161.93515625 16023.0746484375 16780.2054296875 13398.6945703125 10833.1120703125 9295.40513671875 7027.49990234375 3991.64307617187 4212.05037109375 1877.44316894531 4836.49221679688 9672.85443359375 11707.7840234375 8861.71099609375 5395.60129882813 1565.21457397461 842.717995605469 2908.08763183594 6291.06030273438 7709.24947265625 3891.19505859375 3631.35415771484 5732.68380859375 6791.7121875 7328.2886328125 6283.67419921875 2789.54998291016 1957.34662475586 1500.11954956055 1186.07962890625 1137.81194824219 1405.30616088867 1187.12370117187 1205.95720092773 958.576268310547 1482.96623901367 1934.38116455078 3071.04207763672 5925.56649414062 9556.12626953125 11775.591875 11745.820390625 12207.8761328125 10472.6855078125
4393.43797851563 7046.41236328125 9221.7716796875 12898.7841015625 16760.14796875 16976.9915625 12555.809765625 8403.45732421875 5202.09908203125 5032.9966015625 3564.45936767578 3374.97445800781 1315.09850830078 4770.99083984375 9131.15162109375 8035.1641015625 6927.5853125 6326.091328125 2329.28434814453 1402.25197265625 1297.53956787109 3299.01342773438 5857.06779296875 4005.29623046875 3118.92211669922 1872.60863037109 2787.72879394531 4944.84864257812 7008.790078125 2727.70866943359 1496.12211181641 2854.58256835937 2265.69811767578 2712.59317871094 5324.153203125 4860.13474609375 3893.329609375 1969.27854248047 1486.07945068359 1096.31921875 1174.92593139648 2994.77217041016 5511.57977539063 7293.21958984375 6821.911015625 8152.9017578125 5848.02354492188
4756.56966796875 5816.68569335938 7808.40599609375 11468.938515625 13219.5862890625 14274.5350390625 11227.2597265625 6378.85880859375 2085.62223632812 2830.79609619141 1755.75139892578 2262.21024658203 1357.501015625 4449.03512695312 8070.23365234375 4721.48377929687 2545.38206542969 4585.8144921875 1502.47935668945 2139.46907226563 2495.46408447266 1734.87514160156 2120.8515234375 5239.37262695313 5954.45139648438 3688.25494140625 1312.1949987793 3998.58444335938 6316.5932421875 3141.0730859375 1507.90371459961 3573.41291015625 1536.46120605469 2427.91015258789 6275.1083203125 4983.05143554687 4273.67642578125 5970.4291796875 4874.45281738281 2243.28911865234 1384.43118652344 1123.9812890625 1694.99046386719 3056.02717285156 2508.60155761719 5704.0787109375 3100.96072753906
5028.7436328125 1956.58102294922 4988.90734375 7579.31150390625 8401.3748046875 9790.43689453125 10123.071953125 7672.8519921875 4814.42452148437 4351.79873046875 1699.78688476563 2197.77909667969 1694.08878662109 4488.2322265625 8068.09369140625 4559.35232421875 1354.020703125 3071.34199707031 1571.1674609375 4516.67098632812 4109.10294433594 1126.40499633789 1975.40711181641 4647.23025390625 8290.88185546875 5249.19932617188 2433.28869628906 1954.11124023437 3986.57982421875 2463.64204589844 1422.12786621094 1670.45948852539 1919.21651367187 1730.71994628906 4510.765703125 3561.13740722656 2727.87921630859 6866.25357421875 8550.17041015625 4931.2329296875 1372.71209350586 1325.96099121094 2774.29286865234 1247.06895751953 2348.17278076172 5774.68134765625 4639.8828125
6267.53924804688 2423.89295166016 2661.85537841797 2848.30591308594 3936.42094726562 5002.9562890625 6393.33893554688 6707.0241015625 6557.17673828125 6918.8940234375 5369.87069335937 4044.13662597656 1129.07170288086 4231.22181640625 6001.0007421875 4473.8537109375 3048.66131835937 3971.44 1063.78673339844 2012.54184570313 2527.88875244141 1686.04946166992 1290.98881591797 4561.01389160156 8422.95001953125 8570.346328125 6814.50521484375 4903.74416992188 2559.42196777344 2319.15607421875 1306.12070068359 1346.02831542969 2404.97654541016 1393.1805859375 1920.37754150391 3539.19168945313 1678.30456542969 5280.94491210937 9315.14318359375 6508.687578125 1828.8836328125 1381.72596679687 2993.38231933594 3821.88564941406 1238.90254882812 3375.25474121094 3033.48539794922
7170.18021484375 4686.68168945312 1939.79819824219 1662.98111816406 1508.37843505859 2069.68011962891 3238.79928222656 2727.42770751953 3251.92011474609 7581.90791015625 8237.9071875 3774.44108886719 1065.88983886719 1460.54803833008 2080.09438232422 1958.83384765625 2494.67069335938 2658.05379394531 995.209180908203 1310.70829101563 2119.24101318359 1761.98064575195 1480.63457763672 1952.99959838867 6022.98646484375 10474.894765625 10423.96140625 8087.019453125 5545.27291015625 4563.10309570313 1548.61561279297 1350.81391601562 1586.78076904297 1676.09210449219 3862.08754882812 5445.96958007812 3813.54194824219 6187.7916796875 8352.10955078125 5474.98716796875 1713.81891479492 2225.18530029297 4044.27446289062 6243.72732421875 2208.53006958008 2824.84348632812 5413.02721679688
3495.09045166016 4790.48046875 2301.76850341797 3211.7387890625 2609.53462158203 2197.63448364258 1953.98547607422 1977.55914916992 3571.37141113281 4926.50418945313 7192.24828125 3826.98200683594 1447.72934326172 2170.39164672852 1143.47700927734 1978.28844970703 2394.72105957031 1571.08892822266 1861.20752197266 976.212102050781 2206.01953857422 1516.05375976563 2291.15616455078 1647.85260253906 5059.68418945313 8603.20935546875 8092.7089453125 5275.74295898438 4323.90231445312 4088.27612304688 2725.37216308594 3366.42591308594 1391.99835693359 1196.35957275391 3093.39201660156 5871.98072265625 6444.34908203125 6938.1051171875 4330.15184570313 2926.48739990234 1486.89368896484 2798.53517578125 4595.37416992188 6738.37748046875 2507.30460205078 2338.30763671875 3953.56438964844
1442.10274780273 1751.25274169922 4732.351015625 6003.437578125 6357.81552734375 4658.1082421875 5488.50618164063 5201.22174804688 2487.25682373047 2313.96096435547 4801.7823046875 2685.88819091797 3391.93426269531 5649.65223632812 2795.0126953125 1079.8317199707 1164.104296875 3226.4137890625 2088.15231933594 1318.88331420898 1631.04604248047 1559.702421875 4140.14831054688 2127.57943359375 3339.30913085937 4567.99013183594 5669.5632421875 2276.59495849609 1489.1982421875 2293.26908935547 1782.83803710937 2256.88476806641 1293.88420898437 1701.20638061523 1066.33513061523 2214.86561279297 2623.18994873047 3623.58938476562 1792.86963867188 1025.67101928711 3131.78167236328 3386.01122802734 3049.55790283203 6786.853359375 4703.2091796875 3680.28747558594 3371.63227539063
2204.08166015625 3562.51251953125 3955.446171875 3067.88708007813 6372.63326171875 7479.6632421875 6679.3605859375 4066.28999023438 1344.77091796875 3464.70167480469 2033.85767822266 1010.99331665039 2691.04625 4569.30279296875 2875.19748779297 1027.03402832031 1032.83834960937 1196.02319458008 2069.42350341797 1383.3819909668 1481.02918701172 1533.06184448242 4653.04055664063 2054.17579345703 2124.82606201172 2016.87283447266 2608.26135253906 3177.33199707031 2079.05821044922 2021.77667236328 2018.247890625 2847.08457519531 1474.22767089844 2903.91228515625 2418.36501708984 1253.57472900391 1974.961328125 1304.48786987305 799.555916748047 2106.21097167969 5774.73416992188 4724.7944140625 4423.25407714844 6717.99373046875 3847.78046386719 3784.43217285156 1865.52930664063
3179.29653808594 1928.48966552734 3680.59212402344 2516.37701660156 2337.99250488281 4229.285 2775.50834594727 2168.69631347656 1288.75037475586 2286.40280761719 2502.19653564453 1344.50331176758 963.770388183594 1561.71205078125 3290.85177246094 1254.43419555664 1842.06094238281 1363.05390625 2048.07601074219 1060.54405029297 1618.60194824219 2372.440546875 4445.08009765625 1573.94881347656 1792.88486328125 1672.68296875 1274.52894897461 1406.50114013672 1263.22193603516 2299.41680908203 2900.96747070312 2781.82836914062 1709.81606201172 3972.18077148437 3148.60307128906 2142.074609375 4885.91596679688 2439.25560546875 1553.13133544922 3229.92946777344 7505.8896875 8701.39384765625 8628.33935546875 6302.393515625 1802.1049420166 2891.76554443359 3464.65466796875
5301.173984375 1692.81818603516 2679.14154296875 2229.22448974609 2166.21712646484 3273.24548339844 1212.59967529297 1152.8681640625 1053.71367553711 2369.10989746094 2590.01956054687 1666.21023681641 1915.102109375 1898.52239013672 2495.30022949219 2969.23573730469 1146.71615722656 1536.70847900391 2378.92372558594 1478.24546386719 1114.61888549805 2936.49510253906 2153.21821777344 1394.76771240234 1851.70896484375 2113.80536865234 2141.28189697266 2629.72251953125 2824.25553222656 2023.78128417969 1524.04076904297 2063.30254150391 3478.43659179687 4610.21270507812 5462.29103515625 4846.32955078125 2725.21135253906 1412.0789440918 2363.56944946289 2426.41613769531 5833.461171875 6490.71845703125 8108.46685546875 5748.03740234375 1913.98345336914 3605.35400878906 1665.11678710938
5013.83690429688 2445.80651123047 1301.21267333984 2691.79635986328 1713.783671875 3266.54509765625 2954.51181640625 2071.41751831055 3373.22059814453 2049.60725585938 1792.03810058594 1282.03047607422 1316.26837646484 2735.05023925781 2544.23269287109 1790.44665283203 1304.43019775391 3393.85548095703 3258.15291992187 1231.12287963867 1481.98432006836 4797.119140625 4272.5466796875 4094.42649414062 3638.52791992187 4501.41696289062 1941.94015869141 2451.11991455078 4304.58713867188 2302.40326171875 2703.03768554687 1888.71208251953 3126.86512207031 2142.64264404297 4542.3113671875 5049.7506640625 1531.77230957031 1943.1363684082 4667.74649414063 4233.33221191406 4023.55923828125 2232.86737060547 4199.4069921875 6575.64005859375 3741.41653808594 2224.74565429687 3336.14865234375
2674.29075195312 2662.02494628906 1132.79852416992 3141.99825683594 1957.15854492188 4022.81125 2169.61396728516 2451.15503417969 3790.59817382812 2443.76701660156 1141.51603515625 1789.27035400391 2022.36866210938 4003.60216308594 4274.52755859375 3252.51798339844 3319.85017578125 2998.11330566406 1553.98739257813 892.189444580078 1722.67157836914 4974.04534179687 3073.45318115234 2605.13801513672 1697.82634033203 2683.64049072266 2591.25383056641 1795.69223022461 2427.67354492187 3201.3182421875 5892.71745117187 4463.53130859375 4942.82684570313 3800.54077148438 1815.43149414063 2889.48139892578 1188.28293945312 3512.35393554688 3702.63603515625 6401.16689453125 4532.1187109375 1692.07220214844 3299.10916503906 3352.1405078125 5029.7766015625 5426.72368164062 5590.49212890625
2690.73021240234 4084.89270019531 1814.80837402344 1637.94901611328 2248.07488769531 3446.83884765625 3067.86461914063 2316.98582275391 2469.90457275391 1980.39144042969 2097.05747802734 2142.96400146484 1422.11191894531 2050.87859130859 2800.15641601562 1076.16406982422 2090.04957519531 1169.19693847656 2442.18006591797 1247.66316650391 1018.90617797852 2369.65124023438 4222.51609375 3949.99389648438 1854.42157470703 2263.12435058594 3019.8573828125 1122.39615234375 2467.93210693359 5281.37979492188 6086.27671875 5557.51599609375 2715.04347900391 2200.1830078125 2488.85561035156 996.520927734375 1958.82126831055 4071.30797851563 2622.89254150391 5984.06849609375 4949.83788085938 2187.60405273437 3649.82344726562 1118.17296325684 4692.36083984375 8831.15837890625 7647.54791015625
6385.57978515625 3750.43494628906 2510.86393798828 2122.2798046875 1731.46806274414 2113.0024609375 5182.04811523437 4033.973125 3881.6765234375 4493.47913085937 2924.44859375 2034.18249267578 1555.84224243164 1148.69282592773 1388.09831787109 1505.11100830078 2168.03345214844 2894.36589355469 1277.61756958008 2138.59073730469 1825.64147460938 2011.23044433594 2574.03675292969 4819.9875 4526.00723632813 3484.67176025391 3068.16328613281 2651.53403442383 5243.04020507812 6521.3578515625 2568.20340820313 3257.97282226562 1541.18843017578 686.108914794922 888.222309570313 1440.79706665039 1502.42665893555 4852.07752929687 4309.604140625 3556.12013671875 3965.87596679688 2613.62573486328 2506.55527832031 2134.04634521484 5251.57206054688 6253.39112304687 7324.03703125
8720.9484765625 4971.78301269531 4304.86862304687 4995.33763671875 2172.58585205078 2151.79185791016 5985.80421875 7287.1767578125 3866.86203125 1583.10416992187 913.461007080078 2014.66469970703 2625.25038818359 1743.92727050781 1836.81078125 1527.85843261719 2305.35045654297 3622.24495605469 1456.55868286133 2632.98727783203 1348.80423706055 3096.6736328125 1995.89222290039 2284.4028894043 6053.53901367188 4403.8799609375 2111.61192138672 3600.18141357422 4170.95128417969 6954.73091796875 4860.07952148437 4233.9273046875 1383.30269165039 1679.38404296875 3495.47088867187 2902.22125244141 2912.73756103516 5568.95014648438 3186.95186523437 1153.2851184082 1567.58966552734 1770.34659790039 1372.63568481445 2150.1769140625 3154.55780517578 2449.97819458008 4976.59840820312
6468.41409179688 5650.77575195313 7666.18919921875 6326.17546875 2388.32385009766 3365.12159179687 3443.39393554688 6284.40942382812 4321.75349609375 2226.60852050781 1803.24136108398 2158.64036254883 2371.72077392578 2018.59939453125 4322.06534179688 3436.3660546875 1870.02302001953 3938.89172851562 3005.19396484375 1586.83126953125 963.564909667969 1299.89869140625 2955.80200195312 3936.17181640625 6701.75626953125 3938.9626953125 2385.57685302734 2726.58150146484 3366.57948974609 5226.37108398438 5018.13392578125 2664.49274902344 1657.29832275391 1624.61317382812 1989.89029174805 1834.25852783203 2667.70633789063 2717.17386962891 5652.47150390625 5068.35311523437 4090.35645507812 2229.67389160156 2780.80811523437 2824.21354736328 1994.60111328125 1220.93308959961 3404.51788085938
3631.21452148437 2223.42856689453 6586.6703515625 8595.97810546875 6516.050703125 4211.69303222656 1571.01609375 4202.055390625 3435.38309570313 1904.54063476563 1703.73386474609 3307.56143554688 3042.27308105469 2610.48181152344 2476.6301171875 5212.54927734375 3189.35785888672 4000.28336425781 6048.63498046875 4496.64170898438 1604.73459472656 2320.76766113281 1154.9259753418 3716.73806640625 6652.857109375 5037.9709375 2904.11652832031 1170.58657714844 2342.51858886719 1513.28916748047 1616.76909179688 1367.81956787109 2021.98349731445 1384.96842529297 2105.37872680664 2862.14422363281 1071.44453857422 2437.59829101562 5253.05450195312 6081.01493164063 3871.9838671875 2473.79771362305 2195.87486328125 3494.50561279297 1373.56501464844 3646.37908691406 2860.25830566406
4325.09899414063 2563.16687255859 6409.69780273437 10124.0469140625 9954.30953125 6455.54551757813 2885.86794555664 1824.82841918945 993.47712890625 1701.55049316406 1442.13221435547 1710.53794433594 1695.23298217773 1209.45816650391 1003.13920532227 2953.47294433594 4487.19946289062 2971.49451416016 4239.98629882812 2317.50985839844 2688.60633789063 4642.16524414062 3472.06044433594 1372.79385864258 2943.58623779297 3605.33470703125 4526.97306640625 4227.77509277344 3234.5726171875 1525.71171630859 2989.25228759766 3300.63135253906 1413.78151123047 1275.46476806641 4007.92120605469 2821.10560302734 1074.48801635742 1961.68380859375 4762.31065429688 3959.69413574219 1200.12779663086 1694.35343383789 3228.49827636719 4078.735859375 1966.93142089844 2207.71243774414 1460.89720214844
