Rasters_5km/Final_IBR_Set/EucDistWater_Res5km.asc
NCOLS 161 
NROWS 96 
XLLCORNER 210004.651214014 
YLLCORNER 7345008.22228844 
CELLSIZE 5000 
NODATA_value -3.4e+38 
[rows 0 to 20 of 96, columns 94 to 140 of 161]
-3.4e+38 -3.4e+38 -3.4e+38 -3.4e+38 -3.4e+38 -3.4e+38 -3.4e+38 -3.4e+38 -3.4e+38 -3.4e+38 -3.4e+38 -3.4e+38 -3.4e+38 -3.4e+38 -3.4e+38 -3.4e+38 -3.4e+38 -3.4e+38 -3.4e+38 -3.4e+38 -3.4e+38 -3.4e+38 -3.4e+38 -3.4e+38 -3.4e+38 -3.4e+38 -3.4e+38 -3.4e+38 -3.4e+38 -3.4e+38 -3.4e+38 -3.4e+38 -3.4e+38 -3.4e+38 -3.4e+38 -3.4e+38 -3.4e+38 -3.4e+38 -3.4e+38 -3.4e+38 -3.4e+38 -3.4e+38 -3.4e+38 -3.4e+38 -3.4e+38 -3.4e+38 -3.4e+38
-3.4e+38 -3.4e+38 -3.4e+38 -3.4e+38 -3.4e+38 -3.4e+38 -3.4e+38 -3.4e+38 -3.4e+38 -3.4e+38 -3.4e+38 -3.4e+38 -3.4e+38 -3.4e+38 -3.4e+38 -3.4e+38 -3.4e+38 -3.4e+38 -3.4e+38 -3.4e+38 -3.4e+38 -3.4e+38 -3.4e+38 -3.4e+38 -3.4e+38 -3.4e+38 -3.4e+38 -3.4e+38 -3.4e+38 -3.4e+38 -3.4e+38 -3.4e+38 -3.4e+38 -3.4e+38 -3.4e+38 -3.4e+38 -3.4e+38 -3.4e+38 -3.4e+38 -3.4e+38 -3.4e+38 -3.4e+38 -3.4e+38 -3.4e+38 -3.4e+38 -3.4e+38 -3.4e+38
-3.4e+38 -3.4e+38 -3.4e+38 -3.4e+38 -3.4e+38 -3.4e+38 -3.4e+38 -3.4e+38 -3.4e+38 -3.4e+38 -3.4e+38 -3.4e+38 -3.4e+38 -3.4e+38 -3.4e+38 -3.4e+38 -3.4e+38 -3.4e+38 -3.4e+38 -3.4e+38 -3.4e+38 -3.4e+38 -3.4e+38 -3.4e+38 -3.4e+38 -3.4e+38 -3.4e+38 -3.4e+38 -3.4e+38 -3.4e+38 -3.4e+38 -3.4e+38 -3.4e+38 -3.4e+38 -3.4e+38 -3.4e+38 -3.4e+38 -3.4e+38 -3.4e+38 -3.4e+38 -3.4e+38 -3.4e+38 -3.4e+38 -3.4e+38 -3.4e+38 -3.4e+38 -3.4e+38
-3.4e+38 -3.4e+38 -3.4e+38 -3.4e+38 -3.4e+38 -3.4e+38 -3.4e+38 -3.4e+38 -3.4e+38 -3.4e+38 -3.4e+38 -3.4e+38 -3.4e+38 -3.4e+38 -3.4e+38 -3.4e+38 -3.4e+38 -3.4e+38 -3.4e+38 -3.4e+38 -3.4e+38 -3.4e+38 -3.4e+38 -3.4e+38 -3.4e+38 -3.4e+38 -3.4e+38 -3.4e+38 -3.4e+38 -3.4e+38 -3.4e+38 -3.4e+38 -3.4e+38 -3.4e+38 -3.4e+38 -3.4e+38 -3.4e+38 -3.4e+38 -3.4e+38 -3.4e+38 -3.4e+38 -3.4e+38 -3.4e+38 -3.4e+38 -3.4e+38 -3.4e+38 -3.4e+38
-3.4e+38 -3.4e+38 -3.4e+38 -3.4e+38 -3.4e+38 -3.4e+38 -3.4e+38 -3.4e+38 -3.4e+38 -3.4e+38 -3.4e+38 -3.4e+38 -3.4e+38 -3.4e+38 -3.4e+38 -3.4e+38 -3.4e+38 -3.4e+38 -3.4e+38 -3.4e+38 -3.4e+38 -3.4e+38 -3.4e+38 -3.4e+38 -3.4e+38 -3.4e+38 -3.4e+38 -3.4e+38 -3.4e+38 -3.4e+38 -3.4e+38 -3.4e+38 -3.4e+38 -3.4e+38 -3.4e+38 -3.4e+38 -3.4e+38 -3.4e+38 -3.4e+38 -3.4e+38 -3.4e+38 -3.4e+38 -3.4e+38 -3.4e+38 -3.4e+38 -3.4e+38 -3.4e+38
-3.4e+38 -3.4e+38 -3.4e+38 -3.4e+38 -3.4e+38 -3.4e+38 -3.4e+38 -3.4e+38 -3.4e+38 -3.4e+38 -3.4e+38 -3.4e+38 -3.4e+38 -3.4e+38 -3.4e+38 -3.4e+38 -3.4e+38 -3.4e+38 -3.4e+38 -3.4e+38 -3.4e+38 -3.4e+38 -3.4e+38 -3.4e+38 -3.4e+38 -3.4e+38 -3.4e+38 -3.4e+38 -3.4e+38 -3.4e+38 -3.4e+38 -3.4e+38 -3.4e+38 -3.4e+38 -3.4e+38 -3.4e+38 -3.4e+38 -3.4e+38 -3.4e+38 -3.4e+38 -3.4e+38 -3.4e+38 -3.4e+38 -3.4e+38 -3.4e+38 -3.4e+38 -3.4e+38
-3.4e+38 -3.4e+38 -3.4e+38 -3.4e+38 -3.4e+38 -3.4e+38 -3.4e+38 -3.4e+38 -3.4e+38 -3.4e+38 -3.4e+38 -3.4e+38 -3.4e+38 -3.4e+38 -3.4e+38 -3.4e+38 -3.4e+38 -3.4e+38 -3.4e+38 -3.4e+38 -3.4e+38 -3.4e+38 -3.4e+38 -3.4e+38 -3.4e+38 -3.4e+38 2696.81539306641 1081.2845703125 2332.17529296875 6808.2056640625 11715.4369791667 14298.4487630208 10598.672265625 7496.0685546875 7006.18509114583 9183.77022298177 13236.6182617187 17777.7901367188 22503.86875 25882.4029296875 24157.494921875 22597.983984375 22069.345703125 22645.244140625 24198.9523925781 27100.991015625 30138.8421875
-3.4e+38 -3.4e+38 -3.4e+38 -3.4e+38 -3.4e+38 -3.4e+38 -3.4e+38 -3.4e+38 845.997663497925 92.530705499649 1066.86472000122 1628.47038567584 1573.9583381204 636.56245640346 -3.4e+38 -3.4e+38 -3.4e+38 -3.4e+38 -3.4e+38 -3.4e+38 -3.4e+38 2343.17388446514 2398.3771611994 5922.14809348366 10241.999140625 8934.369765625 5821.14856445312 4922.4946875 5495.07282226563 8467.33224609375 12742.7132421875 13402.5155078125 8729.32412109375 4419.71460449219 3523.73620849609 7375.22142578125 12081.4751953125 16939.7278515625 21848.94109375 26575.742578125 27368.9746875 26033.0121875 25573.3353125 26073.186015625 27476.857890625 29657.97890625 32461.14671875
-3.4e+38 -3.4e+38 -3.4e+38 -3.4e+38 -3.4e+38 -3.4e+38 511.907138279506 1545.92913406372 2920.54236328125 928.100287322998 1038.4352200826 4485.33736328125 4397.85095214844 2908.51232177734 4664.64974609375 2247.04323486328 -3.4e+38 -3.4e+38 -3.4e+38 -3.4e+38 946.110533280806 1550.39973958333 4175.80303710937 7942.6520703125 12112.6480078125 12571.7926953125 10509.6639453125 9915.34603515625 10079.023828125 11289.0726171875 13651.7430078125 13316.658359375 8676.61712890625 4313.25936035156 3390.74634277344 7309.48787109375 12040.0576953125 16909.62875 21824.6503125 26760.05125 30934.94015625 30967.155078125 30581.669765625 31000.461484375 32189.143125 34069.10265625 36534.84359375
-3.4e+38 -3.4e+38 -3.4e+38 -3.4e+38 -3.4e+38 1784.8263258934 2473.23155517578 4300.2225 3273.88594726562 1062.40243896484 1027.03704162598 3255.60381591797 7179.63748046875 7695.54685546875 8112.3415234375 5659.69065429688 3162.63108398437 1093.23725489566 2698.93360595703 5259.41612304688 4330.44389648437 2917.62753417969 2923.56993408203 7511.14748046875 12416.86015625 16097.1319921875 14704.13421875 11872.0937890625 8954.1805078125 8009.21970703125 9873.6331640625 12886.7875390625 11162.146171875 8242.80453125 7789.2323828125 10136.3214648437 13938.41375 18309.6423828125 22925.579609375 27664.403828125 32468.078359375 35613.7884375 35592.48734375 35952.5409375 36981.62375 38628.2746875 40819.02140625
-3.4e+38 -3.4e+38 -3.4e+38 -3.4e+38 -3.4e+38 4578.4323832194 4244.70159179687 4211.01112792969 2800.97849121094 1117.5439440918 959.152340087891 3333.23050537109 7968.4283984375 11913.191953125 11328.8340625 7205.338125 2663.02338989258 1479.0735168457 3298.08977783203 7077.2159765625 8668.27314453125 5979.85994140625 5884.29705078125 9108.2176171875 13445.0258984375 17390.8850390625 14406.3234765625 9621.648515625 5199.6556640625 3346.21161376953 6653.47448242188 11267.70953125 14318.398046875 12950.3071875 12665.3326953125 14229.325859375 17145.4521484375 20854.35265625 25003.701640625 29402.72953125 33948.426875 38489.24640625 40546.93953125 40920.56375 41826.8828125 43288.9703125 45254.09984375
-3.4e+38 -3.4e+38 -3.4e+38 -3.4e+38 1346.1859387207 1565.74181030273 1247.43869506836 2132.671953125 2852.32861328125 1304.89312011719 2362.5077746582 6104.69009765625 9584.1407421875 13233.7130859375 11684.6944921875 6903.4223046875 2866.24595214844 3858.82990234375 7365.24490234375 10019.0868554687 12289.913671875 10622.893828125 10567.96390625 12647.7512109375 16054.62859375 18449.0721875 14306.8547265625 9472.17646484375 4920.9272265625 2919.56119628906 6431.21868164062 10938.2734765625 14982.269921875 16125.428671875 15507.6219921875 16345.982265625 18486.6740234375 21548.654921875 25199.98390625 29224.486796875 33492.922421875 37924.51296875 42356.571875 45415.65671875 46707.90328125 48021.7090625 49799.91265625
-3.4e+38 -3.4e+38 -3.4e+38 745.161401748657 1692.32240356445 923.177849121094 512.69473815918 695.969489746094 1217.28230957031 945.114294433594 2696.78002441406 5720.40568359375 7292.7994140625 10863.6016210938 12699.473671875 9473.22529296875 7127.640390625 7661.36529296875 10748.5874023438 14048.1341796875 16311.397265625 15502.868671875 15466.7565234375 16954.4026171875 19626.215703125 20255.215546875 15880.3940625 11712.514140625 8439.8456640625 6749.28169921875 6649.54720703125 8465.01310546875 11964.3340625 12445.8380859375 11207.4271875 12062.6713671875 14655.2235546875 18259.13609375 22392.427890625 26810.2621875 31392.26390625 36076.92140625 40828.22609375 45623.8571875 50038.68984375 52709.68078125 54428.8425
-3.4e+38 -3.4e+38 435.614876195004 1808.0524621582 2697.2857421875 749.255292358398 2108.44555969238 1831.04302490234 1690.96997558594 864.618529052734 1970.30837402344 2046.495390625 4188.26299316406 8290.2217578125 9877.4450390625 8304.56791015625 7391.431328125 9350.26890625 12864.43984375 16470.795078125 16454.7447265625 16023.185234375 16969.6637890625 19106.7778125 21810.7828125 21116.79359375 18363.1185546875 14646.20984375 10282.5027539063 5623.52090820313 2488.70727783203 5308.80817382813 9617.85416015625 8302.91734375 6286.13291015625 7701.99208984375 11338.7802734375 15721.636640625 20375.240390625 25149.076171875 29985.48421875 34858.928828125 39755.360625 44666.9228125 49589.54546875 54485.62125 58139.68390625
853.529609044393 1294.87207641602 747.026188354492 1520.54753173828 3343.51530761719 3335.02723632813 6271.3233203125 5904.19856445313 3664.03765625 1691.15451782227 911.207719726562 829.210642089844 2289.29001586914 4385.26783203125 5666.93116210937 4521.82568847656 2941.79319580078 6630.73984375 11359.2984765625 13869.0558984375 11743.2696484375 11112.254296875 12588.327734375 15586.1899609375 18465.331796875 16959.126953125 15900.7107421875 14792.781796875 10518.3126171875 5810.1989453125 2589.84753417969 5243.47947265625 8929.19431640625 5767.67008789062 2216.74893066406 4863.07329101562 9631.17208984375 14536.7488671875 19474.28484375 24423.936171875 29379.361484375 34338.114765625 39298.73609375 44260.4759375 49216.60078125 53676.92734375 55269.20453125
3681.80272460938 4572.92342773437 3187.00641845703 3769.43227783203 6092.69755859375 5739.41689453125 8000.55142578125 9545.332578125 6389.94224609375 2330.88591064453 2615.01600585938 2333.35932373047 857.274291992188 976.640411376953 2715.00270751953 3886.86306640625 3273.60342041016 6874.3960546875 11335.247734375 10794.6456445313 7280.80865234375 6216.26026367187 8577.33884765625 12570.338125 15046.7805078125 12412.1590234375 10934.265390625 11575.722265625 11779.4818359375 7972.213671875 4657.62233398437 4809.32436523438 8166.88970703125 6910.4611328125 4301.40456054687 6174.09868164062 10358.3520703125 15027.9530859375 19842.498359375 24717.621640625 29623.33921875 34546.206640625 39479.94453125 44167.748125 47573.44875 49958.73921875 50276.86765625
2708.27695556641 5472.88973632812 5800.1112109375 7351.84142578125 4994.88668945312 2135.41493408203 5461.84366210938 9036.46634765625 5495.99733398437 1563.09054443359 3033.77444091797 2803.13096679687 2935.45967773437 1946.72628417969 612.884260253906 2204.52346069336 4362.73120117188 7446.7298046875 9457.920625 8528.795625 4330.19123535156 2286.10190185547 6262.58209960938 11115.1644140625 12365.7361328125 8424.12314453125 6039.66499023438 7159.107734375 9747.0098828125 7771.48052734375 3279.63295410156 3010.70776367188 7498.10375 10229.9482226563 9130.80173828125 10154.9995507812 13124.523046875 17051.966484375 21415.028984375 25996.024375 30697.43015625 35355.35328125 38910.9075 41067.18171875 43279.79265625 45395.836875 45268.934375
4803.94321289062 2615.10826660156 3468.11793945313 7755.86421875 5530.34817382813 2073.21507324219 4961.21106445312 9229.6655859375 7245.8787890625 4010.77316894531 2165.64611328125 3396.19761230469 3488.19001464844 5188.758125 2238.810234375 723.966824951172 1224.59554199219 3731.15536376953 4805.23987304687 5522.28759765625 5441.70791015625 4506.72791015625 7425.083203125 11772.31796875 11056.243125 6197.68463867188 2208.75672119141 4075.38931152344 5296.84537109375 6717.48162109375 6576.58771484375 6554.22444335938 9136.05435546875 9722.4575390625 10127.282734375 12398.355390625 15739.9584765625 19617.263203125 23763.526953125 27500.178203125 30518.61015625 33014.499921875 34589.510234375 36520.0340625 38965.75203125 40723.065 40263.0328125
6635.4580078125 5177.52564453125 5686.25451171875 9191.6087109375 8243.6297265625 6299.656953125 7796.83044921875 11084.71234375 10249.2685742187 5979.3818359375 1869.724296875 1909.67879394531 1904.70546142578 6107.6418359375 5662.25643554687 2108.69597412109 1091.59145385742 812.535899658203 1734.7746875 1882.38405761719 3585.07229736328 6727.51974609375 9134.54140625 11427.5553125 11343.822890625 7488.43744140625 4646.52298828125 3803.1228125 1420.4798425293 3405.73040527344 5250.49983398438 5591.67288085938 7238.0876171875 5054.25681640625 5796.54030273437 9541.51458984375 14048.870078125 18579.3188671875 22389.659921875 24168.753984375 26344.936328125 28345.378046875 29898.470234375 32104.387890625 34763.41546875 35947.97796875 35260.22765625
4279.48323242188 7900.215546875 9578.10888671875 12445.4198828125 12436.8302734375 11169.234921875 10413.790546875 8865.39162109375 8947.746640625 8010.6170703125 3646.83553710937 1683.83989135742 1363.49413330078 4787.84749023438 7485.52177734375 4662.51423828125 2176.37891845703 877.126672363281 736.533773193359 1123.6028894043 1150.91250915527 2972.50926269531 5097.14458007812 6891.4817578125 8324.05537109375 8295.423046875 8149.09033203125 6230.9819921875 3594.97107421875 1755.58940063477 2545.63818603516 2208.81510742187 3789.75563476563 2451.42557861328 3586.01697265625 7709.233984375 11924.1204296875 16119.8552734375 17944.0160546875 19571.08859375 22006.181171875 23523.103359375 25330.969296875 27830.870859375 30690.90859375 31085.738671875 30262.26875
4036.6075 4588.99916503906 8009.551953125 12519.821484375 15738.3712890625 12633.6391015625 8060.0033984375 4337.38369140625 4684.88528808594 7972.01373046875 5384.37833984375 1409.31872314453 1644.51677978516 4256.53143066406 7457.55353515625 3732.99221679687 1283.76724243164 1733.6289453125 568.94134765625 3155.972578125 3470.79992919922 1020.83309448242 1122.72037475586 2337.74168151855 3420.11592773437 3638.31149414063 4807.15330078125 5599.60076171875 4879.10939453125 4554.47384765625 2032.30413574219 2083.21004150391 3065.87122070312 1987.70571044922 2101.91678466797 5531.1978125 10288.65375 12532.7415625 13096.5733203125 15237.1183984375 17431.0724609375 18758.6542578125 20941.8928125 23740.35015625 26429.30296875 26247.218203125 25272.311484375
