Rasters_5km/Final_IBR_Set/EucDistWater_Res5km.asc
NCOLS 161 
NROWS 96 
XLLCORNER 210004.651214014 
YLLCORNER 7345008.22228844 
CELLSIZE 5000 
NODATA_value -3.4e+38 
[rows 63 to 83 of 96, columns 47 to 93 of 161]
4340.8564453125 1693.74758789063 1512.88349121094 2479.64686767578 5259.181875 8475.69669921875 5713.73252929688 3750.47700683594 5361.15084960937 7236.61310546875 9567.14525390625 13028.6719140625 15777.807265625 16854.24953125 17896.777578125 20055.12828125 20687.456640625 20274.403203125 19891.25859375 15851.893828125 11422.0969921875 7667.08365234375 6029.47514648437 7325.09818359375 6183.24333007812 5781.0625390625 7695.8636328125 10117.2964648438 7360.3971484375 6089.61720703125 4768.39322753906 3869.71627929688 7245.978671875 11743.411015625 16056.1064453125 16410.9992578125 15864.9855078125 15956.2841796875 14346.2431640625 12834.825390625 11226.60828125 6810.28435546875 2159.20973754883 1737.83112548828 2169.25929931641 2219.08340332031 2008.24236083984
6097.020390625 3611.17518554688 1451.06738037109 2452.52529541016 4499.97766113281 7060.75763671875 3829.67235351563 1500.085703125 2684.33123046875 2992.54211425781 6078.10099609375 9608.569375 13831.1980078125 18367.5378515625 22043.407734375 24354.561328125 24356.738828125 22254.061171875 20148.8728125 17653.35234375 14619.6753125 11960.5690625 10683.357265625 7693.957421875 3112.03074951172 1778.59806640625 5099.01564453125 8298.75587890625 4534.85034179688 2193.01730224609 3288.30758789063 2199.8496862793 6278.16224609375 11108.03875 15858.723671875 17028.191484375 16457.78265625 17194.60640625 17936.441328125 16308.6055859375 11753.3717578125 7054.6302734375 3274.67468261719 3524.99110839844 3239.3373828125 4831.26209960937 3442.73098144531
7087.056484375 6005.96255859375 3963.15840820312 2221.74200195313 2364.66270751953 5819.22013671875 3239.49304199219 1559.59227539062 2625.45490722656 1630.20839355469 3129.67729980469 7696.56419921875 12574.866484375 17492.815078125 21597.835546875 23588.823515625 21884.688359375 18398.8649609375 15725.0523046875 14324.0700390625 14479.7193359375 15239.18421875 13390.065703125 9014.0223046875 5259.08005859375 2588.06493896484 4339.82368164063 6664.2032421875 3968.3966796875 4087.531171875 6375.67771484375 6315.53448242187 8668.33380859375 12526.9138671875 14323.4129296875 12341.5212109375 11489.6662109375 12681.6527734375 15447.5723046875 17109.59234375 13717.252890625 9988.381953125 7777.7826171875 7850.13138671875 7268.1446484375 6618.183046875 3936.63402832031
2733.51653076172 3383.8182421875 2556.23249755859 5163.99842773437 5171.38802734375 6446.88009765625 2806.20389648438 2731.96009765625 1219.72676147461 1188.16491455078 4343.33647460937 8681.5985546875 13228.3631640625 16399.3859765625 17369.1723046875 19116.6646875 18928.438359375 14878.3515234375 11406.4612109375 9381.1331640625 9746.30701171875 12293.8181640625 14682.9185546875 11622.724453125 7146.9099609375 3488.47299804688 4679.10387207031 5736.036171875 2220.38001464844 4651.21486328125 8892.20072265625 10251.5040234375 10915.0633203125 12004.7228125 10054.4061914062 7912.27376953125 6530.476953125 8449.98609375 11798.7062890625 14226.840078125 15921.35 13643.7428515625 10716.0769921875 8508.86123046875 6565.9089453125 2872.54011230469 3791.257109375
1633.61489990234 3726.62006835938 4503.13165039062 3422.69434082031 3051.86192382812 5846.75615234375 5340.68791015625 5810.34853515625 3797.41025878906 3665.50391113281 6015.6408203125 10299.0707226562 12844.528125 11930.7374609375 12534.1034765625 14795.3430859375 15981.30390625 12443.8060546875 7995.76212890625 4676.12098632812 5365.61756835937 9216.06603515625 13719.5619140625 13825.78359375 10206.4680078125 8066.74021484375 8651.05404296875 8132.69767578125 4680.8858203125 3547.21934570312 6739.04728515625 7212.2350390625 6815.82279296875 8342.87767578125 5569.27788085937 4136.38731445313 2298.7460546875 5340.13727539063 7546.58400390625 10337.6645703125 14248.80546875 13230.9390625 8520.27015625 4378.90313964844 3729.25530761719 3809.19079589844 4894.82768554687
2192.59193359375 2415.79681884766 6276.23640625 4284.45280761719 2038.55237304687 2153.84154541016 2582.349921875 6632.72115234375 7986.0833203125 7863.0999609375 9545.22783203125 11689.4900390625 9114.85349609375 6982.05185546875 7967.34109375 10459.3296289062 11684.1046484375 10195.341484375 6940.1069921875 2690.96733154297 3713.72018066406 8348.2892578125 13196.3255859375 16358.7040234375 14431.3225 12882.705 11900.274140625 9089.9435546875 4785.50232421875 2716.15331542969 5876.19235351562 3683.51537597656 2853.52124511719 6199.62857421875 2970.38828613281 2282.9059375 3117.51011230469 2053.08121826172 3550.32331054687 7885.24419921875 12671.9563671875 13048.1251171875 8309.87232421875 3958.66793457031 3385.08888183594 6938.23955078125 6927.4708203125
2601.11789428711 4920.50955078125 7940.7674609375 5727.531640625 2027.83695068359 2218.16215820312 4105.2655078125 7125.72888671875 5651.67072265625 5250.06389648437 8152.8144140625 9949.25677734375 6254.17147460937 2584.82317138672 4166.06299804687 5961.48513671875 7628.79279296875 5670.59939453125 6292.5484765625 4372.30916992187 5050.00796875 8451.1648046875 11641.9508984375 15430.80921875 16065.107890625 13269.5286328125 9397.8433203125 6232.65271484375 5717.81092773437 6862.87005859375 8091.6572265625 5033.93856933594 4437.43816894531 5168.06493164063 2334.49279052734 3565.26520996094 1999.91316894531 3183.55288574219 4297.91284179688 8265.4111328125 12925.364921875 14596.1119140625 10787.3321484375 7931.12326171875 7651.21740234375 8074.65345703125 4053.415703125
1984.6830859375 3987.94913085938 5522.686328125 6086.21181640625 3817.34229980469 1598.67483642578 5401.94330078125 7375.7809765625 3253.3290625 1823.13649169922 5701.23532226562 7243.69056640625 3583.31602783203 2222.63991455078 1527.58755126953 3197.24430664062 5564.135625 2131.90729003906 3998.91576171875 2645.39620605469 2849.39511230469 4757.51400390625 8728.441484375 13248.8346875 12658.8722265625 9372.4181640625 6965.751640625 3031.0301953125 2967.59267822266 7522.96427734375 11026.147578125 9395.92205078125 8200.64095703125 4395.48791015625 1290.23254882812 4774.64436523438 5290.26047851563 6238.4041015625 7974.57630859375 11014.7066015625 14916.0796484375 17321.2866015625 14651.8793359375 12696.103359375 12198.59703125 9184.66787109375 5115.72525390625
1372.59319213867 1399.22118896484 2070.82772216797 2357.93715087891 2874.72587402344 3695.83194335938 4582.47798828125 4870.54099609375 3346.24182617187 3979.64013671875 6778.77024414063 7124.41126953125 3176.66848876953 3038.82932128906 4570.5621484375 5610.70028320312 6593.36466796875 2597.81160400391 2754.40790039062 3631.32598632813 3041.88678222656 3706.64379394531 8191.4059375 12507.1966015625 10297.7029296875 5810.37610351562 3280.44778808594 4111.59524414063 3669.1685546875 6998.36251953125 11274.4390625 13179.228046875 9395.65560546875 4552.07869140625 1217.42701660156 4754.89859375 5472.93086914062 3351.52580078125 6368.16782226562 10515.2893359375 14168.52359375 17957.33671875 18922.144921875 17610.7937109375 15757.96265625 12051.4939453125 9326.41541015625
3953.07541992187 5241.09427734375 4679.97928710938 3757.65127441406 3752.04418945312 3994.93652832031 1379.82918701172 1661.02884521484 1468.14882568359 3109.5897265625 5510.77265625 8500.04599609375 7430.05830078125 5940.30737304688 3448.3905078125 4484.95641113281 7454.48701171875 6103.19970703125 3692.23368408203 3546.54276855469 6537.24755859375 7387.19228515625 10044.7074609375 10981.383046875 8464.90455078125 5395.63234375 2762.81165771484 3870.46389648437 1531.88568847656 4764.5182421875 9426.99224609375 12541.6858203125 9064.12716796875 4487.06805664063 1202.38988525391 4295.34897460937 5125.21180664062 2706.33858886719 4294.91389648438 7206.962734375 11435.29609375 16081.9094921875 20683.712265625 22107.78546875 19090.0346484375 16032.9638671875 14098.8123046875
7149.5783984375 9436.9082421875 9416.75771484375 8481.054765625 8201.68806640625 6874.6984375 4726.50903320312 3532.88259277344 2225.90223632813 2231.59383056641 4535.9359765625 5677.095234375 7099.33419921875 5027.42547851563 1550.53390136719 3441.17392333984 7849.88162109375 10067.4759570313 7817.8316796875 7709.37818359375 8522.78458984375 6867.2381640625 7553.56107421875 7929.69169921875 4323.6968359375 3967.33047363281 2425.30381835937 4246.16395507812 3493.33578613281 4740.57973632813 8476.08431640625 10288.5330664062 6340.34903320313 3079.83952636719 2332.07302001953 6254.84526367187 8164.00375 4654.37969726562 2099.01545898438 5727.91836914063 10559.261640625 15470.07359375 20401.57515625 24548.3971875 22961.90546875 20490.26390625 19001.243359375
4882.49314453125 7883.26861328125 11342.091328125 11472.98 10859.183359375 10086.705859375 9431.72685546875 7967.45314453125 5803.3869921875 6278.92111328125 5342.36456054687 2015.41855224609 4843.26174804688 6700.11291992187 4989.97530273437 6947.7737109375 8716.4055078125 8830.85220703125 9275.36802734375 9682.43548828125 6783.65625 2728.3354296875 4076.41017089844 6827.2969140625 3203.64499023438 2195.31865722656 1839.47534423828 2269.94173095703 3339.94123535156 2384.29882324219 6535.65478515625 8726.13466796875 4582.17215820313 1778.56672119141 5128.25587890625 8901.93630859375 10710.5343359375 7353.0921875 5896.90262695313 8023.64369140625 11964.2193359375 16461.16859375 21162.14265625 25916.628359375 27164.755 25169.654921875 23020.856640625
2291.19902099609 6040.1737890625 7318.0984765625 7282.30806640625 6677.4570703125 6757.64140625 9702.90123046875 10457.912734375 6932.9174609375 5355.20974609375 6184.1645703125 4842.3415625 6634.33263671875 9953.978046875 9898.03236328125 9181.80935546875 5580.47396484375 3897.02528320313 4774.41702148438 5354.0632421875 4701.65172851563 3520.04451660156 5181.93104492187 8519.30611328125 6789.1357421875 5928.207890625 4237.94592285156 1878.39722167969 2647.55631103516 3589.79742675781 7533.367421875 6831.821328125 2483.1580480957 1775.16559326172 6231.5067578125 10999.319375 13816.01 11695.4004296875 10836.2446875 12127.0090234375 15026.369765625 18804.2952734375 23031.031953125 27501.48859375 30972.4215625 29419.63140625 25479.874453125
2207.67548095703 3206.67564941406 2416.81840576172 2581.03300537109 2359.71365234375 3151.1065234375 7677.098984375 9377.47578125 4802.01578125 1985.86910644531 5577.3991015625 9187.17427734375 10759.1997265625 13568.5928125 13578.4915625 9147.09021484375 4477.78387695313 1828.34127319336 2530.27934570312 1976.81067382812 2479.05127929687 3573.68237304688 7771.44220703125 9670.3417578125 9257.11400390625 9760.440078125 7673.26025390625 5879.75732421875 3463.70870361328 4636.06673828125 8656.23171875 6535.7128125 2148.68299316406 3248.40288574219 7051.71568359375 10795.21234375 13363.401953125 15288.1134375 15822.846796875 16755.742890625 18959.3079296875 22073.47640625 25768.541484375 29830.933671875 33864.62421875 32323.839296875 28300.5325
832.994929199219 1250.57767456055 2200.32418212891 1878.73901611328 858.122309570312 2528.35984375 7053.72958984375 9980.96046875 6899.72786132813 5218.09876953125 7463.6901953125 10774.3371484375 11752.946796875 13401.9067578125 14631.8101171875 11108.193671875 7725.2496484375 6282.5590625 6112.00866210938 5209.036015625 5889.17209960938 4636.05275390625 5074.27155273438 5271.07174804687 5084.892109375 8009.003671875 10760.343671875 9936.19021484375 8035.36892578125 8613.05220703125 10560.9423828125 7096.8133203125 2453.2246105957 1711.40376953125 4393.7926171875 6772.0600390625 9492.77865234375 13526.4612109375 17889.793125 21154.425625 23326.04640625 25920.724765625 29130.98234375 32778.68015625 36068.403125 34374.45875 31171.952421875
1592.03219726562 3851.89860839844 6254.67314453125 5450.39709960937 1939.31915893555 1627.39012084961 5113.05262695312 8877.41240234375 10221.09796875 9884.95365234375 9684.545859375 7593.65666015625 6948.94240234375 9365.031328125 13231.336640625 14442.1026953125 12267.3128125 11271.3760546875 10885.4217578125 10018.9255078125 7603.19404296875 3105.23562988281 2799.92054443359 1891.35178955078 2291.26973876953 6325.53908203125 7686.31912109375 9123.1028515625 11611.512890625 13214.5587890625 11847.8173828125 7169.742265625 2607.43937255859 2440.91696533203 3009.23354003906 2844.26079101562 7146.01333984375 11868.9237890625 16630.961796875 21406.98875 26009.84015625 29789.8240625 32923.664296875 35464.22984375 34402.441171875 31203.1459375 28464.211640625
3816.64051757813 3041.84503173828 5221.30740234375 7944.392890625 5069.42560546875 1549.51366210937 2074.28080444336 5174.87532226563 7182.56912109375 8396.026875 6449.39138671875 3583.74091796875 2686.1372265625 6790.97453125 11586.320078125 16213.62265625 17061.712109375 16277.6510546875 15776.4919140625 13624.5202734375 9604.41203125 6544.01834960938 6179.38744140625 5171.55756835938 5699.0758984375 5503.57349609375 3002.35094238281 5717.95600585938 10269.3688671875 13307.6473046875 10439.2031445312 6404.53268554687 3400.13889648437 1951.00543457031 1954.33413574219 2030.57663574219 5931.7583203125 10761.786953125 15669.6438671875 20598.850390625 25536.71125 30478.730859375 34165.696875 32698.2546875 30583.257890625 27377.048828125 24209.05
3461.98930419922 1116.38606933594 4389.85043945312 7615.77345703125 5639.87755859375 1825.65295898437 1738.99520019531 1416.87340454102 2807.62716308594 4642.704609375 2210.14193115234 2766.10393310547 3776.55666748047 7376.84576171875 11349.1373046875 14725.7473828125 17879.020859375 20083.63359375 19868.44390625 16595.15375 13299.2511328125 11286.2091796875 10907.3537890625 9967.82591796875 7903.36951171875 3929.34796875 2362.10851318359 5226.90978515625 7925.17275390625 9379.54435546875 7396.087578125 3904.26645996094 1501.60400878906 2624.41589477539 4657.43770507812 4507.451953125 7197.3896484375 11507.33375 16128.3661328125 20695.218828125 25198.477734375 29665.19484375 30966.3890625 28249.73 26095.728125 23848.537578125 20321.125390625
1711.77002685547 1115.24760498047 1849.17881591797 4243.0887109375 6497.95216796875 3772.53961914062 3955.72916015625 3149.71733886719 849.285632324219 1165.90534179688 860.537231445312 3003.57598632813 6574.7455078125 6858.27064453125 7916.49265625 10892.4362695313 14468.8066796875 16845.981875 17944.467734375 18898.508046875 17647.747890625 16216.5800390625 15663.9288671875 12612.7127734375 7922.16193359375 3658.69336425781 3337.46949462891 2685.5415234375 4316.49087402344 6268.59610351563 3089.46373046875 3471.51145507812 3474.97970458984 6621.64146484375 8543.34767578125 8470.7374609375 8908.4501171875 11187.97171875 14581.867890625 18641.3458984375 23032.97421875 26872.161328125 27137.34359375 24039.740703125 21469.653828125 19754.040859375 17026.4790625
964.405850830078 2430.29046875 1598.52055175781 2055.42934570312 5007.07139648438 2999.88832275391 3477.36471191406 3195.98940917969 939.981708984375 2141.15463134766 2970.96739990234 3637.49474609375 3191.56593505859 2555.79575927734 3872.60428710938 7491.031640625 10737.572109375 11927.9011328125 13256.7366015625 15827.4453515625 18315.4707421875 18739.8340625 18408.1944921875 14446.7784765625 10497.0938085938 7794.5262109375 6511.4489453125 3591.47260253906 4805.56267089844 6395.329921875 3205.834453125 4948.26073242188 7851.847578125 10192.987890625 9627.46611328125 5828.92841796875 4673.25837890625 7650.43197265625 12013.6998046875 16592.677734375 20200.26140625 22485.163671875 23343.06328125 20218.246484375 17082.293203125 14963.0003515625 13802.6626171875
2116.57517089844 2181.95806884766 4281.64072265625 3637.03005859375 1988.49016967773 2863.79146728516 5436.92154296875 2272.44743041992 2419.44212524414 1530.06395996094 3988.67881835937 5457.76567382812 2805.45090576172 2601.99266235352 1973.24861572266 3986.02125976563 6849.1037890625 6978.93166015625 8862.39578125 12270.3057421875 13651.08546875 14385.443046875 16565.12640625 17136.1515625 14446.101640625 12553.133984375 10300.44203125 8282.0531640625 8857.1419140625 9646.351953125 7862.3855078125 8737.47626953125 11750.06921875 13019.511796875 8836.92935546875 4119.41612792969 2343.97817871094 6428.2475390625 10788.7340234375 13466.38796875 16022.844375 17756.5371875 19651.614609375 17048.9148046875 13178.75109375 10282.7467382813 9313.048203125
