Rasters_5km/Final_IBR_Set/EucDistWater_Res5km.asc
NCOLS 161 
NROWS 96 
XLLCORNER 210004.651214014 
YLLCORNER 7345008.22228844 
CELLSIZE 5000 
NODATA_value -3.4e+38 
[rows 42 to 62 of 96, columns 94 to 140 of 161]
4462.78353027344 3086.2486328125 5617.64470703125 6462.7038671875 7457.45255859375 4689.6696484375 5134.65864257813 4063.67055664062 1520.04778930664 3341.34921875 3677.62573242188 2303.29847900391 1171.95669555664 2621.23810302734 1197.55457885742 1900.72921630859 3283.42501464844 2019.51912109375 3155.017578125 2984.453515625 1270.32682861328 3590.19542480469 5988.43198242187 3332.96524658203 1139.12932983398 1162.23645263672 1558.65657226563 3920.89041503906 3570.74350585938 4003.05531738281 4954.82438476562 4032.4705859375 2290.76413574219 2074.67128417969 1533.63429931641 1000.71842407227 3045.96482666016 6311.1977734375 6974.7753515625 3670.48993896484 1534.2820300293 3358.17929199219 2023.53579833984 1503.64912353516 1761.25947875977 3391.94881835937 4781.42075683594
4541.71056640625 3203.34608398438 2471.63959472656 2946.79072998047 4958.66134765625 2370.96395019531 3945.98 7065.02634765625 5828.3063671875 6293.88100585938 4060.52095703125 1505.97847412109 1838.11060791016 5226.18481445312 2972.00842773437 1933.50353271484 3403.50857666016 5501.35403320313 6221.74587890625 5874.2669140625 2018.5780065918 2121.56438720703 4643.54939453125 4303.43333984375 3649.76979003906 1199.58180297852 2340.92159912109 1272.73810058594 2028.97741699219 4154.71901367187 2739.57799804688 2322.55680419922 4958.31315429687 3632.6109765625 2268.84705078125 1115.55042724609 4644.3246875 7994.574140625 7440.51 2971.91808105469 1086.89076293945 1879.81013183594 1310.86211914063 1580.82475097656 1718.20396362305 2441.79822509766 5486.93360351562
3861.32513671875 1957.47548583984 4058.45942382813 4423.04783203125 2163.42599853516 3930.80399902344 6908.9466796875 10064.9389453125 10549.3459375 10148.9847070312 7267.31232421875 3938.64356933594 1354.02416015625 4564.97955078125 3986.61970703125 1843.69729492188 4688.19662109375 8897.7923828125 7782.9739453125 3459.80985595703 2392.55496582031 2857.48244140625 3272.9353125 1464.85597167969 1966.89427124023 1471.51841308594 1977.88781738281 2904.971796875 3862.01506835938 2969.56505371094 1310.29727416992 2029.25938842773 3348.14815917969 1555.66119506836 1230.86819580078 792.391076660156 2930.94040039063 4193.60115722656 6452.673359375 2758.65743408203 1830.54540771484 4832.09848632812 4242.84908203125 2501.36405761719 1525.6871472168 1574.32949462891 2803.03610839844
4970.045234375 4155.81921875 6305.58517578125 5628.32990234375 4515.60686523437 5936.94931640625 6769.8289453125 8200.569375 9278.82392578125 11142.62296875 8325.18388671875 3587.05829589844 1982.16058837891 2231.55362548828 2945.51055664063 2306.55827148437 5985.05438476563 9351.6969921875 7481.47126953125 4543.18837402344 3504.59626464844 2784.82258789063 1223.6549609375 2199.68150634766 1630.86348510742 1428.92189208984 2286.07460693359 3291.34352539063 2227.25552978516 3066.49689697266 1476.33980957031 1532.05819580078 1536.42213867188 1422.46753662109 3311.99075927734 2954.84193847656 2366.28887207031 3368.01754882813 6295.09451171875 3146.62178710937 3260.12232177734 3754.28078613281 3111.77534179688 1136.68470092773 2865.1056640625 4751.27291992187 4344.0630078125
2419.96338134766 6077.00688476562 6358.78642578125 2591.04518310547 3370.127265625 4989.39514648437 2382.7537878418 3769.68268066406 4895.63173828125 7428.3545703125 7697.9784765625 6128.85174804688 5132.89889648437 2260.16013671875 2169.53875244141 4129.55994628906 5832.408203125 6293.9475390625 3774.60095703125 4105.9084375 1712.2048425293 2073.37778808594 1597.57805908203 1691.81786376953 1926.65039428711 1750.44306152344 1984.50186157227 3862.18540039063 3062.27979980469 1785.11804199219 3377.24396484375 4076.9589453125 1401.27381591797 3649.40566894531 6757.67861328125 7211.0896484375 6407.6165625 5542.04977539062 6693.73626953125 7064.61095703125 6430.3444921875 3239.38718261719 2313.88709472656 1486.61974121094 4141.96972167969 5555.60666015625 2240.51650634766
3455.70530273437 6258.295234375 4213.67099121094 1814.80236083984 2815.37609130859 2951.44353271484 1994.97088623047 1390.19061767578 3463.30732421875 3330.30146484375 4278.86107421875 8124.12912109375 6898.28689453125 2613.24280273437 1719.02217041016 4751.48762695313 2947.04900634766 3360.92792480469 2885.31740234375 2892.70632324219 2741.661015625 1492.77326171875 1268.78435913086 1817.30635009766 1161.07558105469 3591.68204101563 3009.1437109375 1373.90498535156 1277.34275634766 2026.83971923828 3960.81997558594 4469.16609375 3356.69270507813 5975.03934570313 9873.269765625 10671.0191796875 6599.525390625 2384.76114501953 3889.01814453125 8279.22017578125 6892.9903515625 4198.6800390625 4827.80482421875 5232.98087890625 4964.78399414062 2679.68271972656 2922.61508789063
5001.78342773438 6604.33640625 4635.035546875 3412.903046875 4390.15774414063 4577.85616210937 3285.66609130859 2464.10098266602 4006.33197265625 2403.4881640625 3511.30017089844 6820.33232421875 4856.08365234375 1453.34348876953 2288.13475585938 2836.95977050781 4439.56108886719 5024.94982421875 4463.37430664063 2266.64660888672 3171.26006347656 1376.74878540039 2008.33986816406 787.066322021484 1198.11849975586 3552.301171875 2004.30725585937 2175.88738037109 2928.07588867187 1854.83307128906 4251.26580078125 2221.95492919922 3444.62902832031 7285.83490234375 7916.101171875 8978.59390625 6751.1942578125 3183.67895507812 4687.24851074219 8455.03044921875 5691.28646484375 1905.90057373047 4395.07135742188 8103.17232421875 5674.34927734375 3144.43041259766 3899.08451660156
1985.17758300781 2944.4184765625 4185.95465332031 5703.016171875 2671.89132568359 3735.84720703125 6236.24309570312 6182.1231640625 4012.68783691406 2645.65720458984 1888.65804443359 4938.82895507812 2737.17969970703 2242.83219726562 4424.21235351563 2295.36930419922 4629.68071289062 7166.17607421875 6023.54848632813 2175.77294433594 2115.43513916016 1672.92926269531 2501.34055419922 916.100020751953 1523.74267578125 1794.51018798828 2475.51171630859 2511.03909912109 1209.08657592773 1572.87309570313 4535.94072265625 5755.17118164063 5968.4101171875 4810.54860351562 3183.00678222656 4509.58306640625 6687.113359375 7542.8596484375 8425.97220703125 10389.2166015625 7003.5428125 3689.90471679688 3353.2916015625 5645.44030273438 5932.98061523438 6124.59681640625 2330.68070068359
2597.55538085937 1998.09844238281 2215.19390380859 2623.14059814453 1579.18427246094 3016.42051269531 6400.35595703125 6665.93337890625 3154.83956787109 3852.262421875 5447.65346679688 5033.58052734375 1504.45393310547 4027.33715332031 5562.45548828125 2746.76258789063 1942.89901123047 5060.8346484375 7137.12130859375 4651.485078125 4304.57297851563 1227.16988037109 2493.98070800781 1198.70068359375 2851.71633300781 2348.47182373047 2263.27168212891 1117.36700195313 2139.41567138672 4871.5862890625 5259.98497070313 6515.2466796875 5281.0035546875 1721.59914550781 913.9312890625 1011.77338134766 4479.68360351562 6842.105625 7986.52431640625 10162.6025 6676.501015625 2558.74138427734 2439.85922851563 3366.12796386719 2114.22899414063 5603.84770507812 4915.1502734375
2933.95319335937 1233.35390136719 1299.96992675781 1807.56235351563 2821.2302734375 2195.57582763672 3470.07259277344 2892.94426513672 2444.41729980469 4302.77518066406 6412.58875 3645.72449707031 1620.04149414062 5199.873671875 3907.48577148438 2169.01634765625 3425.15938476562 6072.46306640625 9701.421171875 8900.7760546875 5306.05206054687 1527.00905395508 1762.89401123047 2658.26768554687 1677.79916259766 1307.63626586914 1039.9056237793 1984.5347253418 1820.01168945312 4137.90736328125 1645.70018310547 3076.82711181641 3991.38438476562 1409.22620849609 1833.83859619141 1565.70826416016 3009.82681640625 2517.62287109375 4422.15661621094 7916.025859375 7467.06560546875 5910.2200390625 2899.45810058594 1674.28783813477 2700.0487890625 4848.37440429687 5219.17916992187
2489.88350585937 2153.63360351563 1518.66361572266 1515.28935302734 2898.56360351562 2279.66655273437 1214.65121826172 1846.09778564453 1900.13510742188 3150.49925292969 2152.58779296875 1155.75188476562 2678.01780517578 3357.97572509766 3244.05125244141 2656.96327148438 1578.45764160156 4922.1533203125 9024.5335546875 8222.7539453125 5006.3937890625 2140.47063232422 1466.79241577148 2538.44555419922 1565.04693359375 1388.13650390625 1362.05957519531 2847.72704589844 1164.65020019531 3604.644140625 1427.77109619141 1943.16088134766 4922.8007421875 3980.31958984375 2799.97069824219 3208.14760253906 2116.2526953125 2734.38687011719 4820.24884277344 4656.58380859375 3752.18796875 6335.638671875 4054.4125390625 3294.98746582031 4647.98556152344 3400.67666015625 2467.86896972656
4023.13770996094 5044.6155859375 2476.58788574219 2392.58688964844 1735.27876953125 2386.74626464844 1681.66444091797 1328.8735559082 2573.81383300781 3721.33253417969 2385.33750854492 2868.5885546875 3412.38669921875 3764.70888671875 3301.18156738281 2728.78988037109 1523.79842529297 2564.43009277344 5627.86432617188 5429.73842773438 2206.41261962891 3797.4260546875 4089.63707519531 3708.95039550781 3814.01311035156 1782.72021972656 1093.44308105469 2909.33956054687 1652.82662841797 3421.69044433594 1871.58880126953 2108.40646972656 4889.41411132812 2243.93037353516 1572.33682861328 2952.68822753906 2333.71341552734 6074.01658203125 7780.7136328125 4188.89770019531 3088.10364501953 6768.48943359375 7331.47025390625 6290.05484375 5373.129765625 5447.28586914063 2250.60661621094
8728.2384375 8797.8850390625 6782.43181640625 5872.64145507812 4260.38125488281 3007.53073486328 5251.98547851562 3096.14714599609 2383.17313720703 2572.65413818359 5563.21989257812 3753.39564453125 1466.2958984375 5329.17561523438 5052.91958984375 3293.38948730469 2961.29413574219 1713.96901855469 2636.53614746094 2712.94283691406 4759.2991015625 6242.49637695313 8517.57544921875 6344.46041015625 3525.93939453125 2507.71135253906 3728.87268554687 3883.5390234375 2365.19177856445 4530.90904785156 5484.3165234375 5244.08017578125 5960.45358398437 3073.32725585937 3827.54001464844 4046.3533203125 4422.395546875 7998.81759765625 10501.8872460937 7957.48744140625 6826.26970703125 5517.80487304688 3784.31917480469 4155.0731640625 2060.11943603516 5069.45143554687 2490.0234765625
10948.462421875 11216.4873046875 11099.9354296875 10516.3450976563 8473.42720703125 7585.019609375 8122.6988671875 4139.13827636719 1994.70791748047 3525.60186035156 6730.11234375 5154.8983203125 1978.20257324219 3791.44442871094 6517.9001171875 3389.15942871094 1614.06055664063 2392.28728515625 3171.41553222656 2122.36652099609 5174.7679296875 6572.34998046875 9176.3566015625 6111.90659179687 2535.56874023438 2852.63947021484 2798.88453125 2178.4380859375 4309.498515625 7383.70478515625 10087.6371875 10081.6822851563 9466.20673828125 7549.19326171875 6227.50125 2380.88710693359 3497.24724609375 8156.51974609375 12524.620234375 10762.3212109375 6205.358671875 2379.34062011719 2321.03621582031 5125.65579101563 5042.06400390625 7023.73091796875 4333.57875976563
7718.58384765625 7015.0590234375 9034.5936328125 12449.2053515625 12978.155625 12485.3827734375 10452.7741992187 6874.51561523438 5845.76180664062 7892.56123046875 9990.524765625 7758.783984375 4261.20453613281 4651.89267578125 3647.06385498047 2210.07731445312 2740.37997558594 4467.52181640625 4344.67313476563 1188.70057617187 2014.80685302734 3595.25340332031 8239.76849609375 8558.52658203125 6636.98533203125 4561.90592773437 2932.52726074219 3171.22779785156 2934.33018066406 7327.83615234375 11996.49890625 11401.057109375 7916.5376953125 6170.71368164062 6998.02470703125 6019.97365234375 6590.98719726562 9896.4153515625 13773.839921875 11448.546640625 6986.1609375 3924.29461914062 3084.47472167969 4162.90890625 6831.14314453125 8785.4812890625 5900.09048828125
3930.53813476562 2581.05812744141 6142.8716015625 9742.33634765625 12993.5932421875 15846.742109375 13810.190546875 11331.6008984375 10735.5778125 12267.8651953125 13211.6339453125 10621.5769335937 8769.973359375 7034.0805078125 3225.10688842773 2871.20010009766 6127.2588671875 8475.8098828125 5779.1294140625 4059.84425292969 4832.20122070312 5671.48263671875 8752.1571484375 6632.43708984375 4631.60466796875 6092.89876953125 7030.2826953125 7016.1787109375 6765.606328125 9547.7144921875 12790.5920703125 9629.1595703125 4913.14666015625 1986.95901733398 5090.70461914063 6827.13509765625 7738.67744140625 10989.207734375 13896.7688671875 11931.83328125 9833.01693359375 7286.91931640625 3545.07339111328 2631.00413330078 3189.15221679688 7073.85630859375 5060.00103515625
2848.59862060547 3506.53926269531 3708.08631835938 6077.95705078125 10409.6769140625 15124.317734375 17617.80328125 16137.4522265625 15677.913359375 14708.6201953125 11142.5769140625 8144.457421875 7584.9455078125 8744.7146875 7587.7822265625 7399.25181640625 9526.59060546875 11951.2780078125 9799.10431640625 8891.58919921875 9608.97931640625 10119.5801367188 9656.76779296875 5040.85641601562 1939.18267822266 2737.73044555664 6244.50946289063 10277.528359375 11576.2840234375 13389.224140625 13926.1459375 9628.17978515625 5435.50287109375 3704.71133300781 5269.02930664062 2637.02916015625 4410.71099609375 9025.964609375 10887.635625 7794.56173828125 6864.17826171875 8301.8215234375 6063.95651367187 2361.58424072266 2084.21215820312 6228.57861328125 7730.5855078125
5975.2454296875 5512.58618164062 2314.45278076172 5174.58106445312 9904.78794921875 14785.6496484375 19434.941640625 20464.10984375 18249.848828125 13541.5010546875 8738.76130859375 4304.56838867188 3156.86903564453 7067.8226171875 11105.0628515625 12335.7451171875 13729.8477734375 15777.882109375 14472.871484375 13870.79640625 14468.7821875 14483.075234375 11361.2671484375 7569.86796875 4995.02123046875 3342.15493164062 6518.6471875 11095.7367578125 15464.8325 16776.3976953125 13148.5154296875 8384.1269140625 3736.51270507812 2585.96927001953 5780.54251953125 3907.01874023437 5299.66200195312 9207.57349609375 8062.01095703125 4275.47587402344 2557.90017822266 6249.67104492188 4771.17678710938 1756.26360839844 2217.25410888672 6407.54462890625 8601.97541015625
5293.25395507812 8015.1210546875 6703.527109375 8194.03173828125 11769.178046875 15607.8755859375 16989.969765625 17896.648984375 18005.1402734375 13656.6750390625 8914.19720703125 4643.62583007812 3593.39125 7278.11693359375 11929.4060546875 16268.5269921875 18103.991328125 18684.241796875 17469.5678125 15263.6624609375 13665.2870703125 13608.3084375 13702.09828125 11726.9953125 9098.9954296875 8079.31177734375 9838.8835546875 13320.241953125 17441.6532421875 16609.2138671875 11767.1162109375 7064.72580078125 3056.16577636719 3607.64307617187 5989.586796875 6897.85669921875 9056.16388671875 10362.4734375 6143.259296875 2122.33044189453 3368.29559082031 7079.47423828125 6984.4469921875 5312.98455078125 5626.76725585937 6243.18694335937 4162.57703125
7097.88599609375 9938.7083203125 9076.42154296875 9829.6023828125 12578.463046875 12781.861640625 12021.1925 13218.012578125 15840.987890625 15405.1828515625 11550.0156640625 8688.19912109375 8165.42443359375 10336.2075390625 14005.3855859375 17699.578515625 16767.731875 14804.6523828125 13845.0222265625 11153.751796875 8812.145234375 8771.15267578125 11189.929453125 13397.5094140625 13274.9552734375 13043.0365234375 14210.7066796875 16809.053203125 19633.27265625 16502.739921875 11588.74859375 6731.00521484375 2430.48874755859 3420.70754882812 2341.08397216797 4516.14790039063 9208.12625 11554.107734375 7762.04173828125 5094.19885742187 6355.29865234375 9900.9747265625 10656.2545703125 9738.2155859375 8091.83974609375 4600.68546875 1077.70361572266
8102.3502734375 7663.863671875 4676.15653320313 5810.66743164063 9436.438203125 8289.418515625 7054.98677734375 8939.97037109375 12608.1908203125 14790.8817578125 14072.757421875 13267.2999609375 13090.7980859375 14544.89953125 17181.658828125 16484.9906640625 12776.7564453125 10057.7168359375 9272.72470703125 7587.666875 4263.60592773437 4325.65315429688 7666.878828125 9096.9603515625 11561.4691015625 13737.147578125 16422.01875 19679.46484375 21163.8884375 17452.5720703125 13011.1542578125 8950.3096875 6329.06823242188 6134.7269140625 4122.58138671875 5710.98834960938 9853.503984375 13504.3046875 11557.61609375 9954.7241796875 9948.74396484375 8673.0912109375 7934.09630859375 8600.78564453125 4952.6172265625 3121.94282226563 1725.48187988281
