Rasters_5km/Final_IBR_Set/FireFreq_2000_2008_Res5km.asc
NCOLS 161 
NROWS 96 
XLLCORNER 210004.651214014 
YLLCORNER 7345008.22228844 
CELLSIZE 5000 
NODATA_value -3.4e+38 
[rows 39 to 77 of 96, columns 0 to 87 of 161]
-3.4e+38 -3.4e+38 -3.4e+38 -3.4e+38 -3.4e+38 -3.4e+38 -3.4e+38 -3.4e+38 -3.4e+38 -3.4e+38 -3.4e+38 -3.4e+38 -3.4e+38 -3.4e+38 -3.4e+38 -3.4e+38 -3.4e+38 -3.4e+38 -3.4e+38 -3.4e+38 -3.4e+38 -3.4e+38 -3.4e+38 -3.4e+38 -3.4e+38 -3.4e+38 -3.4e+38 0 0 0.68 0.68 0.64 0 0 0 0 0 0.04 0.28 0.28 0.92 1 1 1.12 0.84 1 0.84 1 0.68 0.36 0.6 0 0 0.68 0.24 0.28 0.64 1.08 1.04 1.88 1.88 0.96 1.8 1.08 0.84 1.6 1.8 1.56 1.8 1.96 1.88 1.8 1.4 1.16 0.88 1.2 1.36 0.96 0.84 0.76 1.08 0.88 1.32 1.36 0.96 1.04 1.2 1.04
-3.4e+38 -3.4e+38 -3.4e+38 -3.4e+38 -3.4e+38 -3.4e+38 -3.4e+38 -3.4e+38 -3.4e+38 -3.4e+38 -3.4e+38 -3.4e+38 -3.4e+38 -3.4e+38 -3.4e+38 -3.4e+38 -3.4e+38 -3.4e+38 -3.4e+38 -3.4e+38 -3.4e+38 -3.4e+38 -3.4e+38 -3.4e+38 -3.4e+38 -3.4e+38 -3.4e+38 0 0.16 0.84 0.68 0.4 0 0 0 0.24 0.12 0.28 0.32 0.76 0.8 1 1 0.96 0.92 0.96 0.8 0.96 0.96 0.48 0.52 0.48 0.08 0.72 0.32 0.48 1 1.48 1.12 1.16 1.2 0.92 0.96 0.32 0.92 1.64 1.8 1.92 2 1.16 0.72 1.48 1.2 1.56 1.12 1.88 1.88 1.12 1.08 0.8 1.04 0.96 0.96 1.24 0.6 0.88 0.92 1.16
-3.4e+38 -3.4e+38 -3.4e+38 -3.4e+38 -3.4e+38 -3.4e+38 -3.4e+38 -3.4e+38 -3.4e+38 -3.4e+38 -3.4e+38 -3.4e+38 -3.4e+38 -3.4e+38 -3.4e+38 -3.4e+38 -3.4e+38 -3.4e+38 -3.4e+38 -3.4e+38 -3.4e+38 -3.4e+38 -3.4e+38 -3.4e+38 -3.4e+38 0 0 0.04 0.12 1 1 0.6 0.16 0.12 0 0.72 0.64 0.76 0.56 0 0.48 1 1.04 0.76 0.92 0.76 0.76 1 1 0.68 0.88 0.84 0.88 0.68 0.24 0.76 0.76 0.96 1.32 1.24 1.24 1.4 1.08 0.92 1.12 1.52 1.2 1.44 1.24 1.08 1.04 1.08 1.08 1.64 1.4 1.96 1.64 1.28 1.48 0.96 1.6 1.68 1.4 1.28 0 0.72 1.08 1.12
-3.4e+38 -3.4e+38 -3.4e+38 -3.4e+38 -3.4e+38 -3.4e+38 -3.4e+38 -3.4e+38 -3.4e+38 -3.4e+38 -3.4e+38 -3.4e+38 -3.4e+38 -3.4e+38 -3.4e+38 -3.4e+38 -3.4e+38 -3.4e+38 -3.4e+38 -3.4e+38 -3.4e+38 -3.4e+38 -3.4e+38 0 0 0 0 0.92 0.68 1.32 1.16 0.88 0.56 0.12 0.36 0.64 0.92 1.04 0.96 0.76 0.72 0.84 0.84 0.8 1.12 0.72 0.92 0.76 0.52 0.72 0.92 0.72 1 0.88 0.52 0.96 0.88 0.52 0.84 0.36 1.32 1.8 1.72 1.8 1.84 1.52 1.24 1 0.92 0.88 1.36 1.08 1.56 1.84 2 1.72 1.64 1.4 1.04 0.76 1.68 2 1.8 1.2 1.08 0.6 0.96 0.72
-3.4e+38 -3.4e+38 -3.4e+38 -3.4e+38 -3.4e+38 -3.4e+38 -3.4e+38 -3.4e+38 -3.4e+38 -3.4e+38 -3.4e+38 -3.4e+38 -3.4e+38 -3.4e+38 -3.4e+38 -3.4e+38 -3.4e+38 -3.4e+38 -3.4e+38 -3.4e+38 0 0 0 0 0 0 0.16 1.12 1.24 1.56 1.44 0.96 0.8 0.24 0.6 0.6 0.92 0.96 0.64 0.76 0.96 0.64 0.92 0.68 0.96 0.72 0.88 1.04 0.56 0.32 0.48 0.6 1 1 0.88 0.88 0.84 1.2 0.92 1.16 0.72 0.84 1.52 1.8 1.28 1.2 1.52 0.68 0.96 0.84 0.96 1 1.08 1.44 1.76 1.96 1.48 1.12 1.04 0.96 1.16 1.92 1.88 1.2 1 0.84 1.04 1.12
-3.4e+38 -3.4e+38 -3.4e+38 -3.4e+38 -3.4e+38 -3.4e+38 -3.4e+38 -3.4e+38 -3.4e+38 -3.4e+38 -3.4e+38 -3.4e+38 -3.4e+38 -3.4e+38 -3.4e+38 -3.4e+38 -3.4e+38 -3.4e+38 0 0 0 0 0 0 0 0.08 0.76 1.04 1.24 1.16 0.72 0.92 0.56 0.28 0.84 0.88 0.72 0.52 0.92 0.92 1.08 0.8 0.96 0.64 0.48 0.48 0.4 0.36 0.04 0.08 0.4 0.84 1 0.88 0.76 0.72 0.64 0.96 0.96 1.4 1.08 1.24 0.64 1.2 1.08 0.52 0.36 0.76 0.92 1.04 1.24 1.8 1.4 0.84 1.12 1.6 2 1.44 0.96 0.8 1.52 1.76 2 1.68 1.4 1.6 1.44 1.8
-3.4e+38 -3.4e+38 -3.4e+38 -3.4e+38 -3.4e+38 -3.4e+38 -3.4e+38 -3.4e+38 -3.4e+38 -3.4e+38 -3.4e+38 -3.4e+38 -3.4e+38 -3.4e+38 0 0 0 0 0 0 0 0 0 0.04 0 0.2 0.96 0.92 0.64 0.56 0.04 0.28 0.96 0.48 1 1.12 0.8 0.76 0.76 0.28 0.76 1.08 0.72 0.6 0.92 1.2 0.8 0.04 0 0.92 1.12 0.32 0.32 0.48 0.72 0.8 0.56 0.92 0.92 1.28 1.4 1.28 0.76 1.12 1.36 0.52 0.56 1.04 0.96 1 1 1.24 1.64 0.96 1.24 1.88 1.92 1.48 1.72 1.24 1.36 1.8 1.84 1.64 1.76 1.92 1.64 1.8
-3.4e+38 -3.4e+38 -3.4e+38 -3.4e+38 -3.4e+38 -3.4e+38 -3.4e+38 -3.4e+38 -3.4e+38 -3.4e+38 -3.4e+38 -3.4e+38 -3.4e+38 0 0.36 0.56 0 0 0 0 0.36 0.28 0.16 0.04 0.04 0.08 1.08 1.44 0.28 0.68 0.04 0.16 0.84 0.64 0.88 1 1.04 0.48 0.32 0.52 0.92 0.64 0.48 0.56 0.92 0.84 0.84 0.56 0.52 0.2 0.28 0.36 0.56 0.48 0.88 1.04 0.92 0.88 1 1.04 1.52 1.88 1.52 1.4 0.8 0.4 0.48 0.52 0.6 0.52 1.16 0.52 0.88 0.76 0.32 0.96 1.8 2 1.16 0.72 0.56 0.76 0.96 1.52 2.04 2.04 1.88 0.88
-3.4e+38 -3.4e+38 -3.4e+38 -3.4e+38 -3.4e+38 -3.4e+38 -3.4e+38 -3.4e+38 -3.4e+38 -3.4e+38 -3.4e+38 0 0 0 0.32 0.92 0.12 0 0 0.16 0.36 0.04 0.28 0 0.04 0.08 1.04 1.2 1.64 0.48 0.12 0.48 0.8 0.76 0.68 1.04 1 0.28 0.56 0.88 1 1 0.8 0.4 0.96 0.56 0.68 1.08 0.8 0.84 0.68 0.92 0.6 1 0.84 0.28 0.48 0.76 1 0.8 0.96 1.36 2 1.68 1.24 0.88 0.76 1 1.16 0.52 0.6 0.44 0.56 0.88 0.04 0.12 1.04 1.44 1.08 1 0.84 0.48 0.92 1.44 1.96 1.8 1.36 1.56
-3.4e+38 -3.4e+38 -3.4e+38 -3.4e+38 -3.4e+38 -3.4e+38 -3.4e+38 -3.4e+38 -3.4e+38 0 0 0 0 0 0.16 0.44 0 0 0 0.16 0.52 0 0 0 0 0.04 0.76 1.32 1.68 0.4 0.12 0.52 0.76 0.8 0.28 0.84 0.72 0.72 0.88 0.4 0.96 1 1.04 0.88 1 1 0.92 0.88 0.72 0.88 0.96 0.76 0.84 0.96 1 0.72 0.56 0.84 0.48 0.4 0.2 0.96 1.84 1.92 1.44 1.4 1 1.28 1.08 1.04 1.28 0.72 0.28 0.56 0.4 0.2 0 0 0.8 0.8 0.4 0.4 0.84 1.84 1.68 1.68 1.92 2
-3.4e+38 -3.4e+38 -3.4e+38 -3.4e+38 -3.4e+38 -3.4e+38 -3.4e+38 -3.4e+38 -3.4e+38 0 0 0 0 0 0 0 0 0 0 0.16 0.12 0 0 0 0 0 0.4 1.24 1.24 0.88 0.68 0.76 1 0.84 0.44 0.36 0.72 0.92 1 1.08 1.12 0.84 0.96 0.96 1.12 1.08 1.08 1.08 1 1.24 1.16 0.92 1 0.96 1 1 0.96 0.96 1 0.76 0.4 0.76 1.08 0.96 0.84 1 1 1 1.2 1.2 1.36 1.32 1 0.92 0.92 0.48 0.12 0 0.24 0.64 0.16 0.12 0.72 1 1.2 1.36 1.32 1.52
-3.4e+38 -3.4e+38 -3.4e+38 -3.4e+38 -3.4e+38 -3.4e+38 -3.4e+38 -3.4e+38 -3.4e+38 0 0 0 0 0 0 0 0 0 0 0 0 0 0 0 0.08 0.12 0.92 1.16 1.08 1.24 1.04 0.96 0.76 0.2 0.6 0.76 0.44 1.16 0.96 0.72 0.64 0.92 1 1.08 1.04 1.08 1.56 0.68 0.76 0.48 0.96 1.56 1.12 0.4 0.88 1 1 0.88 0.96 1 0.84 0.8 0.92 0.96 1 1 1 0.92 0.96 1.04 1.44 1.92 1.88 1 0.84 1 1 0.44 0.32 0.8 1 0.84 0.88 0.8 1 1.44 1.2 1.04
-3.4e+38 -3.4e+38 -3.4e+38 -3.4e+38 -3.4e+38 -3.4e+38 -3.4e+38 -3.4e+38 -3.4e+38 0 0 0 0 0 0 0 0 0 0 0 0 0 0.52 0.84 1 0.92 1.12 1.28 1.08 0.24 1 0.92 1 0.88 0.68 0.88 1 0.92 0.8 0.4 0.76 1 0.48 0.92 1.12 1 0.76 0.96 0.92 0.72 1.04 1 0.92 0.68 1 0.8 0.76 0.92 0.56 1 1 1 1 1 0.8 1 0.96 1.12 1.16 1.2 1.24 1.52 1.68 1.12 0.88 1.08 1.4 1.16 0.92 0.12 1 1 1 1.12 1.48 1.52 1.48 1.12
-3.4e+38 -3.4e+38 -3.4e+38 -3.4e+38 -3.4e+38 -3.4e+38 -3.4e+38 -3.4e+38 0 0 0 0 0 0 0 0 0 0 0 0 0 0.32 0.72 0.52 0.84 0.72 1.08 1.4 1.08 0.28 0.04 0.52 0.92 0.68 0.96 0.84 1.16 1.04 0.76 0.52 0.64 0.76 0.96 1 0.72 0.92 0.56 0.8 0.32 0.96 0.96 1.12 0.92 0.72 0.8 0.88 0.92 0.84 0.64 0.92 0.88 0.88 1 0.88 0.64 1.04 0.76 1.2 1.96 1.24 1.76 1.44 1.72 1.16 1.16 1.24 1.04 0.96 0.72 0 0.92 1.12 1 1.08 1.44 1.84 1.56 0.76
-3.4e+38 -3.4e+38 -3.4e+38 -3.4e+38 -3.4e+38 -3.4e+38 -3.4e+38 0 0 0 0 0 0 0 0 0 0 0 0 0.04 0.72 0.84 0.76 0.12 0.44 0.92 0.92 0.72 0.56 0.48 0.2 0.84 1.08 1.16 0.76 0.92 0.88 1.4 1 0.76 0.8 1.04 1.08 1 0.88 0.96 1 0.8 0.6 1 1 1.4 1.04 0.96 0.96 1.08 0.56 0.96 1.04 1 1 1 1 0.92 0.56 0.8 0.92 1.08 1.68 1.88 1.76 1.64 1.64 1.36 1 0.96 0.52 0.88 1.28 0.08 0.04 0.32 0.28 0.44 0.6 0.72 0.44 0.52
-3.4e+38 -3.4e+38 -3.4e+38 -3.4e+38 -3.4e+38 -3.4e+38 -3.4e+38 0 0 0 0 0 0 0 0 0 0.2 0 0 0 0.64 0.96 0.36 0.68 0.64 0.72 0.8 0.72 0.8 0.68 0.2 1 1 1.04 0.4 0.68 0.68 0.44 0.32 0.56 0.32 0.68 1 0.8 0.92 1 0.92 0.96 0.92 0.76 0.96 1 0.8 0.4 1 1.04 0.88 0.64 1 0.8 1 1 1 1 1 1 0.84 0.88 1.24 1.68 1.72 1.52 1.92 1.04 1 1 0.84 0.64 0.96 0.92 0.56 0.08 0.24 0.16 0.56 0.36 0 0
-3.4e+38 -3.4e+38 -3.4e+38 -3.4e+38 -3.4e+38 -3.4e+38 -3.4e+38 0 0.08 0.12 0.16 0 0 0 0 0.32 0.64 0 0 0 0.44 0.88 0.8 0.52 0.72 0.36 0.68 0.48 0.84 0.68 0.04 0.88 1 0.92 0.12 0.12 0.84 0.12 0.36 0.64 0.72 0.96 1 0.8 0.64 0.96 1.04 0.92 0.8 0.96 1.04 1.24 1 1 0.76 0.92 1 1.32 1.48 0.76 1 1 1 1 1 1 1.04 0.84 1.24 1.8 1.44 1.04 1 1.4 1 1 1 0.4 0.72 0.96 1.04 1.24 1.2 0.96 0.72 0.88 0.64 0.44
-3.4e+38 -3.4e+38 -3.4e+38 -3.4e+38 -3.4e+38 -3.4e+38 0 0 0.32 0.56 0.2 0 0.32 0 0 0.16 0.84 0.04 0 0 0.24 0.96 0.48 0.72 1 1 0.68 0.84 0.24 0.24 0 0.12 0.28 0.12 0.72 0.8 0.72 0 0.12 0.32 0.72 0.56 1.08 1.04 1 0.92 0.8 0.8 0.96 0.44 0.96 0.92 0.88 0.96 0.96 0.96 0.92 1.08 0.88 1.32 1 1 1 1 1.04 1.44 1.96 1.72 1.04 1.52 1.96 1.56 1.04 1.2 1.32 1.08 0.92 0.44 0.88 1.48 1 0.8 0.68 0.08 0.76 0.92 1.2 1.76
-3.4e+38 -3.4e+38 -3.4e+38 -3.4e+38 -3.4e+38 -3.4e+38 0 0 0.68 0.8 0.52 0 0 0.04 0 0 0.16 0 0 0 0.08 0.68 0.88 0.64 0.88 0.92 0.96 0.64 0.68 0.24 0 0 0 0.4 0.88 0.52 0.52 0 0.12 0.96 0.88 0.48 0.72 0.84 0.92 1.04 1 1 0.92 1.68 1.44 0.96 0.84 1 1 1 1 0.92 0.84 0.92 0.84 0.88 1.04 0.88 1 1.24 1.48 1.32 0.96 1.04 1.92 1.88 0.68 0.36 0.76 1.44 0.72 0.76 0.84 1.6 1.44 1.04 0.4 0.52 1.16 0.72 0.96 1.2
-3.4e+38 -3.4e+38 -3.4e+38 -3.4e+38 -3.4e+38 -3.4e+38 0 0.44 0.88 0.72 0.68 0 0 0 0 0 0 0 0 0 0 0.2 0.4 0.92 1 1 0.96 0.48 0.4 0.28 0.24 0.12 0 0.44 0.52 0.76 0.16 0.08 0.76 0.6 0.68 0.8 0.44 0.64 0.52 0.96 1 0.92 1 1.24 1.36 0.68 0.92 1 0.84 0.92 0.96 0.28 0.28 1.08 1 0.72 0.76 0.64 0.96 0.92 0.72 0.84 0.32 0.84 0.76 0.36 0.72 0.52 0.8 0.48 0.84 0.96 1.92 1.68 1.52 1.2 0.6 0.92 0.96 0.84 1 0.76
-3.4e+38 -3.4e+38 -3.4e+38 -3.4e+38 -3.4e+38 0 0 0.84 0.92 0.24 0 0 0 0 0 0.56 0.56 0.44 0 0 0 0.2 0.76 0.92 0.72 0.76 0.88 0.52 0.64 0.72 0.84 0.24 0 0.64 0.88 0.88 0.84 0.36 1 0.68 0.4 0.56 0.52 0.8 0.72 1 1 1 0.92 0.88 0.84 1.08 0.84 1 0.72 0.88 0.84 0.32 1.2 1.44 1.04 0.8 0.28 0.52 0.8 0.68 0.6 0.6 0.68 1.12 0.96 0 0.32 0.48 0.16 0.28 0.88 1.04 1.6 1.6 1.84 1.8 1.4 1 0.96 1.08 1.56 1.04
-3.4e+38 -3.4e+38 -3.4e+38 -3.4e+38 -3.4e+38 0 0 0.32 0 0 0 0 0 0 0 0.16 0.24 0.2 0 0 0 0 0.72 0.48 0.32 0.32 0.92 0.72 0.44 0.72 0.84 0.48 0.08 0.36 0.96 1.28 0.84 1.2 1.16 0.32 0 0.64 0.84 0.76 0.88 1.04 0.96 1.04 1 0.64 0.4 0.88 0.64 0.88 0.88 0.84 0.92 0.88 1.28 1.68 0.96 0.92 0.88 0.72 0.96 0.96 0.8 0.52 1 0.96 0.32 0 0 0.04 0.72 0.6 1 1.2 1.36 1.48 1.68 1.84 1.88 1.04 0.92 1.12 1.64 0.92
-3.4e+38 -3.4e+38 -3.4e+38 -3.4e+38 -3.4e+38 0 0 0 0 0.24 0.2 0.04 0 0 0 0.12 0 0 0 0 0 0 0.64 0.88 0.56 0.08 0.84 0.92 0.72 0.2 0.12 0.24 0.48 0.16 0.96 0.6 0.08 0.48 0.2 0 0 0 0.68 0.76 0.96 0.92 0.52 0.68 0.88 0.96 0.96 0.84 0.32 0.56 1.16 0.96 0.96 0.68 1.2 0.84 0.8 1 0.88 0.6 0.92 0.88 1 1 0.92 1.04 0.64 0.08 0.24 0.16 0.6 0.64 0.4 0.52 1.16 1.52 1.24 1.72 1.36 1.4 0.88 1.24 1.68 1.36
-3.4e+38 -3.4e+38 -3.4e+38 -3.4e+38 -3.4e+38 0 0 0 0.36 0.92 0.36 0.08 0 0 0 0 0 0 0 0 0 0 0.32 0.84 0.44 0 0.36 0.4 0.36 0 0.04 0.16 0.28 0.92 0.88 0.2 0 0 0.4 0.44 0.36 0.16 0.24 0.44 0.4 0.68 0.68 0.4 0.48 0.92 0.72 0.64 0.68 0.72 0.72 0.68 1 1 1.28 1 0.96 1 1 0.92 1 1.64 1.32 0.8 0.76 0.92 1.04 0.84 0.56 0.96 1.6 1.84 1.32 0.8 1.4 1.8 1.44 1.84 2 1.92 1.8 1.56 2.04 1.76
-3.4e+38 -3.4e+38 -3.4e+38 -3.4e+38 -3.4e+38 0 0 0.04 0.68 1 0.88 0.8 0.04 0 0 0 0 0 0 0 0 0 0 0.32 0 0 0.12 0.12 0.36 0 0.04 0.4 0.4 1.08 0.88 0.12 0 0 0.88 0.52 0.72 0.6 0.4 0.12 0.6 0.6 0.64 1 0.84 0.8 0.48 0.76 0.68 0.64 0.96 0.96 0.96 1 0.64 0.28 0.6 0.96 0.96 0.92 1.32 1.32 1.12 0.76 0.16 0.72 0.88 1 1.4 0.88 1.28 0.68 0.88 1 1.2 1.84 1.64 1.88 1.92 1.88 2 1.52 1.52 1.76
-3.4e+38 -3.4e+38 -3.4e+38 -3.4e+38 -3.4e+38 0.266666666666667 0 0.56 0.48 1 1 1 0.36 0 0 0 0 0 0 0 0 0.04 0.64 0.68 0.24 0.32 0.72 0.48 0.36 0.28 0 0.12 0.56 0 0.04 0 0 0 0.4 0.76 0.64 0.52 0.28 0.64 0.92 0.64 0.92 0.96 1 0.84 0.76 1 0.96 1 0.92 0.68 0.36 0.56 0.8 0.52 0.92 0.64 0.64 0.84 1.16 0.92 1 0.28 0.08 0.36 0.92 1.2 1.84 1.12 0.64 0.68 0.92 0.92 0.92 1 1.32 1.52 1.56 1.92 1.92 1.8 1.24 1.08
-3.4e+38 -3.4e+38 -3.4e+38 -3.4e+38 -3.4e+38 0.4 0.6 0.28 0.2 0.8 1 1 0.72 0.04 0 0 0 0 0 0 0 0 0.8 1 1 1.24 1.12 0.84 0.68 0.12 0.08 0.12 0 0 0.24 0 0 0 0.16 0.56 0.92 0.48 0.8 1.08 1 0.8 1 0.92 0.6 0.72 0.76 1 1.16 0.76 0.92 0.52 0.28 0.8 0.96 0.44 0.8 0.68 1 0.92 1.04 0.72 0.68 0.56 0.6 0.88 0.92 1 1.04 1 1 1 1.64 1.8 1.84 1.32 0.92 0.88 0.84 1.48 1.6 1.88 1.92 1.68
-3.4e+38 -3.4e+38 -3.4e+38 -3.4e+38 -3.4e+38 0.8 0.92 0.76 0.96 0.32 0.92 0.88 0.76 0.4 0 0 0 0 0.04 0.24 0.44 0.04 0.72 1 0.92 1.04 1 1 0.52 0.04 0 0 0.28 0.44 0.44 0.04 0 0 0 0.64 0.68 0.68 0.12 0.2 0.84 0.44 0.48 0.56 0.76 0.88 1 0.56 0.84 0.12 0.44 0.04 0.48 0.88 0.8 0.52 0.76 1 0.96 0.76 1 0.92 0.2 0.68 0.96 0.96 0.76 1 1 0.88 0.76 1.04 1.68 2 1.96 2.28 1.92 1.2 1.48 1.12 1.56 1.12 1.4 1.72
-3.4e+38 -3.4e+38 -3.4e+38 -3.4e+38 -3.4e+38 0.666666666666667 1 0.48 0.6 0.8 0.04 0 0.32 0.04 0 0 0 0.08 0.72 0.96 0.64 0.12 0.68 0.28 0.76 0.68 0.72 1 1 0.52 0.04 0.12 0.84 0.84 0.88 0 0 0 0 0 0 0.04 0.04 0.44 0.52 0.16 0.28 0.28 0.56 1 0.84 0.88 0.8 0.24 0.08 0 0 0.32 0.48 0.84 0.84 1.04 0.96 0.88 0.8 0.88 0.84 0.96 0.72 0.96 0.88 0.8 1.28 0.92 0.52 0.76 1.64 1.36 1.84 2.52 2.68 1.72 1.84 1.52 1.72 1.28 1.4 1.72
-3.4e+38 -3.4e+38 -3.4e+38 -3.4e+38 -3.4e+38 0.266666666666667 0.64 0.08 0.04 0.48 0 0.08 0.76 0.4 0 0 0.08 0.04 0.64 0.56 0.32 0.12 0.2 0.92 0.56 0.44 0.28 0.96 0.96 0.8 0.56 0 0 0.16 0.72 0.56 0 0 0 0 0 0 0 0 0.52 0.52 0 0 0.28 0.96 0.84 0.8 0.88 0.36 0.8 0.2 0 0.36 0.72 1 1.04 0.88 1 0.88 1.08 1.48 0.6 0.56 0.68 0.8 1 0.96 1.04 0.2 0.6 1 1.32 1.8 1.92 1.6 2.08 1.52 1.88 2 1.72 1.92 1.24 1.64
-3.4e+38 -3.4e+38 -3.4e+38 -3.4e+38 -3.4e+38 0 0 0 0 0 0 0 0.24 0.56 0.16 0 0 0 0 0 0 0 0.6 0.72 0.8 0.64 0 0.16 0.88 0.68 0.52 0 0 0 0.04 0.04 0 0 0 0 0 0 0 0 0 0 0 0 0.16 0.28 0.56 0.44 0.4 0.92 0.68 0.4 0.32 0 0.44 0.64 0.84 1 0.44 0.88 0.28 0.24 0.04 0.2 0.52 1 1.12 1.08 1.64 1.76 1.52 1.08 1.48 1.12 1.24 1.2 1.32 1.08 1.96 1.8 1.56 1.32 1.32 1.64
-3.4e+38 -3.4e+38 -3.4e+38 -3.4e+38 -3.4e+38 0 0 0 0 0 0 0 0.04 0.32 0.68 0.08 0 0 0 0 0 0 0.44 0.88 0.72 1 0.64 0.12 0.96 0.92 0.52 0.04 0.04 0.24 0.12 0 0 0.04 0.64 0.64 0 0 0 0 0 0 0 0 0 0 0 0 0.08 0.52 0.68 0 0.12 0.12 0.12 0 0.24 0.88 0.84 0.12 0.12 0.16 0.12 0.16 0.8 1 1 1.08 1.84 2 1.88 1.4 1.16 0.68 0.96 1.64 1.32 1.32 1.52 1.48 1.24 1.44 1.76 1.36
-3.4e+38 -3.4e+38 -3.4e+38 -3.4e+38 -3.4e+38 0 0 0 0 0 0 0 0.04 0.52 0.88 0.24 0 0 0.16 0.16 0 0 0 0.24 0.64 0.56 0.76 0.4 0.64 0.28 0.16 0.16 0.6 0.04 0.08 0 0 0.32 0.64 0.64 0.2 0 0 0 0 0 0 0 0 0 0 0 0 0 0.04 0 0 0.28 0.08 0.2 0.24 0.68 0.64 0.32 0.28 0.04 0 0.16 0.48 0.24 0.76 0.52 1.56 1.76 1.4 0.8 1 1 0.88 0.96 1 1.48 1.84 1.84 1.48 1.16 1.56 1.44
-3.4e+38 -3.4e+38 -3.4e+38 -3.4e+38 -3.4e+38 0 0 0 0 0 0 0 0 0.72 1 0.16 0.08 0.12 0.2 0.4 0.68 0.04 0.2 0.4 0.72 0.08 0.88 0.6 0.52 0.68 0.08 0 0.08 0 0.4 0.88 0.16 0.08 0.32 0.32 0.44 0 0 0 0 0 0 0 0 0 0 0 0 0 0 0.28 0 0 0.16 0 0.28 0.76 0.64 0.76 0.8 0.24 0.76 0.8 0.96 0.56 0.88 1.2 1.68 1.36 1.04 0.84 1 1 1 1 1 1.24 1.88 1.6 1.28 0.6 0.84 1.52
-3.4e+38 -3.4e+38 -3.4e+38 -3.4e+38 -3.4e+38 0.6 0.08 0 0 0 0 0 0 0.52 0.52 0.12 0 0.16 0.04 0.12 0.28 0.16 0.16 0.56 1 0.56 0.6 0.4 0.04 0 0 0 0 0.04 0.28 0.96 0.8 0.68 0 0.64 0.8 0.12 0 0 0 0 0 0 0 0 0 0 0 0 0 0 0 0.36 0 0 0 0 0 0 0.16 0.96 0.6 0.08 0.12 0.8 0.88 0.72 0.44 0.52 0.48 0.76 0.88 1 1 0.96 1 1 0.96 1 0.84 0.92 1.36 1.88
-3.4e+38 -3.4e+38 -3.4e+38 -3.4e+38 -3.4e+38 0 0 0 0 0.44 0.08 0 0 0 0.12 0.24 0.12 0.12 0.44 0.48 0.04 0.16 0.64 0.72 0.88 0.56 0.48 0.04 0 0 0 0.08 0.2 0.12 0.64 0.88 1 1 0.2 0 0.28 0.6 0.08 0 0 0 0 0 0 0 0 0 0 0.16 0 0 0 0.04 0 0 0 0 0 0.12 1 0.92 0.92 0.64 0.04 0.04 0.36 0.6 0.04 0 0 0 0.12 0.48 0.4 0.48 0.72 1.36 1.4 1.04 0.68 1.28 1.56 1.52
-3.4e+38 -3.4e+38 -3.4e+38 -3.4e+38 -3.4e+38 0.2 0.12 0.2 0 0 0 0 0.08 0.28 0.36 0.44 0.48 0.56 0.4 0.84 0.92 0.32 0.76 0.44 0.08 0.32 0 0 0 0 0 0.4 0.92 0 0.12 0.32 0.92 1 0.6 0.2 0 0.52 0.28 0 0 0.08 0 0 0 0 0 0 0 0 0 0 0.12 0.28 0 0 0 0 0 0 0.88 0.6 1 0.88 0.24 0 0 0 0 0 0 0 0.12 0.16 0.8 0.88 1 1.12 1 0.92 0.64 1.56 1.64 1.8
-3.4e+38 -3.4e+38 -3.4e+38 -3.4e+38 -3.4e+38 0 0.32 0 0 0 0 0.04 0.28 1 0.4 0.24 0.4 0.8 0.24 0.28 0.32 0 0 0.04 0 0 0 0 0 0 0 0.32 0.68 0 0 0.2 0.72 0.36 0.64 0 0 0 0.44 0.16 0 0 0 0 0 0 0 0 0 0 0 0 0.36 0.6 0.28 0 0 0 0 0 0.08 0.08 0.36 0.08 0 0 0 0 0 0 0 0 0 0.28 0.68 0.88 0.8 0.76 1 0.6 0.56 1.16 1.36 1.24
-3.4e+38 -3.4e+38 -3.4e+38 -3.4e+38 -3.4e+38 0 0 0 0 0 0.24 0.72 0.88 0.64 0.48 0.16 0.04 0.88 0.56 0.32 0.48 0.4 0.52 0.28 0 0 0 0 0 0 0 0.24 0.48 0.52 0.6 0.4 1 0.6 0.88 0.28 0 0.64 0.4 0.04 0 0 0 0 0 0 0 0 0 0 0 0 0 0.72 1 0.36 0 0 0 0 0 0 0 0 0 0 0 0 0 0 0 0.84 0.4 0.32 0 0.48 0.72 0.6 0.88 0.96 0.92 0.84 1.08 1
