Rasters_5km/Final_IBR_Set/Spinifex_Res5km.asc
NCOLS 161 
NROWS 96 
XLLCORNER 210004.651214014 
YLLCORNER 7345008.22228844 
CELLSIZE 5000 
NODATA_value -3.4e+38 
[rows 21 to 41 of 96, columns 96 to 143 of 161]
42.7265835571289 40.3468778991699 29.8652634048462 44.6386819458008 31.8149608230591 32.1928273677826 37.0198167037964 39.1906908416748 17.8510207439572 0 0.767681489529205 37.745806350708 37.503606262207 24.3174792128801 3.81216904640198 0.294862588904798 3.5003015089035 38.3666297912598 38.4653940582275 36.3214823913574 18.619799727902 1.57560222923756 2.86281524538994 0.642103035151958 0.000855048227888915 6.42035288155079 16.4256105793267 27.8626473452523 37.1665717315674 28.8136116790771 38.5892932128906 38.5750005340576 38.6436978912353 36.2256480407715 37.9105854034424 32.8924061584473 35.9408638763428 33.2006887054443 37.3969925689697 43.4252191162109 43.3612712097168 41.0329000854492 40.3463987731934 40.3516040039063 40.3983685302734 37.6163739013672 38.2170344543457 36.7712868499756
42.9505451965332 39.1301332092285 38.493143081665 42.5703115844727 37.6860985946655 47.4629164123535 35.56594581604 44.2978358459473 39.0264059448242 1.24450408220291 8.16056017383933 38.3891386413574 36.2899434661865 41.7705465698242 38.7169225311279 32.6169050151855 4.51950002789497 25.9809589767456 37.0828941345215 42.0186836242676 39.405196685791 38.2564792633057 39.3708306884766 32.6905953216553 23.4758446329087 33.8977600955963 17.3949790517986 7.92547996323556 9.54388928449305 21.2012267603539 34.3855767822266 32.3197503948212 35.6080156707764 34.831010055542 26.8223368835449 22.6127581369877 8.24963948851451 6.66788294970989 19.9141285145283 38.6472449493408 39.2358052062988 36.8263038635254 37.761654510498 38.5633379364014 38.2069576263428 35.7794570922852 37.6309408569336 41.0755342102051
49.1475994873047 39.7176742172241 46.6079745483398 43.1331587982178 39.2677178955078 42.8479217529297 40.3573416137695 35.5885547637939 35.7538204193115 0.242578480504453 9.94393528595567 30.9976789093018 37.2544288635254 40.9798028564453 36.8798961639404 36.9208905792236 24.5201743995398 2.52054111818783 31.1190739250183 42.4933879089355 39.0939991760254 40.4005288696289 43.977613067627 37.2094645690918 34.8657904815674 39.6927074432373 41.3733612060547 35.170983505249 29.7345331382751 20.4580630484223 17.4827026894689 2.26721557182786 9.70288748443127 23.1933606600761 11.5661141760089 3.98665574502465 12.3007489299774 1.85124893665314 0 4.3538952589035 26.7662373972673 36.928953704834 33.8595995330811 27.4639283752441 30.6793815612793 40.1671565246582 38.479847869873 39.7075349426269
49.6730638122559 43.1653228759766 44.186396484375 39.8758040618896 53.4152470397949 40.5049471282959 40.6029764556885 38.077982635498 39.0063499450684 29.6446851348877 28.6664661026001 33.182972869873 40.6845468139648 41.8789363098145 39.4621070098877 35.0396677398682 33.7273844909668 32.2478641471267 22.3067708730698 41.237575302124 42.8158570861816 42.7865042114258 43.5267810058594 41.1494381713867 40.1003374481201 44.0997870635986 40.7072913360596 34.8359058380127 26.6129154014587 34.8376749420166 33.6804505157471 39.4385748958588 17.264775788486 12.011930758357 21.0138122360408 27.7282483404875 21.2787295957212 0.428083162050225 0 0 3.61259564399719 12.6727502059937 11.0318477770686 28.5926672279835 35.4719564056396 41.2086846923828 37.7084181213379 40.9059808349609
49.2780101013184 45.6878144836426 44.1816722106934 39.221438293457 49.787378692627 45.1517051696777 44.7004000854492 41.8609448242187 37.4617014312744 43.6772869873047 28.7167420959473 38.2168281555176 41.2060279846191 40.9714692687988 42.3969848632812 43.901160736084 34.5251261901855 37.7783452606201 35.4059683227539 33.5210131072998 43.5964547729492 42.2618597412109 42.7357376098633 43.6657902526855 39.6791534423828 43.958900604248 39.2304863739014 35.5317030334473 40.9574222564697 33.8334588623047 40.7149327087402 39.0712833404541 38.7236505126953 39.8754341125488 35.9938431549072 35.5653414916992 44.6747828674316 19.531031576395 0 0 0 0 0.000214367248117924 24.2771981309354 36.8311151123047 37.2306224060059 39.8143603515625 41.0980952453613
46.4154156494141 50.6968539428711 46.4934239196777 43.0667676544189 46.7658219909668 44.9201383972168 44.3899127197266 47.3539184570312 40.0948539733887 43.7431199645996 29.2210894775391 42.1218482971191 43.7458265686035 39.5562878417969 36.0605790710449 38.0192372894287 34.2626789093018 39.6577505493164 38.0178817749023 25.6177342033386 42.0325682830811 41.2724616241455 42.9629742431641 45.7710554504395 40.9252195739746 39.5126132202148 38.6038819885254 26.1336406326294 44.6353622436523 35.1342381286621 37.3418380737305 39.3561194610596 45.7681480407715 44.3893002319336 37.577974319458 38.5657330322266 43.2958221435547 39.2736204910278 4.1019068236649 0.175686206817627 1.43112597502768 2.04388588451671 4.91665305793285 32.2911719799042 35.2540321350098 38.7514730834961 42.970775604248 43.7325668334961
47.5252555847168 44.3842197418213 44.1325791931152 42.44666847229 51.7769898986816 44.4704116821289 45.8700205993652 39.2569593048096 35.683080291748 38.9648538208008 20.3513105392456 44.9667481994629 44.4762496948242 41.9450001525879 41.0492644500732 37.7315528106689 23.6070402145386 36.2576956176758 25.0803613471985 19.2268745803833 28.2869058227539 37.2326284790039 38.7532740783691 39.1019326019287 39.3605606079102 41.0118898010254 30.1502809524536 20.3098907089233 40.973751449585 38.0998719787598 30.883427734375 29.3577285766602 40.320525970459 41.0496235656738 30.527215423584 44.2660668945312 43.9453160095215 45.474206237793 17.1639922688156 0.434964661598206 7.99297892251052 9.73785494916141 10.857937770579 39.8767804718018 37.0867440795898 40.073298034668 44.2941450500488 45.6802020263672
42.6744030761719 42.9166558074951 35.0729418563843 47.7337741088867 49.8762083435059 48.52622215271 36.296634979248 37.8478355407715 37.1023945617676 33.3914785003662 30.9865992736816 31.2275054168701 37.7703224945068 42.6681156921387 47.8175772094727 39.7937055206299 33.3062420654297 27.3811421585083 36.9623530578613 31.7297471237183 29.1930670166016 17.7678617858887 18.7700832748413 15.6169326591492 23.1718857955933 34.0980048370361 35.9843933105469 25.0907200241089 22.0420997238159 39.1778215408325 31.9771528625488 28.0072407150269 31.7761125183105 33.5534423828125 27.3031338500977 34.3408884429932 37.9337596893311 34.4365647125244 12.0541682544351 1.18463558197021 33.8561344140768 27.6869846343994 17.6204713269323 38.5646514892578 38.7416777038574 37.2111529541016 37.9701396179199 43.5123709106445
44.140033416748 42.759103012085 18.8254806756973 46.3120922851562 35.9156806945801 36.7985891723633 40.8065826416016 42.052075958252 39.0482495117188 37.5136502838135 33.1256090545654 33.032760848999 21.7661673736572 44.7394946289063 52.2485346984863 44.0061981201172 38.7602892303467 29.2354849243164 36.7573839569092 23.318428401947 30.7827941131592 17.3604180335999 22.3396565818787 25.2732852935791 30.3927593994141 36.2858787536621 35.4545269012451 34.3750804138184 25.1455117416382 28.4307300949097 35.128804473877 27.3443659973145 28.6736096572876 26.5928202438354 23.9922649002075 25.6887578201294 34.0087781524658 32.7273201751709 9.6774592055422 0.283232186036184 25.5966104602814 32.8019176864624 24.3282307025325 34.4717251062393 36.3070990753174 35.8537111663818 37.7321808624268 39.9825762939453
41.1315493011475 18.0985031890869 23.5462292957306 41.441284866333 33.0723117828369 42.8493580627441 39.0622676849365 35.900394821167 38.1911594390869 36.9660537719727 22.5105392074585 22.1922834587097 30.7877254486084 30.4689566040039 43.8040411376953 47.2504737854004 39.8229249572754 32.6444025421143 30.3328108978271 15.0592868041992 23.4801419448853 18.1003961372375 42.7461501312256 44.8524822998047 44.8108944702148 47.051287689209 48.1487120056152 44.8217683410645 39.9656904602051 43.2162397766113 29.2424222564697 37.6243089294434 16.2101433944702 26.3367286682129 27.6696075439453 30.6977002716064 27.7357954406738 18.5674711227417 22.1830838680267 9.09790348410606 16.5043268791842 33.7711317443848 27.4756015968323 17.5964212427475 27.2691133880615 34.124873046875 42.2740748596191 44.3668309020996
35.7188849639893 25.2027428817749 17.1965857219696 35.373745880127 34.7514336585999 27.9123453903198 40.9252068328857 32.5469248580933 40.7972750854492 38.8671308708191 22.8696462249756 21.6426882171631 26.4471730804443 23.2728037643433 32.8982836151123 42.2289842224121 42.0136611938477 34.8851197814941 33.3607391357422 13.2730662918091 25.0659701919556 30.2688242340088 27.3381822013855 28.0743238830566 38.0000270080566 43.8583874511719 46.7094337463379 47.9754801940918 47.7619775390625 44.8516738891602 35.7957727050781 43.7307595062256 39.649380645752 22.3716590118408 26.0298599624634 29.6295887756348 16.3460467529297 15.3863658905029 20.2762218856812 26.7710642623901 11.0396748423576 27.1793857955933 21.6736242008209 22.517988948822 16.9362972450256 30.4856601333618 37.3987475585937 46.0852252197266
39.6477745056152 34.101379776001 27.1075623321533 37.8398307037354 28.6398352813721 30.8703370285034 26.5292798614502 30.0007934951782 38.9439072418213 38.4025937652588 8.7152052116394 14.8287625312805 27.7516232299805 18.0055704116821 35.7972662734985 36.5300696563721 40.1899467468262 34.6680994415283 29.6321772098541 12.8762068557739 29.0539395523071 29.5710991287231 40.7607010650635 43.6335504150391 34.6459298706055 38.7019232940674 42.934528503418 48.1415647888184 44.2180944824219 46.1168241882324 42.468962097168 43.3711981201172 38.2982919311523 31.5313867950439 24.1856207847595 26.535485458374 19.9146499252319 20.1548198318481 30.1928736877441 32.5911128997803 31.6690962219238 21.3812789058685 28.9579114532471 26.3434996414185 20.5881680679321 32.3049118804932 39.3106047058105 43.3606300354004
40.1811094474793 38.3936724853516 35.0784045410156 37.1292938995361 27.2647595977783 28.7186128234863 38.1387816619873 40.8016976928711 37.68641456604 25.6949044036865 6.26971704483032 17.2649748420715 19.8571342086792 20.5118255615234 25.848914680481 35.0083185577393 37.5290165710449 27.8586722564697 17.3593109893799 25.606262588501 31.1785716247559 31.7602610397339 36.755365486145 34.3626014709473 38.3483410644531 38.4817893981934 37.2918106079102 44.344147644043 39.1670819091797 42.8645835876465 42.0630653381348 39.7736351013184 36.8336720275879 31.6523667907715 25.2072564506531 10.7465057086945 23.7513093948364 13.4357164056599 30.1762950134277 26.873462638855 32.8059106445313 26.1012825584412 23.1982409763336 32.9998545837402 27.8517971038818 35.4599461364746 36.5614614105225 37.6109021759033
16.4564324188232 27.7471436500549 33.5599911880493 34.2295165634155 27.6304618835449 25.0414358711243 41.3212482452393 46.7212780761719 32.2245183563232 15.9819136428833 17.2193819618225 18.7846964454651 23.2115291595459 27.2309581756592 33.6039069366455 34.8640808868408 33.2005667114258 29.1125006866455 24.1392970275879 28.5378625488281 42.2456332397461 34.650132522583 31.6285401916504 37.6724705505371 33.3858060455322 35.6430924224854 39.429216003418 43.1806623840332 43.6688748168945 41.0036430358887 36.1976299285889 36.457463760376 29.04491355896 23.0935180282593 25.2693146133423 27.5711917114258 22.1115019607544 9.76191742658615 27.4123612439632 36.2913948822021 31.4674657440186 26.8095585632324 12.9780681824684 24.0987116622925 27.493285369873 29.5867398452759 34.5267709350586 39.2931386566162
31.9800843048096 39.7724049758911 24.3141411399841 28.7727073669434 25.4651824188232 35.2028116607666 38.8201076507568 43.8770217895508 28.748940410614 23.2000382232666 27.9331677246094 22.4208113098145 34.2373450469971 37.7024005889893 34.861032409668 34.5059845733643 32.1532096099854 23.0822370386124 21.3481603050232 26.6315364074707 30.688783531189 41.5352634429932 31.2353977203369 38.2985353851318 41.1871583557129 36.5308969116211 40.6677681732178 44.4342918395996 44.2793969726563 35.9570722198486 35.0445558166504 32.7076094818115 31.0179920959473 22.5267615890503 17.7661681938171 28.5552826690674 22.4532680130005 25.285844039917 22.5102456903458 30.7020283126831 29.8002415084839 25.2201996421814 21.2059627914429 27.1160554122925 26.8590766906738 27.0346055603027 30.8792642593384 37.2571128845215
36.2532551193237 28.6374434280395 46.8850141906738 32.5829509353638 21.3815510368347 39.1951476287842 42.3391804504394 31.8431924057007 24.6027684116364 15.0558675765991 17.3852786064148 21.8804966545105 35.1299073791504 39.4475234985352 41.6904273986816 36.8687317657471 45.4933692169189 28.5813920211792 19.6550339317322 20.9182752227783 6.36440609693527 18.6717380142212 37.5708285522461 42.6099367523193 45.842790222168 39.076197052002 40.5643754196167 43.9678678894043 39.1260653686523 38.3370584869385 33.463431930542 36.7939126586914 32.0462879943848 15.9316990685463 19.2778834724426 26.7974600982666 28.012599067688 29.2598070526123 19.3058606910706 30.9632220458984 30.3737057113647 22.7137269210815 34.7956886291504 23.769566192627 22.5264203262329 29.5877851867676 18.9370546531677 34.1360583496094
50.4254498291016 29.4780019569397 39.61050365448 39.8748073577881 32.3973803710938 41.533596572876 42.842059173584 26.4979853820801 27.4234886169434 22.4638565444946 7.8154998254776 18.4605479240417 30.4418091964722 31.5103941345215 44.6274998474121 37.9175243377686 32.6115747833252 28.8660792160034 22.1585497093201 18.0117395591736 14.7078046607971 21.5088102722168 21.5256963157654 38.188398141861 41.1999295043945 36.446625213623 37.6719879150391 33.7855163955688 39.0932676696777 31.0415315628052 31.0792391967773 30.491742515564 23.3078413295746 20.121390171051 34.3936483764648 27.5573411560059 32.8591876220703 33.4211710357666 32.2668908691406 24.0192901802063 15.8168406867981 17.300625629425 25.3892976570129 24.0496946716309 13.3163609838486 30.0472386550903 18.4039868164062 18.6108695220947
52.8614990234375 46.0643508911133 26.2901860713959 37.36187084198 28.6184533500671 35.4176119995117 35.4793770599365 34.6575057220459 19.7078223419189 10.0172975254059 22.5401817321777 29.2125755310059 27.5730490875244 32.1859039306641 39.2211849975586 29.5122522735596 34.9900499725342 29.3984854125977 18.7972155952454 30.0669049453735 22.9842308235168 24.9868970298767 33.4519163513184 25.2981533050537 33.4249396514893 35.6151511383057 37.8041874694824 37.4466722106934 38.1000206565857 28.4656174850464 32.9694513702393 36.6895795440674 29.2419903182983 25.0335565948486 30.9947515869141 25.1024106407166 29.2337697601318 39.7230146026611 38.92752784729 31.4092373657227 26.9553594589233 34.1443804550171 32.5131317901611 30.0501916122437 13.5389476501942 18.1428586196899 34.7596954345703 27.1503988265991
54.4055430603027 51.7090255737305 43.8174226951599 28.7451089477539 29.2121326446533 40.1363770294189 29.5205457687378 40.6712409973145 22.6514610290527 15.915662651062 25.3062791442871 33.414143409729 49.4372537231445 46.3665558242798 32.4120516967773 22.5189337921143 21.8989225006104 25.8291526031494 18.3113120985031 27.7979777908325 36.6504513168335 32.9294122314453 44.7024462890625 43.9631842803955 29.8148946380615 28.9048690605164 30.6516101360321 11.7450581932068 22.1477791118622 29.1268398797512 34.2086227798462 34.8562305450439 32.6095304107666 31.2614279937744 38.7703925323486 37.6973033905029 40.3149501037598 34.3079128265381 41.8275222015381 41.7009568786621 42.607608795166 37.8317199707031 30.7926801300049 34.2724224853516 20.7836552715302 21.9290531158447 29.8522886276245 32.5339649581909
50.0109297180176 52.5056834411621 49.7247428894043 35.8655335235596 20.3455542945862 33.7009548950195 25.081945514679 28.7751988983154 15.2998661136627 15.2830303382874 20.2584665870666 30.7903415679932 40.0959972763062 49.3538514709473 41.3856941223145 36.9508402442932 21.9276244354248 21.5667252540588 20.922121887207 33.0817122173309 25.7108622264862 36.5408662414551 40.2756827545166 38.5930880737305 37.0429167556763 29.7928626251221 27.1884984397888 27.7493300819397 36.5057729721069 24.0967133712769 24.8434174346924 30.3136684799194 31.8890083312988 39.3722240447998 29.5645344924927 40.4847183227539 45.5719493865967 48.1025299072266 44.3619709014893 41.1330207824707 36.7357705688477 43.0738130187988 33.5929913330078 42.1034525299072 21.3015559911728 15.5823587322235 13.4638363170624 25.6665900802612
54.4291549682617 51.8944883728027 45.8555380249023 43.7423425292969 34.0113300323486 25.140802192688 36.9782767486572 24.3922256088257 21.4561313247681 16.8155892753601 21.3575953674316 40.7085802459717 42.8001838684082 47.9301078796387 44.8686362457275 39.8158610534668 33.7483850097656 18.8988655281067 15.3680097389221 36.6219609069824 30.1395405578613 33.4971900558472 40.5356814575195 40.7611807250977 48.8539329528809 34.6718756866455 35.9720947265625 36.9163513565063 24.7452447891235 23.4745470809937 35.6689105224609 49.199781036377 34.3738320922852 38.4177396011353 16.059550318718 28.871778717041 41.4416903686523 52.927110748291 47.079052734375 36.2787612342835 40.0291014099121 40.0793891143799 39.6393827819824 34.8567944335937 23.1318552017212 11.5322986078262 25.9205062770843 32.3118270492554
