Rasters_5km/Final_IBR_Set/Spinifex_Res5km.asc
NCOLS 161 
NROWS 96 
XLLCORNER 210004.651214014 
YLLCORNER 7345008.22228844 
CELLSIZE 5000 
NODATA_value -3.4e+38 
[rows 21 to 41 of 96, columns 48 to 95 of 161]
-3.4e+38 -3.4e+38 -3.4e+38 -3.4e+38 21.1577799320221 18.250693488121 -3.4e+38 -3.4e+38 -3.4e+38 -3.4e+38 -3.4e+38 11.6066591544793 -3.4e+38 7.06925962870115 -3.4e+38 -3.4e+38 -3.4e+38 -3.4e+38 -3.4e+38 -3.4e+38 -3.4e+38 -3.4e+38 -3.4e+38 -3.4e+38 -3.4e+38 -3.4e+38 -3.4e+38 0 3.89036659955978 31.758039637208 42.6186831665039 46.9849610900879 46.4643287658691 14.4837073910236 0.0249004292488098 0 0 0 5.82164647132158 31.8401863861084 16.512424274832 2.19948396068416 41.0495888137817 40.8157364654541 43.4611051940918 41.1114453125 38.1145529174805 32.5844267082214
-3.4e+38 -3.4e+38 -3.4e+38 13.7615896463394 12.4309788966179 1.17575445512067 -3.4e+38 -3.4e+38 -3.4e+38 1.46041239904506 18.1482742524147 25.9416286468506 23.4106283760071 3.47506773049943 -3.4e+38 -3.4e+38 -3.4e+38 -3.4e+38 -3.4e+38 -3.4e+38 -3.4e+38 -3.4e+38 0 -3.4e+38 -3.4e+38 0 0 0 1.88810842096806 6.97500985085964 36.5874826717377 45.0847720336914 38.4505973815918 24.7228267097473 7.75822934837754 0.00448009341955185 0 0 20.1581586876512 30.0602811431885 30.1435192489624 2.0238458973018 26.5084369695187 46.1522211456299 49.0317077636719 40.9456758117676 41.7065634155273 38.7569697570801
-3.4e+38 -3.4e+38 0.189138544233222 0 0 0.0842319995164871 0.879526470477382 4.4226955473423 0.417748283108939 8.65461179256439 21.9584722900391 12.744127035141 23.5765449428558 1.03957413673401 0.0222276882082224 0.0052609776400707 0 -3.4e+38 0 0 0.79450179124251 0.261721288338304 0 0 0 0 0 0.604745945781469 1.40154503017664 13.4178244179487 7.40683387578465 25.9917842253391 42.0759735107422 21.2978331500292 18.5781913324021 7.47001263760016 0 0 22.834805970192 31.8265257263184 25.4896074295044 29.2039875838161 38.623754119873 37.8637550354004 44.60451171875 48.9394464111328 47.0006781768799 48.4496508789062
0.0113964855670929 0 0 0 0.257334417104721 1.77991228252649 3.15827962875366 1.19105345964432 0.0782810215651989 6.14250727295876 28.474435043335 40.2450297927856 37.1488219261169 1.39284854361787 0 0 0 0 0 0 0 0 7.52391312011297 22.2060046505928 9.57467275977135 1.42347424507141 0 14.1051539867779 11.7216867930163 3.13852204144001 13.4358580774069 3.94678593758494 32.8685494145751 37.9954077911377 10.435292890314 16.639789447011 13.5195272517204 0.618228373061866 27.8248893737793 32.378141784668 33.2666304779053 38.0606378936768 42.9192459106445 45.3982080078125 34.1330491256714 35.5790319061279 42.3716209411621 53.260274810791
0 0.0959942692518234 1.02832817614079 2.10781731784344 4.19422116279602 1.18254207581282 3.48673611417413 2.72315102219582 8.18603888046928 18.1708562469482 42.606273651123 40.2589107513428 39.9463958740234 16.8168486356735 0.00961054515093565 0 0 0 0 0 0 0 7.34714482963085 24.528501566276 43.1019853591919 40.9960592508316 19.3622495421767 28.6134424877167 32.8440146446228 15.0998151312582 15.5031408602352 2.38512500524521 15.1721154176972 42.2545217895508 28.3005367279053 13.798098745048 17.0379065454006 9.4109044805283 32.5933165740967 37.310415725708 38.270224609375 38.4565934753418 43.5941239929199 46.4923384094238 46.820124206543 45.8286877441406 40.9323254394531 45.2997039794922
0.347020631209016 0.774832420349121 3.78409225463867 3.7937647151947 5.96579212188721 5.89226077914238 13.8977996170521 16.1032385921478 20.2976093482971 32.5098759841919 44.7618678283691 37.0139067840576 29.7258338925446 8.01881991421804 0 0.00143573587760329 0 0 0 0 0 0 0 0 9.85196659088135 38.3845134162903 43.946173248291 41.2108874511719 46.4920756530762 46.6082582092285 32.8391261067987 15.7134220229834 15.0773182299733 39.4196228027344 38.7738897705078 37.3923973846436 31.0067111587524 5.78570343705826 20.0477214813232 26.2339426422119 31.5304264068604 37.490510559082 36.8381109619141 45.8807810211182 47.2154341125488 47.662891998291 51.0148266601563 44.5555091094971
3.59531120724976 0 0 0 0 1.83499368548393 3.88477008774877 6.81903784573078 10.4197672923189 17.294123210907 42.3275305175781 33.9956223297119 17.2849377390742 21.6627507695556 13.3086671233177 20.6100359055772 27.7501947455108 3.78917645573616 0 16.5064155876636 17.9409840363264 4.43807243449613 0 1.75333300855011 17.2226996827126 38.7936177825928 43.9425434875488 30.5469139099121 48.5039624023438 43.1550748443603 45.5611894226074 12.9664448888227 22.9780013507605 45.1107627868652 42.6117805480957 42.1866610717773 47.3822846984863 17.0033339732257 24.8564989089966 29.9195482635498 31.1664799499512 33.9457064819336 32.4317958831787 37.0050003814697 50.4902449035645 48.0260618591309 50.2691078186035 43.027797164917
10.3507551062107 1.39412529945374 0.504704151153564 0 0.331542043685913 0.234977746009827 0.196932106018066 15.4729692173656 21.5034273052216 34.8085681915283 36.0773499298096 31.5963119125366 24.1713960075378 28.4465586090088 32.3634656524658 27.2191377142072 20.2752687426994 30.3550553131104 4.43257195775033 36.2442234230042 44.7971084594727 24.7960493478179 6.83364821809344 35.9035884857178 46.3162809753418 46.3092442321777 44.471516494751 41.4260329437256 41.1137841796875 44.6627062988281 47.374397277832 44.915368270874 21.7870310629596 45.3082624816895 36.6449617004395 39.3263177490234 45.7701708984375 33.4530533671379 29.9188792037964 38.2905198669434 43.3363806152344 41.1091279602051 37.5880910491943 35.1043376922607 45.1136772918701 48.5603968811035 45.320107421875 43.7511123657227
27.7195630836487 29.6128660202026 22.6712680864334 0.922338342666626 10.7197363331914 24.376131272316 0 11.2138560056686 38.3068743896484 39.727600402832 34.4051808166504 31.4071306991577 13.9926933503151 33.4498608016968 27.3463570594788 14.2223264181841 19.1652184391022 12.0677007704973 0.529370175097138 18.1877465956379 29.607447052002 19.859695251286 5.97350588555448 37.1429553604126 43.4924940490723 40.3164604187012 42.5876823425293 48.1268292236328 39.3418850708008 41.1959557819366 15.4770733296871 17.5090521240979 27.2630958929658 38.8332334327698 44.068846282959 43.9664234924316 39.7723782348633 39.6534740447998 23.3019608688355 31.237886428833 29.2814031219482 26.0388359832764 38.7136994171143 31.124778137207 32.1784846878052 44.0155213165283 41.6323976135254 43.7073344421387
32.265366897583 11.5037405161024 15.851120010633 14.1966812944412 17.5029475688934 21.3233739376068 0.00879973739385605 2.26140724420547 27.3752914428711 37.0574784088135 31.6730994415283 36.3873853302002 28.2194484305382 6.93486743332818 3.81837641244289 29.4440459442139 26.2108078098297 6.82739416740835 0.271622786521912 0 17.6835377931595 34.2567232513428 19.4781988716125 36.6739416503906 29.8207218969055 23.7957389068604 43.0732739257813 32.8659028446674 3.09490885555744 1.75223493933678 0 0 0 0.000616786477621645 1.77422483261675 33.2823063254356 36.3009980010986 33.6276378631592 32.1328173065186 25.9530682373047 41.6964099121094 37.3727409362793 32.6688916015625 30.619686126709 28.2636520385742 31.2275636291504 34.6613496398926 31.8082135009766
24.0019083404541 33.5086504364014 33.8101788330078 9.56270019402728 33.6469025230408 27.4171202850342 1.71663182795048 10.0801277470589 33.4947407531738 38.7530773162842 30.5636027526855 25.5083709716797 27.038403377533 34.9509274578094 23.1271880303955 19.3338590240479 19.5995520782471 17.9682464599609 3.1549062146394 10.006256137928 25.1937793004513 35.3795182800293 18.209287302494 26.1649465751648 13.1029622685537 0.371893042609445 2.52959506034851 0.030678546205163 0 0 0 0 0 0.361559305787087 14.7618806612492 39.9199078369141 38.861755065918 35.6542897796631 34.8930455780029 31.5563162994385 39.18815284729 41.952569732666 41.6244644165039 37.7347061157227 35.8222311401367 36.3842080688477 38.3390180206299 41.3344625854492
42.7876052856445 32.0134769439697 34.47952003479 25.2017470359802 41.5796535491943 33.3554025268555 20.7281568145752 33.1948683166504 33.0600918579102 40.2638556671143 31.5278576660156 29.0582228469849 35.6458034515381 26.2363682937622 24.3463733100891 25.4809335327148 35.4596455383301 11.2939976549149 0.539267910323598 1.53403547227383 23.4069675064087 44.8517803955078 34.030339050293 35.8551638793945 37.5729668807983 4.07874190837145 0 0 0 0.0560400772094727 5.19578908711672 8.55397713796236 19.3708405239135 21.8212849712372 27.9319200515747 42.9302041625977 44.9920329284668 36.563804473877 38.9307099151611 29.0864042568207 31.0070305252075 39.7425869750977 39.0838694763184 38.410101776123 42.3207597351074 40.1840716552734 46.6549261474609 39.2443676757812
45.7700506591797 46.818674621582 39.3583781433105 37.5989701843262 41.9798434448242 40.1848350524902 29.837138671875 35.2368622970581 34.0802809143066 40.107862701416 38.5181307220459 36.982922744751 37.1661199951172 25.5214821243286 14.7700315284729 27.8310079574585 21.8932298660278 10.4201028108597 0.908797496706247 2.37736414939165 15.2462705042958 45.075684967041 32.3538024902344 31.2216275024414 29.3961726379395 2.97928392224014 0 2.92255039542913 7.34391017436981 24.8442835312022 45.9613652801514 49.6540811157227 45.7254833221436 36.0524936676025 34.1190671539307 47.1358862304687 38.5223957061768 37.0994044113159 36.8922425842285 16.3766495895386 37.2970225524902 38.3532056427002 40.5601866149902 39.2766094970703 18.6043329668045 25.4371220111847 50.6729241943359 32.0832860183716
48.6610472106934 45.8728001403809 44.4883288574219 46.6926847839355 47.1756834411621 43.020355758667 31.4906465911865 33.8742158508301 36.1038130950928 36.0561500549316 38.1696237182617 34.7768244552612 33.1570671081543 22.9809475326538 18.8463370513916 10.9714000880718 11.3370785331726 2.94122204095125 2.60074899554253 9.72484035175294 19.6372487813234 39.6118784332275 28.3824891662598 30.6706916046143 25.5825915908813 2.80920529324561 0.0608133006095886 5.35864668168128 41.6348151016235 47.0940480041504 43.5429273223877 44.6261756896973 35.5026949310303 37.8651700973511 36.6690430450439 44.1919067382812 26.3038210296631 27.9398136138916 40.2459896850586 25.3216195297241 34.1233518218994 41.6649084472656 37.7577327728271 37.3602940368652 20.4791190338135 24.4328218650818 46.8315916442871 40.385638999939
41.8370695495605 40.912173614502 46.5339729309082 45.4871258544922 39.896294708252 35.8559669494629 44.5652149963379 37.9861605072022 31.9481216430664 36.4345529937744 40.901139831543 35.5421491241455 36.5458225250244 30.6953028488159 17.5914045524597 3.97188330188394 4.1627288531512 5.12751364577562 2.72199373453856 15.0004535484314 31.5452984619141 32.3940956497192 40.245922088623 41.3644681549072 28.6499131011963 6.87320917464793 0.890129168853164 0.20583748877747 23.147188545987 42.2709986877441 42.3755810546875 41.4686636352539 23.7524476242065 29.9148307037354 43.1257186126709 42.1946087646484 35.9605077362061 37.2097100067139 34.747650604248 24.7101213169098 38.4276625061035 40.497740020752 42.3215380859375 37.1939729309082 43.383251953125 37.8350909423828 46.7273558807373 44.7428363800049
41.002013092041 43.4201976013184 43.2033738708496 45.8894561767578 44.7416981506348 40.8082299804688 42.3704235839844 35.9836014556885 36.8558573150635 34.6416285705566 39.1275447845459 33.462576675415 42.3586783599854 33.8068687057495 34.2772394180298 18.16146078825 9.5212087726593 4.49877170413732 8.13301422595978 26.0255397319794 30.1685134124756 31.406933555603 36.6568421173096 31.9920874786377 36.6966362762451 25.0256205880386 12.4503525015712 6.86615379683673 9.38026420583948 32.0511364364624 35.7451438140869 45.794487991333 42.0250051879883 44.1183407592773 44.9667047119141 38.4543704223633 40.4060121917725 41.3849324035645 37.0308141326904 33.756016998291 43.3023461914063 42.8261531066895 47.8389224243164 41.4213413238525 41.8802186584473 48.0416345214844 40.8169861602783 48.092958984375
35.1492862701416 37.9425885009766 36.4970690155029 40.8558280181885 40.2616944885254 38.4619560241699 35.0953517913818 35.4915187835693 27.9631126785278 35.6344654083252 41.0072647094727 37.504146194458 40.0365735626221 42.0088684844971 40.4092037963867 42.5269213104248 28.0892496490479 19.6045582866669 23.3441504669189 29.5435534667969 30.1436459350586 34.0142805480957 33.788542175293 25.3467251968384 27.1796199798584 33.7055443572998 24.5180760955811 28.6616816329956 30.2621064376831 19.2829430580139 43.4572052764893 46.7452053833008 47.4613668823242 41.5100337219238 37.9006826782227 42.7767095947266 47.3555537414551 42.100032119751 39.4779241943359 24.6604911851883 37.3217471122742 37.0414370727539 44.2719032287598 46.2976329040527 44.601136932373 44.2708178710937 46.1428129577637 43.2509660339355
32.8057807159424 39.5704863739014 45.4495927429199 38.9327690124512 33.3973352813721 29.8349472045898 34.5273196411133 33.152981338501 31.5688932037354 36.291284866333 36.5519423675537 25.0916202354431 44.5992346954346 23.3415966033936 37.5663697052002 39.1889746856689 34.992872505188 35.7344596862793 28.2982169723511 31.2961478042603 29.3001608276367 30.7147611999512 32.3081686401367 36.0545116424561 27.9011238479614 31.0268969345093 28.2266308021545 37.4573794555664 38.9256723022461 23.1226630067825 41.413316078186 47.4291133117676 47.1918360900879 37.4117691802979 47.5215830993652 46.8623878479004 43.4117375183105 39.5146865844727 36.0280370330811 29.3610459518433 30.5238646030426 43.9750897216797 44.2761933898926 46.4406196594238 47.5879350280762 48.3600756835937 48.7755104064941 46.5581228637695
46.823267288208 28.8109130859375 37.5383681488037 36.9133664703369 35.1300961685181 38.1114515686035 32.6347678947449 32.9744707870483 33.2362237548828 25.3736229610443 19.0062715575099 27.0592119646072 33.483546295166 17.4831751954556 34.5228251171112 37.6433249664307 35.0705004882812 35.0171575927734 34.6782893371582 39.0621615600586 36.6126558685303 39.4028311157227 34.73288230896 31.9236141204834 31.7072621154785 38.2085308074951 36.4706437683105 37.0245108795166 36.3104680633545 36.7706745529175 36.3368914031982 36.7933308410645 42.8488498687744 38.2404689788818 44.6272382354736 48.772036895752 47.7032243347168 37.6251955413818 38.6017654418945 39.5221194458008 30.1501890659332 25.565965461731 34.9064727401733 43.2983055114746 44.5660191345215 49.5293937683105 47.4620544433594 49.9627395629883
44.9699290466309 32.8015621566772 31.6790130615234 27.8823180007935 36.1774459075928 43.7724069213867 22.905979950279 38.2489938354492 36.7100595092773 35.9144881439209 16.495550731346 30.8166536344588 37.0715853881836 29.1462943172455 39.2603418731689 39.155876083374 37.8407151794434 37.7587307739258 39.3326783752441 36.0760018920898 34.7406860351563 34.302815322876 24.8086307525635 31.809845199585 28.8345389556885 38.1239959716797 37.3818795776367 37.7458708190918 40.9967599487305 41.01346824646 43.2179399108887 35.9925117492676 38.7017915344238 44.8506024169922 46.1546788024902 38.6441534423828 37.8614192199707 43.47266456604 37.5993814086914 38.9131450653076 18.9743808794022 20.2854767227173 32.6399969005585 39.7884287261963 31.0155534362793 39.9414755249023 40.5463861846924 44.7196718597412
28.2025172042847 26.9619464492798 25.7773670768738 28.4902437400818 33.0541947174072 31.0117692756653 30.0556886672974 30.774136428833 30.817113571167 28.5620908546448 34.5179284477234 46.7368392181397 50.1164326477051 50.466877822876 40.0724886322022 40.7620490264893 37.3302431488037 34.0928342437744 38.0395524597168 36.9764015197754 35.7950913238525 39.37192237854 18.4751248073578 9.4451281233877 32.0123745727539 40.8099243164063 35.2904577636719 44.8573040771484 39.0172789001465 40.0969187164307 42.0614788818359 34.2387252044678 41.4954703521729 48.6021097564697 46.3044123840332 41.4249639129639 36.7252910614014 42.3124917602539 27.6026631546021 40.4381899261475 16.3547240161896 34.243338470459 25.8444856309891 35.5024560070038 31.971349067688 37.8785682487488 42.4065783691406 46.9589784240723
