Rasters_5km/Final_IBR_Set/Spinifex_Res5km.asc
NCOLS 161 
NROWS 96 
XLLCORNER 210004.651214014 
YLLCORNER 7345008.22228844 
CELLSIZE 5000 
NODATA_value -3.4e+38 
[rows 42 to 62 of 96, columns 48 to 95 of 161]
24.830307970047 21.0422046113014 35.1178388214111 35.9386378860474 29.8574445343018 22.3604406070709 35.0270977020264 37.2969194793701 25.1773359298706 13.8210552912951 13.2588523387909 9.44065743923187 34.6267720985413 41.7952208709717 50.1846502685547 45.1578998565674 45.1997135925293 37.4314421081543 32.0607723236084 39.2139487457275 42.3689576721191 29.666123085022 10.591076734513 4.62502454195172 12.1859203255177 36.4653645324707 42.0149655151367 38.6926917266846 36.7555096435547 42.1873342895508 39.2067735290527 42.1515863037109 47.2106671142578 49.60494140625 49.0357954406738 35.8684226226807 41.3055044555664 40.3874890136719 33.5199234771729 37.4536029815674 23.9038659286499 32.1424256134033 39.347520980835 16.9506200891547 29.6249723052979 39.0868731689453 38.4742888641357 40.1630601501465
32.5002852630615 24.169343996048 19.0068804216385 27.9594378089905 36.5672308349609 37.6886651611328 36.449623260498 28.3819812631607 5.12895603895187 0.477974417805672 9.87554634094238 26.6523020172119 18.7810138809681 10.1982933208114 13.1837749024684 42.6430381965637 45.1158860778809 43.2083905029297 40.8858081054687 38.1037423706055 41.1063247680664 43.465623626709 31.2327403259277 12.4407943572849 1.5435290164873 17.7260125441849 36.4016715240478 42.5609411621094 44.3857540893555 40.8404988098145 34.9006590270996 44.8136083984375 46.8156709289551 47.682073059082 47.3326397705078 35.8689194488525 39.3262258148193 30.7091241455078 41.5996890258789 37.9558138275146 31.6381980514526 33.0085604858398 34.4352710723877 28.3558064842224 39.9510208511353 32.361529045105 38.7399382781982 31.6110144042969
25.594349899292 33.5782540893555 36.5556109619141 36.1541230773926 38.7714028930664 34.4604383850098 23.3530004602671 6.77681479046121 16.4096557939053 27.5100814628601 35.1230506896973 45.2320007324219 3.81347050201148 1.27224912232719 12.1037208892405 9.49598373889923 37.2926081848145 40.7067607879639 42.5924459838867 36.184867477417 43.6010244750977 47.6041911315918 46.5558042907715 45.4801545715332 19.9417039269209 16.2966765934229 43.8940225219727 41.8093118286133 43.9661918640137 40.5829417419434 37.1229105377197 47.8827959442139 44.9987788391113 45.6424349975586 44.8509487915039 47.2891592407227 41.9527891540527 40.5714703369141 45.4587116241455 41.2856168365479 31.8572328567505 32.3269799804687 31.1879637908936 23.2100128078461 30.5463334655762 26.4399778938293 26.4520546340942 30.0304412078857
33.6529212188721 37.2669898986816 38.1147871398926 32.9305353546143 23.0392056655884 24.2475811004639 22.8096193987131 30.3772160476446 32.4134762573242 28.7292974090576 37.6136587142944 48.5794422912598 37.8375389480591 26.4247442568374 3.9024746760726 9.65833944797516 1.42733953669667 28.3929979324341 38.4540334320068 39.2794919586182 40.3287239074707 46.1094290161133 46.2995169067383 49.3774076843262 51.744298324585 41.9750926589966 45.112787322998 42.2759124755859 42.7819746398926 37.9103818511963 49.2040019226074 42.9238432312012 43.513127746582 43.4574467468262 43.9190531921387 47.8767343139648 44.9125960540771 47.630421295166 46.4378456115723 35.6227010726929 24.9888331604004 21.548165473938 24.0435548782349 15.3015363502502 27.1525783729553 21.3051108169556 31.3858509063721 36.2584248352051
42.632716217041 31.6550482177734 26.9874277496338 21.1743003082275 19.9089935874939 28.6336391067505 37.5456838989258 37.8001013946533 38.9871957397461 36.5624781799316 39.1167501831055 43.8895236206055 39.077282333374 50.7702758789062 37.1987352132797 18.8342797331512 2.42556112587452 0.956391814369708 17.208451693058 24.5125637406111 29.2052254390717 38.8688807678223 39.5576358032227 43.4280882263184 33.2100009918213 32.6487754380703 35.0325565216318 43.1945922851562 41.3588734436035 39.177146987915 37.5580053710937 35.6098642730713 24.0443510316499 27.5485409655422 39.2999516296387 46.0651725769043 45.2187409973145 48.638910369873 42.2251726531982 22.8339505577087 19.2816019821167 17.3502086639404 27.0133658599854 18.0719768047333 14.5141790771484 20.327561712265 24.9179690551758 27.9663790893555
12.3174602716789 19.4606315231323 31.16574634552 16.5734347629547 28.4140760231018 41.7555908966064 27.4883626174927 44.899464263916 45.7220953369141 49.1212188720703 44.8594175720215 46.985969543457 54.5923526000977 44.3579432678223 47.2481158447266 45.7449555969238 42.7787359523773 36.5196162033081 44.332013168335 48.1869854736328 46.4677881622314 33.0338217926025 36.1964577484131 43.1440649414062 5.61089195380569 0.0285312697592053 0.0801285833120346 9.06393367171288 28.8821837369353 35.7444590759277 41.2640922546387 37.6153785705566 13.587484292686 6.10486345196714 21.8435246896744 36.6265980529785 39.9364226531982 37.8786923217773 33.9515390014648 30.7910841751099 21.1548268508911 26.2195631408691 38.1169161987305 33.499994354248 21.5147075271606 11.2661516284943 35.4603693389893 20.3900264358521
10.3297590181977 22.4785486996174 42.5298667907715 38.6572846984863 31.2659678649902 37.2317269134521 48.3979141998291 40.9708466339111 35.2482446289062 40.7545370483398 48.2629339599609 52.6460908508301 51.6494918823242 42.5537173461914 43.9483708190918 51.4372822570801 48.6090281677246 45.2544797515869 43.1302386856079 49.2587457275391 51.0721133422852 42.6825044631958 38.6866746902466 30.4304542541504 14.5334420245886 3.23428737938404 3.34273874938488 0 0.514662259183824 1.13766204230487 17.0241184954084 25.8571130063385 17.3183694967302 0.424276336431503 20.3543703397363 32.4982620239258 34.2781820678711 25.8732824707031 32.0372702026367 37.0211993408203 21.731178817749 20.8545139312744 32.2348831939697 30.6595079803467 19.7108346366882 22.0825525665283 32.0474668884277 24.8449332618713
29.5960988616943 40.5358485412598 36.4216667175293 39.4527515411377 32.2051762008667 46.4312203216553 51.3051829528809 46.9222494506836 48.979281463623 49.6331831359863 47.0796605682373 43.3760668945312 43.9635040283203 46.3042442321777 44.4093314361572 43.4501620483398 43.9357582855225 39.2518015289307 39.6994331359863 42.5707647705078 48.5354702758789 46.3290254211426 45.1284320068359 43.7733462524414 44.9938730621338 42.9019909667969 39.3503651809692 21.6576557421684 7.21403796821833 1.25332035064697 18.0867932874709 26.3848856449127 4.00903627388179 0 7.24666077256203 9.51661381512007 16.4929228645563 33.1020837402344 25.8030696630478 29.5217103004456 28.5895149612427 37.5685664367676 43.0103187561035 24.7517068099976 22.7920578193665 29.0427392578125 40.9401692199707 29.9177564239502
34.2046939086914 31.8485945510864 33.3784341430664 43.1626350402832 35.6761915969849 24.1682311248779 42.3082165527344 45.8144741821289 42.5551374816895 47.2041062927246 51.2835000610352 53.6314155578613 47.9123152923584 50.9429534912109 49.7016957092285 50.9156469726562 51.2851231384277 40.6185104370117 36.8723638916016 39.0426636505127 44.9880453491211 45.362629699707 39.4852851867676 47.5090380859375 48.0098024749756 25.4718918991089 28.2924904632568 41.4972534179688 36.8853981018066 11.4120534671587 2.96429356813431 30.463614358902 26.3398396332166 0.528801676137373 10.3593030929193 26.3084829701483 28.0690020656586 35.3746954345703 14.850925283432 11.425056306161 6.96349577665329 18.9441670417786 46.3484007263184 30.5196539306641 27.5431413650513 32.580976524353 39.9778607940674 31.1363250350952
36.4913712310791 34.6633995819092 37.2787791442871 42.8726635742187 37.5238724517822 38.6415374755859 33.5221571350098 38.3100110244751 33.3704696655273 47.7002786254883 49.661958770752 50.2880447387695 50.4764584350586 50.829397277832 48.8614555358887 48.582731628418 51.2217739868164 40.1065161132813 34.0552833557129 39.4475472259521 42.6037191772461 43.3581861877441 39.218083190918 45.6680785369873 41.7231699371338 40.5515397644043 46.2224952697754 46.5806216430664 32.2433782958984 27.2409019219875 0.260218144385144 6.47036720752716 32.734879757762 32.6743987131119 45.5687794494629 43.1717967224121 42.2945831298828 39.7027098083496 27.1494879150391 23.3057045033574 27.0389100408554 16.0725070116646 20.5313631416601 27.2607406616211 31.1719597816467 36.6232327270508 47.3979972076416 34.7018601226807
20.3615549087524 35.3959474945068 37.6359157562256 36.0900913238525 40.2011882019043 31.6851429748535 29.9076354217529 29.8167683792114 30.7344676208496 31.9062757110596 41.0342873382568 46.9693901062012 47.8755247497559 49.6673457336426 49.0427401733398 48.2824806213379 43.3934588623047 42.5831269836426 41.7750379943848 33.8464336013794 38.1762295532227 45.7123358154297 38.0676209259033 37.3605878448486 46.6525583648682 46.3763534545898 50.2839207458496 49.1212249755859 34.7724061203003 35.2916263961792 11.577496300377 0.448154038586226 28.3762461310084 39.5065352630615 26.5831752620637 32.7902324819565 41.3638983154297 30.4378649139404 24.5501164627075 30.4950744628906 38.0328926086426 32.1030418109894 36.6921377468109 31.9954001617432 13.1651293629408 24.6921496200562 41.2210873413086 32.1850075817108
38.3827796936035 38.3902348327637 38.756423034668 40.6335942077637 39.4184683990479 35.439115524292 28.7403916549683 32.2163363647461 30.704030380249 38.860050201416 45.7217386627197 42.3233959197998 49.190362701416 47.3738836669922 44.9807386779785 46.6924221801758 52.505712890625 49.9420710754395 51.2278401184082 45.6623709106445 44.3864300537109 37.3778925323486 37.6055071258545 38.7179023742676 40.9742276763916 44.9507824707031 45.7834413146973 42.3392338562012 32.9142459106445 47.0373611450195 46.0550958251953 9.18180401161313 0.314285332486033 0.931678161621094 0.0150556862354279 0.00299233245663345 2.7794772824645 0.967170714735985 5.12978186455322 16.526491677165 26.8629331016541 32.8093970108032 37.7423211669922 46.805859375 50.2925173950195 41.6935606241226 26.1827086357214 15.8712840360403
37.8209832000732 29.421922454834 35.1558299255371 44.3761260986328 39.6438502502441 35.0726134490967 38.3493307495117 38.4391873931885 39.5889217376709 35.2886103820801 43.888991394043 45.0019242858887 46.4814730834961 45.7276776123047 48.3895237731934 45.0926435852051 48.3419918823242 50.3196742248535 48.0278416442871 45.1981053924561 45.7291619873047 27.1241895294189 25.8715137481689 32.8826560211182 40.9409149169922 41.8123134613037 45.7602299499512 40.8513656616211 37.4297621154785 39.9147045898438 46.3745574951172 46.5513732147217 25.8300684213638 9.12676632857882 25.1922139054537 20.6210030269623 3.39335914358497 0 0 0 0.0635051965713501 1.27540678501129 15.6315719631314 24.5489426517487 35.2157053565979 38.2537467193604 44.0315690612793 41.1924842071533
37.3865325164795 43.9972831726074 43.176003112793 42.8025007629395 38.6979179382324 41.9257950592041 45.7336965942383 41.572029876709 44.6463425445557 42.6439567565918 44.1963838195801 39.8942132568359 41.6076145172119 38.007038192749 43.3362099456787 46.2868826293945 50.8519454956055 47.0449684143066 51.1472686767578 45.4576976013184 48.3090542602539 35.3623606109619 27.8584362030029 34.0402593994141 40.0277473449707 41.9595175170898 47.2450244140625 46.7576390075684 41.4041575622559 28.6288298034668 41.2523860931396 45.8206719207764 47.9371383666992 47.3030332946777 43.3387535095215 45.362876663208 37.4104938220978 17.2848294365406 14.3634439683333 0.014012416601181 0 0 0 0 4.4829792192392 11.7109639420733 27.1291637802124 25.472500629425
37.8356560516357 39.2770100402832 40.2580838775635 45.6035717773438 32.4894379425049 35.9781276702881 44.0621099853516 43.2857748413086 36.1546301269531 37.0914747619629 38.3752433013916 36.3510459136963 33.1925483322144 37.7585651397705 37.1106481933594 45.4774101257324 49.4752290344238 45.5020101928711 45.9813682556152 40.1731935119629 42.6850030517578 33.1050484848022 26.8603343582153 40.528966293335 34.2852613830566 33.3564250183105 36.1726067352295 41.1138499450684 29.9205191898346 32.4269801902771 37.9814005279541 41.7338404846191 46.9060214996338 37.8345573425293 41.6002352523804 20.1805697822571 27.3951757955551 18.1594982856512 32.8865379714966 9.7824392670393 3.40416171342134 0 0 0 0 0 0.429704089164734 0.961940974733443
36.5479986572266 33.2484001541138 39.2187062835693 40.0583107757568 32.8254360580444 42.0245249938965 44.4614149475098 44.4844511413574 35.5301410675049 34.1640502166748 20.380729598999 32.0149928665161 43.1493000793457 42.7368608856201 20.7872586140735 26.0990300779045 31.1874439692497 26.3757806539536 23.2429574394226 20.6062193202972 35.0388668823242 30.2329550170898 29.3688675498962 32.1888474941254 24.6658885192871 2.19706454694271 1.18480492502451 7.50765341655351 0.701288814265281 0.54372586324811 23.4606508517265 36.8237465667725 33.4757518768311 33.5289108276367 31.3939182281494 25.0478435897827 15.2621831719053 15.5050042772293 35.4811569976807 48.2117646789551 25.6500125817955 25.8621916484833 20.9528449690342 0.417650517746806 0 0 0 0
42.3349070739746 36.5821271514893 30.553736076355 27.6035423278809 34.587053604126 38.964889755249 31.1103778076172 26.6456118392944 31.7949401855469 30.1222522735596 19.8959560537338 32.6333131408691 41.2280740356445 38.8017458343506 33.7545556366444 14.0495208055153 30.3169319678098 25.3864014640846 18.9876743372879 18.1910399525802 2.629029898718 14.2692105304572 11.0348884034157 10.1891503676819 10.9603399537504 0.0644024735642597 0.00124201179947704 10.7098743311316 22.0610137009621 0.0230039300443605 18.9921404541946 34.4897625732422 38.2957857513428 40.7453495025635 46.2962211608887 50.4232392883301 42.359709854126 19.4834846115112 23.9610940933228 19.8815937995911 28.9389415168762 39.2585342025757 46.6502361297607 19.4874534392357 3.93901596282609 0.0951734403858427 0 0
34.2507811355591 37.7325602722168 30.9539120864868 26.6737857437134 26.233729019165 24.2416744995117 21.4028845024109 28.2241641616821 28.4281406974792 29.0939503097534 30.7242197418213 36.446628112793 36.0808154296875 35.4392238616943 33.3244169998169 34.0984922409058 34.725707359314 8.24033713310957 14.2911781597137 13.3628242579103 4.54580915894469 22.3106956362724 14.8367553375103 5.35429272066802 2.21790846943855 0 0.0225609143078327 0.206824343572725 27.418495276086 7.26797232766345 28.3797865867615 32.7790743637085 43.4305955505371 47.4111457824707 43.860870513916 46.4833695983887 43.0865807342529 35.6939721679688 35.2602629470825 25.337790813446 25.3119375610352 35.6374738311768 31.7239670181274 26.1003454971313 22.5486364996433 24.9999321305752 22.9100466442108 20.0587964697834
25.1063560295105 12.4936382198334 23.7751485443115 31.2591841888428 30.0371443557739 39.1787425994873 28.4702375030518 21.2044595909119 31.5179568862915 38.4540689086914 44.1262059020996 43.5870655059814 40.8534480285645 42.2020516967773 37.5794651794434 30.887007894516 28.9207167005539 12.3911427383742 14.6836383874714 14.4567790012807 22.8156587570906 8.96162759661675 1.61720832847059 0 0 8.29476391045959 21.2322364245052 4.2494216632843 22.5706488239765 0.579124354720116 31.1887714099884 30.9997153091431 41.1232113647461 39.9256154632568 34.5768683242798 21.0840544986725 30.2919246196747 40.3298595428467 36.4009383392334 25.4620322418213 22.5849237823486 39.3236841583252 28.766628036499 21.5816557312012 37.393577041626 27.9051068687439 47.1328910827637 46.7944856262207
27.5736753845215 22.2594466400146 14.3088868451118 26.0440781879425 24.5862366485596 20.4487428092957 26.4176349449158 26.4627340316772 21.1717531776428 35.1780675888062 41.0877207946777 37.604610824585 39.9410754394531 39.2633851623535 38.2472146606445 9.19544273361564 28.0557353234291 38.3663492965698 35.3062197113037 15.916735419035 25.162828400135 18.3392008447647 11.9494237136841 0.326492791771889 0 4.61909354448319 18.9317851138115 3.79537007063627 20.3859849786758 7.72660226025448 9.80440466728061 28.2962202072144 26.3699538421631 38.0147277832031 38.6358300018311 25.002994146347 1.8611763926968 9.38733904331922 39.7581452941895 33.8503719329834 21.2760436630249 30.2271776199341 34.9745600509644 13.3045795059204 22.3053936767578 26.7397651481628 31.8065203285217 48.903804473877
27.5809345626831 27.2025331878662 23.0768713474274 33.4279253387451 38.0561419677734 24.208297996521 24.8382396697998 28.0359775161743 36.3054926300049 35.7427378463745 41.4889834594727 38.1902660369873 31.8866913604736 35.0638270568848 24.1016162109375 13.3849120132625 12.1385407286428 19.7622530055046 23.7134863853455 22.7816820430756 29.0324886322021 37.8667972564697 27.3845097541809 2.20055658400059 1.88531327933073 15.8914963441342 33.8160527801514 36.3006934165955 29.5128460216522 21.0527704670653 17.2558223924227 39.3915128135681 33.980966796875 41.3386838531494 42.5585946655273 38.3572998809814 31.9078137111664 27.0102820420265 42.2931756591797 35.3691743850708 14.3024878334999 13.0532238960266 8.9830966308713 11.7357459843159 14.6592670059204 31.6583976745605 34.1874340057373 36.0191555786133
