Rasters_5km/Final_IBR_Set/Spinifex_Res5km.asc
NCOLS 161 
NROWS 96 
XLLCORNER 210004.651214014 
YLLCORNER 7345008.22228844 
CELLSIZE 5000 
NODATA_value -3.4e+38 
[rows 0 to 20 of 96, columns 96 to 143 of 161]
-3.4e+38 -3.4e+38 -3.4e+38 -3.4e+38 -3.4e+38 -3.4e+38 -3.4e+38 -3.4e+38 -3.4e+38 -3.4e+38 -3.4e+38 -3.4e+38 -3.4e+38 -3.4e+38 -3.4e+38 -3.4e+38 -3.4e+38 -3.4e+38 -3.4e+38 -3.4e+38 -3.4e+38 -3.4e+38 -3.4e+38 -3.4e+38 -3.4e+38 -3.4e+38 -3.4e+38 -3.4e+38 -3.4e+38 -3.4e+38 -3.4e+38 -3.4e+38 -3.4e+38 -3.4e+38 -3.4e+38 -3.4e+38 -3.4e+38 -3.4e+38 -3.4e+38 -3.4e+38 -3.4e+38 -3.4e+38 -3.4e+38 -3.4e+38 -3.4e+38 -3.4e+38 -3.4e+38 -3.4e+38
-3.4e+38 -3.4e+38 -3.4e+38 -3.4e+38 -3.4e+38 -3.4e+38 -3.4e+38 -3.4e+38 -3.4e+38 -3.4e+38 -3.4e+38 -3.4e+38 -3.4e+38 -3.4e+38 -3.4e+38 -3.4e+38 -3.4e+38 -3.4e+38 -3.4e+38 -3.4e+38 -3.4e+38 -3.4e+38 -3.4e+38 -3.4e+38 -3.4e+38 -3.4e+38 -3.4e+38 -3.4e+38 -3.4e+38 -3.4e+38 -3.4e+38 -3.4e+38 -3.4e+38 -3.4e+38 -3.4e+38 -3.4e+38 -3.4e+38 -3.4e+38 -3.4e+38 -3.4e+38 -3.4e+38 -3.4e+38 -3.4e+38 -3.4e+38 -3.4e+38 -3.4e+38 -3.4e+38 -3.4e+38
-3.4e+38 -3.4e+38 -3.4e+38 -3.4e+38 -3.4e+38 -3.4e+38 -3.4e+38 -3.4e+38 -3.4e+38 -3.4e+38 -3.4e+38 -3.4e+38 -3.4e+38 -3.4e+38 -3.4e+38 -3.4e+38 -3.4e+38 -3.4e+38 -3.4e+38 -3.4e+38 -3.4e+38 -3.4e+38 -3.4e+38 -3.4e+38 -3.4e+38 -3.4e+38 -3.4e+38 -3.4e+38 -3.4e+38 -3.4e+38 -3.4e+38 -3.4e+38 -3.4e+38 -3.4e+38 -3.4e+38 -3.4e+38 -3.4e+38 -3.4e+38 -3.4e+38 -3.4e+38 -3.4e+38 -3.4e+38 -3.4e+38 -3.4e+38 -3.4e+38 -3.4e+38 -3.4e+38 -3.4e+38
-3.4e+38 -3.4e+38 -3.4e+38 -3.4e+38 -3.4e+38 -3.4e+38 -3.4e+38 -3.4e+38 -3.4e+38 -3.4e+38 -3.4e+38 -3.4e+38 -3.4e+38 -3.4e+38 -3.4e+38 -3.4e+38 -3.4e+38 -3.4e+38 -3.4e+38 -3.4e+38 -3.4e+38 -3.4e+38 -3.4e+38 -3.4e+38 -3.4e+38 -3.4e+38 -3.4e+38 -3.4e+38 -3.4e+38 -3.4e+38 -3.4e+38 -3.4e+38 -3.4e+38 -3.4e+38 -3.4e+38 -3.4e+38 -3.4e+38 -3.4e+38 -3.4e+38 -3.4e+38 -3.4e+38 -3.4e+38 -3.4e+38 -3.4e+38 -3.4e+38 -3.4e+38 -3.4e+38 -3.4e+38
-3.4e+38 -3.4e+38 -3.4e+38 -3.4e+38 -3.4e+38 -3.4e+38 -3.4e+38 -3.4e+38 -3.4e+38 -3.4e+38 -3.4e+38 -3.4e+38 -3.4e+38 -3.4e+38 -3.4e+38 -3.4e+38 -3.4e+38 -3.4e+38 -3.4e+38 -3.4e+38 -3.4e+38 -3.4e+38 -3.4e+38 -3.4e+38 -3.4e+38 -3.4e+38 -3.4e+38 -3.4e+38 -3.4e+38 -3.4e+38 -3.4e+38 -3.4e+38 -3.4e+38 -3.4e+38 -3.4e+38 -3.4e+38 -3.4e+38 -3.4e+38 -3.4e+38 -3.4e+38 -3.4e+38 -3.4e+38 -3.4e+38 -3.4e+38 -3.4e+38 -3.4e+38 -3.4e+38 -3.4e+38
-3.4e+38 -3.4e+38 -3.4e+38 -3.4e+38 -3.4e+38 -3.4e+38 -3.4e+38 -3.4e+38 -3.4e+38 -3.4e+38 -3.4e+38 -3.4e+38 -3.4e+38 -3.4e+38 -3.4e+38 -3.4e+38 -3.4e+38 -3.4e+38 -3.4e+38 -3.4e+38 -3.4e+38 -3.4e+38 -3.4e+38 -3.4e+38 -3.4e+38 -3.4e+38 -3.4e+38 -3.4e+38 -3.4e+38 -3.4e+38 -3.4e+38 -3.4e+38 -3.4e+38 -3.4e+38 -3.4e+38 -3.4e+38 -3.4e+38 -3.4e+38 -3.4e+38 -3.4e+38 -3.4e+38 -3.4e+38 -3.4e+38 -3.4e+38 -3.4e+38 -3.4e+38 -3.4e+38 -3.4e+38
-3.4e+38 -3.4e+38 -3.4e+38 -3.4e+38 -3.4e+38 -3.4e+38 -3.4e+38 -3.4e+38 -3.4e+38 -3.4e+38 -3.4e+38 -3.4e+38 -3.4e+38 -3.4e+38 -3.4e+38 -3.4e+38 -3.4e+38 -3.4e+38 -3.4e+38 -3.4e+38 -3.4e+38 -3.4e+38 -3.4e+38 -3.4e+38 0 0 0 0 0 0 0 0 0 0 0 1.36516034007072 5.00801639556885 4.53942785263061 3.19573850631714 2.80741720199585 1.98331303596497 1.28087850809097 0.703701138496399 0.0461943581700325 0 0 0 0
-3.4e+38 -3.4e+38 -3.4e+38 -3.4e+38 -3.4e+38 -3.4e+38 0.17564443507581 0 0.0362355836015195 0 0 0 -3.4e+38 -3.4e+38 -3.4e+38 -3.4e+38 -3.4e+38 -3.4e+38 -3.4e+38 0 0 0 0 0 0 0 0 0 0 0 0 0 0.623853573407978 8.60139296531677 25.0791138615087 33.3947813987732 39.3325437927246 39.3601167297363 31.8233214569092 31.0067049407959 38.0788569641113 37.5506856536865 35.5049547195435 33.212592086792 30.9059508895874 26.6815490913391 31.5567606925964 29.3692741966248
-3.4e+38 -3.4e+38 -3.4e+38 -3.4e+38 0.0388496454272951 0.0347233208129182 0.0571896704286337 0 0.000867563726690908 0 0 0 0 0 -3.4e+38 -3.4e+38 -3.4e+38 -3.4e+38 0 0 0 0 0 0 0 0 0 0 0 0 0.0723317532241344 5.26403737783432 23.6599594449997 40.7170274353027 42.5373526000977 44.3989488220215 41.866104888916 41.5811503601074 37.1208612060547 33.4060411834717 43.0638436889648 42.0142560577393 33.3986542510986 38.0091417694092 39.2217210388184 34.0280852508545 34.4466892242432 37.9747850036621
-3.4e+38 -3.4e+38 -3.4e+38 0 0 0 0 0 0 0 0 0 0 0 0.2585036277771 5.90816392671121 0.306307252248128 0 0 0 0 0 0 0 1.59774744210532 5.03252811670303 0.768301718086004 0 1.66771264523268 10.6670707236324 18.3273757480085 25.1367420196533 24.1961471557617 39.6425614929199 33.9196130371094 40.6671807098389 40.0869789123535 40.0438305664062 35.0137675476074 37.1936457824707 40.8707780456543 41.8083390808105 44.2057997894287 41.8814080047607 39.7994161224365 34.6822328948975 29.0947675323486 34.58422706604
-3.4e+38 -3.4e+38 -3.4e+38 0 0 0 0 0 0 0 0 0 0 0.667758717536926 8.27406575918198 9.08275901675224 0.00335169613361359 0 0 0 0 2.44195006182745 12.0812570339628 24.1212197580934 34.1764898300171 38.3747019195557 33.6160317230225 32.3004883575439 35.9208274078369 36.9789106750488 28.336266784668 25.1154457855225 25.485778503418 28.2728498077393 32.5434690856934 30.1315641021729 37.0431014251709 38.6481436157227 35.7251291656494 36.7493432617187 36.6020469665527 36.9594917297363 39.8487356567383 42.2003036499023 37.3907689666748 33.8902268981934 32.8612278747559 38.4708937072754
-3.4e+38 -3.4e+38 0 0 0 0 0 0 0 0 0 0 0 3.60656477928162 17.1868564490293 0.120482626082376 0 0.00745011746883392 3.5258480656147 12.0421521472931 20.5013182020187 31.3708445739746 34.2988851165771 34.5333312225342 36.3585739135742 38.1457398986816 40.3141088867187 38.6019438171387 36.7278493499756 35.9788619995117 33.4403453063965 28.6530799102783 25.191827545166 29.3154273223877 36.0308682250977 36.4949924468994 26.7096582794189 33.5012094116211 34.7740961456299 34.2620701599121 35.3861418151855 36.6464112854004 39.8374789428711 37.720513458252 31.5473109436035 32.2910949707031 32.4643070983887 39.1059356689453
-3.4e+38 0 0 0.542253174781799 0.718891599180133 1.04860931108007 3.21457561612129 1.04075769424438 0 0 0 0 0.0720710873603821 0.0332455778121948 0.354302389621735 5.73196260530423 13.6238266897202 27.9143495559692 34.6080432891846 33.7130541229248 36.2494493103027 39.8721405029297 39.7740299224854 38.9001229858398 36.7751490783691 35.458737487793 36.5558459472656 35.0930156707764 39.7059034729004 43.096515045166 42.0631071472168 39.4092621612549 33.4128868865967 35.6726876831055 37.6634502410889 36.5743228912354 33.6235070037842 32.1460175323486 29.3776239776611 33.6125058746338 36.1457511901855 41.8852380371094 37.9822314453125 37.1258985900879 37.945407333374 31.5267583465576 34.6098333740234 41.2240042114258
0 0 1.69225860759616 24.2882461357117 40.6355378723145 17.9744539880753 16.2425280189514 14.5515904664993 0 0 0 0.0271261748194229 26.1364368486404 27.128153100647 33.7575188118219 38.3840911865234 38.9220126342773 32.1025397491455 33.9470306396484 32.8932930755615 32.9642607879639 37.6458601379395 42.8257577514648 42.984342880249 38.8830253601074 36.8148942565918 40.1076062011719 37.6472581481934 41.4293272399902 40.6703671264648 46.8165473937988 44.2894026184082 42.8901229858398 41.7655647277832 35.7461046600342 39.1856672668457 33.6681322479248 37.5956520080566 31.3854521179199 32.4402439117432 34.2256971740723 39.0999070739746 37.4621710968018 22.7174382781982 34.8243109130859 40.1875860595703 43.305047454834 39.8758219909668
6.95065185308456 11.4807455516048 31.0079932785034 39.0260118865967 44.2458874511719 27.5567166346312 28.114958114624 12.5602123141289 0 0 0 1.88168436050415 25.007224449318 42.7432061767578 43.000940246582 39.7700451660156 38.2035070800781 33.0922727966309 34.3214897918701 30.6006160736084 35.5602431488037 41.1579150390625 37.8392532348633 38.427000579834 38.1713928222656 37.9422581481934 37.1112054443359 39.0781008911133 33.7754978942871 37.3013743591309 45.3306219482422 36.0174467468262 40.4756364440918 40.4152177429199 36.2891390991211 38.4629084777832 38.9145436096191 35.8318325042725 35.9269561004639 31.9688469696045 29.1163961791992 32.5789823913574 29.4619555664062 26.8757075500488 40.4955065917969 38.5908573913574 45.8242311096191 41.213600692749
44.9770154571533 34.7420585250854 38.2454222106934 37.5707033538818 40.6383264160156 37.6753453826904 14.3516024810821 0.147158048711717 0 0 1.99882017479627 6.50518153313547 37.9824868774414 34.448638458252 28.9258797073364 41.5415023803711 41.4919551086426 41.417593536377 38.1736260223389 37.3365412139893 37.2996278381348 39.5090631103516 40.4929046630859 39.7051953125 40.9190522003174 46.7038529968262 41.2814418029785 39.753494720459 29.5899411773682 39.0460234832764 43.0028535461426 34.1610619354248 42.2194906616211 38.6712669372559 36.1497424316406 36.7091987609863 33.4915747070312 32.4788132476807 32.3413536834717 32.366166229248 32.2855534362793 32.1226026916504 31.235503692627 22.4689419555664 32.1267559051514 40.6120879364014 47.6814883422852 38.2230371856689
38.0529695129395 39.5414750671387 42.3034510803223 34.1428637695313 37.6129707336426 39.0309918212891 29.8627563381195 0.363645772030577 0 0 23.8923522807099 14.3817830860615 4.99888218179345 0.604074678208326 0.33062765263021 17.561307516098 43.0551173400879 43.7877931213379 41.8835491943359 43.0039256286621 43.0912817382813 42.5220855712891 43.859623260498 42.315619354248 40.7128642272949 37.8280377960205 41.8883857727051 38.1155988311768 42.4214839172363 41.0366703033447 38.8931362915039 41.2364706420898 44.446986541748 42.5342962646484 36.9269562530518 37.443684463501 33.14809425354 29.3107410430908 34.6843967437744 32.5503175354004 31.9989511871338 31.0656644439697 38.0575471496582 32.7172753143311 29.0592322540283 41.0014036560059 44.4084226989746 26.3577364349365
34.3501386260986 41.8668968200684 37.545708694458 36.2242352294922 36.8992663574219 40.0092984771728 41.4971989440918 10.0396645355225 0 0 13.8837036149949 28.7838997602463 2.72611050311476 0 0 0.747297409325838 23.6102797096968 37.652234954834 37.2282810211182 38.4734997558594 41.7983154296875 43.4093087768555 44.8714893341064 44.0610382080078 38.2049800872803 32.2967413330078 37.0358321380615 35.7690653991699 39.4805811309814 41.4770413208008 39.4301940917969 41.3350535583496 41.5500335693359 36.3612797546387 34.6871251678467 25.9429635238647 26.54596118927 33.4622225952148 34.1145164489746 43.2661906433105 44.0282829284668 38.2943534088135 41.356883392334 38.2140802001953 35.9552337646484 43.2870780944824 38.972995300293 28.8691358947754
39.7478759765625 37.7856005859375 43.3223208618164 37.2103294372559 40.0654161071777 41.4799063110352 37.722677154541 11.2512029731274 0 0 5.98667336933315 41.1010529708862 37.8619082450867 11.0085648572445 0 0 0.319410872459412 20.3327468621731 34.5343869018555 35.2698865509033 39.6113926696777 46.544052734375 43.2503754425049 45.2986571502686 41.046397857666 39.9285013580322 33.6330168151855 38.51057472229 36.0504962158203 39.0016834259033 34.918578453064 30.2162633514404 33.6226884460449 30.537159576416 28.1916060638428 20.2029599380493 31.0309467315674 41.3401643371582 40.7233773803711 46.6262907409668 49.5923321533203 49.5480174255371 44.3533551025391 46.603247833252 43.6076506042481 44.8116508483887 44.7279252624512 41.9999504089355
45.7917358398438 33.841117401123 46.5583438110352 36.8060231018066 45.4549957275391 40.767586517334 35.0217574965954 3.08919196304538 0 0 5.99847363527995 42.7907255554199 40.218796081543 3.76884270755574 0 0 12.2290840800852 17.6824288250878 7.37690087878676 11.5641895276308 34.8586399316788 35.0084334540367 38.8179293060303 41.617287902832 38.3575258636475 36.3655277252197 37.9503404998779 36.53541015625 39.6603901672363 36.7946559906006 27.5272833251953 31.8249676895142 38.8982833862305 39.5061265563965 34.5933638000488 33.4197617340088 38.2534176635742 41.0142710876465 43.4769061279297 44.5366262054443 45.4033686828613 49.0097477722168 47.2987506103516 43.9979383850098 47.0062979125977 46.1788977050781 42.3560559082031 45.0842256164551
45.1774192810059 43.4022933959961 41.2360556793213 36.1895332336426 40.6426069641113 40.2298483371735 10.42340349623 8.36944207765162 0.0221181125519797 0 1.04693979121745 38.1859351348877 39.4829985046387 14.2861952766497 0 0 11.6325677579641 31.5028736114502 31.3997193104029 6.43278947148472 1.29418401889503 5.64547600150108 18.1245239925385 30.2237227588607 32.1172517105937 31.2681037902832 39.1852527618408 36.5474040222168 37.5079452514648 33.6497872924805 31.8971489715576 15.0908629393578 26.7653661346436 33.1933930206299 41.2960988616943 45.1161349487305 42.0358572387695 38.1549691772461 41.7565013122559 42.7130651855469 44.0383857727051 39.5927346801758 38.5075263977051 40.0924171447754 43.3604243469238 45.1274917602539 41.8451043701172 37.3138926696777
