Rasters_5km/Final_IBR_Set/VRM_Res5km.asc
NCOLS 161 
NROWS 96 
XLLCORNER 210004.651214014 
YLLCORNER 7345008.22228844 
CELLSIZE 5000 
NODATA_value -3.4e+38 
[rows 36 to 53 of 96, columns 84 to 125 of 161]
1.10581951958011e-05 1.56524756675935e-05 9.15991642614244e-06 1.02177462395048e-05 8.1793046410894e-06 1.43252809357364e-05 4.07652185458573e-05 2.25004399180762e-05 9.00969210488256e-05 2.72935735301871e-05 2.30403776185995e-05 6.25856758415466e-05 2.02767627706635e-05 2.78612779584364e-05 0.000529178638316807 0.000488977775530657 0.00257616017246619 0.000476590456673875 0.000287325449899072 0.00318655349226901 0.00303782432514708 0.00251806570740882 0.00269053872842051 0.00117679247749038 0.000730268503612024 0.000436122298124246 0.000667184276971966 0.000382769957723212 0.000301771054364508 0.000164806243374187 0.000278714055311866 0.00050388310366543 0.000688297367305495 0.000608111040492076 2.35619620252692e-05 2.48489958175924e-05 2.13270355743589e-05 3.27255332376808e-05 2.37872268189676e-05 3.02527588064549e-05 1.93070153545705e-05 2.25574368232628e-05
9.02077640603238e-06 1.24823110127181e-05 1.31827771838289e-05 1.43041273622657e-05 9.79559772531502e-06 0.000125167205260368 0.000874532073903538 5.19853516470903e-05 0.000220480944335577 0.000105469355839887 5.88399965272401e-05 3.36852148211619e-05 4.83959259508993e-05 2.82324779436749e-05 0.000574883027184114 0.000425697302125627 0.00114684429820045 0.000569608021760359 0.00139977967948653 0.00356141221243888 0.00316605185624212 0.00293208941584453 0.000651135668158531 7.28917961532716e-05 4.34014744860178e-05 0.000562315732604475 0.00042496187495999 0.000448344359465409 0.00148104842286557 0.000909039511461742 0.00065603289694991 0.000508121153980028 0.00038778994778113 0.000865262616389373 0.000664515757744084 0.000176250784788863 2.92944911052473e-05 1.38230260199634e-05 1.59462494229956e-05 1.81207464629551e-05 2.07849056096165e-05 0.000389779750439629
0.000131139867989987 1.31518040325318e-05 1.08035586254118e-05 1.30093378174934e-05 1.18754483446537e-05 2.06075068854261e-05 5.97625087902998e-05 5.89456590387272e-05 9.21136250872223e-05 5.36212876613718e-05 0.000172911291519995 8.37702023636666e-05 6.02805514427018e-05 2.3877261664893e-05 2.713439425861e-05 2.06862758932402e-05 0.000122839972536894 0.00143784825922921 0.00148139416007325 0.00123702191573102 0.00243972035008483 0.00063979521219153 0.000183675701846369 1.4552125485352e-05 4.1935844164982e-05 0.00016577765080001 0.000473265752225416 0.000288667478744173 0.00140735596447485 0.00267163208103739 0.000454177318315487 0.000315531125361304 5.64212025710731e-05 1.11625377394375e-05 4.59285644774354e-05 0.000271482334319444 0.00047432565021154 3.74030225248134e-05 2.9925994858786e-05 2.31083931794274e-05 8.95327532998635e-05 0.00131125495070592
0.000332575592765352 1.7772502542357e-05 1.0530091885812e-05 1.01552996784449e-05 1.44983245627373e-05 7.92403267951158e-06 1.14501698567437e-05 1.77444544897298e-05 2.24405296467012e-05 1.62648735931725e-05 3.9034913170326e-05 2.72494220189401e-05 2.58397441939451e-05 2.01714645663742e-05 1.9810923258774e-05 4.61243871905026e-05 0.000661607168913179 0.00254296413157135 0.00138114230125211 0.000848730496363714 0.00239681314182235 0.000450956428248901 2.60307173903129e-05 2.34294375331956e-05 5.83377718430711e-05 4.75337085663341e-05 0.000173763936909381 0.000294451505033067 0.00154762533929897 0.00280301465652883 0.000542680004255089 2.1388484419731e-05 1.2554570539578e-05 1.64899654009787e-05 1.43095640669344e-05 3.23550958637497e-05 0.000239727711050364 0.000261138225760078 0.000125118027062854 9.47167486447142e-05 0.000707940527936444 0.000353343661117833
3.66308298544027e-05 7.5041098643851e-05 2.01190024017706e-05 1.87801037463942e-05 1.78744018194266e-05 1.28606647922425e-05 1.59768641970004e-05 1.56913045066176e-05 1.33840594935464e-05 1.07275049413147e-05 1.21861653497035e-05 1.4145584536891e-05 1.7089575267164e-05 2.10855549448752e-05 1.48480343887059e-05 0.000232290631320211 0.000516511947498657 0.00198288037878228 0.00154782987898216 0.00172385054291226 0.00294623969472013 0.00252265433897264 8.78719981119502e-05 5.45410269478452e-05 5.80738632561406e-05 0.000139123760745861 0.000398200622948934 7.40947935992153e-05 0.000902554503409192 0.00217660981463268 0.000527402655898186 5.34700924981735e-05 1.56891505776002e-05 1.32115257474652e-05 1.16605299899675e-05 2.65958098134433e-05 0.000284246564770001 0.000600332617759705 0.000741661986103281 0.000874247254687361 0.0013010801486962 0.00103532764595002
5.66259147308301e-05 3.25909234379651e-05 2.93566306936555e-05 2.60925404654699e-05 2.34755100973416e-05 2.02818194884458e-05 1.2815370610042e-05 9.55610479650204e-06 1.50039349682629e-05 1.4352010039147e-05 9.7397973331681e-06 1.28411943478568e-05 1.1676191652441e-05 9.64574323006673e-06 1.21757535225697e-05 0.000162019649869762 0.000380110867263284 0.000828229887410998 0.00160432912525721 0.00298763406462967 0.000713527387997601 0.00410697794985026 0.000416847301603411 8.3871684546466e-05 5.67915668943897e-05 0.000499949655059027 7.83646051422693e-05 9.73809225251898e-05 0.00089608017806313 0.00225256164150778 0.000963178941165097 6.32320186196011e-05 1.43862865479605e-05 1.63869829884788e-05 2.03096100722178e-05 2.26394791025086e-05 0.000787713773825089 0.00155516408965923 0.00103952832403593 0.00118671333300881 0.00156572935346048 0.000403346389357466
0.000151226307789329 5.83561256644316e-05 3.0159045891196e-05 3.6072088732908e-05 2.37377825396834e-05 2.0154621306574e-05 9.50951716731652e-06 7.47699058592843e-06 9.81013468845049e-06 1.2378713840917e-05 1.26220794300025e-05 1.38382582008489e-05 1.29483789714868e-05 1.20849532322609e-05 1.25297390695778e-05 3.41707891857368e-05 6.79615235640085e-05 0.00106950324654463 0.0024009785160888 0.00140779378358275 0.000358454205852468 0.000521095129079185 6.68305029830663e-05 7.35042941960273e-05 5.89056596800219e-05 0.000282651208108291 9.26243118738057e-05 0.000282766443997389 0.000941711578052491 0.00201972087845206 0.000734996114479145 2.24910796168842e-05 1.28636450790509e-05 1.86531315921457e-05 3.01432996639051e-05 0.000141933674349275 0.0014031901297858 0.00107084742165171 0.000848625384969637 0.000851766357372981 0.000782335893309209 0.000531228909967467
0.00281540709693218 0.00031263131153537 0.000614272401835478 0.00112396334443474 0.000337266356218606 6.69389813992893e-05 1.11580342309026e-05 1.30868784253835e-05 1.24526027866523e-05 1.13568249253149e-05 1.18167020991677e-05 1.59584107132105e-05 1.99246111515095e-05 1.31709511879308e-05 1.49335559399333e-05 1.74343586695613e-05 1.65339293016586e-05 0.000132873521542933 0.000354579801060027 0.000825033510482172 0.000165950105547381 4.20411569939461e-05 9.17466164537473e-05 0.000142471497456427 0.000421007392433239 6.77260759402998e-05 0.000116918615094619 0.0001531626364158 0.000516284113109577 0.000986656659515575 0.000709571637707995 7.57571270696644e-05 1.69370426192472e-05 1.7905411477841e-05 2.65317585217417e-05 0.000390322410021326 0.00161801068810746 0.000812923670746386 0.00068686991580762 0.000193361674901098 0.000117513833829435 0.000438859207497444
0.00208252894030011 0.00218901855696458 0.00289889589883387 0.00228110241121613 0.00169338077423163 0.00135228303708573 0.00100187758464017 0.000504343519423855 2.37416334493901e-05 1.19073579844553e-05 1.480942730268e-05 1.54245724479551e-05 1.58036799257388e-05 1.82932713141781e-05 2.6223054555885e-05 1.64390091231326e-05 0.000119944586222118 0.000335264996538172 0.000173148396497709 0.000488609372696374 0.000241321812427486 0.000105147899594158 5.04059214654262e-05 0.000115071869549865 0.000501449830480851 0.000292148105218075 0.000324559741420671 7.53526077460265e-05 0.000225515398487914 0.00106312329182401 0.000346459526081162 1.91589796486369e-05 2.47226790088462e-05 3.24755334077054e-05 0.000243732069666294 0.000868150261521805 0.00176487916847691 0.000707004941650666 0.000321499503334053 0.000140382354438771 0.00040755998052191 0.000733201847178862
0.0020059909397969 0.000564169424615102 0.000978899050969631 0.00102477274893317 0.00148888480849564 0.00103783683851361 0.00153608830762096 0.000616255714303406 0.000267943638900761 5.83273112715688e-05 1.68458102052682e-05 1.88708523273817e-05 2.20316185004776e-05 1.9939563171647e-05 1.93961738114012e-05 2.68688523647143e-05 0.000102137220746954 0.000216651348018786 7.37587420007912e-05 0.000419424536812585 0.000254709559303592 4.35115394793684e-05 2.9725979838986e-05 0.000338991779681237 9.5413616818405e-05 7.55891202425119e-05 0.000221561154030496 6.79350893187802e-05 0.000631541356560774 0.000536716334754601 0.000248746233774 1.76205955358455e-05 0.000109479803286376 0.000285235488263424 8.58586105823633e-05 0.0014485258111381 0.00122406990616582 0.000543945804820396 0.000747949917858932 0.000293911162298173 0.00030218330110074 0.00101458904362516
0.000217403243441368 0.000676693288551178 0.00132339185918681 0.000984305025776848 0.00106020629522391 0.00127757359063253 0.000967408094002167 4.88750055228593e-05 4.69826935295714e-05 8.869049972418e-05 2.37375826691277e-05 2.26844421194983e-05 4.10208361427067e-05 3.00369915203191e-05 2.56852889287984e-05 5.24656593916006e-05 8.52292130002752e-05 0.000242016586707905 7.05665813075029e-05 0.000311050070886267 0.000166896428709151 4.83779176283861e-05 2.88667781569529e-05 0.000373209161334671 2.75762172532268e-05 3.80885176127777e-05 0.000212609630689258 0.00010374740100815 0.00106270997901447 0.000718465107493103 0.00010916312570771 0.000115182904810354 0.000245268211147049 0.000107157302481937 0.00103064937589807 0.000967134815291502 0.000559470960870385 0.00102310361340642 0.000725148967758287 0.000223125702323159 0.000313326512696221 0.00059965402353555
0.000203478810435627 0.00227159847621806 0.00151513829827309 0.00116490181651898 0.00118997346726246 0.00126486271852627 0.00162566605955362 0.00050821321841795 2.48519726665108e-05 8.05678110918962e-05 0.000276141929571168 1.86091953582945e-05 2.78236874873983e-05 2.25830424460582e-05 3.87431798299076e-05 0.000315656293314532 0.000129597845079843 0.000105033178988378 0.000143298903567484 0.000648656795965508 0.000897182495536981 0.000243173007038422 0.000291016701521585 0.000269352040340891 2.05844715674175e-05 4.69935848377645e-05 0.000182927952482714 7.0240765780909e-05 0.0010115891485475 0.0014796124282293 0.000326890877840924 0.000274113442283124 0.000319516736199148 0.000802761278027901 0.000899309234810062 0.000231833303114399 0.000150048481300473 0.00027264091593679 0.000311900458327727 0.000105143170876545 0.000560222576605156 0.000721950063598342
0.000568423953955062 0.00131201925221831 0.000360773531137966 0.000502835559018422 0.00166789258248173 0.00152931741205975 0.00149173815618269 0.00079474215330265 3.08088526435313e-05 0.000507712980615906 0.000589449857652653 3.66919820953626e-05 2.93620943557471e-05 2.84433977503795e-05 0.000225290309317643 0.000249347652461438 0.000109237060532905 6.48078122321749e-05 0.000166790528164711 0.00077626264304854 0.000421727721623029 3.36876474830206e-05 0.000147141145462228 8.13566135911969e-05 1.98531294881832e-05 5.98645716308965e-05 7.21998390145018e-05 0.000127973544731503 0.000389443029489485 0.000697424475802109 0.000906853964843322 0.000525480790238362 0.000726551440893672 0.00225698146503419 0.000367378507216927 0.000254997980828193 6.66683476083563e-05 0.000149504635883204 0.000368926978262607 7.3993249789055e-05 0.000406191373476759 0.000216997083698516
0.000102674712106818 0.000314702029863838 7.83042503462639e-05 0.000191931385634234 0.00060074941982748 0.000736187310540117 0.0011851658084197 0.000873787294549402 0.000552982067165431 0.000640065633924678 0.00108155255322345 0.000184936045625363 2.83300778392004e-05 3.5097272702842e-05 5.77151551988209e-05 1.93276896243333e-05 1.78095894079888e-05 4.21086725691566e-05 0.0001339801758877 0.000247612333914731 0.000174457474277006 6.86907902854728e-05 7.85084727613139e-05 2.53312033601105e-05 2.73780694260495e-05 4.07980477029923e-05 3.75609201000771e-05 0.000122761588863796 0.000186149266082793 0.000888970593805425 0.0015591457800474 0.000935919925686903 0.00180743602104485 0.000794628621079028 0.000336435258504935 0.000550263293116586 0.00072797873581294 0.000582773508504033 0.000186414165655151 5.43434157953016e-05 0.000152836303168442 0.000293751831923146
6.43884879536927e-05 0.000174630458495812 0.000148450733759091 5.80910814460367e-05 8.62560755922459e-05 0.000128338695940329 0.000512460737663787 0.00189206503942842 0.00137161111262685 0.000477716379100457 0.000586529496358708 0.000296008429577341 0.000941748073601048 0.000116260384202178 0.0002158597655216 2.36471737298416e-05 2.30002320677158e-05 8.42810588073917e-05 9.56074443820398e-05 0.000338207554596011 0.00123250509466743 0.000184227672943962 0.000167725460742076 3.40243068058044e-05 3.67078340786975e-05 3.48789599229349e-05 4.81707000290044e-05 0.000112860717781587 0.000101705289853271 0.000524003055179492 0.000424217691761442 0.000648278957523871 0.000908615525986534 0.000220668994006701 0.000135656798811397 0.000152473984489916 0.000324720193166286 0.000707882712595165 9.78192849288462e-05 4.20158521228586e-05 0.000240051258697349 0.000372598947724327
0.000235029922478134 0.000222049402218545 0.000198712501296541 0.000199549008248141 0.000118281358445529 3.92491355887614e-05 0.000202405097952578 0.000956327298190445 0.000843254291685298 0.000668445862829685 0.000364202408818528 0.000782921854479355 0.000421925490081776 0.00100048986496404 0.000848100949224317 0.000428317840196542 0.000563565518095857 0.000498733186541358 0.000156628531694878 0.000928457346162759 0.000845528719510185 0.000221488481329288 3.85874180210521e-05 3.14496398641495e-05 1.79141653279657e-05 2.19366088276729e-05 2.24449951565475e-05 5.89944744569948e-05 0.000222549158934271 0.000298375437851064 0.000275081330619287 0.000392481218586909 0.000304888203099836 5.57570371893235e-05 5.99826963298256e-05 0.00017946392763406 0.000372190435300581 0.000318512521334924 0.000456815759243909 0.000147947285804548 0.000124082311958773 0.000296972807846032
5.66554563556565e-05 6.03715328179533e-05 7.21114667248912e-05 0.000181133586447686 0.000226254922890803 0.000122736892371904 0.000165637162863277 0.000268535581271863 7.60347741015721e-05 0.000315956149424892 0.000177766555570997 0.000522511033486808 0.000544345194648486 0.00132996388245374 0.00136259841383435 0.00151210796291707 0.000577080659277271 0.000866668962989934 0.000828585407580249 0.000145191530173179 6.70737677501165e-05 7.68490914560971e-05 2.8075950613129e-05 1.69779206044041e-05 2.8657553884841e-05 2.43744024919579e-05 2.43953630706528e-05 2.37689824280096e-05 9.11042598454515e-05 0.000155431873863563 0.000133188676409191 0.000292457897739951 0.000125450804916909 7.06608931068331e-05 0.000110657390323468 0.000194908817356918 0.000369350103428587 0.00039559792203363 0.000216250504308846 0.000156166391971055 0.000100663117336808 0.000133180102275219
6.54970133382449e-06 3.13233863323603e-06 8.30897763080429e-06 4.0927382906375e-05 7.62061885689036e-05 9.85839363420382e-05 0.000115932686749147 0.000171545979683287 0.000155371952569112 0.000414429690572433 0.000243292432205635 6.77098264350207e-05 0.000167088377929758 0.000195115107417223 0.000395416142273461 0.000203964731917949 0.000205498802824877 0.000493740037782118 0.000328150027198717 4.19284978852374e-05 4.66502105700783e-05 2.8162414473627e-05 0.000338443164691853 0.000370530494838022 6.04026992368745e-05 3.04969649732811e-05 2.46856683224905e-05 3.20496378844837e-05 3.39627690118505e-05 5.57246292737545e-05 0.000141073338672868 0.00015969153289916 0.000114257136156084 6.2095782632241e-05 9.1110657522222e-05 0.000151381372998003 0.000212577150959987 0.000386588220426347 7.65978944400558e-05 0.000123460101458477 6.84016925515607e-05 9.87984200764913e-05
