Rasters_5km/Final_IBR_Set/VRM_Res5km.asc
NCOLS 161 
NROWS 96 
XLLCORNER 210004.651214014 
YLLCORNER 7345008.22228844 
CELLSIZE 5000 
NODATA_value -3.4e+38 
[rows 36 to 53 of 96, columns 42 to 83 of 161]
0.000397462719120085 0.000248590004921425 0.000261203280970221 0.000659473051782697 0.000394003157271072 0.000440634589176625 0.000391324359225109 0.000476744347834028 0.000385256466688588 0.000406761302729137 0.00039342522417428 0.000348559318226762 0.000223126939090434 0.000223723420058377 0.000559552919876296 0.00077396149514243 0.000509929516119883 0.00149227371206507 0.000367873963405145 0.00176053241069894 0.00158293884131126 0.00061926524741466 3.89165566048177e-05 0.000161103939180975 9.21266536624899e-05 0.00226325535797514 0.00160326280107256 0.0013240577110264 0.00136082508950494 0.0012787285016384 0.00122582555712142 0.00144410156204685 0.000486394512220159 0.000344984080190898 0.000245997478098161 0.00129204279308397 0.00155370429129107 0.000898403016035445 0.00301684052217752 0.0016404824150959 0.00105263256642502 0.000283066651099944
0.00056135080230888 0.000191333212133031 0.00100889009598177 0.000673059475375339 0.000513716765563004 0.000963230894994922 0.000701803797273897 0.000529466009465978 0.000199126948573394 0.000268442452361342 0.000281601721508196 0.000119254241872113 8.41296817816328e-05 7.24667169561144e-05 9.76221080054529e-05 9.10937456501415e-05 0.000117142512899591 0.000408138652637717 6.11428087722743e-05 0.000184614543395583 0.00140892037888989 0.00212637260527117 0.00182256342879555 0.00187390287974267 0.00231739521765121 0.00222464008023962 0.00191560664447024 0.00144307535374537 0.00125522640999407 0.00177901898510754 0.00166396702174097 0.00115535740362247 0.000779158128716517 0.00141551176493522 0.00125905113178305 0.0012225635460527 0.00232467702386202 0.000454804973269347 0.000511439053516369 0.000777352864242857 0.000343203768716194 0.000332935659507712
0.000319380409637233 0.000195488471363205 0.000543120032525621 0.00073664178722538 0.00125570802832954 0.00189918397576548 0.0020716700993944 0.00112330235657282 0.000347868515818845 0.000187488329247572 0.000134706532116979 0.000127092984039336 7.30558332725195e-05 8.38019262300804e-05 7.39310802600812e-05 4.7662749493611e-05 6.13374087697593e-05 3.21551717206603e-05 2.45007121338858e-05 4.4943163265998e-05 0.00175663065892877 0.00177678969223052 0.00276363309472799 0.00175450457958505 0.00326301532797515 0.00146286150440574 0.0017949431319721 0.0009169375768397 0.00168176232837141 0.00197009100578725 0.00159928717766888 0.00173201759898802 0.0015141658745415 0.00212168150523212 0.00232309892307967 0.00062468732601701 0.00124911298560619 0.00113704959920142 0.000461893299361691 0.000229075301685953 0.00132957593770698 0.00254764283177792
0.000432744549325434 0.000132182074448792 0.000280686918704305 0.00119717594585381 0.000617407053941861 0.000483770535793155 0.000884533421485685 0.00104103824938647 0.000638324983883649 0.000353665458387695 0.000300960878666956 0.000423467725049704 0.00014142717627692 0.00013560972729465 7.70348784863018e-05 4.69294170034118e-05 3.6827823787462e-05 3.32450348287239e-05 2.9209871609055e-05 2.38622787219356e-05 0.00011897558470082 0.00127623042193591 0.00192302980227396 0.00119804530171677 0.00148393501760438 0.000393729216884822 0.000960527883144096 0.000606470251223072 0.00116289464524016 0.00249471443705261 0.00130994691862725 0.00145973683102056 0.00173112215707079 0.00271350583527237 0.00247836197027937 0.00344512755080359 0.00256354838144034 0.00169008239201503 0.00122370910365134 0.000970220147282817 0.000770054875756614 0.000811329694079177
0.000258091949799564 8.58737600356108e-05 0.000350319121935172 0.00101539291907102 0.000695735608460382 0.000456433793005999 0.000316929538385011 0.000538271170225926 0.000913188728736714 0.000547561058192514 0.000572043699794449 0.000180972100206418 9.23451011476573e-05 0.000260672985750716 0.00020441575528821 8.87415219040122e-05 3.070429978834e-05 3.85179164732108e-05 2.95964321412612e-05 3.15407197194872e-05 4.09297681471799e-05 0.000159546691866126 0.00025021955021657 0.000215168784561683 0.000115824462918681 0.000103461076651001 0.000561654003686272 0.00157129399012774 0.00103284324286506 0.000953315373044461 0.00144100714707747 0.000763856685953215 0.000948274127440527 0.00187578422250226 0.0025689929490909 0.00281949167605489 0.00165791850187816 0.00181714960839599 0.00126916209585033 0.000373894468648359 0.000254647841647966 0.00137369593892799
0.000725064759899396 0.000184417749260319 0.000100983937736601 0.000505303593236022 0.000872447668807581 0.000279658263607416 0.000137900705740321 0.000256085808505304 0.000357443686225452 0.000165492023224942 0.000247707417875063 8.82240024657222e-05 5.78659160237294e-05 0.000250862611283082 0.000835548706236295 0.000446659656736301 0.000191926749976119 9.90820332663134e-05 4.18859615456313e-05 3.11437145501259e-05 3.11267863071407e-05 4.83865386195248e-05 9.68785943405237e-05 6.33766459941398e-05 2.28257450544334e-05 0.000135180859488173 0.000518708035524469 0.000516797561285784 0.000545496238191845 0.00073298218252603 0.000964168625068851 0.000942772665875964 0.000964986210456118 0.000946905565215275 0.00245884580770507 0.00257794472505338 0.000865823001367971 0.0014738054049667 0.00154317535168957 0.000532989330822602 0.000462728145212168 0.00149273409690068
0.000158896855209605 6.1541364484583e-05 8.24325696157757e-05 0.000114380497834645 0.00011503950561746 0.0001038960122969 5.35391167068155e-05 4.89320338965626e-05 6.22381899302127e-05 6.23438187176362e-05 8.67141889466439e-05 4.09668078646064e-05 0.000254732642060844 0.000204392455634661 0.000224835979681757 2.15189161508533e-05 4.32756700899972e-05 5.38051801413531e-05 5.48800317119458e-05 3.33653323286853e-05 1.51667974478187e-05 2.60710569637013e-05 4.26839906504028e-05 4.15764595527435e-05 2.19355746594374e-05 2.52174802153604e-05 5.68975411079009e-05 0.000126772555522621 3.3317376874038e-05 4.32267531141406e-05 0.000100057041927357 0.000191337624855805 0.000781593036372215 0.00116467853193171 0.00154077768675052 0.000833838948165067 0.00107178626349196 0.00158507969274069 0.00096594803413609 0.000905523228866514 0.00142096264462452 0.000945857108017663
0.000231166980011039 0.000248365658480907 9.42619612033013e-05 0.000241788233397529 0.000151107670390047 8.75585409812629e-05 6.77831267239526e-05 3.94575520476792e-05 2.58866417425452e-05 4.39639285104931e-05 0.000139452096773311 0.000358216688036919 0.000286169808205159 6.60384084198995e-05 1.893018053579e-05 8.26029580593968e-07 1.53697801806629e-06 9.54257853663876e-06 1.19273445307044e-05 1.11411524630967e-05 6.40489354509555e-06 7.34679164224872e-06 3.05545756782522e-05 3.5286261481815e-05 1.70378350594547e-05 2.5400080558029e-05 1.28362431360074e-05 6.4104789889825e-05 0.000140258800820448 6.41913936124183e-05 2.8432026556402e-05 5.06684471838526e-05 0.00180756428162567 0.00136515573598444 0.000455523289419943 0.000605781750418828 0.00161807379336096 0.00237364508444443 0.000833277877682121 0.000340587309474358 0.00105670521268621 0.0024107104819268
0.000424065391416661 0.000523629262170289 0.000225238890416222 0.000414008020452457 0.000610783472075127 0.000695850304327905 0.000385907043237239 0.000183344330580439 0.000118848061392782 8.96920151717495e-05 0.000127306559879798 5.10773777205031e-05 6.93144078809382e-06 1.40915672091069e-06 5.51599482605525e-06 1.07433926586964e-05 9.07157283108973e-06 4.44107612111111e-06 1.35411046994705e-05 1.23219222768967e-05 6.89390961269964e-06 6.17093616028797e-06 5.38398603112e-06 7.46475880987418e-06 7.54399596246458e-06 1.28878345867633e-05 3.33727248653304e-05 4.22704622178571e-05 0.000115409028949216 0.000158753999858163 8.09741887496784e-05 3.66307589865755e-05 0.000672886717657093 0.00107911972561851 0.00107906616700348 0.000411966484971344 0.00190131266601384 0.000629631978808902 0.000118741928308737 6.6761465423042e-05 0.000506276967644226 0.000954906689294148
0.000525916532496922 0.000195592469844996 0.000235023681852908 0.000442710077622905 0.000621217098669149 0.000844119202811271 0.000646187502425164 0.000361471899377648 0.000261032427952159 0.000188699521531817 8.80942990625044e-05 1.93033492359973e-05 4.73879015089551e-06 0.00013383266124265 0.00232164738605206 0.00235239763373102 0.000423690455500036 3.91603116622719e-05 6.51267051580362e-06 8.08674045401858e-06 1.22842605742335e-05 6.96155884497784e-06 1.5312094615183e-06 1.21638183813388e-06 2.27745979572092e-06 2.27189537781669e-06 2.60851413531782e-05 7.36999778018799e-05 7.02631995227421e-05 0.000105813387053786 0.000122074532118859 0.000136707408528309 7.58275920088636e-05 0.000167288478987757 0.000912171307136305 0.00145098789595067 0.000956866545020603 0.00104233082558494 0.000380423091410194 0.000217447666509543 8.10121381073259e-05 0.000218745350575773
0.00027720484395104 0.000449400410725502 0.000431500654158299 0.000496886184882897 0.000564122315554414 0.000370769584551454 0.000185417595566832 0.000475931136970758 0.000263662014331203 0.000166665069555165 2.13063040791894e-05 0.00029167892796977 0.000739256391716481 0.00208540878549684 0.00158865033939946 0.00137630191689823 0.00157079517608508 0.00281210325643769 2.24603946844582e-05 1.47749230018235e-05 5.29520753843826e-06 5.08767684095801e-06 2.80209318589186e-06 3.63550882866548e-06 4.58627041552973e-06 3.78701583031216e-06 5.20627461810363e-06 2.89862314275524e-05 7.36630097890156e-05 5.90348353944137e-05 5.4384956965805e-05 9.4380988375633e-05 0.000126547138588649 5.77363544289256e-05 0.000262550911429571 0.000959228537976742 0.00175315458327532 0.000931099408189766 0.000451761842050473 0.000166063588840188 8.38431404554285e-05 0.000119893717346713
0.0017209904363699 0.000283549560117535 9.24697551454301e-05 0.000172359182902255 0.000385971625801176 0.000447741928510368 8.2831848267233e-05 2.12791393823863e-05 5.76364814060071e-05 4.35188918345375e-05 2.96126928151352e-05 0.00277513526845723 0.00239331794902682 0.00103251047083177 0.000836575049906969 0.000346617014583899 0.000922994049906265 0.00223227965354454 0.00236057021902525 0.00405631060464657 0.000241672640149773 7.0623422107019e-06 1.18388710097861e-05 1.24068102013553e-05 5.64835861950996e-06 3.63778131941217e-06 2.59977995483496e-06 3.72858281025401e-06 4.45406038124929e-05 3.7067712219141e-05 1.04621929494897e-05 3.33064751600887e-06 2.19789322500219e-06 8.80055226957666e-06 9.50393486891699e-05 0.000192543711564213 0.00035097613799735 0.000356485706579406 4.10259248019429e-05 3.2962877448881e-05 4.85209064936498e-05 4.69077391608153e-05
0.0014820199937094 0.00245249526255066 0.000597352889699323 0.000209257076276117 9.59456552391202e-05 0.00024836258526193 0.000380689132289262 0.000153333389171166 4.87098164740019e-05 0.000261916448798729 0.00113074513228639 0.0036594630923355 0.00204612575937063 0.00128949182340875 0.000830890140496194 0.000557383185951039 0.000477829925948754 0.000946063956362195 0.00267855531885289 0.00448545146267861 0.00140911523740215 0.0014591842507798 0.00369094566951389 0.00280187717020453 0.000843554619605129 6.54766827210551e-06 3.93990816519363e-06 3.71765828276693e-06 1.54686335145016e-05 2.42259049582572e-05 3.41381833607102e-06 1.42484314039848e-06 1.97287743844754e-06 9.92785538187491e-07 1.57844465661583e-06 4.49746574531673e-06 2.81826037007704e-05 0.000182835418399918 3.50306525251654e-05 3.78411012206925e-05 5.68703156750416e-05 9.07965005899314e-05
0.000731762183422688 0.00117226319212932 0.00162917588779237 0.0017117596953176 0.00229012000258081 0.00158778444281779 0.00133582048118114 0.000885611169796903 0.000666031854052562 0.00163791710627265 0.00233710940927267 0.00350070463027805 0.000572748552222038 0.000199983416241594 0.000197251612407854 9.83020728017436e-05 0.000319836934213527 0.000447266136470716 0.000410259830823634 0.000971048077772139 0.00292328224517405 0.00344440546818078 0.00454228916205466 0.00375859054271132 0.00387965207919478 0.0019327467444964 0.001292620380882 1.78888410800937e-05 3.87355163184111e-06 3.41801972354006e-06 5.70356654407078e-06 2.57257970861247e-05 0.000189504869404118 1.07150805172296e-05 4.19749490475851e-06 7.45303669660302e-07 3.34181082166651e-06 2.64369136539244e-05 9.02970485185506e-06 3.30940316234773e-05 6.67970637732651e-05 7.24743307000608e-05
0.00152500621101353 0.00113679207686801 0.000557573204860091 0.00222574793020613 0.00281644812785089 0.00162654591025785 0.00106484996096697 0.000781120361061767 0.000675134640187025 0.000854370638262481 0.00228498287615366 0.0033651715843007 0.000912713031575549 0.000354063012055121 0.000138526858063415 5.86688996554585e-05 4.51997677737381e-05 4.81376926109078e-05 0.000142327520079562 0.000152668247465044 0.00189521531399805 0.00221747002156917 0.00151884959253948 0.00511877651326358 0.00464963916456327 0.00336561555974185 0.00270602559437975 0.00183832659226027 0.000364670194403516 5.54447794911539e-06 0.000816820230411395 0.00449686728665256 0.00668506755726412 0.00446319383627269 0.00193437518317069 2.62527277072877e-05 2.1974479113851e-06 2.04083584640102e-05 0.000152948055392699 2.60640928172506e-05 4.74108224443626e-05 9.66944354149746e-05
0.00106218086730223 0.00184386577631813 0.000517163621843792 0.00104188844532473 0.00217102646362036 0.00181828086904716 0.00128439592430368 0.00128631992149167 0.00109316791989841 0.000272586037535802 0.000841260405431967 0.0018278196582105 0.00132850342895836 0.000718191484484123 0.000644395144481678 0.000193230252043577 5.39862872392405e-05 4.35399282287108e-05 3.17611870195833e-05 4.09700184354733e-05 3.77932069932285e-05 9.49342111925944e-05 0.00171050414035562 0.00457192635629326 0.00408215883653611 0.00327968773664907 0.0037130849971436 0.00242045788036194 0.00222255931004838 0.000765065822852193 0.00513636128176586 0.00276769224059535 0.00390486638993025 0.00346785145811737 0.00398825014708564 0.00143819197948687 4.71040604224981e-06 5.48871305909415e-06 0.000221871596950223 0.000366785457390506 0.000282528308816836 0.000222453576861881
0.000662885678466409 0.000696318710688502 0.00112476493464783 0.000553802318609087 0.00197958815610036 0.00271467852406204 0.00319408946670592 0.00144704103237018 0.000941474970895797 0.000288530608813744 6.64993593090912e-05 0.000175663448462728 0.00142791020334698 0.00128443532506935 0.000587312314892188 0.000450206801760942 0.000299737225577701 9.8364762525307e-05 4.5148657864047e-05 4.68951485891012e-05 1.29552144244371e-05 0.000214794076819089 0.000884844579268247 0.00111013583256863 0.00223258578684181 0.00333678099268582 0.00097218099879683 0.00212415059366322 0.000154216506562079 4.74823247714085e-05 0.00130944992379227 0.00133918108243961 0.0018368474431918 0.00392996663460508 0.00480637834407389 0.00175167237020105 5.28967098034627e-06 3.89495025501674e-06 7.91241427941714e-05 0.000219866881452617 6.493958459032e-05 4.6446990181721e-05
0.00103287486766931 0.0013857288332656 0.0011243524850579 0.00105968880903674 0.00156629368895665 0.00163008224917576 0.0020082028710749 0.00150258378591388 0.00123319064674433 0.000723047365318052 0.000406121580163017 0.000619118867907673 0.00109431338962167 0.000577904390811455 0.000690525269019417 0.000174968008795986 8.81769033730961e-05 8.33253767086717e-05 0.000114561445152503 0.000575944716929371 0.000890548795759969 0.00084745567641221 0.00203508974984288 0.0021889922360424 0.00320114982780069 0.00296779142779997 0.00106946621643147 0.00156250111438567 0.00136372263543308 0.00110341631101619 0.000641570492916799 0.00314089672581758 0.000802752743475139 0.00406130546703935 0.00516943226568401 0.00472163424732571 4.88307266277843e-05 4.49048797690921e-06 3.8492850262628e-06 4.89895265900486e-06 3.46951157553121e-06 3.43071464271816e-06
