Rasters_5km/Final_IBR_Set/VRM_Res5km.asc
NCOLS 161 
NROWS 96 
XLLCORNER 210004.651214014 
YLLCORNER 7345008.22228844 
CELLSIZE 5000 
NODATA_value -3.4e+38 
[rows 36 to 53 of 96, columns 0 to 41 of 161]
-3.4e+38 -3.4e+38 -3.4e+38 -3.4e+38 -3.4e+38 -3.4e+38 -3.4e+38 -3.4e+38 -3.4e+38 -3.4e+38 -3.4e+38 -3.4e+38 -3.4e+38 -3.4e+38 -3.4e+38 -3.4e+38 -3.4e+38 -3.4e+38 -3.4e+38 -3.4e+38 -3.4e+38 -3.4e+38 -3.4e+38 -3.4e+38 -3.4e+38 -3.4e+38 -3.4e+38 -3.4e+38 -3.4e+38 -3.4e+38 1.37446468299378e-05 3.77259725041768e-06 1.93057562327681e-06 1.32918574649921e-06 2.02502753836598e-06 1.87196868182582e-06 2.98841695212104e-06 2.66390697788665e-06 2.64210969544365e-05 8.81871050660266e-05 0.00198310528649017 0.000303003391600214
-3.4e+38 -3.4e+38 -3.4e+38 -3.4e+38 -3.4e+38 -3.4e+38 -3.4e+38 -3.4e+38 -3.4e+38 -3.4e+38 -3.4e+38 -3.4e+38 -3.4e+38 -3.4e+38 -3.4e+38 -3.4e+38 -3.4e+38 -3.4e+38 -3.4e+38 -3.4e+38 -3.4e+38 -3.4e+38 -3.4e+38 -3.4e+38 -3.4e+38 -3.4e+38 -3.4e+38 -3.4e+38 -3.4e+38 2.83222577851781e-06 2.09656326148888e-06 2.02620144023058e-06 1.48403674543829e-06 1.21311868326757e-06 8.64648673086776e-07 2.19437292571456e-06 2.93136948357642e-06 3.9447256767744e-06 2.98541719348577e-05 0.000434924649744062 0.00122459155987599 0.000444580733019393
-3.4e+38 -3.4e+38 -3.4e+38 -3.4e+38 -3.4e+38 -3.4e+38 -3.4e+38 -3.4e+38 -3.4e+38 -3.4e+38 -3.4e+38 -3.4e+38 -3.4e+38 -3.4e+38 -3.4e+38 -3.4e+38 -3.4e+38 -3.4e+38 -3.4e+38 -3.4e+38 -3.4e+38 -3.4e+38 -3.4e+38 -3.4e+38 -3.4e+38 -3.4e+38 -3.4e+38 -3.4e+38 2.71961657386112e-06 2.72754949264709e-06 1.41332401241812e-06 5.39002551107615e-07 1.85213558665964e-06 1.60920865710068e-06 1.82977181253818e-06 1.89789479350111e-06 2.23070789843405e-06 3.39440598281726e-06 7.58366734180527e-05 0.000461229361826554 0.00110278011474293 0.000563757338240976
-3.4e+38 -3.4e+38 -3.4e+38 -3.4e+38 -3.4e+38 -3.4e+38 -3.4e+38 -3.4e+38 -3.4e+38 -3.4e+38 -3.4e+38 -3.4e+38 -3.4e+38 -3.4e+38 -3.4e+38 -3.4e+38 -3.4e+38 -3.4e+38 -3.4e+38 -3.4e+38 -3.4e+38 -3.4e+38 -3.4e+38 -3.4e+38 -3.4e+38 -3.4e+38 -3.4e+38 3.55923827843232e-06 1.98037115453076e-06 2.36141839309312e-06 2.85667918333843e-07 4.36519435176308e-07 1.73605868894811e-06 1.40467967696623e-06 8.91247649406068e-07 1.5283975130842e-06 2.08521265676609e-06 1.28461886902187e-05 6.4075690752361e-05 0.000159783466951922 0.00126339589362033 0.00123362411373819
-3.4e+38 -3.4e+38 -3.4e+38 -3.4e+38 -3.4e+38 -3.4e+38 -3.4e+38 -3.4e+38 -3.4e+38 -3.4e+38 -3.4e+38 -3.4e+38 -3.4e+38 -3.4e+38 -3.4e+38 -3.4e+38 -3.4e+38 -3.4e+38 -3.4e+38 -3.4e+38 -3.4e+38 -3.4e+38 -3.4e+38 -3.4e+38 -3.4e+38 -3.4e+38 -3.4e+38 3.19179168343453e-06 4.21064301605156e-06 1.68910215165852e-06 1.1826898928291e-06 5.84728153114611e-07 1.15570964482004e-06 2.30967123513892e-06 1.50633335010752e-06 2.22838709760254e-06 4.8170001946346e-06 1.74572378864468e-05 0.000102235248996294 0.000213504547427874 0.000835173206578475 0.00108177571979468
-3.4e+38 -3.4e+38 -3.4e+38 -3.4e+38 -3.4e+38 -3.4e+38 -3.4e+38 -3.4e+38 -3.4e+38 -3.4e+38 -3.4e+38 -3.4e+38 -3.4e+38 -3.4e+38 -3.4e+38 -3.4e+38 -3.4e+38 -3.4e+38 -3.4e+38 -3.4e+38 -3.4e+38 -3.4e+38 -3.4e+38 -3.4e+38 -3.4e+38 1.70680014557757e-06 1.17163091893246e-06 2.71490649566886e-06 1.27272733948303e-06 1.31892853453053e-06 5.62334428479971e-07 9.23072497016619e-07 1.14983310936623e-06 1.6154170361915e-06 2.54950650514729e-06 3.91281588349557e-06 1.20708224403643e-05 4.72746818559244e-05 0.000205073178804014 0.000502532868558774 0.000592264012375381 0.000579705996424309
-3.4e+38 -3.4e+38 -3.4e+38 -3.4e+38 -3.4e+38 -3.4e+38 -3.4e+38 -3.4e+38 -3.4e+38 -3.4e+38 -3.4e+38 -3.4e+38 -3.4e+38 -3.4e+38 -3.4e+38 -3.4e+38 -3.4e+38 -3.4e+38 -3.4e+38 -3.4e+38 -3.4e+38 -3.4e+38 -3.4e+38 2.48734537611502e-05 1.28727631446068e-05 4.34889403209127e-07 1.55330598055059e-06 2.39630237501842e-06 1.25150552378273e-06 6.19215000199347e-07 1.08187769058077e-06 1.06102889276372e-06 1.02409412420457e-06 1.40029666226837e-06 1.44245531504339e-05 3.83174802027497e-05 7.65461493938346e-05 0.000145960156914953 0.000390213304781355 0.000629001185589004 0.000425391196113196 0.000226023585746589
-3.4e+38 -3.4e+38 -3.4e+38 -3.4e+38 -3.4e+38 -3.4e+38 -3.4e+38 -3.4e+38 -3.4e+38 -3.4e+38 -3.4e+38 -3.4e+38 -3.4e+38 -3.4e+38 -3.4e+38 -3.4e+38 -3.4e+38 -3.4e+38 -3.4e+38 -3.4e+38 1.88105504029019e-05 4.5417792985063e-05 2.14972812253222e-05 3.45829548223264e-06 2.19194762621555e-06 2.40783370941244e-06 2.8582524862486e-06 2.1931441855827e-06 9.01672459434622e-07 5.71862345708496e-07 1.67469614211768e-06 7.13680041144471e-07 1.61286904813096e-06 3.55557368266091e-06 2.27229384472594e-05 8.40085636718868e-05 0.000105564484420029 0.000136075423679358 0.000368797753981198 0.000665952562485472 0.000387449808767997 0.000168925350553764
-3.4e+38 -3.4e+38 -3.4e+38 -3.4e+38 -3.4e+38 -3.4e+38 -3.4e+38 -3.4e+38 -3.4e+38 -3.4e+38 -3.4e+38 -3.4e+38 -3.4e+38 -3.4e+38 -3.4e+38 -3.4e+38 -3.4e+38 -3.4e+38 4.07637664714209e-05 3.97127506994366e-05 4.06148825788932e-05 4.8436278113968e-05 7.72528140828399e-06 2.47594326197031e-06 2.12125672192087e-06 1.49799740768231e-06 1.52188648378626e-06 1.25258041393295e-06 1.50649951024207e-06 3.04773662264779e-06 1.76402984914148e-05 1.39543790055541e-06 1.57769187808299e-06 1.40512372126977e-05 4.07976769110974e-05 0.000100782079703094 0.000289151206393399 1.05397862489554e-05 0.000931088986890245 0.000229639475946897 0.000219740517277387 0.000245337625019602
-3.4e+38 -3.4e+38 -3.4e+38 -3.4e+38 -3.4e+38 -3.4e+38 -3.4e+38 -3.4e+38 -3.4e+38 -3.4e+38 -3.4e+38 -3.4e+38 -3.4e+38 -3.4e+38 3.57064763534254e-05 5.82357971325109e-06 2.49931498728984e-05 2.85333694000656e-05 8.56862345244736e-05 6.88347672985401e-05 4.53799629940477e-05 2.12549019033759e-05 7.26902384840855e-06 8.41876619688264e-07 2.11212282806628e-06 9.64048415568186e-07 3.69710181900018e-07 1.24879330769545e-06 3.53555313921561e-06 1.25581194242841e-05 8.4669886255142e-05 5.79117387587758e-06 6.15063405348337e-06 3.47285178941092e-05 3.9701682580926e-05 0.000158913759987627 0.000167605222559359 1.81385869632322e-05 0.000173273604887072 0.000263130666826328 0.000958640823373571 0.000284515180974267
-3.4e+38 -3.4e+38 -3.4e+38 -3.4e+38 -3.4e+38 -3.4e+38 -3.4e+38 -3.4e+38 -3.4e+38 -3.4e+38 -3.4e+38 -3.4e+38 -3.4e+38 2.80928099584798e-05 1.23818369229411e-05 6.00471860650487e-06 1.58713643713782e-05 3.68943667081112e-05 6.51618843039614e-05 2.86604867596907e-05 1.69536452142438e-05 6.71588104296461e-06 6.14275193022706e-07 1.19821216372884e-06 1.64772314604988e-06 2.33757596859618e-06 1.10055823256516e-06 8.22978864221113e-07 7.55931502226304e-06 7.21286254702136e-05 1.41399964013544e-05 1.11629142611491e-05 1.86132736143918e-05 6.38265540692373e-05 7.86484925811237e-06 8.95311941894761e-05 0.000106057261291426 0.000379945685790517 5.54563349351156e-05 0.000124179803051447 0.00105606577264552 0.000984535556635819
-3.4e+38 -3.4e+38 -3.4e+38 -3.4e+38 -3.4e+38 -3.4e+38 -3.4e+38 -3.4e+38 -3.4e+38 -3.4e+38 -3.4e+38 1.9618196607293e-05 1.7178947733972e-05 5.93952651115615e-06 8.4530766480384e-06 9.03976721019717e-06 4.82282082884922e-06 7.52817085754032e-06 1.74221565703192e-05 1.57498859755378e-05 2.20979079904282e-05 3.47020372885254e-06 8.01460947457144e-07 6.13792179322559e-07 5.54747219894125e-07 1.90432873893087e-06 1.05288463714714e-06 1.48877727497165e-06 1.80921397941347e-06 1.75160714979938e-05 1.16378672464634e-05 8.96108306733367e-06 3.57861100746959e-05 8.52561586361844e-05 0.000161465722230787 6.27981562865898e-05 1.89430460704898e-05 4.18227369482338e-05 7.02621264508707e-06 8.60090822152415e-05 0.000662509480007429 0.00214579702354968
-3.4e+38 -3.4e+38 -3.4e+38 -3.4e+38 -3.4e+38 -3.4e+38 -3.4e+38 -3.4e+38 -3.4e+38 4.4367402965277e-05 9.43059228397658e-06 7.1560272559168e-06 7.21512208201602e-06 9.50041472606245e-06 1.32345141173573e-05 4.01433493607328e-06 3.41334032100349e-06 4.5263303803722e-06 1.5837820883462e-05 3.22731152482447e-05 1.37390523333636e-05 5.3499092337006e-06 8.36185087678132e-07 9.7867088314274e-07 2.70359309197943e-07 1.5774103880517e-06 3.24979110132517e-06 1.74785014223744e-06 1.80434753247027e-06 3.3483754396002e-06 7.91476967606286e-06 3.96057678153738e-05 0.000129612513119355 6.28203518863302e-05 0.00018251959420013 0.00052231436711736 0.000374173000382143 0.000418115528027556 9.27941261124943e-06 0.000455982279472664 0.000945809966597153 0.00179495901684277
-3.4e+38 -3.4e+38 -3.4e+38 -3.4e+38 -3.4e+38 -3.4e+38 -3.4e+38 -3.4e+38 -3.4e+38 3.54740202390914e-05 3.63090785640452e-06 1.94780291576535e-05 1.24672947276849e-05 9.19498080293124e-06 1.44492462004564e-05 8.88050753928837e-06 2.78722517805363e-06 1.71754506247623e-06 7.58107419869702e-06 2.84909933543531e-05 4.2205222423064e-06 1.1546545781016e-05 9.01570601286039e-07 1.06894459236173e-06 1.21067823670273e-06 9.43944685047882e-07 2.0764426056985e-06 2.8718841394948e-06 2.17091772583444e-06 3.82394317057333e-06 1.37679178988037e-05 2.23704771451594e-05 3.67410018861847e-05 6.16450286725012e-05 5.94896256734501e-05 0.00038831771522382 0.000170673544125748 2.53558844769941e-05 1.02551690747532e-05 0.000154047350388282 0.000735591434749949 0.00188257210305892
-3.4e+38 -3.4e+38 -3.4e+38 -3.4e+38 -3.4e+38 -3.4e+38 -3.4e+38 -3.4e+38 -3.4e+38 2.17274613813755e-06 4.19540739457602e-06 1.95829489484822e-05 2.22164521619561e-05 9.99306505036657e-06 5.86769091114547e-06 1.58893389350823e-06 1.29362358666896e-06 1.59668808024094e-06 3.80771477693997e-06 7.43881202765806e-06 8.22359158803465e-06 8.33677136142796e-06 3.76039305137965e-06 9.62127935082435e-07 1.39157922603772e-06 9.70552425769711e-07 1.31254029611227e-06 4.19037265089628e-06 1.10345813482127e-05 1.14345404745109e-05 2.78399230955984e-05 7.10955615431885e-06 4.89866749830981e-06 3.81535849010106e-05 5.81432595845399e-05 9.58353018177149e-06 0.000280806810842478 6.7789783461194e-05 0.000120337295320496 0.000168113331774293 0.000791548567067366 0.00144262174493633
-3.4e+38 -3.4e+38 -3.4e+38 -3.4e+38 -3.4e+38 -3.4e+38 -3.4e+38 -3.4e+38 -3.4e+38 2.27766973885934e-06 8.81430464232835e-06 1.86174789450888e-05 2.29520192806376e-05 1.77855891524814e-05 8.64939663188125e-06 1.01544433320555e-06 7.14134992136906e-07 9.27657243323665e-07 6.88903141082164e-06 1.89741599108117e-06 2.09470711183712e-06 1.36087320640854e-06 3.57928938797158e-06 7.4415368509051e-07 2.24541378884169e-06 1.74647123060367e-06 1.41346607279047e-06 2.61498351619593e-06 1.35368996780016e-05 1.63351262563083e-05 2.66048503908678e-05 4.38911446735801e-06 4.46084005034209e-06 1.01422292573261e-05 0.000201867337473232 1.29153969101026e-05 3.02419046056457e-05 0.000155049565000809 3.19674885395216e-05 3.47029139993538e-05 0.000143110211611202 0.000818639622884803
-3.4e+38 -3.4e+38 -3.4e+38 -3.4e+38 -3.4e+38 -3.4e+38 -3.4e+38 -3.4e+38 3.3567627656339e-06 9.63604069170287e-06 1.10050234371784e-05 2.92758511022839e-05 9.9523051721917e-06 8.82828235830857e-06 4.04294975578523e-05 7.06049396512753e-06 4.1708262450868e-07 1.16868767154443e-06 3.82008920382759e-06 2.76675399749848e-06 1.39229988428724e-05 1.52162902776354e-05 1.47241249464969e-06 1.65395943781732e-06 2.70829739292822e-06 4.76421783787373e-06 6.42214966319443e-06 1.06847701044899e-05 2.98051053687232e-05 4.61988336246577e-05 5.75467702947208e-05 3.18479538145766e-05 1.38050693203695e-05 4.22167590659228e-05 0.000140880656254012 2.73516271590779e-05 1.08483329267983e-05 3.87256561225513e-05 5.24613665947982e-05 4.95955802125536e-05 2.6090129322256e-05 0.000317738618032308
-3.4e+38 -3.4e+38 -3.4e+38 -3.4e+38 -3.4e+38 -3.4e+38 -3.4e+38 2.48156944965536e-06 8.80642200939974e-07 8.25973888581188e-06 2.9503880723496e-05 1.21112359511244e-05 6.66240751229452e-06 3.85695119575757e-06 1.34371126159749e-05 1.7936381968866e-05 1.16580489418538e-06 1.45788938930025e-06 9.57664859470242e-06 2.23768493526677e-06 1.15691397581941e-05 6.84306235598342e-06 2.68180887132985e-06 1.0558975566255e-06 3.15960909119895e-06 3.92295407891652e-06 7.16001542969025e-06 0.000173197441126831 0.00024606172581116 5.67863484684494e-05 8.14401460957015e-06 1.68017841861001e-05 9.81615832279203e-05 4.50194477161858e-05 4.70661211511469e-05 2.21458407895625e-05 1.3598318168988e-05 1.77483835432213e-05 0.000208098859457095 5.40556668420322e-05 0.00021045306661108 0.00020669220461059
