Rasters_5km/Final_IBR_Set/VRM_Res5km.asc
NCOLS 161 
NROWS 96 
XLLCORNER 210004.651214014 
YLLCORNER 7345008.22228844 
CELLSIZE 5000 
NODATA_value -3.4e+38 
[rows 18 to 35 of 96, columns 84 to 125 of 161]
1.67039205166475e-06 1.49309550508292e-06 1.05489037480311e-06 9.82850511945799e-07 5.98545864136213e-06 6.31285948202276e-06 2.32268638001187e-06 1.73201976338078e-06 2.10857787052987e-06 2.78010797956085e-06 4.9646111506263e-06 7.48255724374758e-06 3.56831089266052e-05 1.84458382500452e-05 6.52328141768521e-06 4.48092477654427e-06 4.20770094706313e-06 1.10331872747338e-06 2.07117242723598e-06 8.70711909612964e-07 2.01060061385761e-06 2.43891338868707e-06 3.36892864595484e-06 2.68876435370657e-06 1.33977513314676e-06 2.27751619775063e-06 2.53291554940915e-06 7.82944905949989e-06 2.45006044792717e-06 2.27145815642871e-06 2.65714603642664e-06 3.66990786460519e-06 7.10257276637094e-06 6.43698064209275e-06 2.01120630299556e-05 8.96214022304775e-06 9.02860551377671e-06 0.000378609215185861 0.000955205598929751 0.000940448294240923 8.72127518778143e-05 1.73959954372549e-05
1.91305074224601e-06 1.1343006349307e-06 1.67040969131449e-06 1.44070505399441e-06 3.2229577010412e-06 7.50822261807116e-06 2.43115715420572e-06 1.83963352903049e-06 6.97858589319367e-06 3.13421001578718e-06 4.2721275644908e-06 4.80289369897946e-05 5.84049774806772e-05 7.89983862887311e-06 7.6341782551026e-06 1.24383169577413e-05 1.35264428718074e-05 1.74365638997642e-06 1.34789121943868e-06 1.42866652197426e-06 5.22559591402683e-07 1.65797154949132e-06 4.59813472502901e-06 6.61934507320439e-06 3.13724098759849e-06 1.14541161828186e-06 1.4666095546545e-06 3.39622257200745e-06 6.46002141365898e-06 5.75776659871963e-06 9.15610860602101e-06 3.71828519291739e-06 1.4162345735258e-06 1.44631085277069e-06 2.95455520642918e-06 1.57387302238021e-06 3.13053106469852e-05 4.77150637220802e-05 0.000102098791576282 0.00123052280369848 0.000656362376739708 0.000272565139712242
7.89581383173754e-06 1.55130643236134e-06 6.13571498604415e-07 6.31722487298703e-07 1.17702667125741e-06 6.65648270569363e-06 5.04667524182878e-06 2.30572998475509e-06 4.84052516412703e-06 1.01352431920532e-05 9.7292344798916e-06 4.34100678103277e-05 3.53803862162749e-05 1.12434412039875e-05 5.44866606833239e-05 5.66714782326017e-05 6.68277014483465e-06 3.09334909161407e-06 2.75401318390323e-06 1.26860694990683e-06 1.34818413727089e-06 2.0436647756128e-06 2.22553532239544e-06 3.17119854571501e-06 2.30007644290708e-06 7.31462294538687e-07 1.44986452824014e-06 1.0211010813066e-06 3.38119439220463e-06 1.59519095745964e-06 1.19382590810346e-06 6.40274786519512e-06 5.56476181373e-06 4.03086040705603e-06 1.14414642609972e-06 2.74052275472059e-06 9.58546202468824e-06 1.40805071850991e-06 3.84555276013998e-06 4.62031035203836e-05 0.000875713569948857 0.000704037041869014
6.0930634754186e-06 1.44716764339137e-06 9.11530511018555e-07 1.73807214821409e-06 9.35753362796277e-07 4.4942432168682e-06 3.82439724944561e-06 3.03804844179467e-06 2.81463873079701e-06 1.22348063177924e-05 1.32982513150637e-05 1.09324524419208e-05 2.85574208282924e-05 0.000127028066999628 3.71343614642683e-05 1.93191841754015e-05 4.85254380009792e-06 3.97710702372933e-06 3.37573748765863e-06 2.70287455578e-06 1.54320187405688e-06 1.65979802659422e-06 3.86236004942475e-06 4.00575506205314e-06 1.02046680687806e-06 5.84201807356521e-07 1.09619705270347e-06 2.04690091436532e-06 5.42012449386675e-06 1.58943136398193e-06 1.06373228163648e-06 1.22001516047021e-06 3.50070710510408e-06 3.70587580619031e-06 4.10319705451911e-06 6.35222420328319e-06 4.71258977086109e-06 4.55304184697525e-06 5.37902219548414e-06 2.34973841088504e-06 1.41821540955789e-05 0.00156607300465112
4.46885130600094e-06 4.39775761378769e-06 2.16617759633664e-06 1.5599002495037e-06 1.33288370307127e-06 4.41397877466443e-06 3.75602874100878e-06 1.14180940045117e-05 6.78560006690532e-06 8.949966641012e-06 8.50778740641545e-06 1.15238178568688e-05 9.38764019520022e-05 0.000178620611186489 2.27140892366151e-05 9.55331456225395e-06 3.91137601582159e-06 1.74622667054791e-05 4.88310683977033e-06 3.86440974125435e-06 2.82926273257544e-06 2.13673028156336e-06 4.18208523228714e-06 1.0163279093689e-06 9.31546718163645e-07 5.47846200959157e-06 1.59091599221028e-05 2.62984825212698e-06 3.9247003132914e-06 2.68345999529629e-06 1.51738350155028e-06 9.94341074829208e-07 1.22560247177717e-06 2.04692631541548e-06 3.30989824192329e-06 5.89827834573953e-06 1.78332433506512e-06 1.39416439765228e-06 3.21346803730194e-06 5.63024998655237e-06 2.0372553725565e-05 0.00104576269292011
1.55163362478561e-06 5.46587021858613e-06 3.02880556333207e-06 3.53334047076714e-06 1.74170288801179e-06 1.11778642462923e-05 6.35089608294948e-06 4.9734401409296e-06 1.07594800783772e-05 1.08969444045215e-05 8.09994518931489e-06 2.00848434178624e-05 1.60061419228441e-05 3.39134107343852e-05 9.16630696337961e-06 9.10102169655147e-06 6.49923275886977e-06 1.37430985523679e-05 1.10662420638619e-05 5.53092067548278e-06 3.9699032140561e-06 1.70175417565588e-06 7.2734187625656e-06 9.5318557661983e-07 4.16702606145236e-07 3.92951444325718e-06 6.83768559065356e-05 4.17414529238158e-06 2.94133184070233e-06 4.84122061379821e-06 1.9828937456623e-06 1.29194260352961e-06 2.71578968863651e-06 4.5903708064543e-06 6.94722230491607e-06 1.25098436865301e-05 5.8404418155078e-06 2.48624844971346e-06 2.32674234212027e-06 2.26650742092716e-06 0.000113310385704608 0.00110083578150807
1.02991289509191e-06 5.80492080302974e-06 9.25491589214289e-07 2.11745437809441e-06 9.37933009254266e-06 1.27355101426474e-05 4.14066998473572e-06 5.64495221624384e-06 9.87512615211017e-06 1.18437120545423e-05 1.181354230539e-05 1.90127154473885e-05 8.79922127751342e-06 1.59956831157615e-05 6.98470831594022e-06 7.68384494222118e-06 8.07342832558788e-06 8.10092853953392e-06 1.01387126778718e-05 4.31821853908332e-06 3.34193328853871e-06 2.99044314488128e-06 6.30370954468162e-06 1.4942156866482e-06 1.08506351239157e-06 3.52373523185179e-05 0.000450472120501217 7.86883831233354e-05 3.19815530929191e-06 2.82125776720932e-06 4.81976633636805e-06 1.52127497244692e-06 3.82184637828686e-06 6.1508501858043e-06 3.4445774199412e-05 2.91236251541704e-05 9.96231071212605e-06 1.35337196297769e-05 4.85862010464189e-06 7.09512444700522e-06 0.000999878291295318 0.000530012650415301
1.39683756628983e-06 6.67781862830452e-06 1.41212979315242e-06 2.28838430928135e-06 9.8964461989226e-06 1.06240054230966e-05 1.30932209231105e-05 1.37058015479852e-05 9.35544891945028e-06 7.34801009457442e-06 4.38081298398174e-06 5.0530563794382e-06 8.80704412338673e-06 8.72226840783696e-06 8.36471672300831e-06 1.0201669874732e-05 2.41175128030591e-05 1.09938561172385e-05 7.49830916902283e-06 6.74663459903968e-06 3.4879385361819e-06 2.61371038050129e-06 6.23031597115187e-06 2.53321898981085e-06 1.33245705001173e-05 4.30575045675141e-05 0.000262605666866875 1.98777867763056e-05 4.43122674369079e-06 3.46190897744236e-06 5.29619525423186e-06 3.67628035974121e-06 7.21097759196709e-06 6.5514977904968e-06 0.000329734548940905 1.26292359163926e-05 7.38377248126199e-06 1.01186472738846e-05 8.43905203510076e-06 2.25781166136585e-05 0.000882428416371113 0.00122525177313946
2.87350349253757e-06 6.05571882260847e-06 6.10982497164514e-06 2.04913304713727e-06 1.07024615090268e-06 1.01320321618914e-06 1.06186215680282e-05 3.04528673495952e-06 4.25891195391159e-06 5.93797411056585e-06 9.51293589423585e-06 9.80902417722973e-06 3.84464792477956e-05 9.06348073840491e-06 1.73556876507064e-05 4.82433208890143e-05 1.69210804233444e-05 1.38138719012204e-05 1.3949221738585e-05 9.7314270624338e-06 4.32452509357972e-06 2.25860276486856e-06 5.47115691460931e-06 7.89124013863329e-06 0.000738247971494275 0.00240807265916374 0.00312720731901209 0.00193214619109312 3.61579306218118e-05 5.61067144190019e-06 8.4592288476415e-06 8.54518188134534e-06 4.68414229999325e-06 3.5835538237734e-05 6.69916854167241e-05 1.5232354944601e-05 8.50863531923096e-06 9.78026140728616e-06 8.89718507096404e-06 0.000298106686550454 0.000748842764878646 0.00119025144085754
4.32073178671999e-06 9.74076904640242e-06 3.8861917801114e-06 1.75441818583977e-06 2.5827900992681e-06 7.63716518804358e-06 1.91555097444507e-06 4.86322919186932e-06 8.07449751846434e-06 4.6571699094784e-05 3.68622205132851e-05 1.25993300207483e-05 2.63449905287416e-05 1.2590615492627e-05 7.47369625605643e-05 6.43576569927973e-05 1.46480998955667e-05 1.38283613159729e-05 1.03803403817437e-05 7.58753183163208e-06 2.69467246198474e-06 1.7176369021854e-06 6.23751991952304e-06 0.000336524513450058 0.00302164203836583 0.00315719593316317 0.0018612830620259 0.00217053808970377 0.000500009728093573 0.000582345241891744 0.00071320836636005 0.000317770335786918 0.000121500530358389 0.000104947379768419 2.03695855634578e-05 5.67915718784207e-05 0.000183572449004714 0.00143890031609772 0.00162824740427823 0.00278476806211984 0.00131388087640516 0.000806417688145302
2.71306147078576e-05 5.03171469972585e-06 7.86828142508966e-06 5.25066025329579e-05 3.28216219361366e-05 1.36544647375558e-06 1.15100850393901e-06 2.6933694903164e-06 2.14907602639869e-05 6.24838165822439e-05 6.85067218000768e-05 2.34833817194158e-05 4.47698563948506e-05 3.27000517063425e-05 5.29945578455227e-05 2.94031620796886e-05 2.1140090211702e-05 1.71645211503346e-05 5.77834721070758e-06 2.90604394649563e-06 2.53870222650221e-06 4.43302231815323e-06 2.66811153142044e-05 0.00115088839398595 0.000889723419677466 0.00107151655302005 0.001601841757074 0.00055333863292617 0.000577883566729724 0.00116708667541388 0.00267597602680325 0.00302186284214258 0.0016217160182714 0.00116916152852355 0.000464787716555293 0.000693336414260557 0.00013835013640346 0.000151242389838444 2.3202359861898e-05 0.00016086410938442 0.00100615976494737 0.000522473057208117
1.11951449093795e-05 4.41623465803787e-06 8.95681308975327e-06 2.9319799100449e-05 8.11267558901818e-06 2.59855379795226e-06 9.45223235930825e-07 1.88820961625424e-06 7.94106360444857e-06 7.77514835135662e-06 1.68940215007751e-05 1.58402566194127e-05 3.02992724755313e-05 0.000101423163796426 0.000294489505904494 1.9304438465042e-05 1.88259821152315e-05 6.46233846964606e-06 5.35550895165215e-06 4.028401508549e-06 5.16985613103316e-06 6.32352742286457e-06 0.000217375972424634 0.000727561273233732 0.00204064538353123 0.00294960046652704 0.00167953745694831 0.00139690217067255 0.00126156883197837 0.00127105931693222 0.00222482951066922 0.000385216195354587 0.000519433954177657 0.000351337105385028 0.000410634033978567 0.000320352032431401 0.000158558629591425 1.4855041354167e-05 1.3744742354902e-05 2.36870646767784e-05 0.000281295200402383 0.00045231244097522
1.48901633019705e-05 5.29394909790426e-06 6.57560248328082e-06 0.000340323306327264 0.00103574626198679 0.000660268258225187 0.000170612883784997 2.84399398765345e-06 4.78161312457814e-06 7.01645703884424e-06 9.12031950065284e-06 1.11254695730167e-05 1.02919294477033e-05 0.000215472154359304 0.000130935303823207 2.81187364998914e-05 1.55719184294867e-05 2.30968980486068e-05 6.02677031110943e-06 5.04990351601009e-06 2.03584801238321e-05 0.000703941940428194 0.0011723350523971 0.00145329906896222 0.00134525290632155 0.000666695389663801 0.00176295719575137 0.00117529216920957 0.0015803024568595 0.00125140023999847 0.00121667588420678 0.000200662847491913 0.000985378975747153 7.25272051386128e-05 3.30914215737721e-05 5.18740510779026e-05 2.34616488887696e-05 3.47044393492979e-05 5.55400221492164e-05 4.80563973542303e-05 2.02318004448898e-05 2.07106688321801e-05
2.4221841022154e-05 6.17330242675962e-06 2.89280554625293e-06 6.49459806936647e-06 0.000337211006299185 0.000500661771093291 0.000364495265785081 2.68991842108335e-05 2.90400977701211e-05 6.16667472058907e-06 8.64946772708208e-06 5.70803080790938e-06 1.06771310493059e-05 0.000354524481153931 0.000121989565377589 2.20069325223449e-05 0.000235000551911071 7.55451141958474e-05 4.14348578124191e-05 0.000285845506532496 0.000912589689542074 0.00256501501426101 0.0027030370105058 0.000846724243529025 0.000604135515859525 0.000200240139965899 0.00204696165194036 0.000802966335322708 0.00127251040190458 0.00183058657567017 0.00019173985303496 0.000123415018351807 0.000278405519056832 0.000114683046076607 1.40896364564469e-05 1.13429780321894e-05 1.57545633373957e-05 2.58399288395594e-05 4.5616521165357e-05 2.87180867599091e-05 2.94737896365405e-05 3.22944507934153e-05
0.000230457174047842 0.000217168593198949 0.0010567938402346 0.00123774643163415 0.000109752391363145 4.98610723298043e-06 4.59346908428415e-06 6.42793161887312e-06 0.000405825853249553 4.0960741807794e-05 7.43007367418613e-06 1.03085486625787e-05 1.06214016523154e-05 5.09317362048023e-05 0.000204845979751553 0.000776918621704681 0.000643061022856273 0.00149403686431469 0.00298538309230935 0.00397719779983163 0.00192628560122103 0.00269067821092904 0.00130236159428023 0.00033967377828958 0.00114698138124368 0.000430723816680256 0.000997769902460277 0.000834014860447496 0.00115768923424184 0.00267100421595387 0.000267156356858322 5.16953849364654e-05 0.000156039086650708 2.25016287913604e-05 5.4469656352012e-05 4.2268301040167e-05 2.87801354170369e-05 1.51605213613948e-05 1.80583006113011e-05 3.12011550340685e-05 1.80009799805703e-05 2.59345925041998e-05
0.000560972022940405 0.000468883585708681 0.00124498129804124 2.19368582474999e-05 5.51236788851384e-06 6.61846366710961e-06 7.45009521779139e-06 2.84354659925157e-05 0.00246349980356172 0.00090582134316719 3.07826850166748e-05 6.15276315511437e-05 6.27338977210457e-05 0.000229472372084274 0.000620002381474478 0.00144023482687771 0.00186662235995755 0.00226085071568377 0.000958488683681935 0.0016851597186178 0.00271914855577052 0.002919808915467 0.00141481448037666 0.000868756181880599 0.00132275449461304 0.00053173463587882 0.000334829535859171 0.00125411327462643 0.00176891104551032 0.00349694455508143 0.000972005653602537 0.000105189104688179 1.43673539514566e-05 3.21472452378657e-05 4.9532402845216e-05 4.80599511502078e-05 6.7049907411274e-05 2.63545609777793e-05 1.32717564702034e-05 3.41653062787373e-05 2.37784679848119e-05 2.09446874941932e-05
0.000155619608704001 6.55834567442071e-05 2.82053630235168e-05 9.90857375654741e-06 5.02609925206343e-06 6.73773558446555e-06 1.08066209213575e-05 0.00100823904136632 0.00218589120660909 3.35006487239298e-05 1.22470912720019e-05 1.58869642473292e-05 0.000218092660979892 0.00154628511168994 0.00211553472094238 0.00169491725740954 0.00205422078259289 0.00140554957462882 0.000121618672565091 0.000234724631591234 0.00291055287234485 0.00301531526260078 0.000803881712490693 0.00217793334159069 0.000920180956600234 0.00039794976299163 0.000644352554227225 0.000880252689821646 0.000560600695025641 0.00129437710507773 0.00125308173155645 0.000379258780303644 3.41491926883464e-05 3.12745996416197e-05 3.04952812439296e-05 6.8481192793115e-05 2.93128467274073e-05 2.70062282288563e-05 2.03351836535148e-05 2.90016799408477e-05 2.50814075843664e-05 3.28991694550496e-05
5.01781718230632e-05 2.65060006131534e-05 1.39891829894623e-05 1.14931481766689e-05 6.15203661254782e-06 8.41359870719316e-06 1.76002133230213e-05 0.000978477967728395 0.00036918854319083 1.34425508440472e-05 3.65921401316882e-05 3.01314643002115e-05 2.21430276360479e-05 6.89453151971975e-05 0.0010024102817988 0.0012366263428703 0.00237881459062919 0.0015992296890181 6.15192981058499e-05 0.000428596777492203 0.00274751288816333 0.00188176039606333 0.00335380984004587 0.00248502687434666 0.00194813351146877 0.00151749789481983 0.000815667877905071 0.000899027363011555 3.44201024017821e-05 0.000333898027965915 0.000686185218801256 0.00168603166297544 0.000534219388500787 3.77132464564056e-05 2.6866082334891e-05 4.03080820979085e-05 1.99753618653631e-05 3.03393769718241e-05 2.46853069256758e-05 7.61047549895011e-05 2.97768762902706e-05 2.76270944232238e-05
