0.261652 0.738248 9.9991E-05
0.144068 0.855832 9.9991E-05
0.271247 0.717352 0.0114009
0.110248 0.889652 9.9991E-05
0.0627764 0.904988 0.0322359
0.0868966 0.856356 0.0567477
0.0659294 0.932108 0.00196251
0.0561091 0.943791 9.9991E-05
0.26719 0.642294 0.090516
0.289323 0.663347 0.0473304
0.115585 0.654635 0.22978
0.294308 0.606541 0.099151
0.110305 0.556666 0.333029
0.263245 0.635729 0.101026
0.2936 0.660418 0.0459827
0.0662209 0.915862 0.0179174
0.241658 0.758242 9.9991E-05
0.136893 0.863007 9.9991E-05
0.630699 0.13875 0.23055
0.738213 0.256376 0.0054103
0.748362 0.251538 9.9991E-05
0.930847 0.0270904 0.0420629
0.9998 9.999E-05 9.999E-05
0.887309 0.103169 0.00952231
0.741724 0.258176 9.9991E-05
0.985878 0.0140219 9.9991E-05
0.920904 9.9991E-05 0.0789957
0.898104 9.9991E-05 0.101796
0.96901 0.0308903 9.9991E-05
0.892011 9.9991E-05 0.107889
0.986681 9.9991E-05 0.0132191
0.895947 0.059601 0.044452
0.888365 0.0784232 0.0332115
0.24549 0.709539 0.0449716
0.363968 0.635932 9.9991E-05
0.135898 0.795599 0.0685029
0.0977643 0.883342 0.0188934
0.181859 0.684363 0.133779
0.59341 9.9991E-05 0.40649
0.868373 0.0565107 0.0751159
0.23966 0.637991 0.122348
0.18446 0.81544 9.9991E-05
0.343231 0.458267 0.198502
0.187438 0.43765 0.374912
0.0758502 0.6255 0.29865
0.588127 9.9991E-05 0.411773
0.326652 0.577041 0.0963068
0.153781 0.612988 0.233231
0.479114 0.399322 0.121564
0.0354713 0.106615 0.857914
0.0200262 0.055326 0.924648
9.9991E-05 0.10789 0.89201
9.9991E-05 0.152282 0.847618
0.0972915 9.9991E-05 0.902608
9.9991E-05 0.0729061 0.926994
9.9991E-05 0.23732 0.76258
0.0618212 0.0421293 0.89605
0.0867651 9.9991E-05 0.913135
0.00411225 0.135607 0.86028
9.9991E-05 0.27405 0.725851
0.0828582 9.9991E-05 0.917042
0.0652508 0.0906734 0.844076
0.0553386 0.397492 0.547169
0.876856 0.0872405 0.0359032
0.829106 0.161149 0.00974496
0.959342 0.0405584 9.9991E-05
0.0216555 0.171158 0.807187
9.9991E-05 0.269757 0.730143
0.0933091 0.0894594 0.817232
0.0385068 0.0871499 0.874343
0.0215349 0.0999167 0.878548
9.9991E-05 0.669876 0.330024
0.0708962 0.584029 0.345074
0.0477604 0.620985 0.331254
0.0627616 0.616671 0.320567
0.216861 0.490756 0.292383
0.0783433 0.572672 0.348985
0.142056 0.572471 0.285473
9.9991E-05 0.251711 0.748189
0.0931497 0.28181 0.62504
0.120075 0.00407529 0.87585
0.121748 9.9991E-05 0.878152
9.9991E-05 0.221773 0.778127
0.765281 0.174449 0.06027
0.0793333 0.469248 0.451419
9.9991E-05 0.590628 0.409272
0.581292 9.9991E-05 0.418608
0.260242 0.739658 9.9991E-05
0.234531 0.765369 9.9991E-05
0.24117 0.733524 0.0253058
0.375524 0.509818 0.114658
0.102267 0.868588 0.0291449
0.0334465 0.536512 0.430041
0.68735 0.225491 0.0871594
9.9991E-05 0.59985 0.40005
0.386044 0.478767 0.135189
0.266861 0.733039 9.9991E-05
0.101361 0.898539 9.9991E-05
0.168768 0.831132 9.9991E-05
0.0972156 0.777962 0.124823
0.0570922 0.909528 0.0333796
0.14405 0.85585 9.9991E-05
0.0529777 0.499675 0.447347
0.0917906 0.546936 0.361273
0.161528 0.404499 0.433973
0.271528 0.609471 0.119001
0.12434 0.660928 0.214732
0.459444 0.479111 0.0614449
0.0870754 0.0923923 0.820532
0.00601302 0.116737 0.87725
0.206262 0.399578 0.39416
0.142229 0.531013 0.326757
0.386431 0.304461 0.309109
0.862385 0.125195 0.01242
0.106655 0.072537 0.820808
0.00334722 0.204836 0.791817
9.9991E-05 0.33638 0.66352
0.585699 0.355722 0.0585798
0.388029 0.611871 9.9991E-05
0.0692628 0.905954 0.0247828
0.120433 0.823471 0.0560959
0.466241 0.533659 9.9991E-05
0.198247 0.790489 0.0112646
0.156534 0.843366 9.9991E-05
0.0200912 0.968663 0.0112461
0.371182 0.625064 0.00375342
0.157844 0.842056 9.9991E-05
0.269925 0.729975 9.9991E-05
0.20756 0.79234 9.9991E-05
0.328044 0.597577 0.0743787
0.0648141 0.86178 0.0734055
0.326345 0.603547 0.0701076
0.0902086 0.897473 0.0123185
0.932627 0.0546438 0.0127287
0.957593 0.0423072 9.9991E-05
0.9998 9.999E-05 9.999E-05
0.872161 0.051244 0.0765951
0.901255 0.0501142 0.048631
0.00506196 0.863458 0.13148
0.158035 0.841865 9.9991E-05
9.999E-05 9.999E-05 0.9998
0.106989 9.9991E-05 0.892911
0.0152957 0.0277775 0.956927
0.0774003 0.167264 0.755336
9.9991E-05 0.0368574 0.963043
0.129365 9.9991E-05 0.870535
9.9991E-05 0.00732561 0.992574
0.103554 9.9991E-05 0.896346
0.10667 9.9991E-05 0.89323
0.0902383 9.9991E-05 0.909662
0.0453546 0.0266011 0.928044
0.125836 9.9991E-05 0.874064
0.0625697 0.0715808 0.865849
0.0611079 9.9991E-05 0.938792
0.0299139 0.0237174 0.946369
9.9991E-05 0.0201793 0.979721
0.0746016 9.9991E-05 0.925298
0.05697 0.521711 0.421319
0.0282432 0.732208 0.239549
9.9991E-05 0.0748353 0.925065
9.9991E-05 0.255252 0.744648
0.0339466 9.9991E-05 0.965953
9.9991E-05 0.647926 0.351974
0.0332001 0.960102 0.0066977
0.346735 0.653165 9.9991E-05
0.466863 0.49281 0.0403262
0.702064 0.287536 0.0104
0.854484 0.119375 0.0261415
0.933306 0.0381805 0.0285137
0.85864 0.14126 9.9991E-05
0.844693 0.131301 0.0240058
0.78813 0.101068 0.110802
0.866255 0.0549719 0.0787732
0.183027 0.816873 9.9991E-05
0.110604 0.824714 0.0646814
9.9991E-05 0.942438 0.0574618
9.9991E-05 0.971454 0.0284462
9.999E-05 0.9998 9.999E-05
0.0333574 0.914428 0.0522148
0.215396 0.782193 0.00241066
0.209114 0.681227 0.109658
0.143043 0.829559 0.0273982
0.256916 0.692094 0.0509901
0.193323 0.785727 0.0209504
0.797689 0.050304 0.152007
0.0222639 0.0863287 0.891407
0.125657 9.9991E-05 0.874243
0.027079 0.0384167 0.934504
0.0023992 0.195292 0.802309
0.122884 9.9991E-05 0.877016
0.342082 0.563578 0.0943404
0.360663 0.607529 0.0318079
0.253484 0.746416 9.9991E-05
0.354065 0.644993 0.000941657
