0.818075 9.9991E-05 0.181825
0.84 9.9991E-05 0.1599
0.741108 0.0200666 0.238825
0.944258 0.0143702 0.0413722
0.942911 0.0287992 0.0282902
0.909903 0.0745454 0.0155521
0.842193 0.0489272 0.10888
0.993886 0.00584949 0.000264353
0.749027 0.0499631 0.20101
0.713647 0.0522994 0.234053
0.686328 0.238165 0.0755075
0.675615 0.0886867 0.235698
0.551865 0.316522 0.131613
0.6981 0.0849645 0.216935
0.699812 0.04892 0.251268
0.7888 0.0100006 0.201199
0.749994 9.9991E-05 0.249906
0.88708 9.9991E-05 0.11282
0.178315 0.179032 0.642652
0.211116 0.0184232 0.770461
0.246431 0.00993681 0.743632
0.0987004 0.000465089 0.900834
9.9991E-05 0.0234199 0.97648
0.0960372 9.9991E-05 0.903863
0.251236 9.9991E-05 0.748664
0.0243607 9.9991E-05 0.975539
9.9991E-05 0.0289675 0.970933
9.9991E-05 0.0485537 0.951346
0.020608 0.0257838 0.953608
0.0516886 0.0658011 0.88251
9.9991E-05 0.00725412 0.992646
0.0354869 0.0288586 0.935654
0.0107154 0.0291246 0.96016
0.736138 0.061061 0.202801
0.676181 0.00603775 0.317781
0.811264 0.0567398 0.131996
0.901549 0.0108332 0.087618
0.674021 0.113024 0.212955
9.9991E-05 0.386632 0.613268
9.9991E-05 0.0773809 0.922519
0.644396 0.106584 0.249019
0.808479 9.9991E-05 0.191421
0.473436 0.214738 0.311826
0.474518 0.356239 0.169242
0.679655 0.294055 0.02629
9.9991E-05 0.381861 0.618039
0.632535 0.0849579 0.282508
0.663229 0.220849 0.115921
0.369068 0.126456 0.504477
0.0872435 0.856592 0.0561644
0.090399 0.901548 0.0080528
0.149833 0.850067 9.9991E-05
0.0740532 0.836255 0.0896918
9.9991E-05 0.866541 0.133359
0.0142652 0.890361 0.0953739
0.179778 0.820122 9.9991E-05
0.0469176 0.914387 0.0386953
9.9991E-05 0.938603 0.0612971
0.030666 0.879206 0.0901283
0.244079 0.755821 9.9991E-05
9.9991E-05 0.874779 0.125121
0.133633 0.79659 0.0697768
0.34956 0.579471 0.0709698
0.0630062 0.0494972 0.887497
0.0965025 0.0126347 0.890863
0.131389 9.9991E-05 0.868511
0.144579 0.828815 0.0266059
0.251616 0.748284 9.9991E-05
0.0805994 0.843028 0.0763731
0.127046 0.829218 0.0437357
0.0378045 0.915886 0.0463092
0.644013 0.355887 9.9991E-05
0.636752 0.324178 0.0390697
0.627076 0.340977 0.031947
0.624049 0.332181 0.0437697
0.501937 0.294601 0.203462
0.594384 0.375463 0.0301521
0.586935 0.290905 0.12216
0.265947 0.733953 9.9991E-05
0.307404 0.609053 0.083543
0.0325784 0.867306 0.100115
9.9991E-05 0.839598 0.160302
0.189275 0.810625 9.9991E-05
0.224095 0.0389588 0.736946
0.336036 0.470334 0.19363
0.5661 0.4338 9.9991E-05
9.9991E-05 0.38842 0.61148
0.747894 9.9991E-05 0.252006
0.81507 9.9991E-05 0.18483
0.724652 0.0284078 0.24694
0.531844 0.179886 0.28827
0.853916 0.0357473 0.110337
0.511937 0.439899 0.0481639
0.31175 0.0766071 0.611643
0.539145 0.460755 9.9991E-05
0.43932 0.146659 0.414021
0.781893 9.9991E-05 0.218007
0.91364 0.0159519 0.0704081
0.816056 0.0406083 0.143335
0.930986 0.0689145 9.9991E-05
0.873881 0.0506196 0.0754991
0.871963 9.9991E-05 0.127937
0.451916 0.478284 0.0697996
0.502718 0.363745 0.133537
0.488166 0.435984 0.0758498
0.624157 0.138171 0.237672
0.543635 0.247639 0.208726
0.422571 0.042152 0.535277
0.127625 0.845155 0.0272194
0.0875239 0.855322 0.0571541
0.45806 0.371615 0.170324
0.494745 0.340916 0.164339
0.33835 0.322583 0.339068
0.233391 9.9991E-05 0.766509
0.0744388 0.793104 0.132458
0.103646 0.817472 0.078882
0.359349 0.640551 9.9991E-05
0.422719 0.0912329 0.486048
0.655416 0.00096363 0.34362
0.898401 0.0425761 0.0590228
0.887082 0.0608026 0.0521155
0.605078 9.9991E-05 0.394822
0.748943 9.9991E-05 0.250957
0.898613 9.9991E-05 0.101287
0.910597 0.0491855 0.0402178
0.587759 0.0120454 0.400196
0.827612 9.9991E-05 0.172288
0.755095 9.9991E-05 0.244805
0.877003 9.9991E-05 0.122897
0.575005 0.108888 0.316107
0.87504 0.0486632 0.0762972
0.678248 0.0583313 0.26342
0.904975 0.0055618 0.0894636
0.0495437 0.0250814 0.925375
0.0594553 9.9991E-05 0.940445
9.999E-05 9.999E-05 0.9998
0.0658087 0.0298304 0.904361
0.0876098 0.0537553 0.858635
0.871389 0.128511 9.9991E-05
0.78848 9.9991E-05 0.21142
9.999E-05 0.9998 9.999E-05
0.0539773 0.897477 0.0485455
0.0168654 0.934012 0.0491226
0.22958 0.77032 9.9991E-05
0.0583282 0.941572 9.9991E-05
9.9991E-05 0.882152 0.117748
0.0135113 0.986389 9.9991E-05
9.9991E-05 0.930742 0.0691585
0.0234165 0.943222 0.0333615
9.9991E-05 0.932135 0.0677652
0.0454718 0.919041 0.0354868
0.0669496 0.844353 0.0886976
0.12591 0.848658 0.0254325
9.9991E-05 0.878392 0.121508
0.0768302 0.905749 0.017421
0.0610859 0.938814 9.9991E-05
9.9991E-05 0.948396 0.0515036
0.619887 0.350598 0.0295151
0.741471 0.232126 0.0264033
0.0882492 0.911651 9.9991E-05
0.274594 0.725306 9.9991E-05
9.9991E-05 0.981033 0.0188673
0.663924 0.335976 9.9991E-05
0.9998 9.999E-05 9.999E-05
0.769473 9.9991E-05 0.230427
0.505534 0.0400405 0.454426
0.325521 0.0174611 0.657018
0.18019 0.0262075 0.793603
0.0887424 0.0478892 0.863368
0.235814 9.9991E-05 0.764086
0.180338 0.000970449 0.818691
0.0311055 0.125957 0.842938
9.9991E-05 0.0670794 0.932821
0.887071 9.9991E-05 0.112829
0.783552 0.0774219 0.139026
0.909703 0.0652104 0.0250861
0.980606 0.0192936 9.9991E-05
0.9998 9.999E-05 9.999E-05
0.909719 0.0901807 9.9991E-05
0.790573 0.0161185 0.193309
0.739797 0.0983652 0.161837
0.835066 0.0265126 0.138422
0.716562 0.0869231 0.196515
0.811115 0.0421144 0.146771
0.0319079 0.145652 0.82244
0.132585 0.867315 9.9991E-05
0.0565393 0.864914 0.0785466
0.0422751 0.957625 9.9991E-05
0.184514 0.815386 9.9991E-05
0.00549719 0.900845 0.0936574
0.54361 0.143865 0.312525
0.662718 0.00810576 0.329176
0.787296 9.9991E-05 0.212604
0.618866 0.0468298 0.334304
