0.138773 0.781321 0.0715816 0.00809243 0.000231927
0.136648 0.758268 0.079135 0.0258488 9.9991E-05
0.153542 0.592949 0.243269 0.0101403 9.9991E-05
0.223217 0.714689 0.0435828 0.00897614 0.0095357
9.9973E-05 0.927521 9.9973E-05 9.9973E-05 0.0721794
0.0669861 0.815539 9.9982E-05 9.9982E-05 0.117275
0.207902 0.681086 0.0885043 9.9991E-05 0.022408
0.120872 0.818888 9.9982E-05 0.0600395 9.9982E-05
9.999E-05 0.682694 0.202488 0.00407126 0.110647
0.284502 0.49792 0.169048 0.0484305 9.9991E-05
0.486879 0.284221 0.126923 0.0381746 0.0638025
0.231675 0.42677 0.274192 0.0302183 0.0371443
0.785972 0.0293879 0.0851695 0.0271408 0.0723295
0.304998 0.472352 0.20636 9.9991E-05 0.0161894
9.999E-05 0.677178 0.181282 0.0518137 0.0896263
0.193225 0.673839 0.128152 0.004684 9.9991E-05
0.12575 0.622433 0.251617 9.9982E-05 9.9982E-05
0.0113193 0.873297 0.0803133 0.0349704 9.9991E-05
0.247071 0.00660417 0.573388 0.0675536 0.105384
0.146441 0.108804 0.731741 9.9991E-05 0.0129135
0.0148493 0.261775 0.693969 0.0293063 9.9991E-05
0.113908 0.0293071 0.802941 9.9991E-05 0.0537441
0.0240204 9.9982E-05 0.893932 0.0818479 9.9982E-05
9.999E-05 0.102494 0.800013 0.0492929 0.0480999
0.148987 0.229803 0.621011 9.9982E-05 9.9982E-05
9.9982E-05 0.0625307 0.921183 0.0160864 9.9982E-05
0.00794338 9.9991E-05 0.883292 0.0345251 0.074139
9.9982E-05 9.9982E-05 0.881966 0.0381902 0.0796442
9.9982E-05 0.0832821 0.890567 9.9982E-05 0.0259504
9.9982E-05 0.028952 0.823462 9.9982E-05 0.147386
9.9982E-05 9.9982E-05 0.923406 0.00935916 0.0670349
0.0398078 0.0531167 0.805362 0.0507812 0.0509325
0.024728 0.0617383 0.823711 0.0796855 0.0101373
0.248499 0.438401 0.245155 0.0678459 9.9991E-05
9.9982E-05 0.703036 0.264796 9.9982E-05 0.0319672
0.0891963 0.732748 0.108254 0.00350345 0.0662986
0.271309 0.635118 0.0548869 0.0385856 9.9991E-05
0.232296 0.474034 0.198423 0.0128819 0.0823656
9.997E-05 9.997E-05 9.997E-05 0.9996 9.997E-05
0.217474 9.9982E-05 0.745348 0.0369781 9.9982E-05
9.9982E-05 0.735989 0.111451 9.9982E-05 0.152361
0.228922 0.626968 0.14391 9.9982E-05 9.9982E-05
0.302644 0.279428 0.27964 0.00218818 0.1361
0.664646 0.0797042 0.0997129 0.0582564 0.097681
0.948386 9.9973E-05 0.0513139 9.9973E-05 9.9973E-05
9.997E-05 9.997E-05 9.997E-05 0.9996 9.997E-05
0.253181 0.445544 0.210703 0.0652256 0.025346
0.483793 0.23372 0.205105 9.9991E-05 0.077282
0.121569 0.361462 0.336153 0.0354056 0.14541
0.162051 9.9991E-05 0.0318631 0.0233903 0.782595
0.189292 9.9991E-05 0.0152493 0.0198945 0.775464
9.9982E-05 0.112264 0.0392954 9.9982E-05 0.848241
0.241782 9.9991E-05 0.00960102 0.0311758 0.717341
9.9991E-05 0.038966 0.0485681 0.0600471 0.852319
9.9982E-05 0.051717 0.0893546 9.9982E-05 0.858728
9.9973E-05 0.20861 9.9973E-05 9.9973E-05 0.791091
0.14163 9.9991E-05 0.0706946 0.0126914 0.774884
9.9982E-05 9.9982E-05 0.119423 0.0394099 0.840967
0.0587886 0.108272 9.9991E-05 0.0562057 0.776634
0.161592 0.14105 9.9991E-05 0.0304895 0.666768
0.0780489 9.9982E-05 0.0744275 9.9982E-05 0.847324
0.132093 0.0723408 0.0900444 0.0157808 0.689741
0.607604 9.9982E-05 9.9982E-05 0.0646562 0.327539
0.0115125 0.130689 0.752909 0.0104859 0.0944038
9.9991E-05 0.169528 0.749845 0.0578111 0.0227157
9.9982E-05 0.192915 0.790759 0.0161263 9.9982E-05
0.172459 0.0669056 0.038615 0.012075 0.709946
0.385711 0.00209333 9.9991E-05 0.0750752 0.537021
0.0885493 0.0370764 0.0719017 0.0266159 0.775857
0.222724 9.9982E-05 9.9982E-05 0.0447716 0.732304
9.9982E-05 0.0912757 9.9982E-05 0.0728606 0.835664
0.571622 0.253256 9.9991E-05 0.0212192 0.153803
0.839452 0.0960521 9.9991E-05 0.00132239 0.0630731
0.837982 0.0602835 0.0118656 0.00422796 0.0856413
0.974565 9.9973E-05 9.9973E-05 0.0251351 9.9973E-05
0.818402 9.9991E-05 0.147919 0.0300192 0.00355956
0.961769 9.9973E-05 9.9973E-05 0.0379313 9.9973E-05
0.831779 0.0450346 0.0845614 0.0385246 9.9991E-05
0.366719 0.0294857 9.9982E-05 9.9982E-05 0.603596
0.409951 0.0540507 9.9991E-05 0.124191 0.411707
0.134109 9.9991E-05 0.0777589 0.0388374 0.749194
0.0759402 9.9991E-05 0.0709287 0.0694469 0.783584
0.0655939 0.175357 9.9991E-05 0.0371755 0.721774
0.155751 0.0700861 0.715114 0.0273828 0.0316662
0.576869 0.00837029 0.130092 9.9991E-05 0.284569
0.892 9.9973E-05 9.9973E-05 9.9973E-05 0.1077
9.997E-05 9.997E-05 9.997E-05 0.9996 9.997E-05
0.147552 0.671472 0.180776 9.9982E-05 9.9982E-05
0.0840307 0.736581 0.144991 0.0342968 9.9991E-05
0.228297 0.556849 0.168481 0.0462729 9.9991E-05
0.269072 0.341344 0.246383 0.0700578 0.0731428
9.9982E-05 0.808396 0.069531 9.9982E-05 0.121873
0.837604 9.9982E-05 0.0183177 9.9982E-05 0.143878
0.124313 0.176187 0.61088 0.041291 0.0473288
0.668969 0.0471163 9.9991E-05 0.0876435 0.196171
0.358035 0.272714 0.272087 0.027421 0.0697426
9.9982E-05 0.832219 0.157104 0.0104774 9.9982E-05
0.254384 0.679809 0.0643966 9.9991E-05 0.00131047
0.269992 0.576024 0.153784 9.9982E-05 9.9982E-05
0.235103 0.69523 9.9991E-05 0.00657731 0.0629895
0.415154 0.567953 0.00359066 0.0132028 9.9991E-05
0.373206 0.557519 0.0690749 9.9982E-05 9.9982E-05
0.618536 0.0902293 0.0154621 0.0344468 0.241326
0.615423 0.154519 0.0160142 0.0763816 0.137663
0.603152 0.0305179 0.0692382 0.0925736 0.204518
0.621462 0.111204 0.262279 0.00495492 9.9991E-05
0.463267 0.266979 0.162316 9.9991E-05 0.107338
0.00591737 0.473878 0.435587 0.000498066 0.0841193
9.9982E-05 0.201874 9.9982E-05 0.0230431 0.774883
0.0941401 0.0877655 9.9991E-05 0.0176427 0.800352
0.67468 0.0275355 0.140517 9.9991E-05 0.157167
0.510981 0.18387 0.125663 0.0298228 0.149664
0.537134 0.0720224 0.210215 0.0594816 0.121147
0.288311 9.9973E-05 0.711389 9.9973E-05 9.9973E-05
0.197462 9.9991E-05 0.0956911 0.0440441 0.662703
0.243589 0.0426027 0.0175602 9.9991E-05 0.696148
0.461637 0.0530879 9.9982E-05 9.9982E-05 0.485076
0.0239885 0.417457 0.437572 0.0579727 0.0630093
9.9991E-05 0.668396 0.239582 0.0023461 0.0895764
0.145764 0.742568 0.0459732 0.0384253 0.0272689
0.0328961 0.812791 0.0239889 9.9991E-05 0.130224
9.9982E-05 0.558305 0.42442 9.9982E-05 0.0170745
0.0686769 0.696662 0.184838 0.0288672 0.0209559
0.0498852 0.791134 0.11403 9.9991E-05 0.0448506
9.9982E-05 0.905845 9.9982E-05 0.00355616 0.090399
0.134712 0.487922 0.377166 9.9982E-05 9.9982E-05
0.204601 0.634701 0.156476 0.004123 9.9991E-05
0.149962 0.603473 0.220385 0.0260803 9.9991E-05
0.260501 0.650688 0.0787494 0.00996149 9.9991E-05
0.078983 0.493211 0.29906 9.9991E-05 0.128646
0.194188 0.697468 0.0562379 0.0255117 0.026595
0.386803 0.383936 0.223213 0.00594769 9.9991E-05
0.0658744 0.804127 0.0840954 0.00826485 0.0376381
0.185001 9.9973E-05 0.814699 9.9973E-05 9.9973E-05
0.0219086 0.0328075 0.945084 9.9982E-05 9.9982E-05
9.9982E-05 0.0473119 0.918502 0.0339863 9.9982E-05
0.119447 0.0347904 0.791795 9.9991E-05 0.0538675
0.0192527 0.10101 0.830625 0.0027436 0.0463682
0.31267 0.616934 9.9991E-05 0.0125071 0.0577887
0.197783 0.602966 0.175988 0.0231632 9.9991E-05
0.0335778 0.000299752 9.9982E-05 9.9982E-05 0.965922
0.0666709 0.0157402 0.0450008 0.0204378 0.85215
9.9991E-05 0.0492769 0.0475508 0.0345425 0.86853
0.260934 9.9982E-05 0.0670409 9.9982E-05 0.671825
0.0910304 0.0234933 9.9991E-05 0.0306455 0.854731
0.0535553 9.9991E-05 0.126045 0.00935555 0.810944
0.0427854 9.9991E-05 0.0214232 0.00207902 0.933612
0.104687 9.9982E-05 0.0591547 9.9982E-05 0.835958
0.0979839 9.9982E-05 0.0966508 9.9982E-05 0.805165
9.9973E-05 9.9973E-05 0.124413 9.9973E-05 0.875287
0.0780131 0.0378264 9.9991E-05 0.0279729 0.856088
9.9991E-05 0.100881 0.0614387 0.0467699 0.790811
0.0474366 0.0687794 0.0800475 9.9991E-05 0.803636
9.9991E-05 0.000988502 0.118348 0.00785096 0.872713
0.154743 0.0171212 9.9991E-05 0.0201087 0.807927
9.9982E-05 0.0656355 9.9982E-05 0.0294598 0.904705
9.9991E-05 0.022537 0.0613702 0.0231306 0.892862
0.820117 0.0595136 0.0188243 9.9991E-05 0.101445
0.909409 0.0741764 0.00392491 0.0123897 9.9991E-05
0.0476803 0.0640653 9.9982E-05 9.9982E-05 0.888054
0.0192702 0.222105 0.012332 0.0145272 0.731766
0.147321 9.9973E-05 9.9973E-05 9.9973E-05 0.852379
0.831331 0.0812403 9.9982E-05 9.9982E-05 0.0872284
0.0100718 0.921249 9.9991E-05 0.0145841 0.0539948
9.9991E-05 0.767739 0.192069 0.011497 0.0285954
0.231375 0.30414 0.459877 9.9991E-05 0.00450769
0.1526 0.223773 0.60574 9.9991E-05 0.0177867
0.19115 9.9982E-05 0.804004 0.004646 9.9982E-05
9.9982E-05 0.0588385 0.871654 9.9982E-05 0.0693076
0.0552747 0.170671 0.76421 0.00974465 9.9991E-05
0.0860416 0.0427257 0.827854 0.0432783 9.9991E-05
0.140952 9.9991E-05 0.739123 0.0371247 0.0827002
9.9991E-05 0.0319862 0.799784 0.0520029 0.116127
0.0400933 0.819892 0.0831222 9.9991E-05 0.056793
0.0407528 0.779816 0.052174 0.0434624 0.083795
0.0991857 0.798616 9.9991E-05 0.0528499 0.0492484
0.218645 0.758207 9.9991E-05 0.0212037 0.00184421
0.219911 0.764095 9.9982E-05 0.0157944 9.9982E-05
0.371453 0.604387 0.0236175 0.00044243 9.9991E-05
0.253527 0.53793 0.201724 0.0067193 9.9991E-05
0.271559 0.490479 0.187353 0.0119992 0.0386097
0.265396 0.605274 0.0727522 0.0526195 0.00395831
0.26209 0.49753 0.18766 0.0119914 0.0407289
0.109071 0.661517 0.163051 0.0256216 0.0407388
0.045482 0.0873458 0.67113 0.167658 0.0283839
0.139178 0.00519372 0.059466 0.0218822 0.77428
0.0554213 0.0174045 0.0830829 0.0365268 0.807564
0.102435 9.9982E-05 0.043261 9.9982E-05 0.854104
0.0952105 0.149724 0.0284943 9.9991E-05 0.726471
0.0254888 0.0410519 0.0537047 0.0397143 0.84004
0.0920685 0.463606 0.283016 0.0347892 0.12652
0.187365 0.510599 0.264893 0.0261372 0.0110057
9.9991E-05 0.756125 0.145079 0.063018 0.0356781
0.20725 0.479419 0.268304 0.0449276 9.9991E-05
