0.101066 0.764659 0.0239841 0.0806341 0.029657
0.138159 0.763667 0.0146789 0.0833952 9.9991E-05
0.180969 0.657481 0.0249969 0.136453 9.9991E-05
0.0255428 0.823277 9.9991E-05 0.142885 0.00819587
9.9973E-05 0.944044 9.9973E-05 9.9973E-05 0.0556559
9.9973E-05 0.914904 9.9973E-05 9.9973E-05 0.0847956
0.0641339 0.749944 9.9991E-05 0.166643 0.0191794
9.9982E-05 0.829843 0.032555 0.137402 9.9982E-05
0.239338 0.655343 0.00477978 9.9991E-05 0.100439
0.223794 0.505901 0.0309322 0.237939 0.00143306
0.0750433 0.372947 0.0636943 0.397256 0.0910595
0.256744 0.522578 0.00463397 0.19989 0.0161534
0.0943043 0.0322337 0.0471016 0.81111 0.0152503
0.22773 0.495807 9.9991E-05 0.229023 0.0473395
0.149049 0.725871 0.0397202 9.9991E-05 0.0852592
0.090059 0.696224 0.0176125 0.196004 9.9991E-05
0.274565 0.686539 9.9991E-05 0.00724501 0.0315504
0.102665 0.893421 0.00371378 9.9982E-05 9.9982E-05
0.546104 0.108153 0.0647409 0.172668 0.108333
0.70576 0.0971382 9.9982E-05 0.196902 9.9982E-05
0.685625 0.295682 0.0131629 9.9991E-05 0.00543031
0.829002 0.00376271 0.00757779 0.0996168 0.0600408
0.90403 9.9982E-05 0.0394198 0.0563504 9.9982E-05
0.806607 0.137082 0.0384493 9.9991E-05 0.0177623
0.617041 0.28201 9.9982E-05 0.100748 9.9982E-05
0.925727 0.0708374 0.00323516 9.9982E-05 9.9982E-05
0.909083 9.9982E-05 0.0396838 9.9982E-05 0.051033
0.910949 9.9991E-05 0.0165647 0.00780104 0.0645855
0.912388 0.0430385 9.9982E-05 9.9982E-05 0.0443734
0.825361 0.0681804 9.9982E-05 9.9982E-05 0.106259
0.926515 0.0124642 0.00786159 0.0167003 0.0364588
0.86597 0.0719583 0.0338394 9.9991E-05 0.0281325
0.859832 0.0581832 0.0504787 0.0282867 0.00321946
0.134809 0.557799 0.0725116 0.23478 9.9991E-05
0.246375 0.688055 9.9982E-05 9.9982E-05 0.0653699
0.10362 0.788913 9.9991E-05 0.015183 0.092184
0.0226108 0.755942 0.0625605 0.158787 9.9991E-05
0.143494 0.580162 0.0058878 0.19038 0.0800759
9.997E-05 9.997E-05 0.9996 9.997E-05 9.997E-05
0.816613 9.9991E-05 0.012654 0.126213 0.0444201
0.159611 0.693817 0.0174552 9.9991E-05 0.129017
0.139647 0.678641 9.9982E-05 0.181512 9.9982E-05
0.336183 0.252816 0.0103107 0.249107 0.151583
0.142382 0.109014 0.0554186 0.57374 0.119447
0.0196122 0.0290295 0.0230107 0.928248 9.9991E-05
9.997E-05 9.997E-05 0.9996 9.997E-05 9.997E-05
0.182625 0.474456 0.0856619 0.204169 0.053088
0.185723 0.317103 9.9991E-05 0.41022 0.0868547
0.333589 0.320926 0.0412926 0.217478 0.0867144
9.9991E-05 0.0351727 0.0282127 0.24324 0.693275
9.9991E-05 0.00706871 0.0215898 0.244065 0.727177
0.0255369 0.160717 0.00537857 9.9991E-05 0.808267
9.9991E-05 0.0511712 0.0559751 0.207374 0.68538
0.0820583 0.0675887 0.0546074 9.9991E-05 0.795646
0.0725501 0.0887163 9.9982E-05 9.9982E-05 0.838534
9.9982E-05 0.189045 9.9982E-05 0.118748 0.692007
0.0928297 9.9991E-05 0.015977 0.138992 0.752101
0.0788885 9.9991E-05 0.0364839 0.0265683 0.857959
9.9991E-05 0.113749 0.0528908 0.0932412 0.740019
9.9991E-05 0.11742 0.0222521 0.229888 0.63034
0.110082 9.9982E-05 9.9982E-05 0.105219 0.784499
0.0750011 0.0688623 9.9991E-05 0.161627 0.69441
0.0158397 0.00495417 0.0594704 0.563555 0.356181
0.852784 0.099614 9.9982E-05 9.9982E-05 0.0474018
0.833689 0.0694451 0.0436839 0.0395721 0.0136099
0.853573 0.128669 0.0175586 9.9982E-05 9.9982E-05
0.0141231 0.121853 0.00899913 0.177631 0.677393
9.9991E-05 0.0341806 0.0528869 0.495113 0.417719
0.0837101 0.0123007 0.0427887 0.169312 0.691888
9.9982E-05 9.9982E-05 0.0360867 0.303598 0.660116
9.9991E-05 0.0964878 0.0586053 0.0147971 0.83001
9.9991E-05 0.21012 0.0136571 0.685714 0.0904094
0.0257765 0.155483 0.0110327 0.757426 0.0502821
0.00789434 0.0550018 9.9991E-05 0.836457 0.100547
9.9973E-05 9.9973E-05 0.0227812 0.976919 9.9973E-05
0.12393 9.9982E-05 0.0292508 0.846619 9.9982E-05
9.9973E-05 9.9973E-05 0.0135733 0.986127 9.9973E-05
0.0861975 0.150462 0.0124213 0.707453 0.0434667
9.9982E-05 0.105633 9.9982E-05 0.268849 0.625318
0.0720699 0.00691624 0.128987 0.411366 0.380661
0.0406799 0.0215103 0.00778137 0.240776 0.689252
0.108843 9.9991E-05 0.0517686 0.124536 0.714753
9.9991E-05 0.202095 0.027122 0.0724281 0.698255
0.666882 0.0781573 0.0341916 0.216773 0.00399592
0.121373 9.9982E-05 9.9982E-05 0.658075 0.220352
9.9982E-05 0.0604939 9.9982E-05 0.865048 0.074258
9.997E-05 9.997E-05 0.9996 9.997E-05 9.997E-05
0.200721 0.669296 9.9982E-05 0.129783 9.9982E-05
0.15305 0.723199 0.034405 0.089246 9.9991E-05
0.177073 0.577421 0.0509561 0.187626 0.00692466
0.270769 0.343431 0.0306264 0.304771 0.0504028
0.123225 0.795783 9.9982E-05 9.9982E-05 0.0807915
9.9973E-05 9.9973E-05 9.9973E-05 0.8859 0.1138
0.554196 0.225865 0.0227402 0.166602 0.0305966
9.9991E-05 0.127355 0.0743409 0.675866 0.122338
0.252441 0.331229 0.0315521 0.324887 0.0598907
0.213114 0.759238 0.000846897 0.00386004 0.0229414
0.0847889 0.686375 0.00423711 0.224499 9.9991E-05
0.158689 0.54338 9.9982E-05 0.297731 9.9982E-05
0.0863337 0.58505 0.00309826 0.274441 0.051077
0.0538565 0.586533 0.0111907 0.34832 9.9991E-05
0.0857594 0.667674 9.9982E-05 0.246367 9.9982E-05
0.0052947 0.170677 0.0382378 0.534315 0.251475
0.087273 0.0564491 0.0720277 0.649316 0.134934
9.9991E-05 0.130591 0.0888404 0.596977 0.183492
0.238287 0.155332 9.9982E-05 0.606182 9.9982E-05
0.222915 0.208769 9.9991E-05 0.492827 0.0753894
0.42 0.50763 9.9982E-05 9.9982E-05 0.0721697
0.0407484 0.200075 0.0184345 9.9991E-05 0.740642
0.0362211 9.9982E-05 9.9982E-05 0.272896 0.690683
0.164258 0.0765485 0.0114705 0.57084 0.176883
0.167113 0.0920429 0.0287068 0.551378 0.160759
0.190118 0.10733 0.0352626 0.545057 0.122232
0.687056 9.9973E-05 9.9973E-05 0.312644 9.9973E-05
0.0283305 9.9991E-05 0.0420406 0.327202 0.602327
0.0226397 9.9982E-05 9.9982E-05 0.329262 0.647898
9.9982E-05 0.108573 9.9982E-05 0.45014 0.441087
0.468723 0.40543 0.0775567 9.9991E-05 0.0481896
0.25641 0.633505 0.00986855 9.9991E-05 0.100116
9.9991E-05 0.780353 0.0335416 0.147376 0.0386294
0.0944692 0.785727 9.9982E-05 9.9982E-05 0.119604
0.369951 0.619613 9.9982E-05 0.0102367 9.9982E-05
0.174183 0.737147 0.0211329 0.0649677 0.00256929
0.0895019 0.8871 9.9982E-05 9.9982E-05 0.0231982
9.9982E-05 0.92322 0.0117519 9.9982E-05 0.064828
0.353631 0.517086 9.9982E-05 0.129082 9.9982E-05
0.133009 0.660973 0.00286776 0.202449 0.000700876
0.176635 0.66326 0.00863388 0.151371 9.9991E-05
0.119783 0.687457 0.0152862 0.177374 9.9991E-05
0.295575 0.518529 0.0046151 0.113247 0.0680339
0.0646136 0.70464 0.0554552 0.112659 0.0626319
0.281002 0.368584 0.0217327 0.328581 9.9991E-05
0.0915508 0.798054 0.0103443 0.0668814 0.0331698
0.787029 9.9973E-05 9.9973E-05 0.212671 9.9973E-05
0.940119 0.0560002 9.9982E-05 0.00368127 9.9982E-05
0.905624 0.0681779 0.0259978 9.9982E-05 9.9982E-05
0.832424 0.0451337 0.0180791 0.030291 0.0740722
0.808266 0.0690356 0.0101793 0.0986084 0.0139108
9.9991E-05 0.726125 0.0123736 0.193456 0.0679446
0.150163 0.647568 0.0539005 0.148269 9.9991E-05
9.9973E-05 9.9973E-05 9.9973E-05 0.133518 0.866182
0.0483967 0.0588503 0.018465 0.0948847 0.779403
0.032082 0.0947524 0.0166619 0.00772846 0.848775
0.0140129 9.9991E-05 0.000831391 0.405517 0.579539
9.9991E-05 0.10639 0.0415401 0.0551898 0.79678
0.120433 9.9991E-05 0.00189473 0.082649 0.794923
9.9991E-05 0.0100121 0.0151858 0.134201 0.840501
0.08841 9.9982E-05 9.9982E-05 0.0817914 0.829599
0.0411843 9.9982E-05 9.9982E-05 0.186463 0.772153
0.0849208 9.9982E-05 9.9982E-05 0.111484 0.803395
9.9982E-05 9.9982E-05 0.0381829 0.200895 0.760722
0.0477978 0.0456211 0.031892 0.147819 0.72687
0.0471153 0.119858 0.0162739 0.0978075 0.718945
0.022357 0.0714384 0.0154077 0.0857982 0.804999
9.9991E-05 0.0412127 0.00368466 0.224503 0.7305
9.9982E-05 0.126487 0.0277122 9.9982E-05 0.845601
0.0584936 0.0488788 0.0119843 0.0115057 0.869138
0.0379448 0.0328747 0.000639594 0.841651 0.0868897
9.9973E-05 0.0814065 9.9973E-05 0.918294 9.9973E-05
9.9982E-05 0.0833169 9.9982E-05 0.113824 0.802659
0.0133758 0.283253 9.9982E-05 9.9982E-05 0.703171
0.0272004 9.9991E-05 0.00892814 0.174362 0.789409
9.9982E-05 0.187706 9.9982E-05 0.673714 0.13838
9.9982E-05 0.950095 0.0154301 9.9982E-05 0.0342746
0.251337 0.724304 0.0214253 9.9991E-05 0.00283436
0.415947 0.334016 9.9982E-05 0.249837 9.9982E-05
0.634257 0.29509 0.00167896 0.0688745 9.9991E-05
0.743569 9.9982E-05 0.0108652 0.245365 9.9982E-05
0.892571 0.0337605 0.00194976 0.00565611 0.0660629
0.718029 0.162631 0.0307892 0.0884511 9.9991E-05
0.768756 0.124652 0.0470507 0.0191902 0.0403503
0.741654 0.0334074 0.0291458 0.133428 0.0623649
0.793459 0.092379 0.0477055 9.9991E-05 0.0663569
0.107246 0.800692 0.000131018 0.0840177 0.00791283
0.0605512 0.768237 0.0621354 9.9991E-05 0.108976
9.9991E-05 0.804786 0.0323332 0.130453 0.0323287
9.9991E-05 0.791516 0.000336368 0.190652 0.0173956
9.9982E-05 0.861187 0.0358313 0.102782 9.9982E-05
9.9973E-05 0.644227 9.9973E-05 0.355473 9.9973E-05
0.217817 0.60493 0.0162798 0.160873 9.9991E-05
0.192493 0.536586 0.0199673 0.199547 0.0514065
0.0972561 0.613365 0.0467274 0.242551 9.9991E-05
0.232332 0.570906 0.00263108 0.171108 0.0230234
0.126575 0.662573 0.0376643 0.147296 0.0258917
0.622944 0.120386 0.168966 9.9991E-05 0.0876035
0.0273446 0.0247977 0.0188753 0.212699 0.716283
0.0777148 9.9991E-05 0.056748 0.102679 0.762758
9.9982E-05 9.9982E-05 0.00552994 0.160372 0.833898
9.9991E-05 0.152662 0.0323327 0.13691 0.677995
0.084331 0.0887429 0.0388241 0.0122306 0.775871
0.317956 0.378613 0.0244201 0.186397 0.0926143
0.274131 0.622877 0.0160026 0.0868523 0.000137024
0.169785 0.757361 0.0543141 0.0163037 0.00223659
0.303259 0.493892 0.0511201 0.151628 9.9991E-05
