0.124112 0.00352919 0.010207 0.118343 9.9991E-05 0.743708
0.0950897 0.0391099 9.9982E-05 9.9982E-05 0.298791 0.56681
0.208663 0.00676939 9.9982E-05 0.0612015 9.9982E-05 0.723167
0.0517912 0.00111232 0.00178307 0.190544 9.9991E-05 0.75467
9.9982E-05 0.00669143 0.0443987 9.9982E-05 0.0867743 0.861936
9.9982E-05 9.9982E-05 0.0243079 0.149264 0.121941 0.704287
0.00683084 9.9991E-05 0.00919724 0.0889652 0.379257 0.51565
9.9982E-05 0.0520002 9.9982E-05 0.08726 0.145332 0.715208
0.067819 0.0273549 0.0319208 9.9991E-05 0.711342 0.161463
0.135115 0.0141735 9.9991E-05 0.252398 0.246878 0.351336
0.0774765 0.0369668 0.0497747 0.278567 0.432505 0.12471
0.192748 0.0192075 9.9991E-05 0.150916 0.338037 0.298991
0.00423896 0.0451931 0.0611403 0.632983 0.256345 9.9991E-05
0.202168 9.9991E-05 0.0939928 0.00897835 0.570473 0.124288
0.149425 0.0318611 0.0570529 9.9991E-05 0.353775 0.407785
0.0538681 0.00139702 9.9991E-05 0.126657 0.560725 0.257252
0.119651 0.00185459 9.9991E-05 0.00776134 0.557985 0.312649
0.00452938 0.0121059 9.9982E-05 9.9982E-05 0.439479 0.543686
0.495926 0.0609429 0.141834 0.111345 0.187882 0.00207045
0.584014 9.9982E-05 0.0187004 0.0637986 0.333287 9.9982E-05
0.695392 0.0309921 9.9982E-05 9.9982E-05 0.0272172 0.246199
0.754238 0.0198206 0.0325619 0.058364 0.0135846 0.121431
0.877503 0.0536928 9.9973E-05 0.0685042 9.9973E-05 9.9973E-05
0.713975 0.0497858 9.9991E-05 0.0514714 0.124032 0.0606352
0.634447 9.9982E-05 9.9982E-05 0.0354261 0.144494 0.185433
0.837728 0.0234147 9.9973E-05 9.9973E-05 9.9973E-05 0.138557
0.821819 0.0300011 0.0937677 0.0111859 0.0431258 9.9991E-05
0.759216 0.0294889 0.0801464 9.9982E-05 0.130949 9.9982E-05
0.839577 9.9973E-05 0.0153546 9.9973E-05 9.9973E-05 0.144768
0.803879 9.9982E-05 0.0735557 0.000417568 9.9982E-05 0.121948
0.808637 9.9973E-05 0.0332095 9.9973E-05 0.157853 9.9973E-05
0.763651 0.0113091 0.0491306 9.9991E-05 0.118137 0.0576721
0.700157 0.0534242 9.9991E-05 0.0469659 0.199066 0.000287195
0.139407 0.0643666 9.9991E-05 0.24141 0.214098 0.340618
0.248636 9.9982E-05 0.00460104 9.9982E-05 0.279093 0.46747
0.153767 9.9982E-05 0.0839169 0.0062376 9.9982E-05 0.755879
0.0838628 0.0181326 9.9982E-05 0.161169 9.9982E-05 0.736635
0.0819859 0.00660963 0.0637244 0.104212 0.396205 0.347264
9.996E-05 0.9995 9.996E-05 9.996E-05 9.996E-05 9.996E-05
0.77742 0.00424854 9.9973E-05 0.218032 9.9973E-05 9.9973E-05
0.174992 0.000589112 0.113761 9.9982E-05 9.9982E-05 0.710457
0.0947848 9.9982E-05 9.9982E-05 0.0871151 0.3465 0.4714
0.211939 0.00109871 0.072725 0.318634 0.243923 0.151681
0.102016 0.0600983 0.0960473 0.579169 0.160302 0.00236728
0.0456588 0.0158003 9.9982E-05 0.908973 9.9982E-05 0.029368
9.996E-05 0.9995 9.996E-05 9.996E-05 9.996E-05 9.996E-05
0.139457 0.0660851 9.9991E-05 0.335253 0.194169 0.264936
0.109541 9.9991E-05 0.112744 0.356699 0.303391 0.117525
0.280888 0.0179928 0.0978579 0.0935033 0.351642 0.158116
0.0258888 0.0208494 0.70419 0.168956 0.0800158 9.9991E-05
9.9982E-05 0.0336243 0.773655 0.142731 0.0497901 9.9982E-05
9.9973E-05 9.9973E-05 0.77038 9.9973E-05 0.0915797 0.13774
9.9991E-05 0.0653732 0.668888 0.120977 0.13124 0.0134221
9.9973E-05 0.0350696 0.771237 9.9973E-05 0.193394 9.9973E-05
0.0309115 9.9973E-05 0.813276 9.9973E-05 0.155512 9.9973E-05
9.9964E-05 9.9964E-05 0.651451 9.9964E-05 0.348149 9.9964E-05
9.9973E-05 0.0112931 0.732224 9.9973E-05 0.256183 9.9973E-05
0.0726915 0.0180379 0.804873 0.104198 9.9982E-05 9.9982E-05
9.9991E-05 0.0445558 0.74252 0.0425965 0.128537 0.041691
9.9991E-05 0.0301128 0.598991 0.185977 0.0313351 0.153484
0.105805 9.9973E-05 0.716242 0.177654 9.9973E-05 9.9973E-05
0.0902107 0.00449187 0.695028 0.0473073 0.0472899 0.115672
0.00168789 0.0597832 0.298175 0.503963 0.136291 9.9991E-05
0.719179 0.0205983 9.9982E-05 0.0780336 0.181989 9.9982E-05
0.717217 0.0356555 0.0082491 0.045924 9.9991E-05 0.192855
0.829611 0.0255002 9.9982E-05 9.9982E-05 0.0741503 0.0705389
9.9991E-05 0.0207747 0.66095 0.0429173 0.231933 0.0433249
9.9991E-05 0.0656795 0.478115 0.382837 0.0145255 0.0587432
0.0538847 0.00970846 0.668966 0.130003 0.0305554 0.106882
0.00694268 0.0281234 0.683448 0.260444 0.0209415 9.9991E-05
0.0183523 0.0174368 0.765997 0.039168 9.9991E-05 0.158946
9.9991E-05 0.000737316 0.131209 0.571451 0.265565 0.0309374
9.9964E-05 9.9964E-05 9.9964E-05 0.73867 0.26093 9.9964E-05
9.9982E-05 0.00137895 0.0462607 0.774656 0.177505 9.9982E-05
9.9964E-05 0.0290665 9.9964E-05 0.970534 9.9964E-05 9.9964E-05
0.108754 0.0333811 9.9973E-05 0.857565 9.9973E-05 9.9973E-05
9.9973E-05 0.0119381 9.9973E-05 0.917351 0.0704111 9.9973E-05
0.0925521 0.012888 0.0256852 0.694155 9.9991E-05 0.17462
9.9973E-05 9.9973E-05 0.634173 0.113855 0.251672 9.9973E-05
9.9982E-05 0.110192 0.348741 0.441011 9.9982E-05 0.0998569
0.0521291 0.0312662 0.666759 0.213478 9.9991E-05 0.0362681
0.128442 0.0516112 0.692694 0.127053 9.9982E-05 9.9982E-05
9.9973E-05 0.0428056 0.648833 9.9973E-05 0.308061 9.9973E-05
0.574811 0.0431924 0.0124397 0.112385 0.257072 9.9991E-05
0.138549 9.9982E-05 0.29358 0.441197 0.126475 9.9982E-05
9.9982E-05 9.9982E-05 0.116809 0.829142 0.0154212 0.0384278
9.996E-05 0.9995 9.996E-05 9.996E-05 9.996E-05 9.996E-05
0.149574 9.9982E-05 9.9982E-05 0.237835 0.0552403 0.557151
0.159407 0.0305668 9.9991E-05 0.0861297 0.0706241 0.653172
0.104488 0.0267454 9.9991E-05 0.153257 0.545317 0.170093
0.175579 0.0463756 0.0606131 0.109287 0.608045 9.9991E-05
0.0655394 9.9991E-05 0.0615336 0.0673162 0.18945 0.616061
0.0279881 9.9973E-05 0.130964 0.840748 9.9973E-05 9.9973E-05
0.505286 0.0630908 0.0122877 0.143419 0.0854634 0.190453
9.9991E-05 0.0815186 0.144114 0.668683 0.0461427 0.0594418
0.304916 0.00660403 0.0194041 0.35337 0.104074 0.211632
0.171248 9.99731E-05 9.99731E-05 9.99731E-05 0.434165 0.394287
0.0614986 9.9982E-05 9.9982E-05 0.211048 0.105364 0.621889
0.167461 9.9982E-05 9.9982E-05 0.19561 0.288759 0.34797
9.9973E-05 9.9973E-05 9.9973E-05 0.234304 0.636556 0.12884
9.9964E-05 9.9964E-05 9.9964E-05 0.416168 9.9964E-05 0.583432
0.0299098 9.9982E-05 9.9982E-05 0.0422573 0.879241 0.0483924
0.00030221 0.0232049 0.185559 0.649342 9.9991E-05 0.141492
0.060405 0.0716858 0.149405 0.518084 0.0909956 0.109426
9.9991E-05 0.0974463 0.166841 0.656356 0.0216669 0.0575897
0.147329 0.00649351 9.9982E-05 0.558993 0.286985 9.9982E-05
0.12151 9.9991E-05 0.0758504 0.401482 0.394725 0.00633195
0.380456 9.9982E-05 0.0544418 9.9982E-05 0.310428 0.254474
9.9982E-05 0.0123839 0.730349 9.9982E-05 0.0644534 0.192614
0.0110473 0.0187221 0.707925 0.164164 0.0850819 0.01306
0.141114 9.9982E-05 0.110122 0.686857 9.9982E-05 0.061708
0.0852779 0.0213471 0.134687 0.436124 0.322464 9.9991E-05
0.229782 0.0412526 0.0463109 0.601443 9.9991E-05 0.0811118
0.677386 9.9964E-05 9.9964E-05 0.322214 9.9964E-05 9.9964E-05
0.0104165 0.0498384 0.576706 0.362839 9.9982E-05 9.9982E-05
0.0309551 9.9982E-05 0.622533 0.248829 0.0974826 9.9982E-05
9.9982E-05 9.9982E-05 0.418657 0.413514 0.0307249 0.136904
0.40936 0.0628746 0.0241716 0.0807354 9.9991E-05 0.422758
0.241374 9.9982E-05 0.0471934 9.9982E-05 0.0676176 0.643615
0.0294597 0.0130491 0.038939 0.0182172 0.211783 0.688552
0.102571 9.9982E-05 0.0903381 9.9982E-05 0.0580541 0.748837
0.304971 9.9982E-05 9.9982E-05 0.0398304 0.257914 0.397085
0.241328 9.9991E-05 0.00670191 0.0118067 0.144004 0.596059
0.110425 0.00910267 0.019064 0.00394051 9.9991E-05 0.857368
9.9982E-05 0.0270455 0.059409 9.9982E-05 0.180333 0.733013
0.330105 9.9991E-05 0.00305931 0.104979 0.157822 0.403936
0.027751 9.9973E-05 9.9973E-05 9.9973E-05 0.8275 0.144449
0.0645649 0.02143 9.9973E-05 9.9973E-05 0.913705 9.9973E-05
9.9982E-05 0.0124898 9.9982E-05 0.0489447 0.771103 0.167262
0.226782 0.00455877 0.121077 0.0326192 0.246504 0.368459
9.9991E-05 0.0333113 0.00538872 0.0176999 0.821407 0.122093
0.148158 0.00586825 9.9991E-05 0.288846 0.555956 0.0010719
0.0154107 9.9991E-05 0.0147948 0.0576437 0.245524 0.666527
0.813132 9.9973E-05 9.9973E-05 0.17771 0.00885842 9.9973E-05
0.826684 9.9973E-05 9.9973E-05 0.00766689 9.9973E-05 0.165349
0.799987 0.0272972 9.9973E-05 9.9973E-05 0.172416 9.9973E-05
0.728332 9.9982E-05 0.0311237 0.0777054 0.162639 9.9982E-05
0.776223 0.00585418 0.0326316 0.0589747 9.9991E-05 0.126216
9.9982E-05 9.9982E-05 0.0593851 0.191834 0.229529 0.519052
0.147243 0.0369606 9.9991E-05 0.147031 0.0597485 0.608916
9.9982E-05 0.00133763 0.860908 0.121195 9.9982E-05 0.0163593
9.9991E-05 0.0471245 0.763538 0.0631744 0.0532412 0.0728219
0.00251905 0.0230112 0.822051 9.9991E-05 0.0593213 0.0929974
0.0364524 9.9982E-05 0.557549 0.358487 9.9982E-05 0.0473118
9.9982E-05 0.0347581 0.824168 9.9982E-05 0.100681 0.0401927
0.182052 0.011007 0.771525 9.9991E-05 0.0318193 0.00349597
9.9982E-05 0.0193084 0.816121 0.084234 9.9982E-05 0.0801362
0.0869144 9.9982E-05 0.81565 0.0292752 9.9982E-05 0.0679607
0.0759179 9.9982E-05 0.790225 0.0711933 9.9982E-05 0.0624641
0.0984488 0.0145084 0.807497 9.9982E-05 9.9982E-05 0.0793457
9.9991E-05 0.0558384 0.747261 0.123011 0.0322508 0.0415393
0.0241099 0.0220885 0.711127 0.101676 0.0328785 0.108121
0.0177755 0.0360767 0.718845 9.9991E-05 0.113924 0.113278
0.0641252 0.0272604 0.826113 9.9982E-05 0.0823011 9.9982E-05
9.9982E-05 0.0153849 0.784698 0.0986952 9.9982E-05 0.101022
9.9973E-05 0.00156665 0.827371 9.9973E-05 9.9973E-05 0.170763
0.0904812 0.0197161 0.798361 0.040259 9.9991E-05 0.0510829
9.9982E-05 9.9982E-05 0.156719 0.649764 0.062154 0.131163
9.9973E-05 9.9973E-05 9.9973E-05 0.819916 0.0619108 0.117873
9.9973E-05 9.9973E-05 0.781866 0.105411 9.9973E-05 0.112423
9.9982E-05 0.0154 0.654821 0.0124798 9.9982E-05 0.3171
0.0344671 0.00360733 0.752473 0.209253 9.9982E-05 9.9982E-05
9.9982E-05 9.9982E-05 0.107004 0.69179 0.169174 0.0318321
9.9973E-05 0.0175394 9.9973E-05 0.062397 9.9973E-05 0.919764
0.162529 0.0154284 9.9982E-05 9.9982E-05 0.331485 0.490357
0.453471 9.9982E-05 9.9982E-05 0.218656 0.00678906 0.320884
0.580706 9.9982E-05 0.0196057 9.9982E-05 0.327404 0.0720841
0.672581 0.0063502 9.9991E-05 0.164167 0.117771 0.0390312
0.785821 9.9982E-05 9.9982E-05 0.0792093 0.109388 0.0253812
0.635934 0.0193511 9.9991E-05 0.0495399 0.183828 0.111247
0.626213 0.0102926 0.030202 0.0317032 0.301489 9.9991E-05
0.646027 0.0286247 0.0437606 0.075827 0.205661 9.9991E-05
0.737669 0.0280251 0.0772756 9.9991E-05 0.0632236 0.0937066
0.117427 0.00821402 0.0212725 0.0861605 9.9991E-05 0.766826
0.0452767 0.0469563 0.0602463 0.0840066 9.9991E-05 0.763414
9.9991E-05 0.0568096 0.0498775 0.168118 0.00386949 0.721225
9.9973E-05 0.0115176 9.9973E-05 0.223726 9.9973E-05 0.764456
9.9982E-05 0.0153266 9.9982E-05 0.227433 0.00448219 0.752558
9.9973E-05 9.9973E-05 9.9973E-05 0.398224 0.095121 0.506355
0.164766 0.00472962 9.9991E-05 0.13695 0.468143 0.225312
0.0768268 0.00529923 0.0331124 0.0528025 0.831859 9.9991E-05
9.9964E-05 0.0285012 9.9964E-05 9.9964E-05 0.971099 9.9964E-05
0.0714562 9.9991E-05 0.0452882 0.0549007 0.732809 0.0954461
0.0535357 0.0332874 0.0224161 0.0210386 0.715096 0.154626
0.601005 0.159894 0.0546301 9.9982E-05 0.184271 9.9982E-05
9.9991E-05 0.0407077 0.673512 0.122081 0.163346 0.000253914
0.0710562 0.0654139 0.752085 0.111245 9.9982E-05 9.9982E-05
9.9982E-05 0.0116809 0.773869 0.0983915 0.115858 9.9982E-05
0.01216 0.0214118 0.690586 0.111433 0.0363333 0.128075
0.0489732 0.016686 0.742227 9.9982E-05 9.9982E-05 0.191914
0.225084 0.0201075 0.091357 0.16373 0.342587 0.157135
0.258633 0.030662 9.99991E-05 0.0232981 0.390395 0.296911
0.00878299 0.059374 9.9982E-05 9.9982E-05 0.90778 0.0238635
0.260839 0.0293689 9.9991E-05 0.127238 0.354779 0.227675
