0.85444 0.144081 0.00147863
0.852816 0.147084 9.9991E-05
0.789045 0.210855 9.9991E-05
0.975453 9.9991E-05 0.0244468
0.959313 0.0225932 0.0180935
0.906403 0.038337 0.0552601
0.9061 0.0835247 0.0103753
0.9998 9.999E-05 9.999E-05
0.696867 0.234685 0.0684478
0.703272 0.262042 0.0346863
0.559952 0.222955 0.217093
0.621797 0.2859 0.0923028
0.60983 0.0423284 0.347842
0.636513 0.254116 0.10937
0.703675 0.233767 0.0625579
0.869697 0.126664 0.00363874
0.735447 0.264453 9.9991E-05
0.894056 0.105844 9.9991E-05
0.207692 0.620561 0.171747
0.209716 0.741906 0.0483778
0.262147 0.737753 9.9991E-05
0.019849 0.915814 0.0643373
9.9991E-05 0.97054 0.0293601
0.120077 0.840042 0.0398807
0.271007 0.728893 9.9991E-05
0.0243608 0.975539 9.9991E-05
9.9991E-05 0.950816 0.0490845
9.9991E-05 0.940243 0.0596567
9.999E-05 0.9998 9.999E-05
9.9991E-05 0.890981 0.108919
9.9991E-05 0.959452 0.0404483
0.00335468 0.931554 0.0650913
0.0621119 0.91636 0.0215278
0.740797 0.259103 9.9991E-05
0.652369 0.315689 0.0319413
0.811146 0.114318 0.0745361
0.954277 0.0106074 0.035116
0.68849 0.163062 0.148448
9.9991E-05 0.598336 0.401564
0.0667958 0.846719 0.0864851
0.747031 0.161197 0.0917716
0.75585 0.24405 9.9991E-05
0.456975 0.340836 0.202189
0.526439 0.141673 0.331888
0.633574 0.0646559 0.30177
9.9991E-05 0.586854 0.413046
0.641913 0.251636 0.106451
0.653234 0.144384 0.202382
0.483548 0.383768 0.132684
0.0590406 0.0596588 0.881301
0.0798295 0.00906679 0.911104
0.149638 0.00854717 0.841815
0.114754 0.0349679 0.850278
9.9991E-05 0.091386 0.908514
0.0199224 0.0703737 0.909704
0.218896 9.9991E-05 0.781004
0.067084 0.0542862 0.87863
9.9991E-05 0.0823707 0.917529
0.0598879 0.0289444 0.911168
0.262757 9.9991E-05 0.737143
9.9991E-05 0.0764544 0.923446
0.105414 0.124121 0.770465
0.352315 0.0658607 0.581825
0.105073 0.86732 0.0276064
0.139153 0.834942 0.0259043
0.0570467 0.942853 9.9991E-05
0.188882 0.0253006 0.785818
0.219691 0.0436988 0.73661
0.079926 0.0839113 0.836163
0.0966317 0.0492845 0.854084
0.0558442 0.0436583 0.900497
0.640615 9.9991E-05 0.359285
0.679528 0.0550549 0.265417
0.653369 9.9991E-05 0.346531
0.654721 9.9991E-05 0.345179
0.582394 0.143382 0.274224
0.556614 0.0941005 0.349286
0.674935 0.0833226 0.241742
0.2046 9.9991E-05 0.7953
0.268076 0.111467 0.620458
0.0621988 0.0606594 0.877142
9.9991E-05 0.137847 0.862053
0.183379 9.9991E-05 0.816521
0.108507 0.791703 0.0997899
0.373422 0.181037 0.445541
0.588591 9.9991E-05 0.411309
0.0275012 0.579472 0.393027
0.810243 0.189657 9.9991E-05
0.785758 0.214142 9.9991E-05
0.739956 0.217969 0.0420746
0.577772 0.271835 0.150393
0.874735 0.120537 0.00472817
0.538879 0.0208007 0.44032
0.322799 0.598103 0.0790981
0.546325 0.0161967 0.437478
0.48562 0.338518 0.175862
0.762752 0.237148 9.9991E-05
0.935248 0.0550846 0.00966706
0.817969 0.181226 0.000804722
0.859424 0.00565964 0.134917
0.928124 0.0577954 0.0140809
0.956878 0.0430224 9.9991E-05
0.472693 0.0792691 0.448038
0.445394 0.170689 0.383917
0.512706 0.0281145 0.45918
0.563739 0.317841 0.118421
0.557464 0.176244 0.266291
0.464798 0.505317 0.029885
0.125451 0.0631655 0.811383
0.108996 0.0766045 0.814399
0.428131 0.2101 0.361769
0.530867 0.124277 0.344856
0.314477 0.34833 0.337193
0.151915 0.809118 0.038967
0.0252175 0.151934 0.822849
0.131887 0.0285949 0.839518
0.307511 9.9991E-05 0.692389
0.391325 0.530485 0.0781903
0.701895 0.268535 0.0295694
0.862483 0.0834188 0.0540983
0.798805 0.132818 0.0683765
0.629939 0.369961 9.9991E-05
0.77641 0.22349 9.9991E-05
0.76613 0.200167 0.0337031
0.915718 0.0401285 0.0441531
0.612353 0.380661 0.00698626
0.852588 0.147312 9.9991E-05
0.759747 0.240153 9.9991E-05
0.860242 0.139658 9.9991E-05
0.601885 0.308028 0.0900874
0.854226 0.0873022 0.0584717
0.617704 0.344242 0.0380536
0.893598 0.106302 9.9991E-05
0.0412606 0.958639 9.9991E-05
0.0840973 0.915803 9.9991E-05
0.0108239 0.989076 9.9991E-05
0.10642 0.808652 0.0849281
0.082703 0.867766 0.0495311
0.89819 9.9991E-05 0.10171
0.758165 0.241735 9.9991E-05
9.999E-05 9.999E-05 0.9998
0.0288795 0.0855667 0.885554
0.0746494 9.9991E-05 0.925251
0.207208 0.0287556 0.764036
0.0549557 9.9991E-05 0.944944
9.9991E-05 0.161195 0.838705
0.0184288 9.9991E-05 0.981471
9.9991E-05 0.096524 0.903376
0.00820525 0.0642224 0.927572
9.9991E-05 0.0758226 0.924077
0.0710511 9.9991E-05 0.928849
0.122873 0.030351 0.846776
0.088485 0.0740782 0.837437
9.9991E-05 0.114207 0.885693
0.0528563 9.9991E-05 0.947044
0.0349897 9.9991E-05 0.96491
9.9991E-05 0.078328 0.921572
0.580407 0.0592944 0.360299
0.759329 9.9991E-05 0.240571
0.0488927 9.9991E-05 0.951007
0.255527 9.9991E-05 0.744373
9.9991E-05 0.0548889 0.945011
0.627311 9.9991E-05 0.372589
0.984065 0.0158349 9.9991E-05
0.705284 0.294616 9.9991E-05
0.496037 0.455751 0.0482115
0.40039 0.59951 9.9991E-05
0.194247 0.802995 0.00275887
9.9991E-05 0.941369 0.0585308
0.217631 0.782269 9.9991E-05
0.171532 0.812777 0.0156904
0.039378 0.8529 0.107722
0.0276581 0.89711 0.0752322
0.804042 0.195858 9.9991E-05
0.803233 0.117439 0.0793279
0.947376 9.9991E-05 0.0525244
0.957767 9.9991E-05 0.0421335
0.9998 9.999E-05 9.999E-05
0.898515 0.0292107 0.0722744
0.737329 0.25138 0.0112913
0.713807 0.20504 0.081153
0.870427 0.0974808 0.0320919
0.702456 0.242055 0.055489
0.810894 0.133919 0.0551864
0.0874256 0.812452 0.100123
0.087103 0.0353719 0.877525
9.9991E-05 0.101427 0.898473
0.0595109 9.9991E-05 0.940389
0.193921 0.0496293 0.75645
0.0323761 0.116961 0.850663
0.473919 0.370831 0.15525
0.671906 0.317509 0.0105847
0.706933 0.285042 0.00802472
0.630091 0.326256 0.0436537
