0.873835 0.111009 0.0151561
0.862142 0.137758 9.9991E-05
0.781717 0.215842 0.00244009
0.979192 0.0176022 0.00320597
0.952139 9.9991E-05 0.0477612
0.973778 9.9991E-05 0.0261221
0.933821 0.00544693 0.0607317
0.92467 0.0752302 9.9991E-05
0.656073 0.249689 0.0942375
0.718594 0.228177 0.0532291
0.695362 0.08057 0.224068
0.712018 0.20108 0.0869021
0.624118 0.0404184 0.335464
0.628083 0.233926 0.137991
0.66872 0.261848 0.0694322
0.793497 0.206403 9.9991E-05
0.72058 0.274188 0.00523267
0.905062 0.0948378 9.9991E-05
0.195733 0.611302 0.192965
0.251656 0.748244 9.9991E-05
0.180266 0.816702 0.00303226
0.07647 0.872865 0.0506648
9.9991E-05 0.998314 0.00158612
0.030916 0.924446 0.044638
0.258327 0.741573 9.9991E-05
0.0289958 0.970904 9.9991E-05
9.9991E-05 0.917217 0.0826828
9.9991E-05 0.931084 0.0688159
9.999E-05 0.9998 9.999E-05
0.0394536 0.90479 0.0557563
9.9991E-05 0.998535 0.00136503
0.0114221 0.92693 0.0616481
0.00694997 0.979097 0.0139531
0.739662 0.210843 0.0494942
0.778178 0.206603 0.0152191
0.808149 0.118938 0.0729127
0.872819 0.089082 0.0380986
0.635327 0.208575 0.156098
9.9991E-05 0.658674 0.341226
0.0484682 0.884784 0.0667482
0.732557 0.174015 0.0934274
0.852537 0.147363 9.9991E-05
0.460357 0.349716 0.189927
0.458648 0.16135 0.380003
0.657188 0.0466279 0.296185
9.9991E-05 0.588989 0.410911
0.544748 0.325433 0.129819
0.655661 0.144993 0.199346
0.466473 0.402549 0.130978
0.0835163 0.0695515 0.846932
0.0280578 0.0434055 0.928537
0.118511 9.99976E-05 0.881389
0.138434 0.0232242 0.838342
9.9991E-05 0.0992706 0.900629
0.0175414 0.0827426 0.899716
0.239709 9.9991E-05 0.760191
0.0270154 0.0376457 0.935339
9.9991E-05 0.0157493 0.984151
0.0756525 9.9991E-05 0.924247
0.265895 9.9991E-05 0.734005
9.9991E-05 0.0894484 0.910452
0.114227 0.0911197 0.794653
0.362457 0.0537391 0.583804
0.113682 0.87228 0.0140377
0.139531 0.82494 0.0355286
0.0544215 0.945478 9.9991E-05
0.121073 0.0623138 0.816614
0.222905 0.0707327 0.706363
0.134234 0.0214082 0.844358
0.0264553 0.0938701 0.879675
0.0335832 0.0477749 0.918642
0.659026 9.9991E-05 0.340874
0.590897 0.0709797 0.338123
0.634383 0.023785 0.341832
0.595285 0.0840179 0.320697
0.513715 0.222381 0.263905
0.594656 0.0440221 0.361322
0.51758 0.200753 0.281667
0.224112 9.9991E-05 0.775788
0.293083 0.0954689 0.611448
0.0519896 0.0815374 0.866473
9.9991E-05 0.125016 0.874884
0.209004 9.9991E-05 0.790896
0.219585 0.747264 0.0331504
0.327233 0.205951 0.466816
0.556897 0.0213674 0.421736
9.9991E-05 0.588361 0.411539
0.817101 0.182799 9.9991E-05
0.840659 0.159241 9.9991E-05
0.708933 0.248702 0.042365
0.60097 0.274939 0.124091
0.888102 0.0745577 0.03734
0.530138 0.00501707 0.464845
0.274015 0.634348 0.0916361
0.546612 9.9991E-05 0.453288
0.475087 0.366372 0.158541
0.7554 0.2445 9.9991E-05
0.927928 0.0719723 9.9991E-05
0.831583 0.167437 0.00098012
0.852345 0.0487758 0.0988795
0.927188 0.0543559 0.0184565
0.940939 0.0589614 9.9991E-05
0.460729 0.0872806 0.45199
0.477997 0.176465 0.345538
0.473192 0.0771182 0.44969
0.577569 0.334712 0.0877187
0.563812 0.190533 0.245655
0.430566 0.534878 0.0345558
0.118341 0.0407071 0.840952
0.0735519 0.0740489 0.852399
0.428888 0.175762 0.39535
0.466613 0.182751 0.350637
0.256869 0.390675 0.352455
0.0938992 0.906001 9.9991E-05
9.9991E-05 0.1692 0.8307
0.157632 0.0195508 0.822817
0.334379 9.9991E-05 0.665521
0.385731 0.506295 0.107974
0.725666 0.274234 9.9991E-05
0.858495 0.0691973 0.0723074
0.774381 0.12678 0.0988396
0.591997 0.407903 9.9991E-05
0.791768 0.186278 0.021954
0.890452 0.108031 0.00151701
0.837377 0.103247 0.059376
0.597242 0.3751 0.0276583
0.838945 0.160955 9.9991E-05
0.714114 0.285786 9.9991E-05
0.820057 0.179843 9.9991E-05
0.570718 0.323398 0.105885
0.836567 0.0952281 0.0682051
0.610264 0.312462 0.0772742
0.956158 0.0305752 0.0132668
9.9991E-05 0.971468 0.0284321
0.0970778 0.902822 9.9991E-05
9.999E-05 0.9998 9.999E-05
0.087181 0.858639 0.0541798
0.0681087 0.868688 0.0632031
0.836896 0.0264427 0.136662
0.800128 0.199772 9.9991E-05
9.999E-05 9.999E-05 0.9998
0.039994 0.0600304 0.899976
0.0149836 0.0111673 0.973849
0.182925 0.0604326 0.756642
0.065738 9.9991E-05 0.934162
9.9991E-05 0.137784 0.862116
0.0134413 9.9991E-05 0.986459
9.9991E-05 0.0693999 0.9305
0.0312066 0.0446517 0.924142
9.9991E-05 0.0632318 0.936668
0.0797456 9.9991E-05 0.920154
0.00629151 0.146999 0.846709
0.0943055 0.0618662 0.843828
9.9991E-05 0.0544262 0.945474
9.9991E-05 0.0437833 0.956117
0.0285805 9.9991E-05 0.97132
9.9991E-05 0.0585785 0.941322
0.558699 0.0663504 0.374951
0.735428 0.0595947 0.204977
0.0875839 9.9991E-05 0.912316
0.235867 0.00600018 0.758133
9.9991E-05 0.00316988 0.99673
0.653907 9.9991E-05 0.345993
0.9998 9.999E-05 9.999E-05
0.749929 0.249971 9.9991E-05
0.476313 0.458369 0.0653183
0.322497 0.6706 0.00690319
0.138367 0.848788 0.0128457
0.0625163 0.898006 0.0394775
0.223558 0.776342 9.9991E-05
0.182675 0.807883 0.00944215
0.0378033 0.844952 0.117245
0.0720731 0.860716 0.0672109
0.901092 0.0814558 0.0174519
0.869093 0.0798908 0.0510162
0.922944 9.9991E-05 0.0769563
0.957636 9.9991E-05 0.0422642
0.961414 0.026561 0.0120249
0.884118 0.0141594 0.101722
0.775804 0.224096 9.9991E-05
0.756711 0.188646 0.0546439
0.825238 0.159216 0.0155453
0.707573 0.227964 0.0644638
0.832527 0.148454 0.0190197
0.0885693 0.791965 0.119466
0.133324 9.9991E-05 0.866576
9.9991E-05 0.126046 0.873854
0.0195703 0.014164 0.966266
0.204627 0.0068958 0.788478
0.0135146 0.102167 0.884318
0.538123 0.304889 0.156987
0.666484 0.325583 0.00793296
0.791756 0.208144 9.9991E-05
0.576196 0.379867 0.0439375
